epoch,N1,N2,N3,R,W
0,0.0008284866477876388,0.0014063597847696438,0.000194123103331212,0.0006322366720612908,0.9969387937920502
1,0.0006957952131882259,0.0016878212938407258,0.0001681849951256305,0.0008609741583640144,0.9965872243394814
2,0.003503330872787555,0.003156114363728791,7.473969148094208e-05,0.0008172992263803484,0.9924485158456223
3,0.00025895476657392336,0.00081499323743949,0.00010557215019825619,0.00026149719618979485,0.9985589826495985
4,0.000760394508746587,0.0020009681963372283,0.0001087056964388849,0.0005221735674423879,0.996607758031035
5,0.0012797126147878943,0.0012853696908327861,4.801344658267735e-05,0.0004186247932440144,0.9969682794545526
6,0.011733499691690186,0.004558298194509517,5.7870924764713346e-05,0.0006095398440464936,0.983040791344989
7,0.0046386586409070535,0.005708226499255016,9.22193094987409e-05,0.0006583579650153346,0.988902537585324
8,0.005673777944315661,0.003557768984434942,9.33621151659961e-05,0.0009138206957833108,0.9897612702603001
9,0.005861453219889642,0.005532319553330779,0.0001676449574419805,0.0021930528082447945,0.9862455294610928
10,0.08231635666092688,0.04980173582173424,0.00042055477402633696,0.0059283643821355335,0.8615329883611769
11,0.009254351898695959,0.0031167227910310433,0.0013821433826697177,0.0024781068312352502,0.983768675096368
12,0.1040105376580281,0.05185327941032259,0.0001252343861676176,0.006603693241217864,0.8374072553042637
13,0.12607664657416545,0.08098974938645165,0.00019469648463542018,0.010250262577142207,0.7824886449776053
14,0.08304604755752056,0.08695522569648059,0.0002521979731805477,0.003794721613900094,0.8259518071589182
15,0.14374321842569254,0.49778898044030884,0.001399239150060126,0.02974813816905322,0.32732042381488524
16,0.028161917983390267,0.1942383085913351,0.0005493580343987969,0.007639954128712589,0.7694104612621633
17,0.14194231431323157,0.43711839364985106,0.005595512269792634,0.047242895381039186,0.3681008843860856
18,0.13313225545210275,0.2927972075980893,0.0003854846762681786,0.08872596732948056,0.48495908494405915
19,0.10384245888552515,0.6732862325105912,0.005434457731287912,0.04887584874876062,0.16856100212383507
20,0.12821924797747922,0.5553884521345939,0.0010712834073426734,0.18674313708320145,0.12857787939738285
21,0.06768819776478709,0.36228167190318195,0.008200749901630942,0.04815580787119079,0.5136735725592092
22,0.1950050692829896,0.4311873936589103,0.0034302110334436487,0.09980643325535385,0.2705708927693026
23,0.11538738003236158,0.42753438746669103,0.016403482232747145,0.040419914136667554,0.4002548361315328
24,0.019150571462196102,0.025398046945581555,0.00029107955849314856,0.008196133049886865,0.9469641689838423
25,0.08414844412830011,0.0671565775681266,0.0004036149449221473,0.017946293040554676,0.8303450703180963
26,0.48313048124890495,0.21651925157878985,0.000625369053411741,0.09872305923430157,0.201001838884592
27,0.23569867937541636,0.6406248721901625,0.004092257343684025,0.02597811564441012,0.09360607544632689
28,0.03513726494992126,0.026027020253040687,0.002304914097243853,0.020085239396622323,0.9164455613031719
29,0.204161880250482,0.16953979082330878,9.946883419626778e-05,0.034185761463519565,0.5920130986284935
30,0.30232425708308697,0.2958400889851096,0.0003295571101734063,0.027846934035987307,0.3736591627856428
31,0.41194885633062933,0.39329147372341033,0.009435531211020712,0.013641893994064368,0.17168224474087537
32,0.3873866826663158,0.46072972321350875,0.02025679432024443,0.017072143330421435,0.11455465646950952
33,0.3545770927533584,0.43202936662245317,0.002316060710533742,0.11174681839774211,0.09933066151591252
34,0.11740045421107202,0.7648499653650926,0.012815256802419616,0.038861579547660494,0.06607274407375523
35,0.037231603885219754,0.8601519367389036,0.07152852328058838,0.009100869473471917,0.021987066621816303
36,0.04183454763225836,0.9092711798004773,0.006448348925762377,0.022842285337381942,0.019603638304120055
37,0.04389859077953418,0.8740704432865632,0.02715933349769231,0.026653017903936933,0.028218614532273326
38,0.02728812849329654,0.8911329463831099,0.04088610787750998,0.01266102888472582,0.02803178836135769
39,0.019198365029775396,0.8903825634952305,0.05069720112364954,0.014369655101885304,0.025352215249459457
40,0.13254664438782457,0.6190697878383574,0.0015851606176199098,0.13664846698213665,0.11014994017406145
41,0.023078032940876018,0.8874830233557283,0.04442305432012137,0.012220974602267558,0.03279491478100651
42,0.1036523786783596,0.5783004789875648,0.0020887246683569394,0.031624628025999746,0.284333789639719
43,0.07992183339632342,0.8748341771119676,0.022822408425974935,0.004228164157773692,0.01819341690796026
44,0.019114266034971402,0.04185439459029654,0.014494412503500176,0.008798204437751894,0.9157387224334801
45,0.034735663345800284,0.028230403170170764,0.0019490370453972142,0.0012185451167736042,0.9338663513218582
46,0.03498731441856051,0.022833067308152866,0.0010168124305444917,0.0008119496486501804,0.940350856194092
47,0.012047364949361745,0.027747089899628215,0.0038938431067127577,0.0005123463943796803,0.9557993556499177
48,0.004658319648878088,0.005935746683421642,0.0009946017991207458,0.0007233769205360793,0.9876879549480435
49,0.0021549973540798653,0.00231605364133124,0.0003659410188644139,0.0008417214655198806,0.9943212865202047
50,0.003537671683814962,0.004904920542614369,0.00021488035421902854,0.0009025048830564942,0.9904400225362952
51,0.004008960579790843,0.00451773370712153,0.0001835522373320898,0.0005720094247235346,0.9907177440510321
52,0.0016616565424502378,0.002806566335153688,0.00019518577898445212,0.0003301774901955468,0.9950064138532161
53,0.0013736152010628156,0.002880603558048864,0.00022903874400595112,0.0006019444915255471,0.994914798005357
54,0.003276639008187329,0.004655054567588325,0.00015733252750948996,0.0002828396800148779,0.9916281342167
55,0.0015278349255595251,0.00228357674224347,0.00024006221269434606,0.0005638687689070027,0.9953846573505958
56,0.0016662320103275497,0.002276820854447188,0.0007082507279459467,0.0012760972447364686,0.9940725991625428
57,0.005527364387039684,0.007491295738669572,0.0027949730429033953,0.0015559273521540719,0.9826304394792332
58,0.0018178724625566246,0.0030598191621094297,0.0003757461845189299,0.0006483167368311168,0.9940982454539838
59,0.0008249434850469149,0.00318908324204169,0.00018432897709540007,0.0012317202456645613,0.9945699240501514
60,0.0024616917594369055,0.006841197570991171,0.0007121704080719932,0.0005599987326844923,0.9894249415288154
61,0.001617844024877548,0.003164135955891818,0.00027270632906243496,0.0005704047235960677,0.994374908966572
62,0.0011797480576226666,0.0030786232983313912,0.00028974459520647795,0.0004273470917470143,0.9950245369570925
63,0.0017722087284401708,0.004214337054825097,0.0006731231663571196,0.000671843461970224,0.9926684875884075
64,0.0008316831230255753,0.004284089809244527,0.00025678852917212873,0.00047858162285690993,0.994148856915701
65,0.001188258935304484,0.0050533179477618055,0.0002569557568169119,0.0008728307755447768,0.9926286365845721
66,0.001823827244235318,0.003131220509458718,0.0008310084932748091,0.0007840585171462603,0.9934298852358849
67,0.0018315276933785396,0.0025625674054906497,0.00023035023962781186,0.0006040726708343848,0.9947714819906687
68,0.0013400225304285322,0.0033997408860174548,0.0003099264393303726,0.0005867766412352237,0.9943635335029883
69,0.0028227679399865234,0.004869355295852658,0.0011087566796603317,0.00021054956919277582,0.9909885705153078
70,0.001974874805864852,0.0017226519883032003,0.00015352729095789703,0.00014143013686407441,0.9960075157780099
71,0.002069198680705567,0.0015714381993206486,9.656744727185262e-05,0.00016988066617231102,0.9960929150065296
72,0.0021033845194161783,0.005901904912606661,0.00021869132154293241,0.00019427004663135543,0.9915817491998029
73,0.0022166787055614584,0.01199877892535285,0.00024151193595944244,0.00026963460482383667,0.9852733958283025
74,0.0011846382398787037,0.0005989562975468784,3.189018740239106e-05,9.601974984170097e-05,0.9980884955253303
75,0.0008175009936471693,0.000640624563711909,7.677298093242614e-05,8.216804273831792e-05,0.9983829334189702
76,0.0007333455015376733,0.0016110221584840227,0.00021774866511565434,0.00016490864899553032,0.9972729750258671
77,0.0008318657041314107,0.0007690428910936474,7.718384618455957e-05,0.00012599569006445485,0.998195911868526
78,0.0007255290185295978,0.0006575786642949901,5.2775888398260476e-05,8.896817591109987e-05,0.998475148252866
79,0.0005772404207576476,0.0007351698685245651,6.301075881442642e-05,0.0001064369669748305,0.9985181419849285
80,0.0007998370160443908,0.0026863784506646945,0.000149552721162864,0.00022960699516906037,0.9961346248169589
81,0.0015037200533847518,0.0030682257740375194,0.0001973807154311991,0.00030858856031888823,0.9949220848968278
82,0.0008044677195504536,0.0021893478296088984,0.00013595763129520377,0.00012718014420368172,0.9967430466753417
83,0.001280905743138414,0.003183488998990034,0.00010658190251767934,0.00021141674353121378,0.9952176066118226
84,0.001273183502418562,0.0032492218114308223,0.00013171808074876443,0.00014475071434230506,0.9952011258910596
85,0.0012040117738114251,0.0035795621962153236,0.00010832381605122864,0.00014077084311015658,0.9949673313708118
86,0.001818866788364997,0.005281883747027854,0.0001423672877358818,0.0002682284697835678,0.9924886537070877
87,0.0022725945268689805,0.010366419393396966,0.001133584252681551,0.0005655556739234687,0.985661846153129
88,0.0009215110542779091,0.004273921890795649,9.727946062948196e-05,0.0003300538457831885,0.9943772337485137
89,0.0010530632827893825,0.0030830246657011784,0.00016390280197012922,0.0004777565561812886,0.9952222526933581
90,0.0014575873147462102,0.003448236824145819,0.0002223500383720628,0.0005551383712635151,0.9943166874514724
91,0.0013853087263599145,0.003588471091196332,0.0005831429172930702,0.00017371599461781255,0.9942693612705328
92,0.0011629014206952341,0.0011934004481669166,5.7228779110461966e-05,0.00017349906056868172,0.9974129702914587
93,0.0007935043087538346,0.0011348731073870352,6.279521546055264e-05,0.000186425060073587,0.9978224023083251
94,0.0007032323063337404,0.0006054508210158288,2.5533772577469505e-05,0.00012166369562693106,0.9985441194044461
95,0.0010160139074347747,0.0006641964522956645,5.0895252344829006e-05,0.00011513419742838427,0.9981537601904963
96,0.0008066108343998148,0.0016292753002522546,4.688132982361066e-05,0.00014527653605002157,0.9973719559994744
97,0.0008498679834804307,0.0015884983490159796,0.24831189671164566,0.00011139864001923999,0.7491383383158385
98,0.00039239057753683764,0.0005616869788101781,0.22993299930220723,5.2030622383577443e-05,0.7690608925190622
99,0.0019264201390587793,0.001498606276512818,0.0011660895545128481,7.5050212350226e-05,0.9953338338175652
100,0.011605500428785385,0.0004083747002877698,3.940245033641031e-06,4.245457697726985e-05,0.987939730048916
101,0.0009682635593883155,0.00040441982909405295,5.9146508068540526e-05,1.4960597509297537e-05,0.9985532095059397
102,0.0004922308144910757,0.0002049887391913687,1.194614484571751e-05,3.0560392592648405e-05,0.9992602739088792
103,0.00046147046954480875,0.001085775528390144,3.941587988411793e-06,6.651781448604671e-05,0.9983822945995905
104,0.0003626135003033659,0.0032941709689145774,7.801749391264115e-06,2.9404899600053608e-05,0.9963060088817907
105,0.000357870320037448,0.00308061128167599,8.438463537858843e-06,3.128472451849822e-05,0.9965217952102301
106,0.00034267228700561147,0.0025234554224295436,1.0463394918660199e-05,3.6485988095063466e-05,0.9970869229075512
107,0.0003659253012843239,0.002122069916604338,7.701415412026241e-06,4.262859658074128e-05,0.9974616747701186
108,0.0010798507707491928,0.0034911440636115273,2.2469989061599184e-05,8.401556519808968e-05,0.9953225196113796
109,0.0003910798147587692,0.00036281332302270464,0.9626824069658608,4.2079806276108054e-05,0.03652162009008159
110,0.0008248909901805205,0.0017436200091485677,0.25459440162401614,9.912180003431964e-05,0.7427379655766204
111,0.0007654821973158822,0.002105950419245092,0.00022484890997733842,0.0003747330269018767,0.9965289854465598
112,0.0008241287047804403,0.0005582945267268556,4.65451016067941e-05,0.00018961481135909949,0.9983814168555268
113,0.000714250112094528,0.0006011030356757216,6.352466175355093e-05,0.00019558636889910924,0.9984255358215771
114,0.011195086241210685,0.007771467163154423,0.002009285105053471,0.0007407413412270021,0.9782834201493544
115,0.0021195435126503794,0.0005524211337104078,0.0001573861130805176,0.0006085298600192955,0.9965621193805394
116,0.0014374460953364137,0.0017284594559150769,9.413606024506959e-05,0.0006919284237434527,0.9960480299647599
117,0.007163875201803112,0.0019102347700400654,0.004614859848669527,0.000433703417758398,0.9858773267617288
118,0.0036319348978555363,0.0020748478997763145,0.0009435472325340027,0.001165167734149314,0.9921845022356848
119,0.002331926061174334,0.0015162282024728812,0.00024278736344252226,0.0005741634866539609,0.9953348948862564
120,0.001000286484291428,0.001114521765185601,0.00023035632832752432,0.000501516680335745,0.9971533187418598
121,0.0017740265546997386,0.0015504419014199182,0.0003055738503301066,0.0009241011114469824,0.9954458565821033
122,0.0024840981992070546,0.0020335411820659754,0.00021544516473878924,0.0010390239897701842,0.994227891464218
123,0.002858141291697108,0.0014244012848284627,0.0003035270734706794,0.001274688156379699,0.9941392421936242
124,0.004176265692814452,0.0036664936979993045,0.0007952684654539873,0.0020996930865044812,0.9892622790572279
125,0.0025613059530908977,0.001231936660271956,0.00034039295110392437,0.00079397844017666,0.9950723859953566
126,0.007694184628340848,0.0022725964859181243,0.00046313166203440894,0.001136163111927062,0.9884339241117794
127,0.01478124238981707,0.008309216556355373,0.0023051093021481694,0.0008233118892734317,0.9737811198624059
128,0.03954569035193172,0.013164151130055196,0.010696253632547469,0.001864500563526812,0.9347294043219387
129,0.0019130492043004184,0.002173290085153323,0.0005929402192967535,0.00027457666631285646,0.9950461438249366
130,0.0033948845247411203,0.008359011177286999,0.0017307788627385287,0.0008438693043046829,0.9856714561309285
131,0.0011275834014492572,0.001266702981917801,0.0008083920505719976,0.0005353368125399024,0.9962619847535211
132,0.0011239360509152495,0.0020254408224853184,0.0004314504969613982,0.0006507698692690522,0.9957684027603689
133,0.002791048925862472,0.002686451898342622,0.0008815899431302187,0.0016148933168603468,0.9920260159158042
134,0.001636633730323761,0.0019360080276320734,0.0005582803143635877,0.0015727689209668536,0.9942963090067137
135,0.0010425593427695504,0.0022647341437511143,0.0006693635935521337,0.001334863575213605,0.9946884793447135
136,0.0011846995109475152,0.0044697465634602526,0.0007714179936650565,0.0023285983246549716,0.9912455376072723
137,0.0012093652130108455,0.0022584475797189393,0.0009000270539189203,0.0021291318023130253,0.9935030283510383
138,0.003013929164655588,0.004319646645296902,0.0025633853092885254,0.0037214903279144578,0.9863815485528447
139,0.003619571039242489,0.00428060892995584,0.0037594016321677174,0.004973766233333103,0.9833666521653008
140,0.002326321512674713,0.004620697445010382,0.0029311988133579447,0.0046303433153483675,0.9854914389136086
141,0.003436211844561193,0.003416457324427623,0.0009470161982203625,0.0030724463599960056,0.9891278682727949
142,0.002990895890390997,0.004203332850882973,0.001554026437090657,0.005918899552625969,0.9853328452690093
143,0.0037786599386291355,0.004531739312309098,0.001282368547438637,0.006635185047322982,0.9837720471543001
144,0.002208217377973406,0.0028178945286033105,0.0005062714718611094,0.003175764478871887,0.9912918521426903
145,0.002299039081758248,0.0032152445719911033,0.00014323104633566947,0.0017310015269681317,0.992611483772947
146,0.007810962408671829,0.006017227810245189,0.00027052985144679,0.004968216390141667,0.9809330635394944
147,0.011972249722018194,0.006933663699777878,0.0002835344380424904,0.006952151178310993,0.9738584009618504
148,0.032478555265175624,0.014872914191099271,5.962681520427243e-05,0.017293393324571783,0.9352955104039491
149,0.007442073050782019,0.007655129778313127,0.0005263071131208057,0.017055370885392395,0.9673211191723916
150,0.03798087152343078,0.011282103866722726,5.8480287822371706e-05,0.03172411316941767,0.9189544311526066
151,0.056062521789235896,0.018915936550581807,5.289209499070613e-05,0.046779567140384795,0.8781890824248068
152,0.3006029444861852,0.09608175301609485,0.0002994994447377799,0.21955417023285498,0.3834616328201273
153,0.08049308993409034,0.3454125653927764,0.005166251433309734,0.1527360274555024,0.4161920657843212
154,0.07244102643435595,0.22424015858525406,0.002314914313879183,0.1624911317042225,0.5385127689622883
155,0.01456483563208828,0.03608835965771779,0.001110492718193535,0.03379457467734312,0.9144417373146573
156,0.0669841882312222,0.10802405571687478,0.0007478380840922732,0.0800523113033369,0.7441916066644738
157,0.22581796449791167,0.123154286354176,0.00016144543476241598,0.15140072761786172,0.4994655760952882
158,0.10413549094494719,0.7295301017881812,0.010723401819044824,0.06393652693417627,0.0916744785136506
159,0.053911983423448426,0.45632003252816183,0.01902919142150574,0.14009364821377002,0.33064514441311404
160,0.0342914949790961,0.048314011835778416,0.00019462966871176978,0.06552777954834975,0.8516720839680638
161,0.19314732127632303,0.23262687814141214,0.0005011965152385129,0.1942813816297257,0.37944322243730066
162,0.07132497924251487,0.12020922304369598,0.0008050915288998888,0.05010093590889076,0.7575597702759985
163,0.3829725401249797,0.33190873421900735,0.0003787831639408198,0.10376547868035067,0.1809744638117214
164,0.03246880363643469,0.05960760659524814,0.002802440771122479,0.02789806878616284,0.8772230802110319
165,0.008098588330051278,0.016508804040582494,0.007812700977357806,0.01029976875130695,0.9572801379007014
166,0.026954525078049008,0.0267111576653421,0.00010471637254872062,0.010858611795593096,0.935370989088467
167,0.2595154585576206,0.44240659747089967,0.0008124906503608751,0.042718684725034456,0.2545467685960844
168,0.07417079062226486,0.2272165461512282,0.0068193943080493945,0.027562034482275673,0.6642312344361817
169,0.18982125277571427,0.28471534650123054,0.0006504526025910922,0.0467576050661395,0.4780553430543246
170,0.026202476379538063,0.2645754081859494,0.036175345061305,0.0066214946693623315,0.6664252757038452
171,0.04227527967371701,0.03805123099231721,0.0001799217405432829,0.04046655363505474,0.8790270139583678
172,0.0011271569696491895,0.0019318274374059505,0.0026240633769790385,0.0004201065607570312,0.9938968456552089
173,0.014245724991775668,0.036087043852714384,0.0010575193475362726,0.012312935058092585,0.936296776749881
174,0.009673882406610657,0.02186304572056032,0.003264515161191574,0.00548609063921095,0.9597124660724264
175,0.028001303650102793,0.05866654416224098,0.00030219977486585503,0.014538871842640128,0.8984910805701503
176,0.19231450538705916,0.33980246847759704,0.017445616414865944,0.10890943049580225,0.34152797922467565
177,0.06447369854779142,0.127417009550201,0.0002861499005365084,0.05161452204981729,0.7562086199516538
178,0.08244511025409337,0.5760941454321673,0.009509775627881698,0.024693783510712896,0.30725718517514483
179,0.18056152978803008,0.29723363926597923,0.00041592918497452316,0.10005568702757929,0.42173321473343683
180,0.09546139817724847,0.41094061974359647,0.006850150612860394,0.025396541880231705,0.461351289586063
181,0.009300177484608886,0.039754296227146005,0.007601232771762028,0.005634255929414178,0.937710037587069
182,0.009954488732393794,0.01921493187507238,0.00039979772178169157,0.0034042137172720817,0.96702656795348
183,0.04671345939281756,0.04307596390273561,0.00011165096085077491,0.009329067579081182,0.9007698581645149
184,0.04039796469215017,0.05913531554471455,0.0014239523229109138,0.007655159794853929,0.8913876076453705
185,0.08429041005317414,0.17290117765106322,0.0006762986450885016,0.018386695579444536,0.7237454180712296
186,0.25225624224923315,0.5023465879069983,0.0005102531763225627,0.11583457994640822,0.12905233672103775
187,0.008244120235856325,0.016012448434972577,0.0009348491009318339,0.01763077677176606,0.9571778054564731
188,0.024223952311868708,0.037170116401893265,0.0006917047502537683,0.03502930882992119,0.902884917706063
189,0.06706515988306226,0.7131673472464236,0.004817614457190661,0.13106133820063598,0.08388854021268739
190,0.031973369336375866,0.026973511070478396,0.0012570387220726222,0.04709301879036551,0.8927030620807076
191,0.22530638416896256,0.1537077138177608,0.00012737439933891727,0.5598237995773454,0.06103472803659231
192,0.04461677966532238,0.25781384301749455,0.006641142917024795,0.18057104231145393,0.5103571920887044
193,0.19582358199670694,0.1584326065232841,0.0006572836656804535,0.578373952464203,0.06671257535012556
194,0.0763234874861898,0.36205487235448397,0.003917876398365006,0.4123307079499043,0.1453730558110568
195,0.1043723470525042,0.2902798280261759,0.00044135518141124154,0.5510040650383384,0.053902404701570275
196,0.07248043362831959,0.6717824773049685,0.01095704122917602,0.12341388185132718,0.12136616598620861
197,0.030276460686275798,0.08292171087495116,0.001315262410656185,0.0762857417208021,0.8092008243073147
198,0.14446504771691504,0.6457869003269462,0.0016641791075764458,0.16599014958875227,0.042093723259810006
199,0.041896203243542755,0.21201565460336294,0.008999077013460739,0.050674108464267426,0.6864149566753661
200,0.1948786676395794,0.48543087268868573,0.0007146996068388389,0.17600828504656668,0.14296747501832924
201,0.03927176360949979,0.20153159746966492,0.027171443664505603,0.04153389785537099,0.6904912974009586
202,0.013144663669801694,0.053688967568901104,0.0024083600260996875,0.010806614458484557,0.9199513942767129
203,0.05678224753277779,0.28867033428997335,0.002930870407582703,0.01781959481351703,0.633796952956149
204,0.06444242548929817,0.22042293940114435,0.00039072519653470694,0.027446953628888562,0.6872969562841342
205,0.20419956115513288,0.27450329142566954,0.002489294659708793,0.14335588024824905,0.37545197251123974
206,0.06107000251967121,0.2059653084095527,0.0009708591619421731,0.09166680032719758,0.6403270295816363
207,0.08014605547629668,0.35196003222391625,0.001099180464981906,0.18237266069643596,0.3844220711383692
208,0.0594867573116584,0.21617396268985536,0.00028697757110931083,0.16375620525176252,0.5602960971756145
209,0.0854185375512866,0.08811552551445355,0.00016946508605183104,0.15815420236797012,0.6681422694802379
210,0.06790545013463577,0.7162771724928182,0.0038961754882073474,0.08506807517783405,0.1268531267065047
211,0.09283862398051265,0.26295942597271826,0.00017185051015201184,0.1620009922058279,0.4820291073307891
212,0.07235621739964511,0.7265377684117483,0.004562383656465152,0.11771410274995606,0.07882952778218537
213,0.08427093068447424,0.31391941299002857,0.0037427294608303628,0.2895219074788679,0.30854501938579904
214,0.14922795523409388,0.5252430256645645,0.005649903666044324,0.24955191704209062,0.07032719839320681
215,0.07658894889367253,0.4737697349615337,0.008189636641985434,0.10706725878414533,0.33438442071866303
216,0.048362896437743046,0.856833365131689,0.010503668748882148,0.06824627712659508,0.016053792555090964
217,0.026177040629395378,0.2145765888003146,0.036064578946111904,0.023421797919566556,0.6997599937046115
218,0.12961148774646364,0.6029414429051823,0.0019003570885044517,0.16120659343305327,0.10434011882679636
219,0.06643085051885741,0.772046639609131,0.010188251725925386,0.08028171405932504,0.071052544086761
220,0.1645462108218286,0.6805088207750186,0.00529573489492506,0.12254355041124329,0.02710568309698433
221,0.08821294667267603,0.7319071577226852,0.029418123756636924,0.12818969471837804,0.02227207712962375
222,0.08991738950345388,0.5486455371323868,0.001721261862586755,0.3352091894018011,0.02450662209977148
223,0.04773996532838944,0.6854145168177832,0.01940377701934683,0.2403596989554273,0.0070820418790533135
224,0.06451839887510112,0.6393642442512661,0.01485076499471684,0.06698194600759808,0.2142846458713178
225,0.1528332023691191,0.6965771552867832,0.016016620328562964,0.03948578860913596,0.09508723340639862
226,0.07172623561759786,0.8586822947332912,0.035038864312344715,0.014252439491917271,0.020300165844849106
227,0.08068335360552899,0.8336248017181787,0.06276457289713823,0.00861715021000588,0.014310121569148413
228,0.03799791218737104,0.8961411730515956,0.047666476258181684,0.005932019644747123,0.012262418858104616
229,0.01571800294805998,0.9039457170865566,0.07046218395965641,0.0049239980984737385,0.004950097907253326
230,0.012648239097548577,0.694473123855442,0.2817797899719504,0.005116686439624752,0.005982160635434255
231,0.012478512825663314,0.7465775175855442,0.23222365884358115,0.003770337581134818,0.004949973164076559
232,0.004685620618469861,0.5191062464356457,0.4713594081448751,0.0015017611197442032,0.003346963681265316
233,0.004001114664893304,0.4851758972373659,0.5066089442869356,0.0022133624314598483,0.0020006813793453666
234,0.0031058468761715335,0.5479062876474252,0.44240321538979116,0.002044544772277515,0.004540105314334662
235,0.011330149680511749,0.6549480255111121,0.3139753108742537,0.004728974131742829,0.015017539802379801
236,0.004807031814010701,0.46684844924311153,0.5192255653466179,0.0021773057639348746,0.006941647832325045
237,0.04033912465702753,0.06730266062069694,0.0073400757374033655,0.003165017425399319,0.8818531215594727
238,0.17599443128863612,0.6520830526749622,0.005100204307866703,0.00795322646483313,0.15886908526370194
239,0.038109258163403145,0.5169961833852115,0.010113688838736212,0.00265950193401555,0.43212136767863357
240,0.1389948908270489,0.10660072071696783,0.00029875106696567605,0.004798864334736604,0.7493067730542811
241,0.11709213229360262,0.8385027291274141,0.006013743326633129,0.007097876344188313,0.03129351890816191
242,0.2470081798755923,0.6612091508072273,0.008546358963941904,0.022493367316959025,0.060742943036279334
243,0.1942482473484293,0.6432763187853153,0.03826491943993615,0.020267963948149198,0.10394255047817007
244,0.049330995213879285,0.44494431301482745,0.019146284985690154,0.01313429529186401,0.4734441114937393
245,0.0309976235519146,0.14164465912858215,0.006060862655474149,0.008697965806969691,0.8125988888570594
246,0.16578911706095212,0.410050828115398,0.0015384970684671087,0.053343057774926296,0.3692784999802564
247,0.12989895460704307,0.10263147313058744,0.000580561114093355,0.034550961319748996,0.7323380498285271
248,0.06767911492576438,0.8258386567527211,0.01826477582651465,0.013729200100080613,0.07448825239491924
249,0.12228555954449154,0.6617132667428935,0.003590920515684337,0.05552857317383529,0.15688168002309516
250,0.10044745045378717,0.6724474136252239,0.030335656304293253,0.06877402962674084,0.12799544998995502
251,0.10575181923112875,0.7015430345497095,0.0024966311892089784,0.11277261511052647,0.07743589991942629
252,0.13934668526261332,0.7321928511247903,0.0035725431035116633,0.1066735591283279,0.018214361380756893
253,0.1260109620031762,0.7389122899599022,0.016715149617103842,0.07248178914288068,0.04587980927693711
254,0.07311545808880965,0.8049245745621554,0.08064097723126322,0.027513724759629567,0.013805265358142174
255,0.07525960674717141,0.7769235545721007,0.03812714175269986,0.024455024232313924,0.08523467269571415
256,0.02381076123387631,0.924047761718416,0.030715657415350737,0.009540228912728394,0.01188559071962861
257,0.03662962694176327,0.8942956992588417,0.053358569531196116,0.009033781811656403,0.006682322456542492
258,0.025766431841875527,0.8757331181417762,0.08886446471872855,0.0031003103278578197,0.0065356749697615905
259,0.01402639226275693,0.8623284151546742,0.11320368306723594,0.0034335947089429173,0.0070079148063901505
260,0.007531159977180136,0.6329373460888593,0.3521543661427286,0.001812572837941143,0.005564554953290914
261,0.0033544110938305348,0.5322826138117235,0.4609037595354458,0.001189706175983712,0.0022695093830164253
262,0.0036670481689363306,0.4946352240860705,0.4952030583755977,0.0015245456154091516,0.004970123753986276
263,0.004065626459574989,0.7860789399739411,0.2015194543537716,0.002133309728128012,0.006202669484584322
264,0.0016541226646853426,0.45506139066906,0.5402096485984422,0.000935876720259734,0.0021389613475525228
265,0.0012520817497696562,0.31007282633757455,0.6871054284606173,0.00037126567795383133,0.0011983977740847294
266,0.00412764228158214,0.46938011203758107,0.5192100809613118,0.0011811031189991365,0.006101061600525832
267,0.0008280847841970019,0.23455394461665993,0.7636148746285756,0.00031915864844057136,0.0006839373221268063
268,0.002888702197303097,0.595750196333534,0.3962701969135418,0.001251324643610416,0.00383957991201054
269,0.0012266639511613467,0.3476236264513488,0.6487479669174657,0.0004206905121128324,0.001981052167911337
270,0.0008918015760678165,0.24097326064139704,0.7566855797728411,0.00034398206654330174,0.0011053759431508294
271,0.0007199720872542228,0.23832478275044047,0.7586719973221884,0.00031375110535423334,0.0019694967347626893
272,0.0010710286622354682,0.3013677816087844,0.6957467171706734,0.00044155228929069367,0.0013729202690159893
273,0.0009540778868355484,0.25606865982754107,0.7402768985298277,0.0005819578211391096,0.002118405934656658
274,0.0007115223988870259,0.24760491015050873,0.7499555243366025,0.0004133967425558339,0.0013146463714459465
275,0.0025701342970252494,0.32823777948347904,0.6619466875826545,0.0015392027300768797,0.005706195906764313
276,0.00826661776982922,0.7664799530884174,0.20863699757748447,0.007393022709042737,0.009223408855226094
277,0.002699341416223111,0.38533034808138034,0.6005746442997062,0.0041177883096833075,0.007277877893007102
278,0.004329392067267717,0.31770370541545767,0.6647831387230015,0.005269584478253653,0.007914179316019482
279,0.010152443832485359,0.6477474665477116,0.3198058068162371,0.01289208908201461,0.009402193721551272
280,0.061599268829629295,0.45607615756794534,0.026634047413857227,0.017161348853647482,0.43852917733492075
281,0.14139736730371122,0.2793026998359628,0.053656418530854975,0.017666721465149745,0.5079767928643213
282,0.04683201948441072,0.8698366853448141,0.059392368664621206,0.005932111462457397,0.018006815043696764
283,0.08275917246714379,0.8028264059368098,0.08091596918435526,0.007433614633987802,0.02606483777770338
284,0.0403450072528858,0.8097012216887155,0.11575239012606046,0.024852178204985365,0.009349202727352773
285,0.04819280012834274,0.5504306332122316,0.04009632046627626,0.061689391311431384,0.299590854881718
286,0.02300945964276943,0.9216300349460391,0.0215037193224888,0.020212982224556145,0.013643803864146492
287,0.0549838476581651,0.7658182256521354,0.14307019881769345,0.024428026996267265,0.011699700875738616
288,0.08815771609152363,0.843474120829858,0.031304571201289995,0.020719679485366675,0.016343912391961576
289,0.0510366437243793,0.8470482020106403,0.05579678073570554,0.034880136278525396,0.011238237250749265
290,0.06158191018327472,0.8778103864473766,0.04257784520282051,0.011836707440454697,0.006193150726073199
291,0.016307886656425623,0.8747734526474296,0.10094831048808116,0.004680301708451553,0.003290048499612164
292,0.013074413017771324,0.77143453175509,0.2010599326697609,0.00845582257947937,0.005975299977898309
293,0.007772277185677706,0.6648428303304607,0.31254105587285214,0.004388369864090107,0.010455466746919478
294,0.004314845611092024,0.4831289869445995,0.5043239321104094,0.001325443532089322,0.0069067918018098
295,0.005620559566764411,0.7747358021935288,0.206580609375812,0.0017308697366265205,0.011332159127268338
296,0.00291160696512897,0.4072822668363444,0.5832093206643431,0.0011352643875767296,0.005461541146606824
297,0.0016521083574948193,0.23672713427071318,0.7581987933193636,0.0008411309529904472,0.002580833099437758
298,0.0024906905596568146,0.34434788726500803,0.6481833435402116,0.0013294227958248386,0.003648655839298702
299,0.0050299798434112215,0.45639553000466526,0.5251545308313551,0.0025655427818921184,0.010854416538676382
300,0.001633727059804211,0.2644392216506698,0.7275872134969628,0.0010631157832687822,0.00527672200929461
301,0.0034247751409043747,0.39194895599595203,0.5956336240003051,0.0014724031428116164,0.007520241720026813
302,0.0014470059565288883,0.20627720032332514,0.7861118600499729,0.0009502602901624,0.00521367338001079
303,0.010574150754272928,0.5094310306663884,0.46195319365669796,0.006013213328234482,0.012028411594406225
304,0.005151110757423595,0.3940888285112603,0.5849340180482423,0.0030097812020796425,0.012816261480994183
305,0.01673957249190576,0.6674521001223451,0.2933875941514809,0.005536164399331335,0.01688456883493668
306,0.008163830213179653,0.38717271629963057,0.576591932015081,0.0034623957469815335,0.024609125725127384
307,0.004853465840723775,0.3911260206748011,0.5852344115176752,0.0022396506777873117,0.016546451289012668
308,0.01660164228151366,0.43523743738714366,0.5017144560987861,0.003506338355193757,0.04294012587736284
309,0.004486936913855841,0.3432675463000356,0.6306822156626981,0.0024396435084959186,0.01912365761491457
310,0.004232304442136847,0.39266656415286444,0.5836549761686339,0.002469424518581385,0.016976730717783307
311,0.005395297968335685,0.26512610636452577,0.7057154524276722,0.0043308120744045015,0.01943233116506199
312,0.012670832952439369,0.47044980372332484,0.4977353716435901,0.0036578455001468066,0.015486146180498832
313,0.04078926847872716,0.6587101297620588,0.1851561909749123,0.01665749662989254,0.09868691415440924
314,0.0046960704476190695,0.3121587339850139,0.6706965537353493,0.002198132645441917,0.010250509186575643
315,0.026062783383129857,0.6174566193775923,0.3170039023285848,0.007968109589137864,0.031508585321555246
316,0.014755244783436382,0.5412674995623253,0.41168601059593873,0.007544918170159858,0.024746326888139665
317,0.0071382453773697575,0.3153828764489516,0.646273652846141,0.005037705364761173,0.026167519962776553
318,0.007880516490110014,0.40950286540718034,0.5566725013284046,0.00566501291119712,0.020279103863107877
319,0.026426798382356023,0.6197175270688834,0.3229357236625102,0.010401609499665272,0.020518341386585114
320,0.04188109610041427,0.5527668197033363,0.35328716240092295,0.019326713438827744,0.03273820835649851
321,0.016403275997176378,0.2797275531924909,0.6726375747493643,0.01011355301700756,0.02111804304396093
322,0.13090544906325235,0.3359156876041394,0.02411099645987001,0.0346404090252448,0.47442745784749335
323,0.3838440117132331,0.24707232697010414,0.004431956059990994,0.01854163625721997,0.34611006899945174
324,0.10743042288408484,0.6658338724878419,0.023495796907855443,0.01736116809165192,0.18587873962856602
325,0.047315208396051044,0.682549676882626,0.21724177172082546,0.03260768519586328,0.02028565780463422
326,0.09597136921698307,0.6239834408552234,0.049571400836588626,0.18911669586900673,0.0413570932221982
327,0.03440748308310801,0.7746744603245125,0.04023773651925405,0.13213566305738889,0.018544657015736675
328,0.07180194271338247,0.47275916163892334,0.0004311964702099874,0.43248786281211277,0.022519836365371474
329,0.03801213341274324,0.18729618711583862,9.533243146953422e-05,0.7622140086577762,0.012382338382172287
330,0.03682090963996882,0.2475779383698879,0.00038684177438451,0.6735660080127762,0.041648302202982504
331,0.061194062152423956,0.07632038289747914,0.0003917497156101384,0.7259851334536248,0.1361086717808621
332,0.034496939007646645,0.3819732399210236,0.0056582506471356455,0.5257745235637478,0.05209704686044633
333,0.02715386240718511,0.07475532403539036,0.00019698092106375698,0.8810224507536936,0.016871381882667055
334,0.043257737288187784,0.06756791513212385,0.00013110198371968043,0.8466226611973307,0.04242058439863802
335,0.02671993927309615,0.02586308555917584,3.1131480114143304e-05,0.9324028011498429,0.014983042537771099
336,0.041345955944182944,0.07870733723843966,0.0011117791807731807,0.7583316448737085,0.12050328276289558
337,0.0449989514817817,0.08571895777419068,0.0007498605969793975,0.8242216056078304,0.04431062453921775
338,0.0279149815735793,0.027065292382297802,5.769700464167898e-05,0.9174519527828454,0.027510076256635853
339,0.019195146159524123,0.014317626727946413,3.86866506403264e-05,0.9352073854665456,0.031241154995343412
340,0.023840598879074384,0.11021446946118472,0.0001883939830247456,0.7716858689694182,0.09407066870729797
341,0.030069455715461095,0.043591845078869436,5.3592617184332115e-05,0.8793564907581783,0.0469286158303069
342,0.02634829075763404,0.08872561483810423,0.0009498735244155247,0.6037348452674457,0.28024137561240053
343,0.030526593020699804,0.05920293086639829,8.564428615045404e-05,0.8675388852693723,0.04264594655737913
344,0.02202877953952852,0.046354283513972784,4.752331163310216e-05,0.9105070513435691,0.021062362291296453
345,0.027636458117629416,0.0710719529020017,0.0003945821640346807,0.7632948464145466,0.13760216040178774
346,0.023600144122776896,0.021443090334728326,5.0215956974514484e-05,0.8958499919303344,0.05905655765518589
347,0.026282616552703385,0.1601606819875031,0.0007059053778198077,0.7086457527579301,0.10420504332404358
348,0.026550699265111215,0.03457328653029246,4.79814307358666e-05,0.8526092750979168,0.08621875767594359
349,0.03969460199560807,0.07279443024139612,0.00012442264996922358,0.7772313251005512,0.11015522001247553
350,0.05266018850185156,0.0476704046447938,5.29045559643354e-05,0.8497519804629251,0.04986452183446523
351,0.03896857327539281,0.06020968074925135,8.707744810999913e-05,0.8576579323388208,0.04307673618842503
352,0.03865753031260011,0.07710016188288578,0.00011295934636349266,0.7928573498011243,0.09127199865702633
353,0.03198823689295566,0.034600315038299134,0.0022508176896158896,0.14508683396858627,0.7860737964105431
354,0.0651358736731762,0.03084928211525942,0.00021480230269537053,0.4374415770543783,0.4663584648544906
355,0.1273739625359154,0.07861398734325875,0.0024974558145489964,0.3449545849411748,0.4465600093651021
356,0.07557055084936316,0.04307527831975858,0.0009151450291179247,0.20293896403572617,0.6775000617660342
357,0.04606564734194839,0.1429667097504242,0.00032158143975423285,0.7586127106603916,0.052033350807481504
358,0.033391606098022095,0.1472191684835485,0.00036080900850888893,0.6989287173876733,0.12009969902224722
359,0.0331561551032126,0.19438991056253754,0.0009749011915873422,0.47721852739180237,0.29426050575086
360,0.03577003788177731,0.166881772226951,0.0001681465206657485,0.7438212285292541,0.05335881484135178
361,0.05141541829011109,0.05080787951679438,0.0005818400207569047,0.8064141416459955,0.09078072052634217
362,0.0684957227441895,0.0282303480048559,0.0004897326630783954,0.6199499325525638,0.28283426403531237
363,0.032324033956625225,0.3153115715292035,0.000857076970873555,0.5120503644932521,0.13945695305004555
364,0.019206165871510503,0.027963054265152318,0.0023790906177807223,0.35558586066405984,0.5948658285814966
365,0.025617220926849565,0.05199609789300442,0.00012709682276854046,0.89678228658564,0.02547729777173764
366,0.03836335434446622,0.02945455441337564,5.22598752118071e-05,0.9016823244197807,0.030447506947165724
367,0.025259929015994345,0.146405149972054,0.00149541277208346,0.6165743523944984,0.2102651558453697
368,0.05671506489217858,0.09612104557822906,0.003125303208344557,0.7650669879744799,0.07897159834676795
369,0.03077659646869011,0.09335124997580076,9.331562378140374e-05,0.8557670498108646,0.020011788120863076
370,0.07965376818547457,0.153013172154774,0.004556805748743881,0.5786551684735841,0.1841210854374235
371,0.026996571219086645,0.1581226949683914,0.0022203149280966518,0.6940962328928576,0.11856418599156766
372,0.019164275520053432,0.0217693121001995,2.3961259162805026e-05,0.9466825546126449,0.01235989650793921
373,0.02946082565458125,0.14448424115658456,0.0010126533777594959,0.6810981133568862,0.1439441664541885
374,0.03878130537426374,0.1056050850367879,0.0002226975931431961,0.7918173433507475,0.06357356864505767
