epoch,N1,N2,N3,R,W
0,0.1023889246227856,0.021712964128396434,8.407039757319678e-05,0.0023867640511738546,0.8734272768000709
1,0.013119649300670666,0.007330158978427355,3.375829999596077e-05,0.0006558094956774138,0.9788606239252287
2,0.005273073392801986,0.0005535263709767666,9.74669121676631e-06,0.00025030376015843506,0.9939133497848461
3,0.00018277263051471768,0.00026874514641522394,2.022748587118401e-05,1.6453661924207747e-05,0.9995118010752746
4,0.003524943056175311,0.0005125631334707661,7.38991867920852e-06,0.00011635017593099279,0.9958387537157437
5,0.0016568805623093155,0.00015063642061913617,3.086561424567916e-06,4.0109025233885326e-05,0.998149287430413
6,0.08847324472638675,0.0015956931070521213,1.0948139483857193e-05,0.00045517787223879364,0.9094649361548386
7,0.5204829311373248,0.006385321820655642,2.7851374639649498e-05,0.003003720449345034,0.4701001752180348
8,0.6510905580709931,0.013248006810186128,3.1378529418938725e-05,0.003676201648947971,0.3319538549404539
9,0.2857196102166016,0.17600672339970275,0.0011834086277941783,0.027622647449921177,0.5094676103059803
10,0.6140710148150511,0.11732550930033805,0.0005447651314658189,0.0018350631769299577,0.266223647576215
11,0.5092417063497542,0.17956150234855184,0.00039566154030884,0.011109422907024146,0.299691706854361
12,0.4668242057513825,0.1944345615268816,0.008064392373466556,0.008321218018167336,0.322355622330102
13,0.020731935605206822,0.013416249696287076,0.006998824332726612,0.002622401646672547,0.9562305887191069
14,0.014936132775955872,0.01743094133171103,0.005924665030158812,0.0016945438821896162,0.9600137169799846
15,0.053843926072197526,0.007510390845401796,0.0007690224254002569,0.0004965584382583575,0.937380102218742
16,0.061027525454345866,0.017348276488116304,0.0016484118234894407,0.0004610232673769628,0.9195147629666713
17,0.011126120395919965,0.014724465501611488,0.004666204654393505,0.00026817030672800365,0.969215039141347
18,0.017789333414102212,0.02217186010584892,0.004563438417669115,0.0005570037404749714,0.9549183643219048
19,0.006979944008640733,0.002575598187985458,0.00011156910603013284,0.00012909698590166406,0.990203791711442
20,0.006178333234959414,0.004273682362343819,0.0006782700657130596,7.135758108209818e-05,0.9887983567559017
21,0.03267078317396317,0.025931200673184756,0.004655239038587097,0.00021377162406988645,0.936529005490195
22,0.0916972833324794,0.015373911513468707,0.0019230365076003872,0.00028009090970606713,0.8907256777367454
23,0.10961003790449439,0.31997452504257295,0.04537975093139342,0.0005965176676873321,0.524439168453852
24,0.12751924782041404,0.18408912075192208,0.10878704509386636,0.00204256656129953,0.577562019772498
25,0.04632017580293671,0.06589060890671475,0.03824379279432411,0.004629826690983425,0.844915595805041
26,0.23081118172227358,0.23871054060744518,0.010723446312515829,0.038418609567472686,0.4813362217902928
27,0.21403860146999346,0.18896656903191109,0.012898034453313958,0.010415218864612405,0.573681576180169
28,0.1281585974461861,0.3444553926925415,0.003968550785581427,0.006922291123649404,0.5164951679520415
29,0.5262518144691192,0.3684322540546184,0.002990477253093565,0.00777748203789984,0.09454797218526896
30,0.23776881239664407,0.551293083699971,0.0004040616252681714,0.008597842683313954,0.20193619959480288
31,0.23663950072891995,0.7150935235626185,0.003807097538223841,0.003990189895268352,0.04046968827496938
32,0.14677813023586378,0.07846009933731392,0.00025240092809256136,0.0014179576106679035,0.7730914118880619
33,0.5276054094738555,0.22147718754452547,0.0003733220257898058,0.009030016315808534,0.24151406464002062
34,0.5379527549111568,0.40170842267578083,0.00044783459270353673,0.011484553487149414,0.04840643433320943
35,0.16833465312088838,0.8137851315242949,0.001191260089764144,0.002246136964746963,0.01444281830030564
36,0.1982693097905165,0.7690319822895373,0.003996367183262926,0.005176054211041983,0.02352628652564147
37,0.031121544656181405,0.9536768086913727,0.006805657615063475,0.002165467394115086,0.006230521643267225
38,0.14168285519964705,0.8178161770030167,0.009884586443519115,0.00412986651706625,0.026486514836750807
39,0.028173705374767044,0.9028422532452098,0.061931978931348323,0.0021166537857766027,0.004935408662898481
40,0.1433008401030153,0.7523518004064373,0.07590911350587247,0.011700951675499772,0.016737294309175206
41,0.040051860770632004,0.9264902142353305,0.025085206269155738,0.0019315115850488155,0.0064412071398330184
42,0.021002518987140076,0.781610003484422,0.18753185637527284,0.002272415849372368,0.007583205303792878
43,0.04514544741679237,0.8151931749316575,0.1278007277176139,0.0037614192233322873,0.008099230710603894
44,0.015688677947270156,0.8558266916929402,0.12079105168846738,0.002817021294577649,0.004876557376744762
45,0.013409204611493768,0.8083870034192622,0.16735304621347222,0.0030865707943871852,0.007764174961384815
46,0.015890153057503378,0.7521620284188489,0.2167742737373688,0.009281981272589012,0.005891563513689912
47,0.01981969169231422,0.8056593942907029,0.15898408501451894,0.007957534883004574,0.007579294119459485
48,0.07088436474863186,0.655888222670638,0.24508088505505846,0.0156512814859683,0.012495246039703303
49,0.03866017918500911,0.8263348208367173,0.10984678541678128,0.006014954967791759,0.019143259593700602
50,0.020833921788223228,0.814237625889954,0.15227241619186932,0.006683669909431638,0.005972366220521742
51,0.0408850259207476,0.7762280541931899,0.161678634465896,0.0014259753349926084,0.01978231008517401
52,0.011464555783739148,0.8411367598154394,0.13975910589341822,0.0005598115701919113,0.00707976693721137
53,0.004531924901181644,0.7086714639694791,0.28287557841761685,0.00029186565832626306,0.0036291670533961165
54,0.014325261002883508,0.6237656319449318,0.35356586825743463,0.00020546336300570204,0.008137775431744255
55,0.009304954355013403,0.6400631852125104,0.34351916426927365,0.0001243802099537023,0.006988315953248852
56,0.005071766750908268,0.7626876632911501,0.22869710284071287,0.00010378394957127627,0.003439683167657294
57,0.00752346396465041,0.6607147838548986,0.32750691419052813,0.00010703493370743726,0.004147803056215491
58,0.003041507851221233,0.3606586673491234,0.6328971832744869,6.187282445350711e-05,0.00334076870071512
59,0.017873871067192817,0.4533480997952266,0.5229073066705736,8.713420426520246e-05,0.005783588262741725
60,0.030934527026999375,0.3354322751800363,0.6241950432610739,0.00011208866162164065,0.009326065870268829
61,0.05173421365625502,0.27239907283116216,0.6663419596888122,0.00014463419152778672,0.009380119632242894
62,0.09209616274321424,0.25774343422246204,0.6464892049933776,8.942826853024874e-05,0.0035817697724158703
63,0.003859832147810622,0.2291780416381606,0.764182186873486,2.417332336707663e-05,0.0027557660171755077
64,0.03825608475508108,0.3845146172018999,0.5714997305030779,5.425331364534031e-05,0.005675314226295876
65,0.003846941246111599,0.2139665694066819,0.7784610332501908,6.422246951968554e-05,0.003661233627496021
66,0.002352733628317926,0.34882788899147615,0.6333575584013772,3.694828644928185e-05,0.015424870692379454
67,0.0009054554735007665,0.15840583726796054,0.8386704945151946,1.885110467113781e-05,0.0019993616386730782
68,0.0012668041108297328,0.1936072455870391,0.801026962058875,2.0227599816750452e-05,0.0040787606434394014
69,0.004925036607985949,0.23548019454155952,0.7563543168238132,9.719678474107567e-05,0.0031432552419002036
70,0.0010716051855865377,0.09409557845199706,0.9028105575509804,2.1336255673731942e-05,0.002000922555762299
71,0.0024304862229681513,0.12254331801743447,0.8727373744982692,3.655171427595811e-05,0.002252269547052383
72,0.0041921163437841575,0.1711534057549251,0.8232072325760619,3.0872455636285746e-05,0.0014163728695923393
73,0.00041887243176884386,0.05944381673896311,0.9390638208588823,1.974090919187816e-05,0.0010537490611939489
74,0.002949266748861288,0.13931560850180053,0.8553181576275325,6.343975518359753e-05,0.0023535273666221435
75,0.002073072054755042,0.07473950001533865,0.9213666766362728,4.0366333304421334e-05,0.0017803849603290427
76,0.003989275368161198,0.17188303709631814,0.8209968193900786,0.00011298986090689944,0.0030178782845349792
77,0.0010130761488682254,0.10432649318209801,0.8918486504750028,4.7725867877106e-05,0.002764054326153912
78,0.0020189642642226193,0.22696041341208412,0.7676860067782831,7.473406882237314e-05,0.0032598814765876995
79,0.01631442866736677,0.20009289657676602,0.7757269610322616,8.54655028317148e-05,0.007780248220773958
80,0.0014291492528468199,0.17053903584599603,0.8258946167817813,0.00015719315002701208,0.0019800049693487944
81,0.01427069309638017,0.4328704359550495,0.5424242531103917,0.0005572435256717453,0.009877374312506917
82,0.005106902289512734,0.2966160757177059,0.6919444688267994,0.0006003681010054581,0.005732185064976635
83,0.029884069391024275,0.37291384131014016,0.587771676528366,0.0012897957802364597,0.00814061699023308
84,0.014465468132691117,0.4953858442992178,0.4747409841535746,0.0011739338345112679,0.014233769580005289
85,0.01785573434315545,0.4269919142940218,0.544080624067447,0.0008611629279040576,0.010210564367471728
86,0.01813581737685992,0.5720947661712803,0.3889459225901532,0.002765770727331981,0.018057723134374617
87,0.059439961772454954,0.7921577287633804,0.09465253569904351,0.005292466014973318,0.04845730775014796
88,0.021572504014776298,0.8356728113112664,0.1299869733399245,0.002419351276683659,0.01034836005734913
89,0.17696510669893326,0.7037095908127509,0.04153368047291741,0.0035074876384843753,0.07428413437691415
90,0.04631972114876136,0.8807473742082154,0.05516135070092897,0.0021796589244213083,0.015591895017672813
91,0.11660600783687729,0.7093478115410674,0.15999915369957252,0.0014788169127666617,0.012568210009716073
92,0.10985998463571064,0.6421984080146775,0.10513514158196746,0.0031678469092928075,0.13963861885835155
93,0.1228119255831529,0.6845134693386138,0.0805683043652286,0.005611544571187726,0.10649475614181708
94,0.04599375227743524,0.7021243946934356,0.13691885157008588,0.005881634566922301,0.10908136689212115
95,0.0836810396306139,0.40988319649355254,0.021138565309014718,0.006484090037592975,0.47881310852922593
96,0.17930560086751537,0.7357296795522801,0.016934375768620405,0.006454487062759039,0.06157585674882512
97,0.27483127286433423,0.5099750953594676,0.021626610106174577,0.018129750239661395,0.17543727143036206
98,0.2248856849615486,0.6002257030122117,0.06423656039668624,0.008809173768286514,0.1018428778612671
99,0.20540505128377737,0.6446311442279337,0.009207081333457913,0.017701470818190707,0.1230552523366404
100,0.21205997549395103,0.5518981673836189,0.03302127353370507,0.015385085003599152,0.18763549858512585
101,0.11559747364007984,0.8060685790776274,0.02060287368020859,0.01686840348788778,0.040862670114196316
102,0.23145394321600357,0.6633912434018855,0.04480762652680637,0.007840650823079592,0.05250653603222486
103,0.24022104546634215,0.4661702211743266,0.05889804240992593,0.02787847982569657,0.20683221112370873
104,0.10367202361319056,0.767709658230288,0.04138355820846482,0.013933966701478834,0.07330079324657787
105,0.1028274596825136,0.45134258482594153,0.013008514088788415,0.046756188658389444,0.3860652527443669
106,0.07795791817389998,0.17704234039824937,0.006491775810758508,0.01570262539041087,0.7228053402266813
107,0.049692368989812975,0.30230976031271,0.019146520067975896,0.007319550525054189,0.621531800104447
108,0.003161180020383722,0.0034083223420051227,0.0005316351582289184,0.0004114934869515432,0.9924873689924307
109,0.00903056956956197,0.0018898570353410166,0.00027964771506217484,0.00020503720893279712,0.9885948884711021
110,0.003890359743425254,0.0022936301111522108,0.0017234173932290338,0.0003532217789078214,0.9917393709732858
111,0.004396542597145583,0.0014375173322460281,0.0009752233479064274,0.00010612735219969196,0.9930845893705021
112,0.01193173842271616,0.01615758738086819,0.0008916569545187927,0.00029913319142075846,0.9707198840504762
113,0.0010830429728174841,0.0028089467603493457,0.00023833451598860415,8.38392463710651e-05,0.9957858365044734
114,0.027864412478732354,0.004978261439277035,0.0007929398509977202,0.00013866299808458298,0.9662257232329082
115,0.004063846084761671,0.004038025219384534,0.2329876759959324,3.1474144095808525e-05,0.7588789785558254
116,0.02352472285743363,0.001103526592152046,0.00041040674923900275,0.0005488947413114853,0.9744124490598639
117,0.10895436831172288,0.0017932423687066544,0.0007209776560600494,0.0014502180422601805,0.8870811936212502
118,0.0750625139426296,0.005207792448502022,1.2682372934379704e-05,0.003751829527170313,0.9159651817087637
119,0.1677370059044627,0.05704164748505731,5.431989139606761e-05,0.008110242511617006,0.767056784207467
120,0.5406056011130316,0.04563047796871238,7.49206308589954e-05,0.010621000663826114,0.4030679996235709
121,0.40989462941206467,0.08763628348748624,0.0002848979107875461,0.03767748194573537,0.4645067072439263
122,0.4924665702230942,0.2530449905149074,0.0004061505236621333,0.030279016680299562,0.22380327205803668
123,0.4687642577353308,0.18985586061157417,0.00025907547943883504,0.21197949681792566,0.1291413093557307
124,0.25958812600239994,0.2190504140053994,0.0005143296995468241,0.08409556995335751,0.43675156033929635
125,0.25535978636912693,0.19677661939217458,0.00025915805305732075,0.1602087661338154,0.38739567005182574
126,0.42674082734980934,0.06230666697547959,0.00016076458139479183,0.2889133235988872,0.22187841749442894
127,0.1521512811441199,0.17461217585369063,0.0047607804695176375,0.050135178412128105,0.6183405841205437
128,0.32786036320247264,0.2811127842907393,0.001003413824573815,0.08728898768026615,0.302734451001948
129,0.17514348444840672,0.13176681182312752,0.00043721334936525644,0.07755902583245702,0.6150934645466435
130,0.33865763738092924,0.13588175610640685,0.00027185189876633944,0.20833480768394802,0.31685394692994956
131,0.2698293201590544,0.20235715465054055,0.0005332636530889061,0.0714759070055928,0.4558043545317232
132,0.17407915801293736,0.7369240556195948,0.001651943291734752,0.0322257511154619,0.055119091960271004
133,0.2689804844427479,0.5439206176341104,0.0014888683507251223,0.0767337553707716,0.10887627420164499
134,0.3517098898264321,0.2923220156770372,0.0003000154327378118,0.1626642163434862,0.19300386272030678
135,0.25773659758429707,0.5442836916765039,0.0018004427539176724,0.05419606191778748,0.14198320606749396
136,0.264961302094934,0.6445862130590205,0.0009791704958233458,0.07358961756702213,0.015883696783199917
137,0.41815701697371144,0.1838644219272113,0.0008333697147722001,0.2135450031485383,0.1836001882357668
138,0.11380104814160191,0.7575217073349068,0.004869275096990009,0.06928508677531718,0.054522882651184115
139,0.30036968790895346,0.4825316610675918,0.0008720771987637272,0.17755137954979291,0.03867519427489803
140,0.016022968665661844,0.06462654134063053,0.013742723183355605,0.026864810393939047,0.8787429564164129
141,0.5551549935268233,0.1564532424728164,0.0007189033305105951,0.08084414399966927,0.20682871667018038
142,0.2861521357580046,0.6098301963721091,0.002848003726174757,0.07109162990969543,0.03007803423401604
143,0.45459368233862196,0.3085849894205944,0.0023079711267854582,0.042197541027589575,0.19231581608640852
144,0.23000036622725864,0.48913593985359666,0.0017410762133372147,0.11506163585845144,0.16406098184735604
145,0.10792169968208953,0.671671671508845,0.027778564461126514,0.020823729444069832,0.17180433490386918
146,0.2810385880225962,0.5564732909403746,0.002034443363350495,0.11665161932417893,0.0438020583494998
147,0.23418304274517932,0.24871202420256613,0.0013876092711021745,0.0741471443010326,0.44157017948011973
148,0.38477874486925767,0.38716136078479907,0.002112505308083183,0.030843379732579293,0.19510400930528066
149,0.2566355464328039,0.6160794093718035,0.00715645005554816,0.019982414869780377,0.10014617927006414
150,0.44405743239331513,0.3622222392266491,0.0014847157176178967,0.022979003755516397,0.1692566089069016
151,0.3325315855560165,0.5999632491848722,0.03811633877770538,0.002675896177685833,0.026712930303720215
152,0.49332944016830166,0.40699920962587366,0.013738612817341078,0.003993343067261917,0.08193939432122165
153,0.17399119139809108,0.585470008596429,0.06965129905305753,0.001970770878084024,0.16891673007433838
154,0.5605898294922147,0.33002160635203165,0.013571195115089807,0.0034997972655167755,0.09231757177514702
155,0.2594097695851089,0.46249997237758944,0.055272274081585096,0.004890210998397565,0.21792777295731902
156,0.25511195191215114,0.6761004408079582,0.023989416502071786,0.002617737013318605,0.042180453764500275
157,0.30556815439801416,0.48065042994276774,0.08751419978424209,0.0027655129144442537,0.12350170296053174
158,0.174015375007816,0.7173882278251047,0.03154331928508125,0.003756042541171953,0.07329703534082602
159,0.17915999488107395,0.7527323377317217,0.020662266431743355,0.009271350753712526,0.03817405020174856
160,0.14370857109223095,0.6082870943213228,0.08152227594356502,0.010957532355293127,0.15552452628758817
161,0.06434999784017181,0.856863123501828,0.03618369018859557,0.002863212326406512,0.039739976142998165
162,0.05148580191091204,0.557365909807398,0.3400243562450401,0.006462089681507248,0.04466184235514257
163,0.06301388884627554,0.590509944862354,0.33339029476013016,0.0014005754999174985,0.011685296031322866
164,0.2402882218939955,0.5807544808285827,0.0475680138912835,0.004622241944881503,0.12676704144125692
165,0.13674659021002958,0.34849839626831336,0.4355761592466759,0.00507477982450637,0.07410407445047473
166,0.09424607224568196,0.414370858654433,0.11607366103900663,0.0059925026260815835,0.3693169054347969
167,0.0949848444159806,0.1183378420094655,0.09453488756136823,0.009433008279698053,0.6827094177334876
168,0.34936055205506295,0.20803087322363467,0.0063116743267142275,0.006879525144520525,0.42941737525006773
169,0.3841120422513476,0.14608335686118254,0.0008829240652471732,0.012146080490307852,0.4567755963319149
170,0.22805101633954494,0.3660062857171444,0.0052616854843639945,0.027397876172075498,0.3732831362868711
171,0.37143588499547303,0.28990378524364935,0.004725522976074216,0.04604225955745129,0.2878925472273521
172,0.010537513216795535,0.01906623852486518,0.0015039093341214786,0.0009157662993516112,0.9679765726248662
173,0.09884014984552941,0.03216571217265925,0.0002321142862550918,0.0008833153617407997,0.8678787083338154
174,0.27098464132750416,0.31060376656170074,0.0062432127438497974,0.002474746321543873,0.40969363304540146
175,0.08956115830513751,0.20082967572015342,0.03644959459583372,0.011660650252458086,0.6614989211264173
176,0.08973984767229155,0.13182987508317864,0.04765064401177554,0.015333242747590129,0.7154463904851641
177,0.2124443311442566,0.09601824971197259,0.004498855912386915,0.052657234287439056,0.6343813289439448
178,0.30165215664054607,0.24914210398710077,0.014446987839909161,0.032548897137363364,0.40220985439508056
179,0.08310710346130665,0.7213393985468866,0.04417622299380511,0.01264474706527158,0.1387325279327301
180,0.21054887801561425,0.6506248064294209,0.007893467657367129,0.00922388303121696,0.12170896486638068
181,0.030372244945271333,0.12257134441756548,0.054790715041215035,0.004713661662149722,0.7875520339337986
182,0.09697499620839964,0.4696672827621199,0.16397103228731605,0.04867302658203304,0.22071366216013147
183,0.03896930069624277,0.09216664218033697,0.1040080102546774,0.0033643746643463143,0.7614916722043965
184,0.021614665330486227,0.037060276368512605,0.027191483585588774,0.0036582443643474686,0.9104753303510649
185,0.2935433204416797,0.17104978308834307,0.0027251287958866203,0.02413147036846367,0.508550297305627
186,0.15984332743468388,0.16356874113792277,0.0015288032237273385,0.01273273088625646,0.6623263973174095
187,0.30701577018383913,0.29415177708558826,0.00842000857772569,0.010583362887467283,0.3798290812653796
188,0.2582908825794131,0.43897105470447817,0.0028030776245153793,0.009623165987185557,0.2903118191044077
189,0.2611788993793356,0.48271317596938446,0.0063370817043249955,0.020161862503295824,0.22960898044365902
190,0.062177440447773305,0.8198035303440223,0.056238597785934756,0.005413175576927369,0.05636725584534241
191,0.10085128510251165,0.7323010186600618,0.01274979894178612,0.011503307352144419,0.14259458994349605
192,0.24271297784680074,0.6403939553778761,0.0018984959958873355,0.05301885592490294,0.061975714854533
193,0.09989314502208696,0.8275870996064415,0.0029251225985531966,0.021516412146323983,0.048078220626594295
194,0.05211641600469841,0.89627674540292,0.016495952809378066,0.01912015529110753,0.01599073049189595
195,0.16000228537436534,0.6818224701997886,0.009699953622550885,0.029398207240906138,0.11907708356238916
196,0.08142566723686097,0.8302574791939985,0.008909825947541907,0.013631077864523061,0.06577594975707556
197,0.08526225752265076,0.6317487828768672,0.007672265697884619,0.011090922257549535,0.2642257716450478
198,0.171075179388619,0.6547432784848595,0.0016868617453323106,0.00946749929414549,0.16302718108704387
199,0.26492123114840516,0.6515259247346004,0.004346159542279103,0.011936167849023151,0.06727051672569218
200,0.04087893640989957,0.3634410107761662,0.007933208231844605,0.0016180648260388534,0.5861287797560508
201,0.3396396607242634,0.5669573027593549,0.0012973783704752116,0.024400014796416274,0.0677056433494904
202,0.06514688197258425,0.8946887424109597,0.012319813651898576,0.0032597225998851854,0.02458483936467209
203,0.21960381108985774,0.5233713778615833,0.004755767394486361,0.048402625263094044,0.20386641839097855
204,0.1573104729072827,0.5618903106372723,0.011241508890732744,0.02701017981079291,0.24254752775391925
205,0.017928123653487536,0.9679720380831989,0.004879524650540558,0.004193625037850471,0.005026688574922764
206,0.2600660465477247,0.6251635726996193,0.011835725953855018,0.037219677841096324,0.06571497695770447
207,0.03160908741501243,0.8609677728480866,0.04896942300609335,0.007473252142671996,0.05098046458813564
208,0.018098065177109827,0.08876400585667722,0.006706194462318836,0.04817656011584174,0.8382551743880523
209,0.12281707544943038,0.04154443099690752,0.00024197588001976362,0.006117094938201919,0.8292794227354404
210,0.4855415310941248,0.37488745089473746,0.000994584495350213,0.021385184254913023,0.11719124926087443
211,0.19258897116671933,0.6118358383386808,0.0027258038146890443,0.01876024198875137,0.1740891446911594
212,0.1259199569189896,0.7360255958630869,0.004340712295408126,0.050100985437914525,0.08361274948460104
213,0.0841712216865412,0.779059831135399,0.0049526625385435995,0.04988540920315563,0.08193087543636064
214,0.25448286886615207,0.443106699461196,0.0009037642986171974,0.13939185000446078,0.16211481736957395
215,0.33247880085220627,0.2365522174874554,0.0006530493739033145,0.2386680914010865,0.19164784088534853
216,0.38048994299318867,0.29811789489075585,0.00023777991867832046,0.263773156803688,0.057381225393689034
217,0.27645676478751424,0.20066381600255861,0.0003077197226784475,0.3284730545153304,0.19409864497191823
218,0.14017878135548223,0.12112392862710672,0.0017221049328853882,0.07288575937567729,0.6640894257088483
219,0.09659846495663918,0.09976667525827702,0.0025653432640951545,0.10906240025493343,0.6920071162660553
220,0.09865073833327512,0.08622262838197557,0.0005121022586018301,0.11133094853632118,0.7032835824898263
221,0.123568923166425,0.04923178176398397,0.00034777548932842737,0.774948293514736,0.05190322606552664
222,0.034663077534577445,0.02594666760095061,8.053487301399665e-05,0.8718474311178301,0.06746228887362789
223,0.04634013753022859,0.036166523187076395,9.908063242911469e-05,0.6955202738225222,0.2218739848277436
224,0.05775851439088241,0.06967831456384943,0.0011672716645980993,0.4473562581616045,0.4240396412190655
225,0.045891973944538804,0.032421216815712195,0.0001528129792678623,0.4461678794439343,0.47536611681654684
226,0.05035049387439986,0.009930637117421315,6.938352668466642e-05,0.6590451741552641,0.2806043113262299
227,0.05069162251899898,0.01695794671644715,0.00014985533063818863,0.7976313978756129,0.13456917755830283
228,0.014616669520958688,0.008516781267057766,0.0004742192248998607,0.1657084515969976,0.810683878390086
229,0.05724772245122391,0.011280809216033912,0.000514907067877392,0.39812970556517363,0.5328268556996911
230,0.041786898831613656,0.014407335824536684,0.0005415004415250679,0.5925297402338167,0.35073452466850796
231,0.008095295071453984,0.005105832790640698,0.0005081363256685728,0.03563056290177835,0.9506601729104585
232,0.02114217380952267,0.00479717388811788,4.27067514981559e-05,0.14149478264621038,0.8325231629046509
233,0.07258783908972569,0.05854962280943559,0.0019392432877904343,0.29013834619122864,0.5767849486218197
234,0.039284221823077246,0.01405702359006639,0.00011360216233761693,0.03901263413056721,0.9075325182939515
235,0.19570846966120306,0.032161415827252654,0.0005806541591726828,0.28335770679593014,0.48819175355644157
236,0.038708453575885295,0.023817266727269287,0.00026650778958427505,0.2495487167841518,0.6876590551231094
237,0.045295743120347995,0.018919424344470907,7.201053640125985e-05,0.4858288457201426,0.44988397627863713
238,0.033337518815249136,0.024925466962952288,0.000199763003639821,0.7665474439880702,0.17498980723008864
239,0.026079769086407422,0.022839294951495264,0.0004953997372033207,0.041229472109717585,0.9093560641151766
240,0.04453786428431558,0.016547738937456348,0.00012458841560175957,0.8560704359746942,0.08271937238793206
241,0.03596159312707129,0.06303334544493236,0.0016017820662272665,0.5640192887601476,0.33538399060162155
242,0.033181233759873974,0.016929904060768452,0.00019902052759181803,0.2783588283935629,0.6713310132582029
243,0.012327358748973808,0.007088769373241849,6.0370041090312935e-05,0.8768030591270944,0.10372044270959963
244,0.02880279103175442,0.018284218065530784,0.00018742257734406505,0.8562003764636156,0.09652519186175526
245,0.013332017232075933,0.012099897596637649,0.0008884079185970249,0.15151456245798423,0.8221651147947052
246,0.04622894574791071,0.0064330032023109645,5.173874353935581e-05,0.10214965426348971,0.8451366580427493
247,0.020453400249228225,0.022828371932204525,0.0010603866546613867,0.051260445419499555,0.9043973957444063
248,0.3974618387168888,0.05884584675219904,0.0006428821812855108,0.3554603103824588,0.1875891219671679
249,0.399305006731407,0.05358261688905008,0.0008196163456756474,0.3322945872396983,0.21399817279416897
250,0.36511655946557886,0.06715562157774468,0.0015681062591061713,0.32395424574755205,0.24220546695001816
251,0.4994513139086852,0.10474140701397469,0.00032303494621633,0.28315627559239365,0.1123279685387301
252,0.5262129133132813,0.12561695304756415,0.0005616824764797595,0.22204280220060998,0.12556564896206465
253,0.4359657725470536,0.19580863938521184,0.000452963947112332,0.33830857784496593,0.029464046275656224
254,0.377268109879997,0.20778592662854276,0.0005549039441748557,0.29743610203555554,0.1169549575117299
255,0.19111479353412808,0.468394682662939,0.0008339601336583131,0.15313268763000898,0.18652387603926554
256,0.2713588301780499,0.2774692633555191,0.0017197034850558698,0.17333140519188597,0.2761207977894892
257,0.2312614703580907,0.1585573233985589,0.001017984487426736,0.14257925684788397,0.4665839649080396
258,0.5320745986345662,0.1363255882136038,0.0005196510041694159,0.178284382613412,0.15279577953424864
259,0.47968795100854156,0.1356438391900137,0.0006131044054783184,0.1484142735001982,0.23564083189576807
260,0.1200856654007374,0.04749515329601388,0.0005651569993693058,0.07665990127529661,0.7551941230285828
261,0.03360695445463135,0.020770337209282903,0.0010653903055022518,0.019247886426837217,0.9253094316037462
262,0.0944577705709213,0.013156893941414715,4.103557916675862e-05,0.008643972121706764,0.8837003277867905
263,0.009973680382428345,0.007191200983682524,0.0013764694744142028,0.0010134043466813877,0.9804452448127935
264,0.008224460206031544,0.003898750309739238,0.00014735484419725115,0.0021493498790766245,0.9855800847609554
265,0.022808401243168942,0.1169800813590496,0.006921834783095633,0.0012198807682152347,0.8520698018464706
266,0.011464889684669377,0.029994153244983404,0.015666170857448744,0.0031554528495259145,0.9397193333633727
267,0.0035030239077540387,0.016614290775619624,0.003999145907702151,0.0015917331342909626,0.9742918062746332
268,0.002919409298376223,0.0412043491979649,0.00011324023506711152,0.0020446998391664196,0.9537183014294254
269,0.2825085595912817,0.23871297348657783,0.0069586214446623555,0.004167246931971563,0.46765259854550667
270,0.00043217676094017084,0.0027458257976048436,0.4246636170176289,0.0014682181940518806,0.5706901622297742
271,0.00022155807613224724,0.0004502386352015409,0.9533796745719346,7.020180388165834e-05,0.045878326912849696
272,0.0006742069965157303,0.002717574832469118,0.00015804838073361406,0.0014630722281061784,0.9949870975621754
273,0.0018582261005195462,0.0025666249477947966,0.0003823890629983994,0.03155523944997922,0.9636375204387081
274,0.003281428000863534,0.003259023579481148,6.0034217823156066e-05,0.017284082833284118,0.9761154313685481
275,0.005816883860775038,0.002143737638916059,2.2583411804387523e-05,0.009314705875682078,0.9827020892128224
276,0.0363453110789596,0.007869513923795066,2.6420123630176237e-05,0.004601997811915024,0.9511567570617002
277,0.5153949277934046,0.042750567416896125,8.48630800352919e-05,0.026987741684788905,0.41478190002487514
278,0.5315327507627737,0.05030422800959828,0.0001142547097273577,0.019594217457329442,0.39845454906057126
279,0.0657083557069147,0.03135171828975182,0.0028343494938178775,0.04523728652827391,0.8548682899812416
280,0.0015248535179663105,0.002137231308499941,4.4844021099019836e-05,0.013678332027708571,0.9826147391247262
281,0.003375925930781204,0.0026985900322268014,3.706505182307326e-05,0.015307251301912395,0.9785811676832565
282,0.21405744739554813,0.041528245421344055,0.00026056680291258017,0.034661932892343844,0.7094918074878513
283,0.6642528870301292,0.02740879217808046,0.00019180107533454664,0.03871551521076691,0.26943100450568896
284,0.07589713169894767,0.016935966117195247,8.747523553355234e-05,0.05279628270620062,0.854283144242123
285,0.3208712137306994,0.029752878695330994,0.000188241162791821,0.1756771806152104,0.4735104857959674
286,0.13569213163668398,0.028014010845050803,0.00024040137989125247,0.11914004032557284,0.7169134158128012
287,0.3662247629251334,0.04472059725521889,0.00028906865606926133,0.22961016087851063,0.3591554102850678
288,0.469505553268249,0.037146135859666904,0.0002954729922551136,0.3422777973932091,0.15077504048661994
289,0.3155556569062258,0.10780843645428946,0.0004899681581366594,0.4009547074334849,0.17519123104786313
290,0.4729711938324784,0.055197897766706465,0.000451347728669093,0.1753875922813518,0.2959919683907942
291,0.5396165547806342,0.06447157062351734,0.00029831524245133067,0.3016494886639329,0.09396407068946426
292,0.2841920967478995,0.14317835634162204,0.00045433147930929943,0.23403399664050753,0.3381412187906617
293,0.5322197749746417,0.09568971761407147,0.00022587796043622573,0.2566087327660403,0.11525589668481034
294,0.40989321257731987,0.10907545185962872,0.0002851806762272082,0.4325218196866363,0.048224335200187915
295,0.43577320743438586,0.08330941160428051,0.00019581885781837176,0.39277555133422754,0.0879460107692877
296,0.3466638287813242,0.12397100205993888,0.0005917536905742393,0.17635683189563747,0.35241658357252514
297,0.1948898604550812,0.0953295281021075,0.00017030404153070834,0.3056917505999576,0.4039185568013229
298,0.30735326901351395,0.11998285173021386,0.00033160726962125933,0.2589396637554453,0.31339260823120574
299,0.2591977432838256,0.26231127982043,0.002155314466649132,0.22637705847535344,0.24995860395374178
300,0.3659745360547658,0.10851708857640582,0.0002885974341257942,0.449130304159359,0.07608947377534372
301,0.09397733928690204,0.20735632950206886,0.0004416535817838804,0.6721509662001558,0.02607371142908942
302,0.0829389201720291,0.3137223399770786,0.0006717545047187004,0.5763100649303319,0.026356920415841707
303,0.18834138754022595,0.27147733795181017,0.0007002629578168158,0.51857883721776,0.0209021743323871
304,0.1366637301420677,0.23221604134716173,0.0005525969132363782,0.4225531071693404,0.20801452442819374
305,0.17293994716767686,0.09767886347845488,0.0003644621643391067,0.6063377795013891,0.12267894768814003
306,0.13392005601086862,0.10756439832154925,0.0028823567749029356,0.46554557661415097,0.29008761227852803
307,0.12586808051671255,0.32093392108965474,0.001060811065142783,0.41615716910971545,0.13598001821877442
308,0.09693391776686297,0.112086731134935,0.0007489031656490655,0.4687846657237502,0.3214457822088027
309,0.10846608437844028,0.08920584625278494,0.00047048341699256136,0.739316539013205,0.0625410469385772
310,0.18699169217590345,0.153507512639441,0.0005342346148654515,0.5988011863159053,0.060165374253884726
311,0.14723142515597182,0.16586119379623704,0.0005196070159567105,0.6205895028610158,0.06579827117081857
312,0.1687196573736077,0.25404620996080746,0.0004666720130003598,0.49881074750122617,0.07795671315135817
313,0.31009860442574566,0.31172503250207123,0.023275746899340203,0.15305122626760626,0.20184938990523674
314,0.25981633756845485,0.2700010424404899,0.004013283435061103,0.07352617410012498,0.3926431624558691
315,0.2175297066576955,0.43389931668807075,0.053138118388138186,0.02484504189624605,0.2705878163698495
316,0.055118887029929224,0.17477314097156707,0.0039323027793336,0.0063426912250634055,0.7598329779941067
317,0.3217114826640676,0.4598940789020912,0.0012567908918284252,0.016368054721254705,0.2007695928207581
318,0.2702557890113709,0.44257366882376087,0.016506771356004354,0.058876782349280496,0.21178698845958338
319,0.06257268719163353,0.8653133377545554,0.016174166303926433,0.014340628958030016,0.04159917979185464
320,0.18841537188032087,0.25092263627475225,0.028422548873185755,0.07857148680976138,0.4536679561619797
321,0.35512735946241497,0.29547987281637494,0.043393394119052166,0.05468852505749053,0.2513108485446674
322,0.09498938869144356,0.6052342097229564,0.012439633535232118,0.005544288304800773,0.2817924797455672
323,0.2822261965733822,0.6244048510047687,0.0031150611235993544,0.04398192477691726,0.04627196652133257
324,0.07580513081662464,0.883943164617082,0.004971743343291634,0.021855367783391595,0.013424593439610135
325,0.07587666031221468,0.19476422999284876,0.0016748779182348204,0.014425940844958138,0.7132582909317435
326,0.09820493072784127,0.5833246896245029,0.014169838293462488,0.13032976763296739,0.173970773721226
327,0.363043331547668,0.14640883953744127,0.0002781956616072252,0.10857351175281742,0.3816961215004661
328,0.1462365557395504,0.6835369135301007,0.003169436860578506,0.03983979090815105,0.12721730296161934
329,0.052029796128326554,0.010809552248067154,0.002254230845489698,0.01795763743085075,0.9169487833472658
330,0.5232414346165235,0.08378516114883539,0.0004642146479333281,0.018972763792541553,0.37353642579416607
331,0.4204878978013268,0.0951146104371001,0.001133965650975702,0.018891375191495478,0.46437215091910194
332,0.294344323509383,0.6750855379900892,0.0021974244573641738,0.005790378256046812,0.02258233578711694
333,0.3173635234341435,0.6079507784108562,0.0044209532242780285,0.021239962642616815,0.04902478228810555
334,0.12578308943033076,0.8312453949299536,0.0041369008415421136,0.008049076642757945,0.030785538155415283
335,0.03555246830558073,0.8967809275609723,0.03921945487391435,0.006884754013828291,0.02156239524570427
336,0.0860844560956996,0.7832080847069114,0.10738667455173255,0.0081412714239101,0.015179513221746408
337,0.05353504956682651,0.6741414078786139,0.26056956616550503,0.005840673264618041,0.005913303124436487
338,0.034416438703916426,0.883726600733688,0.05897807920711956,0.002959445628169584,0.019919435727106426
339,0.005824641581052496,0.6596744524895602,0.33198324515726124,0.0008774451867860725,0.0016402155853399523
340,0.009207086223752279,0.7012584957536822,0.2805422175909246,0.004691427593153408,0.004300772838487657
341,0.03479150805433284,0.4943241053658458,0.39106330253153593,0.05078410883538808,0.0290369752128975
342,0.008488092938710046,0.22008400451645144,0.7558482143562805,0.012211515814666899,0.0033681723738911407
343,0.02244822788081603,0.6671895852301712,0.2737332088600056,0.02030302803451133,0.016325949994495704
344,0.022824193752629007,0.24745414702393836,0.6908152210537083,0.03348929751646347,0.005417140653260745
345,0.026879365792931157,0.7729160059091205,0.16217851189823723,0.025118236622909688,0.012907879776801363
346,0.032292498092647455,0.8903620742106235,0.06432382824303227,0.007179747273697973,0.005841852179998623
347,0.040552010605385165,0.9152139296464716,0.028535805816595882,0.0078531137520878,0.00784514017945972
348,0.053728731559928904,0.8337887632525939,0.08464126687734397,0.012970358854904891,0.014870879455228338
349,0.05796435704281792,0.8809229934316687,0.015049266523523647,0.0056394875138984805,0.04042389548809106
350,0.04417324683776935,0.9308988002109048,0.013032982217079712,0.004165302253598201,0.007729668480647979
351,0.11145907713145305,0.6844588680941202,0.18881096147023274,0.005542381430688774,0.009728711873505167
352,0.009114156035822711,0.58055606964512,0.4068470446009255,0.0009173922266985011,0.0025653374914332795
353,0.08947840554491233,0.7906764555833499,0.09884994567663613,0.002418583203798603,0.018576609991303204
354,0.032544277221428004,0.39525589182146104,0.5665292888916031,0.0016404411273216288,0.004030100938186166
355,0.04416230530429429,0.7045907803154694,0.24290161414189929,0.0032761222266771413,0.00506917801165981
356,0.027637855975205093,0.24456443629731822,0.719172348455389,0.0043178113458032736,0.0043075479262843445
357,0.0030073971216209587,0.13725709401650457,0.8586956480581247,0.0004810173815472099,0.0005588434222025939
358,0.003618956365668572,0.2642844116156252,0.7303574157846408,0.00039167142640584326,0.0013475448076596748
359,0.014544614655540626,0.19866130952899916,0.7845133295447686,0.0010859622400352198,0.0011947840306563524
360,0.000545689522706774,0.14482773020864187,0.8542476673857924,0.00011914823051253944,0.00025976465234659086
361,0.00479718906221572,0.16461047838654164,0.8289107408870168,0.0007744625400202593,0.0009071291242056135
362,0.016149794614166598,0.257205110276025,0.7235166468372365,0.00117589460548768,0.0019525536670844613
363,0.003778740374313691,0.24967440599213842,0.7446971797373307,0.0006216649654549012,0.0012280089307621753
364,0.03233394485347391,0.3083896302068214,0.6533364743685603,0.0022410122057469383,0.003698938365397369
365,0.035908971895940174,0.34607582839962814,0.6121208829969188,0.0026520343122747245,0.0032422823952381785
366,0.024857446831032703,0.3197480315270774,0.6526743431441231,0.0007448797334646851,0.0019752987643019593
367,0.027419679004953124,0.1869536950721705,0.7838173621976396,0.0003704237182473835,0.0014388400069892894
368,0.018171899161101963,0.14557486868835753,0.834167503591033,0.0004447138127017703,0.001641014746805771
369,0.0064833218279212726,0.11409380639852612,0.877436340361945,0.0003836387976492562,0.001602892613958374
370,0.005798322752034072,0.12611136822453395,0.8658472729994168,0.0004335298182438529,0.001809506205771383
371,0.007972912523572974,0.11329208767175036,0.8770409259966273,0.00022503824908815586,0.001469035558961124
372,0.002780732982380223,0.08257044116343891,0.9131756994371325,0.00020589756981825676,0.0012672288472300247
373,0.0071696875504443725,0.07828086653446426,0.911244669722299,0.00041389675884586247,0.002890879433946526
374,0.010789720742314088,0.17084785551555035,0.815984539043167,0.00043805937861573856,0.0019398253203527815
375,0.025119520467446522,0.11508010577127321,0.8545807623638731,0.0006220395222174303,0.004597571875189671
376,0.020020130982963645,0.11292290615844458,0.8651307009147291,0.0002473034500921033,0.0016789584937704455
377,0.022270902830070834,0.19291643272617867,0.7814226773207016,0.0006296728619307686,0.0027603142611181417
378,0.0018678374216206089,0.07233685604223376,0.9250015319609219,0.0001062536434218768,0.0006875209318017717
