epoch,N1,N2,N3,R,W
0,0.0013908424642268386,0.0009916037891630608,4.07562856243592e-05,4.0117740487918963e-05,0.9975366797204979
1,0.000564480703693154,0.0003041486489508415,0.00017623442533852,1.273593369566493e-05,0.9989424002883219
2,0.0015745256530987175,0.00020662540523363785,3.1958517866382207e-09,3.0086920737275105e-05,0.9981887588250785
3,0.00369403847745918,0.005100713359825222,0.0017227150351399622,0.00036362442026038454,0.9891189087073153
4,0.0020387043768200137,0.0006295033128653081,0.0001770869462597466,5.852520143448132e-05,0.9970961801626204
5,0.006705256485678444,0.002836783521519942,0.0010905432905361472,0.00019951526789017455,0.9891679014343754
6,0.00037185496054428503,0.0002471739053411344,5.74230069215469e-06,1.2053627313953995e-05,0.9993631752061084
7,0.0006704625822867893,0.00031594759293727286,9.355021503555866e-06,2.0254476803423342e-05,0.998983980326469
8,0.0012115156059429998,0.000408412261152839,4.596059899698962e-06,4.014538905623043e-05,0.9983353306839483
9,0.0016891215885134548,0.0003415746232555664,4.155849450001396e-06,5.543386190989801e-05,0.9979097140768711
10,0.0008351291655124783,0.00040003798530039916,7.3401125094855165e-06,4.743149425144777e-05,0.9987100612424261
11,0.0025750396439322473,0.0008610486868487155,1.4012303400135323e-05,0.00015309139382338772,0.9963968079719955
12,0.002494231747178472,0.0007966849394971542,1.6512644935501926e-05,0.0004476052480721315,0.9962449654203168
13,0.007364746891823911,0.001384042991737233,2.728988741849085e-05,0.0006422345354092419,0.9905816856936112
14,0.005222653854747009,0.0005143955707332548,1.7395164890495052e-05,0.00039044018133399294,0.9938551152282953
15,0.007824001079101436,0.0006296015303404755,1.8424204054194716e-05,0.00047196451773286923,0.991056008668771
16,0.005644727602257054,0.0011208527210153747,2.3206418285762978e-05,0.00033115979621989674,0.992880053462222
17,0.0013759491999855754,0.0004350312210934243,2.6253226031470532e-05,0.00018237114656667722,0.997980395206323
18,0.002797260171708307,0.00046235425753016933,9.604154738714824e-06,0.0002925106587902044,0.9964382707572326
19,0.0030360099947563573,0.0005645282853085709,1.174360023295936e-05,0.00017029585329715588,0.996217422266405
20,0.0011263239017780694,0.0005439431733517667,2.8164739806115352e-05,0.00015105972268713772,0.998150508462377
21,0.01479402632153715,0.0039093160680088775,2.8520545860321473e-05,0.0008193425167591209,0.9804487945478345
22,0.047009257983401616,0.0036185161000331094,3.252199538418689e-05,0.002250742496372329,0.9470889614248088
23,0.010035768455583915,0.0010047704045564989,1.2947600598186148e-05,0.00043204494552177066,0.9885144685937397
24,0.007664966759936309,0.0009023510684256951,1.3005114982998027e-05,0.0005189037596209931,0.990900773297034
25,0.0010112741557036199,0.00036386227541373225,7.01640953444894e-06,8.862031061280197e-05,0.9985292268487355
26,0.0006847476302038637,0.00039162186268040203,2.093412337421444e-05,3.6819393463595704e-05,0.998865876990278
27,0.0022153710643488768,0.00031198104817588485,4.174711120941216e-06,9.661985831283498e-05,0.9973718533180413
28,0.00031268080317883184,0.00030885003959931986,8.082121466437854e-05,2.2541380011201747e-06,0.9992953938045562
29,0.006126222712071221,0.0007049012485477998,1.1732076388862563e-05,0.00015569283083104556,0.993001451132161
30,0.0005518957105019822,0.0001736416132300984,0.00021825320918764102,2.9828059836520294e-05,0.9990263814072438
31,0.00033179288617819547,0.00014324486828857168,0.0004002752095018637,1.7948455192905956e-05,0.9991067385808385
32,0.0008585855574386917,0.00034476881583255496,1.5012785121668155e-05,3.156912276764001e-05,0.9987500637188395
33,0.0011620080916381547,0.0001768876556949707,1.2999376912269315e-05,1.8106064694557087e-05,0.99862999881106
34,0.0013906028297664332,0.0002557607515650629,5.60031734903399e-06,4.220211795933754e-05,0.99830583398336
35,0.0020201907134770173,0.0002787737254384729,2.2079148938811943e-05,0.00013099740166182313,0.997547959010484
36,0.010808614758970422,0.0004670343944891125,2.1600797922464474e-05,0.00029017639439665396,0.9884125736542214
37,0.03915951036665368,0.0006180743546870505,1.5903608715275393e-05,0.0005510697788376944,0.9596554418911062
38,0.13486496822505972,0.0027293584609610106,4.819908414217012e-05,0.0036235539238400408,0.8587339203059972
39,0.44763036818659924,0.008988079296554825,9.880457910880882e-05,0.0060616644494747365,0.5372210834882624
40,0.35143959937621955,0.012298027957816485,0.00010998539720713166,0.008715946970538914,0.6274364402982179
41,0.372578538798468,0.006761448286964146,5.533033893355707e-05,0.0055756759103515125,0.6150290066652828
42,0.6604034503027901,0.03273835834912333,8.319935749897827e-05,0.021390664385805412,0.2853843276047821
43,0.7128951987498013,0.13944928654300348,0.00012853448485664512,0.03243449767141742,0.11509248255092117
44,0.7966373487666534,0.0680855681822326,0.0024798097312697187,0.037513179596363626,0.09528409372348066
45,0.5148394652706236,0.3268293971057788,0.0019067026363988326,0.12745331571818147,0.02897111926901729
46,0.35929308131433396,0.3489891420506939,0.0028463831426878204,0.25225618092492796,0.036615212567356524
47,0.24198949750994547,0.5239369786254188,0.007914393648779789,0.17256670457315612,0.053592425642699976
48,0.30410546009022554,0.5230437408804021,0.003409289957136101,0.11390432106899782,0.05553718800323847
49,0.18100907947154446,0.7043438714486668,0.01655052460392534,0.05203058604953082,0.04606593842633246
50,0.245404099130127,0.5880340019629486,0.006550711753087666,0.11481842002879773,0.04519276712503897
51,0.17675409438444947,0.6691989050789359,0.010233664861038399,0.0992701493299123,0.04454318634566384
52,0.1565719039422852,0.7013891066270652,0.005178512933538975,0.09013405428169785,0.0467264222154128
53,0.05988187883401408,0.8865745852202379,0.010923413014164591,0.031137289026897202,0.011482833904686119
54,0.0773150557596734,0.8494351619868187,0.01600052116428111,0.0335571836486062,0.023692077440620584
55,0.049580819890590246,0.898982649304117,0.018376161734534855,0.01886996544306691,0.014190403627691167
56,0.06309651563721078,0.8867600499522151,0.017263385726765328,0.01996458565540186,0.012915463028407001
57,0.01909184522751914,0.9420909667918894,0.013633537150452181,0.014961947632290465,0.0102217031978489
58,0.02864900992608953,0.9308132850182843,0.027411922705825167,0.008122274084809422,0.005003508264991233
59,0.014449394077653973,0.8529380977886402,0.11854687038619482,0.0048661329595652315,0.0091995047879457
60,0.012586941515881574,0.915146157550622,0.05549770583553356,0.008462862876394188,0.008306332221568678
61,0.007895972276206304,0.8014469312778125,0.17979013257570478,0.0017645899455404845,0.00910237392473594
62,0.11767367654244876,0.14955444965919307,0.0019234700926061396,0.002134701641533007,0.7287137020642191
63,0.05783080159521567,0.9181850153939507,0.008933892601221623,0.0034044241455932567,0.011645866264018756
64,0.03231816863054315,0.9188979654535161,0.038261695132869845,0.0017574475112465391,0.00876472327182419
65,0.03870183986516967,0.9337212637968638,0.01921629196379802,0.0028513204318785573,0.005509283942289797
66,0.014736544194646225,0.9266705809853137,0.05382004002158183,0.0012358121697502778,0.0035370226287081146
67,0.03940017717478044,0.9404780081221994,0.013252882359311689,0.003791719544606619,0.003077212799101975
68,0.007584082576530903,0.8844365332136315,0.10464367532085395,0.0007174743281242373,0.0026182345608594454
69,0.005672686774733284,0.8603921477281399,0.13119736551257433,0.0005885109271461543,0.0021492890574062403
70,0.004276354856345184,0.49941204979503373,0.4937156878770387,0.00037332615661499874,0.0022225813149674162
71,0.009377076239145448,0.8138021747928736,0.17269506495666967,0.0008091599941784691,0.0033165240171328858
72,0.008462306702761074,0.7695672093846772,0.21917991641717355,0.0006477295322483222,0.0021428379631399175
73,0.0048103400782140765,0.4185740404100465,0.5751608495558378,0.0002511112458493539,0.0012036587100523561
74,0.0023424012291613575,0.5499703258146156,0.4456771379865691,0.0001792953150747255,0.0018308396545793026
75,0.002824007688931659,0.3754125556542328,0.6197336142127252,0.0004317875701374279,0.0015980348739728653
76,0.0018264958433187625,0.3097954165812931,0.6870726873893842,0.00020454417680356248,0.0011008560092003608
77,0.003364241460408354,0.6684129099305878,0.32599498840315916,0.0007091235425880053,0.0015187366632565481
78,0.0022680258469974786,0.30689250958044145,0.6890324201498219,0.0002450264467287502,0.0015620179760103907
79,0.0027702876541828045,0.27739499083899655,0.71804904731552,0.00018925515740718192,0.001596419033893394
80,0.0025065598284496754,0.45501385134639777,0.5398942120813909,0.0003735203725197898,0.0022118563712417785
81,0.0037031323565457465,0.25616614263380094,0.7390768238098463,0.0003205577777049302,0.0007333434221020337
82,0.001404905066920357,0.21294877948511348,0.7848451845168406,0.0001272979382396845,0.0006738329928858788
83,0.0016358807329071128,0.13581481303676593,0.8617252137010929,8.58252048527895e-05,0.0007382673243813173
84,0.0031143802102640166,0.238261308899377,0.7569627068993109,0.00032783559414649644,0.001333768396901518
85,0.0005792793398947076,0.16822596424605774,0.8303667023904684,0.00015023171220849118,0.0006778223113706164
86,0.0006494909892587501,0.2135678345057094,0.7848472414234311,0.0001351607517092687,0.0008002723298915119
87,0.0006709672059909533,0.25040718715770066,0.7482083533928486,0.00010004805098140249,0.0006134441924782199
88,0.0005850224501811749,0.12466887401837054,0.8741332201281018,5.5979096454607716e-05,0.0005569043068919227
89,0.0015311849727193208,0.40544794217896307,0.591397005582657,0.0003343369157820006,0.001289530349878574
90,0.0007537811197199155,0.14827278054885812,0.8501399488862047,7.336106809118679e-05,0.00076012837712601
91,0.0010446331063152466,0.2941311235766332,0.7035014154234316,0.00015254937958372584,0.0011702785140364188
92,0.0019297578181118225,0.23091467608802205,0.7662608347679023,0.00010831925222324169,0.0007864120737406607
93,0.0027258822761530763,0.3566079802440506,0.6390712937156613,0.0002890709856036874,0.001305772778531421
94,0.0012032705514238942,0.1819803163660401,0.8159603935824179,8.048192562702192e-05,0.0007755375744912304
95,0.0007459948857198558,0.22054418381260424,0.7781188519791921,7.408681551482187e-05,0.000516882506969155
96,0.0006216918827150656,0.171677537306089,0.8269098630329318,3.705760989118278e-05,0.0007538501683729309
97,0.0006064450359525769,0.1866738407726006,0.8119199619733913,7.697915937676932e-05,0.0007227730586786822
98,0.0012549210963163195,0.17528114220527266,0.8227843466061092,6.981629668121225e-05,0.0006097737956206154
99,0.0005089373362393238,0.11759407361983044,0.8814440466483763,5.587755475083886e-05,0.0003970648408031572
100,0.0009383783785475668,0.1565577264785265,0.8419317213890668,0.00014329798922757436,0.0004288757646314416
101,0.002301814909085193,0.22003152799435094,0.7766673127363234,0.00029344135692656797,0.0007059030033140233
102,0.002097929391574479,0.40432303108518114,0.5920875920196456,0.000398410536477229,0.001093036967121572
103,0.0014230094366432706,0.2939707926238197,0.703715501646439,0.0001753325994745045,0.0007153636936234018
104,0.0009548375612622826,0.24055146800275437,0.7577716947986392,0.0001628699464143382,0.0005591296909299144
105,0.0011341661278629115,0.13335394845133539,0.8648386343114771,0.00022962844338027876,0.000443622665944166
106,0.003328418097442038,0.2842766803460383,0.7088899239283953,0.0020101138827148877,0.0014948637454093969
107,0.0023295905633568385,0.29880843027721365,0.6963335559094197,0.0012053475560825939,0.0013230756939271952
108,0.01102034145585838,0.4008764223308761,0.5535986533672518,0.004437478093349871,0.030067104752663797
109,0.08563678634344883,0.2872195698568954,0.00204753210731309,0.011721261639214327,0.6133748500531284
110,0.6150300118241998,0.22205235602228174,0.0013078118372591618,0.040375022950802246,0.1212347973654572
111,0.23813143650249108,0.24125852236840822,0.0018402912344031939,0.006136879899611587,0.512632869995086
112,0.40417707161255895,0.07929917898059125,0.0003143075806539727,0.025433254688053887,0.4907761871381418
113,0.12111127747114227,0.027735819027451022,0.00019175102407409698,0.011066844629705358,0.8398943078476273
114,0.6477236771118728,0.193466920344979,0.0005470988523741798,0.06428430959044683,0.09397799410032726
115,0.4439831490415826,0.4384992683900342,0.0007593056223455018,0.04039348711616334,0.07636478982987441
116,0.427625302681781,0.314239600391178,0.0006263523670039969,0.18576548088886927,0.07174326367116785
117,0.08958611120230571,0.8361254223328598,0.002957784293394236,0.04704847300264362,0.024282209168796684
118,0.05241455909038375,0.8308643021476397,0.004030343996568555,0.09282846227352576,0.01986233249188218
119,0.05094790683583641,0.02992827055513846,9.174068484195167e-05,0.03890368427995843,0.8801283976442248
120,0.34902885597790567,0.29104698445414945,0.00024411039069545311,0.18743342063654955,0.1722466285406999
121,0.373423929094307,0.35910852348761985,0.0005781014491372666,0.09497769458645954,0.17191175138247627
122,0.6014792809093025,0.2600835131270907,0.00015813039845998097,0.03038474226390875,0.10789433330123825
123,0.3687668017483923,0.46400581940114666,0.0005659305731280094,0.12436349020034322,0.042297958076989814
124,0.22549139915314498,0.6618379964280381,0.0007068869374482382,0.09709561597598915,0.014868101505379734
125,0.0940713823734735,0.8512550585242616,0.0031920262803430952,0.0428013855650835,0.008680147256838336
126,0.04665024870141429,0.8882758423682607,0.004265353655800633,0.05230974126900866,0.008498814005515632
127,0.24555236193275243,0.5563137858085797,0.0006112141100384895,0.07588206037592582,0.12164057777270337
128,0.14679271174612588,0.7083370532859536,0.001991375150226727,0.13286542429115428,0.010013435526539523
129,0.34264491205229153,0.5205475410065818,0.00021622396566676314,0.09180675162526096,0.044784571350199004
130,0.44636022788151214,0.3827796737710093,0.000610980145917192,0.1373138628724367,0.032935255329124724
131,0.11665338108760188,0.7698462289814418,0.0012330290916882233,0.101813855420578,0.010453505418690008
132,0.23441409055195148,0.45795990384455243,0.0010642864712899426,0.283500436072823,0.023061283059383243
133,0.20337605604241965,0.24791115221130142,0.00022944276820831782,0.5037168736184834,0.04476647535958719
134,0.2442472039040347,0.48526971946666847,0.00030422148252739545,0.2213795279759782,0.04879932717079121
135,0.2298667794826387,0.571804673271678,0.0033521798957578397,0.13268989356850802,0.06228647378141733
136,0.09476011390976471,0.6641446719988389,0.0008904707770620973,0.23098073997226246,0.009224003342072004
137,0.051381005644224424,0.780567937068899,0.0010956346606216458,0.16095678177324355,0.005998640853011394
138,0.24157681927340197,0.17637336329415812,0.00035484461847940364,0.1426817777133349,0.43901319510062564
139,0.28833720868104123,0.1558099950211082,0.0004941283182689966,0.11128034422655314,0.44407832375302847
140,0.2924284869129416,0.6242685931605518,0.0010806139095939711,0.03875740255335468,0.043464903463557976
141,0.30359264174472067,0.611923310714543,0.002180864715574452,0.04473753266787849,0.0375656501572834
142,0.1463610474934405,0.7425223098400828,0.0010278808138946005,0.09871275049070316,0.011376011361879013
143,0.2746883731313053,0.14075787230184278,0.0012159679349148982,0.06995816053541036,0.5133796260965267
144,0.2722595546420014,0.6461381642312167,0.0014385008481941173,0.049125506308979154,0.031038273969608485
145,0.3216559946318309,0.3610254894739007,0.003478661226604736,0.023565465346568264,0.2902743893210954
146,0.5009762109594521,0.45552307318476887,0.0008007700885413277,0.02285365685098055,0.01984628891625708
147,0.3913378189297062,0.5703421215585587,0.0010804756499107851,0.015080120148793787,0.022159463713030483
148,0.11291406975629072,0.8703308138042314,0.003296404921697677,0.007629375835610787,0.005829335682169419
149,0.021549072187845145,0.9643256747116787,0.005352280339416048,0.0062029729922483436,0.0025699997688117984
150,0.012553482415284185,0.9771876152794287,0.0024832512110465423,0.006628817282438985,0.0011468338118013578
151,0.07398118918222017,0.8370685423836705,0.007560942840118502,0.005567100189426651,0.07582222540456422
152,0.1027248671467896,0.8721206812444116,0.004076444107150487,0.016437201368887613,0.004640806132760662
153,0.022910899265769957,0.8471587171906607,0.11907704261754737,0.006485833994914995,0.004367506931106738
154,0.27973428180692417,0.6560084761858576,0.0013297594105492925,0.05193226036814497,0.010995222228524008
155,0.03526443950119367,0.8498249430522379,0.08872445560627737,0.02009248213855174,0.006093679701739409
156,0.0633463270493784,0.8659926255478428,0.013838673980587532,0.048852012273385585,0.007970361148805718
157,0.0585011408097463,0.8389689836671447,0.024593884900052772,0.07139807748612202,0.006537913136934106
158,0.027654253577729104,0.8187771302733063,0.05358951330913635,0.09272011577509814,0.007258987064729935
159,0.09952034504887364,0.44553334233717945,0.0008690091853261051,0.43892647777010796,0.01515082565851288
160,0.2653270603883256,0.23151264486333123,0.0003691066072875524,0.32234765258360226,0.18044353555745338
161,0.08786651048502185,0.20054379243221143,0.0005475795840664066,0.7013646598863695,0.009677457612330959
162,0.13605881718003882,0.2414235050654594,0.0004262120950458532,0.6146878749784678,0.007403590680988065
163,0.1352045063857551,0.2682915609896354,0.0011125644839019618,0.5817626134355055,0.013628754705202063
164,0.09602834186267149,0.16252584227072497,0.00036154729078333707,0.7248210518448671,0.016263216730953038
165,0.15310298550164533,0.0849359894925971,0.0008495963187637862,0.37135765036584,0.38975377832115377
166,0.13420632439742428,0.19960696331274427,0.00033028764766162563,0.6229424643233906,0.04291396031877921
167,0.20033379101899362,0.1722220873451121,0.0005265314747022069,0.5702952221851715,0.05662236797602053
168,0.23895101499347216,0.06950186712888347,0.0002767793324343463,0.43938145115700183,0.2518888873882082
169,0.16434562397578012,0.09490126974657759,0.0004455329669684529,0.6782391967990596,0.062068376511614176
170,0.19557827836874864,0.17251043897238183,0.00048360270431570637,0.5849370656060529,0.046490614348501116
171,0.24156638752974335,0.10009045376977642,0.0014122133465102101,0.19186125527945483,0.46506969007451515
172,0.12507331838509883,0.07783698350888019,0.00026387194671138224,0.7478789270161165,0.048946899143193175
173,0.11100783186300914,0.06442938438407361,0.00014585407779447692,0.7851643554394597,0.039252574235662994
174,0.09264177446171037,0.04550730304477452,0.00017558124340960864,0.771808290334506,0.08986705091559953
175,0.04101730875527282,0.023907378022850274,0.00012462583383346813,0.8898471904392425,0.04510349694880089
176,0.04787447160275574,0.026009300814827847,0.0001881804992074825,0.8694825094271099,0.05644553765609907
177,0.05746272866802622,0.01655834338945316,0.00010703394305356268,0.8845105013240475,0.04136139267541949
178,0.08094766204037292,0.03284135446380093,0.00010752105037941702,0.842953233404555,0.04315022904089168
179,0.07260718313238217,0.024153018427702535,0.0001273462030041699,0.8790730304754933,0.024039421761417764
180,0.10440573634413053,0.04156153449234405,0.00013157429645836195,0.4945238808867476,0.3593772739803195
181,0.08315632484433218,0.043831892433463526,0.00015841264583358008,0.7828093471350414,0.09004402294132931
182,0.0865544510255668,0.10255140214568648,0.0008854059888767494,0.35089185580064675,0.4591168850392232
183,0.13667326317594353,0.0923459885514125,0.0005184250930103125,0.5332487896250769,0.23721353355455682
184,0.08096334044835714,0.09550513850053849,0.0011535499265696303,0.6055371629485378,0.21684080817599719
185,0.10069206993321017,0.07707982357819806,0.007139346732610516,0.14746983293166244,0.6676189268243187
186,0.05016863700180856,0.14059366133414514,0.0004365397827530301,0.354251847566438,0.45454931431485524
187,0.029889911189301357,0.014779902783534266,0.0005701781589410035,0.08178010291015039,0.8729799049580729
188,0.013626808097525278,0.0071945470699161735,0.00016296951002761701,0.013753121571814022,0.965262553750717
189,0.024973835676492046,0.015799482014364746,0.0004004020651406298,0.013063299188032663,0.94576298105597
190,0.009855142207643403,0.004237531915375998,0.0003788679303218497,0.0025110161778956214,0.983017441768763
191,0.26653254196887766,0.009815264569985506,9.058985304495321e-05,0.015456495412028875,0.708105108196063
192,0.015796686347403232,0.005274077972233925,0.00014842277635194602,0.0015505768573076512,0.9772302360467033
193,0.4612134907099895,0.015582163309238858,0.00010618016147267078,0.01537889833977279,0.5077192674795261
194,0.49233593730461417,0.022080365784588808,0.0001439785714464161,0.018596243582192615,0.4668434747571581
195,0.7066312138951626,0.0966928633774319,0.0002453069158151962,0.04355634609346142,0.15287426971812895
196,0.3949424855202741,0.10005586358902216,0.0003601581844079859,0.09004512689700546,0.4145963658092902
197,0.4321182165875119,0.3058713477250202,0.0011964759337106405,0.1746502508458766,0.0861637089078807
198,0.11523450734165185,0.6142641105797173,0.0019133416542253113,0.2198511677598915,0.048736872664514
199,0.08844092781155219,0.5424495214982102,0.0006033745156667129,0.3250366500520044,0.04346952612256651
200,0.10955864681051757,0.5571351846219833,0.0023956309117243407,0.3011445860949169,0.029765951560857703
201,0.10188587529676152,0.32403855334177345,0.00028775490958360666,0.540688111264756,0.03309970518712549
202,0.17618547648853408,0.11182009826770144,0.0009259825952527138,0.25069893872345517,0.46036950392505654
203,0.23796738103472304,0.11795357976234869,0.0002749980484141553,0.6009010875994478,0.04290295355506624
204,0.4394564794924153,0.2805611813590308,0.00325284325171334,0.16812910757775973,0.10860038831908085
205,0.24421952495935348,0.3902956586340873,0.0010111846602108992,0.3312617609527801,0.03321187079356807
206,0.16774333282271797,0.04812804800802971,0.000507977207760357,0.22469859725156924,0.5589220447099228
207,0.01402534665568641,0.035163409923910295,0.0045876742937834385,0.008367864128864855,0.937855704997755
208,0.8002049202763806,0.049519557736495,0.00015585378732084834,0.04694164275445306,0.1031780254453504
209,0.8022570422815355,0.1372015604344239,0.00020287981513745305,0.03278017984279399,0.027558337626109305
210,0.32236474882154253,0.5574632327574691,0.0033355387812343514,0.10083249254434827,0.016003987095405667
211,0.1075849122982481,0.5945553756431097,0.001706314745160176,0.28079680763624115,0.015356589677240897
212,0.045182215486757875,0.2005774672293579,0.00031978508888991025,0.7488575691015912,0.005062963093403023
213,0.06314339144741005,0.5908128608598029,0.0025345362051585863,0.33045572795472866,0.01305348353289976
214,0.05374595384671401,0.3954436592956175,0.0012922738763331005,0.5369098517468036,0.01260826123453174
215,0.04720755954335954,0.31204080947527485,0.001356319736418284,0.6280601124315786,0.011335198813368877
216,0.05778834502774124,0.08228252006434607,0.00020824138214829512,0.8360743302574745,0.023646563268289924
217,0.04355766491163893,0.054214365943276166,0.00011282197216680192,0.8906439014553117,0.011471245717606363
218,0.10048397483162784,0.2630507431815816,0.0021210818339869103,0.6177710732332166,0.016573126919587167
219,0.044135546908376386,0.154412972179915,0.0004602499917811137,0.7835018217863509,0.017489409133576574
220,0.02163298721581134,0.08417014931609408,0.00047708740382334955,0.8816512421013799,0.012068533962891245
221,0.026580646846934723,0.03937157909202349,0.00016039571865175881,0.9175600960986358,0.016327282243754196
222,0.05544960333992704,0.04665566890939448,0.0004232401276900918,0.8761596767626595,0.021311810860328854
223,0.053022606770315006,0.05854096667948098,0.00024425942897772555,0.8676196528443701,0.02057251427685612
224,0.03859363985727674,0.038072719209353886,0.00018052444505293455,0.9104948393750802,0.012658277113236078
225,0.032279416511699716,0.042047665514079985,0.0004283876383568802,0.8633865878957118,0.06185794244015166
226,0.03451161216567473,0.042915885308111926,0.0002138010320310399,0.9038059339142458,0.01855276757993644
227,0.05153090251722775,0.04540733294408436,0.00016319850078167587,0.8841254300829821,0.018773135954924157
228,0.06866881025141143,0.09440839862921488,0.0002556121008274092,0.8119441792303727,0.024722999788173616
229,0.0816090290835251,0.04409999925866951,0.00016246999391879492,0.8465653999089915,0.02756310175489519
230,0.08512055218311258,0.07620970411069736,0.00013674095859057036,0.8034474024809655,0.035085600266634064
231,0.09306569086011597,0.07307011785554471,0.0002137056455254777,0.8012769557732647,0.03237352986554907
232,0.130115090207655,0.09681455676319806,0.00023701846584089236,0.7495544184373197,0.023278916125986412
233,0.11428816737865574,0.11606208704558416,0.00022562576155270474,0.7315054678716005,0.037918651942606844
234,0.07625211383784929,0.11982204078111032,0.00026780512553507667,0.5520022693497236,0.2516557709057817
235,0.14286929575189045,0.08234640992193755,0.0002585982275666507,0.2946622279052894,0.4798634681933158
236,0.211145987625528,0.15837685228267512,0.00031739562774521285,0.5862470767283474,0.04391268773570421
237,0.3319376725447884,0.11768472727939128,0.0003980470335910187,0.39145058514476,0.15852896799746932
238,0.2999787168664975,0.2977945084639596,0.0019509452590701494,0.3173752857338423,0.08290054367663044
239,0.08998270964677108,0.05196048626933776,0.0008539387554645867,0.5282406770373336,0.3289621882910931
240,0.1418205808871423,0.16224801882023562,0.000496693358730439,0.4330694641941542,0.2623652427397374
241,0.05161634252201861,0.06310012380286098,0.0014866112042274259,0.03678986799388211,0.847007054477011
242,0.5198468331893857,0.27959437941053256,0.00039288553583002276,0.019762151891423833,0.1804037499728279
243,0.28819219971826704,0.11861494331308763,0.0008409718294448424,0.029092495029355663,0.5632593901098448
244,0.7757265351938069,0.1702712616095882,0.0005955774908611584,0.031037029773806613,0.02236959593193726
245,0.4357460353633287,0.12893546983732426,0.0014447984111243435,0.16018473785834494,0.27368895852987773
246,0.32492945989271477,0.4772760697599538,0.008051214898393815,0.14944838759811835,0.040294867850819295
247,0.17300445758506314,0.2147551831004089,0.002001246880002813,0.3240364344793949,0.2862026779551304
248,0.54096066130096,0.2253362003826014,0.006260755054347139,0.13622906149799893,0.09121332176409241
249,0.15264454073467762,0.6427612046505088,0.03520503429953194,0.10148714452794502,0.06790207578733644
250,0.20777125044218514,0.6602451984771861,0.01136174685273345,0.08793290327930456,0.032688900948590616
251,0.21082795609456947,0.5589326243634753,0.019507236460790247,0.15385295948729524,0.05687922359386959
252,0.13507402053107453,0.7200899262976801,0.008829818532686108,0.09603030306385629,0.039975931574702986
253,0.21546047680467056,0.33466489880557276,0.007780889451793185,0.135976182663887,0.30611755227407655
254,0.33062145397665155,0.3558783866157242,0.02475020857850824,0.15049186401109071,0.13825808681802534
255,0.22686130764790347,0.5128919202323585,0.01638649826570964,0.08197612131413246,0.161884152539896
256,0.2097739776979875,0.7111687019077432,0.009307285245078087,0.027249162494620317,0.04250087265457099
257,0.22694315706276474,0.14880960545562752,0.0012968738881549992,0.01594548741175297,0.6070048761816997
258,0.10489660592122468,0.06778763262684767,0.0020224699628755304,0.0019001129422133685,0.8233931785468387
259,0.6813222413619987,0.2413626641226404,0.0012970701949909364,0.008082371793995022,0.06793565252637498
260,0.43454017613292495,0.5053630736087996,0.004361639028738232,0.0036564725627437015,0.05207863866679351
261,0.11127841053082763,0.8729473860038506,0.007371643002212146,0.004349884924546755,0.004052675538562899
262,0.030095183302703842,0.9510956429121662,0.004333056475292754,0.011251590704906703,0.0032245266049303954
263,0.027726827234270897,0.9534010515066222,0.006270925356616714,0.01052136419924892,0.002079831703241204
264,0.02246179378368422,0.9503900137683983,0.010631082768914042,0.013958514656959652,0.002558595022043908
265,0.014619521062523823,0.9644072664844956,0.01299744444384864,0.006080181408092036,0.0018955866010399265
266,0.011404838505252432,0.9392579597838902,0.0446131004861199,0.0025083013355924975,0.002215799889144881
267,0.01414651776466861,0.9479661067186252,0.03204108451892783,0.002684405710669029,0.003161885287109325
268,0.017421528479782875,0.9498394949691396,0.02630410512647899,0.003280437354838335,0.0031544340697602807
269,0.010399130840030758,0.8536139249621829,0.12958029969568782,0.00388232972895645,0.002524314773142111
270,0.03288586813722692,0.9484652914340225,0.009293357755131229,0.005024108570105406,0.004331374103513913
271,0.028650578872269048,0.9422151616525886,0.02075682551058052,0.004771120027177843,0.003606313937384151
272,0.016433007961270944,0.8612952329395122,0.11514170068273563,0.003110778041259758,0.0040192803752215
273,0.020335644935821757,0.9668667299531741,0.007668014711236288,0.0034703680085965754,0.001659242391171289
274,0.009003173998767417,0.8612128267731435,0.1250095116617277,0.0020890106349981696,0.0026854769313630804
275,0.015676188643706505,0.9079193952435587,0.07053290675257524,0.002803506740132642,0.003068002620026952
276,0.00867439967776314,0.8509755688695426,0.13478206071311571,0.0025713903276370956,0.0029965804119413933
277,0.014099557675792114,0.7954878314705233,0.1837525135741116,0.003526478934553367,0.0031336183450195727
278,0.014275206896970172,0.8523913243399805,0.12721807751199657,0.0034270331648919685,0.002688358086160904
279,0.034211345042050215,0.9022561924293184,0.051039758780199965,0.006789530221267504,0.005703173527163752
280,0.01619781414164907,0.804304334317202,0.1726903774190959,0.0025125345288752273,0.004294939593177553
281,0.01294663607206117,0.818400875658839,0.1614935833606778,0.0037387377301794393,0.0034201671782426286
282,0.08986457016601926,0.3093980206757353,0.023205345197611596,0.0035119539977763676,0.5740201099628575
283,0.07403693061450793,0.8769216717969012,0.03639971657143428,0.005911776420353052,0.006729904596803452
284,0.06633360581536693,0.8172650455690678,0.04302822999218932,0.0042780031076072155,0.06909511551576883
285,0.1772429708312963,0.6354242163414078,0.10566438102297745,0.010722974705413245,0.07094545709890519
286,0.2806118952513307,0.5551406270635881,0.008090921361551163,0.023324448810248727,0.1328321075132812
287,0.6269480218538893,0.3044443867619288,0.0187908198349808,0.011816705323645973,0.038000066225554976
288,0.3894797569307873,0.5016482933412558,0.027147027116979767,0.017037369462774336,0.06468755314820288
289,0.3223623495099588,0.5324335537397613,0.03121916337007377,0.02861139249133874,0.08537354088886742
290,0.252740554582745,0.6143602573490115,0.0339768766740624,0.04054318880121887,0.05837912259296223
291,0.07498640912997101,0.8702760195142873,0.041797817759410695,0.004501820788994253,0.008437932807336603
292,0.0286667970924282,0.8308460527968792,0.1310748826257189,0.002970671261190561,0.0064415962237831985
293,0.03054399689717866,0.8917812101906241,0.05700943635528967,0.004333706637178601,0.016331649919728984
294,0.025667580970667053,0.87171847102955,0.0821406058424357,0.005624575546553802,0.014848766610793273
295,0.01825558535413163,0.8565016198545904,0.11066182161715202,0.0024697771331677666,0.012111196040958012
296,0.01793113191928969,0.7590029572458322,0.20937246823595387,0.0017415741414799554,0.01195186845744435
297,0.019303016127837032,0.6996848311605453,0.26586144126369776,0.0020155219493023296,0.01313518949861763
298,0.01785265485121834,0.3724149828882135,0.572156258301582,0.001274768779949215,0.03630133517903711
299,0.02224167710373887,0.5417645927071074,0.41757615997941233,0.001382493839783098,0.01703507636995824
300,0.009096606337712195,0.305469421228685,0.6722789729852248,0.0008206695422058839,0.012334329906172144
301,0.003737773328017915,0.12098371552277966,0.8688471575574784,0.00030295040544939136,0.006128403186274658
302,0.012093064061552304,0.4851014510065386,0.46494825898016817,0.0011918926265609695,0.03666533332517985
303,0.007844735756208875,0.3896529468271375,0.591541218418746,0.000775556001447427,0.010185542996460111
304,0.007817018546491947,0.42198351027830955,0.5598438439030102,0.0006117272016937871,0.00974390007049459
305,0.007498574134715483,0.3016054798778771,0.682879530328786,0.0005421797138233008,0.007474235944798062
306,0.006461337337955522,0.3161733726519504,0.6495267118424504,0.0007094963891156789,0.02712908177852797
307,0.005487128644168241,0.356740788179087,0.624677273075143,0.0004897173651627258,0.012605092736439217
308,0.012510161668711254,0.4655216746793246,0.4803116956178166,0.000945115995592257,0.04071135203855538
309,0.004545034514659416,0.17777745480732127,0.8060801147303934,0.0005009656511627126,0.011096430296463023
310,0.006672758991939561,0.3325947570820563,0.6466995589389517,0.0006573716463592823,0.013375553340693135
311,0.006529863721099946,0.3216591218170697,0.6567610185394968,0.0008954754413033182,0.014154520481030249
312,0.010522854877964078,0.5641668948948516,0.38529927648262474,0.001283294406438425,0.03872767933812116
313,0.009921884167228298,0.38640506625153453,0.5770174954506783,0.0008363979130765989,0.025819156217482358
314,0.0053752317318273716,0.2024616342247564,0.7810870852922701,0.0005588163947021966,0.01051723235644391
315,0.01857686559127578,0.5345117068317161,0.38686033983547535,0.0018181291540213683,0.05823295858751138
316,0.002833229139557316,0.11552260193839575,0.8737910510101253,0.0003518369930560218,0.007501280918865514
317,0.011498054531056831,0.4756637353848942,0.48500829202954066,0.0010881372658799154,0.02674178078862832
318,0.002501657151501763,0.08704746514311998,0.9048222235954098,0.0002867612044958514,0.005341892905472581
319,0.01165202306879245,0.5257859517009821,0.43454095801078946,0.0016974495505244938,0.02632361766891161
320,0.011848547815434662,0.5155343545475718,0.45217594005144407,0.0014364554472495806,0.019004702138299887
321,0.007322794476318676,0.37154316034061274,0.5856357376624339,0.001113147070413981,0.034385160450220824
322,0.004304677288222614,0.23457781072545658,0.7486973948390133,0.0005467216028568423,0.01187339554445075
323,0.01167124671647547,0.49463580725994516,0.46037856212417405,0.0011741173161782868,0.03214026658322708
324,0.006980012194051737,0.35662377444703697,0.6218965643361128,0.0008562824233252359,0.013643366599473235
325,0.011562015230988949,0.764509554118831,0.18521177853340898,0.0018284261757920046,0.03688822594097912
326,0.01273720294263003,0.5198679350802218,0.42750869995899404,0.0018198599660879835,0.03806630205206614
327,0.006079040751243086,0.24698509404327265,0.7290141395916577,0.0007315191391191289,0.01719020647470743
328,0.009899865028187172,0.3847900054359096,0.5886358481743035,0.001046186736469115,0.01562809462513056
329,0.0022703897219695356,0.1272304535515514,0.8646454361792552,0.0003985663719177052,0.005455154175306181
330,0.006266458830980836,0.36905485734765586,0.611886051696808,0.0008305215608944855,0.011962110563660823
331,0.0056529173020736356,0.2784134083705333,0.7003718962456367,0.0008370702308424889,0.01472470785091387
332,0.01081957282983107,0.454468321302889,0.4983953589180147,0.0014045392197005078,0.03491220772956469
333,0.006945343185490822,0.2970185439600688,0.6723556302165412,0.0012385862518815253,0.02244189638601749
334,0.004868685994921627,0.1902812904248425,0.7862723581583194,0.0007903542015352784,0.01778731122038111
335,0.009707120269533232,0.3948861166858585,0.5770069019253532,0.0012670229006183148,0.017132838218636804
336,0.007693138090157888,0.1896730370203012,0.7883147429388906,0.0010015434787350765,0.01331753847191527
337,0.004351119617531406,0.18443402910491824,0.7997205685848777,0.0007754104111532983,0.01071887228151933
338,0.00524671056967236,0.19518283373654527,0.7908576792638476,0.0007996744041486387,0.00791310202578626
339,0.006357438771776273,0.23053688052798768,0.7506391301112991,0.0014941158712519433,0.010972434717685022
340,0.017327866025842173,0.5182463805437119,0.4048493252101065,0.007108576147302561,0.052467852073036836
341,0.013428388233698036,0.5570642085227265,0.4044330372029772,0.009281497997664045,0.015792868042934265
342,0.027870563803065317,0.5858001937030265,0.20357793002929472,0.009694628378844007,0.17305668408576938
343,0.0829845412864471,0.6816144671510983,0.1343007532468451,0.017251379524905443,0.08384885879070395
344,0.11701137513514527,0.6128764350413072,0.024706015169309488,0.013993302423247004,0.231412872230991
345,0.20525994344314533,0.34697106332586053,0.008428884129294741,0.021378002656969607,0.4179621064447299
346,0.28839370850119733,0.6250071163992474,0.026746600110079677,0.022795571779933452,0.03705700320954202
347,0.1952905117231405,0.6195501935133116,0.08061303649086708,0.04012404071121479,0.06442221756146603
348,0.17606252181370843,0.7064523157643962,0.0408474864236295,0.030475449971024575,0.046162226027241376
349,0.2398347329136607,0.521420634799147,0.08877171928354097,0.06102416505899354,0.08894874794465774
350,0.18360711405104974,0.5723771284355371,0.05885365380924636,0.07981014916110002,0.10535195454306664
351,0.1200503948661419,0.6966025654582727,0.031651550025032574,0.08447203579615788,0.0672234538543948
352,0.053922579353927566,0.8581285027733552,0.046109883455135656,0.022592966994768437,0.01924606742281301
353,0.04951418580826145,0.7356759957119726,0.1603752937652523,0.022224764920676515,0.03220975979383714
354,0.09965201437448848,0.40690418422363217,0.08990880063931199,0.022883369575095167,0.38065163118747214
355,0.12905676493103427,0.26869880044510147,0.0690116310980192,0.012084796967247543,0.5211480065585975
356,0.3053441144547754,0.3846906963077379,0.03549148140591898,0.03186208808578116,0.24261161974578668
357,0.20383080067313583,0.6697208362740056,0.06612780148490222,0.02112757981576332,0.03919298175219311
358,0.30358937901613314,0.6036162094634993,0.028359688900971316,0.03813698005039805,0.026297742568998243
359,0.06276116372120283,0.7694640946033564,0.07655438911017502,0.07292470499737311,0.018295647567892752
360,0.055398446984652475,0.6837921969242357,0.1697643684111877,0.07654245621188976,0.014502531468034492
361,0.08008822267524425,0.6783254166390315,0.09531440424434517,0.1252131658839301,0.021058790557449043
362,0.0782696459795185,0.6359075902836454,0.1970981175244152,0.07174927455568397,0.016975371656736963
363,0.08517481299618998,0.6226557960100184,0.0670083055477185,0.19348776981440513,0.03167331563166806
364,0.11759974548135649,0.3548230981561191,0.05506973928235271,0.37435266275552764,0.09815475432464399
365,0.18525894926154554,0.35073422722048697,0.09519762814397957,0.3125105475408754,0.05629864783311251
366,0.16456591711611077,0.4145841315111042,0.04523968389290155,0.3081878525597059,0.0674224149201775
367,0.19200410648698782,0.17779694457900297,0.020266149881398732,0.5507469453387711,0.059185853713839345
368,0.08562207679990663,0.17620468751101015,0.016980494235467394,0.42478299173906464,0.29640974971455125
369,0.07279877511078851,0.1259822811089595,0.013826959753624173,0.7077126849506533,0.07967929907597443
370,0.10432692621572656,0.11424930975822634,0.002115014456097778,0.7464367859921399,0.03287196357780926
371,0.21198237806161663,0.19611971919439544,0.0026242891974416296,0.4109257746353996,0.17834783891114664
372,0.14210219248775888,0.12819129496289777,0.0011428456848778532,0.5393774275065686,0.18918623935789694
373,0.1589772017497267,0.1366017030013612,0.008537553228164175,0.5706318665343465,0.12525167548640143
374,0.29181692219426936,0.1308923938960497,0.012022659646177263,0.43888472966667835,0.12638329459682537
375,0.10783925981787756,0.0669442929992681,0.0009729825105138346,0.6189488712833976,0.2052945933889429
376,0.23198326099515992,0.13884005993876689,0.0006889803300087606,0.18571674477501637,0.44277095396104804
377,0.22667708790746033,0.2000019923785493,0.006295033745868311,0.49590644971597764,0.07111943625214442
