epoch,N1,N2,N3,R,W
0,0.032337312216123085,0.008875389510705677,0.00022982210747051295,0.002471234800736754,0.956086241364964
1,0.049630392461496343,0.01072135813236997,0.0007362033502284437,0.0080586867240289,0.9308533593318764
2,0.024529617178255074,0.010145402052920801,0.0006223724190564711,0.0024720444774548865,0.9622305638723128
3,0.06920090981595617,0.011858069080622263,0.00011845599046588363,0.0016898566251600602,0.9171327084877956
4,0.041299117252058294,0.016035409475596597,0.0009776279854645977,0.00291172334889116,0.9387761219379892
5,0.06496702435243111,0.021731899673343675,0.0017026733322827602,0.003899205276810647,0.9076991973651318
6,0.07593518274332572,0.01657724038348613,0.001553049717310887,0.009545636288380002,0.8963888908674972
7,0.07165492507223319,0.019719959405563602,0.0012597831208174734,0.004683213332011509,0.9026821190693742
8,0.24617311128962596,0.2202918529832516,0.006595994086468982,0.03490867778489367,0.4920303638557598
9,0.3433135534400557,0.32765173354275506,0.016141705528391552,0.047120491537131375,0.2657725159516663
10,0.14833845501661197,0.11611189797312305,0.0031746532916291353,0.019247244380727103,0.7131277493379087
11,0.1408668111608296,0.07744298583487377,0.0015733762490710435,0.026480792864847277,0.7536360338903783
12,0.177797140326822,0.307129992977711,0.013548690596705786,0.010574582671499811,0.4909495934272614
13,0.024305603183761224,0.019536427400864205,0.00018940613475765437,0.0015291396412281996,0.9544394236393886
14,0.1851491634535158,0.26589353841247765,0.007370284588943749,0.012936793818124265,0.5286502197269386
15,0.23055004937592297,0.08682977099329134,0.0010602524989401442,0.014874332299137531,0.6666855948327081
16,0.11069648185551466,0.051796707151696965,0.0014991547757547568,0.008177265466373124,0.8278303907506604
17,0.1873228061763301,0.3714526505058929,0.009123379942667324,0.055252035275814966,0.37684912809929466
18,0.15729143724719466,0.42140663424235597,0.007197689368010754,0.029468116406352475,0.3846361227360861
19,0.011125204099008855,0.020399240405970156,0.0003054264054418205,0.004883461645011414,0.9632866674445677
20,0.0626164097125375,0.04029701456026675,0.0005628992208110363,0.01050245825769924,0.8860212182486854
21,0.042862948978919166,0.01346250004560656,7.0271171688377e-05,0.0014765465897909457,0.9421277332139949
22,0.0728775375778043,0.01600225779837502,0.00037921241305273836,0.001862666592787663,0.9088783256179802
23,0.10502124599536769,0.03265668410035198,0.0008961734004574669,0.0007175354356134816,0.8607083610682094
24,0.3848751440410611,0.37802924061537035,0.005628874019526318,0.00949818587872588,0.22196855544531616
25,0.39640256582988487,0.13775677341500964,0.0008698311260318032,0.024307078347130497,0.44066375128194313
26,0.17164598930035038,0.0662805652998539,0.0010997471775666529,0.031053925088978748,0.7299197731332503
27,0.16689734782641108,0.3111660844862486,0.005191020589209417,0.09913253633704065,0.4176130107610903
28,0.14505380797301468,0.689574530702383,0.003244580054990461,0.06992781933821612,0.09219926193139566
29,0.2110170586591849,0.6181840588314139,0.0005891743193050706,0.06636389491367618,0.10384581327641978
30,0.30054937236850465,0.19714521050482753,0.0009989506696324736,0.03175064364975817,0.46955582280727703
31,0.0938863523297833,0.04245482025623297,0.0001903098952857229,0.001241318323564029,0.862227199195134
32,0.3539731704067455,0.5661879279433245,0.0031316807555978846,0.009149918576478778,0.06755730231785334
33,0.43032476621487464,0.4182016693936505,0.0005841295345811113,0.004589535664769779,0.14629989919212377
34,0.05411748758837208,0.9166465491204818,0.010965424118774447,0.0036097802130177024,0.01466075895935396
35,0.013707662232449458,0.9667275108550261,0.004257970517794511,0.008209454698110607,0.007097401696619521
36,0.039828000845081264,0.815761234621504,0.0637085062672094,0.005860781101793511,0.07484147716441185
37,0.23341901713894697,0.2516512168052394,0.00030477005707307424,0.03419873809996955,0.4804262578987709
38,0.30274663602745916,0.4607396966242116,0.0008566374252193317,0.009858503410898986,0.22579852651221108
39,0.1837571766608239,0.1110361233300006,0.00019713292359819696,0.0033049755884086065,0.7017045914971687
40,0.46814339664909266,0.3664504309332164,0.0003869627383000389,0.025770059576322293,0.13924915010306863
41,0.20789588341216972,0.1372228876960638,0.0004941053689352636,0.019873414555988855,0.6345137089668424
42,0.41464795854639547,0.2977873523435485,0.00040609717386668506,0.03120312961437997,0.25595546232180943
43,0.17556263188253587,0.7175074440724326,0.0028107248186698616,0.05516276150916848,0.048956437717193255
44,0.3607611835712817,0.34221313935796477,0.0015804310535965647,0.024886899802573862,0.2705583462145831
45,0.38168816477846124,0.4552794264104018,0.0009146451217287361,0.09114137751341772,0.07097638617599061
46,0.24983371613201089,0.5420617843094562,0.001144786650691074,0.13772951800299205,0.06923019490484987
47,0.07108311103186117,0.8448943625997308,0.013198453405548819,0.05743795245034359,0.013386120512515299
48,0.12663961562428042,0.6438118756293424,0.0011649825979568843,0.20533231567000562,0.023051210478414727
49,0.13676250501605489,0.6909523004338742,0.004442350096315364,0.10084859065907498,0.06699425379468078
50,0.13695361725045382,0.6396310579403535,0.0011009114864235575,0.12226583792890532,0.10004857539386375
51,0.24934136621650185,0.3689702981215143,0.0018465249214444735,0.12710996060340257,0.2527318501371368
52,0.35520434304232956,0.19135918190627169,0.0006647989816785833,0.0382275185838675,0.41454415748585266
53,0.42034152032966726,0.29750759741105537,0.000528876679352745,0.03991465385809178,0.24170735172183272
54,0.5354618518504833,0.27445012338826563,0.0003065579267141912,0.009447841371019155,0.1803336254635179
55,0.34039806003396944,0.575007027554217,0.0014428198126755364,0.015280065247894235,0.06787202735124379
56,0.3213392294393683,0.36293385594991434,0.000527782520730721,0.005563516496140737,0.3096356155938459
57,0.3177825316288133,0.3309462682939335,0.0003335132471889957,0.00858449935717151,0.3423531874728926
58,0.02023092123842646,0.9629320846567823,0.008069719239789351,0.000645514030234918,0.008121760834767143
59,0.15351270975867196,0.816390390091501,0.0064556747844684665,0.0006770287948231811,0.022964196570535406
60,0.02186397299892149,0.7831764042462106,0.18096201984086221,0.000457322681013954,0.013540280232991746
61,0.14526566466474047,0.6224212816074421,0.0020948952848693606,0.0012593121904526682,0.2289588462524954
62,0.06725753945545043,0.878041342307769,0.04026133159002841,0.0007180082806889718,0.013721778366063253
63,0.015205360624393862,0.874932232533662,0.10462199976462883,0.00011114153681974841,0.005129265540495617
64,0.018112694927341584,0.8482188255408065,0.1263202693490083,7.647738295480653e-05,0.007271732799888866
65,0.015884589124397584,0.9335790622810072,0.04556105885726349,0.00010436829252193537,0.004870921444809843
66,0.005092083206262636,0.3468091501309461,0.6419963482635606,5.930909517088664e-05,0.006043109304059844
67,0.0049210992900976915,0.4466580761511406,0.5434616536619555,3.140381285308473e-05,0.004927767083953045
68,0.006437017480355695,0.33373079744547957,0.6511111540228404,9.073229581307436e-05,0.008630298755511173
69,0.008592095275822317,0.38338248118886276,0.5999308492179776,9.42553407680626e-05,0.008000318976569495
70,0.001894452952720576,0.11475798571873762,0.8789792871159748,2.9921961576831435e-05,0.0043383522509900276
71,0.002169450587313195,0.12750189293718178,0.8673261477085048,3.1761315886709425e-05,0.0029707474511135126
72,0.001568888407215402,0.12519878692068181,0.8687466216552847,3.3412297541614615e-05,0.004452290719276507
73,0.0010726293395547462,0.07727660694643648,0.9185258100478569,3.446371414747688e-05,0.003090489952004162
74,0.001166159448100964,0.053428518353664786,0.9433947418748203,1.824826748284779e-05,0.0019923320559310886
75,0.0005866553002562968,0.04418040419334595,0.9535792159447147,1.473096457892583e-05,0.0016389935971041977
76,0.002271701592244558,0.09386909154276056,0.9002829644381626,4.1843272479120016e-05,0.0035343991543531623
77,0.0014267260452753806,0.1436008935384501,0.848944424916542,4.32451594645707e-05,0.005984710340268122
78,0.00040978280216695713,0.0613010761991282,0.9367911893435881,1.6324630369571583e-05,0.0014816270247470665
79,0.0026968818672689385,0.2859289802582365,0.7069539573260908,4.871008754698964e-05,0.004371470460856962
80,0.0003372265458161658,0.05189307511564633,0.9465908075880504,1.3516801008509944e-05,0.0011653739494786198
81,0.0007117428205046517,0.04266449869764354,0.9545082075372362,2.371598465188355e-05,0.002091834959963768
82,0.00042809002885721957,0.05143494330461008,0.9466053219474801,1.2526208324855632e-05,0.001519118510727803
83,0.0005317961214784375,0.03350170442856124,0.9648568233841961,8.274828452477544e-06,0.0011014012373117314
84,0.0006988332824479552,0.04525715256425652,0.9525154125251243,1.1990405116378763e-05,0.0015166112230547812
85,0.0006343926528202117,0.030080747939216446,0.9682470897840711,4.732856578826773e-06,0.0010330367673131449
86,0.0003089704778755362,0.021981771686451972,0.9769735595490645,2.9356300410497593e-06,0.0007327626565670495
87,0.0011303884149756701,0.037462960917385706,0.9597445931003868,1.4525147765075706e-05,0.0016475324194869013
88,0.0003974044149435105,0.02144612212706846,0.9774017927715793,4.586353650764208e-06,0.0007500943327579267
89,0.0006957008209010962,0.028175784807305294,0.9698933524926663,5.485580294847774e-06,0.0012296762988324309
90,0.0004983320386357383,0.03167190031723031,0.9661444721312249,7.5498187602290136e-06,0.001677745694148817
91,0.0005222657966797688,0.018513862579744952,0.9798546300717007,4.746493281453476e-06,0.0011044950585931425
92,0.0005347825783398942,0.022037342431815633,0.9764559274904971,7.180456520785986e-06,0.0009647670428263208
93,0.0010200248254299737,0.029027207732627534,0.9688672006556583,1.7838117045141758e-05,0.001067728669239044
94,0.0010444596784817612,0.12143757790462667,0.8755183565247998,4.918842225556385e-05,0.0019504174698361909
95,0.0003054024877435405,0.03211645827010201,0.9665936271574803,9.796400476687549e-06,0.0009747156841974121
96,0.0007409304710551397,0.04404406996834325,0.9537566490636988,3.172741905122013e-05,0.001426623077851386
97,0.0091056633073779,0.39448104591162614,0.5904628031857334,0.0002460730846641604,0.005704414510598389
98,0.0007330216808637176,0.07514861821982906,0.9226232732699168,2.4090548445501617e-05,0.0014709962809450485
99,0.0007726683335957049,0.058274149789075164,0.9396215956071409,2.839604872188087e-05,0.0013031902214665609
100,0.001757903042301379,0.2742573614432251,0.7222754054576752,5.397651823835094e-05,0.001655353538559899
101,0.0015520792644012442,0.09670232550713923,0.899559131256115,6.963600049019703e-05,0.0021168279718542277
102,0.0019143209947321757,0.12246923748963451,0.8738773239228184,6.750521539948171e-05,0.0016716123774155752
103,0.0007680812974743443,0.052480962151544776,0.9453342522185746,3.5614444371796136e-05,0.0013810898880343536
104,0.0004369350479070526,0.035446590852824394,0.9632447773571832,1.096717800197105e-05,0.0008607295640832141
105,0.0005296379583949315,0.05512210721385505,0.9433175230503981,1.955329721999108e-05,0.0010111784801320534
106,0.0016076204195597894,0.07715501220276685,0.9197831349755078,4.2274533998403766e-05,0.00141195786816697
107,0.000992248110518767,0.057478006041250855,0.9399514608512535,2.3811287353471377e-05,0.0015544737096235327
108,0.0008983255834607034,0.08453391321894042,0.9132109242412143,3.8170661250711524e-05,0.0013186662951338508
109,0.0008369704486404758,0.052537436884480516,0.9455447565921253,2.286169082182906e-05,0.0010579743839318363
110,0.0013548381205798034,0.13679934072598712,0.8605988044248475,4.633820413596545e-05,0.0012006785244495762
111,0.00165186645455794,0.07454460178262538,0.921144567166352,3.88407643234802e-05,0.002620123832141439
112,0.0006005290557453057,0.08315836467121869,0.9151454029541563,3.349232381031296e-05,0.0010622109950692749
113,0.0007871389502541605,0.02344891285631804,0.9743279583696981,2.0788858537593758e-05,0.001415200965192072
114,0.0008056327217939824,0.02363976731365354,0.9740380987725491,2.717010373731357e-05,0.0014893310882660436
115,0.0008843223436114067,0.033167315941796005,0.9648369485229781,1.8247276078464845e-05,0.0010931659155359423
116,0.0006191263294959444,0.024720644620137264,0.9736003955971153,1.5711656751222513e-05,0.0010441217965002725
117,0.0004905888851351835,0.02009088096954783,0.9784344680092607,1.2349686613900594e-05,0.0009717124494426257
118,0.0025791097088120325,0.0443800389572363,0.9497388814030762,5.00552127326695e-05,0.00325191471814298
119,0.0011177864301018287,0.04159672573262572,0.9553669663858488,2.4041397858585204e-05,0.001894480053564925
120,0.0020476378629669017,0.05154038534152828,0.9424411832287992,6.44985268959923e-05,0.003906295039809594
121,0.0030201343063681087,0.07157171750392764,0.9225281726655536,5.86346909252222e-05,0.002821340833225378
122,0.021756766017914046,0.40307918085944056,0.5631518595151302,0.00032479972413417484,0.011687393883381051
123,0.006926365209679243,0.18923639194307337,0.7997649919397632,0.00011172261380311284,0.003960528293680882
124,0.007362533206874854,0.23009005380823108,0.7593830642649109,0.0001116521561200939,0.0030526965638631057
125,0.0017976354263700082,0.11078592479262278,0.8849519642246636,5.3639143094570955e-05,0.002410836413249189
126,0.003249204367246172,0.28401660617366165,0.7094781695960721,0.00012042965016035869,0.003135590212859574
127,0.0012609340237937445,0.11316924986432643,0.8837971177007191,0.00013780323099465104,0.001634895180165953
128,0.019324714202297064,0.5824969140198242,0.39098958007999907,0.0011022036312901885,0.006086588066589611
129,0.02812188374602101,0.3659621780446372,0.5904272758183383,0.002119260910916421,0.013369401480087029
130,0.05036258296057529,0.8910654785672634,0.03630620132042582,0.009899253522314204,0.012366483629421296
131,0.030526217587329457,0.8405255300440138,0.1168885959654819,0.002329464293126735,0.009730192110048016
132,0.1654599640291701,0.33061961540064855,0.015554160738083,0.002326514493142054,0.48603974533895633
133,0.20934671766670618,0.7617231086683725,0.007970153010285915,0.0057901693023151455,0.015169851352320367
134,0.11685297567846793,0.8506237834304059,0.01844663988642491,0.0018028354170986523,0.012273765587602684
135,0.04452317338390525,0.8092151370038608,0.14138140615772993,0.000989144951118728,0.003891138503385099
136,0.03812159754243244,0.9399292781219644,0.00812545399897071,0.005899249052070688,0.00792442128456148
137,0.04247122614460715,0.9377597473875363,0.007734379433345946,0.005365632299270791,0.006669014735239756
138,0.021565367380169186,0.9597716149566992,0.013252981401110654,0.0027049450140244273,0.0027050912479966776
139,0.03173753810713992,0.9122188863867848,0.04837353576484983,0.0011892668545393273,0.006480772886686102
140,0.022116612322756305,0.9268313630203678,0.04708288912927085,0.0006831446123904952,0.003285990915214614
141,0.012286303633820446,0.8483682352364612,0.13518336620738944,0.0004960119140676734,0.0036660830082612993
142,0.034396334398487986,0.8595245711660912,0.0999531972836949,0.0006756103873734636,0.005450286764352493
143,0.03245183617321724,0.8947462004001058,0.0654884916120626,0.0008031070005631307,0.006510364814051311
144,0.02429048363388267,0.749013108495987,0.22024938843260558,0.00031700107681072474,0.006130018360713913
145,0.0246029828720237,0.7685128426662878,0.20003476329818343,0.0003401707172971133,0.006509240446207843
146,0.014781858094064765,0.8875987281982053,0.092480950532404,0.00042694979097866265,0.004711513384347155
147,0.019245887234804564,0.8632959557030652,0.11153858473317536,0.0002882235763207068,0.005631348752634227
148,0.006007431896980223,0.6706799629354753,0.32077779705969534,0.00013952162861925334,0.00239528647922987
149,0.0015553998846422911,0.18296043366205128,0.8136137073681429,7.08981412288429e-05,0.0017995609439348452
150,0.0010013838681114254,0.10568682344473466,0.8921438229282682,5.877259034119733e-05,0.0011091971685445812
151,0.0010603567993191698,0.08678203602393256,0.9111381868018708,4.388718661566009e-05,0.0009755331882620425
152,0.002364257348150886,0.11847655851171436,0.8773347134800278,6.827681128871468e-05,0.001756193848818156
153,0.001284174802916013,0.14817913459452117,0.8492732662068806,5.685639452252859e-05,0.0012065680011594648
154,0.0007853046509191755,0.04494740038612415,0.9533845488909636,3.3719865458562136e-05,0.0008490262065345744
155,0.0013306763502142398,0.04008407303966195,0.9576996691889592,1.8480396459259467e-05,0.0008671010247052536
156,0.00037335627405287407,0.02509566092856299,0.9740200789229825,7.351882874036248e-06,0.0005035519915276018
157,0.0005596716546944706,0.02550868985638491,0.9728199968183221,1.1984121409180777e-05,0.0010996575491892364
158,0.000235936862508425,0.012534982410062092,0.9868036840686157,3.1170369311938056e-06,0.0004222796218824248
159,0.00015393375457706322,0.016190544662772397,0.9832298805909935,4.968254538051977e-06,0.0004206727371189909
160,0.0003012036196460459,0.012781003391529456,0.986265107293742,3.7835782830666947e-06,0.0006489021167995041
161,0.000522041084862083,0.02306819349209349,0.9758242010360225,1.4224616770505468e-05,0.000571339770251269
162,0.0036433416712468606,0.08189575891296313,0.9115693079369374,0.00022638053334059842,0.0026652109455120813
163,0.016387764386309834,0.3345993207835206,0.6384470852122106,0.001097316837761013,0.00946851278019804
164,0.0979800163958106,0.8377363722834648,0.018780031030305393,0.018052617098553846,0.027450963191865407
165,0.13431350783104906,0.7544553467687238,0.01957206271432906,0.03642369629308722,0.05523538639281086
166,0.01901999299920341,0.03269654230549,0.0005962957714066916,0.001622409937389142,0.9460647589865108
167,0.05780185769560922,0.09664683850475009,0.005434889475613135,0.014776716921314235,0.8253396974027133
168,0.2980174237903309,0.1740893798375826,0.003148378964138472,0.043721182461542184,0.48102363494640576
169,0.3705834103388437,0.47650417636231984,0.006218051563315593,0.05530338450679456,0.09139097722872644
170,0.13528167622193266,0.40600773000513063,0.005789330443619867,0.32358847423935294,0.12933278908996376
171,0.3028826780561897,0.13293610375286224,0.0007353462926627098,0.36900351656348807,0.19444235533479726
172,0.11420425135225416,0.053689703345032085,0.0016224566019144523,0.11502542637272757,0.7154581623280717
173,0.1936891806037533,0.09318195459865149,0.000804296659554081,0.2177364562637345,0.4945881118743067
174,0.14942124211428542,0.05866015916361878,0.0002907229861436142,0.07956590494711449,0.7120619707888378
175,0.08077955421394778,0.021795154447586552,6.270654606666456e-05,0.050592907997889645,0.8467696767945093
176,0.013566008995409589,0.0017483537148851916,1.9661049293089542e-05,0.02000494762138068,0.9646610286190315
177,0.0019008225327916159,0.0011003322336320886,0.0006093480088254569,0.00018019301555059525,0.9962093042092004
178,0.0021270821670928645,0.0015177234604643848,0.0001999805584116573,0.00025228136454264984,0.9959029324494884
179,0.00041759450885581987,0.00016553723884706991,0.030135954968631803,0.00020294180119971404,0.9690779714824655
180,0.024888666636909317,0.002613867576754574,1.0430842996190423e-06,0.0005290725895186569,0.9719673501125179
181,0.00032820015914572986,0.00012372482873288732,7.198096380051208e-06,5.659989739060663e-05,0.9994842770183506
182,0.00048435462924232756,0.0002699654072609222,1.0393197304649959e-05,7.411480399355605e-05,0.9991611719621986
183,0.00034204639655365437,0.00024674219597314433,8.26852471924348e-06,6.190713293804943e-05,0.9993410357498159
184,0.00014983854523392557,0.0002986581483716207,4.111693385077784e-05,2.7414103615686773e-05,0.9994829722689279
185,0.02300060217309554,0.0037043211872094346,0.020271818310032275,0.0011467437785948622,0.9518765145510678
186,0.0022487204044144295,0.00016162102044479435,1.6838791245123414e-05,0.00024172720702309676,0.9973310925768726
187,0.0004606360568466554,7.753286666227565e-05,3.858109821334144e-06,8.051454807925884e-05,0.9993774584185906
188,0.001263034003465552,9.018407045008963e-05,5.127639110387482e-07,8.947875351670706e-05,0.9985567904086566
189,0.002332461011443914,0.00025780152131930564,5.339309797932555e-06,0.0003213673008182756,0.9970830308566204
190,0.0021455126180795437,0.0008065634960305835,2.552286164964543e-06,0.00022091377980957983,0.9968244578199154
191,0.004560412210368773,0.0009851957296722735,4.900318669676198e-06,0.0005890387065559081,0.9938604530347334
192,0.011338401591081062,0.0027531391146583804,3.0422451539066938e-05,0.0016195470817466117,0.9842584897609747
193,0.008709389958247955,0.0021229695432430206,1.942702273425778e-05,0.001407391758305067,0.9877408217174698
194,0.0164494092205745,0.0037493645781249284,1.7298447217663156e-05,0.002444460918669056,0.9773394668354137
195,0.01283730002989219,0.006169152889803053,3.358963133549036e-05,0.0021818436925193055,0.9787781137564499
196,0.037164462982460844,0.007180875219870531,0.00023095793679948996,0.0059907915625265215,0.9494329122983426
197,0.009373018891860851,0.0021748526361409478,2.9039147889264963e-05,0.002125310734981352,0.9862977785891275
198,0.006495865484065674,0.0014717540323086948,5.233860461122166e-05,0.0018255827151614787,0.990154459163853
199,0.0172020274597637,0.008027132401238646,0.00013189707277876342,0.002755097679127924,0.971883845387091
200,0.009720153962996001,0.002878100646450449,0.00016203086948388798,0.0016321399585183059,0.9856075745625514
201,0.010793434495249627,0.002606640289625412,2.7010122841635563e-05,0.001237193042449397,0.9853357220498339
202,0.01795335072219001,0.004406749503344673,0.00017503955083018506,0.0023153364384495487,0.9751495237851855
203,0.007201700236201136,0.0034475422557242335,1.5530515885007963e-05,0.0006397055613347344,0.9886955214308548
204,0.0184846952956382,0.0022535849692203983,4.6967852484731894e-05,0.0010060586699728697,0.9782086932126838
205,0.007936797314699937,0.0020973182640416288,1.69606322819641e-05,0.0005546643696044795,0.9893942594193721
206,0.004331928926419612,0.0007139577165085985,1.4192853995006909e-05,0.0009295844983240286,0.9940103360047527
207,0.017033489175338968,0.0037822177978516767,0.00027402273560968706,0.0019760180354017397,0.9769342522557979
208,0.03937761762611316,0.008182064292032975,0.0006438964237043922,0.0030635926961252997,0.9487328289620242
209,0.03835171138264551,0.009193066452652185,0.0005585492933516558,0.006968289524048086,0.9449283833473024
210,0.09570319199470839,0.023464288604692247,0.0009662934504387636,0.02562669054204799,0.8542395354081125
211,0.058392281749603855,0.024462716236364628,0.001089271071186732,0.027105264250171728,0.8889504666926731
212,0.0761340705650676,0.03257594838021362,0.0006396177483921968,0.02514771566916888,0.8655026476371577
213,0.01739198297782525,0.0043953737413918795,4.596725499169804e-05,0.004878092339785177,0.9732885836860059
214,0.07990625441847088,0.019463678425162376,0.0029983367495815105,0.026433695987547162,0.871198034419238
215,0.09304653066389092,0.015817972775445815,0.000719130114129921,0.014248097088437911,0.8761682693580953
216,0.13789240283888282,0.02511800850730384,0.001458109446061075,0.02904670038570833,0.806484778822044
217,0.09513701686268194,0.02136905533672861,0.00023022107319256468,0.023449706799169724,0.8598139999282272
218,0.2507691692621453,0.05522641917426545,0.0015667136244287003,0.03122362548408533,0.6612140724550752
219,0.01144113630400304,0.009762363411483387,7.098841966880958e-05,0.017324231619051954,0.9614012802457929
220,0.014326164628164821,0.006580410142090887,8.766752523268327e-05,0.003599268133657079,0.9754064895708544
221,0.010460057563215623,0.0027239121993214584,1.687738022224395e-05,0.0003465271735803149,0.9864526256836604
222,0.03569912813668586,0.003996448116139288,0.00012879362102261247,0.00040926637840316273,0.959766363747749
223,0.01810444487506686,0.0026232084582771633,2.7121760740544716e-05,0.0023223764267903,0.9769228484791251
224,0.014019514947932266,0.0025269849578358184,0.00015059788475932348,0.0008912793949433915,0.9824116228145292
225,0.01703463007487675,0.0018833688737492282,8.985389408956708e-05,0.0009108702442474364,0.9800812769130369
226,0.05648797380967999,0.005604607914263159,0.00016699622498853996,0.003612230405195818,0.9341281916458724
227,0.05972966580826734,0.01463198615833927,0.00010816722831557738,0.002862334590617525,0.9226678462144603
228,0.12890985641679417,0.01409450329466321,0.0003377551487683351,0.011751498661014846,0.8449063864787594
229,0.28462346426959084,0.047992271790883216,0.000673382736233765,0.023835715898988162,0.6428751653043041
230,0.2060415259640177,0.0789721668500291,0.0009237782800783103,0.014186903119984525,0.6998756257858904
231,0.4761448429430926,0.1859110081602383,0.001114500209357187,0.12298811492791907,0.21384153375939283
232,0.10396646956032785,0.02803686417741609,0.0002129681822117325,0.01441067186461978,0.8533730262154245
233,0.11157873117748111,0.787184591644475,0.00503412600268329,0.07948189574369416,0.016720655431666665
234,0.35233450821712864,0.2867107703381007,0.00034700780715689637,0.21785582231662773,0.14275189132098584
235,0.19943552453324428,0.26518625616874497,0.0003116545887905835,0.4993258650195382,0.03574069968968207
236,0.058224929250668696,0.03773013952101288,0.00010137722729994711,0.03895989163466671,0.8649836623663518
237,0.11243335475809585,0.6852016879390813,0.002164753587578488,0.1550612205961466,0.045138983119097774
238,0.07017105838621979,0.03320477085969255,9.89321738324672e-05,0.021190890949263023,0.8753343476309923
239,0.009267378152183653,0.0030212037444267295,0.00011164985310994394,0.0009360782117509782,0.9866636900385287
240,0.007517755413285906,0.0007854227901445686,3.7154540891040483e-06,0.000488555596761121,0.9912045507457193
241,0.010763830954727624,0.001305979930033013,2.1610255538172788e-06,0.00030907649439003236,0.9876189515952956
242,0.0037589485874838452,0.0004468131810690817,3.5053723804594634e-06,0.00020032457170947473,0.9955904082873571
243,0.00767130708504456,0.0015203296485869792,2.4936008553894128e-05,0.0008338351430687008,0.9899495921147458
244,0.013388840197231869,0.001514965602011893,1.732320344788976e-05,0.0013373330188770766,0.9837415379784313
245,0.011194651502974754,0.0024842492937429453,1.5475137009810185e-05,0.0010054609928932452,0.9853001630733793
246,0.030976932919952026,0.005894598869248726,0.0002763310972241169,0.0025960832580453645,0.9602560538555298
247,0.39334406302457997,0.03826170600389828,0.0027642286412548514,0.016468428609197523,0.5491615737210693
248,0.36152018948195286,0.277250831972282,0.005907830529847529,0.10036337014814355,0.25495777786777407
249,0.13509021736027624,0.6095417961884696,0.007460872839597444,0.1298209351898409,0.11808617842181589
250,0.055891614695693176,0.07116992438488447,0.00043373733206843434,0.06189968237218698,0.8106050412151669
251,0.1148705393392306,0.05709193245814056,0.0004640295013539144,0.05828496720367296,0.7692885314976019
252,0.00763989528313233,0.007387041099429847,7.287956041223439e-05,0.0013248920575151997,0.9835752919995104
253,0.0685709689109823,0.018283505996052808,0.0002213285216163031,0.0015244878600416773,0.9113997087113068
254,0.07725145767830441,0.019118075235750584,6.118730531655407e-05,0.0015183904081005014,0.9020508893725279
255,0.6362105334485246,0.16758453403331586,0.000608607340581502,0.0050838958119370625,0.19051242936564117
256,0.20097267970157284,0.09116708255232206,0.0006148986021453972,0.011265741862887048,0.6959795972810727
257,0.36076998059465903,0.09045908454220117,0.00039251040365468254,0.19999208684876704,0.34838633761071824
258,0.17393732816724847,0.2935017574885284,0.0006092886250485368,0.4914293230528947,0.04052230266627997
259,0.10161390725579311,0.4736946259651641,0.001081576520611499,0.4044521199837514,0.019157770274679898
260,0.049681119819288515,0.05885624344594798,0.0001736717238709224,0.13083428817525727,0.7604546768356353
261,0.17212204326525066,0.14953291808375507,0.00010991436435899834,0.5931627898631449,0.08507233442349041
262,0.3426170033308271,0.12129588168650557,0.00028167647374307766,0.32643241861894556,0.20937301988997867
263,0.4521648648527133,0.33946643920015324,0.0003320344529353825,0.11720959544078044,0.09082706605341784
264,0.07750380501476271,0.03367043974490503,9.486898672792598e-05,0.020404302646946353,0.868326583606658
265,0.4092915512760871,0.26790048823038914,0.00018389160633048226,0.09320042047726226,0.22942364840993087
266,0.3750636815463456,0.49571509603932423,0.0009944245288066361,0.1030804632278439,0.025146334657679625
267,0.399808254645265,0.3924735627561947,0.0008293229525982204,0.1705775549854609,0.03631130466048104
268,0.11079428546044569,0.6341800924742654,0.0005949351975605484,0.2472421141253694,0.007188572742359161
269,0.01795537760288837,0.896945011213048,0.010329884653874927,0.07169948893550437,0.0030702375946842823
270,0.05099909985823645,0.7701914319379116,0.002594040177886424,0.16939482107362697,0.0068206069523385066
271,0.09728671827802962,0.09215924386168137,0.0005402329352656107,0.04742875183278611,0.7625850530922372
272,0.09973010517535551,0.8143122206396632,0.0009466431914272096,0.06738639397984011,0.017624637013713845
273,0.17251721712807805,0.6786645653388641,0.0007939935064770902,0.13592348395985665,0.012100740066724052
274,0.11357455369569856,0.8192906821055544,0.004149065369832243,0.05439614460015317,0.00858955422876157
275,0.016554097296695,0.9355379941690204,0.022913308769820697,0.02124799523237164,0.003746604532091987
276,0.07134511776244383,0.5292185788767843,0.027682034424482457,0.025844620017176186,0.34590964891911324
277,0.15608961091771006,0.6057907749671602,0.0021198801703816357,0.02133924279492549,0.21466049114982255
278,0.40964903091963256,0.4210832229680303,0.0004503940254502782,0.03767233920863435,0.13114501287825256
279,0.0467133957034022,0.9215216344994558,0.008200360584056519,0.012224756342668194,0.011339852870417336
280,0.041770368074110824,0.8968544467910035,0.0018544528502234768,0.05292152361113617,0.006599208673526193
281,0.02249805974199571,0.9157660551225023,0.0018917644177124423,0.05669135641897942,0.003152764298810059
282,0.11281008996604605,0.5729477344096598,0.0052866504565788645,0.13442296068645326,0.17453256448126198
283,0.08356843983813825,0.6476756346525958,0.001604525170252884,0.25783823851116083,0.00931316182785221
284,0.1166697186960579,0.7712546615424966,0.0053433518424234345,0.07065388411657694,0.03607838380244524
285,0.041390508206296917,0.9267339574369188,0.002095046219256679,0.02482479845714308,0.004955689680384644
286,0.17150925005506396,0.5161721828858191,0.0027106127382839403,0.1671214403438942,0.1424865139769389
287,0.09648810221099424,0.7656779228022892,0.002141420300006995,0.11259716456092349,0.023095390125785965
288,0.09811453312524247,0.6566870285440424,0.0016748351832350749,0.23446226906866566,0.00906133407881436
289,0.06247058496495849,0.8480491350155837,0.010819402434876748,0.06802166044621533,0.010639217138365758
290,0.19023471719179555,0.5894818545420648,0.0043753964885306805,0.14833639700972803,0.067571634767881
291,0.11706301792654479,0.7242699700560092,0.0034724874431978528,0.14221463298034695,0.012979891593901147
292,0.06293660350224088,0.8414569485647566,0.01577894337990688,0.07278221031033626,0.0070452942427593635
293,0.1985664093274817,0.6566631363902655,0.0007987608824741729,0.11459624059513418,0.02937545280464447
294,0.042857465702578666,0.8978095548853673,0.009820962090627798,0.04211403286184178,0.007397984459584538
295,0.024823403314583256,0.9357196715616899,0.002795836974029898,0.031471071630944154,0.005190016518752777
296,0.03811216043526889,0.9173350690236841,0.016913943772297223,0.022290160861177973,0.005348665907571852
297,0.02859110612764654,0.922057163056194,0.015492189834343315,0.02788718864553314,0.005972352336283009
298,0.0342197254309425,0.9091810623632599,0.007946814640964849,0.04167632429816913,0.0069760732666635334
299,0.027553505678350906,0.9394166130408125,0.014589887205023687,0.014546606776460117,0.0038933872993529295
300,0.047668450839479376,0.8993841255175181,0.01906603262571701,0.018548710145733054,0.0153326808715524
301,0.07619658183470379,0.8680013954753185,0.0049990497714678265,0.042581681310244056,0.008221291608266063
302,0.0724048696475432,0.803263597153471,0.021358010674968935,0.01423314906756802,0.08874037345644874
303,0.23078371049051669,0.25850505137792584,0.00025543544366772624,0.012005748419367449,0.49845005426852246
304,0.08488870382064521,0.899744477455336,0.006350895990817773,0.004297854961959374,0.00471806777124167
305,0.03313420996462498,0.8924440872116292,0.06591186983516138,0.002633934645657445,0.005875898342927049
306,0.10323962094494235,0.8336989001878818,0.00691101492475243,0.03259110005902209,0.023559363883401255
307,0.13314389856198844,0.5701417855402596,0.0008158662437081076,0.2720842148291224,0.023814234824921388
308,0.01126621206831469,0.8900561048993457,0.07931154535259827,0.016723972244973448,0.0026421654347678937
309,0.06874079599445261,0.8340806531491285,0.0010441590028565525,0.07996030556789539,0.01617408628566672
310,0.017589989493436455,0.9387792099037121,0.013301729618314622,0.026064660991861274,0.0042644099926757535
311,0.03960764802424987,0.8706067241304318,0.012073530331097204,0.07210341405246677,0.005608683461754266
312,0.10131823106218972,0.22746930484623556,0.015529108253806791,0.011454829615317592,0.6442285262224504
313,0.3356260098728254,0.48241606896363154,0.000445362269447704,0.03822364066859576,0.14328891822549944
314,0.06277780700559761,0.9179179529871085,0.010328315543953533,0.003946960748708141,0.005028963714632004
315,0.11061022256517133,0.8642386624492496,0.015440529088156515,0.0022465777989470665,0.007464008098475435
316,0.04473012436428932,0.9104018911018532,0.0070369839234171,0.032167982365482135,0.0056630182449583285
317,0.02676552558219871,0.9234454850764392,0.014692470568947286,0.026769621592808886,0.008326897179606035
318,0.021858503207337905,0.9222245595928048,0.008294365113631548,0.043940281389059525,0.0036822906971660484
319,0.07520136649944524,0.8458981557593959,0.00485786969198733,0.05077386779884732,0.023268740250324337
320,0.03726188008537552,0.9411732059392186,0.005801027651117117,0.012122463343414706,0.0036414229808739962
321,0.17306398679931823,0.7844080251873282,0.00838569146476462,0.0031558872893993175,0.030986409259189582
322,0.0743706630447351,0.9056368422004993,0.014275405030545318,0.0016420919482616448,0.004074997775958579
323,0.027286693631084043,0.958243953706423,0.008819786760433629,0.002618310777155988,0.003031255124903344
324,0.008843527942072481,0.7009965876279374,0.28657148858497206,0.0010400631969142672,0.0025483326481037212
325,0.014382034023803154,0.9459435148251994,0.032866520588869685,0.003874397670770878,0.002933532891356886
326,0.005770469792806106,0.77551462246732,0.2127182520438332,0.0028410812417639154,0.0031555744542770543
327,0.022701269204729046,0.8853882273294504,0.0831021488417983,0.0021103250399708965,0.006698029584051456
328,0.012954399736976265,0.9542496258801731,0.027702113819080162,0.0010868861829344766,0.004006974380835823
329,0.010500806072334426,0.9554296997107229,0.029024980108240988,0.0015002499064359456,0.003544264202265739
330,0.04854007014727559,0.9100830625300989,0.00882780564810802,0.0033643082178648255,0.02918475345665285
331,0.040457904110742314,0.9120974739810219,0.03167512445002165,0.00445638207499044,0.011313115383223745
332,0.029520369131807677,0.808431782637661,0.15230756815864474,0.0023049365812983164,0.007435343490588431
333,0.04015705449919213,0.8972666541666481,0.05404538251137873,0.0034125623161774727,0.00511834650660333
334,0.016638631247751487,0.699228218506523,0.2713843898908427,0.004405128367530176,0.008343631987352863
335,0.055061092416379846,0.8573216946969018,0.033922489789701714,0.023822652289533723,0.029872070807482977
336,0.08682669519799578,0.8497820950061286,0.020549388683814944,0.028599352835714083,0.014242468276346499
337,0.0500201738102058,0.7377337931249465,0.18414135468214485,0.014633998666982272,0.013470679715720612
338,0.179085514590201,0.06772341479351546,0.0017743255482781555,0.014583103876841069,0.7368336411911642
339,0.2577440497468268,0.11893336526827396,6.37816663247476e-05,0.03565356132516444,0.58760524199341
340,0.06104109339368102,0.012670475648335363,0.00022926212174226318,0.0030540363938376925,0.9230051324424036
341,0.4645021517750131,0.45056869156691304,0.010078636977074314,0.028445285368552266,0.04640523431244738
342,0.1978902796140268,0.08274726741813754,0.0010892160167746772,0.09274032154698805,0.625532915404073
343,0.359807555732768,0.20669693402714037,0.001841423464424158,0.2697156727405307,0.1619384140351367
344,0.3296401240200705,0.34424453212638556,0.000500137661444322,0.22636422436719544,0.0992509818249042
345,0.1344265301316818,0.056019957372834855,0.000161611526699185,0.0416243909800029,0.7677675099887813
346,0.4611383194833081,0.2268918129590068,0.00046154123919183495,0.1876941594444343,0.12381416687405894
347,0.31308459007406086,0.30835683413105147,0.0006806991718682241,0.3464701840930021,0.03140769253001734
348,0.11831074761381033,0.5701187325924827,0.0018440270602896457,0.30118532840444073,0.008541164328976558
349,0.09056507657543475,0.08191359932374803,0.00020547486438298745,0.1955166330003263,0.6317992162361079
350,0.0916639549728014,0.362571517698589,0.0005230052666881035,0.5276926552838954,0.017548866778026008
351,0.04629955458621215,0.4815538407954805,0.00048318160499088433,0.4653793902982111,0.006284032715105365
352,0.04456778454828254,0.4913455759685705,0.0007159725114400938,0.45466115427791615,0.008709512693790736
353,0.03853724771694998,0.056212456397794146,0.00013408070794034607,0.5865766677241029,0.31853954745321256
354,0.07710100116034185,0.09342395231977116,9.736596405104517e-05,0.8044097932070231,0.024967887348812938
355,0.1443848544427085,0.37442056738834417,0.0005274923562352944,0.4220770687872238,0.05859001702548833
356,0.21629033933098468,0.14965452052616468,0.00021567041236061804,0.13121072192287025,0.5026287478076199
357,0.044120145068724526,0.03660657694905824,0.0004478442445937961,0.01577291704309471,0.9030525166945287
358,0.5250654216184086,0.3424845583247862,0.0003101841268550893,0.05005452464230662,0.08208531128764351
359,0.17931251386406152,0.1546184849419308,0.0033806231741068285,0.01856051796193986,0.644127860057961
360,0.0688920163823305,0.01851553315685605,9.646218253399248e-05,0.0069886230479144626,0.9055073652303651
361,0.05556592203961109,0.02517738905754955,8.401456189639293e-05,0.017144267579273825,0.9020284067616692
362,0.4784070846587592,0.406227837410981,0.0010612701479097903,0.0445977327015612,0.06970607508078898
363,0.01889288398941005,0.013974665339482639,0.00020647026587399323,0.003662046584821509,0.9632639338204119
364,0.0488858950141769,0.022984191147258002,9.401075084890805e-05,0.0019172422102454124,0.9261186608774709
365,0.3744360251925072,0.4891022286567518,0.0018404944575661569,0.017162970713745555,0.11745828097942938
366,0.45351710568985326,0.3352766092844419,0.0010526079509255136,0.021206233434148163,0.18894744364063096
367,0.170599545933652,0.7383041154502837,0.0017345240849709325,0.07795413277384458,0.011407681757248506
368,0.059779466742934904,0.8317734070387874,0.0012714774178824604,0.10222414593396198,0.004951502866433048
369,0.03395965161206839,0.8663712125044913,0.001629584992465951,0.09237524602607645,0.005664304864897799
370,0.20955131211620104,0.6763607056358021,0.0034323435881684996,0.06978207507705146,0.040873563582777016
371,0.2859472520204713,0.35531999951371407,0.0007038066347717944,0.06659157763059574,0.2914373642004471
372,0.3522811414818517,0.5260559616040692,0.0012806743655963493,0.03125482946952704,0.08912739307895556
373,0.1833071952104969,0.7807794356381236,0.0018135775247627164,0.023294708347344876,0.010805083279271854
374,0.018108537340012974,0.9616609357126006,0.002057867241577736,0.016098899713548488,0.002073759992260403
