epoch,N1,N2,N3,R,W
0,0.0004367504921197632,4.9266559127576756e-05,8.937710035495465e-09,9.785730470888571e-05,0.9994161167063338
1,0.0019494856197344568,0.0001881771380708368,8.39198035854333e-06,1.5159992765871953e-05,0.9978387852690703
2,0.0018775103774196188,0.00011915439096772024,1.1111226071155408e-05,1.5054843744808925e-05,0.9979771691617967
3,0.0030010999417805708,0.00025791565981125094,4.517841353898118e-05,2.5422213887285234e-05,0.9966703837709819
4,0.0021181724014817664,0.00012423817042747724,5.165925114572945e-05,1.904602494964827e-05,0.9976868841519955
5,0.0027770959203403207,0.00018526201759892297,2.3481939929603728e-05,2.579162448899026e-05,0.996988368497642
6,0.005112509264480335,0.00044217283627596233,6.332825399601537e-05,6.32670524264753e-05,0.9943187225928212
7,0.0013437178283751655,0.00011576634656443689,1.2952134064156034e-05,3.082821579873279e-05,0.9984967354751976
8,0.0032998132506893455,0.00019034538197399578,7.789670242202783e-06,5.7955097729837776e-05,0.9964440965993647
9,0.0073446844892564814,0.0002914894637898617,2.2351957599881172e-05,7.811500873355971e-05,0.9922633590806201
10,0.028467392487276786,0.002636665375183506,6.291376031705374e-05,0.0002525415012895855,0.9685804868759331
11,0.005734632984555966,0.0019553001444882552,8.486645948938425e-06,0.00021610122738977735,0.9920854789976171
12,0.005489163133702147,0.000844587876175137,0.00011468902632000513,6.828824128988107e-05,0.9934832717225129
13,0.04159687440865934,0.0033219930526976393,6.130079099123747e-05,0.001299179773694845,0.9537206519739571
14,0.015306633270729664,0.001925936979221935,4.461361652143104e-05,0.00041881947785964044,0.9823039966556673
15,0.001280377687784013,0.00019255690790437045,1.0457514648465611e-05,4.0384530875196984e-05,0.9984762233587879
16,0.0008102944635313847,0.00013101307149460963,8.394395420832724e-05,1.6044488106522646e-05,0.9989587040226593
17,0.0008571280618498054,0.0001652302569744717,8.262107492015494e-06,1.532281479647554e-05,0.9989540567588873
18,0.02258556828198359,0.0005231523080297505,1.7177547382855e-05,5.986221475815033e-05,0.9768142396478456
19,0.0016889976797169655,0.00015701582491344963,1.3518744142123259e-05,2.1655513500214333e-05,0.9981188122377272
20,0.01997107258221682,0.0024402225909777565,0.00019339575832636195,0.00016380402191679984,0.9772315050465622
21,0.0532508733597747,0.024609937913631422,0.0004169146970186783,0.002183371988478073,0.9195389020410971
22,0.00026672320279412276,0.00013843957269020921,0.0002750443221000774,1.1193574279025851e-05,0.9993085993281365
23,0.0002110404171398805,0.00012699923419185827,0.0001386371887849992,1.881663994210028e-05,0.9995045065199412
24,0.000499605285537991,0.00010235350337233455,0.00014559792641026146,2.9810035026099643e-05,0.9992226332496534
25,0.00042465873674996845,8.039288280825682e-05,8.815806721820491e-05,1.6318404328832814e-05,0.9993904719088949
26,0.0009990990999051272,0.00011879576281916458,3.0151859202017598e-05,1.0188176147091243e-05,0.9988417651019266
27,0.0012917849776889053,0.0001195968306453487,1.810698833597231e-05,1.5768271625792295e-05,0.9985547429317039
28,0.0005760290787888136,0.00018203807531067226,7.586079140710989e-05,8.481208928504428e-06,0.999157590845565
29,0.0005067742682710901,0.00022761076726010208,2.2260760545475766e-06,2.581263936290826e-05,0.9992375762490514
30,0.0005720770469146005,0.000171008184461137,3.056849617440881e-05,7.795659972328079e-06,0.9992185506124774
31,0.0009768864937292861,0.00012023766294356722,4.24620355955824e-05,9.337266841159416e-06,0.9988510765408903
32,0.0022964876415656507,0.00022411228378973206,0.000262989772724667,2.687432139286832e-05,0.9971895359805271
33,0.0014423004633669796,0.00010146506405767476,7.746502028776536e-05,1.4816577710128598e-05,0.9983639528745775
34,0.002616246217110312,0.00019109368545663314,5.4941922829061046e-05,2.357167777528135e-05,0.9971141464968286
35,0.0018559396849433453,0.0001689585950756145,7.146694603030806e-06,1.4667273218548248e-05,0.9979532877521594
36,0.005751819434276042,0.0002644870585690038,1.9972996871561804e-05,2.7564088656196583e-05,0.9939361564216271
37,0.0010351089762353084,0.00025242260472775927,2.838718245863975e-05,1.5046025145678354e-05,0.9986690352114327
38,0.010784804411643863,0.0009449900028688822,4.039868559152361e-06,5.4316750495930985e-05,0.9882118489664321
39,0.00024419472947399286,5.740346378730321e-05,3.105455690806126e-05,6.217702286007601e-06,0.9996611295475446
40,0.0014896002741552387,0.0001716046174225239,6.44936588273285e-06,1.858775486256352e-05,0.9983137579876769
41,0.00047630644701200084,3.072453023822543e-05,1.0956608094951795e-06,1.628082429965141e-05,0.9994755925376406
42,0.0011138369293656673,0.0001034074296568662,2.2252569295883305e-06,1.0538944702702635e-05,0.9987699914393453
43,0.005669085110903022,0.0007124985513647896,2.1266635828429237e-06,0.00010339268893632574,0.9935128969852131
44,0.010125930022619021,0.0008103903487753142,1.0732731203720105e-05,0.00010301914146774969,0.9889499277559342
45,0.0004315928623880389,0.00014098382619997114,1.5305221065326865e-05,5.6395794091817296e-06,0.9994064785109374
46,0.021269613314875615,0.0013994622380570922,1.8974198946209917e-05,0.00013862929130271373,0.9771733209568183
47,0.0029500794410328816,0.00020167253871609673,8.443118496314214e-06,1.2726467612324951e-05,0.9968270784341423
48,0.043626159997720966,0.0016929903426582903,2.4103125663777703e-05,9.663138328004819e-05,0.954560115150677
49,0.053565025713610756,0.0056325198357741624,3.626432091464392e-05,0.0014184597514447154,0.9393477303782558
50,0.018314925798051374,0.002319549036752511,8.637316849611624e-05,0.00016001942767046283,0.9791191325690295
51,0.016610454066548624,0.0019332343838592443,1.1578780566269127e-05,0.0005701963541011579,0.9808745364149246
52,0.0017898496235333472,0.000965170515017443,4.658973605160321e-05,1.7090103086414758e-05,0.9971813000223112
53,0.27319374243428224,0.015243419371231897,0.0002358981439450809,0.000409405870508158,0.7109175341800327
54,0.01085098446760602,0.0013524829142428072,4.168362055908369e-05,9.306732343459934e-05,0.9876617816741576
55,0.11707106723661216,0.0035216125292299445,5.539516476131029e-05,0.0002920408154596308,0.8790598842539369
56,0.4325124761472463,0.028802278767623195,0.0008016445962370772,0.003366504328302624,0.5345170961605908
57,0.11620638814247268,0.08112553223995708,0.0008036310205029515,0.0043244821416434905,0.7975399664554237
58,0.21320403486830958,0.08035608621441186,0.00022405904791215377,0.01398681291287566,0.6922290069564908
59,0.13469070932829666,0.042549690424683775,0.0005599358058601827,0.0011750318264094931,0.8210246326147499
60,0.5800954919249632,0.18911663859435124,0.0011250171580544782,0.0028236219177539164,0.22683923040487708
61,0.6137887261136153,0.3505279668497182,0.0018736459189970878,0.0014201081145204587,0.032389553003148885
62,0.22255867227547593,0.6445490436288269,0.014680314320619116,0.02103624271072608,0.097175727064352
63,0.3531988364290254,0.49251898281863776,0.002445403020850706,0.021386526093539263,0.13045025163794674
64,0.12112830109549617,0.8024128342351732,0.04802794835503819,0.015728056100257255,0.012702860214035253
65,0.2822091462114884,0.6124824377408448,0.04763947706753767,0.028381240128097493,0.029287698852031602
66,0.10515968454647019,0.7547470480832663,0.11810329879588762,0.0119611795582159,0.010028789016159908
67,0.05324186197468017,0.7577221478942623,0.15121562170708888,0.024377705049963234,0.013442663374005443
68,0.13133867377437264,0.7420022152770682,0.04545171511695622,0.06460703650246744,0.016600359329135478
69,0.044458937869114534,0.822720832604966,0.05332987592665146,0.02925723046551915,0.05023312313374898
70,0.055947807128182606,0.7235113410592187,0.15281448849601934,0.009714263212128057,0.0580121001044514
71,0.1518904486623477,0.6847264744120368,0.023811891915140024,0.01049312930263378,0.12907805570784162
72,0.1403709758587128,0.6973633582986729,0.0685908333541622,0.005425870943575864,0.08824896154487619
73,0.059314113528348686,0.7809302879352062,0.1042940243978449,0.0033151160139666233,0.05214645812463353
74,0.3391787487057584,0.5409362357875614,0.012469419057858633,0.02183855160725086,0.08557704484157064
75,0.07758081012048565,0.7793267262361991,0.03426270242454501,0.007520535732722434,0.10130922548604765
76,0.22244707539747094,0.5758414418101766,0.01987228784364027,0.028365300659083437,0.1534738942896287
77,0.26974369600864245,0.5399205811839897,0.041955096266613444,0.01112449232511889,0.13725613421563543
78,0.2976865968420536,0.5923749392142594,0.04012783168031076,0.030488634998452068,0.039321997264924184
79,0.20400399271529612,0.6898584105254223,0.0173053499304785,0.02229617497713689,0.06653607185166618
80,0.09674167651098735,0.7651055594790709,0.04545456354768478,0.030483394471398362,0.06221480599085846
81,0.09284081792208077,0.8066294550999078,0.05141979126372952,0.027692954797564485,0.0214169809167176
82,0.028721502498632073,0.8245874739016162,0.1310177233369986,0.007490956587923008,0.008182343674830008
83,0.16823141908991107,0.6870492147231889,0.05046531848544621,0.016541721755056138,0.07771232594639763
84,0.08727068285171409,0.7161140806190794,0.04916682256169132,0.010197599162138634,0.13725081480537654
85,0.17414758417623788,0.7557870191529976,0.0301412458390867,0.004296896176079291,0.03562725465559855
86,0.13417218430203762,0.7433015165442916,0.11405248298174109,0.003363448686143797,0.005110367485785732
87,0.06971400240171335,0.8755913071420443,0.029491460318466153,0.007478790500952899,0.01772443963682316
88,0.04950148061287696,0.7450111295718943,0.13470544991367767,0.0022432202066527585,0.06853871969489826
89,0.06827173158223776,0.8178043585712382,0.08852223338620786,0.004989396368503305,0.020412280091812667
90,0.03412406557467376,0.6614088257253089,0.29454653790122703,0.00474483553060697,0.005175735268183307
91,0.03246350368090864,0.6517563026513084,0.3051329241684397,0.003560798838458333,0.007086470660885094
92,0.006118025105226474,0.409986652157193,0.5752790399273864,0.0025059017365055706,0.006110381073688597
93,0.00580304246599178,0.37011093798517514,0.6194382977088725,0.00188290120575452,0.00276482063420604
94,0.002000295664086269,0.1847154152399755,0.8104439766728885,0.0009752405350588938,0.0018650718879909991
95,0.00904546473357961,0.6125513097147174,0.34998388220923765,0.0007443626027153196,0.027674980739749954
96,0.015116811186202419,0.3763900475969127,0.5982951369181337,0.001154492171508652,0.009043512127242385
97,0.009934925260165043,0.3010853737634502,0.6831170368469575,0.0007295376888349916,0.005133126440592217
98,0.01634777906418926,0.3662742419582545,0.6119005361260595,0.0008282196144528549,0.0046492232370440355
99,0.0027218733271702766,0.2745406419527731,0.7195821307524547,0.0004709501185607451,0.002684403849041259
100,0.01041224977645498,0.29953569523880796,0.6840449855165951,0.001144161136121618,0.004862908332020272
101,0.010884681182182276,0.42879456310479996,0.5545162868573668,0.001069292729121785,0.004735176126529261
102,0.003104217991021259,0.3312125098098446,0.6607417552340643,0.0005896819512024906,0.004351835013867275
103,0.0138823087834566,0.6925012819082148,0.28023559644273854,0.0022417172233645923,0.01113909564222554
104,0.010273917472111291,0.4885058101075765,0.49620100900960906,0.0004660882887939736,0.004553175121909095
105,0.01665199187373726,0.5409416967049825,0.4380308496518155,0.0004513993702538555,0.003924062399210817
106,0.026031523419298007,0.5871405621058396,0.3770608826672205,0.0005004153560365174,0.009266616451605278
107,0.00291753848444784,0.12871138612939184,0.8664512115147377,5.928207820367807e-05,0.001860581793218974
108,0.0029120461664835563,0.22583716355461864,0.7688049939994107,7.912911592734296e-05,0.002366667163559878
109,0.003060399684512645,0.14285439804983852,0.8527929264088654,3.536553408716181e-05,0.0012569103226962985
110,0.0005038225543578182,0.08230528826688527,0.9164289344199801,1.2472007720291048e-05,0.0007494827510564847
111,0.0017634848833997852,0.10550338979852959,0.8912612512831745,2.397428614921128e-05,0.0014478997487470178
112,0.00015386763416342663,0.055711297905490884,0.9436275337286778,1.549971055923209e-05,0.0004918010211086898
113,0.00010228677032827514,0.0220635425633027,0.9774203271045628,9.219890878344407e-06,0.0004046236709278584
114,0.00020310113424732454,0.030199150674928663,0.9689213172442281,1.9783874624993913e-05,0.0006566470719707466
115,4.639752416309366e-05,0.013255562837439163,0.9863488594771271,3.1533458019432436e-06,0.0003460268154685108
116,7.11264540786196e-05,0.014796763895635246,0.9847925767731806,5.718191854205508e-06,0.00033381468525128767
117,7.54628671060346e-05,0.010997140613487175,0.9886291715258295,2.6489951065491986e-06,0.00029557599847064944
118,3.9850950049781e-05,0.007947270366164381,0.991747596558454,4.1958438013250545e-06,0.000261086281530536
119,0.00010105793364276845,0.013066020073478306,0.9863877917849552,8.175282995330363e-06,0.00043695492492840836
120,5.035271127902614e-05,0.004764640154498048,0.9948714561847166,3.899830725651344e-06,0.0003096511187808092
121,0.0002942793924231247,0.01107544997969822,0.9876747708434701,1.1636911738596916e-05,0.0009438628726698005
122,0.00012703281455806421,0.010617224119731537,0.9887490193079814,6.45008246142125e-06,0.0005002736752676661
123,0.00013528395767552077,0.012567885578572214,0.9862091374899337,1.02607912199048e-05,0.0010774321825984992
124,8.781633225734464e-05,0.007911228955696513,0.99141945873449,6.6067597018330605e-06,0.0005748892178545219
125,0.0001780100434123163,0.014572203634310358,0.9844978388302419,8.877890184617896e-06,0.000743069601850668
126,0.00018299754093088628,0.010081143892441805,0.9889079089019949,1.392515047718058e-05,0.0008140245141552504
127,0.0003710930989584374,0.01223684548337134,0.9853556489778298,1.4994913515315221e-05,0.0020214175263250276
128,0.0002629809765970304,0.007311871299268516,0.9917924766352108,4.482869486234021e-06,0.0006281882194375529
129,0.00011692171091312035,0.010563251355765772,0.9888150504246014,5.576129088801631e-06,0.0004992003796309507
130,0.00034318083483006614,0.00917782998860951,0.9899459788583859,1.7858265068421132e-05,0.0005151520531060334
131,0.00016581802006331714,0.0078096138847446135,0.9915336168075239,2.4036194978814122e-05,0.0004669150926892592
132,0.0009330653331231681,0.02776454227935451,0.9697083620886598,0.00029986650118292245,0.0012941637976795104
133,0.011696635823952589,0.23215392290073072,0.6215684246304937,0.0020208220701295725,0.13256019457469342
134,0.03983195382337678,0.2865798221767386,0.6593380222639479,0.0020311120778791166,0.012219089658057538
135,0.022034443622796843,0.2997805245128378,0.6651769178647986,0.0015635475024735235,0.011444566497093127
136,0.01978278134694769,0.5026470699690155,0.4605682203972694,0.0026762771057233627,0.014325651181044048
137,0.228677894194471,0.2716627985880578,0.0033664318265755324,0.011178183683947025,0.4851146917069487
138,0.22638982126330026,0.6774423031863928,0.05659321889299227,0.011788674348616413,0.0277859823086984
139,0.2843541827620622,0.5674110729741387,0.06361421938064582,0.03802431045158106,0.0465962144315723
140,0.2724730742560527,0.648946510598365,0.023204000681348813,0.029882580882989836,0.02549383358124371
141,0.068720796172144,0.8044018175446095,0.05914426315387152,0.058826782306768424,0.008906340822606624
142,0.0705870916530592,0.8178474747215208,0.023142243610923034,0.07993435571666187,0.00848883429783512
143,0.20328586184907238,0.5754088385320847,0.005511627792170231,0.19587610480002313,0.019917567026649565
144,0.31408663247666985,0.6115602247051574,0.01009315300437436,0.04692485122822809,0.017335138585570276
145,0.13956890912650743,0.7925875173894353,0.020405769682639352,0.030205120353093237,0.01723268344832473
146,0.10831673141198712,0.8009288775553092,0.021104875887679713,0.05918516813339511,0.010464347011628877
147,0.14422544542391325,0.6912805027035538,0.03291775852373067,0.09940989872390249,0.032166394624899675
148,0.10959505765553439,0.7907457119270936,0.04004218035021517,0.05145019934516782,0.008166850721988882
149,0.07821975112039989,0.7957603370149604,0.06110615195124368,0.04607941560870898,0.018834344304687153
150,0.08714380822395693,0.8045096154431669,0.023037824943078912,0.0531597130131892,0.03214903837660812
151,0.22170370281526156,0.3518323655505792,0.009751045720364606,0.020946506551055535,0.39576637936273934
152,0.4259683945236526,0.4695152495143899,0.006483031477867101,0.03599519705518919,0.06203812742890139
153,0.2716139283494045,0.5649829008676194,0.016812559674440588,0.012751308352256217,0.13383930275627928
154,0.12877784489513536,0.7545745979798133,0.057849617623952375,0.015102449323272489,0.04369549017782674
155,0.22602902974125189,0.5846524902033613,0.02697685265478007,0.11220114404249827,0.05014048335810846
156,0.07200643965597481,0.8193809528040101,0.016167095264386703,0.08194390021662992,0.010501612058998504
157,0.0716550212200639,0.18111349276677044,0.032774050179488465,0.05533994874149692,0.6591174870921802
158,0.3273737626041855,0.10860720872955816,0.0001125607181895037,0.3257883681308496,0.23811809981721707
159,0.5945482921672228,0.2129406428551396,0.003270081722842459,0.07533304856644933,0.11390793468834587
160,0.5960675507312464,0.2494975766842726,0.0017496775434938377,0.0505412489940584,0.10214394604692884
161,0.44357865366284255,0.24200661472511653,0.00242965999661386,0.057774155266899496,0.2542109163485276
162,0.21790799199613736,0.6106965362765184,0.013572927231287401,0.10205054997843446,0.055771994517622395
163,0.2177184895951787,0.09188663693386431,0.00040400592107770107,0.2494240663543934,0.44056680119548575
164,0.4000970925179914,0.3138935242826385,0.0012915105787197649,0.1877481486421604,0.09696972397848999
165,0.06851080430207751,0.03947710712955799,0.001119256120674263,0.029977754019588305,0.8609150784281019
166,0.10847566256221014,0.03499158902687171,0.0005023178104403346,0.020260475359700846,0.835769955240777
167,0.0048454400647237866,0.002357792258843461,0.000136690316394822,0.0011930498842456694,0.9914670274757923
168,0.030785683516464806,0.013485838466853105,0.00018717982561373026,0.002656350043828182,0.9528849481472402
169,0.10112495262924741,0.006403875740119229,0.0001026665039117517,0.004585596625939419,0.8877829085007822
170,0.10429715254455113,0.025585900619599547,0.00023574091612094136,0.006645854173922845,0.8632353517458055
171,0.17151603715998182,0.07091046898521583,0.001259540478717773,0.07926901941448608,0.6770449339615985
172,0.3811257360378093,0.13339144878687376,0.003146855687068826,0.14114120848318407,0.341194751005064
173,0.009358067023980437,0.009457921425054304,0.0002749903266218336,0.003788606976924177,0.9771204142474192
174,0.029091484895601944,0.012057308254343441,0.000347855689232595,0.004767899599221896,0.9537354515616001
175,0.17006181756350242,0.03159596576311598,0.0007126582234694116,0.005678094068003634,0.7919514643819086
176,0.2037662319704827,0.1268959687397644,0.0017434288017767483,0.024145658040770384,0.6434487124472057
177,0.09429897890293161,0.06312173956812397,0.0013640991546256434,0.023813424709600482,0.8174017576647183
178,0.29448627865677696,0.18998486336012324,0.0010370357000263665,0.08113556540206977,0.43335625688100354
179,0.0015906044713083793,0.0006562329492865627,0.00015460436186133855,0.00047797443599429323,0.9971205837815494
180,0.000913523305021902,0.00015103196501998348,4.50007593962131e-06,0.00011150455730832157,0.9988194400967101
181,0.001802222273826712,5.894682474192657e-05,2.424480850345314e-06,0.00010702517618977682,0.9980293812443913
182,0.013147588984117466,0.0002354469409256179,4.278958890875988e-06,0.00015409614618889614,0.9864585889698771
183,0.01179498002158734,0.002814337193010831,3.048250120597427e-05,0.001108911032682392,0.9842512892515135
184,0.012571188202955054,0.0021018525642791954,2.1746820409261317e-05,0.0013391263282344222,0.9839660860841222
185,0.0026417536903856984,0.0005409786134191833,3.518804021577997e-06,0.00048291639438625267,0.9963308324977872
186,0.0018820637455486228,0.000453258998901986,1.2674565858002717e-05,0.0008497823356290684,0.9968022203540623
187,0.0009809782346561875,0.00017435191089661717,3.1208207783992588e-06,0.0005139849130458552,0.9983275641206231
188,0.001199143651687107,0.00023780858209371136,2.3023799578942146e-06,0.0004228341996830953,0.9981379111865784
189,0.004564931149065757,0.0004759171176254193,7.309968978849328e-06,0.0004891456344279798,0.9944626961299019
190,0.004275170755922231,0.0017866546346921276,9.111224125582772e-05,0.0003854005994864208,0.9934616617686434
191,0.004176328969375674,0.0012277760003390928,1.3176084370222042e-05,0.0011961601559353431,0.9933865587899797
192,0.001719033229270516,0.0003646609876760376,5.7376798981478784e-05,0.000242316640388634,0.9976166123436833
193,0.0006519538489772255,0.00014458851947790895,1.4839208029305389e-05,6.820887134280171e-05,0.9991204095521726
194,0.007712703430201042,0.004768628239581358,0.00016651844555824798,0.000917091432718736,0.9864350584519406
195,0.010966109446162615,0.0006764314700422027,2.2815736341429478e-05,0.0008852076295582052,0.9874494357178956
196,0.18712104547580197,0.06238755302053463,0.0006988919207760473,0.008609639699228695,0.7411828698836587
197,0.2857971327313305,0.1042110218867866,0.0013022845611183706,0.03129524672321232,0.5773943140975523
198,0.03918610068820418,0.04960611519644886,0.0008489804647263344,0.007430074185097726,0.9029287294655228
199,0.20721228978343031,0.1223357813308643,0.002433638700234155,0.01664030808245362,0.6513779821030177
200,0.18050475455924275,0.11998535385605154,0.0020712441295724074,0.017359034081307966,0.6800796133738253
201,0.17657619152926954,0.09533433487676599,0.0016882354023550867,0.05812508293984656,0.6682761552517629
202,0.005083359945631437,0.0011810558360895492,4.2584619913490574e-05,0.00046420716829387,0.9932287924300717
203,0.002047621356155244,0.0007156010451659974,3.0036570581341332e-05,0.000329577302991948,0.9968771637251054
204,0.020392281135697073,0.0019117259150503965,4.488705608869499e-05,0.0010556863400846674,0.9765954195530792
205,0.0015242835279095375,0.00039121145113867083,2.8488364422911036e-05,8.04716482498339e-05,0.997975545008279
206,0.0009346299775362865,0.00022345813564744938,3.1326392225542116e-06,0.00013035359911058855,0.9987084256484831
207,0.0007704831797427507,0.00030349600316555787,2.7861098059982666e-06,0.00029472429960781323,0.998628510407678
208,0.0008071068953086411,0.0004338711398215165,5.06425336473094e-05,0.0002477976128912277,0.9984605818183313
209,0.0042671442165171615,0.0013862959242767691,0.00020686245598153322,0.00047612038243041195,0.9936635770207941
210,0.0016509549060317213,0.0004189903418388375,4.3164488802507134e-06,0.00029344388455598364,0.9976322944186933
211,0.00673501726832875,0.0007194613395065202,4.872730058850643e-06,0.0006136860424295433,0.9919269626196763
212,0.00178720884357035,0.0002912398458532068,2.2790464915905914e-05,0.00024399128871012782,0.9976547695569503
213,0.006475815932289499,0.0008478143589821933,4.259600414912996e-06,0.00041360860462725456,0.9922585015036862
214,0.017200794890934318,0.006523936920734044,4.551414334239921e-05,0.0018137031275706754,0.9744160509174186
215,0.0044718342081689795,0.0011268529784803794,1.048180410328596e-05,0.0012273944620271949,0.9931634365472202
216,0.006252299569576586,0.0006889582614460677,3.6791301465596465e-05,0.0005662861106647298,0.992455664756847
217,0.007023168227994093,0.0005988328892808354,1.2569858984336388e-05,0.0008210937831244344,0.9915443352406162
218,0.0055061783224418575,0.0009361586171695,0.00026727540329460683,0.0012067044134724029,0.9920836832436215
219,0.0008732418969211533,0.0005715177440538095,0.0004155831258351294,0.00027234170685265887,0.9978673155263373
220,0.002029502712051965,0.0004760285709486552,9.528381139028755e-06,0.0005290536138909088,0.9969558867219694
221,0.0030824415559478993,0.0004122477602776125,2.7898069064965928e-05,0.0003024658467553925,0.996174946767954
222,0.0027645182296360407,0.0005041643706815641,4.941342954803507e-05,0.00040408470353694406,0.9962778192665974
223,0.002778541822124969,0.0005059458873240156,2.222155757828601e-06,0.0010201082767169111,0.9956931818580763
224,0.0013127156055108545,0.00028798941484164947,3.216749785331416e-06,0.0006561930664371942,0.9977398851634248
225,0.004205798280085564,0.0008291711969605846,1.716151261901997e-05,0.0015673021800239506,0.993380566830311
226,0.002812159181292359,0.0005317587667830518,1.3150545708147664e-05,0.001539588330398926,0.9951033431758175
227,0.000678261896857838,0.0004191646957306978,6.601950215217395e-05,0.0008380458428727519,0.9979985080623864
228,0.0017536908749824132,0.00012539600295296652,1.5890345769919687e-05,0.00024499029333755785,0.9978600324829571
229,0.0009307798338479543,0.00014309051364592661,4.2982970394325194e-05,0.00023138038669167212,0.9986517662954201
230,0.0020922557752715517,0.00017983598336380034,9.10744885426153e-06,0.00034477184407947733,0.9973740289484309
231,0.002297035525557975,0.0001827020538169784,3.376051568579253e-05,0.00033132979742477286,0.9971551721075146
232,0.0006107699224533303,0.00016112498533503057,4.927509703759639e-05,0.00030019285288956124,0.9988786371422844
233,0.0014887384056814792,0.00041202435847051595,9.15001903222158e-06,0.0008808801428460642,0.9972092070739697
234,0.0029531380303724404,0.0006419458493863003,5.2495139866949916e-05,0.0008730192737291014,0.9954794017066452
235,0.004174482619397459,0.0011920618788389765,5.027791467972393e-05,0.0014677580005425528,0.9931154195865414
236,0.012965478306701948,0.0034165317233338295,4.0527807671511154e-05,0.001593343879940152,0.9819841182823525
237,0.009644798036397511,0.0023906922419357603,2.9653241835542957e-05,0.0011567090818776055,0.9867781473979537
238,0.014829499043791272,0.002557560231613763,6.11027201246992e-05,0.0017261535643167906,0.9808256844401534
239,0.008308920636390837,0.002173297905434668,6.394556165825864e-05,0.001507549327250139,0.9879462865692661
240,0.005870638530157601,0.0018518244858983398,9.396148550550675e-05,0.001824940421578861,0.9903586350768597
241,0.009103322720575104,0.0024438665203333166,0.0001417202141458501,0.002139099956164894,0.9861719905887808
242,0.003734498611361011,0.0008524942901736944,8.787390240337489e-05,0.0010075828827090197,0.9943175503133529
243,0.015892841306537862,0.0019291441579548662,8.700699052690061e-05,0.002544437550617495,0.9795465699943628
244,0.25242578940765725,0.02815123669036687,0.00017858161278980206,0.04671483667304542,0.6725295556161406
245,0.042388388008079626,0.010830498710064609,4.156375301544344e-05,0.004666602976397048,0.9420729465524432
246,0.09931109450683631,0.013920868471829263,0.0001463913823300222,0.0030871642059947992,0.8835344814330096
247,0.32826577343685825,0.087143537962139,0.0005108526072909529,0.04819321758256108,0.5358866184111507
248,0.4356317961152274,0.23596078821752847,0.0008745343491608955,0.08224166353822261,0.2452912177798607
249,0.36861659776979633,0.24871224233424657,0.003982231331687968,0.1256702183716674,0.25301871019260186
250,0.22304488257003496,0.44058602763541765,0.00600695271874898,0.14673206832142627,0.1836300687543722
251,0.24513320463556945,0.5156920108885956,0.001994206808299415,0.13770236270213118,0.0994782149654043
252,0.14553807327659676,0.7407752063987186,0.008776521197115418,0.07669480113834239,0.028215397989226853
253,0.0788651393149051,0.83689003912722,0.023576306561477866,0.03783979285412996,0.022828722142267045
254,0.042975439969401126,0.8421679293176789,0.026934305927541334,0.06451919320266813,0.02340313158271049
255,0.03409590567091671,0.7978787831985164,0.04310360950430613,0.08598633397341342,0.03893536765284748
256,0.012257761325892645,0.010344535512083924,0.00010214575254363288,0.028225842333566824,0.9490697150759129
257,0.02428932311136131,0.012174556754819463,0.00013259227103175363,0.024693149512935466,0.9387103783498519
258,0.06958378798773264,0.005339991772255348,1.3109214001988801e-05,0.06554205622184833,0.8595210548041616
259,0.01590143660020022,0.011604643901424532,2.4884358133275776e-05,0.009063044470010384,0.9634059906702316
260,0.3642098046502749,0.10087929200096488,9.588254588143111e-05,0.16748918081272463,0.3673258399901542
261,0.11981719113015256,0.011840885394733606,1.033207531028098e-05,0.18578504077315672,0.6825465506266468
262,0.07572340640129181,0.014204672459053456,6.476088392168905e-05,0.05473021047154049,0.8552769497841926
263,0.3029796802060695,0.03597549518954525,1.6977279269027574e-05,0.5423074046110342,0.11872044271408204
264,0.3345875780699287,0.17962734464105437,3.563833161268326e-05,0.2558224083316728,0.22992703062573142
265,0.3929118234803352,0.07588946211034783,7.824758322552405e-05,0.4620474775560494,0.0690729892700422
266,0.22728214648348882,0.41747990430115345,0.0003791681572735622,0.3257569603524324,0.0291018207056517
267,0.17919608072912463,0.6717331729889883,0.0010889122019352231,0.13744046384328273,0.010541370236669177
268,0.05845567339409848,0.8272290351018362,0.00021359966552922326,0.10709650837188596,0.007005183466650043
269,0.08640807634854124,0.7155643836004116,0.012990367539438132,0.18123816461848144,0.00379900789312759
270,0.07831549230752836,0.7551690987864802,0.0008672709481560597,0.14539594833507358,0.020252189622761704
271,0.022110443110092283,0.9492404047675239,0.0005312325940566168,0.024927498859048984,0.003190420669278186
272,0.07986603958448225,0.8863394313559528,0.009308420067452684,0.022592118570881232,0.001893990421230899
273,0.07535036598634416,0.8874101400017829,0.009217515811288275,0.026750305088549184,0.0012716731120357456
274,0.02828300784754487,0.9277389259849267,0.010691985536482741,0.030980605592711766,0.0023054750383339783
275,0.056491988564518605,0.7930036916908775,0.13106552823953194,0.017352671459068558,0.0020861200460034644
276,0.024718938312043165,0.8911626999458138,0.0762515063843356,0.006501749139808417,0.0013651062179991125
277,0.1434427145798865,0.7440329404656717,0.08447114880066525,0.01586393405424019,0.012189262099536365
278,0.02579159232674235,0.9476870329597544,0.021999835407929505,0.001174200513097466,0.0033473387924762947
279,0.05174377392815628,0.8689763014392881,0.06193557782526879,0.003326603875566913,0.014017742931720025
280,0.026197707489515047,0.8074383540942127,0.1598292896368202,0.0030526913330837487,0.0034819574463682747
281,0.023895766334469472,0.7850633663259471,0.17761423536074633,0.0060241038850069725,0.0074025280938302155
282,0.009544441272720259,0.5779538244446583,0.4090821228878707,0.002155884602532502,0.0012637267922183696
283,0.015183256376486178,0.5815691392223743,0.3986773947579618,0.0026200015845206366,0.0019502080586569991
284,0.033884932758012354,0.5895277046489645,0.36699230448400655,0.005910301893417343,0.0036847562155990967
285,0.013754934883650741,0.409458342887837,0.5684477329055505,0.0024621158219182713,0.005876873501043424
286,0.036450678060833006,0.41488047343016066,0.5381232394894538,0.003187848455081764,0.007357760564470794
287,0.005419750206064092,0.46603505596051437,0.524291264981385,0.0007408443851571002,0.003513084466879393
288,0.00282728073029054,0.22428452066011415,0.7716172925168062,0.0002803237315654325,0.0009905823612237053
289,0.002003786992775934,0.10572946449318985,0.8912327590306481,6.21652924022553e-05,0.0009718241909836872
290,0.005685523851257352,0.24818714557516772,0.744397035080881,0.0002893521453960405,0.0014409433472979871
291,0.00283378633773579,0.2521989177344219,0.7431098300314533,0.00011656937259392022,0.0017408965237952119
292,0.0023308607057023014,0.1269183633848148,0.8697150899173268,0.0001110495684916856,0.0009246364236644602
293,0.003440260775360758,0.13758271490235,0.8577497081845376,0.00021088120748984885,0.0010164349302619652
294,0.0020646595902523387,0.1671084449961976,0.8277426399110872,0.00012511095168709016,0.0029591445507756125
295,0.0005866508261419098,0.06127644072758536,0.9372961589596176,2.46032344149393e-05,0.0008161462522403288
296,0.001485734887323901,0.05699144958560255,0.9407356623967793,7.589257530271901e-05,0.0007112605549916014
297,0.001649694580106322,0.07702721066919228,0.9203107823025015,4.4381617871929565e-05,0.000967930830327973
298,0.00041570987003429456,0.036242319843966184,0.9629619015181489,3.665571296328143e-05,0.0003434130548874949
299,0.0002867504815525696,0.023231967205214442,0.9759614312034873,3.6224385600601624e-05,0.00048362672414512025
300,0.00011849325421069532,0.015583544223652875,0.9840050426235205,1.4951807574398084e-05,0.00027796809104165985
301,0.00013124977893158704,0.009106913135629873,0.9905207959649496,1.5383329393382916e-05,0.0002256577910956124
302,0.00024042567252581014,0.011076605853865402,0.9883190495977598,2.0865259736309156e-05,0.00034305361611277187
303,0.00015345901573282807,0.011306175909553592,0.9882700350950099,1.0156082476596344e-05,0.00026017389722709155
304,0.00016321537758863004,0.008165200007022585,0.991283177331595,1.636069411098454e-05,0.00037204658968277967
305,0.0004060541049601507,0.012448738235300443,0.9864544348075069,2.5286010820790625e-05,0.0006654868414115691
306,0.0001772492148019535,0.013024397995013523,0.9863048065685642,1.605345993211433e-05,0.000477492761688173
307,0.00021612309773644486,0.011755360818042081,0.9875476768103869,1.6828317061372178e-05,0.00046401095677315495
308,0.0001697925593520258,0.012572472108361278,0.986630388382654,2.286966963749126e-05,0.0006044772799951529
309,0.0001428900498175115,0.006707477742762439,0.9925367210371793,2.217857767839127e-05,0.0005907325925624422
310,0.00039908547145168626,0.01539933187246319,0.983451314305485,2.447839268093976e-05,0.0007257899579193617
311,8.094822362969221e-05,0.005459400654019357,0.9943016374259358,7.51126608750039e-06,0.0001505024303277001
312,0.00013157076057049945,0.007453693868776264,0.9920627755324144,1.586204974208873e-05,0.00033609778849675963
313,0.0001118486578997348,0.004918769739415188,0.9946185224140512,7.549498142136498e-06,0.00034330969049186977
314,8.817492814634659e-05,0.008067604701324704,0.9914896378978576,1.5677759209200433e-05,0.0003389047134620387
315,9.411602172240012e-05,0.005136740626386387,0.9945332978164789,7.819832497721051e-06,0.0002280257029143957
316,0.0003159850576689053,0.011566682564555475,0.9873959810163251,4.729630640778085e-05,0.0006740550550428698
317,7.440593313529212e-05,0.006712939475841571,0.9929744564517806,1.1470208202795259e-05,0.00022672793103985732
318,0.0001025654492938257,0.004497296930049754,0.9949680312060657,2.0248259982882367e-05,0.0004118581546079761
319,5.942071227004549e-05,0.003120042138357421,0.9963564030131042,5.7903000229502e-06,0.00045834383624550736
320,9.268384636326905e-05,0.007158282497118277,0.9921448658703284,3.8303859170462533e-05,0.000565863927019646
321,8.717141036566289e-05,0.0050884165006685545,0.9945344547792533,2.5646987932822218e-05,0.00026431032177987984
322,9.267371036430068e-05,0.005804324420540546,0.9938627477630894,1.0971101180771885e-05,0.0002292830048248593
323,0.00016172645327916228,0.00972097391660229,0.9897338280666611,2.011793241418404e-05,0.0003633536310433505
324,0.00027138876764319127,0.011870548677646147,0.9873891990559311,2.2722263565524125e-05,0.00044614123521412487
325,0.0002639875357970921,0.016233496534007626,0.9831442458979502,2.4398010289816084e-05,0.0003338720219551097
326,0.00017241665640376402,0.015750171515473504,0.9837753030908309,1.7005929522562566e-05,0.00028510280776909556
327,0.00010312471638919341,0.011273633173203358,0.9882818372310755,2.7512861180254404e-05,0.0003138920181515236
328,0.0001303039616601061,0.0087026648951562,0.9908656654980116,2.563335624641804e-05,0.0002757322889257934
329,0.00022447106236924577,0.008132709134857924,0.9911122703378077,4.179293216025204e-05,0.0004887565328049647
330,0.0001333610341113046,0.004194997471405569,0.995246505794158,1.5020910327161207e-05,0.0004101147899978801
331,0.00014203581948391483,0.00607332374760732,0.9935349669793749,1.492822928199461e-05,0.00023474522425188653
332,0.00011297279754180816,0.00779386688979812,0.9918520708018755,1.6528369663239426e-05,0.00022456114112129973
333,0.00022383010666301805,0.009441588945104534,0.9899049879745354,3.015507878406808e-05,0.00039943789491312363
334,0.00013195014596766686,0.00676987652659671,0.9928310767598906,3.950698766342439e-05,0.000227589579881837
335,0.00017443904569166977,0.005751849006126513,0.993729041340005,5.123081833268363e-05,0.0002934397898442254
336,0.001050539695076236,0.030546011290132746,0.9677252749904863,7.834423384845417e-05,0.0005998297904561615
337,0.0005052635858048724,0.02215167718838365,0.9769216675579647,3.691457037549372e-05,0.00038447709747120156
338,9.606904962326956e-05,0.012453582544574815,0.9873031590230037,1.8796050350872344e-05,0.00012839333244737735
339,0.00044180297427460683,0.022390357288822934,0.9765418876480025,0.00011736647575084894,0.0005085856131490883
340,0.0007680147469876828,0.04516452053588019,0.9534692416665849,0.00015178102510067553,0.0004464420254464005
341,0.0028965463838017676,0.06746569657110854,0.926592161550331,0.0014926707958086449,0.0015529246989500205
342,0.0030780227343470638,0.09872173116069685,0.8961106782682465,0.00135585353828772,0.0007337142984217847
343,0.005847545068939534,0.4238089926878732,0.5515773052829839,0.004641284944127316,0.014124872016076154
344,0.04745987617083703,0.6233239682558865,0.2664838102491475,0.021362415394979396,0.041369929929149486
345,0.3567554518791006,0.43708300851511045,0.0364544639701535,0.014384904468267571,0.15532217116736785
346,0.27911961579881583,0.6292481173387013,0.05662426992513652,0.009889307019090502,0.02511868991825597
347,0.1632341183339952,0.7778942845865169,0.04148975486198261,0.005835840583052842,0.011546001634452654
348,0.22282105621315657,0.7121998854384262,0.04945937507127524,0.010221222476250916,0.00529846080089118
349,0.06340152291417349,0.7530270104359161,0.16137949825261536,0.01636550471440212,0.005826463682892719
350,0.0645187916396838,0.7983576537146057,0.1063193595748628,0.02231678361412658,0.008487411456721208
351,0.020535731649177165,0.323486456919816,0.6247925887198795,0.02357519237645945,0.007610030334668043
352,0.147828438230409,0.5033783538436504,0.049857943988402806,0.12123856791323157,0.1776966960243062
353,0.04771508353282752,0.6822114575730398,0.17287503178209918,0.07128381982250642,0.02591460728952702
354,0.00895060514185859,0.4704193175248996,0.47166339525364914,0.04568875197604908,0.003277930103543636
355,0.0472149044022391,0.6692634828530033,0.09132232050818419,0.18074485335956128,0.011454438877012096
356,0.044513312337708895,0.6479186168264137,0.0038614609559765234,0.2942994146256778,0.009407195254223047
357,0.04289348753807745,0.29616496976431655,0.0007801245695454869,0.6507589464972433,0.009402471630817288
358,0.08975278874913996,0.31037455914089646,0.005614739373891289,0.5753862371049497,0.018871675631122627
359,0.06211430109611392,0.48277027480747003,0.0004744540847000757,0.4407596719063404,0.013881298105375783
360,0.07196512123240545,0.3617583158518936,0.00419635482688729,0.5483229622621532,0.013757245826660464
361,0.044500958151586535,0.35607759933103883,0.00012681546873032762,0.591796282661664,0.007498344386980303
362,0.07998865506894251,0.2670759575216943,0.0008097413197962165,0.5565770745236578,0.09554857156590921
363,0.04915960276187334,0.12017437556921531,0.0001307422365245939,0.823770114066013,0.006765165366373659
364,0.024888180619142015,0.09261258857032535,0.0001783935399275522,0.8728401972076826,0.009480640062922615
365,0.032399787900405076,0.09699031021364572,0.0005007821731954505,0.8578672266832357,0.012241893029518175
366,0.021773069296272766,0.03287657573568407,9.32536284664781e-05,0.9374681077055705,0.007788993634006034
367,0.0176764185560482,0.020708184106791577,3.690017669609443e-05,0.9538338161548633,0.007744681005600943
368,0.04665342443758767,0.043021142094400666,6.628286596087759e-05,0.8946059408540795,0.015653209747971346
369,0.07188917719872302,0.043890064738480096,0.00012377594285053252,0.8513549465058595,0.03274203561408696
370,0.09392128550202566,0.06779333877922955,0.00021269582930159275,0.7836759886374913,0.05439669125195176
