epoch,N1,N2,N3,R,W
0,0.007508049276859823,0.012097061485199725,0.00020840490936235815,0.00017620438119907663,0.9800102799473791
1,0.007788587151208678,0.0068671742268915665,0.0003136014745219218,0.0001920784284542763,0.9848385587189235
2,0.020854836555839522,0.0213322927687493,0.0003737548729798877,0.0006396637255641362,0.9567994520768672
3,0.003989255520692624,0.0034570592716040007,6.218525850758454e-05,0.0001556124054721964,0.9923358875437236
4,0.03059607866168081,0.013797513668831482,6.536040070052937e-05,0.0003995297523210972,0.955141517516466
5,0.007735271096381568,0.004633919569501871,0.0001256266403600062,0.00023742027786919685,0.9872677624158873
6,0.006255703951378631,0.0063947113827975246,6.038540840157932e-05,0.00019115826596983622,0.9870980409914525
7,0.09639602375942011,0.012001640209159245,1.386759564269155e-05,0.0005582937551004328,0.8910301746806775
8,0.020242323777230273,0.03131254949292985,0.00019204372105849758,0.0018468516720246176,0.9464062313367567
9,0.03315534596060158,0.029366604040667984,6.525271007449243e-05,0.0024887394678075473,0.9349240578208483
10,0.0883193607209274,0.010711789327867777,3.104859255105645e-05,0.002344348490644459,0.8985934528680093
11,0.0501348497199501,0.006702710614585302,2.9582769428163187e-05,0.0010324117481815796,0.9421004451478548
12,0.12475524472600766,0.023830467955373157,7.187813238239936e-05,0.00254257834432376,0.848799830841913
13,0.06092312487687535,0.00982753499290114,5.888149363669164e-05,0.002013964776658897,0.9271764938599278
14,0.052415943214192344,0.011587902800624463,0.00012569297387230173,0.0024647207201878153,0.9334057402911231
15,0.07484343476592316,0.04264961494996674,0.0005227972460067442,0.016211887303339084,0.8657722657347643
16,0.058320939694827025,0.04944409880827784,0.0006641680685292714,0.010459196899727028,0.8811115965286389
17,0.06617165815878806,0.044702174316554974,0.0006308995861183644,0.005944347974052911,0.8825509199644856
18,0.07793155208289466,0.05729420657695256,0.0004140565671680864,0.014684186730132316,0.8496759980428523
19,0.1467025980805831,0.05642848959222849,0.00043801698516159754,0.03544626084731424,0.7609846344947125
20,0.09333901094704655,0.08226847379785662,0.00039639840102365917,0.02564444133330062,0.7983516755207725
21,0.11084378877728675,0.07137290797974391,0.000944032628983251,0.017382384434156926,0.7994568861798291
22,0.04704372823214515,0.02744512436856181,0.000620167821693964,0.011108447094820466,0.9137825324827785
23,0.1465053373377216,0.07069823247878412,0.0015621728869848357,0.019100298931541304,0.7621339583649681
24,0.19686436409425112,0.0650676193064897,0.0006970290079956907,0.025518772190708923,0.7118522154005547
25,0.20528465876451674,0.1210215703355135,0.00036699315341880346,0.04639739302662469,0.6269293847199263
26,0.1077584858455127,0.0930330316454121,0.0003729415749428326,0.028493171567883013,0.7703423693662493
27,0.037365074225722585,0.11659664284991826,0.00045173090371947427,0.013478967785831778,0.8321075842348079
28,0.01274529884482508,0.025701096953516966,0.00042290119200996185,0.005921505271933245,0.9552091977377147
29,0.035259659025452486,0.01265692409685653,2.222119945407958e-05,0.015438834548395395,0.9366223611298414
30,0.008613389231635113,0.02156098147546871,0.0002316836300772261,0.0025351712034692338,0.9670587744593496
31,0.019399173090905938,0.017754949779225888,0.00018267382253751128,0.0027049058862933673,0.9599582974210372
32,0.003985368423585101,0.006150520718986222,0.00010827024054052418,0.0008730779993733198,0.9888827626175147
33,0.0033074412356958794,0.0006433475291139917,9.629644048743503e-05,0.0006044358799169763,0.9953484789147857
34,0.0024178185782112007,0.0007475001232258045,4.0378942634481565e-05,4.3379409454256415e-05,0.9967509229464744
35,0.0074345193593259905,0.0017469185437390075,0.0018811260522527229,0.00010517735854067135,0.9888322586861416
36,0.018686903597414296,0.0007123891898329808,4.2922299806293866e-05,0.00012502461606263315,0.9804327602968839
37,0.0268882355830505,0.003385827186117338,0.0012133019403726077,0.0002992738095287074,0.968213361480931
38,0.030000945112644947,0.0018043399255346009,0.0002865617736010524,0.00010804460459928594,0.9678001085836202
39,0.04229154341696648,0.004980570798854015,4.1114508157829644e-05,0.00011147891918036373,0.9525752923568414
40,0.05041129114020268,0.004268829886563199,2.4532216221553396e-05,9.552463422207319e-05,0.9451998221227905
41,0.0055943470469079935,0.0017099303961431549,1.3897984223545882e-05,0.00013988272190444928,0.9925419418508209
42,0.022068841381838955,0.00207004573826306,3.702164074405278e-05,0.00044950531922436135,0.9753745859199295
43,0.03086620468485135,0.004271466071578009,1.6963584759745037e-05,0.0013238560532982755,0.9635215096055126
44,0.04024594114117592,0.002066259303651344,2.7263163983094025e-06,0.0002832162013321021,0.9574018570374424
45,0.04078709144066437,0.0017195741315769487,1.19644978354732e-05,0.00016695987601621958,0.957314410053907
46,0.06859868529271168,0.004888202244771818,6.537400894574274e-06,0.0004938628243130492,0.9260127122373087
47,0.039092206385630254,0.0072661043746615125,9.090915529732356e-06,0.00048105838537131963,0.9531515399388072
48,0.09173733184996768,0.02951572992727266,5.384303072595646e-05,0.007145540306327529,0.8715475548857062
49,0.16375999000106994,0.030113501385618892,6.62066951247977e-05,0.007578681057421454,0.7984816208607649
50,0.17818346586966605,0.03956846142577115,8.686911560419891e-05,0.017813801109653693,0.764347402479305
51,0.2411519521821126,0.06674672846291774,0.0002133302675311219,0.02242912736045758,0.6694588617269809
52,0.1122130734140451,0.03474995002777225,0.00020006993936396193,0.0975656449211123,0.7552712616977064
53,0.12121964796874465,0.024046574373267224,7.731174744067339e-05,0.014127823975994203,0.8405286419345531
54,0.06517494995125626,0.0246070123809296,0.00010221653940433026,0.018179676019628232,0.8919361451087815
55,0.08282193720909371,0.008883895177349117,1.3442865896237393e-05,0.0013308498040938276,0.9069498749435672
56,0.03284867008068409,0.004589765841299573,7.040049103781064e-06,0.0011600196458491966,0.9613945043830635
57,0.26356312940668825,0.013482959941292703,2.0529556447788244e-05,0.002279170649507773,0.7206542104460635
58,0.1604906497450876,0.012812106246247916,2.6190872835819936e-05,0.0013527224072413272,0.8253183307285874
59,0.1711503765759183,0.022592718476702266,3.858937397373777e-05,0.0029461644461326107,0.8032721511272731
60,0.24473992185249704,0.06640094154485524,0.00020735483690129014,0.008537326620705476,0.680114455145041
61,0.10885657534309554,0.02017023152586734,9.031703669142848e-05,0.010421858580424671,0.8604610175139211
62,0.19159823362871337,0.06071598103228254,0.00023462814284989564,0.027126511805649647,0.7203246453905044
63,0.16548817500863133,0.04171832765835122,0.00011489342363882188,0.01451474733248767,0.7781638565768908
64,0.1424244510083969,0.025248989391630717,7.806397708471155e-05,0.023486812176844913,0.8087616834460428
65,0.16189104866876286,0.02330019368882584,0.00012597450497636267,0.012217211536782483,0.8024655716006526
66,0.12859556437402272,0.04692034926929272,0.00014987714374274294,0.002779995901965327,0.8215542133109764
67,0.023130927346517147,0.01070264518284633,0.00019676256402384159,0.001328784616398963,0.9646408802902137
68,0.1368638606475377,0.022620530864702795,7.700773488556994e-05,0.0013579860375302875,0.8390806147153437
69,0.08904961865375847,0.02656681683940015,0.00012321020961409158,0.0007147831495725847,0.8835455711476546
70,0.06853411905393451,0.03130959142121516,9.771526502886544e-05,0.0018894234594911108,0.8981691508003303
71,0.05576838856959864,0.016332761307655375,0.00011714183499018186,0.0016430147704960655,0.9261386935172597
72,0.07568063240132233,0.010573946945803443,2.6321965886869985e-05,0.004026157564275339,0.9096929411227119
73,0.08982810683303215,0.025972304062939,4.2476160079885645e-05,0.0024536629920930693,0.8817034499518559
74,0.08170317302607878,0.04015876482518734,0.00021886019527755755,0.005081438685709175,0.8728377632677472
75,0.04845396893381923,0.006569459880176217,4.088002770889469e-05,0.0025021878152252926,0.9424335033430704
76,0.0666737243942622,0.012317017168328899,4.439483374022009e-05,0.010951594359735646,0.9100132692439331
77,0.06886141423529855,0.015149624339415005,4.666758227175333e-05,0.013232608384493345,0.9027096854585214
78,0.10593473519370665,0.012019884382532039,0.00010753716543086859,0.0017753445704824639,0.8801624986878479
79,0.07298035576680467,0.005896117165888371,7.537533238588093e-05,0.0014730368078845304,0.9195751149270366
80,0.061667749391446626,0.005963465411819367,8.676191406961846e-05,0.002875906577098335,0.929406116705566
81,0.04277732129622504,0.008866390975364657,8.248333032734035e-05,0.006102683263366653,0.9421711211347163
82,0.14387482738103197,0.02491715082157029,0.00024183487796393621,0.03214442764183576,0.7988217592775981
83,0.07262805068902681,0.02146050053828556,0.00015165608746631898,0.04559893663918037,0.860160856046041
84,0.08059826013300063,0.019864985274660536,0.0002301860323105009,0.024787053938071714,0.8745195146219567
85,0.09173290874467749,0.027504866276454477,0.00013331339047363468,0.01685315739700164,0.8637757541913926
86,0.138575712351896,0.01731626514023179,5.8466586649831414e-05,0.01636736640241955,0.8276821895188028
87,0.13000765322836078,0.024472873729313314,0.00013852266887358429,0.014384716264512225,0.8309962341089401
88,0.12374003843824287,0.01190151984925249,0.00011911913774388018,0.004367222220994162,0.8598721003537665
89,0.12549892749554872,0.016932348467220925,9.276297954489018e-05,0.0011876480233570922,0.8562883130343284
90,0.14355563666698162,0.007796876186248211,6.346962735440504e-05,0.0022361687355380968,0.8463478487838776
91,0.288199811599151,0.029033257293346538,0.0002185567488804642,0.00996417732299929,0.6725841970356227
92,0.1819032928949694,0.12777452824456956,0.0018470094127467005,0.020076534276111564,0.6683986351716028
93,0.12692120241102153,0.08249504908135083,0.0002345441428662541,0.01599369022333664,0.7743555141414247
94,0.21815954701431933,0.14492390776021097,0.0007764465266227919,0.04913473506576507,0.5870053636330819
95,0.1634216517765842,0.05203515852590009,0.00023239697467098924,0.04876122067684637,0.7355495720459982
96,0.039536220769517995,0.03105233793487842,0.00022701332347649687,0.016762432768537852,0.9124219952035894
97,0.14106396229829093,0.11813800453255027,0.0002451117304283354,0.14235034404061073,0.5982025773981198
98,0.13838039601429078,0.06601955348370403,0.00024717960775032786,0.05591998727054539,0.7394328836237095
99,0.09814342313597683,0.03852719657197456,0.000220720710043589,0.0464416467415765,0.8166670128404285
100,0.10820972914701096,0.010975052824193811,5.5069809506477825e-05,0.004423323053457446,0.8763368251658313
101,0.2692473730598207,0.07739707666876508,9.802039498638992e-05,0.018167072176159666,0.6350904577002681
102,0.20302087473293523,0.044503351737389875,0.00014971419048419302,0.025779447125275134,0.7265466122139156
103,0.12788458407762834,0.052635047062202144,0.0002681273326403857,0.020732262486301375,0.7984799790412278
104,0.09496158729071466,0.03458142182801337,0.0004888981038772361,0.1960261829864796,0.6739419097909152
105,0.13077586226167806,0.06804980474816537,0.0005276171282195492,0.17665440436615198,0.6239923114957849
106,0.1268235804982723,0.045639048420315326,0.0005342935570432667,0.14498253272049655,0.6820205448038726
107,0.07089251871106034,0.0407164713059145,0.0005645326362822894,0.33865136997293643,0.5491751073738064
108,0.049934027822352046,0.03492129843981011,0.00018350194397253328,0.20633246536942426,0.7086287064244411
109,0.18346337582292996,0.054946752791190344,0.0003239147736040566,0.1781661582868526,0.583099798325423
110,0.09536179859849257,0.019718155044411195,5.098687629683038e-05,0.019365465235059068,0.8655035942457404
111,0.04614151959046356,0.004505380564903828,0.00011225954995258336,0.006673035851771189,0.9425678044429088
112,0.08206748675453947,0.014807503897167397,9.035608578114654e-05,0.0023772264186973997,0.9006574268438147
113,0.2332385289770723,0.037125110416357965,4.8945451565557956e-05,0.02153618400981403,0.7080512311451902
114,0.2250219458955897,0.039051358704885686,6.95773661874948e-05,0.017128923931112452,0.7187281941022247
115,0.1478898118737048,0.022069706993684587,5.593269003322405e-05,0.007570762526370857,0.8224137859162066
116,0.14471670063627143,0.015840594366293856,0.0002027974835780569,0.005657111857349616,0.8335827956565071
117,0.13019650427697252,0.013633380204951223,0.0001480210259662163,0.05330354029964787,0.8027185541924622
118,0.31600673041747906,0.02386528192775543,0.0001523515350586118,0.029866799904273194,0.6301088362154338
119,0.2282645589751198,0.028815625463652256,0.00022507781752449565,0.04952857284252264,0.6931661649011809
120,0.11597414601928666,0.018076195926380108,0.00027602780875106046,0.01602899277535092,0.8496446374702313
121,0.07230130291068423,0.019849349930966525,6.597962353572576e-05,0.047730746555092594,0.860052620979721
122,0.006749138365016704,0.009013957327358454,7.497725214643559e-05,0.0047324678442025375,0.9794294592112758
123,0.031041914568883024,0.009540322258544807,3.416536428535416e-05,0.002061345824597817,0.9573222519836889
124,0.13110008370262022,0.011521925230863102,3.081304110014479e-05,0.003955950073396095,0.8533912279520205
125,0.14172980951785527,0.013118065869596802,3.772402350933784e-05,0.006925443125077638,0.838188957463961
126,0.1478053076059272,0.016426500808805356,0.0001492448432353102,0.007810878012457711,0.8278080687295745
127,0.14431787705760027,0.03645135677571261,0.0011093421603958476,0.07958386931746482,0.7385375546888265
128,0.07156526852222024,0.0515950649340022,0.001104516512761523,0.0770200575485265,0.7987150924824896
129,0.11617705166146548,0.07294881185955317,0.0011700769008048317,0.15854039601839404,0.6511636635597824
130,0.19574505437361922,0.22187555881258011,0.0011245717337775324,0.25157061912407974,0.3296841959559434
131,0.24337197488551907,0.10463859326163986,0.00515034780641145,0.21185554319479308,0.43498354085163654
132,0.2585135739115279,0.14622658067132596,0.006828002570542621,0.27596477598203906,0.3124670668645645
133,0.20840630527264334,0.11308738080941799,0.005457922810839264,0.06334909408628457,0.6096992970208148
134,0.23025259087462932,0.3037158589789294,0.005241660285817253,0.044288147586444206,0.41650174227417974
135,0.17244124197572566,0.29488533751031826,0.00903095492297178,0.08353943090692144,0.4401030346840629
136,0.2702787308260626,0.35087741035147785,0.00207725576535848,0.15288035978652678,0.22388624327057435
137,0.17121903145505243,0.13765546925964672,0.0030023017369533076,0.10756365293638889,0.5805595446119587
138,0.20725855907220772,0.2681064307624518,0.018734255642644058,0.08595447260852486,0.41994628191417166
139,0.1294090263501255,0.22896130018403482,0.00284825297537121,0.24034185302516267,0.39843956746530595
140,0.09041128524766559,0.15984062564635923,0.009715050230809593,0.08746336217238254,0.6525696767027831
141,0.049105020509208605,0.2740286956525918,0.020447918642154016,0.09804714749001482,0.5583712177060307
142,0.03150761388343004,0.03197397136346358,0.0005719042595042316,0.028311912707499422,0.9076345977861027
143,0.13049064047327688,0.022878094993088877,0.00017844551738957268,0.049730914758043705,0.7967219042582011
144,0.5483469477047054,0.030655307984501178,0.0023488301189904626,0.05249111770608792,0.36615779648571517
145,0.5362069585527418,0.04805509572670263,0.0002553278084097324,0.009522969624531027,0.40595964828761477
146,0.6954773779550903,0.06696098667160487,0.0001500329225900519,0.020597016615027264,0.2168145858356874
147,0.2807625840142643,0.11138753188091724,0.004890106332462256,0.025695612931202542,0.5772641648411538
148,0.2070978303878186,0.3132048692338317,0.0042169316544585726,0.030057809968979752,0.4454225587549116
149,0.17593294382642657,0.2541667119746633,0.009887275988723474,0.013627533765982507,0.5463855344442042
150,0.1904987297833123,0.5271078934332468,0.012812630076684603,0.0324613017765251,0.2371194449302312
151,0.17953975021515553,0.6414269397198878,0.01866078494173871,0.013914652748870264,0.14645787237434765
152,0.11279102145861035,0.824171625340341,0.015361348582796107,0.009672106690556737,0.03800389792769559
153,0.1366583810498551,0.7990586203007658,0.04050236051047257,0.004630402018643101,0.01915023612026332
154,0.06785301056862324,0.909069482532847,0.009346291460652233,0.004189921242182212,0.00954129419569556
155,0.1169610289649154,0.7918665087626932,0.08371435444306821,0.003610856401307432,0.0038472514280155933
156,0.13095042566280063,0.5326604282582121,0.10594292770055223,0.0018640465242356049,0.22858217185419935
157,0.15937068503806667,0.7549116343207772,0.0681267220466536,0.0017316496400011068,0.015859308954501515
158,0.05095609403748764,0.6284389382134095,0.3137779161815283,0.0008834695578744097,0.005943582009700357
159,0.06654468810043035,0.6896834091188012,0.23609574980998974,0.0008568919919023962,0.0068192609788763564
160,0.028203743591714747,0.656541611962834,0.3049218376929887,0.0026976664601735083,0.007635140292289044
161,0.009419410837268447,0.4557189307083601,0.5318494228888286,0.0008610028269901912,0.002151232738552531
162,0.015106001058988175,0.6580332436471161,0.3222472701140618,0.001136451492065193,0.0034770336877686936
163,0.038546227722897515,0.5327296498038764,0.41845152257182,0.004084788938805876,0.006187810962600227
164,0.01575543217683913,0.3481348887312203,0.6335819301050253,0.0009162026287642524,0.0016115463581511296
165,0.018315060380339115,0.42864387949643773,0.550082517557889,0.0009177357778128983,0.002040806787521386
166,0.010483164115100094,0.2109597290779118,0.7747109380323538,0.0007463408897141956,0.0030998278849201804
167,0.16140250457584432,0.2240354191618667,0.42516191637411604,0.002293806550158537,0.18710635333801434
168,0.02624444128889998,0.23738609538796382,0.7320748739920055,0.00026998564072611587,0.004024603690404573
169,0.020544349947415594,0.1285595376126821,0.846113540566568,0.0003454909207672363,0.0044370809525671046
170,0.019251764351078997,0.11327425812070896,0.8619174469364231,0.00024582200444847005,0.005310708587340388
171,0.004771861286350004,0.0951959353361,0.8975988850048533,0.00027743445356258193,0.0021558839191340917
172,0.0016795025415553973,0.04300926318036038,0.9536135549628981,0.00022308237849042934,0.0014745969366958681
173,0.0025397763904589396,0.051689612632813554,0.9440670978014708,0.00023813068485221275,0.0014653824904043663
174,0.002333455344799901,0.04894098715837192,0.9465176638293422,0.0003002768897273459,0.0019076167777586988
175,0.0010204778325291538,0.026614378990361183,0.9711488830680998,0.0001597261902153309,0.0010565339187946373
176,0.0009326898375252656,0.014471438738775379,0.9839095018968589,0.00019458343700900027,0.0004917860898316034
177,0.0004897835127471963,0.010268708532744156,0.9880513199252955,0.00027922940432757314,0.0009109586248855972
178,0.013068195988708661,0.045034386587316275,0.6928305974279723,0.0006755601595720407,0.24839125983643073
179,0.0045422443157152785,0.04389223717514014,0.9463775091471575,0.0002271773280431932,0.00496083203394379
180,0.00190671936626486,0.022418186429884714,0.9748862327985065,0.0001267919527738708,0.0006620694525700343
181,0.00048680930083897677,0.0066031941937855256,0.9923013633615604,4.9540517056874845e-05,0.0005590926267583769
182,0.00047138283681117456,0.012118715267034653,0.9867318971321221,8.600223022396551e-05,0.000592002533808275
183,0.00029638779119921184,0.007888282179726378,0.9913284536167822,8.43476851109831e-05,0.0004025287271810122
184,0.0006878955297700915,0.005330956476841882,0.9929110222181681,0.00011511754078776304,0.0009550082344321473
185,0.002094149915854353,0.01448673080300614,0.9819150720398151,0.00016634812234692553,0.0013376991189776278
186,0.0016361478257265858,0.024074388692101076,0.9729494609739107,0.0001436848002850695,0.0011963177079764606
187,0.0018170482441480134,0.014827981889798964,0.9814421041835665,0.00025238794380447557,0.0016604777386820247
188,0.0007414822534002907,0.012658543197647473,0.9858122940204339,8.114838177838308e-05,0.0007065321467400644
189,0.01061269966611591,0.029094033884935575,0.636055841460001,0.0011245457036332851,0.3231128792853142
190,0.01604816373740387,0.036162249813982555,0.8928742287461469,0.0007563884942324229,0.05415896920823436
191,0.000975283618344979,0.009304714012455072,0.9889801053086917,4.472409687386915e-05,0.0006951729636344591
192,0.001951254209233723,0.007419011664728745,0.9894756723425157,5.9452754708473626e-05,0.001094609028813369
193,0.001166745674122639,0.008173567516979608,0.9891829281015242,0.00012764352184717665,0.0013491151855262837
194,0.0005456138866520849,0.006684211770545062,0.9919569076270105,9.903228242557152e-05,0.0007142344333667798
195,0.0004874699630827863,0.0073574383661073935,0.9915408079242546,4.7736645380394314e-05,0.0005665471011749125
196,0.00019467273195914825,0.003099181406429235,0.9962012840075589,5.1184451914731246e-05,0.00045367740213810107
197,0.002330873064890938,0.011683033676797674,0.9850631191354016,0.00011875342055136354,0.0008042207023584183
198,0.0001377728443747898,0.0026154911848692364,0.9968367941724896,6.337452568041503e-05,0.00034656727258604444
199,0.00020007408555263392,0.003189177991306299,0.9962882336136558,6.0019469753703535e-05,0.00026249483973141645
200,0.003515052538201737,0.031756468088544564,0.9364355066973244,0.001570455024707678,0.02672251765122157
201,0.007057704272807197,0.022660946251510074,0.9478730745398982,0.0008385220263492811,0.021569752909435476
202,0.0002474314969828193,0.006095280962587452,0.99308434923766,7.081474207433375e-05,0.0005021235606955944
203,0.00015875820678212286,0.0037310269153737357,0.9957277108677377,5.63670664769533e-05,0.00032613694362948877
204,0.00017181877065173455,0.005533956206098128,0.9940696998735424,1.9124324591745607e-05,0.00020540082511580178
205,0.0002210341820608878,0.0035505247090653878,0.9957902815732488,6.574605551823662e-05,0.0003724134801067768
206,0.0003146973956801531,0.006732211309252511,0.9918761898981325,0.00015152327718120912,0.000925378119753652
207,0.0005714440372309316,0.012897701745718611,0.9855463750187159,0.00012118143108760461,0.0008632977672468667
208,0.0014539693013845844,0.016236806161083372,0.9805020908308816,0.0001601752845728217,0.001646958422077822
209,0.0008030099954133954,0.01132869535692862,0.9861864432561411,0.00013163324344896024,0.0015502181480678702
210,0.0013384178444797732,0.018714523897507107,0.9777403064767556,0.0001978465114008499,0.002008905269856903
211,0.018684073805544564,0.06672634789623307,0.8811581466407009,0.001040892253389269,0.03239053940413226
212,0.03527136568944682,0.08721661551491962,0.646421579506997,0.00295782627197365,0.22813261301666307
213,0.002392076057137723,0.01228000925798584,0.9842278618758639,0.00013952479393957177,0.0009605280150730474
214,0.0007982506042874651,0.007638398668239861,0.9903228197607369,0.00013283202617143258,0.001107698940564509
215,0.00036155634714499354,0.004323730149746309,0.9948229895407168,4.724226787586692e-05,0.0004444816945160538
216,0.00045115131793729634,0.006997268936895486,0.9914440994096972,0.00014369896654814503,0.0009637813689218214
217,0.001222353067481872,0.010585325775701735,0.9875120821160882,5.622977015998897e-05,0.0006240092705683299
218,0.0003504853390146197,0.003880535637129976,0.9951723363005696,5.628603441438247e-05,0.0005403566888715134
219,0.00032533870207467844,0.004349980566680375,0.9947579946307112,4.2944840999619765e-05,0.0005237412595339743
220,0.0012631063409156316,0.01579405396800543,0.9815244701149505,0.0002508697736841853,0.0011674998024443612
221,0.0005175713970401781,0.01006968436799595,0.9884732620607453,0.00016585807628690592,0.0007736240979318723
222,0.0044029844917324815,0.04396195830442501,0.9429523303148093,0.001819561778859339,0.006863165110173954
223,0.028999523179089496,0.05845916120192533,0.24743377388532364,0.00791617395880492,0.6571913677748566
224,0.0019502544984832577,0.016537071026788287,0.9766002263888616,0.0008396408418927873,0.004072807243974091
225,0.0034586114025903806,0.025036144794509423,0.9631727279446243,0.0008085451166084185,0.007523970741667764
226,0.010137725487387188,0.02381742623741434,0.004473905301826736,0.0019292350300137186,0.959641707943358
227,0.01231454405441296,0.02577036664762046,0.002253373598073463,0.0006058751532609387,0.9590558405466322
228,0.1136470563134466,0.04822467579522842,0.00903175262740248,0.0024833502815366473,0.8266131649823859
229,0.05707792665291412,0.027888848446803595,0.006756037038556441,0.000592959077537894,0.9076842287841879
230,0.3620017664382527,0.37133252595885896,0.05106319974208977,0.007465196831660715,0.20813731102913777
231,0.24078612971526142,0.4593758668392274,0.09092481547339112,0.010491293952615704,0.19842189401950444
232,0.294267879867896,0.2785866767030159,0.12033042558181095,0.026726957041291848,0.2800880608059853
233,0.11075864360550638,0.5173378942795913,0.17039201977424168,0.043524425655959556,0.1579870166847011
234,0.17351292101618965,0.2777855766035855,0.09458076961180367,0.015011447841165123,0.43910928492725604
235,0.4563476918568813,0.4386808563901349,0.06951201917835201,0.005348424849830866,0.030111007724801162
236,0.24830657449913554,0.6528559005105857,0.08976036958475708,0.002895521625601478,0.006181633779920184
237,0.23067415607370376,0.6591875525078854,0.09432101704222755,0.010490603778724706,0.00532667059745851
238,0.05081927384045633,0.6501116673149517,0.26284922302124797,0.03225799714598376,0.003961838677360082
239,0.06712846929821296,0.4568078629154724,0.3996568326016418,0.066137421460006,0.01026941372466691
240,0.07936503962711146,0.5961972913935621,0.2556217526957046,0.06027271718601572,0.008543199097606076
241,0.037060937896058486,0.762628924709617,0.13209032565477713,0.05940765335549113,0.008812158384056214
242,0.04995813936194046,0.565163133361997,0.24196665881517357,0.13885915420354827,0.004052914257340863
243,0.014263493772664575,0.916309278200034,0.012039605122679408,0.05143661987283907,0.005951003031783114
244,0.03312563394274231,0.7439634597320198,0.15219261020856353,0.0675244847030247,0.0031938114136496163
245,0.1714596701208011,0.5532788124649508,0.02501242362301065,0.05874774647626551,0.19150134731497198
246,0.10250173406642367,0.8580317257930765,0.025280003009270354,0.00476880241020738,0.00941773472102208
247,0.17534912591271667,0.7649593383001924,0.04250206334895218,0.012930671481034387,0.004258800957104409
248,0.22868878101880535,0.6956561025758946,0.05895509396858487,0.013776232702029758,0.0029237897346855025
249,0.058101926834862545,0.7974412484576999,0.12814801878290358,0.014218295179111133,0.002090510745422731
250,0.047847638361656675,0.7514933548158654,0.1350817019769435,0.06062142445084091,0.004955880394693505
251,0.03400754321498097,0.736668371066552,0.2062947101625933,0.02033503473601123,0.0026943408198624196
252,0.01603016819461135,0.7564740086851484,0.2048566172710353,0.0208692550515821,0.0017699507976227744
253,0.027638667430590746,0.7177101719222725,0.24333578411954,0.010001520774761604,0.0013138557528351278
254,0.010293908347931374,0.5986111149201853,0.3841260918855884,0.006194204196850612,0.0007746806494444596
255,0.010028920797017121,0.6257147174504374,0.35735322964155136,0.005628019815119468,0.0012751122958745962
256,0.10015314655958692,0.4319357600684958,0.11998515349184695,0.005857797255730809,0.3420681426243395
257,0.06220838818827032,0.8972050646397359,0.028413565167496983,0.0016626783661794656,0.010510303638317446
258,0.08166089200697815,0.7346350652237243,0.18136213870136508,0.0005994156544941367,0.0017424884134385245
259,0.06586743893455678,0.7270847923935987,0.20449985397085924,0.000884222848029385,0.0016636918529558628
260,0.03751163938443184,0.7430197082061459,0.21558936836644738,0.002391682016160213,0.001487602026814647
261,0.029988244309003907,0.5866639804888247,0.3687660219767353,0.012334361694209163,0.002247391531226942
262,0.04004125575618866,0.6137520541942745,0.3097115847892889,0.03395036430340503,0.002544740956842895
263,0.011453191124498873,0.824115161688692,0.1493048872828599,0.011722911287133327,0.003403848616815932
264,0.03706963135080645,0.7879406494918957,0.1494668869335429,0.020841374580160096,0.004681457643594784
265,0.042840381425086185,0.6029234024927522,0.27567331847360343,0.06886643834881334,0.009696459259744937
266,0.03688483995848238,0.8410786266601366,0.0877378965033417,0.03133047951563956,0.002968157362399695
267,0.1588711357488157,0.5263128846668876,0.0015391495836141371,0.03624591093756392,0.2770309190631188
268,0.4276441999438302,0.4088927797144755,0.0005858742279803571,0.029146416327501604,0.1337307297862124
269,0.5766529906971699,0.37985732687158397,0.0004239082185586363,0.010053964460224487,0.03301180975246308
270,0.4015083298114873,0.5759631865116184,0.011972504690285352,0.0024498615063419282,0.008106117480266994
271,0.14151026779066067,0.8091571169264696,0.04177585119124957,0.004406599448585076,0.0031501646430349703
272,0.02222738356767104,0.9054258646640122,0.055415818951497664,0.014151549790806428,0.0027793830260127556
273,0.07639733530289788,0.7547919986419953,0.12545077313393987,0.040862976192512994,0.002496916728653772
274,0.02053034390565304,0.7691454860081018,0.15362311444396595,0.054332385857453876,0.0023686697848253856
275,0.017310631409464056,0.795089623412005,0.16326853123458362,0.02153447853389707,0.0027967354100503754
276,0.02820874100404193,0.6962400245148286,0.2222028914274168,0.05095172356605153,0.002396619487661212
277,0.0108470987764981,0.8695041345478582,0.09978237604953882,0.01740043940133758,0.0024659512247673077
278,0.12577201049055806,0.28218068268107205,0.11532546202771386,0.019437274862840363,0.4572845699378156
279,0.06531860853957591,0.27392536997354333,0.01372992554536253,0.01312519439758514,0.6339009015439332
280,0.030441760186561966,0.9366598458235582,0.009580660861605231,0.01952759769123076,0.0037901354370438413
281,0.12256334857621133,0.7697177846044024,0.053175678658744716,0.029532576997149607,0.02501061116349197
282,0.21005945843686857,0.6931046006551793,0.01827904595508466,0.05308508627208723,0.025471808680780153
283,0.014002788732694999,0.031601966870046114,0.0022190855159053688,0.013423182681503987,0.9387529761998497
284,0.04042653862370017,0.023346470875191178,0.00028461591438812674,0.0139799600985601,0.9219624144881604
285,0.10957614616736987,0.010950517235429039,0.00019824874522809407,0.007920922031169801,0.8713541658208033
286,0.7265659180260207,0.03966873427408912,0.0002757975394051418,0.015005602423681966,0.21848394773680313
287,0.6477820581115307,0.05222662477244796,0.00046821081779133014,0.01144938108839366,0.2880737252098363
288,0.5107735540883517,0.14439739947132071,0.0011761345097403655,0.03574954610748769,0.3079033658230996
289,0.11645854457651945,0.27283595707120256,0.004446210246927341,0.06031724876917838,0.5459420393361722
290,0.12882893748726068,0.17344915361455407,0.0032149796936076576,0.05575986190415033,0.6387470673004272
291,0.21375710061192374,0.3048439624745021,0.01636700730881072,0.07931489484993347,0.38571703475483
292,0.23742630816139604,0.5173272999752938,0.04181840869000384,0.08284938345791217,0.1205785997153942
293,0.3483844354163967,0.4351002772766239,0.0044241021942056855,0.0964546815490408,0.11563650356373296
294,0.25930643340710663,0.5622039089299852,0.019574863782348163,0.08788213292926567,0.07103266095129425
295,0.21822756036012272,0.7348597930752099,0.028888946966877153,0.005832721135881503,0.012190978461908773
296,0.0833096442916689,0.8798146826439894,0.030061180029340544,0.0020187401900481597,0.004795752844952867
297,0.05656809155780315,0.8756308077910758,0.039430735316245046,0.013215145614546338,0.015155219720329701
298,0.0245984143310315,0.8439520762311152,0.12415701707050919,0.003984030068090662,0.003308462299253574
299,0.018898774866764532,0.8902608274101048,0.08277717551074378,0.0045914786382457665,0.0034717435741413115
300,0.083810503182939,0.8093196519804386,0.07861567223611346,0.004964977273056879,0.02328919532745204
301,0.15018091608543832,0.35033120779594573,0.032088190467514294,0.012168076558449521,0.4552316090926523
302,0.19071489802926087,0.7533884670879536,0.04522465840072426,0.0011731973263362225,0.009498779155724826
303,0.12772478941746196,0.786771102315172,0.08116648840710702,0.000713187152988161,0.0036244327072708195
304,0.20806080007128497,0.7412182726976817,0.045083219887385645,0.0012903166226715538,0.004347390720976162
305,0.04544927121983248,0.8209655540114819,0.12385465728415898,0.006735103596613612,0.0029954138879132036
306,0.02628626031353772,0.7950202832691953,0.17107235094964027,0.005637355482147949,0.0019837499854786886
307,0.011411969383346553,0.7678544007795898,0.21340722786177155,0.004946967420832436,0.002379434554459827
308,0.032067241686907236,0.7500948792435131,0.21060604232525482,0.005059687642070661,0.002172149102254144
309,0.015785367647304545,0.7504919769030294,0.2268748840142101,0.00478269263986243,0.0020650787955937165
310,0.011977901926014578,0.8039124819402109,0.17598979485856067,0.006236277129973069,0.001883544145240705
311,0.008823242724951337,0.7087473351243683,0.27784260871917127,0.0035697448135653394,0.001017068617943634
312,0.19465960559041565,0.4528068126970484,0.10070282981740243,0.004432576465786258,0.24739817542934733
313,0.22129697673462156,0.7014465723512822,0.07064013032409869,0.0008209933833106521,0.005795327206686697
314,0.15877695516108847,0.7434277949076419,0.09505635802410578,0.0006389708438351629,0.0020999210633286802
315,0.14606195256339,0.593467935819641,0.2579144859558386,0.0005354686080394445,0.0020201570530908896
316,0.01197674657420126,0.5764428557403733,0.40636921555490213,0.003063278711865803,0.0021479034186574998
317,0.01348785763990858,0.571585805120235,0.40680375792333634,0.0045472043241211665,0.0035753749923987895
318,0.004478385712578305,0.7188732769130406,0.27113398446712095,0.0034491709123080335,0.0020651819949521343
319,0.008036702140775684,0.3538064776844915,0.6352492907782431,0.0021941963611287244,0.0007133330353608416
320,0.020561535012776865,0.5468981999372856,0.42356363486012405,0.007364020730561785,0.0016126094592518812
321,0.01880896148883265,0.5753970775231768,0.39901184108251647,0.0054041003982417055,0.0013780195072323096
322,0.007341782055718874,0.6384273208256959,0.34856303502440744,0.0038590629892741053,0.001808799104903955
323,0.24881764981451848,0.4547431288533155,0.11788611993321989,0.009863972593262988,0.1686891288056832
324,0.1665462813874435,0.5942317348462428,0.22890592553202824,0.0026641305131725576,0.007651927721112813
325,0.13853618446620067,0.4926168483423834,0.3654814327877903,0.001292854162549444,0.0020726802410762444
326,0.21513946975683707,0.41589974423405224,0.36579626294985523,0.0010609358139422325,0.0021035872453133548
327,0.028396858936945674,0.42749889947759123,0.5409386252552594,0.0020401171399247685,0.00112549919027904
328,0.015480201530649678,0.3591777697160599,0.620911354817707,0.0032911181937374037,0.0011395557418459432
329,0.01854036433283588,0.3735154050613507,0.6037033967221362,0.0028875777002182225,0.0013532561834589142
330,0.0063652575328422695,0.44179033915233407,0.5487749504546031,0.00182402184841574,0.0012454310118049094
331,0.00543748528451095,0.3421250921346235,0.6498468674937125,0.0011363461012165801,0.0014542089859364519
332,0.006780575678920843,0.2889496159573605,0.7014218380712779,0.0017358239575274857,0.001112146334913425
333,0.015103108976174694,0.3300457189321445,0.6470231234445051,0.00558048209550306,0.0022475665516726796
334,0.06347685433197567,0.18694598019715256,0.06066186111692982,0.004097532618014223,0.6848177717359276
335,0.2164148733649283,0.46266518113172217,0.21889583420303357,0.004516628534621087,0.09750748276569472
336,0.05832054255737657,0.5124587404866504,0.42577911270773416,0.0007676229426956158,0.002673981305543247
337,0.03879455418615831,0.45638666180955145,0.5015111163933956,0.0005364260372915668,0.0027712415736030438
338,0.009458858093173636,0.19899396528242388,0.7889030383541616,0.0011717574315354311,0.0014723808387054965
339,0.00847614347574029,0.19207630824202623,0.7924363656536595,0.004737305507896686,0.0022738771206772504
340,0.008944533965753143,0.20872089788066345,0.7777141828018993,0.0031172876271522744,0.0015030977245318754
341,0.024970348486999326,0.32165836674657644,0.6490444323895405,0.002025934616750712,0.0023009177601331816
342,0.012449537591745222,0.3698306810678109,0.613652370292948,0.0025470092250928673,0.001520401822403074
343,0.00733504886017653,0.3660415019424923,0.6243605361811163,0.0012825708712499403,0.0009803421449649937
344,0.03186495138513273,0.5617509000305237,0.3997262636460122,0.004406943233959193,0.0022509417043721663
345,0.27864868299603407,0.35364845555459307,0.15921276484780972,0.013736339915632407,0.19475375668593078
346,0.26715361124429987,0.29286259346714033,0.11653351629692912,0.004782551530457846,0.3186677274611727
347,0.03091853409720004,0.32918908127906227,0.637444774957011,0.000567882136881704,0.0018797275298450284
348,0.04988684166985149,0.3356648648986109,0.6119314583686871,0.0007404075083894678,0.001776427554461063
349,0.013198815548767399,0.17815109543104612,0.8070895573253919,0.0007473000447529227,0.0008132316500415564
350,0.005388432059334862,0.13145142655626657,0.860732741606909,0.001030964407829026,0.001396435369660396
351,0.00999931435032236,0.18072181258999884,0.8055543394121917,0.0015652844877179083,0.0021592491597691075
352,0.006782880940820112,0.10719505230318672,0.8838100287759434,0.0010837744673727872,0.001128263512676899
353,0.006280494447724747,0.1229651650744445,0.8651716643755768,0.0018565918177076727,0.003726084284546293
354,0.002851280553148612,0.09075759364363975,0.9033330380798006,0.0012416494795537444,0.001816438243857217
355,0.003322083303516411,0.06831116712061598,0.9261200909703131,0.0007686482330707623,0.0014780103724836324
356,0.06424127152525518,0.43605633858176424,0.24998519765544053,0.011008912762816778,0.23870827947472337
357,0.07073079891246517,0.10399741433463282,0.030278839643403808,0.0031506914021133445,0.7918422557073849
358,0.0695049195473811,0.3046935992022018,0.608036935098981,0.0015071185003198424,0.0162574276511162
359,0.225927942515558,0.35334107390883474,0.4040911018296876,0.0033565367275268506,0.013283345018392833
360,0.1810389473651264,0.4925092221928168,0.309441571958916,0.006735443575850991,0.010274814907289922
361,0.03135120300777642,0.433665061632108,0.48224637158455175,0.03331179418767764,0.019425569587886254
362,0.05302031696954651,0.49640352317127684,0.24574927571582073,0.1849807445651273,0.019846139578228596
363,0.05132478528619878,0.46851696185537506,0.005473990770536048,0.46049469691840544,0.014189565169484655
364,0.06706920534649469,0.28305693640898416,0.010739006004745595,0.6006944735019382,0.03844037873783747
365,0.12266505371382848,0.25220341542702784,0.018261663191076208,0.5610166452100764,0.04585322245799103
366,0.05135527116375703,0.10117767512145857,0.001562987932786972,0.8198983788072238,0.026005686974773453
367,0.15960753437551128,0.06311860855162924,0.000664482141788581,0.7242495601633766,0.052359814767694336
368,0.3219608592390189,0.10119407097113062,0.0032522541895606697,0.31967427977440915,0.25391853582588075
369,0.5225868316047685,0.04958513854238435,0.0032075294377142583,0.20084821759374596,0.2237722828213868
370,0.4104033047712986,0.10066250233250879,0.007206596875391723,0.38957687233943517,0.09215072368136575
371,0.24755765457922427,0.07615330657940969,0.0014834835471540689,0.6111640104523142,0.06364154484189795
372,0.06454810444982921,0.04712031762201079,0.0006158974498953946,0.8683593738216507,0.01935630665661376
373,0.07905932934873365,0.044158376520275294,0.0027246373933173243,0.8465961491339704,0.027461507603703212
374,0.14300862041348023,0.05746858982519,0.008029037123086212,0.7085885306788305,0.08290522195941309
375,0.03479835255378965,0.04384033200485045,0.0017876285781783,0.8992477173494438,0.02032596951373798
376,0.1263369621743576,0.04583728080712114,0.001267435144341944,0.7985334350695087,0.02802488680467067
