epoch,N1,N2,N3,R,W
0,0.004128494668061016,0.0005644535819827806,1.7111081786467267e-05,5.160902531185264e-05,0.9952383316428579
1,0.008828200790061991,0.0005172142143255316,1.3154184643742917e-05,5.302267249462293e-05,0.9905884081384742
2,0.006475084592642867,0.0003812362716801968,5.822137886101211e-06,7.807474262103911e-05,0.9930597822551699
3,0.011921271988474784,0.00048464031346557836,8.520018462620399e-06,6.02538508111406e-05,0.9875253138287858
4,0.04140964159610344,0.0005204862988014653,2.050254316307237e-06,0.00024056777996316585,0.9578272540708156
5,0.12001392890329506,0.0027771276191154003,8.278603010560718e-06,0.0005788689100014119,0.8766217959645776
6,0.0021996527334840095,0.0002134511307792767,5.330326027531487e-06,7.903696577384509e-05,0.9975025288439354
7,0.15351520117321316,0.006098391704582107,8.48323451626134e-06,0.0017517059745300895,0.8386262179131584
8,0.2766028051238484,0.007933398855094122,3.361452464972835e-05,0.006681079610893293,0.7087491018855144
9,0.01034253806604077,0.0015414667604863415,2.6501165627802996e-05,0.0006401395823913642,0.9874493544254537
10,0.09374564401942294,0.005166176982009918,1.4098640333491034e-05,0.002480650152075146,0.8985934302061586
11,0.4175689396404101,0.015249478937210086,3.7141539729036884e-05,0.006133800388643644,0.5610106394940072
12,0.39535046935157625,0.013762193436010477,3.8610329495493144e-05,0.003990480446854992,0.5868582464360629
13,0.26897971108160756,0.028032803519843556,6.39444955543785e-05,0.007112256301783886,0.6958112846012106
14,0.118146869243448,0.004663807951827484,1.0137424790684503e-05,0.005979088011687739,0.8712000973682461
15,0.6793284270971904,0.019738953303825617,2.255189905944642e-05,0.012334436282801365,0.28857563141712317
16,0.3350622713629479,0.07604291138217133,7.677464010022455e-05,0.03624061849115345,0.5525774241236271
17,0.6025180639198418,0.034292294762659464,2.306464621202234e-05,0.022929838614264515,0.3402367380570222
18,0.2100625546105626,0.09444361130257248,6.91218114059182e-05,0.13891249226892705,0.556512220006532
19,0.27970699573412305,0.15633173159633,7.61112362347843e-05,0.07448732737769516,0.4893978340556171
20,0.1591898795515764,0.4280071189329229,0.001726672939248376,0.029974581675938132,0.3811017469003143
21,0.05282346315516846,0.13310426909550874,0.00026019994292722655,0.01528694466297646,0.7985251231434191
22,0.2485300175620054,0.1031982930968401,9.72752800236871e-05,0.043700295935510135,0.6044741181256207
23,0.15976113093445996,0.0645239703025489,0.00010894240680763746,0.04680691145734321,0.7287990448988404
24,0.6507169941364837,0.018050927602156257,3.63394367769081e-05,0.0037744325129197326,0.32742130631166366
25,0.5800256406434785,0.18670059082785784,0.00032504509629671717,0.053612956666584395,0.1793357667657824
26,0.4143336402627652,0.2077473832989986,0.00019517676093811282,0.023084948039165276,0.35463885163813286
27,0.0768265691635529,0.4894169050090916,0.008260294065862251,0.003767119204483197,0.4217291125570101
28,0.15380332531755922,0.19465551776796897,0.0002162891955280696,0.07441392956390681,0.5769109381550368
29,0.07912220201642116,0.20430047514486235,0.0015015398932139434,0.013698918414753656,0.7013768645307489
30,0.18422497072082994,0.13827970432016545,0.0005575419016833179,0.09157634865762193,0.5853614343996993
31,0.12578191656930518,0.026568792691818395,4.688175439478277e-05,0.010635553135869556,0.836966855848612
32,0.294863798911191,0.09178290263167156,8.806307737988897e-05,0.037502231293993445,0.5757630040857641
33,0.19884113997996067,0.1801259437500589,0.00058732227161384,0.025456814637821547,0.5949887793605451
34,0.010661251344046994,0.004204066460155598,0.00019175546003772614,0.0017176768125029397,0.9832252499232568
35,0.015684609040911433,0.0031776758401634757,3.249268058972461e-05,0.0012138313121068318,0.9798913911262286
36,0.04967990382986004,0.01731329490843931,4.758060524884905e-05,0.002216296211129382,0.9307429244453224
37,0.46102232520016745,0.007062708157650563,2.7519902773960336e-05,0.0028206162238311096,0.5290668305155769
38,0.18324513125841002,0.0047214787512999,1.0623165870884141e-05,0.0022531203968635775,0.8097696464275556
39,0.3399164234585562,0.030334392520570606,2.5974021611478438e-05,0.016856339407731923,0.6128668705915298
40,0.3842134834367977,0.028636728553579176,3.0098382451009415e-05,0.020093322342069668,0.5670263672851025
41,0.2826993672385441,0.023130856707470948,2.141002234829864e-05,0.009174016114747503,0.684974349916889
42,0.5851606252561609,0.04206427543552354,5.03698153239174e-05,0.02347124549796082,0.34925348399503076
43,0.20701476897475507,0.43896527252124545,0.00041000795163002017,0.03993646700623246,0.313673483546137
44,0.26498293133867423,0.40024169423206035,0.00020557713977055814,0.07939040957620702,0.25517938771328774
45,0.11743899521770002,0.05764512278092672,6.276616133664518e-05,0.020873460838857594,0.8039796550011791
46,0.32776669770747713,0.08323295536722339,0.00020908901459144644,0.0373242702635653,0.5514669876471426
47,0.45016233836174796,0.040648686216510285,6.876613533342266e-05,0.056180071929988674,0.4529401373564197
48,0.4138644748701051,0.03826316788396708,6.945823493714389e-05,0.030136641957139516,0.517666257053851
49,0.09044505736334585,0.22711306330192635,0.0018403920263452324,0.008012808512590805,0.6725886787957919
50,0.011179644538345936,0.0022105157994631902,3.62316717319198e-05,0.0006705772860098988,0.985903030704449
51,0.312457057286817,0.02256043824987588,4.025308875880707e-05,0.0054527684602935795,0.6594894829142548
52,0.7473129219067568,0.014768572171759137,3.562028895285799e-05,0.007628211870131059,0.2302546737624002
53,0.7725490480121885,0.03361238962911359,8.643992735745694e-05,0.006604096741279376,0.187148025690061
54,0.8127237577195291,0.030412576929239293,3.75429465920087e-05,0.030937465619796576,0.12588865678484296
55,0.7568990502947741,0.07879396771206486,0.00014538557243323297,0.0690537820750358,0.09510781434569213
56,0.1638341815739573,0.16143449702283716,0.0010304751074469922,0.0196710550263358,0.6540297912694227
57,0.7263286714915007,0.0719036885532767,0.00010674258238262245,0.05867657071970117,0.1429843266531387
58,0.7629638767938195,0.08085819921297879,0.00015450657171620576,0.03617971900408049,0.11984369841740496
59,0.34490740885454857,0.5760679941908121,0.006778521483359566,0.01459623898287292,0.05764983648840672
60,0.16479292411028637,0.8059135119217976,0.013127768529630497,0.002229979291295413,0.01393581614699007
61,0.13727137414569432,0.8326708930912754,0.0121696658692518,0.0021400489110102055,0.01574801798276844
62,0.07413715234414067,0.9065606823408747,0.009158577536095032,0.0009741788224185711,0.0091694089564711
63,0.03644137701734048,0.8635472938277259,0.09478374243038597,0.0003157256979792382,0.0049118610265682615
64,0.009525108434279901,0.6788866850763204,0.30906484049394567,0.00021563544346789955,0.002307730551986235
65,0.007388371172718074,0.8226449443870735,0.16522083891626857,0.00030221716553812327,0.00444362835840159
66,0.021383136447550962,0.9240155955218867,0.04785490720603629,0.00043634770395583125,0.006310013120570126
67,0.03771204135309901,0.711691114564895,0.24385841097889088,0.00028600111573055716,0.006452431987384723
68,0.010720887697678483,0.4285140955552335,0.5464928171406264,0.00016906159463104734,0.014103138011830526
69,0.007861309710273058,0.3562288870087102,0.6287300851915191,0.00016230829094109333,0.007017409798556474
70,0.008601170226719796,0.37060911552233833,0.6122812497942484,0.0002553536629203532,0.008253110793773314
71,0.0072186757415469045,0.4081118117790017,0.5743157300533464,0.00047357746707725923,0.009880204959027849
72,0.005030100295255014,0.10924660247236699,0.8811453590883762,0.0003869153970251892,0.004191022746976655
73,0.002874694136570044,0.11760190292625074,0.8748328334018407,0.0004345919774329023,0.0042559775579057305
74,0.003159311236745706,0.11991958046049593,0.8641477421558831,0.0006762461908208632,0.012097119956054432
75,0.2928631249053233,0.4221097372883392,0.028642086712274414,0.005650773392245643,0.2507342777018175
76,0.7127960559713351,0.1869547651691457,0.001988011976946744,0.0033745101050569565,0.09488665677751557
77,0.5596030690567153,0.403802516612678,0.01230380147303099,0.000261803880855729,0.024028808976720075
78,0.18528007368925034,0.7403042389860427,0.06511752122951772,0.0001848375464433016,0.009113328548745976
79,0.08832853044116969,0.5198132230187038,0.38283262512356614,0.00030563053520099885,0.008719990881359305
80,0.011542576261230661,0.49172907715123676,0.49174369803741996,0.00022227821015235595,0.004762370339960399
81,0.010496587085125152,0.356368931466268,0.6274417531328722,0.00021371403456755194,0.0054790142811670705
82,0.00836163021462171,0.5393888160026988,0.44197992635071087,0.0004086388493091574,0.009860988582659417
83,0.009407697088662466,0.4140501042424331,0.5705994876897602,0.0002471195009251113,0.005695591478219134
84,0.004679564216498132,0.3938664586319748,0.5966618908547221,0.00014643730951634633,0.0046456489872888015
85,0.008238095276123193,0.3400009820284468,0.6424539341704774,0.00024114353259177838,0.009065844992360858
86,0.002143058373953059,0.11809273643070943,0.8764454600630757,4.0529423496890874e-05,0.0032782157087650563
87,0.0033527244101764987,0.14241630151395704,0.8489709666665768,7.550873780108632e-05,0.005184498671488603
88,0.002453076047440217,0.13273729030398568,0.8606413642125834,8.026062617997213e-05,0.004088008809810669
89,0.001984729506460082,0.07458036185711775,0.9194731068138499,9.749978016730344e-05,0.003864302042404979
90,0.0007257444194806039,0.061611103017998645,0.9353242557841008,4.073888878005705e-05,0.002298157889639877
91,0.0026805370659393453,0.08420402693375961,0.9071705129068436,0.0001155133594169215,0.00582940973404061
92,0.0020122380238427615,0.1575298259821831,0.8358911373252506,0.00014234409158077126,0.004424454577142697
93,0.00102982548309629,0.07064743198125545,0.9259141293456955,7.371605498187193e-05,0.002334897134970777
94,0.0017661410127958594,0.11958090524344338,0.8735914458790456,8.1426844907594e-05,0.004980081019807741
95,0.002381213634363573,0.07181051434234122,0.9217468973321153,8.299669446714487e-05,0.003978377996712839
96,0.0018015953850715075,0.08507449533561352,0.9095232104712156,7.5599867610762e-05,0.0035250989404886053
97,0.006529299559396297,0.20680445726465704,0.7802195356761399,0.00028121947196715213,0.006165488027839537
98,0.0023811538086698364,0.10589855116542835,0.8874001368279755,0.00013016811423866286,0.004189990083687806
99,0.0037609282969047362,0.15417472280312153,0.835301741031721,0.00022284867935308273,0.006539759188899799
100,0.0024924577443596785,0.11543409205665438,0.8779022527457687,0.0002161120504088521,0.003955085402808604
101,0.0016567806400329134,0.09309162016444981,0.9025777386209032,8.684449295871162e-05,0.0025870160816552647
102,0.002519355217656018,0.09324412015065134,0.9000110852609401,0.00010256146096366697,0.004122877909789082
103,0.0030843043407753254,0.17939016562554488,0.8114321186136462,0.000230858184381526,0.00586255323565229
104,0.0022129329231217517,0.06253921500817884,0.9321575620872778,0.00014265170550754606,0.002947638275914025
105,0.004849055284122407,0.10528789383576684,0.8843316718192532,0.00027967283061114883,0.005251706230246425
106,0.0021122003530483473,0.09000729786266433,0.9047867911687351,0.00013952733242170954,0.002954183283130673
107,0.001095335073513873,0.048937396938029565,0.9476647109865611,8.913495876319658e-05,0.0022134220431320488
108,0.0008064514173475187,0.05191500673411342,0.945961092310531,7.683608970213498e-05,0.0012406134483058538
109,0.0017776729599919424,0.06655500392305748,0.9274596755079342,0.00025165715095762126,0.0039559904580587025
110,0.0010213695866629513,0.04274392161315312,0.9546085076191562,7.403592847851218e-05,0.001552165252549076
111,0.0014815343192901439,0.13288147455997215,0.8628213139230508,0.00012484587102947018,0.002690831326657431
112,0.0011038807497907891,0.061912640775503326,0.935222111623487,8.291288148737223e-05,0.0016784539697317505
113,0.0010715585188301878,0.06733091331742201,0.9294233115198356,8.92320659885751e-05,0.002084984577923604
114,0.0005966293703027143,0.025773037195375076,0.9724167584506543,3.966999145268926e-05,0.0011739049922151106
115,0.0018262462423562747,0.07927810906107209,0.9130850390472287,0.0002470062414074331,0.005563599407935533
116,0.0011706303832245736,0.08315723684783873,0.9131121371311299,0.00018474654212640088,0.0023752490956804023
117,0.0015488281801287716,0.08427326559149598,0.9112631243344325,0.00016228984358725694,0.002752492050355599
118,0.0016015869357615907,0.04762046106279545,0.9470832816050996,0.00022217107709994997,0.003472499319243406
119,0.002326938139993587,0.09233060582722619,0.8990586559324546,0.0003865571100277808,0.0058972429902979335
120,0.0011781394867684909,0.05361836439495808,0.9422900156772483,0.000150353731065629,0.0027631267099596265
121,0.001284854922034402,0.10111753060552946,0.8943234060394959,0.00022249411719570957,0.0030517143157446666
122,0.0007094071836685331,0.04737882695642753,0.9506122215603988,6.366985519524909e-05,0.0012358744443097657
123,0.0008603838936750744,0.046685859340255854,0.9512871488691519,9.992548834709482e-05,0.0010666824085701482
124,0.0005986623866359317,0.03459223663908481,0.9636946536528408,4.332905819613315e-05,0.0010711182632423127
125,0.0009361347154153876,0.07899833835941908,0.9178709999660486,0.0001197477032279015,0.002074779255889122
126,0.000850996300757912,0.07218104618929362,0.924784045492638,0.00010105058950790545,0.0020828614278024667
127,0.0015824462796484183,0.039312065151337366,0.9557108320123413,0.00013288108499480354,0.0032617754716780835
128,0.002381483772884875,0.05248150213679683,0.9421058332553173,0.00014728990363519512,0.002883890931365892
129,0.0035778111221196657,0.07248011302220712,0.9158646705514646,0.000377387013703394,0.007700018290505175
130,0.028886144420930477,0.31433313595168855,0.6160972137669556,0.0019150713270687887,0.038768434533356634
131,0.07128611199853233,0.5843591103301562,0.3158091329738098,0.0028043423672906033,0.025741302330211057
132,0.10555809184285495,0.67558281808406,0.16930438184255053,0.003113691069363764,0.046441017161170904
133,0.23257259546881345,0.7329889896065591,0.01899256447776633,0.0021999759629384615,0.013245874483922533
134,0.062226373851005226,0.8449276706870291,0.08534244040393761,0.0017563495664650625,0.005747165491563146
135,0.1268763110564374,0.8387365015313079,0.0225357181355014,0.0035409461731280064,0.00831052310362533
136,0.02341507301416852,0.9603367976950732,0.012830834789125674,0.0006896512572990858,0.002727643244333822
137,0.015393118435993162,0.9110359696368877,0.0698646305104252,0.0008114268807109674,0.0028948545359830536
138,0.014006018732563928,0.8839857679400105,0.09754704161915256,0.0005255242947917693,0.003935647413481153
139,0.005845029648202024,0.9417601652171895,0.04913249258536796,0.0003714505020124269,0.0028908620472283143
140,0.006086523407347786,0.6095155669109109,0.3791179821213922,0.0003136657566794219,0.004966261803669659
141,0.0025224723428112095,0.5450865371852955,0.4494656179248188,0.0001981554568372484,0.0027272170902370454
142,0.0045312830414185636,0.2777389469815492,0.7141232803426798,0.000115249068137596,0.0034912405662148177
143,0.014868870760793407,0.6355793804785926,0.33908350167223655,0.000503631614962552,0.009964615473414875
144,0.012796699683511752,0.18961955274859668,0.7846822966814204,0.00022073666554042358,0.012680714220930747
145,0.008319153861838064,0.4258417371983677,0.5602344647548939,0.0002273138105625202,0.0053773303743378425
146,0.0060172413647101705,0.3295976746837015,0.6558325671414942,0.0003234902394438116,0.008229026570650352
147,0.005747157376134916,0.15075102133891252,0.8377889569070922,0.00028435619484572396,0.0054285081830146124
148,0.0087684074798287,0.3301484592091377,0.6504002548846182,0.0008601337759458553,0.009822744650469476
149,0.0017485044181224747,0.16911953876198,0.8266082203595218,0.00017170179372309012,0.0023520346666527545
150,0.0033478816971019582,0.16229509648273158,0.8277985831255013,0.0003558155864651903,0.0062026231082000305
151,0.0053575783626013266,0.15274512798777126,0.8362549307044067,0.00029729873237738366,0.0053450642128432865
152,0.003255663978714265,0.1536199537935259,0.8387904983311291,0.00030328421356014994,0.004030599683070662
153,0.0023035745779690507,0.16714230179835884,0.8259078500738202,0.0003185767735531305,0.004327696776298843
154,0.0034494298773568516,0.1351374803440193,0.8573884877247138,0.00036953990360265917,0.003655062150307477
155,0.0005948032432774698,0.046447774997321424,0.9512395709526345,7.977202429196533e-05,0.001638078782474842
156,0.0009810760680098764,0.028234706678278397,0.968369484363473,0.00017986615040567995,0.0022348667398331113
157,0.0037757768046212314,0.0962147444172294,0.8942447100678715,0.000300113055920885,0.00546465565435679
158,0.002044821679832096,0.14581476008657626,0.8478480492752701,0.000251777356147097,0.004040591602174357
159,0.004731940560899195,0.09710813697503033,0.8924021839927732,0.00047610455547634074,0.005281633915820809
160,0.001811907150589217,0.12468490436638578,0.8699326706080265,0.0002568919615021717,0.0033136259134964236
161,0.007205097882593375,0.1859923757264037,0.7983846130350829,0.000893395971571006,0.0075245173843489915
162,0.001733733151534209,0.0790499941457812,0.915599432859652,0.00021227679023469627,0.003404563052798029
163,0.0017559272681091707,0.07374420387592981,0.9207044765250573,0.00029176357029983736,0.0035036287606038776
164,0.0015313913715483715,0.06721641959404795,0.9295023343945596,0.0001535343982374575,0.001596320241606511
165,0.0006927069453597005,0.06587279263445821,0.9318603793581844,0.00018484409741490666,0.0013892769645827566
166,0.0005900208483893212,0.03807391097692948,0.9604682772294741,8.071618362849115e-05,0.000787074761578695
167,0.0006043835806272782,0.07190239332686382,0.9261479456308509,0.00014914912919149805,0.0011961283324666203
168,0.0013099366594026807,0.07532021529100522,0.9205117043581417,0.00020746127156122328,0.002650682419888977
169,0.0006354225032195343,0.05865769324723005,0.9391437377539017,0.0001868150407267023,0.0013763314549220542
170,0.0006238239524955498,0.047781715207648505,0.9505844663645777,9.832620882263864e-05,0.0009116682664555668
171,0.00038304547219157354,0.02104358291121409,0.9774622500307818,0.00019472376165215104,0.0009163978241604291
172,0.0008417555983949219,0.06073664455918113,0.9368333317047903,0.00033722759382263587,0.0012510405438108867
173,0.0004363178766230639,0.03867382125024347,0.9596056930138268,0.00019141431924237136,0.0010927535400641925
174,0.0007427002423515154,0.05276298086527375,0.9449654021879054,0.0002949569925683026,0.0012339597119010216
175,0.0008044809745914609,0.05211117420622683,0.9451114928590514,0.00032427626849510665,0.0016485756916353011
176,0.0011030174287048316,0.07663666873751593,0.9181786833249184,0.0005440643600674288,0.0035375661487931963
177,0.000597936399487533,0.033802198402923235,0.9642919186263822,0.00017051584956569372,0.0011374307216413283
178,0.0011359640488451171,0.05624822543167328,0.9407224660009403,0.00028515098350867713,0.0016081935350326334
179,0.000589292957806428,0.037861320832656045,0.9601040566547263,0.00019759429110845602,0.0012477352637028272
180,0.000771797840554786,0.03053985741947978,0.9669306828814064,0.00023036507099704717,0.0015272967875621056
181,0.0004988109251102522,0.05706673736216534,0.9411487577699066,0.00011740760057012736,0.0011682863422476702
182,0.0007275134395014663,0.04028538102453107,0.9577286984611261,0.00020690779796916594,0.0010514992768722153
183,0.0008631536281168612,0.04181929918148343,0.9554274224204145,0.00018252218282083788,0.0017076025871643043
184,0.000909744352821234,0.05369178140232844,0.9424853981541589,0.0003692056913016354,0.002543870399389919
185,0.0013708903553563603,0.06642142010497537,0.9295076594165742,0.0003315139621122063,0.002368516160981863
186,0.0010165805191646247,0.03579214381579001,0.9615804891690987,0.0004758646014096136,0.0011349218945372747
187,0.004930700272071593,0.12728530795506324,0.8604709084286573,0.0023104566223931533,0.005002626721814715
188,0.0023298172118488805,0.08188515304173967,0.9080083299200952,0.0022142263559836142,0.005562473470332682
189,0.005517597730888288,0.08253372487893434,0.9000560773339991,0.0032107600863594487,0.008681839969818769
190,0.028640434296333228,0.09262282886625904,0.6133919031829906,0.015185892741743808,0.25015894091267327
191,0.20438082850890102,0.140403590501273,0.005044902642035235,0.02728362754066096,0.6228870508071297
192,0.47104328499400383,0.3044712603810473,0.002698101189800254,0.014269067813342284,0.2075182856218064
193,0.6884347298033204,0.28349852737513404,0.001002143629539041,0.002110813282407466,0.024953785909598975
194,0.386178485960077,0.5861322040730303,0.01545707908715201,0.0035256773609831683,0.00870655351875755
195,0.14529207530042793,0.7836505003429395,0.014614711449555173,0.04540940980601707,0.011033303101060078
196,0.044335919828992605,0.7150731224178284,0.19666518772817626,0.031728314384627324,0.01219745564037545
197,0.06970310512381807,0.5788152180593411,0.00400252943328447,0.33161019970010125,0.015868947683455016
198,0.0504515232349579,0.7397835595212209,0.0037668875798996205,0.20104126025530258,0.004956769408619101
199,0.12712169898233788,0.7628000245429288,0.003969673071273018,0.09692759691088312,0.009181006492577304
200,0.10369005292210161,0.8371875032745628,0.0042787911092580806,0.05126013186292159,0.003583520831156037
201,0.024606016264170503,0.9544955994656815,0.0028244923273511337,0.01498228648085113,0.003091605461945731
202,0.020886992416682206,0.9089398822320417,0.034629523970559954,0.032488473399180276,0.0030551279815358703
203,0.017437086683476034,0.7833122093180525,0.11672753735237223,0.07834272560524026,0.004180441040859089
204,0.06979125965992425,0.8223758453079868,0.0025654570949236602,0.08530668289035499,0.019960755046810264
205,0.06431744856787273,0.8039037068148908,0.006662037465628464,0.10478417740658658,0.020332629745021463
206,0.07225916436698097,0.7572954968169051,0.023415170490440423,0.13489425603323305,0.012135912292440397
207,0.11185568641736501,0.6362559018401893,0.0074524460281010325,0.2224862381163851,0.021949727597959587
208,0.09154416071114183,0.4940140841845357,0.0018736368682656449,0.39772202366233683,0.014846094573719992
209,0.05863506165470242,0.5756059466501317,0.003029073546272273,0.3499931499807188,0.012736768168174848
210,0.15370889972056295,0.30390028329276714,0.0004522276533726205,0.486501346065514,0.0554372432677833
211,0.033788850676115645,0.13597685480640698,0.0001491054476686801,0.8261078041535294,0.003977384916279348
212,0.06175750679055883,0.16205853679264623,5.5136856263648624e-05,0.770144582538958,0.0059842370215733125
213,0.05490372428237975,0.3468026192046251,0.0003482757831384796,0.5938265708378546,0.004118809892002038
214,0.065512170890045,0.1365014673022873,8.88735181153082e-05,0.7903406109393191,0.0075568773502334395
215,0.07184262722392845,0.10990678595084223,0.00018570592835419952,0.8104226776264275,0.007642203270447457
216,0.05716696431060184,0.5671500689622033,0.0006492270342840673,0.36179069926181695,0.013243040431093896
217,0.06407057211680696,0.2739306339358904,0.0003729091746549612,0.6543208120183124,0.007305072754335342
218,0.02329034122639106,0.5813978876430633,0.0004891527395941718,0.38661568244901673,0.008206935941934626
219,0.03384718456396895,0.15653118378329228,0.00012335283536688728,0.7983799183587899,0.01111836045858203
220,0.0378954446645692,0.2670777851978642,0.000401490309893721,0.6857988610198407,0.00882641880783229
221,0.046840864770190206,0.14479315669870968,0.00022246076833331926,0.8015491798726324,0.006594337890134349
222,0.06196278054773056,0.11042449081625479,0.00010158418044825853,0.8200779922690881,0.00743315218647827
223,0.04073020386798973,0.0864959885257266,6.287185764053002e-05,0.8684016903344812,0.004309245414161872
224,0.04372885582735588,0.08699655108578302,9.150786069234573e-05,0.8642883646137473,0.004894720612421598
225,0.04258262139054075,0.11683518544865634,0.00015594412508012387,0.8344574698025163,0.005968779233206537
226,0.04041632406896181,0.10208516481237288,0.00019655024103124177,0.8526316505165284,0.004670310361105745
227,0.03749238965462887,0.36770071487868,0.00034688052472501933,0.5845112174015508,0.00994879754041529
228,0.032131730174120174,0.08576901463250133,5.278251861397597e-05,0.8771114875127509,0.004934985162013541
229,0.08560545361278575,0.09964860282665011,9.9492078786792e-05,0.8079985943428103,0.006647857138967032
230,0.06318341238578558,0.10343969018839584,0.0001041126179082544,0.8262852213030017,0.006987563504908507
231,0.11253818472110587,0.12449934665520389,0.00010830658025093213,0.7557987947908299,0.007055367252609375
232,0.07149753035746544,0.11991382042806176,0.00010636616890725849,0.7960191594666212,0.01246312357894442
233,0.0643785560061037,0.18434068274038276,0.00010439368888401112,0.7446331715233351,0.0065431960412943874
234,0.044726146340088764,0.28214618087604354,0.0004158135069833062,0.666208548837957,0.0065033104389272955
235,0.06571216790106878,0.1432075277223759,0.00011629143501728313,0.7819033445195142,0.009060668422023745
236,0.05380398683842106,0.360218348081491,0.00042021448033640707,0.5765745536915393,0.008982896908212279
237,0.026721081728296223,0.10672250046051616,8.747642345561911e-05,0.8624820937271208,0.0039868476606112835
238,0.03743006618597994,0.10865181085578839,6.866079697550825e-05,0.8478835123595835,0.005965949801672654
239,0.040425701728282686,0.12152923360818117,0.00011410341898789156,0.8303518695603949,0.007579091684153205
240,0.0705957733629809,0.13265978250450544,6.62411142669756e-05,0.7849872625337273,0.011690940484519283
241,0.06601272602311252,0.0995339270523027,4.917774086010812e-05,0.8278185573343542,0.006585611849370545
242,0.07880491208269116,0.13445038063706916,9.396988205937001e-05,0.7807364793610806,0.005914258037099777
243,0.09447608838517314,0.054898583104277685,9.887969476171033e-05,0.7865133649496948,0.06401308386609271
244,0.22511055885042083,0.05217959879109811,4.072123987223579e-05,0.6819637898471504,0.040705331271458305
245,0.1829652080854258,0.17861696323895426,0.0001350053124031847,0.6255650663848464,0.012717756978370343
246,0.18311840623020453,0.283879905105529,0.00018988777601870816,0.5185690789551872,0.014242721933060488
247,0.12370666748181279,0.33971151003872374,0.0007255846410979109,0.5023128998878286,0.03354333795053709
248,0.06990096578959298,0.25903520291606263,0.00026431813673444775,0.6563344165903482,0.014465096567261722
249,0.09590550686032019,0.12151807487751272,0.00022617611421134643,0.7653995470235595,0.01695069512439636
250,0.08481495472209195,0.2504612580821581,0.0004351012087559682,0.6433247693087494,0.020963916678244633
251,0.1521621701401988,0.44368403988789523,0.00035319517057915496,0.336780904667134,0.06701969013419268
252,0.09187244624121033,0.40519885492296615,0.000685611105367904,0.48528750390779646,0.01695558382265925
253,0.17316468776487998,0.2815102117708168,0.0003043043366443234,0.46559291827543287,0.07942787785222606
254,0.07237719633025619,0.7476827980028197,0.0012886835291174167,0.1631030518097989,0.015548270328007726
255,0.10518270179340054,0.5441352372737752,0.0008241206427622774,0.32492717971644913,0.024930760573612976
256,0.12362461465444949,0.4762701282953499,0.000423323612400412,0.3544403458597038,0.04524158757809637
257,0.06557271021675147,0.5858671002162799,0.0008881904694603639,0.3146649153541319,0.03300708374337642
258,0.23673855747999137,0.25316907821608786,0.0002554852455509426,0.46764267009401406,0.04219420896435593
259,0.13460330413282615,0.7026205729720743,0.0009513634145663682,0.1436632610739171,0.01816149840661613
260,0.06339470041652748,0.761742851193955,0.0012012686432021171,0.1635164265484393,0.010144753197876019
261,0.2425883744539203,0.33981939676807754,0.00039970244699693273,0.4027942800213026,0.014398246309702722
262,0.1010978596614592,0.6331568883345575,0.0019607983109648525,0.254234340413421,0.009550113279597271
263,0.059322059714849946,0.7984038972582088,0.00413987361870003,0.12826279839969362,0.009871371008547632
264,0.20792726387210828,0.162700169730072,0.0002519915960058532,0.5912725446623661,0.03784803013944787
265,0.05847267815285719,0.7982015151967614,0.001040990489297533,0.12865255141770332,0.013632264743380543
266,0.1348573709750963,0.7417852985163426,0.000798909623606231,0.10777031505296959,0.014788105831985279
267,0.08428752011586238,0.848403227027646,0.001467222580571527,0.05810612418019985,0.0077359060957202215
268,0.07226794940263334,0.784489607274119,0.0020310969780799365,0.13483017130679964,0.0063811750383679445
269,0.019382458774353073,0.9321548422208066,0.0013018904357546424,0.04493750631330172,0.002223302255783765
270,0.11239045380240145,0.6854253749836644,0.0006070804460093208,0.1931498822383353,0.008427208529589537
271,0.03010092370195614,0.9033956956127601,0.00230049343028165,0.06149498393896527,0.0027079033160366116
272,0.08087718485226748,0.8158540052762906,0.0063850386973880145,0.08393665366724086,0.012947117506812978
273,0.33546254228705363,0.37487958702613317,0.0004240144491414943,0.27170212080430756,0.017531735433364205
274,0.053614087183518656,0.9210376447772456,0.0010267567381743684,0.022730331487448782,0.001591179813612587
275,0.2185298194583966,0.6741742854142981,0.0009534445324809496,0.10081371987992885,0.005528730714895414
276,0.06889615588191925,0.8905509764931331,0.0005404608272781904,0.03823619068094331,0.0017762161167261972
277,0.017956682528243197,0.9527932216448903,0.0012372984103607369,0.02701066260580033,0.0010021348107054438
278,0.01855864321260585,0.9344417192845498,0.0010586213225831785,0.043479968015945766,0.002461048164315611
279,0.02071231471616174,0.9659842117290212,0.0016887159866990629,0.009625449067413585,0.0019893085007042207
280,0.054024112684740125,0.8972148922212092,0.0022212685024419394,0.043771248293184344,0.002768478298424287
281,0.040375729918037256,0.9218577516452812,0.010238335835553548,0.02216361521993807,0.0053645673811898815
282,0.030106175745191695,0.9369500735299156,0.006311285749138911,0.022199468106969353,0.00443299686878435
283,0.05052763682514917,0.8664865413254386,0.0037680283422371792,0.07461881003516974,0.004598983472005444
284,0.08050512861422184,0.7707006715569922,0.026188905621587363,0.10314587737719799,0.019459416830000492
285,0.020392392463961323,0.8345274021094233,0.11140779899757028,0.02787830804757522,0.005794098381469829
286,0.03576600298707315,0.8200755143503359,0.017146679737264123,0.1130274958800481,0.013984307045278956
287,0.013948551499937666,0.8914964335848257,0.031360396122377406,0.03907536425435348,0.024119254538505792
288,0.030658988037170435,0.79027098302268,0.05096510915090597,0.0330610371267973,0.09504388266244657
289,0.02281482569973976,0.01666325207870926,0.0009330908407079569,0.011017871701731246,0.9485709596791118
290,0.036384885188142556,0.005895449578658381,6.12604939884312e-05,0.010651347671098542,0.9470070570681122
291,0.33506302688547146,0.029389190049250963,0.00040375475428331407,0.018544461613163147,0.6165995666978311
292,0.07087496164839109,0.003277973912234254,5.5891857427941884e-05,0.0035499751739096435,0.9222411974080371
293,0.24977344410495525,0.011047916087358767,9.560642359137452e-05,0.008004639056284239,0.7310783943278105
294,0.16662589925391313,0.008539691522069176,0.00010419302543996038,0.004529301224622196,0.8202009149739556
295,0.022508864218073833,0.0031342169887007337,3.2899025328587926e-05,0.0034068968934752595,0.9709171228744216
296,0.007574014792870768,0.004000786825230582,0.0001802709818279413,0.0008478011367971172,0.9873971262632736
297,0.05222802322676122,0.015687235776243022,0.0001245330501776396,0.0029499929943479467,0.92901021495247
298,0.003726987402584435,0.0026394888828029776,0.0004331494900723599,0.0007086213602179796,0.9924917528643223
299,0.002807262856933899,0.0038170456855060597,0.0010945869352028998,0.0006873339646650296,0.9915937705576922
300,0.003416001682775606,0.005562205070898154,0.0037566436780723036,0.001264142972149766,0.9860010065961041
301,0.06103757156291373,0.1724469948840637,0.04838102133480167,0.008233472588696987,0.7099009396295239
302,0.018775675190688325,0.0017569251349089559,0.030593035539583046,0.005133069472600061,0.9437412946622197
303,0.006434125717729306,0.0007864487135844997,0.020665251120316676,0.015978694999863326,0.9561354794485062
304,0.0387838960463608,0.0016667106273163203,4.886444374317649e-06,0.01687385806451554,0.9426706488174331
305,0.366817827870268,0.005501212652352248,1.8220158650696745e-05,0.013028934695642218,0.6146338046230869
306,0.006422726598760309,0.0012073905322097555,9.640831659774689e-06,0.00422599277385545,0.9881342492635148
307,0.007179807751899873,0.0003399705027301503,4.0664979978410455e-06,0.0034274732265097106,0.9890486820208625
308,0.5290018520512728,0.003150654557756684,8.772498094039425e-06,0.01620722908896724,0.45163149180390927
309,0.6017948591055744,0.012144842368988098,5.539787818594758e-05,0.01254466902933775,0.3734602316179138
310,0.6490304508673456,0.008936519538405898,3.43894708917393e-05,0.0262123549957521,0.3157862851276047
311,0.02889403011164393,0.004854063397441124,8.573949888381153e-05,0.06838297081021197,0.8977831961818191
312,0.03369797766195622,0.0029872434390682866,5.509211063908263e-05,0.011079986224965083,0.9521797005633714
313,0.03665014748642354,0.0020159590200358344,6.494369353508649e-06,0.012007081279914998,0.9493203178442722
314,0.31523444205914464,0.006508752110598793,1.8980921454162492e-05,0.018118049565694294,0.6601197753431082
315,0.8437200997386973,0.02097163508806779,1.9422057941349626e-05,0.01659532210790486,0.11869352100738872
316,0.4904092070447005,0.02119007674866333,2.015433240411549e-05,0.031006560734218307,0.45737400114001375
317,0.7125567618483046,0.026858715687901727,3.7259463486572984e-05,0.04015667351806397,0.2203905894822432
318,0.35355279496307923,0.5201010304113158,0.0007069061055329526,0.05164758586038627,0.07399168265968584
319,0.6555381975365566,0.1922301922044444,0.00027332073465550003,0.10565383629013855,0.04630445323420498
320,0.13717826772112401,0.6071283300249463,0.0008719647678165856,0.23109800892806973,0.02372342855804358
321,0.04775026830848772,0.8549753949708697,0.0008767330479674223,0.0914052550654404,0.004992348607234735
322,0.05978712580844528,0.7773994452387687,0.0009893846556799175,0.15108325848121212,0.010740785815894044
323,0.10725982218707998,0.7446205151555784,0.0008555400851641434,0.14247687995063654,0.0047872426215409495
324,0.027951492643864158,0.905990996775963,0.024001680174099458,0.04100648672659953,0.001049343679473981
325,0.029081825411035486,0.8884100798646166,0.01453228981522559,0.06277799554537469,0.005197809363747641
326,0.0626463907627606,0.8034236354478882,0.0023937437825204654,0.12573253449995608,0.005803695506874591
327,0.0132642343011282,0.9584504446118266,0.00964575646260108,0.017281133473156848,0.001358431151287125
328,0.037032106139163176,0.9391074448695055,0.0027242056366997528,0.017355363056823805,0.0037808802978075385
329,0.22906410378335748,0.7168167812259157,0.0009283174517325805,0.04149393275210594,0.011696864786888174
330,0.030951134432414304,0.9260051640990854,0.021801497452744536,0.017789664344049418,0.0034525396717062194
331,0.07356218358012098,0.9077397179969935,0.007012709285909966,0.006628817935702347,0.005056571201273208
332,0.03081077403343602,0.9518925376100985,0.005357862299928069,0.01042621706024022,0.0015126089962970459
333,0.026609105395518855,0.9141619705885835,0.04011378609405636,0.011679225729562374,0.007435912192278961
334,0.01983927546193618,0.9711865891636043,0.004002966888949056,0.0035145177454301907,0.001456650740080123
335,0.022098910164941088,0.9075805960123471,0.0584518664888475,0.00870733581563552,0.003161291518228616
336,0.026005023754169534,0.9432533202767094,0.01607245918356397,0.012389064171640833,0.002280132613916253
337,0.034615617086975095,0.9392795013618008,0.009807064567286904,0.012924787627700305,0.003373029356236793
338,0.013399845713306519,0.9157709122663675,0.06136621528564543,0.006484619468433107,0.0029784072662476456
339,0.026734162519512734,0.9547586754601657,0.012440241857847189,0.0033315992326121667,0.0027353209298623567
340,0.026545147926586677,0.9588242937254303,0.010486446450700312,0.0018629787761200549,0.0022811331211627394
341,0.0029782478165500054,0.7209613761656638,0.2741160121720601,0.001122192033580839,0.0008221718121450439
342,0.015112619354496856,0.7658557906746117,0.21617805443008958,0.001198519541009737,0.0016550159997920713
343,0.010990750800036655,0.9171706015547546,0.067177078522548,0.002507582577731834,0.0021539865449289887
344,0.0024265540035899352,0.9152152652910633,0.0797023136572539,0.0009189821364975456,0.0017368849115955408
345,0.005714462227504213,0.852863561632535,0.13793322830487426,0.0012706315152374774,0.0022181163198490353
346,0.0016350649692773343,0.551950129253801,0.44437378500333213,0.0006879539962212811,0.0013530667773682466
347,0.011138946240035382,0.6397225422002137,0.34170817026775907,0.002410088664149005,0.005020252627842721
348,0.015834124693415913,0.8842638380263012,0.09134890038945555,0.0049428974443418055,0.0036102394464857615
349,0.00955637937382302,0.7972298018804238,0.18925761775952485,0.0015774530076854002,0.002378747978542809
350,0.007052114457124887,0.7198184610707246,0.26970304282793656,0.0015211537882774395,0.001905227855936508
351,0.00830086908016932,0.7017501462303397,0.2849030852178156,0.0026701912586599872,0.002375708213015281
352,0.0044022228803784706,0.6604502857967194,0.32976225420157873,0.0029297629479346486,0.002455474173388556
353,0.03315427406259475,0.4440028639148317,0.1662293456153219,0.005153140429759091,0.35146037597749263
354,0.08005288701934214,0.05327712102144991,0.0030421858931328374,0.0032433414102065973,0.8603844646558685
355,0.43421836491746907,0.3969125166534775,0.015883098648208808,0.008073474303856434,0.14491254547698829
356,0.5374421689989557,0.3909284016677973,0.006588167688984189,0.0024319191560722908,0.06260934248819038
357,0.07937116487237485,0.7831296835220711,0.11435054437873603,0.0007934906107440476,0.02235511661607394
358,0.22215729193424516,0.720416082763507,0.017351683169253618,0.01908078494904271,0.020994157183951485
359,0.0199386052207238,0.9484306733777887,0.02636497170034619,0.0036286656196557877,0.0016370840814853948
360,0.026102609500565654,0.9568756297501904,0.007297961904207809,0.007901921696801654,0.0018218771482343419
361,0.009484711889213925,0.9231668782912645,0.06027291999393284,0.004785263174994607,0.0022902266505942254
362,0.01686590815797615,0.9522392617201434,0.025990568300682897,0.003024000386339288,0.0018802614348581456
363,0.027423749044511107,0.9357294012685455,0.029007585938283367,0.005133626554612629,0.0027056371940471606
364,0.007422656057267562,0.8925609819075421,0.09677771950100776,0.0017188863987638789,0.0015197561354187684
365,0.010404349904964092,0.9041941459203735,0.07890882356135036,0.0032898624228176023,0.00320281819049426
366,0.011715907090762841,0.9032889972820652,0.07812195561921279,0.004882756876605215,0.001990383131353914
367,0.007665336281042653,0.5736556255092948,0.41310751475901747,0.0024232602554728976,0.0031482631951721828
368,0.026023961161174863,0.8316134593204942,0.13182002665985293,0.003379479758533878,0.007163073099943947
369,0.015760228206173513,0.6245300681130871,0.35018796273041614,0.004110414179381603,0.005411326770941617
370,0.12736077710861207,0.8064770378917602,0.025661367163878505,0.016140256920425294,0.024360560915323903
371,0.024675995051146038,0.9393236003071601,0.03146751571844733,0.00188815165091137,0.00264473727233526
372,0.010704621378695454,0.9510197636820431,0.03471773205067943,0.0016969490176177513,0.0018609338709641506
373,0.0109849638831798,0.9281978365433247,0.05704829347927292,0.0018219848969136618,0.0019469211973089675
374,0.00889895646153544,0.9098608347547283,0.07573557532252875,0.00293163482537606,0.0025729986358311984
