epoch,N1,N2,N3,R,W
0,8.995271799588931e-05,2.8334019805726615e-05,0.0,1.8249027788571582e-06,0.9998798883594195
1,0.0019122575891368837,0.00039423831638495815,2.615454330803955e-05,2.1121650448480606e-05,0.9976462279007217
2,0.0005665178983893338,0.00016350323399475053,1.2391172043528528e-05,7.224157907098784e-06,0.9992503635376654
3,0.0023349372598783277,0.00012181753500647366,1.0946401654983553e-05,1.6254046951964324e-05,0.9975160447565081
4,0.015421058799793134,0.0006421024407654303,6.181754992013986e-06,0.00015351506927494313,0.9837771419351745
5,0.1511600936284179,0.005560782494385416,2.1160497675212257e-05,0.0007433294894897148,0.8425146338900318
6,0.019440163078049327,0.004856883242952871,4.587956407697315e-05,0.002436784777572291,0.9732202893373484
7,0.0030641020926179133,0.001391821965565376,6.023293164403678e-06,0.0006377294714244423,0.9949003231772278
8,0.0026871710559494165,0.0005397954422546384,1.9328590472858087e-05,0.0008367295895259084,0.9959169753217971
9,0.28556210569405505,0.029491160261151245,6.599291844080617e-05,0.008698342461398185,0.6761823986649548
10,0.5966541331102959,0.027132347760483226,3.2606912953128005e-05,0.011843672827371685,0.36433723938889606
11,0.10918731135258017,0.01807787825013643,9.007940340094607e-05,0.003286057646439092,0.8693586733474433
12,0.48832794273704083,0.3327179597806211,0.0006182630492629249,0.043655621023377084,0.1346802134096982
13,0.09763835994570463,0.799769433410341,0.0020282214240093382,0.021930299612166502,0.07863368560777856
14,0.06670403765006858,0.7598994394263867,0.004019337039685052,0.012042815760998051,0.15733437012286164
15,0.0814143966413952,0.3833094102754753,0.00304387255612027,0.01923281712435074,0.5129995034026584
16,0.0026674182560357594,0.007396859257297762,0.00017629521011111135,0.00036452360683572686,0.9893949036697195
17,0.00843562841075248,0.0077098323312038385,0.00012431471306083834,0.0013815279816973447,0.9823486965632856
18,0.025607120712575704,0.0032172507199115176,2.1617892173363544e-05,0.00024690807590365223,0.9709071025994358
19,0.28091140462643566,0.05551953840021792,0.0004833888189114562,0.0014830731027976557,0.6616025950516371
20,0.12541174909657096,0.33113572187274815,0.00104260613511991,0.003715609441957794,0.5386943134536032
21,0.02548997875005732,0.02059556869087344,0.00020818184352397953,0.0014650731246979149,0.9522411975908474
22,0.04009465973197707,0.0424356200491629,0.00012125925128505988,0.004052127547647609,0.9132963334199274
23,0.010857008371008468,0.009783507154485773,5.5942880473856144e-05,0.0007011912568135664,0.9786023503372183
24,0.002748820704252335,0.0006676716910384292,0.00020840077574896894,0.00010312409029846251,0.9962719827386618
25,0.0012682918441006069,0.00043343273925691846,0.00023296780736536743,5.046265560430259e-05,0.9980148449536728
26,0.0030011207284406636,0.0017358781584662414,0.0003477212325618806,0.00025693164322715384,0.994658348237304
27,0.0018596739934157178,0.0006606913323856967,5.5320243981154994e-05,4.138848615057628e-05,0.9973829259440667
28,0.005404369380547204,0.0007208548217345493,5.997229652661693e-05,0.00022892629948620478,0.9935858772017054
29,0.011828105398598786,0.0020132091745680846,7.508998786691758e-05,0.00017959987509936947,0.9859039955638669
30,0.08155711594726194,0.0027801459313287155,9.968234107583199e-05,0.0007265644157054222,0.9148364913646282
31,0.24460681423303418,0.02912902147927327,0.0013436032109857097,0.0014419490450488348,0.7234786120316581
32,0.17168437492605618,0.03452314171038007,0.00032097510008766215,0.001219367197348173,0.7922521410661278
33,0.28338446766912545,0.09605068880800378,0.0011435222832194192,0.0032819766916849067,0.6161393445479664
34,0.058698354324643105,0.02139923741777101,0.0008099760819233992,0.001674882111582147,0.9174175500640804
35,0.06535377098992336,0.02722408674840526,0.002063415967256435,0.001697319870726657,0.9036614064236884
36,0.27568902891343144,0.07003457633676723,0.0006578563139316871,0.0050157096438071,0.6486028287920624
37,0.14576257172086957,0.031987161988902196,0.00098613294385022,0.002149412990639349,0.8191147203557387
38,0.2650980734266317,0.06365806910338055,0.0004030454654412267,0.005932276560188977,0.6649085354443576
39,0.18981978716188594,0.07450736988596296,0.0019348701352832215,0.0035946345715293744,0.7301433382453385
40,0.09624720024385333,0.6079100115813306,0.00827932719652436,0.008429951078384281,0.27913350989990743
41,0.32524814767704596,0.30264197154793854,0.004174281137444602,0.011937352942021319,0.3559982466955495
42,0.18966936606290272,0.5267047596937657,0.011419664046685249,0.014812156315328291,0.257394053881318
43,0.07632178632917745,0.34539480104229486,0.02125729537855856,0.00435188087671165,0.5526742363732574
44,0.46637904663287205,0.30297192524121946,0.002075947013487233,0.014252006926274742,0.21432107418614638
45,0.2642468672751218,0.4380580188459374,0.029609271460760467,0.005418847711910908,0.2626669947062696
46,0.16572608839328917,0.3313888704653121,0.01083190449659721,0.00422182409960465,0.4878313125451968
47,0.36847781890248094,0.3121073225589103,0.009626865884879068,0.005454923689484281,0.3043330689642455
48,0.07978192585185086,0.26754559211998824,0.011708217171445257,0.0031028368274348783,0.6378614280292808
49,0.07415024820881048,0.17645100429768,0.0012087977930151594,0.002673474142340659,0.7455164755581537
50,0.005367369155584509,0.009097410966511808,0.0012493004713759167,0.0008014028113108879,0.983484516595217
51,0.015854858706885397,0.01149536113208252,0.0006817338409010513,0.0011626605168519493,0.9708053858032791
52,0.013751943750029196,0.003146370189210819,3.579740982446063e-05,0.0008475294026804951,0.9822183592482551
53,0.021521434137342074,0.00571013828469855,3.143703899707861e-05,0.0013322972870404956,0.9714046932519218
54,0.08523223011407942,0.027678620399234074,3.5031095644264234e-05,0.0021827927162483677,0.884871325674794
55,0.16628059160887013,0.09968716488740183,9.266951548248975e-05,0.011204878587351258,0.7227346954008943
56,0.005251526942855808,0.007096557658612949,5.302466743006294e-05,0.001451591600440382,0.9861472991306607
57,0.003003329577771236,0.005595170812572179,0.00032463952065827875,0.00042447988761415287,0.9906523802013842
58,0.0017539467025338286,0.0010701859607748637,3.877446732819638e-06,0.00022216724000034095,0.9969498226499582
59,0.0014196992908799136,0.0023624526641490427,0.00017477222765332378,7.850255041112282e-05,0.9959645732669066
60,0.0003309177641879928,0.0001492025580185255,2.5185284618370237e-05,3.863447694192883e-05,0.9994560599162331
61,0.001446667649168839,0.000537352430681855,3.2067354529926876e-05,0.00011524516616735624,0.9978686673994519
62,0.001359980521796095,0.0001995052738308432,7.945400431620138e-06,3.330532156319827e-05,0.9983992634823783
63,0.0013659660359429174,0.00018315124268951133,1.1919772953416529e-05,3.313695770975159e-05,0.9984058259907044
64,0.00511051552232338,0.0011429207093863565,6.502065156072059e-06,8.454022999178874e-05,0.9936555214731424
65,0.010628207034129953,0.001749355394271413,2.8992756192662263e-05,0.00011339931192128508,0.9874800455034847
66,0.09628981135566587,0.04393248947784833,0.0002102713046889935,0.000822676202882209,0.8587447516589146
67,0.27176455135661365,0.07407224565430122,0.00019395582530200878,0.003544190163264293,0.6504250570005188
68,0.10825024599621026,0.36725776937712057,0.0018027097970576315,0.010100315416718688,0.5125889594128927
69,0.017544642000493868,0.01981161291186568,0.00041372795996610847,0.0023807997000535493,0.9598492174276209
70,0.15189594014702085,0.24325885572687092,0.0009314484001292361,0.029684235143829125,0.5742295205821498
71,0.12899183660689126,0.4212568629340604,0.002378654024675129,0.045172098590539514,0.4022005478438337
72,0.1613776818646008,0.037517862300967146,0.0002220302678990813,0.018000272666486856,0.782882152900046
73,0.12586103983868788,0.6448184717436155,0.004127831015850854,0.04201318098004076,0.18317947642180502
74,0.14501067475275015,0.7370739308574867,0.0018735198264619411,0.07043784522318951,0.04560402934011171
75,0.08952714455550265,0.8627728534892396,0.006009753448457988,0.010686063297737818,0.031004185209061928
76,0.1562669365114178,0.7732976626490207,0.0034935942484622083,0.039663348510084045,0.027278458081015304
77,0.06008841642131799,0.9172011580229977,0.0115426228415215,0.003246254061031115,0.00792154865313161
78,0.12147514345810567,0.7881941847951095,0.0042020738433819595,0.006091855098357328,0.08003674280504552
79,0.009649046036282697,0.9063944187808328,0.07608030151242542,0.0009501009165905023,0.006926132753868677
80,0.029380357976120878,0.814971745521173,0.10004361329034973,0.0017960549978844745,0.05380822821447194
81,0.04565578515121335,0.7792695334180993,0.05236877871758474,0.005670272990033468,0.11703562972306901
82,0.16608741225641194,0.6166067362722404,0.015729264184132195,0.005336195883038679,0.1962403914041769
83,0.03790501236109477,0.812550717048539,0.07092537779605149,0.0033983007905183976,0.07522059200379652
84,0.04088514307217398,0.8056584459568873,0.10544033035195705,0.0014060809621321588,0.046609999656849414
85,0.009516978957476514,0.02570032446315454,0.00303218356616275,0.000598045173836067,0.9611524678393701
86,0.018638241030104478,0.01329234985897901,0.001066821385057724,0.0004167395837497651,0.9665858481421091
87,0.017614466784808734,0.007323861246052466,0.0004466478549516526,0.0006702243285512906,0.9739447997856358
88,0.013027888801517161,0.0031964709931644117,0.000583600813907531,0.0004800647934953927,0.9827119745979155
89,0.013136946397288407,0.002593709863204906,0.0006813973531973776,0.0003653197523644727,0.9832226266339449
90,0.010386140120548492,0.002082537363591797,4.3797393251478704e-05,0.00021405101595345813,0.9872734741066547
91,0.0068844774646485375,0.0009141448550855015,9.520662070086299e-06,0.0001646037118478175,0.9920272533063481
92,0.007951034124344163,0.002792597126140693,7.42870364752747e-05,0.00020793922483948378,0.9889741424882004
93,0.7919383845926108,0.11300596507764972,0.00010711053295820832,0.0036635788862675075,0.09128496091051365
94,0.25692359469465537,0.5055193959131492,0.00031677756320503574,0.022347986675938007,0.21489224515305247
95,0.6150176737302324,0.1864412205763205,0.00014405652663695818,0.14293599927438227,0.055461049892427866
96,0.11024905393631028,0.8102014357681581,0.0002739735534809402,0.06886706146042013,0.010408475281630556
97,0.14356431481525878,0.7338896379001304,0.0001284644680246249,0.08193641733457274,0.04048116548201337
98,0.16795096188882008,0.6771673785949353,0.0005467483685010717,0.08700754977926223,0.06732736136848151
99,0.0787082036026806,0.8427199238711007,0.0014261136500157015,0.03230324407872116,0.04484251479748184
100,0.03101221719793532,0.9476346001851939,0.0002875211626830127,0.017842426830220373,0.0032232346239675544
101,0.009335762470897385,0.9785502984506255,0.003776582885800153,0.0028151012048858175,0.005522254987791202
102,0.0400892281183422,0.9360579554408365,0.0013127835779958967,0.010436426981643201,0.01210360588118224
103,0.014820527702002472,0.9754522335683553,0.001444818427399922,0.005874874417925547,0.002407545884316621
104,0.043025568486541044,0.8984915853668902,0.0024085039672145747,0.010317900153530235,0.04575644202582399
105,0.023268958502161534,0.959963631841216,0.0015110817686018855,0.008574599943140882,0.00668172794487974
106,0.05888082582220707,0.6641861015771449,0.0022795556209456633,0.01061014271203514,0.2640433742676672
107,0.17367303679618676,0.07945587243009994,0.0015981951452314909,0.007331656641992493,0.7379412389864893
108,0.18490607109944654,0.7475937409307464,0.009670079402514326,0.0032829321008295007,0.054547176466463315
109,0.20330522715456406,0.46832853465864066,0.003762047741493992,0.0041011343432910225,0.3205030561020104
110,0.37147310463156635,0.23980832873244642,0.0005561631159262421,0.00477084218260021,0.38339156133746083
111,0.11438904426508628,0.6670675566606782,0.003456935741051064,0.010255989673965571,0.20483047365921886
112,0.16041056821953675,0.7018573224649282,0.0015139665345619375,0.009703040242086175,0.12651510253888698
113,0.03687689660359111,0.9158561013779349,0.030682814051149834,0.0020352746141594482,0.014548913353164702
114,0.018513627937903284,0.9397615319055077,0.013912493346897353,0.0009338802790083375,0.026878466530683112
115,0.030929003120492224,0.91114547275684,0.021671376691818473,0.0009079506792998904,0.03534619675154957
116,0.060720012940645406,0.8988173922623593,0.009840085615995035,0.0014231290357418222,0.02919938014525849
117,0.025292190045939834,0.9093138145528243,0.016259577277222555,0.00077113211507199,0.0483632860089413
118,0.019194215568088306,0.9153709643876814,0.041075864081856935,0.00075772541742291,0.02360123054495062
119,0.01812157582335423,0.7826767462049647,0.17687872990919765,0.0005014782837562549,0.021821469778727114
120,0.008665823043529761,0.5321212214029449,0.44591362684209734,0.0003212350468664186,0.012978093664561636
121,0.03461894505847275,0.6431443559095188,0.29547503369234374,0.0006240105960278731,0.026137654743636784
122,0.03954427102206687,0.6248115655583669,0.321718362445333,0.00043752954071188524,0.013488271433521305
123,0.007623723756006355,0.4093497123397269,0.5741421239440674,0.00019554131002090183,0.008688898650178493
124,0.005458573136575605,0.4564218535246348,0.5312769031970597,0.00019621763845289084,0.006646452503276989
125,0.006644933122648947,0.18785717054276027,0.7964896407973131,6.707985558972704e-05,0.008941175681687816
126,0.007910824487368968,0.26022753862965425,0.7223403035965249,9.730096691203551e-05,0.00942403231953975
127,0.0011349550515779051,0.16741335030470672,0.8276988519025348,7.195845415721495e-05,0.003680884287023438
128,0.017983065077811465,0.4804151515231158,0.4831583928148543,0.0004018552838612222,0.018041535300357223
129,0.005947411814118318,0.3006115158946676,0.6839717869227745,9.165053324060887e-05,0.009377634835199006
130,0.04234644498377539,0.486826466857899,0.4477616294951488,0.0003601419994244178,0.022705316663752445
131,0.0021360699019247168,0.20511703173773776,0.7839252630910766,0.00011641723285654002,0.008705218036404304
132,0.014136991560666914,0.34030411204039585,0.6287146070339394,0.0006174823224437071,0.01622680704255403
133,0.010427653055700271,0.6169081461597365,0.3618288499664406,0.0006545299340078792,0.010180820884114584
134,0.002711610473825844,0.22077626642031034,0.7694693367465083,0.00021649850522610525,0.00682628785412926
135,0.048509598816091896,0.8662307209230392,0.06361700763836456,0.0019489669480255785,0.019693705674478687
136,0.014209372540588613,0.2705804712217962,0.6882898636050869,0.0012080545607342425,0.025712238071793965
137,0.07668277097932766,0.4739472979400803,0.05499818711331563,0.005853613194340313,0.3885181307729361
138,0.2578603413194606,0.4851967546135157,0.004131867717369607,0.024575918580309886,0.22823511776934405
139,0.16600885552088726,0.5568060051357706,0.040838932860689126,0.016965535336433836,0.2193806711462192
140,0.13106886987007055,0.8491752155214951,0.00240410206776635,0.009781868166702613,0.0075699443739652384
141,0.09461879112781726,0.8501418691087735,0.010981841984467533,0.004603732344911703,0.039653765434030076
142,0.0458307278816995,0.9468502319589588,0.0006432289948858782,0.003160983589915473,0.0035148275745404784
143,0.08748268478241655,0.8750625364850902,0.0068108071230743,0.0037519721575658116,0.026891999451853138
144,0.04684169049708283,0.9222374588183423,0.013521999148019683,0.0031070586772545344,0.014291792859300611
145,0.0472482174725305,0.9175043949716318,0.01488064079778624,0.002377076329548078,0.01798967042850329
146,0.03812360371463812,0.9131581571617924,0.03248115571298306,0.002002924253813733,0.014234159156772778
147,0.06343752122941619,0.8448007662157708,0.0724052717565869,0.001282315941091888,0.01807412485713436
148,0.03556774155407303,0.8853841703682541,0.04081484713350728,0.0020278078392381186,0.03620543310492744
149,0.0521752697749704,0.8884002285124533,0.03720144355902956,0.0013655034783597486,0.020857554675186855
150,0.04891773495621296,0.8069377058061831,0.089218772672425,0.0018242696095040513,0.053101516955674916
151,0.013951405987668884,0.8651774901806425,0.10810030988113917,0.0005964720112490027,0.012174321939300426
152,0.008196433709115172,0.8502762227428314,0.13106057258657508,0.0005285182701293159,0.009938252691348976
153,0.0025921917249888023,0.6939328517177495,0.2942389368095084,0.00024302738297824402,0.008992992364775104
154,0.004682907312649544,0.4353598564002111,0.5504827086657612,0.0002785741203511621,0.00919595350102707
155,0.0018388737471469962,0.3472946804694808,0.647996567571067,0.00024851971208198224,0.0026213585002232472
156,0.0016599717484815037,0.4065684740015486,0.5893228709835271,0.00017539555477671942,0.0022732877116660756
157,0.003123508676580649,0.34156244468629016,0.650903190543817,0.00020449781336594154,0.00420635827994616
158,0.0007716984423158067,0.21910350695540723,0.7782789525945657,6.515307252130829e-05,0.0017806889351899007
159,0.0034796277312378857,0.5915269798254744,0.39840462063072396,0.00041283265369155696,0.006175939158872287
160,0.0018323580215120383,0.3085200660546973,0.6855458722715367,6.78337737326827e-05,0.0040338698785213085
161,0.00220981611167157,0.3374444342311142,0.6515592015646616,0.0001376806963128383,0.00864886739623978
162,0.0014040813780563204,0.27422145042032087,0.7223790474340874,8.032519043199685e-05,0.0019150955771033008
163,0.0002332481952944163,0.09277457799119296,0.9057823706985411,2.367204743047752e-05,0.001186131067541056
164,0.0008144847721986376,0.27729264500689876,0.7185447093965537,9.063609313426868e-05,0.003257524731214688
165,0.0007523248119660487,0.24872062229654274,0.7490521039879222,5.0705436176431734e-05,0.001424243467392619
166,0.00011602067312657033,0.08363413476117267,0.9155399423109851,1.4499769292092695e-05,0.0006954024854235164
167,0.0007259002988309956,0.28473855111969637,0.7125250906089509,0.00011891931811628824,0.0018915386544053469
168,0.0008237347128931819,0.34759015242997376,0.6500909353977398,8.83041772579944e-05,0.001406873282135267
169,0.000258046322956452,0.08525623459112026,0.913651812732888,2.6945573356889053e-05,0.0008069607796785833
170,0.0008173654591163526,0.32866125226304665,0.6694160433084997,6.388652005471845e-05,0.0010414524492826005
171,0.0011922964768062354,0.2916696418206125,0.7045151069993274,0.00012843273669466455,0.002494521966559155
172,0.0005034487792703742,0.2052298714564709,0.793654106962491,5.8418962630164486e-05,0.000554153839137609
173,0.00044781927714344124,0.18210154141367713,0.8162831342087179,0.0001359216457298829,0.0010315834547314309
174,0.0011661408450781444,0.2607868476972316,0.7365557027493628,0.00022140428608940198,0.0012699044222380163
175,0.01839603682421932,0.44319566213305567,0.2652261521944757,0.0016112982842864112,0.2715708505639629
176,0.24143215504933133,0.7038489862437219,0.010121048746941367,0.0027238278709629557,0.041873982089042326
177,0.01560395802318117,0.8807745098094438,0.09907505924041102,0.0004163004696803006,0.004130172457283692
178,0.025399946001960196,0.8062580217608741,0.16314300524432615,0.0006308287350777174,0.004568198257761832
179,0.002451813631981879,0.47620627460923814,0.5188528316582246,0.00031017499012857015,0.0021789051104267494
180,0.0020185301010387396,0.6753797409039638,0.3200439931874505,0.0010633618385751497,0.0014943739689717713
181,0.0013409690852919048,0.5680723601820497,0.4288248223049296,0.0004241583034350972,0.0013376901242937785
182,0.0017428292558153106,0.4931427803153796,0.49667836626712597,0.0005325261554654942,0.007903498006213656
183,0.002250732524945799,0.6310248482521357,0.3645741877963909,0.00047023936094194735,0.0016799920655859043
184,0.0010733082603083192,0.34201259988535265,0.6545307957875955,0.000269791148898985,0.0021135049178446267
185,0.002805980729567828,0.9188416827557697,0.07667409017590981,0.0005477307312634139,0.001130515607489461
186,0.0012396465960799402,0.6664152672328498,0.3312060228854069,0.00029968047903043167,0.0008393828066328858
187,0.0006527739112241183,0.3639300431258374,0.6346192172924193,0.00017606224331138414,0.0006219034272076964
188,0.001042295256063423,0.8189453408011813,0.17894882361768705,0.00031747088709762293,0.0007460694379707069
189,0.00131232184152638,0.6860348055531515,0.3114670867681112,0.00029884207489459786,0.0008869437623161933
190,0.00043132456514013783,0.2324911038247282,0.7664693137245402,0.00011947907188631054,0.0004887788137051603
191,0.0007159369241287191,0.3910745422156522,0.6075121168531883,0.0001695424419540177,0.0005278615650767912
192,0.00040796078049496604,0.30236595163315055,0.6964731684003491,0.0001528442191238149,0.0006000749668815718
193,0.00025344013617148475,0.12484195525354293,0.8745268398632344,4.816657179404408e-05,0.0003295981752569271
194,0.0004369085343946398,0.16590365033197185,0.832747950189256,7.033996450718064e-05,0.0008411509798704324
195,0.0009522524746145139,0.3721228683554896,0.6253057247737964,0.000155238146553114,0.0014639162495464664
196,0.0003931566292181958,0.1731354317864751,0.8254085668248233,6.716501530690941e-05,0.0009956797441767174
197,0.0005429050616835928,0.22695317614745655,0.7705712084296932,9.112214684570332e-05,0.0018415882143210675
198,0.00047885454023325117,0.22406134304547354,0.7744985411975515,0.00010264085705841402,0.0008586203596833202
199,0.0004669273991480051,0.254469065909551,0.7441906998033181,0.00010676606023362301,0.0007665408277494103
200,0.0008539910989837951,0.3055631091763331,0.6914617833129335,0.00018386863632457014,0.0019372477754250382
201,0.0008143668251012426,0.23101062939816625,0.7669321752663938,0.00015696549868874553,0.0010858630116500714
202,0.0020596389646136857,0.3825380755781718,0.6123059486340483,0.00041415584043962933,0.0026821809827265878
203,0.0017248448470022566,0.5291612551852846,0.4670000567326625,0.00039169947884836896,0.001722143756202277
204,0.0007985431482560216,0.2555789428748228,0.7414313766397497,0.0002974359324729903,0.0018937014046984692
205,0.0019854240248826554,0.666622549682232,0.32923274931353314,0.0005659271756380066,0.001593349803714195
206,0.0007059497571883455,0.23539085132279614,0.7622407796043148,0.00015864349825072503,0.001503775817449857
207,0.0007117676760011732,0.30344446634887917,0.6938569751785711,0.0002055104845574953,0.001781280311991048
208,0.0008796935502629582,0.42138648824663155,0.5761637595327459,0.0003139455592603584,0.0012561131110991502
209,0.000907190390689882,0.2774359102188751,0.7199991192565885,0.0002646188803778686,0.001393161253468595
210,0.001207923120352025,0.47030382555197325,0.5268733990424596,0.0003399849542474597,0.001274867330967846
211,0.0007124087405691109,0.19667176052489044,0.8017761522705866,0.00017982830890985002,0.0006598501550440277
212,0.0008087932458630247,0.2905658283939688,0.7070863134868639,0.00020764011573011355,0.0013314247575743408
213,0.002054395621825994,0.38728768922469325,0.607709965521708,0.0005263369974248787,0.002421612634347956
214,0.0021480272037018543,0.24114110946822817,0.7538036973271498,0.00027480507490101495,0.002632360926019324
215,0.0009612829366822743,0.27374110061497,0.7237484571617593,0.00021564590078298855,0.0013335133858054715
216,0.000750865993106797,0.29433018498273233,0.7030538023612997,0.00035393142452044135,0.0015112152383407336
217,0.0002681660813776116,0.12630104876953396,0.8725228862164,0.00011922957341195784,0.0007886693592764088
218,0.0006008890929319683,0.20601758266483686,0.7912217150421029,0.0009019375106703737,0.0012578756894580795
219,0.005422960850687425,0.724106384011592,0.254441752122179,0.01307243852807888,0.0029564644874626005
220,0.013087912573467404,0.6965832932389752,0.19791677082626047,0.08351220236438064,0.008899820996916228
221,0.026334954533253543,0.565741949750183,0.07627779543334964,0.30380118597274847,0.02784411431046548
222,0.15639615825627068,0.39048235132474896,0.0020100964569041034,0.29560084385161606,0.1555105501104602
223,0.05841734940934476,0.6971353024794896,0.0003656119629173531,0.20768395698548606,0.03639777916276221
224,0.32499354669481917,0.3286900109128142,0.0001827863957710296,0.30154063701386896,0.04459301898272669
225,0.24748492239110612,0.30826140288030557,0.00014563869193438695,0.39681621926523825,0.04729181677141573
226,0.1069490034428083,0.4921085316875702,0.00022414359809599905,0.36905807201934665,0.031660249252178974
227,0.09641487644063426,0.34179079465374024,0.0002036161167761403,0.5521256067378999,0.009465106050949494
228,0.06291324005270894,0.12046001528758264,0.00012434250005020865,0.8008206518737016,0.01568175028595661
229,0.06631853507541725,0.06098976126237395,0.00012446683109974897,0.8599208725753072,0.012646364255801856
230,0.04442745169604144,0.25321939586113346,0.0007054003813428024,0.6698098859901878,0.03183786607129446
231,0.04112084396067888,0.23384287066966394,8.941849049036919e-05,0.7156897914626171,0.009257075416549743
232,0.05101502743177488,0.06102351174584531,6.94318747694865e-05,0.8770396300422382,0.010852398905372202
233,0.09238940957242703,0.08272230436037287,0.00013349658368207805,0.7765428219720354,0.048211967511482656
234,0.06236485466730172,0.06313709209098758,0.00015997105458434712,0.8662370011112759,0.008101081075850551
235,0.027148918965812067,0.0455356535545366,5.576107125110853e-05,0.9236936841220021,0.003565982286398008
236,0.03440910590525681,0.12387837428556749,0.0002463158689691661,0.8099601777283134,0.03150602621189327
237,0.0360548381250393,0.3221363760604076,0.00018217530251694533,0.6283092514048902,0.013317359107145902
238,0.040447886187681734,0.13964618298291723,4.781976071367919e-05,0.8080406911684171,0.011817419900270361
239,0.07774813273275978,0.09298714987693493,5.62386816890366e-05,0.8148677207390187,0.0143407579695975
240,0.20256054299342793,0.17948504446746608,7.309082669582873e-05,0.5904003909033388,0.02748093080907123
241,0.21294288793662286,0.264714971565038,0.000935322019261901,0.09617867140253701,0.4252281470765403
242,0.5223484412890073,0.23779641403852533,0.00015163572593172284,0.18599107684024313,0.05371243210629255
243,0.17070802022334208,0.6632863313485317,0.0013140923292160485,0.057716022041510044,0.10697553405740014
244,0.1727129257193233,0.7007734933855015,0.0006407703776776325,0.0933912948707348,0.0324815156467627
245,0.19748716669152097,0.6619168855582768,0.0019425518416273722,0.08344081279611772,0.05521258311245725
246,0.04651883454058237,0.8527154076929215,0.0018698611354931048,0.06321488376940813,0.03568101286159501
247,0.10248068405450668,0.6596067181901177,0.0007838723626394134,0.1766515459003951,0.06047717949234117
248,0.12073665665433254,0.6746248831077859,0.01340548136668993,0.0890462440586866,0.10218673481250512
249,0.05803943466703683,0.6502340185322544,0.007995811556949789,0.14619686190643424,0.13753387333732472
250,0.09611225858381157,0.377239080370529,0.0034246962477611316,0.2859589328573476,0.23726503194055065
251,0.005859120481657,0.012459035432634017,0.00029966403767174777,0.01639311948216335,0.964989060565874
252,0.06484771815152705,0.05345368026328809,0.00030888533883494877,0.011251615149747058,0.8701381010966028
253,0.11494843345450859,0.07617167332000775,0.0010257984309253309,0.01975651632715104,0.7880975784674072
254,0.02732801937299287,0.003934184774100821,0.0004191301516973459,0.000909633776398905,0.9674090319248101
255,0.0053329435320811636,0.0016971969348567632,0.000971702463035406,0.0008444909376254224,0.9911536661324013
256,0.021616381837266514,0.004477089180976648,0.00056416676157951,0.0025855838135761906,0.9707567784066012
257,0.033824918329686995,0.01332919567645001,0.0008197287748202723,0.0027934661641720667,0.9492326910548705
258,0.013154481669414709,0.005296553084353001,0.0007901820724844565,0.0021066391889958073,0.9786521439847521
259,0.06185892203791412,0.009067833204224197,0.0015902096163263283,0.0020191571624341765,0.9254638779791012
260,0.02670825210128587,0.00823329857208244,0.0008122598400592459,0.0020630832403474336,0.962183106246225
261,0.10935484279987795,0.00953131250388932,0.0002836405344024323,0.0019968905703510224,0.8788333135914792
262,0.25549209167214754,0.0256203767072813,0.0027084318525338155,0.004510558816807531,0.7116685409512298
263,0.3739842414769213,0.08932899412463444,0.0003736970682137687,0.02402375483098555,0.5122893124992449
264,0.2825565027919319,0.45729982510115685,0.0011989620064631176,0.06497930252052925,0.1939654075799189
265,0.09564635254041491,0.6695105313382047,0.0010584899377495411,0.19681373984315964,0.0369708863404712
266,0.14739551640861825,0.3993517873712197,0.0015902855925604296,0.2563925462407269,0.19526986438687474
267,0.19205998613199182,0.3734053835228165,0.000321559714975632,0.38741201680828036,0.046801053821935855
268,0.10106152228495352,0.6430019811233325,0.0002899638725360426,0.24227763587145026,0.01336889684772758
269,0.169406090060863,0.5469236782415601,0.001320583282934193,0.24689704953776348,0.035452598876879356
270,0.08852673367233686,0.7203414098210112,0.00041865799160731033,0.18443651657452778,0.0062766819405168685
271,0.10632611428255007,0.5492739575584399,0.0002972942359551032,0.3316229748228768,0.012479659100178134
272,0.03231493665606713,0.9245195895706795,0.001313060927372441,0.03234939360603702,0.009503019239843936
273,0.10439440431303493,0.6449400540553462,0.000790987656090883,0.23117331261116114,0.01870124136436691
274,0.09458606857836435,0.7431673759150007,0.0024616436247199796,0.09711245597933987,0.06267245590257507
275,0.055271774513443415,0.47544380230943467,0.01962602019919752,0.0389040274550685,0.4107543755228559
276,0.18840201343480445,0.615830555950358,0.000284360150980818,0.18069409595174105,0.014788974512115789
277,0.16530824420243823,0.6948092442182002,0.0007000761509567847,0.12328261932200396,0.015899816106400854
278,0.12447472880596092,0.7450944583662387,0.00040450724280847794,0.11594938006760963,0.014076925517382313
279,0.05385282619702268,0.9128995930109479,0.0008028519909378587,0.02471314331199803,0.007731585489093544
280,0.019982854269837168,0.9624548774046746,0.0006670323379011897,0.01492109859093538,0.001974137396651776
281,0.014206287785973014,0.9790385602084035,0.00030018359478340323,0.004668770664666777,0.0017861977461731977
282,0.018196422607604304,0.9686190915860167,0.001846993355757834,0.004939431132873308,0.006398061317747891
283,0.02798138325711762,0.9538511182831669,0.0012166007626432948,0.01171402253400546,0.0052368751630666325
284,0.011981725489166296,0.9834691256370325,0.0010876210270107918,0.0015534213266655895,0.0019081065201247691
285,0.009753550192155921,0.9860359372390907,0.0008513813453432261,0.001352699921231187,0.002006431302178846
286,0.013154167443102526,0.9549404740129391,0.019735114368933902,0.003790165926506178,0.008380078248518377
287,0.010784007380978313,0.9751059970881246,0.006751469624616658,0.0024647017249986706,0.004893824181281854
288,0.012537807762065882,0.9662374495880075,0.008819623477333994,0.0029531401928252756,0.009451978979767307
289,0.016291791688386657,0.9517658949829253,0.01525917842517027,0.0062256428786827515,0.010457492024835122
290,0.014504046290498932,0.9722359301919646,0.0033397020319920713,0.003518503773361733,0.00640181771218284
291,0.0746631249408782,0.818002954628743,0.024154802928729777,0.005058914273259647,0.07812020322838933
292,0.06634940487381048,0.8662860518275408,0.022174683217869664,0.008461885674961788,0.036727974405817224
293,0.04188188578468048,0.9042506754367678,0.006139111184696232,0.006623528534933145,0.04110479905892242
294,0.08670423904483741,0.6249268090168464,0.015670155963279864,0.008870125920724154,0.26382867005431215
295,0.11848958858845962,0.686846457974361,0.003224857524622388,0.013386920131304696,0.17805217578125238
296,0.10060898031099068,0.842453709798682,0.0017624905405720223,0.011554347318011231,0.04362047203174423
297,0.12618545964826997,0.7989370458161081,0.0022822108302164635,0.01078377478577683,0.061811508919628645
298,0.11756840189115708,0.7891486005653545,0.006613839521272197,0.01784547682139612,0.06882368120082008
299,0.05579126410836543,0.8791021199866108,0.004024305520361521,0.008597497360815234,0.05248481302384709
300,0.14372785311963768,0.7756477782967903,0.005953010909069904,0.0172726921051538,0.05739866556934824
301,0.19004695533850316,0.679970618218196,0.005673645173974237,0.01329060516501438,0.11101817610431224
302,0.22175948107211976,0.7290587536337866,0.005891194261289562,0.014152141530744086,0.029138429502059904
303,0.09149342789560327,0.6872385438349251,0.01049514186389142,0.013215936053819178,0.197556950351761
304,0.14821017906553996,0.780377717651518,0.0015811174406553609,0.04843982966632202,0.02139115617596463
305,0.07704470239563745,0.8870471044042127,0.006156915298997625,0.0052045171159551505,0.024546760785197005
306,0.08410990290088577,0.8713101274835167,0.0070137974130583414,0.009205200518578835,0.028360971683960602
307,0.04360001757247888,0.9421701702144524,0.0014453760889051445,0.008809792939360225,0.003974643184803416
308,0.014488466343181442,0.9632992378818701,0.008012031708511315,0.004366937344016442,0.00983332672242062
309,0.06374252289821232,0.9068504711127977,0.0019263121435443055,0.017976311075836273,0.00950438276960915
310,0.029515125569708776,0.9364530356820185,0.007964362941004605,0.007537409088754031,0.01853006671851405
311,0.03627272083449229,0.8887614626058724,0.031154950836659784,0.007943321185591597,0.03586754453738409
312,0.05923208596979169,0.889972776895715,0.023655295964662242,0.010997044710594624,0.016142796459236324
313,0.05273096552197928,0.9020727284566551,0.0067350360161325,0.015905505671892018,0.022555764333341187
314,0.03383438671295033,0.8524897102440921,0.009820195667075284,0.007714794460601263,0.09614091291528092
315,0.07007424935644994,0.8123713206002717,0.007179414993476937,0.010139847783329584,0.10023516726647161
316,0.03957058976279081,0.9365166651589024,0.0036574538806635262,0.005544115568382825,0.014711175629260428
317,0.012532920911558217,0.973107657124727,0.009254909279235304,0.0016415688773782269,0.003462943807101375
318,0.026276821474734372,0.876427893613558,0.0072123158813087234,0.004425555602748311,0.0856574134276506
319,0.023404436014246334,0.9361155370080316,0.015503820423218899,0.0022790527638803793,0.022697153790622804
320,0.07267971128524316,0.899727997698434,0.005690805303499739,0.010809950824928543,0.011091534887894411
321,0.08383194823874437,0.8895446647982057,0.005634801519899583,0.012492083330715614,0.008496502112434594
322,0.07427366585645935,0.8515014201768989,0.03840956940752523,0.003806136873611331,0.03200920768550503
323,0.055338663890724116,0.9096752056690839,0.00817192662394922,0.005266384624657646,0.021547819191584872
324,0.03894889082956452,0.9172527083310209,0.031897016196665254,0.004945980076379574,0.0069554045663699
325,0.03270296463788394,0.8863154037137527,0.06053807336382463,0.004482020989169087,0.015961537295369744
326,0.03721837247446147,0.9233978500974531,0.029909467665904545,0.002784003420536928,0.0066903063416438955
327,0.03391794849370298,0.9298882421776686,0.014036440639086488,0.001180437492027128,0.02097693119751468
328,0.014344613889133207,0.8789259947087299,0.07518323600201439,0.0008392790576599939,0.030706876342462493
329,0.059866218873928186,0.8758701648883898,0.030564002758623404,0.0044616587172778424,0.029237954761780757
330,0.012569262820199503,0.8480151423438314,0.11347533277932452,0.0014429368988004548,0.024497325157844134
331,0.032433943554696636,0.8996459576833353,0.054135230586275486,0.0015895768268873228,0.012195291348805164
332,0.050388493203924356,0.9178164006671858,0.012635335426447323,0.0024655168430068315,0.01669425385943574
333,0.019091031905312847,0.9160391739035844,0.03750591831193971,0.0017867569686727852,0.02557711891049011
334,0.04615218219117704,0.8898061972231104,0.046138287579147626,0.0023879365155369922,0.015515396491027752
335,0.022407774134447774,0.8718162952807215,0.0886634516340178,0.001619882136279428,0.01549259681453355
336,0.03340020045844102,0.8623576426504087,0.07709311332641271,0.0029920367183839587,0.02415700684635354
337,0.019906452960270788,0.9104933771976345,0.04458126348765027,0.002483586883651192,0.022535319470793028
338,0.013557998999041223,0.9314964644461506,0.037589393160849124,0.0030647149097645906,0.014291428484194521
339,0.08869061025170807,0.8355312377712557,0.05061679624833175,0.0024723313539658774,0.022689024374738655
340,0.07365380644930926,0.8775505864204575,0.016940976243400026,0.0040380224772252815,0.02781660840960786
341,0.05404490703205067,0.903333025866774,0.011559822659599619,0.0025610363545473533,0.028501208087028475
342,0.023617816016156014,0.9109825692709006,0.025859944152014647,0.004376035375902465,0.03516363518502634
343,0.0640936199776649,0.8690613580828042,0.024465868535487382,0.004375931438451639,0.03800322196559202
344,0.014772163287153613,0.9499714513821153,0.012514138018955364,0.0016544205776832935,0.021087826734092676
345,0.02088560319170689,0.7880839891490212,0.1699062205697319,0.0028018916969722724,0.018322295392567543
346,0.031280878047374616,0.0519534172595718,0.005759400575768149,0.004659555048790258,0.9063467490684951
347,0.2655051982966782,0.5699798710921967,0.005879281538738278,0.01652087690417404,0.14211477216821286
348,0.10121503949646607,0.7470230770086812,0.005402528953823246,0.005484760267840266,0.14087459427318927
349,0.19705321481969518,0.7283305329512216,0.0033685524731868755,0.004156601481698654,0.06709109827419765
350,0.08285147561437906,0.8591259263468227,0.0021901830876638988,0.007622017233355744,0.04821039771777866
351,0.047280855977096095,0.9176157272874195,0.015795629850630582,0.0053968072515799504,0.013910979633274017
352,0.1448872786570403,0.7439515206148272,0.008014166605404813,0.012845314204168564,0.09030171991855908
353,0.033394767329006085,0.902994806446732,0.03914719084959662,0.003575210616669061,0.02088802475799616
354,0.041471094475782753,0.9038156854850223,0.012297514349715415,0.00576065588212902,0.036655049807350557
355,0.06668636969946184,0.8689708370116181,0.014293959984430234,0.005960443400380828,0.04408838990410887
356,0.039856627670206084,0.9104964165778727,0.01788878752200286,0.0029958186130382633,0.028762349616880123
357,0.05806148112448515,0.8937899950886828,0.03365911986945488,0.0018953998999529235,0.012594004017424299
358,0.036592124895084614,0.922135146013916,0.01188539802674535,0.0033811157811307227,0.02600621528312334
359,0.052159899955804646,0.7328990964327448,0.12574273530594726,0.00262659876365107,0.08657166954185218
360,0.0592879280122669,0.8494133179075117,0.06033032964758257,0.00413727052428509,0.026831153908353677
361,0.07521033108565561,0.8132080562389924,0.05918108505105932,0.0031442580684688227,0.04925626955582384
362,0.0800601916527863,0.8640143705875127,0.0062539148314450866,0.0020532159083621396,0.047618307019893634
363,0.011308111943944774,0.8970354067517861,0.06742449696270116,0.0024736202486611548,0.02175836409290671
364,0.04507619940364654,0.7872154077858555,0.14711874700071167,0.0013871048516441611,0.019202540958142087
365,0.011757747513167853,0.88391222012457,0.0628236633367886,0.0024093112881232123,0.03909705773735019
366,0.05160852717790594,0.8387788430449513,0.03145363037504503,0.003937629456390914,0.07422136994570688
367,0.009715979627881864,0.8927296465131761,0.06943996667177632,0.0016102067294873374,0.026504200457678515
368,0.034376846563891415,0.6214255639649435,0.32022688547855493,0.0021987601639917704,0.02177194382861847
369,0.017894209076483848,0.713645837117413,0.24619399288505323,0.00144685181393685,0.020819109107113088
370,0.024391557365556638,0.9024615841846687,0.040048956816344364,0.005012401221296082,0.028085500412134118
371,0.06275452549452301,0.7053637329601883,0.20871183436122176,0.001959878963373083,0.021210028220693865
372,0.10635341166081462,0.8112354530169676,0.04176783822510532,0.005982929632140653,0.03466036746497184
373,0.04532694026537647,0.8528733046848143,0.07429145346541086,0.00523847286825141,0.022269828716147102
374,0.05058150343351069,0.48641856788977894,0.43613574057215304,0.002859237902206835,0.02400495020235054
375,0.06262934465362854,0.7152974719229129,0.1847793039820291,0.004524358593858114,0.03276952084757143
