epoch,N1,N2,N3,R,W
0,0.00015758687012086921,2.9142952864341666e-05,2.573431342864794e-07,9.466442317020212e-06,0.9998035463915635
1,8.03870431460563e-05,2.2988801857886e-05,1.9946053398277349e-07,9.613008744784305e-06,0.9998868116857172
2,0.00020899781829272217,5.6046787527525544e-05,2.496362113948803e-06,2.1430886995666735e-05,0.9997110281450703
3,0.00023052995348839107,4.4864592374618294e-05,9.550981406992494e-07,3.751505887386029e-05,0.9996861352971225
4,0.00017456156527974993,3.3457233195126425e-05,9.178400098183278e-07,1.1689039401541315e-05,0.9997793743221138
5,0.0011776464165386927,0.00011395113075821728,4.242597256294704e-06,3.0949017268594796e-05,0.9986732108381782
6,0.0003623186778105536,8.948955408294626e-05,1.1613205136465246e-06,3.845296271739178e-05,0.9995085774848754
7,0.006925639132994782,0.00035192833629117557,1.6516402725324891e-06,0.00014422591423043777,0.992576554976211
8,0.01598954887959525,0.000621766314219983,1.6819154266904026e-06,0.0002790360956172355,0.9831079667951409
9,0.08269062397950176,0.005329908493646317,1.0489647380311677e-05,0.0009274271275159757,0.9110415507519556
10,0.0025307925279873934,0.0007404854636908042,9.943971435920184e-06,0.0003942416534644607,0.9963245363834213
11,0.022888897021243255,0.002577112602539502,4.2981581090497456e-06,0.0016094312148562727,0.972920261003252
12,0.05698590910550434,0.009906934745672254,1.0957095607221608e-05,0.006237059878186313,0.9268591391750298
13,0.017009999993856537,0.0019080145843446113,3.182710749643584e-06,0.0019038084906629002,0.9791749942203863
14,0.32627309485459416,0.2681883989915507,9.101983994423603e-05,0.04253621251378686,0.362911273800124
15,0.017103430923792677,0.0020857494419781763,5.463174052286269e-06,0.004567142277015497,0.9762382141831614
16,0.2800041578759553,0.11097132041086749,4.524643687823536e-05,0.03404313486611577,0.5749361404101831
17,0.14802498312782297,0.4214628760482709,0.00044417353296152633,0.015687230904211463,0.4143807363867331
18,0.31431067314751016,0.29786662771924954,0.0002665019196931535,0.04538317412205291,0.3421730230914941
19,0.04881123211793666,0.739417613603806,0.0007945596315888182,0.00977630683517965,0.20120028781148896
20,0.0503897185563875,0.22195876631150693,0.00015188272392798488,0.012446949382283719,0.7150526830258938
21,0.01206782290560869,0.08165466555550516,0.0013123833549605448,0.0013050894910795782,0.9036600386928462
22,0.0007651343623437433,0.0008465213082895561,2.8118780301277078e-05,0.0001588475434383897,0.998201378005627
23,0.17341555058945438,0.010022702184182584,3.246583013164366e-05,0.00348412429064069,0.8130451571055907
24,0.1686755664631843,0.11076014344153591,0.0001224860556679542,0.003355060100879645,0.7170867439387322
25,0.3551340694398202,0.3535350122794313,0.00019982786978721686,0.008790941309268144,0.28234014910169325
26,0.13237227713205568,0.05590887740563579,5.099292798783467e-05,0.025578198852366847,0.7860896536819538
27,0.031593814704565126,0.3184840619264924,0.0005549339334529689,0.005396727233665906,0.6439704622018236
28,0.004582063712753781,0.0023815324577068277,7.858816661557347e-06,0.0009864929498697769,0.992042052063008
29,0.26205095866372535,0.11773054935718916,8.100375189998375e-05,0.03924641042216743,0.580891077805018
30,0.021809196679615252,0.10945560579341954,0.0021326352826391975,0.001599463830489464,0.8650030984138366
31,0.007545462030277517,0.0031562782876521423,2.3525650471506447e-05,0.0007810418046024186,0.9884936922269963
32,0.13087147802113525,0.029820376846139317,3.848988282743735e-05,0.007015810571288204,0.8322538446786099
33,0.0949035732460509,0.397657957508759,0.00015370747289508032,0.00590036602533734,0.5013843957469576
34,0.0014325879155094583,0.0016282085132105855,0.00030834038263281377,0.00021712293850741258,0.9964137402501396
35,0.0007880042105152019,0.0002594601545765604,3.572839442607561e-06,8.309770275073897e-05,0.9988658650927149
36,0.04667659691577318,0.004563138167316201,1.855564977003474e-05,0.0007641830127885986,0.947977526254352
37,0.04473214903570741,0.002376600211733782,9.700429680414098e-06,0.00031742508685182004,0.9525641252360265
38,0.004993312101938516,0.0016115511865017278,6.336930017741084e-05,9.52711191612404e-05,0.9932364962922211
39,0.4071242256595159,0.016486249394731253,2.2247775848506743e-05,0.00224824237966017,0.5741190347902443
40,0.29322390968556367,0.02489330980337218,6.45031170597791e-05,0.0023831169526139415,0.6794351604413903
41,0.5133373880867466,0.37026477889913395,0.00020364064758834565,0.006027693374775172,0.11016649899175601
42,0.07115398318992706,0.8524643647251182,0.000549590565240431,0.0023714101810817416,0.0734606513386324
43,0.02057233939310615,0.06588502556973641,0.0026596566990667882,0.0006051536270826317,0.910277824711008
44,0.3486342695410619,0.14274978818854955,0.00017181976705736495,0.005077380961391594,0.5033667415419395
45,0.26564394228024496,0.6836953316174885,0.0001345330528158669,0.0018823526755839444,0.04864384037386667
46,0.052947025039685604,0.9286195184269898,0.0004062908908887549,0.0001953044342801664,0.017831861208155497
47,0.04423478997981641,0.9410699376023548,0.001871181110866969,0.0004996964148450868,0.012324394892116794
48,0.05861729268064367,0.9222684669450204,0.004212932530230987,0.0008044686932643855,0.014096839150840569
49,0.02815766447327201,0.9578122499128301,0.0005040980201982098,0.0010588415666064228,0.012467146027093161
50,0.0154309128494172,0.9649495142483008,0.009913197257192823,0.00014667492528900735,0.009559700719800229
51,0.006170741634281035,0.9810271685148269,0.006326732658015593,0.00011272979868662797,0.00636262739418982
52,0.011106392260275098,0.8036840989903268,0.17273796332304867,0.00010505491932246027,0.012366490507027192
53,0.012321308502775201,0.8407246723979971,0.13215744674775748,9.123320971051394e-05,0.014705339141759831
54,0.009635903431810816,0.8188109756457583,0.16325119373821384,6.946162595072205e-05,0.008232465558266344
55,0.03291481896486812,0.8607784505918896,0.09198035765721102,0.00010377881558400855,0.014222593970447185
56,0.008825624208485105,0.7986272753193502,0.18346966221567765,5.328190408281044e-05,0.009024156352404267
57,0.004719747122782975,0.5782043309047586,0.40661189444484624,4.610457517053287e-05,0.010417922952441707
58,0.006261634578861617,0.7920676100741751,0.196711467498102,8.343460330698983e-05,0.0048758532455541155
59,0.004187281133519913,0.523033571836428,0.46689940446501327,9.38893261119217e-05,0.005785853238926942
60,0.025085929569313856,0.7758087134458571,0.1075218884867328,0.00016196196557654983,0.09142150653251971
61,0.009925894636167727,0.8877238177640919,0.09790580342409962,6.369402385798615e-05,0.004380790151782547
62,0.005710105317607784,0.640693955728971,0.34759622203872403,3.978482938959992e-05,0.005959932085307451
63,0.006466113309576352,0.47147166022987635,0.5149680087940871,6.005503320156436e-05,0.00703416263325862
64,0.003421546323523795,0.45352398990785925,0.5355616396075024,6.207082574295876e-05,0.007430753335371583
65,0.0022514690905408572,0.23676202749978095,0.7563462607492354,9.122978710927362e-05,0.004549012873333512
66,0.0016759724229137444,0.1871312125345132,0.8070667373302655,0.00010103648706195363,0.004025041225245626
67,0.001215451380848078,0.1405340737650573,0.8551374702215851,6.167890281639342e-05,0.003051325729693134
68,0.0008952609759489634,0.12558521241522777,0.8696159542383344,3.580108302552877e-05,0.003867771287463312
69,0.001002854610960781,0.10485190691899184,0.8921161035602667,3.50444473422918e-05,0.0019940904624383563
70,0.0009639480054239275,0.13312754541828808,0.8631776376924247,4.2478320783517264e-05,0.002688390563079629
71,0.0007613390424486703,0.07483687956013264,0.9230367443936147,2.5638573655119207e-05,0.0013393984301487243
72,0.0006969327404771908,0.10044614562668128,0.8967970100193006,5.907489346671884e-05,0.0020008367200744595
73,0.0009195577403119231,0.08757123484738841,0.9097383447679118,4.9918292157550904e-05,0.001720944352230419
74,0.0004468685812076368,0.06814613935181481,0.9297762871346849,2.6955194167092756e-05,0.0016037497381256487
75,0.0006122380102827661,0.12983914442109407,0.8671022941873946,4.3096612870100436e-05,0.0024032267683585487
76,0.0036615193959348945,0.24686915462597595,0.7430731639336884,0.0001021158959167545,0.006294046148484137
77,0.001308585030483734,0.09607940470243044,0.8999702456378137,0.0001270584608115936,0.0025147061684605604
78,0.009243288853829737,0.4479650166209798,0.5348704404152919,0.0005604036942944411,0.007360850415604289
79,0.01346966686680061,0.6262875489147133,0.34979994590178703,0.0019435913913714892,0.00849924692532748
80,0.0175452654298081,0.5259928802508547,0.43473200965087155,0.004797933532482013,0.016931911135983548
81,0.12310755712362276,0.7801694568218691,0.02232206596382679,0.0217113624329523,0.052689557657728876
82,0.11735430679960314,0.7194612259401342,0.005587166345818693,0.035422356643216524,0.12217494427122744
83,0.16092312231051278,0.499796364071112,0.0008329760219880331,0.20311172549027906,0.13533581210610812
84,0.06331059218713313,0.6284118164502136,0.0003767846065940777,0.23360511938469797,0.07429568737136112
85,0.0749887122399266,0.06765464079442997,8.089532404926075e-05,0.7135611498032634,0.14371460183833076
86,0.044601200928689355,0.0512444197961211,6.627584991639022e-05,0.814829461744507,0.08925864168076617
87,0.08018716347311391,0.05723321315639821,8.77076881275081e-05,0.7825860439518683,0.07990587173049214
88,0.08874478450316582,0.06533947714349408,3.532549915834021e-05,0.7243190901048977,0.12156132274928402
89,0.05608611953233411,0.04500516295022233,5.7238946167085405e-05,0.8101755689205049,0.08867590965077152
90,0.041056886143258656,0.05159703952841226,0.0001500957190439999,0.6324761120763435,0.2747198665329416
91,0.04120521497326042,0.029549271374339107,8.168676750981719e-05,0.749528337812615,0.17963548907227575
92,0.03705627937359646,0.013563444869820347,2.2758600769949377e-05,0.610541985391416,0.33881553176439727
93,0.08206927881793012,0.030031866627152366,8.4636151935911e-05,0.6468873036702493,0.2409269147327323
94,0.12366074998839266,0.016209747891577315,5.0276891962667454e-05,0.4108209344765794,0.449258290751488
95,0.03733879216934797,0.023925195675206106,9.35921046544107e-05,0.09234879435177142,0.84629362569902
96,0.12315231417891823,0.04439875802853576,3.8449183330360276e-05,0.4463003994671346,0.386110079142081
97,0.3241597774484947,0.040728625262635126,3.3814226186950075e-05,0.30700267292714584,0.32807511013553736
98,0.07469718278694087,0.09105685024987692,9.701225639772545e-05,0.211886793465142,0.6222621612416425
99,0.1481097024195292,0.04754737712360856,3.0570033824879137e-05,0.3765838610183812,0.4277284894046562
100,0.10025292829948304,0.09282069508691929,0.00010329157588897257,0.6085252597348505,0.19829782530285825
101,0.07651586781993805,0.03976847671653802,4.0773045526232196e-05,0.5800944241212661,0.3035804582967317
102,0.08558024064423246,0.0252660871292507,4.405792679920769e-05,0.692589194818637,0.19652041948108057
103,0.06496284306443048,0.015801007803621623,2.2779168979638475e-05,0.794175522166166,0.12503784779680222
104,0.06158701718060971,0.029135450077428106,6.921195535659428e-05,0.38702208874100513,0.5221862320456006
105,0.032504179471168855,0.014499642362858278,1.6984609804198252e-05,0.49020475609229147,0.4627744374638773
106,0.09244824623300547,0.03906535576345331,3.945277942259167e-05,0.49311366756022906,0.3753332776638896
107,0.020806175599425613,0.008026056850858533,1.131206117197829e-05,0.12427764058683849,0.8468788149017055
108,0.26736720551207943,0.0534494572042539,5.364416366195708e-05,0.3348177901266647,0.34431190299334
109,0.17218814706267976,0.05284674381107249,6.18686268140056e-05,0.44906549083761016,0.32583774966182355
110,0.010476343596263107,0.006923859897646951,3.663446460168963e-05,0.019097477946871163,0.9634656840946171
111,0.1356203536883239,0.04941146979987564,5.068177580931152e-05,0.192671897949197,0.6222455967867941
112,0.34905242296121597,0.06901364969832309,7.593730968390743e-05,0.24030732615359446,0.3415506638771826
113,0.1740652254289048,0.0773516242357043,0.00015878513168070336,0.09038492265567487,0.6580394425480354
114,0.07461685708934257,0.027368972854477674,4.092081434327834e-05,0.0675490850204899,0.8304241642213466
115,0.3049075910362268,0.251700846369768,0.0001241581525485399,0.2078822664255725,0.23538513801588426
116,0.0046498314400475,0.01099779678088898,6.283702351438863e-05,0.004591701492475894,0.9796978332630734
117,0.14358533990085445,0.027081226053459907,4.771057879170387e-05,0.0441315935360476,0.7851541299308463
118,0.250086624658596,0.1870952874879747,0.00015627307892557976,0.038453057686027296,0.5242087570884764
119,0.022829023569950285,0.01062027251985617,0.00010559747183040905,0.004702768139998096,0.9617423382983651
120,0.5101321564429896,0.1546604418038857,0.00014135231013419916,0.03938894758933483,0.2956771018536556
121,0.2069861245945151,0.6184951584280164,0.00021768000346571745,0.04048104150415813,0.13381999546984474
122,0.13571093359405603,0.5963869461309179,0.0003668687357600616,0.02335175579037091,0.24418349574889514
123,0.16574535782516692,0.6308320333562697,0.00021976459129437913,0.14071898431148502,0.06248385991578397
124,0.06179108619924713,0.8556125192227562,0.0004837807021401759,0.013784699202333807,0.06832791467352282
125,0.08259387960805736,0.8684021737368158,0.0002289768819561457,0.0120119425362729,0.03676302723689772
126,0.04882080518600992,0.9055995779443002,0.0007079540638905119,0.006230468113110146,0.03864119469268937
127,0.0487325733957698,0.9180671960313642,0.00039929897397208866,0.009820476227232951,0.022980455371661112
128,0.02911860289992379,0.9373446327682559,0.0011985756365176614,0.011737073120947003,0.020601115574355743
129,0.19556077888922097,0.6900514996544592,0.0008868926860594435,0.07043563404704348,0.04306519472321701
130,0.02727811228620268,0.9565922427925797,0.001879462931016506,0.0035932761824894947,0.010656905807711748
131,0.02996055441059863,0.947951110263743,0.0005095754168572553,0.011661509028483815,0.00991725088031744
132,0.02968602670322384,0.9489448764863031,0.0062865336097610355,0.004356786295997152,0.010725776904714806
133,0.045842243720890866,0.8980614243990341,0.0009222804773666597,0.01022776789557093,0.04494628350713752
134,0.02442060501752236,0.963354366448703,0.0017305710982677379,0.006659472298827967,0.0038349851366786783
135,0.2008422284224606,0.7427382594890761,0.0030977793291300055,0.026720558083590567,0.026601174675742554
136,0.02600282211759937,0.9621654035162626,0.002399369331179965,0.0035389074796688316,0.0058934975552894136
137,0.07489934294933412,0.9040336742830751,0.003483646451517328,0.003709462288487905,0.013873874027585631
138,0.02104633056808092,0.97353382808431,0.001194938864228228,0.000956583396842593,0.0032683190865381248
139,0.01860542338760932,0.9703585658305788,0.005808418948592969,0.0007988165906668016,0.00442877524255223
140,0.015667640615186638,0.9783547535861269,0.002322294243792256,0.0008651684631054903,0.0027901430917885908
141,0.019537099710001588,0.96690063407315,0.00828751169910973,0.0007940139069712087,0.004480740610767653
142,0.00903680574594053,0.9694132119425146,0.01801658159347515,0.00038521650867774356,0.0031481842093918047
143,0.004737422463402902,0.9773586460268155,0.014836139183461876,0.00018095144213597117,0.0028868408841837387
144,0.015451260486247276,0.9049503997274432,0.07116479066912061,0.0002626397373402135,0.0081709093798488
145,0.013637064385133785,0.8127028554906798,0.16442160159234429,0.00036838910485767343,0.008870089426984393
146,0.014951411716165664,0.5189904816116466,0.45634215798111594,0.0005102614381134469,0.009205687252958327
147,0.026011395123985193,0.86287676412603,0.10555549554616717,0.000538419328436589,0.00501792587538115
148,0.022273254686903395,0.938693495088038,0.03447020933369981,0.00040805156390672973,0.0041549893274520034
149,0.016821929591295564,0.6439583720164945,0.3334171979061208,0.00033092188217522065,0.00547157860391381
150,0.012707081241453692,0.5872307500056793,0.3928552526577561,0.0002690854353889477,0.006937830659722052
151,0.05293262345126187,0.8170251515715837,0.12060216911371596,0.0003339242098976852,0.009106131653540737
152,0.006158319904225471,0.7128657208446099,0.2760639712893149,0.0003111226177129753,0.004600865344136629
153,0.005439361722094988,0.8958920610806433,0.09538622024138735,0.00030327252332183204,0.0029790844325527726
154,0.009243245846565032,0.5835653905769943,0.4024146069712917,0.0004276368455880458,0.004349119759560891
155,0.013922804284890044,0.7857726392730684,0.19601113322169353,0.0004041429468511009,0.0038892802734968794
156,0.004016858980779054,0.4977703780273947,0.4948457053129535,0.000281396870127792,0.0030856608087447986
157,0.0062354380029406705,0.6859792549952454,0.302811920674215,0.00036797417123496037,0.004605412156363957
158,0.009492645287535618,0.774465227136469,0.21158904203583712,0.0004883994453660231,0.003964686094792083
159,0.0024963784047388913,0.3863731266373106,0.6089041060763029,0.00017438408772239717,0.0020520047939252112
160,0.0007287142028822278,0.15755922340152087,0.8401381628353966,0.00010186713818689268,0.0014720324220134735
161,0.0047909408380913555,0.4221264817714599,0.5686290456326346,0.0003080633952406841,0.004145468362573381
162,0.0011537729940232968,0.2319518193698516,0.7649171262480738,0.00017013387393580905,0.0018071475141154313
163,0.001025503513243686,0.14750818551085948,0.8485935337297523,9.752532904898711e-05,0.002775251917095314
164,0.0020657994838008072,0.35944925075356343,0.6350754291775954,0.00011152764124153568,0.0032979929437988247
165,0.002529876765768807,0.2577916814334167,0.7334210392656321,0.00023672580702579227,0.006020676728156733
166,0.005628698489137594,0.35770563286147267,0.6300765700369756,0.00039238063620643547,0.00619671797620777
167,0.0021189029166025627,0.18655517692181722,0.8084089474316609,0.00024213607228390423,0.0026748366576354135
168,0.005637476095846557,0.26036476998187635,0.7273168479335439,0.0003979170481694045,0.006282988940563713
169,0.0008180410509501498,0.07054477651532806,0.9276086240597682,6.86240196355614e-05,0.0009599343543180527
170,0.001098452757722904,0.07549817940291424,0.9222432882820497,6.496453656094511e-05,0.0010951150207524172
171,0.0014091878621589886,0.07634703635012009,0.9208536228089463,6.770065694012625e-05,0.0013224523218342973
172,0.00028922627998068204,0.040977920845790654,0.9579732807711587,3.293493764562641e-05,0.0007266371654243208
173,0.0002874600684183637,0.03822608932968282,0.9607410399291321,2.311086791947786e-05,0.0007222998048474384
174,0.00024133405761705694,0.031501843007575754,0.9677353262453374,1.9728266965296367e-05,0.0005017684225045072
175,0.00019468760828349503,0.03234756291979903,0.9668808447336477,2.2167767455280478e-05,0.000554736970814486
176,0.0005943439334938496,0.05107160756759773,0.9475535712894988,4.6563998627238703e-05,0.0007339132107823715
177,0.0004006785063859272,0.059664250740639704,0.9389512251952965,8.146607478399235e-05,0.0009023794828939078
178,0.0003576362826814102,0.043535866856195586,0.9553198923533798,5.019778947441341e-05,0.0007364067182688016
179,0.0001355833029243205,0.031326704444461013,0.9680472898668816,2.829572743934741e-05,0.00046212665829368333
180,0.0003303970622528285,0.04801166208993034,0.9507088329195876,5.158547392650697e-05,0.0008975224543028356
181,0.00026086105504417005,0.032703997278625205,0.9665058371068549,3.318981644323284e-05,0.0004961147430324204
182,0.0003879144371623977,0.0430964398657133,0.9559393403517126,5.6321077146516265e-05,0.000519984268265207
183,0.00026334722931900116,0.05702434036076204,0.9417687816794839,3.7847000583737484e-05,0.0009056837298514015
184,0.0002951007479093732,0.044781615617399365,0.9541582312621066,3.5311576543153254e-05,0.000729740796041651
185,0.0004160271279329135,0.04059617348068998,0.9583217468371313,2.071539005142634e-05,0.0006453371641945182
186,0.00024426636400782343,0.03879090637341378,0.960466745645369,3.4982493737289726e-05,0.0004630991234721612
187,0.00011545305484422113,0.04858385430754086,0.9507219284772971,1.8997059862932307e-05,0.0005597671004550425
188,0.00038288824006510577,0.04202776458649008,0.9564200115367946,4.336306124157597e-05,0.001125972575408603
189,0.0008639564438037169,0.07823998013801416,0.9193687423269667,0.000144612058843776,0.0013827090323715425
190,0.0016976377541760607,0.05759319587465831,0.9369566996563513,0.0001369442193226149,0.0036155224954918723
191,0.0009652714643085677,0.059095515987703115,0.9369036944180894,0.00014983401542674818,0.002885684114472214
192,0.004607662294108492,0.15873885010660266,0.8167603770389903,0.0006197312069669642,0.01927337935333167
193,0.07278924079682597,0.06787998458684863,0.006770289692162368,0.0026871952539899682,0.8498732896701731
194,0.25724305034590045,0.6722264542250755,0.004051846595128729,0.005189982316631659,0.06128866651726375
195,0.13161603823793913,0.7935241891398779,0.060411948204666575,0.001075512700776746,0.013372311716739721
196,0.033009881449851966,0.5662054094145745,0.38911421708811583,0.0007575195956872653,0.010912972451770432
197,0.03366144259333745,0.8500253434338297,0.070228310204831,0.0011673801843967886,0.04491752358360498
198,0.05976901580591415,0.9271440248678171,0.005951016835390395,0.002597069402132476,0.004538873088745824
199,0.042930899389347174,0.800642545411574,0.15007174606575585,0.0008880537640748874,0.005466755369248236
200,0.02914307108443632,0.7443496162928878,0.21980967262149936,0.0004178909508097229,0.006279749050366739
201,0.013916827254688789,0.8353054853106058,0.1469211100600398,0.0003756627155703619,0.003480914659095151
202,0.006303409560315259,0.694628134684335,0.291788276276318,0.0003732997611853949,0.006906879717846263
203,0.00759190004240153,0.6669787263163492,0.32151889371782594,0.0005387042588567699,0.0033717756645667363
204,0.002012476615590062,0.33340014698905346,0.6607050949752618,0.0002488047508472177,0.003633476669247453
205,0.003352610983620488,0.3561525108141992,0.6357415157378687,0.0003274237155982993,0.004425938748713261
206,0.0013991204867255028,0.18830150379840208,0.8084451182304464,0.00015250175598720896,0.0017017557284387602
207,0.001982662747005904,0.21749061328413463,0.7779910007623452,0.0002002492062128882,0.002335474000301303
208,0.00027281473069490136,0.044054784918464825,0.9552485957197642,2.0170522203460454e-05,0.00040363410887254015
209,0.00017197516463236887,0.027349487822284847,0.9722148222646628,1.579900147985208e-05,0.0002479157469400603
210,0.00023695315713080815,0.03346639425513442,0.9658902069862166,2.009740990336524e-05,0.000386348191614785
211,0.00017269051514401761,0.0389448495755222,0.9604748798974801,2.2253766811669766e-05,0.00038532624504200466
212,0.00010469974158401492,0.030185349202213173,0.9693486460172158,2.6193363444812638e-05,0.00033511167554193643
213,0.00033850709470399057,0.05326526551974605,0.9456848849689018,6.151058996187335e-05,0.000649831826686385
214,0.00017670913634923487,0.03250804932050553,0.9669150958183651,3.775420096235938e-05,0.0003623915238178106
215,0.00014353831892820768,0.03220075241566436,0.9666758071426198,2.8918568432208143e-05,0.0009509835543554633
216,0.0003511846757977447,0.052391454080454855,0.9463395642952788,7.6684158035906e-05,0.000841112790432771
217,0.0007487971951862935,0.08059045573516976,0.9165752598008563,0.00019686203908274064,0.0018886252297049494
218,0.016438655515690865,0.22651576637550117,0.6487585492088356,0.0005876985515760177,0.10769933034839643
219,0.008071786747029236,0.33815963198675264,0.6434670924365608,0.0002678380680103602,0.010033650761646893
220,0.06467790332791558,0.8772934523521234,0.04045359887022335,0.001221265207031098,0.016353780242706686
221,0.013793104078942223,0.5498225142280893,0.4300958898226347,0.0003187097073493193,0.0059697821629843524
222,0.010547024734697524,0.7476248066050136,0.23800583281894303,0.00023957149079229504,0.003582764350553587
223,0.0038493398401943752,0.7040336186080526,0.288485641934428,0.00021153343990002396,0.0034198661774248905
224,0.003076389870473616,0.3307372930987081,0.6618120409156859,0.0007023946828122795,0.003671881432320249
225,0.0026730010875163084,0.21922018736393195,0.7736594106811268,0.0016804480840612304,0.0027669527833637307
226,0.00192354439406799,0.15183857428415282,0.8401485844212897,0.0027011597279717886,0.0033881371725177746
227,0.003147172274986589,0.19691125686594643,0.7881698062130207,0.006060447928001661,0.005711316718044468
228,0.17905623501535475,0.40602882949062596,0.011512561274213568,0.3181335118983956,0.0852688623214102
229,0.12757266349453592,0.35527808664495386,0.00392853775792634,0.39970604063772963,0.1135146714648542
230,0.141284806586352,0.31330714462569115,0.0011117088018240357,0.4356644900664763,0.1086318499196566
231,0.11580869242217215,0.12850435667699076,0.0003539046048159016,0.6990546795658596,0.05627836673016155
232,0.03170719834536079,0.07279706021542674,0.00013281925660447536,0.8843921789679564,0.010970743214651427
233,0.022179566685487304,0.024760772687170238,4.596549635969803e-05,0.9469951250194347,0.006018570111548016
234,0.009789246177235608,0.04165373872439928,5.935307381605881e-05,0.9418961761655452,0.006601485859003753
235,0.008577551181162428,0.014846656671382494,2.735854305217694e-05,0.9730663367134593,0.0034820968909435894
236,0.008050446712409487,0.024971406290391674,1.2316259927632722e-05,0.9513345467654347,0.01563128397183659
237,0.013679422366935094,0.011971443251457286,1.7350396051224045e-05,0.9699881575886867,0.004343626396869631
238,0.023132972012684223,0.028918103392087818,2.0016154803692908e-05,0.9272536646397099,0.020675243800714158
239,0.06296183237339427,0.017181029831814038,1.9277191406863238e-05,0.8938145144460788,0.02602334615730594
240,0.03421723834140453,0.0220452199652799,2.37653932185855e-05,0.9324030385433707,0.011310737756726317
241,0.03873926718548138,0.03049841074678383,2.9898788922868088e-05,0.9136745474383831,0.017057875840428855
242,0.027325572116187222,0.00838935745133767,9.4595337473227e-06,0.9542173665436017,0.010058244355126244
243,0.024017164475674074,0.12287010353195722,0.00022731338017593027,0.7649133321529636,0.087972086459229
244,0.05047434726492731,0.0122321972405296,2.99529607413241e-05,0.620742101355204,0.31652140117859767
245,0.11550299323983011,0.014345148188539526,3.1914480996675676e-06,0.6999401954702551,0.17020847165327563
246,0.1523394322271424,0.010721327007221459,4.890891651524082e-06,0.801183706540702,0.0357506433332825
247,0.1485079800610383,0.011980365332631247,9.243976305334933e-06,0.7914266757894189,0.048075734840606114
248,0.034545204048622276,0.025272086355832026,1.3038222875092032e-05,0.9074189627323426,0.03275070864032808
249,0.032219747298726724,0.009666827385389837,8.778600788883056e-06,0.928995334951591,0.02910931176350353
250,0.027383459099520877,0.013526481822701013,1.6714691277187798e-05,0.9518525665869182,0.007220777799582682
251,0.010478382271267983,0.005295354279976466,1.4039440519193481e-05,0.9805568634570297,0.003655360551206648
252,0.007630031686018623,0.0040749476771192806,1.917444714337769e-05,0.9846300957819756,0.0036457504077432785
253,0.004274592686180568,0.004452083921875375,1.1301478172213242e-05,0.9887515260134451,0.002510495900326662
254,0.0044401610432265246,0.003198737944442686,1.0526134315238048e-05,0.9870569712025161,0.005293603675499536
255,0.005205087407737376,0.0033782016932401657,1.1112018092028521e-05,0.9890649800549527,0.0023406188259777225
256,0.011935116120953805,0.013474788412101407,1.796193866031842e-05,0.9580648016145995,0.016507331913684982
257,0.014559322842653806,0.005349071646999361,1.6201637420160616e-05,0.971522957537549,0.00855244633537756
258,0.013158916296183458,0.008896420973244609,1.1355053383725282e-05,0.965303215372078,0.012630092305110382
259,0.01424743005930055,0.008152236066631128,1.8952545421956698e-05,0.9706771376877726,0.0069042436408736
260,0.016913845631312804,0.012895577523373853,1.1813490521085598e-05,0.949543482033297,0.020635281321495325
261,0.01473545531068959,0.0030157224691672066,2.037575327524448e-05,0.9803862915526776,0.0018421549141901727
262,0.007005496820821155,0.00413759444277755,1.6395301821893766e-05,0.9862506241451675,0.00258988928941193
263,0.014351947223859421,0.004116074803218651,1.5260925517691084e-05,0.9753021316186551,0.006214585428749081
264,0.009540321650388085,0.0026071826282148213,1.0063648905706633e-05,0.9838205818027259,0.004021850269765504
265,0.017368785187459164,0.007986628119060379,4.485108101094611e-05,0.9523652942434142,0.02223444136905528
266,0.03377077382583972,0.018183902673617146,3.4179573662895045e-05,0.9108537255924091,0.03715741833447105
267,0.00921799206724323,0.017008281103743472,0.0004413901649988208,0.0879708834431412,0.8853614532208732
268,0.03446677746458174,0.06440379620095593,0.0031056746006567154,0.034827213810850584,0.8631965379229551
269,0.05934047559411658,0.07778543680339471,0.00041373653375074244,0.06432335039291419,0.7981370006758237
270,0.10579954040410294,0.04576982968643138,0.00025231303305769574,0.07843811666250416,0.7697402002139039
271,0.21930388636329928,0.2560873202975049,0.00036672077635851633,0.40782873142108633,0.11641334114175099
272,0.007523210183165637,0.01591180613990871,0.0002951772241659631,0.012903114623559144,0.9633666918292005
273,0.4364525520244091,0.12361933156630645,0.0014218020804611048,0.17301410156166283,0.2654922127671605
274,0.10344546545659959,0.14821461260192195,0.0036182332567633135,0.05274931795084227,0.691972370733873
275,0.1861257243297301,0.22514140990284845,0.0006052022807933481,0.028707918593485697,0.5594197448931425
276,0.16105424783919414,0.6999365256302726,0.0005623349121731669,0.10319701456454847,0.035249877053811635
277,0.00424854317450331,0.022629838841955095,0.001248068276859351,0.002732560601733973,0.9691409891049484
278,0.38010627821170845,0.2812416526820177,0.0005807448454031924,0.03224961596115227,0.30582170829971833
279,0.1719270074467058,0.6767261502658711,0.002061072183955122,0.04055744881985497,0.10872832128361297
280,0.0877891300096712,0.28777577388502096,0.00721512248043681,0.013813639481761408,0.6034063341431096
281,0.2766123800788267,0.18956305401028922,0.0003656419215387732,0.37029737823517306,0.16316154575417233
282,0.13661525593981644,0.681124671752151,0.011621637836666995,0.029723474405852806,0.14091496006551274
283,0.10075230813186274,0.8280517314530993,0.0005504070994739092,0.0200856154574629,0.05055993785810113
284,0.07707504025461835,0.8749723361629724,0.0006843712835287978,0.030208185955477276,0.017060066343403027
285,0.049593244475009596,0.9114910734260839,0.0013830731953658748,0.02387271566765985,0.01365989323588091
286,0.053582464749034275,0.7596551827927093,0.005794590953859905,0.023682669084383406,0.15728509242001332
287,0.27321789475247377,0.43663709358212927,0.0009197024797348219,0.12575310982643073,0.1634721993592314
288,0.03209065282821862,0.9190371986166604,0.007364756150445745,0.004846465577437658,0.036660926827237594
289,0.18988875033520083,0.4865277571124555,0.001405896111111975,0.03537399631428325,0.28680360012694844
290,0.02211646919748261,0.9476574289131624,0.0009333387525175543,0.005956517377868999,0.023336245758968366
291,0.004360502388046112,0.022368125308972513,0.0008517496282663056,0.0009251367000177984,0.9714944859746972
292,0.5422810763130133,0.30668426925152203,0.00043396618657161724,0.006484990982396441,0.14411569726649653
293,0.10401429505497238,0.2839783267749398,0.0005598243888939234,0.003651347928995664,0.6077962058521982
294,0.270281146285156,0.6498449723171962,0.0025983369058075515,0.003665182165431911,0.07361036232640836
295,0.0260165877767588,0.9577894997828412,0.004580171571444625,0.0036367399998219075,0.007977000869133517
296,0.019904410482174596,0.9647707781285755,0.0009489464305281318,0.008133933836897743,0.006241931121823996
297,0.056210674479544864,0.905333989160996,0.007111963013215109,0.01883314598087971,0.012510227365364338
298,0.07862486228499424,0.8214853174205836,0.05116689796298249,0.011803466490484653,0.03691945584095527
299,0.09357013993679968,0.8677791943715809,0.0017764941816485525,0.02104007887142524,0.015834092638545575
300,0.041705588870921385,0.9412500865923819,0.0011779972010928638,0.0072379912243973965,0.008628336111206406
301,0.01887879769901062,0.9671438921762244,0.004154840456844166,0.0041832323191661955,0.005639237348754541
302,0.0264145733984704,0.9245152419056826,0.03666795722244575,0.0043319062096760655,0.008070321263725299
303,0.02262670193973894,0.9389120263884192,0.025622746176632766,0.003702995082630733,0.009135530412578459
304,0.05014809991514552,0.9230710103247288,0.0026501411729951355,0.012053837465132455,0.0120769111219981
305,0.01905114533719488,0.9712954694636128,0.002710300731667817,0.002560876512131474,0.004382207955393186
306,0.01394179355807221,0.9775416051093655,0.00201059108082743,0.0027171656069885025,0.003788844644746318
307,0.007212249096379601,0.872735866141859,0.1152936855243988,0.0011969659349746443,0.003561233302387851
308,0.006634920369314509,0.8476598537358186,0.13602753318277386,0.0017585516649101043,0.00791914104718288
309,0.0298548924487782,0.9341031868863926,0.01800846169359195,0.002627640272581972,0.015405818698655253
310,0.01084966647852805,0.9189098700029356,0.06231621792976697,0.00041196935590559524,0.00751227623286388
311,0.027935460208156956,0.9009624720889724,0.06066355381609708,0.0005212762273172302,0.009917237659456266
312,0.02184983903351231,0.8731455418604285,0.09672853665497973,0.00036239542754471036,0.007913687023534805
313,0.0068635173223720106,0.6649311100370919,0.3186719502385936,0.0002396908561068414,0.009293731545835543
314,0.009686690640228163,0.8498247972968728,0.13488030051194447,0.0002712695385499178,0.005336942012404657
315,0.003907612509491221,0.7687843980566191,0.22390559177904698,0.00025597333987078364,0.003146424314972051
316,0.004906942565567947,0.7955092862735722,0.19486188331656953,0.00031867562730598085,0.004403212216984266
317,0.005682881085247232,0.6816867253668961,0.30836585969799607,0.0003915903758116191,0.003872943474049129
318,0.003783005291560385,0.5180335220077728,0.47217427477444385,0.0005344844317881367,0.005474713494434884
319,0.005569276702634393,0.6469892580970346,0.34296109537402486,0.00047724386604347806,0.004003125960262698
320,0.015295612951102188,0.662492588125591,0.30664919669613216,0.00079384557263453,0.014768756654540147
321,0.011960858160441297,0.7888070130091133,0.19052750610986888,0.0009414888546998299,0.007763133865876616
322,0.006233131273886706,0.5767551389857294,0.4055777919809744,0.0005338302935733606,0.010900107465836117
323,0.002412807362533415,0.40184726044094465,0.5898215074471563,0.00028613253901592036,0.005632292210349739
324,0.002195166273641472,0.3390628693947632,0.6546574730884739,0.00025877541525018573,0.003825715827871118
325,0.001054163099463207,0.20854625925183545,0.7883958440166948,0.00014257694125838997,0.0018611566907482011
326,0.0075922132138806645,0.5181191131026608,0.46593860701175066,0.0005520902060332966,0.007797976465674606
327,0.0011105370878030565,0.23717003453462557,0.7578681867195306,0.00018313605518581537,0.0036681056028549605
328,0.0013152915618716732,0.2581813103811104,0.7390451205746343,0.00011759287676885433,0.0013406846056146192
329,0.003809996953930192,0.5003985460983491,0.48849555467934014,0.00042958807490808175,0.006866314193472436
330,0.001849115913353317,0.2695133957991547,0.7250877703955229,0.00038040106639554324,0.0031693168255737905
331,0.003535768102757995,0.3489415755003835,0.642875160874257,0.0003314014394798814,0.004316094083121504
332,0.0014424835160198476,0.2882804031106523,0.7078924636733038,0.00016506063970524927,0.002219589060318852
333,0.0015819055451053944,0.25720134771356173,0.7385242953451763,0.00017231992689295273,0.002520131469263715
334,0.0008897539029932751,0.1535554322519318,0.8433652297435498,9.497055108766626e-05,0.0020946135504375757
335,0.0009205965574495861,0.11420798703103302,0.883685646889789,7.545811800230821e-05,0.0011103114037260883
336,0.002081023504006009,0.30854388377322006,0.686642931476116,0.00018414876953469673,0.0025480124771232156
337,0.0003396759241487287,0.0744789249863701,0.924308079397632,0.00010618459600507284,0.000767135095844239
338,0.004936788542025843,0.2736514612453836,0.7168438105884284,0.0006255134279930298,0.003942426196169221
339,0.00036745180933403434,0.0571646611789636,0.9418325072237259,7.300473173520123e-05,0.0005623750562412323
340,0.006538152885542896,0.21710758669818472,0.7677903615884357,0.00048529433614992364,0.008078604491686745
341,0.003232918477588754,0.336312069762027,0.6577814150196373,0.00018697778429434402,0.002486618956452733
342,0.0009359321537345314,0.19170369203476956,0.8058275976450743,0.0001303243816575588,0.001402453784764114
343,0.0007553365276119255,0.1034581582160582,0.8943059479608422,9.123715289228245e-05,0.001389320142595528
344,0.0022666091913757028,0.2856692505442865,0.7095188737763662,0.00015945179223613654,0.002385814695735416
345,0.0010233414771277148,0.1103624962618631,0.8870657947295774,0.00013235492756504281,0.0014160126038666853
346,0.0010779495625820943,0.15489880604893558,0.8410545422552064,0.00013007434588414385,0.0028386277873917736
347,0.0005848651281501576,0.07793812159039759,0.9203438874228923,8.614508685849615e-05,0.0010469807717014077
348,0.0006719262044112212,0.09113149687003204,0.9071933101521262,7.838821837254773e-05,0.0009248785550578766
349,0.000879195798190152,0.07839201642484661,0.9194730220087071,6.144749824865079e-05,0.001194318270007692
350,0.0012040501953953396,0.11719128913219623,0.8787135968196459,0.00016201054597704494,0.002729053306785596
351,0.0043230000450073134,0.2594280172591984,0.7311929888979625,0.00021677448502063578,0.0048392193128112175
352,0.0012985130960462227,0.11373471186463509,0.8830054434392606,0.00023743949327911267,0.0017238921067789985
353,0.0009441998505302702,0.17743752973300392,0.8196081359687095,0.00019070252358230363,0.001819431924173796
354,0.0004214158672641366,0.11459507751482552,0.8834116288221403,0.0001458339724252079,0.0014260438233447848
355,0.0008281969229526486,0.1901054263399711,0.8068973805877618,0.00022288836645832047,0.001946107782856042
356,0.0007626474478566587,0.17756559956294096,0.819471837402764,0.00016561082477220378,0.002034304761666302
357,0.0006613351770716269,0.12366480177487187,0.8744168435294392,9.267144798859774e-05,0.0011643480706287148
358,0.0008714323313050045,0.1193014174530479,0.878100830774687,0.00011419940516345421,0.0016121200357966537
359,0.0009235627168499369,0.18576618336986694,0.8117057823541319,0.00018065324183516704,0.0014238183173160368
360,0.0012261723012075981,0.19170287123008212,0.8055433295875544,6.951234715885103e-05,0.001458114533997022
361,0.0006811352125365524,0.13983763890204226,0.8581414204296729,8.632740706495598e-05,0.0012534780486832186
362,0.0010778424956760916,0.12393663264903201,0.8731841096870799,5.006366898404509e-05,0.0017513514992280844
363,0.008865304764761507,0.5440413365324068,0.4400845450850821,0.00043086703915680354,0.0065779465785928
364,0.0011203771424856655,0.12046351968947865,0.8769776944306652,0.0001004460613950286,0.0013379626759755195
365,0.0012735402458252157,0.0981326564091245,0.8996629012939005,7.677743371187375e-05,0.0008541246174379371
366,0.001317873541625615,0.08081964989192063,0.9165504093109704,9.449332485688589e-05,0.0012175739306265704
367,0.0002825881360408272,0.05403456512339568,0.9449028168853754,5.090125263530266e-05,0.0007291286025527326
368,0.0004124046494663073,0.09318471809665818,0.9051826029567516,0.0001246483062796597,0.0010956259908442318
369,0.00044460797376564225,0.0731999925560892,0.9253562899365876,3.949662830575012e-05,0.0009596129052517771
370,0.000461352161498728,0.09407009608610617,0.9040478854899554,0.00015413239718572774,0.001266533865253796
371,0.0003210754184530363,0.06913562579373674,0.9289369936337573,6.884305598575076e-05,0.0015374620980671146
372,0.0002661068742632755,0.06439266823228498,0.9325002887853602,8.774820910533998e-05,0.002753187898986105
373,0.0005282534594110545,0.10114730224653073,0.8956695716506029,7.725638715810516e-05,0.002577616256297214
