epoch,N1,N2,N3,R,W
0,0.13121227952168404,0.0012048352184336633,1.8764409032811737e-09,0.0006891170430695894,0.8668937663403717
1,0.09654541737625118,0.0013136142752510867,1.1259828318975915e-06,0.0004461856769576789,0.9016936566887083
2,0.0048215528371377435,0.0005822333100365124,0.00012485675061520233,8.104077446273992e-15,0.9944713571022025
3,0.0005977979216389708,8.467750261837407e-05,2.2472911368144388e-05,7.998733437206033e-05,0.9992150643300025
4,0.05445501528310223,0.000846668301358789,1.7921934289065095e-06,0.004989313481566958,0.9397072107405431
5,0.012739310446044039,0.00020968428770436185,4.2129602063836205e-07,0.0006693383399137028,0.9863812456303173
6,0.17919590620457707,0.0022082250461364227,4.025203046995697e-06,0.007147302446388133,0.8114445410998513
7,0.1110507172796334,0.000251854438604987,1.7856875086716776e-06,0.0012568043086612346,0.8874388382855917
8,0.44401588208716125,0.006717750276198056,2.1781428518159593e-05,0.0034619990248224855,0.5457825871833001
9,0.21167507439187672,0.015506390910233467,2.503766764213668e-05,0.004359964047742314,0.7684335329825053
10,0.2760266340028042,0.26376865279008316,0.0011510971054001751,0.004265468382991047,0.4547881477187215
11,0.06833545756218597,0.6866032799887983,0.025175498788905532,0.010386467278131388,0.20949929638197876
12,0.022914028029541806,0.64055476592608,0.12061769547393093,0.000835275374699173,0.21507823519574798
13,0.00765449772655238,0.003866434987634334,1.8734255523987264e-05,0.0004104852358923473,0.988049847794397
14,0.23469079588619757,0.3685945392858405,0.0010683308469963727,0.016293263290631525,0.3793530706903341
15,0.056847134557209786,0.8445090952665502,0.009643162959751648,0.00041046964476303295,0.08859013757172528
16,0.05861815732748771,0.891335703470531,0.02486454297932443,0.0002530038772773534,0.024928592345379554
17,0.04136050740743632,0.9253495623865743,0.005023969989655149,0.00043093212459705834,0.02783502809173704
18,0.029758587322785135,0.9359821712454602,0.018229601839540865,0.0009332820863071322,0.015096357505906616
19,0.024159145211568308,0.9562031775079488,0.008970446063931273,0.0008965297085504343,0.009770701508001009
20,0.008550964446993891,0.9516467081333831,0.027652466767416114,0.0003116680849697259,0.011838192567237192
21,0.04673876296481079,0.9410687205532424,0.0012393489705637328,0.0018252776501802334,0.00912788986120261
22,0.01708845427911209,0.9721618504700402,0.0036379377022960936,0.000191820272177408,0.0069199372763740444
23,0.021364038440194234,0.9564783940061575,0.011778574865862054,0.0004845953654726217,0.00989439732231354
24,0.008654888797081102,0.96517960451495,0.0205762931615183,0.00021663024642949624,0.005372583280021382
25,0.030948055233703847,0.9538882787504006,0.005187645740212928,0.0011355166257398252,0.008840503649942611
26,0.01809272909206676,0.9632814651281891,0.00972184642067001,0.0004499959617612133,0.008453963397313148
27,0.012049140044747591,0.9788793534639493,0.004149891623437095,0.000356105982107885,0.004565508885758285
28,0.012796831477872183,0.9730675723498726,0.009580912004844271,0.0001748197235448465,0.0043798644438661685
29,0.011190986028301203,0.8713816990638464,0.10816419652363868,0.00017593985754127113,0.00908717852667226
30,0.03509242406049225,0.9325121076445728,0.015770595181513497,0.0004637055745839085,0.016161167538837475
31,0.013900891991182848,0.7264016252162437,0.24318408839319827,0.0005498330830958781,0.015963561316279185
32,0.015917701575122515,0.7253062191161608,0.23867195641414224,0.0008610681515462014,0.01924305474302816
33,0.008658435616353303,0.671211256519553,0.29540735481365776,0.0006487989283151977,0.02407415412212066
34,0.08232715265264923,0.4892352139284067,0.023414096568107213,0.001811611936783464,0.40321192491405333
35,0.054733518128102815,0.7117519015835865,0.0024604696129137808,0.0007282556705897113,0.23032585500480737
36,0.36425344616044497,0.4038878191328128,0.00040017881830166254,0.0019026160111707798,0.22955593987726977
37,0.23017099500144333,0.6788435705098553,0.002025346429753003,0.00017388794053769502,0.08878620011841051
38,0.05156194475400888,0.9187615990750054,0.0070998171275656755,0.00021626248042041547,0.022360376562999655
39,0.034234143843956615,0.8780987773256478,0.06954904875343688,0.00044953870366998814,0.017668491373288627
40,0.06776892818575328,0.393658117597548,0.004889079151349273,0.0005380491413730648,0.5331458259239763
41,0.28875496932521083,0.5871291637104653,0.0011281333184029539,0.0045242486931006045,0.1184634849528203
42,0.22652423696188856,0.7020435420660684,0.00035364349742317167,0.001617596594128982,0.06946098088049076
43,0.026422301924135912,0.9058438754922302,0.04345984433235715,0.00011261942426395874,0.024161358827012744
44,0.03315336342486198,0.9483176372778424,0.00846796828177169,0.0005607971497703226,0.009500233865753547
45,0.01359228703941098,0.8444946060074275,0.12313185534358148,0.00033731356738167615,0.018443938042198335
46,0.15199630242814982,0.3653733307451629,0.0034742365695798164,0.001269827120640782,0.4778863031364667
47,0.12566554535774255,0.807823161760047,0.0015485208768367196,0.002835897892525169,0.06212687411284869
48,0.04316474882968732,0.9265674013481673,0.00652350837283265,0.0010838175368481926,0.022660523912464613
49,0.21361861992206693,0.10371494959079355,0.00023732146670067949,0.0017896463883581332,0.6806394626320807
50,0.02130252710705448,0.9051073368527108,0.055997261194484255,0.0002892178731229249,0.01730365697262748
51,0.16831195070233942,0.3342874646176221,0.0006165787610956406,0.0060844421028599625,0.4906995638160828
52,0.4673331445507166,0.21470285393653224,0.00026642848114191264,0.004572776858523223,0.3131247961730859
53,0.14863054831797884,0.7984590332167567,0.0025902117624668065,0.0020442433136384137,0.04827596338915908
54,0.1852856210931809,0.804961850218533,0.0012471182121658185,0.0003710598419201723,0.008134350634200007
55,0.07539913724349595,0.9073977207284953,0.002651947686383615,0.0002684116673344142,0.014282782674290577
56,0.03430385828145312,0.9551819752009988,0.002608729394663774,0.0003822374210970279,0.007523199701787254
57,0.010135453057369789,0.9081469836020718,0.07847050050941887,0.0001156905597904687,0.0031313722713490716
58,0.006580953862918912,0.9055455503766194,0.08328995832886678,9.575539769903826e-05,0.004487782033895828
59,0.011840057960169341,0.9115859814737608,0.07207941671533201,0.00010238193437468242,0.004392161916363083
60,0.0025703403175586226,0.33282360038335734,0.6598002130237905,5.927140196431284e-05,0.0047465748733290965
61,0.009836582845389089,0.7952195490753917,0.19162824353257002,5.1693580259371966e-05,0.0032639309663899203
62,0.002680691123925973,0.2609091127268198,0.7331642160520305,2.992723386240073e-05,0.003216052863361408
63,0.0017148518916424715,0.29728328066992127,0.6962576863279828,1.674366084788897e-05,0.004727437449605682
64,0.0003386429533884692,0.07064604037607336,0.9274968455874011,7.008911513203571e-06,0.001511462171623906
65,0.000639221252964812,0.05142167711687149,0.9437333336323892,1.75092127853363e-05,0.00418825878498924
66,0.0007286353915781412,0.048983055338113715,0.9472155161711353,1.6398301965393473e-05,0.003056394797207356
67,0.00044566519574599286,0.026301281184084844,0.9713874963370063,1.1279626043851737e-05,0.0018542776571192343
68,0.0004370213565008026,0.06890194158208778,0.9261426718822343,2.2851080814826963e-05,0.00449551409836221
69,0.0007052539249426525,0.13027680579670622,0.8640419164067565,3.7293727455576846e-05,0.004938730144138975
70,0.00033290285575991306,0.043964269967283365,0.9526887573553848,2.12774263098426e-05,0.002992792395262165
71,0.00039508481491151774,0.03172017414374717,0.9653416893904063,1.1436319942564628e-05,0.002531615330992555
72,0.000464399842673017,0.055259472005401496,0.9413439262477314,2.827481706504297e-05,0.0029039270871289735
73,0.0005029863764854849,0.10269706963600304,0.893319949214374,4.491322598371141e-05,0.003435081547153916
74,0.000399042826144253,0.04071056920636527,0.9560483769932921,8.584273708383282e-05,0.0027561682371146684
75,0.0014972326090904342,0.14163692412827578,0.8513072335154441,0.0003088174126234131,0.005249792334566475
76,0.00596786959395301,0.2588121956047012,0.7186155794814904,0.00131953045082151,0.01528482486903407
77,0.024850306395593026,0.770396018153792,0.18026268307626753,0.0045654431811382856,0.019925549193209158
78,0.023621015412675556,0.7790686596732734,0.17324095037608087,0.0053883045904294016,0.018681069947540915
79,0.15667350396666396,0.7756674592759123,0.02176619985550438,0.017460637269318253,0.028432199632600998
80,0.06674801525445292,0.8803415455131176,0.033947332083679525,0.005598534839862482,0.013364572308887396
81,0.08241747809522348,0.8318169616996343,0.06989874100915032,0.0035068354564733524,0.012359983739518559
82,0.05954422027652055,0.9047216101065483,0.01183031526710655,0.004273983983893808,0.01962987036593074
83,0.19548596614188238,0.748091317983007,0.0020326461038630704,0.012707400831475379,0.04168266893977198
84,0.09827980013362868,0.884689879969584,0.0018748424381123667,0.0040365471328240084,0.011118930325850903
85,0.03973961613292551,0.9349653807564998,0.014347201814358888,0.0009098002589654956,0.010038001037250317
86,0.022456777976194303,0.9174294585370292,0.05263143125288096,0.0012688167121776813,0.00621351552171785
87,0.018958797825474015,0.8952092739004134,0.0774261675945571,0.0025534461463628667,0.0058523145331927364
88,0.10909262214902496,0.865969987206801,0.0028487532312278154,0.009125249221146608,0.012963388191799638
89,0.01745602619324689,0.9488563533735521,0.029639591234260635,0.0005093434543667471,0.0035386857445735016
90,0.02222932151197013,0.9072023028258411,0.06718439834971542,0.00030554597702824125,0.003078431335445164
91,0.018031695604426416,0.8163085101899129,0.16218020692542634,0.000196499550627863,0.003283087729606378
92,0.008828665083064322,0.9224052538838347,0.06600248500259748,0.00021491650959243303,0.0025486795209110178
93,0.0010992554127964623,0.366620449744775,0.6283581385414538,0.00012093903026669074,0.0038012172707079916
94,0.014927811111397512,0.8895732193336596,0.0903325197849021,0.00043646624255942745,0.004729983527481344
95,0.0031792885490305087,0.3772257374747523,0.6143178688466521,0.00021825865662758305,0.005058846472937589
96,0.0034446133619659126,0.1897784359794409,0.803141701090639,0.0006632898043486961,0.002971959763605472
97,0.05421286126005833,0.8378974921183808,0.08427896879299436,0.003522971484073684,0.020087706344492764
98,0.027819255135646606,0.6167632653144509,0.33654852533567203,0.00589346513647055,0.012975489077759982
99,0.009877002381374345,0.5797134159338087,0.40087592601095207,0.0032174536529393544,0.006316202020925509
100,0.013102768542860842,0.8364165808280398,0.14028145652229357,0.003612707786546142,0.006586486320259532
101,0.01694145360470077,0.6900932885090227,0.25320714742193684,0.02615805454332956,0.013600055921010028
102,0.13671192197541204,0.6130488132818895,0.005564668234872274,0.2261575744089432,0.018517022098882886
103,0.14280423945708448,0.5611788383470286,0.0013668306856877957,0.2796963899721665,0.014953701538032575
104,0.09743064638344998,0.7396744289918031,0.005233908753020694,0.13285097866513532,0.02481003720659105
105,0.09902818453082758,0.33770976203406733,0.0007557615364401323,0.5127509485466859,0.049755343351978995
106,0.07111670592412898,0.26099083680157864,0.00025753212323373755,0.6370649761156503,0.030569949035408436
107,0.05963148208464316,0.23372598637946532,0.0003222528758176581,0.6887605143483739,0.017559764311699883
108,0.07660474345688163,0.08051809992084245,0.00013820793236351216,0.8236290911450872,0.019109857544825377
109,0.10900734027742681,0.08515045893780845,7.104781377736812e-05,0.7397449834731223,0.06602616949786502
110,0.25314150893555515,0.04050763785849125,7.928150945083482e-05,0.5603044270003177,0.14596714469618513
111,0.40232254349284496,0.09842891789532952,0.00011831996581123806,0.44772320247415776,0.051407016171856605
112,0.16768818639412447,0.20522755435762297,0.00020135528772374399,0.3664657349891462,0.2604171689713826
113,0.23477364067664458,0.14064264177090907,0.0001683149589405345,0.5876401179740338,0.03677528461947189
114,0.1064690057229572,0.029455566268934138,8.00942205271633e-05,0.17683897622872496,0.6871563575588566
115,0.43155228991301314,0.1766512588017474,0.00016393596758838375,0.25124891312880243,0.1403836021888486
116,0.28100728417695126,0.267043396050161,0.00025984530775776695,0.42637183649453503,0.025317637970595018
117,0.5578497370690148,0.07556822482081951,9.917853465510493e-05,0.1012434297481432,0.2652394298273676
118,0.359479533295005,0.1685790243122269,0.00023430822419664575,0.40586719373765456,0.06583994043091687
119,0.30592103590675473,0.18699754911774769,0.0002724686894250591,0.4281248885333557,0.07868405775271674
120,0.2562311831262681,0.3663509494593581,0.0005092077291483491,0.308511609263719,0.06839705042150637
121,0.10978821829810347,0.25569824295921834,0.0005538407495300763,0.6140755416481879,0.01988415634496008
122,0.10883414766284287,0.03232238835210756,0.00010234211434425636,0.6974715556973693,0.16126956617333604
123,0.17516923113407637,0.07223881137964036,0.00010676751775646959,0.5037366315477565,0.24874855842077026
124,0.2169820580583686,0.43927637260829705,0.0010615907640145286,0.18943443515975503,0.15324554340956492
125,0.37929087850296134,0.2777437347947152,0.00040942789409954974,0.14080184604953191,0.2017541127586921
126,0.17301861470751104,0.4354034470558717,0.0011105267144747328,0.2967106956146659,0.0937567159074767
127,0.1547062318778898,0.30629087324926196,0.01303907429770724,0.3325720716584262,0.1933917489167146
128,0.030628618847256855,0.0506013500060309,0.0036300245486790557,0.013965979961839674,0.9011740266361936
129,0.31328263138215734,0.1727997971465368,0.005103911565969361,0.19510724503998797,0.31370641486534856
130,0.30287936527564563,0.22340826960247306,0.0034764453913842977,0.11046479752106934,0.3597711222094277
131,0.3552968028676924,0.23936473206742492,0.004766369581453961,0.15010623047432559,0.2504658650091032
132,0.09224227509586351,0.10375430777574918,0.0005502825730988555,0.09244325149073883,0.7110098830645497
133,0.28359570308622706,0.06378042642195031,0.00022606108511179161,0.4787547402856134,0.17364306912109753
134,0.10863832433517284,0.03414723710520602,0.00010493374545701897,0.2901402472801494,0.5669692575340147
135,0.25449702557475784,0.4147518518313,0.00014442680577707686,0.2087247365282498,0.12188195925991523
136,0.09615923107625869,0.01488377105689592,3.794426431923798e-05,0.11825271395899643,0.7706663396435297
137,0.08341560013001231,0.011611035877468853,2.5408193935226952e-05,0.025878628736253274,0.8790693270623303
138,0.4731709164435585,0.027947132332874915,5.426545219890756e-05,0.06350504224333728,0.4353226435280303
139,0.5155379847232263,0.023048579698282654,4.265371032403747e-05,0.012547174644503493,0.4488236072236635
140,0.408167928601953,0.43591242657495505,0.00037223560135298103,0.02023759961440889,0.13530980960733
141,0.20672937747609818,0.7175485218918807,0.00032513404581476396,0.02568103096710486,0.049715935619101495
142,0.06325840365088135,0.900447694995911,0.0013688392845640554,0.00627079590798765,0.028654266160655792
143,0.1410223039889493,0.8069759062019628,0.00022524095614436535,0.03205348946736851,0.019723059385575177
144,0.03249267780112553,0.9551916073769794,0.00022050229270141063,0.006035674404007224,0.006059538125186274
145,0.03022202944191798,0.9485674403083861,0.012012065362600109,0.0020987234011816047,0.0070997414859142694
146,0.014789188142897201,0.974995848238475,0.006815794915755354,0.001621350986124544,0.0017778177167479786
147,0.10274465315506291,0.8545149047241968,0.0008920665390982988,0.01126579275898862,0.03058258282265351
148,0.04704598638975072,0.939507768751184,0.0007367171288580443,0.008069659289218798,0.004639868440988346
149,0.09292143545511841,0.8954172442317104,0.0010485804311354725,0.005706989907599885,0.004905749974435785
150,0.017252007179219445,0.9483908935694991,0.027916022260792674,0.0011752023017724284,0.005265874688716107
151,0.07984975887736126,0.9050996472292643,0.0038470266217710864,0.00662752743546052,0.0045760398361429115
152,0.07041068920452175,0.9180580908016375,0.003135924243009741,0.0032985429406470553,0.005096752810184091
153,0.055758746474791794,0.9367300836854122,0.001986980050387816,0.002834754475310216,0.002689435314097857
154,0.022025946410673417,0.9665205046168089,0.007155694182768693,0.0005455082261811435,0.0037523465635677052
155,0.2509385535869848,0.73268947837174,0.0014082886754509514,0.007112099832224776,0.007851579533599239
156,0.012000460074936043,0.9801991084255874,0.005402222406766588,0.0003300089424799975,0.0020682001502297944
157,0.010789919425794811,0.8665028448305808,0.10852466201114172,0.0003433641925384003,0.013839209539944374
158,0.030288838670554225,0.8731728285732003,0.07814653708864566,0.0007497358825298546,0.017642059785069778
159,0.010251074761551189,0.6822088165033874,0.3027343127700167,0.00035297518657963304,0.00445282077846506
160,0.004830098653970308,0.5829931728124494,0.4079071052097135,0.00023907639966704177,0.004030546924199635
161,0.005689794638989323,0.3609018761890311,0.6290262678097273,0.00032572910492824987,0.004056332257324222
162,0.001362642196060098,0.19605030324873632,0.8004499501519113,0.00010323150400494681,0.0020338728992872488
163,0.00233617663395025,0.2775120786752774,0.7166626321529624,0.0002683385169705908,0.0032207740208392206
164,0.001102202969493561,0.12198400700717132,0.8754216678998727,8.506163402113256e-05,0.0014070604894410985
165,0.001445567878885399,0.13225116265079787,0.8632794655406156,0.00014292992851335434,0.0028808740011876523
166,0.0006009502781874678,0.08010274003181479,0.9183971230256,6.325191871798909e-05,0.0008359347456798889
167,0.0009021030389634908,0.09369194029631159,0.9037423263534966,5.1267649105880234e-05,0.001612362662122502
168,0.0008768703393727088,0.038980960807716146,0.9592683397769287,4.8077483969338354e-05,0.0008257515920130249
169,0.0016105238684315046,0.10888121493130512,0.8859086729332092,0.00012658297727833262,0.0034730052897758864
170,0.0012613469297122887,0.0425674033493952,0.9520318734450878,0.00011228204837365123,0.004027094227431156
171,0.002241383640681464,0.028833538602841196,0.9589180160742705,8.784120532356666e-05,0.009919220476883164
172,0.003479135523736646,0.05022492587529193,0.9326850530023832,0.000137090392029776,0.013473795206558392
173,0.007411570691672253,0.0568703903240528,0.9231678302621038,9.250331443675051e-05,0.01245770540773444
174,0.14743571369448924,0.10835592053863638,0.714506976955927,0.0002496155677226995,0.029451773243224778
175,0.004078730099294594,0.044785107542994564,0.9386760976908697,7.411051528158488e-05,0.012385954151559474
176,0.013196892891486959,0.15004156944044036,0.8181327597473929,0.00021558655264089543,0.018413191368039056
177,0.09469090826560288,0.12792408833499488,0.760405190360286,0.00013475396125471395,0.016845059077861515
178,0.0033320916630436384,0.08564733455061746,0.9042293847809386,6.93582347816547e-05,0.006721830770618737
179,0.0026751231693397967,0.0800736488305914,0.9154747675573147,8.489188172087613e-05,0.0016915685610333156
180,0.004591195115050684,0.07150160050271616,0.9141958226480912,9.200571544784601e-05,0.00961937601869398
181,0.002253877482961842,0.07549902565048282,0.9193388969849958,0.0001384310551390333,0.002769768826420644
182,0.0005564294480621189,0.05066651949523434,0.9478488840496339,5.1464134925705774e-05,0.0008767028721440124
183,0.0006699598564301559,0.05431194370750094,0.9437927024523647,4.265689867795036e-05,0.0011827370850264064
184,0.0001257507782252319,0.017241266308569574,0.9820621284054981,1.0504806445841793e-05,0.0005603497012612074
185,0.00013380754675889722,0.02353535551855704,0.9756446687513819,1.4364374251613275e-05,0.0006718038090505042
186,0.0005029028509648383,0.04083112157426949,0.9542797497968809,2.432032712159786e-05,0.004361905450763138
187,0.00023634116661655526,0.03051399829223008,0.96828364599148,2.3924831660034127e-05,0.0009420897180133779
188,0.0003180846159461047,0.05414056242166166,0.9443541764267052,4.614227267100514e-05,0.001141034263016168
189,0.00011925907040305638,0.032411175412964136,0.9669611208097381,3.007984683114578e-05,0.00047836486006355315
190,0.0004186093380098349,0.04081249469312079,0.9573579144541555,6.154522715749427e-05,0.0013494362875565496
191,0.0002120060716595518,0.04113143317698278,0.9578961812159505,3.724914438411558e-05,0.0007231303910230196
192,0.0002275359786187332,0.04579258352724693,0.9532100337193434,3.553771187620476e-05,0.0007343090629147612
193,0.00012634148598446478,0.03428990403502876,0.9651040456104301,1.7050755903532538e-05,0.00046265811265330114
194,0.0008792195781694753,0.1420723861206153,0.8552095005639001,8.923810958234423e-05,0.001749655627732792
195,0.0002692438750695138,0.044430956788537236,0.9544108558475295,4.131234157220741e-05,0.0008476311472917951
196,0.00045761291145450723,0.0735933161082529,0.9249506157550343,6.697045179954812e-05,0.0009314847734587193
197,0.0002838452543679401,0.05096595673130795,0.9476272047129896,7.883928846818134e-05,0.0010441540128663764
198,0.0008928628405501771,0.17696403906398442,0.8193316690932709,0.00036556837800618384,0.0024458606241881662
199,0.0012801838826637327,0.09967661056638942,0.896122044716628,0.0005637570459028516,0.0023574037884161463
200,0.0010179854683956592,0.10207939142674827,0.8944776076272779,0.00034627348369105723,0.002078741993887086
201,0.015702063192871638,0.06830882583397276,0.02731337597781111,0.00433501045922124,0.8843407245361233
202,0.02855678226933487,0.5265057615203264,0.4351417186193031,0.0030262067079463856,0.0067695308830893084
203,0.02192716108971188,0.44271385619858167,0.5204831987762284,0.0034507205155588933,0.011425063419919227
204,0.11986889425752374,0.567424140303307,0.25518023717271593,0.0026084359319294577,0.054918292334523805
205,0.06910729898289736,0.4204220290857597,0.013372269326807112,0.010422376135300495,0.4866760264692353
206,0.1054467602233104,0.7657091448323066,0.013020248599631868,0.01596771109860973,0.09985613524614148
207,0.07668638839358698,0.5057746521087161,0.005752825984858163,0.00487396276320379,0.4069121707496349
208,0.10887007060366069,0.3046090302593876,0.0018322314802523365,0.006291516996684731,0.5783971506600146
209,0.09684087991248069,0.5771976425524777,0.0029213266464151078,0.009681912772004052,0.31335823811662256
210,0.08082340081909123,0.5724930823766745,0.007912594064527814,0.02678956577044417,0.3119813569692623
211,0.06144396539135054,0.4023908885421226,0.003286745640837408,0.03186763467086816,0.5010107657548212
212,0.00858693691908861,0.004550583022686641,8.488623455026938e-05,0.0010539188602272395,0.9857236749634474
213,0.0044789936799194486,0.004779451740768301,3.106668694482971e-05,0.000600011630546729,0.9901104762618208
214,0.0006682191429890331,0.002115692529627779,2.563351643075535e-05,0.00029722789319723184,0.9968932269177552
215,0.0015643758439443135,0.0032649597140183553,1.2904123330913775e-05,0.00029317023961118445,0.9948645900790953
216,0.0012925442903776539,0.0018471996838672767,7.899742111361425e-06,0.00020884904529974913,0.996643507238344
217,0.00128848452733409,0.0022123326232656704,8.245707367069133e-06,0.00016198840499717426,0.9963289487370359
218,0.09234590324695065,0.011841765302522305,9.668443385525202e-05,0.0005187872653160758,0.8951968597513557
219,0.005139500727877942,0.005089882489804216,0.0003103103443852247,0.00014887349268411778,0.9893114329452484
220,0.025932103346135174,0.007625839174396334,0.00010531470540738368,0.0002507742774366316,0.9660859684966245
221,0.019190485495937996,0.001880878377758531,1.8520044533373946e-05,0.00019205323118612143,0.978718062850584
222,0.006173496997066609,0.0003646582090179615,8.420067999949285e-06,0.0002132319908120115,0.9932401927351034
223,0.00342230893963602,0.0011014708337213457,1.2375821984220033e-05,0.00018780096554393396,0.9952760434391145
224,0.0033505002344542396,0.0010820701835968448,1.6575648667672246e-05,0.00030785861270095447,0.9952429953205804
225,0.011424585548629284,0.0054710645576732065,5.553642214322134e-05,0.0011492012666872485,0.981899612204867
226,0.08116589090765866,0.011912861166587898,0.0005644189140836336,0.0030520784339151175,0.9033047505777546
227,0.12885378229568617,0.03046433632339384,0.0007657667892978441,0.019323932522014572,0.8205921820696076
228,0.3941395836325732,0.25218341324001375,0.00399332443305127,0.10714878929318512,0.24253488940117668
229,0.3743519286084123,0.38317342597138565,0.031537177541069106,0.036883107947294914,0.17405435993183788
230,0.07700170511281426,0.4915977645840976,0.013631169160288139,0.01453461331457248,0.4032347478282276
231,0.16913888015328807,0.7801757261862137,0.007368998658544488,0.005941957202138043,0.03737443779981569
232,0.014980114339031826,0.8764104431420853,0.10052267177240767,0.0006203675388731397,0.007466403207601979
233,0.014965566942144225,0.9430724365459187,0.03370285835647731,0.0009796592745347507,0.007279478880925202
234,0.005555303395520501,0.8536146013844869,0.13821193372544546,0.0003619348722869602,0.0022562266222602456
235,0.035461243290857584,0.9537664952711741,0.0058619831594901315,0.0014112908131482334,0.003498987465329939
236,0.009269216874017742,0.862773676655556,0.12161924324549207,0.0009740864051204217,0.005363776819813615
237,0.14606633706517833,0.7957799828701387,0.014000868498222104,0.02018845656069489,0.02396435500576595
238,0.007056802131904879,0.9382436989875204,0.049245749637526225,0.0014588685789988418,0.0039948806640496
239,0.014680088422371953,0.9327481225596553,0.02317578425593661,0.023483922246759426,0.005912082515276851
240,0.06105225616469667,0.8467969983265453,0.002648809524723939,0.0595989358067167,0.029903000177317268
241,0.09077195828239681,0.7224487253287148,0.00084586208924596,0.13990570613832032,0.046027748161322116
242,0.07801737589854864,0.6044009565675146,0.00037030710276370955,0.21722922703056277,0.09998213340061046
243,0.35658921558780204,0.2038900447177363,0.00023086064187467312,0.3836996220704538,0.055590256982133296
244,0.044295469959311724,0.6933688856091442,0.0016877497442691755,0.2415989827444762,0.019048911942798594
245,0.062474545230720435,0.21598943754115146,0.00013126477431632706,0.704257743008129,0.017147009445682728
246,0.021620078703362727,0.01932512925628286,3.638011549734781e-05,0.9450259799191789,0.013992432005678158
247,0.012523231962179112,0.027531827868344988,2.7579393471872747e-05,0.9553844494203592,0.004532911355644882
248,0.047518053953918754,0.00957262778618222,2.8940036838614327e-05,0.9274723720949296,0.015408006128130827
249,0.05361128351363516,0.00828309442302164,2.8203488643272852e-05,0.9260151630987061,0.012062255475993804
250,0.01804215667146189,0.004710202460376064,1.690929691494562e-05,0.9731422522062001,0.00408847936504697
251,0.027334043697710038,0.006913440627507407,2.2825667035432713e-05,0.9546105815771931,0.01111910843055405
252,0.0400788874884567,0.014212405608981757,3.3370967915117265e-05,0.9318823259632057,0.013793009971440685
253,0.01871078539472072,0.0073944268973074635,5.068928645225725e-05,0.9675597109685952,0.006284387452924372
254,0.017238975295071245,0.005222569854433415,1.3597083657180132e-05,0.9685057641045893,0.009019093662248815
255,0.021172568790830074,0.0059052545966188025,3.239526831153341e-05,0.9626952663970331,0.0101945149472066
256,0.01563991866583509,0.0069267605739335375,2.5046288152258517e-05,0.973278389628928,0.00412988484315121
257,0.039708502143757575,0.006171788749340419,1.3212770421235163e-05,0.9246390971865974,0.029467399149883326
258,0.02987473402361747,0.009271668257008798,2.8659846028438737e-05,0.9571334205183006,0.0036915173550444856
259,0.03475728337545685,0.006058309822227155,2.408968723699423e-05,0.9531934580437912,0.005966859071287769
260,0.016330273331829178,0.00425648447091519,2.0698033043705007e-05,0.9769125493517272,0.0024799948124845602
261,0.008342172151596926,0.0037098062121879885,1.2373716001366705e-05,0.9856100457954661,0.0023256021247476276
262,0.01793330962521092,0.007226453131410171,3.78882271461338e-05,0.9716156129514484,0.003186736064784489
263,0.008465702302232647,0.004348087301619683,2.8165555427734407e-05,0.9842459399664233,0.002912104874296643
264,0.014690408957455568,0.0079162038599777,2.3392966689792764e-05,0.9704540674563908,0.006915926759486118
265,0.00998086989368988,0.007766016223754403,2.7831564896116024e-05,0.9802520129647911,0.001973269352868616
266,0.007514128137276614,0.006073977522861639,2.604341723204904e-05,0.984427358822373,0.0019584921002565874
267,0.007190756424797853,0.00545266963214251,1.5547009067891297e-05,0.985029392485386,0.0023116344486059158
268,0.004011623224850933,0.00491571582866829,2.1659765289059443e-05,0.9901138365090639,0.0009371646721278671
269,0.005819419693006193,0.004624070362880847,2.271751650464096e-05,0.987629263796217,0.0019045286313915286
270,0.007292796170289016,0.007303985904696335,1.8666503605219813e-05,0.982971802342203,0.0024127490792062198
271,0.005890479387427863,0.004960268098882448,2.601634971578593e-05,0.9877395427260229,0.0013836934379509486
272,0.0027170778161349847,0.0035791369143660704,1.9114600355647876e-05,0.9929443050605375,0.0007403656086059466
273,0.005841685938470499,0.003381036242485856,1.618907328413248e-05,0.9880239325426002,0.0027371562031593424
274,0.004479236093994863,0.005263317892489648,2.3325856598769924e-05,0.9891914109411,0.0010427092158167746
275,0.004116558371576105,0.006822662547038735,3.1629242983124796e-05,0.9880148659650617,0.0010142838733402599
276,0.003817797653530756,0.004075941385667241,2.3542465752045305e-05,0.9910414667067144,0.0010412517883354065
277,0.0031333039437122165,0.001973943188472441,1.5768471556858596e-05,0.9936841107278125,0.0011928736684461425
278,0.007224346552772591,0.0030255044602724105,2.3705980377193636e-05,0.9849621410203622,0.00476430198621547
279,0.010424208121386022,0.0025175020368447105,2.0675626823522044e-05,0.9828300061374241,0.004207608077521673
280,0.023971928806520326,0.005048828875984625,2.633956940759726e-05,0.9668387858441296,0.004114116903957764
281,0.025218369410863205,0.006648177891959364,4.3801685051689315e-05,0.9648819077778001,0.003207743234325658
282,0.027942995261537353,0.01013632687749581,3.628344159213929e-05,0.9541408676639831,0.007743526755391625
283,0.026323646430226996,0.012752260665487413,3.573802152230979e-05,0.9405491426285646,0.02033921225419874
284,0.04898212513849725,0.029308429522553168,0.0001038144256710856,0.9168600401842212,0.0047455907290573085
285,0.049077547158723575,0.03187963408271872,6.46772805707872e-05,0.912126550420315,0.006851591057672098
286,0.10073122539577054,0.036569534569830614,6.543654792029076e-05,0.8166855779048139,0.045948225581664795
287,0.08106909341636022,0.06733882625344421,7.071489724164902e-05,0.3381121138568217,0.5134092515761322
288,0.14556669178273662,0.06464168755543938,6.749800175673756e-05,0.11303700197441552,0.6766871206856517
289,0.7342182786472591,0.03538746724116374,5.481582864553657e-05,0.09104204197384745,0.13929739630908394
290,0.7247851675788257,0.10820684864954343,8.722094977747135e-05,0.08611977647299686,0.08080098634885664
291,0.2468579776572177,0.642099581940021,0.0005706735126976031,0.05042580169251951,0.0600459651975442
292,0.3491963463383713,0.29455031961511324,0.00018194518348576966,0.2928317345998747,0.06323965426315505
293,0.09864905250660412,0.7850932461008426,0.00020423524738476096,0.08600884105877145,0.030044625086397117
294,0.14722970163847363,0.2405117553975293,0.0002198910961052267,0.1827272005540803,0.42931145131381143
295,0.4455539851813234,0.23868711533831216,0.00018007028960646988,0.242695634589413,0.07288319460134493
296,0.09949494594588733,0.7961501146691661,0.0005276017161821342,0.08379930032336178,0.020028037345402698
297,0.037908951989502365,0.9253137884195735,0.0005381097286643183,0.03315097353093649,0.0030881763313233067
298,0.11264587638236596,0.38386372429858834,0.002853272680544035,0.04419119683853673,0.45644592979996496
299,0.10155829133126365,0.06185758355284934,0.0006363147381803108,0.019437479520160242,0.8165103308575464
300,0.7870065410656744,0.1085722853212416,0.00021333747573040198,0.04778646967280519,0.056421366464548504
301,0.21180956494280917,0.7563559598037891,0.001162867348046316,0.008380706153758886,0.022290901751596624
302,0.28433278765675085,0.6840223882148073,0.0002526318898353609,0.010002822128861461,0.021389370109744933
303,0.03467329420589039,0.9490079245606726,0.0010572677314036394,0.011456952582367149,0.003804560919666196
304,0.156991739658803,0.7589060484546628,0.0006479485668696882,0.03652235159859399,0.04693191172107047
305,0.38839532314330155,0.5176960681031143,0.0004012037203153385,0.048515318450914544,0.04499208658235429
306,0.018608393937387654,0.976323016537142,0.0007753889917058198,0.0025497102073790113,0.001743490326385426
307,0.05871354897954377,0.9302754698431814,0.0015755726084626864,0.0022213196660834356,0.007214088902728482
308,0.035820979177729986,0.9572704378226292,0.0010658594129284652,0.0019359697453405459,0.0039067538413718565
309,0.011231734219547214,0.9845548003564257,0.000897261770971318,0.0020886708058433807,0.001227532847212309
310,0.04701882289906384,0.9422143043121771,0.002056871094220726,0.005152032486800618,0.0035579692077377834
311,0.045391786186239694,0.9417910829315351,0.001658130336604773,0.009615878292056776,0.0015431222535637762
312,0.04681140110328032,0.9347539426984749,0.0027528788092779175,0.011843838704237906,0.003837938684728847
313,0.01031798086615811,0.9856185713997506,0.0009497663040814971,0.002017409102492654,0.001096272327517141
314,0.022315202518744078,0.9723856898954909,0.0018189210855196908,0.001437542940653374,0.002042643559592019
315,0.02607509572286575,0.9657241562748735,0.0034128378088586738,0.001579482627537291,0.003208427565864823
316,0.023294702675997474,0.9679632592547535,0.004394699744076392,0.002015652368063522,0.002331685957109064
317,0.02964421473498648,0.923515391063539,0.04003980799049891,0.0007325931190133368,0.006067993091962423
318,0.043015199246703606,0.9129297274983778,0.03259534880088883,0.0018790642735875868,0.009580660180442199
319,0.022552370111550885,0.8667935817851057,0.08973534397603873,0.0025585345669044625,0.018360169560400402
320,0.021436008645411547,0.8462926958340223,0.10203489157031927,0.0035155985520937483,0.026720805398153052
321,0.10364083890560254,0.578929363185077,0.2870721508208639,0.001302889771630479,0.029054757316825986
322,0.16693757428797426,0.34358561605663673,0.3398889007819828,0.0015710906373108955,0.1480168182360954
323,0.1184734026262434,0.0915313831966391,0.04602650071234644,0.0027203755431552522,0.7412483379216159
324,0.9780913541608297,0.006442624770458337,0.0026568528620853366,5.723793807374446e-05,0.012751930268552883
325,0.15402228141954014,0.6798661055952007,0.09129716855672611,0.00413942869967432,0.07067501572885887
326,0.11615039007079497,0.63895920203587,0.16697303853274378,0.004021527588087924,0.07389584177250338
327,0.24910167914329362,0.4187739753674315,0.027480221412036158,0.004731483455186322,0.2999126406220524
328,0.13436645837234376,0.8086073858006326,0.012542425075686722,0.004288534469949765,0.0401951962813869
329,0.013403505406549322,0.9602619217061553,0.022259370334200074,0.00030015528215919117,0.003775047270936193
330,0.019028807665139622,0.9130626285068554,0.06513521548922309,0.0003814712128596609,0.002391877125922176
331,0.03365290150670678,0.9488422594317375,0.014839984217552117,0.0005930265041870164,0.0020718283398165793
332,0.006630296865698959,0.8210278264111316,0.16981051060483884,0.0005829407317011837,0.0019484253866293728
333,0.0037005049511229194,0.8903393362606932,0.10416010941097996,0.0004890635180376744,0.001310985859166139
334,0.0031274417578283165,0.7323940216102491,0.2625373706656657,0.0003802750174320783,0.0015608909488249523
335,0.0026427254382808576,0.7267163056375168,0.2689417258765882,0.0002779303689575239,0.0014213126786565855
336,0.005834445716743446,0.7603947528257471,0.23044129782495873,0.0006733779570709559,0.002656125675479809
337,0.0009399770924574562,0.3707397564224866,0.6267930838544593,0.00021797272956860213,0.0013092099010280195
338,0.0017715833098562784,0.43280662039954204,0.5629055988095366,0.0001923646544702093,0.002323832826594955
339,0.000870886896347485,0.2565934025382836,0.7408119944223891,0.00020935382627405166,0.0015143623167058592
340,0.0011452945234673745,0.3845770542659668,0.6122392511816287,0.00021226483349416348,0.0018261351954430808
341,0.0017898530460713892,0.2187794770665344,0.7757405141988812,0.0002584285702959056,0.0034317271182170723
342,0.0014980515882432196,0.2520352751787286,0.7417351734227404,0.00027400260287660977,0.0044574972074110505
343,0.0009669674797009663,0.08655680020422014,0.908325714394329,0.00031843871467660966,0.00383207920707351
344,0.004867074233163225,0.8507383978675327,0.13770751037577628,0.0007418030642429947,0.005945214459284833
345,0.0009635198752935249,0.18773707499152742,0.8095036512211621,0.00022684469955677386,0.0015689092124601546
346,0.0009624034888897809,0.19604515290749971,0.8008761582941569,0.00021331559861193135,0.0019029697108416564
347,0.0007222075706502882,0.17363693486020013,0.8244877612539753,0.00020331224959555932,0.0009497840655787342
348,0.0009847788382128981,0.11754060086667446,0.8800390945848755,0.00014403416084880723,0.0012914915493884445
349,0.0007291821032658513,0.0919825323134408,0.9063449092333374,8.336522374538626e-05,0.0008600111262105827
350,0.0005471483693237842,0.16714802339238272,0.8309698077314472,0.00013257463557803228,0.0012024458712684041
351,0.0003369750029536713,0.06837921553344789,0.9306591386551217,6.672743018811357e-05,0.0005579433782886675
352,0.0003944375697795925,0.12187694097302859,0.8768326083445003,7.013589118207093e-05,0.0008258772215094011
353,0.00021977255782773284,0.05289217169390599,0.9463954834213261,3.175860471386735e-05,0.0004608137222265413
354,0.00022411692687048694,0.055717964311824415,0.9434746065049374,3.624524482822986e-05,0.0005470670115394236
355,0.0004567087281911586,0.06998970932292295,0.9286049815797962,7.290294010899556e-05,0.0008756974289807046
356,0.0002203213579326383,0.045987310786768994,0.9533222464800383,2.19027553681299e-05,0.000448218619892141
357,0.0004936002107829801,0.08351812041647194,0.9151834053282717,5.717387079116595e-05,0.0007477001736820582
358,0.00015450905779889498,0.04569442589644858,0.95356812522739,2.915314485169044e-05,0.0005537866735107926
359,0.00022850183868358952,0.09309219025157393,0.9056375764193417,7.128114562506357e-05,0.000970450344775413
360,0.00014392752592988197,0.054329545607808935,0.9447657878492758,7.577826824716265e-05,0.0006849607487381136
361,0.000380012592854992,0.12003063642286338,0.8781164704213285,0.00013434736663844768,0.0013385331963146928
362,0.0007218518934383326,0.19235579343300735,0.8045886577280565,0.000228182838734137,0.0021055141067635504
363,0.0008518629393351513,0.11586870596975311,0.8811615917333622,0.0001328994273746062,0.001984939930174965
364,0.001263113128535069,0.2126018466088771,0.7839812287443487,0.00019760154765937254,0.001956209970579677
365,0.00086263863438925,0.08714079762771064,0.9096620727471273,0.00010570459354693085,0.002228786397225945
366,0.0005129559833837929,0.11878752941827453,0.8793044863409062,0.00010776506205922486,0.0012872631953763814
367,0.0005290670654625081,0.09986638237820081,0.8978774910947283,0.0001573257482960158,0.0015697337133123914
368,0.001072927012107571,0.08440193756541294,0.9118773244614252,0.00021745270671664075,0.0024303582543374063
369,0.001453624900358038,0.10333203911927537,0.8927894596150527,0.00029222859075180333,0.002132647774561958
370,0.001098009672383332,0.11541220551614607,0.8792976412711337,0.00033477052944531704,0.0038573730108915965
371,0.07422664568007699,0.21645356515213815,0.11980640254524835,0.009149475666864564,0.580363910955672
372,0.04950221752511238,0.7189688063830012,0.19295230558366722,0.010901398278959848,0.02767527222925954
373,0.14330576882176901,0.664999001522085,0.08945033061863186,0.02255504718178498,0.0796898518557289
