epoch,N1,N2,N3,R,W
0,0.052150063562111555,0.015557544711269442,6.001679567868333e-06,0.001319522816255991,0.9309668672307951
1,0.0030148049852553815,0.00015723037601805516,8.276747596203596e-06,0.000438016060884158,0.9963816718302461
2,0.008033283943158873,0.0031201158227837783,4.019694165353527e-06,0.00036427535574783457,0.9884783051841441
3,0.00504637466485376,0.00016878065417298634,1.3246807546544702e-06,0.0002708317034956204,0.9945126882967231
4,0.006973871999282763,0.0004828745355203362,1.277524022596502e-06,0.0001367957554846474,0.9924051801856896
5,0.13863680900585063,0.0032594277019360384,5.428374093388046e-06,0.0006128287238428314,0.8574855061942772
6,0.08157790903745572,0.0012201024270371687,6.366099715921482e-06,0.0005054520340872136,0.916690170401704
7,0.006728366569224525,0.000572751159823583,2.8318615285191403e-06,0.0003069246071236822,0.9923891258022995
8,0.016994166749053092,0.0008889610267697752,6.838717519270999e-06,0.0007007603256045704,0.9814092731810533
9,0.13232166781745333,0.0020936841168232943,1.743589298242951e-05,0.0024616912865940603,0.863105520886147
10,0.3272774208451285,0.0027325747976442547,1.7034405953993755e-05,0.005041791993242571,0.6649311779580306
11,0.3437039289062767,0.01915687420523007,2.0212309940400428e-05,0.017594430669017634,0.6195245539095352
12,0.1682269870736568,0.05375898789844727,0.0008370544678103294,0.009768728374109324,0.7674082421859764
13,0.029097809049074292,0.023811739776021718,0.0003605077261359039,0.013726991333176243,0.9330029521155919
14,0.041271180995825385,0.051582621261216446,8.488002978811569e-05,0.02519076110623124,0.8818705566069388
15,0.0013988734883100644,0.0002869124101618757,2.751888928130846e-06,0.00015334894871313104,0.9981581132638868
16,0.018751387799570963,0.0003629327767749677,1.7192962276643705e-06,0.0003104644059504164,0.980573495721476
17,0.017164324824377172,0.005166942984406178,9.963253931174023e-05,0.0018431322461854862,0.9757259674057195
18,0.00031618769056955185,2.9018610083015274e-05,1.7728769651545455e-05,2.0568145875039953e-05,0.9996164967838209
19,0.0009007698848895193,2.1842513914126517e-05,3.2567547484229876e-07,2.966472781535252e-05,0.9990473971979061
20,0.002305544011890923,2.2953211795342385e-05,2.7667063996244134e-07,2.1878543694431998e-05,0.9976493475619794
21,0.0024071193870574504,3.1453774715784856e-05,2.185602638547181e-07,2.1334961399019778e-05,0.9975398733165639
22,0.00025428008014438815,2.054627387031969e-05,4.5729943916694625e-07,1.6006803152398722e-05,0.9997087095433939
23,0.0009020091520495751,1.6668435503890834e-05,1.1888447170204615e-07,1.722333013595169e-05,0.9990639801978388
24,0.0006354221025248756,2.8424227067481463e-05,2.2071012104509983e-07,7.5287495654111055e-06,0.9993284042107212
25,0.0010038991265312277,6.430385973394953e-06,1.1522437895374213e-06,3.878827467172788e-06,0.9989846394162386
26,0.0018392109252772144,5.3543595079092135e-05,1.9589927077289403e-07,1.658878330306773e-05,0.9980904607970698
27,0.0026407755771660412,0.0002333447566558046,8.777811169030995e-07,2.69535006866268e-05,0.9970980483843747
28,0.0007908556154815388,0.00021239522873762982,3.6900199923014856e-06,4.523469920507336e-05,0.9989478244365834
29,0.0013327110854298434,0.0003419468660844969,3.4231315936011423e-06,3.415876317448426e-05,0.9982877601537176
30,0.0014907077040515017,8.462836772699919e-05,2.1828417134901713e-06,1.8544954708505554e-05,0.9984039361317996
31,0.0007868885479039612,4.510414897725872e-05,1.3715873408927403e-05,1.4578352892984826e-05,0.9991397130768168
32,0.007758646010819973,0.00016623129079092254,1.1542153149327078e-06,0.00010628556601077734,0.9919676829170634
33,0.022531556539270158,0.0010477124803947588,5.798245434596061e-06,0.0001886158117825298,0.9762263169231179
34,0.0557924640694808,0.0009570530389528759,7.899188554875328e-06,0.0005140472872687849,0.9427285364157426
35,0.031958472139737334,0.006208120872835122,3.721186078081344e-05,0.0010418015300688987,0.9607543935965778
36,0.024151949919677503,0.009669511328663774,3.052217851226979e-05,0.0017254200280493585,0.9644225965450972
37,0.18965008102220485,0.03664280072627409,4.427498988375196e-05,0.0031431179638698003,0.7705197252977676
38,0.054534362355344895,0.16975222952780894,0.02817872804916237,0.0020021581201141985,0.7455325219475696
39,0.014937347675757435,0.2045017204255951,0.0047063785645025955,0.0016288879835924092,0.7742256653505525
40,0.00024505837946545703,0.0005547335031056797,0.00018943717025606102,4.971318567639396e-05,0.9989610577614964
41,0.0009575770954438896,0.00034715472060108316,2.940079306194639e-06,0.00016973240339390408,0.998522595701255
42,0.024304664214636472,0.0005588592722315875,3.1646587623701975e-06,0.0001856441549488795,0.9749476676994208
43,0.04589313022119374,0.000668923210129578,1.029030281907588e-05,0.0002661865953619106,0.9531614696704956
44,0.003271064628237413,0.00032390594277329946,1.6131886573371872e-06,0.00013043413919965982,0.9962729821011324
45,0.3805746041590334,0.004830731566772895,2.3417491126680533e-05,0.005435509361029817,0.6091357374220372
46,0.13400337447879812,0.019829113451563025,4.6161265928973484e-05,0.004288911041838602,0.8418324397618712
47,0.15571663495006055,0.10226890854232437,0.00032294798313250024,0.0063253963804923135,0.7353661121439903
48,0.42356259784293404,0.14396671230034136,0.00010292116111970974,0.024727431624976284,0.4076403370706286
49,0.0827772267409488,0.23153772169891884,0.0016508743027087325,0.0046569193302827515,0.6793772579271409
50,0.017414045091333222,0.2943141875429477,0.008872001018563938,0.0012590946896239702,0.6781406716575311
51,0.0005530737262924792,0.0010528648791809083,3.5459176103624895e-05,2.8214966305815734e-05,0.9983303872521172
52,0.004125033867742728,0.0030593151174892062,0.00017941050502137413,9.972753209963637e-05,0.992536512977647
53,0.003161934244716281,0.00041813842477640033,1.0512394782786106e-06,4.215325930480721e-05,0.9963767228317243
54,0.02066263673877817,0.0016264735992790093,4.49237860153445e-06,8.251570788360706e-05,0.9776238815754575
55,0.26648602096795243,0.010796867764504569,1.3962155272446382e-05,0.0002129159531158881,0.7224902331591546
56,0.006476109078813701,0.0022396628098944093,0.00026761395663296033,0.00019939549268155668,0.9908172186619775
57,0.03961615652398672,0.003573733506006887,9.26496251860376e-06,0.00021537408280444746,0.9565854709246834
58,0.015570649443473751,0.002680608913996826,9.368942550062253e-06,0.00018773006076580343,0.9815516426392137
59,0.5559914975371291,0.0067568965491681485,2.7169331026459997e-05,0.000990738915163676,0.4362336976675127
60,0.6756606937278552,0.013189845859830462,2.9985120258734762e-05,0.001804901908968717,0.3093145733830869
61,0.826362222272473,0.033098345390327716,5.719750694220967e-05,0.004211832982407938,0.13627040184784914
62,0.6630107806707287,0.22858165474589043,0.00013649167490061744,0.012438742324951926,0.09583233058352832
63,0.6023794120531255,0.30363853313445044,0.002099600553016632,0.004150733146734765,0.08773172111267287
64,0.038262416792838864,0.8905697941992693,0.05044191336396885,0.0005153160083907347,0.020210559635532296
65,0.04611225762948502,0.9280278826832498,0.010802378972508046,0.0018510179242908144,0.013206462790466266
66,0.041582048165509096,0.754349412509581,0.18065516041465987,0.0015970252338487856,0.02181635367640133
67,0.015569666536733794,0.6014498582740256,0.358475122912216,0.0006074050730765816,0.023897947203947882
68,0.014314879603414663,0.8674006523448244,0.10749464231765841,0.0006514719771025158,0.010138353756999686
69,0.020516220736310275,0.8483150443261082,0.11057913958541281,0.0006698924521905317,0.019919702899978454
70,0.04014036907894913,0.8647033367211533,0.08320190351381582,0.0005627179357201275,0.011391672750361516
71,0.004598384831687817,0.24055337135210983,0.7474754494050383,0.0001777466589605077,0.0071950477522034085
72,0.005126614668065921,0.22623671623138897,0.7558408619701568,0.0001347389130534696,0.012661068217334865
73,0.018478770924016594,0.42089687263780673,0.5433576913894819,0.00039301170149678635,0.01687365334719795
74,0.007365524012878401,0.30314483166399475,0.6744398478208801,0.00046647784818869986,0.014583318654058198
75,0.006249383190128678,0.33719685390760423,0.6451679518407104,0.0003242100947157335,0.011061600966841043
76,0.014846848584190995,0.7315714935211209,0.24452970663037443,0.0005197455185035474,0.008532205745810043
77,0.0030390044055231486,0.21629417907912454,0.7721675677872207,0.0003920940274574877,0.008107154700674104
78,0.002457185363840399,0.08743314045336281,0.9063873610398226,0.00023017636770212462,0.003492136775271997
79,0.004733225772243804,0.2135297502808496,0.7732851041232087,0.0008453048499192219,0.007606614973778451
80,0.004491860867359848,0.24160672072529807,0.7345034021718587,0.0006015796968959927,0.018796436538587424
81,0.15787057893533474,0.792628954841334,0.0165303220738772,0.012212295132354169,0.020757849017099952
82,0.011522358872232945,0.5471636158244817,0.4287658437041493,0.0005035739594774116,0.012044607639658691
83,0.006658999754648124,0.1816414117390512,0.8069212007297423,0.00042862753138743915,0.00434976024517099
84,0.03686397488841207,0.7677049193887491,0.1720175660845788,0.0008908895318611371,0.022522650106398708
85,0.0719331393852676,0.6053697677742196,0.2720230602817644,0.002192476447038741,0.048481556111709706
86,0.015828553567577588,0.2816166247918231,0.6743461742813919,0.0015119801935650193,0.026696667165642333
87,0.009660017584069053,0.3350233026146081,0.6313992685095596,0.001017328077438706,0.02290008321432453
88,0.03749214192217935,0.3515974424472068,0.2850921710296336,0.0035289450343880674,0.3222892995665922
89,0.02697323085736735,0.02249804237743016,0.00019012002284928982,0.001353319940615519,0.9489852868017378
90,0.648679457950181,0.059925115772698885,0.00040601204393133896,0.003955667571530331,0.28703374666165854
91,0.7115433755706534,0.12292822171628533,0.00083966190157421,0.0008946844306399575,0.16379405638084735
92,0.1692494374864617,0.7613759567721109,0.009875309231608174,0.0009707176418488255,0.05852857886797037
93,0.2828022183410443,0.6486049308500897,0.003401914871478918,0.015149726646725752,0.05004120929066136
94,0.0936458798059315,0.8065977686736104,0.02031645899287879,0.005919288965099981,0.07352060356247943
95,0.2817655818515789,0.3166205979061538,0.0031961289887628016,0.006844076941987273,0.3915736143115172
96,0.6728211403248182,0.18615984377807315,0.0003332523194244392,0.03176750548612978,0.10891825809155443
97,0.44577898342203703,0.44186843603426756,0.0008980961097557089,0.006952349654517637,0.10450213477942205
98,0.23359793141902818,0.6465941399335305,0.027801363686052606,0.0027123552950693358,0.08929420966631939
99,0.12231937241159642,0.8033590890628588,0.02427945535704742,0.010742981581651538,0.039299101586845755
100,0.26379240549244704,0.6162781650052529,0.005952816562393686,0.026745124040384427,0.0872314888995219
101,0.024485588114640012,0.8368147561989319,0.08522145855621537,0.003645175494964231,0.04983302163524847
102,0.07546359234521162,0.8451382517084143,0.017970837718876014,0.013835490512559487,0.047591827714938535
103,0.05470828575009473,0.15436286827494944,0.003922660410933767,0.004588539931600887,0.7824176456324212
104,0.4163550924110244,0.1005290417589572,0.00026658085815025624,0.013304168802202254,0.46954511616966593
105,0.40171360953918084,0.3946486461768662,0.0007047815530156384,0.007819693434080614,0.1951132692968566
106,0.20019347852942393,0.636073900283836,0.016794839465151784,0.0027874677077012197,0.14415031401388695
107,0.12317175327245947,0.8058001272454485,0.005671126696200346,0.004603086719447579,0.06075390606644411
108,0.05141048723021002,0.8035900339062738,0.056697510868049306,0.004406291305304932,0.08389567669016204
109,0.11901421957510346,0.14430127276025023,0.0004366777098366948,0.005141086375063519,0.7311067435797463
110,0.30097928735769996,0.5970279393508463,0.0023083897720125317,0.004676756024571681,0.0950076274948696
111,0.47467770929419006,0.4843307532914809,0.005873392467299647,0.0018129810028330807,0.03330516394419639
112,0.138224148823589,0.8475732479935195,0.0078353016089991,0.0004486154256299311,0.005918686148262199
113,0.05216055502929117,0.7659183892687185,0.17451316927171562,0.001094466582150563,0.006313419848124239
114,0.026089956737194057,0.7630754644074946,0.19177701938655972,0.0014716666597121557,0.0175858928090394
115,0.004901927326138052,0.7118858020214259,0.2744436441936668,0.00040623151804543615,0.00836239494072383
116,0.00774322431755983,0.5903792308819945,0.39237391910845015,0.00047927086771097426,0.009024354824284498
117,0.0032743284900728534,0.1760571961991624,0.8155068344091063,0.0002424665402692263,0.004919174361389224
118,0.016451852721774702,0.7377999159874293,0.2309019397761595,0.0008393152861021051,0.014006976228534392
119,0.0015571859291292453,0.1062622898506603,0.8875342104101431,8.562606086011036e-05,0.004560687749207187
120,0.0019704400595904658,0.11663280452949637,0.8742721331291641,6.793311299317035e-05,0.007056689168755861
121,0.0014281823919984834,0.15920528519991883,0.836240971112035,5.082621520744611e-05,0.0030747350808404505
122,0.0010160834859733868,0.08883767822399607,0.9063933754074819,5.2997614040664026e-05,0.003699865268508071
123,0.0003923018052067375,0.04917546494440643,0.9473442401511246,6.0594466051613476e-05,0.003027398633210681
124,0.0007090879359129394,0.05124255715123233,0.9458621961181636,9.019620936968286e-05,0.002095962585321312
125,0.0005767544820368313,0.06300044486576656,0.9343935672250446,5.4606099216439906e-05,0.001974627327935361
126,0.00045191692514821955,0.053576193495866606,0.9432914546599226,5.2225200704488845e-05,0.0026282097183580556
127,0.00040159414268208746,0.05093410737204704,0.9464109799631121,8.159239605852148e-05,0.0021717261261001725
128,0.005974089743357194,0.12944871021847004,0.8566318804805989,0.0004617063506595878,0.007483613206914512
129,0.05457321231306074,0.5676540943333669,0.3658502982653977,0.0010473752725446742,0.010875019815629954
130,0.0036506398413051755,0.20695088906359224,0.7851441508035207,0.00031684980425396536,0.0039374704873277825
131,0.0036956753268766883,0.11696622328477392,0.8770703170470117,0.0002033687439902379,0.0020644155973475226
132,0.0017767184475011334,0.12724942898525432,0.8676837224304698,0.00019281347881042467,0.0030973166579643338
133,0.0015754620271963247,0.1534740099814259,0.8407783553954199,0.000226747136655505,0.0039454254593024665
134,0.00046115385249276665,0.03391331397364108,0.9647518403338701,7.438084436648288e-05,0.0007993109956294705
135,0.00025887818933191195,0.04527014155114634,0.9526672047027513,6.243922114043694e-05,0.0017413363356300557
136,0.0007998570834484082,0.04696571783573142,0.9502893586715409,0.00011746028204008491,0.0018276061272392847
137,0.0002465909394352378,0.016823274837123304,0.9821114809048498,6.249418146409149e-05,0.0007561591371275632
138,0.00037600198528618504,0.028091701377066337,0.9695830804815407,0.00015130711541274077,0.0017979090406940346
139,0.000925306742703982,0.06888094870630776,0.9196995066505261,0.0004446541014532473,0.010049583799008919
140,0.10337195028429626,0.7223171427121118,0.08357129984735505,0.0052874812667945805,0.08545212588944238
141,0.037789448705611545,0.8255452491432673,0.12253953131960067,0.0009616041234203186,0.013164166708100163
142,0.010272289580527087,0.8817520220035444,0.10346743652868225,0.0005070474789963405,0.004001204408250016
143,0.0228862575095114,0.493182049114521,0.4783421141440216,0.0004097243058628523,0.005179854926083108
144,0.02582619681659372,0.8216509814146153,0.147929182937646,0.0007276442362515104,0.003865994594893395
145,0.0018260265574020944,0.11554428831991767,0.8805887968861386,0.000365275905394766,0.001675612331146926
146,0.04528038213658007,0.6883534561301716,0.25716984915557195,0.0011727147674043743,0.008023597810271963
147,0.002320313146984156,0.15913453351164822,0.8362892193077642,0.00043879535534794634,0.0018171386782553829
148,0.005663878208581275,0.44186100902574826,0.5474255572233431,0.0008276417033562639,0.0042219138389712136
149,0.00156510207235393,0.14119905777596597,0.8533513419250128,0.00015294178088220026,0.00373155644578506
150,0.0018383244865142713,0.1601629175225114,0.8355191164811184,0.00017562535353015624,0.0023040161563256216
151,0.0005014758496143429,0.07230035173688917,0.9256473118198854,6.214342552646558e-05,0.001488717168084686
152,0.00030812071953878413,0.04967518233084884,0.9491811780079256,3.416155115915305e-05,0.0008013573905276385
153,0.0008462778093924861,0.07185944387181492,0.9260241942367001,8.084814641480924e-05,0.001189235935677615
154,0.00022549905924150788,0.02966156520704485,0.9688213345188352,2.0020761730810018e-05,0.0012715804531477687
155,0.00012057147374611465,0.038587835509931376,0.9604483090208029,3.233147884082729e-05,0.0008109525166786124
156,9.81821154353782e-05,0.02025362528491938,0.9791018043391536,2.029403402451514e-05,0.0005260942264669542
157,6.771571371198941e-05,0.01165106589719095,0.9874315072149765,1.3750191209375933e-05,0.0008359609829112523
158,7.827098396671942e-05,0.0111290990125368,0.9882347493782752,1.1443710167462037e-05,0.0005464369150536775
159,0.00012422952598512558,0.02003796502929054,0.9790800177550659,2.7037041866040598e-05,0.0007307506477923929
160,6.631645347128291e-05,0.008574386582625196,0.9909642921210167,1.866899570516499e-05,0.0003763358471818243
161,0.00013614708657972718,0.01802892576508299,0.9812112620659956,2.6731942992856648e-05,0.0005969331393486844
162,0.00017235866315061963,0.025280261600403794,0.9736041148794914,2.9682580430487942e-05,0.0009135822765236087
163,0.00013770153470754636,0.01652993600956533,0.9827954692087394,2.337693545124061e-05,0.0005135163115365082
164,0.00013769064375851708,0.02018666943727308,0.9789090757643163,2.4216459760746682e-05,0.0007423476948913145
165,9.976373700268346e-05,0.012778898663253057,0.9862740076614376,1.940841556556115e-05,0.0008279215227409292
166,0.00010601740551079444,0.015550369942165779,0.9835481466990736,2.063788634922598e-05,0.000774828066900657
167,7.701218894169442e-05,0.01297248720792911,0.9859280236553766,2.7957651325296906e-05,0.000994519296427195
168,0.007463183573802377,0.2742816160927046,0.7123949154808764,0.0014965228758601875,0.004363761976756431
169,0.0004214347176979562,0.03296457889407363,0.9653668469764378,0.0002779607439980333,0.0009691786677924327
170,0.07737579994468068,0.37969561545571384,0.5151032804574707,0.009490881077590458,0.01833442306454431
171,0.005121753831145049,0.24672748944454065,0.7435601709658533,0.0008702235519317561,0.003720362206529156
172,0.0023920193952828486,0.0792401821369321,0.9161963084639698,0.0003704946934699806,0.0018009953103453934
173,0.006217766558487344,0.26312774383066717,0.7259943576826099,0.0010174863854204568,0.003642645542815309
174,0.0025407097659599855,0.10886194267576592,0.8833274779710836,0.0002458735720779562,0.005023996015112533
175,0.0014437835251872367,0.07583208572170294,0.9204430117105139,0.0001135821919160311,0.002167536850680077
176,0.0024863958274243007,0.12765846581653548,0.8653904827189041,9.704473797216118e-05,0.004367610899163829
177,0.0019234833246756357,0.07422297059346815,0.920655126242921,5.861555188048757e-05,0.00313980428705493
178,0.0010261680223998182,0.0792228976734989,0.9169000759088828,0.000153825297817668,0.002697033097400836
179,0.00045092250768234606,0.04079719783892561,0.9577824222927213,3.557013398173336e-05,0.0009338872266890019
180,0.0004699604612342705,0.04039388637884405,0.9560360071904693,5.6246436332900736e-05,0.003043899533119454
181,0.00046353958186735617,0.05635561623333212,0.9396265996994055,8.51624479343687e-05,0.0034690820374604662
182,0.0001724494450733303,0.022802912776105667,0.9762009400597917,2.17313518454804e-05,0.000801966367183733
183,0.00022437637784614587,0.02223923413028104,0.9765421757441921,2.1988463009486186e-05,0.0009722252846712718
184,0.00015177130502499775,0.01932215202874169,0.9796253637393437,1.9953072874936205e-05,0.0008807598540146429
185,0.00017988981072772584,0.05030414699858754,0.9482164945812641,7.481517351184463e-05,0.0012246534359087867
186,0.00018685665817829764,0.02342820440790309,0.9753082528420792,4.0513999943109126e-05,0.0010361720918963852
187,0.00010985633222983032,0.03217588910073986,0.966627801297187,3.6324035471971565e-05,0.0010501292343714599
188,0.0002597434704672679,0.03389628655005103,0.964597778811957,7.520716970143574e-05,0.0011709839978233723
189,0.0007388006037676129,0.12084433627180612,0.875691922178633,0.00026116789894573065,0.0024637730468476003
190,0.0001314348646862869,0.03879075937824775,0.9603623328241555,4.580184958107459e-05,0.0006696710833292964
191,0.0006105210600716029,0.08815177528412933,0.9094962965671917,0.00010977447500317629,0.0016316326136042892
192,0.0001896369948776595,0.031109293430038504,0.9680589464443715,3.323284880792592e-05,0.0006088902819045734
193,0.00014983121000683688,0.030552767394468838,0.9685233025704665,4.491772708177105e-05,0.0007291810979762218
194,6.998520599675462e-05,0.013878217904046614,0.9855289887303483,1.8866212387584152e-05,0.0005039419472207361
195,0.00016918129444140295,0.022406771938657345,0.9766188477489447,3.9169905146041165e-05,0.0007660291128104241
196,0.0001598059876460458,0.028884081774828232,0.9698522221144203,4.755570577744727e-05,0.0010563344173280186
197,0.0003154241789555334,0.056546483229129633,0.941266596008439,9.170630877903425e-05,0.001779790274696933
198,0.0006629591417563706,0.06990174054952679,0.9269377547256563,0.00016518679583966527,0.0023323587872210384
199,0.00020432996069242118,0.040790094373093895,0.9579717267246103,4.1305425312231416e-05,0.0009925435162913853
200,0.00019908798155527524,0.04225659069320919,0.9562219956906775,5.587051461334538e-05,0.001266455119944714
201,0.0003156293527850574,0.08368383366325728,0.9142009104419281,0.00011414795080783656,0.0016854785912218551
202,0.0001310958258093923,0.035583589439978074,0.9627772160855109,4.3138635482724906e-05,0.001464960013218911
203,0.0002746174277326927,0.0444294026640134,0.9535686014395365,0.00016312110116988992,0.0015642573675475706
204,0.00028930138834482695,0.05810950396175553,0.9398058819610406,0.0001778425997217043,0.001617470089137487
205,0.0007563676538662196,0.07208194085750663,0.923409810708698,0.0007722718291804029,0.0029796089507487587
206,0.0007129037661417132,0.07268120892218767,0.9207532239194465,0.0003226449031418334,0.005530018489082269
207,0.002766950165086163,0.11060427528537846,0.870752395525566,0.0025863575896920513,0.013290021434277238
208,0.23743875829744757,0.21657119805791736,0.0018411625429442476,0.06481300541331388,0.47933587568837704
209,0.2983239672659455,0.5277027708792247,0.0023529902406152197,0.034471526274315246,0.13714874533989937
210,0.15611589925996933,0.7458221354940756,0.03630205801638067,0.010840041145589414,0.05091986608398514
211,0.10331494023948849,0.8648239530782555,0.01281590370913407,0.003980210653545812,0.015064992319576176
212,0.09015096040739701,0.8328203423170014,0.011280023179581261,0.03217769921614645,0.03357097487987381
213,0.0395682870641328,0.8964091370559416,0.01835144870657264,0.02193420887543042,0.023736918297922627
214,0.11796804630311569,0.4041685139439197,0.0012103958668536574,0.43558877962839887,0.041064264257712035
215,0.04944877613025285,0.5797696297726052,0.001374708177679601,0.35616333416616947,0.013243551753292865
216,0.06713737385175741,0.7615282663921853,0.005450349415698808,0.1361978387802181,0.029686171560140265
217,0.05238559396779658,0.1251504849723189,0.0017010861565367299,0.23345907359169601,0.5873037613116517
218,0.20106463989999318,0.09366866284591881,8.580979691159061e-05,0.5631492101634166,0.14203167729375998
219,0.5283129039324315,0.11944761284781522,6.319257288803974e-05,0.3185910166601668,0.03358527398669852
220,0.15773864838040771,0.6806493135590067,0.0010694222691348607,0.12363723509659792,0.036905380694852885
221,0.172261765449138,0.15616593479021024,0.0006660069366020737,0.18694011345034797,0.48396617937370184
222,0.4702149554920167,0.06066230040829073,6.216257992710848e-05,0.42211201750999117,0.04694856400977431
223,0.232909385761901,0.38129729889125286,0.00045018280349969157,0.3616790189539839,0.023664113589362438
224,0.41377182107697186,0.41889471681905216,0.00247257527182685,0.14858772954944294,0.016273157282706358
225,0.17748241009371837,0.4040000863753951,0.0007344955693498104,0.3918087503891633,0.025974257572373444
226,0.0387671488472539,0.8301361467193615,0.029520820173306886,0.08875834812353897,0.012817536136538799
227,0.03943309595838765,0.6516291038161299,0.0030706448116264613,0.2871247678738953,0.018742387539960603
228,0.03245434989829571,0.8427764453238333,0.0527086743052331,0.0531108874381051,0.018949643034532643
229,0.08848045488682776,0.661825264775054,0.012146627146726423,0.19454501546760358,0.04300263772378805
230,0.06544271417161224,0.7945472440060253,0.010951642896015103,0.11381430264664794,0.015244096279699202
231,0.021736116928124927,0.9218566956794932,0.008635745429842209,0.04013642039138061,0.0076350215711590485
232,0.07149627649434526,0.7319238778988479,0.003274817752474754,0.17439113429846556,0.018913893555866423
233,0.02813625298644874,0.8954502119305101,0.0019179760222541907,0.06810478606600824,0.006390772994778764
234,0.05316462609288102,0.764563450813789,0.0015353318612525493,0.1640784047634304,0.016658186468647092
235,0.04060581068284518,0.868460644104936,0.005038484686733276,0.07287659886172862,0.013018461663757083
236,0.04602675353663442,0.7533594450183135,0.0009076692811231587,0.17992049995935225,0.019785632204576523
237,0.036820157930400776,0.7894824180183851,0.0017583254977763967,0.1603380726332269,0.011601025920210858
238,0.026570353705896662,0.8127283121628031,0.0046986531752095115,0.14147498029291442,0.014527700663176263
239,0.04607416839736155,0.2961816422419918,0.0004520281400107017,0.6358451638946228,0.021446997326013267
240,0.01927618519326471,0.2691829171047507,0.00014493333286732878,0.7013870791515366,0.010008885217580553
241,0.050182371883799516,0.44396039211106414,0.0010623316880277436,0.48400288519605256,0.020792019121056004
242,0.02538537275051819,0.116573529418038,0.0003235544612128201,0.8528161019975381,0.004901441372692969
243,0.026197322535285457,0.38224737383680935,0.0018147541129924832,0.5726013319926223,0.017139217522290424
244,0.015983114722998137,0.07319579161874765,7.780349139742243e-05,0.9060159462247845,0.004727343942072308
245,0.06816736040101133,0.05355293921180959,5.153792130663995e-05,0.8571955219658365,0.021032640500035997
246,0.0565517459111075,0.038425799459272894,2.9984931180838562e-05,0.8941358914683609,0.0108565782300777
247,0.036503775727133266,0.08335724127838436,5.221017075714613e-05,0.8717282108516,0.008358561972125152
248,0.03454940395791727,0.03078862306950538,2.302103598701931e-05,0.9268093227579032,0.007829629178687118
249,0.026548612465847655,0.010495086656853022,1.1249558900694954e-05,0.9521509999287892,0.010794051389609436
250,0.02698731742623189,0.017360644661724774,1.1938974209885704e-05,0.9504009299387858,0.005239168999047755
251,0.023266237066750437,0.011340693901334227,1.1413574440302606e-05,0.9612228610934573,0.004158794364017591
252,0.02558747654459,0.027714119636672696,1.822341834251922e-05,0.9412835922912267,0.0053965881091682264
253,0.013100307775424048,0.015266929758246015,2.750719499743086e-05,0.9695614357594793,0.0020438195118531316
254,0.016660294201953106,0.02551054640127875,2.461013667334155e-05,0.9553133113747879,0.0024912378853069435
255,0.021278564322332362,0.05744373919848226,5.326384993964775e-05,0.9142678097877805,0.00695662284146535
256,0.010951223017210533,0.02189552328632999,4.579514815375709e-05,0.9644733174394418,0.0026341411088638606
257,0.009352491531735839,0.016885241959009895,3.975168575854997e-05,0.9702899844016636,0.003432530421832084
258,0.014673384302560861,0.015404786978791874,2.2567051338557533e-05,0.9654179429212819,0.004481318746026906
259,0.014354647351081929,0.013610572384893861,1.7763942789424484e-05,0.9645056922967155,0.007511324024519381
260,0.011432176047475403,0.0318166170880185,2.5230364095101457e-05,0.9520861494109291,0.004639827089481974
261,0.018883228197637703,0.060380941198301855,3.412192787866625e-05,0.912490976328671,0.008210732347510723
262,0.018762220818354082,0.005935687057357993,1.4324489355822596e-05,0.9705353211259224,0.004752446509009598
263,0.019547478077350775,0.007348475415068346,9.96719150921144e-06,0.9605972930596582,0.012496786256413485
264,0.0474196645147626,0.009600972214027849,2.4100743427969013e-05,0.9074865711023334,0.03546869142544813
265,0.12819801082658475,0.03327876596946639,3.164595779357275e-05,0.8268390264050617,0.011652550841093777
266,0.240373622779097,0.05296823167415357,4.742568116945826e-05,0.6751882306608121,0.031422489204767666
267,0.06762216331902218,0.310489479756767,0.00016409753025764225,0.6132494756318505,0.008474783762102669
268,0.04469771778289056,0.05719361951939762,8.627061682359932e-05,0.8747965760433982,0.023225816037489997
269,0.04589031283048615,0.2895369635061078,0.00040553007693112903,0.6336490919743551,0.030518101612119736
270,0.0699709517095876,0.37246673702481414,0.0002811200297353163,0.5438320823152948,0.013449108920568156
271,0.02271709569731859,0.8067341491908302,0.0024944664681152175,0.15848694430739724,0.00956734433633881
272,0.033381885662851,0.017003709506569285,0.00019468885052351066,0.08278795327706248,0.8666317627029937
273,0.45503508639457413,0.12462286989788796,0.00021659907279855426,0.35860379150743577,0.061521653127303594
274,0.19491394137993037,0.6676140793006444,0.00043244066567269955,0.10730692664923583,0.029732612004516473
275,0.7417380618900354,0.14180930220358043,0.000106683146593067,0.054336392969810264,0.06200955978998057
276,0.2024751024752885,0.6996913648993017,0.00020031867470666047,0.0882086552291626,0.009424558721540443
277,0.021072153103936533,0.9715863726602242,0.00045980158064817063,0.0041575911860527,0.0027240814691385376
278,0.07932859932860813,0.9003394010017038,0.0016761158674430555,0.010843496376068974,0.007812387426176
279,0.028626929609919416,0.947983743406054,0.002988317495828971,0.017495812040245383,0.0029051974479522634
280,0.02086383159062779,0.944920151760949,0.006046524836496343,0.02428127796629272,0.003888213845634239
281,0.03741209938037646,0.8973299202792859,0.023512205298250627,0.033506078275384994,0.008239696766702104
282,0.02683961736375592,0.9255070205351276,0.019290816823384082,0.02447144575361801,0.0038910995241144297
283,0.16815463747429443,0.8025036588055401,0.0029515900420435046,0.018303820334208826,0.008086293343913153
284,0.033056585231900415,0.9411260384304956,0.006054171879266805,0.016825246007696762,0.0029379584506405323
285,0.018374895198279527,0.9135191147934445,0.05609826870473151,0.009121061315024624,0.0028866599885197545
286,0.030479580083147956,0.94787281941209,0.008105781170874465,0.009169725262767185,0.004372094071120412
287,0.02312664566987679,0.9325547024834182,0.0053630406531425525,0.03475582228416243,0.004199788909400052
288,0.0231465373966436,0.7768381597214812,0.1655165697510804,0.00866536445844704,0.025833368672347878
289,0.05133468350786162,0.8869913871720633,0.016291215350041462,0.030839390147069122,0.01454332382296464
290,0.17389899164296052,0.49703016501627795,0.007210973376563715,0.052649264044878775,0.269210605919319
291,0.5501735096305769,0.08032262124242123,0.00013550139476214512,0.12039522132839557,0.2489731464038442
292,0.4845138919996266,0.3005762061112669,0.00019223326702317399,0.20074363234304493,0.013974036279038395
293,0.3944855717191662,0.4192824978441526,0.0006002053316243037,0.1542695500334732,0.0313621750715836
294,0.5450442100427367,0.03856118787859588,2.6479006430501143e-05,0.2146035752260341,0.20176454784620274
295,0.6717063000280505,0.1195171441365742,6.068771602735485e-05,0.162493723417686,0.04622214470166183
296,0.4332002482955826,0.46688486221610614,0.0007499922137473601,0.0915229086664696,0.007641988608094315
297,0.09030651255445515,0.8942431270780015,0.001288920145253571,0.011600111675161572,0.002561328547128394
298,0.06347613929765146,0.9028307649649967,0.0018020032553581664,0.030123030510259816,0.0017680619717339477
299,0.017484043143069877,0.9473687390403284,0.005864539055913028,0.027210905484851357,0.00207177327583753
300,0.014857741245723328,0.9506982780956907,0.006198191731501086,0.02675015614762936,0.0014956327794555131
301,0.014664730180868252,0.9586375567654777,0.007167357942223667,0.018055588103152737,0.001474767008277864
302,0.012484777617106072,0.9785062213171214,0.0018767695905506458,0.006130170253171521,0.0010020612220503124
303,0.0185405780280434,0.9388625725546657,0.02907534768520062,0.010977817251078426,0.002543684481011836
304,0.0064513628620951665,0.9669929502799645,0.01960674652048695,0.004266833149717998,0.0026821071877353338
305,0.010082879790532167,0.967674325117174,0.015705342893048868,0.004957019974318057,0.0015804322249269344
306,0.0052283829302840435,0.948825415439484,0.039593331137475755,0.004953023032462732,0.0013998474602934315
307,0.012274318888850026,0.9002716568127305,0.07478593358552099,0.009632901706561671,0.003035189006336748
308,0.009796611066614289,0.9221847639718975,0.058994493536715445,0.0065789461155652445,0.002445185309207708
309,0.07226151525837712,0.8902087671295532,0.00469702250858459,0.02091566159438139,0.011917033509103756
310,0.03588632776570882,0.93686989714301,0.00941895961858617,0.013243538276922021,0.004581277195772924
311,0.11579180842997043,0.8295856851425768,0.007114708858318901,0.04081115688596012,0.006696640683173757
312,0.019225614689116825,0.9158495445818232,0.05365828746672887,0.008105049853755064,0.003161503408575916
313,0.01765189562758039,0.9426644885672931,0.01823642583440803,0.016958033419223483,0.0044891565514949255
314,0.10083499851889953,0.861950558623023,0.0014223844084042534,0.021879786889753543,0.013912271559919682
315,0.18764223906628624,0.5844439804930854,0.0004820192281356186,0.21526980940073273,0.012161951811759879
316,0.02691035576868629,0.9529418124036019,0.0016654959662778892,0.016915338342614373,0.0015669975188195183
317,0.05261701044973549,0.9245669909651786,0.0024843449281788704,0.017652908212339256,0.00267874544456775
318,0.023156524189281904,0.9388184535311695,0.010419618717789585,0.02586364043835178,0.0017417631234070943
319,0.0068185692211269935,0.9639296867466858,0.005450306069519797,0.021074576304744862,0.0027268616579226275
320,0.02394641401906129,0.7695031564984036,0.005241176772651623,0.19640718162833107,0.004902071081552317
321,0.024198826794539958,0.5413770549782699,0.00326801330510846,0.4253103844843964,0.005845720437685207
322,0.010123887325671784,0.7756385963470782,0.0032374218712655726,0.20885286466210753,0.002147229793876734
323,0.12487163547135766,0.23475269822903566,0.00016571971086574568,0.5849184105198959,0.05529153606884498
324,0.25047496244058315,0.3319924293848755,9.498358448886324e-05,0.3925706538120163,0.02486697077803614
325,0.19950740122355984,0.653810404215246,0.00013329039619393228,0.13458106823904384,0.011967835925956306
326,0.05142158301703944,0.9236906669829569,0.001621492813468481,0.015873289955071902,0.0073929672314632135
327,0.03979716435788504,0.8354152261767833,0.0009101787557265554,0.11848968654149818,0.005387744168106879
328,0.05292162757095887,0.7982942141258096,0.0015504646464129914,0.13158803299349617,0.015645660663322382
329,0.01958972657016192,0.9446963376035209,0.0010464801302129628,0.0320312086606671,0.0026362470354370977
330,0.09405926058341904,0.044644255230856016,0.0006289282828432825,0.051073938667846396,0.8095936172350353
331,0.5342502658848689,0.3561738872798087,0.0004660447738265862,0.08620536908886292,0.02290443297263296
332,0.06721914388110947,0.9132309694318865,0.0006221448701950227,0.016522970398147718,0.0024047714186614167
333,0.0960007143317571,0.8687654647680603,0.0062180283844819875,0.02146333139631993,0.007552461119380633
334,0.012109013073297432,0.9460687426322508,0.007091140043103533,0.030086618538270812,0.00464448571307728
335,0.01826873895403254,0.9236274689070689,0.016942724627085664,0.030726989212221417,0.010434078299591452
336,0.17348358787363694,0.0775027302310868,0.0002772051415727371,0.493090591581171,0.25564588517253234
337,0.63980202428361,0.11405460007017211,0.00013167134557252592,0.19237062608330344,0.05364107821734205
338,0.42280778467628494,0.49395254089040297,0.000773698579408125,0.05723617969146129,0.02522979616244254
339,0.732859594221892,0.22540145486234578,0.00027934311178404555,0.03568771486427418,0.005771892939704054
340,0.19182305673780928,0.7693286887128526,0.0020828104162487187,0.032581192687373584,0.004184251445715722
341,0.0745102174613932,0.8665625972639478,0.006175813012115509,0.041234474784382136,0.011516897478161352
342,0.02669628996569071,0.9204481565037139,0.011359931191117025,0.03686025735696588,0.004635364982512376
343,0.017013071534155443,0.9527368506145151,0.009077174959114719,0.018436898848309825,0.0027360040439049853
344,0.018442137408088765,0.9253197344186438,0.046927211567234194,0.006042941798635458,0.0032679748073977857
345,0.021326811760656615,0.9569951591998039,0.011606945793826642,0.005646524223335348,0.004424559022377371
346,0.007549647434426693,0.9348909212205969,0.051523869166119986,0.003851426560236368,0.002184135618620001
347,0.019501123065513663,0.913507550212828,0.05690759219451163,0.005230257437900705,0.0048534770892460265
348,0.008601055237985536,0.9657762113675271,0.019629198985500407,0.0032711316792968874,0.00272240272968984
349,0.007070471434204408,0.8857049690203784,0.0995339973787659,0.0021384000047447566,0.005552162161906301
350,0.005969857913555491,0.5986187166261734,0.3914238258537079,0.0014901224663398298,0.002497477140223327
351,0.00823684553489263,0.5714244635364082,0.41187204271898736,0.002116512530842086,0.0063501356788696
352,0.006479246281649962,0.5115994712312509,0.472229368016701,0.0015048774664411714,0.00818703700395691
353,0.011492389898855971,0.7414474398084098,0.24002664980614347,0.0020623376696372207,0.004971182816953521
354,0.005598494988662942,0.5259372497815024,0.46390082579954267,0.0011164355854753395,0.00344699384481666
355,0.011799471567451387,0.9570108380318768,0.0268257003466711,0.0009809721982940666,0.003383017855706657
356,0.0034228931727830307,0.6724268963901378,0.3207037121146733,0.0005190885388395968,0.0029274097835664007
357,0.0019699189025135853,0.7384966942659879,0.25611779604662743,0.0004089270428803029,0.003006663741990905
358,0.003589970532833811,0.7801174981116613,0.21034693524002512,0.0008372136598059425,0.005108382455673786
359,0.001455630583155343,0.2656010919001305,0.7304342766809097,0.00032096478732237675,0.00218803604848226
360,0.0030643638036761296,0.5243933213052548,0.4685824501571856,0.0005901519026075823,0.0033697128312757565
361,0.0012756564207692842,0.37204388522859916,0.6236914430711562,0.0002399670614704283,0.0027490482180049596
362,0.0013947354681933637,0.6366333875711564,0.35820873170597534,0.0003990924606361569,0.0033640527940388305
363,0.0008026443030655879,0.3958590075050803,0.6010746008214317,0.0001793503273240855,0.002084397043098181
364,0.0011031910072240474,0.17872854726901777,0.8168832877028452,0.0003338281797081019,0.0029511458412047964
365,0.0015678841509309677,0.6482652322316671,0.3455133310501565,0.0004983460795194757,0.004155206487726036
366,0.00027854126641803,0.07292249036857962,0.9248841085978249,7.50855934684363e-05,0.0018397741737090254
367,0.0025991023187818827,0.5594482725557136,0.43177045805242786,0.0005144511652369401,0.005667715907839811
368,0.0010747036576915223,0.18648865595368533,0.8085332640593508,0.00021427689717807563,0.003689099432094228
369,0.0023452548185077682,0.30764331518555554,0.6834222713107083,0.0004051511647755575,0.006184007520452841
370,0.0008782819156109528,0.18796428413025776,0.8062849491536537,0.0002161334738975703,0.004656351326579957
371,0.0026166292866667126,0.5365159246662973,0.45657344168414854,0.0005098666872050314,0.003784137675682529
372,0.0025422991210603527,0.2860634923578061,0.7080190432407798,0.0003159241222823239,0.003059241158071326
