epoch,N1,N2,N3,R,W
0,0.0013462696247470386,0.0007838910860875993,1.629711718841195e-05,0.0004356758590722027,0.9974178663129047
1,0.000498406009998642,0.0001370544559138745,1.7706887296755093e-06,0.00020788083372978985,0.9991548880116281
2,0.0003255489775704031,9.079990795513719e-05,8.882663394050057e-07,0.00019081235537974996,0.9993919504927553
3,0.0006064020214823755,0.0001060465825252484,1.2017425281208525e-06,0.00015936674977111635,0.9991269829036931
4,0.002652688286493195,0.00011691319227945425,4.154404375540742e-06,0.0002352050569538359,0.9969910390598979
5,0.15527294157367716,0.0012940447388092504,2.170332980069557e-05,0.0029961762072567527,0.8404151341504561
6,0.1650163164348578,0.0014075349054759273,2.544634217154415e-05,0.009900577795033902,0.8236501245224609
7,0.27992534497485944,0.011317131666483057,6.866954155335079e-05,0.04884846870253709,0.6598403851145671
8,0.2258939501037912,0.01317423276183487,8.213460044647204e-05,0.06423623909625786,0.6966134434376696
9,0.29254981254925083,0.046761252395430206,7.694546781156325e-05,0.08310474160746963,0.5775072479800377
10,0.38063567647024377,0.14128802695176645,0.00033872400208537635,0.22517547464920384,0.25256209792670054
11,0.36919785053083376,0.22350615285118858,0.0012671604114694924,0.2526819658829037,0.15334687032360442
12,0.2477407353126699,0.4319565139356141,0.002865540230670167,0.2437617906763219,0.07367541984472403
13,0.17284962425517295,0.6068301748138379,0.007781123322316959,0.07610925156425988,0.13642982604441223
14,0.3201852498311725,0.05263433092583361,0.00033059880655704173,0.2962581940116899,0.33059162642474693
15,0.35971907042919243,0.24304870316050456,0.0015650790105704684,0.2583614329681208,0.1373057144316116
16,0.34918847690334354,0.21849428860271855,0.0007712763175928136,0.2887657194368126,0.14278023873953244
17,0.18103737557653632,0.6021804047487502,0.003497133638291503,0.17694647554262713,0.03633861049379464
18,0.10195993238639657,0.08462903419848533,0.0021329341798162343,0.08218591335115975,0.7290921858841422
19,0.39261462609089615,0.09617494699138282,0.000657059980396442,0.3780517714918327,0.13250159544549173
20,0.09851216226635548,0.033732154244133145,0.0002805620809185921,0.060984942956556064,0.8064901784520366
21,0.4318410245021592,0.021992623101726456,0.00011680737629443467,0.051026524749423964,0.49502302027039574
22,0.746931046179234,0.04647870433086295,0.0002590726411312381,0.10296552775814537,0.10336564909062647
23,0.44426534673041235,0.45226129871213694,0.0014165707300433897,0.06559182002063174,0.0364649638067754
24,0.5527882158988153,0.2197431822481514,0.0004828203693554721,0.12811844003434134,0.09886734144933647
25,0.17295975795244647,0.7436491751855124,0.006454089714497158,0.051754398088587186,0.025182579058956694
26,0.0426477071021952,0.9102160970668103,0.011444908089397363,0.01378745148865604,0.021903836252941077
27,0.376740831987107,0.34275874006786206,0.0020743465777450045,0.1248308020091134,0.15359527935817252
28,0.2827862299238815,0.4860025653572525,0.0011183790284019998,0.03619402323418206,0.193898802456282
29,0.4088865334223166,0.41144823062859487,0.004404514263653551,0.04176727259489299,0.13349344909054184
30,0.016536143170055098,0.013075645074830259,0.0008288917691009991,0.0004309570523445332,0.9691283629336691
31,0.01689075729905165,0.005162631844076382,2.7646253765354805e-05,0.0008373895937616667,0.977081575009345
32,0.001355000548553102,0.0020635963119867485,0.000222643777650566,0.00019311018510422554,0.9961656491767054
33,0.002244885999671038,0.0002852588610934714,9.596627442140565e-05,0.00026327121662735145,0.9971106176481868
34,0.00487874272512253,0.0004807674204369948,1.6809334786025e-05,0.0006998526541236477,0.9939238278655308
35,0.0023174692688696552,0.0005658853119240313,0.00043795539677847966,0.0004347384506461031,0.9962439515717818
36,0.00026558423701721626,9.487820778150275e-05,6.002528196875026e-05,7.063456790784352e-05,0.9995088777053246
37,0.00045451002349572407,0.00022105387314440628,1.156429215728462e-06,0.00018919789942211483,0.999134081774722
38,0.0016946193479259245,0.0006682291884516974,0.0007040132463365092,0.000192657391547822,0.9967404808257381
39,0.0014465296529913238,0.00033095808181721697,3.820199292303211e-05,4.79471595552261e-05,0.9981363631127131
40,0.0005434568530376022,0.0001221503612398547,3.726891880016527e-06,2.9081949084599697e-05,0.999301583944758
41,0.0006394021502318844,0.00012643054085927072,8.291568602619893e-07,4.274109106193597e-05,0.9991905970609867
42,0.0012638202360508873,0.00020438420131487544,1.3984713423895624e-06,4.9506078366841496e-05,0.998480891012925
43,0.0019607826509710938,0.00027478473548913935,2.236386956788904e-06,8.943853560496501e-05,0.9976727576909781
44,0.0008082886271466247,0.00010606979050692598,3.917233507860922e-05,2.2487431190513555e-05,0.9990239818160773
45,0.002318416468063461,0.00015570574137797758,2.06534819597214e-06,0.00019391720286040045,0.9973298952395021
46,0.0021417951603683563,0.00014066244233656465,2.070065386389805e-06,9.4135820534353e-05,0.9976213365113743
47,0.0008010415671730167,7.545550807689927e-05,8.022096073717387e-07,7.431707796800891e-05,0.9990483836371746
48,0.0064494496125212354,0.0005815960574991219,1.6590557785232162e-05,0.0003086525626883296,0.9926437112095061
49,0.0010470901170986017,0.00019101794524524398,1.27435982312656e-06,0.00011110297719580365,0.9986495146006373
50,0.0026231814146412216,0.001083225570249854,1.4211639344887924e-05,0.00014474305387359313,0.9961346383218904
51,0.0006333498751316306,0.0003042252460908445,2.3184394208783896e-06,0.0001602857069681437,0.9988998207323886
52,0.00249062377221044,0.0002235990752304872,4.342298721185814e-06,9.974165991337811e-05,0.9971816931939246
53,0.0006196364780328941,0.0002847674368185364,1.0007347879895136e-05,8.212570639674023e-05,0.999003463030872
54,0.0010792431356739932,0.0008206930303757255,0.0004444972465478365,0.00016238342383372104,0.9974931831635688
55,0.0036830054175938593,0.0014104420757572443,7.096053622686568e-05,9.447293817627758e-05,0.9947411190322458
56,0.00034957175714024033,0.00025005899115820813,7.081126362245679e-05,1.9890023137824824e-05,0.9993096679649413
57,0.00045458617190728294,0.000504087646122701,8.250775545693671e-05,1.1034017207852449e-05,0.9989477844093053
58,0.00022857019147029718,0.0002267007930652757,0.00014408945487580076,2.9728259448074028e-05,0.9993709113011404
59,0.00016627689281041865,0.0002579463044654682,0.0007582010098862025,2.7237400222939683e-05,0.9987903383926149
60,0.002204836202372265,0.003137973456795406,0.001102737690057981,8.455746278615851e-05,0.9934698951879881
61,0.006101292719620527,0.0008443482932412547,2.601561991540518e-05,0.00010294770045841969,0.9929253956667644
62,0.019145883124021556,0.003205263093987431,3.3840898661245396e-05,9.832414611077722e-05,0.9775166887372189
63,0.004351083179873449,0.001224767421050857,2.130048425688582e-05,0.0012906771483419774,0.9931121717664768
64,0.010445372455165344,0.0029220396796702853,1.2734064406365205e-05,0.0019963189570529824,0.984623534843705
65,0.003028157535777259,0.006633974902711955,0.0024187980726043533,0.0017387501622411902,0.9861803193266653
66,0.0073532535797970295,0.007378242675086209,0.006829368898005448,0.004862440411009531,0.9735766944361017
67,0.003455064332763831,0.006228542156373293,0.002616925348942966,0.0006406503874542175,0.9870588177744657
68,0.02575956895960765,0.0028641849219631856,0.0028156738554177894,0.002439862274306621,0.9661207099887048
69,0.0027102500446104087,0.0010033063395825748,0.0018196731986793513,0.00046434395004480637,0.9940024264670828
70,0.0027935866892731757,0.0005969397765614379,4.738461306618481e-05,0.0010612068636257307,0.9955008820574734
71,0.000613317745592846,0.00017712596676871647,1.1672605562300964e-06,0.0006953624529098235,0.9985130265741723
72,0.0030808811328838946,0.0005951095273322847,5.629531272610387e-06,0.0011737771919340236,0.9951446026165771
73,0.001369863095721291,0.00029297161273760577,6.232413386301657e-07,0.00019032195294372214,0.9981462200972587
74,0.0011295229486249735,0.00023593263302077241,7.835526523531184e-07,0.00025440838797079207,0.9983793524777311
75,0.0010746168223454004,0.00038105125261885464,1.279180734640667e-06,0.00013709650421872023,0.9984059562400823
76,0.002140093644697831,0.0006559488999020934,2.325141893425647e-05,0.00046980885937310984,0.9967108971770926
77,0.0015085254102731858,0.00045017777662523424,1.7598848194356227e-06,0.00032042481962356485,0.9977191121086585
78,0.0018073420058762983,0.0001688535203882395,3.1861089865973802e-06,0.000491535722592901,0.997529082642156
79,0.0008134024258559281,0.0002768674636013187,6.58340815232043e-06,0.00037826747553514935,0.9985248792268553
80,0.001275251459109142,0.0002439583589737349,3.1613968360264468e-06,0.00032418159775968636,0.9981534471873215
81,0.001826904916564431,0.0002645801834992557,2.920869537010855e-06,0.00024093861585325173,0.9976646554145461
82,0.0009477014665026811,0.00017590790816310502,2.50506902824512e-06,0.00019526000910210603,0.9986786255472038
83,0.0025868571302917667,0.0003426218222946965,5.367928868118188e-06,0.0005097980755791174,0.9965553550429663
84,0.0014996830278123526,0.00018555035475773345,2.27926449239381e-06,0.00017500285484505103,0.9981374844980925
85,0.018934862391936876,0.0007604415656357824,1.688708983552908e-05,0.0014232683605577003,0.9788645405920342
86,0.0018910242918535314,0.0002996731137774311,2.574620642092242e-06,0.0005266339386897233,0.9972800940350373
87,0.12265525259071858,0.0028660486634452713,4.483890223833388e-05,0.006002005124255975,0.8684318547193419
88,0.19547249937302288,0.011073242067782324,0.00012318054726603324,0.022272268428935697,0.7710588095829931
89,0.06622496047405863,0.007488240150819418,4.887587750178134e-05,0.022622930219189354,0.9036149932784309
90,0.009512118515623516,0.0027599988278768223,2.0278938685039455e-05,0.02202848211540721,0.9656791216024074
91,0.25615158549139777,0.009358935001205368,7.13297049772428e-05,0.05409891615859508,0.6803192336438244
92,0.49097292729205966,0.037873225804113744,0.00014271143537449604,0.0520068283658073,0.4190043071026448
93,0.510692273523511,0.07403660749768722,0.0005375999406349452,0.08306203407031784,0.33167148496784893
94,0.5343296559446162,0.26888288273881256,0.0016988684184870157,0.09206718747466272,0.10302140542342145
95,0.1676494381570962,0.54795481513116,0.0031955478176727303,0.02856586070033297,0.2526343381937382
96,0.2594866602234634,0.6279918712777041,0.003403476643928187,0.027407923869907095,0.08171006798499723
97,0.23853967287918248,0.2997159050412967,0.0010128943248814003,0.021618079428807828,0.4391134483258315
98,0.09727467605747865,0.811196537328551,0.0032332608925738156,0.005844446911502723,0.08245107880989405
99,0.33807413980661427,0.0683295579102503,0.0004481999122493597,0.021675081505362844,0.5714730208655232
100,0.6118023059568115,0.23604256173352958,0.0013186045400615843,0.009445995321854467,0.14139053244774288
101,0.0224826402390117,0.01757313168667061,0.003840787117401592,0.001175312854380348,0.9549281281025357
102,0.019875630831345952,0.002335179321381902,0.0014677998929882724,0.0007140273864265148,0.9756073625678573
103,0.01345317757209477,0.0036501385943483967,0.000884072724020168,0.0008265320066688887,0.9811860791028678
104,0.4780362762291086,0.050970863741083554,0.0006759023515254397,0.06044377158991434,0.409873186088368
105,0.4251821451026163,0.049665217811117095,0.00028747164659324306,0.026217894190291757,0.4986472712493815
106,0.1983553565755809,0.10603860780467272,0.0018606201657308664,0.019215786842007233,0.6745296286120083
107,0.005866144283365435,0.006129595600588659,0.0014873385816949526,0.001563005830770174,0.9849539157035808
108,0.01887179177227728,0.0023704522638249227,0.0017189732181980397,0.003029129457628975,0.9740096532880708
109,0.003182692048279535,0.0004015024543348931,1.0395561014258566e-05,0.00046464102065061193,0.9959407689157208
110,0.008499015294742123,0.000647255571154715,0.0006953752632017497,0.0004505531030046677,0.9897078007678967
111,0.004176458981796003,0.0012551588112830125,0.00013114202440778306,0.0005876176645718381,0.9938496225179415
112,0.003331693681319446,0.001186284448849097,4.4226581677907845e-06,0.0009652030791268274,0.9945123961325368
113,0.30166434943838194,0.01418287612232505,7.783244944460222e-05,0.01941604051376617,0.6646589014760823
114,0.6345105403993102,0.01620769971110102,0.00013918993523979288,0.024425822092900156,0.3247167478614487
115,0.18095924343250216,0.020358953143800394,0.00013336556357181173,0.11794571871414347,0.680602719145982
116,0.7931637202857628,0.03546792529214217,7.961298971179214e-05,0.07458389209927792,0.09670484933310527
117,0.6661954065110557,0.2578223763328822,0.0004764586407951171,0.053833335530733016,0.02167242298453389
118,0.6894524234360797,0.18614015942593556,0.0001887623954987091,0.05058787799694385,0.07363077674554207
119,0.31555843735794226,0.6539557069730189,0.0012284297014055032,0.017244752852208074,0.012012673115425277
120,0.10643489203486578,0.8680692887862745,0.0027129207649352317,0.019609281802835356,0.003173616611088978
121,0.1611823133181445,0.7918288058964336,0.0020866464139619673,0.04177668945810005,0.0031255449133597035
122,0.05631841422476138,0.9345242621916088,0.0012740134825048168,0.00646866326692206,0.001414646834203029
123,0.03569726453978943,0.9502680803005686,0.0007428656667494937,0.011853607149321465,0.001438182343571072
124,0.0675545151815749,0.9168811346837271,0.005768704586307597,0.007236405913884909,0.00255923963450558
125,0.03354391048174595,0.9511042034075532,0.00997016392520545,0.0017019608557754529,0.003679761329719956
126,0.03607526630020653,0.9561053013176356,0.0031990070453966537,0.0023294054770174747,0.002291019859743814
127,0.02410468804571522,0.939492451276587,0.03398398915076582,0.0006974819416499122,0.0017213895852820535
128,0.029158559587025904,0.9546956476366645,0.012698704632830838,0.0008789223224995934,0.0025681658209792046
129,0.002289982871139524,0.8899084437699927,0.1056798685281376,0.00048401148204341003,0.00163769334868666
130,0.019395091485207155,0.9096812538609891,0.06761268984103119,0.0010734753826436318,0.0022374894301290535
131,0.0100033693227307,0.9635092277899923,0.023699014816692166,0.0012468145209535739,0.0015415735496312995
132,0.0017671917806172924,0.799456104834242,0.1961707945833373,0.0011606033027829375,0.001445305499020321
133,0.14766173571700977,0.8337301574347676,0.009819735464688043,0.003380324414896333,0.005408046968638202
134,0.016402781384993386,0.9516756430448438,0.029237272549606303,0.000910448520475116,0.001773854500081469
135,0.006251877882693817,0.9551350134622001,0.03635403090749266,0.0005050964616446196,0.001753981285969067
136,0.020430459661194708,0.9647704362479793,0.01217680544338303,0.0005668505612451082,0.002055448086197746
137,0.007564593954781055,0.8838568680358506,0.10577405562255979,0.00046262034909780737,0.002341862037710795
138,0.0063052506505745995,0.9645095780080963,0.027123048340939315,0.00023476411034396695,0.0018273588900458884
139,0.0016074226188539096,0.644712382487766,0.352528652987302,8.44744912687261e-05,0.0010670674148093846
140,0.006081005000052437,0.8920779302238534,0.0994739106645579,0.000451822166072746,0.001915331945463413
141,0.004823896216027359,0.8916139829764104,0.10182241405666165,0.0002811505771704825,0.00145855617372997
142,0.002406056540370838,0.9111977421764731,0.08526127546158149,0.00013975479516470705,0.0009951710264098925
143,0.0005515697348841132,0.42225528374695803,0.5767406456191948,2.2728595641360047e-05,0.0004297723033216146
144,0.001651623151792403,0.8140252018544764,0.183302938128999,0.00018578023904681479,0.0008344566256854815
145,0.0004591841403963775,0.6618597283158701,0.3372170901442853,5.9447055143704404e-05,0.0004045503443044117
146,0.000520262742524794,0.5706655741879426,0.4281352852764737,6.761684558291552e-05,0.0006112609474760685
147,0.0007321646352828923,0.5904635560664825,0.4078053905266994,6.693689777050038e-05,0.000931951873764736
148,0.0005942017840682907,0.28029878337873554,0.7182477368547392,0.00010193766877728688,0.0007573403136797803
149,0.0002836544702471268,0.24467006201418576,0.7546281325970874,4.2941907284606644e-05,0.0003752090111949929
150,0.00034494572163748847,0.1794729137920972,0.8197779501043135,2.6569255309255693e-05,0.00037762112664260387
151,0.00038875179979721484,0.32510391583851483,0.673939772978817,5.06233237228211e-05,0.0005169360591480984
152,0.0005812601598118418,0.45142163846396105,0.5473198567136712,7.27259711845911e-05,0.000604518691371181
153,0.0004969792821692407,0.5401411093933631,0.4587858670032403,5.2714279204158854e-05,0.0005233300420230319
154,0.00041536923522439434,0.15375394439545748,0.8453653230228879,3.656290313997093e-05,0.00042880044329024074
155,0.00054163528925534,0.5167455935717509,0.48211574603726776,4.587648039981621e-05,0.00055114862132628
156,0.0002923320081878146,0.45650882565934553,0.5427673591302375,2.6829129964539215e-05,0.0004046540722645678
157,0.0004315223411910602,0.389857174975732,0.609004238958196,3.853709227071523e-05,0.000668526632610309
158,0.0005018461125621594,0.34936852870976237,0.6496475370153172,2.857676565322169e-05,0.0004535113967049671
159,0.00021474596757885657,0.19816054503780306,0.8012012962511024,1.554848656862486e-05,0.0004078642569470743
160,0.0005007168491978752,0.38161253141878093,0.6174878533170063,2.826891535701326e-05,0.0003706294996579574
161,0.0003187086815752245,0.1308776646323557,0.8678839580679957,3.19297486318349e-05,0.0008877388694415148
162,0.00028327717889923773,0.3066516940951923,0.6926179168975587,1.6318140388597345e-05,0.00043079368796134084
163,0.00029800290485612987,0.42070842299180977,0.5785186784855281,2.3653219903371603e-05,0.00045124239790267915
164,0.00033222498964805203,0.2697202095196233,0.7293835465117939,2.7332839715593184e-05,0.0005366861392189273
165,8.549230013692916e-05,0.05341408723580508,0.9462315279026788,1.9288815772925305e-05,0.0002496037456062481
166,0.0004385317408656605,0.3635311489461193,0.6354099184231785,4.976606008765589e-05,0.0005706348297489806
167,0.00013490499325499386,0.2251063149129179,0.7743056430381449,1.434506069520947e-05,0.00043879199498713663
168,0.0003003235881326892,0.309218813993331,0.6900212067747435,4.4377104688772285e-05,0.00041527853910404926
169,7.749328845332203e-05,0.02497382835026794,0.9747119396737749,1.1168379296601814e-05,0.0002255703082071525
170,0.0004480654523454958,0.3521072542221826,0.6468041548487581,5.4117161386714374e-05,0.0005864083153270961
171,8.622547058669378e-05,0.043916087510956346,0.9555740563342127,2.7565514978959512e-05,0.00039606516926530075
172,0.00012191989316748733,0.11789716673553693,0.8814521163690527,3.821657539381148e-05,0.0004905804268491156
173,0.00017534748473236881,0.13242044336895023,0.8666846250603705,6.572046031929013e-05,0.0006538636256276723
174,0.0001478419646863585,0.17945071782695177,0.8198745358452367,2.6263366975042625e-05,0.0005006409961500722
175,0.00028474531779589717,0.11673166734183912,0.8824610395997013,3.328353274459691e-05,0.0004892642079191272
176,0.0005637897488259755,0.359234574509786,0.6394738571776052,4.278557527957374e-05,0.0006849929885032371
177,9.899948444281181e-05,0.17673066618115044,0.8227344626669713,2.1421125531907647e-05,0.0004144505419034895
178,0.00013017915104744264,0.20340182459196673,0.7959787686778714,3.900544780063554e-05,0.00045022213131371203
179,0.0007604303042677514,0.39383302709418694,0.6044413090016273,0.00027880269298369027,0.0006864309069343355
180,0.00019410006510529992,0.21008475632308252,0.7889690999999028,0.00011967034381458138,0.0006323732680947254
181,0.000780753258627215,0.4103529834372993,0.5880108976034781,0.00018280768763857572,0.0006725580129568464
182,0.0004602529541407392,0.17919404048508897,0.8194320001899176,0.00023089775086709404,0.000682808619985541
183,0.000729822584039286,0.43191156270806413,0.5662348192869425,0.00022480962014133636,0.0008989858008127512
184,0.0008414754000912212,0.3836575592143896,0.614294851507049,0.00037186846220941313,0.0008342454162607508
185,0.009469994508532777,0.8221603862666855,0.16425463432434337,0.0014880117388047086,0.0026269731616334986
186,0.005433421716661362,0.8494012456023823,0.14229315845830703,0.000795848243329387,0.002076325979320021
187,0.0033328880864269992,0.8513003493369043,0.14225117253276615,0.0010926273349146985,0.002022962708987659
188,0.03538764794642228,0.9497838105874052,0.00906208413365592,0.0027970550833437634,0.002969402249172747
189,0.0397345866635037,0.9460003261227432,0.006390958609081689,0.003992836715739426,0.003881291888932284
190,0.02002822696624412,0.9568791997395163,0.014116206540112891,0.003907227486947853,0.0050691392671790274
191,0.05904065516156532,0.9303870206374797,0.0033209368445778938,0.0046022642746287624,0.0026491230817482165
192,0.04277439394705093,0.9481502201493193,0.0019106327102409884,0.003793110955632087,0.003371642237756687
193,0.09054540665292102,0.8953239612988144,0.0016921386999952663,0.00799675424494992,0.004441739103319204
194,0.04100583314497249,0.947680728535542,0.0014213543027965622,0.007021445609844747,0.00287063840684421
195,0.06308613851717325,0.9142556143804039,0.0018847201459211017,0.018880643880206948,0.001892883076294906
196,0.015535586380561277,0.9748292618343409,0.004020121236157725,0.004467482514356018,0.00114754803458402
197,0.016790465979727297,0.9705703827128215,0.0031941706466849925,0.006222713993402304,0.0032222666673637876
198,0.01327103019428322,0.9292077370531713,0.036338905196699016,0.017342642668882607,0.003839684886963681
199,0.10339242138909156,0.8192749657322054,0.0024621731704722147,0.07033247354871816,0.004537966159512901
200,0.022826998563419177,0.9265808165290587,0.014888586365178442,0.024818835036628125,0.010884763505715598
201,0.06341438212271995,0.8987923231936914,0.0016110192020360248,0.031558019283359696,0.004624256198192954
202,0.049837485436267974,0.9038421088901586,0.00528952132556034,0.03769639043851768,0.003334493909495426
203,0.1619021344337394,0.7195843276366003,0.002715336669109523,0.10995427936090119,0.00584392189964954
204,0.164138423954951,0.5033590942212693,0.0014454995856918113,0.32472424346449474,0.006332738773593067
205,0.257199659975738,0.28052439991961337,0.0006083581878459267,0.4414755150994517,0.020192066817350987
206,0.22252569585609552,0.33725907991472537,0.0008429506620231139,0.427253772095674,0.012118501471481892
207,0.1300127630159375,0.505647301205159,0.0013121046215398117,0.35670725222341043,0.0063205789339532414
208,0.08834236485926898,0.14654829000537187,0.000261688061962816,0.759039495552161,0.0058081615212353405
209,0.07169004180208222,0.05576926271061384,0.0001429818082303457,0.8640404305353299,0.008357283143743796
210,0.031332983888569296,0.018495768215894316,8.012009842504365e-05,0.9427964600647654,0.0072946677323459394
211,0.04882542457178683,0.02190925001616251,0.00011095092166622355,0.9188210296827531,0.010333344807631362
212,0.10043277481717633,0.036873050884067456,0.00013879936072220606,0.8198609319673272,0.042694442970706965
213,0.08987854560854476,0.01769410024245082,5.1512706283370904e-05,0.8659178195379456,0.026458021904775454
214,0.1092694809703198,0.016890291855789167,8.554439140581655e-05,0.8578095852326342,0.015945097549851003
215,0.10280832356310363,0.06479394382938204,0.0001104752602284018,0.8072996140791622,0.024987643268123732
216,0.0833203900476305,0.04215841233016938,0.00012241525623890486,0.8665946393091762,0.007804143056785106
217,0.143963153476232,0.12769614049147884,0.0004341094683759493,0.7116649448101708,0.016241651753742318
218,0.1335088671822285,0.2159894031905511,0.00040825364897260105,0.6343926334889205,0.015700842489327373
219,0.1694408267018208,0.2782406265158402,0.00024829566365845154,0.5127216590754384,0.03934859204324208
220,0.1926627267956317,0.1561670007130054,0.00026141741342751695,0.6202896711344318,0.030619183943503537
221,0.19138905350017532,0.3730930865847507,0.0004492807399532035,0.4120712458593843,0.022997333315736453
222,0.10408638043015192,0.44493061786294047,0.0009089920520250073,0.43714583517538763,0.012928174479494877
223,0.12089149977780415,0.3354259159677544,0.000543759545202541,0.5245183245716842,0.018620500137554775
224,0.04343645021953521,0.1787903582987549,0.00028919637465039467,0.7731355927271777,0.004348402379881914
225,0.030152470113484684,0.4711585790595559,0.000849842257495125,0.4935591115392571,0.004279997030207371
226,0.03408332189273121,0.06055700325308153,0.00020913058254314152,0.9001642692836889,0.0049862749879553015
227,0.02087340651181862,0.009051479545389674,3.385695821561934e-05,0.9657461723010404,0.004295084683535565
228,0.055074371571390585,0.02169035436160954,7.980645049937275e-05,0.9072575735126089,0.01589789410389159
229,0.14157700832956965,0.08415018390353876,0.00011276189343139863,0.7396600007405625,0.03450004513289764
230,0.13132492073214752,0.026570733797632362,6.298925058343028e-05,0.827158769287348,0.014882586932288756
231,0.17634026754828513,0.013296668511644546,0.00013785694004564035,0.5821731351483211,0.22805207185170354
232,0.17335874794690437,0.05395943391258321,8.155265899609066e-05,0.7574479870667207,0.015152278414795738
233,0.24891989810440035,0.17901524831911672,0.00016613411180503476,0.5439492815093622,0.027949437955315785
234,0.21415883605933153,0.12657424594719147,0.00033741730369708393,0.6446170302862163,0.014312470403563616
235,0.292220685161054,0.10734346641620954,0.00019698167059704563,0.5062082683728787,0.09403059837926082
236,0.45823204704806036,0.3735963387604134,0.00044222505616384856,0.14016589129284504,0.027563497842517437
237,0.3478299591662276,0.4737779539707042,0.00067836037997179,0.1560384111604214,0.021675315322675054
238,0.00390336818089732,0.004037204337982979,0.0035717414979866834,0.0031456907482780303,0.985341995234855
239,0.09205886878296257,0.014071687773320187,7.098151166676166e-05,0.021133400848657325,0.8726650610833931
240,0.01513240362611564,0.0034651129782237258,0.0003873538737905156,0.015785141288342748,0.9652299882335272
241,0.01025806360655735,0.0027789675304829495,0.0001893022181264568,0.008990605202527872,0.9777830614423054
242,0.009899760980277316,0.002475465824159111,4.752066948609169e-05,0.004412721793094031,0.9831645307329835
243,0.010626813543082876,0.00594310539066314,0.0002603259002064497,0.01568186383615797,0.9674878913298897
244,0.014253539007441474,0.005015078495966986,3.63481011347547e-05,0.004688872876667038,0.9760061615187898
245,0.04428001106285283,0.0517924417205787,0.028354340131095078,0.0780103516985951,0.7975628553868783
246,0.008251614390066648,0.004523686438556897,0.006566120093843542,0.0027705354553289444,0.9778880436222039
247,0.003955062458503509,0.002358826242672202,0.0004911373741857411,0.0025029388212119536,0.9906920351034267
248,0.011588130441151258,0.008467570333829388,0.0003254528917009964,0.005425304890510154,0.9741935414428082
249,0.011165974321566173,0.005442426966521011,0.0003016267698421767,0.009245789914686638,0.9738441820273841
250,0.0060236794101361886,0.008804735062342132,8.947346461007765e-05,0.0008773274528207881,0.9842047846100908
251,0.029928010640792486,0.031657085323000246,0.0011940076225442704,0.005871637441361802,0.9313492589723013
252,0.0038606361569379325,0.003963688811181895,0.00042120788890987235,0.00030994655032589327,0.9914445205926444
253,0.008254736197447226,0.0038528719161796117,4.6286570615555495e-05,0.0006636017514890731,0.9871825035642686
254,0.036522989611573145,0.01626916743962267,0.00012180822651588385,0.0011808997770091291,0.9459051349452792
255,0.0033754667033360605,0.008740112542409828,0.001984947412718146,0.0006689894406908139,0.985230483900845
256,0.0014587821169158074,0.007887811516847627,0.004548501530826838,0.0006704393484559916,0.9854344654869537
257,0.0012556169164467219,0.005485902431717927,0.002692746681917994,0.0014031206924335735,0.9891626132774839
258,0.00214205615342115,0.004078447831205507,0.004756970150590613,0.0008215068175949418,0.9882010190471879
259,0.00289944162215886,0.0022051291762901926,0.0004526190484047907,0.00016270123203270277,0.9942801089211134
260,0.0021802195324914053,0.001757002199563973,2.1432415583510405e-05,0.00037529081921272746,0.9956660550331484
261,0.01364514864522294,0.0068241886133676485,0.0022200942263571367,0.0014036825414571645,0.9759068859735951
262,0.00047084295245964193,0.0002507507864529813,0.0003094148876775426,0.00018027722766297886,0.9987887141457469
263,0.002116900684516327,0.0012777820970262482,3.980051131502131e-08,0.0019832899203222616,0.9946219874976239
264,0.0016875221375656942,0.0008564101791432877,3.920018036509402e-06,0.0006068686697074311,0.9968452789955471
265,0.007937831749376744,0.004574890166132042,0.0001350526949279939,0.0013829656487569521,0.9859692597408063
266,0.00488030543878069,0.006911322998602092,9.347398839357782e-05,0.0038621675061689814,0.9842527300680547
267,0.005652871369066669,0.0073301355088728854,2.89846690492768e-05,0.004147301538727717,0.9828407069142834
268,0.009781822227349522,0.009345551123065829,0.00017319514136673422,0.003433117112349264,0.9772663143958685
269,0.004429072341492607,0.0016728511215832477,1.3084537638917089e-05,0.00040497876665388714,0.9934800132326314
270,0.00283738446274356,0.0061898062438421044,6.530954706424959e-06,0.001228225237091896,0.9897380531016161
271,0.0015449133620339544,0.0009759374087977931,4.218728885873797e-06,0.0004854146171698516,0.9969895158831126
272,0.0006993005933557031,0.0006867404052944121,2.862901129777786e-06,0.00028632741650636457,0.9983247686837137
273,0.0010695657681295794,0.00037864613670611036,1.6628371436441359e-06,9.836895144274251e-05,0.9984517563065779
274,0.0018288226719791309,0.00041877590771826755,3.4385804293129224e-06,0.0004079652468901654,0.997340997592983
275,0.00609420860263738,0.0006620745491050134,1.8642297315717485e-05,0.0005175394783217661,0.9927075350726201
276,0.006098968046792222,0.004641752855117468,0.002661688074979844,0.001729214550780621,0.9848683764723299
277,0.025903999629457747,0.09231150507468831,0.08236609378668446,0.008977195542313441,0.790441205966856
278,0.016113488669634354,0.008568925405370917,0.0014865074724662005,0.0059317471036574995,0.9678993313488711
279,0.003465879957658753,0.0013508938029074067,3.3071053105626087e-05,0.0033880259516546867,0.9917621292346736
280,0.013553290004189809,0.005986451630466064,0.001505801537333078,0.0039048642348330563,0.9750495925931779
281,0.002015275733594487,0.0008999378728287389,1.0887627235426077e-05,0.0005033940224521859,0.9965705047438892
282,0.0018234876765964964,0.00033183444395788704,1.4618296770068645e-06,0.00026662161246418465,0.9975765944373043
283,0.0023884697747862944,0.0005861462730736858,5.202412192711032e-05,0.00015727772237111786,0.9968160821078418
284,0.002592067445697421,0.0005748885242201451,4.374580370803884e-06,0.000442852718317433,0.9963858167313943
285,0.0008174922473832874,0.00047677480831484503,1.299253811847313e-06,0.00016242385043638166,0.9985420098400537
286,0.0029042838164322834,0.0018610322331116386,4.729779754130872e-05,0.0008477955464774155,0.9943395906064374
287,0.0012114075513704689,0.0009604511883765474,4.533932568154395e-06,0.00033395854909024927,0.9974896487785945
288,0.006009410389065046,0.005537024473063736,4.1491703004139805e-05,0.001989122759855687,0.9864229506750115
289,0.00294114515138735,0.0012841845553024079,2.2162886357811887e-06,0.0015897350588520245,0.9941827189458226
290,0.0541406612791885,0.0037920479481991353,3.361552866722849e-05,0.004792113996608752,0.9372415612473363
291,0.23234778130718053,0.02265731308185964,0.0001233857478223591,0.018183686750779138,0.7266878331123583
292,0.5692816531267211,0.06508803328892801,8.258832572098332e-05,0.05227786482452324,0.3132698604341065
293,0.520127294359633,0.0805823329141648,0.00015376310840168328,0.15142748813331502,0.2477091214844855
294,0.289786528325052,0.10989590595359794,0.00028025355121331376,0.4310179296394068,0.16901938253072984
295,0.2006057099061606,0.40487538512254356,0.00036840505634242707,0.2419970363340515,0.152153463580902
296,0.18406523953500786,0.5422057788816688,0.0003644093981962608,0.18177106723355255,0.09159350495157458
297,0.3466166889293671,0.40067285607825465,0.0003768020888056365,0.20782973865009746,0.04450391425347513
298,0.3341373541794274,0.4728584593020445,0.00035153434208323785,0.0705937685460417,0.1220588836304031
299,0.2755701809272032,0.639696954971524,0.00023811782512036538,0.04568946759633562,0.038805278679816736
300,0.19710881601083322,0.7276564132106121,0.00026636383211074417,0.027807276621359275,0.047161130325084455
301,0.2646217890932422,0.566150156532654,0.0018182941010768117,0.02742199301180876,0.13998776726121817
302,0.007808812650044598,0.0066743325044205555,0.02117258414017845,0.0041462369500423184,0.9601980337553142
303,0.004684205268221957,0.005689280649137658,0.0015623185537577621,0.005970470956274361,0.9820937245726082
304,0.017494555276498625,0.003017946330977196,0.0007651129600104745,0.008803475759055547,0.9699189096734583
305,0.005647521689720535,0.0015833872094291647,7.110138732857783e-05,0.0033688841702889374,0.9893291055432328
306,0.028575446366735195,0.02709136711234426,0.0011709335843368479,0.01109060340094042,0.9320716495356433
307,0.0024689661454923447,0.0021853515769570835,0.004776177705359602,0.0019407204117498392,0.9886287841604412
308,0.00397583200821713,0.0016461167732906394,0.00010381847662481245,0.0027641357824632297,0.9915100969594043
309,0.010062256499072835,0.0016660560634801159,5.206958377374703e-05,0.002754821636547996,0.9854647962171252
310,0.001981192771890316,0.0012590742641791068,4.402242481134212e-05,0.00040532687936766193,0.9963103836597516
311,0.0034077691673614734,0.0007316288362708324,9.648131624469297e-06,0.0006542222219985384,0.9951967316427446
312,0.027775775227679225,0.001588633567423253,1.7892733313474255e-05,0.002228073641339878,0.968389624830244
313,0.1684085619556257,0.007418117647237555,5.158839767536502e-05,0.00724847140525655,0.8168732605942047
314,0.8072396967038322,0.020018304389333684,8.829187821658149e-05,0.04000888189812624,0.13264482513049125
315,0.6836450734331682,0.12729751596357522,0.00011208845861951221,0.08515138846898081,0.1037939336756563
316,0.6219957808424021,0.2813846362163601,0.00021291004981691136,0.026834764447730267,0.0695719084436907
317,0.3264044078750576,0.5859187773176046,0.0002135002714881493,0.015911151188983768,0.07155216334686591
318,0.2146223085421702,0.7395515274786737,0.0011408162515155371,0.02308134892268735,0.02160399880495298
319,0.2041493357629038,0.7361178209009056,0.000510378416550798,0.02237152620102211,0.03685093871861754
320,0.3032530120131714,0.6268883345138199,0.0013934233608815798,0.04111025123363896,0.027354978878488187
321,0.026484505443465575,0.03143647800410399,0.0001503259906814151,0.005344099558881901,0.9365845910028672
322,0.009629747121261037,0.016872232479379388,0.002374629683079408,0.004458331350877566,0.9666650593654026
323,0.00524461995440835,0.006729891878335044,0.002309004944530563,0.00825415421478665,0.9774623290079394
324,0.0012150684582408432,0.0014834100495053624,0.0016536295869842368,0.0007258628934685319,0.994922029011801
325,0.013299066807040091,0.0034391886474593506,0.0017991264095181796,0.004402274475923269,0.9770603436600591
326,0.009094855590667486,0.00318477260799418,4.8807369400961326e-05,0.0008966487859693112,0.9867749156459681
327,0.01453735846662288,0.0026577981102501452,0.00010559229420456844,0.0006249304197599815,0.9820743207091623
328,0.03775160181474004,0.00727284281725176,0.00036004236808384425,0.00385829756735427,0.95075721543257
329,0.0617366000606352,0.028716021627454173,0.002078605766482613,0.0029780975460639617,0.904490674999364
330,0.02468438022930015,0.012686025366241922,0.0007673729970397514,0.004095853713672074,0.957766367693746
331,0.022662026973642273,0.027968401083494313,0.01051017586522565,0.006533516947118281,0.9323258791305195
332,0.00945864188941809,0.0032427815228526927,0.0003041690439373921,0.0014446350289357719,0.985549772514856
333,0.0014839950131920216,0.002219121183060952,9.640994475016339e-05,0.0011243509680904057,0.9950761228909065
334,0.012843775285071645,0.011221269723549341,0.008576627643313909,0.004948707290124681,0.9624096200579404
335,0.0023900766093958065,0.0011992102079163764,4.9596651898269386e-05,0.0003549373286834896,0.996006179202106
336,0.0018686443836116499,0.013313325378213737,0.005806789480705471,0.0004997809827689117,0.9785114597747002
337,0.0008859505239509362,0.00046907455516515857,4.892610418436076e-05,0.0007523667568184869,0.997843682059881
338,0.0035439411301870067,0.0013631372572103344,0.0002525060308579215,0.00048032106965098753,0.9943600945120937
339,0.004086627089318735,0.019382464540053174,0.003921841900111628,0.0010023374272983417,0.9716067290432181
340,0.006311031216265477,0.0024401316217268405,5.450014387445844e-05,0.0013092576486238843,0.9898850793695094
341,0.007452914305020538,0.0022939794357533932,7.752025856454716e-05,0.001737795000392823,0.9884377910002686
342,0.015729556604526514,0.0053228418298395695,0.0007655505006884991,0.00427071315826232,0.9739113379066832
343,0.02746979086673022,0.00997464044521715,2.6190480404683575e-05,0.04453846172005498,0.9179909164875929
344,0.0067886937993310815,0.0060496238751506235,0.0001379964393627371,0.017867155029229465,0.969156530856926
345,0.007386593223802852,0.006230459631566285,8.442617771431761e-05,0.014626175022909025,0.9716723459440076
346,0.014175008352184588,0.019102842289009908,0.00021367356822426712,0.009296127424694286,0.9572123483658869
347,0.015307798503013266,0.04490255937864644,0.00034061131364316693,0.010416378371885136,0.9290326524328121
348,0.07418393300719145,0.02346141423517878,0.000647051311988411,0.02465698356838016,0.8770506178772611
349,0.09887294150487949,0.09118737807712037,0.0010822462077128758,0.07988670849224778,0.7289707257180396
350,0.006325035267143458,0.03426880517250406,0.019188686650744798,0.0024377584370717043,0.9377797144725359
351,0.014413560509378172,0.05585688624389618,0.009316046584873554,0.004885454490035096,0.915528052171817
352,0.014721914513482624,0.048234789913889346,0.08937082552184912,0.008720247797350264,0.8389522222534287
353,0.01414739214322196,0.0705921514813108,0.052714069435860544,0.013791896794919135,0.8487544901446876
354,0.0061959332712101306,0.022847449751635614,0.021127610582416075,0.014220534993645565,0.9356084714010927
355,0.005797966227664444,0.010218887267300768,0.016579885590022908,0.021872850010078493,0.9455304109049334
356,0.001935596619447221,0.001981900772617765,0.003928997276672434,0.0037577109552833256,0.9883957943759794
357,0.009246275158976962,0.003130791917924205,7.782231381432738e-05,0.006892437253586734,0.9806526733556978
358,0.005899047182623937,0.0018060213940485526,0.0007837632617217628,0.004173568692087456,0.9873375994695183
359,0.003679670383149808,0.00033678210721344796,0.00019191969929542772,0.0020192873555385997,0.9937723404548028
360,0.007700793782936153,0.001841366775554416,0.0010386951728444333,0.0034052870657431586,0.9860138572029219
361,0.0020425314903884297,0.0008447302119373349,1.9720686659653458e-05,0.002131164968906035,0.9949618526421087
362,0.0016107757205310843,0.0009302912263003901,2.4694533956289754e-05,0.0007818904396123362,0.9966523480795998
363,0.0046463080810834724,0.0027390120282778712,0.005558905414832193,0.0036405153575152205,0.9834152591182913
364,0.0028053602621091107,0.0020873958530119156,0.0005299966217965275,0.0014833953528426847,0.9930938519102399
365,0.007839570957257305,0.0020876930691672954,2.880837055036305e-05,0.004287719962236038,0.9857562076407891
366,0.0024581817351720246,0.0004799800634207381,1.0696198475476997e-05,0.001031488141133243,0.9960196538617985
367,0.008622807291877154,0.003553943715267575,0.00019102793363829908,0.0032167893835142406,0.9844154316757027
368,0.007719053127559778,0.001596817202083877,4.415268153329902e-06,0.0012900812631534684,0.9893896331390496
369,0.010651491658683563,0.0017530653257255943,3.56065239863353e-05,0.003232103521086112,0.9843277329705183
370,0.03004485531071463,0.02424682549097038,0.015733270443449337,0.007984627966457606,0.921990420788408
