epoch,N1,N2,N3,R,W
0,0.0004516308919020884,0.00014502194602453145,8.709776405488377e-07,2.953416142345215e-05,0.9993729420230094
1,0.0021605359209667207,0.0003863620933416976,2.238061305191469e-06,0.00013949308981429261,0.9973113708345721
2,0.0006204412057631669,0.00011042501377158877,1.1981061314897002e-06,2.9874236596748655e-05,0.999238061437737
3,0.0040420512556263765,0.00025962273863883905,1.396833556090498e-06,7.449009236119972e-05,0.9956224390798175
4,0.0084922854631696,0.00047547107033987183,3.099790581554107e-06,0.00020996235783185562,0.9908191813180771
5,0.03801244639380704,0.0013497355094831823,5.3009557508497065e-06,0.00022206827156570877,0.9604104488693932
6,0.3347428196699176,0.04242665664135936,5.8343982840430014e-05,0.0013436963252259208,0.6214284833806568
7,0.3834401758470447,0.3874309390944923,0.0006484399986202236,0.00506144084424152,0.22341900421560124
8,0.15608262865102737,0.7796864422885801,0.0047000443564032286,0.0026652177468263786,0.05686566695716301
9,0.10164504390077683,0.7685309462986178,0.011379236517650241,0.005918123134523288,0.11252665014843193
10,0.09642024270234115,0.7390172557105091,0.06414500063112982,0.0049334236989564155,0.09548407725706347
11,0.09290338673328878,0.7583929863838276,0.022399449161426575,0.0036850300544781613,0.12261914766697897
12,0.06758279461914544,0.8086338058999195,0.057038439053005416,0.0024751581729916027,0.06426980225493809
13,0.0796422505470088,0.8467377702698969,0.023374325177261825,0.002069131531867566,0.04817652247396485
14,0.06934295252442789,0.7780832812710952,0.10259275622574497,0.001679369276017223,0.04830164070271467
15,0.024403722051639463,0.9258193312689833,0.01767032529373803,0.00036980611272391964,0.0317368152729153
16,0.06390913011856231,0.782531454033824,0.10739004403212978,0.0010264613715566843,0.04514291044392713
17,0.05304008401692777,0.670407675527467,0.20144673303895172,0.0009441640827164734,0.07416134333393698
18,0.05948473177943695,0.7558805822807978,0.13436444341052628,0.00042876458765228023,0.04984147794158654
19,0.034560221352476474,0.5028169445836295,0.41846306710118925,0.0003759144903536365,0.0437838524723512
20,0.05038182795494267,0.5926608695920463,0.3186330958370692,0.00028560145571923434,0.03803860516022252
21,0.03895648837457849,0.5026690924681738,0.39206672361332456,0.0004416513999986934,0.06586604414392437
22,0.046266516596759615,0.5334046416005656,0.3051500194352753,0.0011295406570420866,0.1140492817103576
23,0.06215329557009847,0.6068327800443595,0.20889584845430445,0.0016662767260674123,0.12045179920517017
24,0.02684927625023247,0.4424910473951647,0.4495354745858417,0.0021696132613778624,0.07895458850738316
25,0.08461258072273829,0.272332594752307,0.2557964649007966,0.003476196122499684,0.3837821635016585
26,0.046044104579239485,0.13473660973585083,0.09210774451666918,0.0019339321614280046,0.7251776090068125
27,0.0333150971454191,0.07081264779179772,0.01578070900322481,0.0008580958469858795,0.8792334502125724
28,0.001623161060982044,0.0019144894378072895,0.00011451648991713309,0.0001008720737683489,0.9962469609375252
29,0.0005922736714991901,0.00038901962662398414,4.8078055001594616e-06,5.172461585031424e-05,0.9989621742805264
30,0.0010488754346551748,0.00028608042235615686,1.5571948852114074e-06,4.103566453294282e-05,0.9986224512835706
31,0.00347793311225228,0.00042030282203877126,1.8059910989361519e-06,6.770844802579207e-05,0.9960322496265843
32,0.001788427022431614,0.00032427069547427966,2.920929186648578e-06,6.964511469100045e-05,0.9978147362382164
33,0.0024298833255592105,0.00046633827660863,1.4007181039152431e-07,0.00010558994008745968,0.9969980483859342
34,0.0016852928443850373,0.0002442059530343657,5.43703045615255e-07,0.00014716838299639034,0.9979227891165385
35,0.004989819282879399,0.0002155969335883969,8.715902225658995e-07,0.00011145373693049592,0.994682258456379
36,0.014809055340360039,0.0007273403768932046,2.3576685207043922e-06,0.00032535727644935003,0.9841358893377766
37,0.03455559702305399,0.003056294473369626,1.1425518076619251e-05,0.0004786345724434466,0.9618980484130564
38,0.06108687837007344,0.02413631281610906,0.0001354669472231675,0.0023704188440559115,0.9122709230225383
39,0.12825068870079442,0.013577474067536933,3.6686794635796225e-05,0.005447707392731292,0.8526874430443016
40,0.16424595878231796,0.09703279126620772,0.00010236360018363625,0.008476037620918603,0.7301428487303722
41,0.048354898574811116,0.023450709079628075,4.998352905638581e-05,0.0015788561432024486,0.9265655526733019
42,0.3863609897839157,0.2923166940164053,0.00023403696818222723,0.010713418658809187,0.31037486057268754
43,0.44099241255014576,0.45867672117515657,0.0021620004385622597,0.013107161802492022,0.08506170403364349
44,0.2768734832095773,0.5685720155843142,0.0010962018946611616,0.013776235890130778,0.13968206342131645
45,0.35510734115246206,0.41831454382560823,0.00021520079630745465,0.01751485142677133,0.20884806279885096
46,0.14787143406066205,0.8136653345145628,0.002694762715856136,0.005664942193536283,0.03010352651538278
47,0.1000293144706421,0.8168259600948131,0.05630659395355239,0.0009496908858909539,0.025888440595101297
48,0.027664464240115077,0.8822044453034927,0.07610822711637946,0.00034453497451072593,0.013678328365502056
49,0.0678028481069147,0.8219306862007906,0.08574638061554034,0.0016377300542724411,0.022882355022481916
50,0.050247722151330936,0.8108309921081629,0.12298463653988227,0.0008660896977040299,0.015070559502919936
51,0.03511219400229837,0.6487976249567274,0.29846250550907094,0.0008666202051830267,0.016761055326720294
52,0.030611979523265723,0.7466980275437175,0.20618278208895674,0.0004385620699583044,0.016068648774101652
53,0.05375691417405199,0.6606038475667294,0.24608866258157377,0.0016500830155974382,0.037900492662047404
54,0.046771550837708925,0.7432446854338192,0.1829634071582882,0.001006725480859577,0.026013631089324092
55,0.023327839723262845,0.6499260560790093,0.3125984019702665,0.000571005787086911,0.013576696440374339
56,0.04235029750920937,0.7412546569269455,0.19156266223341378,0.0008626379665475804,0.02396974536388372
57,0.04424914296331244,0.6225099603370811,0.2993903203428117,0.0013355973629608363,0.032514978993833966
58,0.02662742137151569,0.6578893322747902,0.28167609974202934,0.0021640864128915863,0.031643060198773144
59,0.02715727496921096,0.49383277326897473,0.451163006694349,0.0016404888800560684,0.026206456187409292
60,0.040072118618764585,0.40208753708244765,0.5361434776536679,0.0011830063619203324,0.020513860283199528
61,0.03630655502850769,0.5375493427366294,0.38865726272442863,0.0019328515536125323,0.03555398795682177
62,0.02647998899249809,0.5040518187881253,0.38521362916731094,0.00303795004707413,0.08121661300499147
63,0.1715849870228459,0.5272462836382552,0.08917247024375506,0.007479384717038989,0.2045168743781048
64,0.23603782757437908,0.5451775748705209,0.043068063264896886,0.00855752173236593,0.1671590125578372
65,0.16106353139989846,0.665745393140718,0.07587739268881775,0.00747370647476528,0.08983997629580029
66,0.2873275701144326,0.5468657635139772,0.0012731121270351494,0.0060206303791799295,0.15851292386537516
67,0.24611715253193295,0.6574326082571982,0.01661196936606421,0.010040797429426058,0.06979747241537869
68,0.09730522015000823,0.8434943586820486,0.028474300668199948,0.0023432262952324486,0.028382894204511008
69,0.14494957561305236,0.8053097751735294,0.030236709042478944,0.005165011242582831,0.014338928928356464
70,0.13988822753801108,0.771132072910235,0.05057437742367827,0.004218634183897875,0.03418668794417779
71,0.03401894478582288,0.7496793539973071,0.20011262536711094,0.0025897358790744123,0.013599339970684611
72,0.09406010408756761,0.44064157931396697,0.36506164629769133,0.0060932939695886625,0.09414337633118554
73,0.1856051274542302,0.6993187202285835,0.06839392841349087,0.0029948962464773007,0.04368732765721817
74,0.05155049584289962,0.5624411359658077,0.363472333488746,0.002160535484470847,0.020375499218075688
75,0.028847335261040004,0.4502890287387612,0.4996412760514788,0.0013197596970108375,0.019902600251709236
76,0.019869527969831092,0.3663211407262335,0.5887150951641921,0.0016978757149001755,0.02339636042484309
77,0.031500009546068374,0.6685165091440759,0.27330685830360596,0.0028656091607441713,0.023811013845505637
78,0.022626347662594304,0.3045802167923165,0.6568897243727997,0.0014055191430326444,0.014498192029256824
79,0.022702029373011887,0.33698630985371586,0.6124621297528788,0.0018081863235836608,0.02604134469680973
80,0.013778246005272112,0.2776405618313721,0.6881404485585966,0.0021380201322977873,0.018302723472461462
81,0.02058004904907289,0.2816242105835049,0.6777588599198138,0.0037660291494710464,0.01627085129813726
82,0.01326302536571018,0.2150963192198511,0.753894329037452,0.0023386152055149354,0.015407711171471904
83,0.027792154605564046,0.36952829118688335,0.5530863326751797,0.005024867739140822,0.04456835379323215
84,0.015383728169351556,0.17365595630226097,0.7828935064759309,0.0019519485960654303,0.026114860456391158
85,0.01598307398851886,0.20519926352285098,0.7564235018744697,0.001806338488826282,0.020587822125334193
86,0.006375684515373043,0.14581694492263161,0.840200664944885,0.0007724950903054407,0.006834210526804873
87,0.0013215746617034536,0.06532855538777624,0.9284427878102713,0.00023209030399674283,0.004674991836252064
88,0.005524954858088255,0.10131491349062717,0.8800164210047382,0.0012690993491848615,0.011874611297361486
89,0.0045353494894628315,0.06329280356974762,0.9089736638327202,0.001505932205893271,0.0216922509021761
90,0.0023974595894161814,0.032813180180157366,0.9565298170022121,0.0006217221299800588,0.0076378210982341755
91,0.0064223140173373825,0.05250390193000618,0.9346252189121282,0.0006430987629289448,0.005805466377599065
92,0.004493932448345998,0.06531359640013147,0.9253204758055039,0.00044057142338503017,0.00443142392263355
93,0.0034579290668810335,0.07562983350843527,0.9137664379007017,0.0002863879701036297,0.00685941155387852
94,0.0047433652919243105,0.12269574340436898,0.8679694367853198,0.00045949309064234405,0.004131961427744613
95,0.010537694590623044,0.15423985722500838,0.8232973512645027,0.0006128478938988005,0.01131224902596707
96,0.004054526816391098,0.09780211242873955,0.8921069323777262,0.00025440065223215463,0.005782027724910932
97,0.001434351313782402,0.03780018748364542,0.9556467445502611,0.00018851190434304095,0.004930204747967996
98,0.005196335072871271,0.08069532890575329,0.9045033348960834,0.0009297578554627324,0.008675243269829342
99,0.0064836974263356335,0.10517724214002348,0.873706896149241,0.0008998921064476879,0.013732272177952204
100,0.013207628292127295,0.2010242088216865,0.7733330311998946,0.0018018996050822255,0.010633232081209263
101,0.0034251623856475172,0.10604723141872403,0.8857604055037849,0.0005462095555018371,0.004220991136341739
102,0.011343134283560558,0.15025950291031615,0.8198231730374491,0.0015821180706916884,0.016992071697982412
103,0.026025653564970892,0.24082993554442544,0.698946538830809,0.002711713841113092,0.03148615821868161
104,0.09088583739542742,0.598162566408801,0.131984518581938,0.017566093018136372,0.16140098459569713
105,0.07865247338248864,0.6060805083040339,0.24865285413197824,0.013388813451410672,0.053225350730088467
106,0.3210058021438822,0.5254951809418547,0.022328049219287903,0.03785917469951174,0.09331179299546345
107,0.11917091994628287,0.41559384601653737,0.021954994571133552,0.009589777863170267,0.4336904616028761
108,0.26805127951350766,0.39229432612078713,0.008355259334106075,0.014590787379334943,0.3167083476522642
109,0.3562567148316905,0.5093389461052874,0.0007216937897217876,0.013311446804010993,0.12037119846928937
110,0.3217120056215635,0.42555603636813527,0.005045664246140384,0.00785959737555018,0.23982669638861068
111,0.25452410850294716,0.46967326525490044,0.021177182980726125,0.005749993183697563,0.2488754500777287
112,0.02523224399987769,0.5476473547973638,0.02625360818613467,0.002170154249877791,0.39869663876674616
113,0.010891112989066915,0.02637140479959438,0.0009000298991104665,0.00018459355723297223,0.9616528587549953
114,0.0009851734395898669,0.00043255865715376894,2.945034337490614e-06,0.00013135416150140063,0.9984479687074176
115,0.0016975458539763874,0.0004961930220164195,2.768388682215246e-06,0.0003819773446178648,0.9974215153907071
116,0.013766326664227231,0.010076357118463363,2.0135480056165504e-05,9.047962667133426e-05,0.976046701110582
117,0.0003968985355305076,0.0005010729919388602,4.751277798036652e-06,2.7252647230364917e-05,0.9990700245475022
118,0.0009578405866274268,0.0009681707030318554,6.162151672306229e-06,2.243673022094582e-05,0.9980453898284475
119,0.0023812532246175206,0.0012726440322726113,4.718682009172127e-06,3.963494267879026e-05,0.9963017491184218
120,0.0015132832676348312,0.0019340893657080595,1.1498107900468487e-05,3.2015883694458955e-05,0.9965091133750622
121,0.0013382168321511697,0.0018876510835228824,1.1819329567173458e-05,3.021772853870135e-05,0.9967320950262201
122,0.0012150118450559126,0.000887166628391773,7.3290563938342025e-06,3.1497853624136885e-05,0.9978589946165344
123,0.0018213284975276064,0.0016476579003887463,0.00013820984077229543,0.00022477272175005602,0.9961680310395613
124,0.0010276232818299457,0.0007310887813904395,3.5458709781646553e-06,4.451232991449445e-05,0.998193229735887
125,0.0007189679609039005,0.0002662056741812846,2.8394324731990426e-05,3.714748877219159e-05,0.9989492845514106
126,0.0011694792838291127,0.00038946283703429645,4.677617550754303e-06,0.00016902188926943255,0.9982673583723164
127,0.0005910808699096366,0.0003498549294270115,2.822708486443906e-05,4.22404917715274e-05,0.9989885966240274
128,0.0003290739150900871,0.00010977689291009172,2.394259389727463e-05,6.13873512133859e-05,0.9994758192468891
129,0.0006221922906217685,0.000404267340938086,1.2661890435084377e-06,0.0003275716921949293,0.9986447024872016
130,0.0011667842521809822,0.0004526951781501188,4.583799069416666e-06,0.000373174778886757,0.9980027619917127
131,0.0006778787856279563,0.0008660828656037053,1.4909625384483825e-05,0.0004380349663650355,0.9980030937570188
132,0.0010470831675551324,0.0008909185864555452,3.589692591757285e-06,0.0004875951894071801,0.9975708133639904
133,0.0008488717548355668,0.0009931966801194792,2.087332611804313e-06,0.0005280540442125381,0.9976277901882206
134,0.002005603784336664,0.0015258640487569959,1.7825385792675556e-05,0.0009667140298537228,0.9954839927512601
135,0.0020187863582601506,0.0009554925306209926,6.189215126375317e-06,0.00041358143711026785,0.9966059504588822
136,0.003907564546302666,0.0011244986118280104,4.071386409512099e-06,0.0012902710353437019,0.993673594420116
137,0.001219044595471319,0.0006175078811600356,1.1735228352175558e-06,0.000606120510218421,0.9975561534903149
138,0.005130626431014907,0.0011532836802945828,1.8132982961889803e-06,0.0005221301233813483,0.9931921464670129
139,0.004656135745957739,0.00218665590261283,6.085534327791249e-05,0.0008243757643956126,0.9922719772437558
140,0.0010338547174359686,0.0007353050167214913,7.122634526620791e-06,0.0006076160424897223,0.9976161015888262
141,0.006349128522561901,0.0011133940982172338,2.3490245151678777e-06,0.0011497932168957811,0.9913853351378099
142,0.002377854447440329,0.0017746636196247756,2.497703162621317e-06,0.001093743267035881,0.9947512409627364
143,0.0010901145186063522,0.00047093009728299166,6.49861837973141e-06,0.00038643378346250173,0.9980460229822684
144,0.0014757428747817969,0.0007855283336348444,1.3516202585199536e-06,0.0006606879579970396,0.9970766892133278
145,0.007752051098470054,0.0006422412488247094,1.810076941856446e-06,0.000926985169639562,0.9906769124061238
146,0.001372398758094505,0.0007842655445239082,6.47253828121171e-06,0.0005617146919182108,0.9972751484671821
147,0.001329416484442022,0.0005922072297875539,1.7165748413107259e-06,0.0008173096026999384,0.9972593501082291
148,0.0020779755335952545,0.0011662416357110857,1.2276615281613155e-05,0.0017372816454674183,0.9950062245699446
149,0.0010412670165808845,0.00043470035727124844,8.121324862905043e-07,0.0008989549326669014,0.9976242655609947
150,0.001679504096221254,0.00021367980769778491,7.398909023337972e-07,0.0005304236130997242,0.9975756525920788
151,0.0008832390859562016,0.00019386912442952197,6.624466799491015e-07,0.0004935270117823542,0.9984287023311521
152,0.001852167183089285,0.00048261746551474477,1.99696879493867e-06,0.00049337378500388,0.997169844597597
153,0.0023224917876889053,0.0007110584569883763,2.994483653514097e-06,0.0007742207640969583,0.9961892345075722
154,0.0028110639880677096,0.000931929040606,1.0541758402889308e-06,0.001298137283708262,0.9949578155117778
155,0.0031464558947462123,0.0011509170374010122,3.7824143888321905e-06,0.0014254806836601199,0.9942733639698038
156,0.031031565100106937,0.0035262983009834953,2.4517663106192608e-05,0.005260138929655807,0.9601574800061475
157,0.009503262567590503,0.0020709327704080964,2.824115549262906e-05,0.0019104119792822543,0.9864871515272264
158,0.004796559754273507,0.0046772604046175495,2.1622428465343203e-05,0.001155616213864591,0.9893489411987789
159,0.021116284234389892,0.009379827362585543,7.3701215184401e-05,0.0024217112975407798,0.9670084758902994
160,0.10515182853173824,0.07746286565866821,0.0009476276288331751,0.007008429751050777,0.8094292484297095
161,0.07328518663243433,0.17637664235904052,0.008375171857286779,0.010257197771790861,0.7317058013794474
162,0.10755856022506295,0.3402570481661131,0.02710444098977037,0.011377197015548436,0.5137027536035053
163,0.25985316668351377,0.5333880016179873,0.018946775208569768,0.00786610611523161,0.17994595037469766
164,0.2402919399306758,0.5423012311376978,0.008724364667844682,0.01046276130002888,0.19821970296375288
165,0.2369896327090753,0.5892768640001431,0.006151015701161137,0.007186592962353299,0.16039589462726694
166,0.18326957109158956,0.7275269237864473,0.007800755636403816,0.009747050689881397,0.07165569879567799
167,0.20221962238970018,0.49929124256818563,0.008692199881817705,0.0072519807942133235,0.2825449543660832
168,0.085584193485641,0.7704878734159887,0.030098559173666085,0.006963352340122592,0.1068660215845816
169,0.1914013810062673,0.6750676181939381,0.0133043514911527,0.008538281867853192,0.11168836744078871
170,0.21882848929574925,0.4473719427976603,0.013402274507632018,0.009684514673598205,0.3107127787253602
171,0.14479471407198716,0.6302398461142918,0.023665881560080617,0.01715036165436131,0.18414919659927903
172,0.2763930596986844,0.5165089659436372,0.00944581717533061,0.013057139720952784,0.18459501746139503
173,0.2047461452246106,0.5411920631794674,0.0117500009741275,0.020631339388455485,0.22168045123333888
174,0.05675367027683293,0.692800557794784,0.0048721959292984274,0.02683222668335055,0.21874134931573408
175,0.07729122241443584,0.48188772243935507,0.004094979449118712,0.0855410236625613,0.3511850520345291
176,0.03670857010381673,0.06167750509953261,0.0008078190181085972,0.1699541591224091,0.730851946656133
177,0.06284339864265097,0.08319369732787435,0.0022616931257107334,0.08308245622029631,0.7686187546834676
178,0.06279712044431138,0.2023199635879781,0.0012500932047111554,0.0929967240418468,0.6406360987211527
179,0.0921774344382424,0.24807575396623122,0.0007645614886040356,0.10228464335408412,0.5566976067528382
180,0.11050350104141524,0.07388208413081047,0.00022888373498350059,0.28843499502987613,0.5269505360629148
181,0.07812066629321512,0.07474272806003113,0.00025812925376129183,0.2291104819268184,0.617767994466174
182,0.09121040888089786,0.14152439677048909,0.0005855545279241516,0.2828125768672917,0.4838670629533972
183,0.10366211834474585,0.0970205792149955,0.0003398038421052288,0.3129652242970159,0.4860122743011375
184,0.07792592195897403,0.07402900581436221,0.00017772948462082256,0.5370208959937554,0.31084644674828765
185,0.0499010204509384,0.12123887640741687,0.00026809297233467257,0.3475447423022168,0.4810472678670933
186,0.09869138364712518,0.11373238793943537,0.000363699217922332,0.41127073274641734,0.3759417964490997
187,0.05884529085176162,0.046591026618757615,7.373103078447713e-05,0.7042287718083516,0.19026117969034462
188,0.042751029089951466,0.02939343792607898,0.00012209880083500149,0.32809793228475104,0.5996355018983835
189,0.08849919532402094,0.06378699704795958,0.0004502684639023525,0.251476093757431,0.595787445406686
190,0.08582979014039153,0.07327630268254741,0.0001198799203519985,0.5975353815140646,0.24323864574264442
191,0.05911757534844423,0.036357388108955016,0.00016966633497218423,0.3189660102499818,0.5853893599576467
192,0.06051272100044073,0.05148458642552784,0.00024915934447762144,0.25663082658327213,0.6311227066462818
193,0.03411086638725188,0.02214156491591031,0.0002131921071155299,0.39427740335006256,0.5492569732396598
194,0.06973738921286422,0.029704855706427273,0.0005111321746446661,0.20455848283136327,0.6954881400747006
195,0.053820580755759836,0.03599004819653284,0.0005737936935100233,0.2691704821757148,0.6404450951784825
196,0.1109744041828069,0.04454832241391456,0.0005777593389291708,0.27533162589903215,0.5685678881653172
197,0.09237196222003738,0.024460957039043246,0.0003404877296918866,0.3674485864867058,0.5153780065245217
198,0.09319166628249118,0.02857759542665932,0.0004919384284914349,0.3317797228077165,0.5459590770546415
199,0.1263884833684061,0.058179717489682356,0.0006213190513371743,0.43887207501078873,0.3759384050797857
200,0.06958381718185502,0.07413344463587784,0.000264678393711798,0.4106615547565862,0.4453565050319691
201,0.04416856131743274,0.033139047137983206,0.00022425272495727266,0.09703861656810625,0.8254295222515206
202,0.08904491095174805,0.05654048037213975,0.0010866794789836211,0.08508589991614712,0.7682420292809815
203,0.11984528727272808,0.07006729113905953,0.0028102090022476393,0.10271395663945262,0.7045632559465121
204,0.08703888271370433,0.05328702559882721,0.00036610877236521733,0.08959492004545805,0.7697130628696452
205,0.045981799839528596,0.03765848281896919,0.0015994515903469625,0.038884289101650364,0.8758759766495048
206,0.10159149807054609,0.17158528649219176,0.001705707748692928,0.19752788020573545,0.5275896274828339
207,0.05328593247044563,0.05527278136537219,0.00022691373170216644,0.2952757764304388,0.5959385960020412
208,0.053604182121575715,0.04915969576969298,0.0010595604832490649,0.06339351875010528,0.832783042875377
209,0.09051792998740371,0.03748674191552433,0.00015132247741442523,0.3981887818797438,0.4736552237399138
210,0.07972117986418649,0.08969032935787996,0.0007113966459967908,0.1217078967329983,0.7081691973989385
211,0.07594941626679504,0.1278907291825344,0.00459985479743329,0.04384875911758802,0.7477112406356493
212,0.14357071513736142,0.19009647251817768,0.00320140161277478,0.04065466364529503,0.6224767470863912
213,0.20000304411177341,0.4191125242656118,0.015828042949738212,0.021701724282922035,0.3433546643899545
214,0.3336990203044145,0.2298106763032642,0.0021705011510451534,0.06612178155298348,0.3681980206882927
215,0.1723114408185003,0.6465771956700533,0.024917552159430353,0.024078384821066837,0.13211542653094915
216,0.17571977397537514,0.6958873884518815,0.008057602956205287,0.04749269581261962,0.0728425388039185
217,0.038698250145444056,0.8774106810025563,0.03112810886349977,0.00866278756686055,0.04410017242163915
218,0.08959488076040653,0.821853875298465,0.049137196751523116,0.011517309400115498,0.027896737789489923
219,0.06541834585381667,0.8421568278564032,0.047179602648859786,0.010619576975773069,0.034625646665147405
220,0.07371182688876779,0.8304447261343423,0.06415145740134652,0.009464286758395512,0.022227702817147987
221,0.10367623704738821,0.819316857461467,0.03820575655552893,0.013851327986083814,0.024949820949532093
222,0.0948627683760308,0.7754746940632086,0.09269934051352711,0.015219304179176683,0.021743892868056787
223,0.08253118964270202,0.8414864302592043,0.042366551100152854,0.015478008017797392,0.018137820980143465
224,0.06263922251205341,0.8588434853386014,0.05413373706298901,0.013285199186985619,0.011098355899370277
225,0.1246648222378667,0.7846558506835968,0.03427550135017749,0.019882341883569125,0.036521483844789746
226,0.1335453866982801,0.8065515394444593,0.03794839191363996,0.009269999072047815,0.012684682871572752
227,0.06598662229228756,0.8866462839142397,0.02941705756343968,0.006519395518506238,0.011430640711526647
228,0.046912943707500744,0.8609553884961803,0.07436698798372078,0.004459305825662339,0.013305373986935841
229,0.035387289654849635,0.8026270065068312,0.12173655199497538,0.006733185732228758,0.03351596611111495
230,0.023869144415904826,0.7997598719957432,0.16017388331988125,0.00564386547377888,0.010553234794691906
231,0.041767819677477544,0.8447734362018235,0.08829244648050043,0.005903546482717902,0.01926275115748047
232,0.0511542591455046,0.8043469251126046,0.11297329938232499,0.007703291333209351,0.02382222502635656
233,0.06044325329478483,0.7660001345004964,0.14819163817790018,0.007325735479478365,0.018039238547339995
234,0.041290785435122865,0.787876913762472,0.1517504498330401,0.005932807150420353,0.013149043818944663
235,0.007872033350729201,0.4749494479514952,0.5070632854827384,0.002556609275014357,0.007558623940022896
236,0.024167413545681873,0.75126421085139,0.2068812014993046,0.004097989929664703,0.013589184173958836
237,0.014551599324085894,0.6786512795593457,0.29308136148079633,0.002790086674203701,0.010925672961568334
238,0.03358659865875832,0.675082398211073,0.2706988977202638,0.0053119830921282635,0.015320122317776621
239,0.02556338890154691,0.5572876197838539,0.4008097962693542,0.005143713728391886,0.011195481316853056
240,0.01387101901625728,0.5175459351653708,0.4535811101755217,0.004671179316391385,0.010330756326458619
241,0.024323784127413064,0.5304897063944302,0.416551241283363,0.0058478208650408125,0.022787447329752835
242,0.02758622314089772,0.5920508772387946,0.33890403932934443,0.01056117354562055,0.03089768674534279
243,0.05932917702061614,0.6029227906811953,0.2964973101599056,0.013397543524954862,0.027853178613328113
244,0.012018830578688912,0.27647506040165354,0.7047534263014444,0.003031284358865924,0.0037213983593472055
245,0.04504003029146989,0.5214255554307233,0.4023450379966279,0.012171747044976436,0.019017629236202364
246,0.005500459805572322,0.19698440386272678,0.7913100387705896,0.0020233098772216816,0.004181787683889709
247,0.009684459721540762,0.4042519359771096,0.5656667434384965,0.008404881025241989,0.0119919798376111
248,0.015537402870722737,0.32592451939467454,0.6398721144403184,0.006020969190594921,0.012644994103689312
249,0.012223855553197245,0.3679451217227341,0.6030484603164558,0.004304459741199926,0.012478102666412857
250,0.006940667050954091,0.24970658734744458,0.7348314846872281,0.0024346544318984784,0.006086606482474546
251,0.002719652926971924,0.15061981820230907,0.8417454060289664,0.0011616520428792342,0.003753470798873604
252,0.006166123220769007,0.1728375240220868,0.8031252538152512,0.004084069311887428,0.013787029630005488
253,0.010070559409113116,0.35308294086250247,0.6221403679443706,0.007343449234813872,0.007362682549199954
254,0.004769035061140555,0.23156822447192554,0.7558471282385285,0.0012765162587758559,0.00653909596962961
255,0.0031326067904138537,0.21732459725941067,0.7726040022152563,0.0012753816913355744,0.005663412043583662
256,0.03189018969538244,0.30788425872234004,0.6401406332739235,0.004496957548719857,0.015587960759634175
257,0.05360102760118192,0.2828099284219402,0.5439681634971801,0.01887139435395697,0.10074948612574092
258,0.003384221542095929,0.14369606027043533,0.8454662116684567,0.0026018532422023982,0.004851653276809785
259,0.018272499798455043,0.18364110650361604,0.7875195720085737,0.0024743277570872177,0.008092493932267943
260,0.023090052108307585,0.27591529027827866,0.6752618029751004,0.005855037701486907,0.019877816936826474
261,0.004769616066063817,0.1259375167296128,0.860962505968777,0.0032818739139882113,0.00504848732155835
262,0.004559935816634661,0.11025521295364432,0.878895734137532,0.00266066271111316,0.0036284543810760727
263,0.0016941887838895703,0.06430227347293316,0.9314522359457946,0.000783013654204656,0.0017682881431780241
264,0.0045967490935075375,0.2246756099117421,0.7641955757782994,0.0015501142597104014,0.004981950956740435
265,0.0044200147870382366,0.15883761859783652,0.8315784319267514,0.0010509530902023077,0.004112981598171653
266,0.0011125429684858974,0.07753132616181432,0.9193002341772503,0.0003622408408958591,0.0016936558515538826
267,0.0034388571614841685,0.14493631281203323,0.8445491278862168,0.0014094791432560532,0.005666222997009754
268,0.001109415482981066,0.08336673346103485,0.9123673120736763,0.0008136392109373684,0.0023428997713706027
269,0.005745692269023093,0.13082939646385977,0.8585468800518244,0.0014613189449233501,0.003416712270369163
270,0.010507313166703629,0.142635201450113,0.8278054207548847,0.007991513079217645,0.01106055154908097
271,0.0038316866961351035,0.09405767591875129,0.8966223749734937,0.001358471984370675,0.0041297904272493795
272,0.009678815956188885,0.1317816765566934,0.8468718608522033,0.002676359027905059,0.008991287607009372
273,0.017224051126303826,0.24734814594911037,0.7162971111751701,0.005955018496273746,0.013175673253141994
274,0.007111396751421278,0.2039357419462795,0.7745332854880655,0.003999932331604205,0.010419643482629326
275,0.003228261766325838,0.1400280680035737,0.8508641656404228,0.0012087282151302132,0.004670776374547634
276,0.01802524324367928,0.3161439010222023,0.6359396373189394,0.005613620627135518,0.024277597788043524
277,0.010274203290356389,0.2064875429065882,0.7724932459778213,0.0032099325149823957,0.007535075310251817
278,0.01939143332469369,0.1991145044519991,0.7638878239792999,0.0050520062971366065,0.01255423194687086
279,0.010879318645243743,0.16011774023121747,0.8159276507215548,0.0028253147968576404,0.010249975605126343
280,0.00295755922952635,0.0938553557663291,0.8980423636752609,0.0010510107404731767,0.004093710588410654
281,0.005717880061712129,0.18314861882389633,0.8035195991712335,0.0030198700397459275,0.004594031903412036
282,0.005288243576126828,0.11503399712855697,0.8692550753131562,0.0023352899056389917,0.008087394076521216
283,0.015207541993029702,0.1944242496795385,0.7594237255622528,0.0070564143392550654,0.023888068425923874
284,0.009872895971675833,0.21804633227537423,0.7616193978636285,0.0027335074595160646,0.007727866429805417
285,0.00235347728652256,0.15516991271391636,0.8362823909052524,0.0015918087566361156,0.004602410337672411
286,0.020182578488088576,0.20378599485356577,0.7553156702211627,0.010034465845271163,0.010681290591911724
287,0.012849414580702703,0.12753680731725503,0.8328179062312645,0.013741942092216092,0.01305392977856183
288,0.02956462996739943,0.22064297757428308,0.7329428115003555,0.005782635061129941,0.01106694589683225
289,0.017564035841908122,0.12982083015663826,0.8325133427065077,0.007202527211701103,0.012899264083244944
290,0.00420083538142392,0.12901283488731916,0.8616621604112111,0.0016647606899481647,0.0034594086300975845
291,0.009420428348829779,0.23972528518421354,0.7376790176870409,0.0033254854308484884,0.009849783349067337
292,0.0059694549231239045,0.14933709482320143,0.8359689280326175,0.002601021511461382,0.006123500709595843
293,0.00961285537231653,0.21733391952217387,0.7494671864019153,0.010141842917672277,0.013444195785922054
294,0.009127064220340405,0.21932429660039157,0.7575105473902354,0.0025965332279786284,0.011441558561054043
295,0.013939654097628519,0.44666566319871404,0.48964910798946226,0.010253770019857979,0.03949180469433737
296,0.029697356825354595,0.18484028144482514,0.7389940716626747,0.01536059722924639,0.03110769283789923
297,0.020629370739100913,0.32242863998578963,0.622021589874142,0.011324734942653996,0.023595664458313435
298,0.044462806770050815,0.33148684386089877,0.5910990577604013,0.008069806480600773,0.024881485128048386
299,0.2565096807025071,0.14172754671790455,0.017985793321013306,0.024256802137294073,0.559520177121281
300,0.44411836175663383,0.3680159143524911,0.029620187550015376,0.03001327643034084,0.12823225991051895
301,0.3191323749288076,0.6252499604423137,0.006536132228335987,0.006821984684869108,0.042259547715673584
302,0.23700976214370043,0.7119794497569565,0.0157963907888991,0.007489821395971692,0.02772457591447231
303,0.0192505946956634,0.9079892732243265,0.06532772911225505,0.0025516820046336906,0.004880720963121258
304,0.019725661216030185,0.8747717261194083,0.09083868494492757,0.003588529089938849,0.011075398629694965
305,0.021747897200640867,0.847152320582971,0.12166547978206108,0.005208583531830563,0.004225718902496663
306,0.012703523545267376,0.8635261134102183,0.11325352004346888,0.005412611853857434,0.005104231147188057
307,0.016946131115884295,0.7388392721498028,0.22819885970294987,0.010749366886716783,0.005266370144646022
308,0.021384026988175448,0.6717032676854593,0.2736722063055029,0.02000101640887864,0.013239482611983579
309,0.03322752641427872,0.5593991413541632,0.375487712282248,0.018920421817369776,0.012965198131940206
310,0.0416109118159221,0.5012574671287785,0.3100744404735502,0.09943614636998291,0.04762103421176627
311,0.07233801815136254,0.4807797366895262,0.19758579601350487,0.1741440882737677,0.07515236087183864
312,0.07700205049816014,0.055102208551901864,0.000722944770778433,0.12539188437516702,0.7417809118039926
313,0.18858114383484265,0.02479878588270339,7.682704124357307e-05,0.16364322546933321,0.6229000177718772
314,0.46713760488200007,0.10345340971945231,0.0002731375951152884,0.28181145508510097,0.14732439271833134
315,0.4976885837146478,0.14090953558641003,0.00021625119372382836,0.2031486351034778,0.1580369944017405
316,0.4391324467894098,0.12492272114265283,0.00039214887291332836,0.18917729152409993,0.24637539167092395
317,0.3190842271332338,0.1617661838775117,0.0005605453233388236,0.4271086924544224,0.0914803512114932
318,0.3107017937536741,0.18406318804790187,0.0004240455534495242,0.4627769321123584,0.04203404053261599
319,0.27550784768121755,0.16474386593712415,0.00010786963454916554,0.5366789032779186,0.022961513469190658
320,0.10533216084993094,0.4943614468684186,0.0003924656188132984,0.3791391524783461,0.020774774184491026
321,0.06597291076768204,0.7196610616520431,0.0020763910340553713,0.20144807646859875,0.010841560077620745
322,0.12377402346189761,0.39139240560424254,0.003117841902794877,0.44843904522153555,0.033276683809529604
323,0.10540627794814009,0.2567181438278168,0.00017858239959816417,0.6214478322464599,0.016249163577984928
324,0.08642216072946364,0.4967957643471853,0.0004927243547765359,0.39870263248130516,0.017586718087269484
325,0.11760040413102668,0.4482570964330595,0.0006984230969047635,0.3995039637829197,0.033940112556089364
326,0.10860322913718144,0.3445173716133006,0.0013538741073875914,0.5294116038200481,0.016113921322082177
327,0.0919122245119855,0.39415521043685203,0.0008270303710755298,0.47859143309529145,0.034514101584795384
328,0.06422851580299327,0.45459997592322887,0.0008135349524918824,0.4646282546690115,0.015729718652274505
329,0.08640234525777722,0.2690018043670911,0.0014339016668532005,0.6118145439820134,0.03134740472626515
330,0.07609284121606202,0.16681941029071928,0.00011616101532568026,0.7221073720920833,0.03486421538580958
331,0.05411987090077489,0.054567794597987024,8.010121419643072e-05,0.8624509256547505,0.02878130763229131
332,0.03778347589587341,0.06713761899634206,0.00014967122134780557,0.8648925545654048,0.03003667932103194
333,0.0576524183572857,0.0487897702875078,5.165147075595967e-05,0.8726564672609326,0.02084969262351807
334,0.09424513576230288,0.09673677164939014,6.880298095597745e-05,0.7508829625471256,0.05806632706022545
335,0.08050422236457647,0.10558329393050601,8.56476396371406e-05,0.7861847375534369,0.027642098511843505
336,0.054623116386063694,0.08153885240818078,0.00014115162234740368,0.6873211716825395,0.17637570790086865
337,0.07983361813165918,0.0927184285075479,5.107707343264125e-05,0.7953155320484029,0.032081344238957366
338,0.05723666675788293,0.06490282027213937,0.0001098506950454189,0.8412009044872899,0.036549757787642405
339,0.05293822469697716,0.029793598978133995,4.9107062659771336e-05,0.8943558719302214,0.0228631973320078
340,0.03503143664008101,0.02928092531790158,4.58763649072023e-05,0.9099794204167312,0.02566234126037908
341,0.055386269697507325,0.049982050262483174,7.784721017105245e-05,0.8546279792350356,0.03992585359480287
342,0.060760054431514686,0.0643855653737125,4.635229901206734e-05,0.8530015879614421,0.021806439934318522
343,0.08936858441177058,0.05305401622421363,4.994034158739348e-05,0.8155928514075295,0.04193460761489889
344,0.08020018642154099,0.03405321075632629,5.650441922091584e-05,0.833090978010218,0.05259912039269362
345,0.107085577568237,0.10063714776676679,7.910457333037038e-05,0.7406231276283073,0.05157504246335867
346,0.13722521308565266,0.24405997096180662,0.00025963528292528024,0.5327277570046831,0.08572742366493229
347,0.10549824132031738,0.12428430274792683,0.000205491948477829,0.4906551728019118,0.27935679118136614
348,0.07899517906210689,0.2535261465617553,0.0005949267606709274,0.26302572101257243,0.40385802660289444
349,0.07421011396691149,0.07585625534934973,0.00019946092880195098,0.12328034327076805,0.7264538264841688
350,0.25898099267515684,0.07503114998124949,0.00016016625388327852,0.19826105664026644,0.467566634449444
351,0.3576203140724956,0.13608610170603921,0.0002046918048140224,0.3215380732401049,0.18455081917654614
352,0.3371884493545974,0.3931120654412428,0.00044368572801774177,0.18543081603827022,0.0838249834378718
353,0.16078383026708262,0.5539428211371181,0.00028146230366372384,0.26032422325221954,0.024667663039916046
354,0.1357352131717122,0.516050866209726,0.0008299257457925556,0.28204735652655427,0.06533663834621506
355,0.22446278453583887,0.3505342245036401,0.0009231140047994357,0.26757163382339577,0.1565082431323259
356,0.14134203992940056,0.5391702630182686,0.0015449311697599726,0.28577656880231683,0.03216619708025387
357,0.12938619948097732,0.6788658279054823,0.0005570694650084375,0.16528936957898366,0.02590153356954829
358,0.14144886937912185,0.6056766220297022,0.00033293964728223685,0.21573401016514795,0.036807558778745926
359,0.169371006963152,0.5783659487685004,0.002077925733843738,0.19376975262464347,0.056415365909860314
360,0.05147708320365676,0.858439680231599,0.0015019773800774303,0.0745309345971529,0.014050324587513955
361,0.17379219597883902,0.5895249534503146,0.0008747677613963401,0.16935622748864101,0.06645185532080904
362,0.0685730710406852,0.7346158746755055,0.005552644349767966,0.15279440095334115,0.038464008980700085
363,0.1880634132923292,0.5333382286205957,0.0007926935512840393,0.22679644582771655,0.05100921870807453
364,0.19025484106162346,0.41373366706089,0.0007086371772066305,0.37201838398832965,0.023284470711950205
365,0.05311870379054036,0.7302780547406275,0.02422752539012078,0.1333127364467433,0.059062979631968056
366,0.2273968904157761,0.3720598868092816,0.0005822690740886614,0.32608706890629585,0.07387388479455785
367,0.26333752101355656,0.3617444928622269,0.0006637828878507092,0.2993208224351899,0.07493338080117593
368,0.26786285351485434,0.46002070456280364,0.0011884154271013074,0.18608735813057775,0.08484066836466306
369,0.22498621178866748,0.6330677181183946,0.0012365838534301485,0.11492314885613462,0.025786337383373225
370,0.09902578391411954,0.8176844473960913,0.003585262836284105,0.07081055531142166,0.008893950542083378
371,0.051291333120402204,0.9047400175696043,0.0027752489081448693,0.03293169887190918,0.008261701529939438
372,0.030090230251283896,0.8834610219369969,0.0023272024364267337,0.08061383899316168,0.003507706382130935
373,0.04209950416920935,0.8557462229660379,0.0020581046277374946,0.09521878243712167,0.00487738579989373
374,0.1231148323622267,0.6951889745725723,0.0020752043448315173,0.16957961346257092,0.01004137525779852
375,0.07168891044208928,0.8195099743808574,0.0039198405410993085,0.09044178681927291,0.014439487816681201
376,0.03592576156268731,0.9205168818614782,0.006693067906212587,0.02528260198543621,0.011581686684185813
