epoch,N1,N2,N3,R,W
0,0.0023767784904271867,0.005581019251964516,0.0014716795289396822,0.0009923062193851538,0.9895782165092833
1,0.04041146406875192,0.014178002432679105,0.00032730518630987493,0.002346250571093364,0.9427369777411658
2,0.0009535730226583303,0.002453026835699225,0.0003225095972219487,0.00012127483796670388,0.9961496157064538
3,0.0020769776023043395,0.0018488971284784312,0.00011393465554607319,0.000292832670208497,0.9956673579434626
4,0.006788125017650973,0.002205218567466114,0.00013081068013094405,0.00038769120843331223,0.9904881545263188
5,0.011960976596645282,0.0008335105696444711,1.3662466551003664e-05,0.0016913545782052065,0.9855004957889542
6,0.09465847372742445,0.006213600712968765,1.3391004610559111e-05,0.00558939455941103,0.8935251399955851
7,0.0546792011303784,0.0017988982344990818,5.476182537833521e-06,0.002183345163216575,0.9413330792893682
8,0.04124642129379875,0.0045139455993430805,2.2579040547499164e-05,0.000859114288887029,0.9533579397774236
9,0.0014032513604850794,0.0005540370883661615,4.097747488921914e-05,8.371913961219427e-05,0.9979180149366473
10,0.029453657501914275,0.0009352705490116467,4.8547090762121265e-06,0.0006268694211523385,0.9689793478188455
11,0.025479205204513508,0.0014883775879526258,2.748910240902976e-06,0.0004253874904585964,0.9726042808068344
12,0.04658594012510545,0.0028858032328092434,7.650273563623456e-06,0.0010145173467093138,0.9495060890218124
13,0.19712318804310672,0.007522376979503869,2.6854502869021537e-05,0.0020715701736378684,0.7932560103008826
14,0.004861625219363078,0.0019938950881452557,1.252658871401217e-05,7.461921656783749e-05,0.9930573338872098
15,0.0766681409881875,0.004093641240900936,1.337250824632034e-05,0.0017245493608640781,0.917500295901801
16,0.07995106652566741,0.013547680026679863,5.4610811249184644e-05,0.001094864483141006,0.9053517781532625
17,0.20656820242818189,0.012930888945063463,7.55517686465152e-05,0.003397049243730202,0.7770283076143779
18,0.3839667617632675,0.015239965627504595,0.00012145796316437314,0.0019254942120424856,0.5987463204340211
19,0.21720383496720996,0.04271466566888652,0.000675400678860297,0.002033424821449457,0.7373726738635938
20,0.1607277579513853,0.056113037938282796,0.005809970600827328,0.0017934467994777526,0.7755557867100269
21,0.11040534868774737,0.04832767396153694,0.001159679786698155,0.005087293943711827,0.8350200036203056
22,0.005398551275525452,0.015004055600307669,0.0015397117030304837,0.0008323955393103198,0.9772252858818261
23,0.12686405428891256,0.06998436625662297,0.0018370380171668739,0.026353866942497292,0.7749606744948003
24,0.22911185468676587,0.10428846524663968,0.0021187312250309774,0.03416309270754323,0.6303178561340202
25,0.30438199211783046,0.097362624944606,0.0018680041555944413,0.019236080392359297,0.5771512983896098
26,0.16630139039085964,0.1373704025476815,0.0009680233541668017,0.1456585037879843,0.5497016799193077
27,0.37420602604150066,0.21063102406358142,0.0015513827769078098,0.02083330564621055,0.3927782614717996
28,0.04086184390030873,0.15726662002536165,0.003187789651420863,0.006715391938319943,0.7919683544845889
29,0.03217666548638596,0.865038338717093,0.010786535461715917,0.008975811949900348,0.08302264838490475
30,0.042047182066870366,0.7073420023569189,0.007690989720308259,0.009635034828618539,0.23328479102728394
31,0.016338720960515342,0.043687225094568294,0.0005606923226748197,0.004317843129942833,0.9350955184922987
32,0.0885235409408343,0.8449739977603472,0.0087003161678746,0.004788599644301381,0.0530135454866426
33,0.05999367059476175,0.7619946131945716,0.04466657191450611,0.0020903508566148437,0.13125479343954569
34,0.2545600618952752,0.34219009084977553,0.010242917976430873,0.005186288861377732,0.3878206404171407
35,0.09489319632122643,0.7675811987548531,0.020350836096658304,0.002681391612003342,0.1144933772152589
36,0.0911037786489889,0.7385353884504487,0.05051067863267773,0.0018133282231688867,0.11803682604471571
37,0.0920699733738368,0.6673838289327134,0.027681603591117255,0.0019993684659018137,0.21086522563643076
38,0.5150311756057139,0.26819628853352073,0.003570481668354985,0.005226168742369569,0.2079758854500408
39,0.10798246999373215,0.8561229701040693,0.009900234855262093,0.0015396300597872068,0.02445469498714933
40,0.05951414390030469,0.8131110783581749,0.08581005101000103,0.0006455881427775334,0.04091913858874188
41,0.0885071982158974,0.8690899908611683,0.013541492957542476,0.0012827843079922553,0.027578533657399342
42,0.11693614168794617,0.5973484853924892,0.028457956608330347,0.0009494331843490976,0.25630798312688513
43,0.03622234913333524,0.9077451654888561,0.032608469137418036,0.00018205406498011535,0.023241962175410736
44,0.029097570949042556,0.8538782938524416,0.10510208875714719,0.00013702210371685102,0.011785024337651684
45,0.032991412689164654,0.9020833581102011,0.05893429021997178,0.00012504031996079073,0.005865898660701819
46,0.03925787883329698,0.9200060121050164,0.0315153735413328,0.0004942926614267174,0.008726442858926965
47,0.008599306362521921,0.8179297666320282,0.1671835835999932,0.00021230471376295233,0.006075038691693842
48,0.01810650473464662,0.8180262155779885,0.15172685167617841,0.000228085937558747,0.011912342073627737
49,0.017936285419209812,0.7850966017132651,0.19380316931390776,0.0003115258428149695,0.0028524177108024515
50,0.004664542157609015,0.7297503601943744,0.2621792524772805,0.00015202545838058842,0.0032538197123554054
51,0.009817930760346687,0.6038571149653963,0.37985774210487044,0.00032000955548790085,0.006147202613898725
52,0.007377415005754924,0.6872024416822404,0.29297552597114623,0.0002770276677333944,0.012167589673125123
53,0.00417827611304966,0.5865494721781146,0.40049795325398874,0.0002187001767841722,0.008555598278062805
54,0.012108051726150433,0.0257250510182408,0.013878331597392062,7.977026379785635e-05,0.9482087953944188
55,0.029880112536236583,0.760831762679283,0.15820806867072224,0.00021456025412814402,0.05086549585963007
56,0.01617802692458406,0.7592231888096016,0.19897470071786744,0.0001345754747295532,0.02548950807321714
57,0.03250118695394321,0.09878814724006138,0.02263168888129912,4.966730018679379e-05,0.8460293096245094
58,0.08376294271368909,0.03785389822436662,0.0005509558342234145,0.00022933656152524114,0.8776028666661957
59,0.12400441608073538,0.8577625691392782,0.003884053844854136,0.00044183747942854877,0.013907123455703921
60,0.10108080025256336,0.8592104377362384,0.03239502902604733,0.0001924064803681704,0.007121326504782893
61,0.0639068934231475,0.9199945663676735,0.0025675489246105073,0.0003395460603466286,0.013191445224221929
62,0.01551888911256686,0.863305041489706,0.11205705883112915,0.00015836208824517245,0.008960648478352743
63,0.09743387374698995,0.7974924389897641,0.08912536554604039,0.0007895267626293843,0.015158794954576036
64,0.02039357913614674,0.7951761929653034,0.17930275718764735,0.0003939775409416037,0.004733493169960749
65,0.041499968639916146,0.7697264002656685,0.1817776528376614,0.0010174604546461018,0.005978517802107889
66,0.035779043508519605,0.8344608498059941,0.1145747182800482,0.0010602485990276556,0.014125139806410485
67,0.01553041939609243,0.7265986541996264,0.25229271836720146,0.0004128150789873028,0.005165392958092574
68,0.007778658569026527,0.5769050098808739,0.4127120713620497,0.00014679529389894947,0.002457464894151002
69,0.0031265306361549132,0.24730238114331127,0.7473436761368382,4.4788638229789146e-05,0.002182623445465827
70,0.0013636973961744959,0.21808093463245123,0.779391197310388,1.937542216634597e-05,0.0011447952388197768
71,0.00037375606270655625,0.10592203596468784,0.8922097467036089,1.0794798619473365e-05,0.0014836664703771789
72,0.00028821554483400244,0.04678117908959447,0.9521263653458711,5.235296177452736e-06,0.0007990047235227803
73,0.0002710301076626134,0.03666028548009879,0.9623817520304735,9.640885452795233e-06,0.0006772914963122958
74,0.00016478880738742257,0.029191723657891636,0.9699657953590821,7.548613464803462e-06,0.000670143562173962
75,0.00015806402758879247,0.02853109236882595,0.9705608792896967,6.9591423208744575e-06,0.000743005171567646
76,8.108098356505399e-05,0.0188767562538196,0.9806366966575891,5.462108835382435e-06,0.00040000399619066534
77,0.00018364436691680887,0.04448124878661147,0.9544279940452979,1.159884353481219e-05,0.0008955139576391359
78,0.0001873788387085037,0.04673250405175822,0.9510820054449994,1.4873642897027487e-05,0.0019832380216367653
79,0.00023107886327475925,0.033125255930943724,0.965228624770893,3.6410419018557955e-05,0.001378630015869825
80,0.0008074829867124339,0.07297176934666301,0.9206287465531028,0.000289348410731565,0.005302652702790059
81,0.0008623522024355704,0.050153401256451534,0.9449576777926222,0.00026664796204195414,0.003759920786448591
82,0.0014830582405615338,0.05506621249275105,0.93517199916119,0.0003844275348745962,0.007894302570622734
83,0.0030057705201749487,0.010657806469029607,0.0042948151832207905,0.0003635593605575773,0.9816780484670171
84,0.05225853392486836,0.6414351550757544,0.07633811312083354,0.0015559007483013935,0.22841229713024225
85,0.012185305440962331,0.5316320781843387,0.42557480837875944,0.00040062352952467564,0.030207184466414867
86,0.07784231362461223,0.6194092269164013,0.1289748556641681,0.0003961841021843075,0.17337741969263415
87,0.1293406116124225,0.596100012155747,0.028170297830789295,0.002082800863721346,0.2443062775373197
88,0.027796090290272777,0.9339264210219502,0.019024781693465265,0.0004431979532764054,0.01880950904103555
89,0.03479301527907486,0.907214825844509,0.05296749800039046,0.00014980517636116036,0.004874855699664615
90,0.03378607025909645,0.889282690466076,0.07055367004182059,0.00017045343859900013,0.006207115794408155
91,0.006652539565620784,0.79915937429463,0.19093113092206035,0.0001812702743644277,0.0030756849433243487
92,0.01796752042967915,0.7636528124589692,0.2103098822430699,0.00029789165289560265,0.007771893215386217
93,0.10273796079530476,0.8265929277862359,0.05954204907113094,0.0010956021003640124,0.01003146024696422
94,0.011665910172553431,0.8690011824919812,0.11780728998368827,0.0002493619558635895,0.0012762553959134839
95,0.011516834022002915,0.744996815996994,0.2412634604525982,0.00028048526563412984,0.0019424042627706182
96,0.005026908790529705,0.6906790864476401,0.30113292763773586,0.0009435984691384292,0.0022174786549559464
97,0.004098273512867843,0.45482424223396956,0.5388585575955412,0.0008827848475896127,0.0013361418100318702
98,0.003167035656499909,0.512795652369345,0.4825614997854756,0.0002045914960127732,0.001271220692666759
99,0.0015688671220732324,0.23234636304522113,0.764787148752233,5.931498482422361e-05,0.0012383060956482938
100,0.0014257154162846664,0.2450908993184714,0.7522401026859549,0.00010400411813075811,0.0011392784611583499
101,0.0013746495726164956,0.26841037828939185,0.7285051020253492,6.478091281456237e-05,0.0016450891998277587
102,0.008791662364119464,0.1998954594094969,0.7857198150924386,0.0007084557040481362,0.004884607429896941
103,0.07386909696596448,0.5211679665837287,0.39353523849612093,0.0008277816295057648,0.010599916324680162
104,0.01780314356187285,0.37071546022315854,0.5908188472772156,0.0005996037226416176,0.020062945215111486
105,0.008501636661940676,0.7425228687310819,0.24318835214995577,0.0005931023200919187,0.0051940401369296365
106,0.004423214005792394,0.2723701623352269,0.7214496895574452,0.00011679032632815487,0.0016401437752075253
107,0.0009732989156742825,0.23870927674419382,0.7590693115241961,0.00019709861441675114,0.0010510142015192148
108,0.017545914218221065,0.31918606664101873,0.6247507454820884,0.000719005454845711,0.03779826820382626
109,0.0024702634218748223,0.1976783391691728,0.7987042415161297,6.542225157216746e-05,0.0010817336412504224
110,0.0009134762646006538,0.11947010201565093,0.8789396049135948,2.2459332193013084e-05,0.0006543574739604757
111,0.0002617882197359455,0.04760737635852885,0.9512605911807928,1.4867255831200717e-05,0.0008553769851111797
112,0.0006775215484863674,0.07625285557755634,0.9221240005689951,2.4639433229775607e-05,0.0009209828717323564
113,0.0021526776298637896,0.09659216653558977,0.8977758485211518,6.529318963630995e-05,0.00341401412375839
114,0.0003844905188018649,0.05867566963867037,0.9399280246787467,1.2718448665431707e-05,0.0009990967151158527
115,0.0011702961434894457,0.07975226851934063,0.9182588867732373,1.3317803201051784e-05,0.0008052307607316499
116,0.0001475734696162293,0.03823968427675779,0.961278145332016,6.685098088603482e-06,0.0003279118235212983
117,0.00027061179655718623,0.03487006112537503,0.9644394026212099,1.2843702221043343e-05,0.00040708075463695024
118,5.2908630575798624e-05,0.007300925907139516,0.9924969818654119,3.873916004517409e-06,0.00014530968086814416
119,0.00015519334011493066,0.018005721598924763,0.9811765780496575,3.341844871969951e-05,0.0006290885625831555
120,0.00010486477890821832,0.011923644743535503,0.9873952598775477,1.2996291427232512e-05,0.0005632343085815912
121,6.013099357752209e-05,0.010153135454867122,0.989469563839702,3.978478530914721e-06,0.00031319123332232136
122,2.8159443133297085e-05,0.007109106524665934,0.9927255909644299,2.1588043987770643e-06,0.00013498426337204216
123,6.376486707001463e-05,0.008680343730704225,0.991016660397435,3.1588086376323122e-06,0.00023607219615314468
124,3.1439635528713567e-05,0.00607343841229234,0.9937764829401149,1.911158289328485e-06,0.00011672785377468795
125,2.1573937996148095e-05,0.006746614871981302,0.9931378625180561,1.1437461448808914e-06,9.280492582149117e-05
126,3.4680922791763325e-05,0.005626744733136757,0.9941637175309535,2.400276335145438e-06,0.00017245653678269173
127,6.447520581219394e-05,0.013168978263585695,0.9863277044182794,5.76961062445081e-06,0.00043307250169803165
128,3.313161695545373e-05,0.0071224981680525845,0.992529985022808,4.547953037089018e-06,0.0003098372391467175
129,3.949742435891464e-05,0.004186459328195357,0.9954218109609658,3.3166183692474363e-06,0.00034891566811064275
130,5.132260741050683e-05,0.013282986955165,0.9863618756999134,2.6974317931250096e-06,0.00030111730571794407
131,4.649765755656874e-05,0.006488199575249011,0.9931200326587568,6.155420621881545e-06,0.000339114687815668
132,0.0001477957723124131,0.013950717110464833,0.9847275691037944,2.5641340858056238e-05,0.0011482766725701191
133,7.48200269486475e-05,0.012256529218000594,0.9874289218138336,7.1317150413978095e-06,0.00023259722617579147
134,7.185414356827735e-05,0.011562333991973817,0.9880829571920137,5.987503927697498e-06,0.00027686716851640415
135,0.00010187190776810025,0.010504198509496505,0.9888652923337367,1.3728152675482011e-05,0.0005149090963233254
136,5.325999171821835e-05,0.006662063811919009,0.9928401022657897,6.15160389182028e-06,0.00043842232668131546
137,0.00014125758551715748,0.01822248129095014,0.9809476552548072,1.4203364873279444e-05,0.0006744025038521358
138,0.00010312796921525583,0.008929768232942718,0.9903191882617232,9.726008880870082e-06,0.0006381895272380576
139,8.25571761119735e-05,0.010716266664220764,0.9885937458656079,5.4414227623771765e-06,0.0006019888712969037
140,8.090308150737219e-05,0.01123725750906024,0.9882551295134255,5.80944762297541e-06,0.00042090044838391137
141,6.087825726417356e-05,0.009346144494507169,0.9902801703316487,4.600773390233944e-06,0.0003082061431895942
142,0.0001030599460658508,0.013127405765866504,0.9859652556295779,1.0630451525459635e-05,0.0007936482069641683
143,4.14521897455739e-05,0.007575629786409261,0.9919251566150064,4.559434415000555e-06,0.000453201974424012
144,5.779484105241312e-05,0.005807610085143101,0.9937448942758391,4.372657934535216e-06,0.0003853281400309093
145,2.7475011030014715e-05,0.004891597853978483,0.9948707002236052,1.9459615840480404e-06,0.00020828094980209584
146,3.265026323424413e-05,0.0033919833417336955,0.9962987333322989,3.935755975793788e-06,0.0002726973067574879
147,4.781971235847943e-05,0.004421526015442985,0.9951690149955005,3.3499907699621197e-06,0.0003582892859280402
148,3.9138616267605696e-05,0.004469650685559431,0.9952658822052305,2.592911865260431e-06,0.00022273558107718968
149,3.0397027278250246e-05,0.002396955968678615,0.9972459177331487,4.031985515749584e-06,0.00032269728537866367
150,3.424271514368929e-05,0.0018087839443047076,0.9978551434909496,2.8567776220856095e-06,0.0002989730719798314
151,2.3114461109995204e-05,0.002610332991337571,0.9971619169743438,2.417574019011025e-06,0.00020221799918976752
152,8.238312052604885e-05,0.005017173746527727,0.9944304277560316,9.371090991916134e-06,0.00046064428592267146
153,3.9984488584871476e-05,0.0055046667149936095,0.9942568534319804,3.248838728319635e-06,0.00019524652571271134
154,3.6750516399388486e-05,0.00613673377894977,0.9937017894692668,3.834103229849393e-06,0.00012089213215424562
155,6.588286495246267e-05,0.008470334969467135,0.9911694799786551,4.533121228494011e-06,0.0002897690656967812
156,4.0334824298159376e-05,0.0062339290690036015,0.9935763369539568,3.190930054354379e-06,0.00014620822268713077
157,3.945353961281129e-05,0.006262238861702328,0.993414222541854,6.266639243049996e-06,0.0002778184175879394
158,5.892518358638514e-05,0.007512857792233966,0.992224610321822,4.694529211896123e-06,0.00019891217314571503
159,0.00010558511343579853,0.006661972946429427,0.9918998305788943,1.9710296754370906e-05,0.0013129010644858878
160,0.00012278607535090827,0.012736164963309303,0.9867012183182926,1.658833068466799e-05,0.0004232423123624942
161,0.00028826371023324556,0.02047035357605428,0.9784871213795396,3.5240673141610094e-05,0.0007190206610310385
162,0.0014984809005427026,0.038394727890660334,0.9549410817521636,0.0002638898823157599,0.004901819574317524
163,0.10992475413595833,0.32844512569119544,0.11970547858057137,0.009757408371868682,0.43216723322040623
164,0.015808086564802475,0.3709807546950178,0.6021098765099963,0.0021498167975083295,0.008951465432675125
165,0.04323869388345823,0.5877960116441648,0.35317050293291974,0.0019346741693880422,0.01386011737006912
166,0.04971199086555624,0.6407570809886505,0.3010098896230263,0.0012440151798620135,0.007277023342904866
167,0.003173100285208921,0.8118757454730119,0.1821009973630445,0.0009210739567673859,0.00192908292196723
168,0.010845519306887586,0.8873630912356548,0.09808801003156203,0.0019706544066354524,0.0017327250192600916
169,0.003525235190429598,0.4064817310205329,0.5877729855538921,0.000760204652716012,0.0014598435824293963
170,0.006780323168867197,0.6250522581668423,0.3648675876751372,0.002016021662020883,0.0012838093271324092
171,0.0033279833641368106,0.31355764772765854,0.6815137477606629,0.0010918457030453016,0.000508775444496345
172,0.005400392299691637,0.2763801002924831,0.7140641569050127,0.003343376834153593,0.0008119736686591027
173,0.006160339558191597,0.46088188348953746,0.5262037854550985,0.005032288999387214,0.0017217024977851884
174,0.006773092253578332,0.5877510046124869,0.395513688674149,0.008000990258235918,0.0019612242015498234
175,0.013910806759629683,0.5602312919643274,0.40283936833453465,0.017602486834283393,0.005416046107224944
176,0.042685603461109604,0.8429346040959158,0.07577050800138245,0.030222094032205892,0.008387190409386257
177,0.007727574870689048,0.8248688448550492,0.11958093624214453,0.041922070728740254,0.005900573303376882
178,0.07541480476416648,0.6329409951324021,0.07351186575994739,0.18860109647895193,0.02953123786453207
179,0.03317138661948293,0.6250488460414064,0.0058106640964308886,0.32587128735275867,0.010097815889920947
180,0.11019726393120965,0.3268223682214986,0.0019964164107583913,0.4321221006263169,0.12886185081021656
181,0.10512520620727457,0.6895814378240223,0.1450285271413985,0.023025666090605405,0.03723916273669931
182,0.15166943767741214,0.49898080619576846,0.008125732735630322,0.13661325376141534,0.20461076962977368
183,0.14300176210725354,0.332945256008355,0.0024408323274182522,0.38027483675732615,0.14133731279964704
184,0.025599634041834882,0.8236632457679252,0.013124085563878618,0.12264833740433215,0.014964697222029345
185,0.07481134541681067,0.7434486122019844,0.03364801034188776,0.10999277415468921,0.03809925788462796
186,0.029812819579596184,0.7387102239754605,0.0018696758427299601,0.21981155739877553,0.009795723203438049
187,0.01439956712263035,0.8947137625769708,0.01800236294778821,0.06609962765909001,0.006784679693520538
188,0.1084377247092831,0.5556138915179983,0.005906871014221216,0.3058608396987379,0.024180673059759378
189,0.12383596119190561,0.20916593571957712,0.0022547656281233694,0.6482213430612338,0.016521994399160144
190,0.03706104757457681,0.5276072974791154,0.0027664048420941775,0.41477686798458496,0.017788382119628708
191,0.07619729209926412,0.6041010799800823,0.01518011003463938,0.28463597437864596,0.0198855435073682
192,0.05843231640726263,0.2376876185143971,0.0035042111752136107,0.6893689889257992,0.011006864977327455
193,0.03486612550216354,0.305266859504761,0.003431892078435906,0.6462059182114308,0.010229204703208615
194,0.043604116836937226,0.0963220887086082,0.0006767571384339333,0.8465382312795966,0.012858806036424048
195,0.13143451295944655,0.23378821614989514,0.00375080979786928,0.5927894576125473,0.03823700348024173
196,0.08425621622823654,0.5687572087414231,0.007126962684421474,0.30452767069498593,0.035331941650932806
197,0.05082397047579905,0.6490475168309342,0.01830094906592757,0.26305253263011974,0.01877503099721951
198,0.1391385784628835,0.21015152749469942,0.002459592066513051,0.6061739832987686,0.042076318677135655
199,0.09282460664228105,0.23579600729626454,0.0017677862782226662,0.6375861827841978,0.03202541699903403
200,0.05950087248758177,0.1604751283514195,0.0010685708282731914,0.7277797025906944,0.05117572574203119
201,0.15682220694796065,0.18559700219207173,0.0011112493989248547,0.6310794758220429,0.025390065638999766
202,0.1826277202203465,0.5913101794731349,0.0126603779915209,0.18506644402445568,0.02833527829054193
203,0.07030215803168763,0.8363682919840228,0.015749830414305034,0.07013122172991082,0.0074484978400738465
204,0.07768852807654648,0.8400145614363295,0.0033301430011108196,0.05807441842159417,0.02089234906441892
205,0.039023913887652736,0.899823051643788,0.0031193741919318166,0.047559640609907146,0.010474019666720482
206,0.018388870204986453,0.9611905261890421,0.005258446859705693,0.005420527258924647,0.009741629487341055
207,0.02740157855895846,0.957600660210864,0.006987884803381459,0.002946531599936409,0.00506334482685972
208,0.01247318992733552,0.9767206348224069,0.0021384739194710606,0.0015105416273241941,0.007157159703462181
209,0.03189849081518996,0.936978438975044,0.0029447521012105184,0.008606820338134676,0.019571497770420915
210,0.022129468727665042,0.9416285521948161,0.0090971828551676,0.003209649914665523,0.023935146307685545
211,0.03752663426146528,0.9355046823348102,0.007164471690151546,0.005680993717240328,0.014123217996332801
212,0.035713232093275836,0.9204036113422431,0.00928513079970623,0.006366330972569473,0.028231694792205428
213,0.029949211590311733,0.9140711835145465,0.011153989053035907,0.01123374738083672,0.033591868461269166
214,0.030714593403064386,0.5682061234692569,0.01770288706660423,0.004953335398581873,0.3784230606624926
215,0.06616209424082244,0.028561226662280403,0.000545868079088576,0.028628451862756137,0.8761023591550524
216,0.2567889493526783,0.12400707066190991,0.0006187204206523553,0.02140398871170098,0.5971812708530584
217,0.11297282753893495,0.7394602255212022,0.007033314452635277,0.02268270620112816,0.11785092628609947
218,0.6371008929791492,0.2043720980676987,0.0003362206615561761,0.03870981095752061,0.1194809773340754
219,0.06379850224859637,0.8933846357426729,0.00027227448808615225,0.017748985867818517,0.024795601652826245
220,0.02934450294133441,0.9077223318150553,0.004536380099416227,0.006877975165404172,0.05151880997878983
221,0.033939519539855925,0.9446158192568563,0.0021114991214380686,0.004657556933161073,0.014675605148688532
222,0.011818221275975687,0.9801215400353631,0.0011519714992895694,0.0019379122388635305,0.004970354950508146
223,0.04370876161643192,0.923056861626112,0.0019400890539314432,0.014640347493432881,0.01665394021009167
224,0.014279762584983178,0.9523812485853407,0.026604113652214312,0.0026924974142448475,0.004042377763216843
225,0.046144543814793715,0.9309065327923259,0.004930800357428106,0.006113865696183964,0.01190425733926843
226,0.006151236916829152,0.969127400794483,0.020183710259156513,0.0013511485496067676,0.003186503479924533
227,0.029020538753901988,0.9489073512983268,0.00996909143171769,0.00311894755160869,0.00898407096444497
228,0.054379437856247485,0.9070718662153434,0.02403415632329962,0.005499344851315498,0.009015194753794057
229,0.010588461565123622,0.9302254857476283,0.054759427811364184,0.0014887559579075196,0.00293786891797633
230,0.058908637090510786,0.9068201434456551,0.010716183886931576,0.008258402593326455,0.01529663298357602
231,0.006618089332420059,0.8646248085830138,0.12368895787971974,0.0010776463060529267,0.0039904978987932455
232,0.02109879510671553,0.9220560864877027,0.04624960673189733,0.0031550398709068498,0.007440471802777672
233,0.013271059396338138,0.9330578371239449,0.04481872159578442,0.0045359818920578865,0.004316399991874589
234,0.012835448025250119,0.9114724780108886,0.06756407698505836,0.0027191753106215384,0.005408821668181408
235,0.029167604383347007,0.8655594835404854,0.08656493975628365,0.003009627802655941,0.015698344517228183
236,0.03560202599751427,0.8656224965314044,0.0758366575545808,0.00202482882178687,0.020913991094713653
237,0.00620780544155833,0.6557853035636446,0.334496133024523,0.0008566185411098407,0.0026541394291641814
238,0.003649455591977616,0.7057661828313989,0.28769171837339913,0.0005324723257842553,0.0023601708774402424
239,0.0033464659923681667,0.5351278307821984,0.4590054337338091,0.0003265641465755675,0.0021937053450486665
240,0.001801755696707583,0.5137926315467489,0.48315567674037774,0.0001450112063187516,0.0011049248098471119
241,0.001383249143472637,0.3655407724234846,0.6322803191062709,8.290175658045928e-05,0.0007127575701914387
242,0.0029942089012454814,0.5412394183205577,0.4534053257835072,0.0003291087020207835,0.002031938292668871
243,0.001123459173491724,0.3428329425803107,0.6550363652246437,0.00011204675724677866,0.0008951862643071364
244,0.000970167555198371,0.33523697464002544,0.6631831570835505,3.311271529241009e-05,0.0005765880059333524
245,0.0006609662530041303,0.18053447320840593,0.818354506262724,3.480853646669675e-05,0.00041524573939927993
246,0.0017443433242868515,0.433428166232897,0.5622667248140721,0.0005510057810600071,0.0020097598476839043
247,0.004404432110660619,0.14489689188076754,0.84391693526321,0.0021960048673777184,0.004585735877984134
248,0.0003929632483884654,0.04412561151873368,0.9547988526791633,0.00016285014895573775,0.0005197224047590753
249,0.0005642156594571888,0.05199776319568028,0.946467038338547,0.00024801573481863864,0.0007229670714969406
250,0.004021925226942964,0.07339764615392176,0.9097396050410946,0.0029050202371687967,0.009935803340871704
251,0.005213793708329665,0.08712513809424949,0.9002373697166803,0.0013500695323060863,0.006073628948434596
252,0.004485130139426091,0.0785968050929139,0.9132851363987295,0.0004015139490358075,0.0032314144198945264
253,0.00906490819866654,0.05890906466931075,0.9085511678395185,0.0021600262493585826,0.021314833043145683
254,0.007039376614230998,0.07552377181879509,0.882093937481689,0.0013280538510938129,0.034014860234191056
255,0.0016172805836244066,0.14154075900773874,0.8501451322637865,0.00039886862931162427,0.0062979595155386765
256,0.008824161490824914,0.08285185138227694,0.8944788475364076,0.0013932848050553235,0.012451854785435108
257,0.006938648165037982,0.09257867885866501,0.8814571379602215,0.0011451295657617805,0.017880405450313722
258,0.01114091358190471,0.0602278709235395,0.9111535794531518,0.0006745906380476428,0.01680304540335605
259,0.008932633152533592,0.10923881081222564,0.8696946819350525,0.0007503262472563441,0.011383547852931827
260,0.02675968379416323,0.06054293470882214,0.9050695514182026,0.0005081842727983701,0.007119645806013632
261,0.004011774357880521,0.05119868991497756,0.9404255488789965,0.00021515059704347707,0.004148836251102083
262,0.013504314493353617,0.06577656387356264,0.9117023344081483,0.0006650661597188426,0.00835172106521687
263,0.005248247957155077,0.06110846322358039,0.9229736797878003,0.0006339535168720925,0.010035655514591983
264,0.008560574764667787,0.12213875556294758,0.8341123728976065,0.0014277498259287953,0.03376054694884937
265,0.004365384251301474,0.04634173524242757,0.9140270856241244,0.001576675954018054,0.033689118928128675
266,0.015141807449387892,0.10134925348742499,0.852535855949809,0.005776674542588766,0.02519640857078936
267,0.025962327001609237,0.08173794857159737,0.8508159818457742,0.02275797872119621,0.01872576385982301
268,0.020281481475540018,0.10086166787196514,0.8044338636384866,0.05210283488407262,0.022320152129935815
269,0.001381880416951205,0.02678701865864307,0.941617980672873,0.023343218213033867,0.006869902038499091
270,0.0023675455993614355,0.028926869025413842,0.900838499455169,0.054872169728649264,0.012994916191406459
271,0.050968111890953134,0.0625830734333929,0.07411617314920473,0.04923828574380495,0.7630943557826443
272,0.057206946060293314,0.0531942656008279,0.06422875985213526,0.0278733316781553,0.7974966968085881
273,0.6389229057059372,0.2936828223219586,0.010388651074796999,0.011013998450541638,0.045991622446765544
274,0.09255400866340358,0.7090876925133904,0.17649144123391264,0.0027346442690840194,0.01913221332020928
275,0.30503799787880964,0.5530826357623159,0.09481022707109858,0.012575470541111342,0.0344936687466646
276,0.05134405765683382,0.9169032224163428,0.0023524417293328322,0.02315710807328309,0.00624317012420729
277,0.04893802706823036,0.8320004884079123,0.08384005062285133,0.026964793033516826,0.008256640867489192
278,0.011914340845604356,0.9462888418059722,0.01787190067911938,0.021437605203102533,0.0024873114662016284
279,0.01598067829847243,0.9506971984882379,0.012942696007788043,0.01812909565275623,0.0022503315527453325
280,0.00694500329864224,0.9732783697720928,0.01631737440769489,0.0028085046950046145,0.0006507478265656289
281,0.010466107904946396,0.9841352850631012,0.0020009512607840558,0.0018146284169355362,0.0015830273542330503
282,0.018630688107816613,0.9673762223223232,0.006717450933450082,0.005704506278348871,0.0015711323580612565
283,0.0492399514015978,0.8693824809475844,0.056621694109944026,0.015685397010453576,0.009070476530420334
284,0.019671347814547612,0.9099508136822823,0.05882223789854198,0.00877484307357663,0.0027807575310514394
285,0.04531303288135546,0.8306589433867098,0.08534176290598847,0.0320807689106808,0.0066054919152655385
286,0.02052860367447411,0.9231476282287908,0.021091236942771808,0.03315991251950662,0.0020726186344566548
287,0.028142449034592926,0.8596647519417956,0.08569779423690432,0.021028908916064612,0.005466095870642519
288,0.015856574616270613,0.937607576806331,0.03418947338347033,0.008916566333704492,0.00342980886022358
289,0.04988301530758666,0.9099033720019756,0.013823889549226835,0.020485001378850048,0.005904721762360929
290,0.022145591314718414,0.8709068766194266,0.08538834433715513,0.018530616856899575,0.003028570871800087
291,0.15713450419379985,0.6962899303529619,0.004661620934957341,0.1332825476450046,0.008631396873276404
292,0.03919733277246688,0.824820321278678,0.10345308564622915,0.028984373916466643,0.0035448863861590723
293,0.013963422911377945,0.8629703580770779,0.1064950717598082,0.013785953910149373,0.00278519334158647
294,0.02994678773906799,0.7220971210825078,0.21361175153476825,0.02538718106171716,0.008957158581938721
295,0.02716356333026834,0.8041432370894287,0.15755067950775167,0.006406828990500202,0.004735691082051209
296,0.025813302356360618,0.15389484363860537,0.02173995723722651,0.005040512542477068,0.7935113842253304
297,0.1261554791872243,0.1292286384309133,0.002686805295329408,0.0075796706595597585,0.7343494064269732
298,0.31334731390536125,0.6064455949992026,0.029356081887869347,0.010892961439465627,0.03995804776810128
299,0.20615105141801085,0.6950712359315357,0.02452175209214281,0.007794018564089624,0.06646194199422088
300,0.11654027208293373,0.862744600480452,0.002859674634089613,0.009342217180036251,0.008513235622488428
301,0.010512296955088714,0.9371086182576343,0.031946008607426316,0.011801619905295348,0.00863145627455524
302,0.010239338327934762,0.9491024902094033,0.0313141363768562,0.00570151316861382,0.003642521917191775
303,0.057337009246191346,0.8414535182862923,0.008857253658360806,0.03371094219417823,0.05864127661497741
304,0.015995656599655753,0.9680764365556481,0.003310405955299963,0.005575691852325255,0.0070418090370709405
305,0.03011470007727724,0.9352021166364485,0.009193066195882418,0.0052407626160784855,0.020249354474313575
306,0.09568453668352421,0.7313203162326616,0.005489903686136804,0.020595741000275624,0.14690950239740191
307,0.0868918784372483,0.8518397349101511,0.004062001565464116,0.008576269708232363,0.04863011537890423
308,0.08818179484744412,0.8917592092225709,0.0006403903599989957,0.011286418139853212,0.008132187430132661
309,0.00999419137588052,0.9772531299850383,0.008805988715873339,0.0010413805309268543,0.0029053093922809703
310,0.253300276118521,0.3859725380203981,0.014834361564978924,0.011107721139491298,0.33478510315661064
311,0.017155017033669298,0.9587890347863853,0.008373018693734344,0.00369912332348529,0.011983806162725607
312,0.01076086312070305,0.9378737455230611,0.02196817212283201,0.002773989556454487,0.026623229676949328
313,0.006090041137651467,0.9346939908758036,0.04577092770262485,0.0032173634825874682,0.010227676801332415
314,0.007002449937957838,0.8581345458479335,0.11843947075248643,0.007855394788286217,0.008568138673336159
315,0.030440657486282535,0.9370725234689965,0.017695672342895385,0.00976587942607401,0.005025267275751389
316,0.034419609378553206,0.7967218316833979,0.12920404594513185,0.013142747933875733,0.026511765059041334
317,0.031251046976213066,0.16356127255037675,0.00898588671459464,0.028548238082764934,0.7676535556760506
318,0.16860781972328998,0.7767920272095895,0.010812712346137694,0.029873919399251846,0.013913521321730815
319,0.03300967621084108,0.846264736088892,0.04123786943492027,0.015188647444625602,0.06429907082072107
320,0.2201615251352153,0.29793366330268056,0.004295753035686218,0.02301712138458176,0.4545919371418361
321,0.031643985642977414,0.9368619015714281,0.015235183105591897,0.00816318161012147,0.008095748069880978
322,0.08043914965067404,0.06994172786358509,0.01781777889557146,0.0034921905207323883,0.828309153069437
323,0.08440921367094184,0.8426171514647071,0.060365205022816365,0.0018768725276960658,0.010731557313838553
324,0.021114118350545195,0.9177946379541528,0.05401706320890824,0.0031542673757758164,0.003919913110617864
325,0.07534719732028994,0.8946239045367117,0.012695836790339582,0.004385968006162002,0.012947093346496711
326,0.04296722080743962,0.9284854242928322,0.007435455547243747,0.009196198621300854,0.011915700731183417
327,0.011897931391160714,0.8847046735090882,0.09993481515799524,0.0020856507613265618,0.0013769291804291788
328,0.033934208299362126,0.7677258700440178,0.18609323426459645,0.007609679509777531,0.004637007882246238
329,0.007801992800487506,0.8885292538688182,0.09223516317060527,0.005822615261807709,0.005610974898281507
330,0.010742216329452244,0.9699950912354786,0.002815627207116986,0.013186618517573181,0.00326044671037927
331,0.0054388366525367484,0.94488323381149,0.04593766948305749,0.002541014053207461,0.0011992459997084083
332,0.016914771948450404,0.9580785035141676,0.009460276917531775,0.010243738418166866,0.005302709201683285
333,0.01136186832511609,0.8809511815590377,0.10519091774686107,0.0015082095022151522,0.0009878228667699245
334,0.19388636131537945,0.6915715989000341,0.00494680108074008,0.012482949762282366,0.09711228894156412
335,0.03065794432108855,0.885714936273188,0.0768193499932453,0.0020350245219667323,0.004772744890511268
336,0.06753950444518604,0.8436974236479908,0.043907228959269365,0.01692096374730647,0.02793487920024748
337,0.21551397619878365,0.3688938881385959,0.0039434227099005405,0.13301960059166457,0.27862911236105536
338,0.05863639980352283,0.8000725741408519,0.07768781113828764,0.01246738111281339,0.05113583380452432
339,0.2703057795213185,0.40035586376400695,0.002835590457894579,0.0674370722092885,0.25906569404749136
340,0.06357793288708058,0.02627258511841256,0.0030353509501458782,0.03446138088830571,0.8726527501560553
341,0.2638953197982801,0.11610903369351444,0.011059699046008238,0.0668642122770417,0.5420717351851555
342,0.26580067177316014,0.0714908233109365,0.002098422993150286,0.02988498236905115,0.6307250995537018
343,0.21516113309121382,0.6947865770380539,0.006654308377272236,0.014008837231904285,0.06938914426155568
344,0.5268724384946746,0.3180043179968101,0.008355173707048615,0.021463606355700434,0.1253044634457661
345,0.08126634706568142,0.8526239753918141,0.04306496860798451,0.00543605047088071,0.01760865846363919
346,0.0207693432451813,0.9074425133882157,0.05837788153351354,0.006716991879069669,0.0066932699540198535
347,0.057705381453545694,0.6797248161231363,0.23690705156344127,0.011121340790770394,0.014541410069106434
348,0.009384424458939328,0.6715182176982727,0.31177740406087595,0.005370403273017785,0.0019495505088941763
349,0.07388890798609447,0.7198141148831443,0.134045602710074,0.04890784846037669,0.02334352596031039
350,0.011956869397552257,0.5439023818417955,0.41886002222413965,0.019249290960471458,0.0060314355760411
351,0.045653190620240806,0.44398511324240736,0.005837717866875142,0.4687064301975612,0.03581754807291562
352,0.1722513912153079,0.06646732601286909,0.003529040528477788,0.7057925949988046,0.051959647244540545
353,0.11447178926738794,0.18602683468968317,0.004370106824283272,0.685842112827686,0.009289156390959582
354,0.03406888230020575,0.02957533129595477,0.0004880912720650745,0.9184142077005691,0.0174534874312054
355,0.026584773366674804,0.009665010309095976,0.000480990344967469,0.9376875807268821,0.02558164525237961
356,0.008807795757896386,0.01488580979648854,0.00043373894163694244,0.9667983311500986,0.00907432435387945
357,0.035659579658927576,0.010680827577609752,0.000518401730181485,0.9422728243181011,0.010868366715179854
358,0.01482717253477493,0.005215203532186603,0.0004187632276297207,0.9690632325363102,0.0104756281690986
359,0.05479268783280678,0.03524041788290913,0.0009133905668435929,0.891396204007046,0.017657299710394526
360,0.03128102518979368,0.014310725169025389,0.0006958768564001399,0.9197390831635004,0.03397328962128032
361,0.05503277021832653,0.010682330318987915,0.00034440763639814997,0.917146273780777,0.016794218045510328
362,0.0161975634776062,0.00781600546180068,0.0007098496922229532,0.916994074712519,0.05828250665585107
363,0.019658376037118962,0.007849000620360501,0.0007873010107736895,0.9637699903460036,0.00793533198574307
364,0.054435935090790956,0.0039031771975552854,0.00011238145101889334,0.930007201314002,0.011541304946632858
365,0.04044279146008126,0.012772827003380076,0.0021550769295550116,0.6964283200996222,0.24820098450736144
366,0.08882990497256615,0.017782187944270934,8.537791992512724e-05,0.628494971940637,0.26480755722260074
367,0.6719058440777043,0.020127579293028205,0.00013381856794199846,0.26711849700152096,0.040714261059804524
368,0.07774055819120235,0.02276782782791767,0.00029059315034247346,0.7441135190104161,0.15508750182012151
369,0.04821708066227135,0.016694987233759794,0.0009659647905099919,0.4903834737096805,0.4437384936037783
370,0.36475721962157315,0.027127605310531773,0.0004081884364613346,0.564596701656545,0.04311028497488875
371,0.06125676203062205,0.039673019075203195,0.0005418928656675178,0.47790874585607757,0.4206195801724298
372,0.12665895762944,0.013663831819335908,0.00027825409965684004,0.611324429796909,0.24807452665465823
373,0.0886072239246619,0.009235361808932134,0.0001886101340657432,0.6946473085481609,0.20732149558417934
374,0.33251665675870246,0.01149227593274308,8.048222039419392e-05,0.5815667009582963,0.074343884129864
