epoch,N1,N2,N3,R,W
0,0.0007480416081609973,0.00017804129336110932,2.0855215174190006e-07,2.206197075760163e-05,0.9990516465755684
1,0.00012906994415604335,2.703140984705456e-05,6.708943751434322e-08,4.893197358556901e-06,0.9998389383592009
2,0.00034995668280026463,3.253096729279413e-05,2.9265844102917265e-07,5.208140341745123e-06,0.9996120115511242
3,0.00014296134570033697,4.129854935480392e-05,1.2231593236111123e-07,8.257688788438141e-06,0.999807360100224
4,1.2109088854840986e-05,3.3988149431439533e-06,1.356752351906041e-06,1.5259574564098239e-06,0.9999816093863937
5,0.00012085915133708494,7.616885253611942e-06,6.074227295207548e-07,1.1564453191489403e-05,0.9998593520874883
6,0.0003464304073551498,1.316735974086235e-05,5.110299462002381e-07,1.3117732324860041e-05,0.9996267734706329
7,0.0009237516499314017,3.7097758878854174e-05,4.906156690495966e-07,1.6952509840899377e-05,0.9990217074656798
8,0.00037271448328430945,3.094546078088117e-05,3.516420753524534e-07,1.0886677317638452e-05,0.9995851017365418
9,0.0022809749077247117,0.00019970238859190405,4.86077031098191e-06,2.109785782157367e-05,0.9974933640755509
10,0.0008094800610014981,3.505970307823947e-05,1.1848834316310599e-06,1.782979999354076e-05,0.9991364455524951
11,0.0004913189697149052,3.153765498301897e-05,1.591837613359326e-06,1.8882845149474445e-05,0.9994566686925391
12,0.00032852796767803244,3.69995833401904e-05,6.482688067152748e-06,2.123783114448852e-05,0.9996067519297701
13,0.0017685361141810511,0.00016837247728906845,1.744809521887841e-06,4.317621960805761e-05,0.9980181703794
14,0.0015046680471367114,0.00016185263234299064,1.1503157162548583e-05,1.6330738811428222e-05,0.9983056454245463
15,0.04050875406167386,0.0011589723910473617,1.3956646493902042e-05,0.00024249750780385958,0.958075819392981
16,0.17268267404096976,0.011156934488049266,2.4179230044017327e-05,0.006160287873023189,0.8099759243679138
17,0.6480742510237611,0.05497001622373949,8.238037846731098e-05,0.01152025869313213,0.2853530936809
18,0.8201881716879702,0.05209548707012219,0.00022123438197794334,0.028418255886467826,0.09907685097346196
19,0.7562788002040279,0.15834366396425636,0.0003611151961593832,0.028068319178473928,0.056948101457082526
20,0.1863837864219089,0.7778882640301574,0.001179779943255783,0.01058111642384067,0.023967053180837118
21,0.08160295181034342,0.8627760050908939,0.0029349759782671733,0.03250886827401478,0.020177198846480702
22,0.02508398500144436,0.9434390921964708,0.0030039506210773493,0.011646243669545722,0.016826728511462007
23,0.05804227302362167,0.89490285270161,0.0021675207654530365,0.027847039860636733,0.01704031364867864
24,0.15397211262355046,0.8094373827163844,0.0013318513151894078,0.011682551493223513,0.023576101851652088
25,0.02881690015987867,0.9461296464516821,0.0022117792324797083,0.008020334034871311,0.014821340121087977
26,0.027134413278941064,0.9220926435314413,0.010152080033883572,0.010565568802135798,0.03005529435359815
27,0.013368734617745437,0.914783576705288,0.013262392744514214,0.017832113954611484,0.040753181977840815
28,0.039355567048142,0.9163498056754266,0.0025725070207081244,0.004906419418901334,0.03681570083682191
29,0.2866572765766413,0.6205205515920984,0.0019283531212016159,0.03248499485924844,0.05840882385081034
30,0.08778867554717203,0.7816491267716873,0.022670822580439905,0.008023286653629938,0.09986808844707079
31,0.6175179835663369,0.18409421673735069,0.0001810396159863236,0.056629192469034334,0.14157756761129187
32,0.19344006670961553,0.7630942682479036,0.0006909996091617751,0.01871790644594707,0.02405675898737208
33,0.22027307076190733,0.6828497596839354,0.0008245498772329041,0.04373484691174237,0.05231777276518216
34,0.1012523481981199,0.8200001936242921,0.0012624252728639575,0.04641723766513989,0.031067795239584278
35,0.12495987287175833,0.6729392014141853,0.00043056938765784403,0.1410828665794234,0.06058748974697513
36,0.003632751334330782,0.0009432956935191075,2.7241135352422337e-05,0.0005901048272530915,0.9948066070095445
37,0.3428906779813019,0.006427848932525152,2.7475920525473376e-05,0.020725085596559972,0.6299289115690875
38,0.8786707396767355,0.01885838556716218,3.0830043161987034e-05,0.027232642915075878,0.07520740179786443
39,0.8856501695291695,0.015857124010466073,9.74840991975228e-05,0.02851789284707509,0.06987732951409181
40,0.42862507097310887,0.06682174471853282,0.00025908090210868313,0.39648045143420035,0.10781365197204915
41,0.19031853283785663,0.2519193860095804,0.00038408162713804504,0.37320606863143774,0.184171930893987
42,0.06852483875340987,0.037903403397279316,3.719130166573819e-05,0.21842647140333585,0.6751080951443093
43,0.05372199629204482,0.006801613798673388,1.3033943913574826e-05,0.026126311101614005,0.9133370448637543
44,0.07490118426129237,0.006672083454596859,5.6126903501521665e-06,0.02257449434830317,0.8958466252454574
45,0.1095006878864628,0.0028423198208421484,4.087775281758198e-06,0.005516219069048281,0.882136685448365
46,0.6002330935675301,0.007299983163267573,2.2705487097553316e-05,0.013115495250511094,0.37932872253159383
47,0.3035886615827123,0.0181614492600742,3.5674896887979355e-05,0.02433495552849968,0.6538792587318258
48,0.30665207488949836,0.023983498815327076,5.131873189703636e-05,0.0403346837167178,0.6289784238465597
49,0.17188707046109689,0.020240103063489938,2.4352747798013873e-05,0.02428912660337134,0.7835593471242439
50,0.47210076994207134,0.10566614486723508,0.0001211386902253507,0.04652568750396496,0.3755862589965034
51,0.008776391718954555,0.004041508981191323,7.035874703454006e-05,0.0005644215485470672,0.9865473190042724
52,0.009287882585918549,0.003369668166976659,7.425506869695306e-06,0.0006104601632063415,0.9867245635770288
53,0.05530869063842177,0.0019407776495149848,6.601017430668075e-06,0.0011285480518809677,0.9416153826427516
54,0.08068624593659827,0.021994731042551355,4.830825111673362e-05,0.0024086776029396623,0.894862037166794
55,0.057583999378294795,0.0019590614783635014,1.294337457234464e-05,0.0019244435220837858,0.9385195522466855
56,0.15882138405867374,0.020919290252049857,3.41611324336071e-05,0.00453370244257123,0.8156914621142716
57,0.19968745270584018,0.0188657195197313,3.601097802238258e-05,0.005774514192324735,0.7756363026040813
58,0.278276371021539,0.27846489205850933,0.0003840917570810089,0.012314037962502335,0.4305606072003682
59,0.0017234734647241859,0.0018831787554068702,6.605753649013608e-05,0.00022635918322300223,0.9961009310601558
60,0.00016897543222059523,0.00022437747342321558,4.817618979056311e-05,2.923618081675065e-05,0.9995292347237489
61,0.0002538770069102315,8.856654277795296e-05,1.1806602132394212e-06,1.5922476731225803e-05,0.9996404533133673
62,0.0025289537078795788,0.00013358405466147333,7.815917536978999e-07,7.261529883922138e-05,0.9972640653468661
63,0.003140637365372659,0.0006445183650400849,1.0206776317490129e-05,3.364105572870098e-05,0.9961709964375411
64,0.01403491480948118,0.0002774907746216032,2.937068018506845e-06,8.49387786344473e-05,0.9855997185692443
65,0.022243480594545378,0.0011883625115448302,5.492209121311539e-06,0.00019736761445941396,0.9763652970703292
66,0.3814289611087142,0.005404482109149879,1.646192438109727e-05,0.000780595251290432,0.6123694996064644
67,0.8656835704816459,0.018153280672588607,6.448307373700093e-05,0.003178421125233909,0.1129202446467945
68,0.7245919802393183,0.18538324750590676,0.0003189978178708471,0.02380096156216551,0.06590481287473846
69,0.2522036878569949,0.6880527562067817,0.0013077033040850149,0.008402875746307947,0.05003297688583033
70,0.18523202918916587,0.7435463498770971,0.004227264756207761,0.016250344945789384,0.05074401123173984
71,0.1748187552450821,0.7540455570029541,0.0023733171184995316,0.01738565909313321,0.05137671154033096
72,0.07373322636263449,0.898584185091479,0.0045924214321309805,0.005842876848333496,0.017247290265422117
73,0.04368520590023276,0.9061486857573473,0.03138739452184368,0.0024814791109220792,0.016297234709653934
74,0.08123054105107692,0.811215137244525,0.060363189480145595,0.00280731256427967,0.04438381965997276
75,0.16990524660218767,0.7909723193237084,0.002304798047035505,0.020851119195722297,0.015966516831346114
76,0.020788910283356967,0.8628131408415212,0.10252178139928063,0.0015384658256809751,0.01233770165016042
77,0.13983293402770347,0.8446208447328479,0.004828181629639368,0.002628024056232315,0.008090015553576775
78,0.022134955174493605,0.94066214343103,0.03244110124374463,0.0007325312064810672,0.0040292689442505865
79,0.021470906840181374,0.9116301116872534,0.05781856820554245,0.0008227964344617091,0.008257616832561057
80,0.007589405124089892,0.8770104368305806,0.11201360377512057,0.00015690940614212901,0.003229644864066876
81,0.015838518284676546,0.894126513119869,0.08366872547505626,0.0006011309629583273,0.005765112157439923
82,0.01612942938540072,0.818917307053286,0.1543126675825625,0.0003104588333146593,0.010330137145436355
83,0.008255054486120185,0.5227573197592207,0.4650377255464583,0.000162355435358668,0.0037875447728422836
84,0.0007163161047668805,0.2403883656674451,0.7575012988621385,3.515383179246718e-05,0.0013588655338572463
85,0.005590474529998977,0.5337344476563696,0.4570844242832276,0.00013650682700078718,0.003454146703403229
86,0.002664536232603039,0.44019054752480136,0.5537882175656423,0.00011962175889169653,0.0032370769180615606
87,0.0011538726891423406,0.36756874934413336,0.6290991941552823,6.356729219275706e-05,0.0021146165192493693
88,0.0022830001349433394,0.35117566590823446,0.6435990604807932,5.753779076658177e-05,0.0028847356852624707
89,0.0003411984603761648,0.21115160821865303,0.786418045408496,1.967212079394941e-05,0.0020694757916808874
90,0.0012828332667700751,0.3869757163722523,0.6098906254685466,9.78927695785254e-05,0.0017529321228524357
91,0.001433885220260104,0.33425671707275334,0.6622974217996025,5.727820319072138e-05,0.0019546977041932424
92,0.001909284312373337,0.3447182183637072,0.6496361946358207,0.00011022057949870538,0.0036260821086000605
93,0.001963897183758169,0.23213337207872156,0.763987939205952,8.198893525996183e-05,0.0018328025963084487
94,0.0007173543170313118,0.2386070021408601,0.7589698103300456,5.498335835471857e-05,0.0016508498537081257
95,0.0004603749034127323,0.04164753393036843,0.9569709391631156,1.8702117393658903e-05,0.0009024498857096119
96,0.0018546924872584777,0.34752960788290893,0.639889876989847,9.228302105841587e-05,0.01063353961892706
97,0.0038423022062810306,0.3710561278573284,0.6208703041289967,0.00018300153017473565,0.004048264277219165
98,0.00021205669989138954,0.0728349701116637,0.9258755386231137,2.1596396920077218e-05,0.0010558381684111055
99,0.000667674348764123,0.19366801058521546,0.8037413784739594,9.345361276484077e-05,0.001829482979296171
100,0.0009665942004203228,0.21884236380587516,0.7778229021083328,8.242047613489967e-05,0.0022857194092367715
101,0.00032104246978925427,0.01749018072078071,0.9816604432637132,2.4878800485787574e-05,0.0005034547452311394
102,0.0007697946955919177,0.08250468796393028,0.9150473622923637,7.066526074078513e-05,0.0016074897873732323
103,0.0001637704083546874,0.027840779916906037,0.9713709328387977,1.8790136352302812e-05,0.0006057266995892407
104,0.0005666123056246588,0.16306490865349135,0.8341160585299707,8.251191350629357e-05,0.0021699085974067767
105,0.0001570316684874954,0.04402397426488559,0.9552666562667147,1.4186406444105327e-05,0.0005381513934680783
106,0.0003308131723215086,0.030299279964987814,0.9687138708568845,6.5033571879875e-05,0.000591002433926274
107,0.0006311618346236036,0.11373548382527626,0.8838682866590206,4.130696005319818e-05,0.0017237607210262294
108,0.0007111319748198444,0.08051052703571282,0.9169015432502673,3.489290319352114e-05,0.001841904836006342
109,0.00035342642195935044,0.01778562893891758,0.9811076282980333,1.3454580376252466e-05,0.000739861760713435
110,0.0007951023786370809,0.06618998937945164,0.9313979015751476,0.0001075588997639563,0.0015094477669999652
111,0.0008568182997915025,0.20139833771562085,0.7944179660585381,8.576300969413384e-05,0.003241114916355475
112,0.0011720637379294511,0.09918647222181087,0.8968872651788112,0.00012511978107380614,0.002629079080374469
113,0.0013869947244276861,0.039585976837273086,0.956572351778762,0.0002907274143032002,0.002163949245233983
114,0.0035656528724476192,0.11666912899348014,0.8718467254769524,0.0004961935523210921,0.0074222991047986474
115,0.008430497297969103,0.08289011179674162,0.8949414593034822,0.00041094496594563896,0.013326986635861416
116,0.019744689154734842,0.26905789919992773,0.5463246807823368,0.0019399028783753294,0.16293282798462544
117,0.05535151512404187,0.06945392784409896,0.0030312694094210635,0.002137411864509225,0.8700258757579289
118,0.006661946699749399,0.0020429055848314335,1.1981441661081408e-05,0.0006949429928613057,0.9905882232808968
119,0.003962436527289456,0.0005052448123024901,8.931090704261411e-05,7.837547078517679e-05,0.9953646322825802
120,0.8823324261468108,0.013589200952329596,2.9340612654795243e-05,0.002392057283371867,0.10165697500483273
121,0.5660842349804966,0.013823556776750507,2.5918398020708367e-05,0.0019030605657507564,0.4181632292789813
122,0.8516506702583972,0.0651108480418014,0.0010388374651717686,0.013461764196501972,0.06873788003812759
123,0.46655959465453395,0.2133233995671003,0.0003313436401706714,0.22001208850476736,0.0997735736334278
124,0.20406816747338324,0.5147632457380339,0.000457025703515962,0.21717955924727855,0.06353200183778844
125,0.2577843714581639,0.17095896509666691,0.00011523151563252775,0.4828207212786015,0.08832071065093526
126,0.16462219327181732,0.4248956398314073,0.0008725119594300015,0.38602574727789263,0.023583907659452768
127,0.2541478689643906,0.1925956475239683,0.00016607448380956454,0.47753496936222417,0.07555543966560728
128,0.1903728157813291,0.5506074549957449,0.00045338689575468246,0.24777691332315926,0.010789429004012216
129,0.09796620952696254,0.6757944196680915,0.0007177638322773992,0.20920914630426762,0.016312460668401058
130,0.031487826439260756,0.8675063727191827,0.0006117964416655625,0.09756374033234136,0.00283026406754946
131,0.028954522375487655,0.7557378941308952,0.000759909908244772,0.21035228258659155,0.004195390998780736
132,0.15237802330355887,0.10696901959595091,0.00017737598182182725,0.6790326259438869,0.061442955174781544
133,0.06691226455037706,0.7225993085586518,0.0008009443788127723,0.19494230879673186,0.014745173715426451
134,0.3927774485655805,0.38076523002691515,0.00046111257655035706,0.21031507992773968,0.015681128903214422
135,0.07456032478581652,0.8867843041343556,0.0007319308063734922,0.035074952484929256,0.0028484877885252115
136,0.08710570223689697,0.8539375043722784,0.002017887304390804,0.0478001754870557,0.009138730599378248
137,0.19879863265142364,0.7068384868779776,0.0009273963076977238,0.0886447991744647,0.004790684988436259
138,0.07148295200301205,0.8985472669264924,0.0013096116616666885,0.021833004773385678,0.0068271646354431375
139,0.012693155380902118,0.954686741605694,0.00578022126543087,0.024430931506784197,0.002408950241188988
140,0.024488430821416544,0.943211695860805,0.0022686182949575263,0.027458913963162447,0.0025723410596586206
141,0.022278649265540823,0.9246687742390053,0.001586535043154937,0.04840621724619584,0.003059824206103234
142,0.03168975738979393,0.9058956858879285,0.0023626207745204336,0.05561596437911605,0.004435971568641362
143,0.019353357858396886,0.9553093179765834,0.004906107496183592,0.016175669883792473,0.004255546785043739
144,0.0228815040998388,0.9514678611280877,0.001999301031314789,0.021846184008765215,0.0018051497319936695
145,0.014529461194821219,0.9625098635272972,0.008893506988950415,0.01103138795373569,0.0030357803351953577
146,0.02515900481142065,0.9463488818666871,0.0033543198708226424,0.022456897415268677,0.00268089603580099
147,0.00822513245039129,0.9770782073410228,0.003858376679891472,0.009225184820536081,0.001613098708158521
148,0.009468536295987465,0.9620008374982968,0.005239262875665614,0.021809432880462137,0.0014819304495880601
149,0.014020478538535875,0.9341959274910234,0.02450263255477239,0.023839857212856124,0.003441104202812303
150,0.018879974009535807,0.9279079002405898,0.003130310388146781,0.04661588485943232,0.003465930502295383
151,0.01637149838708495,0.855578196425465,0.019585362187665524,0.1043873281380661,0.004077614861718519
152,0.0077462490289173305,0.9021094086254853,0.04777126547822617,0.039514293585365165,0.002858783282005872
153,0.1937914820540546,0.6305532616802768,0.0013468661323406568,0.12049467835955859,0.05381371177376932
154,0.27007758895527734,0.49767552740125254,0.0015543818654127118,0.1998973543233987,0.030795147454658625
155,0.2922911100961636,0.4595015217570845,0.0007535017350788413,0.2175766511949125,0.029877215216760667
156,0.07310889987159164,0.08855569102104627,0.00016117156481194588,0.015953564965548308,0.8222206725770019
157,0.004586079532393228,0.0020774249091642266,0.0002256587476958924,0.000778469432010246,0.9923323673787364
158,0.8602933967405834,0.041680106280326173,0.000305533064411324,0.02085537792230989,0.07686558599236937
159,0.7278697900972412,0.13839261970409847,0.0005679515349644878,0.02563953522993823,0.10753010343375745
160,0.3378070955978711,0.16016639620460235,0.0010881924377864863,0.036344799949506706,0.4645935158102334
161,0.09897068970995207,0.47936150377151854,0.00035854382210989905,0.17698975912227646,0.2443195035741431
162,0.05270724360259446,0.014188730989641206,9.528881813598561e-05,0.07159418092904762,0.8614145556605807
163,0.18863058321042428,0.02844560714167398,4.4269074402024695e-05,0.1314918162507919,0.6513877243227079
164,0.5341975763481139,0.016265361598923937,7.791090584091984e-05,0.33714006136366903,0.11231908978345223
165,0.0032455455424250405,0.004335476884924414,6.4639442647860674e-06,0.007116889354963162,0.9852956242734227
166,0.020971307126046522,0.004586471291279387,2.207011783310623e-05,0.008538458479073495,0.9658816929857674
167,0.008443544037452143,0.0029905122896057073,0.00015292660153904273,0.005689887813608216,0.9827231292577948
168,0.2626393265330351,0.0055772885149637675,4.24793976903227e-05,0.011163518901654665,0.7205773866526561
169,0.03025199615881171,0.003436145727783949,0.00010793018974453194,0.0044103422797674655,0.9617935856438923
170,0.04404186433074948,0.0019041200485170984,1.6138182875994906e-05,0.008946014430793979,0.9450918630070635
171,0.019002570727182366,0.0018733731103532207,1.13007341224073e-05,0.00672492150473575,0.9723878339236064
172,0.3211586415685958,0.1748606356316394,0.0008772824714679575,0.17704751239284938,0.3260559279354474
173,0.3306208789431319,0.03494440694264187,8.755802792544003e-05,0.20224005787487156,0.43210709821142923
174,0.34217100107520193,0.05492671490119794,0.00017088243429072444,0.21219848257233334,0.39053291901697595
175,0.016439418465349173,0.0115185633828184,2.8604700256157482e-05,0.03667247765251411,0.9353409357990622
176,0.028334088289967488,0.004981245484825319,1.665591287679245e-05,0.010238606585347698,0.9564294037269827
177,0.004733719345922875,0.0011880686944119774,4.552343994174503e-06,0.002591120561753433,0.9914825390539176
178,0.0072534975998107985,0.0009352341430493886,5.417955040849384e-06,0.0008267097403219416,0.9909791405617769
179,0.006024974613168259,0.0006274757924070734,5.780188429918478e-06,0.0003746203265944889,0.9929671490794002
180,0.0017255686936624892,0.0003844361582900805,1.0139934668352108e-05,0.0002674622488102476,0.9976123929645688
181,0.007125311975610219,0.000508984133844027,4.475047805059142e-06,0.0003530996738990645,0.9920081291688417
182,0.1289762187769705,0.0013945827527726677,7.941204274047119e-06,0.0013123228897038172,0.868308934376279
183,0.0053631165466746225,0.0016169032536957164,6.090293126482293e-06,0.00110621340278262,0.9919076765037206
184,0.2810983820118101,0.01306484670888473,1.8808953745132943e-05,0.016480672245863963,0.6893372900796961
185,0.5060205514469789,0.022055880877530073,5.525553440592793e-05,0.03258848427230138,0.4392798278687838
186,0.6317873918817849,0.10734171907643525,0.00038874195803796717,0.055426214185967285,0.20505593289777463
187,0.4297248994801076,0.2508354296529396,0.0007991791974158873,0.12898984944172243,0.18965064222781458
188,0.14589249143535138,0.639043175673493,0.00197456464391755,0.09021938469820098,0.12287038354903718
189,0.08010049896952064,0.7680843587780498,0.0013690987910764854,0.05844447633665963,0.09200156712469355
190,0.11040783757877626,0.1196330961898996,0.00010901738050098868,0.11218015529135202,0.6576698935594711
191,0.0012060952491252605,0.003981501031665837,0.0007780272086293671,0.0014811276928265239,0.992553248817753
192,0.009005254670440725,0.00201720045679276,2.9112260126541657e-05,0.00037971900807429865,0.9885687136045657
193,0.4132465073269572,0.0042505910789997344,7.312786783407607e-05,0.0006218969252516721,0.5818078768009572
194,0.6102554133866464,0.015765661930238276,8.059381446788396e-05,0.0016968048480355989,0.3722015260206119
195,0.5973842158745855,0.27272057941365263,0.00014131430155243439,0.0050478803463786855,0.12470601006383074
196,0.8506648589032069,0.07499450906759747,9.138971995752506e-05,0.0458588496097834,0.02839039269945458
197,0.1636407297999953,0.8003185289597912,0.0018252381736838374,0.00962307775376652,0.02459242531276319
198,0.03938467519624518,0.9090845086635719,0.009510335000189838,0.037162115825826215,0.004858365314166759
199,0.02058506854350959,0.8196211854859359,0.0061794903978842726,0.15162436508143393,0.0019898904912364207
200,0.01407873752710125,0.931306742746963,0.013927005709637516,0.036839212367758147,0.0038483016485399446
201,0.010024288536171195,0.9509704659255969,0.016361299758400723,0.019636809567474104,0.0030071362123569303
202,0.005125260686573029,0.9540839390399155,0.034222882219554496,0.004959389564962747,0.0016085284889940357
203,0.004403076786477739,0.9741645785467272,0.016876962483017306,0.0028601978251388328,0.0016951843586389874
204,0.010319374824441802,0.960509325488384,0.019871141982344433,0.006881572764423641,0.00241858494040629
205,0.007730974786395613,0.9255561072558749,0.0629969967935447,0.0018235428401210162,0.0018923783240636638
206,0.007016278756716728,0.9327568928455591,0.05638137826237063,0.001806118325584203,0.0020393318097692427
207,0.006806146513454329,0.9331613192434083,0.05700468990097929,0.001370936313870999,0.0016569080282869408
208,0.005506142325851757,0.6642733675417997,0.32725132325308004,0.001081118264374145,0.00188804861489446
209,0.006932166375642999,0.9439302708944338,0.04418368666916007,0.0011351593330624847,0.003818716727700646
210,0.00877190723412812,0.6770469691684112,0.3112549065058887,0.0010315249614610345,0.0018946921301110065
211,0.012911471027400923,0.6300827295014924,0.35006554072667645,0.004045273435139969,0.002894985309290336
212,0.010903858500043799,0.9267091159442957,0.05313707708129474,0.005490227485760831,0.0037597209886049785
213,0.010713550712052577,0.6087641618689159,0.3640276523607958,0.014167308709134454,0.0023273263491012403
214,0.010552308503672616,0.9297697774874506,0.04097097256875525,0.013379332285517888,0.005327609154603688
215,0.009419239009962242,0.8572321957769402,0.09823906479262723,0.02995768420107514,0.005151816219395121
216,0.04997327410127053,0.8478216547296318,0.004370017312420227,0.09184917095501188,0.0059858829016653315
217,0.03516347067137503,0.7818557413167034,0.0024624296672859833,0.17594736807200162,0.0045709902726338986
218,0.044514080968549176,0.10655242962150381,0.0003481284461678837,0.8441984807579108,0.004386880205868286
219,0.021862309101633445,0.024321568729225636,8.347674959148598e-05,0.9507099754874107,0.0030226699321388834
220,0.018782464274838397,0.0393441279016871,9.673517924991344e-05,0.9401843826785979,0.0015922899656265913
221,0.01299202897900799,0.007155311881105059,9.790862055113877e-06,0.9780386988496883,0.0018041694281435575
222,0.010972660282100428,0.005194641056167203,1.894099567967947e-05,0.9818438915408216,0.001969866125230968
223,0.014389314906065096,0.006967216294591306,1.774274846365606e-05,0.9760265816889372,0.002599144361942715
224,0.016747713016784294,0.005051075171591832,1.1061280842071906e-05,0.976471115707387,0.0017190348233949652
225,0.01668445216137384,0.008646312595958872,9.011019474179363e-06,0.969587054593824,0.005073169629369139
226,0.017706667312221112,0.005591553216157547,1.74790101577333e-05,0.9736179961732467,0.00306630428821672
227,0.016141109119831548,0.0037749644052141934,1.2843934222646536e-05,0.9757273352052385,0.0043437473354932185
228,0.024278420138735393,0.004391170637922061,1.2009846774410947e-05,0.9685912305248807,0.0027271688516875216
229,0.00639491527291142,0.0025093812509866076,1.4393278101837551e-05,0.9893317768241467,0.0017495333738533558
230,0.00939811359677514,0.004197650700035422,2.29133870313215e-05,0.9830070139791685,0.0033743083369897806
231,0.0031903829734640132,0.0020758237111377534,1.2469674656456068e-05,0.9933481707900517,0.0013731528506899105
232,0.0020868110209365655,0.0012067904655457201,7.150327391453568e-06,0.9961055930250269,0.0005936551610994344
233,0.002271118424136154,0.0013786682752808148,1.4994834535907345e-05,0.9955434850176197,0.0007917334484273145
234,0.0033806071442643933,0.0017366651557399965,5.090325170271452e-06,0.9917811718723024,0.003096465502522999
235,0.00764375357766254,0.0021453096654903583,7.108247025460112e-06,0.9875796320277441,0.0026241964820773386
236,0.006574054367952252,0.003785909889624805,2.5978679732584222e-05,0.9874719640783978,0.002142092984292757
237,0.009072510501654614,0.004263146209415542,1.7626965026874316e-05,0.9843884098121086,0.002258306511794173
238,0.011350005752176815,0.0032353987168097227,8.525782904047287e-06,0.9824583901492615,0.0029476795988479347
239,0.007825644944001115,0.0023667749694360964,8.548643467548503e-06,0.9836523720617864,0.006146659381308767
240,0.015210519943906894,0.0015110952653617838,4.657762404091355e-06,0.9801980084716208,0.0030757185567064985
241,0.015251630739913508,0.0020059173160477286,1.5790900789999042e-05,0.979800411347623,0.0029262496956257633
242,0.018992091798060683,0.002977137077102376,8.224395973836668e-06,0.9735492106803497,0.004473336048513488
243,0.018738189209926703,0.0032649204408834215,1.128281099691639e-05,0.974218818155753,0.0037667893824401845
244,0.013439809860584349,0.0036234783746696875,1.4201627504040118e-05,0.9792926166712875,0.0036298934659543874
245,0.007656819805378115,0.004005557687493019,1.5231438821139738e-05,0.986525437489449,0.0017969535788587682
246,0.007561962319182456,0.00362303825668583,7.632068613359e-06,0.9869798991480196,0.0018274682074986917
247,0.009156085055081186,0.0022528586808210314,8.081860666393797e-06,0.9851127354811036,0.0034702389223276978
248,0.007955419992505127,0.0031663659367197087,8.961159212666355e-06,0.9867260677459249,0.0021431851656376327
249,0.006895130892433677,0.0029451316191479214,1.3211407718525182e-05,0.9876151402331558,0.002531385847544141
250,0.0075253991055482024,0.0037157681186336345,1.638938578566866e-05,0.9863817770312244,0.002360666358808055
251,0.008735928932071873,0.0043153333888736435,7.936984268076592e-06,0.9845174715444405,0.002423329150345824
252,0.009915312727272071,0.003709111760766222,9.959806606249821e-06,0.9841367670848072,0.0022288486205483244
253,0.010380012390713836,0.006821833806132112,1.1915980102831058e-05,0.9803885465318549,0.0023976912911962012
254,0.01194608443138412,0.013550238679936391,4.142349262600451e-05,0.9725399444654483,0.0019223089306052254
255,0.011291852348535806,0.005841370201056831,1.2766731472302174e-05,0.9796992370365106,0.003154773682424357
256,0.013167096774329062,0.00399915629601437,3.973082974725118e-06,0.9765259805628347,0.006303793283847348
257,0.013447320531466134,0.0074105463089810236,1.5018770185411401e-05,0.9733200234236282,0.005807090965739174
258,0.023979364792901307,0.005123756449407662,1.5179989065782644e-05,0.9599117275344938,0.01096997123413142
259,0.014002798473923427,0.006043185298698456,5.0967609158665765e-05,0.9767292931597585,0.00317375545846113
260,0.01463931018422138,0.007605473790302189,1.3939381801510212e-05,0.9741886659886873,0.0035526106549877063
261,0.01196140816781492,0.007627900009233417,1.3878057030959628e-05,0.9760719107376837,0.004324903028237173
262,0.020144503706396318,0.009754198956497507,2.0948124363249686e-05,0.9626814684671654,0.007398880745577507
263,0.03215620948814657,0.023940796696033422,4.315087730979341e-05,0.9330429169491516,0.010816925989358513
264,0.021781059758512626,0.02174424828475012,2.8099475070171813e-05,0.9507144575558591,0.005732134925807934
265,0.02811316729851792,0.01287032719921595,2.686005172714355e-05,0.9535586997104756,0.005430945740063397
266,0.023356333410156662,0.023115761408244565,3.666199098212789e-05,0.9497437295227998,0.0037475136678167555
267,0.024989149174056594,0.03298053926157092,9.46920809997643e-05,0.9390282270346962,0.0029073924486764414
268,0.25421196749173885,0.02868182985170651,0.00024114797500014574,0.5104219605906263,0.20644309409092815
269,0.3552374573737972,0.04413069731956279,0.00010116388455835904,0.5838633448199068,0.01666733660217494
270,0.6112114960653725,0.09414079343370443,0.00024121143296654542,0.22491817849423879,0.06948832057371784
271,0.6101575981083052,0.26068687232075755,0.0012386007535271928,0.12139893408716948,0.006517994730240523
272,0.03924654986728862,0.8758339848767279,0.0019814334746395936,0.08079087129728454,0.0021471604840593173
273,0.13975925302227543,0.7251019351616159,0.0005643038535470041,0.12737713275223553,0.007197375210326008
274,0.01753560298322999,0.9490092826039802,0.0007443164463793054,0.031711208164746756,0.0009995898016637167
275,0.013200640092348271,0.9733435353127488,0.0010518768553798652,0.011637687790297252,0.000766259949225807
276,0.014086014540698346,0.9724170349928183,0.0018135072310484076,0.010807843842011826,0.0008755993934233684
277,0.0328795041313805,0.9203385354258659,0.004621894010305457,0.03567460268427301,0.006485463748175192
278,0.008115963484041243,0.9494516786007433,0.00960478854341508,0.03160915364014722,0.0012184157316530563
279,0.014209280811887874,0.931468996644433,0.004419270490182837,0.04863441713834841,0.0012680349151477197
280,0.01521226209263355,0.9470545716201925,0.004503600207633762,0.03163452477394845,0.0015950413055918476
281,0.008248689709086833,0.949146884298808,0.003583498182859952,0.03771793764746712,0.0013029901617781436
282,0.008846086802335892,0.9452421806287854,0.00451568180008498,0.0393587041278807,0.0020373466409129774
283,0.024169943081939455,0.9501628004174113,0.005684314753816922,0.015113560576278686,0.004869381170553786
284,0.22212837151772236,0.7162916063814075,0.0030164276876943666,0.03788397310537684,0.020679621307798865
285,0.0962764914690497,0.8799724827647208,0.011088094507809863,0.008822108440370962,0.003840822818048746
286,0.10838889346179335,0.8668740096238761,0.012116147405465209,0.007184000152487792,0.005436949356377466
287,0.0380128227904364,0.9367180945670144,0.015050552108980805,0.007284226631586892,0.0029343039019816015
288,0.027189357025851266,0.9353273071953543,0.023921079552864207,0.010979799292627601,0.0025824569333027397
289,0.010981047264966303,0.9305604776538888,0.05202716629798591,0.004498780086335439,0.0019325286968234295
290,0.011718737024296964,0.8860825535152687,0.09515667806743346,0.005100012584285975,0.0019420188087148794
291,0.014989935928303968,0.9109980514506866,0.06353101147501304,0.005742884491449844,0.0047381166545465555
292,0.007345271901279255,0.7673624750794776,0.2233258638286186,0.0006035977809014157,0.0013627914097230657
293,0.01819319103782589,0.9150810181455001,0.06178376303597378,0.0018367248867851803,0.003105302893914815
294,0.0020639944846714,0.40522655147529724,0.5917546044796242,0.00017116487052606247,0.0007836846898810218
295,0.002531873079781084,0.4608694297533687,0.535124720232549,0.0001166423196648799,0.0013573346146362915
296,0.001122088892486151,0.1640611854869805,0.8335620149721523,0.00010354565350159518,0.0011511649948794925
297,0.0008801558957307529,0.16349508960441939,0.8338052138585695,0.00014209066929904174,0.0016774499719813224
298,0.0017289655802938165,0.278338432265828,0.7175977202932975,0.00021458273757539014,0.0021202991230053554
299,0.0005394654951040149,0.027640322839941098,0.9711047785951425,0.00015234305242037516,0.0005630900173921578
300,0.0010836761311778741,0.09601537456026608,0.9010153374485985,0.00028742497360984974,0.0015981868863476892
301,0.00030413623553224387,0.026006283182650424,0.9725186197875463,9.34601380653083e-05,0.0010775006562056119
302,0.0006911394385586527,0.11870448986142207,0.8787232855039001,0.00015394020351730027,0.001727144992601854
303,0.00036120006459204655,0.10498205265149721,0.8934521268431573,0.00013518718475210583,0.0010694332560012342
304,0.0002035522879960364,0.04879461816965812,0.9503266434021788,9.538651661995401e-05,0.0005797996235470416
305,0.0005296368889723549,0.07161971004924117,0.9260824408543383,0.00027616302229327487,0.0014920491851549388
306,0.0001589842504785116,0.03112945920910942,0.9682236043816012,7.380251826514191e-05,0.0004141496405456163
307,0.0003991516939358489,0.038404208606654874,0.9604321194710207,0.00011565057288476531,0.0006488696555039076
308,0.0002023403559757057,0.04876034756971237,0.9504482851952172,0.00011496184920439317,0.00047406502989033654
309,0.0002551510983968882,0.05271990464860011,0.9456071121899757,0.0007309637770411656,0.0006868682859860343
310,0.00037880981885437165,0.04458524690360326,0.954044685020278,0.0003450131575112766,0.0006462450997531419
311,0.0002617958418690046,0.07232096424087314,0.9259643261834339,0.00040728560777014195,0.0010456281260538762
312,0.0007835371086704357,0.03418717549118661,0.9638171200695288,0.00045249639794043276,0.0007596709326736787
313,0.00215863106877185,0.06156698459835315,0.9330085974280701,0.0004388185420203043,0.0028269683627844796
314,0.01209888881268865,0.01958745206948225,0.0014267895242969857,0.0013000604201109706,0.9655868091734212
315,0.6888474092698623,0.2572769998823309,0.004574418108322314,0.007290256627692643,0.04201091611179173
316,0.5361098427456965,0.42462988656436157,0.0057405676946921036,0.00421513369476291,0.029304569300486825
317,0.24266198535160394,0.709732824580932,0.029122252117742282,0.003384955828727425,0.015097982120994346
318,0.02196984709161539,0.9237691421222423,0.04114665301362744,0.009260547274424802,0.0038538104980900007
319,0.016554242854288595,0.7906721901505334,0.18054805363193369,0.008373837564689464,0.0038516757985547637
320,0.01342256580341354,0.8744213063563369,0.09818504054953325,0.010914629959570939,0.0030564573311454213
321,0.008687913661537058,0.5220222131814328,0.4621034059265812,0.0035638940920377947,0.0036225731384111255
322,0.061528138307679225,0.7271696595119786,0.16370586293343348,0.04272416558212434,0.004872173664784113
323,0.042707494374718276,0.04059583741273585,0.006116048881014205,0.0027802758073247912,0.9078003435242068
324,0.6669614942171911,0.2859519508099995,0.0056375667181898905,0.011469947488358575,0.02997904076626091
325,0.6474904744178444,0.3285880123037494,0.007814975399619385,0.005914196652057945,0.01019234122672909
326,0.3280843364019564,0.6574704521488843,0.002206353203254388,0.0075135865633775625,0.004725271682527379
327,0.05873194207991898,0.8663795927115038,0.0033167499450765347,0.06668914099346208,0.0048825742700386145
328,0.012177977295291208,0.9492429784690314,0.010074976745996693,0.02785491787198111,0.0006491496176994323
329,0.013081718227705144,0.9683566955994078,0.007324913285053188,0.00965751860059342,0.0015791542872401994
330,0.00928315499316043,0.9632135611475326,0.0185979938539768,0.008013519766469638,0.000891770238860565
331,0.0047904483184003505,0.9622623985317694,0.02886527069455537,0.0030684897434760418,0.0010133927117989608
332,0.0027949226914893936,0.8908294519132024,0.10463508975351361,0.0007751358171822372,0.0009653998246124362
333,0.0127131269853822,0.8628594545173189,0.1201626257683102,0.0019256402461364772,0.0023391524828523394
334,0.0029892967318789604,0.7126205808517125,0.2825670032396747,0.0008979199958136822,0.0009251991809201893
335,0.004040002994858396,0.7210650489332954,0.273244610328828,0.0005133063050063918,0.001137031438011743
336,0.002314255452464425,0.5214902858636772,0.4749838859648562,0.000262760032004267,0.0009488126869979561
337,0.002414966536572726,0.5523108760191799,0.4438455011283874,0.00023652973170752733,0.001192126584152486
338,0.0044370278494877645,0.6453652858374327,0.3481328180779366,0.0002879567958366358,0.0017769114393062337
339,0.004995413936793424,0.5116917315769117,0.4810688644958113,0.00033839795418641287,0.0019055920362972382
340,0.0011470077741587822,0.3042344912910891,0.6934183043946468,0.0001222220749933144,0.0010779744651120194
341,0.002003323461613128,0.2720951804413683,0.7233703414060336,0.0002192139185060453,0.0023119407724785978
342,0.003936918753738033,0.5447708011304447,0.44724744682489714,0.0004386075678354347,0.0036062257230846215
343,0.0003306533959731236,0.03359819512219237,0.9653551802800272,0.00012244407449622663,0.0005935271273110011
344,0.001316126977616593,0.21121184725024753,0.7854265187187739,0.0002993872640898522,0.001746119789272074
345,0.0005091368251030201,0.1342355729967309,0.8641030344045889,0.0001277089861926133,0.0010245467873847
346,0.0009979686953072548,0.26335921380949984,0.7324111833294594,0.00030767430629716105,0.0029239598594363986
347,0.00037484003131631465,0.11741303547871736,0.8810511674876818,0.00011241521832389104,0.0010485417839606874
348,0.00022679750733770434,0.052042242761567735,0.9469391090403313,0.00011768344657698652,0.0006741672441863664
349,0.0006875202364055478,0.17815082254993148,0.8189063547788371,0.0002973708576525573,0.0019579315771732914
350,0.00019527733085443922,0.016621297672170056,0.9823087763430716,0.00019498751014060926,0.0006796611437634166
351,0.0004582706400795953,0.05842083444444077,0.93913622546482,0.0007271862534653553,0.0012574831971942108
352,0.0006446647709868077,0.09455128901148556,0.9030787251445961,0.0002984921116266259,0.001426828961305055
353,0.000720799449619272,0.14809300553406451,0.845967257542976,0.00035289908290674543,0.004866038390433626
354,0.00014009706308940772,0.06714380717609689,0.9320287407600919,9.413775657505035e-05,0.0005932172441466826
355,0.0002773781873647261,0.04041405186767981,0.9571184046597672,0.00033344589760978807,0.0018567193875783706
356,0.00014047598822069723,0.057751321455694095,0.9414586927438753,6.762352704975064e-05,0.0005818862851602341
357,0.000327266693573372,0.16730507912859952,0.8307055715013008,0.0001972061151990046,0.0014648765613272682
358,0.0002580208082665757,0.04874914153068624,0.9500518203610485,9.333460066124161e-05,0.0008476826993373623
359,0.00010330684762309352,0.02330847723208554,0.9761438413856536,7.405996267576649e-05,0.0003703145719618968
360,0.0001359964449908266,0.026313280172811218,0.972232506961534,0.00011189181886289465,0.001206324601801108
361,0.0003004122223887168,0.04096849937911759,0.957045945753176,0.00010531993390620367,0.0015798227114115443
362,0.00017245520478269903,0.025679650902853388,0.9728703162595066,0.00011344364122309939,0.0011641339916342187
363,0.0004958915722402799,0.07550071648344396,0.9156138733463586,0.0008672790225914417,0.007522239575365654
364,0.00027369237346304827,0.03264113233090591,0.9648000453859871,0.00019298596807524937,0.0020921439415685253
365,0.0004362885142184693,0.14929730511468448,0.8486408549367866,0.0002221089040243502,0.0014034425302861323
366,0.0007014364547062998,0.1401203093793729,0.8557871927869112,0.00044466166321563086,0.0029463997157939763
367,0.00014124300454577995,0.017074475688383568,0.9821444923675084,0.00012651482705635004,0.0005132741125060056
368,0.0006813844382953122,0.10767398112424383,0.887739478688934,0.0010967651332620437,0.0028083906152648543
369,0.00021036876302626384,0.050689446679021324,0.9480879187700483,0.0002067911058911355,0.0008054746820130332
370,0.00079572795036176,0.16242283724888185,0.8350176954908354,0.00033236729456275946,0.0014313720153583413
371,0.00016693881211751096,0.04684141588795957,0.9522419009211839,0.00015049242116995976,0.0005992519575689864
