epoch,N1,N2,N3,R,W
0,0.037298984370465686,0.002774841869649268,4.896426258193681e-09,0.002007780351758347,0.9579183885117004
1,0.007896701215880545,0.0009918160708560398,1.3879844619492756e-05,0.0006020299502067061,0.9904955729184373
2,0.0007804483833060926,0.0004292408387496806,5.7482413043240394e-06,5.051860702706491e-05,0.998734043929613
3,0.000742635603516244,0.0002138332773872372,3.765571655360706e-06,0.00019974327313021989,0.998840022274311
4,0.00046906595751151627,0.00014474357717745765,1.8103834178689655e-06,5.805248290827576e-05,0.9993263275989849
5,0.0038995971354881887,0.0003956992567748926,5.888752003360175e-06,0.00010114859046126518,0.9955976662652724
6,0.005648567139620918,0.0020092466758833034,1.3799438632035427e-05,0.0003596099579534655,0.9919687767879102
7,0.03350160475273997,0.0022294774706544114,7.697689769316291e-06,0.0005629448145474852,0.9636982752722889
8,0.004821070852234046,0.002337678790270355,5.2419615834989063e-05,0.00032008980433431217,0.9924687409373262
9,0.0037350792426957126,0.0008361424899533524,1.3178882575950347e-05,0.00011991225845791968,0.9952956871263171
10,0.032153178993084605,0.004212569990911667,1.4893360043294018e-05,0.0005816768247453758,0.9630376808312151
11,0.026625661001105583,0.008275483743963778,7.804638055541276e-05,0.0004005374475103646,0.9646202714268648
12,0.04283738455428913,0.05650491079666026,0.0006102123840055443,0.0028184994888559756,0.8972289927761892
13,0.08516948192819095,0.022019286759350727,0.00012636752650308774,0.0021004019404401025,0.8905844618455152
14,0.00575400839164481,0.0027976609238616417,0.0001992781214647352,0.00024482740824481895,0.9910042251547839
15,0.13143876998291928,0.036745791780926296,4.240884257191572e-05,0.007854624880221811,0.8239184045133606
16,0.08287958144065939,0.1293249518101505,0.0005431423509547046,0.001321648054275205,0.7859306763439601
17,0.29323987420358116,0.13114542508689284,0.0001304702900259897,0.010639595499850312,0.5648446349196498
18,0.24674613621851468,0.4664841662465304,0.0015795846010989913,0.0018411576672736946,0.28334895526658227
19,0.3492703285879361,0.44306803131594663,0.004379184487471251,0.006943045478708484,0.19633941012993741
20,0.2147058247578312,0.44903486449457863,0.01143126036800968,0.007819152174196334,0.3170088982053841
21,0.23281478727996352,0.1425389106796511,0.0014092823489017163,0.0050640231719886915,0.618172996519495
22,0.031157728168122192,0.9288098990923537,0.006861132938199222,0.001947739585951287,0.031223500215373394
23,0.09121000801702613,0.8522671127512387,0.006253130610357313,0.004259943186799355,0.04600980543457853
24,0.03066451579013499,0.9363801572885857,0.0051795442112385,0.00583772881496914,0.021938053895071648
25,0.030639968933757693,0.9282695089555799,0.00890694197334042,0.0026333199863457966,0.02955026015097623
26,0.06330706745537493,0.7808594447309232,0.029027043124858792,0.007340870045222369,0.1194655746436207
27,0.0659651259174515,0.4071995396839658,0.024888066745743048,0.006443664851695249,0.49550360280114447
28,0.016995938057095053,0.01362543534182265,0.00046430244414417005,0.0007653066459449871,0.968149017510993
29,0.1989525107500021,0.3243239111802193,0.0030537797001260743,0.029241172063829757,0.4444286263058228
30,0.1704077246811812,0.5378102759874871,0.05401887727642883,0.004899129862737591,0.23286399219216533
31,0.1273978212235103,0.10566151173117916,0.0031664381020293595,0.0032279971207128597,0.7605462318225684
32,0.013717630289638414,0.016407172916334877,0.002515733893292742,0.000953431802811975,0.9664060310979221
33,0.012969031948837384,0.006047190135142594,0.00022224993243454434,0.00022269858759213054,0.9805388293959933
34,0.07841123807501017,0.09930289937448653,0.0013030893357326356,0.004353736115758863,0.8166290370990118
35,0.14187797289182152,0.03235425346797267,0.0062482415737423165,0.0014853208910093959,0.8180342111754542
36,0.09289357478098997,0.3719310038828602,0.03527207227930776,0.004839148896918128,0.4950642001599238
37,0.0045632705955735,0.01187931069735235,0.005739195734447975,0.00044317509579478375,0.9773750478768314
38,0.011982998501011968,0.006811551317989054,0.004735090715932677,0.0002750797924275982,0.9761952796726387
39,0.010941245518970893,0.0029941761945999237,0.00016137869175854403,0.00010376408815106878,0.9857994355065195
40,0.4525348142095124,0.008701844758729796,7.268958665515116e-05,0.0011841998012086942,0.537506451643894
41,0.7372260490536579,0.08039872243426964,0.0008209501981461986,0.006609443366660328,0.174944834947266
42,0.7095520420054956,0.14326063722760402,0.00191978025970951,0.005095576778751971,0.14017196372843904
43,0.3788546144604458,0.5292142446442081,0.003235055786094373,0.005590979820436962,0.08310510528881472
44,0.2726505345227307,0.5721231464814802,0.012398412960243844,0.0035313163765978766,0.13929658965894756
45,0.04496824707165205,0.9194152927067654,0.02050297286641797,0.0033214830979045712,0.011792004257260097
46,0.08362451265758136,0.8362805218692386,0.01166461604532585,0.005708312537344836,0.06272203689050927
47,0.3060903913319589,0.1917620495310238,0.005226249136447683,0.01017347843850341,0.4867478315620663
48,0.09663535355763729,0.8643781089185784,0.006849819852754903,0.01597627577269525,0.0161604418983341
49,0.10417791216456798,0.8194954485890685,0.05069993992845889,0.005071841530962591,0.02055485778694213
50,0.3863417282126814,0.483681190051132,0.008963113095654984,0.003704889226043201,0.11730907941448844
51,0.1557679163778535,0.7721021105787305,0.0347687949856138,0.0060636531462202915,0.03129752491158193
52,0.12288965042297544,0.8151088184013637,0.03564627161729141,0.005504246590115712,0.0208510129682538
53,0.032910550692596366,0.9130686397061089,0.03862022073356994,0.0018406993108909275,0.013559889556834112
54,0.1051624009412987,0.7942906672291434,0.052454919016149494,0.009938708254796917,0.038153304558611566
55,0.051982171328726984,0.8119546859400398,0.10316791696974072,0.00984032255625863,0.023054903205233835
56,0.029480283391445785,0.6249148911744895,0.3194784319042086,0.002765309324761839,0.023361084205094237
57,0.12554940379933252,0.6641294457935785,0.19215231354994752,0.005611030288625962,0.012557806568515587
58,0.12923298024529672,0.5515450941652662,0.30703994006727436,0.00517044695296441,0.007011538569198247
59,0.15336454074497335,0.5253922990287521,0.31087235895495063,0.0027001334785878637,0.007670667792736064
60,0.05484948240029399,0.4586724312835324,0.4789556583152072,0.0011798506243428193,0.006342577376623792
61,0.02705116541697678,0.16748984626973026,0.7982659746030624,0.001905937319021881,0.005287076391208598
62,0.050137233004677526,0.37458707679277425,0.5520672441331909,0.0037060189427158686,0.019502427126641533
63,0.012169022873439147,0.21627189240576633,0.764129793502089,0.0009424537041735085,0.006486837514531821
64,0.014102642830025925,0.25939284496011966,0.7143284723174509,0.0008033634738879298,0.011372676418515614
65,0.006575298111090236,0.11800324655926454,0.8693434528774509,0.00039265495905373577,0.005685347493140607
66,0.04973593914093218,0.3586048233662088,0.5702154009756846,0.0024380854872025418,0.019005751029972002
67,0.07179479231930475,0.4346445562058241,0.2578708192480715,0.003970105938517036,0.23171972628828252
68,0.08986336639182502,0.6165437735343933,0.24401032467849892,0.004815258735007149,0.044767276660275516
69,0.06882220680848246,0.5148401334741651,0.38584823952119285,0.0025199063940180887,0.027969513802141598
70,0.030236825261229634,0.21760583195318578,0.7313170985593708,0.00040060067291023104,0.020439643553303435
71,0.011374467146966634,0.23286001100577366,0.7434738533487307,0.0011288914476226294,0.01116277705090635
72,0.037681459576950356,0.3338500708729467,0.6072743286696356,0.004031387732427729,0.017162753148039753
73,0.012084463071156121,0.10909556559200458,0.8711677457583569,0.0004541236348707842,0.00719810194361169
74,0.009071739569255246,0.1320893163993058,0.8452603401987506,0.0015588657228953124,0.012019738109792911
75,0.01701799424084196,0.1507286132293792,0.7991117237651637,0.0018726224036839526,0.031269046360931266
76,0.0009890565501544013,0.015187648972585498,0.9802517726509784,0.00019640238548183374,0.0033751194408000304
77,0.0025285238803104274,0.02344152550453279,0.9670129571202063,0.0002900167352109106,0.00672697675973964
78,0.002122297559329021,0.02526521967010591,0.9615723372367467,0.00032439062767986,0.010715754906138282
79,0.004625004922910109,0.05333864088146018,0.9214981708064482,0.000727185214031217,0.019810998175150273
80,0.003491570960311402,0.04057327031010592,0.9382078154405666,0.0003240095492347541,0.017403333739781025
81,0.011920890777894268,0.03412293956218262,0.8785464300323608,0.0006828634863420642,0.07472687614122037
82,0.022048656680473077,0.07201975172644114,0.828800163867589,0.0012924865346384887,0.07583894119085816
83,0.02761227573622371,0.09067444705085724,0.7257959469234283,0.0041308086859350125,0.1517865216035557
84,0.0263362506981461,0.04532224765012294,0.7752893019800191,0.002893749302159519,0.1501584503695523
85,0.010649388182699795,0.048891901137027606,0.8612707898204439,0.004503665344513079,0.07468425551531574
86,0.0557997969366289,0.32471187151977476,0.2713596863064535,0.012785782261540576,0.3353428629756021
87,0.0745099918566091,0.2725618089470361,0.3267360879366209,0.016348520726415364,0.30984359053331845
88,0.11531407300578117,0.05027761737624451,0.005723833222739219,0.003959003430195501,0.8247254729650396
89,0.34348414191875387,0.16496371488788134,0.02643248716392742,0.010605605920663667,0.4545140501087737
90,0.3905045349022133,0.1553246331523554,0.00720930354052749,0.0027156196451178513,0.444245908759786
91,0.14581073341765047,0.06987953933721759,0.0031624499972598193,0.0004480914039655389,0.7806991858439066
92,0.30379941536151805,0.3930224692175162,0.03258254057240109,0.004892519415912668,0.26570305543265205
93,0.2478820110088557,0.5200438027465575,0.038285575313859364,0.006506500588813954,0.18728211034191344
94,0.17559636815876062,0.38734692782797153,0.01261390579124092,0.003611980558887292,0.4208308176631397
95,0.37542757645814867,0.3970643307527588,0.03033047737405344,0.005965868943651022,0.19121174647138808
96,0.15426765289325858,0.7058051053334612,0.050959242384687964,0.004590424183819013,0.08437757520477329
97,0.09321928970619556,0.07164926821536087,0.0021869734231713773,0.00141615535122904,0.8315283133040432
98,0.20422427188862724,0.24959378243664762,0.016277369698391952,0.002990591190591372,0.5269139847857419
99,0.3721971585854404,0.5681744960232493,0.021696710156547564,0.0016489504142737806,0.036282684820489144
100,0.2580827537113484,0.6530405994283055,0.018072452755635633,0.006203341403323619,0.06460085270138681
101,0.36605894426407526,0.4792742494321988,0.026268603732347486,0.005638674062210401,0.12275952850916805
102,0.12635178753145737,0.7452127508110242,0.07580085200860784,0.00654713397361467,0.046087475675295926
103,0.17880848220469836,0.5311529925139574,0.1646380684818904,0.009785488144469064,0.11561496865498476
104,0.15621023464660508,0.5560705383450897,0.14853594157807173,0.02097117207080062,0.11821211335943278
105,0.02981969661624261,0.03444637552389546,0.0026733121509791105,0.006571299644191919,0.926489316064691
106,0.10777735019963738,0.03398936112956495,0.00013289180131984666,0.010721151288937206,0.8473792455805407
107,0.03632110582271625,0.006529775831625331,0.00010153765396390224,0.0014965187298677399,0.9555510619618268
108,0.08848241716476085,0.0059179473462139115,0.00014935242028662107,0.0003571939610612203,0.9050930891076774
109,0.022136176855885707,0.01392655394156208,0.0015507333063557735,0.0002577752153935259,0.962128760680803
110,0.0712191169163455,0.014297838119663196,0.00018842809047475194,0.0006533054603083437,0.9136413114132081
111,0.35275551171799807,0.040235285812502054,0.0022028136453167155,0.000888549913832572,0.6039178389103507
112,0.3217659488249715,0.4427527826866045,0.034361356821591145,0.000960656652711835,0.2001592550141211
113,0.2429862180181513,0.5280012345329499,0.08598256126931926,0.007667694397506271,0.1353622917820734
114,0.09810682563771903,0.7255563260040165,0.06351170342157055,0.007159614736667415,0.1056655302000265
115,0.06427320502516382,0.65970690862969,0.19585414552049352,0.0059184692781007,0.07424727154655202
116,0.06776604282424274,0.8694725441351736,0.04282559410963245,0.005149681255501384,0.014786137675449892
117,0.09571545512663439,0.7230970235736701,0.14150673720125523,0.002007817964827601,0.03767296613361259
118,0.0830606443685407,0.6529417569623297,0.2456911220983956,0.0027391170626469234,0.015567359508086989
119,0.029691284490705787,0.8323199495590172,0.10969091019141462,0.0023218334758897067,0.025976022282972605
120,0.08184684190334565,0.5451661639235286,0.3555923723538555,0.00494750613510405,0.01244711568416637
121,0.06075405097958372,0.6350706695271742,0.29724482058513824,0.001332552323586066,0.005597906584517848
122,0.10854568127503844,0.5430937252695603,0.3359700054125946,0.006688714716072342,0.005701873326734281
123,0.05177558178599569,0.6141985640106865,0.3244598558137167,0.0033421674717458434,0.006223830917855227
124,0.04797087880507817,0.5459300973039753,0.3815540586919606,0.008402026047093059,0.016142939151892785
125,0.013531725641375603,0.2693940359600223,0.7090379725098351,0.002160691537475397,0.005875574351291621
126,0.005000498252419405,0.17581561705716883,0.8165540866735616,0.0006423381594898876,0.001987459857360354
127,0.017280957109368042,0.31768499201849343,0.6587735980977286,0.0026119888158939604,0.0036484639585159053
128,0.017562339134596438,0.22068211338030855,0.7474038025702678,0.005046824818208235,0.00930492009661893
129,0.004864768827259616,0.13471925618320627,0.8571214267123118,0.0011473034508180959,0.002147244826404322
130,0.021404492913336827,0.21247838434047484,0.7534031660610567,0.002822849971797144,0.009891106713334416
131,0.05039177783551163,0.3987016519759156,0.4979951986626354,0.010885525116905739,0.04202584640903148
132,0.14446404219218706,0.35356617348526387,0.48660319151304515,0.002013725943918445,0.013352866865585318
133,0.025032965336426256,0.16086312542788783,0.8047224946172397,0.0021369677381045033,0.007244446880341828
134,0.09300119660112154,0.26974306269008586,0.6105268937154973,0.010392105248189497,0.016336741745105937
135,0.05230837706729847,0.1766092026755939,0.7597862409651318,0.003839742831767092,0.007456436460208768
136,0.013759842957765034,0.1324041392444964,0.8443628940149798,0.00223634283584581,0.007236780946913015
137,0.015527077727375873,0.20733337600157695,0.7682874056356931,0.003690688259906113,0.005161452375447989
138,0.01772146260331228,0.12298083380963323,0.8467730962063926,0.002830921808001695,0.009693685572660014
139,0.023828702954871613,0.22955779138595725,0.7294462986010015,0.007358970213449621,0.009808236844719941
140,0.01003615759939184,0.11000165819397707,0.8755139891362995,0.0012095240224093947,0.003238671047922212
141,0.0065843936649393675,0.04659236379203773,0.9428910748362322,0.0005052433633656563,0.0034269243434249456
142,0.008621041933190098,0.15960730788863567,0.8241851054922238,0.002379738634129872,0.0052068060518203315
143,0.005129320333149833,0.06420049147405969,0.9277053523724067,0.0008090594368080333,0.0021557763835758303
144,0.007854155726362602,0.09180777625753066,0.8880698759807201,0.0019425549539889718,0.0103256370813977
145,0.0014430081354618192,0.017751421244630524,0.9782785941942421,0.0004016157038764011,0.0021253607217890445
146,0.002614760785259359,0.03426882447613327,0.9596808816570463,0.0006395280710435145,0.002796005010517621
147,0.0051791877070093955,0.0624071074088219,0.9263713331715343,0.000966516172537704,0.0050758555400967865
148,0.0035477781531258997,0.05482031748448072,0.935732954593005,0.0006950166569187545,0.005203933112469733
149,0.00047049679223311807,0.011321475308341296,0.9861026954918268,0.00022466876127694006,0.0018806636463216913
150,0.002135110127937048,0.04104542471773999,0.9523894563152356,0.0008180504223505402,0.0036119584167367547
151,0.0038063549093874023,0.051350895036778,0.9409630100867477,0.0008920502150404514,0.0029876897520464823
152,0.003069218412186471,0.03336452846464735,0.9616250591148798,0.0003811588746347665,0.0015600351336516243
153,0.003833465998185155,0.03551787857369386,0.9563574273864965,0.0005385193521388191,0.003752708689485614
154,0.0011562125221813574,0.01902295952114628,0.9780295451846498,0.0003013555581122641,0.0014899272139103326
155,0.010651741681688021,0.10017074931300701,0.8810952236592918,0.001013580677610102,0.007068704668403007
156,0.00862712684866177,0.08287530161895586,0.9009306743179265,0.0008739629437781477,0.0066929342706779004
157,0.0034985452815687415,0.03168529691788138,0.9603405095842603,0.0005580811189544787,0.003917567097335106
158,0.004941436323081666,0.029106227025085724,0.9611212956978725,0.0004995364201153171,0.004331504533844678
159,0.003761461589181095,0.026014362436798624,0.9666559604275016,0.00041288079985753607,0.0031553347466611397
160,0.00601057353341065,0.05299917117536687,0.9352509136387961,0.0007607453250083039,0.004978596327417972
161,0.004376451351695617,0.03360295211294656,0.9582981158590838,0.0005246741809174008,0.003197806495356745
162,0.0009871451955330637,0.011887299723112251,0.9854294044217333,0.0001575607711552143,0.001538589888466246
163,0.000940415294944841,0.013820219244289946,0.982340977355422,0.0002477271448467852,0.0026506609604962294
164,0.0013024689095421011,0.015789561283256072,0.980119713416118,0.0004434893232646373,0.0023447670678192326
165,0.00203411221858965,0.03206199613343812,0.9623222208688833,0.0008611402068071882,0.0027205305722815968
166,0.005668447294426934,0.09294767523720583,0.8933873985644993,0.001283739162050572,0.006712739741817186
167,0.010383134960908572,0.08615803765786317,0.9013655679549787,0.0004132071717229256,0.0016800522545266474
168,0.005028112383869289,0.06613680198295005,0.9265182344369345,0.0011194002120412621,0.0011974509842049648
169,0.0053771178356317945,0.081259665166441,0.9093293662889854,0.0021912196233120906,0.0018426310856295921
170,0.0044348935384947875,0.0590594752133063,0.933165065638141,0.0017241140163360576,0.0016164515937217492
171,0.00548178607072517,0.06499827555357249,0.9230780641500795,0.004169222536817298,0.0022726516888055656
172,0.01733568739455722,0.15850545463599322,0.7984853734965554,0.013218702477963274,0.012454781994931042
173,0.02988013653279069,0.19646599459960046,0.7405755262767298,0.011026905292874738,0.022051437298004132
174,0.05026513756505012,0.32632474306002474,0.5893396730496878,0.01263454796245298,0.0214358983627843
175,0.03776589409816544,0.2512455831854592,0.6849671204710621,0.008819944368158344,0.01720145787715495
176,0.1553193149609334,0.5703893097662459,0.09859054319881676,0.009340295702148779,0.1663605363718552
177,0.009853253919647796,0.04634786203683807,0.006785245156623757,0.0004378045078705996,0.9365758343790197
178,0.46811409297322387,0.18662468547477626,0.009018424411494032,0.0012846139693428711,0.3349581831711628
179,0.6994100204357413,0.19681249153417094,0.001623675403495951,0.0014932436722836036,0.10066056895430832
180,0.33345184611307505,0.6397400109552244,0.0161789759816966,0.0032343267931205233,0.007394840156883387
181,0.12365593962371274,0.831183020807833,0.011363046108420545,0.029960878873255357,0.0038371145867782683
182,0.08377066321190434,0.8297500229059115,0.009871332749679228,0.0730734270898763,0.0035345540426286013
183,0.1516339476097444,0.6483249277258337,0.05455181529443766,0.13356734065166748,0.011921968718316743
184,0.04324244426926737,0.6021727683169488,0.06554692694775466,0.27868763325049545,0.01035022721553388
185,0.030335386475626416,0.6849431162340035,0.008473333485293808,0.2726436886989963,0.0036044751060798205
186,0.01571378616861836,0.7498941577043474,0.00910760614265402,0.22192672775280542,0.0033577222315747486
187,0.11764133475282129,0.487955673080529,0.010004702246586618,0.3727085261536103,0.011689763766452884
188,0.0586796785447369,0.751013495248513,0.002155447710568384,0.1708409719141742,0.01731040658200768
189,0.06658291006000698,0.36909245026787174,0.0005677015183018822,0.5387983086441411,0.02495862950967819
190,0.050684570061946724,0.527983611496491,0.0009535254403454827,0.39298084705049263,0.02739744595072426
191,0.07042013357960533,0.39820946945652774,0.00013513602311724526,0.5123916536648514,0.018843607275898323
192,0.18745732940203197,0.2699115911290113,0.00012520622266162703,0.4117686825504623,0.13073719069583292
193,0.19317908975307505,0.29867346346895074,0.0011635882367839465,0.3542676973746182,0.15271616116657208
194,0.13529567796533237,0.2826536525182707,0.00020375520276713302,0.5171431443384291,0.06470376997520061
195,0.18140274236931225,0.18004669513449884,0.00027296421498057576,0.45780185395797396,0.18047574432323435
196,0.11411765149328827,0.25357720493194746,8.838028951925661e-05,0.5131131367747567,0.1191036265104883
197,0.09384332171145117,0.08185957924584955,5.285972444242661e-05,0.7497055697609901,0.07453866955726673
198,0.16859224287396324,0.13413702625619528,0.00017473543916960273,0.539627775652261,0.15746821977841086
199,0.10626311869481182,0.08886243717968806,6.0405210254713625e-05,0.7178823106975389,0.08693172821770652
200,0.12735114868457137,0.11754022668005913,0.0001417375040994146,0.6291181690452339,0.12584871808603612
201,0.13731185485139763,0.17905274522123382,8.103064732697473e-05,0.6084497154099163,0.0751046538701253
202,0.11865053207482848,0.07434123232384401,5.468989130958948e-05,0.6899342931665328,0.1170192525434852
203,0.175965327515132,0.07895788411576268,4.3095967911743986e-05,0.5746956118725566,0.17033808052863694
204,0.12162159313951176,0.06869129892863468,0.000389471789079746,0.0657420796231792,0.7435555565195946
205,0.176978182863062,0.04703300470936499,4.115321282870676e-05,0.11638871532732298,0.6595589438874213
206,0.22460644078647463,0.28535493333789963,0.0002016582298069333,0.27975708891810497,0.21007987872771378
207,0.2710834827070248,0.20902800296503776,0.0001952227637352752,0.3557210052516195,0.1639722863125825
208,0.3073440565090045,0.18656172128010284,0.00027074594139515304,0.2559280567222095,0.24989541954728808
209,0.13515762586505897,0.4014796480688259,0.0016888812019108506,0.3414308545155119,0.12024299034869226
210,0.22533506031971048,0.22865456545192236,0.0008248735262431795,0.3513714691014818,0.19381403160064192
211,0.12815609452619803,0.2111249207326708,0.0003205389175175032,0.5118948403058097,0.1485036055178041
212,0.142098836373055,0.12449832600334013,6.671719884689809e-05,0.5242176674850728,0.2091184529396852
213,0.24168181947091458,0.09485257034327592,0.00011988011851899515,0.48644117727218716,0.1769045527951033
214,0.5588211838020164,0.08993404593605024,0.00020145812888531616,0.21469883380252985,0.1363444783305182
215,0.24759108389295847,0.20826653370505283,0.0029756977958991632,0.05883146087528647,0.4823352237308031
216,0.6173680883606135,0.1397888767539421,0.0014865509340496142,0.08315835200224601,0.15819813194914886
217,0.1856681629946889,0.6363723606907216,0.00901288574338413,0.013012891437587583,0.15593369913361782
218,0.14983896366845795,0.6832318935547611,0.009849154780601773,0.02474639587557875,0.13233359212060036
219,0.19543192593899197,0.7167139879646138,0.004043011499197157,0.027405236466454406,0.05640583813074276
220,0.18807345481342594,0.23781578732091002,0.017151117196260883,0.03414165965801367,0.5228179810113895
221,0.24025622114585524,0.1716185280229163,0.008101794528280996,0.005678407509813896,0.5743450487931335
222,0.22458329800590807,0.6553639111847543,0.013984834044373883,0.002836513949287926,0.10323144281567578
223,0.12874435140461893,0.8440985837305691,0.012123000065441028,0.0008854436949716213,0.014148621104399529
224,0.3127006573864356,0.6416183634909424,0.007100819735324142,0.0039222577249075396,0.0346579016623904
225,0.15500594756788932,0.7991443758989684,0.029470439225854343,0.004887476934740207,0.011491760372547673
226,0.08898306508245706,0.8258468841730235,0.03369036608057094,0.033777298664333294,0.017702385999615145
227,0.17273599932317987,0.753126085721201,0.04610085187016065,0.01833252094460277,0.009704542140855804
228,0.07118579302452688,0.8647259463621133,0.03740272274481526,0.023094829359506047,0.0035907085090385246
229,0.03786654480167572,0.8680302319224584,0.07933789596659907,0.012536479763175843,0.002228847546091053
230,0.12389632825308887,0.798386642757667,0.04033625669514778,0.024197753818926172,0.013183018475170179
231,0.02411180966518944,0.7395846327428457,0.22885561558841835,0.003783035021556418,0.0036649069819900473
232,0.04059279944768697,0.7608098569906347,0.1841448370738673,0.007669204359798458,0.006783302128012512
233,0.06730942817861878,0.8122370104277458,0.08975133417611833,0.02098880626378713,0.00971342095372996
234,0.10212294911663039,0.6976858110410173,0.18145329729475376,0.012488204028638676,0.006249738518959842
235,0.05152298483198775,0.783104087714913,0.1398338830322332,0.01917025135366946,0.006368793067196394
236,0.030410756482826887,0.8023385447854002,0.14623003217432243,0.015262768592466294,0.005757897964984138
237,0.030891604139473124,0.7996418164852013,0.15382725880563847,0.011600421131252106,0.004038899438435074
238,0.04331899603502225,0.7837998135335951,0.1456206306220904,0.01492062296001168,0.012339936849280315
239,0.0559489991064689,0.680450349381866,0.2551186556900789,0.003980558516392633,0.00450143730519368
240,0.028281414703874044,0.7646965537585136,0.20065456922734434,0.0037178833861637507,0.0026495789241040863
241,0.05228875809835169,0.7393214429729109,0.17411662031518843,0.02616575652116269,0.008107422092386313
242,0.026138183480080453,0.8548852211214342,0.08694000946106384,0.0241814334713435,0.007855152466078156
243,0.009567562214054099,0.5495718586044472,0.4198281493872487,0.007663017137628271,0.013369412656621626
244,0.0344140771196373,0.8756726849456579,0.05444040112016928,0.02692884963188403,0.008543987182651449
245,0.020847162630509362,0.8946192330190398,0.07137548274938917,0.005901281702715667,0.007256839898345916
246,0.057392421687056966,0.8631333259031799,0.03875088363140516,0.012461180768509512,0.02826218800984845
247,0.05208218518356855,0.8751339855859496,0.059208614881927774,0.007146643265883123,0.006428571082671156
248,0.11744051129420027,0.8057570736438864,0.03738413660521526,0.007768807869250913,0.03164947058744717
249,0.05003868901387579,0.8164436313291881,0.12324713956753452,0.003640895721158541,0.0066296443682429766
250,0.11202462576134227,0.7893156106457013,0.08796089976245677,0.004905323635160241,0.00579354019533939
251,0.023931856685881225,0.8311574287268053,0.1369379659719372,0.003370657898669678,0.0046020907167067535
252,0.1061300792133279,0.7211695424043267,0.16347305918705188,0.0037873390339170543,0.005439980161376428
253,0.06993289177078359,0.7893262856953615,0.12636822080092153,0.002558504319074804,0.011814097413858641
254,0.07498032229988093,0.7801246766042711,0.137326502263769,0.0020997302292435484,0.005468768602835386
255,0.04950240720509495,0.7816441433983551,0.1554918810000254,0.00446510411076571,0.0088964642857589
256,0.03758905174661831,0.5495265153700247,0.40353644431616054,0.004331681362527233,0.005016307204669148
257,0.04759708271317181,0.7642118959336734,0.18071290845630586,0.00344471716819925,0.004033395728649643
258,0.01335038921375776,0.48426574577539183,0.4979992704376316,0.0012749344943630957,0.003109660078855725
259,0.04104009776090658,0.6148086867828408,0.3274684303693069,0.011372655698652354,0.005310129388293264
260,0.028717364452066362,0.4669505654481571,0.47793730546704677,0.01631916976524525,0.010075594867484343
261,0.022262521149742538,0.3403114890446275,0.6242288850342401,0.008885932615704036,0.00431117215568579
262,0.017104591964650705,0.3587388957445844,0.6079288423498067,0.011964038458340919,0.004263631482617273
263,0.02610271294132415,0.4833112687382004,0.45802021244868674,0.02267199348387627,0.009893812387912582
264,0.01374559373198744,0.3722470567092315,0.6037240492518431,0.006478496818225579,0.0038048034887123825
265,0.014963911461552725,0.41690867534970943,0.5611030675050329,0.0036413236846781286,0.003383021999026825
266,0.01101527225156172,0.5974337151842258,0.38207138651463113,0.002607558476594829,0.006872067572986464
267,0.008912422480176157,0.3659718591116683,0.6208638064200094,0.0025883558365257017,0.0016635561516203789
268,0.030397214116206123,0.49032355693678703,0.46563900249785306,0.0061275397723596255,0.0075126866767941764
269,0.024834174438456227,0.4510245332919623,0.5030220165809128,0.014416765428007015,0.0067025102606617796
270,0.01995367159952015,0.3863383746917751,0.5688010214874871,0.01567780380844682,0.00922912841277085
271,0.020673240351277926,0.46613561321895053,0.47414824697311997,0.02540501874466216,0.013637880711989426
272,0.012194342672289334,0.45859145714809907,0.5150519788180781,0.00562851937664224,0.008533701984891107
273,0.005009802512882596,0.18943243142841681,0.7985787535845768,0.001733966023156883,0.00524504645096684
274,0.015469101065529286,0.6970912488943402,0.28234926239982155,0.002157622575779984,0.00293276506452904
275,0.04690371906658646,0.6852782078752971,0.2572953635116914,0.00502395630545643,0.0054987532409686
276,0.025961517084620283,0.7702959913686462,0.17587204609078425,0.02099936206709377,0.006871083388855425
277,0.02408380001034218,0.8724530370978952,0.08731309663115873,0.01213287185145719,0.004017194409146648
278,0.03668564177681121,0.5450387448574022,0.34338617645216996,0.05316036495912519,0.02172907195449145
279,0.046010588715489416,0.7316930749326538,0.14683635935673112,0.055266476442779315,0.020193500552346394
280,0.029136986128004985,0.17984659929705551,0.2026770397691139,0.018006849372643605,0.5703325254331819
281,0.17689358368133445,0.18038215018368636,0.014232553335675305,0.015132964715391732,0.6133587480839121
282,0.18807540914457213,0.570921120079551,0.14702969525037757,0.0060339391979754185,0.08793983632752386
283,0.21402821432317576,0.6466361968725277,0.0867020656275802,0.00181070631923098,0.050822816857485305
284,0.20836139123315756,0.7523525221410027,0.01796210572388303,0.0031951369891775184,0.01812884391277934
285,0.12807021603088709,0.8012467897745565,0.05444256012392773,0.006926725316694896,0.009313708753933692
286,0.16694465824295296,0.7939143558320427,0.016300599257176845,0.011258386818774809,0.01158199984905259
287,0.1273023532132915,0.8239256799559348,0.025903036727878373,0.01008560732670959,0.012783322776185655
288,0.044817085211489235,0.9067911775153473,0.029928589242936364,0.008328197785138712,0.010134950245088316
289,0.144509893444949,0.8114013148168575,0.023995652240414812,0.009702106053455626,0.010391033444322842
290,0.1568610686841416,0.3000463474672317,0.04103813541958122,0.010625400189559708,0.49142904823948574
291,0.11667145032321506,0.8436678963097607,0.005961691498847859,0.013862029442061401,0.019836932426115086
292,0.21207616440513255,0.5934704855319833,0.04184058213697724,0.004012423867922712,0.1486003440579841
293,0.7154998689707234,0.23759008326916967,0.0005844042730604117,0.022329762379420956,0.023995881107625683
294,0.387563546136863,0.5504279043970085,0.012707576307941459,0.018951026726983174,0.03034994643120401
295,0.30280424735455613,0.6194096356218309,0.05310416950262406,0.020329103407760788,0.00435284411322822
296,0.1356846451422562,0.7598021373731242,0.05973415228867129,0.03383203086808951,0.010947034327858794
297,0.08284243875000084,0.7283325533476378,0.14715860447186443,0.030967839081338485,0.01069856434915836
298,0.07387826411458205,0.7926903372037639,0.09125711753619735,0.036215383889215844,0.005958897256240641
299,0.033177223751589324,0.7731603527370268,0.16201028710509266,0.021248358788014236,0.010403777618277153
300,0.02042589822765808,0.5944028683654539,0.3636799862033139,0.017439631356261285,0.004051615847313003
301,0.03015079916305015,0.8690576420077964,0.07127060121820737,0.025411068077773127,0.004109889533173118
302,0.023404372287847038,0.918320239455002,0.0316971704337886,0.017288420069500533,0.009289797753861871
303,0.020929765828820356,0.8150374085355943,0.14873103828085993,0.013064531450250973,0.0022372559044744915
304,0.03918152718071178,0.7573718219769526,0.17412096075711242,0.025064787718064033,0.004260902367159103
305,0.01876010609080562,0.7658034636244219,0.1988876587572218,0.014567298785693893,0.00198147274185685
306,0.009644501477835356,0.9125680734431134,0.0558695506839519,0.01799470108641771,0.003923173308681663
307,0.04077695477183163,0.7830764963683751,0.15185086419170366,0.018500012030119736,0.005795672637969921
308,0.11547261983949943,0.804063017950776,0.01538662910947091,0.023856864915217598,0.04122086818503606
309,0.05275204951060726,0.8726306651833835,0.06783825390916698,0.004154284890077663,0.0026247465067645434
310,0.08483254171422198,0.8272866630679458,0.07839278690092584,0.00573487390523041,0.0037531344116761033
311,0.07283206297626929,0.8293906660276815,0.08952095980761293,0.004635674948801632,0.0036206362396346233
312,0.027955550593288244,0.7743127766892361,0.18830766272062757,0.007705137733026481,0.001718872263821438
313,0.04396633739551926,0.8538978943000313,0.0880291755867182,0.009888517639617124,0.0042180750781141765
314,0.04127616725083057,0.8209001943278421,0.13295101193731845,0.0028600280844135956,0.0020125983995951907
315,0.03535341718865048,0.6314129208404088,0.32776624866051657,0.0020051642452656735,0.0034622490651585285
316,0.014671975131851525,0.6219547418672569,0.35524841609493907,0.0025806891989242553,0.005544177707028219
317,0.04765813344170558,0.7285656276241188,0.2168837642069333,0.002268966243864442,0.004623508483378101
318,0.07269871543781578,0.7932260172361651,0.12655730105720023,0.004373871988942283,0.0031440942798764996
319,0.0433281908789551,0.746016777653459,0.20363820926462034,0.004925118243413707,0.002091703959551721
320,0.031812874284529925,0.6844175625579244,0.26705232294833137,0.011143767552914186,0.005573472656299942
321,0.017895724079457713,0.6296653055699984,0.33909897819665313,0.00857330384398497,0.004766688309905647
322,0.01333077770527849,0.6388055947926692,0.3429315187881647,0.0023964191827489617,0.0025356895311388857
323,0.029729740790656906,0.7422010073531324,0.20977325324700974,0.013261901155540727,0.005034097453660208
324,0.007252897601941719,0.5303179063453246,0.4546450148143474,0.005698339570427741,0.00208584166795863
325,0.032278644657604966,0.1530760296224097,0.09532145174550724,0.016999811079934833,0.7023240628945432
326,0.16108619193340273,0.6797821972329747,0.03640478514596932,0.057693588727466875,0.06503323696018636
327,0.14760571208697704,0.636076029898471,0.11676578427876413,0.028525236377117145,0.0710272373586707
328,0.1890833916915128,0.7166524679692292,0.07057826311296986,0.008805760890139326,0.01488011633614873
329,0.161205877581035,0.6585858997626519,0.04813113805024654,0.04312507338619618,0.08895201121987044
330,0.058001558280824185,0.5264861228653137,0.057223554601363795,0.009320079698263834,0.34896868455423447
331,0.1337821518436497,0.22480926723037709,0.030676820469230627,0.0032747637549661464,0.6074569967017764
332,0.31937394934387725,0.6191398571717079,0.015294528611849285,0.0028344362575972496,0.043357228614968366
333,0.139050748863161,0.7801193808635473,0.07116229142182501,0.0006303022804615353,0.009037276571005346
334,0.285361563943059,0.66980746604844,0.03423808280608235,0.0025217577209434602,0.008071129481475278
335,0.06529882780800987,0.7818392668428082,0.11536043759225416,0.03330345462183642,0.004198013135091407
336,0.03638334727432586,0.7395551680106325,0.1692870892334295,0.05169791103706852,0.003076484444543741
337,0.10400486932404951,0.6686438477402101,0.06624768910247816,0.13860231273907223,0.022501281094190036
338,0.0548096840278064,0.5411177387311373,0.2539766202777258,0.1456813982065932,0.004414558756737326
339,0.015631431300004384,0.7361772496642269,0.13262880798812546,0.1113140163661749,0.00424849468146838
340,0.012838624971424696,0.8180335970206201,0.030426576392750173,0.1334079360352154,0.005293265579989388
341,0.040208561291745,0.7182158517430297,0.00944880308961677,0.22196898492789044,0.010157798947718132
342,0.054057555164442876,0.17758414419715418,0.0004363454174643749,0.7122484365600348,0.05567351866090367
343,0.06596947139829888,0.1247646453765323,0.0003164471217263014,0.7485393364129751,0.0604100996904673
344,0.06783570776691442,0.08503165315196566,0.00013445510121985234,0.805061415616287,0.041936768363613104
345,0.07885600318215907,0.07854801075779243,2.394584955883008e-05,0.7999612248332706,0.042610815377219086
346,0.1034044248073347,0.05742892597985365,4.2925219542399085e-05,0.7881738750485152,0.05094984894475387
347,0.084309700717152,0.055110402810968684,2.8940554816568868e-05,0.8202057358959316,0.04034522002113113
348,0.12107575964116946,0.06053345543632804,6.0792742194275924e-05,0.7628327706559721,0.05549722152433605
349,0.09742866215405484,0.09712120333470561,7.760084333155295e-05,0.6976203037695909,0.10775222989831713
350,0.1405008379938619,0.07522546365074968,7.959738398747626e-05,0.7242294396204199,0.05996466135098115
351,0.15252267074480635,0.06550176905018905,8.247774480864186e-05,0.6574626720896307,0.12443041037056522
352,0.1294970989301394,0.12436940534858831,0.00022496341925854797,0.5841196350195499,0.16178889728246382
353,0.1508001573572348,0.05411442286697549,8.395606724121874e-05,0.6416375535388409,0.15336391016970777
354,0.1309424334576579,0.0998531188614728,5.710693256573365e-05,0.6441868187750086,0.12496052197329505
355,0.12049046231012181,0.13450656418038406,0.00012952906624799857,0.5363086554959438,0.2085647889473024
356,0.18891827021062435,0.11124165629022988,0.00011686078389945024,0.47165237373051316,0.22807083898473307
357,0.12488872097522898,0.25594868955073147,0.00014187743288572414,0.4759413821900683,0.14307932985108554
358,0.2260787315256123,0.17703684356753233,0.0001524422751660356,0.3612369594920784,0.23549502313961096
359,0.12336035738991355,0.08210682685006701,6.0271256402413766e-05,0.6652100509638212,0.12926249353979574
360,0.12378379469562678,0.11457524530138857,6.061437971067983e-05,0.6336917799760531,0.12788856564722084
361,0.04554280855480153,0.04935755220495378,7.853696389317399e-05,0.23250141069671137,0.6725196915796402
362,0.09953040051876867,0.02858244700389992,1.3364674985341904e-05,0.11271041793160189,0.7591633698707443
363,0.21367667978994206,0.1144518172043173,0.00011081115348642108,0.3144253753694571,0.3573353164827972
364,0.29232282573169105,0.11205131202076961,0.00012074333613542188,0.40828669700649695,0.18721842190490698
365,0.15535843850033068,0.15980628048647197,0.0013963997235425624,0.11927453920998143,0.5641643420796734
366,0.15531273648686245,0.13439763928666626,0.00010178006761042532,0.26470782309376,0.44548002106510076
367,0.17498039784879027,0.28217375575308123,0.0003245712743209321,0.4413598499989052,0.1011614251249023
368,0.14643846534213503,0.08975734297905878,0.0013119242025891537,0.6041918490581778,0.1583004184180392
369,0.08824970781458055,0.11899947762676036,5.8668951430779276e-05,0.7429003705340238,0.04979177507320457
370,0.0747760272737525,0.08731196771444623,0.00019553270904085863,0.777220296785873,0.06049617551688738
371,0.09386794980723902,0.1291957554455022,0.0001386128955208132,0.6854413105665399,0.09135637128519804
372,0.14056145469402628,0.10649903197328048,0.00015903592377320252,0.6033441639176587,0.1494363134912614
373,0.19479584312032458,0.08045585147677244,0.00021541403501635828,0.5207157402827152,0.20381715108517146
374,0.1988524884517497,0.09111290587197582,0.00048057373812954277,0.4499509306532443,0.25960310128490055
375,0.20893924359101732,0.09470840900121073,0.00026051621011489204,0.3312676315213565,0.3648241996763004
376,0.1966978048574151,0.10626848255093933,0.0003390767039824868,0.3541383164572651,0.34255631943039794
377,0.2082355059257457,0.1813846115164058,0.00028625189344827896,0.37719344170952557,0.23290018895487474
378,0.20390593535175527,0.17415896782758988,0.0006034932630493191,0.3294380138751419,0.2918935896824637
379,0.18102212626580588,0.13685954530166938,0.0005232183702265054,0.36812791787117155,0.3134671921911267
