epoch,N1,N2,N3,R,W
0,0.001330496879947301,0.00017224377089057914,0.0001546207779897144,1.2501321939377452e-13,0.9983426385710474
1,0.0001135368958181237,2.9466979204528936e-05,7.041595509227077e-05,3.3517499210093584e-14,0.9997865801698514
2,0.0011287678749619995,7.127963083702313e-05,7.939991540611917e-07,5.5815316084752536e-05,0.9987433431789622
3,0.0012802483160047576,0.0002741414956421385,2.471599975074186e-05,3.185436330175296e-05,0.9983890398253006
4,0.0027526308436067663,8.778623768763137e-05,1.0395192738056828e-06,0.00011085846571303963,0.9970476849337189
5,0.0005991802949145542,4.5935180491698166e-05,9.935622321602704e-07,2.2946118845011198e-05,0.9993309448435166
6,0.0036045414771973174,0.00021715187827814502,3.6392657607470936e-06,5.49775569563881e-05,0.9961196898218073
7,0.03363091518089201,0.0006539108043089577,4.0742091670977635e-06,0.00023019339824466992,0.9654809064073873
8,0.08682733139713583,0.0009825098119412691,6.805890441499578e-06,0.001074705491101338,0.91110864740938
9,0.1655886372828261,0.006040539313145861,1.373347253499833e-05,0.0035128631890078876,0.8248442267424851
10,0.17975763429924138,0.07006765204033405,0.00021875620856924737,0.017028619466345173,0.73292733798551
11,0.1499298330282427,0.13398776820934735,6.218342812547817e-05,0.04592014473940511,0.6701000705948794
12,0.23302410347444166,0.3826949965058229,0.0006973657171036664,0.04190948534255341,0.3416740489600783
13,0.23092313111336904,0.449675860402955,0.0006450759669583518,0.09280551184032652,0.2259504206763911
14,0.15025492021056105,0.5947996177150512,0.000374868906498494,0.041536124163720836,0.21303446900416825
15,0.10200033946595755,0.7129088298410354,0.0009413290466541553,0.059822439422589746,0.12432706222376304
16,0.17043132000635325,0.43990638703963425,0.0005607708948976354,0.05491115842840954,0.3341903636307052
17,0.307645772667922,0.44360942326765956,0.0009835968919513413,0.04085625260923813,0.20690495456322885
18,0.107217016871718,0.7708433870119082,0.0011423142462079147,0.016141797907890262,0.10465548396227563
19,0.0969740824679963,0.5548702804999968,0.012771509280211727,0.00652544808695388,0.3288586796648413
20,0.1363888552091784,0.5982905395235095,0.0029551205133826635,0.011831863895621995,0.25053362085830744
21,0.11892517523269402,0.7257232691770109,0.00205738700267811,0.0177862454591515,0.13550792312846568
22,0.13693434071151547,0.7539300302871131,0.001885716511723956,0.011753499403432968,0.09549641308621452
23,0.11357203648361269,0.7116624382310981,0.0005436474055386273,0.03061457597948821,0.14360730190026233
24,0.16155418544253075,0.48306438291536574,0.00027723764783610237,0.016744867341277003,0.3383593266529905
25,0.15087674588898464,0.7846872988103829,0.0012083865762691523,0.020437421644569027,0.04279014707979439
26,0.3045742338286186,0.5821578189643247,0.0002798235930201291,0.019874593590688057,0.09311353002334864
27,0.322449330903726,0.5703500953566052,0.0005941225397922708,0.016434988733483615,0.09017146246639288
28,0.1327587552626439,0.8040837020999091,0.0015511302275251874,0.018730519395032574,0.04287589301488929
29,0.1359586256793386,0.7989481224783265,0.007073575393449996,0.0079871515810592,0.05003252486782564
30,0.18590492829154223,0.7605238470067677,0.00244405786539192,0.01781431236043434,0.0333128544758637
31,0.19143348823169873,0.7386998193583039,0.005116327178649431,0.009134890934082323,0.055615474297265655
32,0.1767312528141128,0.7667951450248627,0.003012651235010225,0.0098779987766276,0.04358295214938662
33,0.05283471385448822,0.9183932502394502,0.007747173178163668,0.0017249848384604262,0.019299877889437482
34,0.3659292110264669,0.5511329927534243,0.0012153556296446702,0.01816048108344225,0.06356195950702183
35,0.04694008408931899,0.9249996983155316,0.01019522494116248,0.0013455745037819118,0.016519418150205092
36,0.047769997315038934,0.932748568931387,0.0023602622432207275,0.0012623289405904532,0.015858842569762895
37,0.15106048372567932,0.819396597852981,0.0038710759662088936,0.0034973772010554673,0.022174465254075095
38,0.04156847562768382,0.9295355730531256,0.0041430310580163904,0.0017159956725957572,0.02303692458857857
39,0.09878346650337062,0.8534602241711498,0.004174121318240867,0.0023415961016439546,0.041240591905594634
40,0.031208840634923612,0.957687947881432,0.003627513692879725,0.0005766610590433358,0.006899036731721399
41,0.125217865897028,0.8299304883322365,0.0008718291213081914,0.0009456493476268218,0.04303416730180036
42,0.04174175151071498,0.9420013405772597,0.0023673450698335347,0.0008145500853198184,0.013075012756872046
43,0.038080001827539206,0.9318165933030894,0.010229723674265424,0.001133918924547353,0.018739762270558482
44,0.1036014456458417,0.8030201865588201,0.006273782737925251,0.0034638993218907817,0.08364068573552198
45,0.10247040539409599,0.8339219366911438,0.005848168490775619,0.00903655991320522,0.04872292951077929
46,0.030999282305600298,0.9366641445525383,0.012879797924075837,0.004226005526120541,0.015230769691664864
47,0.008911374980097883,0.011558579107738347,0.0026708976633148334,0.0003403487279241735,0.9765187995209248
48,0.10546432888062711,0.008918680598664947,4.9451523250236696e-05,0.0010356212515031439,0.8845319177459546
49,0.36616895847790965,0.09360008735737162,0.0002959932083913399,0.001433231547067695,0.5385017294092597
50,0.6560935564986357,0.21362025268992887,0.0007031691956974683,0.00050525651633573,0.12907776509940214
51,0.23101657905030484,0.6912692532936628,0.0015602052327929065,0.0019308058189217196,0.07422315660431784
52,0.13451559369792285,0.7460270630791928,0.0008400822643990788,0.016278790378972622,0.10233847057951262
53,0.09812555413584532,0.8457754968546278,0.0015882516265004086,0.008461699894845104,0.04604899748818146
54,0.0715998063714103,0.8903039404426247,0.00046369137021632577,0.011489216584573669,0.026143345231175112
55,0.06607239345390048,0.9101256237061054,0.0012195183089559827,0.005084467909651598,0.017497996621386614
56,0.06923850805920093,0.9090254591331554,0.0014607005822787104,0.0015638828473900459,0.018711449377975094
57,0.18623518190398863,0.7228974039727475,0.0011245794830663494,0.0017101804944532407,0.08803265414574435
58,0.15158461973740583,0.8307939162452728,0.0004985009233010266,0.003388490000918558,0.013734473093101815
59,0.20230809395884966,0.7866005092324819,0.0010563543279037864,0.001162478177140848,0.008872564303623638
60,0.1269876862801605,0.866970312840326,0.0008056470009632099,0.0004737164861883934,0.004762637392362135
61,0.02751716046810871,0.9679350364055819,0.0017634470559234274,0.0001553693239220879,0.0026289867464638177
62,0.019555795875620056,0.954365084398933,0.022822200328774665,0.0002933164503657995,0.00296360294630639
63,0.01513783200800957,0.9488696216031706,0.031675761914179486,0.00024375265372359538,0.00407303182091666
64,0.01184544609348037,0.9197616933367208,0.06102598943068304,0.0007203634508305406,0.006646507688285394
65,0.008771972780145148,0.8507451045619135,0.1307428894084845,0.0007991897330955821,0.008940843516361343
66,0.03578227087288274,0.9067942772746411,0.04421259516717141,0.001334184117094158,0.011876672568210659
67,0.00698170512039338,0.8130184644997153,0.1738609511714536,0.0005147702987408394,0.005624108909696816
68,0.03383715107718866,0.9171646263988239,0.03903953708179394,0.0006251544656492474,0.009333530976544326
69,0.011642507297482304,0.8435996265080754,0.1342661841093993,0.00036676398410758214,0.010124918100935477
70,0.011698402940998791,0.9096137172108144,0.07081327501821585,0.00037801070486540315,0.007496594125105518
71,0.02280314757776747,0.8313014589738452,0.1350365677438017,0.000889251962773829,0.009969573741811823
72,0.01917400315705081,0.6485114721556758,0.32380636120447504,0.0008918260606554236,0.007616337422142809
73,0.016509191677170052,0.7562969725708872,0.21895760338274547,0.0007847031015239026,0.007451529267673357
74,0.033680304028585364,0.8690528230152088,0.08941750387756246,0.0010907712815870245,0.006758597797056608
75,0.025714616510922092,0.8083849962923904,0.15566110796429927,0.0009430443590389101,0.009296234873349445
76,0.011921018476937884,0.7164075397330711,0.26435885335221493,0.0005295527534263146,0.0067830356843497095
77,0.041306448562687496,0.8162588467257853,0.1278500344929126,0.001548411020296028,0.013036259198318417
78,0.014254155333703078,0.7616558016869353,0.21243652562183538,0.0007162943446352211,0.010937223012891175
79,0.008807312142561663,0.6013124465049169,0.38334314157117916,0.0005242020581885134,0.006012897723153855
80,0.012006057924698894,0.4527272828704277,0.5226287254031837,0.0005635305381640776,0.01207440326352553
81,0.01083554618985167,0.7257278900170077,0.2518201676069499,0.0010008283186889423,0.010615567867501832
82,0.004504330132395699,0.6186034951727578,0.3705564104120159,0.0006253660759675209,0.005710398206863002
83,0.014429439020079197,0.4835729224124662,0.4795325506745222,0.002967305923330374,0.019497781969602
84,0.015356928243814889,0.6309262131420492,0.34288887338142066,0.0015240373607417889,0.009303947871973382
85,0.010084052979229974,0.6284719531608132,0.3508179145463783,0.002270208735028688,0.008355870578549921
86,0.021916053443922834,0.47991292427420523,0.36631380393345264,0.003952438694913438,0.12790477965350575
87,0.029849387508398693,0.5156816555005156,0.37853543786144195,0.005427437414141378,0.0705060817155023
88,0.06188097945963038,0.699122339124613,0.06490637491555101,0.011311753657638361,0.16277855284256734
89,0.007197950716449208,0.017268453999281067,0.00044657739545941264,0.00044759079801725383,0.9746394270907931
90,0.3301294585616194,0.019930235841464455,0.00010537758094042885,0.004979603117727313,0.6448553248982484
91,0.43737163948229557,0.1410461887587815,0.0007534948831096461,0.0018727152369016145,0.41895596163891163
92,0.4786253434612972,0.3640931515120157,0.0011677615593356043,0.0008800769811485353,0.15523366648620293
93,0.21140382839009675,0.7469967908486064,0.002312984913551374,0.005277848694128305,0.03400854715361728
94,0.19587775282428918,0.6933228067156856,0.0008713480032506411,0.02066641218333461,0.08926168027343993
95,0.11708832111382574,0.8463026420261401,0.00038994964851901817,0.009496554043806924,0.026722533167708087
96,0.1876607435574644,0.794515346232117,0.001938603960235621,0.006056767113625709,0.009828539136557382
97,0.07319923180807551,0.9202361081365938,0.0022442980818678892,0.0007234755131884519,0.0035968864602746783
98,0.11205868755848633,0.8622935674463842,0.016342901543506337,0.002304974690275389,0.006999868761347508
99,0.05923660306112564,0.9179072598019867,0.014431532704082402,0.0019028384937245435,0.006521765939080788
100,0.04390863876725326,0.9147768926713091,0.0340087083690719,0.0020219372448218053,0.005283822947544035
101,0.021096419334736608,0.9576938261187313,0.01686805553012443,0.0009071484883231854,0.0034345505280845463
102,0.011526144107195557,0.8379948362396537,0.1460374177766748,0.000540173453945912,0.003901428422530078
103,0.010729009932097602,0.8427639847759729,0.14093305546028245,0.000669376066004216,0.00490457376564284
104,0.02400874199015767,0.9087985201561162,0.06227905519752397,0.0009582516609996722,0.003955430995202448
105,0.004374684432025727,0.5260241744949806,0.4651403378236062,0.0005523403535245031,0.00390846289586294
106,0.004713923324978051,0.5525870283524346,0.4395105856882319,0.0004591950014784011,0.002729267632877124
107,0.0029346200487927058,0.4534111570051605,0.5397807432256447,0.0004862625743288075,0.003387217146073249
108,0.004005780240030174,0.3805576921802548,0.6068447843220548,0.0007038358123546684,0.007887907445305575
109,0.007235343900336687,0.6896576598369786,0.29547121199473647,0.0012122948134669499,0.00642348945448136
110,0.005867303826806843,0.4626511641454135,0.5264012342556491,0.0003462116245393153,0.004734086147591177
111,0.005226452025292397,0.5929009469026629,0.3953316722365693,0.00037010246998645066,0.006170826365489049
112,0.005398021598901803,0.6157691988359624,0.37385715468212943,0.0004734979700341527,0.004502126912972144
113,0.005055558359608941,0.370814569999381,0.6194863549738143,0.0005487517018202674,0.004094764965375369
114,0.0033946120335926087,0.6291780889211742,0.3648720814585199,0.0003712290400258417,0.002183988546687214
115,0.0049159087636328124,0.6446623024276878,0.3481522388828479,0.00041636569155647764,0.0018531842342748796
116,0.002110066344099264,0.35942586946977473,0.6361557807363944,0.00026850803122136364,0.0020397754185101156
117,0.005973200546895559,0.5730599488465375,0.41830615235465546,0.0004698621862767544,0.0021908360656348993
118,0.003264607179763287,0.5615044604690814,0.4327095377991365,0.00033059528099485736,0.0021907992710239427
119,0.0030330766867854857,0.3414129454141676,0.6535908909578538,0.0003284553286786688,0.0016346316125145583
120,0.004641917785687057,0.5778605558714445,0.4142017032764928,0.00041586163253285135,0.002879961433842847
121,0.006938228530886132,0.7421235063643641,0.24777578565924716,0.0007187112943766774,0.0024437681511259835
122,0.003277816028673498,0.6705374516185231,0.3240131734782382,0.0003428401673566326,0.0018287187072086254
123,0.005632793768713297,0.6237875919796066,0.36716426338144864,0.00035462566373101824,0.003060725206500525
124,0.0033475758086776294,0.4051499926289173,0.5880123630289745,0.00027869450784429804,0.0032113740255861807
125,0.0038234093642559456,0.420535090238834,0.5723632575965111,0.0006050959350364582,0.0026731468653626036
126,0.009401519820282657,0.6262963566670903,0.3599438989104151,0.0006426820539941738,0.0037155425482176
127,0.006686297204175193,0.5034112207878466,0.4852706073058819,0.0005882587364183076,0.004043615965678072
128,0.00718664107839908,0.6511402383568425,0.33769023094263934,0.0005351375501188769,0.003447752072000141
129,0.0033972843792317146,0.44349788691659153,0.5497412366485963,0.0003845325737875207,0.0029790594817929224
130,0.0062836525395102445,0.5725725002995391,0.4181864748028034,0.0004188583450941552,0.002538514013053116
131,0.006056727897857181,0.46068592147357673,0.5291183502918944,0.0007412781426270815,0.0033977221940446325
132,0.004571417262790955,0.3683163418368692,0.6230476710358577,0.0008498883584665001,0.003214681506015686
133,0.015153948531257734,0.7004012065123955,0.27523916470286774,0.002128292478421496,0.007077387775057699
134,0.010898234996733243,0.6498618612938903,0.3322629126421869,0.002644572247536277,0.004332418819653208
135,0.0062766222373834765,0.4636887173359248,0.5152095690219974,0.0035437506804469935,0.011281340724247291
136,0.010595050060585101,0.3123861893127723,0.6613124286911812,0.005771559484554895,0.009934772450906439
137,0.057723027170348454,0.6736261310075997,0.07361069495521809,0.13513445071056862,0.059905696156265134
138,0.14796515879039165,0.2761351523879245,0.0028786785988221663,0.1939409186883615,0.3790800915345002
139,0.11437560122848484,0.1140269936287321,0.0008158958984412195,0.37380006770023366,0.3969814415441082
140,0.16288476782639852,0.040814113108833414,0.00011112579016583202,0.6478336757617339,0.14835631751286824
141,0.13555997889820934,0.042143096838210686,0.00021140532513991072,0.19949675814435205,0.6225887607940879
142,0.12851898396256267,0.01957382502116611,0.00010793265905458567,0.13194379463228575,0.7198554637249309
143,0.2922992461833044,0.03332395211326759,0.00028247315888186805,0.4698528713777245,0.20424145716682163
144,0.04103851937837201,0.016252738232352567,0.00022804480288444537,0.5403094557370693,0.40217124184932174
145,0.05734822609110814,0.012017741828613506,0.00018730805702554207,0.793458304198288,0.13698841982496493
146,0.05269147386042946,0.00948115109367852,0.0001535468018019881,0.8841673286029924,0.05350649964109755
147,0.04191080357156461,0.008744195798254022,7.571803515060028e-05,0.83752673270335,0.11174254989168082
148,0.04834230819491096,0.012456407298855492,0.00011571203594330621,0.7396701348236919,0.19941543764659825
149,0.04400506701073503,0.02298257347694313,8.787701151857182e-05,0.6627458617927361,0.2701786207080671
150,0.08838966919362276,0.0324541649669668,6.46074986070208e-05,0.6300927239057538,0.2489988344350497
151,0.09522106281107252,0.03765467131337871,0.0001493308456935718,0.46395209993631276,0.4030228350935425
152,0.1425106254058869,0.011279840642712494,5.190131703774447e-05,0.41360780854775575,0.4325498240866072
153,0.0551035242512036,0.04054960973712263,0.0001401321830426862,0.6593264135212049,0.2448803203074262
154,0.040249256674852234,0.03294122225096029,0.00019920342647269476,0.7775989231030677,0.1490113945446471
155,0.051949082673309034,0.01999885389967135,5.966720244646671e-05,0.8033271346734089,0.12466526155116424
156,0.07896115274432841,0.014818586885052283,0.00013884058616248264,0.7156738688252507,0.19040755095920617
157,0.027780684207864004,0.0051002527665929215,2.6091370929583095e-05,0.8776939456932096,0.08939902596140394
158,0.05701653737909844,0.01248069867981582,6.191832543712113e-05,0.8370072822955988,0.09343356332004984
159,0.045475215578291615,0.006249863159401321,4.6663278588422734e-05,0.8186444689020599,0.12958378908165874
160,0.08185333344078015,0.011167722286161889,6.3833864692333e-05,0.6836180880169836,0.22329702239138202
161,0.07868907579576571,0.009602579079794194,5.867663068766204e-05,0.7360985698870091,0.17555109860674348
162,0.17998894810570246,0.014704494320362235,6.509287776087433e-05,0.639459956627332,0.16578150806884226
163,0.0603950812288127,0.012017492032823965,0.00011409531043999711,0.7145901787753286,0.21288315265259475
164,0.029607124769617004,0.009270789256224791,9.517498975356827e-05,0.872523929834028,0.08850298115037655
165,0.026817379695333633,0.0073043906915173,8.969767282233628e-05,0.8276231828746939,0.13816534906563283
166,0.0291581065041733,0.0061924896437616055,7.727153086856365e-05,0.852313007066964,0.11225912525423247
167,0.05433818506716947,0.009242064448032584,0.00019809973990215406,0.7462189300027798,0.1900027207421158
168,0.030556992460100015,0.00324302937595427,5.5610111204896906e-05,0.8353500945728346,0.1307942734799062
169,0.017844370459898035,0.0020990209150978994,4.180188219872447e-05,0.9324267021516837,0.047588104591121595
170,0.02655995942761866,0.0033317771846448655,3.962620125252996e-05,0.9176255463686886,0.0524430908177952
171,0.06323209640779225,0.011365354739385084,0.00011166210559420203,0.8276993917978588,0.09759149494936979
172,0.04312207048203071,0.01103164563793449,9.305708464084639e-05,0.9117823528118363,0.03397087398355784
173,0.05722275932370527,0.009838495553543119,0.0001009572872057408,0.8725403855156095,0.0602974023199363
174,0.036101879263022746,0.007530632023096514,7.265486793277459e-05,0.933790825825606,0.022504008020341942
175,0.07627952098367867,0.018707376978729654,0.00013066121654699576,0.8638203163542635,0.04106212446678123
176,0.056531183564410344,0.01042489864187449,7.358129243543359e-05,0.8730215953838552,0.05994874111742464
177,0.07276549255173653,0.018784968414954552,0.00014732075841219014,0.7810091318624254,0.12729308641247133
178,0.06560641812689767,0.010603597184123707,9.792124375460469e-05,0.8589889920965116,0.06470307134871262
179,0.05183493283972826,0.019197943886041617,0.00017972927256986287,0.7651731489756909,0.16361424502596936
180,0.019005214535101345,0.015787048937338132,0.0001502310420421975,0.19134366171194328,0.7737138437735749
181,0.1316296917259309,0.008376139112154096,4.226177383782347e-05,0.7958341418185286,0.06411776556954871
182,0.22530430373211524,0.02116174213088253,8.301540594691198e-05,0.6536671159890374,0.09978382274201784
183,0.28173951526085667,0.01426864611458732,6.299293779523322e-05,0.6393640087680641,0.06456483691869672
184,0.1326634918310463,0.02296189914024058,0.00012246973595724694,0.757208425001043,0.08704371429171286
185,0.09104133984133428,0.034970184393224316,5.455632366448874e-05,0.8441075924926175,0.029826326949159508
186,0.049791285081795145,0.015599155632195851,4.862739631929295e-05,0.8888637540912347,0.045697177798454794
187,0.05752363616350443,0.03339646133894564,0.0002575584626600767,0.7447355751772581,0.16408676885763177
188,0.055428500267531836,0.00575900905905468,3.2833360950688855e-05,0.8901193221869551,0.04866033512550768
189,0.08231750156264254,0.0075795437010406485,3.6299081328529387e-05,0.88059905561125,0.029467600043738256
190,0.03924652201676342,0.0059995250917463,2.60308608648699e-05,0.9295553027753028,0.025172619255322534
191,0.0931039047025075,0.008545319043121733,6.308567562344651e-05,0.8449143115140036,0.053373379064743584
192,0.07753472413114983,0.006679641823018371,3.009034434772097e-05,0.881832147527288,0.03392339617419598
193,0.155812929516521,0.01970081517574691,0.0001083515470088119,0.7733128655764177,0.05106503818430551
194,0.090647126705774,0.01324938495559743,7.469566377500424e-05,0.8695134785993126,0.026515314075541006
195,0.022948772565102134,0.01549661405040275,5.9119298185901976e-05,0.8535862116832283,0.10790928240308097
196,0.03341564799004962,0.009885873028818389,6.274999818079192e-05,0.8872413691692548,0.06939435981369642
197,0.06413612913150134,0.008737834709445162,5.2364658164343354e-05,0.8143213097431447,0.1127523617577444
198,0.08743577369854266,0.03153862677981251,5.453738342786649e-05,0.585824904189508,0.29514615794870896
199,0.31401538496033365,0.009161999062937132,4.560965352942572e-05,0.3456810701000744,0.33109593622312544
200,0.3554419931378263,0.014416214948013286,3.215982168440203e-05,0.4980056058972064,0.13210402619526962
201,0.29734134374870513,0.020713321150650055,5.963153447823821e-05,0.5159115138961448,0.1659741896700218
202,0.13605006749128418,0.018744454335995458,7.607539879327558e-05,0.7320835270111601,0.11304587576276698
203,0.11201465300541558,0.020342941643456347,4.8748975855722586e-05,0.8040648743585217,0.06352878201675059
204,0.09725378359106367,0.020059961768650113,4.5780073959107446e-05,0.7605173415114364,0.1221231330548907
205,0.0985583597397261,0.010809229357031273,6.715944624546457e-05,0.8107229545653284,0.07984229689166883
206,0.05161696118621459,0.006962426138246002,2.5818468211081565e-05,0.9141928869650572,0.027201907242271017
207,0.031974754694719554,0.007595602687204744,3.354550232850063e-05,0.9394912484790422,0.020904848636704977
208,0.01982688782803646,0.004277669383277576,1.1852184692043984e-05,0.9426885310600545,0.03319505954393955
209,0.057452532883795815,0.012097709634683443,0.0001452991637040072,0.8357649133364669,0.09453954498135006
210,0.05949770276956474,0.01723559803161575,3.093661799526903e-05,0.8923154764811332,0.030920286099691024
211,0.15607005378863492,0.031569005767842724,0.0001138029177067316,0.7235790773085655,0.08866806021725003
212,0.17296746776889743,0.022961030548702726,6.15342781046955e-05,0.7685012838725285,0.03550868353176667
213,0.12984166238445832,0.07307581114874366,7.518029810965807e-05,0.7045910654322624,0.09241628073642605
214,0.12804942638791544,0.03662457410411767,5.566364848932212e-05,0.7470922092764591,0.08817812658301834
215,0.09211767753619791,0.07308583907816621,0.00012355598854810342,0.8074091509559673,0.027263776441120643
216,0.09367126266650164,0.03463415960469644,6.979062236884531e-05,0.8267799957680132,0.044844791338419704
217,0.03170346917228019,0.008287451017077663,3.187100096963657e-05,0.9427130591759955,0.01726414963367705
218,0.042177893059132214,0.019836877869105506,3.8387028914474036e-05,0.914490380130181,0.023456461912666808
219,0.05469046038135368,0.02076749192907778,3.2036978949434e-05,0.893450490059789,0.031059520650830112
220,0.11918853896309518,0.025383171695224263,9.420990462852704e-05,0.8075392197229588,0.04779485971409325
221,0.10784252483010526,0.03364716735634446,7.721531938193492e-05,0.8325457857911687,0.025887306702999654
222,0.06307562087046265,0.055222578883860125,7.050354292817219e-05,0.8206677840462709,0.06096351265647805
223,0.08116926165680172,0.02205891540434122,4.4257384501968174e-05,0.8727685780606642,0.02395898749369086
224,0.08920150351759373,0.05163222328581041,5.118078322575449e-05,0.8355060649673788,0.023609027445991373
225,0.12968616538363176,0.030941863992217936,8.823418999119122e-05,0.6868341731738005,0.1524495632603586
226,0.1613690936879623,0.08231618013609383,7.492517509054373e-05,0.6833750514176705,0.07286474958318283
227,0.2321972885263598,0.08824210692887771,0.0001434303104777813,0.6417022326951031,0.037714941539181486
228,0.20767423116678704,0.09851506035874176,7.024105093726952e-05,0.6480932457127553,0.04564722171077874
229,0.08162093686240339,0.04175023761029128,5.4790630837598815e-05,0.8668845248415511,0.009689510054916556
230,0.05331182733863068,0.03518030129457655,4.114383797041366e-05,0.8983021767778335,0.013164550750988716
231,0.07133993795520424,0.05554883422674591,6.477872227121606e-05,0.8603846432177827,0.012661805877995846
232,0.07033803666609639,0.0319465917423645,4.9600401222008125e-05,0.8818700586047261,0.01579571258559101
233,0.09251717691009936,0.07460105756755672,0.00010721996740225141,0.7810410872850295,0.05173345826991232
234,0.04429169294916378,0.08180422357276651,0.0001428346227164395,0.8688886334419065,0.004872615413446757
235,0.07917153162293958,0.020401197220401124,6.438966407587675e-05,0.8784205580101566,0.021942323482426883
236,0.10548282589618113,0.059151191657401556,6.95994250189037e-05,0.825355315803334,0.009941067218064247
237,0.1249681102499236,0.05717169879683218,6.835883920590258e-05,0.8021161463261376,0.015675685787900642
238,0.2078105790027427,0.15313779832178853,6.98152878079384e-05,0.6151182969763113,0.02386351041134952
239,0.1624410586154738,0.1950210076334983,0.0001296420136295665,0.6280669337417486,0.014341357995649704
240,0.14933518418630187,0.26645354333590776,0.000202553820646025,0.5785818614618781,0.005426857195266432
241,0.13682441805046597,0.4311777845896792,0.0002287409105635632,0.42548711241899706,0.006281944030294153
242,0.05536169502325748,0.6996180221895192,0.000952798051934855,0.24091518173221624,0.003152303003072405
243,0.1582264473187378,0.37501811040930144,0.0004220869556000611,0.4480258937786217,0.018307461537739003
244,0.18079032423954672,0.5379981441307973,0.00039517563228571196,0.27038906527183193,0.010427290725538458
245,0.12841926746226381,0.6757586970820749,0.0005076551252820626,0.18928323784852957,0.006031142481849533
246,0.0736465320076991,0.8874562247446072,0.0004054343706087613,0.03594555729792762,0.002546251579157301
247,0.05639639478383642,0.9282477753209734,0.0007211612048942432,0.01195216182583819,0.0026825068644575597
248,0.09375890601387121,0.8337635825962825,0.0020140795762604254,0.06608282064105722,0.0043806111725286255
249,0.030845999647634483,0.9466766440638619,0.003577709923942739,0.016261742149047506,0.002637904215513392
250,0.07997908328898769,0.878841395557421,0.0014120564010221442,0.0344952652526787,0.005272199499890297
251,0.02227958370232808,0.9700992733146991,0.0021720019279061194,0.0026256538449881362,0.0028234872100784862
252,0.07351538761711607,0.9117790882181608,0.0017884788476844869,0.007810145007271344,0.005106900309767438
253,0.021720190922675322,0.9645872394150666,0.007338509071247028,0.001476303275316122,0.00487775731569459
254,0.018320635766939007,0.9713413493787258,0.004926084181241188,0.0021697352608632875,0.0032421954122308677
255,0.04075311938938321,0.9403742694666185,0.008387652576785164,0.002371163869182837,0.008113794698030334
256,0.07145388084438216,0.9078158308868798,0.005737554949760534,0.0022111399138430555,0.012781593405134524
257,0.01666494324612325,0.958954537664015,0.017873686757408375,0.001918200793597262,0.004588631538856194
258,0.012230925982006487,0.9662997097904492,0.017181603873393857,0.00107868638138475,0.003209073972765871
259,0.016414494639699243,0.9309091893456563,0.04135100049240942,0.0017696471641756354,0.009555668358059469
260,0.020706705234987775,0.9670752988732666,0.009181346274136961,0.0008099625171047694,0.002226687100504024
261,0.005749239197723557,0.9533280464697087,0.03759299402499815,0.000597725018340602,0.00273199528922896
262,0.008367385265469986,0.9524057686425995,0.03511948839079496,0.0005791357005787541,0.0035282220005569413
263,0.017372494890288973,0.9437990184368757,0.03270919350611175,0.0014509019800704299,0.004668391186653046
264,0.026719100976584215,0.9219136251476351,0.04063204796949793,0.002227118052116825,0.008508107854165836
265,0.006238500437668645,0.9136229853675104,0.07645438730036686,0.0008644780084004896,0.0028196488860535904
266,0.00342154994150493,0.878438248698218,0.11507236476345688,0.0007073453848999923,0.0023604912119203503
267,0.010374224184713947,0.9055610049890906,0.07984846631103149,0.0010092034783192292,0.0032071010368449494
268,0.005196785634130419,0.7971322553968127,0.19525995132741894,0.0008840933501816484,0.00152691429145635
269,0.013126504256022827,0.9382658537338606,0.044983867498926446,0.0010134569148077574,0.002610317596382228
270,0.0028924245578126405,0.8618778742067287,0.13234380106311025,0.0006717811669628532,0.002214119005385607
271,0.005000808398996827,0.903187305640652,0.08868586000672626,0.0005184221322461421,0.002607603821378694
272,0.0043555640984908545,0.8178589498640939,0.17573802044787948,0.00045534904536746973,0.0015921165441682005
273,0.002553367947728029,0.648827113582048,0.34709172399774474,0.0003182888013692673,0.0012095056711099762
274,0.004643740702584612,0.8477704341273642,0.14415652282664976,0.0008525894667300124,0.002576712876671426
275,0.0018415628794903039,0.7082036509191942,0.2882703994540389,0.0004167033624305817,0.0012676833848461705
276,0.0037489185934095476,0.710355119178395,0.2837390930203548,0.0007737043184545604,0.0013831648893862427
277,0.0025935315922742406,0.7790978783394354,0.2167614503801308,0.0005795089656729943,0.0009676307224866095
278,0.0022846167890089976,0.4729209691180069,0.5223625644200273,0.0009596984592583437,0.0014721512136984859
279,0.003133077762854497,0.7943122426149902,0.20067802025205603,0.0005729444492775813,0.001303714920821687
280,0.004877187415159886,0.8631005273084519,0.12718530055896576,0.0008654864548604904,0.0039714982625621235
281,0.0028077054720976563,0.7363738924397405,0.2577589232581401,0.000672817238671288,0.002386661591350466
282,0.002707996720610637,0.7196301577810741,0.2752944623838598,0.0006105257534214973,0.0017568573610340606
283,0.008980410368507781,0.8760673651875622,0.11126000556428485,0.0014772546315823215,0.0022149642480628643
284,0.002142493370965415,0.6572629177457231,0.3379812922171651,0.00047854372073445606,0.00213475294541186
285,0.00398994999419015,0.820889284358225,0.1721315361178964,0.0006199820032952812,0.002369247526393306
286,0.0016741165284618355,0.4693990446922284,0.5269753320046189,0.0003907646573191662,0.0015607421173717817
287,0.002700605335507604,0.5073560164761989,0.48572525522630183,0.0006265629889055368,0.0035915599730861935
288,0.002783842055589559,0.7700480562944064,0.22489049019313975,0.0004581940308902398,0.0018194174259739534
289,0.0053593361743412065,0.8174812888983772,0.17455221604971605,0.0006813441883348661,0.0019258146892305935
290,0.0021069917229111514,0.5963757623102577,0.4001243109042988,0.00037938567366124445,0.0010135493888711817
291,0.0010008190691420896,0.6018611697738682,0.3959519010362856,0.00030805397604007366,0.0008780561446639994
292,0.0015843818284431092,0.5155273376038753,0.48124921472560483,0.0003622260611877895,0.0012768397808891072
293,0.0019460990862799712,0.4991116431210476,0.4969470580748145,0.0006439108003315154,0.0013512889175263533
294,0.004708792916223246,0.5319281029252284,0.4608530854773167,0.000811862710710583,0.0016981559705210498
295,0.0021734826053137393,0.5734694548232173,0.4219216234606695,0.000824844279744211,0.0016105948310551927
296,0.003819477099826567,0.5747697565171503,0.41931086676911866,0.0006348904159458285,0.0014650091979584317
297,0.006695662248221377,0.6881178235581012,0.3015326280422171,0.0012731871764585455,0.002380698975001735
298,0.0027566566395631187,0.5445173307832996,0.4507456333683715,0.0005931522229285388,0.0013872269858374114
299,0.002641276875243667,0.6396363683822284,0.3557505652045431,0.0006794478506620441,0.001292341687322777
300,0.0023428420712514487,0.48310734467110744,0.5119863987522705,0.0007006967857194176,0.0018627177196511536
301,0.0007526201424162013,0.3694257175750982,0.628389253341287,0.0003731190064100979,0.0010592899347886535
302,0.0019377107374059562,0.5547558714591194,0.4390204092410635,0.0009642329611786752,0.003321775601232472
303,0.005254474989995359,0.6890577198233803,0.3008954150270298,0.0019970247992403376,0.0027953653603540697
304,0.002245505821326374,0.6253435673963894,0.3689201684855173,0.0012638690557725135,0.0022268892409944866
305,0.0034100033846792537,0.497431892541999,0.4958667059242094,0.0010920130895399288,0.002199385059572489
306,0.0031895106815150714,0.7322626761366174,0.2609253481517707,0.0011205525199761836,0.00250191251012056
307,0.0020242029040210326,0.4788496134930211,0.5165023591154344,0.0008039595059956047,0.0018198649815277393
308,0.0009421790602283969,0.26153576814251694,0.7353396556957864,0.0007656477829848461,0.0014167493184833167
309,0.0063007903286209374,0.6005762657458461,0.3871653750004998,0.0026507196063258955,0.0033068493187072743
310,0.00625401297350371,0.5417018254633824,0.44472670130782765,0.0023588028675157998,0.004958657387770357
311,0.0051184650336372406,0.5412439366968314,0.44516291402922525,0.0037345352073197566,0.004740149032986404
312,0.018835330324127514,0.5744045269192849,0.389042201248463,0.007329090386136103,0.010388851121988531
313,0.027091590095779668,0.72962158067313,0.22663578665148326,0.008669004271967531,0.007982038307639468
314,0.020058304415606843,0.7136547771463674,0.2548900656307415,0.007156601408373033,0.004240251398911308
315,0.013428505064706948,0.6151840265285452,0.36245774528900415,0.0038997573910306443,0.0050299657267131
316,0.10972119577770903,0.5546570024975689,0.048046046493362186,0.011411806777671006,0.27616394845368897
317,0.069334878854034,0.8312594190293152,0.03885465182912999,0.024101869831421537,0.036449180456099343
318,0.04476584836066145,0.8952532981336959,0.019757537171139573,0.008995246436300158,0.031228069898202888
319,0.16369276753564668,0.7950823145119726,0.011105119312342569,0.011389852827955446,0.018729945812082614
320,0.07259046660930892,0.8902820783419558,0.018493234947685046,0.010811839054550586,0.00782238104649949
321,0.10273080887517692,0.8518061401513818,0.004587599529501468,0.032108474398356325,0.008766977045583506
322,0.02754210475881926,0.9359288472751013,0.00422893184832347,0.0290893232337157,0.0032107928840402642
323,0.027460153943519375,0.9572003933003916,0.0023599487852070623,0.010401837813105198,0.0025776661577766157
324,0.031335215631915006,0.9507620180744388,0.0016361357974002163,0.01366040924222587,0.002606221254020172
325,0.07704104475213476,0.8992944671148907,0.0023813251472645947,0.014847870048209156,0.006435292937500633
326,0.032320755138684404,0.9484496848160837,0.004434968374918832,0.004534177803805709,0.01026041386650738
327,0.06108999817785961,0.9231901937263053,0.0012740011909915608,0.010909828761850565,0.003535978142993023
328,0.05425041690732386,0.9277888686538628,0.0026071299798201782,0.011928747306929931,0.0034248371520631126
329,0.07657230723802594,0.8870030816763892,0.007837148555750063,0.013792299387879063,0.014795163141955607
330,0.03840441104803299,0.9456465805802812,0.0032968699172580967,0.007995362456419764,0.004656775998007785
331,0.03598312845295375,0.932202228514638,0.013802565842707162,0.010365587965441781,0.007646489224259162
332,0.07392185452960721,0.8239804320930161,0.022840909592903035,0.003166874291545529,0.07608992949292807
333,0.17837562088900952,0.8001135821025538,0.002943845201315249,0.008492948323862737,0.010074003483258922
334,0.022400123449963453,0.9716195790742175,0.0015268707433905378,0.0026994953564749217,0.0017539313759535973
335,0.10498808598404549,0.8751234997690737,0.005165223456954488,0.004262441124260406,0.010460749665665932
336,0.030355375206769983,0.9528942030588959,0.0064291551973346146,0.003825654801204381,0.006495611735795116
337,0.05954900297650667,0.9219809128601103,0.004264870757200332,0.009161941395261232,0.0050432720109212905
338,0.06321829746559074,0.920921204111971,0.00575240174516339,0.003477011947161561,0.0066310847301133515
339,0.039769577070854344,0.946270363963103,0.006951200412350117,0.001854575283038283,0.005154283270654225
340,0.04212375381376979,0.9197887757920938,0.028428900370023227,0.003089451761839181,0.006569118262274017
341,0.030740629335150916,0.9551541072747723,0.008543840555632768,0.0021000242265027335,0.0034613986079411905
342,0.011310758885723844,0.8575422747383175,0.12658722782072487,0.001267751301591452,0.00329198725364237
343,0.014226693920842824,0.7929322958849264,0.1858262056810019,0.002813236513279384,0.0042015679999494685
344,0.01618110699349043,0.9228137846753471,0.05249157004908015,0.004165327874446621,0.004348210407635597
345,0.024337756270753425,0.7892185185441553,0.16920321191753632,0.009472479750985004,0.007768033516569932
346,0.01866907935890592,0.7681794823132448,0.19865388291019978,0.004340308404782443,0.010157247012867
347,0.012017874840892652,0.7770907132953037,0.20509470062607565,0.0024550148863098802,0.003341696351418242
348,0.022254990585576933,0.8666248293412361,0.1029816572283673,0.0038698458167013483,0.004268677028118509
349,0.0077948910958908655,0.7628340314697336,0.2235176198223869,0.0031339633871898132,0.002719494224798758
350,0.01510391347168857,0.8800131361635845,0.09442390448521555,0.005291007849820904,0.005168038029690343
351,0.011756735078054017,0.7300892988595317,0.25096735766258804,0.003970491970590478,0.003216116429235733
352,0.017781369475630734,0.8047002557600516,0.1672519730621795,0.0028522104357736815,0.007414191266364553
353,0.012721331669549432,0.870500583394276,0.10975407203354355,0.0028805957697971203,0.004143417132833829
354,0.06427607545202012,0.8427890316856395,0.06632493181098893,0.010985512033462595,0.015624449017889053
355,0.020317385134677426,0.8642940793412185,0.09781428188125921,0.005066333372863606,0.01250792026998142
356,0.019813561579833872,0.6100580900243432,0.34412797705911874,0.010700769030933095,0.015299602305771242
357,0.026394391157325506,0.7048950918217239,0.20952135943175754,0.009016622229400252,0.05017253535979287
358,0.02957864878652941,0.5966041994804071,0.2616572569560566,0.016076972963149895,0.09608292181385694
359,0.004844159718573552,0.011760244836671081,0.0013148901632324245,0.0013160994577405072,0.9807646058237823
360,0.32909827831561766,0.06579217923553864,0.00027702682201664235,0.014589290745854466,0.5902432248809726
361,0.49981230699357276,0.09602019237746384,0.00038436987821119514,0.010529581376008122,0.393253549374744
362,0.05067031413082032,0.03304454770069879,0.00033653797981272003,0.003781697583708384,0.9121669026049597
363,0.5130177292603606,0.07583434884504164,7.964695248045925e-05,0.014923401795662839,0.3961448731464544
364,0.5049035657437152,0.14237216527579175,0.0001691432479853123,0.021686224470522427,0.33086890126198554
365,0.4384248195395006,0.3403486570293557,0.0005625423407339434,0.03577923796099151,0.1848847431294183
366,0.3427781720360551,0.3510017785100841,0.0007096915170544115,0.08887603394182154,0.21663432399498497
367,0.059521566619325186,0.11107662851733768,0.0002484016542677156,0.023221000629541445,0.8059324025795279
368,0.3442828608123833,0.445708551688405,0.0005000181892704616,0.11294035236603835,0.09656821694390293
369,0.3085596132228979,0.49934421817361324,0.0006256003995837821,0.09245042368439256,0.09902014451951259
370,0.45068593651698147,0.3496800451091749,0.0003501927160888802,0.0839630099000705,0.11532081575768442
371,0.30129450496699434,0.44634627981356717,0.0004098297119357708,0.16398923021799808,0.08796015528950445
372,0.3808858895122054,0.36856473765558134,0.0004852662807648396,0.1334813029537242,0.11658280359772423
373,0.4282209005074465,0.3635338729201775,0.0008449186914592325,0.10667520521292352,0.10072510266799309
374,0.35666511052901534,0.46245809683895295,0.0006824363426309577,0.08993626550960733,0.0902580907797934
375,0.37450469184979485,0.35956212026483525,0.0014335309760023646,0.07199916975473976,0.19250048715462773
376,0.07562232026492917,0.8605889943381008,0.0020701602132229594,0.015324035389924306,0.046394489793822824
