epoch,N1,N2,N3,R,W
0,0.18287010071665366,0.021958371579937876,7.986975366581434e-08,0.004509214518889334,0.7906622333147654
1,0.06598806863508792,0.028587593580621826,5.490915907734247e-08,0.0021681855836665647,0.9032560972914645
2,0.08203379821961794,0.031077474843082924,9.313338895027718e-08,0.015916039398680866,0.8709725944052293
3,0.06811697916704068,0.027446706776147873,4.2934302582297684e-05,0.006390511054643978,0.8980028686995851
4,0.09765328377177479,0.028817957421683516,0.0008022715511236539,0.007344605578121386,0.8653818816772967
5,0.19642912745951302,0.05901425153919079,0.002655583260369059,0.029717106629186998,0.7121839311117402
6,0.2567824875030867,0.0741891701911074,9.082113548458799e-05,0.015055808015426766,0.6538817131548945
7,0.12363186144496077,0.0802966143452802,0.00012323087463872532,0.009774316590471038,0.7861739767446492
8,0.12679323259660408,0.058974373976434444,5.279710955668118e-05,0.007880216829888298,0.8062993794875164
9,0.19885036488952956,0.1801813971610836,4.394818787811235e-05,0.006492836997816859,0.6144314527636918
10,0.0536520579900137,0.026058995131703473,4.256493521582467e-05,0.011027364583199875,0.9092190173598671
11,0.1307779645811353,0.028191630881631773,4.593655041548515e-05,0.03117816982439171,0.8098062981624258
12,0.12336795333219185,0.06049253521033236,4.410571157038478e-05,0.01038434001534091,0.8057110657305645
13,0.19515308542783874,0.08298390513924714,0.0010908898863593586,0.015530111952236957,0.7052420075943178
14,0.1538244361884135,0.6724311221265553,0.00020005564404351468,0.02395041469263693,0.14959397134835084
15,0.10632604878389033,0.5921882283285237,0.00021788407417863554,0.013733817646116819,0.28753402116729043
16,0.07696666304438231,0.7001995058793345,0.00022964087855224493,0.009373258989863638,0.2132309312078673
17,0.1607960583912743,0.20776538681809853,4.334251680648697e-05,0.019358471961233664,0.6120367403125871
18,0.15773761492779131,0.644244667094453,0.008850810789801166,0.014766270186145675,0.17440063700180872
19,0.06757195135771586,0.7869078913539501,0.00023826210393228627,0.0183498726762374,0.12693202250816435
20,0.19167469975848223,0.598713258355441,0.00015391212190175795,0.0627536827921992,0.14670444697197588
21,0.0729195346484649,0.7423553446040836,0.000588378038369897,0.050137558816081305,0.1339991838930004
22,0.18100947350205854,0.6742178033151152,0.0013314665594434325,0.03473603822393335,0.10870521839944962
23,0.09398233730331834,0.7829482544792198,0.0014675833420990214,0.016126395106735487,0.10547542976862746
24,0.09535453072876472,0.7499116258984113,0.0007125615921119531,0.022784903153531436,0.13123637862718054
25,0.0961329030072213,0.7816999881536765,0.0035596010209547227,0.023766202950369037,0.09484130486777843
26,0.1748041697323923,0.4699357748334574,0.002768117520176409,0.09720954607927121,0.25528239183470275
27,0.035634492601918574,0.8868940390997446,0.0005405651548122695,0.014388266367909545,0.0625426367756151
28,0.15696516406164854,0.48523857994191044,0.002988489746591147,0.029530166870416236,0.3252775993794336
29,0.06557371967828299,0.7868019742295077,0.0011473957649470675,0.04068253162321784,0.1057943787040444
30,0.2058090023068468,0.4834174783408224,0.000711214846998224,0.0678448977927588,0.24221740671257402
31,0.1548789027677368,0.5353555593919846,0.0022690836594168344,0.027014076984236118,0.28048237719662544
32,0.07246332979648913,0.8269387156139267,0.0006973705949248631,0.039132613896337154,0.06076797009832215
33,0.0814131690789737,0.8430321275899971,0.0010882306993811445,0.03354083957567609,0.04092563305597203
34,0.09860821607213745,0.1974394473066523,0.0016250307467671218,0.021340388942115283,0.6809869169323278
35,0.12406785885655595,0.7949881361875304,0.0066831496609392645,0.010100872926972915,0.06415998236800162
36,0.18896597710808513,0.6402291976067537,0.007952629344091553,0.03390829522335388,0.1289439007177158
37,0.1209498610228816,0.7861744373866009,0.009085156414975344,0.017188092768736805,0.06660245240680533
38,0.02701296839910628,0.194841276475184,0.006150668989088333,0.0032328333743313494,0.7687622527622902
39,0.018108362697099256,0.849430393058037,0.0023121959330150333,0.006108267596809698,0.12404078071503899
40,0.05261626635245695,0.9046569180978011,0.014834307881709629,0.003338169168998933,0.02455433849903338
41,0.02772839157848395,0.9387933669750245,0.0016978185348759847,0.006309808614187403,0.025470614297428213
42,0.014781830112921312,0.9619707644220116,0.008159331178735216,0.0039865156775723,0.011101558608759313
43,0.027354782479621052,0.9214573840935831,0.01420783434665602,0.00559694129430595,0.031383057785833716
44,0.045117454878345085,0.900751579314732,0.016929793467990777,0.007682434662229018,0.02951873767670335
45,0.04478056897316333,0.8940480785453118,0.02187754238313679,0.004548343398837026,0.034745466699550934
46,0.0280272856363091,0.9367499973493911,0.020591821827866976,0.0014723382911376824,0.013158556895294972
47,0.04237976469953155,0.9008528474253747,0.035877866040004966,0.00290250527792558,0.0179870165571632
48,0.11501205543903309,0.8265248317456266,0.02496661235114541,0.006037034346831743,0.027459466117363295
49,0.04693698143591351,0.8978363819293128,0.03549983028681961,0.0016142328955047768,0.018112573452449023
50,0.022062906997142855,0.8192445222051835,0.1432776637448105,0.001825726665763104,0.01358918038710008
51,0.04092160825300078,0.8343163045840191,0.11133340905328755,0.002666826499373024,0.010761851610319425
52,0.04646162038733555,0.8696292676078535,0.06527838643250296,0.0015617185127239847,0.01706900705958375
53,0.027325184644209168,0.8430246874875532,0.11208546557160286,0.000563917258357485,0.017000745038277348
54,0.019347893794340508,0.5865937459567538,0.3844797553990407,0.0003883757535813216,0.009190229096283647
55,0.017921844643657685,0.5707462107634786,0.3974211631215312,0.0015801969259630804,0.012330584545369547
56,0.01163441566290223,0.7297700300070605,0.23861803875969212,0.0008522275692912093,0.019125288001053876
57,0.0312543251353984,0.7554284346061562,0.2047096804689412,0.0008957147518186153,0.007711845037685587
58,0.07776220500938981,0.7822397320448347,0.12355803966950664,0.001385989815306399,0.015054033460962473
59,0.008175066244621686,0.7674282113803942,0.21351230036716692,0.0006026330151246397,0.010281788992692694
60,0.04401710508838572,0.8103550582799489,0.03486402159279536,0.0040117761990766665,0.1067520388397935
61,0.013113048188527055,0.7957701491441155,0.1797310889528789,0.002999255646536791,0.008386458067941683
62,0.07622121081715397,0.736040367226329,0.01733283919618315,0.0030512536514137848,0.16735432910892
63,0.07176959507295723,0.8610327493721506,0.02488531692690234,0.004577601293102695,0.037734737334887185
64,0.07001597809996025,0.8291687154031249,0.011682754296803917,0.0024341950323485627,0.08669835716776213
65,0.055493505302624,0.8773484642088124,0.020270034914503438,0.003252849877473509,0.04363514569658663
66,0.10444096789406256,0.8213312377994383,0.03002634103512872,0.009189595560256034,0.03501185771111448
67,0.04877198880747531,0.8895851598737967,0.0164728827627744,0.003919483749636953,0.04125048480631672
68,0.024646915432931137,0.8785745966491998,0.07497870246665346,0.002807398090455441,0.018992387360760147
69,0.07085587166521323,0.8126121380263991,0.08778875133858904,0.009182690442144236,0.019560548527654445
70,0.023687988723357256,0.8545962999706794,0.09705957540907403,0.005076894599663255,0.019579241297226137
71,0.2186713330128244,0.6318258815006862,0.11362645363730364,0.008120843243192694,0.027755488605992935
72,0.08213359069691561,0.8197846028300179,0.08242724289732103,0.005056382252629234,0.010598181323116315
73,0.030032855285965714,0.8622257570531667,0.06185325345203431,0.003116629282978567,0.042771504925854506
74,0.05160067619259177,0.7522747534621348,0.11614338131871568,0.011589621854000823,0.06839156717255687
75,0.09601712089826628,0.7819168491881683,0.0758058556066984,0.010931433446018738,0.03532874086084819
76,0.04886925334044772,0.8422680813454827,0.05176574619496723,0.0061876365743550755,0.050909282544747345
77,0.05379625130745224,0.7437624031323946,0.1532089576900631,0.009578947558535108,0.03965344031155503
78,0.1473720199286011,0.7074751081519776,0.10902552589601147,0.015033282550145258,0.02109406347326451
79,0.024988849364946705,0.7870086283349418,0.17177757491621323,0.004290445603885679,0.011934501780012605
80,0.07577271100880122,0.7257946111644752,0.13185168550119977,0.009645570230341486,0.05693542209518251
81,0.03907581923278755,0.8059276179660454,0.12909398397119626,0.006799847800776471,0.019102731029194336
82,0.04866125042169276,0.7124519295436368,0.1485523896956904,0.006765488865851839,0.08356894147312835
83,0.014595312764893734,0.5871571302834256,0.3116172671668743,0.003378997560800962,0.08325129222400532
84,0.02836111354095458,0.5883708957734973,0.34476538097319814,0.003687477028486598,0.03481513268386329
85,0.07437239339158987,0.5248720766074525,0.24066439534210074,0.005687511142573649,0.15440362351628326
86,0.006282371511404115,0.5649516030875166,0.36888501392607786,0.003533593944153882,0.05634741753084752
87,0.007299307988562408,0.5842932594744763,0.3761533003609057,0.0034655033381051055,0.028788628837950386
88,0.0349720560184239,0.43005781427463036,0.33895879739870355,0.005214523599566261,0.19079680870867588
89,0.006870891485168286,0.5423219585093516,0.4326924762276479,0.0014653019182276437,0.01664937185960465
90,0.017265151666815467,0.7432765481310679,0.21768822456618525,0.002768169105435617,0.019001906530495813
91,0.010814006062241553,0.44512414676262685,0.5274430376879051,0.0015915412175386923,0.015027268269687645
92,0.01754154475284517,0.7088726600483762,0.19897288164084256,0.0032079857852126865,0.07140492777272335
93,0.01590715786353493,0.6558745780337587,0.30269084021867576,0.0028941936135631163,0.022633230270467524
94,0.02311992502539051,0.3852784564499463,0.5709519347342158,0.0029340626820359844,0.01771562110841155
95,0.02150576583638681,0.5526965396588075,0.36507438215262417,0.00463572684420187,0.05608758550797963
96,0.07130313102851084,0.20736343093963197,0.12100499889531627,0.007331955528452099,0.5929964836080888
97,0.1847348506115253,0.4926010302768742,0.09761111729017974,0.010350798420692276,0.21470220340072857
98,0.07213003552997116,0.463815707707057,0.19034393852925915,0.00986011108769587,0.2638502071460167
99,0.18512773051581588,0.42857100502655654,0.16727005604920045,0.009034380619230361,0.20999682778919673
100,0.04180417288062582,0.4850202944005235,0.17446288939208032,0.011703220880385716,0.2870094224463846
101,0.03430186226628531,0.10918735032120502,0.012119363100910632,0.0027965691142614935,0.8415948551973376
102,0.18311631195761957,0.6484027525749814,0.0667870200565055,0.007919095420487837,0.09377481999040568
103,0.10104362472468609,0.6799678431313296,0.12388498548281329,0.012110432314346067,0.08299311434682477
104,0.2555643237129642,0.5905742723328341,0.07856844056945635,0.011127438140963777,0.0641655252437816
105,0.04114052470567852,0.7835158030436862,0.14844331881636078,0.00748356865600085,0.01941678477827355
106,0.023372169761106697,0.66681438563676,0.25446848713710074,0.012360154854168064,0.04298480261086467
107,0.016855116845174458,0.775640010103576,0.16494072422173658,0.006350394279190204,0.03621375455032279
108,0.05090103288616064,0.6301259297274987,0.24796367262284277,0.012291586023664909,0.05871777873983314
109,0.042270731755829544,0.7326249133600119,0.1876854399100186,0.007506140130532634,0.02991277484360732
110,0.07161904068112304,0.6163255264088768,0.237979583263911,0.02012229872548864,0.05395355092060037
111,0.032961280871183704,0.6090785356310704,0.30704896979192525,0.011796489899926,0.03911472380589478
112,0.018710872836899935,0.6646899587993715,0.2929567815062533,0.0041118872576912215,0.019530499599784038
113,0.06762146614498835,0.616528093382692,0.2562053273118744,0.00936867259184106,0.05027644056860401
114,0.007199595493705755,0.7350993063355711,0.2480755966035589,0.0019059325321132486,0.0077195690350509326
115,0.005574472034882159,0.5336628752610985,0.4364651657750513,0.0011910530850184201,0.02310643384394963
116,0.009329820128073553,0.4528913055884608,0.526358219328694,0.0013562718571727217,0.010064383097599027
117,0.006906171896421242,0.46819556714932786,0.5102463630997365,0.0020896121883168563,0.012562285666197551
118,0.06725541629438765,0.43089530327392866,0.4077904432635661,0.018229665325614982,0.07582917184250254
119,0.055141541508531046,0.4506478478295575,0.3998985624373461,0.006564591460502091,0.08774745676406337
120,0.030648943973105552,0.5876550796643133,0.3388032758086026,0.005251755885350875,0.03764094466862773
121,0.06770699798117602,0.4315360379664816,0.42939657972200784,0.008736171806956562,0.06262421252337783
122,0.020664089696493547,0.4772543728017307,0.4790895324122174,0.002954453829969323,0.020037551259589052
123,0.04396250577448002,0.5857008669693358,0.30371326617235317,0.016897368611320622,0.04972599247251051
124,0.004057938568132641,0.45440822814494075,0.519185078033966,0.0056621898077074476,0.016686565445253165
125,0.0718698124251412,0.25949633539117034,0.20236994427300775,0.0261803972216884,0.44008351068899226
126,0.10632813799464037,0.4832639469028327,0.24913441767790764,0.026094192539115275,0.135179304885504
127,0.03126526935615034,0.4865095555575916,0.27407349406408943,0.009749788290843931,0.19840189273132466
128,0.06233319931114918,0.34024975572994376,0.22905484463534947,0.024397325732541667,0.34396487459101605
129,0.07797611195950994,0.5654136474397089,0.1970849969447073,0.016472245117906476,0.14305299853816741
130,0.1149384365773987,0.5407661405652393,0.16140981320192643,0.03471587584346925,0.14816973381196624
131,0.06252069514898442,0.5588698102229344,0.15529166634373248,0.0666029005877252,0.15671492769662335
132,0.10294744878793723,0.1583332883510032,0.059955501431762454,0.029261640682996873,0.6495021207463002
133,0.09704676343000256,0.6348636391380744,0.10672349501318737,0.025494497857017268,0.1358716045617183
134,0.12035329023020833,0.7027803218482189,0.05720290431234759,0.02582809871133463,0.09383538489789045
135,0.20533407641010232,0.6209766407898273,0.061769487959037285,0.03152417907198914,0.08039561576904394
136,0.09539159569084162,0.732993029423972,0.12706928447725532,0.013841897826630452,0.030704192581300613
137,0.04119903972643747,0.7558813841884378,0.1616448416840301,0.018338120677924886,0.02293661372316994
138,0.018754526828230672,0.8440484519104172,0.10587519620592649,0.005953534963193583,0.025368290092232022
139,0.01750631415622539,0.8517833399468996,0.10182955699621012,0.0018234893909649683,0.027057299509700095
140,0.01912099212864804,0.6908654732613134,0.27096595575429633,0.0019029918900240665,0.01714458696571811
141,0.034002711282744895,0.6397272899608649,0.26231779027572477,0.009858881659186278,0.054093326821479125
142,0.09834578160491227,0.6091076243069207,0.2015467526671116,0.012552181237902752,0.07844766018315262
143,0.07388604031062199,0.6116116782487455,0.2647719609223305,0.006824797307353073,0.042905523210948905
144,0.07223537744546361,0.5471375877284401,0.33575938165883534,0.007033365955954609,0.037834287211306335
145,0.12286159298423541,0.4834691218306009,0.21696943586049144,0.014035158804146394,0.16266469052052582
146,0.19045792726465585,0.465232205923506,0.18077158164019866,0.022146676960697532,0.14139160821094196
147,0.15664741172394964,0.36533711046060485,0.21683873376553628,0.03084316210369578,0.23033358194621334
148,0.06504786814851482,0.06824306707883566,0.00396552267714467,0.005077764368475433,0.8576657777270293
149,0.1710081496777404,0.40504602878154994,0.01548356082586517,0.01928852465130409,0.38917373606354044
150,0.05577737664731435,0.42177763159405857,0.06793692195462721,0.010731774911895213,0.4437762948921046
151,0.24066901746908625,0.40566766087349043,0.017016082769781983,0.018929096795507562,0.31771814209213367
152,0.09944765034178575,0.730682084975344,0.06105694279804768,0.013279915546970718,0.09553340633785183
153,0.21449118912860554,0.3498151026139771,0.01828345221969786,0.026106282402309177,0.3913039736354103
154,0.09035291945785741,0.6584680838997393,0.03960920140587613,0.008317072143618457,0.20325272309290862
155,0.05784905114658278,0.7817530236054464,0.08937524618234385,0.015022115753872804,0.05600056331175413
156,0.09501665572849598,0.6384856532661134,0.19551661180910818,0.02739700628269449,0.04358407291358786
157,0.04661380960046312,0.7834745148447277,0.0984241921854623,0.02336341800870241,0.048124065360644425
158,0.06178269841484527,0.6951949959409273,0.14967726838097456,0.03964760200203078,0.053697435261222205
159,0.14788036434476198,0.6521884161883589,0.053939514476499084,0.02460628645552886,0.12138541853485123
160,0.04141634245242564,0.8273524820349245,0.071037535347209,0.004574095655003795,0.055619544510437054
161,0.14583300572826577,0.663886270172828,0.07950237690670829,0.022483644300318417,0.08829470289187949
162,0.1841541078931311,0.5282119187687603,0.054481027894232856,0.012957200329042799,0.220195745114833
163,0.11195823369404731,0.6793469005653827,0.0534238322945418,0.005677868723156648,0.1495931647228715
164,0.11416871052740335,0.7317384495207315,0.08602447761386753,0.0048315051833770165,0.06323685715462046
165,0.04744339267884289,0.8387909696089743,0.0968462395009224,0.0029508182496010113,0.013968579961659353
166,0.073356281475637,0.6824309474921165,0.2087975732841363,0.004127317369179448,0.03128788037893068
167,0.031655423138390516,0.5363602112884224,0.39658138578804536,0.0030695735520711105,0.032333406233070815
168,0.07470184392180053,0.7357395813232378,0.13770647683958828,0.010140645714529141,0.041711452200844296
169,0.011199402234374203,0.3933582938701352,0.5799021665171256,0.0015992215347679472,0.013940915843597098
170,0.08132646012657037,0.46111198166005446,0.3311835177310996,0.00977265019676346,0.11660539028551198
171,0.13601820234155124,0.44955190302555026,0.20421226679981824,0.0078023339605887854,0.20241529387249144
172,0.12413177294374404,0.5213650464803347,0.18908493145359115,0.020320805747158506,0.14509744337517155
173,0.047512781171154886,0.6622984081175629,0.19769509655817236,0.0034833476487913045,0.08901036650431851
174,0.14867071408502475,0.44902992420617616,0.1912046552193509,0.023190462304904444,0.18790424418454385
175,0.1831217553862459,0.2726805673754574,0.07156654451780546,0.026129408280998353,0.4465017244394927
176,0.18798694728984086,0.38939450634385964,0.21995594926952655,0.011476991223699209,0.19118560587307365
177,0.1518952437894097,0.307261187637736,0.09923239670087462,0.020297399979000534,0.4213137718929792
178,0.19506572167053665,0.3718006557822672,0.21931368314830393,0.023882803460659255,0.1899371359382331
179,0.045624525822576624,0.04268801507073753,0.004755883992779305,0.0050636476314517434,0.9018679274824548
180,0.2176463253125036,0.19647892146951912,0.03560811879051893,0.020931310904014913,0.5293353235234435
181,0.04359795122764945,0.15048823777861034,0.01936535337081577,0.006017480041143565,0.7805309775817808
182,0.06940128696712825,0.0661868703594857,0.008416079019595308,0.012048835287378249,0.8439469283664125
183,0.05705571318866143,0.15723493074460868,0.003616036986123468,0.007445742963897407,0.774647576116709
184,0.045276060860787046,0.06561743958645296,0.00397699534849085,0.004387799102129825,0.8807417051021394
185,0.07762093119650545,0.07876448690405097,0.002799281817018212,0.0018361353250763155,0.838979164757349
186,0.20363413550907278,0.5143423200112378,0.013230070479219804,0.0031520708783349875,0.2656414031221346
187,0.12928166451297857,0.19729827227968322,0.003698911531688898,0.0020039849658437013,0.6677171667098056
188,0.0938960200926331,0.49550092259609024,0.01299159524069648,0.0022901516842176194,0.3953213103863625
189,0.17979950243640103,0.46090277708825683,0.00703340915541014,0.005025777418524771,0.3472385339014072
190,0.20139210291505028,0.3453193475335936,0.009764633152290017,0.00882473051647506,0.434699185882591
191,0.13841811830200143,0.5155318174691326,0.019133700210010804,0.03956924909887735,0.28734711491997794
192,0.22788986404530856,0.5045231973099612,0.00828036169082131,0.03411462853519379,0.22519194841871507
193,0.18017967231903603,0.5909447034992513,0.011976374759507302,0.06058538683181692,0.1563138625903883
194,0.12496002637061936,0.352586996126601,0.019499460021056174,0.08252918793377934,0.4204243295479441
195,0.14321385693834932,0.36634104740908807,0.005749045930586057,0.036566991962445866,0.4481290577595307
196,0.16834058146276662,0.5181522419326003,0.012296692705246168,0.07352105916693769,0.22768942473244927
197,0.13721281029927243,0.555706596878392,0.00922012724783798,0.052776306851414434,0.24508415872308315
198,0.10721740584886376,0.6547518093394986,0.0320492957931495,0.10617633614113181,0.09980515287735636
199,0.2458043353216024,0.5443677918251372,0.017359965441101743,0.07367842517203732,0.11878948224012134
200,0.15518546336307942,0.6429248284889826,0.01661339460422469,0.057163259731754124,0.12811305381195925
201,0.1763574077960628,0.5658752608760326,0.01089476593547741,0.14841851078172388,0.09845405461070333
202,0.05939586602296457,0.7917735861053797,0.004406446337032588,0.02035676801801261,0.12406733351661058
203,0.09003991750280058,0.7655780444756161,0.006598043803320394,0.018279007016074374,0.11950498720218856
204,0.09142032849326542,0.6622954105396553,0.024257739153259662,0.03084028901568972,0.19118623279813002
205,0.23679166728040288,0.36832263863164194,0.008398301339680754,0.058272067220241974,0.3282153255280325
206,0.49053777261300446,0.2856459487441532,0.004855142231437856,0.01935847854368524,0.19960265786771905
207,0.1991524304962501,0.5646115925502416,0.004725235036185118,0.015962350773953755,0.2155483911433694
208,0.2947169834965766,0.25957866362147086,0.004236814688694993,0.010853691543240607,0.4306138466500169
209,0.08202360283922651,0.8612936189741827,0.010615223615253359,0.010914456630225054,0.03515309794111242
210,0.18475170653343603,0.5836335651167007,0.02067826126092943,0.041696355024762585,0.16924011206417136
211,0.16267003170030303,0.5061189047243486,0.04589162087449283,0.025832273284320226,0.2594871694165353
212,0.12991388933346668,0.7023058172996347,0.0359664259337001,0.020148554760649556,0.11166531267254891
213,0.13643555936559207,0.5648900898260936,0.046231794068371745,0.02183682650525273,0.23060573023469
214,0.12983215340376986,0.706897874493723,0.05392497635446371,0.008602618869113364,0.10074237687893006
215,0.20586980373221855,0.6479962625923582,0.05282403425634858,0.01411139425970862,0.07919850515936605
216,0.059322194617988294,0.841135280456456,0.0562025711291491,0.005797122761936471,0.03754283103447019
217,0.02193912232544535,0.8862185498789182,0.07339869805922865,0.003028533461915456,0.015415096274492335
218,0.040227299944048375,0.854784956173271,0.07799135403052083,0.005279353037705091,0.021717036814454777
219,0.11167727903115549,0.5399540002346405,0.19533635451363687,0.03421366996757014,0.11881869625299689
220,0.02920024908295357,0.586380521625741,0.3694725398779602,0.0055139781941486036,0.009432711219196725
221,0.04644916560004087,0.4978310477938335,0.40981495811120855,0.012726793713254055,0.033178034781662986
222,0.02853386062049789,0.5443617118876063,0.3977436055248671,0.012179662910424946,0.01718115905660375
223,0.09585828270107453,0.49667395851655,0.2672880488087173,0.021441540209599323,0.118738169764059
224,0.06548893087428576,0.6695997829653763,0.19891995596331896,0.026504085220619537,0.03948724497639954
225,0.15413985429728327,0.5478200583773344,0.20681840239314853,0.016578853888563744,0.07464283104367013
226,0.03559480263314684,0.8083291631620679,0.131383878826618,0.00668507627494202,0.018007079103225118
227,0.015057759472649814,0.8096923738469741,0.15420210248379848,0.004745893614246149,0.01630187058233134
228,0.11486109387284693,0.635061987833882,0.1099566298367537,0.017051727176727986,0.12306856127978943
229,0.02919835774405951,0.840332355554237,0.10704762472550766,0.004105702482649667,0.019315959493545903
230,0.07769169204301046,0.7802582691920136,0.08248828721678678,0.012529504181698627,0.04703224736649069
231,0.13152572032393145,0.6892191130750048,0.10911674195213283,0.013988795250011624,0.056149629398919154
232,0.07452085068593577,0.7559241680657229,0.07989707239189378,0.01784633238275599,0.07181157647369149
233,0.027256760992534095,0.8937547499381677,0.0604085353817631,0.004168147622123773,0.014411806065411098
234,0.09148926581376354,0.735448631703692,0.09325598801752255,0.014358466403983475,0.06544764806103832
235,0.06555849746235261,0.7895438041671522,0.07919866505220435,0.00718880715650146,0.058510226161789525
236,0.039666676995519796,0.6497470230422658,0.21934442726629322,0.01097789751727824,0.08026397517864291
237,0.08392849096428706,0.7587090768841627,0.11914923571107044,0.005509414610583284,0.03270378182989668
238,0.04603911559507285,0.7584158153567505,0.13494567649511643,0.008837465167214615,0.05176192738584546
239,0.08293030730688086,0.7371913442403579,0.1477474915136201,0.006515239252268932,0.025615617686872174
240,0.013058332045765274,0.773831791518129,0.2018463015648161,0.003325143026519275,0.007938431844770244
241,0.03833071150588432,0.7839797374612123,0.1557932831936272,0.006262871274270302,0.01563339656500584
242,0.03145411031140716,0.5837188929145553,0.3028410481550305,0.01579135415078937,0.06619459446821783
243,0.09773758878867703,0.6539766326714473,0.14910180698294045,0.030659417667686754,0.06852455388924848
244,0.016858297791857053,0.8138005121114582,0.13952279116565477,0.0059564983876099886,0.023861900543420193
245,0.09137616400611037,0.6515570234942919,0.17973056482189517,0.016175366965525725,0.061160880712176756
246,0.18250064461300988,0.5914378495144109,0.09316671218478599,0.027094525914550943,0.10580026777324232
247,0.08082967639071689,0.789960453346105,0.0770901599078977,0.007827856132868372,0.04429185422241198
248,0.03812739731960773,0.7683082189121114,0.17686224327401606,0.0055685677237785345,0.011133572770486277
249,0.08606162399673822,0.6799253411163152,0.14913276797753966,0.01807312503486729,0.06680714187453968
250,0.04658194762862633,0.8067298309248215,0.09831958760667955,0.00915101007351125,0.03921762376636146
251,0.07935815032252008,0.5991902728275403,0.26847660691503533,0.013349211317470973,0.039625758617433386
252,0.021256186926525686,0.6221037199070223,0.31154619285750473,0.004062962077100999,0.04103093823184629
253,0.03571484352407677,0.6478223583596265,0.2555444221554862,0.011537248539282709,0.04938112742152791
254,0.020871627067039225,0.5577161721822598,0.399190449850072,0.0044613066859301035,0.01776044421469887
255,0.0844803449155998,0.3787856648946328,0.11904398171614693,0.012952697100875536,0.40473731137274493
256,0.05988374372206229,0.7647666123373829,0.07066496086030707,0.012685963926325643,0.09199871915392216
257,0.04026929553157971,0.8306948297785723,0.09268082420047367,0.003359386352425377,0.03299566413694883
258,0.03266064366809987,0.8098067352898901,0.0821493708022425,0.002934090907114623,0.07244915933265318
259,0.15350078018716765,0.4222234193553913,0.15178429921646744,0.040858900885482476,0.23163260035549113
260,0.043483749179485935,0.5988106743624735,0.28222611797600067,0.009408899561459379,0.06607055892058052
261,0.06507951223183102,0.5294433885382276,0.22175548515645557,0.041214654234866,0.1425069598386198
262,0.06230229169024742,0.6332221449124436,0.23657042410456605,0.01988693008622094,0.04801820920652204
263,0.06190187313712322,0.5342776724250377,0.34018845013245014,0.018689500761203477,0.04494250354418554
264,0.06859295253588395,0.5796370871844275,0.1396593439400636,0.034275510455474924,0.17783510588415008
265,0.04393092160299751,0.30279715629232523,0.3743532892701153,0.058357746578791475,0.22056088625577058
266,0.07218214351842889,0.5663784560589136,0.26900213958030367,0.01936876779447829,0.07306849304787548
267,0.0695293365416882,0.4841058789594364,0.24154152255071407,0.03144241128424921,0.17338085066391196
268,0.1253178766038862,0.498634790925389,0.1432865003223054,0.045238395869616733,0.18752243627880252
269,0.15833464531199534,0.38248396736638374,0.10529164022254138,0.04814919585357163,0.3057405512455079
270,0.11938105831127573,0.40556350777688865,0.1715778603500323,0.02576442007502082,0.27771315348678255
271,0.12210353002192685,0.5905563496653153,0.12071695786985136,0.04350947498200097,0.1231136874609054
272,0.11032997171947372,0.36086338154751174,0.1510667351977343,0.09594958437958942,0.28179032715569086
273,0.16163813229759652,0.5395176678625254,0.09927323987749445,0.07292320373472665,0.12664775622765684
274,0.16633041351931022,0.4057132865483422,0.0913726360029293,0.11134390580212408,0.2252397581272941
275,0.09516074122919915,0.47663946702799714,0.07225700531859607,0.04587632501002097,0.31006646141418664
276,0.21089617100494892,0.31299208881916535,0.025749250385069276,0.08114107371734287,0.3692214160734736
277,0.1086425975100009,0.6333341846207862,0.04040019663770696,0.05077122642313214,0.1668517948083738
278,0.22839747083571843,0.48049862371799795,0.03483279261495273,0.07594905743745907,0.18032205539387197
279,0.24081170316889658,0.5121095021532198,0.012052487405910714,0.07424292644699668,0.16078338082497617
280,0.06616467647640342,0.754954950478934,0.017581212811972512,0.05344445233458485,0.10785470789810525
281,0.16253648358359332,0.6329897549037721,0.008734027759940824,0.09963818856771882,0.09610154518497485
282,0.11483154768684309,0.39049521551548594,0.02451739428023594,0.08640715406560037,0.38374868845183463
283,0.07043274143846863,0.46168547042925,0.05022830196816646,0.030088500485220365,0.3875649856788944
284,0.09510815603256212,0.14656137411860076,0.008468339561669137,0.036389825332463134,0.7134723049547048
285,0.20247705030635452,0.281187560371796,0.004635806584615412,0.02155974242415737,0.49013984031307667
286,0.14928531776195594,0.6312029924795018,0.010043087959250237,0.01287705139287053,0.1965915504064214
287,0.2272970074190319,0.46252566641955034,0.028157444881348925,0.009579202345002279,0.27244067893506657
288,0.08580311984508891,0.8112143649236159,0.018100257807882072,0.012432539253486,0.07244971816992711
289,0.046670901634139075,0.7716063010755204,0.027136137302521006,0.00482634499917921,0.14976031498864031
290,0.14891481687217617,0.43810564335941293,0.03603897641512832,0.060547113156500715,0.316393450196782
291,0.0878189114879482,0.1750179282046626,0.005216902569744613,0.016930102861734825,0.7150161548759099
292,0.1106733107461532,0.5272955351850661,0.015355467595344209,0.01705504361772333,0.3296206428557133
293,0.09985001981320545,0.40936501182208856,0.015252993460585718,0.01303508390657826,0.462496890997542
294,0.039829868701333274,0.45641571243300294,0.016786810964486094,0.018721505977981612,0.4682461019231961
295,0.03191602409699228,0.5833254154124293,0.03951257083338567,0.009965690154840045,0.3352802995023526
296,0.004180598149897697,0.005803676951842482,0.0007447768908780283,0.0010801791414202422,0.9881907688659617
297,0.07149809979608705,0.06189628233680588,0.000840321082157965,0.012402694317951782,0.8533626024669974
298,0.06405659509415734,0.16604531972501707,0.0007352751552304063,0.011292338793800046,0.7578704712317952
299,0.17931426199328032,0.25336819773910196,0.006555438423280057,0.015196202355421101,0.5455658994889167
300,0.3342666820592078,0.3270343337877057,0.0010167456475836977,0.029382645361354043,0.30829959314414873
301,0.06572113928368727,0.06585999597415476,0.0009425280799578319,0.021578786267401662,0.8458975503947985
302,0.3796230746248915,0.2856934056967781,0.008187489608659908,0.05791784278039389,0.2685781872892767
303,0.16484674924087742,0.37330605274847733,0.0072655584453501405,0.08800173947961887,0.36657990008567626
304,0.3971033670705333,0.1862614748303581,0.0018979828932518586,0.10891188867208898,0.3058252865337676
305,0.15062180477555995,0.48125547596376866,0.005618496089589855,0.15519130455546304,0.2073129186156186
306,0.27995919480206005,0.2595704577374828,0.0025785086846177438,0.1409080376024816,0.31698380117335767
307,0.1524433159706031,0.3489914923273777,0.0016103598119863616,0.05663717729121004,0.4403176545988229
308,0.10486361251402988,0.4836947091736389,0.003576000999909708,0.043090378296123354,0.364775299016298
309,0.3077603843364966,0.42712511324252334,0.0010524750272909325,0.06378665667843089,0.20027537071525817
310,0.341873681001342,0.28140116742817106,0.003020496215965221,0.042793331194100455,0.33091132416042124
311,0.1929162204986105,0.657360055179941,0.001484535319346476,0.03886429075248497,0.10937489824961702
312,0.22717710115987383,0.6356262429610613,0.010311180615433058,0.029303799668370337,0.09758167559526154
313,0.12451625342562311,0.7638386009481885,0.007170936501784855,0.034582618559384576,0.06989159056501884
314,0.07324727209292627,0.8096946217308852,0.02413638481411782,0.031506644291227265,0.061415077070843406
315,0.06038651542788493,0.6536720806097004,0.01807522948309168,0.0320489030433326,0.2358172714359903
316,0.08939528250025963,0.673602276866848,0.009517876245740638,0.05500700319872226,0.17247756118842952
317,0.09614667851694966,0.6747360471110891,0.0043481957149058385,0.04458773463377047,0.18018134402328495
318,0.15845484014672237,0.6795319566979887,0.003976942939095676,0.05309159118408327,0.10494466903210996
319,0.10434550039102468,0.7928209321447274,0.003209277382695315,0.050184571365754424,0.04943971871579842
320,0.16029227439340282,0.659141171278047,0.009205928232564393,0.10232342762270083,0.06903719847328495
321,0.1990178086144185,0.4062233807950888,0.018998393877187016,0.2106241816354828,0.16513623507782293
322,0.21938120103556244,0.5109474552213539,0.018207324527440137,0.19348241369784241,0.05798160551780116
323,0.0788161786564562,0.6984486752914859,0.015829200545881033,0.1093388994341864,0.09756704607199043
324,0.025127116999353362,0.13820411655238204,0.002222857996817747,0.025340845850800604,0.8091050626006462
325,0.1450159272552966,0.24668391291090508,0.0006816246998676729,0.18985906449505996,0.4177594706388707
326,0.1582313606372769,0.13944771137182418,0.0008728532604029325,0.09383191819315065,0.6076161565373452
327,0.12239399570459518,0.11783386134211393,0.0008997136211959444,0.045807727872177365,0.7130647014599175
328,0.09263174519426615,0.46209900323540654,0.0006402138817995876,0.05327018947111314,0.39135884821741446
329,0.11654599677074436,0.22699505365164094,0.0008681735022055662,0.2296182519985354,0.4259725240768738
330,0.05621158156041747,0.42868330787908426,0.0008350563473015778,0.0595268792703865,0.45474317494281014
331,0.059763659020666236,0.5639080189188755,0.00011906634621238529,0.09969450917084823,0.2765147465433976
332,0.10576772511418618,0.1029001038715661,0.0013865938016490516,0.06436627634729727,0.7255793008653013
333,0.08791269139179149,0.24100747982513943,0.000641491899326301,0.09092779245252648,0.5795105444312163
334,0.07134473416136138,0.15591163100212083,8.444206087558195e-05,0.05481776900061755,0.7178414237750247
335,0.31972149323101967,0.15873294004725197,0.0004041656098583442,0.12870244399758407,0.39243895711428584
336,0.2204625276375521,0.14503061105989498,0.0006943632756804935,0.13524465889823264,0.4985678391286399
337,0.20949151179742703,0.35812135568356834,0.0008609406120053801,0.20690530470415164,0.22462088720284762
338,0.204155084228688,0.4271635268074298,0.0009191671179348442,0.2982505336278581,0.06951168821808913
339,0.35182381361665876,0.3125233864063844,0.004125383319083474,0.1361292827661296,0.19539813389174368
340,0.20129336137522716,0.4765604144338544,0.0021102382115795967,0.15887912678070581,0.16115685919863296
341,0.09744020625652758,0.601975790143441,0.008447405193519846,0.16256168691172204,0.12957491149478942
342,0.10529482950912189,0.627993878988851,0.003717845051525647,0.09871633500943072,0.16427711144107082
343,0.11437015534321517,0.5943728240320602,0.003871441758334757,0.12776250033932218,0.15962307852706772
344,0.06791195447225676,0.6905408467599695,0.002585661324675883,0.06476028474092271,0.17420125270217515
345,0.2436925770835906,0.3466978366013896,0.002272234669212708,0.1385031444066133,0.26883420723919393
346,0.13621728581113163,0.5382407961370619,0.0022836597986951998,0.07981911049371267,0.24343914775939862
347,0.11075619254858195,0.4026140291719066,0.001995231262777939,0.054714557570744664,0.4299199894459889
348,0.178845267038962,0.2520773849860083,0.006256848973419954,0.12289012122256043,0.43993037777904925
349,0.06432571569779587,0.7054840833050736,0.0029973322628514573,0.02835128131577801,0.19884158741850091
350,0.09673958935494721,0.6000034802412688,0.0041588820949602775,0.03475946035537435,0.2643385879534493
351,0.19749718898371937,0.3872392090434614,0.008142337335557793,0.04737065975980851,0.3597506048774529
352,0.16823252948511752,0.31033582078672867,0.011634903826588423,0.03844369935480129,0.4713530465467642
353,0.19726760422005907,0.4397339122157461,0.016150615649913817,0.03625779245573013,0.31059007545855083
354,0.04172880844798064,0.025566863567153077,0.0011476549285758075,0.007655817532658248,0.9239008555236322
355,0.06063552698068498,0.10437872235255277,0.0021801327914956004,0.013966188020609283,0.8188394298546573
356,0.06982564944012792,0.209852060873746,0.024352049864488953,0.016147404628133088,0.6798228351935041
357,0.05939069674339101,0.1740862522960058,0.00133085048203287,0.01072546046636658,0.7544667400122037
358,0.07139150036945288,0.4109327227294827,0.02218780224139018,0.02361573925826044,0.4718722354014137
359,0.02027456517956772,0.07753258021526617,0.005702749846406578,0.011106940298986675,0.8853831644597729
360,0.014161313435441452,0.05424679052802002,0.004435579967051361,0.0067388346148269706,0.9204174814546602
361,0.004899096694564674,0.01567715732648688,0.0006545170746424214,0.0013084679879421413,0.9774607609163639
362,0.05861936403709864,0.19733507045535922,0.0006342980460641728,0.007327573540903166,0.7360836939205749
363,0.023609613090817674,0.1660385275635183,0.0020337093860134754,0.0038677129506952254,0.8044504370089552
364,0.03916207791875338,0.27487293321519063,0.0008081351327355172,0.011538132742358933,0.6736187209909614
365,0.1276081729367454,0.5168370943057022,0.004111325224842494,0.018068495598484655,0.33337491193422536
366,0.2538667847459209,0.3410222645982603,0.013469394855345259,0.016435236550449837,0.3752063192500237
367,0.058468056604394046,0.7582531809958839,0.002846904140562049,0.005157576176487737,0.1752742820826724
368,0.02202120582515176,0.83468898362977,0.006404884288492323,0.004861632811457002,0.13202329344512906
369,0.10048579887058234,0.46379597867241573,0.004593141518186564,0.009376933867893454,0.4217481470709219
370,0.04826378290989404,0.8209453696341878,0.02391999219861635,0.004403169980621892,0.10246768527667977
371,0.05936984153428542,0.36225516751892384,0.3511189010437017,0.014515808458665803,0.2127402814444233
372,0.02120528830701254,0.5685740893266377,0.11567387762382154,0.011526670505424967,0.2830200742371033
373,0.1310978071987679,0.34192995545619187,0.07028174000522111,0.06373974799192467,0.3929507493478945
374,0.06717514862913176,0.6231648800754686,0.027082948268456898,0.05131346179732244,0.2312635612296205
375,0.050361608360907854,0.783851038107638,0.014029707254121187,0.024578126523563424,0.12717951975376954
376,0.12405634381084983,0.5647409023309511,0.05234610597574138,0.05075115123814573,0.20810549664431202
377,0.01627888347320404,0.6906480912001685,0.1680437628899878,0.025755910301692407,0.09927335213494737
378,0.14082250473924846,0.39868994057189094,0.11734104971207968,0.13096214575383583,0.21218435922294518
379,0.19153308508277245,0.32672808116096086,0.02511487459722564,0.1386657378138271,0.31795822134521395
380,0.19429164634237317,0.3289130390975015,0.01590982200356868,0.1575872244248938,0.3032982681316628
381,0.06900525858993033,0.7877208472449858,0.006219356144465185,0.027809892644535286,0.10924464537608347
382,0.23092151721106433,0.4418200896984145,0.02412619885305578,0.06380544749498177,0.23932674674248358
383,0.25767155408589437,0.5654252851559642,0.010229682275773274,0.088957041626511,0.07771643685585702
384,0.0638376761938442,0.8083559323216218,0.020677763092965592,0.02242389675851859,0.08470473163304981
