epoch,N1,N2,N3,R,W
0,0.0008048186999526015,0.00025383797251784943,2.672104595430778e-06,0.0004073021511228391,0.9985313690718113
1,0.0008823804605960412,0.00022422069039293362,2.6122853794761096e-06,0.00015491429431540026,0.9987358722693161
2,0.0013748986864311897,0.0003050700608158047,1.9671950081958947e-06,0.00016237263632138126,0.9981556914214235
3,0.0005105065658184379,0.00017676157434361542,2.421638172031529e-06,7.553104863774592e-05,0.9992347791730283
4,0.0005962286990212651,0.0002656785119086202,5.336644620208714e-06,0.0001567598438095378,0.9989759963006404
5,0.0045075977493973666,0.00042397980009310136,5.160283470334992e-06,0.00048617070939223545,0.994577091457647
6,0.004002968980681752,0.005777843504861121,0.0027020611230923444,0.0002825180056147403,0.9872346083857502
7,0.0009308043483339169,0.0002311989025465247,1.1158317616970704e-05,0.00012610733871360543,0.998700731092789
8,0.00031988845905673967,0.00016898355788317614,7.1734656381606585e-06,5.381854542170794e-05,0.9994501359720002
9,0.0009029643123666676,0.00016365580261100754,1.9822167398956485e-06,0.0001343960462060576,0.9987970016220763
10,0.0014821313347153637,0.00040635511297728926,4.379462734044123e-06,0.00014567488827157556,0.9979614592013017
11,0.00023323299679240528,0.00026707123916874505,3.1264954393313247e-06,0.00024205151375263924,0.9992545177548469
12,0.019512372160040772,0.0032186472123410886,1.6402846472165595e-05,0.002027336790743952,0.975225240990402
13,0.03369464549727215,0.01679008182517622,2.5245210178191335e-05,0.003881266258383405,0.9456087612089901
14,0.001805796842305033,0.0006024928745840372,1.1161485520643702e-06,0.0013284929862068218,0.996262101148352
15,0.016197319076274638,0.0056739364199756125,1.3007527925109586e-05,0.004970135122747986,0.9731456018530765
16,0.021176066553586143,0.0036577297974976835,1.0700692634371825e-05,0.005704611960252716,0.969450890996029
17,0.17184932994665086,0.039463820927591944,0.00010758522201462363,0.06786088067816855,0.720718383225574
18,0.007548642935935556,0.00219907536917825,5.88830768746664e-06,0.0035091194144602138,0.9867372739727385
19,0.009595531477403477,0.0022537250733847087,6.055493721355807e-06,0.0038842365828322283,0.9842604513726582
20,0.15329587461722186,0.01427271491872917,3.443940510678128e-05,0.015941985487927152,0.8164549855710149
21,0.3812947171991309,0.3161634239807085,0.0006509080502357312,0.06036414107913133,0.24152680969079357
22,0.14823821437114648,0.06977869934930012,7.614170896407282e-05,0.06657653056932522,0.7153304140012642
23,0.09837243120139333,0.7215682717030573,0.00048070773762755445,0.05229697313170115,0.1272816162262207
24,0.031499455768554674,0.8630286698850042,0.001556949331030211,0.047232212581019374,0.05668271243439159
25,0.08760978633378579,0.14216844854498,0.0001595719937757855,0.19345692681584073,0.5766052663116178
26,0.013788842428540258,0.9050736000499013,0.006120556676555912,0.03886355837028,0.03615344247472266
27,0.08509807958864551,0.2444511787493611,0.00017975643448970237,0.4255266330945427,0.24474435213296106
28,0.21613313732680323,0.39259916601649464,0.0003818695731050567,0.14602531424110932,0.24486051284248778
29,0.024213976838578125,0.9425856173671497,0.002223266937408757,0.0025072652958066893,0.0284698735610566
30,0.04186509498851902,0.9121504473712364,0.0008504534586023884,0.008831842848831994,0.0363021613328106
31,0.10347915893154477,0.40696467174574136,0.00022414325832962275,0.05209381512894998,0.43723821093543425
32,0.12858737787540162,0.1076643846785206,0.00027258884849275066,0.015997713222374046,0.747477935375211
33,0.134227313187083,0.21032307237186496,0.0002511791206883341,0.01513857084150236,0.6400598644788613
34,0.03027927386304813,0.012306352986743948,0.000523095638851949,0.0007462896667717006,0.9561449878445842
35,0.005999336320492901,0.0018156355264356823,0.00034191649114349165,0.0003668042600200995,0.9914763074019078
36,0.0011855301964852063,0.0002425484136981968,1.1016757453236051e-05,0.00010190141873546702,0.9984590032136279
37,0.0006454169460408006,0.00029614100518593543,1.0267182074366162e-05,4.6932052060999186e-05,0.9990012428146379
38,0.0016972053603600452,0.0007386353671743545,7.522026212285861e-06,7.265643598839689e-05,0.9974839808102648
39,0.0006555292566127062,0.00031871408909607475,3.1949383321369704e-05,3.6707979386576016e-05,0.9989570992915833
40,0.003014524799686477,0.0009319990163267538,0.00048757503887697517,6.658829160846419e-05,0.9954993128535015
41,0.000935449188955428,0.00023560758346477908,6.064458597288611e-06,4.910255731976508e-05,0.9987737762116627
42,0.0006000106922089928,0.0002963412578958377,2.0095874432453665e-05,1.5673660073209592e-05,0.9990678785153895
43,0.0008676676824643779,0.000325364203150726,7.831636603587315e-05,2.8535694154528414e-05,0.9987001160541945
44,0.007323449360550282,0.0007013852080830687,0.00047750969614833086,9.903947430386567e-05,0.9913986162609144
45,0.0008146662204947411,0.0010568853539499074,0.0004113439430039937,3.3857113668995655e-05,0.9976832473688824
46,0.0006207615203434384,7.065040758946922e-05,4.282229280042662e-05,1.3072911941710922e-05,0.9992526928673251
47,0.0018555426377363509,0.0006371676169257981,0.000556175583695613,2.027295351040161e-05,0.9969308412081318
48,0.001678795696770278,0.0010621679794571783,0.0011110892298072908,1.571733737426333e-05,0.9961322297565909
49,0.004094919228345319,0.0012135410776067301,0.0005794131805385201,2.005134987004533e-05,0.9940920751636393
50,0.003034585582360054,0.0007036003755992874,6.44280295497871e-05,1.6449824036345505e-05,0.9961809361884545
51,0.0016961793164274612,0.0004189602029112471,9.77898487928369e-06,0.00011856982096234964,0.9977565116748197
52,0.0019398543111599398,0.0005018044499885757,1.87829517386132e-05,0.00016773933375498565,0.997371818953358
53,0.00405015386819744,0.0011854502016961396,5.3837472942099166e-05,0.00018550322806843943,0.9945250552290958
54,0.021154867127897527,0.003052212580795559,3.423761626699217e-05,0.0027958806925198676,0.97296280198252
55,0.3782079112337733,0.044541592514735454,0.00014368634266257135,0.01865506911993098,0.5584517407888977
56,0.0027799693054109905,0.001964007487519122,7.486307803608778e-05,0.0006084245956791369,0.9945727355333548
57,0.0012444756567609426,0.0006402222339638934,7.406077506375108e-06,0.0006805078614742449,0.9974273881702946
58,0.002400367980270354,0.0016334820720910127,2.0019762342955408e-05,0.0025234101290169918,0.9934227200562787
59,0.04568599463050259,0.00826995339230575,2.571347589795543e-05,0.0033573785223771284,0.9426609599789166
60,0.06506551317318349,0.010060358453670353,3.05330163942326e-05,0.0033692205112112036,0.9214743748455407
61,0.004491857723336884,0.010184321465253648,0.00021860662070904134,0.0005789947559390484,0.9845262194347613
62,0.002443876367841778,0.002201307101823106,1.2067073774555526e-05,0.0006866153552561976,0.9946561341013044
63,0.0009357783944448779,0.002167263591999865,0.00025036787655814734,0.00024291503754364464,0.9964036750994536
64,0.11570355905824088,0.01612553030983565,8.555750645974514e-05,0.0060780798102814,0.8620072733151823
65,0.01744206365318133,0.015503288421387755,6.141221190496624e-05,0.0018223116381993897,0.9651709240753267
66,0.007051380322772018,0.004321982311365632,7.892268221828414e-05,0.0017766801641490256,0.986771034519495
67,0.14080138989433116,0.022571424702296002,6.259445404492199e-05,0.00573318699084822,0.8308314039584797
68,0.04556504234273372,0.012083251550561192,3.407368446934425e-05,0.004973885590212597,0.9373437468320232
69,0.247553842085684,0.020570510271367144,5.986549257357468e-05,0.00867704942218691,0.7231387327281883
70,0.40545884738737914,0.41504529334709106,0.0015083384006302838,0.037811546073593674,0.1401759747913059
71,0.5271915566776247,0.2615094932590378,0.0004361348416600482,0.07348658392270742,0.1373762312989702
72,0.327802628186882,0.43417304903825044,0.0009401365176897065,0.15498492179875217,0.08209926445842565
73,0.17298223200885343,0.6859996368974168,0.0008506046863759457,0.09074239418973519,0.04942513221761854
74,0.09968252743078389,0.8536158840944151,0.0011478174207319375,0.030495976935225082,0.015057794118843816
75,0.01977292580711334,0.9634366002328708,0.008712793106756487,0.002207162394481113,0.005870518458778397
76,0.020734157869384727,0.9618284840354554,0.002704354892124086,0.011471152377369086,0.0032618508256668996
77,0.016385002149943068,0.9733793049060171,0.004280624816208215,0.002345409647074907,0.003609658480757025
78,0.005717307155825878,0.9809862656770152,0.009469454286779602,0.0016894092047262665,0.0021375636756530586
79,0.0063370821632353054,0.9554463888892654,0.03485257168579611,0.0010708272849032604,0.002293129976799823
80,0.007862948761200625,0.9517328763829156,0.03706284331870034,0.0006707173440734142,0.0026706141931101034
81,0.004080353728837956,0.789710510364766,0.2045708702379343,0.00011365573027843954,0.0015246099381830537
82,0.005542432133647203,0.8109422193731772,0.18155060449993782,0.0002695999298680327,0.0016951440633697135
83,0.0020148123534453294,0.7074701378816424,0.2890178790825515,0.00011456135567306173,0.0013826093266877415
84,0.0005684697227149714,0.21884652902414942,0.779632534346745,2.927383665640017e-05,0.0009231930697342056
85,0.000751134555514438,0.37470586285669727,0.6238836084635232,3.730274844159713e-05,0.0006220913758235082
86,0.0007102211573687628,0.19352220519255456,0.804590835551336,3.1670489767807134e-05,0.0011450676089728967
87,0.0020783962438550734,0.2109568365121314,0.7844589617267328,7.953713048882989e-05,0.002426268386791973
88,0.00047196810574478046,0.17467920025777292,0.8238245293713299,3.8820120450312774e-05,0.0009854821447019533
89,0.0009485462712221456,0.3246150640381961,0.6725751842940135,7.26048956807329e-05,0.0017886005008874157
90,0.00011500003190006078,0.06570208089099026,0.9337054895911497,1.3134494042783696e-05,0.00046429499191716014
91,0.000323489642129726,0.11993867315743702,0.878570428525806,2.0737714374270976e-05,0.001146670960253068
92,0.0006041787599635635,0.10606246780238618,0.8922400326360453,4.306739709884509e-05,0.0010502534045060733
93,0.0007914827574533551,0.25937081274503504,0.7389683445466829,4.1768199154433596e-05,0.0008275917516742572
94,0.000990258434788929,0.1312375446252013,0.8665499902159043,9.234509636456452e-05,0.0011298616277407817
95,0.0007467026055309041,0.1980158527654523,0.7998340351116486,0.00013019635628871152,0.0012732131610793988
96,0.0009857495512821891,0.24926061212059675,0.748553007768703,5.234060030473026e-05,0.0011482899591131154
97,0.0027151098385348633,0.17705773461690405,0.8181108301137169,0.00013028961725499726,0.0019860358135892512
98,0.001875307335003399,0.17230511504306742,0.824211884121257,9.897267679775673e-05,0.001508720823874445
99,0.0012250101815243285,0.2952351713689922,0.7017845267222237,6.27736165610737e-05,0.0016925181106988703
100,0.0010500228901716474,0.3768581062283346,0.6200978313197505,0.00018183353478598097,0.0018122060269573775
101,0.0010971235542471,0.20726668963988132,0.7901697044115085,0.00013058594686494792,0.0013358964474982876
102,0.0006768707060020169,0.19238062462955427,0.80604476871568,8.597319555935087e-05,0.000811762753204249
103,0.000892308691701351,0.1780154250485773,0.8195644658628067,0.00019333058715701186,0.001334469809757621
104,0.001492823568077698,0.2968372380537392,0.6995526989353493,0.00025049256603840587,0.001866746876795439
105,0.001997446136440033,0.22778329132585037,0.7668955347409077,0.0007120791684987631,0.0026116486283032955
106,0.010816682992867168,0.6481414800389441,0.3110926981671204,0.0012955657392336236,0.028653573061834782
107,0.014172188321933076,0.7780928226971955,0.19807683809582716,0.0014558363576662576,0.008202314527377894
108,0.07352378321629852,0.8827949363340355,0.02744767934654742,0.00519427848925574,0.0110393226138626
109,0.028858721256774737,0.9224375118606478,0.03645668026681271,0.00217588356654487,0.010071203049219801
110,0.207233176546083,0.6875620364851994,0.010702477431184814,0.003236147253938622,0.09126616228359415
111,0.021594605303487936,0.9437058983113119,0.02092683701453084,0.007294650493037499,0.006478008877631837
112,0.05822667372656833,0.8547084787376584,0.018769680823373436,0.012192467695883703,0.05610269901651621
113,0.10123376171914926,0.6938534632993878,0.006926560328569861,0.12755337989407017,0.07043283475882293
114,0.03438874134785919,0.12307540690161918,0.006605565945339568,0.038285479961370855,0.7976448058438113
115,0.07367005911060892,0.8536600442705164,0.01183773015412619,0.04253488689865472,0.018297279566094022
116,0.14489103438442577,0.7282207888258285,0.005039796072966383,0.02316712933070608,0.09868125138607303
117,0.023687211056225902,0.9412656482358172,0.011134579225852911,0.007117052781911475,0.01679550870019276
118,0.10199121852891567,0.700127196344131,0.023130942397506803,0.009119845800931144,0.16563079692851537
119,0.023485319148106133,0.910387676614786,0.016547003544901757,0.004548369535191569,0.04503163115701429
120,0.14316090623214037,0.4697138023730784,0.003966063922633519,0.015318013916090124,0.36784121355605753
121,0.13860863115848687,0.6257268707345764,0.01502582956315196,0.003937019406169312,0.2167016491376153
122,0.16243094406666797,0.7056888226950921,0.00489336567643298,0.00979626316834745,0.11719060439345952
123,0.014554901382949622,0.017826666869204612,0.01644038309701303,0.0002078069462645471,0.9509702417045681
124,0.002593899085721885,0.0022325142266414653,0.0002648060460808456,0.00010920118925569903,0.9947995794523001
125,0.0017638514611995008,0.0014312480310419307,2.404239017668344e-05,0.00013031354776491742,0.996650544569817
126,0.004527313870867611,0.0033374657985315395,0.008147940639000033,0.00014188431563871511,0.983845395375962
127,0.0012777563324080884,0.0006744431418636111,0.0001032523835106342,0.0002307576550447807,0.9977137904871728
128,0.0014417356936832517,0.0006111573160628525,5.535888626291152e-05,9.870782537921262e-05,0.9977930402786117
129,0.12685818163426385,0.019162696390293586,9.427480717365322e-05,0.0020509708491190273,0.8518338763191499
130,0.0034210600981311825,0.0014080402060224876,3.769211262993938e-05,0.0009227894627328805,0.9942104181204836
131,0.004382184398778309,0.0014526237759136798,3.957878624508352e-05,0.0008800401751824843,0.9932455728638804
132,0.0007173778744678529,0.0012758068112257194,0.000297084953777544,0.00011640933441635178,0.9975933210261125
133,0.007773715615267958,0.009216594006674267,0.0010143603497073561,0.0004517581056599891,0.9815435719226905
134,0.003172436123903152,0.0037171717368774163,0.00022968889300344533,0.00013501318868511863,0.9927456900575309
135,0.0004910396022227928,0.0003431961423425823,0.0001431003711063188,5.744015701532505e-05,0.998965223727313
136,0.008318020378241968,0.006745520896915842,0.003526338704573056,0.0012040063795623862,0.9802061136407068
137,0.0009032217779700759,0.0005512048463156286,3.9804722807245345e-05,0.0001884121330122849,0.9983173565198947
138,0.0010763444080405073,0.0006590804409779007,0.00016903849699504109,0.0001211837877350042,0.9979743528662516
139,0.0012679069722379673,0.0008629699479109791,0.0009922095133279261,9.108573278149796e-05,0.9967858278337417
140,0.0016199392800390793,0.00047402545210349043,3.07389711946221e-05,0.0003507786614235992,0.9975245176352392
141,0.0007302633534469103,0.0005695646860382803,0.0002797256683968278,9.334136305014003e-05,0.9983271049290677
142,0.0007598783764441842,0.0005649966803278597,0.00017338984962710717,9.102507941084569e-05,0.9984107100141899
143,0.006508001001766037,0.0053138060192967265,0.007747285212882893,0.0008929054373539153,0.9795380023287004
144,0.0055429018712206644,0.004489660192017575,0.007611928076555924,0.00021815356378326352,0.9821373562964226
145,0.0105608454054671,0.008917399736712805,0.014357401469879183,0.0005789761166814899,0.9655853772712594
146,0.001179939404107244,0.0007264417827900869,0.000700972558130526,7.290809090407045e-05,0.997319738164068
147,0.001464296913014179,0.0006663374494538849,7.667182264041053e-05,7.327735902345866e-05,0.9977194164558681
148,0.001724559184737586,0.0005690825889682118,3.872910174719528e-05,0.0001424639651856769,0.9975251651593614
149,0.0005134049913139882,0.00040757908450921677,0.00010760210665401729,0.00013376337391005368,0.9988376504436127
150,0.000508463918528233,0.0005935281367282583,0.0001258779962725947,0.00018826529422037036,0.9985838646542505
151,0.001049070199974361,0.00030722136021436755,1.0207255342250957e-05,0.0004933495658857362,0.9981401516185834
152,0.0010516738051417674,0.0009653909032616169,0.00015409184631412043,0.00016306582956212318,0.9976657776157203
153,0.0005162631275892128,0.0003765304991060785,6.815037641891175e-05,0.00015231726874635027,0.9988867387281394
154,0.0026487355086535092,0.003007805609917894,0.0011021175752076381,0.0005336517171032898,0.9927076895891176
155,0.000804782025972347,0.0004406877582990543,1.809062637692638e-05,7.942460520579392e-05,0.9986570149841458
156,0.0011831294572822392,0.0003534702297296526,0.00018693469241111408,0.00013286403124903248,0.9981436015893278
157,0.0028421220377724157,0.0006622643298668475,3.352543133455809e-05,0.0006662247031913068,0.9957958634978348
158,0.001444389910614822,0.0009533941208389138,0.0008752704141711686,0.00028329804268702505,0.9964436475116881
159,0.0030392456132715654,0.000925500983670208,8.753109089527567e-05,0.0004270541206788069,0.9955206681914841
160,0.028661246342087537,0.005382388902703269,0.00018667285123579814,0.002468168808426493,0.963301523095547
161,0.007019563461748878,0.007445640904068092,0.0001011258834222075,0.0013819993999992545,0.9840516703507616
162,0.011309119340548816,0.00542796608418042,0.00024477910204476184,0.001231051097406837,0.9817870843758191
163,0.3730273894274282,0.021671169330090747,6.567813002485565e-05,0.057683230454514504,0.5475525326579418
164,0.5188082995814103,0.24137562093184362,0.001624298927936327,0.07956558921835635,0.15862619134045353
165,0.38851010282653337,0.4160438452835105,0.001632976291226627,0.17126300200954073,0.022550073589188625
166,0.25003392127845114,0.4755151459653523,0.0009358519752218994,0.26489212898493175,0.008622951796043023
167,0.14724141564658544,0.7379337881869146,0.0032231536292158486,0.0714307123508124,0.04017093018647175
168,0.027525772655656935,0.9399000719670844,0.018241710672490724,0.004475731419902846,0.009856713284865221
169,0.3582142240901549,0.5909239222344262,0.01220262522101976,0.021565774849568297,0.01709345360483093
170,0.05197794914620211,0.5648713018485831,0.36263054260987837,0.0023757775039965623,0.01814442889133973
171,0.0915565005348831,0.8135401419732166,0.0448291811981439,0.002111739967286282,0.047962436326470154
172,0.1109801265654284,0.72281120634154,0.047835409214076086,0.0030604888597648584,0.11531276901919083
173,0.04108020341040598,0.9151274491797827,0.03690997472244926,0.0007199952512782552,0.0061623774360837
174,0.017696622303729915,0.8823725870865599,0.09459305881366793,0.0001110668853501227,0.005226664910692214
175,0.07382066870482078,0.8001239683310922,0.10141760305417846,0.0005828144572972034,0.02405494545261132
176,0.021364827775424755,0.8664930571418257,0.10240817843956958,0.00055226207005859,0.00918167457312131
177,0.08801810943952833,0.6417933428540152,0.24657630446151346,0.00043365951559843746,0.023178583729344577
178,0.12891218541179703,0.7875859028128976,0.07092793392980402,0.0005818297729171791,0.011992148072584013
179,0.024630061244840896,0.5521034581974693,0.41661368185051717,0.0005287843824061207,0.006124014324766359
180,0.01408810475046472,0.3914476999579192,0.5889511107923985,0.0005010008421018661,0.005012083657115574
181,0.02980054556910625,0.40595688144307684,0.5552417836922577,0.0006345240230680009,0.008366265272491173
182,0.009592117925411023,0.43310035688919996,0.5537321277698999,0.00027391856436579927,0.003301478851123313
183,0.0021512950606323716,0.14271000544384504,0.8527450183882219,0.00010792979308378109,0.0022857513142167905
184,0.007256762591153393,0.22486610874769702,0.7660796894636884,0.00024117719929144017,0.0015562619981695307
185,0.0037537790466126153,0.1598023987622498,0.8324812290060994,0.00021703557732658606,0.003745557607711455
186,0.0032060555017848344,0.09579218786583564,0.8988173060246774,0.00014540773188009295,0.0020390428758220677
187,0.0008926025845134315,0.06593051188830688,0.9321685617815616,5.273402175087764e-05,0.0009555897238672223
188,0.0018809416549581683,0.04546054241352014,0.9509740170714593,8.420358311541201e-05,0.00160029527694689
189,0.007903612419501918,0.160101482805037,0.8256460295263593,0.0013080250231010488,0.0050408502260006075
190,0.0036333651928083686,0.10146068715445088,0.892930308078308,0.0003223748406173981,0.0016532647338154344
191,0.0027815639471997313,0.04449976508420881,0.9509807014176361,0.00023485891691349398,0.001503110634042016
192,0.0039559972034796005,0.06671895584186444,0.9274942893083106,0.0002775792843227578,0.001553178362022632
193,0.004477200845598871,0.13531473168996794,0.857905980482828,0.00010696719925615619,0.0021951197823490073
194,0.008787467376769177,0.13954178923835459,0.8461866979682886,0.00020167878483340346,0.005282366631754165
195,0.008747958711063172,0.13832836490597009,0.8475282016805361,0.0002745360461414247,0.00512093865628917
196,0.00459538660736799,0.10059641860407881,0.8918183219993912,0.00010861250580699181,0.0028812602833550474
197,0.004971246558766007,0.10814053576376982,0.8827606377018089,0.00019869979303065033,0.003928880182624711
198,0.007528324665258182,0.2691345620248584,0.7186146356389097,0.0003867389145746065,0.0043357387563992475
199,0.0012217821009199677,0.05142577942146484,0.9451869939593668,9.294957038930044e-05,0.0020724949478589287
200,0.0015125452915013935,0.04765411649982538,0.9492780091006414,8.08018925016405e-05,0.0014745272155300979
201,0.0015024722753140506,0.12754821778094647,0.8676972568326037,4.66907388733447e-05,0.0032053623722624585
202,0.0055360305052197184,0.2505688938239074,0.7407645688051537,0.00025228215499354864,0.0028782247107256003
203,0.0017962641934350842,0.341411894330627,0.6542883577416798,0.0003244240828064919,0.0021790596514516237
204,0.00044816929486128784,0.06857896229025495,0.9304892812016415,6.950486176980193e-05,0.000414082351472292
205,0.0007165569675514065,0.09410742705292285,0.9045838407056671,5.4498919922987096e-05,0.0005376763539357022
206,0.002097764539448739,0.08302010605200733,0.9139481420745722,0.00012630184080883813,0.0008076854931627609
207,0.0012956868930264673,0.06853621165805873,0.9294243249158624,9.363248888869597e-05,0.0006501440441638081
208,0.009204931048981561,0.4675935806838397,0.5179766020672218,0.0008249601764748388,0.0043999260234820845
209,0.0021490753323373853,0.09313087505663986,0.9023322781206028,0.00023045036361161138,0.002157321126808166
210,0.003777589106390039,0.1329621756014295,0.8597471629852367,0.0007376259363442355,0.0027754463705996434
211,0.0015401096824628757,0.0575990594894137,0.9380625048960621,0.000558922752109134,0.002239403179952167
212,0.0012532385771344028,0.058981995039351136,0.9369683384691917,0.0009158163023617815,0.0018806116119610215
213,0.010891000707161654,0.341833620306673,0.6238160020065779,0.010434854942030862,0.013024522037556621
214,0.020926615597776036,0.2240496656007062,0.5956457944285695,0.007551859085180312,0.1518260652877679
215,0.025892621779963116,0.2978754510683907,0.09324242788390488,0.005935078068552683,0.5770544211991886
216,0.03337089400140681,0.7461043447956661,0.09499397923084586,0.0035007310027570905,0.12203005096932408
217,0.08953730965718022,0.39627993982943144,0.06483205035571475,0.0025690187560933127,0.4467816814015803
218,0.014823646867660172,0.9450825424156165,0.03384689025132743,0.000877861419103404,0.005369059046292514
219,0.08570937068249077,0.7195794572149117,0.02275155255586019,0.005072653006458234,0.16688696654027915
220,0.04562353349179502,0.9423333592262263,0.0068284256786111525,0.0005878537600926534,0.004626827843274848
221,0.024867600829573903,0.9397184540141138,0.023291853365079183,0.004152220644121875,0.007969871147111115
222,0.06767628785685985,0.8105786997646858,0.1097933682576534,0.0028838199997673715,0.00906782412103359
223,0.029778908348899492,0.9085214119862098,0.03278022276299085,0.002363433087763701,0.0265560238141363
224,0.03092981426411847,0.9141825203146977,0.031698934199891844,0.004396122415871744,0.018792608805420066
225,0.034079914106294434,0.8495653213494764,0.09753494638371714,0.0014595050512445208,0.017360313109267486
226,0.011688290616523036,0.8332866063799836,0.13341224168495977,0.0016737866842331836,0.019939074634300228
227,0.03933599218863473,0.7687723519380524,0.1802997238227224,0.0014686210637910777,0.01012331098679934
228,0.02261639764265819,0.8465502354858684,0.11742565431118983,0.001137862672926726,0.012269849887356701
229,0.08368122451960937,0.8101750324529636,0.04185339072624996,0.0025118004329320056,0.06177855186824494
230,0.07452998442421803,0.8961151817861626,0.014627169707470761,0.002202313926213795,0.012525350155934922
231,0.019262062690983506,0.8521073506628807,0.12572963706331283,0.0005925074312212001,0.0023084421516018395
232,0.01844707496837212,0.6605288751218624,0.31672415356064115,0.002415282799634714,0.001884613549489696
233,0.009487541207546269,0.6720133587179066,0.312355394613859,0.0028820090434426232,0.003261696417245534
234,0.00686753880911892,0.712053364177876,0.2724891495149792,0.001764382291500192,0.006825565206525847
235,0.006688523342464157,0.3979397635163999,0.5917166336163415,0.0010686859485314398,0.0025863935762630045
236,0.01042842144567294,0.5549502046264997,0.42455500648527383,0.001407718447285748,0.008658648995267835
237,0.0072569283662328446,0.7479136690889678,0.22217558635918014,0.0022666040474712476,0.020387212138147946
238,0.006525625982646075,0.5870752837725719,0.40309604255469283,0.0003609125146881355,0.0029421351754010897
239,0.01568067654976342,0.6397618288663974,0.34046484939528676,0.00046337856902417334,0.0036292666195283244
240,0.004158650787327269,0.21347172278004464,0.7799298349656533,0.00024877236272189757,0.0021910191042530387
241,0.00886934153940003,0.4929155952008674,0.49405542549922143,0.0003930812024368733,0.0037665565580742998
242,0.007747928805283626,0.5792995811348057,0.3993244965716562,0.0016561174133685507,0.0119718760748859
243,0.007056338422895337,0.33730306247802394,0.6521374963765595,0.0019263335656689654,0.001576769156852217
244,0.014920297268491665,0.7703372258313241,0.1988202797755765,0.008459039395461608,0.00746315772914617
245,0.0065331821915948435,0.5951453763707855,0.3931713086628703,0.0013843164980572992,0.0037658162766920147
246,0.013068140527867051,0.5978395516260457,0.3844157327184675,0.001910086712632202,0.002766488414987465
247,0.002635212656414986,0.20662885788569915,0.789205597410445,0.0007092718931327009,0.0008210601543081657
248,0.008824235032932714,0.6738926676738762,0.2992662463695476,0.003845196290538712,0.014171654633104882
249,0.0098976023560756,0.5592104458035831,0.4267854467888391,0.001462842384072966,0.002643662667429235
250,0.012519326685192175,0.6970439494131204,0.2798984534444056,0.0022345434404152935,0.008303727016866552
251,0.007852737109846394,0.6241375330537315,0.3637706301576277,0.0015554049847880198,0.0026836946940063354
252,0.005577246112833638,0.4094257962219667,0.5833441800982695,0.00046167536982486023,0.0011911021971052823
253,0.0051948538182688235,0.45918655708828526,0.532167351946949,0.0009016441837635285,0.0025495929627334384
254,0.0025320214600433287,0.27273491980991776,0.7232595959718274,0.00023337761384637992,0.0012400851443651521
255,0.002787872092032977,0.20984565755728768,0.7859696911851295,0.0004631271055938831,0.0009336520599559159
256,0.0025369439762428585,0.1579929434496522,0.8374521258154264,0.0001810448533495065,0.0018369419053290814
257,0.003027758146841868,0.24704561058636632,0.7484029657301429,0.0002666784623678349,0.001256987074281119
258,0.001757549349237226,0.12104871021677893,0.8764009791615611,0.00010987469848700154,0.0006828865739357946
259,0.0027656835258925896,0.1703556442124569,0.825400691122798,0.00038311035733231677,0.001094870781520098
260,0.0022252433321066894,0.1221069084162766,0.8745175554573618,0.00012534442431715313,0.0010249483699376685
261,0.0026768519291449585,0.16298756053257368,0.8324739155079585,0.00026445131007228384,0.0015972207202505136
262,0.001956319399836885,0.13162903253945704,0.8645086986660881,0.00036011300508565863,0.0015458363895322672
263,0.008202706489310537,0.31488031966714247,0.6722083132468092,0.0013386933666911592,0.0033699672300466074
264,0.006497871385710783,0.14796244628279107,0.8393851676025157,0.0010709667981355269,0.005083547930847017
265,0.005330385302196307,0.3551273072590042,0.6319310964838891,0.0017326872394313362,0.005878523715478888
266,0.0042068282584336,0.20337571592195286,0.7906325710509958,0.0003850078745378061,0.0013998768940799
267,0.004033192905745486,0.3825867837567126,0.6078679022862645,0.0006569545013942243,0.004855166549883178
268,0.004164619435021511,0.49116676583790675,0.5018065871947839,0.000536143674743575,0.002325883857544243
269,0.005868744175565795,0.3500106995217338,0.6415078196536202,0.00033035224734912947,0.00228238440173093
270,0.0037752335422931616,0.3012453388133219,0.6919438558111413,0.0006212966324385598,0.0024142752008050952
271,0.00115508796512697,0.09822579565082241,0.8994009136258959,0.00011811061417946344,0.00110009214397548
272,0.0052868606157292514,0.35523714411424184,0.6372566273340067,0.000432284069633369,0.0017870838663889255
273,0.001973336622614412,0.2269407480641845,0.769604581364967,0.00018691411225631478,0.0012944198359777616
274,0.003899796473002712,0.24349415007959097,0.7508542341569773,0.0003548256480388295,0.0013969936423902068
275,0.010622289725171272,0.3183037898419635,0.6660582394285782,0.0018002238971239516,0.00321545710716301
276,0.0034221802544720696,0.143819516004097,0.8505050898668417,0.00025990799015900847,0.0019933058844301245
277,0.0026231958064622057,0.43058189071158465,0.5609423048355013,0.0015267750994274664,0.004325833547024206
278,0.004743264659074133,0.31108204020294306,0.680805291078382,0.0003486712732388498,0.003020732786362181
279,0.008549621709188566,0.4679622557761158,0.5183066684967873,0.0012842926286538267,0.003897161389254425
280,0.0026447786318424976,0.20241241257738427,0.7926435048742831,0.00031533142495859286,0.001983972491531492
281,0.027304492294725938,0.5415030092217172,0.4054404554422892,0.008317651744423993,0.01743439129684348
282,0.007376869486639082,0.366709085836392,0.6145030340047712,0.0023488610619243335,0.009062149610273356
283,0.007032808160217969,0.01302603687175671,0.004902537832704735,0.0022357592725876065,0.972802857862733
284,0.02031233063253455,0.004747618102115548,9.804321832627939e-05,0.0016761135388517036,0.973165894508172
285,0.421755965089061,0.13951735456281691,0.0004189375544617745,0.013304554338156069,0.4250031884555042
286,0.4077753541197858,0.1512088047636444,0.0021588607463326956,0.02034029540824558,0.41851668496199146
287,0.3141136773584064,0.18357724869489536,0.0007118718232489346,0.05578469717075903,0.4458125049526903
288,0.12943043587249753,0.5309024573182529,0.013828212884766312,0.03438652035531813,0.2914523735691651
289,0.2501669451340957,0.38457800390707,0.01997312464428295,0.07542037210909179,0.2698615542054596
290,0.15812851157184532,0.31370546883402106,0.002678306899072862,0.07255065629749265,0.45293705639756815
291,0.19067073359471426,0.20661033677416366,0.0014953598678568664,0.08230890973262982,0.5189146600306354
292,0.12216200982656844,0.0262333017828736,0.00036030361783132166,0.01932185754579885,0.8319225272269278
293,0.2022962815493173,0.3946851046423895,0.018668155145798667,0.03649709442347821,0.3478533642390162
294,0.16713454384255613,0.6997718547630878,0.04717185453921691,0.01941366241549986,0.06650808443963929
295,0.3094430460777583,0.5141620548463398,0.0354899231912974,0.045041176688393726,0.0958637991962108
296,0.11174039592232124,0.11696377067710305,0.0023064012223831046,0.015334691965207474,0.7536547402129852
297,0.15183221405445033,0.4475837170445492,0.024904329346315663,0.06762583682514778,0.308053902729537
298,0.38126797589469963,0.12495584432170734,0.00326441136001488,0.11014580743687254,0.3803659609867055
299,0.10286983958006314,0.18938080681535138,0.010303643285484016,0.022326430748599396,0.675119279570502
300,0.31812877696972947,0.31599502015928654,0.008127142088801378,0.11035902004680326,0.2473900407353792
301,0.18744240390107825,0.39856026471226175,0.014768198007634228,0.020553378458083846,0.378675754920942
302,0.11775676317257261,0.30963189381567213,0.0050853060131335085,0.03396153400537407,0.5335645029932478
303,0.21434202519410375,0.20958610904735375,0.0032992521655217334,0.09011382565382066,0.48265878793920003
304,0.22521874433637773,0.54321782774354,0.02670176470436052,0.03762062675887975,0.16724103645684182
305,0.14081105494907928,0.6608742649253023,0.008880783400969849,0.03041815619255732,0.1590157405320912
306,0.1325468084101951,0.3359511459114662,0.008897362130518106,0.04389999502570119,0.4787046885221195
307,0.056570104801296844,0.7414908203699339,0.05219242013866987,0.017049860692152745,0.13269679399794668
308,0.1777316687389876,0.3503241354034666,0.013537570182911136,0.03024201952324787,0.42816460615138674
309,0.028187798369955133,0.03765003332419059,0.000791844169607792,0.004566885240552029,0.9288034388956945
310,0.16961021335277424,0.4764023808824076,0.009028487149266327,0.024893482769335243,0.32006543584621655
311,0.012688853376984825,0.008049989287454942,0.0007150048637094101,0.0018773518344858704,0.9766688006373649
312,0.003665914948503594,0.0019323831971540647,0.00022004842446130934,0.0009095523775325423,0.9932721010523486
313,0.11206720664327749,0.022683898605975958,8.866538987373313e-05,0.014689686424341172,0.8504705429365317
314,0.12014907699925141,0.06234824993782498,0.0008833902747206839,0.010239862123661328,0.8063794206645417
315,0.23937631365383305,0.31164901695379355,0.001995800723268995,0.04085434333918316,0.40612452532992116
316,0.044134821269217264,0.033398988780191,0.00039301588911330417,0.0351964944232387,0.8868766796382398
317,0.13321624742198848,0.3875179694003468,0.004173139296252687,0.03509671938946728,0.4399959244919449
318,0.4625265821561579,0.24992581503987868,0.002547134341911113,0.12302971435925904,0.1619707541027933
319,0.12951572859835073,0.2114515551788712,0.009427000897105454,0.0511067586454936,0.598498956680179
320,0.1554591254594509,0.7265305505651718,0.009649229610730465,0.05202749544919623,0.05633359891545066
321,0.031960759971212796,0.07693500439382678,0.007326766131712992,0.019188018295470472,0.8645894512077771
322,0.14463968774752273,0.5830045621876608,0.005121924786551398,0.22804352845503542,0.03919029682322961
323,0.09856404023496355,0.44844473841831645,0.026426085554048802,0.012555951095332977,0.4140091846973383
324,0.011211736382467308,0.02583663583650518,0.002164561812745579,0.0021735649264782494,0.9586135010418037
325,0.28369502641474953,0.23107510761868386,0.005275076380944447,0.07004656320146892,0.4099082263841531
326,0.03951083864234507,0.07480450847607523,0.0010098845782636513,0.006920994338314178,0.8777537739650019
327,0.13746323130141813,0.07948947073662313,0.0004925752230710626,0.015955569967740557,0.7665991527711471
328,0.16562886568416002,0.7133192187359225,0.008425912222209453,0.011233362882263733,0.10139264047544419
329,0.13149081408197413,0.1750819232830237,0.002842310064921261,0.029340890689883204,0.6612440618801977
330,0.1599579141530034,0.7937988856409058,0.005236405582456915,0.011268939687707676,0.029737854935926282
331,0.1580101254331085,0.5981867469286227,0.040429079762688,0.0160471463337055,0.1873269015418752
332,0.054023612292030364,0.22707405957280355,0.005458664946382266,0.007290521950032624,0.7061531412387512
333,0.005960011235554013,0.008249419937929728,0.0003748798842519699,0.001765144341389288,0.9836505446008751
334,0.22312918607489116,0.3685145809147724,0.00223582025085008,0.022122863440552108,0.38399754931893426
335,0.46357829157105224,0.26755996979028795,0.0024074002932755324,0.010942706051605439,0.2555116322937789
336,0.10093705224118002,0.6893581146460239,0.05422756613455121,0.0021540796170242474,0.15332318736122058
337,0.06962137609040121,0.05868262834282857,0.012013846194167769,0.004627800874640277,0.8550543484979621
338,0.022572952124084517,0.016599952258266642,0.006948590178276184,0.003109235525637104,0.9507692699137356
339,0.22915558422393198,0.4447129387175948,0.026926852659443265,0.061522925411777,0.23768169898725297
340,0.06498069046207845,0.1264476303137511,0.007247010223526788,0.017704339645191462,0.7836203293554522
341,0.017571912514246682,0.01871522186820553,0.037071578236692125,0.005389391033617646,0.921251896347238
342,0.006209126600507836,0.007502864803439477,0.0021311034012634297,0.0009459095681664951,0.9832109956266226
343,0.0032420363406337137,0.0023023228380061453,0.0006901092054123032,0.0003867053357117513,0.993378826280236
344,0.3245141196365572,0.020532544227084375,0.000888667442587555,0.00869743717484308,0.6453672315189278
345,0.2771902678268951,0.19881718186505382,0.008121349025514646,0.04296464117833014,0.4729065601042065
346,0.26067684585615986,0.23026851527511114,0.013250850281058725,0.09871217505540159,0.3970916135322688
347,0.02339080286830577,0.0258972974512146,0.029634688956367748,0.006607494560219272,0.9144697161638925
348,0.005903684914016942,0.0022520807476377647,0.00042867684493413423,0.001411528785680037,0.9900040287077312
349,0.01107514565749328,0.003193118946164499,0.0018316718586920556,0.0011881350234028507,0.9827119285142474
350,0.0025695332743869525,0.0011125905911614437,0.000219933364139597,4.6562137006935317e-05,0.9960513806333051
351,0.0011970953783487475,0.0003224473430546807,0.00022448320485862888,2.793858494188225e-05,0.998228035488796
352,0.0010412157909461032,0.0006525204833657922,0.00016715978558806943,9.620878603599187e-05,0.998042895154064
353,0.0014667968087083197,0.0004771591848963361,0.0008860395626758199,0.0001917618570489304,0.9969782425866706
354,0.00690689531613908,0.0013175767974404832,0.000732740605672329,0.0002010768054300786,0.9908417104753181
355,0.0012965929548378829,0.001206616761526186,8.768914886409674e-05,0.0003029771322235942,0.9971061240025482
356,0.006723189065083419,0.002543925232826781,0.0011465857075418828,0.0009654695451258657,0.9886208304494221
357,0.004028189552978829,0.002008407280361124,0.0003867613118433489,0.0005821514832395184,0.992994490371577
358,0.004924201136894725,0.002483555113477627,0.0005293896433393704,0.0019342608428050982,0.9901285932634832
359,0.002060787510434547,0.0010742019621667392,0.0003387856242870055,0.0008538590905947128,0.9956723658125171
360,0.006297826140949934,0.008184379287570119,0.0033102573497160027,0.0033730760885915837,0.9788344611331724
361,0.004968746490643515,0.0012116285918635596,0.00026134608477673416,0.005182812904240111,0.988375465928476
362,0.001406708951473038,0.00045149425375143684,0.0004212513570448227,0.0011874726660904371,0.9965330727716402
363,0.001809752320768863,0.001093229417621693,0.000932912537832371,0.0026499141459776334,0.9935141915777994
364,0.003066713201640445,0.0017954734408894772,0.0020958157767988475,0.0037991143420180278,0.9892428832386532
365,0.0019072880961700648,0.0004603367858090715,7.308128486554318e-05,0.001387496990381801,0.9961717968427736
366,0.0009345615026698253,0.00031914372078917035,0.00016726338685766235,0.0014766547815195214,0.9971023766081638
367,0.001816309336254211,0.0005628850138448355,0.00011329193416674827,0.00128529638043839,0.9962222173352957
368,0.0011221646459202322,0.00036264006429781844,0.00012838497270722086,0.0007645112166297775,0.997622299100445
369,0.001627063695449535,0.0007255219043464388,0.00015871182868571718,0.0019497706330420105,0.9955389319384763
370,0.008244730539425291,0.010694200360006302,0.001561673039862214,0.005585118837432258,0.9739142772232738
371,0.0027637067185405915,0.0018144107886440741,0.00011579802010023396,0.0019441567079790045,0.9933619277647362
372,0.004349166514961222,0.004555516274565077,0.00044426546379325294,0.002381179773227788,0.9882698719734527
