epoch,N1,N2,N3,R,W
0,0.007300177653518251,0.00045233775770892146,0.0003353434996161108,0.00035885948288796985,0.9915532816062687
1,0.015891295412532216,0.0010534141702860697,2.1104899196334332e-05,0.0014787961818936617,0.9815553893360918
2,0.1598385815775448,0.019109871938300105,8.068383524328167e-05,0.0027217159875734974,0.8182491466613383
3,0.0873064117601058,0.0274104615398674,0.0001202121188197971,0.0020438680659632925,0.8831190465152436
4,0.1761347015320172,0.043718356645998276,3.888878535414083e-05,0.0016804181543539594,0.7784276348822765
5,0.024303851221407508,0.047226861058645056,0.0007945870337113702,0.0002732248571361,0.9274014758290999
6,0.04248026883843236,0.041027966863416254,2.3225690436971327e-05,0.0015175900585608255,0.9149509485491537
7,0.02347731807559269,0.07626968532460099,0.0016249449296385139,0.0005636732047723304,0.8980643784653956
8,0.015896068776432192,0.24492615920818522,0.005404136642572948,0.0009792684477893214,0.7327943669250203
9,0.06302262912457766,0.38742566521946353,0.0023520977241351234,0.004166767590773861,0.5430328403410498
10,0.028028039551104913,0.5213370610578687,0.009519990557583928,0.00306736310240385,0.4380475457310385
11,0.033888729931108405,0.41356520228806004,0.0018790333590239011,0.0022767692429506124,0.5483902651788571
12,0.028035732959789922,0.6840851867711923,0.048344032346803595,0.0012921354721327604,0.23824291245008136
13,0.06574492609907918,0.32606547610114806,0.0016181656485063744,0.0035221783359465544,0.6030492538153199
14,0.026981612524906377,0.6339307266577966,0.025066717716190835,0.0012023982380270927,0.31281854486307914
15,0.013778355654232714,0.7787859846382634,0.039792379662358004,0.0025177587239912317,0.16512552132115457
16,0.10104678817763921,0.6272242872761391,0.004724967920253911,0.008350123529561203,0.25865383309640655
17,0.03962265590900639,0.23351046955022028,0.00046947491928342916,0.004577568928945528,0.7218198306925443
18,0.15280310546828707,0.5849069789274334,0.0075110632969328855,0.006477378434414258,0.2483014738729323
19,0.01242764633788913,0.8984843355109808,0.027280276152048116,0.0007228718527527452,0.061084870146329275
20,0.0248941989394093,0.8104807019401652,0.037301590889075295,0.0013903985592751023,0.12593310967207524
21,0.015818598177000112,0.8749708135638974,0.07517741426266139,0.0009010746732136789,0.03313209932322744
22,0.04006194391333244,0.8519840020037771,0.021130898517004743,0.0013020970532117082,0.0855210585126739
23,0.012999380503751866,0.913642563129463,0.046934920173578615,0.000231001129294501,0.02619213506391196
24,0.024710795131749667,0.9267827262170866,0.020003499161747262,0.0005192309254519085,0.02798374856396437
25,0.08144503816031579,0.8709514259004619,0.02743751855271026,0.00021938896423201495,0.019946628422280146
26,0.03375846696670812,0.8545204727868938,0.086774335610782,0.0002966220026426082,0.024650102632973396
27,0.026844890682757507,0.8491194604378026,0.09844339402897943,0.0005944634209264299,0.02499779142953409
28,0.022756038810480078,0.6616992889272975,0.29598262829433597,0.000618032201571247,0.018944011766315428
29,0.02761697376470451,0.7337450663407193,0.22688183003527695,0.0004561357309184214,0.011299994128380769
30,0.027477325942427418,0.8656275403729108,0.09332917367018308,0.0005021387323407727,0.013063821282138018
31,0.00967813755771076,0.7859423143895403,0.1968301401045889,0.0008804304379153744,0.006668977510244648
32,0.019994058411428865,0.6386724994034537,0.334017371257442,0.0009093581221023513,0.00640671280557297
33,0.026624200700867424,0.702094551508781,0.2613255893715238,0.0024940872872118796,0.007461571131615873
34,0.018312306900520263,0.4789745323414505,0.49340445470543504,0.00134948772164868,0.007959218330945669
35,0.009070250014591382,0.3602587285974658,0.6275839357130084,0.00039666844640805357,0.0026904172285264426
36,0.006498987063429042,0.35229923262698,0.635382721913512,0.0003457535163147803,0.005473304879764368
37,0.007853609666075642,0.38212918009238256,0.6059145351834325,0.0006452209554499013,0.003457454102659444
38,0.009655378128800332,0.34757484953602374,0.6404169321760317,0.0005725308847903411,0.001780309274354125
39,0.004907831274981955,0.23817242874609565,0.7542268268833959,0.0004461664738738065,0.00224674662165264
40,0.0034666009829879742,0.3294227738235565,0.6637822337427564,0.0008303630647049777,0.0024980283859941674
41,0.007106979455841418,0.36930416649228226,0.620781488014403,0.0006369838609073347,0.002170382176566087
42,0.0009918075149866602,0.049421827494936656,0.9482923428425976,0.00026835250472431136,0.0010256696427549052
43,0.0015553770374718457,0.08903805254465731,0.9077679415902986,0.0002626487037658416,0.0013759801238064327
44,0.0020070679212802842,0.11567334754537904,0.8748715939381488,0.0025977656969853056,0.004850224898206435
45,0.0018486124517105864,0.13165535031751757,0.8582982881946354,0.0013216993498493092,0.006876049686287215
46,0.0012253305013029954,0.09803274501475526,0.898212915912703,0.00032747371534902405,0.0022015348558896432
47,0.010270097581250914,0.20380250935234245,0.773056094991471,0.002302518746411147,0.010568779328524439
48,0.00421511755108867,0.3844999264223366,0.6084495327038324,0.0009780589903410973,0.0018573643324010217
49,0.007115479896548763,0.4027795941284512,0.5871184594217572,0.000623362585009015,0.002363103968233861
50,0.008413805050930414,0.496709252143422,0.4917413384472078,0.00056889853906226,0.0025667058193775557
51,0.025538144563912187,0.5715639234053627,0.3967541554539485,0.002318692231267326,0.0038250843455092517
52,0.01787929623787771,0.6329372900624569,0.33813163715688904,0.006132544288652196,0.004919232254124173
53,0.008002497296121526,0.4805235657294908,0.5069816211184661,0.001215931371042152,0.0032763844848793145
54,0.022705683076224205,0.5348264685288348,0.4380275211637879,0.0011782122053242516,0.0032621150258287917
55,0.00815365557142383,0.43124484326573603,0.554753128308873,0.001041724599532954,0.00480664825443415
56,0.006114375470700171,0.42766361261359315,0.5643390992844866,0.0006456833141295563,0.001237229317090634
57,0.004746898086730214,0.3593904929830718,0.6326486686597448,0.0005590583065633107,0.002654881963890106
58,0.004086325292576471,0.2990972834461922,0.694505645553796,0.0004992583664314512,0.0018114873410038572
59,0.01065213130728759,0.3571220603317875,0.6270099866488318,0.0006802659318765429,0.004535555780216461
60,0.003862326242572555,0.4542157710832093,0.5397787886456308,0.00035747346035838734,0.001785640568228955
61,0.006422826202117079,0.3825443690995074,0.6080250685425201,0.0005460501413552322,0.0024616860145000806
62,0.0034006665709870746,0.368601988226563,0.6250574152712126,0.000577121007061799,0.0023628089241755847
63,0.003277136546195831,0.19291866321538198,0.7972719841046476,0.0009518243579007279,0.005580391775874056
64,0.006694823180389445,0.4004996949617323,0.5899986843930872,0.0006285955587032953,0.002178201906087638
65,0.0061282363138162625,0.35511379991042186,0.6329894445946292,0.0007329113301515366,0.005035607850981105
66,0.00488284055742463,0.2547099425428314,0.7231552240038476,0.001814413631515399,0.01543757926438102
67,0.026960993773372213,0.37500326349599183,0.5493618253282738,0.00289579830212022,0.04577811910024189
68,0.004936260419553109,0.32460864436684284,0.6630878530282106,0.00029617155783065864,0.007071070627562931
69,0.009355991707202553,0.4751694062248712,0.5048537806435003,0.0005621533714476897,0.010058668052978326
70,0.015585903340478265,0.5945117758368611,0.380372109700949,0.0007885928002867793,0.008741618321424801
71,0.010897945601728635,0.5439375319493488,0.43039457530727565,0.0010905335034594394,0.013679413638187397
72,0.032853130388684905,0.6714206692659467,0.2584971640223215,0.003228609326300862,0.03400042699674601
73,0.013372928399965602,0.5693401334085141,0.40940447250728496,0.001064947929201862,0.00681751775503336
74,0.05731904242850116,0.4027244304808727,0.5206633678401638,0.007761118395946386,0.011532040854516036
75,0.09467857871505649,0.5248347422006071,0.33141719899938554,0.007850467131903252,0.041219012953047675
76,0.06067665213430104,0.5904515772018747,0.1907513653422329,0.011894602784581782,0.14622580253700956
77,0.05323703200404046,0.6478597575907994,0.264283306160119,0.007148928978198106,0.027470975266843035
78,0.026458822005669357,0.7613128749654026,0.192581126050463,0.0025464448647785354,0.01710073211368647
79,0.05440251029158908,0.7797057974613093,0.12713020496937605,0.0029425029439166792,0.03581898433380884
80,0.04451661607792734,0.8610718941851422,0.07880626606922697,0.0018660890327114217,0.013739134634992033
81,0.04287217469849535,0.8261999644933,0.052155058093554085,0.0018631078355536318,0.07690969487909688
82,0.08702702931796685,0.7286663903981148,0.019520156295415116,0.0036618767291314814,0.1611245472593718
83,0.11922993501866135,0.8286190531924639,0.017251363420646593,0.014768362957458146,0.02013128541077006
84,0.07054245346291697,0.8185204273586939,0.0747502270391982,0.0017219797418347466,0.03446491239735619
85,0.05577422872050838,0.8787394917834943,0.03252382925888289,0.004558859285872464,0.028403590951241713
86,0.055940576432199754,0.8764369605007952,0.03963505886624639,0.009315867639125884,0.018671536561632767
87,0.032484376823498945,0.9019572050601393,0.04783817426852356,0.003124578505191732,0.014595665342646435
88,0.08143128670884411,0.7425920668029277,0.031349308616378545,0.010919159800558435,0.1337081780712913
89,0.15119547246988696,0.6304081620743431,0.022571693830231873,0.013303874336488985,0.18252079728904913
90,0.11010933526598334,0.787653227926939,0.06870660263514636,0.0017987582068782041,0.03173207596505313
91,0.05336775262989401,0.8661221747667042,0.029639519970947516,0.004125171235555742,0.04674538139689846
92,0.03375722693127669,0.9355566831898662,0.013348880483974413,0.002309659641388803,0.01502754975349377
93,0.024040917068082923,0.8901616130573763,0.05139106019717818,0.0012660693327742976,0.03314034034458823
94,0.019661631797538166,0.9131724019542014,0.058079961485293756,0.000663126695956467,0.008422878067010017
95,0.1257574594054651,0.4469839135423597,0.017975999407818785,0.004973076947531059,0.4043095506968251
96,0.03440747405061524,0.9296189735773643,0.008507374705795686,0.002312721666354145,0.025153455999870688
97,0.04905581984508949,0.8586527890198677,0.056951982739440715,0.0016426823985117962,0.033696725997090234
98,0.09738277068319652,0.7706085508428416,0.017388578567733588,0.0025882106895328385,0.11203188921669546
99,0.13007909787954858,0.8161325689345085,0.02283926031268149,0.0012312989680025297,0.0297177739052591
100,0.05169944287669618,0.8538870439104959,0.04002365924574228,0.0032677494127586076,0.05112210455430718
101,0.08141911662596038,0.7040596241567084,0.027803749273910876,0.0036368531689638106,0.18308065677445645
102,0.0213194026727715,0.9105578999134893,0.055797781278178,0.0009677017415614018,0.011357214393999967
103,0.09272526237151478,0.1719975600299399,0.0021254059217653437,0.0077072748992807584,0.7254444967774992
104,0.11097971044916202,0.7839509865904415,0.01099599147636397,0.005302997581769958,0.08877031390226267
105,0.06236881168934751,0.8603007374123296,0.03853492325661613,0.00213363085536903,0.036661896786337744
106,0.04353261050697397,0.857819679865497,0.0432958516728367,0.0029641681478746,0.05238768980681757
107,0.0455381162621141,0.731260777481191,0.01954001557038987,0.00493895550164503,0.19872213518466
108,0.09695670540708566,0.8277268898350982,0.004453578851006772,0.027205584269904465,0.043657241636904806
109,0.06370051618569865,0.8602948902201552,0.03376263024611983,0.006335425527009937,0.03590653782101643
110,0.04839745696901434,0.8623835465744651,0.05825519485894059,0.006519701970520575,0.02444409962705952
111,0.09348508568658068,0.5928427222108821,0.04210875229663127,0.009875528312628666,0.26168791149327736
112,0.03743574581000872,0.909407244969607,0.03098768516890053,0.005358807720071295,0.01681051633141271
113,0.06546806415436537,0.7613465783875419,0.07993337600076103,0.00490763115502166,0.08834435030231018
114,0.044624292794988,0.9188133567288391,0.00585541109937328,0.007943603166128167,0.022763336210671507
115,0.07828963642870343,0.6681959293973329,0.018403227281255992,0.008778262826819004,0.22633294406588883
116,0.193092678850456,0.708792126742848,0.002615163882331127,0.03152283984970426,0.06397719067466073
117,0.053895764632326384,0.8649831469595334,0.03520751584858822,0.007093536598588748,0.038820035960963256
118,0.05037814381547461,0.8571385226620626,0.056786616952327326,0.0030905810362662654,0.032606135533869235
119,0.020057721815086842,0.9253992829691498,0.03663537787089046,0.005078409460096762,0.012829207884776076
120,0.08117353007551426,0.74078432201155,0.017187818981240333,0.006959064045786471,0.15389526488590896
121,0.03636511837674113,0.9008126244423188,0.03151863034614375,0.006110388651634817,0.025193238183161635
122,0.0405670120456662,0.8782348804321934,0.04397473834961518,0.0023704177316898603,0.03485295144083524
123,0.05432731720237249,0.8311870967059051,0.04530770649769559,0.0026971847896338328,0.06648069480439316
124,0.05787229365207719,0.8662081373728193,0.04490399525467064,0.004078473626582152,0.02693710009385073
125,0.031353292489742626,0.898097554790699,0.044845305033384276,0.004518312848510253,0.02118553483766398
126,0.03350020541758388,0.8685275721771272,0.07413060797428069,0.00269942264255544,0.02114219178845272
127,0.10720098209203247,0.5723409870280358,0.004009651895728418,0.02560748615473282,0.2908408928294705
128,0.04834048601309273,0.8543558144411956,0.021971158722676062,0.007747850117485386,0.06758469070555032
129,0.14525921756011265,0.6261554173612995,0.014409894539088237,0.07080011042933401,0.1433753601101656
130,0.05442427893537546,0.7996362133691317,0.08075262177942032,0.018579978370542007,0.04660690754553047
131,0.1387401334488597,0.573852540254536,0.03356482922730101,0.0367490897066675,0.2170934073626357
132,0.09851457975121031,0.021632513428094174,0.0013281064092914797,0.049768776917651365,0.8287560234937528
133,0.14288771736115846,0.306635973964418,0.0321977760856359,0.07643868656424088,0.44183984602454685
134,0.13046940387049888,0.4931498988357083,0.02423428525608546,0.22351723646056115,0.12862917557714615
135,0.26443622178231135,0.05124532220330545,0.0003892913001308025,0.5324939429232542,0.1514352217909982
136,0.10235894670357419,0.14519921939008212,0.0006636022297105281,0.6087289676267802,0.14304926404985302
137,0.07427402388842605,0.04775714667777328,0.00012609880162171107,0.797777549297442,0.08006518133473704
138,0.1925191096309289,0.06664065837561382,0.0002005357486417119,0.5566597203107405,0.18397997593407509
139,0.15349676239803284,0.14919378410222528,0.0004027691595393261,0.6493965812633647,0.04751010307683788
140,0.1942312710562814,0.09336475318959177,0.0017068710597685477,0.19044069476960546,0.5202564099247529
141,0.18646053292705278,0.05316044719240112,0.0001752704105354262,0.6859116234226716,0.07429212604733901
142,0.1410719591067079,0.03417559989111926,8.886268371592152e-05,0.4660774067677453,0.35858617155071176
143,0.3071199986801735,0.16605069664598332,0.0003226582362437729,0.4733139210009538,0.05319272543664556
144,0.422600361272678,0.1715089249900462,0.0003238741369386821,0.3718809240540717,0.03368591554626531
145,0.24208752209311865,0.1966536659521133,0.000613642265073758,0.5053053078969076,0.05533986179278667
146,0.1655343095292143,0.2351426814409386,0.0007940414361833514,0.54254278867743,0.055986178916233705
147,0.2043456419729127,0.11072675777603637,0.0007083796007119479,0.5768408631542088,0.10737835749613021
148,0.19838451556440395,0.117903819390951,0.0004938623281806545,0.5744741446047189,0.10874365811174543
149,0.23545488429251007,0.1905706828147689,0.0005363940742682576,0.45374492382083387,0.119693114997619
150,0.11727040065227838,0.06928191228179653,7.566731796168952e-05,0.7344649468244979,0.07890707292346552
151,0.2404309175429797,0.049080924604831745,0.00014731684654371635,0.6487456315450456,0.0615952094605993
152,0.28899571131381874,0.08101962150126694,0.0002479396518942108,0.5815631349131489,0.04817359261987114
153,0.3628146379433476,0.08343046008985372,0.0002056697299532786,0.49934857077002054,0.05420066146682493
154,0.27059130893612154,0.08717168331555765,0.00034165712421847,0.48379261816467317,0.15810273245942913
155,0.34368370199707576,0.09771489203782335,0.00014295263082730173,0.41714730258991967,0.14131115074435383
156,0.27356179396927605,0.13868495777897438,0.00013106008301591498,0.4871363810123647,0.10048580715636893
157,0.19203064885747245,0.45570671988936706,0.0013346161573572727,0.14143133198104008,0.20949668311476313
158,0.08788111359098413,0.7289416350336396,0.0020480695096110825,0.08900010131143796,0.09212908055432732
159,0.0553360809740695,0.6793544465392254,0.025305950014022343,0.028378054628433912,0.211625467844249
160,0.06585436268607267,0.5123993363452162,0.0029853662571833286,0.04524822680218885,0.373512707909339
161,0.05942071651695321,0.7561859219114712,0.005690329884672451,0.03641178313162204,0.14229124855528122
162,0.07260978993947127,0.705696030004284,0.013783763328156465,0.04293663093650169,0.16497378579158659
163,0.17149295082180874,0.665870451923861,0.0030603042268182606,0.053336857249344574,0.10623943577816745
164,0.02334715267301234,0.8649476914181962,0.054716921191906576,0.00645517900903305,0.050533055707851715
165,0.0262678446100722,0.9191260697564193,0.012350532707055028,0.00721661682565496,0.035038936100798716
166,0.07842649372045847,0.8151367957826569,0.01722353276725075,0.008377952768505332,0.08083522496112862
167,0.009382576033286964,0.9673336720749716,0.018790552230610977,0.0013367003906012095,0.003156499270529133
168,0.012370578393961757,0.9518527253373462,0.02997209215848413,0.0008124965800688644,0.004992107530139122
169,0.013233209987266943,0.9506416021339856,0.022038912550953218,0.0017389350021803109,0.012347340325613744
170,0.014037369888765595,0.9368461335468049,0.042184068247110094,0.0015813780125339303,0.0053510503047855635
171,0.02661203235173447,0.8690914477229407,0.0638724654316395,0.0026053616160558956,0.03781869287762936
172,0.0202140835261375,0.9462268159630004,0.02103467538193239,0.0013495927836067495,0.011174832345322967
173,0.03510706986465727,0.9162870190724602,0.03344748056580816,0.003391437007035351,0.011766993490039067
174,0.08450721968133702,0.737460186872624,0.056018572360606866,0.006433059258923366,0.11558096182650864
175,0.04799964652232451,0.6768449096987301,0.1347302275954241,0.0017085742448928831,0.1387166419386284
176,0.036055618964441684,0.8923472184241895,0.026608465484143227,0.006679264460164709,0.03830943266706084
177,0.11931777320955003,0.5041394503686343,0.006667120137133545,0.008338085564524096,0.361537570720158
178,0.023861676511864407,0.9406933827821393,0.02893277965998714,0.0009111219510544987,0.005601039094954479
179,0.03185845264284344,0.9223026134526751,0.020227751073621993,0.0047217829676292865,0.020889399863230105
180,0.09370856001831118,0.8099710578016471,0.02886907737425811,0.012217732549376652,0.05523357225640678
181,0.06529513572060663,0.8625429799256952,0.025515068252574588,0.020996738119784114,0.02565007798133954
182,0.01709436023315298,0.9336274586318641,0.038600993413788295,0.0035621807559692814,0.007115006965225452
183,0.029478166689374263,0.9018423693543143,0.04659242204208121,0.008739081510478716,0.01334796040375144
184,0.030164264594755723,0.8698073111003058,0.037338625252642046,0.009025335433878765,0.053664463618417556
185,0.2025154127442153,0.5581401394119102,0.012656620794053552,0.022927527110846873,0.203760299938974
186,0.036072908872493495,0.9080018463013002,0.046061802751179375,0.004179489923515812,0.005683952151511305
187,0.04711758410670823,0.8140151842470785,0.05378502117506728,0.003770130114371211,0.08131208035677472
188,0.10783216905278628,0.8012800155768178,0.028108561618270654,0.008769661306987695,0.054009592445137644
189,0.010676034298514268,0.9524013106908233,0.027437749083278434,0.0025918388625331885,0.0068930670648506736
190,0.035385937808179606,0.9251836121770514,0.029733990465664013,0.0014256486806540234,0.008270810868450827
191,0.013431080847572035,0.9430882529346772,0.030463019641337415,0.004705863621432551,0.008311782954980952
192,0.04794026017170366,0.8830383673565442,0.0462097945874182,0.005128256388533171,0.017683321495800593
193,0.025267477033368346,0.8773497567031809,0.08920182895328982,0.002984521961828949,0.005196415348332185
194,0.0741420984866203,0.8351477485506525,0.029799101054020335,0.010485814694213133,0.050425237214493566
195,0.04490698010105671,0.8506206205137288,0.08178909287410192,0.006252752962892721,0.01643055354821978
196,0.027243337595263047,0.9033410079765504,0.061232079461199324,0.0011765281433363868,0.0070070468236510496
197,0.06270600398475973,0.8545079107453671,0.06552995506776937,0.0036085065213555876,0.013647623680748077
198,0.014326232074668106,0.9055146171030037,0.07381202578112031,0.001673460928356979,0.0046736641128508
199,0.01993733592483014,0.907111069334651,0.06869775657092705,0.001794889425662927,0.00245894874392873
200,0.0037283641475068354,0.8492270123269475,0.14149659935813483,0.0024295879777742877,0.003118436189636445
201,0.00802333254555355,0.8802817593646732,0.10292736392206767,0.0057648724758336935,0.003002671691871961
202,0.0019101097404701734,0.6237178563913764,0.3693112872158903,0.002594589083194629,0.002466157569068519
203,0.01077758955595184,0.733338897979686,0.23791634124527938,0.016612820529843395,0.0013543506892394024
204,0.00912352344555227,0.6950856723804346,0.27564059374046407,0.017007441514411928,0.003142768919137097
205,0.007471605137708714,0.6161773261285087,0.37069026126890264,0.004091303745799821,0.001569503719080033
206,0.003954698645265862,0.5626360713949357,0.4261451688086551,0.005808234111119865,0.0014558270400235305
207,0.0066234344288740015,0.3620257565609652,0.6138789430172601,0.015662549896423107,0.0018093160964776326
208,0.021749221033040424,0.45721636046504605,0.5126015195354674,0.006308127623917981,0.002124771342528246
209,0.01571938379330545,0.32568046196102396,0.6322582237733627,0.02142514525795956,0.004916785214348253
210,0.019618666468995606,0.4179363905330934,0.5404597379302881,0.017270325085870356,0.004714879981752517
211,0.021801026439707074,0.4212176592650768,0.5088628890025325,0.03311348013762084,0.015004945155062762
212,0.007854843069922037,0.15719364229826235,0.8139070721902969,0.014873504804927098,0.006170937636591689
213,0.009562140740638202,0.2445893930138012,0.7345937260582271,0.006544719166142985,0.0047100210211906334
214,0.006025414565493955,0.16320758990599596,0.8208581619637187,0.006408130348627581,0.0035007032161637336
215,0.002680061223226186,0.12043194112663588,0.8711870155585936,0.004586846429422015,0.0011141356621224771
216,0.008663882966781772,0.20538439742917503,0.7704303063784524,0.010976019656039561,0.0045453935695511
217,0.012449968547872163,0.27121654441584453,0.6854259323211004,0.016173099429457626,0.014734455285725373
218,0.0061023057302701245,0.16732092157439404,0.8131499946966931,0.009858941926539095,0.003567836072103632
219,0.0009553584303268902,0.03453225161131948,0.9616924348940074,0.0015129654408005352,0.0013069896235456669
220,0.0038540729552577293,0.09346339420175329,0.8947359512512867,0.005281327808409321,0.0026652537832929316
221,0.013341626494068998,0.35738230493995227,0.6010583318729393,0.021860026560931473,0.006357710132107932
222,0.006543195153215046,0.15349780405531224,0.8230855385847429,0.010244788318596994,0.006628673888132875
223,0.001686460812785518,0.12085020710340912,0.87293228250909,0.002516955957165923,0.0020140936175493686
224,0.007305990787127397,0.10517930234461584,0.8657496973980067,0.015627163682100303,0.006137845788149696
225,0.0022092406049231037,0.09981780725336181,0.8925254669001164,0.004435985834076877,0.0010114994075217858
226,0.021859978067676793,0.3919300951474676,0.5459159452225881,0.02994575506104821,0.010348226501219115
227,0.00552681478848559,0.19470606621281444,0.7862233999182092,0.009880580292360299,0.0036631387881305745
228,0.009500927052085644,0.3191290747543674,0.6610659457645784,0.00591986092243566,0.004384191506532875
229,0.00481110505837563,0.3379535904059951,0.6504688536522321,0.003299318008392633,0.003467132875004635
230,0.056721778297717615,0.6915764455580334,0.2344542217299145,0.013337722433159222,0.003909831981175191
231,0.027254168468534033,0.6573662923031153,0.30068176108396205,0.009515485847516566,0.0051822922968721395
232,0.03106863690318533,0.5170081500700312,0.4113725843335479,0.02510688644832252,0.01544374224491285
233,0.022238829132886093,0.42464569555789733,0.5204670734534115,0.020264161424317317,0.012384240431487642
234,0.041462513473981714,0.4256081399900651,0.4602308488420768,0.04701678836139318,0.02568170933248332
235,0.009923980276504077,0.13128673873036692,0.8433228059319139,0.008277156716839464,0.007189318344375565
236,0.0031631576151850923,0.06882687234531434,0.9195593502960566,0.004398111209274712,0.004052508534169076
237,0.025469513491428588,0.28359461301082295,0.6614170075986521,0.014236506432914204,0.015282359466182173
238,0.0031323034980996734,0.08624651561100675,0.907774531210071,0.0014321588808040013,0.0014144908000184924
239,0.03581446978476539,0.37716982935741705,0.5432284446065225,0.03114165997096873,0.012645596280326413
240,0.018233707645596446,0.2522910146736378,0.7067863862779246,0.01288497972071888,0.009803911682122298
241,0.013235260469132324,0.13882338369602948,0.8322386755408663,0.008109864109030493,0.007592816184941615
242,0.023998106153114946,0.3443055045220305,0.5988667002018018,0.019803160570741545,0.013026528552311173
243,0.033639326217348886,0.3459334728412634,0.573572617879792,0.027986197262150847,0.01886838579944486
244,0.021155693817630102,0.3065123264250055,0.6373993832508418,0.022154927748824067,0.01277766875769874
245,0.02037299996788451,0.24583373000703176,0.6920469274357766,0.016947100480103783,0.024799242109203427
246,0.014113667912684666,0.16482965684429288,0.7936223090110661,0.012106416114197232,0.015327950117758988
247,0.011907457232011975,0.28740278144939946,0.6250992092241536,0.04470200376684055,0.030888548327594346
248,0.07413511145504448,0.5644232513106708,0.33256218198653104,0.011304647185159226,0.01757480806259423
249,0.09207926091372336,0.6022518986001698,0.258811163303474,0.026837903086508224,0.02001977409612466
250,0.048242172557058136,0.41915309716842797,0.49093957653229026,0.016671738917410736,0.024993414824813043
251,0.12645388014175338,0.5715118265714138,0.255035651937072,0.021333724093282547,0.02566491725647821
252,0.016650554330255325,0.16372538872673084,0.793529209578046,0.005645934401688604,0.020448912963279307
253,0.07391623320152818,0.4300085211996068,0.47496491839730187,0.005949532132196676,0.015160795069366432
254,0.08620231755293863,0.5701779740382023,0.23387012360723805,0.01873424882578837,0.09101533597583264
255,0.017053291161307774,0.1558251096314674,0.7813243484637253,0.00838968324081562,0.03740756750268364
256,0.05425117431149603,0.4392946391903059,0.4561983898653196,0.025318409412136093,0.024937387220742423
257,0.013918450833426233,0.10305361954047623,0.875491576769364,0.0033392818920202857,0.004197070964713139
258,0.015777828794758423,0.08388216041550439,0.8819626636756208,0.003624598102413615,0.014752749011702536
259,0.02436830558752785,0.1303743696780328,0.8062477630366821,0.006703341871677216,0.03230621982607988
260,0.02249535800319287,0.08915535448828417,0.8655069076379156,0.004534257769643295,0.018308122100964136
261,0.06779979052616922,0.10349959481447825,0.7801093089547549,0.006386554329919569,0.04220475137467809
262,0.17753298326360445,0.26492514845770454,0.45842002496502415,0.022505191165021896,0.07661665214864481
263,0.03373509083198221,0.0685838883187151,0.8652592103172125,0.005075136488827105,0.027346674043262954
264,0.035013579816884875,0.08920645541477826,0.8221910871346867,0.0062229316600844005,0.04736594597356582
265,0.004973902175866738,0.04239819099472591,0.9470983343641171,0.0010151901308605225,0.004514382334429753
266,0.04342757562626386,0.1933735893309748,0.7282733739260233,0.006280336824094091,0.028645124292643934
267,0.026364185903559517,0.20292528617691144,0.7503337895230942,0.0041623480211549066,0.016214390375280028
268,0.03356704762203531,0.13020868158595558,0.795290636055799,0.003664121983111228,0.03726951275309893
269,0.016407509712074664,0.10798841046453768,0.8585287457175406,0.0026622237911883588,0.014413110314658882
270,0.020278130796394393,0.13600082222530727,0.805770175442547,0.00507180236519592,0.03287906917055538
271,0.03407420990711759,0.18316168781274494,0.7516674921290866,0.004920321087482691,0.026176289063568402
272,0.02345347573128672,0.10468292777398629,0.8494941149044627,0.0035376431010908788,0.018831838489173396
273,0.004841272012740011,0.04379513010578166,0.9485812331129907,0.0007643832213473595,0.00201798154714026
274,0.027693183373735844,0.15923597884334376,0.7924074903665798,0.003951531721054955,0.016711815695285768
275,0.002425382953643398,0.018191175016893397,0.9759816897092215,0.0008005825278371945,0.002601169792404477
276,0.014096283895689298,0.07126716285181664,0.8905819876370301,0.003217359108301075,0.020837206507162812
277,0.016032774738994744,0.05435399108627309,0.9169729560022157,0.002727795473761752,0.009912482698754626
278,0.015059718910373934,0.045573921251791515,0.925757648823394,0.0016435735045568784,0.011965137509883778
279,0.036832326710415746,0.05031158482626824,0.8830902299036351,0.005188062573772689,0.024577795985908358
280,0.052783791876489586,0.09679502645470134,0.8007049743552662,0.009493658585163838,0.04022254872837907
281,0.09033884682171923,0.134936809404923,0.641844214052803,0.012340208590338332,0.1205399211302165
282,0.009279453715084216,0.031141036667258135,0.9426807708161934,0.0023971772138961225,0.014501561587568065
283,0.013348929050306461,0.04221228648945857,0.9310269464282377,0.0021601956781467373,0.011251642353850625
284,0.10219353018796498,0.158972680465262,0.673301315784929,0.012923409088446329,0.05260906447339763
285,0.12120031785533386,0.17194447422823164,0.5721107406342124,0.01414829687121751,0.12059617041100455
286,0.06812737315378017,0.18258481040635693,0.6511745296934656,0.03849227539670102,0.0596210113496963
287,0.03362190365497123,0.08794177248868208,0.8014930856142618,0.021403655116451897,0.05553958312563304
288,0.020043435362415863,0.11941581297529405,0.8438599363926684,0.005107471721357364,0.011573343548264413
289,0.08731905957857833,0.31303337210516535,0.4634062749559202,0.023820783113739495,0.11242051024659667
290,0.06222206155665255,0.48770984941863965,0.42652053767026366,0.005249762263562873,0.018297789090881384
291,0.04665117425997582,0.22840858961913774,0.6859902584943446,0.010762035817349861,0.028187941809192155
292,0.1471249735590592,0.3068335336620201,0.4860831755245943,0.016500069150052664,0.04345824810427369
293,0.12159693486946195,0.4830789695555735,0.3212567025502419,0.018012470896311628,0.05605492212841086
294,0.09705541685950697,0.43134913023265264,0.43668339093251196,0.005908192068038675,0.02900386990728985
295,0.23113273437296664,0.4420219619601626,0.2555095245448408,0.02281553189278955,0.048520247229240386
296,0.1297182733643342,0.4058723550368308,0.27059835855071634,0.027858898121705073,0.16595211492641374
297,0.11044738862741259,0.5194583141081175,0.2159799147366017,0.036234277657339505,0.11788010487052868
298,0.08305511210669322,0.5299811595536279,0.16224240574657672,0.04335563238692135,0.18136569020618074
299,0.10446544017943081,0.5479829449592059,0.2673304024244851,0.024473478717053267,0.05574773371982507
300,0.025228277684889673,0.27728937759136835,0.6657051600927858,0.014419291206106133,0.017357893424849904
301,0.023102161669788047,0.7508626030876462,0.2152767637430473,0.003497914920823184,0.007260556578695273
302,0.018635290122686922,0.7369374902693069,0.23005557058791196,0.008814940591888676,0.005556708428205625
303,0.11014095288481895,0.7143870672040967,0.09374788355328977,0.02593784584683822,0.05578625051095629
304,0.08426788326851162,0.7854429317244367,0.09276475512998256,0.026334645151739673,0.011189784725329506
305,0.07602450106419309,0.6818829661118438,0.16653423672786336,0.011056621119601236,0.06450167497649849
306,0.28775847149998357,0.6512553873679063,0.012123799488816192,0.022583856949647124,0.026278484693646822
307,0.10976400617833221,0.8249296008920909,0.02950879696918414,0.015014133497071881,0.02078346246332074
308,0.13016059685462908,0.7981279842971668,0.03465052343526076,0.020640728050932363,0.016420167362011216
309,0.04495299759621025,0.8682041396879946,0.055340883017442936,0.02766019880314036,0.003841780895211902
310,0.015070906897385132,0.873622749499596,0.06219623955966883,0.04591793083277452,0.0031921732105754685
311,0.012219997578165283,0.8370598522888697,0.11964937946477998,0.028917925818064297,0.002152844850120416
312,0.025287878094744688,0.8732262060686423,0.06247684582221517,0.03461780628313179,0.004391263731266028
313,0.015986938581476436,0.8111620546973901,0.12083411758876292,0.04787824488969965,0.004138644242670925
314,0.01423517305154251,0.8466003617832586,0.11226636738776671,0.024905881244983986,0.0019922165324482567
315,0.021958155903362697,0.8896311514746348,0.01611621094581572,0.0670191233063686,0.00527535836981823
316,0.009018618648976127,0.9105588657154314,0.06368147935950084,0.014616478045589533,0.002124558230502023
317,0.058012387112416734,0.8056083869901318,0.04505914325274564,0.08715596153452997,0.004164121110175906
318,0.0380632589849847,0.820180397185485,0.02078296407241774,0.11140752219857251,0.00956585755854009
319,0.14996001123563035,0.1877673488650532,0.001834429198590768,0.6121744133584731,0.048263797342252515
320,0.048485107227486425,0.06169362973261842,0.0001663238244005204,0.8731847036992303,0.016470235516264194
321,0.14379857385791664,0.466540743494215,0.0011605259880506085,0.3274511576736558,0.06104899898616217
322,0.15431081818105527,0.42586890066877303,0.008155693458073696,0.37382062861478993,0.03784395907730815
323,0.14821769026788656,0.18921146659629895,0.002050564585560943,0.5750554747681436,0.08546480378211004
324,0.06843528279647175,0.17971443514319463,0.000565250102998139,0.6849572395583508,0.06632779239898481
325,0.04984892565600244,0.25546341386749616,0.0005995694954484003,0.6757924737303149,0.01829561725073812
326,0.11804473252238647,0.09454578999793492,0.002567452366350897,0.647550666312028,0.1372913588012997
327,0.11608360404928203,0.07993044782905316,0.00039604913398588824,0.7729755195997956,0.03061437938788324
328,0.06435452815582604,0.26179124720929975,0.002621221161196121,0.6108452934607882,0.06038771001288986
329,0.10332879543649763,0.06709595689487415,0.0006718572323780019,0.6553105725595683,0.1735928178766819
330,0.11105907190096095,0.11947067031789424,0.0002845129049762463,0.5206666691081898,0.2485190757679788
331,0.14030055526882743,0.031741277119525,0.00011724001600148494,0.7506314563778548,0.07720947121779134
332,0.17601832577850904,0.10058108563282481,0.0002567549743474601,0.6619022674079417,0.061241566206377135
333,0.0665574522388895,0.05287429296006984,0.00012015571307355137,0.8466256250731407,0.03382247401482637
334,0.10620335059041922,0.06816891656108982,0.00029160291146853836,0.675603767259561,0.14973236267746154
335,0.06892260942135675,0.04908980573101876,0.0009199841689997567,0.6877565430384895,0.19331105764013526
336,0.07339510801219332,0.043153502188193554,0.0001472856096931154,0.8520149194450668,0.031289184744853184
337,0.0916780830591548,0.05144134344331325,0.00014375763040557626,0.8363922343237571,0.020344581543369482
338,0.05592750288101461,0.046322890558759454,0.00030417031689321364,0.8186203765530096,0.07882505969032302
339,0.038251329185509254,0.017339633848491624,7.069648696787733e-05,0.8838701580151188,0.060468182463912244
340,0.08289255368448523,0.03810588123486022,0.00012541708945254683,0.8365583565653777,0.0423177914258241
341,0.0848503545108694,0.032808828232910404,0.00048289944036295976,0.8314163637964336,0.050441554019423775
342,0.07084057804744062,0.03690875099488776,6.509446320787414e-05,0.873785576164848,0.018400000329615907
343,0.10873707754000471,0.05040101105287528,0.00013646631679132743,0.8195265174930562,0.021198927597272457
344,0.12149070960170436,0.027549774472278406,0.0001987566134541581,0.564086088228366,0.2866746710841969
345,0.3141643727448016,0.12409773702125065,0.000350806240543184,0.23689802167636584,0.3244890623170388
346,0.1633409470677433,0.429231743827863,0.004865640534496664,0.18235569389483192,0.22020597467506514
347,0.10718860448564303,0.6878017134980361,0.006496084222790651,0.07665945721484274,0.12185414057868742
348,0.027042251835854392,0.8331041713801978,0.018113187361057537,0.05756237134500482,0.06417801807788533
349,0.05226468303536484,0.6160190615363198,0.007972955259057302,0.11417277479975473,0.2095705253695034
350,0.06784618028353802,0.8067748874979698,0.005442190125546821,0.034041830208837075,0.08589491188410843
351,0.009803737990122723,0.9399236838100924,0.019749519769870234,0.010522236226480781,0.02000082220343392
352,0.009691474150294562,0.9307846402096353,0.020832787112096143,0.014479298945188951,0.024211799582784962
353,0.14236387587735616,0.44744702448283835,0.0030232393218531488,0.06624142631445243,0.34092443400349987
354,0.21649358881057432,0.18249161759181085,0.0005413478783223059,0.028463216320352727,0.5720102293989399
355,0.029272734113375717,0.9035303323072841,0.020994997685434565,0.006429179680364362,0.03977275621354132
356,0.0714977649397037,0.770635102995764,0.010871785548611623,0.013654597374820875,0.13334074914109986
357,0.02740642026843458,0.8939907492834528,0.03180890134074167,0.007515959580361439,0.039277969527009494
358,0.013414734157275768,0.9475795948572991,0.009227466622617175,0.007667068893878569,0.022111135468929226
359,0.0075485148544724885,0.9579765236372747,0.009933581786944373,0.0064328713248243356,0.018108508396483976
360,0.009535166671908001,0.9586036654566612,0.007147087226429995,0.00730322833562476,0.01741085230937605
361,0.01825689284231532,0.9324163787676838,0.006775956688562109,0.007315967651105661,0.035234804050333184
362,0.008842788334257057,0.9660320707294262,0.013129534815568826,0.004875649479953472,0.007119956640794397
363,0.01511062623310379,0.961026608598307,0.007814570703294874,0.006686184138761464,0.009362010326532801
364,0.025029064226695083,0.9057540490447312,0.01593703354560306,0.009470109326922667,0.04380974385604801
365,0.013334166206532622,0.9587316687528123,0.005510403261291826,0.004301792788565588,0.01812196899079794
366,0.01601311059927877,0.9482323348378107,0.026617882411144194,0.0029671606075561633,0.0061695115442102644
367,0.04375014479991356,0.9308891455881944,0.011853114791268781,0.006402042954683854,0.007105551865939471
368,0.0937887703815307,0.7786091585615812,0.08722051062717524,0.008392215360459174,0.03198934506925354
369,0.014926486183374917,0.939305377661081,0.02573319301282006,0.0019980870224626055,0.018036856120261513
370,0.00927008904841462,0.9250515303737434,0.06138178719928456,0.001558406553870005,0.002738186824687371
371,0.012376620150833599,0.9297796085155916,0.04898853951337824,0.002190853469071082,0.006664378351125524
372,0.012025079129177468,0.9316527760416885,0.0408493297257214,0.002535183011439644,0.012937632091973067
373,0.01882907348378001,0.8731884251150024,0.08703852528489404,0.010572720033387367,0.010371256082936186
374,0.02650866535545231,0.8184842245032232,0.1451888863417817,0.005016575705154734,0.004801648094387969
375,0.010912952631222574,0.8255188014451097,0.1532193673665229,0.005234498384881272,0.005114380172263716
376,0.031998952270409525,0.8471833452716914,0.09554743458884356,0.014985609414525185,0.010284658454530523
377,0.008448695237753946,0.7270780354711679,0.2562799299977851,0.002714387007235356,0.005478952286057754
378,0.016064025028231958,0.7464234549147715,0.22493264476330918,0.007117668315436202,0.005462206978250955
379,0.04341622931798916,0.8348798340984057,0.08312013076616341,0.024743193719966774,0.01384061209747528
380,0.010288965844538965,0.7467580322276396,0.2272521669713518,0.008231217252904115,0.007469617703565613
