epoch,N1,N2,N3,R,W
0,0.008167629277701151,0.00012414566264772896,0.0,0.00013358014659522782,0.9915746449130559
1,0.0024207596513827517,4.769351635387103e-05,6.150276428333005e-06,6.727762420464074e-06,0.9975186687934147
2,0.01308213864915368,0.00012758316843573253,4.954090107466098e-06,6.521049280750769e-05,0.9867201135994957
3,0.014152731995723323,0.000311226398796295,1.061945596323975e-05,9.900109594218971e-05,0.985426421053575
4,0.0187036051601935,0.0006653749358635337,5.716159373631269e-06,0.00025666083701443034,0.9803686429075549
5,0.01037291094447259,0.00030538230272645457,4.353376847577407e-06,0.00015109066672869807,0.9891662627092247
6,0.023757417000917266,0.00022333610002480127,3.928696040912406e-06,0.00017863989148761455,0.9758366783115295
7,0.1424955425939633,0.0036854463815753067,2.5938951516311003e-05,0.0012865473079806894,0.8525065247649644
8,0.0041165918586717936,0.0003288746141370403,1.0723998196198066e-05,0.00011214849470491441,0.9954316610342899
9,0.27338233037458254,0.008240681766926813,4.0859364721752396e-05,0.0015071793088739871,0.7168289491848948
10,0.010060437773427649,0.0011547588697053827,3.323638131391263e-05,0.00014515821924696457,0.9886064087563062
11,0.3175001319813618,0.008943139282940965,0.00011746575095261337,0.001347947977840251,0.6720913150069043
12,0.49714309948945157,0.02996939525879797,0.000129748733853542,0.0029574037445745647,0.46980035277332227
13,0.1263218299084558,0.0981857800975755,0.001463866926293056,0.0008261756803281203,0.7732023473873475
14,0.005220957268443451,0.016009793333958928,0.000503611793810134,0.0003214817393930683,0.9779441558643943
15,0.0010177164785224854,0.00033648419609149673,1.6213750683510168e-05,2.0374027626312613e-05,0.9986092115470762
16,0.018413973252608386,0.005643058381854673,0.00010361844652435251,0.00020131852380967234,0.975638031395203
17,0.020476887503775867,0.0008236871425170159,2.1585213950563027e-05,1.8590057462541524e-05,0.978659250082294
18,0.07496223530760318,0.02449701380885812,0.0007050087473276467,0.0002466530105513742,0.8995890891256596
19,0.039058563513847136,0.03093180317568199,0.002368316229715494,0.00037342954159648017,0.9272678875391589
20,0.000815563611317625,0.00020065297874110496,1.1954734092196308e-05,2.3437861801852753e-05,0.9989483908140472
21,0.5291628907627788,0.030890987950164563,0.0001155344237560384,0.003681790355995127,0.4361487965073054
22,0.500516656714339,0.08794324687602371,0.0006309751715022098,0.004371219786944866,0.40653790145119023
23,0.2961551890661501,0.019666325281172393,0.0001580552002151672,0.0029050894700338365,0.6811153409824284
24,0.1302258809941595,0.25358765541183736,0.002519538384565156,0.0035603481825208895,0.6101065770269172
25,0.13594777629389573,0.7135448904282357,0.0012357889297335695,0.013614812068187876,0.13565673227994712
26,0.26027763240363155,0.4307064271494966,0.0002141142828262257,0.023130717153884935,0.28567110901016074
27,0.025285065519471052,0.8848982233790446,0.022178264434045313,0.004616389507784002,0.0630220571596551
28,0.19312459938192036,0.26170278078676085,0.000390764523155366,0.013284005611364731,0.5314978496967987
29,0.06561623834381192,0.8558316931015212,0.022761995303796446,0.006375802285642368,0.04941427096522816
30,0.14106049151662556,0.5875888552804817,0.02533132227391434,0.01750680341817566,0.22851252751080273
31,0.04976650605847761,0.8617727329511499,0.014346808302828055,0.010530193198712635,0.06358375948883213
32,0.07170434297887043,0.055369304725228836,0.00045600950495527703,0.00398461168735271,0.8684857311035927
33,0.11588236670112084,0.659328977443687,0.03618477038262611,0.0047829284627940285,0.18382095700977202
34,0.44380385064652494,0.06072759549312094,0.0002243279561717421,0.004634579918842985,0.4906096459853395
35,0.21217295727065688,0.19473389146189748,0.007569262126055082,0.0008186132024385682,0.584705275938952
36,0.4302655538957414,0.2809625022993902,0.002559945446925245,0.005819615893794989,0.28039238246414827
37,0.4037499678981957,0.2893703239697652,0.0022774334734326778,0.002504133754763399,0.302098140903843
38,0.2129067167660926,0.7004598537392692,0.015318511029771678,0.0019660035569191705,0.06934891490794731
39,0.05103144399350331,0.9107251740170194,0.02830196978247164,0.001475751591220618,0.008465660615784971
40,0.01830329519905264,0.9002016302591509,0.07569940644147873,0.0008254536719912684,0.004970214428326447
41,0.08017123708031133,0.8623635165220578,0.030489116292967106,0.0016459327629795226,0.025330197341684246
42,0.02166853788829911,0.9519595961361236,0.021040798914550934,0.0005271257272232838,0.004803941333803117
43,0.007012288322318147,0.9233336882700506,0.06511075812607836,0.00017182194034412666,0.004371443341208556
44,0.007425502073912927,0.7995750070631167,0.1899331858516029,5.160157348668535e-05,0.0030147034378807005
45,0.014450601311190699,0.8927534786552495,0.0875538329136789,0.00013817432785468917,0.0051039127920263485
46,0.0029306318473122745,0.5003711637991353,0.4926747933860422,6.958517792505878e-05,0.00395382578958536
47,0.013221977508707496,0.4770517051767823,0.505255083013215,0.00018436882221179623,0.004286865479083466
48,0.0090090536502528,0.27829504306358865,0.703429026847766,0.00010119519339754822,0.00916568124499505
49,0.0013527771219707203,0.0856694931003044,0.9106047907698368,3.0215596352813314e-05,0.002342723411535376
50,0.0038819968580797444,0.22310283234698597,0.7670989308741443,7.99014868688635e-05,0.005836338433921073
51,0.003940740804586783,0.1655941754695188,0.8205413671651778,7.99848232709991e-05,0.00984373173744579
52,0.00259060414831243,0.11266531842884334,0.8654964652851126,5.235831776905969e-05,0.01919525381996245
53,0.0018322719906567271,0.06781471728576989,0.9242705324141246,3.0932584773972695e-05,0.006051545724674945
54,0.002679910666526881,0.06445997647964727,0.8982670228171578,2.868265075425937e-05,0.03456440738591389
55,0.002135159763857938,0.049534343459031877,0.934506248624547,2.62316042903951e-05,0.01379801654827286
56,0.001204840337281746,0.0390751020416428,0.9570372807634477,1.86167104103313e-05,0.00266416014721742
57,0.0010202645451363426,0.059904287399000535,0.9350386760856002,3.732115809007985e-05,0.003999450812172897
58,0.0007047586477645035,0.047684206250055296,0.9476391825806392,6.336513537187673e-05,0.00390848738616912
59,0.0003076326205189569,0.018914285369729805,0.9792773826887394,1.853618446503041e-05,0.0014821631365468828
60,0.0002865510357897596,0.022077136674313005,0.9762414845248232,1.6883163539707795e-05,0.0013779446015344107
61,0.0001831963815943683,0.011807441049703464,0.9869430284853595,9.569901726171253e-06,0.0010567641816164222
62,6.800755297406143e-05,0.011433874184129438,0.987820236658292,7.936264558559354e-06,0.0006699453400458234
63,0.00016435482390175074,0.0122209347526133,0.9852640108004935,9.65495067632781e-06,0.0023410446723150726
64,5.551764951861863e-05,0.008037168109557017,0.9912714225280711,3.679420436460225e-06,0.0006322122924165929
65,8.191404520453483e-05,0.005807755470031194,0.9934120138176591,2.7946500783033035e-06,0.0006955220170270183
66,4.4124570353272335e-05,0.005723630162212175,0.9936970233051512,2.785346337850609e-06,0.0005324366159455773
67,6.0331378234207235e-05,0.004521987098929847,0.994748369031213,4.977637177562116e-06,0.0006643348544453966
68,0.00012813424840625858,0.007771895933101272,0.9912654151633051,6.141632227133997e-06,0.0008284130229600354
69,0.00023278214609474222,0.00973052737710728,0.9886084463910876,1.3793236189777781e-05,0.0014144508495207674
70,0.00017100575722488718,0.008979802756369714,0.9899623111606874,1.0858015569200351e-05,0.000876022310148708
71,0.00014478722271960427,0.012948378415551345,0.9859593524164284,1.040454257523917e-05,0.00093707740272535
72,0.0001687789111743712,0.012597902745269807,0.9867152886914856,1.0123928446697891e-05,0.0005079057236234115
73,0.00024497601412327383,0.021096903261521593,0.9777975493374915,1.3569161046644124e-05,0.0008470022258168334
74,0.00013135389265758773,0.012807850620261704,0.98626633805965,8.650518750597935e-06,0.0007858069086802002
75,0.00016421270346471707,0.01297484969211674,0.98634437780632,1.0670613277425335e-05,0.0005058891848212574
76,8.863928456968469e-05,0.008916128966199928,0.9899624060003719,1.0027179623556274e-05,0.0010227985692349768
77,9.339756321957467e-05,0.011327904539458448,0.987868713181079,8.311499717320218e-06,0.0007016732165255672
78,0.00010897237836139588,0.006940686011653302,0.9925854125087936,6.3252048963900544e-06,0.00035860389629519657
79,0.00017053138624952132,0.014420428865114106,0.9846153976996647,7.821507348637125e-06,0.0007858205416230448
80,3.339062436283525e-05,0.0051635485947074495,0.994504390440961,1.9063022025127575e-06,0.0002967640377661438
81,6.198835336606577e-05,0.009912992474906828,0.9890913874029233,4.596211571914792e-06,0.0009290355572318932
82,0.00011286673224369939,0.0038560694970315337,0.9946566964520259,4.032847886060212e-06,0.0013703344708125877
83,3.725473716025304e-05,0.003253320978993886,0.9960992017006455,2.191532434978169e-06,0.0006080310507654584
84,0.00010935889482382745,0.007801701564139683,0.9912924836450525,4.18312210355345e-06,0.0007922727738805566
85,3.783505825916259e-05,0.002432194434876002,0.997308724063417,1.8422842386793333e-06,0.00021940415920943543
86,3.4314209015193564e-05,0.004303512235810588,0.9952927373315451,1.8020418268774283e-06,0.0003676341818021796
87,4.765305858719273e-05,0.002824523081376036,0.9966425241490275,2.3189927570770466e-06,0.0004829807182522043
88,2.357458380117617e-05,0.0024052499570603567,0.997363048841972,1.0517732187381677e-06,0.00020707484394784487
89,8.866549487845349e-05,0.008302658816407576,0.9910893262854036,4.644372218047321e-06,0.0005147050310924049
90,1.2853357392599882e-05,0.0027477561826394175,0.9969763762414902,1.3682390521170706e-06,0.00026164597942577336
91,5.3765692924403556e-05,0.004213506310385031,0.9953830247661624,2.342401369704213e-06,0.0003473608291586228
92,5.0696014876096466e-05,0.005560049966860548,0.9938873423400336,5.293524126603366e-06,0.0004966181541031215
93,7.701630247271614e-05,0.005466281907593791,0.993587647699067,8.616275657883073e-06,0.0008604378152087707
94,4.925548491178562e-05,0.004047423804946788,0.9952921542899641,7.214998680051813e-06,0.0006039514214972032
95,6.177831371056327e-05,0.007859776539705453,0.9914288157286149,6.297015125843137e-06,0.0006433324028432845
96,7.13295020160604e-05,0.005961317591526894,0.993383187026152,9.047476796452868e-06,0.0005751184035085045
97,4.3741666683920865e-05,0.0033003830586441772,0.9962364911019286,6.261317419246133e-06,0.0004131228553238974
98,2.8670156715160385e-05,0.0037621131339312594,0.9959129852065769,4.123156123527306e-06,0.0002921083466531174
99,1.4195953230369633e-05,0.004507542456156116,0.9952752341956568,2.9480787710567774e-06,0.00020007931618581658
100,4.0871390138583456e-05,0.0037359199288836934,0.9958244511943862,4.339297965987681e-06,0.0003944181886254639
101,5.804757940889895e-05,0.005695186211365567,0.9938854230332568,3.3142128748749764e-06,0.00035802896309375767
102,4.1857374851371015e-05,0.004835496431880555,0.9948710807207727,2.9542778138438224e-06,0.0002486111946815201
103,6.327622902220505e-05,0.0052982143924928645,0.9943227927433421,3.0011253508680336e-06,0.0003127155097919753
104,3.894760740626296e-05,0.0028002216196125816,0.9968689915279844,2.775452341564537e-06,0.00028906379265509796
105,3.771054616029909e-05,0.002500449520774453,0.9972291675125982,3.5267255801354064e-06,0.00022914569488673416
106,0.00013146786597001547,0.009262331919050295,0.9898486030694794,2.6736460585532817e-05,0.0007308606849147804
107,3.859524485165597e-05,0.00464475941345296,0.9949654037995727,9.97404519145036e-06,0.00034126749693118947
108,7.183578763488493e-05,0.005611436903339609,0.993735031445431,1.7343439223232268e-05,0.0005643524243712563
109,0.00011259163590870757,0.005800072877332162,0.9927781309278518,2.9494089012178283e-05,0.0012797104698950078
110,0.0005923069080741348,0.016587327935483072,0.979307846527197,0.0002247482983719532,0.0032877703308739174
111,0.005889646729270894,0.0337605161328393,0.05074694927481421,0.002090542042585833,0.9075123458204899
112,0.034473311029149654,0.6196154882018495,0.28769011231287733,0.007825788922515354,0.05039529953360822
113,0.09540228725956988,0.5755122332348949,0.25865510166610567,0.0026481586428351504,0.0677822191965943
114,0.04393198154980455,0.11386319760723672,0.01712242415253147,0.0016561574163510727,0.8234262392740761
115,0.027852834046000446,0.07422899575910334,0.01011714895704121,0.001291871691913961,0.886509149545941
116,0.41861903523809185,0.4576848067994594,0.032989696941974865,0.0027773163676414795,0.08792914465283257
117,0.4643615771387933,0.4405424026687623,0.01862930129336892,0.0007624941954105915,0.07570422470366488
118,0.18070717008403203,0.719876562680215,0.07343212409446451,0.0021339358639532796,0.02385020727733524
119,0.049675798775129426,0.7880294510580421,0.14146661488851606,0.003495345733773974,0.017332789544538554
120,0.025817295429898798,0.8085395931725666,0.14165976074071512,0.006762561940531297,0.017220788716288186
121,0.04813977670445056,0.34361682068176,0.08366471322916871,0.006564775567737844,0.5180139138168829
122,0.04900080599827219,0.2586659038436462,0.007960635165440655,0.010927528326163418,0.6734451266664775
123,0.05850752622182545,0.8547703458797641,0.05404577350946724,0.0037422665885689086,0.028934087800374635
124,0.3133959605405239,0.4682219079954546,0.011317395210614806,0.00308979267231394,0.2039749435810929
125,0.059991476148642954,0.8050151498710547,0.11295751254976591,0.001706903939561694,0.02032895749097454
126,0.21293757571988975,0.6884885069659692,0.0072388942123123206,0.010477427257646403,0.08085759584418226
127,0.1186812150401341,0.7670636808055441,0.09693671954653264,0.0022338428089343043,0.015084541798854803
128,0.056031446107160106,0.1937282745451724,0.016117958561891046,0.0032360875549880853,0.7308862332307884
129,0.16344847308493787,0.8029213410237022,0.001210127875004409,0.0034658333384236547,0.0289542246779319
130,0.09391165656888593,0.8437509376067297,0.03643277594528024,0.0011146688806098432,0.024789960998494242
131,0.08967065879167949,0.8766472822173617,0.02498455815373066,0.0017783518192045589,0.0069191490180236966
132,0.06249311459969981,0.919882264763038,0.003055330387474838,0.006145283770016843,0.008424006479770443
133,0.020161524271609197,0.6357989016118586,0.33330790167202073,0.004498089079435441,0.006233583365076062
134,0.031590304508188956,0.9426838771756645,0.00790067960893621,0.013303226659162044,0.004521912048048114
135,0.03383443970684317,0.9045629711532961,0.003836573432821999,0.05384701759039328,0.003918998116645386
136,0.016951373787090468,0.937515693492968,0.02071217834103166,0.019107004664049975,0.005713749714859955
137,0.1282987461366613,0.6661394214297318,0.000566598930540418,0.1642475723585303,0.04074766114453618
138,0.03474105150693729,0.8740549896158278,0.03736528851651337,0.03593221820804328,0.017906452152678158
139,0.06523693601123437,0.8066723772601334,0.013426519056843991,0.042441015845011844,0.07222315182677626
140,0.13450911353354592,0.42763375137122267,0.003218516313658943,0.40161987249792275,0.03301874628364978
141,0.07141795007355947,0.08514103407389345,0.0007773479187820278,0.6531868524789692,0.18947681545479586
142,0.13326894654229413,0.11434889608887738,0.00024941485355703516,0.6518587915747683,0.10027395094050304
143,0.2515301815663996,0.03651493398471304,7.420465323841481e-05,0.5273724331210345,0.18450824667461435
144,0.10211226426283411,0.07863850630321786,0.0028711173726476283,0.08686180694275246,0.7295163051185479
145,0.058689489911988336,0.029962145301470375,0.00039492869393355305,0.1279038584968508,0.7830495775957569
146,0.14006173674698802,0.030431887966158616,0.0005810255383767304,0.08785574336473513,0.7410696063837415
147,0.25323412303200127,0.22771739738880856,0.0011232382353761382,0.34450076063770413,0.17342448070610997
148,0.01717963695307009,0.017324239670532208,0.0005341792414701587,0.1529515234394515,0.812010420695476
149,0.026955883165429774,0.01597211114974789,8.289073251038566e-05,0.1337253703961239,0.823263744556188
150,0.1412759175786617,0.025114907173845465,3.479043255186925e-05,0.6791993056460259,0.15437507916891513
151,0.03605101751507768,0.006540250407844881,9.004503924601622e-05,0.051714534361794816,0.9056041526760367
152,0.05982160106510497,0.008446154875977184,0.0001050712756468701,0.014601937817291313,0.9170252349659797
153,0.15324844869647405,0.004622577908770085,0.00014606880812424364,0.02613372762382502,0.8158491769628067
154,0.5501086621729706,0.011592952296870237,0.00010645248532281956,0.13355305166500772,0.30463888137982853
155,0.08276724373102434,0.023811386083421593,0.0007888671793450706,0.15971584021305782,0.7329166627931512
156,0.1413344887831196,0.005902882008655693,0.00012235083218137895,0.2559679525906706,0.5966723257853728
157,0.21392669917207874,0.016600009779792778,0.0002346056387945878,0.42481262653744034,0.3444260588718935
158,0.06619740331386284,0.009608479992922643,0.00011922878195431904,0.8521367761240474,0.07193811178721275
159,0.09250118584589478,0.011581268482961786,1.7324795303319087e-05,0.833912454344919,0.061987766530921105
160,0.2295232451647819,0.02047857692801527,2.5277176512009513e-05,0.5975028321952796,0.15247006853541137
161,0.4486621579298214,0.05811558767814938,6.663520452377158e-05,0.36380263260616336,0.12935298658134206
162,0.38652079294621905,0.05573187741697593,0.00022284549445983668,0.15270046013376587,0.40482402400857936
163,0.07039206221425878,0.015150408863123528,5.452717011957778e-05,0.113989637472269,0.8004133642802292
164,0.04791017861919693,0.01208259711744893,8.266089276393867e-05,0.061538140623443066,0.8783864227471471
165,0.07716819892749006,0.013132166194523407,0.0005409575680616162,0.05086828058687515,0.8582903967230499
166,0.26217109662338584,0.04833154364226365,0.0007301953496184316,0.12998049973071554,0.5587866646540166
167,0.18340864315105693,0.029922517398776532,0.00017687495252798177,0.03479062598164328,0.7517013385159953
168,0.5993619442013156,0.22977422954851617,0.00023535898722002195,0.11235599386494456,0.05827247339800353
169,0.17408525204295075,0.5863258459986448,0.0014681759716888986,0.026347235008176245,0.21177349097853945
170,0.2642861841460907,0.6681551243109336,0.0009111307758222026,0.02914006689145386,0.03750749387569966
171,0.0630917200299385,0.8772995186198871,0.018307932201133713,0.005893773719709892,0.03540705542933068
172,0.12334292019634356,0.8231845977363677,0.00475656073377732,0.007594243076792387,0.041121678256718905
173,0.05709520489428812,0.9156904885369169,0.005496273365224379,0.005761235118779906,0.01595679808479075
174,0.029034350152324067,0.8870917772001023,0.07498533786783607,0.002850774219581958,0.006037760560155449
175,0.1194662126788863,0.779011350919944,0.029754435942979544,0.012966549156180979,0.05880145130200916
176,0.05893254797585248,0.050119800165902985,0.004936707565662921,0.0044634424872938595,0.8815475018052877
177,0.2910765481874576,0.6397275346949508,0.006214284050912227,0.014452734435370845,0.04852889863130854
178,0.09614855917697084,0.8540525830585638,0.01504255980445134,0.002693301038466361,0.032062996921547904
179,0.13789694940632694,0.762715008348068,0.02951033820966767,0.005615889735722885,0.06426181430021459
180,0.041808875029952224,0.8752290112097498,0.04445923304190578,0.014299196174579882,0.024203684543812228
181,0.04627349378663434,0.8218931266473157,0.08169136638567541,0.015055246295007907,0.035086766885366556
182,0.3016147970568652,0.6208829569222707,0.02936346531675217,0.009800360361030734,0.038338420343081055
183,0.023369369367692436,0.6180441503507093,0.3321747549860454,0.0104724775272132,0.01593924776833969
184,0.08476060483370386,0.8130278533071068,0.06724461897031453,0.015500745876894314,0.019466177011980407
185,0.11422649059453037,0.2297048232525095,0.040969300081833755,0.009748876111531905,0.6053505099595945
186,0.07955121291867637,0.838350267722958,0.05301862571466192,0.009876063672152942,0.019203829971551064
187,0.2813716849360842,0.40454598769628686,0.022850087199123844,0.0072186997344780585,0.28401354043402705
188,0.18202216233960777,0.7747289347300343,0.01335999790897255,0.002570190311088584,0.027318714710296666
189,0.10615090502445161,0.8345191032306124,0.05084197900139781,0.003051743254362606,0.005436269489175567
190,0.19150872236779445,0.7468574964608476,0.04816184525208567,0.004489981823762965,0.008981954095509349
191,0.028976217207255003,0.9054028953645696,0.053209621618824095,0.007171955457003627,0.005239310352347713
192,0.009921338650378708,0.7743090863351944,0.20907404653316083,0.005032158376404545,0.0016633701048616566
193,0.00811904103795728,0.886192185632358,0.09914521090606196,0.004574221452211793,0.0019693409714111143
194,0.0047211834566504235,0.6987895004127127,0.2906650901091067,0.004651005523035462,0.0011732204984947578
195,0.00479548767541807,0.41472048900019093,0.5765853723405403,0.0030384481871861303,0.000860202796664569
196,0.0017614760542280946,0.47379043575592855,0.520633349490542,0.002835450596816448,0.0009792881024848874
197,0.007458304091091918,0.8077237386229418,0.17709066192736156,0.00549863607530946,0.0022286592832952688
198,0.008064978910992664,0.6241826708090408,0.3606544156926455,0.0051322039263962,0.0019657306609248784
199,0.007879364313923502,0.6869483092986137,0.29611001262983677,0.004774977137143246,0.004287336620482795
200,0.01588118028130229,0.8509286517880038,0.11664123410917333,0.010442204924338594,0.006106728897182114
201,0.010213393325581674,0.753395973243127,0.2163869047807038,0.00485601171077931,0.015147716939808025
202,0.12115767871771822,0.4748750120374289,0.1826822004014802,0.013435606290964425,0.2078495025524082
203,0.09435750484170584,0.14962351123359033,0.041876367935596785,0.003042464484041525,0.7111001515050656
204,0.31325667963807563,0.6495652550413018,0.006150586568217041,0.002038047372920606,0.028989431379485002
205,0.16038663986313803,0.8216159013782611,0.005427733148977059,0.0005142907846489402,0.012055434824974951
206,0.0873340285278034,0.8214148913330704,0.08543729469778553,0.0007028070975803316,0.005110978343760335
207,0.024732755946703988,0.933905262845925,0.03060909122870261,0.0035363243273798606,0.007216565651288449
208,0.014848487247497702,0.8803156684224458,0.09795880750453585,0.004041033510788762,0.0028360033147317933
209,0.004768506134234958,0.8863084081388977,0.10408802816888961,0.004092041728770965,0.000743015829206754
210,0.008167275195802718,0.8259641118426244,0.15582290614541677,0.008053993459386443,0.0019917133567696425
211,0.017220483199418237,0.8068342066702767,0.16266073146029145,0.01077789790800961,0.002506680762003966
212,0.002074342774970666,0.7557355988882106,0.2369883158136358,0.004281403460355425,0.0009203390628276743
213,0.005825588047011134,0.6415825675336659,0.3472586586486505,0.0044194231569334,0.0009137626137389636
214,0.008220714357533219,0.645290998024856,0.33808252349411233,0.007037611852481618,0.0013681522710167558
215,0.0043282994355349925,0.8070934672840319,0.16408377996666743,0.02038262912726207,0.004111824186503561
216,0.0032649352809031606,0.838629506314747,0.14864991209624648,0.007186998782061218,0.0022686475260422457
217,0.0012967439661591418,0.5170543352410633,0.4766702942587056,0.003534043016775771,0.0014445835172962353
218,0.002435206742142351,0.6819584667025622,0.3074749352720897,0.0052904537347622385,0.0028409375484436342
219,0.003244427710699665,0.5007558852016253,0.48901954474063364,0.004868369658963752,0.0021117726880776856
220,0.03799338099938271,0.21075419573318183,0.21487030488431003,0.005643109460282987,0.5307390089228424
221,0.2359251886606546,0.3172614474023072,0.4070485087827302,0.007808591898893026,0.03195626325541492
222,0.07802616901020581,0.4292094749814402,0.4378011955847461,0.001876226698868208,0.05308693372473972
223,0.05502404629193975,0.4623583869321846,0.47249473167260664,0.0009647196882226028,0.009158115415046415
224,0.27684292424696905,0.5868940447025505,0.05453291057023077,0.005196243911842802,0.07653387656840685
225,0.010627087965325412,0.7631216223233189,0.22248344347191076,0.0021027696679109596,0.001665076571533918
226,0.01972727459581121,0.8787853205445675,0.09347203706820775,0.00519107051070722,0.0028242972807062954
227,0.010684098165907844,0.8194483540380672,0.16581862877180895,0.002370115113319529,0.001678803910896642
228,0.003593679608961629,0.691752246346367,0.2998529679822755,0.003414128992531949,0.0013869770698637998
229,0.004853620453259862,0.5625946267932246,0.4277945620465482,0.0031557892985202536,0.001601401408447027
230,0.004481173273455976,0.6048469338004447,0.3867336614855375,0.002469238478884068,0.0014689929616776563
231,0.0016759225485583054,0.48824375647120655,0.5082717930236752,0.000954181828598408,0.0008543461279615289
232,0.004890969271705995,0.5566585264250025,0.4327031800866087,0.001339197513312897,0.004408126703369706
233,0.0034447861405462504,0.35513038375968525,0.6387615827565866,0.000983713669746617,0.001679533673435229
234,0.0006349486065074287,0.14306420794450117,0.8554510123157466,0.00018550924243477832,0.0006643218908099427
235,0.0030855161477347,0.25459278837794486,0.7392924674569561,0.0006586193678166295,0.002370608649547785
236,0.0027455195581326626,0.27908057068350794,0.7155752550479247,0.0004660383866493932,0.002132616323785325
237,0.002852946929560558,0.3383289812014523,0.6540191586834296,0.0006072796453580053,0.004191633540199374
238,0.0025983752747498834,0.19789374575531038,0.7978363354814249,0.00025578264879579305,0.0014157608397191354
239,0.002820879509423609,0.17452928669856016,0.8211724472521696,0.0002570228898001287,0.0012203636500464543
240,0.00977928425915846,0.35958303377193296,0.6277903724740203,0.0007360051616351156,0.0021113043332531907
241,0.0023821715474449125,0.18479254342973472,0.8109013801038584,0.00036429371504377724,0.001559611203918051
242,0.0023631750450256454,0.5647197103480008,0.43019029537125153,0.0005672921507143803,0.00215952708500756
243,0.0008471221994152639,0.11999037489489518,0.8784604123261632,0.00012031313482218113,0.0005817774447042054
244,0.000920987777564976,0.17506391972447413,0.8226520764906532,0.00025654474416068857,0.0011064712631470481
245,0.0010281013362892868,0.27446991134043636,0.72253667125133,0.000296529562070502,0.0016687865098738417
246,0.0008082078058890636,0.10053248415088849,0.8979404954058727,7.915247150702157e-05,0.0006396601658426137
247,0.0008777811417834653,0.10845339917375692,0.8896157867162086,0.00011892449857675034,0.0009341084696744313
248,0.0016289841276868348,0.13493614420097064,0.8619541332820665,0.0002319859820207126,0.0012487524072552964
249,0.002410223534142839,0.1660769540784291,0.828839298355463,0.0004903604898222319,0.0021831635421428555
250,0.001646232842626744,0.13262989916040568,0.864372788216446,0.0001844409446536119,0.0011666388358679825
251,0.0014446212993653813,0.16090501070104363,0.8360577640945929,0.00022599291660216683,0.0013666109883960383
252,0.0033554571323942653,0.4938503729032917,0.49952968851199897,0.0009047792027992531,0.002359702249515851
253,0.005276976032778341,0.17950264666512095,0.812106919048909,0.0007116164426100425,0.0024018418105819115
254,0.0031069839461978256,0.1435380815080604,0.8510158966332004,0.0005406348956098921,0.0017984030169313433
255,0.07937998600048593,0.2639136908124892,0.009660581806195978,0.002959976188536208,0.6440857651922928
256,0.22025394485832736,0.6884941100734685,0.05969027926836899,0.0017559792158355102,0.029805686583999614
257,0.017604703510996335,0.4109463390233322,0.5690331363329809,0.00021629173963925159,0.002199529393051265
258,0.17258009946295555,0.6431737275499592,0.17670109743862084,0.000759101925172247,0.006785973623292369
259,0.010758610501864073,0.48289560229865475,0.5039714185045442,0.0007337831317538474,0.0016405855631832441
260,0.00125280564426306,0.26798097313256486,0.728710420227562,0.0005832225246822747,0.001472578470927757
261,0.0015554964584288957,0.293044402432428,0.7034603768657759,0.0005820039458388921,0.0013577202975282592
262,0.0009672809030741834,0.22454318081724847,0.7728012508152787,0.0002657122549430153,0.0014225752094555201
263,0.001107648361031395,0.23230970665151662,0.7647602171089917,0.0003307100577170413,0.001491717820743277
264,0.000388719159099076,0.09276859467622749,0.9059836513571128,0.0001223001379697413,0.0007367346695908526
265,0.0007438796898274269,0.1544128585713335,0.8437656180327345,0.00014352201283230617,0.0009341216932722331
266,0.0027295954413649294,0.2204300132789097,0.7739165939595744,0.00029827368708912664,0.0026255236330617157
267,0.0017212423633358002,0.15546873410861226,0.841038267574849,0.00024628312716111353,0.00152547282604183
268,0.0014805167901518362,0.19685340920696115,0.800051850865426,0.00015547789356276434,0.0014587452438982861
269,0.0016608113778813522,0.08810693890253875,0.9077259533639731,0.0004939257308184738,0.002012370624788302
270,0.00043602292348303293,0.06342228901188243,0.9353453462240372,8.271550129011911e-05,0.0007136263393073103
271,0.0011855794129724837,0.14200522197895576,0.8553330428127177,0.00016097137539757627,0.00131518441995649
272,0.00037950392847772255,0.04293074619969174,0.9558837552176951,0.00010799684038954422,0.0006979978137459812
273,0.00019161466558956258,0.036937452523240294,0.9624416491488262,6.932869937419247e-05,0.0003599549629696652
274,0.000386954746853878,0.047103634618529955,0.9518146558141647,6.219328740334418e-05,0.0006325615330481927
275,0.0008545304635358368,0.05358537343830782,0.9440291785661182,0.0002177918258293144,0.001313125706208976
276,0.0008902746515024494,0.039987171585859904,0.9575766651020814,0.00026141305653955006,0.0012844756040168133
277,0.0011516207922096493,0.040616815566251574,0.9564246529007202,0.00025500015234006777,0.0015519105884785733
278,0.0005088074541106538,0.03079376630454169,0.9676997551347841,0.00011346924221499881,0.0008842018643485443
279,0.0002495334446808575,0.023843975554212207,0.9750755175001242,9.852062916553502e-05,0.0007324528718171792
280,0.0003565686366083975,0.039280761094227845,0.9596989415975786,7.805302303315936e-05,0.0005856756485518953
281,0.00013338299920694614,0.023369460104600927,0.9760145932835068,6.137904735280035e-05,0.00042118456533246244
282,0.00012786732192510201,0.029955589296711414,0.9693332103593001,9.658482247514811e-05,0.0004867481995882613
283,7.692331610954786e-05,0.01750782259057988,0.9819784558592951,4.8216734616976524e-05,0.0003885814993984825
284,0.00021871338873288412,0.0270401334610501,0.9720600321698145,7.7081849186695e-05,0.0006040391312159052
285,9.728925118960876e-05,0.011616281987510399,0.9877639735137478,8.75729756712309e-05,0.00043488227188113
286,0.00026595397893904753,0.024335002283127512,0.9744486085164837,0.00014534967013721394,0.0008050855513126654
287,0.00013435465674551766,0.010518168257578836,0.9889456053495372,5.304006960405616e-05,0.0003488316665343523
288,0.00019673463612724173,0.022711362301988215,0.9762067411140282,7.670650391179985e-05,0.0008084554439446983
289,0.000128201811876144,0.017107964401822738,0.9823357279831203,4.789951199847111e-05,0.0003802062911821997
290,0.000551250601240017,0.039202791023331796,0.9595477852595936,0.00011961099267959228,0.0005785621231549486
291,0.00018286329471098027,0.02669288140190524,0.97257794202277,6.66607730760652e-05,0.0004796525075377276
292,0.00011515733768967484,0.021135704608416912,0.9781833418238467,4.354187701093507e-05,0.0005222543530357066
293,0.00012682037387124306,0.02818619442026773,0.971149102305262,4.798719750534019e-05,0.0004898957030936808
294,0.000649115104101304,0.04539195279862469,0.9529394820433177,0.00014409616098923434,0.0008753538929671868
295,0.0007508300823726638,0.03184592051850282,0.965680563035162,0.0003763968560605709,0.0013462895079017923
296,0.00018627604557497926,0.020769311465450094,0.9783004934523664,9.825169780026377e-05,0.0006456673388081062
297,0.0003620608092074649,0.02969266529804318,0.9691286460976902,0.00016489521814892958,0.0006517325769101426
298,0.0009224467793322583,0.028905248464553158,0.9677470351975987,0.0003947865632587362,0.002030482995257109
299,0.00019058366774940772,0.013852600917886329,0.9852441555284471,0.00010144343894245593,0.0006112164469747636
300,0.00021921001140528623,0.015481145120659593,0.9834799258381678,9.713418853652578e-05,0.0007225848412308146
301,0.0005901294746833399,0.029222028690286166,0.9685290990288631,0.00021807072628258074,0.001440672079884888
302,8.115806944322703e-05,0.01660824514291959,0.9828157011924563,4.6942666390995735e-05,0.00044795292879000183
303,0.0003632549283376532,0.026535514908007207,0.971997333262441,0.000126702396206558,0.0009771945050074016
304,0.000145313202184718,0.014978715639986848,0.9843268760239143,9.284319436100363e-05,0.0004562519395532236
305,0.0004987359948378007,0.03617397576355952,0.9616250826136433,0.0003523916180205612,0.0013498140099389197
306,9.394261204660014e-05,0.013433383915097139,0.9860898119668383,5.358488564066067e-05,0.00032927662037748515
307,0.0003444912450532111,0.04144823513015576,0.9572260330322717,0.00010519274375012105,0.0008760478487690105
308,7.122683553391774e-05,0.01677265723044243,0.9827554984891371,4.755908617742467e-05,0.0003530583587092235
309,0.00029149065327777903,0.026213304576960906,0.9728819056663454,0.00010740289481479278,0.0005058962086013607
310,2.9588248927437808e-05,0.014810774264636506,0.984972907149267,3.0512880446183918e-05,0.00015621745672279736
311,6.20760174513259e-05,0.010649811361500483,0.989029783996449,3.798894209195132e-05,0.00022033968250709016
312,6.786898733352347e-05,0.008913931091547984,0.9905151575206875,6.830510414410198e-05,0.0004347372962869441
313,4.7211392837344935e-05,0.010848318897088064,0.9888181107697671,3.7324722050847346e-05,0.0002490342182565192
314,0.00013350944767635836,0.007246664061810968,0.9922066431047895,4.3203869123084035e-05,0.00036997951660026765
315,0.00018133037842388029,0.009164370455197825,0.9898274321574138,9.367747388944468e-05,0.0007331895350750487
316,0.00037112662223251795,0.020858154283830806,0.9768978751243371,0.0002997254960085211,0.0015731184735911477
317,0.0007060561440070866,0.01835428411157464,0.9789162980569609,0.0003720986470459759,0.0016512630404115001
318,0.00043227996385084044,0.029410992644636653,0.9680453922136171,0.00040167750845665126,0.0017096576694387636
319,0.19103244845539058,0.17468983560215043,0.15264913611170514,0.006690381714651678,0.4749381981161022
320,0.06864040332377244,0.6396934066044336,0.24320123797308893,0.0036880029246048316,0.04477694917410017
321,0.12411506124584898,0.38059364209189006,0.05521345226712129,0.004736127412862667,0.4353417169822771
322,0.24182056659917445,0.10287813548345329,0.0031250810891029265,0.001974832770862628,0.6502013840574068
323,0.2001333553636373,0.7005154921580969,0.053230876812327105,0.005668363532812085,0.04045191213312673
324,0.10240015058356486,0.840416430597604,0.04205204728536614,0.002958400983926932,0.012172970549537993
325,0.09562629809084758,0.48267225149011445,0.39325112815549856,0.017522469218553202,0.010927853044986027
326,0.06208869524967723,0.6729100723207457,0.15192595671155928,0.08316938458749455,0.02990589113052318
327,0.0315904798192962,0.296714620292419,0.01677813896940388,0.6309758136398691,0.023940947279011845
328,0.06053969376656213,0.11180863425991083,0.0011678639482605956,0.8017869162733781,0.024696891751888505
329,0.03474993593355404,0.03048073785146292,0.0005257031972655675,0.7218639809320676,0.21237964208564974
330,0.046665920206678195,0.06670564553330637,0.00014512489308674128,0.7797961243541729,0.10668718501275587
331,0.09482079703850672,0.09846443770926237,0.00015157901883677913,0.749598080924904,0.05696510530849022
332,0.07545110163370776,0.020400378397345452,2.7306314660012797e-05,0.8775201978866173,0.02660101576766953
333,0.041152409574448705,0.013993377170519464,1.5788283315256833e-05,0.9233423075056499,0.021496117466066552
334,0.03889337118085742,0.008388254682487037,2.5770211641161057e-05,0.9100088115606388,0.04268379236437547
335,0.03632333341076468,0.02421627354739382,1.5167849299291189e-05,0.8915925830778052,0.04785264211473711
336,0.049844797236152434,0.004388218695702012,5.560437079216334e-06,0.9282481756636106,0.01751324796745565
337,0.026675011897387024,0.003348793607478611,5.5047394264951934e-05,0.9043190444685248,0.06560210263234448
338,0.02400797689904495,0.006041067880143522,6.508408040589802e-06,0.9587621147350928,0.011182332077678207
339,0.016991332799696883,0.0066411236563682354,4.5736482543018005e-05,0.9661322604560526,0.010189546605339298
340,0.015002948052524884,0.003220890230332162,2.8916146709952583e-05,0.88236230885492,0.09938493671551311
341,0.04730729039623938,0.006067882933749187,7.403377339594145e-05,0.6149426078192423,0.3316081850773734
342,0.2409408488350874,0.0059238336531322365,1.674887023482028e-05,0.6570113480704318,0.09610722057111375
343,0.457679889983372,0.007446555223978538,1.7487132222805947e-05,0.49627969488433876,0.03857637277608796
344,0.47678597291894553,0.013427853600778954,1.7476860674305185e-05,0.48233485918406943,0.02743383743553176
345,0.19738089828864497,0.02027226908525651,8.3718163372022e-06,0.7630670153916549,0.01927144541810637
346,0.28477331870866274,0.017862016092813755,1.5760887505265786e-05,0.6532652531319291,0.044083651179089134
347,0.06933156796413102,0.024826791193069162,0.0002524100233162221,0.8010564736613293,0.10453275715815422
348,0.09127947122019524,0.01751076070448384,6.970710701742802e-05,0.8554745382412273,0.03566552272707619
349,0.16593682256663703,0.014158736824881392,1.913999873507337e-05,0.7862433111368574,0.03364198947288906
350,0.05437138652250416,0.025484992699478043,7.194155119935381e-05,0.8617953455452387,0.0582763336815798
351,0.20017052802063484,0.012232952451223418,1.9577671032067252e-05,0.7650034294884231,0.02257351236868663
352,0.08984437358184501,0.019429353097644608,0.00023765505424422896,0.8004092697219894,0.09007934854427677
353,0.1063227917883615,0.012561077306320202,2.604843807183308e-05,0.8555198886819805,0.02557019378526594
354,0.2897021032444146,0.012270896168305455,2.949405356766907e-05,0.6262754152892173,0.07172209124449495
355,0.10373401005716569,0.02279652255350222,8.027402505063886e-05,0.7514150999185392,0.12197409344574231
356,0.3149942536187289,0.015343538240694744,0.00016298636191435133,0.5577303684460343,0.1117688533326276
357,0.27394834480597896,0.010995186654933774,4.8376725692327586e-05,0.6698019348597802,0.0452061569536148
358,0.09883166589728337,0.010454711435967025,7.354376964785791e-05,0.8733033780457147,0.017336700851387162
359,0.07932958659915355,0.004849251870103118,5.2160313992915275e-05,0.8982164753346858,0.017552525882064473
360,0.02622117902412974,0.006898244401269528,2.9448682789985965e-05,0.9618574714182445,0.004993656473566254
361,0.029907152658181023,0.003524694153256678,8.799757784581761e-06,0.9503866723069554,0.016172681123822495
362,0.05433971744715266,0.0061386466140166,0.00012800841744339556,0.9151905735559719,0.02420305396541543
363,0.0733820370825324,0.004746294722996401,1.1727269562227332e-05,0.9009531804895665,0.020906760435342425
364,0.15601953672470428,0.010253228185313915,2.6432470364493743e-05,0.8057907998253477,0.027910002794269584
365,0.11416708524141804,0.008175023997594242,3.5141597113538106e-05,0.8725478456605724,0.005074903503301707
366,0.10002684216511472,0.0100145563639544,2.4535037843796193e-05,0.8804734589941533,0.009460607438933701
367,0.07025299463046975,0.008155030310546983,9.674947864954434e-06,0.9084718215536878,0.013110478557430487
368,0.025504354219317762,0.010236810487102057,0.00010366904960377892,0.9551475989231571,0.009007567320819037
369,0.057252663318077886,0.014724812013954296,1.7900248368264308e-05,0.9152409419295614,0.01276368249003835
370,0.03544983867927535,0.01280878425174038,1.962992822996685e-05,0.9464343386134527,0.005287408527301611
371,0.021876379598710964,0.006203879119532477,1.2719560031563582e-05,0.9682822716864868,0.003624750035238265
372,0.016755333853217345,0.010973595289940402,1.4178487367979999e-05,0.957847922060976,0.014408970308498352
