epoch,N1,N2,N3,R,W
0,0.010996179138873137,0.0006834268093616962,1.976050754752608e-09,0.0006664604513026306,0.9876539316244117
1,0.08806492494080656,0.0028094058007740812,1.6837556839315113e-06,0.004384465091498008,0.9047395204112375
2,0.02413913734824402,0.0011416285917354074,2.6957869522081293e-06,0.00041595216407611416,0.9743005861089922
3,0.23583448425784212,0.0019977357285433863,1.0305699062858047e-05,0.0025267990804374095,0.7596306752341143
4,0.3284794888254315,0.04564009799740694,5.512911850597104e-05,0.008152852170700137,0.6176724318879554
5,0.25224468582272286,0.2500453620509459,0.0005587828588054747,0.009680651118766608,0.4874705181487592
6,0.3101062446893833,0.23862073171243534,0.0001471989159299699,0.053658295434316515,0.3974675292479348
7,0.15363374513990471,0.42065660062217325,0.0036349712628717663,0.015708868533227748,0.4063658144418225
8,0.06917168390657402,0.6934813156062065,0.009307002934770483,0.006960042977615734,0.2210799545748332
9,0.040859156959281114,0.8031933245673099,0.0068111198961170235,0.006220828616871576,0.14291556996042032
10,0.03185175267584329,0.27682619527020424,0.04463811465944528,0.0008929703899350522,0.6457909670045721
11,0.06303311660177352,0.6758874722383904,0.030073446266604815,0.002902762537205342,0.228103202356026
12,0.14216932165392052,0.6954804132170248,0.012945160339170814,0.0034098682640595077,0.1459952365258243
13,0.28856701624061487,0.06826574258031197,0.00708611350423875,0.0016722823190945845,0.6344088453557398
14,0.08818876732584528,0.5333858581569597,0.011562213033985427,0.00245700685247961,0.3644061546307299
15,0.1716212372064052,0.025544247415381815,0.007327588593064486,0.0007158483579999772,0.7947910784271485
16,0.09672177405349353,0.2745250980671411,0.0748990807189331,0.001640565339806775,0.5522134818206255
17,0.23545299822362126,0.43108050530875014,0.006502736280230592,0.007289206731192141,0.319674553456206
18,0.15526066450248188,0.5657964482541243,0.0027228592798321945,0.0050133079494718725,0.2712067200140895
19,0.05256252202162726,0.9087337729078601,0.007691180843185285,0.0006253083262349894,0.0303872159010925
20,0.05565202680531452,0.9171578335274345,0.0027325349804984502,0.0007518287767241522,0.023705775910028436
21,0.051827598096878445,0.9089423872609502,0.01697212339861205,0.0008002228687520626,0.0214576683748071
22,0.04669955550006322,0.9122446975078305,0.02183057909932536,0.0019073418659986666,0.017317826026782317
23,0.028282906434772655,0.926247433243715,0.02882487133465043,0.001757704053120722,0.014887084933741216
24,0.08312843299945376,0.8708880229731439,0.014670428173816074,0.00297126992408209,0.028341845929504266
25,0.022392877443119717,0.8882803113130706,0.07453388093344782,0.0019043455035125786,0.012888584806849604
26,0.025367815899253444,0.895100827627228,0.06562027153657278,0.001157225557893176,0.01275385937905245
27,0.051778070011266754,0.9087041720101234,0.02372453440809601,0.002046092293963309,0.013747131276550213
28,0.04557518581521102,0.9100598758326761,0.03250424413049306,0.0012718583194901417,0.01058883590212959
29,0.02209127393906821,0.8512696162397252,0.10815312869143641,0.0009129164457677687,0.017573064684002358
30,0.013668698940794604,0.935186840956351,0.03833048018310661,0.0006664444352583759,0.012147535484489536
31,0.04957328892691102,0.869489372744029,0.05985996481303629,0.001355224010952376,0.019722149505071448
32,0.01809179410494281,0.8352155321260211,0.12934705368422067,0.0013032425589883509,0.016042377525826917
33,0.02996590556204045,0.9121495739838844,0.0477949400524392,0.0013804867768824208,0.008709093624753578
34,0.044442083528558045,0.8992042867542782,0.045138716168871926,0.0012397204426607628,0.009975193105630931
35,0.012702969187500577,0.9302051752669398,0.04713489141890711,0.000682468383927382,0.009274495742725042
36,0.010640197961797049,0.8771585442926723,0.10371001798281912,0.0005919729692073369,0.007899266793504318
37,0.003133203877324654,0.8303453305782845,0.1569121808359695,0.0004125639794221572,0.009196720728999106
38,0.015324063232552048,0.9315148917338677,0.04661756621801283,0.0012369016998723485,0.005306577115694827
39,0.007274738534703235,0.8465026613275277,0.13774017395050908,0.0006361560098913121,0.007846270177368735
40,0.004844233092558564,0.874347462066514,0.11569620724180028,0.0004216044263908111,0.004690493172736376
41,0.004710786488383709,0.7500090620515546,0.23856617055517076,0.000397862468083357,0.0063161184368076256
42,0.008681228828192633,0.6885279154257404,0.2925162336107893,0.00048827664689647226,0.009786345488381008
43,0.006837238366043859,0.7791491007651715,0.20490509328990528,0.0005931498440861132,0.008515417734793224
44,0.003636485041067767,0.5499963380898342,0.4354603557815498,0.00020583886041184005,0.010700982227136332
45,0.0037893287534285403,0.4948763586304196,0.4939443165033996,0.00020339918257368853,0.00718659693017854
46,0.0020244484178213447,0.30413466636397246,0.6832961708256873,0.00022615266926596573,0.01031856172325296
47,0.002294268053546512,0.38911533445391056,0.5894058117328916,0.00027283524392261895,0.018911750515728604
48,0.007465136692892723,0.5638513804305054,0.399008216844798,0.0006771486905447777,0.028998117341259216
49,0.06186825213623459,0.36926775813295987,0.4562021482345198,0.0009308185971225476,0.11173102289916308
50,0.13381920580872098,0.35554906509641765,0.46157112819633395,0.0007779440784775138,0.0482826568200498
51,0.007236661307463378,0.6770317101697383,0.2684010922478109,0.0011205459226085012,0.046209990352378966
52,0.014548408493584434,0.6550773748582402,0.3011776108753943,0.0016747103295134535,0.027521895443267472
53,0.014690336018486811,0.48998964562997144,0.4705412208763927,0.0008394057541563042,0.02393939172099285
54,0.014745116232155953,0.900563169903793,0.07287396124195189,0.0011990704643117436,0.01061868215778722
55,0.02038209999004476,0.9078922431542804,0.0620855886679078,0.0008430283671050428,0.008797039820662047
56,0.006561112077770325,0.7644208707482328,0.21998982207429107,0.0003300807795952293,0.008698114320110487
57,0.008112026712168091,0.8477386224397673,0.13952049921363088,0.00040750600994927613,0.004221345624484534
58,0.01724785099727932,0.9127655997372494,0.06067484874017292,0.0012678120832292368,0.008043888442068985
59,0.005803864070460143,0.5617715125083124,0.42885288076248634,0.00032325678355735605,0.0032484858751836865
60,0.0022890580382688604,0.2607168720362427,0.7331689053531835,0.00033964065156969175,0.0034855239207353035
61,0.0074723807260917395,0.8022844519483805,0.18285349922809863,0.0006242312460276841,0.0067654368514014325
62,0.0028184855123883842,0.697583738262004,0.2935372781387809,0.0005700627451489507,0.00549043534167785
63,0.0020952333306016265,0.3222020033965908,0.6704746176334466,0.000323858411215397,0.004904287228145594
64,0.0011746079943458847,0.5069613043063361,0.4883579290712483,0.00039001556793736127,0.003116143060132359
65,0.0014115850742927743,0.5554808753267585,0.43946977728637515,0.00032163024631671864,0.0033161320662568553
66,0.002549763201554478,0.7682282219962457,0.2227596130003975,0.0005654529704790302,0.005896948831323075
67,0.0042751367627295875,0.706489880580934,0.28390103073386497,0.0007779891382990661,0.004555962784172331
68,0.0016090463411115587,0.4948558546967071,0.5007907295596716,0.0002026956507272639,0.0025416737517823087
69,0.0005344869777110131,0.2779800962502036,0.7195301707211219,7.708590263000787e-05,0.0018781601483334898
70,0.006185126312391092,0.7546293698423858,0.23019826017270595,0.0009322119623208744,0.008055031710196127
71,0.0016849335029045236,0.5317286646158627,0.46276730843311903,0.00042871355755755107,0.003390379890556258
72,0.0012175910825580967,0.5410369400349297,0.4522280212556561,0.0003746984912168299,0.005142749135639325
73,0.0013718769775911007,0.4851843147586819,0.510647674069644,0.00023118393446714308,0.0025649502596158387
74,0.0010213940047663172,0.37400361553938277,0.6225578507082539,0.00016918018552391508,0.002247959562073217
75,0.0008849893279245125,0.07872127057122844,0.9181478963906686,7.426820311549231e-05,0.0021715755070630537
76,0.0017140029317946341,0.3262347043450304,0.6651222055170914,0.0003004081219928176,0.006628679084090744
77,0.02741009254393983,0.08994723538250028,0.1675626785524224,0.0015390063729697268,0.7135409871481677
78,0.17970130871372914,0.6505723119426311,0.06558481483216144,0.003603517820413559,0.10053804669106478
79,0.15145501704672673,0.8019546716285092,0.024141870969615987,0.0035990135797691514,0.018849426775379093
80,0.20728593498296255,0.7369747167359746,0.04295013306092638,0.0013520233920834132,0.011437191828053092
81,0.07216597002450172,0.8896432624287831,0.02690854081375942,0.00344148567167685,0.007840741061278893
82,0.007947965266304742,0.6846224701881867,0.29954187808715593,0.0007734093154103869,0.007114277142942372
83,0.01140151812673454,0.8890255268912041,0.08975848837237649,0.0015933507892479035,0.008221115820437162
84,0.011144551623438888,0.8446429597235195,0.1356726247937543,0.002198122217340498,0.006341741641946753
85,0.01721476208445813,0.9264062001462364,0.0507851106516162,0.0015374766433843127,0.0040564504743049465
86,0.003898090550857122,0.6237976739539913,0.3678160802503487,0.0003820728642038098,0.004106082380599067
87,0.003721237504535356,0.6565003004814657,0.3362861643726793,0.0005227817735404166,0.002969515867779354
88,0.020257558531435436,0.8456010708711856,0.12541470334759292,0.0018907918893056371,0.006835875360480519
89,0.034164171578863936,0.8823202239236608,0.07037916143325816,0.0019816751306126934,0.011154767933604303
90,0.007245946313854493,0.7652693657676357,0.2220685503366692,0.001040019953933117,0.00437611762790771
91,0.009814994199090094,0.7526934162551355,0.22769503623876847,0.0012526967890407474,0.00854385651796507
92,0.009545627934636562,0.545534776031331,0.435954222437183,0.0010670701225241716,0.007898303474325274
93,0.11584787779350181,0.8581573813816527,0.005843684393952795,0.01221114424281136,0.007939912188081273
94,0.010708406794561644,0.890524808654185,0.0900113705143015,0.00227688994795704,0.0064785240889949644
95,0.011344505274816197,0.8631323598388206,0.10991373991989899,0.0027017286314294084,0.012907666335034764
96,0.018017679749164732,0.8046436589964818,0.1551740904648506,0.0018124024768071325,0.02035216831269576
97,0.025038748745521328,0.8535569009441881,0.08182429293662255,0.009260655894143,0.03031940147952494
98,0.040313419557924904,0.899170769894042,0.03146711493073346,0.012952089727897746,0.016096605889401875
99,0.02814113730140792,0.9081651746377724,0.03650508496488017,0.0071610503876652085,0.02002755270827438
100,0.14759834773039543,0.7697971952596899,0.008251820191870088,0.014771061387840664,0.05958157543020385
101,0.29878950741750177,0.5769116037000229,0.015061842443460257,0.022710784052946218,0.08652626238606875
102,0.07831872161688982,0.8401199181245842,0.024895275399352775,0.014289838892034008,0.042376245967139375
103,0.1418700054908344,0.7902553999433367,0.03075911652278377,0.014206946385179579,0.02290853165786545
104,0.11231212472689532,0.8316020361719347,0.007294372842846451,0.03190205199618343,0.016889414262140114
105,0.050601517461783097,0.9185841623443755,0.009541163776255813,0.016997893766026465,0.0042752626515593075
106,0.025579066728050666,0.7699654311949724,0.18747708323824513,0.0054740222218327824,0.01150439661689893
107,0.02880160997426564,0.9341303964713941,0.020978787671101166,0.011061154610273589,0.005028051272965557
108,0.0299585870402224,0.8912025465544898,0.0591556061999155,0.01409227846782002,0.005590981737552328
109,0.09390187949013717,0.833815148523261,0.014282888303700055,0.05339839021150326,0.004601693471398626
110,0.030879769127981176,0.9180124466373194,0.042579312872332464,0.005116515304256099,0.0034119560581111325
111,0.031095774456320117,0.9278969545146666,0.028872735080972815,0.009223220049976786,0.00291131589806354
112,0.026094515867645326,0.8919889668458718,0.07303701946877084,0.0028494941628877126,0.006030003654824193
113,0.013824695055137058,0.7371787633423171,0.24237270423507495,0.0015181799029136765,0.005105657464557171
114,0.09900541495099316,0.87660537958791,0.009385071635121268,0.0062388205074977955,0.00876531331847781
115,0.02245214417006485,0.932272427120926,0.031101958586246214,0.0020801221534045306,0.012093347969358424
116,0.017366018434463032,0.6428611099930063,0.30842839628980234,0.0012585888298819205,0.030085886452846544
117,0.03972158792523474,0.8659895264558162,0.051393061292442754,0.005611861399578526,0.0372839629269278
118,0.025731643095246903,0.7465621038927523,0.10450309400503803,0.0025293381061691797,0.12067382090079351
119,0.01759180852273311,0.6026530356665563,0.2575975990371507,0.003737009398319804,0.11842054737524016
120,0.011585314101386614,0.09432412611392199,0.01970796257048844,0.00015731182370733456,0.8742252853904956
121,0.0029266373919649806,0.010308623133866596,0.0013041688879291895,0.00024302151849928656,0.9852175490677398
122,0.3917002019666086,0.05067130360046453,0.0001782338548587463,0.005172723667045409,0.5522775369110227
123,0.4001269112911689,0.22389240220610548,0.0008095045998940077,0.004469647106080368,0.3707015347967513
124,0.49478694661825634,0.4260657101695371,0.0010118263007483632,0.0034989477685232035,0.07463656914293505
125,0.3104199628552287,0.16373718839474133,0.0021657609627935602,0.022794058338077614,0.5008830294491587
126,0.6976642067485848,0.1519680419893347,0.0004558306228597591,0.052440580471225975,0.09747134016799487
127,0.44045802756779384,0.4082074373830415,0.0011093313016563408,0.07709602515959742,0.07312917858791086
128,0.17047172245438263,0.7076780497843995,0.0024807759595932184,0.0485736435706316,0.07079580823099312
129,0.4682769347601403,0.21006338646160672,0.00032532842224727203,0.19017727854340807,0.1311570718125975
130,0.2796327048782011,0.23025753015612577,0.00020281573803293708,0.15591454961451043,0.3339923996131297
131,0.5340940959994045,0.14925245041143426,0.0021347214250758474,0.2322919281988921,0.08222680396519332
132,0.015201082758755056,0.010052259894134663,0.0008966285325822033,0.0026789684506018886,0.9711710603639261
133,0.06472597643424606,0.017441791174275887,0.00015611337455154097,0.003322840849523982,0.9143532781674025
134,0.35843306633099287,0.009156685978508019,3.443552297256301e-05,0.007027169456250468,0.6253486427112761
135,0.5637975591336954,0.27858291818116226,0.0011120690934218768,0.012198253896186893,0.1443091996955335
136,0.5869701054305178,0.3317867524370515,0.00017174655960513365,0.030429549922340315,0.050641845650485316
137,0.7402028861633327,0.11851194035432522,5.523540661159454e-05,0.022927363784152003,0.11830257429157856
138,0.5545363784740951,0.35234474571505553,0.003137205073297322,0.0723004284654214,0.017681242272130752
139,0.396765985676502,0.5487462381564746,0.0014846528116794456,0.03768610368562828,0.015317019669715746
140,0.14907921913979644,0.7699094163456937,0.002115116256563289,0.06951466133693551,0.00938158692101113
141,0.042671545104197434,0.9056836876860596,0.005887542110569247,0.040616935956791764,0.005140289142382021
142,0.02181098192289609,0.9214197622651017,0.021057329726649355,0.03209774243744598,0.0036141836479070197
143,0.03086770221214206,0.803770439190602,0.13043389275704742,0.02756897326059193,0.007358992579616754
144,0.06798181632925808,0.8408263004937149,0.008515382467285162,0.07658015581377645,0.006096344895965386
145,0.014246215448575086,0.8994521937329009,0.06529778180247245,0.011509857348274059,0.00949395166777765
146,0.09684554495889464,0.8686136898014272,0.007340376114420165,0.020759643477247233,0.006440745648010987
147,0.03668818842579205,0.9461216675755476,0.00937457936510125,0.004304869378019142,0.0035106952555399432
148,0.034036831793934734,0.908643828093525,0.04471829004463452,0.005276622129737116,0.007324427938168706
149,0.07787812577021176,0.8966406361733394,0.01190437962445192,0.0038991802807062546,0.009677678151290652
150,0.05003729145218051,0.9380746612974068,0.0029152479289422857,0.0064345774575191965,0.0025382218639511535
151,0.034742749966767114,0.9573546087532991,0.0038639245747572153,0.001997062592051026,0.0020416541131255453
152,0.02864058407293042,0.951234341380817,0.015170373187827418,0.001543957920401876,0.00341074343802368
153,0.00980560399765467,0.801644848683383,0.18540554973737516,0.0009006117180953158,0.0022433858634918927
154,0.02337845980288207,0.7021669526519092,0.26542458063930646,0.0025112995745033887,0.006518707331398788
155,0.011338731989990261,0.9169955697680723,0.05966727162516466,0.0036576157772008964,0.008340810839571887
156,0.04624034365067503,0.888567116113425,0.02394910438682124,0.029168279535493898,0.012075156313585068
157,0.018468807777838044,0.92917601120764,0.038400599773066035,0.007369806327776296,0.006584774913679465
158,0.027674221166777164,0.9409122694267198,0.018607366278237756,0.005691633721160573,0.007114509407105016
159,0.035541012535146715,0.942070421709449,0.015734211152363228,0.0021749602288252258,0.004479394374216045
160,0.05319717010615815,0.9251989453761189,0.014170909996471252,0.0035340141957559005,0.003898960325495639
161,0.008619146489182609,0.8871588516244894,0.10115682498680481,0.001005523100228803,0.0020596537992944738
162,0.016101895804779384,0.9385707544725621,0.0422136427649013,0.0013881572528570188,0.0017255497049003107
163,0.00909863797240561,0.912815690783051,0.07277725041644029,0.002725455254779394,0.0025829655733237773
164,0.007232204137721485,0.8620780800365763,0.12591611480497605,0.0025248406054169275,0.0022487604153092564
165,0.04553565354856204,0.9258072931247465,0.009396240728081586,0.01564302676823614,0.003617785830373788
166,0.004802309910498343,0.48470044048166583,0.5057631049346966,0.002544567329765706,0.002189577343373431
167,0.020104974469078142,0.9218619851306745,0.04068155767207928,0.013066644036539194,0.0042848386916288245
168,0.022874211705887777,0.898500212989116,0.06749770609249725,0.005341816397812833,0.00578605281468638
169,0.034034289108246275,0.9183168830793856,0.024890984149045295,0.01647688294278169,0.006280960720541061
170,0.034872541309649376,0.934715201887182,0.018357914553725974,0.006545413605994183,0.0055089286434483725
171,0.04194268538551548,0.9343190610824803,0.0047067421726935494,0.006203985268665877,0.012827526090644737
172,0.07048547896961868,0.9112582287987111,0.004238365642870376,0.00858576668220237,0.005432159906597348
173,0.08144784983754438,0.8882411926978107,0.012477750112822492,0.012396924245019592,0.005436283106802959
174,0.0598335093029862,0.9118540621916013,0.012317855038580188,0.011610833175438132,0.004383740291394336
175,0.03433559033140828,0.853699329112401,0.08624492356622038,0.012288955750211106,0.013431201239759159
176,0.04355718962368696,0.8842750233447959,0.014544876624888061,0.04640250517308565,0.011220405233543387
177,0.03617047494943477,0.8360500222927824,0.06937588450005729,0.03430085255841498,0.02410276569931074
178,0.06651708410104647,0.8753496654193145,0.007189242316765717,0.04066695957972973,0.010277048583143674
179,0.3128062999530299,0.5662204652750814,0.002187434917576998,0.013858329387624158,0.1049274704666875
180,0.2042744601728957,0.7731003746308276,0.003962669212352041,0.006855088567538535,0.011807407416386244
181,0.139427243720448,0.8379020012757334,0.005280205768824386,0.007852600553549268,0.009537948681444917
182,0.04627264179214031,0.8862035649986569,0.058673966434473396,0.004202781618359874,0.004647045156369436
183,0.21619673716687948,0.7032194053364745,0.0023701078199881214,0.06917730653924718,0.009036443137410722
184,0.062163620357946904,0.8864615377002737,0.007847612544553417,0.036620734645554466,0.006906494751671522
185,0.0320958037458768,0.9177784370643726,0.01703376838745342,0.024744616730432822,0.008347374071864434
186,0.05210337762197172,0.8545364149249461,0.06503195187194363,0.019978240363743897,0.008350015217394592
187,0.08538159408074542,0.8804407344840011,0.0063882967153583445,0.019609508561579628,0.00817986615831578
188,0.034939709013421104,0.9362301489985149,0.012124828996363258,0.011985471136642872,0.004719841855057821
189,0.028897914228720272,0.9316555658204122,0.012603341160530138,0.02380566574483654,0.0030375130455009653
190,0.023764837705858508,0.8728406573338233,0.054963849425615344,0.044420538006852577,0.004010117527850247
191,0.05755908385927114,0.8502018579373797,0.004990605555113224,0.0803349392515858,0.006913513396650327
192,0.06630663613169382,0.8118764722457016,0.004788711273191202,0.10997429020196171,0.007053890147451673
193,0.03141778852164967,0.8441338149033331,0.04168992592101327,0.07109047972146358,0.01166799093254034
194,0.06943768447677762,0.7618624117251729,0.012103597078692019,0.14590911175649127,0.010687194962866162
195,0.12744736193250158,0.6507429698811964,0.0036974145593308577,0.2007056502849762,0.01740660334199499
196,0.12161785876691875,0.5524774201638292,0.0018881550052532751,0.30228068209260217,0.02173588397139673
197,0.07692042064773497,0.6379223354321284,0.001415160931080862,0.276831867544564,0.0069102154444917775
198,0.108211894294694,0.6906877898354843,0.0013667313472383706,0.18047874950166204,0.019254835020921367
199,0.09539505371074171,0.2239613664653174,0.00031554571351423384,0.4447375009611287,0.23559053314929793
200,0.18200123760811424,0.057663987889956136,3.897690618424854e-05,0.6271355797199383,0.13316021787580706
201,0.22560241555399363,0.17374468495687836,0.0003097606924287615,0.5709449136679332,0.029398225128766064
202,0.21689952401261564,0.13483101603596556,0.00029849185010723256,0.6292579430516974,0.018713025049614158
203,0.059926710363769814,0.03709134574209761,9.883309371772349e-05,0.8959702291465493,0.006912881653865383
204,0.0250147974199621,0.016389272978650542,2.3345832361363883e-05,0.9525565908425687,0.006015992926457206
205,0.026183518088999304,0.03484527489529626,2.502469259684638e-05,0.9319124783363075,0.00703370398679996
206,0.034521573491527735,0.016241384225995806,1.8617848934711667e-05,0.9448061120720304,0.004412312361511282
207,0.06300718404212882,0.027017855961313356,3.7152750512485356e-05,0.8993609709163982,0.010576836329647014
208,0.04941344564555629,0.04302930434454115,4.544611820174632e-05,0.900696498672356,0.006815305219344886
209,0.031056273023151164,0.05677576332692215,4.1747788748267626e-05,0.9047702871909696,0.007355928670208776
210,0.018811165846762845,0.03702310193339432,1.1373151685117477e-05,0.9336097208852275,0.01054463818293019
211,0.03654665178895271,0.029309951773125734,3.631764128693338e-05,0.9288331729071941,0.005273905889440597
212,0.040104288122526026,0.021103485904741096,2.73460428319869e-05,0.9320426280439229,0.006722251885977918
213,0.0433761530843338,0.019721210162133497,1.8407684000006644e-05,0.9291407545060815,0.007743474563451347
214,0.04089415503478502,0.008214850143020013,2.496679374009664e-05,0.9404736572763618,0.010392370752093068
215,0.03880816936822357,0.01709809648754008,3.3443790023401575e-05,0.9344140646140136,0.009646225740199342
216,0.05962023848753238,0.03961381998050157,4.339922654371275e-05,0.8843486726766782,0.01637386962874437
217,0.07492808472179265,0.05685651946082152,3.7430957851108684e-05,0.8354270986948935,0.03275086616464121
218,0.05840374195224441,0.03040511298958464,2.570327428953371e-05,0.8873871975454164,0.02377824423846484
219,0.07135442312705026,0.031548982855410634,3.35636841747001e-05,0.8841666256956018,0.012896404637762692
220,0.04151911065933787,0.10470438564287013,6.0943101896264405e-05,0.8452034604091867,0.008512100186708995
221,0.029470777683108282,0.01355232716719654,2.226766152692245e-05,0.9521857545759941,0.004768872912174218
222,0.0356946481769928,0.021912223343372582,2.5229750536184277e-05,0.9302116824429245,0.012156216286173901
223,0.03718658311345387,0.032278822187172325,7.75056079084183e-06,0.9206283075045584,0.009898536634024723
224,0.05058065060308913,0.03935979054519209,1.0844139166621872e-05,0.8565697510952971,0.05347896361725506
225,0.08145812079069216,0.05245750909745618,3.5005042541635865e-05,0.8529159339672125,0.013133431102097535
226,0.08726773133545955,0.02929451775580315,6.1617011848507115e-06,0.8742281192872194,0.009203469920332805
227,0.044008747707984235,0.0801297350642359,0.00015570174136608246,0.8699639594720213,0.005741856014392463
228,0.07687279698408084,0.07694014415049058,9.023103396858409e-05,0.8075813188524393,0.038515508979020716
229,0.10003658382321204,0.031909356709957704,0.0003029176102561646,0.8336463794664869,0.034104762390087286
230,0.10370990471488284,0.1783659390049008,0.00027116668579039315,0.6034357923020267,0.11421719729239932
231,0.10558184620757574,0.005326349209312637,1.7506111443462512e-05,0.055316671529487514,0.8337576269421807
232,0.014121492786725132,0.0008578299017147008,1.0739505074025748e-05,0.012381779248532652,0.9726281585579535
233,0.48735086450067433,0.0028498641566019707,4.0047096123130897e-05,0.01487125691245844,0.49488796733414214
234,0.4498518670265118,0.01606433746186028,4.432701388347093e-05,0.009644025477850503,0.5243954430198939
235,0.015235739646997766,0.0030515809624280126,0.0018886580727761528,0.0014041351022135958,0.9784198862155845
236,0.011583571161047706,0.002038433598885277,9.192056643583385e-05,0.006125545910238952,0.9801605287633922
237,0.004280585020209449,0.0005517463979974414,9.973726577846564e-07,0.0008202068045611127,0.9943464644045741
238,0.001248848781297994,0.00019838421193097222,7.623669316058567e-05,0.003113974301889952,0.9953625560117204
239,0.0009171658146225706,0.00041563351205376885,1.3697978781047051e-05,0.0011219768907907578,0.9975315258037518
240,0.005388613216922169,0.0021562933368922538,5.304962046028746e-06,0.0030610335492071215,0.9893887549349324
241,0.0050903195500791535,0.00021877789459997482,1.963792264474481e-07,0.0037687405228081067,0.9909219656532863
242,0.017837825735965766,0.013140402288351114,3.3810273438064824e-05,0.005139198495014541,0.9638487632072305
243,0.012140945585737502,0.0005761062506055143,5.7125473591175515e-06,0.00861866931141557,0.9786585663048823
244,0.0275749446950837,0.0012294693732694973,1.3615939546541388e-05,0.007393477232772973,0.9637884927593273
245,0.26939247428978325,0.010404518303742631,7.895059726299977e-05,0.05023894274554327,0.6698851140636678
246,0.1339591550733796,0.02230231984548307,6.227129315413623e-06,0.1391233986086306,0.7046088993431913
247,0.04046037360543209,0.002122864954730112,2.5057387086726443e-06,0.08855074196160581,0.8688635137395233
248,0.059661522229468966,0.009589108301368452,1.7081188939140478e-05,0.12573138196567485,0.8050009063145485
249,0.07619401555854147,0.002547280969690412,8.149822987834514e-06,0.17221334656889806,0.7490372070798823
250,0.19541174094509436,0.004311145003818356,6.022704477879328e-06,0.20230615066868426,0.5979649406779252
251,0.32744079399312015,0.02285212694580308,4.51855621978171e-05,0.38691319340130553,0.2627487000975733
252,0.14657891810102816,0.03890632472136469,1.6202304222462257e-05,0.10289566787125562,0.711602887002129
253,0.6351681415485264,0.04442308043865665,6.216140059596969e-05,0.17259396025903329,0.1477526563531876
254,0.20659504107469265,0.5298903699532646,0.0015361620670386123,0.14133784019712595,0.12064058670787825
255,0.13285003696501166,0.5945057314901678,0.003787981213590757,0.12346695804665565,0.1453892922845741
256,0.25037999772349684,0.173916968741072,0.0001603272785549561,0.2941130302998797,0.2814296759569965
257,0.08463843432021464,0.7645905834170763,0.0028567979663217096,0.05606140182434277,0.09185278247204456
258,0.0560059911098208,0.03238911959046291,0.0008681551196523586,0.01719834804703315,0.8935383861330307
259,0.017139631446780434,0.0026295706534929107,0.00024709135841803067,0.006337024116304288,0.9736466824250043
260,0.008650621158303666,0.0023639821475187344,0.00011243727971401907,0.001947426619576003,0.9869255327948875
261,0.030547156605235232,0.0027902569223806077,2.1575770945766058e-05,0.009993342162194057,0.9566476685392442
262,0.20421604396778245,0.002773161570220894,1.4119803818995318e-05,0.09008352222701914,0.7029131524311585
263,0.39721580644959437,0.0076723279611403995,3.958114107098487e-05,0.07504614504206304,0.5200261394061313
264,0.37188344522961336,0.006339765932512361,6.83072048245776e-06,0.08662519455409104,0.5351447635633008
265,0.7046424690898575,0.06943854747402277,3.1007124268488786e-05,0.15804670979907995,0.0678412665127712
266,0.5314487769279561,0.07637143008566957,3.356902845092974e-05,0.30052664612997093,0.09161957782795242
267,0.2532198681841637,0.39336202912137347,0.00036700581280211164,0.3303699869090678,0.02268110997259279
268,0.15106774134766357,0.4744898732653763,0.0005133617760529272,0.34896309365568084,0.024965929955226316
269,0.24779200721533595,0.4696264246345875,0.00039925580110038335,0.25270707736186904,0.029475234987107312
270,0.35257150275837834,0.3528749668841338,0.0006944590709857736,0.28352009101399034,0.010338980272511825
271,0.12830846410222002,0.8018613861066274,0.006325574655719383,0.04475312695687456,0.018751448178558693
272,0.2896913447080861,0.5330397225631411,0.0008435986135512794,0.16632231871573597,0.010103015399485426
273,0.110164230001087,0.8011610531799863,0.0015698485415224213,0.08175910926242706,0.005345759014977137
274,0.24841320125946606,0.5930145812795788,0.014601588431698525,0.09694239042322336,0.04702823860603322
275,0.13426904128018124,0.8260980660201535,0.007426637693742588,0.02543344105335712,0.0067728139525654795
276,0.02946761300556675,0.6547030788667159,0.2968236563320408,0.006416089960675174,0.012589561835001501
277,0.07956920536983328,0.895261060976652,0.004379923753057344,0.009264032461163328,0.011525777439293962
278,0.012109167885525322,0.850453771029723,0.1285681491348031,0.0038877100213588417,0.004981201928589635
279,0.05458033110581082,0.8965597401543082,0.03374246474199526,0.01038767512713557,0.004729788870750188
280,0.030685446873178833,0.95713373620927,0.0040337277920774435,0.005196569805101413,0.00295051932037238
281,0.014272344093704512,0.8591059895529188,0.11629741903184965,0.0056752891721649195,0.004648958149362288
282,0.013802891828584135,0.8805454766352181,0.09871271090586983,0.003825551142868846,0.003113369487458989
283,0.052548908939322465,0.9290770029814434,0.006343921037258687,0.009197500276530402,0.0028326667654452993
284,0.019733382588576244,0.9429546913702707,0.028024842189759726,0.0032690042998198515,0.006018079551573524
285,0.0775851083480635,0.8978462742066119,0.011543336029567348,0.005347984607132577,0.007677296808624709
286,0.023280044783732197,0.8719510485547273,0.09767198933930381,0.0021124978958825145,0.004984419426354521
287,0.0983522327401485,0.8851595719621197,0.008992805016704707,0.004578783802183802,0.0029166064788431405
288,0.025584613791831152,0.9365217979561932,0.033899498308789605,0.002054044381549396,0.0019400455616367938
289,0.006785949812281646,0.9101272511061204,0.07912436026116824,0.0023627714136782133,0.0015996674067515835
290,0.012603267731678684,0.8784370429703371,0.1009648471978032,0.0031772332975831463,0.004817608802597642
291,0.03812583168036814,0.9281175693638132,0.017893761828750333,0.0129639447213261,0.0028988924057420182
292,0.010442483083666694,0.8081687920102986,0.172718053405488,0.006518461371859997,0.002152210128686773
293,0.017769231556027706,0.9193322077582289,0.050950017442573145,0.006988802166858316,0.00495974107631183
294,0.013739275201386838,0.8301919697365504,0.1448474608793631,0.0056698089894994695,0.0055514851932002875
295,0.10989681677726428,0.842021862194582,0.013466532481803536,0.02765865863080165,0.006956129915548488
296,0.09418723310003359,0.8336372192651411,0.03120144393817147,0.010446063817371782,0.03052803987928208
297,0.03925086802566051,0.940056008238761,0.008221115420453845,0.004245195347639649,0.008226812967484875
298,0.10432323396940467,0.871226543345773,0.005412367799416774,0.013274439297560238,0.005763415587845094
299,0.03076259393718224,0.9283426981343845,0.013085015832892358,0.025019687627756342,0.0027900044677844943
300,0.024094915963672896,0.9060362220658941,0.018365038359086993,0.04844809094604385,0.0030557326653022666
301,0.13747368256286083,0.7249374295378064,0.009569461520242411,0.02565780022461245,0.10236162615447797
302,0.3351044293862858,0.6030889338325351,0.0019493809390981338,0.052633665693442355,0.007223590148638548
303,0.1825644923298774,0.7969827215357689,0.009131664119429237,0.002053072378723028,0.00926804963620146
304,0.10287130631033534,0.8790173724972671,0.012433948574748232,0.0013588756106332784,0.004318497007016062
305,0.04743770928565318,0.8777563980967914,0.061900228538351205,0.00798558585781511,0.004920078221389181
306,0.030003412130916247,0.939592627651503,0.020347305889466375,0.00606912258344242,0.003987531744671802
307,0.013000606589488919,0.8823051133994761,0.09409482889014945,0.0051471160851062365,0.005452335035779333
308,0.03983073507260902,0.9385696728368639,0.009469298729023063,0.006408520278414332,0.005721773083089675
309,0.025239053495454272,0.9371918955918148,0.03234977925046902,0.0032319851062940605,0.001987286555967885
310,0.013769361288553602,0.9267222127803589,0.05265238591327602,0.002316696507519765,0.004539343510291415
311,0.017004520511795566,0.9442188025042969,0.03141797306098945,0.0036607020203373503,0.0036980019025805873
312,0.022091027508616818,0.9549613509046077,0.01589525663348267,0.004106067534129314,0.0029462974191635377
313,0.010683583355268745,0.9092068059458255,0.07155404345181643,0.0025401476050575414,0.006015419642031723
314,0.026972079852825178,0.9432570533931685,0.021683214513564447,0.005477875371950216,0.002609776868491717
315,0.0064276915354594295,0.6441045061148429,0.3463932109393352,0.0008391739628652897,0.0022354174474971183
316,0.006202505084072425,0.7519444211221998,0.23749995170881918,0.0015508823342973647,0.002802239750611191
317,0.01450271067176342,0.9061447176925542,0.06942745188055209,0.0052571882053357374,0.0046679315497944835
318,0.00270512652174149,0.8379965726289902,0.15439059063496488,0.0012235721328013283,0.0036841380815022203
319,0.004179395892884148,0.8226542253196087,0.16915803948320865,0.0012102086581754212,0.002798130646123068
320,0.004932643182881094,0.8343286032568439,0.15747956540632851,0.0008642535741692456,0.0023949345797773624
321,0.004702111453609534,0.8121976335906502,0.17542680827032825,0.0009492118155108018,0.006724234869901215
322,0.005520250551325511,0.9014452849049179,0.0875275306192402,0.0025722720550234723,0.002934661869493151
323,0.004151393162024773,0.8712521133678932,0.11704012761950004,0.0018192240095673833,0.005737141841014713
324,0.005328917639708052,0.8840884216815487,0.1035015665957578,0.003911871667930724,0.0031692224150546714
325,0.056051076905690424,0.9160023715451755,0.010563181120297398,0.010605999088803839,0.006777371340032741
326,0.009645539851601975,0.9406895170585237,0.042198665216177836,0.004395969850186378,0.0030703080235101104
327,0.017478917297447848,0.9092641916485581,0.06682123832111513,0.0025858895942501,0.0038497631386287287
328,0.0349583404434662,0.9246689456344211,0.02914055634457546,0.008627711284240166,0.0026044462932970167
329,0.01756150825567954,0.9083752533126113,0.06603511436921793,0.003983619187989839,0.004044504874501184
330,0.004063098820472217,0.38069752407721497,0.6119733816529305,0.0012733393599349883,0.001992656089447378
331,0.009056104983601806,0.6251047110132651,0.3527170065772435,0.005000327521003967,0.008121849904885715
332,0.03505344885693308,0.845116285253109,0.08734045123269953,0.019721726690774412,0.012768087966483916
333,0.06908601236515166,0.21851322294763392,0.01835602904054797,0.0064261871758517,0.6876185484708147
334,0.39935785649687366,0.5189894373028068,0.005706819877303541,0.017655469161217126,0.058290417161798835
335,0.14901941482311237,0.7802601613421447,0.041275705898113274,0.004133388075714368,0.025311329860915388
336,0.1079379385619183,0.7433442571527992,0.012882464432940229,0.0030077849215467784,0.13282755493079548
337,0.1699532395748248,0.7586852120359322,0.007886638413932105,0.01817375591215964,0.045301154063151175
338,0.14339600014819953,0.8303796967585956,0.003857068543282256,0.011354809001839036,0.01101242554808359
339,0.08790167561041537,0.8393974597188776,0.023515411707944477,0.021687716905486813,0.027497736057275637
340,0.05279745457312723,0.8848501144590223,0.00549904740154734,0.0343839948132559,0.022469388753047246
341,0.06447436298873357,0.8328511904144025,0.0049338671153499065,0.03129225688491918,0.06644832259659476
342,0.062318473369529545,0.8503404650868068,0.005445611645212771,0.03252597200810395,0.04936947789034702
343,0.011427135528945098,0.12227377371705103,0.005176205554690618,0.02238656047485329,0.8387363247244599
344,0.025771675377236184,0.03156214377237938,0.0003060621050624237,0.03802061980879199,0.90433949893653
345,0.15230576344869315,0.07055094678429574,0.00031791218998018236,0.10799407425498901,0.6688313033220419
346,0.3377330277955223,0.26572176059595054,0.0002892946336663434,0.2194359448393042,0.17681997213555664
347,0.5430868254267195,0.3033099845465494,0.0004610971416533977,0.10415989904802933,0.04898219383704833
348,0.17385105936172776,0.6448029377493928,0.001291924452426445,0.11019993281017379,0.06985414562627912
349,0.4134042303813264,0.21683017012593395,0.00012155631542254853,0.19849381928885756,0.17115022388845952
350,0.11415814168271753,0.7153837300907727,0.0011722774107320694,0.13393574061371372,0.03535011020206385
351,0.25670087921832285,0.5813130360510562,0.005291629202999417,0.11656591875616179,0.040128536771459625
352,0.13469045770513,0.6521773118302551,0.018554702467692554,0.1244192282315921,0.0701582997653304
353,0.12081206404698355,0.6506607801692976,0.00212577267501645,0.21112721851435742,0.015274164594344867
354,0.1903332887744308,0.624094393890902,0.0014780389848518308,0.15419194177881018,0.029902336571005352
355,0.4622261290004315,0.31153355403659055,0.00022834436834900208,0.1863511624758087,0.039660810118820305
356,0.5632892984397361,0.31476844790395464,0.0008237324268795178,0.09307652075502491,0.02804200047440487
357,0.27333081199874987,0.6784900756584366,0.006493289517509686,0.03394595138395298,0.007739871441350949
358,0.04610952042201005,0.8633549770863236,0.02290917196275903,0.06311141076805603,0.004514919760851241
359,0.0635111124928197,0.7978842342967654,0.007421618958465545,0.12311008438168107,0.008072949870268362
360,0.04427378593989345,0.755179753209086,0.010917558021331231,0.1819498168388818,0.007679085990807459
361,0.025501912327755092,0.8760770720722861,0.043412045650981376,0.04666723981595944,0.00834173013301807
362,0.13132813050028208,0.7642622754943638,0.01419546715172452,0.07210022197046338,0.018113904883166203
363,0.39878900377925286,0.48774679781843244,0.0012610755428260822,0.059939736724973325,0.05226338613451529
364,0.03299791004100591,0.9369342371452073,0.018182440875492173,0.0077473213641353934,0.004138090574159471
365,0.14805322882338837,0.8194041679228535,0.006829640501423519,0.020931758465230953,0.004781204287103534
366,0.019723889242028288,0.848837216719067,0.12316019861664715,0.0046885114889821155,0.003590183933275643
367,0.1097987866675578,0.7800286211973623,0.010277421544872973,0.08470350527540411,0.015191665314802877
368,0.07673481624589565,0.8625723491213036,0.007047614754442021,0.045028225475794235,0.008616994402564537
369,0.12854783499401098,0.8416421498298129,0.004813948860300921,0.01823453155725091,0.006761534758624261
370,0.11427437142883137,0.8620170719933964,0.00626859523965234,0.012954032194133276,0.004485929143986486
371,0.012345688615723957,0.8694189144920481,0.11130382955047968,0.003136453745161714,0.0037951135965865095
372,0.06633501260333344,0.8778169382003974,0.015000592106433635,0.0317746828553833,0.009072774234452194
373,0.018829320552819676,0.9238994674277936,0.0303196009719505,0.023053574391870016,0.0038980366555660907
374,0.03180565608106075,0.9202874441980249,0.018798164128298073,0.021790852664257336,0.0073178829283588945
375,0.07619014822354349,0.866435454738037,0.009819060961504858,0.040635615123287706,0.0069197209536269915
376,0.05607088736306604,0.9245657582804624,0.0029230456291813576,0.014238191510028347,0.002202117217261739
377,0.015571578702221103,0.6824304331948564,0.2917977627171004,0.005646711254375081,0.004553514131447049
