epoch,N1,N2,N3,R,W
0,0.0005124303406669492,9.08701931237439e-05,1.1367692875841298e-05,0.00015235149213550529,0.9992329802811979
1,0.0017494132814886063,0.0012516996052172565,0.000326417899092809,0.0004320439022658746,0.9962404253119355
2,0.00037044854145045576,9.667579668363693e-05,3.1908135542910005e-05,0.00035520078407954734,0.9991457667422433
3,0.0011187621738069523,0.0004878495263120691,2.8256179962729975e-05,0.0004860142253397112,0.9978791178945786
4,0.0004554942177783808,0.00018938019839596015,1.9804757929092154e-05,0.00010207444883535682,0.9992332463770612
5,0.0011919197429296501,0.0006623340011165757,6.232078512128427e-05,0.00018855731919010342,0.9978948681516423
6,0.0034261725163861763,0.005821502780925494,0.0011437138095845736,0.0005475507863412892,0.9890610601067625
7,0.00046913762664128276,0.000466230116693442,5.980671998290411e-05,0.00013260899893600603,0.9988722165377465
8,0.0008470596377128522,0.00022808731715048694,7.820176453192137e-05,0.00013694257139142815,0.9987097087092133
9,0.000530825452405322,0.00023745603803859813,0.00012591730373610215,0.00010766984869297766,0.9989981313571271
10,0.0012889559285989092,0.00029839525997195387,7.066190885634212e-05,0.000139709855891057,0.9982022770466816
11,0.010439107292478393,0.0015586076364881435,4.94382860244339e-05,0.0004541304691275473,0.9874987163158816
12,0.06406425867242195,0.006297619272435281,3.84661662109829e-05,0.0006189255143178934,0.9289807303746139
13,0.0011488138930336187,0.0007932256861271481,6.714645096948586e-05,3.467036537260748e-05,0.9979561436044971
14,0.001091024462950945,0.00013693195642820844,1.656023263216164e-05,0.00011077561329168628,0.998644707734697
15,0.048068469753485527,0.005328491364535771,0.00010036194517594471,0.0033313557569255594,0.9431713211798772
16,0.025531298406640684,0.00494161246870184,0.00013847843517533428,0.002193016851554499,0.9671955938379276
17,0.0006307036234895883,0.0002692728441950036,1.2406431622287608e-05,2.4085590767730824e-05,0.9990635315099254
18,0.1516844963441967,0.01539154423390834,4.738405243202689e-05,0.012927666283920478,0.8199489090855424
19,0.04962471607763457,0.017414465985889582,7.746955175687643e-05,0.005817320575176827,0.9270660278095422
20,0.0008286769349250214,0.00023730627495129582,2.0189351418928865e-05,4.406712127464121e-05,0.9988697603174302
21,0.052984690984043716,0.009678938103951307,6.364473821070776e-05,0.0007937797573013055,0.936478946416493
22,0.0059968277738262485,0.0029663798855541356,0.0005719245546295208,0.00020260634531494084,0.9902622614406751
23,0.0010476018002680359,0.0001904512228693058,0.00017676720862921317,3.438159506023549e-05,0.9985507981731733
24,0.00022283662055095783,8.423036036010855e-05,3.73208920843025e-05,1.0030695339054585e-05,0.9996455814316656
25,0.001955479294057313,0.0002672397909390736,2.993081597504981e-05,2.4492936996859905e-05,0.9977228571620316
26,0.00598446590405977,0.0017064586739941427,1.2691694569882093e-05,0.00018694738264612973,0.9921094363447301
27,0.0009387763802206997,0.00032816826911467455,3.5266673462270405e-05,5.8045621780185245e-05,0.9986397430554221
28,0.0006120434698443677,0.0016549494922426704,5.892943241044878e-05,4.120339000692451e-05,0.9976328742154955
29,0.0014715029452571757,0.0005953106760807069,9.054304706617015e-05,6.153903355818441e-05,0.9977811042980378
30,0.0004725078866428483,0.00012985830187689824,4.551613728835209e-05,2.9067845785373427e-05,0.9993230498284066
31,0.004552900919802866,0.0008793420046418364,0.0006426930061067538,4.045140625553501e-05,0.9938846126631931
32,0.0055025874916887684,0.0005579274608901265,5.154862692770676e-05,6.149029262287273e-05,0.9938264461278706
33,0.10729573582661509,0.013171969727586509,0.0002719984107496328,0.002582976210901816,0.8766773198241469
34,0.030646710592392795,0.009314076125934167,9.471458632660324e-05,0.0021165360389197685,0.9578279626564266
35,0.20519242862315565,0.13291186397690194,0.0001727805632992661,0.017854073754131474,0.6438688530825116
36,0.24999997555210074,0.08379208278063897,0.00022879617681592328,0.03254200765513793,0.6334371378353064
37,0.198356108496223,0.04072762658391513,0.0009072252545016122,0.010679277199224778,0.7493297624661355
38,0.20584334873228885,0.03900086096737894,0.000933160509440585,0.007029376891045812,0.747193252899846
39,0.14195117934402207,0.09489292165277707,0.00041156347876881717,0.11035501007435566,0.6523893254500763
40,0.3238608163855796,0.08753698404013653,0.0006043621762054848,0.06512358158957818,0.5228742558085002
41,0.3926730200730148,0.2518861761663142,0.000824792167340307,0.08827327218548732,0.26634273940784325
42,0.41780585930159936,0.10652746714673082,0.00163763613063134,0.01273418716805452,0.46129485025298395
43,0.1966725226033112,0.10121597611687945,0.0036749862138747945,0.028117890735615953,0.6703186243303186
44,0.14489153173286395,0.1104942363369324,0.0010347940006495868,0.360236401417285,0.38334303651226903
45,0.2369219807020651,0.19727513899026483,0.002232246647459391,0.18189898226214102,0.38167165139806963
46,0.20932786491453664,0.11955682570538297,0.0024728383322942036,0.05360354365726962,0.6150389273905166
47,0.36023037490271287,0.1798479249124031,0.003689945838309327,0.029697021139685018,0.4265347332068896
48,0.2702832827794942,0.18004991594553515,0.0005650113908736647,0.18368221301646748,0.36541957686762944
49,0.5217610516341968,0.15551551117129625,0.0032228422047495043,0.029491425119627945,0.2900091698701295
50,0.5736187666738467,0.15993954928779458,0.0061506700831182445,0.0411701680817414,0.21912084587349923
51,0.36341925487596605,0.18299885436368013,0.004070166854286063,0.004933162745088594,0.4445785611609793
52,0.22053935704549982,0.39158842981539976,0.019200912344465235,0.0038273521786730603,0.3648439486159621
53,0.35665075354661113,0.3019385166126648,0.012905280612030093,0.006425298522538937,0.3220801507061551
54,0.2662498349810081,0.4052763779109998,0.019782606916243565,0.0030001313530427154,0.30569104883870585
55,0.3205609990102289,0.24499564362430098,0.011846916581432975,0.005380524870878035,0.417215915913159
56,0.22084921491015197,0.5778350009749913,0.022568400724587566,0.004596298386802549,0.17415108500346674
57,0.22822063842849855,0.1400783326547937,0.007099274538404622,0.0031038600405709133,0.6214978943377322
58,0.18093115984799457,0.4052493711105277,0.026808553415158507,0.0028242294267575704,0.3841866861995616
59,0.19158157942165424,0.2759781482913679,0.010592740757746067,0.003962868915914766,0.517884662613317
60,0.3261034734541622,0.2638515284103213,0.006007448275950033,0.004924891573253784,0.39911265828631265
61,0.33121202323866744,0.44227651330124323,0.010294669623436108,0.0038601720021496956,0.21235662183450355
62,0.3934901948009893,0.14442736943306925,0.0025760931755520067,0.0021342608032671948,0.4573720817871222
63,0.5020888710872656,0.24016316482527097,0.005034842272575761,0.0020944054441865796,0.2506187163707011
64,0.46497973440683776,0.3128670593606517,0.008738723534158029,0.0016582022353144698,0.21175628046303813
65,0.5505486601988929,0.3055573203578742,0.007964209191066468,0.002043967496994935,0.13388584275517149
66,0.1955781002659263,0.5376135174491637,0.018758350643572393,0.002792226455222631,0.24525780518611492
67,0.19958467683911407,0.6302201658773275,0.03150992453847088,0.004389916173327689,0.13429531657175978
68,0.2399569474591644,0.4715531999989682,0.02801690715519003,0.003938929356593515,0.25653401603008386
69,0.16309354267090803,0.5870131909648518,0.05912380081224554,0.006520168851323092,0.1842492967006714
70,0.21164837169077108,0.43061431652181154,0.021206781084025662,0.007619309263137219,0.3289112214402547
71,0.27740166727836163,0.4681882487673839,0.016621472060544058,0.004702601734783384,0.23308601015892705
72,0.1890857919665818,0.6414570987562244,0.03984769949947076,0.0029843810451138826,0.12662502873260914
73,0.06758769459686054,0.5865413104264322,0.056712217262551434,0.0028854611442854228,0.2862733165698705
74,0.058381186843976994,0.575319598220756,0.025536907395273305,0.0028659581933191615,0.3378963493466745
75,0.01006305924565057,0.01966967784370872,0.0017283066258168146,0.0004190599887819685,0.968119896296042
76,0.10241364992751414,0.07853532083821392,0.002185761390315516,0.003824293422640237,0.8130409744213162
77,0.20445203966470335,0.16513334844773542,0.004930880495709022,0.009076965770393708,0.6164067656214585
78,0.31019569511734607,0.13201818950938965,0.012272612121119785,0.0057609851965288545,0.5397525180556157
79,0.05812292018292833,0.07129508814211195,0.003369759864964976,0.0016525507196430368,0.8655596810903519
80,0.03068514951195749,0.039721255581436195,0.002723050632542402,0.0013575825727483745,0.9255129617013156
81,0.023959670961504843,0.04549235421230147,0.00223000212837557,0.000997705424218526,0.9273202672735995
82,0.023625418410252404,0.015680655749135627,0.002905464892300327,0.0011326315200009868,0.9566558294283107
83,0.03607393567293746,0.0121455435550325,0.0003265563928319226,0.001179927978889824,0.9502740364003084
84,0.22368102002845774,0.19061492382027356,0.00237094337570971,0.015123318041907278,0.5682097947336517
85,0.42212918629555635,0.20543756436056418,0.0016120016448617296,0.023998206314015672,0.3468230413850021
86,0.4033765373490057,0.11813717680003334,0.008124881608167293,0.00864194389218898,0.4617194603506046
87,0.1650625515742804,0.4974774516548599,0.01635963192609496,0.0059215562990599,0.3151788085457049
88,0.2640359118916928,0.4320053103552251,0.012137866726446348,0.011677565651878098,0.2801433453747577
89,0.24193979117646777,0.47284849574565013,0.02664659658551612,0.013362814475033444,0.24520230201733256
90,0.11185507016425725,0.3968246816391004,0.018710314616590222,0.009242023153837119,0.46336791042621495
91,0.28694050635382967,0.4735744922082274,0.02999623038201975,0.01184180954406331,0.19764696151185973
92,0.2886634811533234,0.1923796505027985,0.007069640121397976,0.011823427900214158,0.5000638003222659
93,0.15237829756882118,0.43528046663487324,0.03201821358526081,0.009821498908919231,0.3705015233021257
94,0.25482372380037716,0.4595822347058017,0.013420548076763338,0.004434837886106379,0.26773865553095144
95,0.11461303064866994,0.27584837800210227,0.01573675853963444,0.006152050567326869,0.5876497822422665
96,0.008532456405817741,0.011180075244347484,0.00022350562964739594,0.0010602104622052181,0.9790037522579821
97,0.0019126230896545223,0.0013981211339905634,0.00047500712610184023,0.00018439448762535394,0.9960298541626277
98,0.0037084538743799777,0.0037405216457556093,0.0001588110554578097,0.0002657686269777919,0.9921264447974287
99,0.05651969568239133,0.01377060855390733,0.0007375140902178083,0.0013982497648339647,0.9275739319086497
100,0.06121070205943769,0.08953884745830372,0.0013009050704405657,0.007884268495230804,0.8400652769165872
101,0.001218371807864518,0.0018601159092866452,0.0001858453827554245,0.00020787778080975897,0.9965277891192837
102,0.0006168915756290907,0.0010824884919529297,0.00031637449710716843,0.00020033880918543645,0.9977839066261254
103,0.0030856832930170803,0.0018251330199301912,8.698335064146953e-05,0.00033834344538509036,0.9946638568910261
104,0.05846466692390598,0.008449069891119964,0.0002212823961485673,0.0015821418551149559,0.9312828389337104
105,0.017527969270084872,0.0036244581186653216,0.00011688398575804728,0.0007088628813483549,0.9780218257441433
106,0.04683958370007767,0.0368783350849312,0.00039189617450727303,0.00710454852861275,0.9087856365118712
107,0.00213560243796256,0.0019603335811847716,0.00011952083836879636,0.0005540370277507721,0.9952305061147331
108,0.0412730563929625,0.03005799118238511,0.00015098525356172974,0.018960200859532882,0.9095577663115578
109,0.01349105738925602,0.004231700300476086,4.293602982949879e-05,0.001393657529909491,0.9808406487505288
110,0.003860002097731721,0.002673330293919341,6.843160449783228e-05,0.0009095392087723104,0.9924886967950788
111,0.20722143357415704,0.09767241715047856,0.00037082608069933176,0.12619412208361175,0.5685412011110533
112,0.007835833125591283,0.003507272290668613,0.0007888185803153983,0.0005565450741610369,0.9873115309292636
113,0.014426085841536427,0.009233745886694428,0.0002411629404196642,0.0013339466315916491,0.9747650586997578
114,0.020951397450461953,0.009657856941394368,0.0003532025421965668,0.004449382770953271,0.9645881602949938
115,0.023325042528839136,0.014900503913846251,0.002050453353630527,0.0019087323123579895,0.9578152678913261
116,0.06513939832617956,0.06371898636404144,0.00040347923757002446,0.011896627007239508,0.8588415090649695
117,0.03125718099766153,0.007117164161423999,0.00045718250222647724,0.0019658106042184454,0.9592026617344697
118,0.0003398496553926487,0.0003939899240615686,0.0001297468504320758,6.336452611224642e-05,0.9990730490440015
119,0.002043054783211361,0.0007823510751849838,0.00018246041462423098,0.00011072191865821059,0.9968814118083212
120,0.0005657332720961451,0.00033381438738229273,2.44678553438631e-05,7.761233489951787e-05,0.9989983721502782
121,0.0005797955037385302,0.0004426373519829443,1.8780690799917344e-06,7.997605050294436e-05,0.9988957130246955
122,0.005424500686775623,0.006921814294404851,7.375327318692382e-05,0.0012506251902978094,0.9863293065553348
123,0.0025656955742193207,0.009421021120674946,2.024365751316347e-05,0.0024496345388154168,0.9855434051087771
124,0.006719686772607418,0.004790290185207906,1.4905227693621858e-05,0.003867761212076422,0.9846073566024146
125,0.012122864094847162,0.005056305839680574,1.669443671186288e-05,0.006394109293211897,0.9764100263355485
126,0.002051280909591544,0.0037987709886427544,1.9755698426396666e-05,0.001341378598918269,0.9927888138044211
127,0.0022381484237853793,0.004149139500088036,1.2723843928448115e-05,0.0029049203141116252,0.9906950679180866
128,0.02274132629172523,0.005088989650443922,0.00028786608290442623,0.01287978446396994,0.9590020335109565
129,0.0015989658264879568,0.0007407214139400419,3.711201212279692e-05,0.0015446551355639778,0.9960785456118851
130,0.003464482956007777,0.00047770459879915167,2.086681343879377e-05,0.0010822296904974902,0.9949547159412568
131,0.00048274549718510713,0.0001971338361021228,3.126012587932825e-05,0.00019925171868510506,0.9990896088221484
132,0.004951840744558425,0.002399447362777421,1.1133809743135674e-05,0.0032661099590528854,0.9893714681238682
133,0.11407068605313851,0.008045438886845049,1.9380710476575586e-05,0.09443157948959724,0.7834329148599427
134,0.253624581704463,0.07041526674959381,9.178604599165504e-05,0.19623401248444672,0.4796343530155049
135,0.3461598252066795,0.0942176566420816,3.807792138577631e-05,0.30297446538616596,0.2566099748436871
136,0.09874565009522082,0.024926908867160272,1.4917301034980356e-05,0.05119279142723965,0.8251197323093443
137,0.022851753036045527,0.016278176834457588,1.025396710726862e-05,0.0250123863033281,0.9358474298590614
138,0.3228954945081483,0.17699508972880484,0.0002795253797109717,0.16831440239582332,0.33151548798751246
139,0.25984743218421336,0.12355767149075303,1.7750056717716804e-05,0.10470437578138107,0.5118727704869348
140,0.25988883133725865,0.09323033645416647,0.00017345040701582324,0.07450186823707139,0.5722055135644877
141,0.41713172605624516,0.12517019941166607,9.857147499436837e-05,0.09788440154982618,0.3597151015072681
142,0.3683935097761661,0.1927879229507585,2.698711027528394e-05,0.35714317269425,0.08164840746855015
143,0.3409351932510923,0.27934861614488365,0.0014640251425448694,0.22901584534391173,0.14923632011756757
144,0.13957921211936516,0.22808252844725205,0.0010651926015978169,0.5264067233008831,0.1048663435309019
145,0.21285991551022923,0.13182988547341723,0.0019385045230726464,0.09061162899847079,0.5627600654948102
146,0.09112532918783392,0.30563415904486,0.0012369565764817918,0.3905151665468401,0.21148838864398417
147,0.10688195132104072,0.41530456988456166,0.0012245082173348973,0.09987903456646231,0.3767099360106004
148,0.004762367759765546,0.003543034203527117,0.0001746536394909477,0.0034472101924949037,0.9880727342047215
149,0.015987405717622083,0.006145521985103041,1.1022280345151011e-05,0.020302164388403175,0.9575538856285266
150,0.3084658071560357,0.03013930249285394,9.091234323141509e-05,0.22528729382483098,0.43601668418304784
151,0.0030103981458633037,0.0009599959738200619,0.00016573043098316726,0.0014903632647862433,0.9943735121845473
152,0.002785183865936666,0.00044897287986848207,3.998088269459245e-05,0.0023166541156004754,0.9944092082558998
153,0.005371217160142673,0.003910821383315066,9.530121570393651e-05,0.021236691153727685,0.9693859690871105
154,0.30355388978775344,0.009126797360969425,6.147101760726562e-05,0.10144070321183435,0.5858171386218355
155,0.2724792498648549,0.03420424663736714,0.00017831159244722757,0.028475855014874634,0.6646623368904561
156,0.08970758386739577,0.015530491378937618,0.00015339079293006145,0.01379263760668495,0.8808158963540517
157,0.14226946612485017,0.04583138326986885,0.00032100857353447915,0.02743001196009481,0.7841481300716517
158,0.025620556673678338,0.013042614261825354,7.884076283276683e-05,0.012023478386411992,0.9492345099152515
159,0.08639314993487525,0.03709707039337141,0.00322958576226617,0.03755941693399304,0.8357207769754941
160,0.12081062325285033,0.08089451425041033,0.004176815013477513,0.16752360521561788,0.626594442267644
161,0.1139709899787207,0.09818421636863059,0.00037264456078541967,0.7420977126019336,0.045374436489929795
162,0.008991132259894542,0.007314866670715314,0.00027711804953968846,0.015274039221991643,0.9681428437978589
163,0.033346461068866386,0.011259859723396286,0.00027304764767449114,0.019671034797864508,0.9354495967621984
164,0.3365052001905579,0.11166979139370609,0.0001566114381601023,0.4861912564764928,0.06547714050108296
165,0.32150485194408335,0.23240859380945414,0.000515444433906193,0.09306074679110152,0.3525103630214548
166,0.19753129464338434,0.3195524430214998,0.001775235046816234,0.09785201680193108,0.38328901048636854
167,0.14321890940959195,0.31869942883487395,0.001337102247295309,0.11811745561079816,0.4186271038974405
168,0.051274753117529354,0.04038714512282794,0.0002975958635640963,0.02981604445652943,0.8782244614395492
169,0.15596316224055415,0.14808235731214459,0.000224491473307651,0.4375986110061994,0.2581313779677943
170,0.11654690922831394,0.31239955585573514,0.000771259519408317,0.2213240231685877,0.34895825222795485
171,0.005341783590192944,0.005569210018208552,0.00034787015339392215,0.0016925270324392114,0.9870486092057654
172,0.050404338388694174,0.017192977683430512,4.552710322336937e-05,0.02721585181838954,0.9051413050062624
173,0.24409906489016858,0.06411242059413487,0.00023320512915477666,0.25552861820581785,0.4360266911807239
174,0.023600380021410624,0.009445426771060061,0.0004112640280608782,0.007921732285152108,0.9586211968943162
175,0.027541899912757368,0.00416426002554929,0.00015729750353292158,0.007371358418686697,0.9607651841394736
176,0.21104955114548665,0.025594858561624082,0.00015881139855399655,0.036333969207263395,0.726862809687072
177,0.6371052749216923,0.025850519302152333,5.272473454484085e-05,0.2078999423511638,0.12909153869044682
178,0.18385636176895626,0.44316676301184693,0.00201160087045586,0.19774605989238447,0.17321921445635635
179,0.12188132728528796,0.615196953724164,0.005764871278234473,0.11201158755959958,0.14514526015271406
180,0.10971158740408254,0.42592750867832024,0.0009051424310869389,0.3135965195416828,0.1498592419448274
181,0.05754031039857115,0.7505167041977835,0.0009154626495703054,0.1680195435747577,0.023007979179317354
182,0.061932605434649325,0.8243646789162747,0.014830359731109743,0.07196074711559246,0.02691160880237366
183,0.21333480402010782,0.7196058844043438,0.00512814890261371,0.02176162423655809,0.040169538436376676
184,0.44481723736558315,0.3203195257589176,0.006402831922249668,0.018672246976645164,0.20978815797660444
185,0.13686264723770708,0.8155066633834367,0.020772157604253386,0.006533333858423771,0.02032519791617916
186,0.4284192381429309,0.4733019209490408,0.006606979135099413,0.006775969142273633,0.08489589263065513
187,0.07568887165087176,0.8410330655387162,0.0773383507129104,0.000635983431781461,0.005303728665720471
188,0.015927375981793092,0.8411459523708107,0.13406060290782867,0.0010067245295299928,0.00785934421003767
189,0.03043379903434635,0.7737776760298636,0.19054384730546947,0.0010228405597177959,0.004221837070602827
190,0.01243715475022968,0.6183464789027321,0.36435529672326034,0.0009767389318770545,0.0038843306919008292
191,0.027140665271154996,0.47755932781303423,0.4830751992168394,0.003364405989352264,0.00886040170961889
192,0.011749422133553485,0.3302178990529365,0.653531574612784,0.0005609901352361825,0.003940114065489625
193,0.006501349800877278,0.25712537682908027,0.7266969797664771,0.0005259399762269299,0.009150353627338454
194,0.027194838988506668,0.4711503431045982,0.4840432095252737,0.001551790059693687,0.016059818321927523
195,0.00980292521555174,0.32476815788997043,0.6617458649182839,0.0008593564806191315,0.002823695495574865
196,0.008249163220334706,0.2245899503795463,0.7617420621063344,0.0015502093504764281,0.0038686149433081883
197,0.0030563953456957727,0.14567602842055186,0.8488518055797634,0.00035525559595335173,0.002060515058035534
198,0.005323669721837616,0.17168675085521728,0.8202418352147087,0.0007047328454674056,0.0020430113627689472
199,0.005148428798714242,0.1348577105164051,0.856689401853252,0.0006927695648603558,0.0026116892667680126
200,0.006729863142491646,0.11470494314976275,0.8755029513305336,0.0009360459903255166,0.0021261963868864225
201,0.0035451673881268186,0.1650921711052583,0.8271519933949811,0.0004112106596731109,0.0037994574519606555
202,0.004097961735370214,0.07322660647709293,0.9187387792830816,0.0007554661116427028,0.003181186392812601
203,0.012528345083092566,0.15672264394879196,0.8262137389450392,0.0005746971466886821,0.003960574876387458
204,0.004006333553411045,0.1618369351441546,0.8269964756819916,0.0008403516812203081,0.006319903939222461
205,0.0011074906416841824,0.03915664999714578,0.9577500563066911,0.00037057062847977487,0.0016152324259991213
206,0.0036842267103034316,0.06703585207503525,0.9272381257113965,0.00044018983030330594,0.0016016056729615201
207,0.0008576890153975712,0.023296227600188027,0.9742598776633212,0.0003350920751683402,0.0012511136459248864
208,0.012317022810514439,0.20939276096476994,0.7701608471859912,0.0026840521074576146,0.0054453169312667846
209,0.0010987945566595541,0.025313881981309752,0.970555283312309,0.00041830827242353815,0.0026137318772983713
210,0.0028885860363697608,0.10686412014571958,0.8853267955788462,0.0006592887768765358,0.004261209462188137
211,0.0009683954477708798,0.02578314926098644,0.9702621572406753,0.0005107948329008703,0.002475503217666481
212,0.00042956340001472484,0.020726560131269636,0.9777498771100046,0.00018696217609714518,0.0009070371826137721
213,0.0020441694389155226,0.04586101894197389,0.9500480962762242,0.000522962776213059,0.0015237525666730873
214,0.0016948426626281839,0.02836171585831364,0.9664607094815278,0.0005329015013467678,0.002949830496183648
215,0.0019643420724832694,0.05996117246534772,0.936214359519662,0.00027515663716734637,0.0015849693053398414
216,0.002065090539718054,0.03295607006833222,0.9619985707108516,0.00036426216479144174,0.002616006516306737
217,0.0015876701805488975,0.04623002173391799,0.949125355276913,0.0003147600594715252,0.0027421927491486572
218,0.006495071956531924,0.07015324350117055,0.9149861051584781,0.0008913343693105967,0.0074742450145086564
219,0.0008708747858001852,0.03639930266148179,0.9588469777372507,0.0002505574694852203,0.0036322873459821927
220,0.0029501617090394207,0.06033759399236386,0.9324755628738899,0.0006706208823111111,0.003566060542395534
221,0.0015825873085801162,0.02665733685902813,0.968465744966735,0.0005088341950922074,0.0027854966705644544
222,0.0009998497638987703,0.03469095589163121,0.9621217021034886,0.0003081413266884957,0.0018793509142927913
223,0.006384583841790705,0.08580041505006561,0.9012653597300676,0.0010428220497869893,0.005506819328289184
224,0.0015652326495687644,0.04394452102643116,0.9513313676852848,0.0005945563173038817,0.0025643223214114786
225,0.004304957833479647,0.10647509051101692,0.8839005370784689,0.0006226064856979814,0.004696808091336512
226,0.0075061452082091805,0.14121479578028592,0.8385705382423547,0.0010568323914865569,0.011651688377663574
227,0.027705725470167402,0.3380178588510277,0.5364317823264703,0.0029434833646619753,0.09490114998767273
228,0.008397640066203086,0.37186473807440334,0.6097618973773601,0.000904871018377713,0.009070853463655586
229,0.028560262860350284,0.48423187765912884,0.4763873277319139,0.004174263898009087,0.006646267850597854
230,0.007005672698050633,0.14887570183737328,0.8316934599073155,0.003178117719817363,0.009247047837443416
231,0.015412179512436421,0.43495444162311053,0.536656923375936,0.0019402589451825098,0.01103619654333454
232,0.045163950208757284,0.26374660049042437,0.6686380001609472,0.006944107170565791,0.01550734196930532
233,0.010044557592389787,0.21117194269916678,0.7616685293959928,0.0023662164816161116,0.014748753830834335
234,0.06629258989756638,0.7211802422335132,0.158716632198891,0.0066591741772398065,0.04715136149278957
235,0.06851855016202163,0.36568244493256574,0.3525997060519948,0.01806295854062497,0.195136340312793
236,0.051721856771299195,0.4527228952623817,0.09626031088858558,0.012600986469571406,0.3866939506081622
237,0.003608964645399699,0.018763568664829002,0.002405759936509882,0.0003248295289685241,0.974896877224293
238,0.20119563493491288,0.5972423881354685,0.004394728491030909,0.005297344226928191,0.19186990421165956
239,0.1679419607963701,0.6025780129579715,0.01018119055911749,0.003672410433188979,0.21562642525335182
240,0.2644776729908068,0.5965860010960937,0.004548491601060273,0.008165127491059137,0.12622270682098005
241,0.090750677412838,0.19789656884584186,0.00992033853883538,0.004233097854980019,0.6971993173475048
242,0.05328972691354618,0.06553009495688673,0.004528328016455461,0.0018969013899484822,0.8747549487231631
243,0.27182793621816853,0.4333573653534309,0.008192573317396826,0.0056082695558402635,0.2810138555551634
244,0.31817589738184726,0.5736239468410017,0.014344377077543487,0.003324326235994526,0.090531452463613
245,0.09020437292085975,0.8566312320922193,0.019212850261688785,0.0070896619979327405,0.026861882727299464
246,0.07659960102028743,0.8522312653560286,0.0341657093327738,0.007036646230058252,0.02996677806085207
247,0.04276868333075022,0.8557531711200309,0.06849449301429537,0.004939767399450412,0.028043885135473248
248,0.08704453913905122,0.801810153176275,0.06931309330376499,0.00307801711081454,0.03875419727009427
249,0.12655950395183266,0.78323955004473,0.05228856613908489,0.002904283829674729,0.035008096034677715
250,0.025655349227320882,0.7957858506156594,0.16546603290554085,0.0012321151508169858,0.011860652100661806
251,0.05032248833611211,0.6919321061587886,0.2494444672357762,0.0008569055698794458,0.007444032699443511
252,0.010734782237569197,0.32083207125960894,0.6640316189394122,0.000565684459714172,0.0038358431036954457
253,0.007686927216125745,0.27147698074242443,0.7178421581425516,0.0003356068326967521,0.002658327066201377
254,0.01641407952555006,0.420800043944346,0.5536409300123798,0.0008754358815380383,0.00826951063618626
255,0.008414013213369077,0.31779416191245996,0.6675600273974425,0.0011798290420562323,0.005051968434672311
256,0.0034503870794202513,0.17076060206433105,0.8224587210751946,0.0006289299662569748,0.0027013598147970284
257,0.006283738637426958,0.18439413711651598,0.8067627839076373,0.0005549221541141522,0.0020044181843057248
258,0.005154987223966282,0.10786173147917127,0.8778201872391502,0.0012778806670364483,0.00788521339067576
259,0.010868205683031677,0.15592110697066222,0.8296287411206772,0.0011400459980605339,0.002441900227568332
260,0.013238660809378695,0.3371365077546844,0.6447138949216298,0.0010388474953600942,0.003872089018946896
261,0.007276559942386982,0.11130985094794879,0.8775066109428709,0.0008136839100136724,0.0030932942567797285
262,0.012657124281681182,0.2244410265710739,0.7514075844678227,0.0017638475325163774,0.009730417146905694
263,0.024036949478927903,0.19964851383731422,0.768788391573949,0.0021945699964987077,0.005331575113310269
264,0.01635892704466522,0.18816086444636332,0.7810587859006389,0.003863528113055503,0.01055789449527702
265,0.03368072327291347,0.44888931761900114,0.4759752616443023,0.005923445689372724,0.035531251774410494
266,0.05020933348394511,0.6346375681476952,0.2573668963391394,0.005130389423254315,0.052655812605965864
267,0.07531612934227849,0.6266346411188451,0.25835952442559945,0.006698922167360037,0.032990782945916945
268,0.06952587072420272,0.7871684621144039,0.10181694379150616,0.007754214170215911,0.03373450919967131
269,0.029680892505243126,0.8621940228101447,0.08120832945729439,0.006344454086399265,0.020572301140918715
270,0.20055540792119816,0.6920857146066066,0.029544160913046322,0.01790867772299894,0.05990603883614992
271,0.09823736976620784,0.7587502105935857,0.05976753253169304,0.024351146614186952,0.05889374049432669
272,0.24667032236278472,0.6524804292115942,0.02359799798121167,0.02037715634078974,0.05687409410361971
273,0.11599922857546408,0.8279189431349764,0.018630857435502128,0.008007924513621787,0.029443046340435534
274,0.13593810342074372,0.7923233105050129,0.05265674356834452,0.009610697481619784,0.009471145024279252
275,0.09103612798376313,0.7827935342248887,0.05526563664281688,0.01948653031097902,0.05141817083755233
276,0.18728010379105742,0.6731544241874394,0.04215741171157617,0.051471878152179865,0.045936182157747085
277,0.13173045675478015,0.6221590224411004,0.06831099945878541,0.049890198665957786,0.12790932267937627
278,0.10806889114358832,0.7523636834014955,0.026421231979358386,0.031389498292542,0.08175669518301586
279,0.2047614419085019,0.6711473463736348,0.022441633447519222,0.04518942263092054,0.0564601556394233
280,0.19703134017714546,0.6546264262624195,0.049602002260829586,0.05359111187121705,0.04514911942838836
281,0.2420559325827911,0.6161409181534451,0.03829686361088732,0.058489424941688864,0.04501686071118758
282,0.2876284430110193,0.5263467182530209,0.027970975760579952,0.06970063926093142,0.08835322371444848
283,0.2230017297397974,0.6159153431384011,0.02178331717681638,0.06928807393862234,0.07001153600636267
284,0.10859882132344555,0.6630145880203353,0.016404199424779754,0.0574910360622799,0.15449135516915957
285,0.30854704765444535,0.4620420257148693,0.022121013466498862,0.120726718898279,0.08656319426590735
286,0.10825448643097169,0.6885323667621804,0.017733023104240853,0.08499413385598568,0.1004859898466215
287,0.28422769143044024,0.5215669849142607,0.01676780725042118,0.10659943152346098,0.07083808488141692
288,0.2956279422709191,0.45837205194204106,0.05478379178438013,0.162065306181706,0.029150907820953614
289,0.27166998162139633,0.35515174528476756,0.018813090555641846,0.24269188182130777,0.11167330071688651
290,0.11536337645892507,0.5674583885782776,0.030578430218119505,0.2253476905075584,0.06125211423711951
291,0.1397852020737431,0.39884543648040627,0.004293450447588692,0.3791970212897549,0.07787888970850705
292,0.3023736035861275,0.3340679566834849,0.008220343879350316,0.24425266600948467,0.11108542984155263
293,0.2677200788600338,0.30464736542641974,0.0019866275847633627,0.0582642295507462,0.367381698578037
294,0.33845543670170797,0.41511660863396804,0.009819019412705304,0.05050571971297345,0.18610321553864514
295,0.26834166566546774,0.6132539091575362,0.025991450749009836,0.0322210166116324,0.06019195781635376
296,0.15173112721954216,0.7267817541816152,0.026178365138537066,0.07212286124729314,0.023185892213012493
297,0.19997634156716124,0.6799374032666636,0.01581881909355623,0.09154257519344894,0.012724860879169905
298,0.06460228260817645,0.774763398452728,0.1286978796204316,0.018841312250755974,0.01309512706790785
299,0.07362081481073877,0.7348203476019736,0.1469134911764526,0.03461548695991927,0.010029859450915701
300,0.19582627094457508,0.6247863759360303,0.010823487600210792,0.09455558440460012,0.07400828111458382
301,0.16587405133033747,0.691166184938489,0.026530146616059676,0.03929054634471045,0.07713907077040313
302,0.09535734192700247,0.8327465698076794,0.044543685337117174,0.014366737090785541,0.012985665837415256
303,0.12677227785351897,0.8329832353515996,0.0316526923966469,0.0031215752980727307,0.005470219100161911
304,0.028703605216386714,0.9071354340495077,0.0512258725507067,0.00403707415150558,0.00889801403189322
305,0.07218876169656682,0.8067469383839556,0.037520535467050295,0.006033112183560967,0.07751065226886639
306,0.1397180068519122,0.7988144361445111,0.038889548800839446,0.004646415787830583,0.017931592414906782
307,0.02197454474659863,0.8527941734785649,0.11823182713815755,0.0007084388616970911,0.006291015774981938
308,0.08647165208824101,0.7187889067876159,0.18377344188320544,0.0011525102942896988,0.009813488946648177
309,0.044695699566857185,0.7455526551878585,0.19852374100759182,0.0023553035001609,0.008872600737531412
310,0.037685808788832605,0.7819375616031853,0.17131216855174042,0.0011071406120467565,0.007957320444195008
311,0.011888624411023247,0.7011239174915498,0.2765162699882706,0.0008317948812364712,0.009639393227919858
312,0.025117684076407496,0.5442835199491817,0.40204832418579134,0.002036878307325197,0.02651359348129426
313,0.005810690432090662,0.2501476511221978,0.7362725249208444,0.00040576356480849854,0.007363369960058609
314,0.009388279434829191,0.3693764913296944,0.615750393093197,0.0005781929698712536,0.004906643172408044
315,0.005854975689904739,0.25841034452187045,0.7313081989417388,0.0006492451647935583,0.0037772356816924415
316,0.01342498035108343,0.2846404124298395,0.6959872181587736,0.0009439838869069185,0.005003405173396652
317,0.007224426283945792,0.14141137950065436,0.8474090931722073,0.0004192142835451535,0.003535886759647629
318,0.008007664389034585,0.29239218143930684,0.6939757200971016,0.0006111652010356932,0.005013268873521302
319,0.005530122021565403,0.18994693699282866,0.8013667748171369,0.00048227288666041984,0.002673893281808577
320,0.002995988276994191,0.09353608843529045,0.9014959050266358,0.0005750391664655768,0.001396979094614123
321,0.00215463274021425,0.0435563346981683,0.9517811052901765,0.000590737916406697,0.0019171893550344217
322,0.0013796614028679516,0.05961738477755494,0.9371083891879145,0.00041772156961922193,0.0014768430620435142
323,0.006661550728774754,0.07647500411733188,0.9076315162389937,0.0028067916379634745,0.006425137276936258
324,0.004516465213595363,0.06630522837156777,0.9242317390251228,0.0008721558740351272,0.0040744115156789735
325,0.028331203099420787,0.32461443892178665,0.6112320509971232,0.007118346921036083,0.028703960060633256
326,0.02416751565027964,0.39849018840818007,0.5633459306682259,0.0038470499987890345,0.010149315274525195
327,0.012600654828741228,0.2871911105449685,0.6933779450687575,0.0008827460662944038,0.0059475434912383855
328,0.009909164548198792,0.22623948189589543,0.7597417362954256,0.0007875944672234105,0.0033220227932568075
329,0.004060234125922804,0.09042749139538575,0.902748851158621,0.0008702186312155615,0.001893204688855029
330,0.004219640467279377,0.1424527046561701,0.8470235156217002,0.0006459441344823272,0.00565819512036811
331,0.009371436526902076,0.14712687158835852,0.8359021290882811,0.0004921899756186625,0.0071073728208397085
332,0.0021716639575458134,0.0670664048474216,0.9279099221303785,0.0004905089260673445,0.002361500138586956
333,0.0047799517118416995,0.06231006279029814,0.928178885899464,0.0010184493603202702,0.0037126502380757775
334,0.01726133502977547,0.21121352228700005,0.7516598536462568,0.0031938955494798574,0.016671393487487727
335,0.0018827682325226398,0.06978322717115278,0.9247490764574116,0.00027957941781908094,0.003305348721094125
336,0.00327916015089366,0.04175958620680358,0.9487462831147258,0.0007531826293614404,0.005461787898215559
337,0.0023171802807769944,0.03534995075346896,0.9574971000327382,0.0007174814302031276,0.0041182875028128235
338,0.0009550092404312508,0.030046178095527884,0.9662781789956041,0.0003118400889219155,0.002408793579514583
339,0.0021179333578987625,0.04955906017024293,0.9447439953649386,0.0003912082783777721,0.0031878028285417357
340,0.0025248447244608954,0.08898937952573402,0.9048749015822576,0.0005059655321271467,0.0031049086354203847
341,0.000418761435524233,0.023260908852952206,0.9746100530431578,0.00027047343723276505,0.0014398032311328881
342,0.006905753168381914,0.11527381893435437,0.8690814687749038,0.0012975435638143177,0.007441415558545753
343,0.005029132482022072,0.11153895247961551,0.8754471555092826,0.001479264440430127,0.006505495088649619
344,0.0007802338881211961,0.03243162202445317,0.9642061818372681,0.0002011168283904442,0.0023808454217670236
345,0.0029364247334926086,0.06732710405483035,0.9268340062271079,0.0005054498717177179,0.0023970151128515026
346,0.0006864685727629046,0.024961472728804706,0.9717798204473295,0.00038623549227123963,0.0021860027588315968
347,0.0018318269761520862,0.05138987266832247,0.9427726537185512,0.0005227909684149576,0.003482855668559336
348,0.0011150481332567147,0.03710321839939721,0.9581932636536598,0.0005901811160204585,0.002998288697665779
349,0.0016180494696151344,0.028834978410126236,0.9667531621240768,0.00038522675360533126,0.0024085832425763797
350,0.003436925753375212,0.0413385046944823,0.9503577543556515,0.0006036776113137484,0.004263137585177281
351,0.0005571214124013206,0.0197619835294586,0.977593024566857,0.00028421934469216126,0.0018036511465910514
352,0.003912895296405057,0.0635437552774705,0.9239638157416921,0.001436065446918728,0.0071434682375137405
353,0.0017781172704979962,0.04987495262938321,0.9422946963605368,0.0009104169772799587,0.005141816762301968
354,0.002603010828885881,0.06976113065027757,0.9229294584414366,0.0005457779543225528,0.0041606221250772195
355,0.0016093882518862662,0.05396472145593417,0.9414841047263336,0.00024194196488061586,0.002699843600965399
356,0.009037695856400883,0.07449893696105264,0.9075731014107086,0.003306465760408227,0.005583800011429744
357,0.008143631468471814,0.18504314479478293,0.7956699139982973,0.0011236689892724834,0.010019640749175513
358,0.0034557535904017507,0.07487428850823101,0.9118196325576453,0.004173596817707021,0.005676728526014912
359,0.011731250084839648,0.20961130293961908,0.7528901666481342,0.0074469084914038485,0.018320371836003265
360,0.013372936138494463,0.4023081626174717,0.5579579587936827,0.004779354674051216,0.021581587776299954
361,0.030767115862948984,0.2568693757532775,0.1983020859540458,0.010802195701721367,0.5032592267280062
362,0.13323421611022365,0.5907991893928957,0.23836803277761462,0.00785645782820808,0.029742103891057806
363,0.062074141241018475,0.7423004575199998,0.16566346012891459,0.006111722655364179,0.02385021845470273
364,0.12269569815727821,0.8141179616480905,0.043658135906101445,0.004718620020995916,0.014809584267534082
365,0.060636624876692184,0.7709834272228203,0.09844973311009053,0.010878876556474753,0.05905133823392223
366,0.08952125419672764,0.7400063639322002,0.14278817969251037,0.009665208023863002,0.018018994154698778
367,0.02909777537026126,0.7327604130923046,0.2276660793968179,0.0015911417426084603,0.008884590398007966
368,0.038970827558847995,0.6474744255808229,0.2997662252210922,0.0028748395426621484,0.010913682096574793
369,0.04626796151337114,0.7893036773109713,0.1400143369115188,0.0031917982267159117,0.021222226037422836
370,0.017356584311614437,0.443099024531462,0.5244988764406462,0.0019012888330524058,0.013144225883224935
371,0.04587863907978508,0.5830265844737973,0.35111426327222817,0.006866164636210844,0.013114348537978533
372,0.012248764371302104,0.5190272430193164,0.45098395822679826,0.002479866252234889,0.015260168130348284
373,0.04581629044232759,0.7235895380440738,0.18158945288032766,0.008359080053564233,0.04064563857970674
374,0.07711734170016148,0.7521003223854411,0.1555288235533365,0.00284139036314311,0.012412121997917802
375,0.03228694155965091,0.7758971750860519,0.18250572231343465,0.002545324489247474,0.006764836551615026
