epoch,N1,N2,N3,R,W
0,0.013940953921966521,0.0005719990791387347,6.504379961843634e-06,0.0020010736991679045,0.983479468919765
1,0.05618029874878828,0.0006504435546119583,6.553554402185333e-06,0.004485905470178334,0.9386767986720194
2,0.11751404965608517,0.0009727691933263574,1.73010920770563e-05,0.0046509277709434246,0.876844952287568
3,0.03125027076763953,0.0002799238574670599,4.256644354969353e-06,0.0013133968439499877,0.9671521518865884
4,0.2851480384508586,0.001991745701526532,4.072693875534489e-05,0.006180049389808161,0.7066394395190513
5,0.09890286397854739,0.0008464405520624039,1.3835859993837859e-05,0.003534367734401837,0.8967024918749944
6,0.560200802772102,0.003755406542046271,8.06220073015616e-05,0.0078106925293432,0.42815247614920693
7,0.31265936481172996,0.004834457214159442,6.398624190416306e-05,0.03915300281770677,0.6432891889144996
8,0.3312177581123799,0.011387903735682553,0.0001475833505255148,0.0673379947013688,0.5899087601000432
9,0.2965910886016866,0.02055570181543517,0.00012675575449709614,0.1013703535352216,0.5813561002931595
10,0.30086599431034405,0.11970511397596835,0.0003909837713438719,0.13248005515767858,0.4465578527846651
11,0.021689373526150153,0.007601294536869284,2.785012699942809e-05,0.026218073496842822,0.9444634083131384
12,0.11405052727209529,0.004843936349235163,3.6165439568195614e-05,0.03296558821596783,0.8481037827231335
13,0.32162289798739757,0.020487248200610698,0.00016554332456742246,0.08992572219551091,0.5677985882919134
14,0.25738955430528504,0.006652995459223826,0.00010771026540851831,0.009949996000033308,0.7258997439700493
15,0.0991662063213702,0.019168297937174606,8.929814062481634e-05,0.01487144407037277,0.8667047535304576
16,0.25885448631020497,0.016236696666507774,4.8052410117653935e-05,0.03594616869185686,0.6889145959213127
17,0.07436113769797789,0.032838756690422105,0.00015275041579273434,0.020018205398805975,0.8726291497970012
18,0.18788107937598023,0.009793281381550379,5.01980472185029e-05,0.01857741892698799,0.7836980222682629
19,0.13995876815049196,0.3123282389210987,0.000927430371797835,0.011299851532813938,0.5354857110237976
20,0.20362689790968225,0.03335713912232358,8.100673549672844e-05,0.07276926528923443,0.690165690943263
21,0.1414386498357708,0.35349490322720234,0.0007736480262552344,0.030023875366398566,0.4742689235443731
22,0.019851460722393355,0.008213433571713991,3.8428055783336296e-05,0.007566486003405673,0.9643301916467036
23,0.00931878793872999,0.0017348948531294203,2.9271375343988232e-06,0.002954485632381519,0.9859889044382247
24,0.01942902517478222,0.0012987687325747433,1.4693101651282024e-06,0.001685525109407927,0.97758521167307
25,0.03550595690523472,0.0020141591969694153,3.1461137057882348e-06,0.0005546571160033941,0.9619220806680867
26,0.009524410331994165,0.0012433167364712496,3.6015325651570573e-06,0.0007916128041933543,0.988437058594776
27,0.10608821372691143,0.00042497085618984606,1.957818320192646e-06,0.0002983012118367407,0.8931865563867418
28,0.021885091028711404,0.0032025309133532293,1.9419327047369403e-06,0.0007865453675686065,0.974123890757662
29,0.04272391119406308,0.0005876288866066656,1.963415028097636e-06,0.00036644049409273216,0.9563200560102094
30,0.21430369908065783,0.0009714246658889389,6.717526315802557e-06,0.0003337815781166162,0.7843843771490209
31,0.4123008080547723,0.004062531282293307,1.5470668725553156e-05,0.0011274628791231476,0.5824937271150856
32,0.5585070418722615,0.021917892648884964,5.313556566419339e-05,0.00194418227740173,0.4175777476357875
33,0.5041940450428458,0.057399202896187676,0.00014825094535648547,0.0031919560223693617,0.4350665450932407
34,0.17400016123250422,0.4858086597605706,0.0041081117944238845,0.007781912596505034,0.3283011546159962
35,0.2756243326159878,0.06236508488998211,0.0005053774727470761,0.01863614148841904,0.6428690635328639
36,0.0763711325137672,0.3730145554045756,0.0045483499901860305,0.0031714830368015897,0.5428944790546696
37,0.05903910916384658,0.0410506918704673,0.000460149212166916,0.0019509488292684806,0.8974991009242507
38,0.03816535021387349,0.012102584569180782,4.170189002620587e-05,0.0008901357473738807,0.9488002275795455
39,0.057095027921792815,0.07262876848140369,0.0003207309218790001,0.001537754450618173,0.8684177182243062
40,0.1580172993538281,0.1345048492467539,0.003193867137244042,0.0015566207859434567,0.7027273634762305
41,0.048721040154323866,0.01367069859369953,0.00019514656395768455,0.0011269253769961931,0.9362861893110227
42,0.3752509625043577,0.06295208998041409,0.0003536787132199273,0.006729707698213576,0.5547135611037948
43,0.3104612398007364,0.23860587045411794,0.0011827179683666987,0.00805649444612018,0.44169367733065873
44,0.26088357984071026,0.14619443319843517,0.0001776384238918077,0.009264459551519184,0.5834798889854436
45,0.20322002871322145,0.6479328286712842,0.0015692824062811782,0.04894769846384386,0.09833016174536947
46,0.010633525289727032,0.012887687631010445,0.00028122787475051226,0.0003015826997063787,0.9758959765048055
47,0.2755049318385343,0.03796475807138113,5.103667565508273e-05,0.0038429915731119663,0.6826362818413174
48,0.3963617035464695,0.043986982451293025,8.947297881712668e-05,0.002724139392940826,0.5568377016304796
49,0.4259843591949522,0.2443224430430686,0.0012171589886142697,0.0016550365753455682,0.3268210021980194
50,0.2339291157089798,0.6312643487432853,0.0034418819488965377,0.007295120271693525,0.12406953332714488
51,0.22627320309042312,0.3277447778678992,0.0011610293098328736,0.009089333068696333,0.43573165666314856
52,0.15147159612444352,0.7742463703011145,0.006114257453921547,0.010511922412267106,0.05765585370825324
53,0.12825198450975364,0.5869848494752397,0.0049759484084218744,0.007589949788692352,0.27219726781789255
54,0.4816609342638247,0.16122750873555136,0.0005860251445259142,0.04597700038079574,0.31054853147530226
55,0.41847144868389713,0.414439615549211,0.0033115608550689543,0.021550700296164512,0.14222667461565847
56,0.3251860108553051,0.4833319157504447,0.0015722516437985392,0.017151267061199283,0.17275855468925227
57,0.3136653297483343,0.5928974137486659,0.003261687315685147,0.004887991941794051,0.08528757724552051
58,0.10119599335772343,0.836717652937743,0.017713978961777073,0.0021454875642609277,0.04222688717849547
59,0.21307891962377878,0.4742834355134992,0.0036055373256044295,0.018424971443518855,0.29060713609359873
60,0.1468264951575176,0.6701963769169382,0.004307208137312494,0.013139252699757223,0.16553066708847455
61,0.043223870594813724,0.8859236323674188,0.011680985973182912,0.004954363382823272,0.054217147681761176
62,0.19614376611878548,0.3777069520471624,0.0023796014456956348,0.00764318897644484,0.41612649141191166
63,0.38116860334821934,0.477916912645195,0.0020996994365419727,0.015885230070151284,0.12292955449989242
64,0.2776030841024151,0.23948530401838036,0.00044381110073074857,0.006824623346615109,0.4756431774318588
65,0.5820085210868617,0.2977479307839976,0.000545408329141797,0.007045293020764632,0.11265284677923412
66,0.22730124226404844,0.6454511733944596,0.011250642499237162,0.002232911287087788,0.11376403055516705
67,0.34132662692814775,0.3728644711200938,0.0008513989077035553,0.0033987331311582758,0.2815587699128965
68,0.08064775617387908,0.7922440825048018,0.012328775323750851,0.002055970601960408,0.1127234153956079
69,0.18335967768279185,0.5605982373504075,0.0049554908005369665,0.006405787167765805,0.24468080699849784
70,0.2926104044017004,0.3528148097278369,0.017342350479757233,0.0033223900452170546,0.3339100453454885
71,0.04361081972437946,0.015791510498467453,7.383851309038127e-05,0.005416210777473252,0.9351076204865895
72,0.027027543000413518,0.014042900954242165,0.00021954998740146914,0.002882590574503901,0.955827415483439
73,0.3110467735667171,0.011360143849545198,4.844783826641037e-05,0.0057959762258181875,0.671748658519653
74,0.035878860788674805,0.008152540979562016,0.0001244425083295437,0.0009542153519530997,0.9548899403714805
75,0.17193818471074276,0.005785622911721485,1.55857826069933e-05,0.0029218048462616186,0.8193388017486671
76,0.14761075099148652,0.0022194265155979303,1.0916365598021184e-05,0.001373390436314535,0.8487855156910029
77,0.018992728410851215,0.00054341235663924,5.012411752329002e-06,0.0002846244288620917,0.9801742223918951
78,0.18076668984102634,0.0014746141353155946,1.299728601183752e-05,0.0011971133589989073,0.8165485853786474
79,0.00696041403679675,0.001342482283230157,3.859095435184348e-05,0.0003036115395648382,0.9913549011860565
80,0.10806795408476852,0.001552083366281585,9.895417006850459e-06,0.00161415086614264,0.8887559162658004
81,0.07182259796183683,0.002386492187358933,7.840733772218318e-06,0.0016625726896537718,0.9241204964273783
82,0.03342937180804433,0.0021305694299057283,7.812505873159e-06,0.0022981854016156586,0.9621340608545612
83,0.051494083109106,0.0007706103606681761,7.357801227083779e-06,0.0006703386284056239,0.9470576101005932
84,0.14297701376510577,0.0025226280299188134,1.0683373776588244e-05,0.0014976322019147339,0.8529920426292841
85,0.025519772749381952,0.0003928531461837963,2.0864551287061817e-06,0.00043973149793617375,0.9736455561513693
86,0.009363698125744026,0.0009785454991877262,1.312278152821355e-05,0.001023608793769526,0.9886210247997705
87,0.08626399149548815,0.000870762533447269,4.003596330918219e-06,0.0016610643685146228,0.911200178006219
88,0.050949532635796116,0.0009376453108277856,3.811566652748855e-06,0.0014980919854096283,0.9466109185013137
89,0.0595759217981332,0.0009945044488902527,4.530810400918338e-06,0.001703186366058785,0.937721856576517
90,0.03455236902352779,0.0005117493479520664,4.01205264672789e-06,0.0010694576202778343,0.9638624119555956
91,0.01701158316437397,0.0004579396208868991,2.2714188976038843e-06,0.0008168599676986914,0.9817113458281429
92,0.22476876094178577,0.0020006980241088564,2.1184789934381737e-05,0.003823989165430296,0.7693853670787407
93,0.006687998645474206,0.0010514367451856586,1.436606159159565e-05,0.0004402744991234654,0.9918059240486251
94,0.010041692726618081,0.00015475358685228298,2.2824683405506062e-06,0.00041489801066816673,0.989386373207521
95,0.022894366581609565,0.0004352765040849787,3.66230311590704e-06,0.001603443933546871,0.9750632506776427
96,0.042729835293544155,0.00038570532800923915,5.027495486924784e-06,0.001947767512201813,0.9549316643707579
97,0.3877315115607645,0.002316293369875943,5.6370300459625805e-05,0.0070400934587369155,0.6028557313101629
98,0.2356736584869427,0.003245183490621589,4.35706119654522e-05,0.014385335178313046,0.7466522522321573
99,0.19242363220600156,0.004782852788027517,5.805938240913821e-05,0.021943036479054913,0.7807924191445069
100,0.2906268800375697,0.0187781436468061,9.725611918867163e-05,0.09346488497322675,0.5970328352232087
101,0.19473399288558393,0.004881827345462475,2.658143168812839e-05,0.02696010654537476,0.7733974917918908
102,0.02773347502891417,0.010394010791756055,0.00010297021201391552,0.010820451177808428,0.9509490927895075
103,0.11290785747353398,0.006202723475783358,4.726389243742015e-05,0.06729383084638536,0.8135483243118599
104,0.4924381141740907,0.006886883112268358,4.73947343978815e-05,0.10591121414485975,0.3947163938343832
105,0.5599179324568453,0.015603664346915583,9.647572326336577e-05,0.23626673816343682,0.188115189309539
106,0.4794855772796168,0.018243974993745082,0.00018666082989017736,0.3636603046174014,0.1384234822793464
107,0.6183966975544576,0.07861610102151124,0.00037100628404600244,0.17256605067540645,0.13005014446457872
108,0.5478360795500894,0.09232142588339205,0.00021182258139950056,0.2676460938847688,0.09198457810035032
109,0.3183457641985846,0.4203870108323189,0.0008533965996262422,0.20904912861828426,0.05136469975118602
110,0.1663673360538981,0.6290751866983011,0.0016125062131126587,0.14101458242205173,0.06193038861263639
111,0.18128662453710362,0.20485846025426876,0.00016917578667067154,0.1886593577365169,0.4250263816854401
112,0.2976770770753701,0.2597520643803658,0.0006360022672301148,0.2928226387732907,0.14911221750374334
113,0.19907234779626456,0.5519439529155672,0.0009376800208417328,0.08245594648730808,0.1655900727800185
114,0.1574181056781593,0.7114765576612518,0.0058225790190522386,0.013251879690237726,0.11203087795129885
115,0.17269231688440942,0.10557200126590205,0.0001902988714600393,0.14311678251121007,0.5784286004670184
116,0.06661568036001808,0.06698969536109332,0.0001609213039654892,0.011779105323959024,0.8544545976509641
117,0.04920861275443246,0.014800146557291647,3.427501566398467e-05,0.007888706870341287,0.9280682588022706
118,0.0003912739071028676,0.00016164408270713122,8.606679280124197e-05,4.3829240628327156e-05,0.9993171859767606
119,0.047673706983028405,0.0043798794699888245,6.827224788445737e-06,0.0015505178051299408,0.9463890685170643
120,0.01951712572261985,0.0110908538620921,1.3962410523503883e-05,0.0004950773595020896,0.9688829806452625
121,0.0071447160310464785,0.0011519136589830793,8.713539497239825e-06,0.0004220705607443137,0.9912725862097288
122,0.040032261818108324,0.011128041374941266,5.2791278443943226e-05,0.005018267854307779,0.9437686376741986
123,0.0482967548847665,0.016989255767819282,9.717891917625635e-05,0.004892707765773923,0.929724102662464
124,0.04468712969172926,0.019347518367528925,8.846708060863483e-05,0.002386851960927638,0.9334900328992056
125,0.07269029096619908,0.03054565125359219,0.00014093140243657566,0.0035400032344711308,0.8930831231433011
126,0.027328822324914816,0.039901431209037226,0.00016256251074586814,0.0021334970923497665,0.9304736868629523
127,0.05060728240515139,0.02669556735432579,0.000294895524193524,0.005917751170185705,0.9164845035461435
128,0.04527395465577127,0.05193281283926248,0.00021969023649999014,0.005030328902491251,0.8975432133659749
129,0.11069816773823707,0.04991984302747087,0.00019785464833657808,0.005739753960570961,0.8334443806253845
130,0.16381315544814498,0.07003349950502745,0.0002073533343599161,0.005325715412317041,0.7606202763001507
131,0.17230973515280168,0.08406833435280045,0.00021648058086439376,0.0036954934524808143,0.7397099564610525
132,0.34399660409426164,0.37599238565114,0.0004948238636668064,0.00952387535410875,0.26999231103682275
133,0.0656973046452609,0.6576440348621752,0.007899893248146333,0.0012836591322710747,0.2674751081121465
134,0.060575938492834436,0.49134729024413915,0.010926610862530516,0.004315622945898449,0.43283453745459755
135,0.0033126167147594643,0.003180792411760391,0.0001610788598707276,0.0005524566548572139,0.9927930553587522
136,0.3957439544375658,0.06009683580357727,0.0003976068992413258,0.030324582605643746,0.5134370202539719
137,0.15650801478201135,0.05099282369026771,0.0005339763935295508,0.010820380876176924,0.7811448042580146
138,0.3194983807188545,0.31622031372357057,0.0017021455362262008,0.017404842313076055,0.3451743177082726
139,0.32475634988343405,0.08648612489897878,0.00025494000217021,0.1997085641647976,0.3887940210506194
140,0.3602882140358754,0.1814606119149605,0.0007478707332709014,0.3721530592021788,0.0853502441137143
141,0.19871207247605513,0.40744979515804636,0.0006289476433289311,0.35454484114221363,0.03866434358035602
142,0.2477414024737158,0.6090924381338111,0.000588919583356829,0.12573224631269178,0.01684499349642464
143,0.14459289680223267,0.5917294597718582,0.0008724243211908954,0.24707355400568576,0.015731665099032528
144,0.3157776565569665,0.4129112175224585,0.0009411161486830423,0.23903471570039472,0.03133529407149729
145,0.17533536033722433,0.27864834455850607,0.0009172150752965264,0.3762706642818447,0.1688284157471285
146,0.3463522674191528,0.46424639558746383,0.0011343094130019775,0.15132680478832258,0.036940222792058684
147,0.3972798837459156,0.23188962427900014,0.000302836056521861,0.3235868404268944,0.04694081549166794
148,0.36425928528119994,0.17473945116652206,0.0005743242549566094,0.37859011636301787,0.08183682293430354
149,0.058413144151398984,0.8576902433619893,0.010336209521747545,0.023378241954595088,0.05018216101026903
150,0.03612289668486442,0.03945126437875432,8.453831377229487e-05,0.040146501590262854,0.8841947990323461
151,0.016061295980020516,0.01298496526496664,1.713938326284943e-05,0.008930871019545152,0.9620057283522049
152,0.004233058902867054,0.0006114401608325102,1.7632463166007e-05,0.0028676421629369483,0.9922702263101976
153,0.01307339866605691,0.0013201493358638411,1.157869384817978e-05,0.007624344491771996,0.9779705288124592
154,0.015051266427532514,0.0010209763009524744,9.257909035209943e-06,0.005495495412790293,0.9784230039496896
155,0.009995575511050651,0.00069567207226719,1.2678225556758981e-06,0.0025303353622596063,0.9867771492318669
156,0.022247389678947953,0.0016994578873665907,1.0746832439929342e-05,0.0037978495790106288,0.9722445560222349
157,0.004762368742986297,0.00043058743804016454,0.014481265386720194,0.0006460135264672225,0.979679764905786
158,0.01521606102490799,0.0019542384011170446,2.649351940820355e-05,0.0013689931207005992,0.9814342139338662
159,0.037447722037156045,0.0037294260087271077,0.00011962040084348847,0.0018460054976331198,0.9568572260556402
160,0.1135958348469517,0.011831101900950334,0.0002767591313807011,0.007600279943860126,0.8666960241768571
161,0.061405787652503326,0.006382690929439819,0.00033199001022867446,0.0056441772682739675,0.9262353541395543
162,0.09156298678604498,0.02269457818346036,0.000968981549577883,0.014353374077709294,0.8704200794032074
163,0.05373466076538614,0.025408253630433746,0.000639702867428117,0.006496395949749608,0.9137209867870024
164,0.055245632875287304,0.011812139104715189,0.0006479309282926937,0.014206376425748323,0.9180879206659566
165,0.02048521270737284,0.01563504704355793,0.0005520554510923782,0.0025381093594547804,0.960789575438522
166,0.0725042236135946,0.01872015255935948,0.0003084281707883871,0.0067416043005064565,0.9017255913557511
167,0.04259854057213269,0.025944590740749215,0.00016964974004235044,0.004829352460356097,0.9264578664867196
168,0.018686505570219336,0.015608916934293959,0.00010525185244523354,0.0031382748575564984,0.962461050785485
169,0.007175326246334881,0.009696100930094072,0.0001686738415111503,0.0010502503063564187,0.9819096486757034
170,0.014447443846071042,0.006591391779796755,5.933059892777121e-05,0.0018335370582119254,0.9770682967169926
171,0.31179926454023105,0.19077476601181254,0.0004633640640790519,0.006066966323844841,0.49089563906003264
172,0.11625102434978922,0.4910987046596425,0.021748361080369663,0.0028044769783895068,0.36809743293180897
173,0.28594671958939627,0.5072064624425181,0.008373892297373502,0.02478279385369261,0.17369013181701942
174,0.04916613091836161,0.41466378765356005,0.017542830514947268,0.013396908005058269,0.5052303429080728
175,0.3455006738432014,0.32376724177659194,0.003531948508478095,0.03453070892079554,0.29266942695093306
176,0.11358213144977096,0.8627799984277646,0.010380062536708192,0.0018789326320971362,0.011378874953658963
177,0.12458327389614995,0.8171528328187649,0.03523489653435844,0.003544932939726472,0.019484063811000044
178,0.39302181116655455,0.5207976464242527,0.003649836106623191,0.012054530964961604,0.07047617533760796
179,0.14469325878501857,0.8218184238785627,0.014705041876323679,0.002691875784258441,0.016091399675836424
180,0.018477343439798014,0.8220054546357255,0.1562565265033721,0.0008209849259983424,0.0024396904951060226
181,0.019388697414072658,0.9139182690999045,0.06256570001030527,0.0017462311671611142,0.0023811023085566485
182,0.010431016968048146,0.5883938325381552,0.3958002541220805,0.0013105417647244213,0.004064354606991644
183,0.02053286587201673,0.04362356589963482,0.0016363678075625868,0.0013964092897043197,0.9328107911310815
184,0.30660487227636984,0.5970892049724957,0.009615393293929176,0.022483149434596634,0.06420738002260852
185,0.6218417090524776,0.2955772517853671,0.0014799162390788682,0.018602973498149124,0.06249814942492725
186,0.22284331320275003,0.7530268956315224,0.010143192474629891,0.0030273547705893314,0.010959243920508592
187,0.06432777707521045,0.9152048376504411,0.005044918251720065,0.009483474454521076,0.005938992568107266
188,0.510702734276696,0.35469105041737403,0.0013043154096430512,0.09998656460098125,0.03331533529530571
189,0.03446402860198328,0.9451945083505792,0.011155260331493602,0.004286547400976245,0.004899655314967867
190,0.22256521245002242,0.23002649693767468,0.0007110033201053307,0.16940327901021696,0.3772940082819807
191,0.2414747944492333,0.40480960681140316,0.0014237066999433171,0.10031379531550856,0.25197809672391164
192,0.020595381625117787,0.7723511369496493,0.024154488120844413,0.010469689739400826,0.17242930356498767
193,0.013047101946980407,0.008646102309774969,9.297987259837713e-05,0.004022611551327202,0.9741912043193192
194,0.010138431970069488,0.00209607140225041,1.5124702596382847e-05,0.0015451240840752695,0.9862052478410086
195,0.03734072630892526,0.05852912761694157,0.0009346041168999056,0.001963117356210291,0.9012324246010229
196,0.0007443599367399977,0.0010809417665119067,2.8193151435420528e-05,0.00012169626657504824,0.9980248088787376
197,0.006443350752006716,0.026053087145095633,0.0007486776260241334,0.0009167508654442951,0.9658381336114291
198,0.008908584261240811,0.07491820692361527,0.002761720173458864,0.001583936768067807,0.9118275518736173
199,0.029257667084629003,0.01915067898867807,0.9009901695620427,0.0010903253842003216,0.049511158980450026
200,0.09513547130216612,0.012680150652488908,0.007778000759689883,0.030262400621139274,0.8541439766645158
201,0.31679322314373803,0.0033756526409115376,0.0005720993448420328,0.014126868116199119,0.6651321567543093
202,0.12411816258695185,0.0004239596957740979,5.371023164616298e-05,0.02156722341544165,0.8538369440701863
203,0.01562851199626275,0.0013100065056191677,1.6505687268079976e-05,0.002620718244239268,0.9804242575666108
204,0.009287127988893208,0.000380259943102564,3.987286050990238e-06,0.0016956760902692453,0.988632948691684
205,0.010809192293243477,0.000583184759267779,2.3910009734369336e-06,0.0020995077549660645,0.9865057241915492
206,0.010302154865489287,0.0004316528331638017,2.5571021761856276e-06,0.0013537840680229187,0.9879098511311477
207,0.014405032658377072,0.0008203202218512705,2.6281129363010772e-06,0.005525217439558986,0.9792468015672765
208,0.22654282483877494,0.006033350676236033,7.620949066639897e-05,0.020401306075561104,0.7469463089187616
209,0.24351332748923113,0.009796526598751616,0.00010748843915142845,0.05175216600948399,0.6948304914633818
210,0.058627418376694246,0.0009847975419486415,7.187976422423869e-06,0.019704346663465936,0.9206762494414686
211,0.5193642133469242,0.006551395598057065,9.465391082415003e-05,0.22697731802688087,0.24701241911731375
212,0.5394618995541991,0.007224441424061085,4.859603643521139e-05,0.25401955689758493,0.19924550608771974
213,0.45110910550278416,0.014051862982213177,4.4771886451741555e-05,0.4543883300517548,0.08040592957679613
214,0.23080783371313826,0.023105316776325335,6.797717985269352e-05,0.7183863947294427,0.02763247760124113
215,0.13960071002270044,0.015937149310834647,5.170310472112234e-05,0.8324259089289986,0.01198452863274525
216,0.1779970784072903,0.12598023805604464,0.0002155458825525616,0.68571735428686,0.010089783367252402
217,0.124691324161281,0.08559815288221266,0.0002096809066382627,0.7809225006590504,0.008578341390817671
218,0.17863544710332488,0.13363969721074284,0.00014785906762674987,0.6084355973495903,0.07914139926871523
219,0.36140091112849665,0.16861331428532728,0.000209556349399747,0.4367828657679182,0.0329933524688582
220,0.2501205285357991,0.6213093128863415,0.0006473843983542276,0.11978888440096003,0.008133889778545112
221,0.14346951718107012,0.7465899639425077,0.0014226762557060823,0.09456179280041264,0.013956049820303615
222,0.14607955065687708,0.5692058181332966,0.001177892193867359,0.2648035062513455,0.018733232764613427
223,0.14456455600610696,0.7211342801823367,0.0014737620842915787,0.11057378829341606,0.02225361343384868
224,0.0616064577118919,0.746580633127306,0.007612347373813506,0.016169676703443582,0.1680308850835448
225,0.6354568388315276,0.11012652146806517,0.00043991118214056725,0.06228230553147671,0.19169442298678996
226,0.6332961800033808,0.2534899797169306,0.0011091518956998388,0.07871751561953899,0.03338717276444977
227,0.3258525511617615,0.6459884559232671,0.0031345289264164116,0.01776645404409217,0.007258009944462765
228,0.6362490437905504,0.22880129163299529,0.0002154202081653959,0.12302303316636508,0.011711211201923961
229,0.08141158107528704,0.9002609501245736,0.0008182025821632117,0.015557027855036348,0.0019522383629398852
230,0.0429014149380514,0.9356979228338792,0.0023097163136031208,0.01590731870939404,0.0031836272050720844
231,0.2733026429739542,0.6487813019888388,0.0008045434051702684,0.06950817019424763,0.007603341437789194
232,0.024136604090321763,0.9290017622701869,0.037599454063074265,0.007833006519019687,0.0014291730573975047
233,0.025428233296452663,0.9675465406163675,0.003092233036378127,0.0024345809804339354,0.0014984120703678795
234,0.30812828333796527,0.646380401145822,0.0011876124926567433,0.03175456225456585,0.012549140768990193
235,0.012505219617936906,0.944121832341197,0.03577463342418483,0.005173988657003749,0.002424325959677613
236,0.012016357523422297,0.9438241219902823,0.03858525616964365,0.00373631885216967,0.0018379454644821408
237,0.24902862800733516,0.6638681714349832,0.0033642906104053094,0.059313950556882745,0.02442495939039363
238,0.17581213656437364,0.25866828915759416,0.0020564773328200494,0.005256147614711634,0.5582069493305005
239,0.053035050905404016,0.9315882186966614,0.0065097759811140205,0.002228204844532338,0.006638749572288295
240,0.43387709270901664,0.14557573239328137,0.0013309426853981465,0.0028511973348030466,0.41636503487750076
241,0.6362874684118514,0.23120942250770013,0.0010143258180069221,0.0015678620003502879,0.12992092126209112
242,0.13216074150080734,0.8396160989793814,0.009231508406969714,0.002197636155714087,0.016794014957127568
243,0.049009079056801075,0.9394521549384389,0.008208357982319503,0.0005234290451131661,0.0028069789773272616
244,0.09419589529999323,0.889469408438809,0.010065401935357121,0.0014672741566680444,0.004802020169172601
245,0.11346534769530323,0.8709904989440611,0.007965466522191995,0.002329304241547875,0.005249382596895764
246,0.018473696152646026,0.9653192042797156,0.014391764870780553,0.0005763068712039887,0.0012390278256536947
247,0.02378863959887207,0.9314304833596924,0.04128998947102235,0.00149386575375336,0.001997021816659867
248,0.0053005106849240615,0.845815837677702,0.14611196351186956,0.000709485916092642,0.002062202209411847
249,0.0051622762081426745,0.561380589051334,0.4313589663262035,0.0005084024261849693,0.0015897659881349223
250,0.00950872784454388,0.7695596394380798,0.21587606989223213,0.0009373371900854024,0.004118225635058696
251,0.005538796063463044,0.16565572081108798,0.8272355428784675,0.00026965987328133586,0.001300280373700261
252,0.030500267972857483,0.8537134000444317,0.11034969797405303,0.0016751625661337922,0.0037614714425237726
253,0.01709066354749772,0.7955545028476623,0.17986938305168337,0.0025326960359683967,0.004952754517188303
254,0.00797004021487527,0.7100076694402119,0.2770429553854031,0.001877178208731247,0.0031021567507786866
255,0.012474233140149745,0.771767891991679,0.2096065836073153,0.0032409076602575994,0.0029103836005985083
256,0.11460732700415757,0.8229331547282069,0.01825018312723154,0.03370205568539979,0.010507279455004319
257,0.0182249356445284,0.910105099986708,0.055202798866060526,0.012514735899205903,0.003952429603497274
258,0.02225165252114468,0.9017619276075419,0.05024713535921617,0.022873592864095897,0.002865691648001455
259,0.14341087282835466,0.6973635434440665,0.007399589354254404,0.14810469177501898,0.003721302598305486
260,0.08230098742643917,0.3866023202240097,0.001493140980223142,0.5232613198445042,0.006342231524823787
261,0.05418301964195111,0.10940131212702431,0.0005418181152357553,0.8324048385644034,0.0034690115513853503
262,0.0613128396412048,0.033324688788036294,9.295237599355027e-05,0.8982374053627598,0.007032113832005734
263,0.0630801938301151,0.027216821460998047,7.927167222049276e-05,0.9024345077580596,0.007189205278606724
264,0.09372661627845151,0.020034492364567738,5.438219368644577e-05,0.8792008944601958,0.006983614703098513
265,0.24123701558937483,0.007805018029619209,5.0002009163647366e-05,0.7040855854670977,0.04682237890474466
266,0.13144107247146017,0.010482379149282486,7.511326910947347e-05,0.8493578429218477,0.008643592188300181
267,0.10444883937757657,0.011458876860167408,7.936684188319082e-05,0.8767260320631068,0.007286884857266086
268,0.044252757204629005,0.005918353653078052,5.33428288020015e-05,0.947056955196318,0.0027185911171728892
269,0.054633354048037555,0.006406932552501441,4.667478451818951e-05,0.9315477771469313,0.007365261468011606
270,0.014113846596737801,0.012178539070730458,8.1626521151307e-05,0.9684941011515726,0.005131886659807587
271,0.02279266113578774,0.007914744831775863,2.269150582991241e-05,0.9674374116713099,0.00183249085529652
272,0.04662377643339709,0.01189620698063367,5.022377026507756e-05,0.9370493512630221,0.004380441552681979
273,0.04618239361008454,0.01398571317291151,3.4723272965848824e-05,0.9305388974875329,0.00925827245650521
274,0.03720805081879858,0.021940172457543237,0.00013539188454137448,0.9326971670543134,0.008019217784803478
275,0.05141933676262385,0.007540578292430435,8.795146629026752e-05,0.9363456397656863,0.004606493712968986
276,0.10830087832804063,0.01714243364103391,0.00015170722621230722,0.8653183578165783,0.009086622988134882
277,0.01871357098174993,0.0033170910795670095,4.4807580835344976e-05,0.9754104957131304,0.0025140346447173148
278,0.021186676343427767,0.004344515147114636,1.543538507461188e-05,0.9647404287790383,0.009712944345344787
279,0.08845357331158064,0.004540630125343077,5.411651002411232e-05,0.8913147175855037,0.015636962467548466
280,0.32122244226018976,0.014614963900923162,0.00011236044784186764,0.633539964440873,0.030510268950172184
281,0.28165499519190074,0.025334179580778684,0.00023296120646007688,0.6818963778945233,0.010881486126337192
282,0.1542795504749822,0.019238422212487755,9.316784118899427e-05,0.8089822880562006,0.017406571415140362
283,0.09174312749758054,0.01973884806361144,0.00011074007579080512,0.8802572694252484,0.008150014937768934
284,0.05113300196269773,0.018085807794910105,0.00019578579723650454,0.9247756916135975,0.005809712831558038
285,0.05243513230201497,0.016451727666532932,0.00019026745987013802,0.9194975145940322,0.011425357977549792
286,0.03140135271636072,0.007979897457487055,0.00010256683111784593,0.9552301890667859,0.005285993928248481
287,0.0289424671046044,0.0060789707760264666,9.024584027504284e-05,0.9579786411756037,0.006909675103490416
288,0.062563232668606,0.020034462615346058,0.00016009476371148763,0.9063752698370852,0.010866940115251288
289,0.06348985774937893,0.010666813776435758,0.00010639656634829072,0.898200142836102,0.0275367890717352
290,0.05591598026548191,0.017003568734670772,7.456140080217699e-05,0.9088415291733659,0.018164360425679236
291,0.07346068910465867,0.008730510412167254,7.922861198762306e-05,0.9083608609795553,0.009368710891631086
292,0.09647768021245888,0.010316815327156954,8.302439726294599e-05,0.880772797927832,0.012349682135289142
293,0.0839085250085343,0.015448484005428562,9.699731023424666e-05,0.8935833387923743,0.006962654883428519
294,0.05414835478026219,0.019324836275183874,0.00015280977697653596,0.9213660541954466,0.005007944972130892
295,0.06763547184178693,0.026083894743338557,0.00029019442727155556,0.8936324437475963,0.012357995240006565
296,0.11900980940646778,0.01975935867765972,0.00041101318573942043,0.8405669870881661,0.020252831641966926
297,0.08950161564647449,0.04203605415716626,0.01060705603265284,0.8343730736850953,0.023482200478611086
298,0.061078593295687635,0.019904409107122496,0.004552787975238942,0.887950999874957,0.02651320974699389
299,0.1357941315162765,0.05190680330574672,0.00546144909404978,0.7738744598563128,0.03296315622761413
300,0.008098581704577612,0.006912361354902449,0.0036114750932643115,0.006501976916704964,0.9748756049305507
301,0.5817963825332642,0.008273957382377748,0.0005921309823463156,0.03034278847961256,0.37899474062239913
302,0.7912843697233901,0.006933175010757345,0.00010933459591383102,0.019089432593459365,0.18258368807647934
303,0.8876816186977123,0.012961764621764668,0.00016347262322523933,0.012657578805019191,0.08653556525227847
304,0.6901939019974632,0.09257416938000455,0.00029290563217101875,0.190668069455706,0.0262709535346552
305,0.32837960048014314,0.24160998284864812,0.0003808900095711943,0.4165435834078626,0.013085943253774976
306,0.17513278331666096,0.45857299124837475,0.000272131436436404,0.3386797226639513,0.027342371334576773
307,0.37863657327540023,0.18059029042669877,0.00023975158849291186,0.4058645933143335,0.03466879139507484
308,0.21245680522745516,0.5629893161616113,0.0006534040563013931,0.21697373150212002,0.006926743052512063
309,0.4345687742044417,0.4179290363032355,0.00044578009868609316,0.1212362106871766,0.025820198706459973
310,0.06548191042051461,0.8994768249106201,0.0004908453587469548,0.032687661603387555,0.001862757706730905
311,0.05698938106216027,0.8791877463067691,0.000922488115622804,0.05971748263386343,0.0031829018815843426
312,0.4697772142017112,0.2359983401134769,0.0002901859181041851,0.2741152750854211,0.019818984681286705
313,0.1272655174456787,0.8000942343564178,0.0008430390889966315,0.06728225268234103,0.004514956426565809
314,0.10928081584896109,0.8415381514245689,0.0011223009605397106,0.045175304183369576,0.0028834275825609297
315,0.3330584545532164,0.49774245719407595,0.0005346822607283318,0.15992360430394112,0.008740801688038143
316,0.09370665609409635,0.8620326263440995,0.002076469401283056,0.0394481278023268,0.002736120358194295
317,0.04889181658871658,0.9294813464276823,0.0012732342931837933,0.019243569139094117,0.0011100335513232764
318,0.19820421033959346,0.7579312240676465,0.0008212684533336704,0.03628117704589198,0.006762120093534638
319,0.12166304673108828,0.847024697997632,0.0020680680792583206,0.026814511117892004,0.002429676074129351
320,0.023957601994402274,0.9693489270389818,0.0027107474629880796,0.003035399001304425,0.000947324502323372
321,0.13418242159451133,0.8540662350104234,0.001483408497643052,0.00604023917809458,0.0042276957193277806
322,0.05689153479972826,0.9348596350520989,0.0023762053547321405,0.003534694207687861,0.002337930585753043
323,0.015814151655742546,0.9756732117705755,0.004422037464890345,0.0028726052883487293,0.0012179938204427319
324,0.02585637679714608,0.9595547530116603,0.010257543617365115,0.0024878233356686276,0.0018435032381596919
325,0.07769289221456452,0.8956622881549365,0.009598673548024154,0.011543022781115757,0.005503123301359177
326,0.03775815131464342,0.9412069268095365,0.014485547673587937,0.004723481338734346,0.0018258928634978507
327,0.014347456549246497,0.8979946295069648,0.08381496608820982,0.0022552638444572758,0.0015876840111217734
328,0.06445222841104567,0.9071816938454973,0.022761218087160348,0.0034670530449188684,0.00213780661137781
329,0.037115015538562814,0.9263797216450248,0.03170050664549774,0.0030156526784724724,0.0017891034924421333
330,0.01502984003182481,0.9015520972057282,0.0798696928602185,0.0019500891255752604,0.0015982807766531943
331,0.013677438147489654,0.8229232273544315,0.16039040689943007,0.0013383375225427617,0.001670590076106075
332,0.036387647514346484,0.8949075194836169,0.06421716907835383,0.001982251234837777,0.002505412688844937
333,0.010131350873431012,0.8513840907928276,0.13638218144120662,0.000704773262789749,0.0013976036297449702
334,0.011979731492685114,0.8639817021041617,0.1211868377288865,0.0010622328896294293,0.0017894957846371286
335,0.005813011829321437,0.8783530847518265,0.11371364800862649,0.0007613471701350964,0.0013589082400905586
336,0.002458817011028306,0.7856117320727691,0.21054070389113533,0.00046986645439486753,0.0009188805706723198
337,0.0027932662873019496,0.721557780986052,0.27315610437749815,0.0003609153223652916,0.0021319330267824672
338,0.0017304349912147627,0.5321447314441318,0.46434745379716347,0.00036709500391693406,0.0014102847635731606
339,0.012474343516437315,0.8393441508974124,0.13846441924739164,0.0038879852461553887,0.0058291010926031055
340,0.006206304448620322,0.7722427913893535,0.21738426610450287,0.0014939909134356688,0.0026726471440877385
341,0.003605051967802541,0.6649116129197201,0.32860092076751624,0.0006540081835312312,0.002228406161429942
342,0.0017510783421954377,0.48137615479337775,0.5154650616922919,0.0002775240246656487,0.0011301811474692695
343,0.002610123462725123,0.50018254514425,0.49459831062527987,0.00088801801478295,0.001721002752962235
344,0.004251032329572444,0.16976081636845486,0.8233900076746096,0.0008483440251942422,0.0017497996021687107
345,0.001058093565904053,0.05182984527005761,0.945992219902099,0.0004290876122500117,0.0006907536496891764
346,0.002956762361666116,0.3213773935805415,0.6727940158355296,0.0004609507856892359,0.0024108774365737013
347,0.008079837473477878,0.40320119443995234,0.5787274045764333,0.0020053745890397275,0.007986188921096657
348,0.008348368675324487,0.7591070381923279,0.22753149975422693,0.0017175976972371551,0.00329549568088355
349,0.0024613688437655898,0.719076020824868,0.2753468275114158,0.0006006382223528668,0.0025151445975978523
350,0.10860601845229455,0.8518251031840994,0.0239862415848602,0.006054786468844382,0.00952785030990124
351,0.002808535770899564,0.8690871424671325,0.12541064059503024,0.0006070943053483645,0.0020865868615893893
352,0.008597986850755442,0.8337101074607289,0.15515835609197653,0.0005474329919053871,0.0019861166046336756
353,0.04430341786267902,0.900509840517686,0.0470390549535712,0.0009245270202029529,0.0072231596458608716
354,0.022062701514532806,0.856534840719614,0.11465578469522254,0.0017677461683827133,0.00497892690224791
355,0.0056825094343164,0.8781600810101221,0.11394865333556391,0.00035721869977144236,0.0018515375202260151
356,0.002199206670762708,0.3373103848378273,0.6582850093701453,0.00016412274291726912,0.0020412763783473104
357,0.001756833379064828,0.40840605786258033,0.5880404381024922,0.00034148465395262445,0.0014551860019100487
358,0.0012609804049697696,0.35686976694379713,0.6390255175513392,0.0005884451851945147,0.0022552899146995138
359,0.000973667998720436,0.14281284338630681,0.8549961151949687,0.0001667003293432628,0.0010506730906607996
360,0.0010964645505485272,0.332898527941752,0.6647177079099997,0.0002104000248578837,0.0010768995728418225
361,0.0005923077399975419,0.08158606266874782,0.9162428640087648,0.0004265707912287417,0.001152194791261125
362,0.0011248103937976268,0.08161615123277126,0.9149539189820965,0.0003931299992100848,0.0019119893921244605
363,0.002963827665354195,0.42979781864816075,0.5632215614393482,0.0009824214338489427,0.0030343708132878305
364,0.0018192807354052653,0.2957966050327249,0.6999255903514862,0.0004328433820794905,0.0020256804983042162
365,0.0006753496573181406,0.06329918825634492,0.9340939975170778,0.00036612806874496796,0.0015653365005141428
366,0.0005236720055008261,0.062064522156264616,0.9359759129846944,0.0003462481753722504,0.0010896446781679444
367,0.0014544314913487611,0.1535374195366306,0.8419971623946907,0.0005860279223218697,0.0024249586550079303
368,0.0013729701953712067,0.11288358435221883,0.8834148446103589,0.00033597658174921367,0.001992624260301934
369,0.0008835556407161232,0.06312432225831131,0.933900125710243,0.0006474004990256283,0.0014445958917040026
370,0.000637832318333157,0.04356947109821798,0.954132950165426,0.0002980482081188555,0.0013616982099040145
371,0.0008052318757597285,0.09860493054844041,0.8990911136448885,0.0001710484228913675,0.0013276755080200808
372,0.0005259277793644333,0.03736464107291537,0.9602786277207879,0.0002636333573925576,0.0015671700695398876
373,0.0009628600068084008,0.16286171282912318,0.8337088947368493,0.00033964717256464497,0.002126885254654585
374,0.0009601324662662749,0.04794759982777714,0.9490978665373595,0.0005494018023375932,0.0014449993662595177
