epoch,N1,N2,N3,R,W
0,0.1344890094923468,0.008320886953809654,3.744296084476076e-05,0.038280198787214635,0.8188724618057842
1,0.12804692314555724,0.01258670579545353,4.375503767269486e-08,0.05755434504402361,0.8018119822599279
2,0.12827540302350227,0.01848959233217302,2.848388773639749e-08,0.07174855920324448,0.7814864169571925
3,0.08514500142667697,0.003871680023451795,2.1939213738614723e-05,0.03060785820038242,0.8803535211357503
4,0.21319160272300272,0.010526499639664335,4.3928444056253584e-05,0.09947499421960372,0.676762974973673
5,0.19043581232390128,0.007718800114155449,4.015987417766476e-05,0.03331891271725406,0.7684863149705115
6,0.5307824801883777,0.01091239230543106,5.36642864203473e-05,0.039480564529049814,0.4187708986907212
7,0.21342711216174212,0.009202395826916739,5.443548551924159e-05,0.012499415377683478,0.7648166411481384
8,0.011452572893006384,0.006689315717157659,0.0005298850432643386,0.029662132640736222,0.9516660937058354
9,0.15298959193715417,0.03452290116665297,0.003540149734806643,0.007152467451346956,0.8017948897100393
10,0.02141873157557633,0.0948892038530248,0.009844461096866245,0.00293800919925739,0.8709095942752751
11,0.15572443156364052,0.29384133835663334,0.048379604452454254,0.005385988251887698,0.4966686373753843
12,0.11975926252437238,0.4547115414219047,0.1065993002395301,0.0018222686545718413,0.31710762715962093
13,0.13499378747155,0.5269150440726935,0.09327880712753281,0.00317442063020939,0.2416379406980142
14,0.07266399186249355,0.4804400255674363,0.047082337064046464,0.00380624948221595,0.39600739602380786
15,0.019428675216979576,0.11520642235770646,0.04639596332008063,0.004644297086807074,0.8143246420184262
16,0.006557335017573427,0.02427941018866135,0.010959680606917856,0.0016910865525384881,0.9565124876343089
17,0.02173246709497378,0.09245918871671518,0.013875065423671997,0.00672873467857256,0.8652045440860665
18,0.07816829334376951,0.1692780900087261,0.0015729685199674516,0.019647310985143503,0.7313333371423935
19,0.0052896339718083996,0.020141219022355657,0.004612642321828518,0.0002515183325867744,0.9697049863514207
20,0.015811866745405266,0.055776516458843566,0.0018595275143614297,0.0005183415887696735,0.9260337476926201
21,0.1492405634478169,0.2088749939235983,0.001259923576349631,0.007913421703748319,0.6327110973484869
22,0.02084288101027631,0.053598525063897076,0.002673453371447625,0.0010328798659895095,0.9218522606883894
23,0.1250120687020608,0.18301810069204585,0.007290445495065207,0.0036651725393736225,0.6810142125714546
24,0.5543410143632432,0.1793227299185649,0.0018876985285108056,0.04162174163370808,0.22282681555597283
25,0.20518911960832079,0.44358184641072484,0.003354527305391185,0.022377622022569568,0.32549688465299365
26,0.059837834948725015,0.1412080143665979,0.006657083173578072,0.0047114518881318556,0.7875856156229671
27,0.2513135009247583,0.35123545050038446,0.002608531730656499,0.02877161889115094,0.36607089795304976
28,0.08591949108525015,0.17626304661773695,0.005238792712028534,0.002856665003319435,0.729722004581665
29,0.0716328201663282,0.10534694090886193,0.0014747046225862732,0.005169961882498361,0.8163755724197251
30,0.06659598909488589,0.36293101610786704,0.0026386584846734597,0.004354377727245337,0.5634799585853283
31,0.278687208959348,0.2922746436354959,0.0013684362085095976,0.030176432681241573,0.397493278515405
32,0.05612410876499885,0.12251626487805167,0.0047892799411736854,0.003167475790711943,0.813402870625064
33,0.2789932145079822,0.4228731954444181,0.0013878467138909926,0.006049700400512597,0.2906960429331963
34,0.06281356493408394,0.5398379146384762,0.006782384848291505,0.0011591913473083307,0.38940694423183986
35,0.30823751320024256,0.18518973037865583,0.0061979352126326935,0.0025917319786253595,0.4977830892298435
36,0.20678963038739795,0.5028652439429201,0.004056142246052864,0.004404585736688608,0.2818843976869404
37,0.3746450965185814,0.41867598394556155,0.0026979499631462046,0.004324987574444466,0.19965598199826642
38,0.27686087198202575,0.16613532766969694,0.006406431346860915,0.0012164522066999608,0.5493809167947163
39,0.015450204676650073,0.05069637219213116,0.0014648256775959057,0.0004353123042820294,0.931953285149341
40,0.06537001321180004,0.06240374497867815,0.012733359037382295,0.0013372349785938586,0.8581556477935456
41,0.11288292035277965,0.293774538410463,0.04881466023485559,0.0023319423574951477,0.5421959386444065
42,0.1271141218893327,0.2261957583440693,0.08514890742282162,0.0022530285444967873,0.5592881837992797
43,0.0858424248582771,0.14021205003127146,0.41824013177585134,0.0014560047108250233,0.3542493886237753
44,0.06511237110252335,0.23832128824535145,0.09226377118218293,0.0019144718735534133,0.6023880975963889
45,0.2637634088193254,0.45058682861142557,0.04767385741695026,0.0019660776409043085,0.23600982751139446
46,0.2623304332172334,0.5589629296231154,0.040584707980347655,0.0023605176613688767,0.13576141151793453
47,0.2721478384617844,0.6692235666151346,0.009451178704508744,0.0024569512696149946,0.046720464948957194
48,0.01367810539599164,0.22375645908578568,0.10557667323873064,0.0025850288027883797,0.6544037334767037
49,0.07875710061906192,0.576999333149203,0.13966541409243025,0.0030299952160181983,0.20154815692328645
50,0.07695268240506965,0.40357895173423985,0.19805387651993853,0.006604378151177558,0.31481011118957436
51,0.10300880848503602,0.6750399259926889,0.06763757092877672,0.00919472869428863,0.14511896589920975
52,0.11179375752739011,0.6183795424889321,0.046158809868168775,0.005417498740429606,0.21825039137507937
53,0.2329457204636088,0.6704089188363115,0.00701562185243204,0.007300696700509378,0.08232904214713828
54,0.31539295610252593,0.42437208630646234,0.006774136207266424,0.005456850805872564,0.24800397057787268
55,0.16535151753903599,0.5135941558346384,0.024114283216624125,0.0026210720561588496,0.2943189713535427
56,0.25320872775400294,0.5394710553542035,0.014984313880574718,0.009177995731820545,0.1831579072793983
57,0.17919925983359566,0.5902027609613937,0.0271872649782996,0.007890508023993758,0.1955202062027173
58,0.34623850798884187,0.28306117910517165,0.006063612744631253,0.030223244709373938,0.3344134554519813
59,0.5756241910049611,0.30540624995694576,0.004393057625589027,0.011931590464599557,0.10264491094790458
60,0.4675062380592328,0.25627730984077274,0.001470409415541487,0.011672550377399648,0.2630734923070533
61,0.3077252103772837,0.5599388335164719,0.011031624951945918,0.018219757623398898,0.10308457353089956
62,0.15601722134512333,0.17373053614047504,0.009482619592352219,0.01391421454876454,0.6468554083732847
63,0.2762768005973248,0.3483731711808596,0.01091958792268879,0.021381202250703453,0.3430492380484233
64,0.282013830966793,0.4981473619955002,0.00739517126829717,0.05115628544396864,0.16128735032544106
65,0.3618447513026194,0.44313907549245585,0.011145165248593863,0.02781220189701258,0.15605880605931832
66,0.36927957628347824,0.38707432302008987,0.0028765706808728535,0.10241583974312347,0.1383536902724355
67,0.3512947365924912,0.3804561921383944,0.005569850527800061,0.0691607291075456,0.19351849163376877
68,0.5262401522217929,0.36884643857845456,0.0017884987965868758,0.03615044394254967,0.06697446646061589
69,0.4159146968094195,0.25121824269530363,0.006773887165127667,0.10387010050536338,0.22222307282478582
70,0.26027363397902065,0.5726218800047146,0.01876466801673941,0.047638070884555,0.1007017471149704
71,0.1991802204316664,0.19617075313983126,0.0014868515781653912,0.2535813167404805,0.34958085810985645
72,0.28336014600110326,0.5312743482699462,0.028589167773816395,0.04644914553194963,0.11032719242318446
73,0.1519313458219406,0.5153170207515544,0.008447969950079499,0.13842706843740354,0.18587659503902196
74,0.26782372812456273,0.32908900257958096,0.005062438279454749,0.12103865661501517,0.2769861744013864
75,0.14306726841134487,0.6009595493589919,0.006856520615586798,0.10910685030892114,0.14000981130515544
76,0.26503257838582617,0.49521575125492545,0.005643287959168953,0.07684248395460781,0.15726589844547165
77,0.113662776297886,0.7460345017081232,0.012229705047175844,0.05405806046857434,0.07401495647824059
78,0.2012690734937551,0.6680528190357731,0.006869936822307478,0.07843586389632687,0.04537230675183736
79,0.19455697071056938,0.7191645186231832,0.03535187391520556,0.004659232068755573,0.046267404682286226
80,0.08660570841226455,0.7713839177978339,0.023903630862764595,0.06124302987018056,0.05686371305695646
81,0.137691824338071,0.7936977930358387,0.006174359380794929,0.01942838074323069,0.04300764250206481
82,0.07489367748144,0.8194335818128012,0.07921859148023556,0.003008943166504764,0.0234452060590184
83,0.22175259366934622,0.7336478577892999,0.007408021223498181,0.01899172349235417,0.018199803825501626
84,0.03613308289760887,0.8638621297943994,0.07273887372045497,0.0024635219079208502,0.02480239167961604
85,0.11533324552939865,0.8189713134850849,0.019022735477895472,0.01059182105401462,0.03608088445360615
86,0.09462591469582826,0.8369694634594388,0.0556624666885351,0.0020934117414640845,0.010648743414734043
87,0.0542104960249049,0.920297094674848,0.007095568869212189,0.007888302770323943,0.010508537660711246
88,0.012124719406528438,0.9209676704523468,0.06292763738186072,0.00045648518935130993,0.0035234875699126215
89,0.16763742261499262,0.6542996126544427,0.1325796709549063,0.007666346104110683,0.037816947671547634
90,0.12436097105556479,0.600764401415293,0.2559296634611058,0.008235850733428115,0.010709113334608255
91,0.058906644233583584,0.8151763499181063,0.11634834968101279,0.0027008104017677624,0.006867845765529727
92,0.05622921378182637,0.5027263143993771,0.43023330498319606,0.00294978558076858,0.007861381254831816
93,0.05700588066872759,0.7483926198049282,0.1882469241240786,0.001499883235056238,0.004854692167209364
94,0.1254834417777551,0.7047265519376368,0.15813011639983351,0.0018193085306653868,0.009840581354109194
95,0.1339800012103996,0.4870430404197742,0.3631227908965294,0.002097101887650205,0.01375706558564678
96,0.12882476299516904,0.5678267582929303,0.2807069274017073,0.0013665477611565255,0.021275003549036924
97,0.049811259111509264,0.7305671230868545,0.19892002566487804,0.0008228299576736284,0.019878762179084603
98,0.10404198209767919,0.2631404740104576,0.30356118675138605,0.007434638739632464,0.3218217184008447
99,0.03664963876119228,0.17663809850115345,0.3220123252295969,0.004449687751982276,0.4602502497560751
100,0.07624518320389834,0.11631948989271038,0.5543726961355271,0.003872837350842565,0.24918979341702152
101,0.15410291613271024,0.532994063337908,0.2559230566103213,0.002425746359801195,0.05455421755925947
102,0.07789153471570273,0.06483152458847084,0.3142247516541902,0.029341985322591576,0.5137102037190446
103,0.023110838781904782,0.03718940408021581,0.005455818763062741,0.00943395727111224,0.9248099811037044
104,0.16084176873814326,0.014375295826081592,0.00039837170894521813,0.22669806202569895,0.597686501701131
105,0.0037402797599901823,0.002458370702487569,0.001024491664795576,0.0009942553742285816,0.991782602498498
106,0.12075231671710268,0.053329492436113,0.001694074237802466,0.0018902422625302947,0.8223338743464517
107,0.23808067383643547,0.05838441871265456,0.0003633660245254418,0.008681276115637973,0.6944902653107466
108,0.23460474626867336,0.1411575052696968,0.0008756514204894828,0.01932995522192117,0.6040321418192193
109,0.1660067714486669,0.0869214047449058,0.000809829076098207,0.024110509731324416,0.7221514849990046
110,0.1498560334189482,0.03916642258885728,0.00023792492387503508,0.06161049735743835,0.7491291217108812
111,0.4981580863854902,0.04763511618090415,0.00021953853054093358,0.19585269590585375,0.25813456299721105
112,0.37015989036621094,0.036602363097724244,0.00014109171194865352,0.309922522591789,0.2831741322323271
113,0.021946688302582985,0.018436476888271505,0.0006842366494575369,0.010036758876679404,0.9488958392830086
114,0.01831880266028539,0.008323036837465651,0.0002354262199868806,0.005576192485796208,0.9675465417964659
115,0.18393307658146174,0.062596190320154,0.0004367538818633112,0.11160251304455202,0.6414314661719689
116,0.10147812789042937,0.03574473681478785,9.443519085016935e-05,0.12813360409927674,0.7345490960046559
117,0.03125556972293928,0.014891817902124918,0.0003195347019220127,0.012887006643831694,0.9406460710291821
118,0.1668019071744036,0.026794700772265832,4.655470068558908e-05,0.05447582499487045,0.7518810123577746
119,0.2979903617803318,0.05985278439802606,0.00012279994180951388,0.0606242735761338,0.5814097803036987
120,0.44167825896158974,0.09315616668007136,0.00020081244819625068,0.03973909334710123,0.4252256685630415
121,0.29074392149908135,0.16844582680488837,0.00041932188299630634,0.024946629516001635,0.5154443002970323
122,0.1533659926497913,0.11871354898826018,0.001476613026436551,0.007902194367923169,0.7185416509675888
123,0.10065173663113457,0.08491453390293495,0.002306895607560245,0.006366186603310324,0.8057606472550599
124,0.16799100813573098,0.5789817349389716,0.0046759811720865855,0.014795766853582998,0.2335555088996278
125,0.46001306646187173,0.1819258541356362,0.0005975076723401426,0.2149794095096344,0.14248416222051766
126,0.21725058086363064,0.36027852743287464,0.002816324735891341,0.03827474857981611,0.38137981838778723
127,0.3587006240310173,0.24099602833455758,0.0005147155947557927,0.027279779386937684,0.37250885265273154
128,0.2602320038922463,0.6309334389003585,0.0016238260205986557,0.017589622243727343,0.08962110894306928
129,0.046469102731574376,0.14059756200837017,0.003057522479901604,0.003932567718805892,0.8059432450613481
130,0.024898897189587862,0.022660858035531927,0.0027233722153274555,0.0008418499837585483,0.9488750225757943
131,0.20981637298260836,0.022508365149373048,0.0001612940366353784,0.005508033396543574,0.7620059344348397
132,0.3570626039646819,0.05064728357141497,0.00031999865582894887,0.013618234030346532,0.5783518797777276
133,0.0369282992640487,0.005583622298021085,0.0014072638637844326,0.00044346127893453853,0.9556373532952113
134,0.025768302786776852,0.010762376019993993,0.005586992485617021,0.0023689072061611662,0.955513421501451
135,0.05687822953379103,0.052155079002436516,0.0036010069767785586,0.014932913576482883,0.872432770910511
136,0.15845572770120347,0.18352186945071913,0.0024179358298745054,0.014555427798189247,0.6410490392200137
137,0.24897399760204053,0.4086931604777978,0.004183557437990009,0.03045436181638963,0.3076949226657819
138,0.2679544166182984,0.6174096491684155,0.016744645374945542,0.02376016006747365,0.07413112877086692
139,0.6367714071558638,0.31764114174405583,0.0020943378175419442,0.006449333392104805,0.03704377989043355
140,0.3634028162601925,0.590043767392647,0.01537048911353142,0.005291544189139024,0.025891383044490138
141,0.3309095165065978,0.6398694854881201,0.0030676289994540917,0.0048457247760252415,0.021307644229802726
142,0.20232891815396242,0.748249802757474,0.020620670068104984,0.008653371875906313,0.02014723714455245
143,0.20987657975244015,0.7415539053305672,0.005935797526519705,0.019196197311895244,0.023437520078577762
144,0.18349322364108192,0.7756512351727464,0.0029805197037492165,0.017628950989021883,0.020246070493400693
145,0.23058313914129147,0.7197723484638059,0.00193519645665828,0.023752977730388643,0.02395633820785561
146,0.31684235369882907,0.6420957573731745,0.0029441445042716337,0.01696288738219315,0.021154857041531836
147,0.4197405375441048,0.5380304053333805,0.0009616712234936767,0.021231915774387895,0.020035470124633047
148,0.26233759765735737,0.6468749652118345,0.03438526032322994,0.030989709226795222,0.025412467580782947
149,0.2729748858654291,0.6585898867405029,0.031939236265385224,0.016487290084724902,0.020008701043957845
150,0.17526648397218228,0.6375093259135727,0.10170028896436836,0.042235956434564945,0.04328794471531184
151,0.21092319815890356,0.5821515133021842,0.13094841517851633,0.04006825854668442,0.03590861481371157
152,0.09461383993599982,0.7050946708000682,0.11869487634247773,0.05372548626596629,0.02787112665548807
153,0.23518771880114067,0.554092025634161,0.13216363613746523,0.036212826118885426,0.042343793308347734
154,0.17614393463927092,0.6336594284817916,0.11916015943478049,0.029782182017311067,0.041254295426845895
155,0.09150686886155968,0.5281123295283023,0.3497167313730426,0.012955994222987556,0.01770807601410772
156,0.08606201088312194,0.48990969977701343,0.37770757396410803,0.01979975783176202,0.02652095754399463
157,0.046134697225237206,0.5290393252548153,0.3686205637297016,0.019115946104413115,0.0370894676858327
158,0.09871525250656012,0.526796339153219,0.3126047988516349,0.021538394522418347,0.04034521496616749
159,0.09954194843541327,0.6282246802416738,0.2033863560547517,0.029038963905140932,0.03980805136302039
160,0.17930091501463546,0.534786678076369,0.196283161818431,0.0429935759219068,0.04663566916865777
161,0.10076085566022956,0.6991759411743799,0.17970643161953723,0.009508218899710165,0.010848552646143133
162,0.07279369878179462,0.3282965772139832,0.5167181391074785,0.014433799287013839,0.06775778560972967
163,0.037003025391725515,0.43306141285510813,0.4896802196722714,0.00676518210414033,0.033490159976754724
164,0.04672894882539166,0.6124262364741779,0.29422841948184775,0.01913044258447399,0.027485952634108777
165,0.1550387027994623,0.4867247550864385,0.22103908366895492,0.029270918914229328,0.10792653953091504
166,0.1129209673531079,0.7095794923939026,0.10796695765628095,0.015397282109626475,0.05413530048708215
167,0.08820077737259739,0.7133195780145588,0.14537662519449598,0.018174506854114328,0.03492851256423344
168,0.08965395951739831,0.25416102651186767,0.35037301924964814,0.04817591905219697,0.2576360756688889
169,0.07410952188389934,0.15629585656815412,0.6200989303887886,0.018938711570653907,0.13055697958850404
170,0.054469467612300135,0.13109942118713155,0.6910212448892543,0.004607296112982178,0.11880257019833179
171,0.01063300771563223,0.033887586006852995,0.03923863799202698,0.002326177977963781,0.913914590307524
172,0.02358893689107232,0.026484633371509643,0.046739282710737524,0.001989520103307536,0.9011976269233729
173,0.04520170326512866,0.01685541304805605,0.00581884670166917,0.00019717768205810491,0.931926859303088
174,0.0021188164163106963,0.008031359289195761,0.0017940252775311796,0.0010473189514962357,0.9870084800654662
175,0.002656165273418016,0.008012249818281974,0.0011330422416989561,0.00042898482904295574,0.987769557837558
176,0.0014308900188305764,0.002852568372156501,0.00011249595741704793,0.0005246861743278136,0.9950793594772681
177,0.0008242429748491047,0.0019735021677223068,0.0002090129413955304,0.00024266585964863627,0.9967505760563844
178,0.0010721421164685567,0.0026367587041224096,9.55080726964764e-05,0.00026126224755052707,0.995934328859162
179,0.000734341511624494,0.0020621309516547586,2.9360705785081678e-05,0.00014987734353249065,0.9970242894874031
180,0.0007769164239560304,0.0011708668662784312,3.166740452570472e-05,0.00021354447088407937,0.9978070048343558
181,0.010111660855392576,0.006223342906347137,0.0002676123588565534,0.0006707726053410802,0.9827266112740627
182,0.027504676810687863,0.015633848395360684,0.003913325098169648,0.0004270537167305574,0.9525210959790512
183,0.038368623340594474,0.004063842690456344,0.0015316777638060693,3.713078454588094e-05,0.9559987254205973
184,0.0012967542990248966,0.00032352878154845454,0.00045714201946043826,4.235436967321577e-05,0.9978802205302929
185,0.004332676936904849,0.005148620989645368,0.0001285582152980822,0.0005160022459611038,0.9898741416121907
186,0.036784332030817865,0.05201786540018638,0.0005872544483625895,0.003069205703774485,0.9075413424168587
187,0.040611943947011585,0.02642290895616989,0.0005169869479146088,0.0029216988783248078,0.929526461270579
188,0.16316628719686557,0.08215885786063523,0.0016444061123470552,0.024596530589579144,0.7284339182405731
189,0.11690936207253044,0.049841544646760993,0.001189668647563761,0.04764896974563516,0.7844104548875097
190,0.05719151167551873,0.012064239565061113,0.0005438042369972315,0.034371042539218306,0.8958294019832047
191,0.08655945681510022,0.009587562647119399,0.0003999271348113562,0.04590919853011136,0.8575438548728577
192,0.05855564716092545,0.007587433806732238,0.00023136863094507578,0.042047130941655304,0.8915784194597418
193,0.04424018773904528,0.0037308578010005573,4.752266259151933e-05,0.08865683113238218,0.8633246006649805
194,0.11780575775228848,0.007048344665721999,7.824967033935964e-05,0.12843845882358912,0.7466291890880611
195,0.03232795209810329,0.0015556142229922398,1.0648838759724787e-05,0.03059811172035759,0.9355076731197872
196,0.3771016918381546,0.022735901238156796,0.0002302530219809323,0.09158449761158846,0.5083476562901192
197,0.2239185813093711,0.04874054673109382,0.00036365146812439964,0.05381159232160836,0.6731656281698023
198,0.12421672709568904,0.028961124490127988,0.00022990752748130357,0.09325193722090575,0.7533403036657959
199,0.061403793815450046,0.014467770125950772,0.00015781056728641016,0.22334464511050395,0.7006259803808088
200,0.07264942988519427,0.03886163273355206,0.00013711471124890073,0.455812492090939,0.4325393305790658
201,0.08973166971301588,0.1346285252988788,0.0004173617381755545,0.4827017804604637,0.2925206627894662
202,0.049753087252235505,0.0189958840638318,5.439856113162598e-05,0.18807100698017662,0.7431256231426245
203,0.04997035748380146,0.012533561852343495,5.176147932984932e-05,0.22251257468388663,0.7149317445006386
204,0.04911217790335332,0.007004482171642724,3.1123731231123924e-05,0.1391881411496501,0.8046640750441226
205,0.1670548681581873,0.015429175328759565,5.317930283792916e-05,0.224293632805149,0.5931691444050663
206,0.18870540326957402,0.016431243506094866,6.637868886931515e-05,0.488805737877371,0.3059912366580909
207,0.11964342299446899,0.02533506035649119,8.522866064401785e-05,0.7537150090006395,0.10122127898775633
208,0.08398122363751762,0.011575684893009645,3.560139530551114e-05,0.7652385151536253,0.1391689749205419
209,0.07646861360255061,0.019313172837531423,0.00011908320769213537,0.8138533950506617,0.09024573530156417
210,0.09899855765930862,0.022930728286441104,0.00010685686426081635,0.8321778506603424,0.04578600652964702
211,0.07414051869668549,0.01164910740965871,5.171191100168555e-05,0.7637376719874563,0.15042098999519768
212,0.07762158772841676,0.0591089276439702,0.0001554786352123317,0.8186185955980364,0.04449541039436415
213,0.16297641514696248,0.06838453312366446,0.00020424376080533903,0.657328620372867,0.11110618759570068
214,0.15253585194863847,0.17830011462098225,0.00020660892834155798,0.6278573617894999,0.041100062712537744
215,0.09788378961805541,0.14465844870507596,0.00031193068965447944,0.7407900317290614,0.016355799258152743
216,0.15319217599328613,0.49130306438783405,0.00042363911784228694,0.3317562738309982,0.02332484667003937
217,0.1278885120076494,0.4937647342945926,0.0006625796707944605,0.34632210894849136,0.03136206507847207
218,0.18771772726732336,0.39317588361848055,0.0009449334351347331,0.38175905266509536,0.036402403013966064
219,0.1351969719451211,0.47075106295327723,0.0008360220394925555,0.33827724736664344,0.05493869569546575
220,0.2895930154726704,0.3748838485408061,0.0006890399064259754,0.26245510423255947,0.07237899184753817
221,0.15092920547224584,0.5986018454302413,0.0012900836668843145,0.2283699237919301,0.020808941638698328
222,0.17002874810842045,0.6523160809967038,0.001629913101916875,0.15576042918823382,0.02026482860472514
223,0.2686769121624687,0.4156009473976502,0.0012292473044459807,0.233861422832007,0.08063147030342813
224,0.14353662131033976,0.4818460333399632,0.0014046652413199211,0.3306953072142749,0.04251737289410232
225,0.17123419496201253,0.44694977884049514,0.0009669526043739198,0.3644802022402296,0.016368871352888687
226,0.11325772414629288,0.6948989616230246,0.0008006731451735276,0.16599692941175628,0.025045711673752743
227,0.07490367796192121,0.8151995969896335,0.0011527399899640255,0.09699096592561196,0.011753019132869158
228,0.10643631064964504,0.6434022886612972,0.0016415444292030798,0.21042286092723603,0.03809699533261874
229,0.14556046852953294,0.6271244395585468,0.001838560349205976,0.20374465388304386,0.021731877679670594
230,0.12077422373124157,0.7010715991516779,0.001282220332676413,0.1633716276618343,0.013500329122569876
231,0.14923097154593853,0.7212801006687255,0.0007875200102186136,0.10685092162130765,0.021850486153809676
232,0.09084202238468579,0.8323549562958874,0.0010475686225101424,0.07003363534873083,0.0057218173481860465
233,0.07883550359315115,0.8490788152296177,0.0007494473143350479,0.06390658481191432,0.007429649050981848
234,0.039661873305820064,0.9295263345473671,0.003495025297593501,0.021914102029300137,0.005402664819919241
235,0.09367097603744665,0.8360821498467914,0.0027850786534055123,0.046967923640138055,0.02049387182221828
236,0.13980699556083903,0.7669183024774064,0.00895245883426165,0.061352554882112456,0.02296968824538031
237,0.03127227775904498,0.948250070721719,0.00356502695371119,0.012789154690509856,0.004123469875014809
238,0.0459365476252738,0.8634070810852253,0.018242770337045872,0.06368890339691281,0.008724697555542338
239,0.14846690649407437,0.43291865946002916,0.0034323115142958893,0.2466237419116446,0.16855838061995604
240,0.2365825063653754,0.6672201802377342,0.0025947522205212814,0.05361925688991767,0.03998330428645148
241,0.0659621569380001,0.06910435099355204,0.009213371085765235,0.011318193706602264,0.8444019272760803
242,0.2163604069419114,0.05287418499530017,0.0006418630758246828,0.02703801328766955,0.7030855316992941
243,0.3786396011491939,0.1566146472559799,0.0005744775993023973,0.047982133580437285,0.4161891404150864
244,0.37966609612116003,0.18960842288647103,0.0005576131680924405,0.05778871340800468,0.3723791544162718
245,0.1334211296638741,0.0980574582000207,0.002360136003831966,0.03290491823140517,0.7332563579008681
246,0.2690326826573412,0.1547239291207173,0.0007923668564740519,0.04330658743498386,0.5321444339304835
247,0.2386419624628921,0.1277994848558881,0.0006109866437236069,0.07762992838874208,0.5553176376487541
248,0.35342158035704035,0.2817987985707883,0.0018775084163278378,0.08386952188581819,0.27903259077002535
249,0.19414141783848304,0.04365870658913997,0.00037851721982775467,0.1294914916424275,0.6323298667101218
250,0.3990355458610315,0.05875562163581526,0.00040618562028306877,0.2595267698065712,0.282275877076299
251,0.31286593145789693,0.11888764040552,0.001051952071272987,0.19258069509138587,0.3746137809739242
252,0.4163665099994304,0.13990839562871374,0.0012012990932649692,0.17547374255992998,0.26705005271866095
253,0.4736282386671501,0.32107822808327036,0.0014878502347042757,0.10436924478493227,0.09943643822994294
254,0.4569833697418369,0.35378863521550236,0.0030753680076603387,0.09521799700168028,0.09093463003332004
255,0.016807981976727334,0.7773197336842033,0.04893785148857684,0.009504126572345513,0.14743030627814727
256,0.04112865968355917,0.7751835193821958,0.05036175573133929,0.032507922655144315,0.10081814254776145
257,0.11046200741552366,0.7650084226794543,0.016993295266032448,0.043743856697349974,0.06379241794163971
258,0.022474755977580377,0.8135184196598005,0.1422287763852473,0.012682109173093658,0.009095938804278156
259,0.014000701792862974,0.752360464215494,0.21197475679351677,0.010813355996009173,0.010850721202116968
260,0.057266907099890456,0.8822077728457064,0.03459980409730704,0.012267087771340205,0.013658428185755805
261,0.04724522307626771,0.8725228621386294,0.049897823339512044,0.019661147353927967,0.010672944091662596
262,0.03560725692655286,0.8696677504012178,0.0553479384262797,0.02340641229154884,0.01597064195440055
263,0.08794427986641733,0.8357057960998516,0.027394578430441116,0.02456693292290068,0.024388412680389326
264,0.0630818712585086,0.8677364383657518,0.03671545423134236,0.017126796982475465,0.015339439161921906
265,0.06324403750293667,0.8514715428394352,0.03844905726096009,0.025814434521581647,0.02102092787508628
266,0.0664352160428838,0.847261744866204,0.04042242091871334,0.026775407462493708,0.019105210709705136
267,0.12929020028770546,0.769107241938589,0.011129755381964458,0.053711543933474895,0.03676125845826624
268,0.19539407821682134,0.6342432084642228,0.07693332378308171,0.06744759265698695,0.025981796878887384
269,0.05667964526318197,0.8422548694382839,0.03817257521604081,0.04836404749943815,0.014528862583055234
270,0.048675414054141566,0.776026261121117,0.03896826699386147,0.10790417725960301,0.028425880571277068
271,0.11191425434522455,0.6667778488614985,0.011849809986988515,0.1865530202705442,0.02290506653574431
272,0.05248003014736107,0.8897153397251779,0.023182757557806785,0.022837768925097243,0.011784103644557006
273,0.07706547596688147,0.8408284494974724,0.01735014197687593,0.05650221641593737,0.008253716142833007
274,0.07176551702326936,0.8077918958274374,0.0318200310163741,0.058383907598919614,0.03023864853399946
275,0.04068321788763583,0.7971716104784569,0.025231325607933702,0.1163777884382061,0.0205360575877673
276,0.10542366907289404,0.6770676723380314,0.007134973944932529,0.19595627792104844,0.014417406723093622
277,0.0725758901478451,0.6875741567474885,0.07327936059092333,0.09584661004590643,0.07072398246783655
278,0.048473690373515656,0.8269945738512603,0.03896049260462398,0.07198497845558254,0.013586264715017534
279,0.08498163863528672,0.7252459162071331,0.07033727054298301,0.08316928294150336,0.03626589167309383
280,0.10962274237732583,0.6222435045713156,0.005714506633667011,0.21017096532211688,0.052248281095574556
281,0.18908847764024522,0.657749635074793,0.0026135696686316687,0.13623073065894764,0.014317586957382495
282,0.0890552652795134,0.8530822324056783,0.0027094898210177345,0.03467404964480771,0.02047896284898269
283,0.08178877720391227,0.8865581593214118,0.00683322761473939,0.015319244248197738,0.009500591611738817
284,0.09585612330304591,0.8033490298917214,0.011635096497195995,0.051597214086533,0.03756253622150393
285,0.10228646107138543,0.8301003510970735,0.0011938503512066239,0.04868371571005338,0.01773562177028109
286,0.06324813182495172,0.8612565145400956,0.004025769414782662,0.03616518283077421,0.03530440138939571
287,0.04564104714959626,0.9154794059729697,0.010176174901045904,0.020207118802243948,0.008496253174144187
288,0.09638339682829622,0.8325746440922243,0.007479585242148306,0.04814973832105743,0.01541263551627381
289,0.03443941515290368,0.881129714088209,0.06050547450577521,0.013559678118984208,0.010365718134128094
290,0.09179215983004232,0.8528086288508462,0.024028772027236744,0.014688471720361,0.01668196757151363
291,0.14040503283340486,0.7257657741974223,0.029691293609211696,0.05439079818000536,0.04974710117995595
292,0.037943259397036896,0.8997121200125874,0.030514188703361672,0.021985259452312226,0.00984517243470194
293,0.02992638256509986,0.8263904629344343,0.09920146597445667,0.011849456419217794,0.03263223210679129
294,0.04396156826967911,0.9171042445138151,0.013479584659410127,0.015417473055088757,0.010037129502006904
295,0.014963831602872247,0.8672095263805638,0.10573949502982759,0.006176262429026125,0.005910884557710317
296,0.020703995576628654,0.9114658837261898,0.05890398892735442,0.003003824387633762,0.005922307382193453
297,0.10997240212598876,0.7479513195822012,0.12318690320344097,0.012535676012717965,0.0063536990756511945
298,0.03285837314443803,0.9065859765178572,0.030109060916544767,0.017331767423991836,0.013114821997168277
299,0.02500732075732987,0.9174967597256364,0.044517594236345374,0.007327129487628491,0.005651195793059961
300,0.14745964308865978,0.6651004221541678,0.1485328772178713,0.012797070452252604,0.0261099870870486
301,0.22212115813310707,0.6275917404218696,0.09036367079283002,0.01898041900473235,0.040943011647461024
302,0.03855841113889203,0.8373884837228432,0.10640168942932146,0.01002362413847989,0.007627791570463369
303,0.12755886571464056,0.6667047011257714,0.18245386857670623,0.007159862371436325,0.016122702211445367
304,0.02816768916837481,0.9151390284415855,0.03550344832106349,0.013429518555532477,0.007760315513443649
305,0.13742268474601074,0.5510916216304834,0.19976371597936354,0.030343437227353973,0.08137854041678849
306,0.056416996240783786,0.03085042794534455,0.028990987626308903,0.010403332270111407,0.8733382559174514
307,0.43741729379977146,0.09408552895586472,0.0013795805110404385,0.06390371023328244,0.4032138865000408
308,0.06759575843245534,0.04159175135306529,0.022019991305239326,0.02023272996904515,0.8485597689401949
309,0.5012962530876497,0.1601021688883939,0.000995358890272114,0.03457347448277899,0.3030327446509052
310,0.4055411263708142,0.5205318724209737,0.003611647854836577,0.016180075658190792,0.05413527769518487
311,0.41751121161396787,0.1563514976002327,0.0017225422864694962,0.31474802509629496,0.10966672340303511
312,0.354341172914292,0.08001731619426335,0.0007018885556473405,0.4956162868197334,0.06932333551606384
313,0.31330673165780476,0.32203093743823813,0.0008193356498825844,0.3041704294521549,0.059672565801919576
314,0.2005338586861068,0.24139002473668647,0.0006645791576587572,0.49497228616922606,0.06243925125032202
315,0.3237979585528829,0.2145743772631351,0.0006136926266812195,0.43382664867094534,0.027187322886355485
316,0.17851391342487585,0.16286811912761512,0.0005456182957662423,0.6064143722277767,0.051657976923966
317,0.16338650455841044,0.16830559504127787,0.0006878867705357859,0.6452538240076034,0.022366189622172537
318,0.0959366030447105,0.6558282971026722,0.0006439728987009231,0.23884156040597598,0.008749566547940527
319,0.16263076741521557,0.3646467741921853,0.000999802478033833,0.4531017454644147,0.018620910450150557
320,0.20297287024040786,0.3830934245457478,0.0007815813539924604,0.3963756043267956,0.01677651953305643
321,0.10320419259233717,0.6622080297104967,0.0013751710527487547,0.22239709482926628,0.010815511815151073
322,0.2773735451602956,0.48269266681116035,0.001280206941331049,0.2170511889579883,0.021602392129224747
323,0.018757381555576515,0.8919829867140749,0.0025006034509109094,0.08333821389842458,0.0034208143810133852
324,0.06940400723450908,0.7280201631487578,0.0013810523543184982,0.17920719737208246,0.02198757989033215
325,0.11077757791531978,0.5833822080787614,0.0007254864664051995,0.2864548400804467,0.018659887459067003
326,0.12847678960706954,0.5479602672944892,0.0012849456587478549,0.30752740487375224,0.01475059256594119
327,0.15918372964950114,0.7498274121135415,0.0007405391264211945,0.06753503364506556,0.022713285465470474
328,0.052118047666570674,0.9240379419265969,0.0016412593190579454,0.017876537684391677,0.00432621340338263
329,0.1347041851343995,0.8238227810044243,0.00253061174106434,0.029662824449343383,0.009279597670768594
330,0.06253274472174378,0.9023457580277795,0.00841979533503774,0.020199807644002508,0.006501894271436386
331,0.07773443528851452,0.874537911294353,0.004152786487225712,0.026008418028070177,0.017566448901836684
332,0.027324768994990686,0.9167986089789232,0.04665800658821525,0.0037681340836009268,0.005450481354269805
333,0.019326684748167476,0.8108163925671872,0.1591525863875873,0.001808812301859741,0.008895523995198011
334,0.150756650832257,0.6452403556992453,0.07400065442456868,0.0227216063368987,0.10728073270703033
335,0.16664890843400776,0.45040752268210044,0.2912478225532514,0.02584006799844212,0.06585567833219833
336,0.09186992569245606,0.37223853361714665,0.5195425341562412,0.005904848344613633,0.010444158189542483
337,0.013334581569278659,0.6593910354286101,0.31660661051036826,0.0033056448433435226,0.00736212764839935
338,0.18129790762877893,0.4071096268767447,0.33522743773001945,0.017726961788750502,0.058638065975706574
339,0.04697311031648392,0.87830516190476,0.018327275905870927,0.035724004975903965,0.02067044689698118
340,0.02962467860426605,0.8827771145654253,0.065010122443759,0.008690689728314728,0.013897394658235059
341,0.024796137707002903,0.8549378026316468,0.09412100139948111,0.003605967401532598,0.0225390908603365
342,0.11945631845764787,0.7329240048962588,0.12741018617865807,0.0035592965850601162,0.016650193882375347
343,0.06720299746451024,0.6756869849472301,0.24868289435894647,0.001753776236431137,0.00667334699288198
344,0.060159340540278064,0.5303924764867561,0.3987726547426072,0.004576172483154396,0.006099355747204131
345,0.09565565638527675,0.3542036566189407,0.535843837508695,0.005735918636780753,0.008560930850306778
346,0.12504769470115315,0.5003675993078738,0.3156007702919147,0.010368806494818843,0.048615129204239514
347,0.009898982898293298,0.5539642816484234,0.4241480838367098,0.003635098252659599,0.008353553363913841
348,0.1729451312763414,0.6426349569621317,0.1578585880448097,0.006394500429329188,0.020166823287388003
349,0.1470181746200753,0.47360153818389183,0.20093260129055587,0.04769113095683395,0.13075655494864324
350,0.17348642849095217,0.5184804373544887,0.27852641134576767,0.005764131135051836,0.023742591673739807
351,0.1409552810260176,0.3239143771789233,0.411252264769363,0.0416810604398335,0.08219701658586258
352,0.09933687715244538,0.17214717984262143,0.19809215268711686,0.0885000298116921,0.4419237605061242
353,0.5730101724345881,0.08451216657997829,0.0007290437156869709,0.03429061834727394,0.3074579989224727
354,0.3449480758711485,0.43507833580274285,0.0035398605155070027,0.08162901032309124,0.13480471748751036
355,0.5527004496653716,0.24228408640382657,0.0010249883592723988,0.04915307250932632,0.15483740306220317
356,0.5558249636324042,0.3216189236334612,0.00038808380800090143,0.050835639355458255,0.07133238957067546
357,0.5218089613416169,0.3857012073494893,0.000848101340885599,0.02277926428019827,0.06886246568780988
358,0.4005851012321718,0.4887625228383591,0.0009313474685439362,0.053744016342915764,0.05597701211800955
359,0.36368757352060194,0.36862950716803106,0.0012426891697482018,0.03437972186905197,0.2320605082725667
360,0.6427813624506753,0.2487409817970043,0.0004691977116170574,0.04407162080227507,0.06393683723842841
361,0.30905223343734384,0.4750372220894148,0.0016342937863106915,0.06475362000570724,0.1495226306812234
362,0.1409814990109802,0.18296525010777295,0.028534197295779766,0.029138160575707745,0.6183808930097594
363,0.1229762572589437,0.14723238520773135,0.05962788191946594,0.04911476494459487,0.621048710669264
364,0.44024700472483974,0.22087651349664014,0.010280338589385636,0.0191945766833981,0.30940156650573647
365,0.1249926633680882,0.5007176765473927,0.06180625612746265,0.012805468692193888,0.29967793526486247
366,0.06453618238428548,0.46559405321501307,0.09546494625678804,0.00701497186275484,0.3673898462811585
367,0.06787467430246479,0.4798913068351769,0.25505861712958366,0.0108485352815876,0.18632686645118707
368,0.07578360877989794,0.7127977178389198,0.1620156319183183,0.009152752988113255,0.04025028847475063
369,0.10608563681630033,0.7336081931790098,0.12962891141333938,0.0070563844112627285,0.023620874180087698
370,0.08748954318119614,0.5010339763274568,0.18480516447008666,0.11944799244342351,0.10722332357783682
371,0.03955819352557444,0.49860677750274435,0.39454136773783854,0.03279279538816206,0.03450086584568062
372,0.03929815599002065,0.7254324947175956,0.15035995835505464,0.03364828378779856,0.05126110714953059
373,0.09023828011358467,0.8217757148267528,0.04810101063316103,0.02363710248609225,0.0162478919404093
374,0.03200920518910268,0.888497417912315,0.03425031513028109,0.02301415360086807,0.022228908167433115
375,0.030629785334895295,0.8861326448714925,0.03633257443189534,0.02779215562160718,0.019112839740109865
376,0.024941667747774888,0.8487360433671061,0.0782926357446395,0.017992437380501762,0.030037215759977778
377,0.07348637467492106,0.2799796662665809,0.12731797447248067,0.20135014614676583,0.3178658384392516
378,0.3261099365635488,0.3573655419133563,0.005537184197377725,0.05257899471399449,0.2584083426117227
379,0.04383318056838903,0.05551849484031476,0.05428761834121356,0.054269504139303676,0.7920912021107791
380,0.16060550963873615,0.04882139016213507,0.00042489980595938323,0.023541906799635793,0.7666062935935336
381,0.27973531560860726,0.16835718387882553,0.01854094913440286,0.22176632120871453,0.3116002301694499
