epoch,N1,N2,N3,R,W
0,0.016248527651910295,0.0007347471851399827,5.405204107275882e-30,0.0008905768525629193,0.9821261483103867
1,0.010845071723457259,0.00037575339887072783,5.072206687617087e-06,0.00048637618327988775,0.9882877264877045
2,0.03400099246464526,0.0005442928880774082,3.59698660478596e-06,0.0009447737731482735,0.9645063438875242
3,0.00045247848306971425,0.00012201320757400024,1.5081007573867237e-05,2.0240964066630376e-05,0.9993901863377158
4,0.00020844730857312685,0.00012837635261820428,3.2858004290921522e-06,4.612666898947089e-05,0.99961376386939
5,0.0051965007829727,0.00030317275216160805,1.7014596641420872e-06,0.0002530337279811919,0.9942455912772203
6,0.015929193112122545,0.00019230933050411208,2.77685475969224e-06,0.00013858198776017932,0.9837371387148536
7,0.026975508449939806,0.0007854153649933534,1.3332912734824789e-05,0.0002181796487896648,0.9720075636235423
8,0.023485866437708648,0.0005957906642087686,0.00020906957749567594,0.00019469789778564414,0.9755145754228013
9,0.017843796822246176,0.000510377608205299,6.450517841265709e-06,0.00024532677742808233,0.9813940482742792
10,0.0038103238761538695,0.002135590046141249,0.00011503199832289964,0.00022956890599416175,0.9937094851733878
11,0.0009381262942411702,0.0004239979619874248,1.609453480258637e-05,0.00020297037202053562,0.9984188108369483
12,0.03098820762409444,0.0006467831008060868,2.7503679697575186e-06,0.0005822637793417974,0.9677799951277879
13,0.0832918184340495,0.0023380741122798598,7.433591048027175e-06,0.0008683929558590837,0.9134942809067634
14,0.10731254983459963,0.048526393163913085,0.0002951418426797417,0.0008378300220937403,0.8430280851367138
15,0.20086232339833515,0.09057314566762414,0.0007902703436301734,0.00372540613162906,0.7040488544587814
16,0.04991398754737504,0.08081036056626818,0.002068471503712738,0.002463155849726913,0.864744024532917
17,0.23520598309750673,0.04556962783135871,6.433994915548952e-05,0.09420620273647852,0.6249538463855006
18,0.09744464333018327,0.5158368383430313,0.0024328253330957086,0.014370215883012601,0.36991547711067707
19,0.11440858864835546,0.6740555036262751,0.0023643594257208504,0.017135084955729678,0.1920364633439188
20,0.19480640321512918,0.38096469364352803,0.0018318923599725649,0.015972662228626523,0.40642434855274373
21,0.15339339783729763,0.6841074227100743,0.005208545707671269,0.006882122535513557,0.15040851120944318
22,0.1893406413342983,0.407414818417895,0.015873396612447004,0.012323207046933196,0.37504793658842644
23,0.31835214874536055,0.5385757975852753,0.00022202582121950496,0.05585835804271127,0.08699166980543337
24,0.10444760008027092,0.8153258601180713,0.0023288512166856346,0.005807215442349677,0.07209047314262232
25,0.04898230767625268,0.8969230882463687,0.015844688867259135,0.0015105488374813239,0.036739366372638145
26,0.09867539483631291,0.7850353744973478,0.0020793330037709003,0.007119810875402374,0.10709008678716592
27,0.025686461730863627,0.9565249889577524,0.0032533007837963835,0.0035036777601113243,0.011031570767476202
28,0.04977835382872962,0.9267706260319447,0.0032908923104241704,0.003917778941678623,0.01624234888722282
29,0.05425173571198144,0.9109251574675195,0.012906602218617409,0.0025844702091749583,0.019332034392706688
30,0.02809516955171873,0.9430841976399631,0.004870606459208361,0.0012746637875151617,0.02267536256159469
31,0.01536097993567911,0.9622450142857991,0.014401778543187414,0.0005174565553441817,0.007474770679990112
32,0.016736626861737297,0.9628422689616086,0.010465366830408513,0.0009419000254511007,0.009013837320794287
33,0.05716174323405518,0.9228654133825567,0.0046125719105415755,0.0019089823380562588,0.013451289134790406
34,0.04984718807319168,0.9360156859108236,0.004074073965651443,0.0012686546970559023,0.008794397353277354
35,0.036933513458483044,0.9459529335700686,0.009114464666327189,0.00043579234938843415,0.0075632959557325775
36,0.037516420518472426,0.8930512000946736,0.06205670867863887,0.0003506770425855386,0.00702499366562947
37,0.039405757499498394,0.8422052023194365,0.10767973803699142,0.0004968819070586734,0.01021242023701504
38,0.03871427946776437,0.9247745579978413,0.02979916068739506,0.0006612629819892955,0.006050738865010123
39,0.01934712387417469,0.9356633185454328,0.04108896453501856,0.00046155039433479986,0.0034390426510389925
40,0.014139305595651755,0.8508332631075685,0.1313245627493114,0.0003839312487455495,0.003318937298722664
41,0.022431487049032455,0.8072436621687534,0.16642417517136684,0.0005647320320569999,0.003335943578790399
42,0.012619359000527965,0.770533134281194,0.21285116048986982,0.00037714576216532755,0.003619200466242936
43,0.009440036811741638,0.7574994180554944,0.22887463559961774,0.00024058708207763473,0.003945322451068589
44,0.009618164986631799,0.5903208736494936,0.38718095726083873,0.00032095909399470086,0.012559045009041163
45,0.0030639091980301353,0.5963417756758316,0.39305621023797205,0.00024185234294812316,0.007296252545218247
46,0.003614764145541473,0.5350688118638306,0.45626215955132843,0.0002208037501074327,0.004833460689192061
47,0.003813721142301042,0.7029571886064839,0.2869630024246022,0.0003539141059130691,0.0059121737206996915
48,0.005906762043266149,0.7135515936501674,0.2743596378788859,0.00042204745728748164,0.005759958970393117
49,0.00457526393219618,0.6320354900421058,0.358608760111717,0.0002613848771947134,0.004519101036786355
50,0.005187682747651409,0.49906226238401274,0.48908698166024234,0.000265662798009319,0.006397410410084017
51,0.0030180462750963996,0.47582927520728735,0.5168736464023689,0.0002800223835777476,0.003999009731669697
52,0.0039074477128883955,0.5205691466018293,0.4720025114001459,0.00043154888253215014,0.003089345402604361
53,0.006363229046439525,0.6205931018594949,0.36654768218669387,0.00032539122992376787,0.006170595677447914
54,0.00458133071350927,0.48126938791585744,0.5074512069415833,0.0003807778183128674,0.006317296610737123
55,0.008892638175356122,0.5557811271574661,0.4276238928394563,0.0004560784854682553,0.0072462633422533135
56,0.006434914429946466,0.7057309949496765,0.2830116320655006,0.0006838482839289814,0.004138610270947644
57,0.008951549719575397,0.5080575490163103,0.4774754245621252,0.0007724535727930578,0.00474302312919609
58,0.006265389364942288,0.4631334815795495,0.5250787490171474,0.0009124328946114299,0.004609947143749498
59,0.005331056850562174,0.7308990242297414,0.25974070136419214,0.00043505120592347585,0.0035941663495808345
60,0.003928119784719318,0.39076896498168395,0.6012338859973203,0.0004515839984501247,0.00361744523782637
61,0.005076073379652918,0.411836881103868,0.5800629702682559,0.0003640001502167492,0.002660075098006372
62,0.003966982332974358,0.5136377558917279,0.47887179026256504,0.0003116722270196041,0.003211799285713154
63,0.004300837517214431,0.41500623834126327,0.5754685519112893,0.0004794035886867905,0.004744968641546244
64,0.0033843245519111533,0.3021629386885855,0.6909103677372561,0.00043381814407155236,0.0031085508781756783
65,0.002096712679293504,0.2466400768085486,0.7493250376388751,0.00020580041814611115,0.0017323724551367562
66,0.002283789218735898,0.3350238806464239,0.6588183636193085,0.00027303734840888693,0.0036009291671227775
67,0.004607715270172142,0.4214177594311887,0.5658207770841978,0.0004952343827624481,0.007658513831679012
68,0.006948485129282227,0.29440857063651127,0.6903888509050328,0.0005300987727960599,0.007723994556377741
69,0.00908500502911631,0.49258782432482695,0.48525618687499755,0.0006847981628446999,0.012386185608214492
70,0.006933278481832443,0.2993801383973071,0.6733039170728033,0.0009972492648884,0.01938541678316866
71,0.006165049600621288,0.2910259211077517,0.6849044127844033,0.0030003938308160345,0.014904222676407586
72,0.01095490731509612,0.3563279944133397,0.6064651237361429,0.003301047224276278,0.022950927311144877
73,0.021226968239531307,0.44229544478283156,0.49039458240383,0.005856687481526326,0.04022631709228085
74,0.027409644538351208,0.279808381665212,0.20352629237419137,0.0031141332494571466,0.4861415481727883
75,0.02092218662988328,0.06601957187204001,0.004125342475591429,0.00045831316178904783,0.9084745858606962
76,0.02604450792264251,0.12422916584447398,0.04609851155795128,0.0006606162290956294,0.8029671984458366
77,0.028894460161366084,0.13083351701024692,0.012170592621199938,0.00022687163911362182,0.8278745585680735
78,0.02546612794075385,0.08793761764966747,0.011198422999092843,0.00022779824042132508,0.8751700331700646
79,0.04788395933964641,0.09292590764810864,0.04588675900797885,0.0012428638836173068,0.8120605101206488
80,0.03888531643221491,0.08541298857391677,0.08556922990294724,0.000563265907063153,0.7895691991838579
81,0.017080629173442368,0.10732631450637016,0.02831199941221908,0.0007422849394808676,0.8465387719684875
82,0.008464383084163677,0.041126699630500446,0.00840646122871878,0.0002801255448046698,0.9417223305118124
83,0.07255326000187706,0.14534645862772574,0.0012441142317404748,0.003893477915784703,0.776962689222872
84,0.027626968228846447,0.18794107539279936,0.014362342595509352,0.0001227214575545583,0.7699468923252902
85,0.0551571003932272,0.38709764019761683,0.10364744455834414,0.000395694782971651,0.45370212006784016
86,0.030711679874534464,0.5896736817042431,0.04446346292335208,0.0007128627075907109,0.3344383127902797
87,0.015890269508281384,0.8168195010879873,0.02993432338479109,0.00013256876105120302,0.1372233372578891
88,0.024380691595658588,0.7831947157586887,0.08809430263736424,0.00036925069802897924,0.10396103931025943
89,0.04594135364410568,0.6912400806510589,0.21099301104388046,0.0006803550456593226,0.05114519961529558
90,0.028738554128284993,0.7836408767628574,0.10003362625994057,0.0003767763179940365,0.08721016653092294
91,0.03297291037938941,0.7264494134931557,0.19799922717409818,0.000883189045973959,0.04169525990738282
92,0.03163693840216115,0.5977577909655744,0.3210788668362639,0.001266493995789264,0.04825990980021142
93,0.047611808957518216,0.5720525358720414,0.315268504326738,0.0013223879638001178,0.06374476287990226
94,0.04547796119885829,0.704797427866179,0.1750921418781857,0.0013414807588747505,0.07329098829790218
95,0.0262003380673957,0.3980251018375724,0.42600434972771983,0.0013070904167245157,0.14846311995058767
96,0.028553649164708074,0.6772521313877242,0.23988505709802518,0.0020449000079561202,0.05226426234158631
97,0.021848232653355542,0.7934832355583605,0.10952352231775667,0.0007578722731788659,0.07438713719734813
98,0.01659801743404494,0.46197439670565327,0.4227339528115359,0.002005620860932127,0.09668801218783371
99,0.016311164661899965,0.716821669264685,0.2307194731282532,0.002145928310399844,0.034001764634762024
100,0.01169501980555865,0.7205567703917914,0.21036511730804502,0.0005448628404210216,0.05683822965418396
101,0.022425175758774955,0.4441405583317178,0.377403688631554,0.0012051380661180621,0.15482543921183528
102,0.02534399698809209,0.5772406649874313,0.36078078581208123,0.001211588235870796,0.03542296397652444
103,0.03631344064467356,0.5413535915416786,0.3822135259554613,0.00296918616417246,0.03715025569401415
104,0.03250594360918792,0.6398494437074639,0.28759318698658076,0.00577424124630401,0.03427718445046333
105,0.056729520235180346,0.5371190887392944,0.3702887069021633,0.010548661379277442,0.025314022744084595
106,0.05581696870579114,0.4329132657373498,0.44584016602525145,0.01342993044969856,0.05199966908190899
107,0.0665353708278225,0.4739241581594339,0.3468989902781547,0.013317888354497183,0.09932359238009178
108,0.05765290881234127,0.3997903018300756,0.2406326061656178,0.010581840151937923,0.2913423430400274
109,0.05088057909984621,0.5206153654175932,0.15660146965744154,0.006393585116852513,0.26550900070826655
110,0.04256302113075719,0.07239399016802382,0.020792461815159938,0.0026941862794682965,0.8615563406065907
111,0.01666963909024641,0.03492944503598074,0.0007969545125205592,0.0024778949438666177,0.9451260664173857
112,0.008540244667562352,0.009891355825823235,0.00809352572564819,0.00033242117255956425,0.9731424526084067
113,0.0074691670998841535,0.014682905697252677,0.0012101414505583722,0.0006261270494475986,0.9760116587028572
114,0.019104906810448363,0.11032542663826898,0.001985485034313651,0.001429691597643069,0.867154489919326
115,0.01167624645226519,0.07947281011573674,0.004063641689572149,0.0008689565670664496,0.9039183451753594
116,0.027041393915279866,0.10358027892009758,0.017371226707957783,0.0008659982394022727,0.8511411022172625
117,0.013637213520718214,0.08538048865414247,0.010757133449746,0.0011106097102110352,0.8891145546651822
118,0.011947729765874984,0.03200077230477389,0.016031936196515547,0.0003747205666092046,0.9396448411662265
119,0.019272474427193022,0.10674612559510438,0.008639992359544853,0.0007948322848757236,0.864546575333282
120,0.04056989628795091,0.11363112132413902,0.07188902735860407,0.0008960769603672944,0.7730138780689386
121,0.009430325041288608,0.037576874775517785,0.010942186403045442,0.000571635584583238,0.9414789781955649
122,0.047473545721131605,0.24523434624408166,0.010430504747314105,0.0030229322087708204,0.6938386710787018
123,0.058607168141373685,0.250636150056958,0.05852046519436387,0.002599510082286616,0.6296367065250179
124,0.1719521800569475,0.36011675876711174,0.13264170979442907,0.008195319836314963,0.32709403154519673
125,0.07047702321636554,0.4692568387261549,0.06640724287909602,0.005588582464732849,0.3882703127136506
126,0.001984311820803806,0.0038298111048609587,0.001961348787461906,0.0003669601283115626,0.9918575681585617
127,0.014531760239436935,0.00912019615048593,6.407136857167787e-05,0.00454761543783229,0.9717363568036732
128,0.14460361942763567,0.05393635279995163,0.00010816947947482173,0.01390792175618372,0.7874439365367542
129,0.16245936805294758,0.12521665367494805,0.002348934757434962,0.005711785981820706,0.7042632575328487
130,0.020656451320947268,0.026639686438338618,0.008782049474744046,0.0014452059174676689,0.9424766068485024
131,0.17373220571948894,0.14219981575835744,0.05099091333410267,0.03224838656458044,0.6008286786234706
132,0.19425167123445022,0.11512789482773234,0.011727952036755439,0.06968882983958327,0.6092036520614786
133,0.026973798691207192,0.18119539705258433,0.009825293490275225,0.007496129753756957,0.7745093810121764
134,0.04126681566964247,0.07295407191192291,0.0036630758714776613,0.010087856832990374,0.8720281797139666
135,0.02474935603041187,0.2528367407124991,0.010720970716237153,0.0021496561765440474,0.7095432763643078
136,0.0315216159924116,0.21050278182018786,0.016136718104977344,0.0013467436222484009,0.7404921404601748
137,0.03208282952445076,0.3052686554376543,0.05300572615013818,0.0003822059056631352,0.6092605829820936
138,0.06343630954892872,0.6898742352869378,0.09420908229358183,0.0015216955161036214,0.15095867735444804
139,0.11665885260218166,0.6155410178411221,0.06833287652298277,0.0017199039249675117,0.19774734910874597
140,0.08773082102526096,0.8152905442695473,0.02642913849930813,0.0005107773203270623,0.07003871888555645
141,0.06412891398276016,0.7761615415822009,0.15189731729663772,0.0008187797510222275,0.006993447387378994
142,0.08478486557032566,0.7320045014650249,0.17653693037639498,0.0024289067535344555,0.004244795834719991
143,0.02562843227293027,0.5829398288385865,0.38711223262614963,0.0014382942385071733,0.0028812120238265065
144,0.007442402282190545,0.5863757945183767,0.39654881778008966,0.00708284743590475,0.002550137983438265
145,0.00927947888528918,0.49803120578768434,0.4831148670697005,0.004627553458693039,0.0049468947986328485
146,0.011002046430885804,0.5245112683342555,0.4519796647538719,0.00424096077268517,0.008266059708301684
147,0.008247214117162184,0.578799571035922,0.40471396588022496,0.0047259556044826475,0.0035132933622081417
148,0.013697625721685546,0.7516468682790844,0.22731704866581767,0.0041713341319751344,0.0031671232014372983
149,0.005941913090992104,0.48249175269298,0.5083561859278577,0.0013193824180749232,0.0018907658700953417
150,0.03005021917470354,0.5259540181937066,0.4326516547828673,0.005757198428608781,0.005586909420113806
151,0.008682037765255616,0.5836715777090911,0.39849493937988706,0.006325640586400967,0.002825804559365385
152,0.0161766143667991,0.7477311852749777,0.22321540495660946,0.008454083630532537,0.0044227117710810325
153,0.02243528043849247,0.5630596432904461,0.4044324786407082,0.0062059786402826785,0.0038666189900706262
154,0.018271623639701872,0.6332764404107135,0.3410252355358208,0.004230847149183329,0.003195853264580526
155,0.007287885929556905,0.42182294323754466,0.5663103228656632,0.000939065493626253,0.0036397824736090685
156,0.01652204944908466,0.47698002019411834,0.5025099009011949,0.0013755236766518398,0.0026125057789502873
157,0.010280868503047215,0.3930896300456556,0.5921435394345835,0.0013027965801564957,0.003183165436557236
158,0.012003971279410977,0.4659232187604652,0.5185776283865265,0.0014375395718874394,0.002057642001709778
159,0.02075830229946671,0.5549006268772616,0.4154152001404232,0.0047167796063002,0.00420909107654833
160,0.007516095028207092,0.31939875199874235,0.6677731623429334,0.0016587123146407882,0.003653278315476324
161,0.005213003498435463,0.14764688978523735,0.8352877468044916,0.0025986626904715075,0.009253697221364042
162,0.006291781265255467,0.22300801287077798,0.7639291244140666,0.0033133166417343715,0.003457764808165567
163,0.010021101736628624,0.26574743142834695,0.716910152986082,0.0036318911276228814,0.003689422721319551
164,0.007921554805192896,0.24843605465945742,0.7321052669505551,0.005068727168784876,0.006468396416009749
165,0.005392814276220148,0.1867648277094854,0.8046189115163703,0.0016789660529724242,0.0015444804449517774
166,0.005363726621905307,0.19347651257727005,0.7899134355276564,0.0021177313149444293,0.009128593958223784
167,0.011669568078962833,0.37121657314839096,0.6100534170952981,0.004287291411085187,0.0027731502662629855
168,0.006997446080052176,0.12967637050522257,0.8489761038627299,0.003912440266104122,0.010437639285891056
169,0.01674022484910017,0.2710547722315772,0.6701382597847321,0.012433155000406322,0.02963358813418436
170,0.01143226234838914,0.3188989196414263,0.6485858219972743,0.005499699616895795,0.015583296396014424
171,0.019926670265740565,0.3927392564037373,0.5615689803113857,0.009985085370294739,0.01578000764884179
172,0.012065904923299052,0.44406789790919227,0.5268356091381843,0.004767965638680789,0.01226262239064363
173,0.024109358363514015,0.4408126467472345,0.51331830132378,0.009277514136367926,0.012482179429103514
174,0.01550014621052835,0.3548860922922422,0.5879352398471449,0.01659287376577531,0.025085647884309264
175,0.010823096002383266,0.3979656495313741,0.5411677864137314,0.011986454671567271,0.03805701338094388
176,0.018959609839283874,0.40981207939843206,0.5098761528240862,0.020010543735339024,0.041341614202858847
177,0.021738064929034667,0.3211279243679427,0.5761481765975707,0.024859967904681403,0.05612586620077059
178,0.07782366619106888,0.5011218646547317,0.35754136091503846,0.027774155064150912,0.03573895317501001
179,0.03383128261536493,0.41801885869650385,0.3803063274445163,0.027465957249673205,0.1403775739939418
180,0.04869772501689174,0.5039874932502685,0.29177227709870784,0.022032924867057914,0.1335095797670741
181,0.1718464972181213,0.3973375690580141,0.17878856576569815,0.05012870999662852,0.20189865796153794
182,0.27184581672486663,0.24313034031643746,0.2059469510480995,0.08470286944352201,0.19437402246707444
183,0.05407857208306299,0.044821882072877677,0.02478912912099439,0.019020857853549532,0.8572895588695153
184,0.036050460500317155,0.037819650568041284,0.0035780242578703765,0.006027250031693241,0.916524614642078
185,0.03681216242496614,0.186031988722571,0.04770043438308358,0.03154879906643497,0.6979066154029443
186,0.07559123022679011,0.22609389830481222,0.011520232823719194,0.017617663897605763,0.6691769747470727
187,0.06943184131390981,0.19153140525137793,0.03253414216810655,0.010788952490960714,0.695713658775645
188,0.08449984307188342,0.3515611576049113,0.041927913218881854,0.01480089970569156,0.5072101863986318
189,0.05056340201742926,0.4063028505654538,0.09370125191560198,0.006864254320100403,0.44256824118141475
190,0.04908566623207421,0.38471829178901046,0.11631519863803891,0.006832726863033055,0.4430481164778433
191,0.040726012904634366,0.5506641456400001,0.09491310905360845,0.007955120279346974,0.30574161212241013
192,0.03220954113107116,0.606536406035565,0.08184621506345573,0.010415968245826544,0.2689918695240816
193,0.02812598577124663,0.530328921475461,0.03791784905274051,0.004987488474988533,0.39863975522556344
194,0.06112495236466392,0.7375558448242222,0.07204197432550712,0.03142522603827691,0.09785200244732976
195,0.04675695841715332,0.4922197280476824,0.06575642211656672,0.03570229938341711,0.3595645920351804
196,0.07148351517085723,0.6261813866853513,0.12364581046913048,0.060639936879753956,0.11804935079490698
197,0.038111392223213435,0.29444985961349895,0.11119429143047112,0.008802063490389717,0.5474423932424268
198,0.10805042985198433,0.6575860498271189,0.015867604905757803,0.06508381021183447,0.1534121052033047
199,0.03696499675333337,0.333099287247254,0.051584628322215206,0.0044668140037960385,0.5738842736734013
200,0.06005488748370662,0.6658408940709851,0.05615863099034196,0.007730562954749655,0.21021502450021665
201,0.04376060852339633,0.6429753906541849,0.061155193520988305,0.005709811088449941,0.24639899621298053
202,0.02276219558712392,0.5890023467712897,0.05399383026794069,0.0014225539982687147,0.332819073375377
203,0.02677031640199076,0.5015381353972584,0.09177488599770975,0.002269474585884052,0.3776471876171571
204,0.036234169639477856,0.5550941683976737,0.07132294244333182,0.004990812376368977,0.3323579071431477
205,0.041834276836282346,0.42435278510023033,0.06691812763338871,0.009331892042145745,0.45756291838795293
206,0.08397769156078891,0.6246245978094155,0.11022843690353858,0.011520466573744807,0.16964880715251207
207,0.02987135526877781,0.6632293429621215,0.08143192659405592,0.003844978812052252,0.22162239636299252
208,0.012786408031578716,0.05267301075357924,0.020016162606366645,0.0041928070685890335,0.9103316115398864
209,0.04944208315752411,0.27671650585063085,0.0039673911220291114,0.006703122949183799,0.6631708969206321
210,0.06597035393451692,0.4066015872752187,0.016044803494682548,0.006825007938709949,0.5045582473568719
211,0.1264190229042595,0.37153109867118156,0.007960136756552851,0.005974362913369022,0.4881153787546371
212,0.16866377590394738,0.4006027386778937,0.046998882784568374,0.04261275692296697,0.34112184571062376
213,0.14994674610231726,0.6451894202370516,0.01638349917714127,0.03485779480870604,0.15362253967478384
214,0.16702462584256544,0.7400900277290249,0.030691571757222508,0.018913271692747684,0.04328050297843955
215,0.14108166178754317,0.7594115154451049,0.06716856174635728,0.0084501360799497,0.023888124941045252
216,0.14693941713984487,0.6397197395474291,0.038317179417218315,0.1508606021424314,0.02416306175307641
217,0.04143925089742098,0.6382317390217381,0.2243435110539048,0.08992922608738821,0.006056272939547859
218,0.06813687751492949,0.13546818992118181,0.0009885099480429899,0.7873629309345183,0.008043491681327458
219,0.05875847605169267,0.35351416330298513,0.002688324144227111,0.5762100361716492,0.008829000329445747
220,0.03966751748959973,0.6019966812489261,0.023402903631826094,0.32191530341596025,0.013017594213687865
221,0.061827000453448994,0.11126711077918473,0.00024696333428739925,0.8206686742764907,0.005990251156588219
222,0.03144184054816056,0.0941983189283286,0.00022341161470983985,0.8700993494987879,0.0040370794100131994
223,0.02192267518129799,0.06451373643568623,0.00015667048687601387,0.9110756418691995,0.0023312760269401803
224,0.05902602895073897,0.042991180029425306,6.987129519376274e-05,0.8930928827859504,0.00482003693869151
225,0.036521785645803835,0.038384136461236396,0.00018017360185942116,0.9153016488349557,0.009612255456144745
226,0.030204099658005124,0.03794407553258495,0.00014602467737416752,0.9259710511791268,0.0057347489529089735
227,0.03021762788479406,0.01719100388838949,6.303397097479046e-05,0.9488317494552004,0.003696584800641373
228,0.07424748451621468,0.07254599375537184,0.000247314025540204,0.8428976996617776,0.010061508041095742
229,0.076863558396267,0.06972285587933123,0.00019012158293786144,0.8438232009275836,0.009400263213880329
230,0.06448525937559171,0.14508921296975225,0.0004961207214178911,0.7800615801155608,0.00986782681767734
231,0.11362068516744837,0.19233862010823605,0.0006901048380851529,0.680134994903213,0.013215594983017399
232,0.05301456498833021,0.08433572086250779,0.00016830644108460332,0.8476660057413551,0.014815401966722245
233,0.06201863340173558,0.06965196594097353,9.161918066462767e-05,0.8596777412961085,0.008560040180517672
234,0.07375832720124209,0.26458113332541483,0.0005526848924544194,0.6382255708482272,0.022882283732661594
235,0.13755613128684593,0.039742869811383544,0.0001296783515658967,0.7856853831198601,0.03688593743034437
236,0.08348313355974989,0.07674007374561499,0.00016686068543405103,0.8171396072602681,0.02247032474893286
237,0.1274539938288034,0.0696784640041996,0.00016767037866959264,0.7727349412226486,0.02996493056567875
238,0.09402812726311412,0.1515113837702382,0.00021244431503068345,0.7128929988594608,0.041355045792156195
239,0.11833892949771203,0.1954373443475746,0.00022072997863267841,0.6742699301178331,0.011733066058247647
240,0.10015440789400978,0.05022389751887815,0.0001237751611202964,0.8423114533353117,0.007186466090680168
241,0.1473495301463282,0.1906639103783609,0.00023861240766407218,0.6517338825934309,0.010014064474215805
242,0.07836385180614938,0.06756595214696101,0.00017301721294746497,0.8501726756337458,0.003724503200196347
243,0.05495763552365418,0.14028940256033712,0.00025957137066501924,0.8012064805654582,0.0032869099798854195
244,0.07037299977247692,0.3731292028461251,0.0007963757775671163,0.5375899048677881,0.018111516736042648
245,0.07176859551272542,0.10375514216895496,0.00012577421245383376,0.8211927840351047,0.0031577040707609643
246,0.06730465170500258,0.5522211828391266,0.0038537942333224037,0.3612654899270899,0.015354881295458558
247,0.06227174103397188,0.5968309824559663,0.002927373636640117,0.33117252740549025,0.006797375467931333
248,0.04801301146326544,0.18004530791561793,0.00021898490140464678,0.7684912970355556,0.0032313986841563625
249,0.05520333091814854,0.0749612542871291,0.00013826318471134373,0.8627239904894609,0.006973161120550049
250,0.12323560385634734,0.49609583860269835,0.0007246087301741761,0.3682553301553869,0.011688618655393295
251,0.17632840920537485,0.36924020697099724,0.00021241487183922553,0.44633755873117015,0.007881410220618671
252,0.10893876296726718,0.7054618038534872,0.007674741846544345,0.16627040898895856,0.011654282343742602
253,0.07822043541985378,0.785110953573663,0.0024482685779685445,0.12028120480321569,0.013939137625299119
254,0.045962849851314,0.9024629426498425,0.0016849169370443074,0.044868859359284155,0.005020431202514899
255,0.1036310460067308,0.6575736028373926,0.001626490742446838,0.2174817156668683,0.019687144746561556
256,0.029092456070290602,0.9036008272423267,0.028398468052798664,0.033430602977284805,0.005477645657299244
257,0.11970321652965997,0.656790901450619,0.0006160671332621614,0.20819044896308886,0.014699365923369928
258,0.18283492036196466,0.6490672368380573,0.0004973493034323463,0.14940674639274043,0.01819374710380534
259,0.038967466509603726,0.9224407299591659,0.007297772322324012,0.016684332137038804,0.014609699071867734
260,0.07870673235112012,0.8882050842457511,0.0008441182753715775,0.019135041089614523,0.013109024038142644
261,0.03326390367154776,0.9306296053477052,0.009559635319188178,0.011752215967810082,0.014794639693748755
262,0.02214107666746365,0.9588626678226388,0.007126867026739712,0.004405182806633331,0.007464205676524498
263,0.07528006103010804,0.905035825621416,0.0011055018274653502,0.012293720895840325,0.006284890625170345
264,0.06287659963205218,0.9262887540491174,0.000564014992951761,0.0069702421643943685,0.003300389161484499
265,0.006256338440204993,0.9331192012817954,0.05758098839239765,0.0005426529411861066,0.0025008189444157528
266,0.017492557405560518,0.9699592889912596,0.007213390392011246,0.001579219206140183,0.0037555440050283436
267,0.007054119352016858,0.9452306098637505,0.045695345947563734,0.0007239124795032047,0.0012960123571654745
268,0.01193205825625847,0.9796051118890234,0.003716628633521251,0.0024860021605667693,0.0022601990606300657
269,0.0069113597782493015,0.9754628082324626,0.014486477683262756,0.0008354431898253191,0.002303911116200113
270,0.019089238683759086,0.9639413739446134,0.009959376767798478,0.0018650123508262156,0.005144998253002679
271,0.005134813558088861,0.9239300334612308,0.06822787581498706,0.0005763312918648744,0.0021309458738283512
272,0.003803773071752684,0.8372170082241484,0.15522435621439284,0.0005642708025089536,0.0031905916871971573
273,0.005464341172980987,0.9068172233087002,0.07798468047160101,0.0009688026495038308,0.008764952397214185
274,0.006534835167624273,0.9652678696792981,0.02209228133699968,0.0019622093251348313,0.004142804490943279
275,0.012462969921309713,0.960269014104642,0.021701026264312747,0.0020931595056917543,0.003473830204043715
276,0.010712723815579769,0.9520235972926923,0.03252018176742877,0.0016937977962796287,0.0030496993280195238
277,0.009000739615230995,0.9421264635452112,0.04485723597643496,0.001207536201111106,0.0028080246620117103
278,0.010233920511068034,0.9648565324669894,0.019337743272908096,0.0019469483790117723,0.0036248553700226897
279,0.005548036941762476,0.8944743717206252,0.09519447925978133,0.0011396700993546469,0.0036434419784764764
280,0.007388139245245089,0.8764794834274132,0.11202019641538025,0.0014896588135947136,0.0026225220983666486
281,0.003717417387015402,0.7924260672556572,0.200413243610012,0.001114640814236652,0.0023286309330785384
282,0.003340122915079098,0.7572866080545492,0.2370972413186669,0.0010145362651611638,0.0012614914465436126
283,0.005381731859115857,0.8401289205235786,0.14989880212184822,0.0014996387222753886,0.0030909067731819282
284,0.005008055879287605,0.8004711603813554,0.1919980900140218,0.0010533564003981858,0.0014693373249371681
285,0.004316636166162542,0.7430676705863425,0.24980229817722555,0.0008532439952209333,0.0019601510750485223
286,0.006707199144214519,0.7709901415939976,0.2181132566573753,0.0018250717994341588,0.002364330804978705
287,0.0053265688180634254,0.819304830441172,0.16949606822066307,0.00371097470837252,0.0021615578117290283
288,0.004583876053419561,0.7261362292849404,0.2627107988502189,0.0026033646322845354,0.003965731179136686
289,0.003721274151237262,0.6372685499423405,0.35212484736884503,0.0038710198397824405,0.003014308697794872
290,0.06260986625322605,0.44447519105912325,0.2615681337744499,0.011021726783538513,0.22032508212966234
291,0.1524249132733051,0.6507695200812131,0.06245921062152541,0.0095466140307723,0.12479974199318399
292,0.07186988380344074,0.34689853033856644,0.013188166062000517,0.0023262730555189725,0.5657171467404734
293,0.1679108801034441,0.6117304192572703,0.10862055880829466,0.0036242839061517637,0.10811385792483914
294,0.10292818035609994,0.6337400254320027,0.03465882576037416,0.021174994017868466,0.20749797443365461
295,0.15935843007156103,0.5818807848937033,0.04782480344942505,0.027685479904744317,0.18325050168056634
296,0.14669495016397632,0.6011623751661925,0.013310123108478884,0.0804364394634829,0.15839611209786933
297,0.19840881759860576,0.42006005970730603,0.15053744011756037,0.025882330152050922,0.20511135242447684
298,0.26731641652053933,0.44152843984541035,0.13474092176715818,0.015555915070895538,0.14085830679599662
299,0.19880914576772207,0.646592942881035,0.006611122806527065,0.06841943512186692,0.07956735342284892
300,0.08992409439805209,0.6434413904963779,0.06902223386117434,0.02678662223289207,0.1708256590115035
301,0.18624059588487443,0.5248505166911939,0.10646106769861491,0.020202531925182704,0.16224528780013417
302,0.22572930623948723,0.392429459974658,0.004966445887384296,0.2997630906255948,0.07711169727287577
303,0.14738405225013043,0.42885719540589956,0.037682290565417526,0.03658238332736751,0.34949407845118496
304,0.1728125269807045,0.4657709111734417,0.025054302523423683,0.11579457640604145,0.22056768291638862
305,0.1328435455459887,0.312243564549497,0.011366498756426842,0.044249325223235554,0.49929706592485207
306,0.05082395395283434,0.04089035577590529,0.0012380803997041263,0.018623351744623127,0.8884242581269332
307,0.19090245555043503,0.09489234818547868,0.0005419194403908652,0.0624645722150097,0.6511987046086857
308,0.1668243534774844,0.06502161736686823,0.0022641005347686554,0.029907736991196074,0.7359821916296826
309,0.2602475704962277,0.5084861798659732,0.0006275016814703524,0.04009401043322599,0.19054473752310275
310,0.1842321533174144,0.5906149449074025,0.004954392701203099,0.058563224373190725,0.16163528470078933
311,0.11928072063995367,0.5561065316763827,0.004086565545971415,0.08065230547126107,0.23987387666643117
312,0.13249340327738887,0.4962714032935463,0.004834946979714121,0.16918423090209658,0.197216015547254
313,0.09777965012767947,0.21947262348640467,0.0171236097820087,0.17060023187716591,0.4950238847267412
314,0.15889518424884547,0.2666422001435712,0.009445694662221565,0.20345017688515488,0.36156674406020695
315,0.057153293166340914,0.24844597928025677,0.018290362620464302,0.07879255198221707,0.597317812950721
316,0.06375700636165094,0.4099709413504849,0.002829484599906775,0.12371680554942006,0.39972576213853733
317,0.05780678522345247,0.3015413991011553,0.0036454623671678243,0.04829198372226275,0.5887143695859616
318,0.05637293872751007,0.12986412100041284,0.0025428581766070374,0.10057165150910943,0.7106484305863605
319,0.09182358224595548,0.4166256262288339,0.0010083182287210857,0.11115874540579293,0.3793837278906966
320,0.0951540769361183,0.6522194910634467,0.0018662401192569937,0.06437746022495766,0.18638273165622032
321,0.020119247337881476,0.024905452024077627,0.002974283871178965,0.022909826330566378,0.9290911904362956
322,0.13182890956035215,0.017090524318610353,6.095220800931152e-05,0.047705552809533,0.8033140611034951
323,0.10746033120639206,0.20562630470609722,0.0017438014947599048,0.05159998869291751,0.6335695738998333
324,0.07983901855574076,0.2845843857453896,0.03013972127367802,0.030497099295462387,0.5749397751297293
325,0.2901577016656834,0.2819469404484943,0.0009934429983047748,0.0908827126265108,0.33601920226100673
326,0.2745343927765516,0.4235675139690025,0.0017832458433960146,0.055681846934528295,0.24443300047652175
327,0.07859156111583239,0.18750120936976178,0.009567663211859152,0.031912271677126514,0.6924272946254202
328,0.22398630748395015,0.6196690067629929,0.001366039286866145,0.026529278551905545,0.12844936791428543
329,0.022159370073914355,0.01873701537628307,0.0020122499288082215,0.01367549373526651,0.9434158708857278
330,0.4979267749592188,0.19176608346802082,0.0004251647063523014,0.07457796373412565,0.23530401313228252
331,0.24762017933747313,0.4729617467634718,0.007128867119843706,0.0489550900629594,0.223334116716252
332,0.13525504746380082,0.34624427993562423,0.13272965614675078,0.035845040966124085,0.3499259754877001
333,0.1031993196508615,0.35201120419615944,0.05473057562046197,0.06102731776955954,0.4290315827629575
334,0.11871465438295539,0.14971900765530002,0.010087108671250847,0.10989806282810319,0.6115811664623905
335,0.08834848323602586,0.01637283705293635,0.0005812942853504217,0.02229291455337366,0.8724044708723138
336,0.18310338889734687,0.007936712627559088,0.002310005896821615,0.02670915435692061,0.7799407382213518
337,0.10607460868690191,0.015573349803211201,0.0012348615536251655,0.03279101083658872,0.844326169119673
338,0.6631935717690529,0.03978085554890531,4.1135647625041944e-05,0.037464741143056215,0.2595196958913604
339,0.1360119036897742,0.005601205017850744,1.2774875533750802e-05,0.03380928607079624,0.8245648303460451
340,0.20309918171123084,0.04888413811041899,0.0003778880314050181,0.09577909240143248,0.6518596997455127
341,0.47561676226374894,0.21473517385911917,0.0007147273138181739,0.09693841115242963,0.21199492541088397
342,0.4562897926590897,0.28649674695012567,0.001994610821366134,0.12595791623562624,0.12926093333379216
343,0.3155120035460104,0.27679502529869554,0.007042133082862202,0.11966834633865081,0.28098249173378115
344,0.5362760887581127,0.11423009823262721,0.00019288833193968014,0.18385708612631355,0.1654438385510068
345,0.1172268617940145,0.8025652772562756,0.006167967334302973,0.0582376212300596,0.015802272385347375
346,0.13621225796325398,0.7857974853218912,0.005338202259355351,0.049944144375835144,0.02270791007966421
347,0.21793130953832598,0.7141004252830288,0.002650258597437578,0.051945584390954265,0.013372422190253598
348,0.11140759301628853,0.8464715689807888,0.0012087258796753219,0.0295081918912276,0.011403920232019747
349,0.035545438857453496,0.9500751609194421,0.004360231012964963,0.0022478720874905054,0.007771297122648796
350,0.14717410405250145,0.8262555142218778,0.0012592713410935735,0.011432735621531208,0.01387837476299606
351,0.07948897313718886,0.9064661088198366,0.003095389971125493,0.005962060508732628,0.004987467563116375
352,0.03881902329903003,0.9479187455139627,0.008448754122509247,0.0025503263076003457,0.0022631507568977847
353,0.028454973152421056,0.9369830278865834,0.026148608699590726,0.001627545311205402,0.006785844950199485
354,0.016709081136105933,0.9646684812163098,0.013397998522026845,0.0029008247304462493,0.002323614395111136
355,0.0041628355783458,0.7841082838435895,0.20865950767262614,0.0009979694140913131,0.002071403491347215
356,0.012102633547590533,0.9420238109036819,0.03983987900449344,0.002771791324199594,0.003261885220034382
357,0.004584623963198003,0.6750878844834635,0.31677251277091917,0.0012314310130294172,0.0023235477693900877
358,0.006099146430236556,0.9490965771920477,0.040033997005515666,0.002058877700086119,0.0027114016721139136
359,0.004706899899433561,0.8337970903500145,0.15731997611293147,0.001365805011646496,0.0028102286259740665
360,0.0050373730306409155,0.8137660480405328,0.1731390088478442,0.003943636529370587,0.004113933551611529
361,0.004473500253943661,0.6871212155217432,0.29879848677441173,0.005656893843287291,0.003949903606614142
362,0.005234237650512514,0.7428650974990401,0.23418133435399444,0.0030413164993595234,0.014678013997093451
363,0.002860889900796843,0.007212141707082509,0.0021987046621914632,0.001469902560341813,0.9862583611695873
364,0.021349317374338362,0.0075229515572697424,6.550344442685873e-05,0.004438083308905539,0.9666241443150596
365,0.2946250971572806,0.018306535704510594,3.0249474917085938e-05,0.010890773239373076,0.6761473444239188
366,0.7379948412731268,0.1182974489451109,0.00014323387542788398,0.006059374623342658,0.13750510128299195
367,0.30082801212403953,0.32236200702900647,0.003142941070864201,0.012921187803871111,0.3607458519722188
368,0.22118935457406658,0.48163897606195843,0.01096626040333194,0.025192416327795997,0.2610129926328471
369,0.2049547782577152,0.5261140389859941,0.013210465180154445,0.05085134918573058,0.20486936839040573
370,0.176339469009379,0.5363648227855902,0.005056840814829066,0.05645914085886537,0.2257797265313363
371,0.08013374865183334,0.5968085746049092,0.028253444464229064,0.008477939422842352,0.286326292856186
372,0.1024086713685886,0.7928605267763019,0.006078559182710433,0.02173378682447205,0.07691845584792711
373,0.10085203830835093,0.7518239392085004,0.04607001925078125,0.027944872353798347,0.07330913087856906
374,0.18999573446587328,0.6646759396237696,0.0008318686311687285,0.05892608005325636,0.08557037722593212
375,0.13323430565961641,0.6430456759101286,0.024217344609736305,0.0819780672043607,0.11752460661615804
376,0.20280721396979534,0.5768606311223863,0.0234370308004766,0.03556186458128627,0.16133325952605557
377,0.17418984151054723,0.7368760541607946,0.01085191447378254,0.023858898571396385,0.054223291283479275
378,0.12758950193006346,0.7013945611448962,0.07246889647814789,0.02912159628542638,0.0694254441614659
