epoch,N1,N2,N3,R,W
0,0.007184415510776807,0.0001271128068843124,4.38391791324112e-06,6.648812431079955e-05,0.9926175996401148
1,0.011133848727744587,0.00016247103037449965,6.926648594709893e-06,0.0001320136352197777,0.9885647399580664
2,0.007679778333609953,0.00012658704798068645,9.462046623055038e-06,0.00010152845884829014,0.992082644112938
3,0.008065958573058167,0.00014914183568692706,6.348389865150195e-06,5.990661190054916e-05,0.9917186445894891
4,0.009958906606397635,0.00023275691330983778,9.786464795620277e-06,0.0001650880634444578,0.9896334619520524
5,0.006348006144449624,0.000140348381381138,5.9401871097910644e-06,7.950551304118798e-05,0.9934261997740182
6,0.0017914448281205887,0.00015285299424626765,4.194717399078884e-06,8.846582317171161e-05,0.9979630416370623
7,0.006510835610061047,0.0003243060664243192,6.915830186720134e-06,0.00022593439649224684,0.9929320080968356
8,0.0064029485986425196,0.00038614987979047454,4.399748108967267e-06,0.00028260152606145964,0.9929239002473966
9,0.006162118241685356,0.0003961326408840571,5.127095784698055e-06,0.0006100502495731243,0.9928265717720727
10,0.003896064371956859,0.0006253667376216329,3.5589524450099847e-06,0.0006583896579315042,0.9948166202800449
11,0.011929784708316927,0.0014477282856151,7.063365122998977e-06,0.0013843678556729744,0.985231055785272
12,0.017786615421202155,0.001964200454262133,7.920708994890785e-06,0.002595974165731235,0.9776452892498096
13,0.020622508594774363,0.0018296199064156385,1.4375028124239722e-05,0.003483968343969606,0.9740495281267162
14,0.04352605350384505,0.003320404573505017,1.1700581229746976e-05,0.004314918227824485,0.9488269231135956
15,0.0838423302413089,0.014042483324427072,1.8837868259135528e-05,0.009038679682648928,0.8930576688833559
16,0.029105165988502216,0.0037557697088904957,1.5533844205360042e-05,0.004639452337538833,0.9624840781208631
17,0.14973696552695476,0.02821207579260346,4.9758119032768465e-05,0.020680432515686464,0.8013207680457226
18,0.08156303687104532,0.048597105379252804,3.629800428768286e-05,0.018567652489487888,0.8512359072559263
19,0.06256777630061508,0.029197051656054508,2.8908603755536466e-05,0.015071327784307314,0.8931349356552676
20,0.05796324843171658,0.022388504621140337,2.8137473211442902e-05,0.026376078622297124,0.8932440308516345
21,0.0033872097101722933,0.0009258572925209273,5.124236434698515e-06,0.0023103469596566775,0.9933714618012155
22,0.013584841665112622,0.0011006307270463051,1.53829385082468e-05,0.0031025217384904337,0.9821966229308424
23,0.041946595633819604,0.002361823040517039,1.3574583234281721e-05,0.005722391253861605,0.9499556154885674
24,0.067018447158817,0.0025261592587097707,1.2132573229946949e-05,0.008294135242693141,0.9221491257665502
25,0.19947402545175807,0.016548088098819053,3.3086428393188336e-05,0.009470875358324096,0.7744739246627056
26,0.1250540920770857,0.0208681503388439,5.547169966006889e-05,0.015688669456573528,0.8383336164278368
27,0.02820966438583764,0.0040433398599856625,2.0533846029222646e-05,0.01017389518046053,0.957552566727687
28,0.12846310624061885,0.01859375968851874,4.665174926848597e-05,0.01988889388443922,0.8330075884371546
29,0.136851890010509,0.02631670422613177,4.212402268970267e-05,0.027588891756179814,0.8092003899844897
30,0.11155266206506957,0.023189517909722127,3.0394385291467297e-05,0.018815305845922694,0.8464121197939941
31,0.08549862767072702,0.012657591008017723,3.884778503216688e-05,0.01305735738192371,0.8887475761542993
32,0.20601159960849666,0.026264108196811922,6.806371659003319e-05,0.018306938281531036,0.7493492901965704
33,0.1557882382884714,0.01667713664612519,3.78000443255055e-05,0.012779511576454907,0.8147173134446231
34,0.28191376900349013,0.18224013344712983,9.335143797723642e-05,0.026188804086414986,0.5095639420249879
35,0.22939500164307877,0.377407709705617,0.00014071274685255496,0.054579320028608415,0.3384772558758433
36,0.12317615040232491,0.30569564053766585,0.00046328799561166825,0.02486802501010776,0.5457968960542898
37,0.23201926907273016,0.2769095133091181,0.00028974200370850795,0.09790097994576095,0.3928804956686823
38,0.2307347323518182,0.316842848602324,0.00030684447696094407,0.10141805114015483,0.350697523428742
39,0.1607328080744898,0.1930782052500365,0.0001474668323084169,0.08433863727155426,0.5617028825716109
40,0.314570614267449,0.16131876967036948,0.00018599946591856806,0.12000309462801872,0.4039215219682444
41,0.111178989848316,0.7465943005914509,0.00039607181176193914,0.08563480919827417,0.05619582855019676
42,0.19651847041881088,0.14053288021759314,0.00015901278295808353,0.26437040465048955,0.39841923193014844
43,0.07480536556561648,0.10428108268689278,8.640104585821173e-05,0.07570795181917729,0.7451191988824553
44,0.023152334692599502,0.011787483713781865,4.6615731236366075e-05,0.00902034990693703,0.9559932159554453
45,0.010982928431137977,0.002543755971175822,3.5241245724732076e-05,0.002796348051449628,0.9836417263005119
46,0.006743861671349998,0.0012251087458221691,2.2726722305388328e-05,0.001564197770885548,0.9904441050896369
47,0.01575222632319533,0.0006001694527037996,2.7026856990293876e-05,0.000676067188656004,0.9829445101784546
48,0.024128845158185728,0.0008589505195947155,2.7982551922444837e-05,0.000909481550575993,0.9740747402197211
49,0.014654496489381994,0.0005241622241121093,1.1222557435032504e-05,0.0006176011352362616,0.9841925175938345
50,0.06856344328358487,0.0013569683152217433,3.1512369911304854e-05,0.0017847443746561715,0.9282633316566258
51,0.05363775563284983,0.0015465250398974443,1.8186946551698525e-05,0.0018821644518469713,0.942915367928854
52,0.14389387241656657,0.0033974889356109634,5.2518920493049006e-05,0.004885946179188849,0.8477701735481407
53,0.19453025944753913,0.004853180963523892,3.104378534508365e-05,0.009318646063526797,0.7912668697400651
54,0.17862881033576827,0.004721528858772784,3.6976457133410355e-05,0.007755739133251971,0.8088569452150737
55,0.2818508268773567,0.011318076291121077,3.809420355887272e-05,0.016808907291087687,0.6899840953368757
56,0.3898107453097725,0.02825611569892989,6.568853008896574e-05,0.03451125456619949,0.5473561958950092
57,0.1329123688786837,0.009734536566539578,2.169876350238004e-05,0.01774678278585173,0.8395846130054226
58,0.3821681067128254,0.06869393248187833,0.00012496948132229395,0.15538994415377108,0.3936230471702028
59,0.20733245198657385,0.046645914329434934,0.0001146056325227126,0.09549839507641111,0.6504086329750574
60,0.09511623114900605,0.025329314701719046,7.050136748147973e-05,0.029105814702948977,0.8503781380788444
61,0.018450282168663918,0.00477029984478256,1.1063634222285772e-05,0.007056209978240127,0.9697121443740911
62,0.006538785139888489,0.0012281159888210805,1.3986153309697219e-05,0.0010344026175168706,0.9911847101004638
63,0.001463391135211933,0.0002063199047277114,2.588393701018796e-06,0.00026467220099681834,0.9980630283653624
64,0.003584343038389725,0.0001598033697719652,1.5960054744774958e-06,0.0001536030246333137,0.9961006545617305
65,0.008939364686315034,0.00020661129411662793,3.2568784919652183e-06,0.00016352322451277735,0.9906872439165635
66,0.0019488670633182096,0.00021725054594276007,2.029139286730937e-06,7.317505947131767e-05,0.9977586781919809
67,0.007064842657376163,0.00031839427462592123,4.723662721820716e-06,0.0001831580766061895,0.99242888132867
68,0.005983218526254192,0.0005449113663757073,4.0583747542932755e-06,0.000297594267402553,0.9931702174652133
69,0.008960667109546672,0.0006661195061348509,5.385530903564668e-06,0.0005320627295685655,0.9898357651238463
70,0.05852332548025397,0.0034983745942789198,1.5042416307974063e-05,0.0024134286076116468,0.9355498289015475
71,0.011424422116774458,0.0017584256450473782,6.493193109422232e-06,0.0018553132078555719,0.9849553458372132
72,0.02623122797189645,0.003514609438674989,1.1238668791853439e-05,0.003975071271866718,0.9662678526487699
73,0.01580872268395226,0.00207495092547174,6.376261542572976e-06,0.0022651302775069213,0.9798448198515264
74,0.030044278577864413,0.0027293945507082247,9.317062379378419e-06,0.00391698707390607,0.9633000227351419
75,0.004648357284423061,0.001557747260397871,3.605565898485564e-06,0.002026943376707037,0.9917633465125736
76,0.03876170066220265,0.003286948361370682,7.29760018270457e-06,0.007397423009807528,0.9505466303664364
77,0.025647166357988603,0.003058137534037329,1.0776388624600982e-05,0.0044347679839633735,0.9668491517353861
78,0.03868175231259227,0.006028487419864047,7.881596594082089e-06,0.008905632771589228,0.9463762458993604
79,0.014644351803090394,0.0051930478807830135,1.6451348355462774e-05,0.003757827726281931,0.9763883212414891
80,0.024146685380287827,0.00313004427348921,1.3294461800028896e-05,0.002653906058401639,0.9700560698260213
81,0.0032245623575986792,0.0026020623779533306,5.9392802080403495e-06,0.001039883738851288,0.9931275522453886
82,0.001598721609427688,0.0042098307851395405,4.962202313496542e-05,0.00038028647115319754,0.9937615391111446
83,0.010046960371421715,0.0010303443172323822,1.488651126985567e-05,0.0006987296083580515,0.9882090791917181
84,0.006400309020568976,0.00044315494217123206,1.0837953318624196e-05,0.0003749329412239809,0.9927707651427171
85,0.005689958892678737,0.0003679644680579782,5.773918796853196e-06,0.00020455425188221365,0.9937317484685841
86,0.008079195078065723,0.0008890596662114383,1.0697499879115761e-05,0.0003197333225467523,0.990701314433297
87,0.019520890525327603,0.0008165851154286399,9.458678480010115e-06,0.0006618564327784826,0.9789912092479852
88,0.04059266722297112,0.0019245142930266086,3.708443023349289e-05,0.002203242094370873,0.9552424919593979
89,0.08518007711514534,0.004469605250871369,3.853854790860674e-05,0.004476468626194742,0.9058353104598799
90,0.2137235289248027,0.013944817132467797,0.00013311278634117176,0.019140530786657364,0.7530580103697309
91,0.17702149712527568,0.03354825175421081,0.00012491564384353563,0.043719570631693426,0.7455857648449765
92,0.08218867530734825,0.028999065051950716,8.767880767765094e-05,0.034408526536914764,0.8543160542961087
93,0.061159668763070205,0.03262921301866518,7.383997071078714e-05,0.03240271075166439,0.8737345674958894
94,0.08985608583387678,0.02913401835549024,6.258088419359776e-05,0.03390067836260718,0.8470466365638322
95,0.18370567463128232,0.02497525910787223,7.499000800832394e-05,0.03087974283784627,0.7603643334149909
96,0.2059962800462301,0.05144029495037351,8.135766611286651e-05,0.04599838900607791,0.6964836783312056
97,0.3257204859625816,0.05601641639573284,0.0001843390782981244,0.07591275170908539,0.5421660068543019
98,0.15305761953286492,0.0975387790601064,5.395344177331439e-05,0.054374685995108765,0.6949749619701466
99,0.3643492273688072,0.21376540136721364,0.00014927734498394643,0.1130900254843892,0.3086460684346061
100,0.2197787864776839,0.49955288708388335,0.00019771372851455643,0.13011614462889304,0.15035446808102532
101,0.17855019559056895,0.5140817951746746,0.00017860041038377775,0.06654786811447554,0.24064154070989724
102,0.19224091317755193,0.623823678666286,0.0002616718958376487,0.04619523745825479,0.1374784988020697
103,0.2181387093663487,0.6060697923201462,0.0001886445953113054,0.049506416455549464,0.1260964372626441
104,0.08988997028370858,0.8427867407042915,0.0005189571515941109,0.05001598381038211,0.016788348050023806
105,0.13036550694162863,0.7228367568177549,0.00039446127284706507,0.09888600709524067,0.047517267872528544
106,0.1863283712960558,0.5741931880544978,0.0009145823778485312,0.12392005060471012,0.11464380766688768
107,0.12396400360019783,0.6043539647184194,0.0007966504137579334,0.21353822365159003,0.0573471576160348
108,0.04825845076417672,0.8409343963457973,0.0023391790393118127,0.04093104313225253,0.06753693071846158
109,0.007479075501094934,0.0029443139157509387,3.605072303790426e-05,0.004084886304722014,0.9854556735553942
110,0.041155201302530246,0.003841507675082726,4.811593919770967e-05,0.011849005333713442,0.9431061697494759
111,0.02309359595327645,0.002625657050507117,3.554294979342712e-05,0.006559128322180416,0.9676860757242426
112,0.2914743473029548,0.0027385197362293115,6.731673128900336e-05,0.007985102964078639,0.6977347132654483
113,0.42755394455371465,0.01778190858301033,6.932544923193391e-05,0.013782860962167657,0.5408119604518754
114,0.19890948817212215,0.015146304992452463,4.5243307741975024e-05,0.018799096931680134,0.7670998665960033
115,0.3559324950987895,0.11845489259890582,8.210050155811813e-05,0.04618984113234435,0.4793406706684022
116,0.24553826120692296,0.1518107985558521,0.00013378314589126904,0.08951609640761324,0.5130010606837204
117,0.4552814028169172,0.1837261636852046,0.00017641961592245286,0.24878742078309696,0.11202859309885861
118,0.1066881133574186,0.7563704553158289,0.0001658635136933773,0.12310398742514271,0.013671580387916335
119,0.19170407579541332,0.5817038000366712,0.0009957322531768797,0.18875222616929616,0.036844165745442595
120,0.1015122319537828,0.7667132472322973,0.0015275683313679417,0.11507807925709604,0.015168873225455803
121,0.16161906254936545,0.6863789715527648,0.0012224950842740665,0.13253455204309697,0.018244918770498768
122,0.2905570497512637,0.5033680557874936,0.0012803478159903816,0.13410579387022198,0.07068875277503038
123,0.16414018050959672,0.7920288775034556,0.0009556020757051105,0.031231054300023407,0.011644285611219161
124,0.12050455338830345,0.8367196862698104,0.0005794346176862182,0.0038959678328176557,0.038300357891382246
125,0.048162030561051145,0.9422273299306316,0.0005011804454008739,0.006114889415159214,0.0029945696477571017
126,0.053191084898531235,0.9368447550222146,0.0012853862543536186,0.004238454852639562,0.004440318972260961
127,0.050152858771933685,0.941169904737771,0.001171265849202491,0.00157541456972749,0.005930556071365477
128,0.06899042523764155,0.9195849425928636,0.0011987959317640814,0.002623939482072236,0.007601896755658472
129,0.026672734191331125,0.9680789431346919,0.0006639047531197984,0.0006997621212537865,0.0038846557996035863
130,0.040955026816477676,0.9516416627748856,0.002002230349866868,0.0021310090117184163,0.003270071047051456
131,0.02078290337680336,0.9665367614440136,0.008129829992336341,0.0005233307487293965,0.0040271744381174136
132,0.023219354657829393,0.965210867673391,0.00732542216303946,0.0008351399244684709,0.0034092155812715462
133,0.012065291956762937,0.9423125428188328,0.04149693755986114,0.00017918739220552742,0.0039460402723377475
134,0.010055305415453181,0.9248485081457459,0.06237578130713248,0.0002414355635201249,0.0024789695681483167
135,0.0034568936377071015,0.8204720827245378,0.17209162267068465,0.00024813248700625886,0.003731268480064135
136,0.0049793935547542195,0.8302746197647101,0.16122786221412883,0.0005577568266313805,0.0029603676397755053
137,0.006638740576880338,0.9286816087252638,0.06272721003972428,0.0004915122568377633,0.0014609284012937174
138,0.0049503764888524935,0.900480546475877,0.09190534428050454,0.0005099620928028857,0.0021537706619630254
139,0.005448782240550005,0.8460301457669477,0.14678062474654424,0.0002737742448752351,0.0014666730010826985
140,0.0042313075058850146,0.7526847602986722,0.24075907795754753,0.00018116497174545395,0.002143689266149777
141,0.0027075138761163842,0.668313347390453,0.327603265854969,0.00020948581757626226,0.0011663870608853235
142,0.002019203158983909,0.5427780895913192,0.45364271091261105,0.00016285297105912756,0.0013971433660266977
143,0.003023666672016426,0.8338847805629378,0.16076609100852501,0.0003678456972946451,0.001957616059226082
144,0.003535128601564497,0.8496869379492756,0.1439461673754037,0.000306766473347055,0.0025249996004089942
145,0.0010510747863904778,0.5343158270926858,0.46331533585255846,0.00014844693287362407,0.0011693153354915497
146,0.010089888018989746,0.8595565848882485,0.12572155427908308,0.00039637624071594174,0.004235596572962858
147,0.016353243120830717,0.9156485999034131,0.06472084802705526,0.0007922789324642525,0.002485030016236779
148,0.0027935608885342853,0.8580030696043698,0.1375039062783861,0.00037370675011376653,0.0013257564785963088
149,0.0019796050151469273,0.7337770117998953,0.26164177730829286,0.00019930643548485798,0.0024022994411802313
150,0.004845570894282212,0.8265775732146058,0.16587540453810312,0.0006106681763382105,0.002090783176670919
151,0.0020878458431516896,0.6368235888699462,0.35965527577114403,0.00024297202910989247,0.0011903174866483583
152,0.008756204578716266,0.8962425346877703,0.09254223615353192,0.000728071351576543,0.0017309532284050166
153,0.003848299202873208,0.909903837270032,0.08455045844064535,0.00039107602411417455,0.0013063290623352567
154,0.0015393444640969672,0.6169719781901934,0.3803213765709915,0.0002031081490339946,0.0009641926256841535
155,0.0009567388166687433,0.6069849947635237,0.3909777233599694,0.00015355281977420723,0.0009269902400638076
156,0.0012439480600380819,0.539412427539615,0.4581186788028914,0.00012851659435748262,0.0010964290030980386
157,0.002151673478197183,0.7626589894273949,0.23321890200908665,0.00038651108699233903,0.0015839239983289973
158,0.0022624264600049613,0.6870077644208882,0.3088488925583833,0.00036916864429786936,0.0015117479164256267
159,0.0006200558630196718,0.32440693021467826,0.6742165637855748,0.00012562627984412099,0.0006308238568831583
160,0.0005825733918550616,0.1907232050727556,0.8080443248957294,0.00016842381465451443,0.0004814728250053121
161,0.0028203960393009295,0.7865433256150597,0.20868587285248,0.0005685936160843288,0.0013818118770750304
162,0.0009367153879837289,0.49633797329867463,0.5014955608255836,0.0002441435734072656,0.0009856069143507323
163,0.001338486395634316,0.5952693796490603,0.40149637195961413,0.00019015139653431044,0.0017056105991569025
164,0.003794044169941383,0.8464359221952923,0.14650586561377904,0.00043532913459935595,0.0028288388863878956
165,0.0006101242844776131,0.41947848661331355,0.5793547893677312,4.838169080329873e-05,0.0005082180436743502
166,0.0005632300860128493,0.40461762021079034,0.5943671511997964,6.750196471391444e-05,0.0003844965386863203
167,0.0013508432137495632,0.5472299457099535,0.45066290721876406,0.00015696527912769964,0.0005993385784051343
168,0.0010395929359084217,0.5172776081147298,0.48080732909627555,0.00015520468622534623,0.0007202651668607695
169,0.0015209053558661353,0.5591218938045286,0.4378431494712047,0.00012146395016582311,0.00139258741823469
170,0.0008473003830303856,0.5877947168604447,0.41066864208562276,0.00011146128753442332,0.0005778793833677447
171,0.0010395396877030997,0.5867838382213304,0.41119189587595195,0.0001399363600628679,0.0008447898549517602
172,0.000528391079948315,0.2368317185974024,0.7622297994205509,6.957443557443954e-05,0.0003405164665239367
173,0.0007428807816008566,0.5819547574635215,0.41652922958934435,0.00013439719035786166,0.000638734975175148
174,0.0006666504701431572,0.4506665676364591,0.5479951595841251,8.515505659798702e-05,0.0005864672526745262
175,0.0007876846678968772,0.6028488012909687,0.39535575616203855,0.00014838438000792876,0.0008593734990880834
176,0.0009968214503148693,0.550066301444218,0.4480005831891641,0.000206937600944485,0.0007293563153587918
177,0.0010912408571422563,0.6071545785238356,0.3906889628571017,0.0003342826320311218,0.0007309351298892356
178,0.0035790345961313973,0.801844555368382,0.19206625148655102,0.0013453581064118065,0.0011648004425238642
179,0.0013348781847167615,0.6405783958665288,0.3556603683714936,0.0012576968614868406,0.0011686607157738974
180,0.00254582033883424,0.5659232598963169,0.4246563580064425,0.004404112691318131,0.0024704490670883314
181,0.004173060239523104,0.3669686255321356,0.6189789287449698,0.007369882172990271,0.0025095033103811294
182,0.01003108708680621,0.735824045424936,0.19995086485949995,0.047711944851826574,0.006482057776931232
183,0.15110016313756722,0.1552294299603978,0.00144901024651093,0.054820961922242485,0.6374004347332816
184,0.24476823289334565,0.11653083678587817,0.0006381816977526626,0.10204639710579896,0.5360163515172247
185,0.41091975552685023,0.20008424614180298,0.0006152057009198383,0.04079872310159512,0.34758206952883186
186,0.39873165999391935,0.5764360475763121,0.0006251124111516992,0.011099182788695428,0.013107997229921627
187,0.3721801374824076,0.5849904541491644,0.00044685226766124833,0.024848335761988503,0.01753422033877814
188,0.20412750341014735,0.686225595948121,0.0002472202605956845,0.054120023195098024,0.05527965718603785
189,0.13102570715933304,0.7832899563406038,0.001158280560223001,0.07095019535070576,0.013575860589134275
190,0.3010598685627439,0.6029936772465986,0.0008189654614461084,0.07150012858723262,0.023627360141978696
191,0.084059965866888,0.8930476413510009,0.001921154944869919,0.014520252654829906,0.006450985182411124
192,0.14687640143815645,0.7645231343109132,0.0011966439761493654,0.077254180533024,0.01014963974175687
193,0.03178385616098179,0.9494480296510754,0.0032406368624397688,0.011956734854741243,0.0035707424707617334
194,0.019650035632740318,0.9622218828985745,0.0031224314683223897,0.012976172163508184,0.002029477836854443
195,0.0310904545855882,0.8905956114981046,0.006367247406603211,0.0674936791877833,0.004453007321920691
196,0.03429608728894506,0.8879580824572215,0.009423443886767488,0.06164084395082293,0.0066815424162432815
197,0.09186773908870331,0.7046251530492781,0.0021650333968073333,0.1867403118073196,0.014601762657891766
198,0.07136410408649461,0.38435371595984674,0.00184570950898048,0.5310872414665273,0.011349228978150824
199,0.07533056454510191,0.610471302966174,0.0009518503979485067,0.2830368211361022,0.03020946095467332
200,0.08917511771930098,0.08360300196045414,0.0002750855174717342,0.7524825952865863,0.07446419951618681
201,0.08966912746794375,0.035976235702683955,0.00012832192006359961,0.8441290699166158,0.030097244992692958
202,0.061082645631282,0.03361797020945891,0.00012596072006692484,0.8766355698579292,0.02853785358126279
203,0.06817441911052431,0.07984033244860828,0.00037281233413035336,0.8298979845163845,0.02171445159035259
204,0.04191179773440493,0.028198416202730336,0.0001592015518894925,0.8677634514895401,0.061967133021435125
205,0.022089747849574216,0.038393561673414435,0.00023631782082258516,0.9095519880776591,0.02972838457852974
206,0.020430998554172547,0.017564337813831685,0.00015575201642303665,0.9376552290036116,0.024193682611961274
207,0.05814240382504291,0.020023405357607275,0.00028860981498910105,0.8454677736766554,0.07607780732570535
208,0.046495471432728405,0.03222673017739472,0.0009626908982751737,0.8389719216415628,0.08134318585003886
209,0.02702072195935191,0.030564173341110275,0.0010284134873832877,0.8797192866575837,0.06166740455457081
210,0.020684041861924893,0.026210861365432072,0.0013537137616566604,0.8140530247775505,0.13769835823343582
211,0.015617706057149506,0.010294822239855717,0.0006054597897846228,0.8880563068694252,0.08542570504378505
212,0.01944374591453457,0.01465491703560308,0.00023018828365515138,0.9281423057948455,0.037528842971361845
213,0.016328380896662237,0.01247141963862462,0.00016260275379869035,0.9575248895439359,0.013512707166978598
214,0.018182777870366935,0.015359283051403968,0.00018274425141819934,0.94445016052279,0.021825034304020947
215,0.025022552834501926,0.018134658874792535,0.0005708774701120239,0.8362662125844481,0.12000569823614535
216,0.041893231696077046,0.02211955946286179,0.000302835916063632,0.8884751567402117,0.04720921618478578
217,0.055023783838401945,0.030375242739201544,0.0026475414842584218,0.8658083008706953,0.046145131067442696
218,0.04496833596483756,0.02608716053852436,0.0012273117450503207,0.9008139857859055,0.026903205965682315
219,0.02600646994516333,0.034077363008481146,0.019506777114988317,0.798523377068171,0.12188601286319621
220,0.09161515227249192,0.06700211471717953,0.061000712780915615,0.2727651422591619,0.5076168779702511
221,0.010480283867745174,0.01635954810898851,0.0023475504264718916,0.8889096294599927,0.08190298813680175
222,0.0217082719487868,0.011848015810293232,0.0008239387365282025,0.7841753858974365,0.1814443876069553
223,0.0738359785055087,0.024933229447456667,0.0010461405304890553,0.7249238216909044,0.17526082982564134
224,0.1257889180137118,0.04063942621139807,0.00047809630773473457,0.7690700634613351,0.0640234960058203
225,0.203663194138055,0.06806441463439279,0.0006133989728674688,0.6765055161245012,0.05115347613018366
226,0.12607782613989316,0.05501092043886385,0.0008622293978719793,0.7724310847804812,0.045617939242889795
227,0.07366794309536977,0.1320753446484377,0.00208216140933119,0.7644132505591137,0.027761300287747624
228,0.05521798336668276,0.10727825349682248,0.002193459565305296,0.8033890194448796,0.0319212841263099
229,0.02676708307205034,0.13634673614039497,0.0013084610908225863,0.8233219436198881,0.012255776076843933
230,0.046715720938954174,0.2617040017387241,0.005052371005330123,0.6604860659622349,0.02604184035475679
231,0.16420636440607345,0.3239237961929581,0.030532480000591264,0.2988943936648791,0.1824429657354981
232,0.1477008629039075,0.3103012884130774,0.020943885501499882,0.10004429850455436,0.42100966467696077
233,0.14791906940745161,0.40254367050978906,0.051487056236867085,0.12328534544720202,0.27476485839869025
234,0.15409483359603493,0.2863954693299154,0.013858222031131927,0.11323773718026382,0.432413737862654
235,0.05835932450762577,0.059505672660313924,0.0012220586150409733,0.4612193490077178,0.4196935952093015
236,0.12952729787770473,0.10962150154311784,0.0017370917026411526,0.32561835861117977,0.4334957502653565
237,0.03830071163581772,0.01641915841787752,0.00037128695174735293,0.1154779653041584,0.829430877690399
238,0.0006640337331241479,0.00032635701964918006,8.789140984354596e-05,0.0005636972621168489,0.9983580205752663
239,0.022487468703794193,0.002132073236810952,6.321189359657244e-05,0.0035055563275266603,0.9718116898382716
240,0.023263889710820045,0.0019968414807744832,4.138064903285141e-05,0.0071219024198578345,0.9675759857395146
241,0.057438445721193124,0.0013667203629193299,5.707430670047471e-05,0.006591048901403967,0.9345467107077832
242,0.03183822338502405,0.0022878758284459494,0.00010168666078027051,0.019303320120094638,0.946468894005655
243,0.043073009387737074,0.002511919505356969,5.896599868915881e-05,0.020529739518289836,0.9338263655899269
244,0.05985521077230041,0.0021145945454366594,4.087435274952022e-05,0.02651360810944966,0.9114757122200638
245,0.02567359396167635,0.0017671844758749451,4.779578739059947e-05,0.01594346223130109,0.956567963543757
246,0.1211874917214626,0.005457327941587993,0.00011338000443870293,0.04889780003549944,0.8243440002970113
247,0.15804682425431155,0.005607317816875357,0.0001813418894055741,0.06343379846175476,0.7727307175776529
248,0.13264458335268353,0.006930319489976792,0.00017295250914872707,0.036086866413134515,0.8241652782350565
249,0.18425527538000827,0.009355923168110394,0.0002500912503612835,0.0876797689030342,0.7184589412984859
250,0.19315317099025225,0.017901000460294376,0.00013767042882571658,0.04297905465306103,0.7458291034675666
251,0.3977143955026459,0.026258990974102822,0.00030312898253709124,0.2158519711359413,0.3598715134047729
252,0.4283511411316879,0.07623043648577871,0.00018321143568125991,0.23999285651894392,0.2552423544279082
253,0.27925257209176385,0.09741135586970244,0.00028383153065575834,0.41221138845183947,0.21084085205603853
254,0.1441197749969345,0.054171585019369806,0.00010453022289415825,0.30877508296208284,0.4928290267987187
255,0.2594635375062246,0.06348631582816065,0.00022026266857910377,0.4818646300116129,0.19496525398542286
256,0.11789936914916194,0.11222487848789597,0.00012205898583934167,0.15651121764868814,0.6132424757284146
257,0.4018743587538696,0.08391718231742673,0.0001849128289305035,0.36132541590290507,0.152698130196868
258,0.25569517014249293,0.10554002412917615,0.0001811710939288052,0.5429341639561097,0.09564947067829237
259,0.23536191765295816,0.39940899705073113,0.00018388790764712297,0.25155125382171745,0.11349394356694621
260,0.254027667432062,0.14066038943271697,0.000178657562080327,0.516122668415293,0.0890106171578478
261,0.32392613949111365,0.10384665135807138,0.000196943863091462,0.5195139082945598,0.05251635699316362
262,0.3109676273384325,0.2049987533075468,0.00016086980887050831,0.4629563966433903,0.020916352901760072
263,0.2627185016938864,0.224164174455755,0.0001610555837067567,0.5052069074987814,0.007749360767870403
264,0.2717264588078031,0.5047749071133216,0.0005181119664022795,0.21449265562817835,0.008487866484294636
265,0.14711364839440855,0.6158080809275317,0.0006903043941689437,0.2296667101010978,0.006721256182793019
266,0.05864045868365822,0.7927456700727054,0.0005291146783628445,0.14547942148493506,0.0026053350803385434
267,0.04892479657301733,0.8562211050098751,0.0014116460187758501,0.09097991424603491,0.0024625381522968143
268,0.031356553827646044,0.8992247398119776,0.0015915140767314058,0.06587710665002192,0.001950085633622922
269,0.02281257847010425,0.9630004862074932,0.0013002615482949492,0.011313780786062958,0.001572892988044565
270,0.020538273851422314,0.9575616923187652,0.002636612210579171,0.01755691392284456,0.0017065076963887016
271,0.030122538295256632,0.9376483648223316,0.0034845430037701687,0.025880687915560332,0.002863865963081352
272,0.06708414936301157,0.8806044566071729,0.0013318735668735383,0.04759980325833435,0.0033797172046076294
273,0.02327622768780099,0.9618596572612338,0.0014769493845078476,0.011666580615080671,0.0017205850513766
274,0.015843808797258663,0.9695621562120857,0.0028375461849902976,0.009111749286655629,0.002644739519009577
275,0.039970669855040844,0.9351856204486257,0.001530447020007234,0.020078570047783944,0.0032346926285422638
276,0.18126112942054484,0.7653150768181624,0.0025286351125268667,0.028448208513528302,0.022446950135237675
277,0.04080717807293467,0.9470945252726557,0.001378299627100206,0.008823139769209204,0.0018968572581003081
278,0.01746914608759071,0.9747020602846154,0.002348937095547411,0.004253851529494353,0.0012260050027522122
279,0.02757738135319799,0.961494284224173,0.0036085710155911465,0.00425797694415771,0.0030617864628800996
280,0.04355179357563988,0.9407060652707638,0.0030386262429072225,0.009009192165892068,0.003694322744796915
281,0.026899991215537766,0.9578383778578642,0.0037670225986612548,0.009297406452543918,0.002197201875392881
282,0.01188618602840408,0.9782978677667274,0.0035150143431467145,0.004838930808631152,0.0014620010530904612
283,0.01038887678353177,0.9758369506457567,0.008642521500373306,0.002583464436199048,0.0025481866341391306
284,0.02043093558294749,0.9699323831133736,0.0036773240761110715,0.003749157305240074,0.0022101999223278243
285,0.005971235627916945,0.9742760475677608,0.01587689870085768,0.0014508708731035826,0.0024249472303608456
286,0.009075629293994115,0.9788560038115532,0.0077437017888991695,0.0014481675541071566,0.0028764975514463105
287,0.013078814121944188,0.9721401168225824,0.00956695494482138,0.0010368238706247987,0.004177290240027331
288,0.00982133175377874,0.9763731642532144,0.010248721650240752,0.0010457380968140963,0.002511044245951841
289,0.012534486726646832,0.9603632452738126,0.02170321270037011,0.0011248453784147771,0.004274209920755552
290,0.01074724677401866,0.9717288548250655,0.014114199497748392,0.0009985088078171632,0.002411190095350146
291,0.01039767404538268,0.9584361182401347,0.027740351213480386,0.0012443088072231162,0.0021815476937790397
292,0.004718245697278487,0.9514099115762513,0.040045126386313086,0.0009867744764497457,0.002839941863707308
293,0.005171973818988295,0.9603872769202438,0.03201427754531014,0.0004345675394976844,0.0019919041759600196
294,0.0017620875451741715,0.8984005361077583,0.09780561394520063,0.0003932329060382783,0.0016385294958285708
295,0.012431025469705226,0.9621746465764999,0.0228337042832864,0.0006328260634029568,0.001927797607105562
296,0.005903310650089323,0.9588488409215282,0.0326827855692454,0.0008134826266279315,0.0017515802325090818
297,0.003110691270306391,0.8063819928039896,0.18701760349134636,0.0006428133858675595,0.0028468990484898436
298,0.002291274312318491,0.9073487814887596,0.08810182388418324,0.000560843603449558,0.0016972767112888314
299,0.006372546110140445,0.9078630298090127,0.08089197113181672,0.0016044015487464353,0.003268051400283951
300,0.004122957440419733,0.8204018986301159,0.17080918499475353,0.0009901169837645651,0.003675841950946355
301,0.001713298131861671,0.8463194672774651,0.14993360651076948,0.0009422404128301587,0.0010913876670735649
302,0.0025597260019265874,0.7620239055064462,0.23188071727141463,0.0015149869115020185,0.002020664308710524
303,0.007667829459083755,0.7561639612611549,0.23009763297186334,0.0022165842271372593,0.0038539920807606474
304,0.008104326762611863,0.9144060303416301,0.07132721139462317,0.0029719027803355165,0.0031905287207993436
305,0.03249432089616965,0.9241630895576454,0.02788411783417245,0.0123206086661651,0.0031378630458475704
306,0.006445455238046561,0.9240613229729798,0.063032776972234,0.0030544175509198196,0.0034060272658198412
307,0.07052212228483073,0.9005238904473909,0.0066029474633393205,0.01840506715652869,0.0039459726479103875
308,0.008484333713924378,0.9807076517651245,0.00557930605083214,0.003971329117674088,0.0012573793524449286
309,0.010142543792784831,0.9696825665199992,0.006436416016982163,0.012535150544113745,0.0012033231261201491
310,0.05175094551305041,0.9266283713075508,0.0004256354143228377,0.0059366282623319324,0.01525841950274395
311,0.3933592401486075,0.37277939399670135,0.0006975289160935552,0.04401238778483057,0.1891514491537671
312,0.21914670990219412,0.7518269384569046,0.00043595066592844796,0.01957967519131888,0.00901072578365415
313,0.04106518598232366,0.9539982436356008,0.0007149312741776641,0.0027749312614544904,0.0014467078464433837
314,0.2912605063581388,0.6536954171368401,0.0002240131069919937,0.01632719461353071,0.038492868784498424
315,0.38498174429487064,0.5369995652152446,0.0003878006862239575,0.041530001012544226,0.03610088879111661
316,0.059311015708332554,0.9254374697535503,0.0005474604495418749,0.006872482574413798,0.007831571514161313
317,0.09004447330566712,0.9010160637914378,0.0006892594363922254,0.005740884291144035,0.0025093191753588046
318,0.029887664017490875,0.9638218343128617,0.0007925726760144079,0.004280820529842228,0.0012171084637908921
319,0.013809697223632645,0.979053510087948,0.0024936042654725345,0.0019027784761689933,0.0027404099467778402
320,0.06670245100946591,0.9097539277935904,0.003405164934843068,0.0056894382761071265,0.01444901798599342
321,0.09182198610873252,0.8867513918023953,0.002684305727102723,0.010956898796012016,0.007785417565757624
322,0.019597386791874838,0.9766453847095097,0.0015924399815866058,0.0006280246774534792,0.001536763839575441
323,0.012241665735509112,0.9788785129218548,0.006792865067576934,0.0010947130617888256,0.0009922432132703429
324,0.009770719050697872,0.9800816851119963,0.0068335881024953575,0.0019485866679640389,0.001365421066846434
325,0.004977451574846955,0.9468517962927476,0.04013926741746135,0.002198358705933837,0.005833126009010257
326,0.019578138220042788,0.9456279915225132,0.023013814718684335,0.005276314967975717,0.006503740570784012
327,0.02282105670624819,0.9335225072080012,0.026629852158435937,0.006218793862239137,0.010807790065075599
328,0.09261859618933217,0.8897966728213481,0.0013126598023613133,0.011602369289946651,0.004669701897011751
329,0.5595372648755976,0.3269054749670196,0.0007428855950409512,0.06900159933757256,0.04381277522476918
330,0.30884389997650585,0.6462815104915901,0.0005000143096012153,0.01568715158103396,0.0286874236412689
331,0.19735672257071157,0.7745874233816045,0.001695040349872443,0.01721823478491833,0.009142578912893039
332,0.05643352821230492,0.937886873183361,0.0003596694324049067,0.0029064344084274102,0.0024134947635018602
333,0.15269713423315895,0.8307684365505967,0.00081209523850243,0.009720378975342458,0.00600195500239944
334,0.189424222221573,0.7822058425974541,0.0007206418665021646,0.02167193206847454,0.005977361245996016
335,0.030915383786850895,0.9518079604093552,0.0030474011274424983,0.004238477366427503,0.009990777309923817
336,0.12683194532797273,0.8522371524283979,0.0018290018043063089,0.016815662485020016,0.0022862379543030584
337,0.036903927702716256,0.9335871840576475,0.01256039788602559,0.0020827656009931345,0.014865724752617512
338,0.056679348745777486,0.9169952711652405,0.0030706135666608153,0.0014400415805744158,0.02181472494174678
339,0.08514372359260472,0.9069658423987884,0.0023550387467073572,0.002263010405651324,0.00327238485624814
340,0.05192239160004811,0.940812898947009,0.0032566876473678454,0.0010568308583980915,0.0029511909471771334
341,0.05581543562944628,0.8992301654683311,0.03927481940007886,0.0010415817164756984,0.004637997785667965
342,0.017782458923569267,0.9626836825629383,0.016495005077028654,0.0004948600725352462,0.002543993363928355
343,0.010906247067976872,0.9151871602459607,0.05849521019016844,0.00040268543229787394,0.015008697063596052
344,0.020567023772626845,0.9562241498894609,0.014935094059885702,0.000532227172057708,0.0077415051059688674
345,0.03554440998022984,0.9424315934257022,0.016195271610540782,0.0009629721917751298,0.0048657527917522715
346,0.010032151932099912,0.9325301303765806,0.05216682081586219,0.0008240159006281887,0.004446880974829157
347,0.004845611031876513,0.7674761800192386,0.2203087355130193,0.0005225512517435754,0.00684692218412211
348,0.008671612362948765,0.8552188444481525,0.11371866864999222,0.001001571829942184,0.021389302708964424
349,0.03155950666655447,0.9010665454159394,0.06165894704023278,0.0013425714479390533,0.00437242942933415
350,0.013517456098865696,0.8664478318572493,0.10742698636456255,0.0012133693481642957,0.011394356331158276
351,0.009707646968753708,0.8188440169450657,0.16369043287357252,0.0006844379888021399,0.007073465223805976
352,0.03923904579001358,0.8240726159887699,0.12142221357069025,0.0013385686387175058,0.013927556011808806
353,0.007601089517417399,0.7839689664124937,0.20342670171698982,0.0011166129418327788,0.003886629411266313
354,0.0073700335342886825,0.7383782704631238,0.24802887852998437,0.0008623555502930737,0.005360461922310034
355,0.006271002529873638,0.7077799640290638,0.28166247736468897,0.0004325240612064414,0.0038540320151670506
356,0.006335466891390232,0.8050670344728071,0.18398369971537093,0.00063138829819229,0.003982410622239496
357,0.012784934220404052,0.8580729902685549,0.12501334310416304,0.001275059828168355,0.002853672578709644
358,0.0028725686761374622,0.7265014911703304,0.2684112294175091,0.00046733627467978857,0.0017473744613433512
359,0.0011084555982947839,0.703486624606422,0.29422359707379325,0.0001415833400050738,0.0010397393814848043
360,0.002847421907257739,0.8226129691882764,0.17287088694155545,0.00031128599620273663,0.0013574359667075447
361,0.0019407339534010396,0.8422616988363651,0.1540717855106816,0.00030610184382861584,0.0014196798557235255
362,0.0014698414002939483,0.8288580630092635,0.1677362669432965,0.0002481567931167292,0.0016876718540294788
363,0.0026188105166454483,0.7419014744215728,0.2525570789379891,0.00039230120303377047,0.002530334920758749
364,0.0024506233106477496,0.6970546518242157,0.29781332753587386,0.00020010704746642683,0.0024812902817963924
365,0.0021504162059620907,0.6510322834682701,0.34388626876627953,0.0002648239597220175,0.0026662075997661654
366,0.0014235584085875849,0.7346705447678405,0.2620131697947145,0.0003713173813963467,0.0015214096474610004
367,0.0010787057438614983,0.52784410667898,0.4698509707826103,0.0002707193062655968,0.0009554974882826823
368,0.00337779106314581,0.3239928243615729,0.6699185470346575,0.000580800683653204,0.0021300368569707774
369,0.0020200942939290843,0.6925858301294021,0.3018543216935605,0.0011085818409815639,0.0024311720421267657
370,0.002844637819973701,0.6502503236480401,0.3425353442869112,0.0015255971990186651,0.0028440970460562064
371,0.0039004300053221965,0.7528943371352113,0.2381064673099665,0.0021534161755081107,0.0029453493739917984
372,0.040020074410395554,0.9192319771265165,0.03133526803600866,0.0068043577417204095,0.002608322685358989
373,0.00864726159044959,0.8992954299747951,0.08718201279416983,0.0017562035915666709,0.0031190920490187556
