epoch,N1,N2,N3,R,W
0,0.06396183699942591,0.007504825559726141,1.7164090983381009e-12,0.0022829306890418634,0.9262504067500895
1,0.0009584857114942276,0.0002383540137874697,0.7184602591400865,8.962359608280001e-05,0.2802532775385489
2,0.0005148814350315872,4.688128866601923e-05,0.8494619943289113,2.7279374804512063e-05,0.1499489635725867
3,0.0015429892258000588,0.00011751677627952577,0.6045460403739981,0.00011431201219246709,0.39367914161172995
4,0.002936018851510325,0.00013783046097542783,0.7819376645776754,0.00011717098335459703,0.21487131512648416
5,0.16990473692850658,0.0011862536916307502,2.211793262074202e-06,0.001920691147010719,0.8269861064395899
6,0.05872293280673252,0.002176153642598902,5.973152826874739e-06,0.0013441536340975618,0.937750786763744
7,0.16460888497160542,0.0016186859065970352,7.010263319545717e-06,0.0027272522668703235,0.8310381665916077
8,0.15340528874565096,0.003279166992077175,2.2657188909648456e-05,0.00454569512876146,0.8387471919446008
9,0.11265090816219779,0.017861968114357203,0.00022259020883947915,0.014294577563169514,0.8549699559514361
10,0.0683706533927298,0.004260167347230965,0.00015366009030811875,0.13998663465004096,0.7872288845196901
11,0.2076803063827227,0.006488304481101995,0.0001993754107611848,0.13242606905123722,0.6532059446741769
12,0.27037540761912754,0.008562114832141867,0.00030719929026059846,0.29296032304715064,0.4277949552113194
13,0.2236870031028029,0.01901212402169077,7.835896657905643e-05,0.49037430958877015,0.26684820432015705
14,0.1625807728902438,0.011436156022792226,5.4533259696672113e-05,0.6602517630282501,0.16567677479901738
15,0.22999685886924362,0.013264104074987019,8.186031930067502e-05,0.614094569192856,0.1425626075436128
16,0.027058689019670918,0.007788689905763761,0.00014565045101496346,0.13667865083496455,0.8283283197885858
17,0.20489953907313702,0.009605967965158335,6.742268917413863e-05,0.5515766741477169,0.23385039612481365
18,0.12077510100977365,0.006012801058198259,2.873163979300896e-05,0.056991783418526135,0.816191582873709
19,0.627577725774623,0.008901335038726529,0.00020464777571782008,0.1732329725082806,0.19008331890265207
20,0.5617785408212226,0.06373144784911898,0.0008019952018430821,0.07740154492557065,0.29628647120224477
21,0.10430776835264408,0.02289080734893557,0.00010038613566330992,0.8005531492638799,0.07214788889887723
22,0.1594261005345362,0.07811507229552106,0.00031724797427293565,0.6014856812330379,0.16065589796263186
23,0.1437803685232891,0.13053985581208605,0.0018837109999559315,0.5898596612496287,0.1339364034150402
24,0.04804877114115782,0.1267650600439504,0.00027464770377467687,0.7367108572729192,0.08820066383819793
25,0.02929838358638143,0.02027576120192152,0.000564662448249879,0.6909870550090567,0.2588741377543905
26,0.14876515535534793,0.038515339130141026,0.00012914255403930435,0.6467286559988711,0.16586170696160069
27,0.38462971130643064,0.08496151420972752,6.833032948304864e-05,0.21540094082204325,0.3149395033323156
28,0.5055139783988986,0.0879333108920764,7.785744835543122e-05,0.1065915630610165,0.29988329019965315
29,0.23513201189820218,0.22877792128348934,0.001235720897895142,0.03210720194931242,0.502747143971101
30,0.05568060539927202,0.019325544594291536,3.2187744964213454e-05,0.16116914501786178,0.7637925172436105
31,0.04091639091934039,0.03981003766193936,0.0005753959102101525,0.03471663191391735,0.8839815435945927
32,0.06074327645355408,0.011627592629405995,6.974585274589265e-05,0.18480074395087007,0.7427586411134238
33,0.22436227592568872,0.10932582536222424,0.0006280774855980262,0.03720376090431174,0.6284800603221773
34,0.48873539393022547,0.25690267278214873,0.0004912959958154078,0.08056926293708873,0.17330137435472173
35,0.593062845831545,0.2749480829005121,0.0007026727236807088,0.05423298461361301,0.07705341393064932
36,0.06275276819855775,0.7191568956591762,0.09013567455468956,0.015968039098686153,0.11198662248889049
37,0.23543505214286398,0.6881924155254703,0.004163055016970584,0.014959713152967838,0.057249764161727446
38,0.038385483600498475,0.9298985604220058,0.0039040866178278416,0.013580379339991755,0.014231490019676022
39,0.1233406261333459,0.8448138317588273,0.0013111608680682662,0.008574541100900585,0.021959840138858044
40,0.055567822841628325,0.8304000590541106,0.10708087940432194,0.0020367310519801667,0.004914507647958882
41,0.01028854490399938,0.9463091503052888,0.037927505672869226,0.0025436865420027654,0.002931112575839641
42,0.026374496743374786,0.9652598166567335,0.0024690383073791345,0.0018383461858112937,0.0040583021067011876
43,0.006125275061659197,0.9253439079561883,0.0614605431297231,0.0022362624510636926,0.0048340114013656595
44,0.023947031115890655,0.6040887083511468,0.36099977179032755,0.00292189924733655,0.008042589495298453
45,0.19561234782230771,0.7731785441466131,0.0014630118329003812,0.012476639169478885,0.017269457028699805
46,0.016458887712153442,0.9590995545218001,0.018411550951940345,0.0028413238677159236,0.003188682946390262
47,0.3337238402226282,0.3898914170937624,0.011791626467885005,0.0017705479974607992,0.26282256821826366
48,0.040845381754186984,0.6649294696959097,0.2907791609091208,0.0013385522005343734,0.0021074354402480936
49,0.008771387476560864,0.8593851974819121,0.12503063344893187,0.0025151953757993617,0.004297586216795772
50,0.0842912886064718,0.516323060516875,0.14007514284326966,0.004807511206416827,0.2545029968269667
51,0.006396077080989362,0.6996726870546525,0.28272257169696613,0.0053208403498657825,0.005887823817526339
52,0.00952293505447362,0.5669732613134782,0.41127488421213804,0.0025204093486562973,0.009708510071253836
53,0.024180636990397606,0.9052465916846383,0.06238438820028935,0.001198426099415195,0.006989957025259387
54,0.0056802686599237385,0.3423067919814944,0.6493928178191172,0.0003002849044456521,0.0023198366350191293
55,0.004897238209603561,0.24488591802756113,0.7440668625884496,0.0001978102178421961,0.00595217095654345
56,0.0038385559555107127,0.35096259155526877,0.6410755657597464,0.00022060472370946313,0.0039026820057644824
57,0.0009490893959751262,0.17684246993730246,0.8208056192117884,0.00018388872395673706,0.0012189327309774082
58,0.015605984782516215,0.2806378737611036,0.6319221596921467,0.0004676935504488227,0.07136628821378456
59,0.09951896528563582,0.7261470826627512,0.12747870838795836,0.000353983911568264,0.04650125975208636
60,0.013526135324441198,0.18615464889156005,0.788382719319347,0.00027435011359861454,0.011662146351053003
61,0.08303943382639041,0.6715898541212364,0.23082603111298208,0.0005574162980622692,0.01398726464132858
62,0.004731776332486396,0.5567979656840731,0.4340253573744469,0.0005053871570649681,0.003939513451928557
63,0.0008342575525806593,0.24569538428312337,0.7512855697078977,0.0002431408094426727,0.0019416476469554683
64,0.0035560471239716174,0.18436400982875417,0.809135966274892,0.0004224077643383319,0.002521569008043767
65,0.006736723957453372,0.18814742921810093,0.7942501756570866,0.0010889890738645736,0.009776682093494705
66,0.0027784805195883028,0.37621402764911627,0.6148199942577863,0.000778779582665762,0.005408717990843489
67,0.0022556240179517364,0.19772489732075857,0.7971335728945318,0.0003020623420084081,0.0025838434247494654
68,0.0032717177012060047,0.3234694371617379,0.669342829694304,0.0005957473432963787,0.00332026809945572
69,0.03269501019139754,0.3165482287201017,0.6423360496503115,0.0019048107919934507,0.006515900646195828
70,0.005084215715882434,0.38566167514917876,0.6054761248659459,0.0006207018052021871,0.003157282463790701
71,0.013970724312477738,0.2759580253759137,0.697805443643837,0.000850158925700648,0.011415647742070944
72,0.003878022581693795,0.22106041082289046,0.7726541221422029,0.00028078463359778634,0.0021266598196151183
73,0.001981313948033158,0.1355383910940602,0.8614125816331765,0.00025014754303973605,0.0008175657816904721
74,0.001841311179382217,0.1566609819712754,0.8374456488112136,0.000551059178977783,0.0035009988591510315
75,0.025107359616397987,0.3429266227426835,0.5945702235844851,0.0006762121533522182,0.03671958190308121
76,0.009323135544602125,0.558503435247292,0.42475989104555034,0.0007991659702311891,0.006614372192324444
77,0.0007370370677239152,0.11469108838134158,0.8833309024127467,7.114680718086798e-05,0.0011698253310069287
78,0.0011185476375985904,0.20245201233912327,0.7944688064352916,5.563661271176448e-05,0.001904996975274694
79,0.00024326253068438004,0.10353868445547157,0.8947634288102049,4.149506225471556e-05,0.0014131291413844336
80,0.0313720046869546,0.32386189507567714,0.5255994850978299,0.0008519279452598057,0.11831468719427854
81,0.0007965220424212995,0.06852955245295768,0.9289620238436482,5.6624285097781624e-05,0.0016552773758748039
82,0.0009213823389269028,0.07123512686328924,0.9254362494973055,5.4325830806347776e-05,0.002352915469671954
83,0.017406352846243665,0.1275712372387118,0.8279749687604919,0.0002706767792287571,0.026776764375323746
84,0.00022999261341485506,0.0411589400536765,0.953852962158809,3.368875766370985e-05,0.004724416416436011
85,0.0004530373232671977,0.05294724125991188,0.943674904365862,5.392689259924457e-05,0.0028708901583597195
86,0.018100254853235267,0.24891113999679929,0.693942266162525,0.0007562555015570079,0.03829008348588341
87,0.0010204967467190595,0.08385727981833134,0.9131485025176466,7.06225536177574e-05,0.0019030983636853548
88,0.0004992998888729999,0.0442449376294313,0.9542749319601422,2.868977427481582e-05,0.0009521407472786704
89,0.0016224615131604026,0.06406194327676279,0.9327693285538015,8.266884822539322e-05,0.001463597808050081
90,0.0011019352274604548,0.08785959376850119,0.9097418154874676,8.396226533954541e-05,0.0012126932512311313
91,0.000632047044799091,0.1717332545570059,0.8224518036876997,9.584313321255347e-05,0.005087051577282845
92,0.0003665044444837875,0.1179038489013043,0.880411998233729,4.0588719143948504e-05,0.0012770597013387933
93,0.000597593553353449,0.3640041856367054,0.6325571925198319,0.0002999052052684011,0.0025411230848409014
94,0.004803651619903653,0.18168928183096017,0.7985718331423749,0.0003434558957649011,0.01459177751099643
95,0.002250941244921498,0.32250657055573545,0.6704891058352257,0.00022887696578274423,0.004524505398334538
96,0.0011737714766564405,0.6221223519782016,0.3739997074859979,0.00010463792958872443,0.002599531129555322
97,0.0006589203285501449,0.09300005816552212,0.9052740871615927,2.862299078837332e-05,0.0010383113535465626
98,0.00227261957894225,0.25911962537760547,0.7211457350365937,0.00017807428617892267,0.01728394572067962
99,0.06514102675580176,0.45682757279252195,0.4200924818078284,0.0011546229851075753,0.05678429565874024
100,0.0037721811657607696,0.24534064784732684,0.7469857924831296,0.0005535262676431132,0.003347852236139707
101,0.005817206083758605,0.14580348805846302,0.8396061597294155,0.00041768883685429115,0.008355457291508602
102,0.025650699303161915,0.6154029668403852,0.3315360044317507,0.0038247161042946408,0.023585613320407414
103,0.003033607067122388,0.17955778115080212,0.8131175900947261,0.00141588512382908,0.002875136563520389
104,0.04372634899787365,0.46142035965986433,0.3137322658751187,0.0076640638491461575,0.17345696161799723
105,0.017909838627776523,0.8219468444732884,0.14610834609993012,0.003913290028537652,0.010121680770467448
106,0.007926773325320678,0.9102564820929279,0.06157380659320552,0.012281641109838795,0.00796129687870694
107,0.019409662112556732,0.6170905014538269,0.3486969969718565,0.00846174857914973,0.006341090882610113
108,0.0033102906121226824,0.7893327525261472,0.19897576675563874,0.0036731914854332983,0.0047079986206579015
109,0.0017842386173953582,0.3820813917396384,0.6118636988743394,0.0021633314317893114,0.002107339336837641
110,0.04438645638024194,0.48510950296956373,0.16707007478017882,0.03482278329067752,0.26861118257933786
111,0.017835764359545255,0.8523713729883567,0.10259508908609646,0.01904134532819917,0.008156428237802256
112,0.00708475844566605,0.5128491154853057,0.46626607850090057,0.00630846495319402,0.007491582614933668
113,0.21283306282701597,0.5010575027561397,0.06535019105403568,0.014918478301218924,0.20584076506158977
114,0.0008316070887537046,0.24523473200824583,0.7512432298465513,0.001284009680602094,0.0014064213758469145
115,0.02275439206631404,0.4480586261788349,0.49373600757994307,0.010537462872976798,0.024913511301931274
116,0.02418690433868607,0.9045309716704114,0.05054854856240175,0.014619811718584518,0.006113763709916153
117,0.0010815219360693425,0.8780107615177625,0.11311996186303766,0.0021349710771677226,0.005652783605962868
118,0.025448620230037796,0.832514134791626,0.10816358308918686,0.003702555087489632,0.030171106801659953
119,0.018835825487186857,0.07558976064719894,0.006586475766623775,0.002908498912030463,0.89607943918696
120,0.18664175419027745,0.6796290319596369,0.015118492370378253,0.023816749913334573,0.09479397156637272
121,0.16308570616949267,0.7618216930272601,0.008559331528390625,0.0063818528844845806,0.060151416390372164
122,0.3268976770874364,0.6068213291372865,0.006585484172897557,0.003601592493467717,0.05609391710891181
123,0.13966765796415875,0.8023479866520321,0.014337895994344842,0.01678501945796256,0.02686143993150169
124,0.022218114141535125,0.956303038150118,0.012614588830063627,0.0020166083850675135,0.006847650493215718
125,0.020038836195162016,0.9201512433975627,0.05200992290013531,0.0020954688091652713,0.005704528697974559
126,0.2475862299335208,0.6698958543157476,0.002481516397020508,0.009628398433462575,0.07040800092024845
127,0.00406983346245708,0.7833707637545906,0.2110691269863973,0.0002443588570475694,0.0012459169395076337
128,0.015672908320384243,0.9325549645800085,0.0484800588225761,0.0003836026211782343,0.0029084656558528072
129,0.02235349025609932,0.9707252372503622,0.0037403231328839346,0.00035999901893340303,0.0028209503417211293
130,0.0019740574228230613,0.8025709705026862,0.19387770081442568,0.00022919823373273345,0.001348073026332298
131,0.003971199422360332,0.8852613597333374,0.10857103972770173,0.0009450753236345602,0.0012513257929659674
132,0.004451377611928879,0.7204605057938301,0.27247770236347646,0.0013543759402120366,0.001256038290552503
133,0.0008222928313722795,0.7327651864182028,0.26224709546129826,0.0032029964139829318,0.0009624288751438628
134,0.05219244675812098,0.5236266345669581,0.17244198653494822,0.006528397451926609,0.24521053468804602
135,0.06813305877222504,0.8960176031733824,0.021489554863823198,0.008162922346423861,0.0061968608441452635
136,0.00546271821667387,0.6519320669826464,0.3356448139873566,0.0036400758822618105,0.003320324931061286
137,0.06188715297370068,0.8333990831364158,0.09884647140017921,0.0019280111038974122,0.003939281385807065
138,0.005333862205940685,0.7796558524912028,0.20611516564306398,0.005617925128186794,0.0032771945316056724
139,0.006660165661929976,0.6655269260186256,0.3110173352248934,0.009972863341514461,0.006822709753036567
140,0.0012213150706816417,0.21958401415301898,0.774939845994986,0.0029210614808330977,0.0013337633004801834
141,0.017064455270723516,0.6170094763284693,0.3272059143645602,0.018921968623945355,0.019798185412301637
142,0.0412083246122757,0.8428183144517729,0.08761172896444638,0.023584311582050207,0.004777320389454817
143,0.0022162824675669756,0.4154109266804166,0.5775096582654397,0.00396184178116607,0.0009012908054106621
144,0.005374874232562659,0.5315282973087937,0.4483649013834518,0.003916492880157165,0.010815434195034663
145,0.03436618818192386,0.8393993843695725,0.10628643303459327,0.0035686052340156813,0.016379389179894625
146,0.0004372188066043193,0.10964083337416673,0.8880062776079255,0.0011033911648455955,0.0008122790464579096
147,0.015283560570961273,0.8045024457451702,0.1700136108854705,0.006098247765349766,0.004102135033048286
148,0.0030409030271238845,0.8970900976397387,0.09353028286475519,0.0032038089633790556,0.0031349075050033093
149,0.0009211739221370741,0.728433930588705,0.26723226887456186,0.0021549410361367464,0.0012576855784592598
150,0.018373000361776345,0.26176788582484134,0.5933667997960459,0.005986726772003879,0.12050558724533254
151,0.00397271868572748,0.8716863235713246,0.11261340211976284,0.005688255845591733,0.0060392997775934225
152,0.012386957043900184,0.5108690464931346,0.41979449829599963,0.005224631601031805,0.05172486656593384
153,0.011549680022380713,0.5534640148912136,0.42392575152746925,0.0014823341406556307,0.009578219418280891
154,0.005164577293571138,0.7484752643840158,0.24119567082744867,0.0003620740303533298,0.004802413464611104
155,0.056141810506199666,0.3939404591213164,0.29829764136061804,0.0011837940491245629,0.2504362949627413
156,0.00927537878478673,0.8250477355931225,0.15486827884198145,0.0004958660957235667,0.010312740684385894
157,0.024301679532212597,0.4930252123184291,0.4495065710589894,0.0008334553445310028,0.03233308174583791
158,0.029431190050462814,0.12850861466601557,0.8152834333131811,0.0005679504227690855,0.026208811547571598
159,0.0007778049714697451,0.11912816596220209,0.8773919702221374,0.00021288474173888447,0.002489174102451685
160,0.07885871850472811,0.2311438737965253,0.643555963297712,0.001432626085553177,0.04500881831548125
161,0.02895535248406243,0.32456142353988815,0.6164368106311785,0.0011553179750658194,0.028891095369805133
162,0.0029367416251701098,0.6659742735571997,0.323859204059177,0.0005263633726001621,0.006703417385852885
163,0.019545007893582485,0.6162371569539518,0.30568898232347413,0.0022022944841505214,0.05632655834484109
164,0.005278917566626654,0.6426454189638069,0.34617504981842734,0.002378430611555837,0.0035221830395832767
165,0.0067134074354770115,0.4314867757956709,0.5546165072367304,0.002827373405674335,0.004355936126447361
166,0.020719433925208693,0.9088699016740933,0.06026409789086118,0.0017839428418630792,0.00836262366797372
167,0.016728067139478088,0.916726067361013,0.061607484993888295,0.001317867143535093,0.003620513362085287
168,0.06179135906262501,0.791333566176912,0.14166930125109609,0.00034494353225933644,0.004860829977107668
169,0.007038470034435926,0.8936181167680192,0.09713141519043494,0.0007368954829188999,0.0014751025241910075
170,0.00342187954354446,0.5363488939973431,0.4576684906513129,0.0009844319391296764,0.001576303868669773
171,0.0032725224545520934,0.9678200694948215,0.024536766816887306,0.0024395687552974873,0.0019310724784416264
172,0.0008577162667702518,0.9179572169200472,0.07715732361023793,0.0030249192437155144,0.0010028239592290787
173,0.021521223988732695,0.8011627426970792,0.1587893073273405,0.002258007238832359,0.016268718748015405
174,0.0032800388425635,0.7475962880193715,0.2462103263658604,0.0012887000198429828,0.0016246467523616224
175,0.04030807791731995,0.6882774807457906,0.20177010671905057,0.012809145443609558,0.0568351891742294
176,0.03149383245368196,0.9094938478951654,0.04763828199623257,0.001741840899822036,0.009632196755098113
177,0.002595120791191209,0.9489918722714539,0.04561852077004922,0.0010567916880101652,0.0017376944792955094
178,0.012043070222093138,0.49801806231387247,0.4845259193102928,0.0011949919244730574,0.004217956229268521
179,0.001418096220114843,0.8040532279606075,0.1918987836545658,0.0012530082734040077,0.001376883891307943
180,0.0006110643288230417,0.4455197106011794,0.5518602304738719,0.0009500018009392227,0.0010589927951865246
181,0.011598453392948311,0.8027786687298842,0.17849635741327563,0.00308998600923398,0.004036534454657865
182,0.00117835745087599,0.3197213796349338,0.6768436603943965,0.0009929793589591453,0.0012636231608345438
183,0.0006044755595871077,0.6325105339423528,0.3642016580922878,0.0012946605293801656,0.0013886718763919264
184,0.07931166346539444,0.6846551846725001,0.14714654617522727,0.004272706101354996,0.08461389958552329
185,0.004337539335051193,0.9162372656722151,0.07339240626418268,0.0013049662743553358,0.004727822454195494
186,0.018939001631235283,0.5556307838698602,0.41438309031763476,0.0015128820253650966,0.009534242155904597
187,0.007639446259298282,0.687357677956852,0.2964151329742077,0.002307070361632573,0.006280672448009525
188,0.0005291963893726992,0.12299208130441894,0.8746498753085464,0.0010093401998363418,0.0008195067978256361
189,0.0041264776197382025,0.7221139916859196,0.26407203894382847,0.006863423217148841,0.0028240685333649172
190,0.0011122315569889797,0.9027848915764255,0.09001466245086143,0.004182947610287625,0.0019052668054363783
191,0.0004058126481653115,0.20606770705603641,0.7900871686203845,0.002637365268033775,0.000801946407380114
192,0.17135516350135252,0.5479565954347105,0.06051997973495401,0.015107428397382001,0.205060832931601
193,0.004543148685169068,0.9123584929081076,0.07572608896368331,0.00409930592727883,0.0032729635157612395
194,0.008877656492859896,0.4992462278507766,0.48066678889272074,0.006404081094596642,0.004805245669046231
195,0.10164674202621017,0.8500752197427579,0.013730891620190236,0.016131392247063215,0.01841575436377842
196,0.0002145970413158723,0.11743477134434288,0.8793914554736235,0.001252722899947382,0.0017064532407705631
197,0.051800366129627906,0.5810603688830782,0.024712773823976682,0.2974702555137544,0.04495623564956298
198,0.03201332211796431,0.4274976100503808,0.0034225026484075555,0.4749402187517035,0.062126346431543966
199,0.018146253935512342,0.6615605967840882,0.007606981874362144,0.27030396165961307,0.04238220574642419
200,0.06883021662164174,0.12286101873285685,0.0011992869771323346,0.796395855234347,0.01071362243402202
201,0.03170478398649139,0.012025953886948316,4.2506744672083216e-05,0.9513847333460304,0.004842022035857895
202,0.07310492778891095,0.043072145534257276,0.00017628637997996936,0.8720009201235065,0.01164572017334528
203,0.1285117835916423,0.024772166801661076,3.3135652169639954e-05,0.8282666132800995,0.018416300674427538
204,0.1062771583463864,0.03111916525763552,1.342787940737878e-05,0.8515815114710781,0.011008737045492701
205,0.2581602726087601,0.05820592850600109,0.00015219922903300534,0.6424278302078523,0.041053769448353504
206,0.11403537392297784,0.01956546732772391,3.2855265258944485e-05,0.8489144380236686,0.017451865460370725
207,0.16815737186658675,0.08864347786988154,0.0002514130675536973,0.6245494871284897,0.11839825006748834
208,0.17071403827110215,0.012998048521964824,1.8778652887056947e-05,0.6988636624343856,0.11740547211966045
209,0.06687161068147165,0.10952974396590738,2.068575187278119e-05,0.5903314060998822,0.23324655350086584
210,0.130889637948256,0.04585221057637108,0.00010027394501372331,0.7579553139627022,0.06520256356765683
211,0.38323046701419594,0.08510244131955738,6.970512820497766e-05,0.35654380204534725,0.1750535844926945
212,0.2704001644630582,0.01987134679316994,1.6631493424150636e-05,0.48288149102598504,0.2268303662243627
213,0.3838508240147271,0.009980724916290264,1.6432409378854015e-05,0.5127742153686423,0.09337780329096154
214,0.027332807958173375,0.0030179207977892343,0.00047149028269912976,0.012469179783135768,0.9567086011782024
215,0.42239005342971225,0.0034741485456295253,2.4461979297310746e-05,0.10667653666752222,0.4674347993778388
216,0.7854909029954197,0.003104979258807592,4.463357999728018e-05,0.13958601404915827,0.07177347011661711
217,0.6059776966677146,0.005779956023804254,5.2280870066188524e-05,0.10619505157787085,0.28199501486054407
218,0.6642778038012678,0.04021658981239638,6.627295426958488e-05,0.20943868006212982,0.08600065336993651
219,0.6198958289056349,0.04927577622638454,9.72239101143462e-05,0.3004855910807454,0.030245579877120794
220,0.48181599578540957,0.3156108088642085,0.0020043330960847474,0.16632097615500277,0.03424788609929452
221,0.10616730823469704,0.7748267775229618,0.001221278613691304,0.10358927248596968,0.01419536314268022
222,0.017220718743734407,0.8264378024590557,0.004135600088500583,0.14573257970699963,0.006473299001709646
223,0.024501120659515038,0.9068932819905415,0.00208581814130774,0.05756947071967233,0.008950308488963358
224,0.03175648120519233,0.8287311604912558,0.0008917441791815598,0.12620164898382502,0.012418965140545274
225,0.007092084023811204,0.8694507398691514,0.1068701480545345,0.01383836209738323,0.002748665955119788
226,0.015759827871636246,0.9605480120556351,0.003251409134169449,0.016226590915982914,0.004214160022576175
227,0.021521241957456354,0.909172732865276,0.0011737907360472334,0.06318654409871699,0.004945690342503265
228,0.03926415196155999,0.840962113335264,0.002139947783968763,0.10369112486613077,0.013942662053076375
229,0.0966518018959782,0.8496212234432555,0.019181081417581458,0.0148519177181259,0.019693975525058992
230,0.3682797108918149,0.5202233829742562,0.0009217081508977993,0.06022716228982476,0.050348035693206415
231,0.06424174274895386,0.8725674296236917,0.02831364651668449,0.018665579277259373,0.016211601833410392
232,0.1301849046672338,0.8357746061120618,0.0016840714556258245,0.02491787262406803,0.007438545141010696
233,0.012847525692156662,0.8350703211715456,0.13896596016205234,0.006325406606130018,0.0067907863681153854
234,0.07430760469636101,0.8790805909579644,0.00136678329678826,0.02819763620041595,0.01704738484847021
235,0.009289754421624026,0.9698815851041629,0.0157465281698815,0.0028556900135905156,0.0022264422907410696
236,0.0032838622431643804,0.8831486690811879,0.1096898471563942,0.002600693572342269,0.001276927946911053
237,0.014992752231375426,0.9735275237660038,0.007141488408679883,0.0023787827873973442,0.001959452806543416
238,0.0035188181668713895,0.9443692077242122,0.04903376346231791,0.0015743218920094733,0.001503888754589188
239,0.08462629361949768,0.7870575458799218,0.03330717125216898,0.00840642444869525,0.08660256479971618
240,0.012711850607038812,0.9380068882328508,0.04205778374211039,0.00422982570139771,0.0029936517166021465
241,0.03402082520334631,0.8158780022998513,0.13309074501955687,0.00897888638288641,0.008031541094359185
242,0.16337101980729193,0.7829177686656841,0.007105722472552947,0.006421344919695674,0.04018414413477531
243,0.0050406380614426505,0.9365114972454921,0.05332415817181026,0.003585962480296638,0.0015377440409585594
244,0.11464193953820152,0.8215660131844584,0.020353145276444044,0.004120577226561488,0.039318324774334536
245,0.12123978701027101,0.8624250179889328,0.0026160700058735567,0.005968116220230327,0.007751008774692374
246,0.02944840057018096,0.9509869474087367,0.009515266004684154,0.0061304488165777864,0.003918937199820474
247,0.13817120852927156,0.839217468020571,0.005506591317443615,0.008981163028742415,0.008123569103971436
248,0.00994037062166709,0.9143615763298004,0.06934936732394002,0.00397541166652895,0.002373274058063606
249,0.10547999643743418,0.8462443747347017,0.01105789873282066,0.022038801354299,0.015178928740744332
250,0.01052574934925499,0.9688070451831116,0.015473449853549355,0.003544711671014505,0.001649043943069441
251,0.004253763831037459,0.9795160708275628,0.010301497850738502,0.004809266840031664,0.001119400650629561
252,0.12090183401127595,0.7235890820473163,0.01647809821608644,0.0034025892907541605,0.135628396434567
253,0.011531720884417665,0.9561193454403766,0.023113314082874887,0.006259314008929382,0.0029763055834015747
254,0.03836434717939189,0.8202985629891252,0.07492969811816547,0.00688563570207324,0.05952175601124425
255,0.03316582970691969,0.9371825441428119,0.018322559699792206,0.0032186598311493117,0.008110406619326811
256,0.0054859591970258725,0.8695781996436424,0.11979078010089798,0.0028679287577714823,0.0022771323006622085
257,0.11440847333621615,0.5376538247934802,0.12761883765703166,0.0016523451387296824,0.21866651907454224
258,0.01154832028941182,0.964598342949098,0.01927472693043198,0.0010933358523965342,0.003485273978661958
259,0.01736221799205305,0.9727606280698328,0.004663022740723465,0.002536526856244312,0.0026776043411463617
260,0.11809002993427181,0.5754679639693624,0.033775419267556755,0.0024565705399589573,0.27021001628885016
261,0.06892447449434493,0.9095022177027641,0.008914241808105431,0.0030441773148321832,0.00961488867995334
262,0.014271887220871589,0.95431583825536,0.02467284448875048,0.0015387510264767066,0.005200679008541043
263,0.07202751088061671,0.6793055598118709,0.015318685444048004,0.002181647636608071,0.23116659622685654
264,0.22963873462110299,0.645400782266206,0.0051419812073403405,0.006824312913985282,0.11299418899136542
265,0.053116668851222015,0.831764598778627,0.0997932447109059,0.002051615412558791,0.013273872246686353
266,0.5178028531155877,0.12459905706929168,0.0004783270313436541,0.001004103431389431,0.3561156593523876
267,0.11319064583909033,0.8793839421661428,0.0010039529680475727,0.0017846382320251377,0.004636820794693961
268,0.037757115892038624,0.9547170497490575,0.00474423000339877,0.0009573106722850518,0.0018242936832200524
269,0.02495528474840505,0.9573077980066356,0.01573304007453469,0.0009432211952374886,0.0010606559751873015
270,0.0018481302590829252,0.8486267958057749,0.14712324127398738,0.0016960535334753601,0.0007057791276793375
271,0.003308098628421086,0.9207684721499835,0.06920628575227446,0.005715365949473018,0.0010017775198480207
272,0.006608955576235358,0.9171540055018877,0.05000648690683422,0.023906717763693273,0.002323834251349548
273,0.0017411694090309802,0.8806670666309899,0.11203849084002275,0.004027102365625874,0.0015261707543303706
274,0.005175269507963867,0.8507093586069483,0.13440853681100404,0.007896195034193384,0.0018106400398905202
275,0.0019143690746952816,0.4638657397531397,0.5256511950446705,0.007759602642508955,0.0008090934849855508
276,0.0017533213358089383,0.45352435063859775,0.5238248747964089,0.01969856036306007,0.0011988928661241362
277,0.0009506788441136367,0.8184001393834448,0.16610084334284117,0.012982578786873889,0.001565759642726368
278,0.0016328317166970799,0.8995851121274497,0.08131313641598872,0.015149625073550279,0.00231929466631425
279,0.044538491636351756,0.3292322822987647,0.4472580296072964,0.02495081747055198,0.1540203789870351
280,0.010013183424719926,0.9584109988634928,0.017826564652584854,0.009745166566110889,0.0040040864930916435
281,0.003382819912104101,0.9318176195987826,0.056024586179633726,0.0052803925973298966,0.003494581712149697
282,0.0729905458345138,0.28962835941439785,0.11237192882722716,0.028094160022709626,0.4969150059011518
283,0.05390266299525656,0.8922993468547104,0.03399605178962998,0.012362274940602259,0.0074396634198010255
284,0.03746155918869072,0.7043196947374792,0.23892405639314696,0.004372564753618839,0.014922124927064252
285,0.0890460552502775,0.4395180748031174,0.07959950998507885,0.006547398259754198,0.385288961701772
286,0.02902656432606827,0.9412332544588689,0.017804333980787474,0.0029870548913141204,0.00894879234296116
287,0.023394038637240464,0.8028854059331445,0.1562176345112077,0.0010194142662544531,0.016483506652152983
288,0.04014278656466083,0.9408877075808392,0.009585000449923614,0.0016315956183864063,0.007752909786190142
289,0.005020173699768973,0.9431406730005624,0.045294042212004434,0.0020182491258263963,0.0045268619618380425
290,0.07206094689151815,0.6028669986798592,0.11403580138487697,0.036835492813074286,0.17420076023067138
291,0.24930235992306043,0.5417901031484276,0.007485522503654268,0.015080490271846932,0.18634152415301078
292,0.017262605890071534,0.9201087935774835,0.04856602615785759,0.0071622697916216334,0.006900304582965761
293,0.0827849992649068,0.7357836454536067,0.15704619541415282,0.007314740014722253,0.017070419852611464
294,0.042163672118714475,0.9306558285958679,0.0073215422246495614,0.013569668803450416,0.006289288257317737
295,0.003390678678966132,0.9437050416313805,0.04621227728028566,0.003652736483701764,0.003039265925665803
296,0.023855764967794655,0.5688947222311633,0.3437676911387049,0.0030893968099392575,0.06039242485239781
297,0.0358432452426242,0.7397953938055201,0.2127067329206196,0.007756909078950152,0.003897718952285889
298,0.0037567890714612995,0.31670886735133175,0.6757280867895445,0.0015284129410193012,0.0022778438466432177
299,0.05545054030121418,0.07339898725247448,0.0676627981376735,0.004736451151040592,0.7987512231575972
300,0.09206086870299306,0.7509405624284948,0.12549995045178305,0.018265161706450577,0.013233456710278582
301,0.05206832878473992,0.2573772176196614,0.5064846071228224,0.0066190595920094025,0.17745078688076685
302,0.23655548164350493,0.5546734639040894,0.0264323481724614,0.008438418864694033,0.17390028741525007
303,0.004454432415598406,0.9375341701229861,0.054749099616501616,0.0023806965958022125,0.0008816012491119743
304,0.00707664593744641,0.9716413975709666,0.01779112439074093,0.0021911733423103574,0.0012996587585357457
305,0.034208082468862214,0.18842141967668097,0.056882467289592724,0.0015969620038992565,0.7188910685609649
306,0.01583309092507361,0.9572705205291392,0.020807328731155303,0.0016426778296697528,0.004446381984962219
307,0.03008198220171271,0.9543017311764947,0.010952978338901083,0.0006565255661221291,0.004006782716769138
308,0.13452691162026922,0.6606647668623652,0.06912899147139936,0.0010828817802139255,0.13459644826575223
309,0.002122271820023823,0.38813300270347784,0.6080971948623903,0.0007864984478383039,0.0008610321662696574
310,0.0068200334260806175,0.5391061571154233,0.44923988100975953,0.0018614251554217812,0.002972503293314854
311,0.04572380423591713,0.9101878046503601,0.03172777886563443,0.003410485386860722,0.008950126861227706
312,0.0010966681920968862,0.8360703446615787,0.16071647173973957,0.0011325942078916768,0.0009839211986929605
313,0.004190487297588242,0.9719571748543765,0.02131985387124969,0.0009406747518984782,0.0015918092248867744
314,0.0016062681052097015,0.9316216056658541,0.06489930976522884,0.0006482496996287541,0.001224566764078593
315,0.0036234804709163425,0.9506288250607681,0.04100033791117668,0.0018287680911147253,0.002918588466024265
316,0.0026464705712743756,0.8653777982376428,0.12834348847830912,0.0015648137267689746,0.0020674289860046907
317,0.001016103127788993,0.27505282711082474,0.7211305665865401,0.0008726213408663998,0.0019278818339799075
318,0.0020754312798516024,0.9574785862286013,0.033672147284605276,0.003198883884624704,0.0035749513223171927
319,0.026281071854860113,0.1832624944250306,0.13803849886571506,0.006675674309933184,0.645742260544461
320,0.0034533579531559463,0.003658534936348919,0.0003970054975352765,0.00011184972786333442,0.9923792518850966
321,0.4515961740946009,0.45957909409085484,0.0011096113025944176,0.002341565976477494,0.08537355453547235
322,0.21200277650919183,0.6930592559404803,0.00890614149127512,0.0007765912062626393,0.08525523485279007
323,0.03875322558916505,0.8972713265622874,0.032955034299175796,0.001351377875106976,0.029669035674264897
324,0.03224432816027787,0.8894859671988333,0.021044425533660836,0.013725556421819881,0.0434997226854081
325,0.00993337004324583,0.98294298700546,0.0024225488492470295,0.001964590772751158,0.002736503329295974
326,0.004784482412031725,0.8213723777131376,0.16937094485992274,0.001167477662249418,0.0033047173526584974
327,0.02051521301595686,0.9715244358755254,0.003730327850440715,0.0023019575171214666,0.0019280657409556038
328,0.002987523115472765,0.9755849383604656,0.014136749429463477,0.006275685939353823,0.0010151031552442747
329,0.019353829007918988,0.9460053275800636,0.018229665453239497,0.003461284237306018,0.01294989372147198
330,0.00573710381660255,0.959045484227195,0.033104633354720824,0.0015942010979656442,0.0005185775035159722
331,0.002062703513717579,0.9351094989644556,0.060604504422094946,0.0016143829344726606,0.0006089101652591083
332,0.061486440402055934,0.9291645678846353,0.0031303716271499247,0.0025022893061111126,0.0037163307800479007
333,0.002982797743444941,0.9589479511176353,0.035830361786914726,0.0014064423527500212,0.0008324469992551491
334,0.05063252138338075,0.8721332489961082,0.028067949345466005,0.003135963294978027,0.04603031698006733
335,0.061172197013902134,0.9260344214218603,0.0032011783646437738,0.0036400954759168024,0.005952107723677129
336,0.004065970484734506,0.6819682547465351,0.310443634336514,0.0014509319768942015,0.002071208455322193
337,0.006911266948906709,0.9002225714539843,0.07561042664350541,0.012551174983286128,0.004704559970317414
338,0.04967681038665465,0.6657184041425069,0.17644365035988882,0.052845253048973924,0.055315882061975755
339,0.08908819507756571,0.2074770872937111,0.010008448314433436,0.6264214439466215,0.0670048253676684
340,0.051045168798422025,0.5700503055218199,0.028391428440515395,0.2630231857391621,0.08748991150008062
341,0.03811713036049589,0.03435547261455705,0.00012281247045657187,0.5675864650290637,0.35981811952542675
342,0.027048025752655087,0.029088697072844366,0.00017169929335013434,0.9243689503275535,0.019322627553597007
343,0.08258095234443817,0.04844353781141196,0.003229967892259578,0.6258129807891464,0.239932561162744
344,0.06981365273285951,0.006072029446751777,0.00014496848362927355,0.9003505453475252,0.023618803989234174
345,0.1391837130938856,0.003558910984875009,0.0002065820221185816,0.8417859741338622,0.01526481976525857
346,0.1289756117211495,0.013106117307673885,0.0006387692119737779,0.8411560748391533,0.016123426920049456
347,0.14509531555862903,0.038517448862677446,0.00011137035181033263,0.8047839745157525,0.011491890711130683
348,0.18985707897137014,0.043594977261533566,1.4540584781555881e-05,0.6774815334544457,0.08905186972786902
349,0.25815865023785745,0.052158131247856065,4.602696144107392e-05,0.6313301176687678,0.05830707388407769
350,0.5394141774702174,0.007773650424569913,4.60533979535178e-05,0.43994989469699225,0.012816224010266912
351,0.7383905000896379,0.015815944208675516,0.00010737835193763413,0.20154663529343803,0.0441395420563109
352,0.22106331833964302,0.031456539799402564,0.00020507562087052764,0.6516633646489902,0.09561170159109375
353,0.3153820263995499,0.03165040847113515,9.237589439232275e-05,0.5736668395957268,0.07920834963919583
354,0.12590879919882808,0.016286374989332254,0.00011768690154920917,0.777921512788786,0.07976562612150455
355,0.3001617088445852,0.016898784309961546,0.00010790305040840872,0.5242226824913884,0.1586089213036565
356,0.12675868973289528,0.014896201920931464,0.00010045931097461323,0.17284301103870087,0.6854016379964977
357,0.3992519072733918,0.016818500869991364,0.00042793758412498577,0.44432682872131696,0.13917482555117477
358,0.011681209547452857,0.0010866376327788448,0.014295579497749565,0.008986414363843872,0.9639501589581749
359,0.027251624051374334,0.000555081695048816,0.00012914093238847537,0.057330200368970616,0.9147339529522177
360,0.08918906601959513,0.002811881952053362,0.0007222940634765222,0.023643975041183304,0.8836327829236916
361,0.08545618734803918,0.0012875201177837787,2.106301572612259e-05,0.0037033649251910663,0.9095318645932599
362,0.7808776034572744,0.0020256722880124304,3.540154965757807e-05,0.04113821471293952,0.175923107992116
363,0.4779744977950128,0.015485612371391753,3.962689022294962e-05,0.30326554530227023,0.20323471764110226
364,0.6001391320350995,0.015514777422922984,4.451789606148475e-05,0.3109246896720104,0.07337688297390561
365,0.18382662406896913,0.018933975342505866,7.106051532685852e-05,0.24500500618408816,0.55216333388911
366,0.08838293805991894,0.010493077936823374,5.3280005090083985e-05,0.8703996801227732,0.03067102387539426
367,0.04785224160878796,0.006152129311072188,7.76827477596407e-05,0.9230734570351743,0.022844489297205863
368,0.04614937709195258,0.005362262965452379,4.840218101513566e-05,0.9419448248373979,0.006495132924182047
369,0.027013228637071927,0.005322452667553816,5.8910864018737704e-05,0.9554540153149601,0.012151392516395515
370,0.012583377771208982,0.001791221976639007,0.00030744891813370897,0.9800285792922834,0.005289372041734755
371,0.02493574744506298,0.004037335771962999,0.0004615710994879473,0.9666005520886248,0.0039647935948612855
372,0.040250649140778604,0.0032599842025368988,0.000671033099710335,0.9514611667603609,0.004357166796613241
373,0.021694571603441362,0.001896704040909681,0.00032511935540827845,0.9722723505966124,0.0038112544036281765
374,0.1163435970536797,0.00349052517233802,3.6091821736488666e-05,0.8716828523719019,0.00844693358034394
375,0.23687960473198347,0.005994850841746782,0.00042978743762361454,0.7371329961879487,0.019562760800697507
376,0.14518415182346936,0.002907974679763005,4.665650582567752e-05,0.845620079473022,0.006241137517919919
