epoch,N1,N2,N3,R,W
0,0.13880356622138923,0.2665132855287053,0.004513168373810518,0.02893754321693675,0.5612324366591581
1,0.144779364252709,0.036692452263631825,0.0002404416781623356,0.008492566249591351,0.8097951755559054
2,0.37309931773492283,0.1579254535790856,0.0011172346719360133,0.03160267470095802,0.43625531931309747
3,0.5357112237802097,0.31457310132976035,0.005167415077484573,0.024355242305544474,0.12019301750700082
4,0.4336255216753897,0.25015680970614873,0.00204702061252946,0.020576895314107963,0.293593752691824
5,0.3150384815586826,0.5380712446112267,0.017765910030089534,0.009521921897540492,0.1196024419024607
6,0.16229024451413493,0.49298284264796105,0.014715788208442467,0.04103117710832214,0.28897994752113954
7,0.17841312604504714,0.36653354760749196,0.014815016781902782,0.14959123575297434,0.2906470738125838
8,0.10439301377689819,0.7172190602735793,0.032057157601181246,0.05209338854132641,0.09423737980701484
9,0.14358000945145463,0.709625895067269,0.03210785580727119,0.034839525549213046,0.07984671412479197
10,0.1323226397908286,0.7175064134970223,0.0538571564172578,0.03464877419512629,0.06166501609976493
11,0.15547658676733217,0.4996578072354228,0.04304512237311679,0.04681031033632139,0.25501017328780684
12,0.19522286753474583,0.49449535070063294,0.09330111595778634,0.05192832545976937,0.16505234034706562
13,0.09601268043022726,0.6515070409673493,0.03905336130316648,0.07145634737543123,0.1419705699238257
14,0.15300554776235137,0.5172655233766265,0.01898742257147474,0.11144166293335779,0.19929984335618975
15,0.0629389245536186,0.6870358040607564,0.026834101805405533,0.08724987427867874,0.13594129530154075
16,0.10718002102685435,0.577128516886176,0.009304914578948791,0.1879863535283484,0.1184001939796726
17,0.08083567589885171,0.6042409013892983,0.06114138859784434,0.040521615169018595,0.21326041894498687
18,0.15771343559765463,0.6845812442724628,0.04553606253864796,0.01486219252664772,0.09730706506458686
19,0.11177638665260316,0.6719886391760634,0.08857906336805678,0.03894747099971949,0.08870843980355715
20,0.0904465848516704,0.5583923836141511,0.06285789605758,0.04160322181493796,0.24669991366166055
21,0.12599646434158557,0.639730048495782,0.036459697641196165,0.07197452777953246,0.12583926174190402
22,0.12901645959991276,0.4822955304615512,0.018890342194463706,0.13797571065376044,0.23182195709031195
23,0.0719186712091444,0.642664386012853,0.05619992336389668,0.08703328185972393,0.14218373755438204
24,0.12074121298111584,0.5908382643507465,0.004060172537376556,0.06405591386458928,0.22030443626617177
25,0.2641336780803217,0.40514644157234114,0.0025736417741703474,0.07869771167987767,0.24944852689328914
26,0.22185349203390345,0.6061004070423802,0.0060580270040412835,0.05623198757227431,0.10975608634740078
27,0.26675713854820504,0.471342339822003,0.001859170622476766,0.058599720236065925,0.20144163077124924
28,0.19737928611101863,0.509452842499544,0.00453107668655048,0.05939771322381034,0.2292390814790766
29,0.20811539647926655,0.5212904454781022,0.004336870560449762,0.09447303405651582,0.17178425342566567
30,0.2654807624974225,0.4068246647434847,0.002804671806443153,0.09249790663488881,0.2323919943177607
31,0.10006559609821623,0.48510681250650983,0.00808982732185221,0.009031581872173188,0.39770618220124837
32,0.2109349706524889,0.14798051499293002,0.0025065987395063976,0.017619370709254838,0.6209585449058198
33,0.28353727167034715,0.21954509150620258,0.0035474983281400356,0.018294490256933207,0.47507564823837706
34,0.31756752037978464,0.1354631495321301,0.003402166342817826,0.02561986228256445,0.517947301462703
35,0.4596693499542962,0.1925819741321248,0.0015137438279655816,0.015101342131134848,0.3311335899544785
36,0.5225237558483947,0.1834436546452203,0.0018863009825760449,0.028915074906558074,0.2632312136172509
37,0.3860732829421098,0.2769222476861239,0.009823482067866457,0.051331166405782606,0.27584982089811727
38,0.3408193941349684,0.1941301631408879,0.002121605937553742,0.04397351640738569,0.4189553203792043
39,0.27656140284194336,0.14657525420818776,0.0047340580771868795,0.04995529997740427,0.5221739848952778
40,0.15809394385727368,0.21418668565728483,0.009088164428209243,0.029095088234132538,0.5895361178230997
41,0.3524748459815336,0.23829053518146878,0.0012535413622822107,0.09025517023274207,0.3177259072419733
42,0.3173473571854508,0.25318818081433886,0.0014259937287446499,0.036091671978617644,0.391946796292848
43,0.4177944961225262,0.15040408124359045,0.0007935293685951827,0.07916401786870007,0.35184387539658807
44,0.4579409212172653,0.28803794855703724,0.0023292864739904474,0.05356952561164963,0.19812231814005732
45,0.4166999736367722,0.3248997574839778,0.0018225308749700185,0.14356886608108368,0.11300887192319639
46,0.45836424307749823,0.3150063141060669,0.005044629317197008,0.06824647424431655,0.15333833925492132
47,0.4474264414862672,0.3116995741338758,0.008221401243997624,0.11463453050466052,0.11801805263119906
48,0.28693047085537643,0.4305060999990804,0.00797514132168228,0.11381441530003099,0.16077387252382982
49,0.218200854068564,0.356813792953918,0.004081255546578909,0.03274655667987838,0.3881575407510606
50,0.39046620617611244,0.3935366499861677,0.00322004037979074,0.06351351623916913,0.14926358721875974
51,0.5359994440223456,0.2299165462569633,0.0010473836836970341,0.11189799690882321,0.12113862912817097
52,0.3847103367416581,0.340098082684431,0.004434056896011424,0.07140994528215146,0.199347578395748
53,0.5503049957247278,0.28555849138574946,0.003272480594868848,0.07622804495918753,0.0846359873354664
54,0.47823448613795255,0.4029931961413293,0.0112914852847481,0.04475875251604407,0.06272207991992595
55,0.5642086902179714,0.23228517650070593,0.0010711625865548154,0.07201689042857004,0.13041808026619794
56,0.31770459973673437,0.56955036841827,0.002288600845072639,0.06528044694340444,0.04517598405651863
57,0.2142874865741711,0.6872091120196984,0.01086975794949142,0.0405672807380355,0.04706636271860351
58,0.24346361077793766,0.6591081029612356,0.014873504008234666,0.0472264834215812,0.035328298831010824
59,0.24965512751664615,0.5242643085850993,0.01043744653330735,0.0916676672908319,0.12397545007411528
60,0.04315031536516238,0.7992556652944769,0.061225135632381224,0.02573853282998233,0.07063035087799718
61,0.15493866807326273,0.6918389719481016,0.036005064161571225,0.03192675220660914,0.08529054361045536
62,0.1507179381401956,0.6584990799122249,0.01081718468347931,0.09796719959840451,0.08199859766569577
63,0.15232952386097864,0.6894008559052138,0.013022796595353936,0.10399869110420465,0.04124813253424876
64,0.14292017817708147,0.7111144292939553,0.02950544651027268,0.014168831165324197,0.10229111485336626
65,0.11701180024636884,0.8122839289949125,0.02438446275593462,0.01615191085499587,0.03016789714778807
66,0.2918082157767822,0.5214042111972853,0.016609449901925994,0.0761336975453922,0.09404442557861435
67,0.40224637840694066,0.4081841330081236,0.009975485860212501,0.07870791248956924,0.10088609023515399
68,0.17688948485912012,0.6784405419620383,0.009641212692784321,0.05257795355401999,0.0824508069320373
69,0.17280970457481598,0.6715819573259093,0.07447797595991201,0.01827642105001968,0.06285394108934284
70,0.12166375630225601,0.739326716474873,0.03529793733096487,0.019261332353504183,0.08445025753840177
71,0.3511877402203318,0.48936086294169107,0.0037179741388224203,0.04864012307605256,0.10709329962310209
72,0.16887555219002698,0.6680034051449075,0.051599204184706586,0.007397872989972321,0.1041239654903866
73,0.38091183566542214,0.5304085789248311,0.0024346064281009936,0.03935741034352416,0.04688756863812169
74,0.18669464229904836,0.65759133269629,0.03294906694999259,0.016282263285021005,0.10648269476964801
75,0.23273485722694803,0.6205858854899504,0.02975794016374079,0.018737898669217615,0.09818341845014313
76,0.12447155488047373,0.7604770987298569,0.04788451205573565,0.01655521339708744,0.05061162093684634
77,0.1552331779606518,0.6923881528700969,0.013132796576862515,0.02150717115309325,0.11773870143929532
78,0.30879377197434354,0.2852142652634665,0.00692109672503412,0.06468746132192427,0.3343834047152316
79,0.13774285204249345,0.6389621940910832,0.05886711151875063,0.00497303771485043,0.15945480463282233
80,0.24636086305251725,0.45016830688037135,0.02858313198854025,0.017480662427042937,0.2574070356515281
81,0.052751115514052795,0.3158092796391832,0.0793960298968246,0.004141680895266851,0.5479018940546725
82,0.09714326523506354,0.0773527677626083,0.0014282247053761493,0.009842839657381022,0.8142329026395709
83,0.019382018078697796,0.0581610766139144,0.00434339773277195,0.00026445256924209344,0.9178490550053736
84,0.0763140472490565,0.02930419661134257,0.0011532024561865244,0.0012961390683193213,0.891932414615095
85,0.0011864207912490419,0.0017820113027460073,0.9838843936921877,3.65657734557826e-05,0.013110608440361283
86,0.09728043976904367,0.05636056149034469,0.0017175001939441572,0.016385167424527725,0.8282563311221397
87,0.053550292476107327,0.08766498844340757,0.0018449887824883065,0.001451801131134157,0.8554879291668626
88,0.08277756071196829,0.03455827940360079,0.000990410203005064,0.004674736295731436,0.8769990133856944
89,0.18523544027689423,0.11088171708809405,0.001436545778064738,0.012082054509282259,0.6903642423476647
90,0.08310778559136951,0.07789184354207672,0.0011848489168361132,0.007946778082204205,0.8298687438675134
91,0.07798436910467735,0.11965334826889999,0.00013017814772993373,0.004231920409496937,0.7980001840691958
92,0.10093833232681423,0.07398119803538511,0.00018606102934284256,0.0038623797702100693,0.8210320288382477
93,0.056705419031002326,0.09989339148158036,0.00482677756898037,0.0012695031531666599,0.8373049087652704
94,0.08808633426332983,0.09385396934130472,0.002310936376748769,0.00885995725676022,0.8068888027618566
95,0.09598853938413807,0.13007685805770716,0.009873452133355847,0.009969807123405705,0.7540913433013933
96,0.0942032143181919,0.07499476971602827,0.004980294882385839,0.0024320685055041705,0.8233896525778899
97,0.04184946467656252,0.19534467237351358,0.009521935624615287,0.0012647957015640141,0.7520191316237447
98,0.12620540689798795,0.19353781081959606,0.029429798774235537,0.006126404334410446,0.64470057917377
99,0.023967356800065034,0.06700051529972376,0.0029326371164137568,0.0017546069197494844,0.904344883864048
100,0.060800603946202875,0.14391250227854702,0.006355587114755498,0.006098452972932036,0.7828328536875626
101,0.02613428068511461,0.09142203123551625,0.013712407682005587,0.001969726272543046,0.8667615541248206
102,0.05374573133869093,0.16246564501594765,0.01319394919737869,0.0023009807243167943,0.768293693723666
103,0.08981646206397748,0.14042498921915791,0.035413950215927456,0.001676394135047622,0.7326682043658895
104,0.059266508292579775,0.15834878811874087,0.015256395202058041,0.002182392327239641,0.7649459160593817
105,0.15921107821576608,0.1432328370940973,0.014930026781662296,0.002052670477058758,0.6805733874314155
106,0.10226195131694536,0.5326590877074444,0.0226326334145917,0.002946803528802814,0.33949952403221584
107,0.1906868685077882,0.4746228159885317,0.0775658805191817,0.0022254793419944465,0.25489895564250387
108,0.21600598381475278,0.4758640362439123,0.05747923874439887,0.0033986320506357664,0.24725210914630036
109,0.15953378476560445,0.6082489670851783,0.04965195402081016,0.0046303308510368514,0.17793496327737007
110,0.07259324328538137,0.5397716320685034,0.28608372673239657,0.0017566665100204497,0.09979473140369813
111,0.06548697612848821,0.680746055868323,0.13514673023160412,0.004508873713215842,0.1141113640583688
112,0.07287122315161026,0.7136390966759397,0.062699011924394,0.012892584303163736,0.13789808394489217
113,0.14539645736271617,0.6189841341091556,0.09261470361868483,0.01494243975508496,0.12806226515435856
114,0.1044271060089966,0.6076919981781835,0.10987479459784058,0.04474006704414607,0.13326603417083316
115,0.1265622254885214,0.6536619465219295,0.13463087292527315,0.009356456922912468,0.0757884981413635
116,0.04829136346857927,0.3259911760576135,0.5722254313489898,0.006249578877256631,0.04724245024756073
117,0.10649100180198347,0.6413242555190108,0.1834431791050923,0.020038618982234458,0.04870294459167904
118,0.08352750894281191,0.6112533629121012,0.23645557097446548,0.009071003185218333,0.059692553985403046
119,0.03718967600650143,0.4784969533184922,0.3396819309896469,0.01523006030031917,0.12940137938504026
120,0.051682742878498784,0.46695141787922845,0.43691002699565956,0.004382303749078878,0.04007350849753434
121,0.11345882217033217,0.6119629809448985,0.22380237896983957,0.016163673058676074,0.03461214485625368
122,0.15139520317921537,0.3384949409637588,0.23973695904486744,0.003914504051703481,0.26645839276045474
123,0.07511915674945958,0.3506121805126333,0.45386677425179256,0.005275898181533246,0.11512599030458122
124,0.13628867760038377,0.5115096170260587,0.20944065716510374,0.020122012691591785,0.12263903551686192
125,0.1236770039171981,0.571614926388479,0.16507181301186188,0.016288506037783725,0.12334775064467733
126,0.13629658311495718,0.5815226769905233,0.10279801294576592,0.017802922775083368,0.16157980417367018
127,0.24871535900016006,0.4591441574013487,0.04411710801536055,0.01742423736097698,0.23059913822215378
128,0.1206665172223974,0.709889018019462,0.010385984220530615,0.006924103156116757,0.15213437738149324
129,0.4332695506298176,0.29723185114848905,0.008338269780403562,0.010242885100844342,0.25091744334044536
130,0.16075422900449535,0.08853791149529322,0.005727419268108512,0.001926348591785388,0.7430540916403175
131,0.07000873619325337,0.006827793717948484,0.0002930399917634416,0.00012114239859142167,0.9227492876984432
132,0.40320172199159415,0.056885901293462694,0.00022338101263460073,0.0019914124700099655,0.5376975832322987
133,0.22511954488311375,0.037280745028109054,0.00029446164461476796,0.0033797137505612172,0.7339255346936011
134,0.228959458211127,0.038460436612130305,0.00010079350453227702,0.0011747105286378952,0.7313046011435725
135,0.5758090406959843,0.24124211718132754,0.003403329718204488,0.012103681834970287,0.1674418305695134
136,0.41493302925668235,0.36988707298740925,0.06208210567584329,0.055749638406536475,0.09734815367352874
137,0.4387327256495661,0.39859534709479566,0.05161113191673201,0.009955362438119966,0.10110543290078643
138,0.13405661819884318,0.570333936323253,0.02435530832806603,0.11293049018272595,0.15832364696711193
139,0.36310547093460166,0.3440015794734675,0.011355095904843765,0.05713480310187012,0.22440305058521684
140,0.15512557901502189,0.08096540330767951,0.01047635499467959,0.03422517375347049,0.7192074889291484
141,0.545006959426159,0.21561644170615085,0.021222533479831024,0.020845972318818264,0.197308093069041
142,0.27847541047430435,0.18665142282544686,0.012479795573030571,0.05137130909276129,0.47102206203445685
143,0.09365016063309459,0.037909084747902076,0.0007454208705175317,0.003151753983918123,0.8645435797645676
144,0.21148581609339007,0.36822272965659875,0.014609459040461969,0.050929813482897615,0.3547521817266516
145,0.47249708611826763,0.20447933887324535,0.006480181736760796,0.055637469929805505,0.2609059233419208
146,0.39428755824497413,0.07947299018481226,0.0017257881477362332,0.032305816280984945,0.49220784714149246
147,0.5435385443036853,0.22676754335450378,0.0036383948375113026,0.05996262742785178,0.16609289007644784
148,0.6062201250561567,0.20846228666844266,0.001978117990442764,0.0484986196489847,0.1348408506359731
149,0.41300031725859554,0.4606890990091629,0.00646531731337119,0.07697202617595078,0.0428732402429196
150,0.4270794624807657,0.3770826315750136,0.0037531838495280276,0.15327645424797348,0.03880826784671911
151,0.2020275395622915,0.6056078012524352,0.00874319625142711,0.12390577817324776,0.0597156847605985
152,0.087096293885529,0.8287434037797088,0.010797021252494769,0.05147915164699483,0.021884129435272577
153,0.24189272705727222,0.5296175928167313,0.00755213831260963,0.1291987014588729,0.09173884035451396
154,0.2317702620127692,0.541506098022195,0.008820244414913279,0.15097911450937215,0.06692428104075036
155,0.4430075884771504,0.2793755430387973,0.00604426903890939,0.19560510277076903,0.07596749667437379
156,0.3054728631419687,0.1991995646576086,0.004317209647051629,0.2710932160214556,0.21991714653191544
157,0.3169553836472704,0.3286589850699208,0.004399999543904396,0.26802137368716444,0.08196425805174003
158,0.3494766749535524,0.14422697275402108,0.0008118298931320359,0.3295316585756837,0.17595286382361086
159,0.3501568100877485,0.1921812598774673,0.0037300523556867762,0.08859269579451311,0.3653391818845843
160,0.5527323310205617,0.14091897059179426,0.0020354570311268308,0.05614661406976864,0.24816662728674868
161,0.5844435959806914,0.16379918424082882,0.0016142819154285493,0.07242202566534764,0.17772091219770364
162,0.28175868747253585,0.5687955705557273,0.01547295126987628,0.022880775017232582,0.11109201568462798
163,0.34369429880415425,0.558733707846274,0.005273871380403842,0.027494742471982133,0.06480337949718575
164,0.4085861512095599,0.42392660473859095,0.007738077130439485,0.02424187194734719,0.13550729497406258
165,0.3227742815050044,0.2389700840782402,0.0022129638579089883,0.14425320033034317,0.2917894702285032
166,0.3580217159335556,0.33360944634267464,0.003097966850336027,0.1485913500518323,0.1566795208216013
167,0.4127001267721578,0.27956811399518594,0.002289232319813557,0.15609632555088918,0.1493462013619537
168,0.3144514288024412,0.3523907939706508,0.004112669829625779,0.29139792478107984,0.03764718261620244
169,0.2770398022338395,0.24830347058262778,0.005121472986750029,0.34643171560541675,0.1231035385913659
170,0.38414457501468025,0.24930590243646092,0.0026454233960832114,0.17721957638776106,0.18668452276501457
171,0.492788271527464,0.21088828616199198,0.0029488543142205457,0.11417410166632284,0.17920048633000063
172,0.3790959316653496,0.22232424627203257,0.002072150417504302,0.2889152070486369,0.10759246459647674
173,0.46497109894787225,0.25867234408610923,0.007709344102485382,0.1050224893520385,0.16362472351149468
174,0.2942792159387755,0.28086529170372754,0.005007534100081093,0.15367231869543693,0.26617563956197904
175,0.33669164864947065,0.1557008205855324,0.0025398157954866036,0.11342792744764546,0.39163978752186496
176,0.309146874285708,0.21352686741148283,0.007085159103562499,0.05719425421973254,0.4130468449795141
177,0.2799733764078652,0.22069330738751594,0.008154951506083558,0.13853520948939285,0.3526431552091425
178,0.4193765271112521,0.2294172339743394,0.006545119617472491,0.09212741422778217,0.25253370506915385
179,0.2552396126554031,0.10578413666797884,0.0011432188374586123,0.3640195009084298,0.2738135309307295
180,0.12440353032081126,0.23091683823407042,0.0033670165461792013,0.08736381675344417,0.5539487981454949
181,0.3184908514858829,0.28255489786750654,0.006950389582094036,0.07427811759057087,0.31772574347394555
182,0.20177787234431296,0.27227781732848866,0.003672781248289501,0.15005040630959626,0.3722211227693126
183,0.1809993008209054,0.14972019117499824,0.0003995757290874405,0.27111299164919517,0.39776794062581383
184,0.32267226765155865,0.11562389039939691,0.00046667480536382455,0.11560469413684125,0.4456324730068394
185,0.4438754917382759,0.14465700268328946,0.0005568630154169739,0.15253863254816807,0.2583720100148495
186,0.43308587800383724,0.2675836642047183,0.0003709817361825176,0.13615327871301655,0.16280619734224536
187,0.4393898683259145,0.26314352408720904,0.0013925071196437965,0.12194413577057232,0.17412996469666042
188,0.2679762687443129,0.39587947064291396,0.008749358486638974,0.15827883244834373,0.16911606967779036
189,0.2778987901731423,0.32132483852216304,0.00618978073547574,0.08751027753111114,0.3070763130381078
190,0.4493204993976616,0.2070909143838232,0.0038836434456195907,0.04874646562369097,0.29095847714920453
191,0.5051923274957517,0.3671040338570067,0.006891097392746205,0.02141447991468421,0.09939806133981115
192,0.5682294720087528,0.30125418798142417,0.004619286400871662,0.05351158026343214,0.07238547334551924
193,0.5174792760089094,0.19135273743620707,0.015866587151856473,0.023778813274806743,0.25152258612822026
194,0.1193874842078856,0.7029680928818209,0.007925394986077248,0.02295579912976655,0.14676322879444978
195,0.40761988432337837,0.42042193802997957,0.005176053372910798,0.052052313107235536,0.1147298111664957
196,0.08274095397034846,0.7756555402645825,0.024765764695543743,0.02392343980607974,0.09291430126344573
197,0.04535338770972512,0.9042739868127854,0.01342098533812107,0.01581066093315242,0.021140979206215944
198,0.10176090016291543,0.766629303322022,0.02577545472222745,0.05591192834321735,0.04992241344961787
199,0.09071082896387163,0.6686227235056668,0.029068634593078242,0.04993200154990069,0.1616658113874826
200,0.0852172778142106,0.7608960348632376,0.0514979497898288,0.023002360916373407,0.0793863766163496
201,0.11980343936527393,0.7808997904649553,0.027147161734420413,0.051775546976909274,0.020374061458441124
202,0.13093043937034432,0.7844101836748201,0.02081124293449654,0.041883543355436606,0.02196459066490249
203,0.11626627740191578,0.7842768744635681,0.018171547609330346,0.06341638528057437,0.017868915244611587
204,0.08749464130678243,0.7091553293572038,0.008209329144925675,0.15722965371916506,0.03791104647192309
205,0.1847871846141464,0.4266458239867264,0.004851096984821789,0.3525982695883425,0.031117624825963048
206,0.09405089128182083,0.7787144107397366,0.020433675928993054,0.07494487354493318,0.0318561485045165
207,0.07924084850402223,0.5259460434268189,0.005268104498107184,0.35985931793837433,0.029685685632677414
208,0.09698158706976343,0.6051233835681114,0.006146626188229747,0.2127533771103146,0.07899502606358089
209,0.07794072321999379,0.5481872879104129,0.012866208749621737,0.26221857344265603,0.09878720667731544
210,0.218069315406677,0.20677604147386422,0.0026558641706687486,0.20728957893156214,0.36520920001722773
211,0.19274285907245078,0.45835029270115135,0.010311958450722419,0.11049654580730489,0.22809834396837048
212,0.4114295614412015,0.14245562563106134,0.0004583128492326781,0.024381557498502737,0.42127494258000175
213,0.3422855083257061,0.0579782450913313,0.0001817733566963527,0.010985720442764482,0.5885687527835017
214,0.37181818047994547,0.1814822194154547,0.015532395100424425,0.006195194779008506,0.424972010225167
215,0.7761177957674551,0.07965957509868833,0.04453375131935963,0.0017233301170449958,0.0979655476974519
216,0.6533739322937419,0.20667567973324025,0.014519014090275726,0.005223802142908987,0.12020757173983312
217,0.4795013627946811,0.26030339902608823,0.013233618863387822,0.022186658347682707,0.22477496096816016
218,0.1745314824355325,0.596913276149216,0.13835058698935634,0.030062789786421722,0.0601418646394736
219,0.11483211414348078,0.680772987108199,0.1255946856989279,0.045403207866946536,0.03339700518244569
220,0.18797385298279323,0.6091785287275489,0.06997218551602533,0.07443414329747967,0.05844128947615289
221,0.2067579367049729,0.6657586414880691,0.023834883845919346,0.07707355353322376,0.026574984427814873
222,0.10066834581906366,0.8020213414999136,0.028119108173868833,0.05734789864833752,0.01184330585881656
223,0.0993918467645904,0.7938940114573787,0.03476548213879815,0.025337477765333412,0.04661118187389933
224,0.08440362697779069,0.7517477425248109,0.05153518662366302,0.07372617880577192,0.03858726506796377
225,0.05971536025959495,0.6736820568812456,0.03252445507105476,0.20188659970816525,0.03219152807993943
226,0.054228967304609466,0.7610303752891934,0.04691099301330602,0.0922996658833622,0.045529998509529095
227,0.19456944446147756,0.47612570235332746,0.00140683627858733,0.28274503240218973,0.045152984504417876
228,0.10151266026896764,0.7628691154101256,0.0035400488243625926,0.12390544051133459,0.008172734985209705
229,0.13086323712742678,0.7429836465487049,0.006234841497256939,0.08168277545743001,0.0382354993691816
230,0.10733471118245967,0.7040306355595768,0.0017914282178323714,0.1764557737044138,0.010387451335717479
231,0.1111945100817579,0.6286356839929089,0.0029085979950485286,0.22711233802614358,0.03014886990414093
232,0.06722733389620027,0.7063523509352586,0.0017996859430496502,0.21292466456548226,0.011695964660009113
233,0.1285298560300575,0.4680391133233447,0.0011690746243785868,0.36149973015460335,0.040762225867615874
234,0.23057501801542846,0.6427625927994117,0.00659334398711398,0.08464496964200739,0.03542407555603832
235,0.19151675451085534,0.6711693713216877,0.003396170462126818,0.08231784100824094,0.05159986269708911
236,0.20717216920819537,0.6930037951770608,0.03680135294701039,0.04600247488298777,0.017020207784745722
237,0.10643741911002513,0.7206477177041506,0.023975590484614052,0.09650660268047215,0.05243267002073813
238,0.1060927398480597,0.8012223353155722,0.04003775351747199,0.02414733059173056,0.028499840727165576
239,0.20496631846007338,0.6741532741692278,0.04036961009226185,0.049707054796767694,0.030803742481669377
240,0.10469904090966892,0.7105168852028999,0.05887582323771946,0.045562901914536505,0.08034534873517542
241,0.18814698583488007,0.6318212723660395,0.05950204826460298,0.050475503904500896,0.0700541896299766
242,0.05795742560768904,0.8616197755985299,0.01703860728648755,0.04537953303391343,0.018004658473380182
243,0.13300900547502378,0.7157311826765281,0.03204040431922929,0.06636838260970063,0.05285102491951833
244,0.044118781428664315,0.8603890361500567,0.026631007442054544,0.04858782561265296,0.020273349366571543
245,0.19519611385403016,0.7031269600152805,0.01449803627536585,0.0555723148977487,0.03160657495757476
246,0.11735977005671142,0.8097258137496646,0.01397618222343686,0.04637308046483407,0.012565153505353182
247,0.10947335271676502,0.770186952635885,0.06306616696197084,0.0279844741778569,0.029289053507522363
248,0.15606451579245256,0.7751380710870139,0.02373241302767873,0.023749214081178284,0.021315786011676364
249,0.07670978127112668,0.8237202172951142,0.05467059929800007,0.016777323830940234,0.028122078304818703
250,0.12478714128764228,0.7900806043851925,0.048417812121946874,0.008958186412367421,0.027756255792851
251,0.047213647643825137,0.8558896500760776,0.04844930675716361,0.007074790526610861,0.0413726049963228
252,0.07066665687494411,0.8051965184852141,0.06322583306787596,0.011150675729965026,0.04976031584200068
253,0.05620784945355042,0.7755220178444628,0.1340628588304626,0.008240430149211457,0.02596684372231269
254,0.08830654389859632,0.7321788304272054,0.11687619557087911,0.009032951785620153,0.053605478317699094
255,0.048228973485641244,0.8526104370615468,0.08202907292307388,0.005515588967812504,0.011615927561925752
256,0.08403422753917371,0.788286270456439,0.07867645053770138,0.01917638461653784,0.029826666850148
257,0.04720270043901278,0.8499746640889315,0.08060985564373932,0.013339037682190028,0.008873742146126459
258,0.10213586054890915,0.7511630220641243,0.09675394990412782,0.02524050126804831,0.02470666621479064
259,0.0572127372621592,0.8138793930828407,0.06615550737391714,0.04316883781937813,0.019583524461704603
260,0.18854669422291456,0.5636114142802999,0.16789278313881287,0.030654777492822444,0.04929433086515024
261,0.49850537646151405,0.39748919758937074,0.0019925888115264975,0.047036899533178154,0.05497593760441067
262,0.4265067001153701,0.4253293308347361,0.001640894697243899,0.07458449781211367,0.07193857654053613
263,0.4400757164456168,0.3847468449200832,0.001899485228171113,0.06921316284253971,0.10406479056358911
264,0.19415514426977035,0.7275480730792306,0.010189563242925513,0.041794597802087774,0.02631262160598578
265,0.28263483499209824,0.5997283648622964,0.007730601577572317,0.04398154214345304,0.06592465642458002
266,0.19025018072834982,0.6645919434223772,0.005087401363046615,0.103612361864808,0.036458112621418494
267,0.22525358591122974,0.5234839175766736,0.008752124112157096,0.12930965248370443,0.11320071991623516
268,0.054510608793091296,0.8554173449829149,0.008807504363258311,0.05276404420955811,0.028500497651177455
269,0.08549138033273115,0.8150424797622778,0.012725002407374434,0.05662409581033257,0.030117041687284248
270,0.09309963912118847,0.8474887662423607,0.004768942462566049,0.03499199505956962,0.019650657114315045
271,0.2406509049250493,0.628353406644976,0.0024600561430724037,0.04994223675498025,0.078593395531922
272,0.04427422335621552,0.9125475297179079,0.025783925913988384,0.01140938179912667,0.00598493921276151
273,0.1130380953380018,0.8479706929741595,0.005235722881791663,0.015770028330768196,0.01798546047527882
274,0.12246174749233056,0.8355876562475263,0.01255455184416088,0.023611052187633975,0.005784992228348309
275,0.08466674825259907,0.8240549726435672,0.03218699384593539,0.037567020371733414,0.02152426488616503
276,0.0341173729211428,0.9203599444914365,0.017011405726270246,0.020921075634624284,0.007590201226526117
277,0.03442672913518551,0.8943139501019722,0.022096785719251284,0.04334121999102809,0.0058213150525630525
278,0.041802518254094735,0.8708920820390904,0.017362522503561535,0.053658848784471413,0.016284028418781755
279,0.10870462131856967,0.7560590689099772,0.03322915527372702,0.0926924655485682,0.009314688949157908
280,0.024107415653432614,0.8860417084855708,0.021965824826070183,0.06190728934506345,0.005977761689862881
281,0.05352819801392042,0.8215696442633732,0.028402806730968223,0.08849559687520647,0.008003754116531862
282,0.05579571679234223,0.8643669324419709,0.014852218938202079,0.060071191343674585,0.0049139404838101875
283,0.07702896968309564,0.8209537678951525,0.01036237776912931,0.07506405933201168,0.01659082532061088
284,0.05256939245697813,0.8972050657707019,0.023499618622466835,0.021865895000039836,0.004860028149812986
285,0.03708790073166448,0.8727780347040099,0.028351033702885494,0.057822133344365194,0.003960897517074956
286,0.047536452495043735,0.8471054212391056,0.008970113342083915,0.08348420170146988,0.01290381122229694
287,0.11739100793982966,0.7785426242117828,0.007234309509636208,0.08504543625475673,0.01178662208399471
288,0.06703382299312938,0.8320401863510584,0.03993908872469619,0.05620960411316041,0.004777297817955479
289,0.061978606514364654,0.8909920273889306,0.017794702988617392,0.022869936858689658,0.006364726249397504
290,0.05859009930864845,0.8853620566672105,0.018257420523657072,0.03215828351065291,0.005632139989831056
291,0.08123041645185351,0.7836751612062955,0.017076880656597713,0.10754553874545776,0.010472002939795484
292,0.06280515759258938,0.8341828005403754,0.012222044730077616,0.08419299308880568,0.006597004048151981
293,0.08245139306105072,0.7947330749720931,0.019669176945269942,0.09443285046464771,0.008713504556938619
294,0.06899352746100955,0.7772555512008598,0.011251011906538969,0.13546508941349766,0.007034820018094045
295,0.045148915255023125,0.8472991206267455,0.03223650340536356,0.07080543547938659,0.004510025233481229
296,0.07715092732235505,0.8072029492671052,0.004377205303226374,0.09399715857012565,0.017271759537187594
297,0.04911726805221572,0.843314647081715,0.06098793770928629,0.036094870932313006,0.010485276224469929
298,0.04737631492174644,0.8722088404459375,0.04404652266186986,0.03141344111297884,0.004954880857467326
299,0.10350632305330505,0.7657120503102549,0.04152835254362608,0.07967405214132944,0.00957922195148448
300,0.04422674782482794,0.887694190235388,0.02877181406110493,0.021918760219606464,0.01738848765907278
301,0.07509851802523342,0.8889763720611336,0.015518964441415223,0.015200503029912221,0.005205642442305597
302,0.06259212784324025,0.8606205589321596,0.056051182955219755,0.012782267760373358,0.007953862509006867
303,0.07328238153394469,0.8945332057888947,0.00777724980690948,0.016948504269065294,0.007458658601185989
304,0.056679050085928655,0.893111017491655,0.022652124541419655,0.019677920970217713,0.007879886910779088
305,0.020637431976483586,0.9050075243051624,0.05091255507326306,0.011118294262493179,0.012324194382597943
306,0.023373494605166866,0.9041106851921028,0.03817145842359177,0.02976168603569714,0.0045826757434413185
307,0.029117175672571497,0.8198098894945967,0.005275043691043631,0.1389632268627983,0.006834664278989868
308,0.02176889387224032,0.7147871051133758,0.023723725655281556,0.2334983070460803,0.006221968313021974
309,0.0266041055376204,0.41312308415535304,0.0011557356274201095,0.5549134365713105,0.004203638108295872
310,0.03955278415076863,0.40359854781934407,0.008202098195753633,0.5379653573571318,0.010681212477001888
311,0.05917208795076427,0.317573921816347,0.0002778810354818688,0.6059583910771983,0.01701771812020851
312,0.09883400344609006,0.38444372352776335,0.00023346616514259897,0.4724363437987607,0.04405246306224334
313,0.09356341041319509,0.2224177635841164,0.00017078428989847257,0.6683222982634303,0.015525743449359624
314,0.1011906942662505,0.1576840755949457,7.233879985798677e-05,0.7242332102439785,0.016819681094967225
315,0.12057758127633166,0.08485242247649194,5.225348470591008e-05,0.7516054204880882,0.04291232227438231
316,0.10565586029412807,0.07783704142223297,7.744728743203185e-05,0.8059051913624895,0.010524459633717521
317,0.1190359020054071,0.08774061333959517,0.00023487332124374612,0.7835065549977882,0.009482056335965721
318,0.09792221461461957,0.05977756499677859,0.00011741615502363378,0.8329525873764497,0.00923021685712839
319,0.12106020016561132,0.05822199395916643,6.00025036169867e-05,0.7556087752891794,0.06504902808242587
320,0.06491647734164675,0.17466647240340358,0.004757983685263035,0.740572954298435,0.015086112271251768
321,0.14003145751458432,0.09137379633848623,0.00012546993126393263,0.7005469031722881,0.06792237304337756
322,0.1256217832505774,0.08868999287203391,0.000122118358113136,0.7710776069517316,0.014488498567544188
323,0.09600952646230289,0.11197695515298257,0.0002666607490177495,0.7818235566176837,0.009923301018013087
324,0.08102979989179496,0.06669836032998129,0.00014208283173218353,0.8384838173652466,0.013645939581245017
325,0.04701382710646754,0.02589887116402638,0.00010664384525680712,0.9172150417707374,0.009765616113511955
326,0.06487108003355485,0.04890903908982954,0.0001138307920166597,0.8795986186592202,0.0065074314253786535
327,0.08277527215649848,0.05154664167131699,7.44917247017626e-05,0.8512852062225319,0.014318388224950865
328,0.10235065005125366,0.046436225715243196,0.00017719610468330227,0.8368319365126581,0.014203991616161768
329,0.07282361091657019,0.01943500210395123,3.516201167308694e-05,0.8958269687011361,0.011879256266669413
330,0.1054638192374232,0.03504203910896381,4.631483224917081e-05,0.8408663995631537,0.01858142725821015
331,0.09614073262549021,0.029747901898265282,0.00010520961464114766,0.8597740341214529,0.014232121740150566
332,0.08139262261282791,0.019228950605931903,3.964002776196811e-05,0.8871174394893585,0.01222134726411976
333,0.11620711055594628,0.0416841969221327,0.00019081127975145945,0.80080418670516,0.041113694537009735
334,0.08748840063385636,0.02455277403067878,0.00013809576927501587,0.8563094332570665,0.031511296309123235
335,0.17943577171887506,0.02101145337065945,2.7639853526022654e-05,0.6186906521308916,0.18083448292604792
336,0.3115504507400865,0.027882089992211884,1.7723241729168694e-05,0.472427162051777,0.18812257397419557
337,0.10584350419142513,0.041535898226432194,1.033176695885506e-05,0.7896560764962942,0.06295418931888962
338,0.40809219851707706,0.015404222110996214,9.322132192327056e-06,0.5163149787565114,0.060179278483222846
339,0.253928930672922,0.015169241951113509,1.2456940532875495e-05,0.6972605157913092,0.0336288546441224
340,0.17998420467208487,0.042167706951848634,0.00022006153258474827,0.7502459857869405,0.027382041056541177
341,0.12214616951964746,0.057597076753104215,5.298103136146948e-05,0.7716452499672183,0.048558522728668715
342,0.16132404557176888,0.07279868519171831,0.0003926886391414053,0.7273184381679285,0.03816614242944297
343,0.2677890696069416,0.14825874362797836,0.00027526294361579024,0.5454187516102483,0.03825817221121581
344,0.33586073991668586,0.4273310292601001,0.00022829011370611733,0.21504477667342445,0.021535164036083475
345,0.1512927588491503,0.4288910345337083,0.04985968928513567,0.0538184978752864,0.31613801945671927
346,0.4658848495032485,0.21450298546605803,0.009125570274771469,0.10075825998842577,0.20972833476749622
347,0.2785932226665458,0.5268271689641086,0.0674697345235495,0.07311817460322194,0.05399169924257397
348,0.6790112223333955,0.1664856182191467,0.0023512495140826316,0.07103734435030026,0.08111456558307488
349,0.3110357550706546,0.26113184062825917,0.00516521391250384,0.22699642541619405,0.19567076497238828
350,0.2700753590763219,0.22488732490784866,0.006033160496507485,0.14825664694320195,0.35074750857612
351,0.2608613928683839,0.17902668913472747,0.004959724910301471,0.1444957901103441,0.4106564029762432
352,0.2133745903739998,0.27973907688060845,0.00512218395969711,0.11285300657679175,0.38891114220890294
353,0.31697783390253176,0.4997867153832711,0.0034470262501646552,0.08087773846884173,0.09891068599519083
354,0.5620481636500251,0.29816387436877473,0.005856353729052132,0.054032067126831375,0.07989954112531662
355,0.3101323211997429,0.5539676886066031,0.01579731906560354,0.0921378602298784,0.027964810898172043
356,0.29540191835690505,0.4407372067083593,0.021257890575888547,0.19399012897394627,0.048612855384900865
357,0.17099790227108605,0.5981102271176922,0.01107172962152419,0.12272389655017273,0.09709624443952489
358,0.28429966985440847,0.39685881865172384,0.015161366430629663,0.1628653420130808,0.14081480305015717
359,0.3151962776192527,0.31097913016305695,0.023582872926157135,0.1397074276504465,0.2105342916410868
360,0.1179831689811108,0.45557914186150417,0.049169521110426335,0.12273212648588994,0.2545360415610687
361,0.10811554299137024,0.5721473722005349,0.024712649446356833,0.1261578067802762,0.1688666285814618
362,0.1444989949958303,0.5266254676741559,0.03317624197889892,0.17807466665699181,0.11762462869412321
363,0.09798277420481036,0.3251887731771065,0.013450082949710817,0.11555422424720446,0.4478241454211678
364,0.03256251721904313,0.20875814329054307,0.011354974274153884,0.04431098045962155,0.7030133847566383
365,0.06180396272336352,0.34668867277159754,0.017132317917607928,0.05057788603855424,0.5237971605488767
366,0.08224008314474646,0.3921874710142958,0.007922213257227235,0.06200520888398158,0.45564502369974896
367,0.14692929031378954,0.5933380146039483,0.029990699935156663,0.09214146047308165,0.13760053467402364
368,0.07572599266489834,0.3074255041865385,0.006105855676919694,0.02715256596734178,0.5835900815043018
369,0.053465026338604796,0.577167366974132,0.01238855285572815,0.1411397745960153,0.21583927923551977
370,0.03286459557098104,0.6184571847363332,0.010432217006915384,0.10290266464695563,0.23534333803881494
371,0.039524344842810796,0.5312610331739729,0.03868261972705805,0.3254829379483192,0.06504906430783904
372,0.03016705945391545,0.4005218841348245,0.006995397715767558,0.22032000595035503,0.34199565274513755
373,0.021021470985297077,0.5722526890089289,0.02145723352772417,0.14364473851851947,0.24162386795953034
374,0.02661750152453128,0.33337241371220355,0.004176169365168937,0.05021352674367977,0.5856203886544166
375,0.06207592649437695,0.20295025585058302,0.013289818973590654,0.05676657152712193,0.6649174271543273
376,0.08452491342969556,0.18075865192739868,0.0034226135919180264,0.03745685747727718,0.6938369635737106
377,0.14600008879096188,0.46276083447678357,0.07140253789577274,0.20082576939529825,0.11901076944118345
378,0.11278608267783284,0.421119354317318,0.0278493611012357,0.10898981086837017,0.3292553910352431
379,0.04753991217135404,0.30114846580864124,0.033573042957378195,0.18284769017706082,0.4348908888855656
380,0.07908918571409948,0.30352772582923054,0.04709140080762275,0.5044156787091912,0.06587600893985592
381,0.07846962247643535,0.4051544180536134,0.011446543570469321,0.07288124150257097,0.43204817439691107
382,0.06608413342346081,0.3717640968983282,0.03229080496646361,0.22302052850055024,0.3068404362111971
383,0.03295214809200504,0.774644960838305,0.012018043800454764,0.07768124367179244,0.10270360359744272
384,0.11003575902155176,0.49834489351578953,0.01939767306334302,0.08100981684169462,0.2912118575576212
