epoch,N1,N2,N3,R,W
0,0.01061785623557997,0.0028610341881143975,4.0386123379996584e-05,0.0030475923642370325,0.9834331310886886
1,0.022338652749644358,0.003184499941267723,2.8944326802814535e-05,0.009747273466448273,0.9647006295158369
2,0.04996726107253111,0.004843801677464679,9.248753001093124e-08,0.004124852821663605,0.9410639919408107
3,0.053736317772735485,0.00746050404772842,2.9405781742826435e-05,0.008885410605943157,0.9298883617918501
4,0.11640761838025822,0.0549230264483458,8.348575899614397e-05,0.05466697175263039,0.7739188976597694
5,0.18326750581417406,0.3257962951939863,0.00019719310729036577,0.11309168668095994,0.37764731920358924
6,0.13578462253449403,0.42708179752954617,0.00021924190565834076,0.1293583301220027,0.3075560079082987
7,0.132368704449939,0.4047604094528013,0.00019228409110693347,0.19299416183355833,0.2696844401725945
8,0.1443063411990955,0.6110966282794492,0.00015092975415111434,0.07807951772173508,0.16636658304556914
9,0.09699415363481202,0.5255482025812679,0.00011746211120343481,0.15848517917361404,0.21885500249910264
10,0.11426009560972772,0.5377053487917118,0.0003000681742834301,0.14320930481402777,0.20452518261024924
11,0.07446164896160405,0.4637320858818923,0.00023958283350485654,0.2862286091188876,0.1753380732041112
12,0.10928837580167877,0.4422179754859598,0.0002950944574096409,0.3322990292326556,0.11589952502229618
13,0.05985360452323349,0.6060580677255955,0.0004513835889918437,0.2812365907578094,0.05240035340436976
14,0.08412416875952988,0.6278276486821974,0.0002938616552046541,0.24329451730895482,0.04445980359411327
15,0.12253634915788679,0.476038591802228,0.0003286026163597186,0.16535926415340796,0.23573719227011744
16,0.11669605886595634,0.4644882726177545,0.000527806548941362,0.3377548131669175,0.08053304880043023
17,0.13507232837331506,0.4492789217741827,0.0002268855826973006,0.2830444703922117,0.13237739387759326
18,0.1575107843027369,0.33640360035635164,0.0004068952314800517,0.3650638296730846,0.14061489043634678
19,0.08119046880758835,0.5784760354231824,0.0004342956072440385,0.14522139988630015,0.19467780027568513
20,0.09986621456849756,0.5062641072991011,0.00039540822500272314,0.16736382642583902,0.22611044348155962
21,0.08400900064418085,0.5509700538756106,0.00024249212055337904,0.25743451566131115,0.10734393769834417
22,0.10706580081686648,0.38258044342886927,0.00027857034784273504,0.22429396269703794,0.28578122270938366
23,0.17792258469216693,0.29744716339444544,0.0005286810852064974,0.41366487392150675,0.11043669690667421
24,0.12757245200049203,0.3652531085381564,0.0008386805939930228,0.42120596190518306,0.0851297969621755
25,0.2790710410079405,0.23538346371299879,0.0004854332747453767,0.20900575668121846,0.2760543053230969
26,0.17265768367127213,0.5413283709664328,0.000494753088763001,0.12071476016255617,0.16480443211097584
27,0.08401274507144722,0.23088591380053822,0.0002043789591938721,0.07357974094797512,0.6113172212208455
28,0.20516327827730152,0.15142099482222898,7.748440392309273e-05,0.14627404891722623,0.4970641935793201
29,0.11341583660316905,0.3065111076540506,0.0014584954945188538,0.07096947813919335,0.5076450821090681
30,0.002884842775104111,0.001566534670235258,0.0001829421257797648,0.000484663683162667,0.9948810167457183
31,0.014672062192451275,0.013365172548220665,0.00047258086438253067,0.0011877387271050717,0.9703024456678405
32,0.023804370496018103,0.013071985262205241,0.00020996798995328106,0.0024656317400720946,0.9604480445117513
33,0.023697425520743748,0.017881357215875512,0.0010945443343555756,0.0028175461798663802,0.9545091267491588
34,0.018715252357882427,0.01900731186542326,0.00031966869606932377,0.0019450014818250475,0.9600127655987999
35,0.06934069919698409,0.07101539873911933,0.0035242634209158856,0.001265374505110658,0.85485426413787
36,0.016600340826583484,0.02920217184290857,0.0012485211564494112,0.0006354957920067617,0.9523134703820518
37,0.009455022580990107,0.009955104794034641,0.00048003080611015546,0.0005430232252492621,0.9795668185936159
38,0.035237699078998486,0.036709357760094624,0.0043009899719668775,0.0028999852912068194,0.9208519678977332
39,0.04627322168674845,0.031004959599498023,0.001836917319898527,0.0054034975387016225,0.9154814038551533
40,0.0091846285777167,0.020843701385517197,0.003326888476278253,0.002077504433299881,0.964567277127188
41,0.04352521521540228,0.0786099937115861,0.006082274568686656,0.01399056568505243,0.8577919508192724
42,0.10736991895759729,0.13303173122880174,0.017955128992297436,0.016066608480350242,0.7255766123409534
43,0.011461517752778235,0.02264972479809615,0.0018495219378013383,0.0016466361555548526,0.9623925993557695
44,0.1694350815820537,0.08681317094841501,0.0007384321580604338,0.021975468737228537,0.7210378465742423
45,0.1831287356029375,0.07983844209484652,0.0010084721845732498,0.005740320439524728,0.7302840296781181
46,0.05736024764098627,0.006608226322154295,4.7442404344074625e-05,0.0014988546659070417,0.9344852289666084
47,0.3480695154268869,0.035206062677566784,0.00018445046546006905,0.024590443658389104,0.5919495277716972
48,0.10189010785854972,0.04869281016478995,0.00023276729537165518,0.005144768240983004,0.8440395464403058
49,0.08738283372133136,0.022458316529815628,0.00015752871687773373,0.01024623487271702,0.8797550861592582
50,0.002072699529584632,0.0021384811835966173,0.00010374766232308454,4.9588983823961514e-05,0.9956354826406717
51,0.011502790399313682,0.0047252064657600035,4.2166878280791115e-05,0.00026170801587673264,0.9834681282407688
52,0.026332869643146142,0.0028821796016459387,2.4336688933838433e-05,0.0014012298331825004,0.9693593842330916
53,0.00999645511385404,0.0012871368477752434,1.7884047043635907e-05,0.00016630590423594968,0.9885322180870911
54,0.003147352768747439,0.0019281066575719322,8.701566637171788e-06,0.00015271205930280382,0.9947631269477407
55,0.00989096132580114,0.003772867927652368,1.6468591340974277e-05,0.0011473579031483628,0.9851723442520571
56,0.006565884751727675,0.0016986778905415678,1.6788242022277368e-05,0.003967408246997671,0.9877512408687108
57,0.01128350631131733,0.004893603651872716,8.671683403645986e-05,0.002953409755528257,0.9807827634472454
58,0.1517197316665979,0.017548239091766768,5.32216630135089e-05,0.04963824518879802,0.7810405623898238
59,0.1370183855874815,0.03554265973553756,5.4439627829322376e-05,0.06316745915942432,0.7642170558897272
60,0.24380159956949787,0.0734865586715957,9.5055216799521e-05,0.07673745721110488,0.6058793293310021
61,0.2638463750749099,0.06348514857620707,8.10060139320988e-05,0.10124451142481375,0.5713429589101372
62,0.173309287264527,0.08293142137902028,6.993093137650758e-05,0.32652143445555365,0.4171679259695227
63,0.17620959537309122,0.1106106907983357,0.00030060505523987535,0.5274108229883054,0.18546828578502775
64,0.16702542196406348,0.07105833013980226,0.00018163912907107857,0.0791351130715514,0.6825994956955118
65,0.18577719803224546,0.18188222068516757,0.0006121342846113335,0.3838127589636272,0.24791568803434844
66,0.15275358618584903,0.11498326684579159,0.0003393346044251579,0.3831641151520517,0.3487596972118826
67,0.19507669308783437,0.11820564615443768,0.00046990308452498443,0.2586655918880524,0.42758216578515046
68,0.18173668748611452,0.08529016686572828,0.0004156197959018524,0.14416634475628742,0.5883911810959679
69,0.2028269368615534,0.03896689893142943,0.00013432577776109392,0.021500514466957523,0.7365713239622985
70,0.02733172690790404,0.03211939232206421,0.0011209686209559353,0.00048255850624699285,0.9389453536428288
71,0.02776847248563331,0.015341533122043317,0.00016183995759755856,0.00039167265630723607,0.9563364817784186
72,0.11895154563527263,0.03677892675609243,0.0002336061995668252,0.00353423350589836,0.8405016879031698
73,0.024509194216729757,0.012261965666384109,0.0009933448324451304,0.00028660496265137575,0.9619488903217897
74,0.009663956242503479,0.0016506841126080363,1.9446494792669462e-05,0.0005766346468109014,0.988089278503285
75,0.004461871108202416,0.00475709656781677,0.0005996340372355136,7.487031432007151e-05,0.9901065279724253
76,0.001253001510575545,0.0006235779680220985,7.9231828325251e-05,2.186419209206379e-05,0.9980223245009849
77,0.002742557164269466,0.0005245226055400645,2.4918265612062216e-05,5.125014722897678e-05,0.9966567518173495
78,0.006115070166464687,0.0011354501008491384,3.71443264577846e-05,0.0006341897175664263,0.9920781456886619
79,0.0076649042537542565,0.002681905397689903,0.00046452225091103504,0.0009031364275840431,0.9882855316700608
80,0.007266580559414168,0.0008910186114481391,0.00010662976879751604,0.002253848685080205,0.98948192237526
81,0.0017437021962312818,0.0005605365488427688,9.844167016648492e-05,0.0018068136872027324,0.9957905058975567
82,0.004690515637764067,0.0004327727349792913,8.386434470049853e-05,0.0015873966477779604,0.993205450634778
83,0.004450487258058702,0.00032615731293815747,3.401649694309957e-06,0.002591817324868658,0.9926281364544401
84,0.003447823366736476,0.0005812732620724865,4.203424443795086e-06,0.02288563863473928,0.9730810613120081
85,0.003124722833513252,0.0008140671189497432,6.3892919040177015e-06,0.0017838010032554894,0.9942710197523775
86,0.0032215849644044274,0.0006293117394143541,2.1568028361375907e-07,0.003305775125168486,0.9928431124907292
87,0.014570501384669126,0.0006324249968751458,1.1353235143203336e-06,0.0030496498335898874,0.9817462884613516
88,0.004051710539183222,0.0009900881516442346,2.1008092379924103e-06,0.0005746986269312328,0.9943814018730034
89,0.014250189498188988,0.0009444187760725057,1.3745389871594112e-06,0.001478893370156818,0.9833251238165944
90,0.0015895787632974297,0.0016805981511737737,1.7236492938791503e-05,0.00017739189458027075,0.9965351946980097
91,0.0017341027750485839,0.002137689307222266,0.0001306229320237301,0.0016983206074380123,0.9942992643782673
92,0.005099516365309937,0.004726478824086541,0.0005234069155993154,0.008145141032502048,0.9815054568625022
93,0.004619057570390653,0.0009895393700247246,4.4148432298441955e-05,0.030226211936114238,0.9641210426911719
94,0.0054398737580217925,0.004151616406774043,0.0002796308671294889,0.004371026216514405,0.9857578527515604
95,0.0068106044112062935,0.0018992915675230182,0.00027097530014280103,0.01370545981548434,0.9773136689056436
96,0.009392643114735552,0.0044028892621097325,0.000325327831942616,0.003940562819712997,0.9819385769714991
97,0.01044655418704682,0.002061335231610855,3.641163538807571e-05,0.031026657847869264,0.956429041098085
98,0.009594261638384928,0.0014753199690337939,2.6191559677857503e-05,0.03760667490605786,0.9512975519268455
99,0.08818005750518827,0.026446744293903722,7.653422787407212e-05,0.07346261900213183,0.8118340449709022
100,0.13608818229549777,0.03350323555067333,0.00011095640228432662,0.5857023837498786,0.244595242001666
101,0.18706287696785115,0.08218016083733048,9.915954326514196e-05,0.48741886182476035,0.2432389408267928
102,0.2548932459703115,0.1907915923440222,8.07879502033998e-05,0.3347449099515576,0.2194894637839053
103,0.2665882141428524,0.3089891548423492,0.00014401403856371096,0.3175657138779341,0.10671290309830082
104,0.21293574037244223,0.08719480006197697,0.0001274805031385676,0.5699074486610548,0.12983453040138745
105,0.4500947611841186,0.08582713678113094,0.00020735632029487256,0.3166518370223916,0.14721890869206403
106,0.20489816550055717,0.08874134632897651,0.0005832841219111653,0.6345833156751811,0.07119388837337395
107,0.21401895398576123,0.13361306344104687,0.00047606452226723966,0.5693247135551961,0.08256720449572863
108,0.1147863593711803,0.23123731644188716,0.0007814662525264118,0.6234529930508612,0.029741864883544945
109,0.08330112339672435,0.4036492539939691,0.0005189109672878456,0.47591708748848993,0.036613624153528576
110,0.06089111854157936,0.6035332872655892,0.0038133863432971904,0.27210089709016216,0.05966131075937211
111,0.057355239010849615,0.22499945664118803,0.0028900610787554876,0.017387574532601154,0.6973676687366056
112,0.12449129091994364,0.14456977894131992,0.0008317946023449879,0.12272950723171637,0.607377628304675
113,0.348335475275661,0.20056545188489014,0.0015253857805596976,0.12684762828458465,0.32272605877430455
114,0.5066082218305572,0.23973046488111954,0.001149276538122649,0.0688293021467934,0.1836827346034072
115,0.4483922974044662,0.2457214474693859,0.001560216306829006,0.12414107999815313,0.1801849588211657
116,0.1713614299589324,0.34025082810188206,0.002051017644449236,0.28237828636274337,0.20395843793199298
117,0.17450885461426235,0.1928426715914441,0.003880894820727342,0.38280050903837404,0.24596706993519218
118,0.20259776762307122,0.1720040894637518,0.0010771057538375205,0.372923657210543,0.2513973799487964
119,0.15850076404894708,0.2925746219397611,0.0017699441555997157,0.3858225240156246,0.16133214584006747
120,0.24726366540668415,0.3075431601051325,0.009695947225346573,0.21545059914040232,0.22004662812243442
121,0.15910594984099066,0.3682575416682667,0.005993140204013439,0.16940946381123087,0.2972339044754984
122,0.29163163833728656,0.2816237459232983,0.008635012713115169,0.08552627445961182,0.3325833285666881
123,0.18573481935236064,0.25272928708746534,0.01196188030343467,0.014802326735527385,0.534771686521212
124,0.055503272886880006,0.7826487061701881,0.03854049099076517,0.059246944779383984,0.06406058517278279
125,0.2480800252729527,0.19340600987391712,0.014978006761935071,0.03339119106952814,0.510144767021667
126,0.4094779867177278,0.26603366162701847,0.017374279076397468,0.15576744615354574,0.15134662642531077
127,0.3012195859680174,0.3224324174201119,0.0169968954928624,0.0640183127839577,0.2953327883350506
128,0.40379037659535244,0.3002918323009435,0.055773499566850904,0.04909375054608271,0.19105054099077032
129,0.3107926934541793,0.28668115195040234,0.03077256827275993,0.09910735297182424,0.27264623335083427
130,0.22013575985083886,0.3824655792949994,0.01331902429154527,0.21668786649572658,0.16739177006688974
131,0.1813852916870795,0.15323544521729526,0.032339911344282296,0.02036858428804881,0.6126707674632941
132,0.24507722711692564,0.5832511128102217,0.022633482859011688,0.057201933463898534,0.09183624374994247
133,0.35372609330339394,0.3425882987537279,0.04211018737242085,0.021905553926389834,0.2396698666440675
134,0.40485984839768446,0.2574062359074504,0.12220361117913567,0.027044227675925854,0.18848607683980348
135,0.06381636059746482,0.3681200483794008,0.23615267011007057,0.10824832658539726,0.22366259432766647
136,0.32255479431308015,0.33852526800458843,0.06707017118795638,0.09502304964472295,0.17682671684965207
137,0.07907077288856744,0.4796409689640095,0.2519288748041208,0.07431495780124897,0.11504442554205332
138,0.24101766803771724,0.44770274054405124,0.1725551084299925,0.04025673588163996,0.0984677471065991
139,0.2507981054294975,0.4571458961054841,0.13558627930274664,0.04592586996967501,0.11054384919259676
140,0.17574922423240988,0.2239927473984683,0.011305351026473977,0.026336092062458443,0.5626165852801894
141,0.22128476388417323,0.3095543186754745,0.02210326979867582,0.020265799076057304,0.42679184856561925
142,0.059865883758938546,0.17076387245505814,0.01081146672505358,0.003994957478771118,0.7545638195821787
143,0.11243048799481233,0.18503506394605593,0.0028420268038672277,0.018674000746341412,0.6810184205089233
144,0.23593573944098167,0.27684903433840047,0.00800003935917829,0.01808643747818339,0.4611287493832562
145,0.3524742400245301,0.21317123265860816,0.009528696799116844,0.010349061785045457,0.41447676873269934
146,0.09235490913766747,0.2816322507345116,0.006388636467522478,0.011061395236138328,0.6085628084241602
147,0.027150753785297712,0.058158730878615846,0.0022320817419895942,0.0035926852517691264,0.9088657483423277
148,0.2504389790841349,0.23334417767204263,0.0029398326806870383,0.02281251367403573,0.4904644968890997
149,0.019220049339208487,0.015666846566537964,0.0003941387796053902,0.0021346183359367476,0.9625843469787113
150,0.04721421833185309,0.031207941485920255,0.0005926197452745002,0.006328225794423503,0.9146569946425286
151,0.06599635707390401,0.046587133399160076,0.0019700205810318557,0.003937244524205619,0.8815092444216985
152,0.27707215837552196,0.1437019064917873,0.003514109809786063,0.015181577405997137,0.5605302479169076
153,0.24112315118231173,0.122628807290815,0.0021386089166550225,0.01165962040394393,0.6224498122062743
154,0.2977197727089918,0.14955275950739477,0.0023620913521148475,0.012559263163290865,0.5378061132682078
155,0.12651656927149568,0.04390205882719687,0.0014494109356324952,0.0025239722399657463,0.8256079887257093
156,0.2802586159468533,0.06982821989984911,0.003625266350332824,0.002808840689666526,0.6434790571132982
157,0.06546750365097503,0.011499444120832156,0.0004514076755475025,0.0012493415152302339,0.921332303037415
158,0.3181472333048399,0.03454690765007064,0.0006998815815820673,0.005517265617866226,0.6410887118456413
159,0.27166760296919773,0.08355665311718863,0.00045711966004593417,0.02369087215182444,0.6206277521017434
160,0.1606940464102757,0.13798074451269868,0.00030240417874766374,0.051670428972832895,0.6493523759254449
161,0.0115383769274645,0.013948020715508574,0.0004690444525785056,0.00300084002939645,0.9710437178750521
162,0.02123929303625238,0.00844357221007223,6.924740214236899e-05,0.013399358770191078,0.9568485285813418
163,0.08605505713708268,0.016488281470965826,3.47714897013405e-05,0.007049087078484293,0.890372802823766
164,0.07872441292868573,0.01956426878451138,4.5969055215395874e-05,0.0033338090655853606,0.8983315401660023
165,0.08305725153519922,0.02256654674063676,0.0002718404406588156,0.006615247496845287,0.88748911378666
166,0.06648639162816432,0.08540422150786903,0.004339350438770976,0.004309229128916342,0.8394608072962794
167,0.11854503196939813,0.25301069350212113,0.004456329462071739,0.008995465893470634,0.6149924791729383
168,0.054972480130588273,0.26899770706243387,0.006863073581157252,0.011430283573459824,0.6577364556523608
169,0.04849543676333674,0.3139517791249924,0.006192244145282376,0.0040185068154565224,0.6273420331509318
170,0.15898342575945748,0.5566356335526746,0.007247258766930848,0.008869899922856382,0.26826378199808065
171,0.11061448985459167,0.4257171957643777,0.021926192723293186,0.021670049720712178,0.42007207193702534
172,0.1456436903785379,0.6835153595934513,0.004590040217311723,0.07621413633421335,0.09003677347648574
173,0.13768393906492668,0.693188891853808,0.005284638288311937,0.02204976083975618,0.14179276995319706
174,0.11067222487236988,0.7266919646406323,0.039542273812563256,0.053434257255241195,0.06965927941919316
175,0.1470032352365986,0.6462835344242442,0.02445547893000526,0.053557620671680524,0.1287001307374713
176,0.07728104035843864,0.5943584661717353,0.05303387844583244,0.10958490614369355,0.1657417088803001
177,0.11850635656097987,0.5262488621573634,0.08534643626165832,0.04154102479576741,0.22835732022423091
178,0.03254478299049921,0.6577574591950458,0.11027194459091418,0.03609651263309349,0.16332930059044742
179,0.045535074271145864,0.13866218818506218,0.02248983695692451,0.008689314491565354,0.784623586095302
180,0.08631348405352926,0.6418500731360223,0.032199969511534275,0.03938258937507141,0.2002538839238427
181,0.09740701726267297,0.22173102810137402,0.049721327583596354,0.017046023804359843,0.6140946032479968
182,0.13961909361510333,0.5760244558141778,0.025666034051943894,0.024581325195878218,0.23410909132289665
183,0.09967710179356361,0.4617713647833726,0.02924770577015187,0.03538837037033446,0.3739154572825774
184,0.2795857709415286,0.3736500065949976,0.07063157723135458,0.012394795583630437,0.26373784964848873
185,0.11592015395284153,0.45610351814571154,0.07072906831634952,0.015411033592563086,0.3418362259925343
186,0.11482410121008711,0.43604867933537333,0.06812133655720247,0.013177513938727138,0.3678283689586099
187,0.2243162387880383,0.6531975144491072,0.028600023129607945,0.03749157399270436,0.056394649640542256
188,0.1987521684160134,0.6048080002862105,0.01772938785566836,0.07547676783191443,0.10323367561019325
189,0.07009849285837685,0.8438939672589839,0.02927236358713893,0.03777918667124396,0.018955989624256268
190,0.05964230607238625,0.7963902358112487,0.012393942240242612,0.09789556495207084,0.03367795092405153
191,0.18959428448797858,0.6929182050090935,0.013313562705528506,0.055273257886324687,0.04890068991107468
192,0.04922880418879369,0.879634111014139,0.03312792508349892,0.02227301145780399,0.015736148255764266
193,0.23262602280011557,0.5089126607939115,0.03823637062566221,0.1306981335366946,0.08952681224361603
194,0.09052129314229879,0.7738652839866079,0.016650941948277598,0.07665772773530215,0.04230475318751339
195,0.20057041750256707,0.7159074987190314,0.016279148984112753,0.04726127284232701,0.019981661951962004
196,0.11904936191775667,0.7530693650643409,0.027620219487634923,0.04926062482103805,0.05100042870922943
197,0.1982356997211275,0.6785490059891707,0.05993914696175914,0.028313446209829826,0.03496270111811292
198,0.04185353975257923,0.7955698374658269,0.1266988047802794,0.011307388941103173,0.024570429060211257
199,0.06556827501672827,0.8413000021241714,0.05084217111018496,0.015484237899620437,0.026805313849294868
200,0.09148825102128279,0.7610670153414894,0.06328200725850404,0.021965089435208317,0.06219763694351567
201,0.030247355952575904,0.7985030501754942,0.1476575060384906,0.009928902794492659,0.013663185038946623
202,0.17212318360318699,0.7636574359979517,0.015391381807644341,0.015933095349727623,0.03289490324148933
203,0.041894064909073575,0.9059707937843303,0.01872999915718501,0.013676771530053481,0.01972837061935773
204,0.10304938481262159,0.7656433330608329,0.06922335012099626,0.02652873544331067,0.03555519656223868
205,0.03160845161589342,0.8272255243850632,0.11473754068218936,0.00737530283561111,0.019053180481242885
206,0.09128402007087169,0.7346844761546802,0.0894115509859585,0.06576333721536648,0.018856615573123115
207,0.10908172338014528,0.512297523438798,0.05991667637272063,0.17528288606120304,0.14342119074713303
208,0.06953653411621034,0.422717004670711,0.027849089930924865,0.31863587493724005,0.16126149634491377
209,0.09935626546076608,0.3914580689015734,0.021753385339413487,0.38469255368979854,0.10273972660844857
210,0.25710607146803227,0.3372505772621843,0.004183467060176004,0.3601849022607043,0.041274981948903014
211,0.02762170521777814,0.059995261616973036,0.001236665629052777,0.04736849734960526,0.8637778701865907
212,0.32541791232427664,0.10711786388997938,0.0005458928202996263,0.4497091872865672,0.11720914367887716
213,0.06843033268317762,0.08250912795703637,5.8568240725311117e-05,0.8190693436213716,0.029932627497689192
214,0.04011239400829129,0.055101415055805625,3.2309681050812864e-05,0.8884068798610802,0.016347001393772116
215,0.03182576093808119,0.05896474309319111,3.257329288060382e-05,0.891401770380085,0.01777515229576221
216,0.039008854983459136,0.09473733960228638,7.366419378208069e-05,0.8057199322782862,0.06046020894218618
217,0.041123467829770825,0.08200981393013876,3.3941230224821596e-06,0.8326532575499324,0.04421006656713551
218,0.09742659726489852,0.2713581485406379,1.2165522762546035e-05,0.505498684251331,0.12570440442036995
219,0.0966434517554377,0.47625375832031447,2.4071324019138164e-05,0.3780007924949873,0.049077926105241323
220,0.13447161211063755,0.3094573753068153,3.087685099669703e-05,0.13633767735107005,0.4197024583804803
221,0.12530979106002135,0.16007545875377885,0.0001322262969076039,0.03130344331440882,0.6831790805748833
222,0.08797024735329524,0.07059823441632251,4.058167931818534e-05,0.011056034648356467,0.8303349019027076
223,0.024653250744858204,0.013768130491677646,4.9569501023209796e-11,0.001537179903287393,0.9600414388106073
224,0.004567809532233668,0.010034105148227912,0.00014191482807549978,0.002345842890294584,0.9829103276011684
225,0.009156236719499911,0.03114655861976664,0.0001757781887278077,0.003365678021754226,0.9561557484502513
226,0.013876366991863318,0.031015739581562785,0.0002150678228581731,0.00505436010616929,0.9498384654975464
227,0.005783631270227577,0.021501776961951803,0.00016470673399398403,0.0014836031197127527,0.9710662819141139
228,0.00235956904311541,0.017976332984530552,0.00010923679550070895,0.0009008715800291995,0.9786539895968241
229,0.0016742075310572759,0.009349695308279319,7.366502602997456e-05,0.0006565481525837632,0.9882458839820496
230,0.002347581144203349,0.011176058878841601,0.00014474970819627084,0.0008104863838112183,0.9855211238849476
231,0.0053345740063106845,0.0006873762667269642,0.00017624451643856524,0.00048136662339610004,0.9933204385871278
232,0.071740597231766,0.025956811672536727,1.1532947958467723e-08,0.002011679855020558,0.9002908997077288
233,0.0038211519410692478,0.0020137142884836686,8.481748615877258e-05,0.00012778019799097239,0.9939525360862974
234,0.015317829556837801,0.001640307197637607,9.86855370826459e-05,0.00043816310003368895,0.9825050146084081
235,0.0028173100633266455,0.0011203668248297152,3.149123385061617e-05,0.00041715399170517785,0.9956136778862877
236,0.002145609346536132,0.0014333354250060102,7.36505687112005e-05,0.000293376627222611,0.996054028032524
237,0.006360191825498036,0.0036645722445479228,0.00040251558767604925,0.002143042160366346,0.9874296781819115
238,0.010620757685824041,0.012902745682417876,0.0010285309582657204,0.0014418308711825335,0.9740061348023098
239,0.029220337958046,0.02633933210954307,0.0008842014028163409,0.005748559428549762,0.9378075691010448
240,0.016240204714028917,0.05283693740755842,0.007931621979617675,0.0036503525994031356,0.9193408832993918
241,0.01144475070517927,0.014337482545884782,0.0028932277747236814,0.0015994091481769362,0.9697251298260353
242,0.008758074882724395,0.010495891048449273,0.0011450051325406264,0.0013181237525775166,0.9782829051837082
243,0.006101856971004897,0.009086224906904798,0.0018562430766091067,0.0008613900479217153,0.9820942849975595
244,0.009553807633879873,0.10390734920282589,0.008417843325278937,0.0011987755644412988,0.8769222242735739
245,0.01230707241255594,0.1646394825513105,0.009148831597569218,0.0010433493145525312,0.8128612641240117
246,0.001862083019921511,0.008017739276099589,0.0013235616215136175,0.0014866103381259192,0.9873100057443392
247,0.012928275439931188,0.013007877272395404,0.004873157572039682,0.0007699111069059972,0.9684207786087277
248,0.001917144126290225,0.0015803922044522994,0.001026562986679265,0.00011837462518103612,0.9953575260573972
249,0.01353749280395524,0.005622317851973969,0.0006149425570805055,0.001077790008949109,0.9791474567780413
250,0.0029372864975707306,0.0031569935199803594,0.00046407604302825143,0.0007445847486580519,0.9926970591907626
251,0.014969939274780488,0.004515133003820771,0.0008164724583682614,0.0021875536660078535,0.9775109015970227
252,0.11263284501086017,0.046379379760066994,0.0027954591218065728,0.01689973660040782,0.8212925795068585
253,0.026221072108739706,0.010466725621942292,0.00044907500696157406,0.007644008126770217,0.9552191191355862
254,0.011353512131735497,0.008004186186368997,0.00021048226971321304,0.0068768780694514345,0.9735549413427309
255,0.08632794724843981,0.018984060460766027,9.398720950747442e-05,0.07907555110990788,0.8155184539713788
256,0.058554789459177456,0.005304774748850737,3.811773902423174e-05,0.06997632856882972,0.8661259894841178
257,0.28229217606440965,0.08653985221491817,0.000800563984916523,0.14120075445654856,0.48916665327920705
258,0.221927001616948,0.05062364213772482,0.00015783053915454455,0.24355195397978405,0.48373957172638865
259,0.1714592681236588,0.03881829032681742,0.0003083287470120545,0.06684854480547502,0.7225655679970368
260,0.32393497525632065,0.0748778151431241,0.0005956571849466309,0.08883618455444965,0.511755367861159
261,0.19761658347719102,0.10970821897594565,0.0004340726704645478,0.029327712547573277,0.6629134123288255
262,0.3833294333336129,0.29542295054822626,0.0015101097557892443,0.060778855559275986,0.25895865080309555
263,0.01820039386389426,0.006864316638679915,0.00018676439400888467,0.0034882362748405622,0.9712602888285763
264,0.007124339418599829,0.010878691083944231,0.00031486363982817674,0.0004953677619483403,0.9811867380956795
265,0.08042942325628807,0.02227628627879366,6.244756474356111e-05,0.008815150454757935,0.8884166924454169
266,0.015967503477389396,0.014290536899393694,0.0004016962087685025,0.0028474194314290283,0.9664928439830195
267,0.06133346577743062,0.01637788595642613,0.0003844249445611676,0.00622904035021239,0.9156751829713697
268,0.0494976790439275,0.03035212446282785,0.0005799260411011953,0.008149490121986472,0.911420780330157
269,0.005980450807707084,0.012528311992515433,0.001131976204578923,0.0016562160361185815,0.97870304495908
270,0.040889893934412336,0.02536615489141194,0.0026920551324010112,0.005893995932338962,0.9251579001094357
271,0.12578109510986343,0.16766215924703676,0.00291680879964735,0.025756140766113465,0.677883796077339
272,0.06616996052800644,0.07644614381425037,0.0021720391708479584,0.01676178633772395,0.8384500701491713
273,0.055073350381251183,0.07402523364055616,0.001094008259949319,0.01891068372751652,0.8508967239907268
274,0.03164670538034995,0.019485264633405226,0.00030185749106033876,0.012501710567542063,0.9360644619276425
275,0.16560998096118265,0.11625957825426363,0.0003829494177162935,0.05467501175894789,0.6630724796078894
276,0.09711861127682722,0.10768313960543457,0.0009317918051033969,0.06218849105045142,0.7320779662621835
277,0.34006120149048724,0.09938087747474324,0.0002700514670214234,0.17886163442632372,0.38142623514142443
278,0.11025005872585945,0.04254383146363615,0.00023029398029362884,0.06738481288672751,0.7795910029434834
279,0.13801058820582476,0.05367837996150923,0.000246035537266675,0.05455941008195549,0.7535055862134439
280,0.21341346204800798,0.11646848374895963,0.00025575192527939127,0.11773772748249217,0.5521245747952609
281,0.03262484791929903,0.006726311589830367,3.515301416533835e-05,0.016283260648619995,0.9443304268280853
282,0.01514446811359001,0.0064272895477010894,0.00011508856948508626,0.014079921525299695,0.9642332322439241
283,0.18519289203449946,0.04831154411357886,0.0002811171439121993,0.035265554166546614,0.7309488925414628
284,0.032375333820887295,0.006972711501088863,0.00012643755579835224,0.024973012221471354,0.9355525049007543
285,0.09034053830551327,0.023438985863331836,0.000710275488512036,0.01786973800382637,0.8676404623388165
286,0.30657383056794524,0.16747092854308837,0.001267249352480667,0.03971145560725206,0.4849765359292335
287,0.22657441054748959,0.419596193058927,0.009064913410856629,0.06414484117298216,0.28061964180974475
288,0.2818740942599468,0.3773490542283785,0.006264499679050169,0.11366078756629569,0.2208515642663289
289,0.32267833737117874,0.35772026750441316,0.0015804190338581242,0.11783149994223649,0.2001894761483135
290,0.15126866361212163,0.7659542731937006,0.01246290939581485,0.04246533151956357,0.027848822278799378
291,0.35223158112025676,0.5024597002831421,0.003820719921024955,0.048227670879664744,0.09326032779591126
292,0.27406592347526354,0.5630912482319949,0.018658846535919826,0.04355763973838935,0.1006263420184324
293,0.40655070544984234,0.30143770610542714,0.01667474595592869,0.13149557797853434,0.1438412645102675
294,0.4558897485889138,0.14984958187185335,0.009468505630222113,0.0734881176339017,0.3113040462751089
295,0.2810853600478705,0.1514148610066399,0.00818832099325521,0.05985340881128548,0.49945804914094893
296,0.4843988609562394,0.26033754854679697,0.011619160467055259,0.041787194938114385,0.20185723509179399
297,0.24896918743820967,0.35347588202321645,0.020108169597951503,0.07338497022295198,0.3040617907176705
298,0.3908977200214992,0.2162578970003528,0.008634203983251194,0.07639277508006252,0.30781740391483436
299,0.40009049291524945,0.19991266369640004,0.006557805538730221,0.08400519461561909,0.30943384323400125
300,0.16400408736491728,0.08506668337720291,0.0017655081327078341,0.037485605145691506,0.7116781159794804
301,0.4318870972865267,0.14313578346487682,0.005777579273234023,0.022373465377986828,0.3968260745973756
302,0.09918620786886143,0.1047097836914344,0.0014850859117458957,0.0027333823739214163,0.7918855401540369
303,0.07160952850686259,0.06332935717713999,0.00142191220832168,0.006055754363294236,0.8575834477443816
304,0.07887657895261578,0.03676492748773375,0.0006945200899695366,0.0018554887792289441,0.8818084846904519
305,0.03243968711697861,0.028894710802500532,0.001010102943540091,0.0005805021362470404,0.9370749970007337
306,0.01723498661695761,0.0057070169921327055,0.00112013518414347,0.0008801009953071035,0.9750577602114592
307,0.06789093390323464,0.01661959250846669,0.00023717446295105747,0.0009172004761259377,0.9143350986492218
308,0.10453260846132649,0.04161275305305777,0.0009827758803412515,0.0022176952189157336,0.8506541673863587
309,0.3297550577629318,0.15858928756180954,0.002649361777306911,0.013700241456680964,0.4953060514412708
310,0.13791280937070147,0.32929885626989486,0.010794629966055255,0.007215537431019841,0.5147781669623287
311,0.39190430192421544,0.45367698724315186,0.0023456361609044134,0.030952099559462983,0.12112097511226537
312,0.3838085820046895,0.4738040836382119,0.004574770971169797,0.03986801812377856,0.09794454526215027
313,0.23878340861987585,0.6299518948165158,0.00614088071794691,0.0849109216616508,0.040212894184010584
314,0.15571396982181318,0.709983993626901,0.02663265743768573,0.07238021189571014,0.03528916721788981
315,0.18541434770893483,0.6742233032942133,0.01740320334802642,0.08906781892631359,0.033891326722511765
316,0.1712350449161547,0.7060216092105291,0.017250493709109298,0.08586540042562699,0.019627451738579823
317,0.08060556920391514,0.7758840905223404,0.02418213195937742,0.07615504683820519,0.04317316147616173
318,0.06022799305609395,0.7181601938050164,0.1453332649653151,0.052817604077133304,0.02346094409644131
319,0.023809139011110352,0.7840964559404696,0.1098863883728766,0.06530672239316286,0.016901294282380568
320,0.09042580282070455,0.6948129819860591,0.01896165967905307,0.14824263725093428,0.04755691826324898
321,0.05275810650553359,0.6983457435008771,0.034291767536397164,0.1947315477673882,0.019872834689803925
322,0.10198626419070765,0.5861148576032483,0.0218374583513837,0.2684080218583366,0.021653397996323674
323,0.0610911545697475,0.5759898295737591,0.04110787366703114,0.30593985194928375,0.015871290240178453
324,0.11934470556264531,0.4203649081878972,0.01390679258956501,0.42265497710232636,0.023728616557566314
325,0.1972578166970107,0.36493796797504563,0.016215664509616305,0.400948720772282,0.020639830046045398
326,0.06507162263001746,0.5518243554358864,0.021807515869277278,0.3470685743960373,0.01422793166878158
327,0.1357167710789628,0.49856533814761567,0.010128870316788666,0.3294132632323038,0.02617575722432924
328,0.1256497120669839,0.6844175952808658,0.01030857871010122,0.17011008521216847,0.009514028729880603
329,0.14673930675287822,0.6764132563490843,0.03812148156216847,0.11780691239822724,0.020919042937641637
330,0.15755482163688395,0.6345499149306018,0.10246557589073495,0.08385520575351663,0.021574481788262732
331,0.11094690464501901,0.7829728828199225,0.05732015465251973,0.0367930958316443,0.011966962050894628
332,0.14098705232630301,0.7387539453772523,0.030172608630728535,0.06145658728621133,0.028629806379504713
333,0.07062737478497458,0.786450082433248,0.07739336058292696,0.04988126009351205,0.015647922105338437
334,0.05079241627996103,0.7920009326639953,0.11084866574991499,0.034953204437271686,0.011404780868857054
335,0.058887700021454985,0.805402061564085,0.026722295669468456,0.09161520152075617,0.01737274122423541
336,0.07724620515920097,0.7829077524109873,0.07439609732500792,0.049088184053250584,0.016361761051553195
337,0.0671147944008203,0.7965596901634265,0.03457289694085798,0.07233909944534776,0.029413519049547372
338,0.1496341515409066,0.599845791851561,0.08136233691013313,0.11184136143613982,0.057316358261259366
339,0.05855800467517456,0.22025349399971758,0.0738073235067407,0.02111986630172105,0.626261311516646
340,0.23420931930133693,0.48180942457111103,0.07057193845934309,0.09053801929623553,0.12287129837197334
341,0.0797048494753987,0.7787022702927406,0.04067635415102056,0.05978302736448415,0.04113349871635583
342,0.16167953852449748,0.5030453528618689,0.04884037223056517,0.13658353822010164,0.14985119816296677
343,0.07970053664918748,0.1257563526151446,0.0115889064648047,0.03962645289321715,0.7433277513776462
344,0.037267860691677514,0.03527319580357826,0.00912534535510398,0.01745684934734268,0.9008767488022975
345,0.20230851835778113,0.06832111492659028,0.004726152950742072,0.061929511591596514,0.66271470217329
346,0.3957700816560005,0.09230193545571139,0.008614192300614937,0.06128053139906826,0.44203325918860503
347,0.167979046519462,0.22475418340491102,0.01010965848698179,0.040000804732352624,0.5571563068562926
348,0.13633883438895109,0.5304907052907387,0.0217587858360742,0.09987303116475126,0.21153864331948485
349,0.23559558568601804,0.3107274720196653,0.027172963442609673,0.06269263204802174,0.3638113468036852
350,0.1312478067290251,0.17790793601299365,0.055605945373014165,0.12468975111959116,0.5105485607653758
351,0.31585881126509363,0.42767676624288786,0.05804136684852003,0.08321600503136833,0.11520705061212995
352,0.1971215377499779,0.4135900009454148,0.10936986081408905,0.14940598292676782,0.1305126175637503
353,0.36121851019246737,0.40520742555226513,0.04278338213539741,0.11299715164392327,0.07779353047594699
354,0.17945197098834972,0.5887153546779396,0.11775878233376537,0.0472246655614115,0.06684922643853365
355,0.22432561076812602,0.4464824073444469,0.11806019103180183,0.0994000132144,0.11173177764122516
356,0.1404725898447901,0.6191272594834293,0.15460297640668888,0.04278906597230309,0.043008108292788644
357,0.22113469949481934,0.5784072887215572,0.1330261953074631,0.043973818435662095,0.023457998040498307
358,0.055273361936011824,0.5573072012640726,0.3249572840002543,0.03489187896154098,0.027570273838120208
359,0.01776671769622534,0.4205005182418892,0.5249354312940232,0.022956116054168217,0.01384121671369407
360,0.09196741101940435,0.6344473799912547,0.18809110897972767,0.050604090862284117,0.034890009147329294
361,0.09955584244469617,0.5141104284127024,0.2738406616922088,0.05410796391195223,0.05838510353844047
362,0.08819801929976069,0.5452149967744782,0.32055093783123284,0.014306744036027148,0.03172930205850117
363,0.060154873186044046,0.5601722491512343,0.34943858437078534,0.010010961874797785,0.020223331417138432
364,0.07680854770202664,0.4780194727004403,0.4003170079510356,0.011638606307772564,0.03321636533872479
365,0.1061956091358164,0.5489494083641546,0.2472908435037452,0.04257420581910848,0.05498993317717525
366,0.13598454356203102,0.49334558551886104,0.3232377217520406,0.01699714908869419,0.030435000078373266
367,0.2144736487223619,0.5890516014930515,0.14219113018045446,0.01695609024110471,0.03732752936302739
368,0.029332029266932767,0.7034104924360141,0.2520544809408096,0.004144080047507027,0.011058917308736736
369,0.04136632137294132,0.6005227410833407,0.3403607363311867,0.005848677159608958,0.011901524052922264
370,0.025309404196714284,0.5968560438745122,0.3545745302744797,0.006566303046235769,0.01669371860805822
371,0.038064996233342425,0.6737219877381474,0.2579054285495174,0.009172957461789338,0.021134630017203303
372,0.06249148614121763,0.4432430499973058,0.40556769536020304,0.0371773358769584,0.051520432624315216
373,0.012491110822178606,0.7298245038039822,0.23995983424014758,0.006231485369669105,0.011493065764022457
374,0.06280287758703752,0.870787348229601,0.04042847081908527,0.0077765080269560725,0.01820479533732004
375,0.06491051096463751,0.8268291833047888,0.06096599498208768,0.015265201404048969,0.032029109344436764
376,0.10582130193789022,0.6432115761545001,0.21083795299138233,0.013369822736339645,0.02675934617988776
377,0.025830065814773148,0.641837976958433,0.3148154512797028,0.00587801175945718,0.011638494187633932
378,0.013223339803527035,0.45486771336256615,0.5225903151156885,0.0036670898315741365,0.005651541886644152
379,0.058915220263301336,0.4051802686254507,0.40002186978056437,0.10083460213127733,0.03504803919940624
