epoch,N1,N2,N3,R,W
0,0.08371045147816993,0.029726240668280047,6.489056301357072e-08,0.049496938710504194,0.8370663042524829
1,0.19270635750745344,0.045980128934687975,4.7631968439743735e-08,0.029296889403603598,0.7320165765222865
2,0.27121125211254554,0.04844515814359423,5.8462804847590966e-08,0.005527991060976568,0.6748155402200788
3,0.33885156059731303,0.0346281273336765,0.00017166231649813548,0.033488318715900134,0.5928603310366122
4,0.611156321678167,0.14356547458863053,0.0003222291338683924,0.02227413388252488,0.2226818407168091
5,0.5216980535168301,0.15787037998572373,0.00041327677583530016,0.035624042829276836,0.28439424689233406
6,0.09220754004589539,0.4611077400256488,0.009698627587497661,0.07965453253092447,0.35733155981003356
7,0.181530915665514,0.14693456274238564,0.0007919759943960314,0.10496776238360575,0.5657747832140986
8,0.12608000697183172,0.20579891410027581,0.0008667301086737955,0.02598820469982362,0.641266144119395
9,0.1395329285462528,0.49959734142215556,0.001941837384656433,0.025342504125771582,0.33358538852116365
10,0.06859115149995647,0.1406090295435089,0.0012426982121544728,0.008554158616118027,0.7810029621282621
11,0.15566633854334092,0.1684589448904743,0.0004369807596798968,0.008252721824247026,0.6671850139822578
12,0.1795874144532495,0.20188870644369297,0.0003201591499904772,0.005967499324337794,0.6122362206287293
13,0.032176429456225085,0.00381609602193643,4.761645411042336e-05,0.00014746349235902285,0.963812394575369
14,0.13676884766372355,0.124483619123653,0.0007664996608593583,0.0013634850420132778,0.7366175485097508
15,0.09025726076233911,0.11365306123943836,0.0008094685718977212,0.0008124617662438274,0.794467747660081
16,0.618665678803446,0.13534567901567268,0.0006879198606784697,0.004368545400252847,0.2409321769199501
17,0.1109835038773663,0.3977871539515825,0.00214588994315894,0.010686295147941723,0.47839715707995056
18,0.20276312755580062,0.32893469657118796,0.0011578292938958501,0.015100012408796454,0.45204433417031914
19,0.08881876786660044,0.6619086541519782,0.003245255572324359,0.006446554253910975,0.23958076815518595
20,0.05485351584706537,0.5801698871863027,0.004652606628067598,0.01163490694207844,0.348689083396486
21,0.04686264213887503,0.8208726698993618,0.024925905394914395,0.0021876904598531876,0.10515109210699568
22,0.12144625221129648,0.6512352181952111,0.0034992574899037018,0.018289619016738114,0.2055296530868506
23,0.007089214228230145,0.03319779891582067,0.9505001740636997,0.00024888863776259746,0.008963924154486907
24,0.38271376948696256,0.25670092876574624,0.0004095537287144509,0.003906745066366699,0.35626900295221015
25,0.18441107550479136,0.768881366569233,0.0012656174099952575,0.0025275049753428194,0.04291443554063753
26,0.1607897770435832,0.6252872152959781,0.0022474847643616683,0.004822107001321079,0.20685341589475592
27,0.1826661531757951,0.66589989637211,0.0030066682301899276,0.004037720048765276,0.1443895621731396
28,0.09975666028679281,0.8142731874227891,0.0038365162588504843,0.005793962404810825,0.07633967362675671
29,0.13133475651876458,0.7606202141378037,0.004966773489939608,0.007774539922970134,0.0953037159305221
30,0.18909933303229692,0.7494709617405768,0.003040099219311552,0.007316652234236315,0.05107295377357844
31,0.07991474976755383,0.8727856417726397,0.0036695016958767515,0.0064613808484753395,0.03716872591545427
32,0.02722972319983156,0.9510664542347376,0.009800732988003947,0.0030826685420793755,0.008820421035347534
33,0.09023253468086014,0.8681401367301268,0.0019439196071822902,0.011667120138073845,0.028016288843756707
34,0.1396908537815866,0.7223906689962801,0.003799618902715849,0.005123569709192982,0.12899528861022452
35,0.23006890175934297,0.4829532387628714,0.005910451835591851,0.0022080076962459993,0.2788593999459479
36,0.5449109105130355,0.3584967648496552,0.007050894319140242,0.00719043067860002,0.08235099963956913
37,0.4405137149181385,0.49709558770283846,0.01475391915092583,0.0012541011003424892,0.04638267712775478
38,0.3798518137785136,0.545504347073302,0.0041151777487418405,0.002251325148558076,0.06827733625088438
39,0.03834106547830536,0.9336095096201479,0.01333524449485304,0.0028586990667410768,0.011855481339952567
40,0.10268011549109811,0.8104510963276165,0.012582862076101965,0.009640784479472328,0.06464514162571108
41,0.08749438993014595,0.860604723383744,0.007098498809243036,0.006803706039821481,0.037998681837045675
42,0.056335900332942015,0.8364800786754196,0.019150451186662396,0.0014703106060924033,0.08656325919888345
43,0.035489370099599196,0.8533764828802334,0.04510403511403145,0.000340628794406098,0.06568948311172988
44,0.023114615052333285,0.744011728831578,0.0654086104109282,0.0003971498823346243,0.16706789582282594
45,0.10535023727709103,0.2984029028531598,0.01420121734277703,0.0012533697373623895,0.5807922727896098
46,0.004987951740585733,0.021428497216900398,0.004480038461717826,2.4002570933130964e-05,0.9690795100098628
47,0.23587981181350998,0.6607630824134824,0.018774663664743643,0.0006222812791285435,0.08396016082913556
48,0.3662662605423218,0.5591083407400566,0.020508816446571255,0.00042466308361102445,0.05369191918743926
49,0.05011420082311902,0.6591743902001065,0.2064501068305421,0.0001310405159810644,0.08413026163025138
50,0.02685150055873935,0.8747905099767507,0.05243744155907973,0.0005123380489529941,0.0454082098564775
51,0.03578613699428569,0.8452308214155173,0.06816118704457702,0.0009127362279534465,0.04990911831766671
52,0.04337079880115096,0.8048902764143097,0.05966919716965756,0.001269597792660018,0.09080012982222188
53,0.08437953288575056,0.6278861931215217,0.02309444844733067,0.0018948472408965207,0.26274497830450044
54,0.04067751142404946,0.7198516006350901,0.09630130510687679,0.0008801621144165415,0.14228942071956716
55,0.04070998221506517,0.7261334876961639,0.06905162087968982,0.0016557476450776653,0.16244916156400332
56,0.032155475975280075,0.41759315781785555,0.037060811347146276,0.0013042294677598283,0.5118863253919582
57,0.045323952985041834,0.23630887375932297,0.006928545110817445,0.0005901928024683178,0.7108484353423495
58,0.09140499635123993,0.48967341417627985,0.028788245798546077,0.0017133193496855637,0.38842002432424855
59,0.20569443987155986,0.47742964560100387,0.03507373010712978,0.0018456960889976378,0.27995648833130876
60,0.1248484461551274,0.5861585419714898,0.1157611976457518,0.0015116630569079862,0.1717201511707231
61,0.1373320479802759,0.5090742164330677,0.20054473475251575,0.00152719592745034,0.15152180490669037
62,0.10284056654738724,0.3276602108159967,0.20647020364058016,0.0036330198005779663,0.35939599919545795
63,0.041376978950604534,0.39485825223392623,0.47196221371983216,0.0016268858872865112,0.09017566920835056
64,0.14215226035068965,0.5363820086741825,0.10938539563024055,0.0032233355544857172,0.2088569997904016
65,0.10116066674190986,0.6205908110005245,0.11381714014062036,0.006725309367642694,0.15770607274930254
66,0.023752475093593534,0.5232010831609948,0.36059458792885424,0.00353152326691241,0.08892033054964506
67,0.04404757246220252,0.106216703058198,0.0706937178288909,0.0028752610707150636,0.7761667455799934
68,0.04095466474398028,0.22640477274948126,0.02976283051057717,0.0007206204971820633,0.7021571114987792
69,0.032102677702516,0.4833739865608371,0.3733255261936175,0.0004568141216079492,0.1107409954214215
70,0.1871120946013335,0.3273668703861954,0.3042803434624966,0.002025538443641051,0.17921515310633346
71,0.08724848970471157,0.5953026728946328,0.1680501768905176,0.0014146794394127961,0.14798398107072522
72,0.0757194201185989,0.36269929736132867,0.3515569141104185,0.0024605720491386214,0.20756379636051525
73,0.01635035027294908,0.3601595397715644,0.44905258196880077,0.0011327887546382293,0.17330473923204756
74,0.014853597950229972,0.3359798573648211,0.5683722165339672,0.0009870747358962859,0.07980725341508546
75,0.004887722359390498,0.17569798679611787,0.7402939470909671,0.00022421731993244262,0.07889612643359216
76,0.011805009497151272,0.31833920944735794,0.4957833207861212,0.0019552693759299702,0.17211719089343974
77,0.006998280339907961,0.13272792235863562,0.7327889189675237,0.0008303734071733384,0.12665450492675928
78,0.0025943885891113096,0.047000310665777964,0.48205022335871434,0.0004366236026722899,0.46791845378372404
79,0.004720270944599876,0.06542479997869392,0.1803091306029659,9.085775064809513e-05,0.7494549407230922
80,0.008584031848786885,0.05804856905674163,0.831401217405819,0.00013448415228205985,0.10183169753637047
81,0.004975882187222417,0.07166977053621094,0.8380670571730517,0.00018653607405711616,0.08510075402945792
82,0.00647539997245706,0.0934465895192139,0.8036709878028507,0.0007045861716752268,0.09570243653380318
83,0.01084467874006401,0.15924801624246768,0.6102926198255324,0.003021280025616849,0.21659340516631906
84,0.005208926658978148,0.14093376957331274,0.724178641044332,0.0011462711725749833,0.1285323915508021
85,0.023399505903163816,0.1913784740653985,0.6075523225533994,0.0018791204268391098,0.17579057705119902
86,0.011932705539769956,0.13212567838502917,0.7434894657207799,0.0008207153207384683,0.11163143503368246
87,0.0217867360744991,0.3226841568169294,0.446828585816159,0.0008867583764472254,0.20781376291596543
88,0.01814986173902309,0.23290781253404955,0.5947353258348498,0.0006308184971580579,0.15357618139491955
89,0.029597988664732688,0.08077733558033218,0.4151486947917174,0.00152792758525441,0.47294805337796336
90,0.005535560522566059,0.03717839112415061,0.015953221109867535,0.0003031304324928126,0.941029696810923
91,0.03309262513235814,0.18536621172538018,0.5604553150694066,0.0016377129193992672,0.2194481351534558
92,0.05038955739338815,0.25126828318343114,0.6225173106323892,0.0009220945710293773,0.07490275421976211
93,0.036176782168026826,0.14232102312699915,0.585104447886741,0.0007460808897418546,0.235651665928491
94,0.0072242585143497285,0.16019193862222486,0.7977251580630389,0.0004932409130794069,0.03436540388730725
95,0.009033700812841166,0.1707257973155412,0.7846483834764661,0.0004781856369380601,0.03511393275821336
96,0.0046175473610300015,0.13029806992547732,0.7908314703901593,0.0006337284220691772,0.07361918390126417
97,0.011360771569970642,0.1899832750047659,0.7253347008512917,0.00206852386494797,0.0712527287090238
98,0.013915068986946734,0.16090032262620016,0.4286950208248028,0.0016423160708460103,0.39484727149120424
99,0.012369754585096322,0.18115178629563186,0.6671364389976749,0.0006261557107813471,0.1387158644108155
100,0.02394930418676556,0.13016738439689735,0.3936302349140011,0.0031409856626157836,0.44911209083972037
101,0.09156173118322396,0.07599028909723214,0.2066637323281686,0.001026613472125515,0.6247576339192498
102,0.009280417444051343,0.17453746320521624,0.7896885646020356,9.245124131596333e-05,0.026401103507380754
103,0.044881743204759024,0.38396090548838113,0.5543495548938975,0.00010704620756145005,0.01670075020540079
104,0.16347181108535364,0.53106244159509,0.2172350693214547,0.0006908571712404091,0.08753982082686129
105,0.0021135121727555556,0.23694483948552988,0.7515996679659641,0.0005363876963107818,0.008805592679439625
106,0.008730033994843331,0.283860768509432,0.6786550301925182,0.0011908969194132971,0.027563270383793345
107,0.023257256678450366,0.40259710836213947,0.5122093306412997,0.001890690141087541,0.0600456141770229
108,0.020667046058008877,0.4341715054478268,0.48076328071033364,0.0023448465214383533,0.06205332126239228
109,0.04228124390841029,0.37316042904511115,0.4082261145217737,0.003988101978169133,0.17234411054653584
110,0.045574507348107654,0.504850444421305,0.26730008676626654,0.004824428151702727,0.17745053331261817
111,0.027332643049313366,0.09504534116589058,0.01795063924649859,0.0033701243783801596,0.8563012521599173
112,0.05307977355893194,0.0682635452619301,0.02143783099522013,0.0020879034172152093,0.8551309467667025
113,0.2822223886202967,0.14723521349127255,0.42194481408563894,0.00404992978472767,0.14454765401806402
114,0.044669772771937455,0.26162011257274614,0.3956038850035963,0.0035920100900748934,0.29451421956164514
115,0.10470847097331736,0.2174394931834036,0.5872883759186679,0.003792562817972741,0.08677109710663838
116,0.023626377088191142,0.1690902140931572,0.7459229221228788,0.0018654977629437677,0.05949498893282913
117,0.005911792633950181,0.15674459963168033,0.619155749862226,0.0015552148212816931,0.21663264305086177
118,0.020710430182484082,0.27341371093239475,0.5409667775091082,0.007119526303411897,0.15778955507260126
119,0.008780108495849655,0.34580119042675006,0.5647613381291051,0.004348337883597882,0.07630902506469736
120,0.009817195784662955,0.374997599878003,0.547533106761858,0.004441213732202334,0.06321088384327368
121,0.007050093098849753,0.25440100792126025,0.6859128718652622,0.0015510408279656275,0.05108498628666224
122,0.009521265401600802,0.05055044909907167,0.08299075613945292,0.005290023707669845,0.8516475056522048
123,0.03718154866135533,0.10960909450258267,0.022961073755294815,0.0017647338260843076,0.8284835492546829
124,0.09227061811207443,0.39125723400360524,0.3582444082826073,0.008873257861997254,0.14935448173971597
125,0.1820018627906805,0.3066580865449438,0.09569631850735895,0.006295303144134678,0.409348429012882
126,0.12639838911803006,0.3634501393599494,0.08699623034916759,0.008358298639185146,0.41479694253366783
127,0.0057794688931193505,0.1536678522509576,0.7629251625117002,0.0016548677641353977,0.07597264858008737
128,0.010471554524580758,0.20780781552131097,0.7047983167382916,0.001588839372805576,0.07533347384301116
129,0.018197010315634806,0.16342807801434228,0.6987296057717102,0.004078677389853353,0.11556662850845942
130,0.00789626290339493,0.10875951014365823,0.8051133661250505,0.0014902861691362859,0.07674057465876007
131,0.01645634565914378,0.1773187788306838,0.7498260257802692,0.00736370882346252,0.049035140906440795
132,0.007927873388587628,0.14607824345163511,0.7134641166857999,0.0058939279677288495,0.12663583850624857
133,0.014858756038149653,0.16875577695140842,0.6689065582239745,0.008672051984718989,0.13880685680174837
134,0.08667821273851828,0.3617971421549835,0.049222397149574035,0.0036705593901041112,0.49863168856681994
135,0.040619258288922974,0.2743437558283042,0.5948431058770502,0.0011278590236429465,0.08906602098207958
136,0.0963796729121102,0.4993364403331135,0.21318748646738792,0.008022732081733288,0.18307366820565493
137,0.1339025489388966,0.25535419029253,0.25937212823635003,0.0073357960736069846,0.34403533645861634
138,0.028942217658092153,0.36116715043606834,0.5402915251927866,0.009721791124641728,0.059877315588411154
139,0.011751363645121925,0.17642882806611973,0.7508468196357034,0.005500036953389208,0.05547295169966588
140,0.04168352024383773,0.2690339942342057,0.6178345350684025,0.011559283275513211,0.059888667178040915
141,0.029322495975909444,0.16957392385063214,0.7294305318468481,0.008673315581956767,0.06299973274465338
142,0.014587626344066075,0.2702969768883966,0.6781286289210101,0.0054403062278914035,0.031546461618635765
143,0.02761194808411269,0.1734861010729083,0.762948724838112,0.003009323879672096,0.032943902125194886
144,0.02541686029275529,0.07303128629214213,0.6692670723186204,0.004312439850576382,0.22797234124590585
145,0.040517722857168516,0.08069809986430201,0.2194276255031118,0.0037302784148092387,0.6556262733606084
146,0.06333557547041867,0.1451214578330311,0.7283204589399979,0.006136523345989629,0.057085984410562646
147,0.024656905693333602,0.2812819371953427,0.6538618704336302,0.0031328700843024177,0.03706641659339109
148,0.08506497611264635,0.567133200571872,0.19234653611206284,0.01707871736135974,0.13837656984205907
149,0.030698113063303414,0.19891062188936037,0.7100132349879056,0.008671741871315378,0.051706288188115276
150,0.013745114775778082,0.10194100835280516,0.8203161180756128,0.006193601804302249,0.057804156991501765
151,0.020574866479727356,0.12856115944507124,0.8013763787385153,0.0059993606110661235,0.043488234725619815
152,0.03446991523617414,0.2705272216268587,0.5748475676368564,0.01020155185769801,0.10995374364241281
153,0.029859920555518536,0.25100825747307925,0.5211062930931413,0.03935457870593471,0.1586709501723262
154,0.019584522215369365,0.20471344146233422,0.6009398137362547,0.039952256203646376,0.13480996638239545
155,0.033882311364758916,0.07970937185518591,0.6546609529929482,0.008631383611129952,0.22311598017597703
156,0.01963444222199976,0.18057538362254935,0.44938062633489334,0.005932693044952638,0.3444768547756048
157,0.017430506770245015,0.08767323072985209,0.8643393850482104,0.004241690805588917,0.026315186646103505
158,0.04160892125325849,0.28439089420952385,0.5823900296955458,0.02032232668496809,0.07128782815670384
159,0.04415400237999809,0.11834193555159592,0.7197641200146283,0.0067384812146789805,0.1110014608390986
160,0.0061483443444616806,0.1651855206307461,0.7989555458529481,0.003319556111265803,0.026391033060578488
161,0.014779453516962927,0.19503468195340604,0.7121280266050442,0.013373845924548244,0.06468399200003842
162,0.021810211290025434,0.11466334747061868,0.8118278272831877,0.007579587789603934,0.04411902616656427
163,0.010595712819202043,0.19005886467186187,0.7508776996691977,0.01506855022030634,0.03339917261943222
164,0.04379664552037127,0.14221605848947175,0.7595721537686226,0.022574865475938816,0.03184027674559552
165,0.021715621001580476,0.17763233709224568,0.6144417506549049,0.05109842559226468,0.1351118656590042
166,0.00578416184326106,0.09455267611037577,0.7097976663582818,0.003985198225815512,0.1858802974622657
167,0.10199729350438042,0.3855749404992523,0.06191895235015042,0.007353448526029552,0.44315536512018744
168,0.06261131135350435,0.25901884521038726,0.6289353582399697,0.004141702141158892,0.045292783054979795
169,0.10275149801783724,0.5792005507097504,0.16608961373009676,0.01384934316301489,0.1381089943793006
170,0.04562724689972327,0.24076331985305482,0.5528980460706108,0.010392053997304272,0.15031933317930693
171,0.006809910031527809,0.21177313270286438,0.6589079213369526,0.006022424775760508,0.1164866111528946
172,0.005676925678227299,0.1886733957810312,0.7614191758695495,0.001082421217456647,0.04314808145373514
173,0.01682102468909876,0.17001392671301035,0.7441253269632895,0.004403281875422452,0.06463643975917904
174,0.007356754720503748,0.23983407181653582,0.6637976605715659,0.0031304237549287833,0.08588108913646568
175,0.009216969443780957,0.23468133066016839,0.6919755416465763,0.014129025869029477,0.04999713238044481
176,0.01176819075005808,0.20732401973607797,0.7287001123173901,0.0067608631812534304,0.04544681401522051
177,0.026636096393533905,0.13398692660003775,0.715634283765008,0.012589166189391833,0.11115352705202862
178,0.06564695126566543,0.12627140048016544,0.19645088639959538,0.0077995848156703585,0.6038311770389034
179,0.027466325328322303,0.19054319321280003,0.7284763946141013,0.007199326836480151,0.04631476000829621
180,0.031334278820616124,0.20192510715379744,0.6856941157926205,0.011922155329744053,0.06912434290322178
181,0.09611356702897073,0.44998309556465815,0.3598000687559328,0.01950695674050242,0.07459631190993585
182,0.025971948743340727,0.1671650237387061,0.7774198712545178,0.010065717859609205,0.019377438403826178
183,0.023696581997017303,0.28978968999785054,0.6136572598005213,0.03512221470791301,0.03773425349669784
184,0.022761224178728594,0.21015642142961105,0.7104442609886661,0.01810518463029796,0.03853290877269624
185,0.029211665267819497,0.3727877351944535,0.5234502328954816,0.02772055009058412,0.04682981655166123
186,0.014125176079938637,0.19458543245776033,0.7349097594831604,0.022944395665606805,0.0334352363135338
187,0.014839124474983905,0.17704054598981953,0.7622812304474235,0.014580980365471835,0.03125811872230129
188,0.02300707161015235,0.24616952609735238,0.5349444566422755,0.13963161668276303,0.05624732896745666
189,0.024199833167408712,0.07532212138271059,0.8852809150460585,0.006360253872275709,0.008836876531546484
190,0.010392864567403364,0.06956890644015593,0.8959016302633934,0.014701453797209213,0.009435144931838134
191,0.016164085057278708,0.1878241604182181,0.7748000954847504,0.014876943937473006,0.0063347151022798125
192,0.016873659201479436,0.17377583539583036,0.7392258593115582,0.04493988140233255,0.02518476468879952
193,0.051514445329632085,0.34251172723659895,0.401623500393057,0.024671270572613993,0.179679056468098
194,0.07544163392509477,0.5299806277480847,0.2775279974257094,0.05898198733687887,0.05806775356423218
195,0.06841600181755812,0.5914874035267201,0.32723013566901,0.0018345219113671944,0.011031937075344556
196,0.06962508287363639,0.6414005834920427,0.2754522880184952,0.004706306650121717,0.008815738965704182
197,0.019857512097225635,0.7992260891403782,0.1674962318633945,0.008926058360963872,0.004494108538037888
198,0.009947959575417362,0.6250215534335177,0.3562997599409763,0.005008625046567796,0.0037221020035208274
199,0.03555442457997991,0.7960318493923245,0.12203035400360572,0.026765242164891838,0.01961812985919807
200,0.2930059109625305,0.45021305535764217,0.0023574095492113283,0.0018007822778688687,0.2526228418527471
201,0.20826377615902383,0.6553457210164917,0.1302829292299665,0.0007328768953078136,0.005374696699210091
202,0.29884510923805635,0.6673431882017328,0.028608854726784927,0.0010737601597304888,0.004129087673695432
203,0.2961718897521347,0.647209528792675,0.02729144433558093,0.0014865946383265504,0.027840542481282683
204,0.045609841627834116,0.8037112672048736,0.09739929917706941,0.044734947872236155,0.008544644117986848
205,0.05204114673023199,0.8106351576291231,0.06593045126619633,0.05976491668075371,0.011628327693694903
206,0.0692808668286565,0.7347175576325129,0.06388245722125183,0.1206386599353845,0.011480458382194417
207,0.0461576235346939,0.7811785103537311,0.10472350523161088,0.05197806722944791,0.01596229365051625
208,0.05026409074045882,0.7888389516095876,0.09937490727113837,0.05475415449325396,0.006767895885561322
209,0.02876378393324107,0.7749713378174498,0.15204333361388747,0.028375110852895263,0.015846433782526485
210,0.064299789125685,0.5028771147092129,0.10842676769463143,0.10450517720659623,0.21989115126387437
211,0.15181491783885917,0.3521527675763895,0.06231902784431415,0.002847395242479625,0.43086589149795773
212,0.1579125794153031,0.7188989822508489,0.11783806206389821,0.0007756750368679172,0.0045747012330818685
213,0.15973129480171838,0.6564750491587761,0.17107412560991234,0.0008549439536672178,0.011864586475926088
214,0.22766174885823065,0.676937119160262,0.08232061902956456,0.0038059512648200744,0.009274561687122717
215,0.023521632374008318,0.8319339124248945,0.12179882772043754,0.01709820292543157,0.005647424555228157
216,0.1437214456458657,0.7500245193913152,0.0154138915951996,0.06998204731799712,0.020858096049622393
217,0.041797982473382955,0.8722458643379877,0.04466957819939573,0.03233125952713849,0.008955315462095142
218,0.013304565864846402,0.8569060616545107,0.10646452522834504,0.018076877038584575,0.0052479702137133485
219,0.04730149432947237,0.8089677759532383,0.08384364023274424,0.05224342798061744,0.007643661503927658
220,0.042513741197705825,0.8360611660034423,0.06389456877734333,0.042144419469178795,0.015386104552329834
221,0.04477426602008994,0.6810703328784058,0.028542359513248215,0.042044844396436486,0.2035681971918196
222,0.10329951286401985,0.3895055019686932,0.034005240060432214,0.008321984486613542,0.46486776062024115
223,0.2163770218815747,0.6851775538901212,0.014958011338242084,0.016756925942651883,0.06673048694741011
224,0.37111756237025023,0.35166015896880715,0.009734152996740835,0.14767978418394628,0.1198083414802556
225,0.17897447699809133,0.5103062821626945,0.011825412383452236,0.21389994837874216,0.08499388007701995
226,0.06793501274701515,0.5622552371942061,0.06289576164226825,0.26895056249680455,0.03796342591970598
227,0.017847048232530294,0.133268671711611,0.018321346114114723,0.8040818267213782,0.02648110722036583
228,0.020227796692651234,0.21610213918162224,0.01547522145513526,0.7358975239613236,0.012297318709267554
229,0.02518032075112579,0.34540847415933845,0.03426797381473795,0.5754396738057126,0.0197035574690852
230,0.026939532749862286,0.14595161375358587,0.01215276950936959,0.7814958391572508,0.0334602448299313
231,0.03787512996795996,0.7487735379826505,0.039886933340806986,0.15401972248249063,0.01944467622609194
232,0.06732983827504661,0.4659403585829262,0.02843663299005521,0.3000936074043701,0.13819956274760187
233,0.09691002846587207,0.28953107173448267,0.007313882541741669,0.015288357906857796,0.5909566593510458
234,0.6426706459790492,0.22593112891118106,0.006561185173816693,0.03608336627097482,0.08875367366497822
235,0.4748027023814812,0.4862503305609514,0.016382911048275637,0.010163918543075084,0.012400137466216786
236,0.43077144991313243,0.5060595724327724,0.01288478713227582,0.017280309630331777,0.033003880891487494
237,0.04510341058229822,0.7444636307611213,0.017512593505284977,0.17324058211816906,0.019679783033126633
238,0.07213767611193586,0.7906318401262322,0.08962557756583252,0.03099629500674437,0.016608611189255114
239,0.16859635682571109,0.5742840577815828,0.02633638572580075,0.21539516503543174,0.01538803463147373
240,0.17479656451710537,0.6254657573598131,0.026843672024917397,0.1404582000168653,0.032435806081298715
241,0.06977375035250626,0.8202852902882182,0.030176020503264896,0.05359255284404905,0.026172386011961535
242,0.01946684020229519,0.8923423543166596,0.03534030288010695,0.01094083928379551,0.041909663317142465
243,0.15602688911301987,0.470263125789337,0.012192056950680395,0.08375807201372534,0.2777598561332375
244,0.16428566034730216,0.24726343041280632,0.000793050898474465,0.06324415819289105,0.5244137001485261
245,0.5662623219366715,0.29862582884125743,0.011959857013699799,0.04382892217656731,0.07932307003180392
246,0.5467343059922815,0.27172569922782586,0.0006965759278396172,0.03610048173544282,0.14474293711661015
247,0.5800728062569035,0.3723916584433885,0.0035661741660303068,0.030586964926530784,0.013382396207146943
248,0.19044542149510424,0.5140950631261142,0.006346905054550343,0.15805106428505003,0.13106154603918108
249,0.10641306062265897,0.744340089580491,0.0021498254927951686,0.13619145736943175,0.010905566934623133
250,0.0431183415328847,0.7529579163220199,0.006928070351836563,0.16242514144013867,0.03457053035312013
251,0.1506221101312491,0.5415846476181219,0.011452330516535667,0.16637354160834716,0.12996737012574627
252,0.18350899039109797,0.468790475970906,0.002629276619408912,0.2969349799366489,0.04813627708193817
253,0.22805978250647896,0.2572552333341282,0.004712678750640566,0.030874144202351243,0.47909816120640114
254,0.38007769023785104,0.34564503492059734,0.001252960023171292,0.05121767240336956,0.22180664241501072
255,0.41251397050474364,0.19980041492834985,0.0003645526428894084,0.028873711813780734,0.3584473501102365
256,0.6662535488064253,0.17244964289567713,0.003776019393134357,0.004557543944809384,0.15296324495995395
257,0.843484030536747,0.1180570191195259,0.0007089011048886167,0.003141860406981319,0.03460818883185727
258,0.6194274837690196,0.368116610957132,0.0015781286622952126,0.0025293405817648704,0.008348436029788334
259,0.09822941490697416,0.7434370366600223,0.022603284865141765,0.10400183836502397,0.03172842520283792
260,0.05484837822836116,0.817022373713405,0.02522907786911177,0.07252690321808226,0.030373266971039876
261,0.03934258156237413,0.8548838891897299,0.016730378545529643,0.07358083039102149,0.01546232031134505
262,0.07466670330299564,0.76406330332491,0.08659434327294488,0.05278945130075377,0.021886198798395554
263,0.18421751866907754,0.5884416751809936,0.040666776454486214,0.1614737768792385,0.02520025281620409
264,0.037480961417843704,0.7395006927663922,0.049142593034685565,0.1678087011240317,0.006067051657046858
265,0.05516373708603643,0.8126104454127694,0.018555331786768253,0.07223861213343953,0.041431873580986496
266,0.6524234463756755,0.17277001028578556,0.0005605970849067494,0.03839556187185145,0.13585038438178085
267,0.4900319009837572,0.47286416700568934,0.02330208905178143,0.003111012378184972,0.01069083058058708
268,0.7016049273274056,0.2789305841142363,0.011745214960093807,0.0022421093417228236,0.005477164256541471
269,0.47017021245262614,0.516078135179617,0.006085990603501715,0.0030347034509863808,0.00463095831326878
270,0.05565096795910935,0.781260507788462,0.03719775297721451,0.11786242632075375,0.008028344954460418
271,0.010890880638979165,0.872447150746274,0.09271330466762456,0.020589344046992777,0.0033593199001293915
272,0.0174310633562478,0.9122643444339249,0.04486419737758094,0.022845960891461837,0.0025944339407846166
273,0.014459061827139715,0.8552042555544361,0.0902746191900289,0.03143923576803627,0.008622827660359036
274,0.048719767533739876,0.8172667469264343,0.050799293652545215,0.07135362446377662,0.011860567423503847
275,0.02182831455868195,0.8709537405171325,0.045987014961961926,0.054134786277198886,0.0070961436850246135
276,0.13924078374025606,0.6390065828726716,0.017465633707217907,0.13979705976630558,0.06448993991354882
277,0.5323497560178434,0.16068854575088956,0.0006053648742094832,0.01364000946076763,0.29271632389629
278,0.5494284892965903,0.42720828710063746,0.008652152477215583,0.0011270948437896188,0.013583976281767144
279,0.5233514655628774,0.4633191491938463,0.006295912447446484,0.001453150247526082,0.005580322548303728
280,0.5099328350713013,0.45938216135387805,0.00852161492390316,0.0033834747108826457,0.01877991394003478
281,0.013549819737632304,0.890533640159096,0.06646644612855714,0.024719759983941846,0.004730333990772654
282,0.014337055595417382,0.8972572184785438,0.05591978018040839,0.015444779335841586,0.017041166409788932
283,0.031052855388592704,0.8700009593944166,0.05694756486726616,0.0333857445116808,0.008612875838043798
284,0.03841744422164946,0.8436737801598057,0.03851993740159729,0.046444624905564065,0.03294421331138371
285,0.060822343207936364,0.8186311421364698,0.07171018846811479,0.0391173181328869,0.009719008054592209
286,0.031218104055357365,0.8594301442222407,0.05442704237711902,0.04426452865205875,0.010660180693224091
287,0.10110848596789694,0.7667754633389084,0.026155716182954186,0.08160474289287559,0.024355591617364874
288,0.5242766198508566,0.3164055587521186,0.0018391645804176366,0.005356985420893931,0.15212167139571314
289,0.1494149229410833,0.7385774086875624,0.10048551242984063,0.0010231049029931594,0.010499051038520476
290,0.3047968222034692,0.6699399484089001,0.016162045832505235,0.002614197984895935,0.006486985570229349
291,0.19775861198734587,0.7712499190057474,0.017023670835215717,0.0018765555734243378,0.012091242598266758
292,0.06723234212689752,0.8598337641516803,0.01826333034436729,0.03496958477947797,0.019700978597576878
293,0.039114868382022466,0.8423880811834863,0.08264895746493087,0.021767273425564195,0.014080819543996394
294,0.07087926836477389,0.8346673637678494,0.047692501838858176,0.023056534555795243,0.02370433147272348
295,0.027326446499983045,0.8878939826149653,0.05786423230234703,0.012585032935916493,0.014330305646788074
296,0.021271401963569882,0.8162261195030972,0.12740230960621762,0.02663999718616049,0.008460171740954628
297,0.05978915140188034,0.7908027780704704,0.05183198252746568,0.0867977576088268,0.010778330391356703
298,0.08512311735432668,0.7071391064682148,0.026660703192771258,0.09880424299039378,0.08227282999429354
299,0.49990815634780444,0.26128186102611795,0.007926251353875393,0.003407043682783024,0.22747668758941922
300,0.5615595036718106,0.41823939680865724,0.010283332291251222,0.0027790235197271466,0.0071387437085537915
301,0.31338710219351107,0.6582715305250758,0.0213871883011056,0.0005446018847242704,0.006409577095583133
302,0.36397299182147896,0.6147100093618897,0.01492411517224851,0.0018418718237946234,0.004551011820588125
303,0.024372382957043554,0.9316489799822055,0.025361962507990235,0.015184851834331915,0.003431822718428831
304,0.023330338314282,0.9074165220937248,0.04101828169250473,0.018484033705308097,0.009750824194180415
305,0.007446181365939767,0.8149256739241241,0.16617777294389288,0.005604668806136526,0.00584570295990669
306,0.016626480790659637,0.9401928994922709,0.02974596726190745,0.007046928683467527,0.0063877237716944675
307,0.017732918760729546,0.9129621408454428,0.04960765773370585,0.016675152585419347,0.0030221300747023576
308,0.019045328611040125,0.8090286269783291,0.12406099113807746,0.03940503308115832,0.008460020191395126
309,0.08891602139775265,0.8538310189482643,0.022457649221974754,0.016014956168964343,0.01878035426304397
310,0.4249856539400671,0.33110423423357555,0.0007490399155288017,0.004619108266991151,0.23854196364383745
311,0.45554469054247104,0.5014641176665021,0.032567047358776594,0.00028804238624220854,0.010136102046007981
312,0.44357460927111697,0.5146048780707339,0.03591005762796764,0.00034893361983111515,0.005561521410350556
313,0.54147051988645,0.43291912742556643,0.011967974308000118,0.0013232391361453792,0.012319139243838213
314,0.020271832259720752,0.8369205938211282,0.12337891158325495,0.01517984773427737,0.004248814601618931
315,0.009915249225315123,0.8167107199908006,0.15221800503351862,0.0134614814928604,0.007694544257505349
316,0.00530107624899066,0.9050279336719639,0.08200829951294225,0.004452080741524812,0.00321060982457826
317,0.02089306966743698,0.8618979971531386,0.08603192328460127,0.02316651622318994,0.008010493671633211
318,0.02119950064059227,0.8773346353482854,0.07242532759796654,0.022386918882670755,0.006653617530485108
319,0.01819267924753681,0.8048124911881145,0.10240595591990523,0.061699712392307544,0.012889161252136091
320,0.10176760442094486,0.5526789495029196,0.036668651068179445,0.18292647620085786,0.1259583188070982
321,0.29723306932214333,0.2445350868494376,0.007583311134684889,0.037639426167174465,0.41300910652655987
322,0.22993532406472753,0.5966024546552557,0.13310912601705938,0.01145504292062261,0.02889805234233474
323,0.27886316860952615,0.5496455559926777,0.031031007832342326,0.04795133286379809,0.09250893470165589
324,0.1631623849028427,0.6812092674934461,0.051271941011185276,0.046394093163019304,0.05796231342950646
325,0.02546438601259333,0.7721182822536862,0.07360906485942453,0.08140204444511738,0.04740622242917863
326,0.06343906921234409,0.7320841894954015,0.035041625898862325,0.11234003636471199,0.05709507902868004
327,0.07048472927746044,0.6883819433135755,0.05689226828573081,0.12979529775711543,0.05444576136611786
328,0.0912316561449054,0.6273123355871799,0.04914504035974629,0.18572456047966973,0.04658640742849871
329,0.06752700733722822,0.6323393947923542,0.03064535325931617,0.2119443914926259,0.05754385311847546
330,0.03400279342771268,0.16044877493662893,0.007382856423701303,0.7880027665617857,0.010162808650171402
331,0.049940646780707365,0.2946618177862807,0.017333250008681245,0.5788672269799936,0.05919705844433714
332,0.09283804927205408,0.3869850829777752,0.005800274527781815,0.31345633913105225,0.20092025409133685
333,0.1566346895835111,0.626571445252811,0.016615086189725008,0.13823934550924863,0.061939433464704256
334,0.3003694599047317,0.4314345812327938,0.005965282111520023,0.2065499838766084,0.05568069287434595
335,0.12767283091348217,0.6324283097943749,0.005476677999615341,0.17712921955737002,0.05729296173515748
336,0.045503595731505975,0.285514550921164,0.008273558081712788,0.6434769550933664,0.017231340172250864
337,0.049386076513820924,0.7674563798941949,0.013752803693895971,0.1483914782899401,0.02101326160814811
338,0.05487256646746739,0.7739805730253009,0.04889446736122763,0.09409135418103852,0.028161038964965662
339,0.08091809956147994,0.5090048624141517,0.02581629087442967,0.34611878676948604,0.03814196038045262
340,0.04360353409765594,0.6398050629442323,0.057266685976762904,0.22765122494636938,0.031673492034979406
341,0.08608981272381894,0.36237366647359653,0.022372631818379583,0.4787404065770143,0.05042348240719061
342,0.06691701042202279,0.6781073889342425,0.03539805669640658,0.15276592259724395,0.06681162135008406
343,0.18593991067489804,0.6114083267086742,0.012901125981552828,0.030547083450175573,0.1592035531846994
344,0.4024394056320781,0.5100255479568244,0.02588478302909909,0.02835420612275535,0.033296057259243055
345,0.32078838052371755,0.593933693564192,0.04476440092602348,0.020559761200661494,0.019953763785405462
346,0.2921461402733952,0.5922191437669521,0.019033938393861628,0.0476994660229771,0.04890131154281407
347,0.022957133360276653,0.7670202958609337,0.06901628098229728,0.11005656634449015,0.03094972345200213
348,0.05958240543348344,0.6686161861559418,0.040826086496789725,0.20922654566140195,0.021748776252383105
349,0.04033208444232554,0.8094083147313144,0.04942160074797928,0.07820163896891487,0.022636361109466038
350,0.03064749112872319,0.7658586495085024,0.08145377935222055,0.09751099631587953,0.024529083694674412
351,0.07698215338356477,0.600055953267003,0.0782251947564475,0.20735474539167603,0.037381953201308764
352,0.03703656438757955,0.715447174727861,0.12968441214889145,0.06860408676073664,0.04922776197493121
353,0.10480775962431647,0.33781320820360133,0.02054636861233485,0.2808621825268439,0.2559704810329034
354,0.2057351750495943,0.16129799822340532,0.002885786347030366,0.114246471022963,0.515834569357007
355,0.48353140718611454,0.3027200871450968,0.007014407874025916,0.08716330817077324,0.11957078962398958
356,0.36318731127040427,0.5488451380646079,0.014922675522341592,0.016037213556935916,0.05700766158571037
357,0.5257269245620917,0.40665209321470913,0.009088463019869592,0.025390050604463754,0.03314246859886598
358,0.05547208399145093,0.525224313436655,0.08584187957341698,0.2765767421214855,0.0568849808769917
359,0.06163684961382617,0.1603100495578379,0.004995077096248621,0.7372504992732108,0.03580752445887649
360,0.03344611022959293,0.31445194634295337,0.020051524396075184,0.6061790925754327,0.025871326455945923
361,0.033789878635861754,0.4172676198088282,0.026754307420796167,0.4948243370294154,0.027363857105098546
362,0.04137488920170277,0.24958587547810532,0.006640845855798228,0.6901039060693482,0.012294483395045462
363,0.03846002554696769,0.2878164337087201,0.013496527163823413,0.6457344118283643,0.014492601752124504
364,0.09956988664212017,0.2725987009871365,0.0052199583530985845,0.5771753018711423,0.045436152146502456
365,0.40323593715881517,0.44174788613762495,0.0008416326621991394,0.06991639598446289,0.0842581480568977
366,0.1447357294082539,0.8220191941116742,0.004890852830228263,0.02011753893541194,0.008236684714431673
367,0.21914218676153147,0.7672414334874746,0.007239485439586359,0.00349303828190374,0.0028838560295037187
368,0.2030055649545564,0.7582114282268775,0.026750203077105305,0.0017274790069491226,0.010305324734511732
369,0.030196613700418047,0.8884251487486164,0.03775887773444208,0.03251009544785743,0.011109264368666105
370,0.012595260342161602,0.8546938101222963,0.07799295607452549,0.04587838431107528,0.008839589149941448
371,0.2001521002925415,0.5397355029041696,0.05046672539126907,0.0851028932898202,0.12454277812219954
372,0.13153732595310277,0.6407687964470075,0.027111865959349172,0.16075123566267793,0.039830775977862665
373,0.06682193219771582,0.7388878176855707,0.049361324040268884,0.12615587669023443,0.01877304938621014
374,0.10806596359619439,0.6780001968042251,0.03297712548926229,0.137895428351501,0.04306128575881728
375,0.10674851328507957,0.4840038411843503,0.012292992364167603,0.2630080383539857,0.13394661481241674
376,0.18672951055701253,0.16387402929372805,0.0015201194341755795,0.15239577772212623,0.4954805629929577
377,0.2752233256454454,0.28543809965804223,0.0067222784684770505,0.3048714709653002,0.12774482526273515
378,0.4455365122871702,0.1520632560772269,0.002136168544177936,0.356854379085911,0.04340968400551388
379,0.43496934774126733,0.2640931377700111,0.0032438822879333694,0.25875085069563347,0.03894278150515481
380,0.01655878772238586,0.02756183446796942,0.0006483207724956281,0.9349341663538868,0.020296890683262358
381,0.025441931682115348,0.09190196029722485,0.004604816713472917,0.8532730839360805,0.024778207371106347
382,0.03638378876958386,0.07799827902958664,0.0025018226885153844,0.8626499937399703,0.020466115772343647
