epoch,N1,N2,N3,R,W
0,0.0020538170518745566,0.00575993885634146,2.969065903700417e-05,0.000930953213966773,0.9912256002187803
1,0.006280898312452274,0.005917946958782273,0.0012727870428961739,0.0009505770987630146,0.9855777905871064
2,0.001508932343056966,0.0018779605845929616,0.00027410843098844774,0.0005759947433562608,0.9957630038980054
3,0.023558997018619635,0.002611327006770816,3.265388223079784e-05,0.0007253216881200884,0.9730717004042586
4,0.014391563597876113,0.0023310147855160855,3.4653879277127774e-05,0.00019227769363121212,0.9830504900436995
5,0.36634636186548414,0.01044839898623037,9.181109700409241e-05,0.001109188925220413,0.622004239126061
6,0.3769235730094627,0.02033748355794235,2.6905782999566325e-05,0.0013393540088766044,0.6013726836407187
7,0.2516520694272497,0.015485403634350857,4.3013743417741215e-05,0.003678521368051195,0.7291409918269305
8,0.14650872301381812,0.021663294355059145,3.528325427054585e-05,0.006834027774988122,0.824958671601864
9,0.3586023451076735,0.024743416971478076,4.5777202448979814e-05,0.01058693296143802,0.6060215277569614
10,0.6272624892559209,0.04217193424110149,7.409615409935975e-05,0.017474222290019888,0.3130172580588584
11,0.7509689941505617,0.060502975844043884,5.6376432352254845e-05,0.025879048735041217,0.16259260483800095
12,0.696302436376798,0.04140067841130665,3.924313010941524e-05,0.01856567045792617,0.24369197162385986
13,0.6198928204408268,0.14785407909103399,0.00018331008125771709,0.06950736125450573,0.16256242913237573
14,0.3130034661943634,0.5382905423250741,0.0006163681471423856,0.0385456564684981,0.10954396686492196
15,0.2902377014618987,0.5956846454190974,0.0002816195080035365,0.04740926272392048,0.06638677088707981
16,0.10664065547574177,0.13856577414269358,0.0008205058776790792,0.00617059692339131,0.7478024675804942
17,0.4871144690595186,0.2610678661671908,0.00018468266919498171,0.04471599441727558,0.20691698768682024
18,0.7972506715675909,0.10968175026254107,0.00016046647363155388,0.03669904981943298,0.0562080618768035
19,0.6507857198381971,0.2697524937700186,0.0007437013774215779,0.05748046637253971,0.021237618641823015
20,0.4271339203078316,0.4853423362231579,0.0005567629495221613,0.06943309369759161,0.01753388682189672
21,0.23321486589786314,0.6487545918059057,0.0010735167636656182,0.09968290254120878,0.017274122991356854
22,0.07512233398665526,0.8269353750507463,0.002616914154076655,0.08104615789220808,0.01427921891631383
23,0.0695624980679901,0.856317810998617,0.004257084118486015,0.05063208138482124,0.01923052543008572
24,0.042267428360388694,0.9049791873307734,0.005543087692453125,0.034844699644241,0.01236559697214381
25,0.04222588416905354,0.9095070570416025,0.010682014047983319,0.022392630342963127,0.015192414398397447
26,0.090914262095223,0.7844891163426917,0.02028375616414677,0.0771878772303612,0.027124988167577205
27,0.027392907424111945,0.9225254882306189,0.031488100455497325,0.008330932738309082,0.010262571151462764
28,0.10086825122340358,0.8556102584216126,0.008817455703284464,0.018135729836312283,0.01656830481538707
29,0.03713960150281476,0.9252490340723205,0.011757813056890264,0.012085224979169636,0.013768326388805052
30,0.04403385080189184,0.91851350243488,0.019480551987780436,0.007708724897975532,0.010263369877472393
31,0.08451700470801433,0.8723223314543217,0.011468201488965931,0.01418758593553365,0.01750487641316449
32,0.03483932656676775,0.9104659078450242,0.036098856385119976,0.008434721652256083,0.01016118755083184
33,0.02431562381535448,0.9410684784018287,0.02493023394632529,0.0034930129938731693,0.0061926508426184005
34,0.028815725995515375,0.901392973539158,0.05738423315324719,0.0007457170782253217,0.011661350233854088
35,0.04807446170659636,0.8686911412941278,0.06600227181089788,0.0007834436758485689,0.01644868151252945
36,0.016371890280357435,0.8676126724375139,0.10234140649176947,0.00046460046869207204,0.013209430321666993
37,0.03002403204366424,0.885704493522461,0.0753470635588001,0.0005789999973596145,0.008345410877715216
38,0.03197663598164556,0.8473484918839941,0.11006497813044287,0.0003827762119373149,0.010227117791980166
39,0.031063146217440576,0.792849406712371,0.1602191750596535,0.000447193757364661,0.015421078253170179
40,0.013863208098720298,0.7021625246354293,0.2722919704245436,0.00018729664925070793,0.01149500019205613
41,0.006274278155650906,0.6269735031339285,0.359406688709188,0.00010167079249992723,0.007243859208732732
42,0.0034908057304778584,0.44494426073543053,0.542590082666666,3.560063197633552e-05,0.008939250235449218
43,0.0036022004468015205,0.46498370490737195,0.5166484042811886,5.561526613440516e-05,0.014710075098503526
44,0.028055895657182115,0.7419539016301486,0.21413474141306485,0.00048520929636056,0.015370252003243963
45,0.007159098529597333,0.5377448612523018,0.44124777412985033,0.0001462009748533394,0.013702065113397081
46,0.007544035543710236,0.31433717196208066,0.6666823152819772,0.0002888744752952737,0.011147602736936707
47,0.009756205534149808,0.6632721254530508,0.30899477619085525,0.0006872260625245305,0.01728966675941968
48,0.016212378068248382,0.7136798419214033,0.24837824904378605,0.00187019076353837,0.01985934020302386
49,0.02038068078411102,0.8336778099726765,0.12149797244617638,0.005629271580163952,0.01881426521687212
50,0.3526720442297845,0.5863019541378796,0.009012016546711884,0.025728280551702294,0.026285704533921893
51,0.4435205800103754,0.5117008962374341,0.0069626747621200176,0.024113692077033604,0.013702156913036773
52,0.13915732145398532,0.8323187737581622,0.013504981017171727,0.005691535046137504,0.009327388724543055
53,0.11233216856511169,0.8663614290819841,0.010403504243174303,0.004734709935948538,0.006168188173781556
54,0.07982678103140985,0.8747303136290013,0.032351732852619434,0.0038494177958704697,0.009241754691098936
55,0.024088897906010976,0.9155726035341359,0.049553261687907316,0.002013986862978845,0.008771250008966796
56,0.02364121417361728,0.8972519434555186,0.06835682878103733,0.0019941078682573165,0.008755905721569382
57,0.02651890307800468,0.8978593604428434,0.0643088702310738,0.0020765846434573224,0.009236281604620566
58,0.02561825440946195,0.9046704523454835,0.05999906238134642,0.001235548550350237,0.008476682313357891
59,0.014910212864687735,0.7834461492793103,0.19006163728732262,0.0014153388631199014,0.010166661705559268
60,0.019976810816776547,0.8879290000083483,0.08071925656391496,0.0016882327269403402,0.009686699884019906
61,0.010883429598514733,0.8036806782159482,0.1737508890542807,0.0006340398324126119,0.011050963298843636
62,0.009455026937062419,0.7872629408709542,0.18910709183578067,0.0006737021390796467,0.013501238217123061
63,0.01549047341808569,0.7704070726956016,0.2032492238613481,0.0007553425647451893,0.010097887460219352
64,0.015427759053095588,0.8059315779313344,0.16407103912720558,0.0010435681290037566,0.013526055759360688
65,0.1923051425593477,0.7100865589890654,0.05455291330162666,0.02806510176994972,0.014990283380010553
66,0.04131141494674594,0.8989311826268886,0.04021184366612696,0.009332830398504658,0.010212728361733639
67,0.05865633714543551,0.8383885866316184,0.060235484701977246,0.02269110644869712,0.020028485072271597
68,0.048111808546344136,0.8866374295307119,0.029899380029077396,0.01948511731237378,0.015866264581492668
69,0.21026730099816743,0.7143639734245486,0.008217814242460524,0.042636802274266306,0.024514109060557166
70,0.28621204269083894,0.5436720866993984,0.0009370228942904517,0.02429216791860442,0.14488667979686784
71,0.31135559239665456,0.6518396641367408,0.0005844627239866526,0.017273838210473503,0.018946442532144402
72,0.29928179080100253,0.6717648476478353,0.0008916853768724042,0.017278487554482917,0.010783188619806839
73,0.3594328298763105,0.4864232135570465,0.001006966648488388,0.12380304342867816,0.029333946489476535
74,0.1317951791646665,0.7647718961435404,0.002131642857888005,0.086632285217925,0.014668996615980028
75,0.1564496350322543,0.5970087356491979,0.0009999680576070929,0.22486616774412313,0.020675493516817703
76,0.23735514974841498,0.4585184338980405,0.0006323643092178558,0.24432341394620163,0.05917063809812521
77,0.16721770751700404,0.7302234888827703,0.002122487674505338,0.08796516616415653,0.012471149761563797
78,0.31624442900296346,0.4321965049461065,0.0007612221257477395,0.22985516791625163,0.020942676008930808
79,0.1706896585989624,0.782739986119983,0.0007741169060575954,0.03717283297363247,0.008623405401364463
80,0.20262797185032394,0.7409945955062621,0.0019370033015347287,0.04406745403971357,0.010372975302165747
81,0.18867032638950862,0.7818632796492256,0.0030374171720738965,0.015891232917305667,0.010537743871886315
82,0.12256325154029434,0.8579213499980108,0.00598669668554697,0.006181052748584314,0.007347649027563538
83,0.07580462589045459,0.8896524303672247,0.014937912060431281,0.010237788279845079,0.009367243402044333
84,0.06999464935372891,0.891334997906188,0.022980340138629075,0.00776055519355637,0.007929457407897734
85,0.0425725965549282,0.9294022707999378,0.014300749774275536,0.007563842130855707,0.006160540740002955
86,0.01674459145640474,0.9413068932496705,0.029932669861003746,0.00614175757643497,0.0058740878564857895
87,0.02863076009109326,0.9220751180489738,0.026346408829303915,0.0168234977870147,0.006124215243614362
88,0.06986758613408549,0.866007497911715,0.024336441020797635,0.03092219800355168,0.008866276929849998
89,0.0527322170504297,0.8315134787791971,0.042649427051126794,0.06105194238366423,0.012052934735582107
90,0.13899014971983023,0.763485913232551,0.02026088123104095,0.057451880285417395,0.0198111755311603
91,0.05564345595464173,0.864741592847701,0.018713887541056264,0.041856388049671345,0.01904467560692984
92,0.23728503470734552,0.4778134408624657,0.004819256395133439,0.26399237253227453,0.016089895502780668
93,0.033166187071260414,0.9267786139001305,0.015293241804848808,0.01713594941035372,0.007626007813406433
94,0.25988923127727637,0.5738402932016061,0.0024542058332734087,0.11732661168134917,0.046489658006494926
95,0.39766804935414696,0.3598031559034474,0.0005708015322302228,0.201184155699784,0.04077383751039144
96,0.3438039405630967,0.47903285096509246,0.0009191720890381542,0.1478006071002206,0.02844342928255211
97,0.47645925780273735,0.44900423107534615,0.00024086810728051828,0.039384712344026726,0.034910930670609186
98,0.27256062275198084,0.5717951427223747,0.0013761870163319187,0.13172907497179315,0.02253897253751949
99,0.09770166099900464,0.3496662951577536,0.0011730288268727502,0.5421283782998199,0.009330636716549134
100,0.12690904407038667,0.4733287894653627,0.0007593314624356416,0.38865155588725603,0.010351279114559093
101,0.09294264824802552,0.5009015902247932,0.0034046922434728673,0.3899329903289765,0.012818078954731945
102,0.06510814782311354,0.7518716267433299,0.003545885528591285,0.1693799345991367,0.010094405305828627
103,0.24768542890073714,0.27917425207677565,0.0003692719722610605,0.42271318886458936,0.0500578581856368
104,0.19095366446485693,0.25267115989939565,0.00027555498942164516,0.5355084001925945,0.020591220453731202
105,0.17511073015778245,0.396025601827473,0.0010803835090018262,0.41703211551953123,0.010751168986211639
106,0.4064244607747933,0.2462578285243154,0.0005415059817644461,0.32834891825752593,0.018427286461601074
107,0.07498424546500844,0.8089015309806502,0.0025138140085797346,0.09797755696001254,0.015622852585748854
108,0.09612436466687203,0.5562051056955065,0.0011247222632652174,0.3250683204507618,0.02147748692359449
109,0.05322307890901947,0.812330102348802,0.001954071204510214,0.10358763939518013,0.028905108142488135
110,0.027347498439666836,0.048077308069976524,0.00036879119037849757,0.007497887362724412,0.9167085149372537
111,0.24231264187573104,0.5481404068950657,0.0008934920572284876,0.09347443231946305,0.11517902685251173
112,0.3713185339045248,0.0950587374807037,9.567099092661825e-05,0.1479900165539197,0.38553704106992515
113,0.4778790608887995,0.15702677113705774,0.0004592561004093941,0.058647472324987605,0.30598743954874574
114,0.4102971217292769,0.12913240520390698,9.987184675201423e-05,0.34026161355214096,0.12020898766792322
115,0.45244059952987886,0.04117130353544611,7.643197495192213e-05,0.14204230062388065,0.36426936433584245
116,0.47789402942021675,0.0756381198458925,0.00010840927234226555,0.3775284481728699,0.06883099328867866
117,0.24273424705644123,0.10789812160007001,0.0001131143634389891,0.6083898407438825,0.04086467623616729
118,0.2622808525273972,0.09921255506033645,8.367260749555964e-05,0.5009967559299129,0.13742616387485793
119,0.1780681705210801,0.17989080001129715,0.00010657163140287807,0.6044170488215062,0.0375174090147137
120,0.1286432515362294,0.28172878784555094,0.0001889469525383411,0.48814123304157775,0.10129778062410358
121,0.1824406902961039,0.24242918640783154,0.00021255696728149473,0.5154176413210833,0.05949992500769982
122,0.22823511326198134,0.16837368745134293,9.210774805744362e-05,0.5439243219879387,0.05937476955067953
123,0.23767256563860134,0.393451179388854,0.00016667687689883129,0.3111826436863166,0.05752693440932931
124,0.3877864308432242,0.15833176112755273,0.00010960861724684981,0.32060875168333375,0.13316344772864253
125,0.31242667957875375,0.15575583409000734,0.00015937493052167655,0.49697191682801456,0.03468619457270279
126,0.16951688238732623,0.3053298591927916,0.0006925991957741975,0.5077241108045435,0.01673654841956444
127,0.15843847845706954,0.22092049506196004,0.0002824627301433371,0.6046091354926371,0.01574942825818998
128,0.07799105301466427,0.31602288654044214,0.00023660350835313405,0.5906168363361777,0.015132620600362868
129,0.10548462944885052,0.1616720982601891,0.0001580934470966694,0.6954336715547167,0.037251507289147036
130,0.15653926187938583,0.16719667031942537,0.00017573665529432964,0.6331549647368632,0.04293336640903132
131,0.2568408082628032,0.4223596137472269,0.00016636016925019418,0.2655104246483735,0.05512279317234619
132,0.18054098505139918,0.4082186061205654,0.0005111978313543749,0.3270985252914865,0.08363068570519454
133,0.26864620094667385,0.1234924661492138,0.0001660288081670487,0.509472015820568,0.09822328827537734
134,0.20370486731025,0.13185287870141632,0.001030993534683886,0.20528266023146058,0.4581286002221892
135,0.08978204476885247,0.015824807973761727,1.9964782742034224e-05,0.05645871716488401,0.8379144653097599
136,0.6105714504238545,0.030716499855309824,1.9858131917473288e-05,0.17846956899415908,0.18022262259475919
137,0.4971596425316745,0.10337314898840348,3.819132805063658e-05,0.12942189317725777,0.2700071239746135
138,0.6929385957829551,0.04560883804200544,4.6436680532586854e-05,0.1490552284218844,0.11235090107262244
139,0.3987615245154307,0.15598774655922584,0.00013035502717283104,0.29564966912930013,0.14947070476887045
140,0.32252624600228474,0.12782090056242026,0.0005066981668497157,0.424960060796644,0.12418609447180111
141,0.19940948551469367,0.025194097995392562,3.195753972079275e-05,0.25352433022609283,0.5218401287241001
142,0.3111725345958917,0.036774607718191944,6.713313180818144e-05,0.5356167766732421,0.1163689478808661
143,0.24917325046433253,0.07930678167489175,0.00017968290061332493,0.5798967614547725,0.09144352350539009
144,0.46356997683003637,0.02787703467529313,4.369078402587184e-05,0.09170895909234432,0.4168003386183003
145,0.503894191943673,0.04688635123787674,0.00012406270024892244,0.36475995134991723,0.08433544276828409
146,0.457629350773959,0.13776594930965583,0.0001623813394633895,0.33512056517357924,0.06932175340334264
147,0.2829552779635482,0.49665909309538664,0.00047137373223728505,0.1516027772121144,0.06831147799671358
148,0.2837294677539815,0.12922655533261,0.0001685257871388985,0.48163617681660653,0.10523927430966314
149,0.2593373914681448,0.08584067660265378,0.00026072861425050425,0.16822273349569714,0.4863384698192538
150,0.2829206058652697,0.5191293923269655,0.0005550212748362857,0.12155514008735864,0.07583984044556995
151,0.33483749196941165,0.1591367728684069,0.00026714692172142803,0.4693523691632638,0.036406219077196274
152,0.22031468822333303,0.4195006335910463,0.0004967743237238613,0.28619920776539515,0.07348869609650162
153,0.08333178247179723,0.15846045578732124,0.0001822514048488263,0.7320682555395895,0.02595725479644333
154,0.11701984110668599,0.060714325431422515,0.000331228461375381,0.367987828457818,0.45394677654269805
155,0.5231258976035346,0.04373093518654959,5.262835813843431e-05,0.3741579625412735,0.058932576310504005
156,0.43784741366562974,0.06162829643445,5.902421901935265e-05,0.45821981490725555,0.04224545077364535
157,0.572231017758323,0.046610611062301265,1.3133131032902613e-05,0.15618433116471886,0.22496090688362397
158,0.36568213579850456,0.12738534054447817,8.678716086910198e-05,0.422546786365212,0.08429895013093605
159,0.35735851371374017,0.029602531085488302,7.990819346280962e-05,0.5127061200782929,0.10025292692901576
160,0.3818585954181341,0.10511846947286492,9.667517654446907e-05,0.4543630845137491,0.05856317541870749
161,0.25856719392194066,0.09441928863829893,8.155737769366944e-05,0.5480795706963757,0.09885238936569092
162,0.03427860773840406,0.003982456789953737,5.582223358199529e-05,0.08829859339642729,0.873384519841633
163,0.38230748922784635,0.03425972202598715,5.120865252220921e-05,0.4992934677145763,0.08408811237906813
164,0.5140995199460943,0.010269012510530319,1.6768263896172963e-05,0.32553062502008023,0.15008407425939904
165,0.30445938914831805,0.01682931789718383,3.753386026904745e-05,0.641585404970191,0.03708835412403813
166,0.0891064591090643,0.014420776097040186,6.12465789689112e-05,0.4998249527748971,0.39658656544002946
167,0.4127439093619753,0.01662109584869114,1.621561273072659e-05,0.47104145661483227,0.09957732256177058
168,0.07500572530115704,0.006413316137027447,1.5460909680436787e-05,0.17569180304734716,0.7428736946047879
169,0.5147552139583427,0.0053739198485304104,7.316780421136691e-06,0.2147672431122263,0.2650963063004795
170,0.6024965598533727,0.009222543028896807,3.307459820027198e-05,0.2066825782319567,0.18156524428757354
171,0.3777946598470328,0.07036258834686367,4.311338066578283e-05,0.12430246027240896,0.42749717815302873
172,0.03804953630313329,0.00590702736838505,6.620649087168771e-05,0.018679334093268187,0.9372978957443419
173,0.611243584885426,0.010520719063125714,1.9284514919401396e-05,0.10608279294258481,0.27213361859394414
174,0.13779747735704392,0.014832173153668785,0.00019425273911961426,0.06072241190792498,0.7864536848422428
175,0.5328319486638563,0.010286387023058655,2.3682955623516477e-05,0.10010507040290247,0.356752910954559
176,0.18825154373148928,0.06865618235388937,4.561320982488348e-05,0.4597602589366958,0.2832864017681005
177,0.2537999942729614,0.0250216119834553,3.154144618460353e-05,0.3767866037527473,0.3443602485446514
178,0.38546195555265217,0.013763319469804653,5.147011912216014e-05,0.34165903720843405,0.259064217649987
179,0.3672078748444783,0.015890749042566082,4.699986102942543e-05,0.4612347906201807,0.1556195856317456
180,0.28747900310876157,0.02641098642330427,0.000128952735068203,0.5991255968651278,0.08685546086773807
181,0.05367288591976616,0.00587572383879906,1.5684390294512974e-05,0.3647424727583605,0.5756932330927798
182,0.2129669497394771,0.008780797354487635,2.5600519790720874e-05,0.6971379539397731,0.08108869844647136
183,0.2064116051283102,0.00991936496119538,1.7223892452733047e-05,0.6834406162071408,0.10021118981090082
184,0.29888274461675146,0.006368234357683408,1.3200932196317086e-05,0.5259238117656828,0.16881200832768606
185,0.26681585273045605,0.046447233156248595,1.7557395252359425e-05,0.5583441696374956,0.1283751870805474
186,0.4295021366982964,0.03418185285252034,1.0876984778482192e-05,0.42988024231651034,0.10642489114789436
187,0.38990060676336497,0.03360512999052899,2.145554408570659e-05,0.5533931557250393,0.023079651976981006
188,0.37078972583062203,0.032678305136201305,2.216609237643263e-05,0.5536582844117524,0.04285151852904789
189,0.32856897552083536,0.04105279033897045,5.2948888419353365e-05,0.586659180894427,0.04366610435734775
190,0.10495018586654059,0.1011551162904461,4.385669694597856e-05,0.779371700648448,0.014479140497619405
191,0.1557442932942602,0.14295560391076875,4.204129072995139e-05,0.6852898045245324,0.01596825697970879
192,0.11605042114297533,0.1798819833797423,6.40914368454024e-05,0.690756901997012,0.013246602043424975
193,0.07235495541756781,0.0796397352206323,0.00010420423176138612,0.8363840334679224,0.01151707166211605
194,0.044113017782772164,0.1604174800525303,0.00044731169573415365,0.78931370089596,0.005708489573003361
195,0.06271707170911858,0.09843362090561984,7.127417437091999e-05,0.8312901663879823,0.007487866822908426
196,0.10505743681237294,0.09892308894242514,6.635226674795232e-05,0.7733463083708002,0.022606813607653712
197,0.1301595418597732,0.051949797784352124,7.983774441966299e-05,0.8065947156012971,0.011216107010157912
198,0.1898952593155369,0.04848062321818378,3.4900871535362354e-05,0.7423494924120606,0.01923972418268328
199,0.18608437420759968,0.08312386368838656,9.182780710045797e-05,0.7216089271316254,0.009091007165288002
200,0.09326760513242477,0.08845402323786195,3.9501517568381924e-05,0.8100021874437258,0.008236682668419185
201,0.09547287093655316,0.25651131151724244,0.00015792955728922037,0.6421058445357034,0.005752043453211876
202,0.09526561062013535,0.09274650053687798,6.079841859219535e-05,0.8034949351480427,0.008432155276351631
203,0.09569251902565386,0.12028052170890628,0.00023799718786623168,0.7792000310591723,0.004588931018401315
204,0.13585746890183853,0.2950678238991642,0.0004652422240326128,0.56274540726608,0.005864057708884666
205,0.22588782389843062,0.36762717859250577,0.0004328749104868043,0.40009455977467207,0.00595756282390482
206,0.058462629566274966,0.7210657811365819,0.0008973306800330017,0.2172544009140064,0.002319857703103686
207,0.14043795733840805,0.6576297764212945,0.0010740241952145162,0.19640186410687002,0.004456377938212931
208,0.2031730846471199,0.5834250046232207,0.000959804140947004,0.20669998290668526,0.005742123682027103
209,0.1039277625687835,0.8177580726026997,0.0016788687998705628,0.07227860376487309,0.00435669226377293
210,0.024974181446832566,0.9591605242250866,0.004258367365416501,0.009055913570784111,0.0025510133918803983
211,0.03412846289938452,0.9453351323155162,0.013785532123219991,0.0038824096598646858,0.0028684630020143925
212,0.03536322490361027,0.9384711620572608,0.016152918870974354,0.006731548026342055,0.0032811461418125
213,0.03392495550963109,0.9316906762709882,0.027673478440629916,0.003418942125962611,0.003291947652788199
214,0.0064541178831628845,0.8543281947069441,0.1347875600034175,0.0014070486830310668,0.00302307872344447
215,0.006898947165158344,0.7978496666060139,0.1902846114247032,0.0011645906984766822,0.0038021841056478795
216,0.018896726904765453,0.8089642934056102,0.16664870651464495,0.0019996570540449614,0.0034906161209344905
217,0.010544226266673371,0.8093360730133502,0.17620015217238763,0.001338630867532024,0.002580917680056702
218,0.008421872495993172,0.8038397392728183,0.18278853538990394,0.0012071576809283863,0.0037426951603563943
219,0.0017807840697856864,0.4796954515711859,0.516000488923939,0.00034484556347334403,0.0021784298716161165
220,0.002230323065020132,0.5786883683893853,0.41626674097752986,0.0003222534639618608,0.0024923141041029067
221,0.001735437726026461,0.5480354977562543,0.4475519805351123,0.00044219713549307555,0.0022348868471138736
222,0.005617322528807248,0.6736348523562404,0.31567917630424763,0.001739509867455736,0.003329138943249
223,0.002812312038726813,0.5146760701425875,0.47868278828727995,0.0006095956572979393,0.0032192338741078093
224,0.004497768264891481,0.5769984278527616,0.4149890016170895,0.0005264010143022138,0.0029884012509552205
225,0.0017645458505418684,0.32222538188338956,0.6735392461545483,0.0002405984551516325,0.00223022765636863
226,0.0017669868507313763,0.48863161696998475,0.5070166671392712,0.000321828216213069,0.002262900823799647
227,0.001859999283107811,0.3807199696643691,0.6145175481511231,0.0003454126604828117,0.002557070240917248
228,0.002846466897809,0.6209004408831201,0.372126458171913,0.0006199535391641573,0.003506680507993539
229,0.002254835577049063,0.25610622456046034,0.7377971188325264,0.0005345644340238119,0.0033072565959405254
230,0.003188452566537409,0.4141853507883403,0.5794243949556313,0.0006233945632546734,0.0025784071262364913
231,0.002107108084157953,0.23330916178483035,0.7615619789922262,0.0004233779613069383,0.0025983731774785047
232,0.004264994022371199,0.5892935919844898,0.4019603072655285,0.0014272862027228683,0.0030538205248876646
233,0.0028639764741565004,0.5304351401759836,0.46225259400854,0.0007924494617611282,0.003655839879558603
234,0.004149896295596566,0.6461966289372619,0.34340952942465075,0.0015160988051597063,0.004727846537331025
235,0.006216876523340034,0.698343695315173,0.2880621458781579,0.002476095644228718,0.004901186639100197
236,0.010914994052767718,0.7198746942449162,0.255996144587691,0.0027383614507881502,0.01047580566383682
237,0.04795229740432251,0.7331192018761338,0.17766325972978722,0.003236706822181114,0.03802853416757547
238,0.006292559014300272,0.7300818545670591,0.2568945669175385,0.0010599612790515443,0.005671058222050682
239,0.011059556113154826,0.7791156683135474,0.20001991697879645,0.0015286417974980297,0.00827621679700348
240,0.012288622042581845,0.7767601797068853,0.20366454802215986,0.0012315556899540794,0.00605509453841904
241,0.004426681579208833,0.7340122188559305,0.2573811785148698,0.0009622571933160742,0.0032176638566748608
242,0.003806230968137505,0.6062846432630434,0.38537308630549816,0.0009463184666197295,0.00358972099670114
243,0.001600536380140999,0.412956206796377,0.5818011048663694,0.00028494557819522324,0.0033572063789174037
244,0.0038783771323773167,0.6098319994006118,0.38157524498733975,0.0009220194688172857,0.0037923590108538767
245,0.001107361658703642,0.3615680403877319,0.6347703974188885,0.0003916001721822601,0.0021626003624936577
246,0.004705090963729323,0.5801336301638786,0.40909675159407166,0.0012011461624850182,0.004863381115835551
247,0.0016287377631345019,0.49609184710654075,0.49894370861979986,0.0004448553282369919,0.002890851182287939
248,0.0006576723059439462,0.19938968994146633,0.7977876413291626,0.0002580012286556113,0.001906995194771443
249,0.0031990971720132974,0.5287770398247453,0.4625710185550725,0.0010526064931840689,0.004400237954984772
250,0.002527890244155977,0.41223212249195257,0.5793622042883559,0.0010365786059527786,0.004841204369582679
251,0.003149160481100893,0.6205213978921311,0.37045490965044553,0.0009740984578320655,0.004900433518490475
252,0.0017808217404766717,0.5495158320181234,0.44500709432376145,0.0006588076384370457,0.0030374442792013676
253,0.0022434818743798145,0.6702014923907446,0.324078958502636,0.0007590120382444598,0.0027170551939951705
254,0.005571209815406452,0.7177889920168958,0.2721115584533611,0.0012778914647435676,0.003250348249593049
255,0.0014256194890129566,0.43321287986479606,0.5620302563922873,0.0003186308894310322,0.0030126133644725454
256,0.0025518021711667333,0.5836510569856352,0.41027511449237153,0.0004983374763641185,0.0030236888744623854
257,0.0014815476288818291,0.3023914133950211,0.6930002437999079,0.00029524879392807467,0.0028315463822610933
258,0.0005815196743425274,0.04962537081031723,0.9482241425772762,0.0002071092248194142,0.0013618577132447117
259,0.005086479616337368,0.48169763690413087,0.5064118005393249,0.0008120712279430177,0.00599201171226382
260,0.004480265387129862,0.4792516196414679,0.5109848162668339,0.0007762743326353735,0.004507024371932941
261,0.001936933594896515,0.2239943483068101,0.7697456336991548,0.0002997671297313003,0.004023317269407295
262,0.0033203253367406977,0.44210557334833633,0.5500930582323889,0.0003318450324403931,0.0041491980500937605
263,0.0015537950296172587,0.38172683521511436,0.6131109401137672,0.00040370036342199654,0.003204729278079163
264,0.0035749775088672036,0.5388798668911696,0.45269780057969516,0.001214024989373007,0.003633330030895005
265,0.001895766176882812,0.2314742824713366,0.7632942375391745,0.000615653774598313,0.002720060038007736
266,0.004047809984987414,0.4911793377472635,0.49822548252845694,0.0010792466157982508,0.005468123123493938
267,0.00296210869968147,0.39460214878381134,0.5958457414627506,0.0011777036490387618,0.005412297404717982
268,0.0020688660114103106,0.14824376773303402,0.8453494430803578,0.0009625322252856222,0.0033753909499121804
269,0.0061254307291341015,0.5858030021140476,0.39857898138528164,0.0024989435665385205,0.006993642204998122
270,0.010512328221761033,0.7459723184673956,0.23566600564575244,0.0020366040709183762,0.00581274359417261
271,0.03690513044401203,0.7654385476979694,0.1835262234825932,0.0064532381189916594,0.007676860256433969
272,0.011949551440344963,0.7774583951400857,0.20201861490764117,0.0029270795553734902,0.0056463589565546824
273,0.004763421729046072,0.7219348603160712,0.2683161799755329,0.0015177153574160163,0.003467822621933764
274,0.006769162016980742,0.6621380856244493,0.32535971645431405,0.0016133741194293174,0.004119661784826634
275,0.019403718435070848,0.7998263729769746,0.17249653779824395,0.003558900585426085,0.004714470204284499
276,0.0025929783933087177,0.5791975573810835,0.4123158183915382,0.0010197402073032125,0.0048739056267664786
277,0.003306065138050076,0.6565918444849991,0.3343452380352048,0.0014736442495988276,0.004283208092147145
278,0.0038333660162811977,0.6918160941406923,0.2998421591566643,0.0013004454172951404,0.0032079352690669626
279,0.0167362029015924,0.7130980622322439,0.25791296445864087,0.0046345667553413525,0.007618203652181639
280,0.003338382967095722,0.6459952729080107,0.3447401218357229,0.0014308390429169419,0.004495383246253773
281,0.004834695434445478,0.6458867320970388,0.3406207439042389,0.0025884236919907293,0.006069404872286069
282,0.005419793954886202,0.5325421475510694,0.45030967175790043,0.004376303252980546,0.0073520834831633216
283,0.011730731375485505,0.6960933644226328,0.2729506192037694,0.006784077178864663,0.012441207819247617
284,0.014779042688697409,0.7279220085059512,0.22867717225244144,0.015918569688995663,0.012703206863914343
285,0.07802300812343672,0.6813604064463344,0.16757912595460134,0.050592188698345045,0.022445270777282453
286,0.0863987389572983,0.6934697813661928,0.15110385147199204,0.03751886350599664,0.031508764698520195
287,0.2682393483398823,0.04383523281342147,0.0001418537627396762,0.014818366546547378,0.6729651985374092
288,0.7494686176978255,0.13951931244724058,0.0005188093021065779,0.052809040292933956,0.057684220259893386
289,0.6831953704335592,0.23358771205463383,0.00019868191818002488,0.01340042798996927,0.06961780760365786
290,0.7552712920232743,0.2069371969469124,0.00047272328865055526,0.009919074039486497,0.027399713701676313
291,0.3286829388794501,0.48379263552418433,0.0010988562827410674,0.17441879921991316,0.012006770093711466
292,0.27216309027868174,0.443858157143856,0.0011380530857915128,0.2731146257937304,0.009726073697940287
293,0.09614093159096194,0.7188450381744508,0.0017020179695000524,0.17865370217289625,0.0046583100921911685
294,0.07877734780073581,0.708818468185484,0.0010233359772672621,0.2066693881572452,0.0047114598792678325
295,0.07619028447438815,0.7486173818260794,0.0014158063793601812,0.16888646246848107,0.004890064851691207
296,0.11603256103930554,0.674354740590785,0.0008517419308036541,0.20386109264625282,0.004899863792853102
297,0.05702029800972268,0.8000583553641669,0.002795646639157616,0.136122350530864,0.004003349456088657
298,0.07439588186793854,0.7304141681109216,0.0017006458070728699,0.18839668958458247,0.005092614629484294
299,0.03471769925755424,0.8960730343144464,0.0041792108330536105,0.061940716592703386,0.0030893390022422276
300,0.04169206965137275,0.881898302163372,0.0035268416929938,0.0696389946364625,0.0032437918557991206
301,0.03728092809662979,0.9253027254161762,0.008699529028714143,0.025100651463636874,0.003616165994842965
302,0.025854959642914094,0.9367970757953888,0.010855678551857465,0.023735973075379845,0.0027563129344597807
303,0.03767259488059463,0.9088098039965825,0.015026702578636954,0.033374459541402196,0.005116439002783689
304,0.13010986015079032,0.76981172569379,0.021013431962326776,0.0720477427441338,0.007017239448958992
305,0.1531425365742364,0.7278610572208266,0.007645589543923205,0.1058836312009633,0.005467185460050437
306,0.08083852968678071,0.8372585149119045,0.021615771956039944,0.05171387686341201,0.008573306581862764
307,0.13781339283824284,0.7890530714669443,0.02084773969601145,0.04574092829074564,0.006544867708055915
308,0.05199483774169904,0.9045388896846006,0.025739647512698385,0.01312174703815152,0.0046048780228506135
309,0.379758636571744,0.5453506463798691,0.009170027076612587,0.0551877651127377,0.01053292485903669
310,0.305506840654482,0.6541370820905452,0.007891620692035025,0.025122965288720055,0.007341491274217569
311,0.1516057783672472,0.8120363507378796,0.012241305830211277,0.01883792768125143,0.005278637383410319
312,0.10893026525241623,0.8442314479224281,0.017704673431184904,0.02208393188171404,0.007049681512256673
313,0.08961377187391752,0.8632729985792141,0.027132821669634922,0.010923940094859523,0.0090564677823738
314,0.06882833398532112,0.9020639835147418,0.010976387196894996,0.015309475251653057,0.0028218200513888876
315,0.2313390514891259,0.7176107514431931,0.012252124214863819,0.032693944997577606,0.006104127855239658
316,0.25033471678048547,0.7083519582794984,0.01033170718184456,0.02443826317892025,0.006543354579251423
317,0.13098593597301145,0.8191391846487862,0.0090926821615553,0.0359315879078951,0.004850609308752025
318,0.1042894996807623,0.8548199940818656,0.014694322200613799,0.02073491333846664,0.005461270698291677
319,0.06403020229072229,0.8841409492751042,0.018912396524983256,0.027592894267542065,0.005323557641648158
320,0.1164534676420183,0.8430736409427058,0.01533716291290529,0.021352809284266586,0.0037829192181040726
321,0.07544131077217515,0.8745307592687228,0.0273755871105374,0.01740618247838308,0.005246160370181667
322,0.03625874365968483,0.9203752455281374,0.02866762649393902,0.010061666390742666,0.004636717927495954
323,0.08178085617063675,0.8567912388323301,0.04103591746078505,0.015664894563113752,0.004727092973134533
324,0.04858085551667142,0.8965279035712692,0.042877295919393245,0.007880377703586346,0.004133567289079847
325,0.07469130934951207,0.8807188703478712,0.03088392140212,0.008206325043443667,0.005499573857053146
326,0.0237187529644433,0.9178438813326844,0.049889812584523414,0.004895927020755984,0.0036516260975928863
327,0.01912416167477362,0.9044179947576997,0.06891188024498639,0.004548443650926367,0.0029975196716139525
328,0.0548171410933697,0.8370678607176654,0.09225703969145692,0.010500660255199174,0.0053572982423088136
329,0.03628952364458361,0.8325900771798987,0.11146669216498178,0.011577503526586538,0.008076203483949345
330,0.049827421733026366,0.851184947384142,0.07880380051300004,0.012349863749167366,0.007833966620664276
331,0.03624893691635205,0.8356532029284597,0.10937323090035607,0.013403603373936849,0.005321025880895322
332,0.009673212496554007,0.8022736137035692,0.18042030694177333,0.00366695369901666,0.003965913159086815
333,0.04244665487035007,0.6999500414844987,0.23743550811356953,0.01187046627479008,0.008297329256791827
334,0.043518347229527556,0.8548024609360365,0.08808711292035516,0.008856582355542075,0.00473549655853878
335,0.02369662163897478,0.8334897382963717,0.12783173501472045,0.0075399978367208485,0.00744190721321227
336,0.03195826466538653,0.8205062810060557,0.12560918820381672,0.012072964806125443,0.009853301318615554
337,0.08035046817870714,0.806992560849983,0.08763825493513072,0.016075330017713916,0.008943386018465204
338,0.018005882330961568,0.8082142697935463,0.15500411091149902,0.007881216974687405,0.010894519989305757
339,0.12083126674786249,0.783483481601237,0.06026128581328463,0.02697137732110263,0.00845258851651312
340,0.11000421644623555,0.8386792717401608,0.03135713006593307,0.015227786221447178,0.004731595526223463
341,0.13747989874583758,0.7951037641453557,0.041495776390251676,0.01865390191335615,0.0072666588051988135
342,0.07482607294713252,0.8656610717955983,0.0345441894564169,0.017191361054001326,0.007777304746851002
343,0.0684610918736452,0.8351783323496653,0.07010854138165677,0.015704740668146783,0.010547293726886004
344,0.15648908010332532,0.6253767625679569,0.1362505788163849,0.05963069693781871,0.022252881574514227
345,0.08949589259769337,0.4955007040558006,0.37786423904446453,0.021998328794005186,0.015140835508036209
346,0.10111460090178874,0.6296358468776357,0.20028619327778266,0.04912413969382202,0.01983921924897083
347,0.103306930119195,0.5897574141160582,0.25593600265514566,0.032833378897046676,0.018166274212554546
348,0.1140213323114136,0.6142252929290387,0.20845018839171137,0.04162728884215846,0.021675897525678035
349,0.11081822793725822,0.670967001689164,0.17333775830239442,0.02948315711610772,0.015393854955075623
350,0.042780768036141566,0.7053526381963399,0.22755153171070108,0.013497723207236134,0.010817338849581352
351,0.032123002032505114,0.6365670865358436,0.30545766892559395,0.014112192897144124,0.01174004960891315
352,0.017734214257598167,0.5384033280250479,0.4282193912083927,0.0056625796738550395,0.009980486835106148
353,0.023922879440968593,0.744189134879054,0.20542359751151953,0.010829811719825638,0.01563457644863201
354,0.01772855440185513,0.6277696206839203,0.3390119801569264,0.005905577431544639,0.009584267325753555
355,0.052046887251199006,0.6195709423999468,0.245739883150483,0.027518012094752766,0.05512427510361854
356,0.04164865354627972,0.6386222176316088,0.2964442447007663,0.01017165766106215,0.013113226460282974
357,0.04459979970028801,0.7140564673336206,0.22674952021078798,0.006768532377979835,0.007825680377323539
358,0.030898115213822158,0.8315201730169541,0.12250977199490719,0.00894766882986675,0.006124270944449751
359,0.018713475308629303,0.7444864246661823,0.22135966926834866,0.006389871285349175,0.009050559471490516
360,0.012228965386200158,0.7601545323184699,0.21468908631463146,0.004265724876028338,0.00866169110467005
361,0.01590281169200184,0.6803296736885931,0.2858812832803835,0.003927152659967097,0.01395907867905444
362,0.024012888761114154,0.6059610432982712,0.3321002509723451,0.007833730424938764,0.030092086543330825
363,0.014513175143692264,0.5498389536999962,0.41255481407960387,0.005295813851652466,0.017797243225055038
364,0.16354167429561337,0.6138120339385301,0.11938836764625581,0.05782558748886663,0.04543233663073421
365,0.25658194608340434,0.5429006327338791,0.04270870622635297,0.1023656069483878,0.05544310800797576
366,0.21813090605904262,0.6024105539624108,0.04172070407988639,0.09201725749597042,0.045720578402689706
367,0.481751879132864,0.20805701046792238,0.010307429463696971,0.14889376954278064,0.15098991139273607
368,0.30741157409906966,0.20510893992962725,0.0011902772619652856,0.45030001235829625,0.035989196351041544
369,0.38983449295315953,0.07368570882748872,9.588787577337335e-05,0.37864419521591275,0.15773971512766571
370,0.3222004170801935,0.07688041643482232,0.00014575342269297707,0.5163300577030242,0.08444335535926717
371,0.30656621814234897,0.04269255090396753,3.3892148482702635e-05,0.6318341462976484,0.01887319250755231
372,0.23949359525121497,0.017643818098596283,2.751307289272176e-05,0.7228691245750013,0.019965949002294675
373,0.07542014481158704,0.02476841294792395,1.5876198247541655e-05,0.8893590695637248,0.010436496478516787
374,0.050935116727097385,0.015442914047785986,4.4105301426940725e-05,0.9237511279881361,0.00982673593555361
375,0.05215452843817024,0.011300668230968506,4.0882826064385595e-05,0.9341777905384328,0.002326129966364036
376,0.04295997236534669,0.01776093798622482,3.2052598547317935e-05,0.9355625757255003,0.003684461324380865
377,0.03571135268341093,0.017329706622028793,6.016225067802192e-05,0.9426467569577355,0.004252021486146893
378,0.020993254242534377,0.030534252334344723,0.000155418305096408,0.9411826157150048,0.007134459403019615
379,0.014986776276524304,0.014274120218559574,3.8641959006729726e-05,0.9690734553736344,0.0016270061722750229
