epoch,N1,N2,N3,R,W
0,0.0023389632847669742,0.0006461413030537039,3.379099590071016e-05,0.005330430509661665,0.991650673906617
1,0.01541099859832492,0.002197773373465737,4.310616190427531e-05,0.016731928990217818,0.9656161928760874
2,0.16021077831929698,0.009930299630662432,0.0013406530252693572,0.12210618096330628,0.7064120880614649
3,0.3070904101931366,0.014191694083581,0.0010400628545062195,0.08021450285723854,0.5974633300115376
4,0.36183815012501436,0.024448251500622183,0.00017568732475025983,0.08565421770608696,0.5278836933435261
5,0.30371652422232787,0.023316782470221047,0.00016433527372595593,0.21813412623107722,0.4546682318026479
6,0.12478189333563589,0.014690901472482396,0.00012792448746292096,0.04283772112685225,0.8175615595775665
7,0.06555356106317868,0.009432376945056973,0.00010889089621244488,0.011379599544992493,0.9135255715505594
8,0.10730481634011127,0.0161126635601001,0.00014096328348320064,0.016177188703836547,0.860264368112469
9,0.2275471063130774,0.06126878673629726,0.00033347854199362094,0.02888852163363374,0.681962106774998
10,0.21438468117206522,0.04467657738745623,0.00017844338029343078,0.016779392655826193,0.7239809054043589
11,0.19361399556460077,0.21068389230946732,0.0002088874787312263,0.08321763074865053,0.5122755938985502
12,0.1692212578828705,0.23592344454274072,0.00034716389926546965,0.08992133846299519,0.5045867952121281
13,0.2133222507871873,0.18518479886515557,0.0006763727219632365,0.21399195764561135,0.3868246199800826
14,0.07141926999487916,0.5070729360469434,0.0006572220919746028,0.07067233973111348,0.35017823213508936
15,0.14390642063782108,0.19951040133135986,0.0008213282604712607,0.07947864423258111,0.5762832055377667
16,0.11876204480825871,0.54652666409681,0.0013524730286757988,0.04706961640438205,0.28628920166187355
17,0.16149874137137343,0.3730872145482884,0.0006903427963558128,0.0643125838047557,0.40041111747922664
18,0.21555844061957538,0.20485927865163667,0.0009886474655601786,0.0856401469077395,0.4929534863554882
19,0.10901821890747092,0.585688026850526,0.002923010897276162,0.04029852570790595,0.2620722176368209
20,0.038798974507058215,0.8191236921991433,0.0018597796069858773,0.010723376098964375,0.1294941775878483
21,0.029643974046715354,0.8509031926654959,0.004754464558945744,0.0028249069339094006,0.11187346179493349
22,0.04529447113133813,0.885041103352656,0.001359061559793778,0.03445481489175412,0.033850549064458044
23,0.10450724463826983,0.626803944206059,0.0015642768103091547,0.09818136855698076,0.16894316578838137
24,0.005599622492690183,0.012230375996729522,3.09682371158282e-05,0.0021111189373185547,0.980027914336146
25,0.00980201429528523,0.009244373870217102,0.00014522097935635008,0.0028555589650447093,0.9779528318900965
26,0.0030359537917138656,0.0027549430157696657,2.2158685118488966e-05,0.00016471850484297936,0.994022226002555
27,0.027803549315855648,0.006589920153046105,2.908663199759498e-05,0.00030197129933910965,0.9652754725997615
28,0.011518585226190023,0.004664044096196179,7.839684428584936e-06,0.00014826101157200384,0.9836612699816131
29,0.00968449655290619,0.0032851872886428993,4.84954046893283e-06,0.0006582240098240413,0.9863672426081579
30,0.025444072379219147,0.0036665741823720035,2.730446942590537e-06,0.00026015130362871383,0.9706264716878376
31,0.16173326558281828,0.01840489805355753,3.0577349562500604e-05,0.000579009673579973,0.8192522493404818
32,0.34793616614524997,0.019105432163369185,2.159589861413651e-05,0.0016693035667034598,0.6312675022260632
33,0.4620149626365041,0.04701660785063071,5.3661209054428784e-05,0.0017062257372607412,0.48920854256654994
34,0.4090497726969184,0.32769198405004824,0.0002409972294986681,0.012831488416853819,0.250185757606681
35,0.4069460277684696,0.17370956714905678,0.0007975448349806767,0.04221928124849101,0.376327578999002
36,0.1335453154505564,0.48177548239010715,0.0005174464295897303,0.02473568213819231,0.35942607359155443
37,0.07683992161659385,0.7792523647148497,0.000708183702080954,0.027055078761764075,0.11614445120471145
38,0.037037173518331495,0.8219105732396274,0.0005684657589977892,0.015811327651338872,0.12467245983170466
39,0.06841742583107767,0.7960809049555597,0.0007488860952206884,0.009905679802329391,0.12484710331581231
40,0.08841510879457407,0.729189011891784,0.0014198348118416072,0.008511905668424979,0.17246413883337536
41,0.15500782435719604,0.6366332265724224,0.0014529200626054622,0.010025185637179121,0.19688084337059691
42,0.09102525301556329,0.7295618862853013,0.0003683650227308918,0.00496417073837843,0.17408032493802603
43,0.10289883520233406,0.6457725855243074,0.0007084756539003892,0.0032965867983871817,0.24732351682107076
44,0.21117153482920187,0.467430381229327,0.00073243859025816,0.020252124293595717,0.30041352105761715
45,0.01141241808189942,0.17185049086913182,0.004062017974768868,0.0002891276194683671,0.8123859454547315
46,0.060597216514299564,0.0576081000992756,0.00038849816047722713,0.0023895036117766995,0.8790166816141709
47,0.06273644083789645,0.4230746215591848,0.000415204503972356,0.004060280315620973,0.5097134527833255
48,0.0027536713087426513,0.0027037622972570148,3.386281562811348e-05,0.0002055644557433813,0.9943031391226288
49,0.00560886240944389,0.009712549005196741,4.388721837932438e-05,0.0005073208632946348,0.9841273805036854
50,0.0027274159645760397,0.0018135214722440477,1.4621515717715053e-05,0.00027648197848731865,0.9951679590689748
51,0.005099746441972189,0.0012072517230610005,1.932835314809023e-06,9.168118017367484e-05,0.9935993878194782
52,0.006093932035822881,0.0013080837938827625,6.013275709222117e-06,0.00017994051227594512,0.9924120303823092
53,0.0049571194642398,0.000507900547513301,4.210546970572409e-06,0.00014473642774459256,0.9943860330135317
54,0.006292753632862831,0.0010789300450723932,3.1931642436410766e-06,0.0001932405256334502,0.9924318826321877
55,0.0018470346037259009,0.001769052991159398,8.922145724138108e-06,7.94995343025929e-05,0.9962954907250878
56,0.0031660320906375062,0.0004544061450595366,1.4565235059569654e-05,0.00022810420651819179,0.9961368923227252
57,0.0007337107669178378,0.00026151658878205566,1.588730506209714e-06,9.602551914120518e-05,0.9989071583946526
58,0.001587109541876081,0.0006855386734717996,6.723992660862939e-06,0.00013629381024589897,0.9975843339817454
59,0.0018561307581811252,0.0003273792380937607,9.034264486759433e-07,0.00036656702294714824,0.9974490195543293
60,0.0012052494091211012,0.0003325026412366426,1.935382285552714e-06,0.0001613107760521147,0.9982990017913046
61,0.004255701893403321,0.002732499013978594,0.00010051257397599248,0.001309101687841074,0.991602184830801
62,0.0009296455354053752,0.0002321948038175453,1.7967646951817886e-06,0.0006787214425497379,0.9981576414535323
63,0.0006571671685173313,0.0005877845836761779,1.5029113468994994e-05,0.0005183931530034146,0.998221625981334
64,0.0012298048507045775,0.00021401032955964476,1.6971719450193187e-06,0.00038535442345125065,0.9981691332243394
65,0.001210218449813554,0.0009259525477067871,1.6959533955785794e-06,0.0005409084445001101,0.997321224604584
66,0.008993554919579094,0.0040885598255437396,7.274576572949742e-05,0.0007004566495084324,0.9861446828396392
67,0.0037013321523486466,0.0023526924371816325,2.4414097631561998e-05,0.0009040018570975574,0.9930175594557406
68,0.004802306539742736,0.0024592108053810963,6.0351657338714174e-05,0.0008610511614886705,0.9918170798360488
69,0.020760922736875593,0.005963496645710125,0.00010626953190348471,0.0004306861733764236,0.9727386249121344
70,0.09357626351264309,0.008638738700730262,6.419431461323465e-05,0.002496555012066297,0.8952242484599471
71,0.1403200083777679,0.014613217399769684,0.0001476917009811926,0.005284151586496716,0.8396349309349846
72,0.4608696936193633,0.07492589182581375,0.00014828647953854944,0.0088000262887424,0.455256101786542
73,0.4772494638998658,0.053543628623966305,0.0002779557313844339,0.05677431720504058,0.412154634539743
74,0.014787850077766354,0.006019715334789795,2.5054708386969283e-05,0.007859194330953034,0.9713081855481039
75,0.09031108275952866,0.02792535010385493,2.7791192814986988e-05,0.018032052928914417,0.8637037230148871
76,0.22137513755652197,0.055087122295404474,9.504006115131116e-05,0.014594544706718442,0.7088481553802037
77,0.05244946338441533,0.018351457652706363,5.873472391203276e-05,0.0037533713347785154,0.9253869729041878
78,0.00338862722222532,0.0018888682327451588,5.769105940646626e-06,0.0007455468276840784,0.9939711886114048
79,0.005951134606727407,0.0046004351043078,1.9031923963800406e-05,0.0007297393911374286,0.9886996589738637
80,0.002614009761163855,0.002731792307893445,4.835138963195512e-06,0.00032617970284842715,0.994323183089131
81,0.02418964966451356,0.0013454968086731053,3.6908312517596554e-06,0.0004635493890450144,0.9739976133065165
82,0.08081800428422707,0.003367135867855932,5.275030282611754e-06,0.00035098254198792325,0.9154586022756465
83,0.01034699776575202,0.0036226676073548274,6.392778027747204e-05,0.0007589234849042459,0.9852074833617115
84,0.005834675126073706,0.0012677558316352125,1.0062154575790816e-05,0.0005459948269380982,0.9923415120607771
85,0.003716459941556226,0.0009043407781547451,3.777292340780762e-06,0.0003249738236629526,0.9950504481642853
86,0.005790839680161998,0.0011758289089180143,9.380285985210719e-06,0.0005783971612190389,0.9924455539637158
87,0.012348174358638005,0.012429429158637971,0.00011194394514452117,0.0018480601967671103,0.9732623923408125
88,0.023798669863261047,0.003787434828657938,6.735137853544673e-06,0.0008525250661897815,0.9715546351040377
89,0.022537958405280074,0.0058116938554104705,3.7772249129607714e-05,0.0015502981065677027,0.9700622773836122
90,0.03689281607059842,0.01782222373077473,0.0001333024636842264,0.0005118672231679671,0.9446397905117747
91,0.009129169525021878,0.009009965205543308,4.221165786870626e-05,0.000299944759232426,0.9815187088523336
92,0.008858710431391399,0.005896391516613935,3.7310983952560536e-05,0.000375086155436708,0.9848325009126054
93,0.029938564805260623,0.007383658293502545,6.327788766844944e-05,0.0005543796053930798,0.9620601194081754
94,0.22469484312146784,0.029693707018951226,0.00042605440522837477,0.0023106538690979067,0.7428747415852546
95,0.010697477284274837,0.006612724568301496,4.1374048877968114e-05,0.0019317410167083832,0.9807166830818373
96,0.002924348034288498,0.003612233605371793,2.5854337329508314e-05,0.0005020594003945328,0.9929355046226157
97,0.14419561931499228,0.01961562975127671,0.0005424033791185702,0.003581540713407323,0.8320648068412052
98,0.3085043768336558,0.08411933626723624,0.00035902565953498485,0.007439596793718899,0.599577664445854
99,0.06065040511138328,0.09105843375288464,0.0013770992355570855,0.003302813389329462,0.8436112485108456
100,0.00409655666877292,0.006439821375154253,2.5486813476690356e-05,0.0007470716315128429,0.9886910635110834
101,0.0026656313300876993,0.0032840223296018876,1.2159974882929395e-05,0.0012587313354869975,0.9927794550299405
102,0.00626965157836831,0.0024164118736043224,1.3840581163630608e-05,0.0005769134293851037,0.9907231825374787
103,0.020044136446471503,0.003965849755146975,2.297654291442604e-05,0.001303849590761294,0.9746631876647057
104,0.1213959896667961,0.018604803097114934,7.956226115505266e-05,0.0057749205115926,0.8541447244633413
105,0.18059699468324222,0.019532695072139103,3.6593293862176516e-05,0.021378209975876063,0.7784555069748804
106,0.02847531718354378,0.01628650087686886,3.543970309204459e-05,0.004815362171019509,0.9503873800654757
107,0.40333742525582317,0.11827685009557631,0.0008657489248729231,0.05492063836893678,0.4225993373547908
108,0.3656299479634964,0.09501058607937106,0.000751564095806086,0.03904739836259609,0.49956050349873043
109,0.47859244379709565,0.17129715249333122,0.0011673756190490729,0.020314917590288323,0.3286281105002357
110,0.2912042565865529,0.3387708691517022,0.0008266166003856684,0.1016229319386916,0.2675753257226675
111,0.22368821977060271,0.44507615000086764,0.001759628245644093,0.06317297968958076,0.2663030222933047
112,0.3405957782059968,0.39444229329662667,0.0013394448935537125,0.16009408574355918,0.10352839786026369
113,0.15392304674933888,0.7553849212127185,0.0017929747103709983,0.05202806562164355,0.03687099170592806
114,0.032883981948370965,0.9400980819787127,0.0039976133148342695,0.00562795671201832,0.017392366046063642
115,0.11495631593627706,0.7741778346313712,0.0038284810987019215,0.029616753712676032,0.07742061462097381
116,0.3685518059442182,0.5411549755739619,0.006898480543146009,0.04303678883281845,0.04035794910585553
117,0.043666382298964,0.9168616233507706,0.013809113446259826,0.01236125762115418,0.013301623282851404
118,0.14012139949416902,0.8048629293223758,0.02516535163623061,0.006428947650988058,0.023421371896236644
119,0.027254518580459595,0.9316080690866376,0.03459385092993255,0.0022901545231303923,0.004253406879839613
120,0.058853967329738806,0.8862955490084516,0.008278286862577484,0.03444580425703044,0.01212639254220138
121,0.04791382418315025,0.8939184047737918,0.016459694052721137,0.030938456576790313,0.010769620413546326
122,0.016752689305688923,0.02320682997507813,0.002326807021641297,0.0006174754358131642,0.9570961982617785
123,0.003815643221166452,0.003212781782206056,0.00010688734107603015,0.0004930516942972046,0.9923716359612541
124,0.0013520198127948834,0.0015413388857877523,1.208509313982997e-05,0.00021845464882863457,0.9968761015594488
125,0.001215753789851667,0.00039463388013642346,2.7272159844237e-06,0.00020275950236668138,0.9981841256116608
126,0.0024969887408558817,0.0008040915676964988,1.0006340095894837e-05,8.898938656905377e-05,0.9965999239647828
127,0.0032697813191200843,0.0018085655850209987,6.391913177114462e-05,0.00017119613462459628,0.9946865378294631
128,0.0003592188029835928,0.00018063367681452232,1.4914688114462511e-06,5.3159361090198856e-05,0.9994054966903002
129,0.028399683256587944,0.0032349544808518388,4.961765495039017e-05,0.0019810543867532144,0.9663346902208566
130,0.003311394623661884,0.0025028187071218597,2.694206114155099e-05,0.00990097177141021,0.9842578728366644
131,0.0031584363081731954,0.003139339973944313,0.0032422302940364888,0.0005290858705083435,0.9899309075533377
132,0.0006089056795985683,0.0004354264852929988,6.988076758618016e-06,0.00017669154977885724,0.9987719882085708
133,0.0008059349429358297,0.0006370656679260852,3.7275619187967863e-06,0.0003197364145163103,0.9982335354127031
134,0.0009932256218426203,0.000616491113118349,3.6404813030064393e-06,0.00034845690415995196,0.9980381858795762
135,0.007438089202692556,0.002635928190418964,3.4208148442935815e-05,0.0007745587393611035,0.9891172157190844
136,0.07471624917790462,0.003397202790222477,2.148995030730684e-05,0.0011651911984631419,0.9206998668831025
137,0.02345040367673081,0.002600252270680948,2.2790875270693994e-05,0.001118198190118251,0.9728083549871993
138,0.04216565930002221,0.01645353576207306,0.0001487640332526446,0.004903741324853633,0.9363282995797985
139,0.0029972052604202073,0.003737848351671495,1.6165607881881613e-05,0.000655430192999615,0.9925933505870268
140,0.008056875695110188,0.006657787748975816,1.0048362277070201e-05,0.00212272344789438,0.9831525647457426
141,0.007679301874026473,0.0030163118759380797,7.781636750698476e-06,0.0011126967640134383,0.9881839078492712
142,0.16818983417321387,0.009486646160203407,0.00013620827199523444,0.0022527579640616974,0.8199345534305258
143,0.15844640825528652,0.03546294066595485,0.00022894640569015335,0.0036447764899465553,0.802216928183122
144,0.13115000345158942,0.026145255885694448,0.0001710970911033904,0.014047980566956931,0.8284856630046559
145,0.06507674514492418,0.02468651812692571,0.00011810607432321904,0.029716649776587906,0.8804019808772391
146,0.01145019976807774,0.024122290161663187,0.0001899246198541964,0.005450354108440638,0.9587872313419642
147,0.06229616162410195,0.03259779132431338,0.00015991959243948133,0.01033163756839515,0.89461448989075
148,0.011499056576504341,0.010146157086142565,4.4455822508126455e-05,0.002071002650525833,0.9762393278643191
149,0.005679921456626305,0.004912729876191993,1.6358303699934014e-05,0.0020152631692727137,0.9873757271942092
150,0.034438913753288516,0.009097068394130192,4.5963472977635024e-05,0.0031009096141787736,0.953317144765425
151,0.020449134201430765,0.004297085027416506,4.592837667039296e-05,0.0015636689853180787,0.9736441834091643
152,0.005446010625991517,0.0017336789749612268,0.00021277167141372442,0.0013546521659394972,0.9912528865616941
153,0.06334862332725957,0.018829708675354342,0.0003513213685413251,0.004784618326747557,0.9126857283020973
154,0.007098970348684333,0.005404476194095777,6.74272140212732e-05,0.0027216984212993503,0.9847074278218994
155,0.10622046332143734,0.005704658132339608,3.778311890797728e-05,0.002113820548530526,0.8859232748787846
156,0.07670744899843196,0.0043932571543924895,2.5335764560089613e-05,0.0008622646092708206,0.9180116934733445
157,0.462342679295804,0.019413826131004345,0.00010695999330294997,0.007009742898352944,0.5111267916815357
158,0.33603925198228457,0.09617614827355299,0.0003207181209798553,0.0027873598850241895,0.5646765217381584
159,0.03925498117037985,0.01888117444054479,7.549224197437641e-05,0.005351228067790001,0.936437124079311
160,0.47101366077203355,0.07242273281998084,4.747745190353967e-05,0.039560539406540036,0.416955589549542
161,0.6260683123116391,0.10314797479010927,6.34045911233683e-05,0.10118250376328179,0.1695378045438465
162,0.14884444228434962,0.03835226224034573,0.0002906964573798437,0.25448186626509645,0.5580307327528283
163,0.03146594766060917,0.00819296433214919,2.2441955911994316e-05,0.0046555302130742455,0.9556631158382554
164,0.33520288581543545,0.0380540766917994,7.119993241134084e-05,0.10396364350095937,0.5227081940593944
165,0.6206058494297282,0.11214347550127424,0.00026626918232730936,0.08653472126402059,0.18044968462264985
166,0.152630648676758,0.7860690443364929,0.0009084064144376302,0.027522133271052355,0.032869767301259185
167,0.2754090326742537,0.5441689172842603,0.0016110695132659722,0.13255317907932665,0.04625780144889351
168,0.41503058995724407,0.32532874504915377,0.0021441942176778435,0.14369758040134928,0.113798890374575
169,0.09457293444038478,0.7503287413987354,0.001644470581914946,0.12409953532281617,0.029354318256148638
170,0.2520768130733756,0.4734880051154952,0.003093081384036696,0.16227922226335634,0.10906287816373608
171,0.1951803989592946,0.6943667989317447,0.002812844152362072,0.05204047947232207,0.05559947848427672
172,0.16127868669682757,0.6785163945143506,0.005164392463379491,0.1099210312222159,0.045119495103226416
173,0.14615385159150637,0.7629360287429845,0.0015962289796848704,0.06589391153465121,0.02341997915117315
174,0.04391248381085052,0.9292040908823029,0.0035078316468308097,0.016724232025967834,0.0066513616340477715
175,0.05064178049433482,0.8932514181563034,0.015890555976943326,0.021082244561565027,0.019134000810853386
176,0.04781423063003756,0.8840354832412481,0.016157989044525062,0.03940804114766094,0.012584255936528212
177,0.02214660121531948,0.9521750199195862,0.007440067027947437,0.012953686277425323,0.005284625559721659
178,0.03262320240189732,0.9266287568182299,0.01689626339555604,0.012382206722954904,0.011469570661361535
179,0.01062020901369993,0.956846284784471,0.026262506453628882,0.0016096314429050037,0.00466136830529514
180,0.02621143021354804,0.9410326857237147,0.01576310989289824,0.005201703527798604,0.011791070642040503
181,0.02970927090206776,0.9312733367594149,0.025027891625795523,0.0037565383064285893,0.010232962406293348
182,0.04707212206071247,0.8658876240387302,0.05845593117455395,0.00662310290743136,0.02196121981857213
183,0.05458929654153045,0.9199691847399684,0.018091760854871932,0.0025310194654699493,0.004818738398159385
184,0.019278731689440914,0.8907054502474686,0.07724065392290302,0.001232653513812259,0.011542510626375254
185,0.058530883162935254,0.8972218688248877,0.033624927699893524,0.002559076330991229,0.008063243981292373
186,0.013958089760996713,0.9697551287604538,0.012722283830629781,0.0007324348755495939,0.0028320627723700796
187,0.005403013912116533,0.9673327520910904,0.02559507560118412,0.00025031180036892334,0.0014188465952399097
188,0.01067310166492636,0.8765106679073931,0.10840861739187485,0.0003371804818475259,0.0040704325539582895
189,0.004090475764167317,0.9028172405649387,0.09063768118091871,0.00017125140706140398,0.0022833510829137777
190,0.010875782026124525,0.9345779542489995,0.05177788581778373,0.0006348507893383274,0.002133527117753892
191,0.002512464220887536,0.7882518316360814,0.20778727649008452,0.0001219877003110072,0.0013264399526355585
192,0.006770806856965467,0.8656093438446847,0.12566016623973963,0.00031461788826473705,0.0016450651703453494
193,0.045147674271129354,0.852226696594618,0.09378009182088923,0.0027802277430743804,0.006065309570288838
194,0.003252455460467476,0.8961539378875517,0.093923205891238,0.0018665983052613114,0.004803802455481416
195,0.03313932691660978,0.009581989652065146,0.00019941627932823164,0.0073708284398038,0.9497084387121929
196,0.008555789014477401,0.004384965243222542,0.00020307615844938364,0.008295079088960369,0.9785610904948904
197,0.003760556628977009,0.009605055802840115,0.00022573230537670805,0.004519718247960035,0.9818889370148463
198,0.01058413640620084,0.008678368880250623,2.621045808338333e-05,0.0016850219473524672,0.9790262623081126
199,0.023708987942335412,0.009031486440763995,2.9858191808328204e-05,0.001027193255881207,0.9662024741692111
200,0.011026338455299647,0.014365850412056493,3.079381004168895e-05,0.0013747574140742078,0.9732022599085279
201,0.0068935028222103165,0.0014016059635795577,4.726202131007313e-05,0.0007108757752470409,0.9909467534176529
202,0.003780167284497179,0.0015593545268535922,7.0309352210788084e-06,0.0014904273269695577,0.9931630199264586
203,0.0057892211164188665,0.002033870202448272,2.082574702692439e-05,0.0017001204898697648,0.9904559624442361
204,0.01299363011517782,0.0038427268077184007,0.0001280153565868151,0.002116621082442797,0.9809190066380742
205,0.009723212783330383,0.0028900493050781732,5.255160206951965e-05,0.002359942717469593,0.9849742435920522
206,0.11534902876852404,0.005063071686445236,6.61707074050876e-05,0.005249480597054076,0.8742722482405715
207,0.10036130557856866,0.025914469182425744,0.0001926053484305513,0.007929036266300834,0.8656025836242741
208,0.009218232714292049,0.008265456171009662,0.00022082598203252638,0.00659157282176367,0.9757039123109021
209,0.006404836649001613,0.007857634610450635,6.031640055937252e-05,0.003618178770098789,0.9820590335698896
210,0.037947527308304786,0.008147619733025104,8.576759614478833e-05,0.010671828059498801,0.9431472573030266
211,0.1728281505353092,0.03165441360854632,0.00017282505726405384,0.007858998812567918,0.7874856119863124
212,0.029401991434811016,0.05481076656037567,0.00037030384215114336,0.015054423797499829,0.9003625143651622
213,0.015523087090327436,0.055697947367441866,0.00034116275010758363,0.007827567021500746,0.9206102357706224
214,0.030133599393953072,0.03134341370893653,0.00015966906759418533,0.009876727733772805,0.9284865900957435
215,0.31390719106809617,0.022582970875934378,0.00018303748627771714,0.010703781957803464,0.6526230186118883
216,0.5521225499935195,0.06925283314431159,0.00043128196738986287,0.030648136480446127,0.3475451984143329
217,0.5759860835033035,0.12266490085783972,7.305764346010187e-05,0.1638304090657778,0.13744554892961885
218,0.1860739924493843,0.059480339485549455,0.00023083245769808962,0.13102796441288025,0.6231868711944879
219,0.02508294907544665,0.02408114410314309,4.012694621375396e-05,0.018646616489472325,0.9321491633857242
220,0.3398094503195479,0.06969112483084366,4.357914137196381e-05,0.08170981588316416,0.5087460298250723
221,0.3761296284069459,0.10066588938493949,8.591455939375414e-05,0.15218535555396387,0.370933212094757
222,0.5018675496879106,0.0738635776226237,6.793874179295304e-05,0.20007294611485799,0.2241279878328147
223,0.3240096255464295,0.17671829595944472,7.027999194837336e-05,0.443993201120955,0.05520859738122253
224,0.17127162446040686,0.35312233142190597,0.0006902035351204789,0.1850784034889685,0.28983743709359816
225,0.02256579681588574,0.01964651639475487,3.8861337742171476e-05,0.012169006909286299,0.9455798185423309
226,0.025356836864355827,0.012249282149402968,2.774763881044031e-05,0.004187317776488597,0.9581788155709421
227,0.2919476018905992,0.10938322818992169,0.0011722591656035891,0.08881574367934857,0.5086811670745269
228,0.5370687487411685,0.21581166455649192,0.0005135126492450522,0.01643254019516397,0.23017353385793055
229,0.36873485262378136,0.3858294756180759,0.0007793886496894987,0.03708335103335969,0.2075729320750935
230,0.44542040584234893,0.335742841331617,0.0017795377814472143,0.0740607746106847,0.14299644043390222
231,0.1506452366538957,0.7536431147442099,0.0010917449526665758,0.0672197390537984,0.027400164595429616
232,0.07959973452521936,0.8436958073539038,0.004858729674018589,0.05623787002068978,0.01560785842616854
233,0.20452051863386522,0.652922536132336,0.002390025763800135,0.11065531168708936,0.029511607782909368
234,0.24875290468216976,0.6018089482096294,0.0021236218461686113,0.10430802899982725,0.04300649626220495
235,0.06392588774558036,0.8935401540484798,0.0011790767675527668,0.022514157191558606,0.01884072424682848
236,0.0450865199870522,0.9003620585399911,0.002714017773798215,0.04015912530724948,0.011678278391909259
237,0.06833595844620423,0.8904779556955319,0.012230920774503206,0.01922241347468757,0.00973275160907297
238,0.3124077504458579,0.571114240371184,0.009198966938811996,0.07641983602499995,0.030859206219146174
239,0.1568415704853758,0.7647245579638462,0.012297467618624583,0.042201545266696366,0.023934858665456964
240,0.1727386995879012,0.7671850247100673,0.014444552648440315,0.02133421414235458,0.024297508911236623
241,0.15389834178002174,0.7966737716311316,0.009638179363610734,0.023526583296026665,0.016263123929209162
242,0.028724101588507047,0.9210411890510449,0.04222099347039876,0.0032568464889018846,0.0047568694011474195
243,0.056537961260982816,0.908370041066389,0.006269818719500923,0.012858795504960493,0.01596338344816672
244,0.07028369665680909,0.8598292678564569,0.022432224480482137,0.021903641082975555,0.025551169923276367
245,0.01217386398042836,0.9742245641354674,0.007583157931797242,0.0028044246961480097,0.003213989256159019
246,0.0675162321111203,0.8598861935063958,0.02334184501939462,0.009439418031801271,0.03981631133128816
247,0.058640367418965805,0.87355148887437,0.04296621451100256,0.007079114736065827,0.01776281445959598
248,0.05091482040937189,0.8961345183450423,0.033179430146740886,0.009782706818576571,0.009988524280268451
249,0.011888321194540918,0.8729351929399075,0.11014492056690281,0.0017813396552286709,0.003250225643420151
250,0.016559231386911386,0.9145984253799901,0.05363824184269972,0.007771706947417122,0.007432394442981518
251,0.01305941476205457,0.9550531727139211,0.022427379448456696,0.005907565623656745,0.00355246745191107
252,0.10059798453890548,0.2375116842262881,0.011938584186878496,0.03341285478797577,0.6165388922599522
253,0.17778645883235608,0.6611841480941895,0.004318149143855387,0.023632504291726884,0.13307873963787206
254,0.25314459571036896,0.5673929727298471,0.002282189213634308,0.010069555691750916,0.16711068665439865
255,0.6688014772594627,0.09880945817306679,0.0007078507390785518,0.009677514580088262,0.22200369924830368
256,0.6458038591635967,0.24778491196900618,0.0008909791164099474,0.048490639864364624,0.05702960988662253
257,0.32264913011646973,0.4827858703563691,0.0012573519402987064,0.05020927922082875,0.1430983683660338
258,0.029476410830476495,0.9367168026047702,0.0018620599849794141,0.025677068165078917,0.006267658414694994
259,0.06179750338026911,0.08886718850252438,0.0009208163947785619,0.015347851285320607,0.8330666404371072
260,0.30549378662967425,0.33885802525218345,0.0022837991179051843,0.03014775477934267,0.32321663422089447
261,0.23468011388690482,0.6379933130092899,0.0024826094077379218,0.03242994457838844,0.09241401911767902
262,0.1752288199985712,0.8013894985435926,0.0005975134849679572,0.009482759311709747,0.013301408661158335
263,0.36782560153588273,0.5994762454178192,0.001625673639090068,0.011679309293053157,0.01939317011415482
264,0.1533193002290857,0.724236308268588,0.008230986026468375,0.01004439454348237,0.10416901093237543
265,0.34820846037326375,0.431415980772644,0.0012697080384184518,0.14400932398355146,0.07509652683212226
266,0.135289614464408,0.7260868483199769,0.0021614400538235816,0.10624544898886992,0.030216648172921814
267,0.21772341751149574,0.3854996917465461,0.0006096365165043953,0.10000057885430312,0.29616667537115066
268,0.09133230307598603,0.837343910259253,0.0008079668502165668,0.03675782833842966,0.033757991476114586
269,0.02566257729952042,0.9364680719441488,0.001489023958068265,0.02472380867831031,0.01165651811995214
270,0.03424065571343946,0.04907356268964699,0.0008687883090341108,0.0012284165482704809,0.9145885767396089
271,0.289158017723783,0.3640350936005317,0.0025838483526660666,0.02811743392353163,0.31610560639948754
272,0.18981703307944192,0.6653656683976411,0.00034493115119640255,0.019112018397548836,0.12536034897417175
273,0.17483049196689476,0.13058101670543026,0.0002540385787871134,0.02763751734580874,0.6666969354030792
274,0.008368580526527471,0.01097519356882402,0.0007482567516185104,0.0020285250018299804,0.9778794441512
275,0.003877893882785664,0.0017518361890158708,1.9972402431754354e-05,0.00034335988977251126,0.9940069376359941
276,0.001634189819293513,0.0009419268041760055,1.539961945460239e-05,0.00029084647115396614,0.9971176372859218
277,0.005275463306693849,0.0012863299517354688,4.8956509283380266e-06,0.000635080942783793,0.9927982301478584
278,0.09246255461265276,0.050220063761834154,0.0004297499425801974,0.006262185353959131,0.8506254463289739
279,0.008981258556942843,0.002996015350436647,2.8630270391109898e-05,0.0016985745356679891,0.9862955212865614
280,0.06252938845969551,0.02155056587551806,8.674240388754582e-05,0.005016832614925812,0.910816470645973
281,0.232152671711022,0.0845799020965387,0.00047202337453924854,0.014928121891262061,0.6678672809266379
282,0.0695049612936637,0.04746801397193482,0.0007540243966351018,0.011865278838904439,0.8704077214988619
283,0.010313914363940743,0.01756947898142385,6.649257660934985e-05,0.004173309063867737,0.9678768050141583
284,0.04433674794260204,0.020788207157529343,5.1385780304114905e-05,0.007712810498574217,0.9271108486209904
285,0.41079195486360404,0.05212022098275639,0.0004599347927375251,0.05026616533747634,0.4863617240234257
286,0.4320926400757824,0.19532394111835114,0.00025684990575746504,0.13641414061782237,0.23591242828228662
287,0.07367664318950627,0.05853105440047442,0.0006908839512620724,0.12101702424946373,0.7460843942092935
288,0.010944345475419568,0.009562694333369369,2.4998485997464874e-05,0.010561088569241489,0.9689068731359721
289,0.10172496637088731,0.036171349301918676,0.0001320194550811613,0.03381550620834179,0.8281561586637711
290,0.004295170258330347,0.00419528095029572,1.275603937597036e-05,0.0034648495547674137,0.9880319431972305
291,0.1849394136563795,0.034618247627910444,0.00029940543309756523,0.031644252700552725,0.7484986805820597
292,0.008003476985541018,0.0030085416152231584,8.290955227424702e-05,0.0036925938404732926,0.9852124780064883
293,0.001749605864042736,0.0009733429692945569,4.163563814302852e-06,0.001703006630021975,0.9955698809728264
294,0.001082068795229849,0.0007040292798348521,0.00012840422967353828,0.0007590108739631002,0.9973264868212988
295,0.0009922278497787186,0.000687790540678932,0.0001435651775583489,0.0006791037795377353,0.9974973126524462
296,0.002498506495424875,0.0006491835662628883,0.00014397448418677488,0.0010547110185647164,0.9956536244355608
297,0.0029249850634607355,0.0006572909611050826,0.0007896436752825026,0.000986920453404698,0.994641159846747
298,0.0036937916963326743,0.0021096528310765934,0.00041820615265623505,0.0009008723492666247,0.9928774769706679
299,0.007239619011624809,0.00145390921109707,0.00011830458822901621,0.0009313564307196963,0.9902568107583294
300,0.01815468136619173,0.004351333526188285,0.00013653372833245185,0.0024655140919128513,0.9748919372873748
301,0.17321586936072952,0.017741553889531917,0.0005738310985641045,0.008375199767712229,0.8000935458834622
302,0.39941936385082644,0.13152189482611476,0.0006940326602284278,0.016364294147502213,0.45200041451532813
303,0.2537986202760853,0.32252538630528305,0.00046489874604251,0.11033293089290946,0.3128781637796798
304,0.28732034647038013,0.18453133933685095,0.0006064753156380739,0.2719865214478792,0.25555531742925164
305,0.25913963439949145,0.14413684375890426,0.0008018590883800934,0.43936890004819895,0.15655276270502533
306,0.19015206211143706,0.21691823521288042,0.00046532337709852045,0.5105492829001654,0.08191509639841854
307,0.060044694450864876,0.02830722384925529,0.00012438593832548672,0.021524483342837984,0.8899992124187164
308,0.28022455579815014,0.06387868113820003,0.0022221722406367372,0.05257931276422056,0.6010952780587925
309,0.012744638649618301,0.007482968614497451,7.989581818695016e-05,0.0016249730962272838,0.97806752382147
310,0.028101987180196266,0.00442785147491676,6.001048432892936e-05,0.0018904741438163291,0.9655196767167417
311,0.015067437641107613,0.004593826548307592,0.0003966538418454967,0.0015131470967250937,0.9784289348720142
312,0.03370311853390125,0.005679736615948211,0.00013361716429036443,0.006510373539275612,0.9539731541465845
313,0.09215381650746986,0.007706101610177845,0.0004564727347732304,0.015673904733178555,0.8840097044144005
314,0.0716825671661983,0.009763727105458914,0.00018556783009265586,0.0066919064098170545,0.9116762314884331
315,0.027177593106309263,0.010844926912384534,0.0005218680180492481,0.006179140216565418,0.9552764717466916
316,0.05555983525168516,0.027304016961243283,0.00010941125779810701,0.07150773912796611,0.8455189974013074
317,0.00524247607802642,0.006974508374201132,0.0008525954757651999,0.001444182033819653,0.9854862380381876
318,0.00443965268573913,0.005100496909922489,0.00020271702357344213,0.0011220936586676827,0.9891350397220973
319,0.0052051353645243825,0.003752975112750284,3.899294161329859e-05,0.0016554872267341835,0.9893474093543778
320,0.014352165063679026,0.0038780235182908464,1.1251694447419838e-05,0.002502036267946532,0.9792565234556361
321,0.5204297522707371,0.03701875358151103,7.258419879030972e-05,0.005356079603696689,0.43712283034526495
322,0.47932039331145054,0.06398636530762647,0.0002134995047050276,0.015590520683975163,0.4408892211922428
323,0.056821579150416496,0.12586674101582326,0.0024119357859180434,0.015890823648216472,0.7990089203996257
324,0.006678697612217952,0.02444470462167866,0.00015828234599721922,0.004376503069202957,0.9643418123509032
325,0.017853351462020318,0.02733704103802575,0.00012124140712313394,0.006017045415916693,0.9486713206769142
326,0.38437457041578127,0.1660146241938692,0.0009340313237168764,0.025074908894549813,0.42360186517208287
327,0.2511037134205652,0.24440932805865903,0.0009649444602996544,0.021071575894136295,0.48245043816633976
328,0.03945472363418743,0.19038464561552917,0.0038476753761656156,0.01850134810888446,0.7478116072652334
329,0.005960369925289973,0.028077812162101003,0.00030991634503931047,0.006781479839795892,0.9588704217277738
330,0.01020825462939574,0.030503608868437414,0.0003248428816167592,0.012764429965393469,0.9461988636551566
331,0.13852854259970057,0.03609042691439169,0.0005232963594993327,0.02153442612906244,0.803323307997346
332,0.16184159222457112,0.04296665090448976,0.0002261703968118423,0.00961185067947515,0.7853537357946522
333,0.29175985460851844,0.3074144413561364,0.0007341375377601671,0.02193032831206937,0.37816123818551584
334,0.0266671217900895,0.0462460791514617,0.0008554287047570966,0.010603346378236568,0.9156280239754552
335,0.02322531997334938,0.019764918857133953,6.555371551858862e-05,0.01464421976994334,0.9422999876840548
336,0.019245532461819807,0.01902662808372423,0.000183778671735111,0.009316275788953846,0.9522277849937669
337,0.030621238252770414,0.008383256795890897,2.7195576445683884e-05,0.0021787873679966186,0.9587895220068964
338,0.0162863852948208,0.01418514548156544,0.00033788967279220044,0.005806216601670961,0.9633843629491506
339,0.023218456024815034,0.009093233974909583,6.234345172114219e-05,0.006238562464454334,0.9613874040841
340,0.3836884645916891,0.06530367745835149,0.0005013672096814093,0.06940656704020223,0.48109992370007587
341,0.01797599366524652,0.011525314142091275,0.00044995799944145284,0.003137828948469571,0.9669109052447511
342,0.009600552415338384,0.008223885241995419,4.772112701460136e-05,0.0022425519379425606,0.9798852892777091
343,0.2599576900739077,0.11754617710736319,0.0005024895132134887,0.01272545696740513,0.6092681863381104
344,0.05140445486689765,0.06260723342820054,0.0003361677111153329,0.011248730151755964,0.8744034138420306
345,0.0039955997571903615,0.010846728061822934,9.693542100026723e-05,0.0015363672260362848,0.9835243695339502
346,0.030212096362241973,0.02982335182991425,0.00014033434564271913,0.005053986875403725,0.9347702305867973
347,0.003956872805593241,0.003936581009982031,0.00023589388536867915,0.0010532234333072465,0.9908174288657488
348,0.013073623785951815,0.004998749027151292,3.289859569302506e-05,0.002649791117260214,0.9792449374739438
349,0.009916521109202232,0.006570261332140086,0.0010354611061537057,0.003407364430569446,0.9790703920219346
350,0.053799723620557266,0.0069998187310454365,0.00020844321523780135,0.0023903661102776716,0.9366016483228817
351,0.46661717046431017,0.07838172795067168,0.001192629208133654,0.007041621091822285,0.44676685128506227
352,0.14258438321522054,0.04534450568707342,0.0006851726819836447,0.011555392689711081,0.7998305457260114
353,0.01849008161304033,0.006965480080711329,0.00010145805711048507,0.004784395903537538,0.9696585843456004
354,0.09332712313952311,0.013650818804774563,0.0006080785421244756,0.13175680667800121,0.7606571728355765
355,0.4131605136608763,0.10431295475349449,0.00014667121736476743,0.4122319373286506,0.07014792303961387
356,0.18214124401505888,0.06236839346584475,0.00012797395322204904,0.19030533051748288,0.5650570580483915
357,0.4033900533517691,0.08188955635159019,0.0006626019790619473,0.34413088812153625,0.16992690019604256
358,0.10647909054484508,0.15024366138654666,0.0006746437693049081,0.5245378367195,0.21806476757980342
359,0.023994042281959463,0.03940848097641855,0.0041113733376956525,0.7582284892848509,0.1742576141190755
360,0.05528836135920646,0.07503836337660445,0.009215597953321884,0.6002207948969915,0.26023688241387566
361,0.01091728326978486,0.05499662111578773,0.005580735345089207,0.7615016996413962,0.16700366062794203
362,0.029280382797642394,0.04520899980842281,0.011592047150926751,0.7243233816232338,0.18959518861977426
363,0.03868356688358544,0.13471073887547305,0.015643536879913527,0.6160404442109424,0.19492171315008563
364,0.020058239090571646,0.044076754316216646,0.008149003522992346,0.7407327296563279,0.1869832734138914
365,0.027776189568832467,0.050088648676799276,0.0007651334377880995,0.7419185132409549,0.1794515150756252
366,0.027543264329361317,0.04995310748961607,0.0036199503039309497,0.7517211951769357,0.16716248270015605
367,0.005413152118317028,0.008672230455632321,0.00010000327984348294,0.9653204226082291,0.020494191537977897
368,0.01017130266212229,0.010033414612879118,9.310767142237466e-05,0.9337284268159283,0.04597374823764795
369,0.014446379448457282,0.022382107051062486,0.001470283940173529,0.14043099268068654,0.8212702368796201
370,0.011082728897217009,0.006112840771757416,0.00016237952290609357,0.026268338244662272,0.9563737125634573
371,0.0034986225150078626,0.001157808637724499,7.12028855187212e-06,0.002885678950244777,0.992450769608471
372,0.004143393795114267,0.00254991092818897,1.835241421307801e-05,0.003144362968181384,0.9901439798943024
373,0.02021199390525056,0.008311794831642712,2.861438211032416e-05,0.0023265303084471986,0.9691210665725493
