epoch,N1,N2,N3,R,W
0,0.03640136307053192,0.00034426397283422277,3.920315455161891e-06,0.00010384847997948244,0.9631466041611991
1,0.008644380400781637,0.00018600442859324404,4.984084526198229e-06,4.661619902003729e-05,0.9911180148870788
2,0.02580370163520901,0.000508559197002213,1.4134732003766769e-05,0.00015857779484986886,0.9735150266409353
3,0.05615115317197437,0.0005305949384921431,9.054037029211772e-06,0.00011386642453696664,0.9431953314279674
4,0.052977807963064436,0.0002870568172014198,3.993023769352596e-06,0.00011000320216799519,0.9466211389937967
5,0.14138548049135594,0.0009155056450861541,6.077377725737785e-06,0.00020605970533791774,0.8574868767804942
6,0.23002624569548757,0.0012099251055731385,1.0391143913661037e-05,0.0008900426042485656,0.767863395450777
7,0.09224164983991263,0.0005210202644973335,7.80101604610136e-06,0.0004512099541597655,0.9067783189253841
8,0.16722607890799443,0.002092962227973598,1.1237938120525262e-05,0.0012093735781213897,0.8294603473477901
9,0.42418770504809894,0.003983918453299789,4.071827034168268e-05,0.003008748699723367,0.5687789095285363
10,0.7167914458097224,0.0015162224664395593,2.737960372060015e-05,0.005307523984550306,0.2763574281355671
11,0.5084592144582495,0.005279074743686428,3.622117359407012e-05,0.03161098729608903,0.4546145023283811
12,0.47488448922163373,0.03606904171240614,0.00017438222222461306,0.18889686398246827,0.2999752228612674
13,0.2502752144524465,0.039920272947003746,0.00010533811497487648,0.42296549656309845,0.2867336779224764
14,0.19082871900808276,0.013828701519011402,0.00010928376856704356,0.6185873957811125,0.17664589992322624
15,0.04427037733217572,0.010426324209945142,3.455704779264886e-05,0.21046954669859053,0.7347991947114959
16,0.29129839104670363,0.01715623443123938,5.358263177848541e-05,0.15021835288748128,0.5412734390027972
17,0.10121128500006663,0.15535361302234282,0.00038026637731216245,0.4344310028454533,0.3086238327548251
18,0.19233752023786166,0.1540962642043164,0.000150495565806364,0.4991143204602617,0.15430139953175376
19,0.10120630407554812,0.06822138324941457,5.704136203401714e-05,0.25368962782092724,0.5768256434920761
20,0.1179258763321812,0.6232246159938675,0.0011184812351114277,0.0790420353906824,0.17868899104815764
21,0.09721747612078382,0.2763695128671874,0.00012114694188073462,0.07662746126668867,0.5496644028034594
22,0.21112150859344167,0.07945524130851378,0.0001121890383410623,0.16964121104808053,0.539669850011623
23,0.028312820752279474,0.46964883289227055,0.0005522042032799579,0.025641871569588914,0.47584427058258116
24,0.11266243914019378,0.2750817109183429,0.00019518678290597822,0.038715068931670434,0.5733455942268869
25,0.016664315516321034,0.7481063841979761,0.00020644306640115533,0.007869180306565983,0.22715367691273555
26,0.009714060845518464,0.0939896362110933,0.004111419824544639,0.001107875135273731,0.8910770079835698
27,0.006735445439426045,0.0045978874312778886,5.503311554561957e-05,0.0002544566839738774,0.9883571773297766
28,0.39943127827837693,0.19385227987344072,0.00016136433055399005,0.003386995627609752,0.4031680818900185
29,0.054830008659441994,0.7417339025961018,0.007821369870385349,0.0010486143937668488,0.19456610448030393
30,0.2095630138638474,0.6308790825795738,0.0001673289366183289,0.002463803619309436,0.15692677100065097
31,0.07794946233203152,0.8477157284425915,0.0030620002461507166,0.0027959845904152844,0.06847682438881096
32,0.06910079565107514,0.8795241463223535,0.001027529328571616,0.0024489891508714876,0.04789853954712825
33,0.0389394844509562,0.9493503573669363,0.0016352733417578644,0.0011580432614663877,0.008916841578883164
34,0.008529809893545555,0.9741235942529703,0.0115872727525805,0.000174626360538351,0.005584696740365466
35,0.003127788798706315,0.954153030817763,0.039201219462175224,0.0001100604870441774,0.0034079004343112013
36,0.004633343459744352,0.988100404385209,0.0032440137369684394,0.00020965586118400166,0.0038125825568943797
37,0.006360746959055813,0.9832055162894225,0.00804058004201876,0.00014499016120424907,0.002248166548298751
38,0.009502560174864776,0.9695759877485278,0.015699633316280867,0.0001415405666829112,0.0050802781936435835
39,0.010378837015977506,0.9851709287521003,0.0026663127919027674,0.00011511680857184111,0.0016688046314477047
40,0.00928734160732551,0.9818744231728274,0.005897560217706604,0.00015346539748677565,0.0027872096046534915
41,0.0037752134120348302,0.9696748337921934,0.024726754211472992,8.265693705537168e-05,0.0017405416472433175
42,0.007653609046685541,0.9506932366747537,0.038789369195883425,0.0002369554351736701,0.0026268296475035866
43,0.005375574283329457,0.9720919492853813,0.01723413211308039,0.00019996612654340595,0.005098378191665195
44,0.002238090020040145,0.9066706980985566,0.08897332171691173,0.0001234085724464336,0.00199448159204528
45,0.0022544849239635764,0.616751330848653,0.37744588534249424,8.463698573950084e-05,0.003463661899149708
46,0.001210163878219605,0.8889598728897071,0.1076782543786464,7.673137346210458e-05,0.002074977479964776
47,0.0018627325119028979,0.5323159550791886,0.4626924812989464,0.00011296923760308385,0.0030158618723588404
48,0.001602377957443505,0.5929014035751916,0.4028477477870086,7.561834855065913e-05,0.002572852331805811
49,0.0012561525009043032,0.662298230928938,0.33397202115719327,5.6376823069778305e-05,0.0024172185898946956
50,0.001315652445041543,0.5299898841260182,0.46691417387362505,3.60868504410538e-05,0.0017442027048742
51,0.0011261629119021415,0.5103081247603095,0.4864443966715205,2.653576192228631e-05,0.0020947798943455453
52,0.0007942891604918663,0.3020745474080641,0.6948827363129223,2.9038403487032735e-05,0.002219388715034621
53,0.00043886540706535336,0.11886537836947911,0.8799107688046249,2.3238117020581857e-05,0.0007617493018099885
54,0.0010355830770006618,0.5018583341844866,0.49435781083706215,5.23791217210469e-05,0.0026958927797296668
55,0.00047609811505320204,0.17175410940894192,0.8263349535473217,2.9017722560798842e-05,0.0014058212061223876
56,0.0005128289139117476,0.18380763241523085,0.8145021853564948,1.3737989340016744e-05,0.0011636153250226438
57,0.0004310852709556716,0.15800146743574406,0.8397393982169225,1.7724028462247914e-05,0.0018103250479156521
58,0.0007182562776714878,0.20946196737120665,0.788047386364051,1.4401746077269658e-05,0.0017579882409935195
59,0.0013138728297181581,0.4688799755916295,0.5275952282671516,2.52863697198814e-05,0.0021856369417808325
60,0.00013665778037092257,0.0628219184282599,0.9364869933836774,2.978856601460563e-06,0.0005514515510904809
61,0.00022112226112622747,0.05946056546120532,0.939864952324786,3.298063157790113e-06,0.000450061889724709
62,0.0003336633197380133,0.16231393622877002,0.8355587371867691,6.8943260049408995e-06,0.0017867689387179495
63,0.00022273025268082286,0.058125965926139986,0.940383697885266,4.607890654394175e-06,0.0012629980452587486
64,0.00025330610793156496,0.15988262979177706,0.8389430968040915,6.676481001360488e-06,0.0009142908151985595
65,0.00011204519224393921,0.049122395461421185,0.9501507004591051,3.7819205927028666e-06,0.0006110769666370356
66,0.00022147946008151958,0.0950896931175743,0.9037564019760721,8.84255839537802e-06,0.0009235828878767138
67,0.0002749770759009057,0.09549307209889646,0.9034631606271869,1.4878535536021411e-05,0.0007539116624796748
68,0.0002743101316901426,0.0679755870308995,0.9306796341165979,1.6717442678098946e-05,0.0010537512781342144
69,0.0003885240920906026,0.10445724039706614,0.8916048842054807,3.67094190405544e-05,0.0035126418863220487
70,0.0004422465939668858,0.08124792653314612,0.9124040321886182,5.426205577846399e-05,0.005851532628490183
71,0.0008684039399806526,0.09199631568819178,0.90012450039533,0.0001345497881914767,0.006876230188306214
72,0.0009328897617915544,0.10901803797457973,0.852959311615235,0.000190375799902179,0.03689938484849143
73,0.0028949900619153297,0.24732589830392257,0.3322862917167325,0.0006907725909420458,0.4168020473264876
74,0.011965875845560614,0.002190262206725778,5.827816387255695e-05,0.0006956014850029238,0.985089982298838
75,9.950929275809322e-05,2.857364568144919e-05,6.458449140153511e-06,1.6386042071787367e-05,0.9998490725703485
76,0.04366148626386546,0.00013507455316012526,9.889752553323462e-07,7.127678409257601e-05,0.9561311734236264
77,0.06507313462517152,0.001474741651317122,3.266274275379226e-06,6.770838138094327e-05,0.9333811490678551
78,0.06748752544579453,0.012551399653735345,3.4056933953459255e-05,0.00011634589510336594,0.9198106720714133
79,0.7066344762143756,0.04389767063857065,9.239412685924785e-05,0.0058964281420319006,0.24347903087816283
80,0.09762841944554078,0.5234484996941045,0.0006049077873425516,0.012341609930565819,0.36597656314244653
81,0.0540638336690743,0.7642347029810477,0.001971567199568534,0.005710215740552171,0.1740196804097573
82,0.02875496000169865,0.8667836930622418,0.0032235776416525658,0.003359711636224242,0.09787805765818273
83,0.013286034200094958,0.9543696191569547,0.0056398262007303235,0.0016644480538928073,0.025040072388327228
84,0.06613857437683547,0.8993716706465736,0.0025708586725153365,0.004245532393123015,0.027673363910952542
85,0.03594091443747567,0.956355497905377,0.0002446939695246862,0.0020919579904592547,0.005366935697163504
86,0.06279184695812338,0.9037306795055362,0.0015708076249673023,0.0007944606703074224,0.031112205241065706
87,0.02958689649022562,0.9674877869793002,0.0008504259615347413,0.0004387432129937912,0.0016361473559459822
88,0.008985520922553242,0.9874411203870221,0.0012941157519024984,0.00015878739398342433,0.002120455544538517
89,0.003822070273824506,0.9740688700652926,0.020823434357694178,8.025240609271316e-05,0.0012053728970960102
90,0.005762309817428593,0.9753747976970699,0.016952007702062673,0.0003415364195020858,0.0015693483639368452
91,0.003584920590026783,0.955408973285429,0.03938512415073238,0.00018880938794765096,0.001432172585864248
92,0.005106530209771761,0.9675898401139256,0.025079426355992255,0.0006238153113754707,0.0016003880089347803
93,0.004833783068865969,0.9884209064259648,0.004810208255943783,0.000534733170742664,0.0014003690784830402
94,0.0027559518468930674,0.6809517137452221,0.31466459845431816,0.00018446966739878902,0.0014432662861678374
95,0.017528228885222496,0.9757126249026465,0.0029446225518334735,0.0006718977552308841,0.003142625905066507
96,0.00412616599519901,0.939758541635341,0.053736964864735316,0.0001397226782974032,0.002238604826426969
97,0.004636869784080927,0.9403450196136468,0.05262190901183183,0.00023001898252714075,0.0021661826079132853
98,0.003993889114878893,0.8933571244750664,0.1005279231609016,0.00019464908809754852,0.0019264141610556384
99,0.001549491151913157,0.927801180317999,0.06845240031059437,0.00033743229506069135,0.0018594959244328966
100,0.0009581796777525694,0.44463191299071325,0.5532778062422838,0.00018218560792751268,0.0009499154813226902
101,0.0021196351868457233,0.9042226342780787,0.0906754705767394,0.000281387537413862,0.002700872420922368
102,0.0022195348949920774,0.8561873180634375,0.13954381779600936,0.00029893633660572574,0.001750392908955293
103,0.0012289601385237147,0.5515154787342097,0.44564807676407187,9.875862007640767e-05,0.001508725743118191
104,0.00881312418061887,0.8263464691311836,0.1596528820619026,0.0005065391094058034,0.004680985516889188
105,0.0023946895039929986,0.30829211436689724,0.687168680264625,0.00011347837410641472,0.00203103749037843
106,0.0042521053877931925,0.841931134799693,0.15032917709518157,0.0002529107691890473,0.003234671948143155
107,0.002024878240065907,0.6194710978220203,0.37578481112363027,0.00018624344753635273,0.0025329693667472813
108,0.0008383492265572196,0.39545783144805796,0.6022490472725764,9.156434954037796e-05,0.001363207703267927
109,0.0012543300744374962,0.24425431796329028,0.7521278990289104,0.00010765004007693587,0.002255802893284838
110,0.006226989507113831,0.8385349910825125,0.14503172934428035,0.0011932303842345944,0.00901305968185867
111,0.0036108647703598728,0.6376899733542002,0.35388338955482374,0.000835093084539184,0.0039806792360769444
112,0.11411106703039961,0.5769262446446991,0.050923449826401436,0.0017930394939253448,0.2562461990045744
113,0.27293995404642696,0.06301153308217874,6.933267960741945e-05,0.0026806071808009677,0.6612985730109859
114,0.5522608960395723,0.11331778895067396,0.00012452162534985897,0.004159534632505964,0.3301372587518981
115,0.5959763931286522,0.35568202117455266,0.00028392843618293517,0.0012379600369220333,0.04681969722369
116,0.12427531848664262,0.8439821982262157,0.00663129404968584,0.0008787243887597981,0.02423246484869586
117,0.04056619199664301,0.9505495982841785,0.001094011573484435,0.001689008560216226,0.006101189585477805
118,0.25414881794532357,0.672336519828,0.0007053713282259848,0.02449182721206425,0.048317463686386175
119,0.059226184591520036,0.9266369206903686,0.0007737450160860602,0.0084438294769374,0.004919320225087907
120,0.05865870695608714,0.9240524558960452,0.002499903630314864,0.003647590231561308,0.011141343285991473
121,0.07760348001912015,0.9131937152352095,0.0015049066890575774,0.003957770553666317,0.0037401275029462964
122,0.031085651273097484,0.9341692892752361,0.02341258129431543,0.004137713234800472,0.007194764922550612
123,0.08400806713727578,0.8951338640541053,0.0014801469787745804,0.012861740846828392,0.00651618098301599
124,0.030439780451519356,0.9524889791260471,0.003273012529240524,0.006007531044273525,0.007790696848919572
125,0.011172416680512534,0.862168568130866,0.11381337523557983,0.0006220443050989513,0.012223595647942655
126,0.015066917943239342,0.9601551380803546,0.014844931361466305,0.0015892131093342974,0.008343799505605484
127,0.025963151020595585,0.9427044080850805,0.013768279575202482,0.00204764322177515,0.01551651809734622
128,0.027817666269223645,0.8748194971396475,0.026477628205391682,0.003378992873880626,0.06750621551185651
129,0.0035315589589385715,0.006650179686686217,0.0005114607237790001,0.00025957952840454073,0.9890472211021917
130,0.5723989027176402,0.23333403475282127,0.0007746777001103315,0.005953088165146629,0.18753929666428168
131,0.26866055411553474,0.5803251588172357,0.00428934360433013,0.003467409481836603,0.14325753398106286
132,0.1299922205306494,0.6730048732085946,0.004107435165727786,0.002137184590464319,0.19075828650456386
133,0.05162771006573659,0.8167378977249561,0.005278944658448185,0.02257333518621512,0.10378211236464403
134,0.09609679170887218,0.6633016919019805,0.0012542233547500298,0.08616640772595414,0.15318088530844315
135,0.0010080912420869716,0.0015786893622103918,7.141413311618866e-05,0.00018455534847110599,0.9971572499141154
136,0.7112484339030534,0.03350766784948503,0.0001551415528352324,0.017465138456520108,0.23762361823810627
137,0.3622110960051959,0.26302214178350375,0.00046622096062562515,0.005000683143839611,0.369299858106835
138,0.4768163494570707,0.4001193324181753,0.0010729328889733701,0.0037036275087886507,0.11828775772699199
139,0.22325883327457718,0.5697313722009554,0.001354274619367978,0.1292941058087605,0.07636141409633918
140,0.045620417923510195,0.8620509721727445,0.008085958680408204,0.03819033093120846,0.04605232029212864
141,0.09028569002744423,0.7490333304215728,0.00042554806178278585,0.14783446748722792,0.012420964001972273
142,0.02880850729613047,0.9041905152490324,0.0038076148957227733,0.053495548225366715,0.009697814333747674
143,0.13154456843842754,0.6534238125618345,0.0034458457172148894,0.17640726648288252,0.03517850679964047
144,0.11841312276701406,0.26741863763878,0.00021220563132101695,0.565468052160826,0.048487981802059016
145,0.1913847982667903,0.31358580439486095,0.00032299670363496836,0.47071469991933096,0.023991700715382897
146,0.12833895243472934,0.5351754933170968,0.0008754618530366948,0.30054264833357774,0.03506744406155946
147,0.18878557256839712,0.15223573862669618,4.3609193985974374e-05,0.6374179422831643,0.02151713732775654
148,0.04999908665169654,0.7957087424242776,0.0211231308941427,0.1031075205887806,0.030061519441102597
149,0.12785015478431297,0.22359071131196445,0.00013567023488273507,0.6256922417485612,0.02273122192027847
150,0.09505153651075998,0.013146974866705212,0.00011773398851393289,0.2727341401662282,0.6189496144677926
151,0.01368113507695532,0.003133040296916324,4.239994474038157e-05,0.0009499932568083309,0.9821934314245797
152,0.8245695384521653,0.007598830793090447,1.487224383021962e-05,0.01815062656276546,0.14966613194814857
153,0.8181350991293965,0.14083817797137135,4.566498207595676e-05,0.019661064408945984,0.021319993508210067
154,0.49527286980132024,0.4281629203774968,0.0011529903480466117,0.03156936625879055,0.04384185321434593
155,0.10913883235602137,0.7869781458031313,0.000709654528715908,0.0909299264783612,0.01224344083377021
156,0.022039836569190258,0.9323990234793935,0.0003246694649599219,0.03548292602328763,0.00975354446316852
157,0.0157034867663549,0.9656849088943381,0.0008874956417275281,0.01496726978310799,0.0027568389144712866
158,0.011837412559593868,0.9763501718132904,0.0020317819865882693,0.007802360208035448,0.001978273432491902
159,0.19438219723692787,0.7428381623730391,0.0003446760461392825,0.05166304953199174,0.010771914811901984
160,0.10334767218232405,0.885779888856333,0.00019391245124168876,0.00809008701196212,0.0025884394981391125
161,0.02864634888074677,0.9685879657321439,0.0007531289545031041,0.0006090436937616292,0.001403512738844734
162,0.023503696417737304,0.9732793494116925,0.0013618349271341168,0.000792505944215556,0.0010626132992203794
163,0.007869230324413534,0.9639796328169241,0.026058532026317936,0.0005090186171692127,0.0015835862151751495
164,0.0038661647173514006,0.9938783876758204,0.0006300946865817852,0.0006623986837079814,0.0009629542365385079
165,0.0017496273798395438,0.9813841432555933,0.015592852427229482,0.00014752210001650818,0.001125854837320875
166,0.004898051834556837,0.975385744835569,0.01814247595621956,0.0003830888860893201,0.0011906384875652147
167,0.0013221739495187781,0.8327396477366052,0.16492414429872806,0.0001921222994205247,0.0008219117157273729
168,0.0013044100460371012,0.9193031558026135,0.07803233358692374,0.0004045238054907508,0.0009555767589348886
169,0.0011617528157565778,0.6857589169987668,0.3117613790689231,0.00017161119340646094,0.001146339923147102
170,0.0015799551145250952,0.8473230396341886,0.14943576071514067,0.0004970520534228143,0.0011641924827227024
171,0.0009204692783699957,0.4667440144563244,0.5313740104397927,0.00010744338278091704,0.0008540624427319227
172,0.000508131437913408,0.3027254180544022,0.6961502024180165,5.777775304021074e-05,0.0005584703366275798
173,0.0005834761733673336,0.13575285536414827,0.8631953270342065,5.5443338196719216e-05,0.00041289809008107344
174,0.000931415191612909,0.6046008725858224,0.39290826515527544,0.00021204305126908273,0.001347404016020159
175,0.0004122585869034747,0.3989003691734884,0.5998765402599711,7.970652230237919e-05,0.0007311254573346581
176,0.0006833087893402859,0.37474991244116485,0.6235755785573419,0.00011327477838205681,0.0008779254337709751
177,0.0003983872648884349,0.3305750077339428,0.667971214298813,8.310856107867044e-05,0.0009722821412770743
178,0.0003391326654492903,0.1171247449062776,0.8817639573995859,5.207101772769157e-05,0.0007200940109595429
179,0.00038376899501657693,0.10030165448194243,0.8980913987426301,9.128416820460457e-05,0.001131893612206575
180,0.0004873313212916704,0.10691498328351384,0.8914271951960667,0.0002322853103743223,0.0009382048887535652
181,0.0004516515283254489,0.10775103573059941,0.8901240394220553,0.0005124410351738524,0.0011608322838460659
182,0.0008687433834837014,0.09130540131505187,0.9059727314594832,0.0004146047801569285,0.001438519061824187
183,0.016729708053584345,0.02091801896891744,0.007017051479638201,0.0022690092982995407,0.9530662121995606
184,0.6358120165225406,0.11117390751594866,0.00113399385130975,0.003051964807483851,0.24882811730271712
185,0.3144863857040483,0.6651528779544768,0.0037863567626249405,0.0006794035015324461,0.015894976077317588
186,0.09854561014893459,0.8937543227583329,0.0020325172433156764,0.00028808122279478683,0.00537946862662203
187,0.04467441760461038,0.9190836987487897,0.03206423663694827,0.0012250003768877126,0.0029526466327639855
188,0.007866374022597539,0.9107932596381147,0.07677425809724972,0.0020632316798093538,0.0025028765622286567
189,0.002281106729473477,0.8414169278547031,0.15353295227280372,0.0006752003414032265,0.002093812801616427
190,0.0030804234695933465,0.8022780327783035,0.19290567414115092,0.0004473012474166188,0.0012885683635354833
191,0.0010196121136619672,0.7354376579668206,0.26221992958087004,0.0002407235574293886,0.0010820767812179121
192,0.0003081206845918016,0.22497353832509162,0.7741518673271154,9.546639161220428e-05,0.00047100727158891933
193,0.0006675039408052251,0.31636197207756334,0.6819215549790871,0.0001531904501278505,0.0008957785524165686
194,0.00031617289945701287,0.11407851475907806,0.8850805092655094,3.0536873461509874e-05,0.0004942662024942128
195,0.0004233595314751861,0.11948776723141424,0.8794661547239435,2.631991839110597e-05,0.0005963985947759193
196,0.00034021217931772023,0.09197204290294593,0.9073130937750754,1.896300938686232e-05,0.00035568813327412535
197,0.0001837248468729282,0.32027006932953744,0.6788968130114132,4.210914799662681e-05,0.00060728366417984
198,0.00018086477155001166,0.10191639303443237,0.8974887895652791,2.2073532581949306e-05,0.000391879096156592
199,0.00012303547157596279,0.058603087973715356,0.9410204971491145,1.424270020032747e-05,0.00023913670539399138
200,0.00016067538052672907,0.05780767319876688,0.9417138840860834,1.3367820380416668e-05,0.0003043995142426935
201,2.5729165905119745e-05,0.014551249511177929,0.9851619091782852,5.478582227925012e-06,0.000255633562404008
202,3.346134339585051e-05,0.01780648938590082,0.9820048255964863,4.360539192405945e-06,0.00015086313502464633
203,5.620442473290592e-05,0.025287615144262428,0.9743832616732327,4.5392791083570285e-06,0.00026837947866353097
204,3.2162961040375374e-05,0.01217232192683721,0.9875877858268478,4.283401996633359e-06,0.0002034458832780138
205,6.870145985363766e-05,0.033584248321817944,0.9659561226077975,1.0456213668596147e-05,0.00038047139686234774
206,3.201446851194327e-05,0.017103584019337533,0.982630811285535,5.224890241904405e-06,0.00022836533637367434
207,2.2759083802270353e-05,0.00842203251324548,0.9913633377774193,3.0578381957104594e-06,0.00018881278733716563
208,5.906420730986056e-05,0.02100975426792604,0.9785702667940211,6.29674444469263e-06,0.000354617986298105
209,3.849374078389359e-05,0.016621249866845364,0.9831502818766136,4.763686246333285e-06,0.0001852108295109399
210,8.134994840257937e-05,0.022082608093852287,0.9776050716634457,8.136548599906457e-06,0.0002228337456994975
211,1.9794224698863832e-05,0.010822326394650236,0.9890472892948067,2.313602904868721e-06,0.00010827648293934608
212,6.335047854577048e-05,0.031070936909688002,0.9686375115641819,6.765795073712276e-06,0.00022143525251070402
213,3.657054174144809e-05,0.014528479676345227,0.985254351435065,2.6600160703505243e-06,0.0001779383307779976
214,2.6324900283512728e-05,0.020785573172603974,0.9789333970207275,3.8070654678680357e-06,0.0002508978409172112
215,7.092935518861508e-05,0.036754039627442774,0.962852913638968,1.0734700732069738e-05,0.00031138267766843116
216,4.713102566539467e-05,0.0173427925296552,0.9823891784647967,4.559923553209377e-06,0.00021633805632944371
217,6.553428042176735e-05,0.030218049948750863,0.9693906656645938,7.26262286106956e-06,0.00031848748337251986
218,2.840737789884921e-05,0.014145013853295205,0.9855876418143945,3.7388746262501517e-06,0.0002351980797852237
219,0.00013134553756121884,0.013473283284221173,0.985987577074205,6.274453924887326e-06,0.0004015196500875795
220,4.0418128445737504e-05,0.014497696556756829,0.9851208127757088,5.5554854448089424e-06,0.0003355170536437162
221,0.00010879485541136,0.008847177462364127,0.9906599218968921,5.594584073771927e-06,0.00037851120125849543
222,3.973972211325925e-05,0.013411788327558906,0.9862082227805099,3.787126866184975e-06,0.0003364620429518618
223,3.98354925748982e-05,0.025558522821685657,0.9740518444612649,4.579183327909712e-06,0.0003452180411465385
224,4.487187081863297e-05,0.006712001750087146,0.9929480348977245,3.687342318915088e-06,0.00029140413905093786
225,5.714390351951486e-05,0.026697491627565753,0.9728430137770113,7.287931791968585e-06,0.00039506276011131146
226,3.54561932850038e-05,0.0173909334849478,0.982273765431768,3.241200541490302e-06,0.0002966036894576733
227,5.725263510393239e-05,0.028644636528213925,0.9709192994348322,6.7057642937404595e-06,0.00037210563755599895
228,8.857497648754742e-05,0.0506688983642109,0.948670159925444,8.68474616631566e-06,0.0005636819876911557
229,5.1767587922969024e-05,0.0415586111235974,0.9580028602727889,8.765359086558719e-06,0.0003779956566043376
230,6.89225640803637e-05,0.013295612901641017,0.9862376201835155,1.9974964604577134e-05,0.0003778693861585929
231,0.00017014433826051948,0.11023743697342576,0.8884948247449223,9.20963823194012e-05,0.0010054975610720935
232,0.00012668954946893737,0.04768560726284446,0.951307144033306,7.354565159936625e-05,0.0008070135027814068
233,0.00014612320750762746,0.040456743559135595,0.9583869684860608,0.00010560711248440641,0.0009045576348117647
234,0.0002279832479410828,0.05813868200533322,0.9401024996256889,0.000343636108516109,0.00118719901252058
235,0.0016647307113932673,0.08757041140669143,0.903420986077315,0.0011755506009540223,0.006168321203646398
236,0.014839612011546164,0.009005546684632288,0.002115658999463376,0.004851945146695497,0.9691872371576626
237,0.5448965147163494,0.3204967138403022,0.0053003993343856415,0.06557599444425034,0.06373037766471237
238,0.1310382876324287,0.8042646756250907,0.004580966162703204,0.004816893047751544,0.05529917753202577
239,0.22044189704318876,0.7613852121446738,0.0024862350991100295,0.0024646350639646432,0.013222020649062836
240,0.2320391994759193,0.6989595459216407,0.0014619542089659376,0.03670308539747874,0.030836214995995346
241,0.021019757424276492,0.9620125270514085,0.0018989807329843882,0.00964044285048518,0.005428291940845508
242,0.013630212775611909,0.9752332053766338,0.004203028859578469,0.00435048574746667,0.0025830672407091866
243,0.008814887904704272,0.9805122301575219,0.0036744434623184265,0.004140706536952819,0.0028577319385027188
244,0.00909066241123314,0.9713389620817288,0.010604029919068681,0.006992940403660194,0.0019734051843093734
245,0.009559496047140664,0.9727552642369423,0.00769130487765133,0.0056758164745756515,0.00431811836368987
246,0.013640541403180668,0.9713815802397457,0.00234489315885519,0.011176032250540379,0.0014569529476780674
247,0.005723694047951714,0.9813239572738023,0.00577956542038049,0.006274504451972104,0.0008982788058932581
248,0.07660575561012112,0.8888372351305837,0.001221124204010559,0.025861568821427913,0.00747431623385683
249,0.01225501557727311,0.9658561810792825,0.0008401745520906071,0.019538221831996442,0.0015104069593572815
250,0.01270525579455343,0.9403379232534634,0.0011727581960165167,0.04307438529670544,0.0027096774592611753
251,0.0033297338377588554,0.943378194450432,0.020657802995255867,0.03048240204302947,0.0021518666735237937
252,0.05039000446559857,0.5685822224143426,0.0009191240329259721,0.3721945916092385,0.007914057477894455
253,0.02755450828162711,0.8198293895809529,0.0012621522661302946,0.13617153656090758,0.015182413310382075
254,0.10350388334115138,0.08994628911019298,0.0003041970840375281,0.7859798127405726,0.020265817724045603
255,0.0578023169337764,0.03291199471907599,5.266252677253479e-05,0.9011463418304161,0.008086683989958847
256,0.04565488667653638,0.03163050194315964,0.0003117883966428153,0.2236404936952768,0.6987623292883844
257,0.5194204906495027,0.05852908121900339,5.2432120961487634e-05,0.402429294841968,0.019568701168564396
258,0.3184036742529526,0.12161454559025252,0.00012269062129887414,0.5526842397719687,0.007174849763527304
259,0.2894978958784413,0.02412956754879853,4.667751701648318e-05,0.6681184528537841,0.018207406201959403
260,0.029146758567302075,0.009985313979849378,2.7230550728796956e-05,0.9559159857264404,0.00492471117567936
261,0.03323037301596357,0.01021473411745361,2.883900185640123e-05,0.9527149959974561,0.003811057867270234
262,0.11017910777500035,0.013127885332329609,4.88674980676858e-05,0.869337280718863,0.0073068586757395245
263,0.02653858010556682,0.008515603377440815,7.340794592257739e-05,0.9617237111971384,0.0031486973739313835
264,0.011904326818170706,0.009042845764922787,7.456236885075168e-05,0.974919190466128,0.0040590745819276885
265,0.012292421888560003,0.010525656308864026,4.351779962402201e-05,0.9650829035699415,0.012055500433010497
266,0.022728270374619896,0.0051199585202804905,2.4398812190886007e-05,0.9577145560034974,0.014412816289411415
267,0.02209933079157459,0.0028994775507140773,1.652152891034174e-05,0.9678504954026886,0.007134174726112266
268,0.12576106926833655,0.023481798671864392,0.00014863518652293638,0.7775361982567142,0.07307229861656205
269,0.12868804472576068,0.02818591240731449,0.000287781246645633,0.622066951501341,0.2207713101189382
270,0.0821500005090488,0.012238135135212425,0.00013324730168408173,0.8844632030966085,0.02101541395744622
271,0.10392290782631347,0.008730398177041687,7.090377530500846e-05,0.8405297900409004,0.04674600018043938
272,0.17893841884430275,0.04289372526113309,0.000206095646452416,0.7381379072961429,0.03982385295196873
273,0.07478015097137736,0.039126956945297164,3.807232420721035e-05,0.8521051489817518,0.03394967077736644
274,0.23444124152568513,0.03652219628857211,3.204318255255052e-05,0.6145413660354262,0.11446315296776399
275,0.29875139232396697,0.03479386271459064,5.830120871661738e-05,0.6530049462535256,0.013391497499200215
276,0.38736723235037074,0.04312151699007686,0.00013233417857948536,0.5602371296881467,0.00914178679282618
277,0.3316752911283691,0.026299243364423713,5.496639751525396e-05,0.6126907969892451,0.029279702120446904
278,0.08803741808411339,0.05361111609488864,6.897458182472346e-05,0.8515335622759743,0.006748928963198933
279,0.04327193595382032,0.044218881351114965,8.369049826035877e-05,0.9062080443276032,0.006217447869201165
280,0.03957685315576958,0.018236378125434258,5.8596010164503265e-05,0.9355964444105264,0.006531728298105221
281,0.0695893617106597,0.05796074406020721,0.00022976580084863884,0.80615229447807,0.06606783395021441
282,0.11074594813220684,0.030802677451551786,0.0001858942587892346,0.8090406429526217,0.049224837204830556
283,0.18713334591550018,0.15190199568824528,0.00018192910040103034,0.6150738531531307,0.04570887614272283
284,0.1606006584870079,0.09139939258817135,0.00019876775942961064,0.6668074547262689,0.08099372643912212
285,0.050779239807532364,0.025361118967145588,0.00044770807185453616,0.10208414025913111,0.8213277928943364
286,0.45434846717437644,0.08760288848151383,0.0001536594614248481,0.4309702871394111,0.02692469774327372
287,0.3819020918606149,0.1611513993406057,0.0003548038791622512,0.43403350334827234,0.02255820157134482
288,0.23885690886954603,0.06663048483972486,0.00016383607816917943,0.6797188845141809,0.014629885698379023
289,0.05640159051957455,0.06721087918683995,0.00013543917281848126,0.8677888490080007,0.008463242112766268
290,0.12024497919761379,0.07355670240531369,0.00032029805416833995,0.17178413195090447,0.6340938883919998
291,0.4669421173591585,0.13390478943309214,0.0001650530458498988,0.3658482145238584,0.033139825638041166
292,0.26068344293674617,0.255137560966057,0.0007448020000799394,0.415905180218253,0.06752901387886381
293,0.3536631912646993,0.0454631384319719,0.00014468305949998152,0.49367057862979646,0.10705840861403224
294,0.15955300192464003,0.1145187519047876,0.0001636140602376142,0.6176104531250723,0.10815417898526229
295,0.127772287187627,0.046444905784895275,0.0010708905735223077,0.7775571439516763,0.04715477250227902
296,0.09625225558415904,0.016909630314386036,0.0002922989272670467,0.04041788988251022,0.8461279252916777
297,0.035699060276350565,0.0039036798978062445,0.0005537673309988363,0.0034144065715238487,0.9564290859233205
298,0.6970325491496215,0.05174988425945811,0.001706539783539202,0.026801129071698977,0.22270989773568228
299,0.6786778907591648,0.0790258053282405,0.008704058239551837,0.033824311521406636,0.19976793415163616
300,0.7343582417642908,0.06692727277682003,0.004086921863739817,0.09581447893142572,0.09881308466372354
301,0.3339954255598829,0.08791117302549004,0.015553283586234206,0.2700719138672056,0.2924682039611873
302,0.3660856721814272,0.18171945042572954,0.02301697403224788,0.2806412683254578,0.14853663503513762
303,0.048146873986913606,0.049401518272816386,0.007928083902547829,0.8833467593456689,0.0111767644920533
304,0.03243917782361508,0.02576290281710533,0.0035520660161990425,0.9298782885315888,0.008367564811491581
305,0.07162065938571299,0.0359259556176825,0.006341104844258358,0.8447755431994048,0.04133673695294122
306,0.18625380397917649,0.07312713099172666,0.011936246042830017,0.6376875478114306,0.09099527117483618
307,0.10938712208572791,0.10580814912527538,0.007166567801173782,0.7439516987777853,0.03368646221003755
308,0.11345088723471829,0.07250169214795622,0.02264153491879834,0.7486687300902947,0.04273715560823259
309,0.020949901259289534,0.02237529534440618,0.008792804217913426,0.935680106942568,0.012201892235822989
310,0.01636438223174807,0.028828841483232115,0.003900511595444247,0.9401782201055843,0.010728044583991332
311,0.1445419748735627,0.05053235908647836,0.006340866108504906,0.7655760735730058,0.03300872635844822
312,0.09522889475967136,0.020299419400092774,0.00556905151347381,0.8566004319053765,0.022302202421385454
313,0.19068936122664426,0.06265022806265201,0.009158113185358687,0.6799260234045653,0.05757627412077961
314,0.18827441918890658,0.1365434437372507,0.01658048462603667,0.410994375538819,0.2476072769089869
315,0.4791618284408641,0.07390482352278493,0.01897330776315029,0.1558214922653596,0.27213854800784104
316,0.2353516332943973,0.23783422493436493,0.02985240962730018,0.3956472453555019,0.1013144867884356
317,0.2439527627027014,0.15610180246027158,0.027630003056681906,0.3930758776017201,0.17923955417862486
318,0.1393182844676458,0.10016919155896407,0.030675978373445913,0.33764467211878285,0.3921918734811614
319,0.11395618085416136,0.15397506246115175,0.012951188929212725,0.5856379918778797,0.1334795758775946
320,0.17339657384309037,0.4975523259805866,0.08684795993328931,0.2048077246830464,0.03739541555998735
321,0.21356604572318114,0.18257000910596735,0.018901943601167894,0.5161721815494631,0.0687898200202206
322,0.13558046536476523,0.22439202989385024,0.013840482155215529,0.5833946139525623,0.04279240863360669
323,0.07086341328360064,0.24139296293413606,0.02282300925994794,0.6183058945043388,0.04661472001797652
324,0.030601447463616812,0.5871298470452642,0.033073783651252756,0.34034080672736255,0.008854115112503561
325,0.05279840728911895,0.1699935879347825,0.015394659019696161,0.746578193488526,0.015235152267876325
326,0.04248759673230939,0.053259888057169164,0.005659699222752803,0.8706732693013018,0.027919546686466713
327,0.03689090214567568,0.07321735874426002,0.0063014396379558755,0.8653866007757538,0.018203698696354808
328,0.022389452504270206,0.06288031568601701,0.009071944778731605,0.8966246002186005,0.009033686812380771
329,0.08666394269206215,0.07313976103188696,0.0073335519530325684,0.7850908361508516,0.04777190817216675
330,0.033973394858807134,0.11626659502720735,0.007817838721155457,0.8004911501322673,0.04145102126056263
331,0.06783341038534546,0.13327619467977608,0.009940317263573388,0.7454632136413883,0.043486864029916666
332,0.08254393997659881,0.5838948887530665,0.05287570372801622,0.2655432334053902,0.015142234136928301
333,0.0754504556993011,0.4907367245570728,0.004975025635299772,0.4059552036692904,0.022882590439035944
334,0.07428815898819843,0.35044102278362926,0.002418481794050145,0.5363192073412677,0.03653312909285446
335,0.243186681059835,0.36601146969757503,0.0015511657654249456,0.2862227126042039,0.10302797087296123
336,0.2144660599726645,0.6724337218420153,0.0015167470091611674,0.06418466142597279,0.04739880975018616
337,0.15695591791279884,0.786498758055013,0.0022435767588856854,0.04440880396523051,0.00989294330807202
338,0.05424643984225493,0.9111230406366821,0.004951456254162038,0.00979730647041004,0.019881756796490756
339,0.051663862849855156,0.9208383460863038,0.002002802841753248,0.01704360301670538,0.008451385205382616
340,0.007654085556495433,0.9774165857823651,0.010334276911520461,0.0021663092536832874,0.002428742495935834
341,0.029064271358286705,0.9513812734089605,0.004082487123094325,0.004922645887641698,0.010549322222016825
342,0.019406352515212014,0.9696929599984969,0.0032372845127636406,0.0020976543926127175,0.00556574858091473
343,0.004981393946743282,0.9771311215112105,0.010477359404844929,0.0006910500171948351,0.006719075120006418
344,0.013865857312288692,0.974151074809168,0.006451310475804693,0.0014266572745766468,0.004105100128162169
345,0.009664393605072161,0.9729091637319832,0.00869619196954662,0.0006914232123378704,0.008038827481059989
346,0.006091047260376285,0.9839877397912663,0.004591143492087279,0.0005598386666475045,0.004770230789622655
347,0.008245766197165183,0.9769744960100305,0.010049400478762321,0.0010438448204168709,0.003686492493625083
348,0.004933847623147339,0.9829699674283126,0.009471164855520298,0.00048019634137211103,0.002144823751647918
349,0.001404975020671091,0.9809445938028434,0.015070850069443465,0.0005771664057550445,0.002002414701286886
350,0.002574539963600041,0.9621132746743254,0.03235607973513413,0.0012793095904309365,0.0016767960365094922
351,0.0046604570163408885,0.9663803469947057,0.02421013584907487,0.0007641472261922376,0.003984912913686268
352,0.0011365911332165681,0.9476467078836575,0.04869081144125119,0.0005966270559524435,0.0019292624859222364
353,0.00705104940220744,0.9674647077620024,0.02136093057968718,0.0012334748644930217,0.002889837391609868
354,0.0015793572686167601,0.8977529184619883,0.09875745561252752,0.0003051834502950326,0.001605085206572282
355,0.0021528300011203244,0.8430112426317018,0.1525909345787879,0.0004928129905446103,0.0017521797978454125
356,0.0014318043715801727,0.9004309581657772,0.09653260191267192,0.00040075533686149815,0.001203880213109186
357,0.0014530077758547354,0.9212837462079722,0.07511402382560896,0.0005392634918131922,0.001609958698750821
358,0.0006288684483236028,0.652145040110548,0.3454565024369969,0.00040664133945660655,0.0013629476646749375
359,0.00025882711778973797,0.3461899657598469,0.6530004098306557,0.00010784830896191743,0.00044294898274577265
360,0.0026452429119257527,0.8651445772451024,0.12922888530350457,0.0010905938331602675,0.0018907007063071154
361,0.0009537452476326997,0.5717661595143931,0.4257234307103898,0.00026465905458781624,0.001292005472996519
362,0.0020659191698944243,0.7129447437091662,0.28180132419889986,0.0003767600222382706,0.002811252899801334
363,0.0010383330525869446,0.8050032821995007,0.19182817619449735,0.0002324937760030805,0.0018977147774118582
364,0.0008581499718029117,0.7263514485080907,0.2704526088511439,0.00012876687449686985,0.0022090257944656585
365,0.001340851119161991,0.7165006490129074,0.28060542933571014,0.00011756117919999373,0.0014355093530203846
366,0.002331698210462211,0.724434170853382,0.27109783692576916,0.00023623416906218086,0.0019000598413245317
367,0.0015150735016099459,0.6111703177879296,0.3798094240579741,0.0002177143038058581,0.0072874703486804976
368,0.0027595880472956005,0.7893471772981093,0.20454516953017815,0.00027307936275507014,0.0030749857616617473
369,0.0006365461519609774,0.38823692838254936,0.6101937112952872,5.896949277680138e-05,0.0008738446774256007
370,0.0007316067769585636,0.4245115003490882,0.5740465077968072,6.0275141678699996e-05,0.0006501099354673317
371,0.001018654732266621,0.43979783774731984,0.5569900523779353,0.00018611346028106355,0.0020073416821971483
372,0.000769661918707305,0.29515879153711916,0.7029031623117326,7.131429886953498e-05,0.001097069933571416
373,0.0005584416002490077,0.19581180853021313,0.80305207481135,4.7137800033536326e-05,0.0005305372581544756
