epoch,N1,N2,N3,R,W
0,0.000546695540078099,6.547010549959721e-05,3.1223533147720724e-07,4.4503427863682564e-05,0.9993430186912271
1,0.0003206115463614351,5.0759261619821625e-05,1.0362130492513188e-06,3.294724176296522e-05,0.9995946457372065
2,0.000385508639550029,8.032396841042176e-05,3.4429889311037314e-07,1.3600610780276245e-05,0.999520222482366
3,0.00539766482779638,0.00016209154287486185,8.780879504305119e-07,8.016388707992317e-05,0.9943592016542985
4,0.004674845754724522,0.00028460722927820567,1.4644865666799005e-05,3.122152669197427e-05,0.9949946806236386
5,0.06376847177272996,0.001998283356867733,2.027794305557925e-05,0.0002532551148303683,0.9339597118125165
6,0.09809124393934192,0.007014480820354497,9.309616314891277e-05,0.001260835544644848,0.8935403435325098
7,0.19178827167608395,0.06991589731771299,0.0008596029200239847,0.008818879254022234,0.7286173488321568
8,0.006454915319944632,0.0006788360369395544,7.3556067092517645e-06,0.004889400773556563,0.9879694922628499
9,0.159713261644867,0.009836624190379447,0.0001501485215141326,0.0005802285039941897,0.8297197371392452
10,0.5751917374282629,0.18516003184341975,0.004020935714984371,0.01573862318233399,0.2198886718309991
11,0.07674146687463361,0.0032326929818742764,4.063496927777606e-05,0.0010726966139151702,0.918912508560299
12,0.3901730831658966,0.12036746105867346,0.0012441017091198952,0.010335851578717616,0.4778795024875923
13,0.1677692387068884,0.7723687624874382,0.010888382004977175,0.0037945360010496233,0.04517908079964642
14,0.3225652395484754,0.6018382366697761,0.013057240973467445,0.004286423805235445,0.058252859003045714
15,0.07662721242481457,0.7890171364315892,0.01879043942789858,0.002632510495746217,0.1129327012199515
16,0.12641691482575768,0.7656112362879336,0.010418827435293168,0.00688202646345989,0.09067099498755571
17,0.0695706475043534,0.7766354217563232,0.07313490512939437,0.00240736609835609,0.07825165951157285
18,0.17225679795700713,0.5528500235400716,0.03222537088863073,0.00296953855501169,0.2396982690592788
19,0.2657719345583908,0.5239736040723236,0.01483711084341552,0.0020364640683804345,0.19338088645748958
20,0.0874393322739856,0.8203272919753731,0.047583858362981374,0.003049083120351697,0.04160043426730835
21,0.41626059610162974,0.24430125048810386,0.0027671240081003205,0.006125402066810127,0.33054562733535586
22,0.03734677404758386,0.8984727830722847,0.03845386350454835,0.002369674509278904,0.023356904866304155
23,0.06240296150376662,0.7742275063138617,0.13110539362168266,0.0016982939959660432,0.03056584456472297
24,0.05196233826615039,0.6188171029816523,0.08251752367050476,0.006841227831508547,0.23986180725018408
25,0.010964603630330406,0.008602947122333775,0.0006887014719681376,0.0006062924482184344,0.9791374553271492
26,0.10862223776659906,0.038706963147859735,0.0010386678907348278,0.0058771945760162465,0.8457549366187901
27,0.07184681291945709,0.01842131131099083,7.352922643624155e-05,0.003582979727349598,0.9060753668157663
28,0.0037997955027494583,0.0006646683273681226,5.583757459913559e-06,0.00040530997928164576,0.9951246424331408
29,0.0006172660030956465,0.00019972473143059654,2.3154017116491197e-06,6.500227020177889e-05,0.9991156915935603
30,0.0002420772613965832,4.368067600770613e-05,2.853864970204418e-06,1.3899012189740643e-05,0.9996974891854358
31,0.001866492186419694,0.00010363483370244878,3.511716022159564e-06,4.304222950133076e-05,0.9979833190343544
32,0.006303992086712068,0.00028787181954402496,1.1290482874622493e-05,0.00016321332479913472,0.9932336322860702
33,0.0018319260836073383,0.00012800300857431196,1.0182552047597049e-06,0.0002039039135723842,0.9978351487390412
34,0.350615551714813,0.0030377409879946,1.5098071627984938e-05,0.0013321519691277017,0.6449994572564367
35,0.08690038449360091,0.008860471143327532,0.0001473040791997825,0.0006782947323904893,0.9034135455514812
36,0.4789786184852251,0.03694670593638538,4.02761564192732e-05,0.01388932264272452,0.47014507677924566
37,0.5915102012235062,0.12551349576916832,0.0001364960509909656,0.07473820937948793,0.2081015975768466
38,0.19965963667740805,0.7432982895224203,0.0007323799384973314,0.032713256578373935,0.023596437283300346
39,0.2687961307198069,0.49989405678890964,0.0028857500890791987,0.10788561071635885,0.12053845168584532
40,0.2853585536340121,0.3210838008602415,0.0007118227643068974,0.06368496943162258,0.32916085330981687
41,0.3987496351605502,0.3329522941981686,0.0007262189102989511,0.09631862401414613,0.17125322771683613
42,0.153283445552437,0.7766865936115037,0.006057875864638681,0.013577918635697694,0.05039416633572299
43,0.42188627194101824,0.4280562462002856,0.0004085717907326722,0.018625417575331902,0.13102349249263184
44,0.375277673567517,0.5325033119531072,0.007869679074949417,0.004153933375149072,0.08019540202927747
45,0.06810373435553603,0.90726782136869,0.01583919577119296,0.0018130019923086015,0.006976246512272571
46,0.05062459910413067,0.918384455194285,0.02223447621925473,0.0018109978713338603,0.006945471610995714
47,0.02798722145160899,0.9295084007447103,0.036067349757592466,0.0009877202072333222,0.005449307838855
48,0.04858068003278421,0.9047145636356311,0.036735738790127315,0.002427040398048467,0.007541977143408848
49,0.022225796746431555,0.9313812868219723,0.041616894078317056,0.001056508478076349,0.0037195138752028445
50,0.2474477909274624,0.7133481927209326,0.005296320477623939,0.011368580758154905,0.022539115115826142
51,0.11547060768680896,0.8287379268998281,0.033016307671914484,0.0008560950009720036,0.021919062740476277
52,0.03094146665963564,0.9241040520208963,0.03521873823085906,0.0005260443209107582,0.009209698767698305
53,0.043223744977075165,0.9259914250599677,0.025732433445928116,0.0007750339210832321,0.004277362595945753
54,0.028281272328442273,0.9538905804210107,0.014416981712979397,0.0004583442078861038,0.0029528213296814835
55,0.006625189119912682,0.8871800900338211,0.1039316956108356,8.564293380779216e-05,0.002177382301622709
56,0.008923707512225057,0.9452624243404165,0.043463954496583676,0.0001305715448679994,0.0022193421059067925
57,0.006500425160633536,0.9481664299020994,0.04266248852793114,0.00010575852054917225,0.0025648978887867786
58,0.003125555588636582,0.870110572728352,0.12487229141193022,5.375756245142344e-05,0.0018378227086299828
59,0.004285911124358036,0.9246115266053307,0.06714098007215802,0.00010340070938227972,0.003858181488771104
60,0.0010893271546958017,0.34322844939433483,0.6532317318262978,1.5202997816751233e-05,0.002435288626854969
61,0.00041338597817293696,0.1930318976239511,0.8041794044884649,1.4044356467108108e-05,0.002361267552943963
62,0.0014258545024900733,0.24902992450500241,0.7465038898185096,1.7742082427598503e-05,0.0030225890915703915
63,0.0024990979418296954,0.210664954293874,0.7842966919719838,2.3749211553937518e-05,0.002515506580758394
64,0.0011522154852020906,0.2402167653191634,0.7559682700462411,2.164968102313805e-05,0.0026410994683703664
65,0.0009280883708984858,0.1913539088163166,0.8044987259453498,4.800297895838163e-05,0.003171273888476976
66,0.0011161099709469506,0.17821342111875382,0.8174544213619874,3.745273346620886e-05,0.0031785948148455125
67,0.000990498733993428,0.22675065131591907,0.7676251559425027,4.171056546617435e-05,0.00459198344211881
68,0.0007326150519224698,0.08028828375440916,0.9163822569909041,1.7965420198035795e-05,0.002578878782566233
69,0.001297009546886753,0.10040013032496957,0.8950844737625989,2.5814003418724427e-05,0.0031925723621261132
70,0.0012313850938933863,0.10239007771129188,0.8936925505595464,2.4727717459471437e-05,0.002661258917808835
71,0.002055050068274725,0.11527157198412159,0.87891467186573,3.1733306758339924e-05,0.0037269727751153147
72,0.0025024597352563626,0.1517286643760358,0.8416608327287795,2.9568075058498403e-05,0.004078475084869761
73,0.0002543249477132167,0.04888997955000928,0.9497394785931398,5.6584516679041164e-06,0.001110558457470008
74,0.0005545390539962179,0.10166364557932402,0.8955775090918466,1.8529708690184816e-05,0.002185776566142917
75,0.0008501248393947797,0.05674017368613652,0.9404583092875605,7.863070527709003e-06,0.001943529116380546
76,0.00153735198852646,0.15025202396330087,0.8430690738443711,2.5648451240496865e-05,0.005115901752561191
77,0.00022968082374500505,0.0969761040546885,0.901048101864112,1.4865869775196272e-05,0.0017312473876791637
78,0.0002323436104247354,0.051198721554098256,0.947628857612292,6.594154384073861e-06,0.0009334830688010412
79,0.00027160717872492596,0.03626109400575849,0.9248422812555863,0.03789767678096105,0.0007273407789691864
80,0.0004634171024538398,0.10567932465407244,0.8925062075186063,1.7225415057954818e-05,0.0013338253098094497
81,0.0004350653287317,0.03896270211618007,0.903610397794017,0.0558902070783573,0.0011016276827141873
82,0.00017182416474242616,0.02652531306959705,0.9354019143452479,0.036955105574255805,0.0009458428461567792
83,0.0003338807139023034,0.0246686815621287,0.9239967904062563,0.049727465080007645,0.0012731822377050274
84,0.001208341421322637,0.09768970975112173,0.8991884501545526,1.5449940704052175e-05,0.001898048732298749
85,0.000728626561878472,0.07411431427985249,0.9233419068533306,1.1657267394862532e-05,0.0018034950375435158
86,0.0003219972338922871,0.04409337982552201,0.954067737622751,8.998245643881244e-06,0.001507887072190692
87,0.001857672637914056,0.2561827768896142,0.7373068408259976,7.667650074769606e-05,0.004576033145726345
88,0.0003377758927412849,0.06886804935741794,0.9298823955455721,1.1389650375423912e-05,0.0009003895538933299
89,0.0009459878831171584,0.19197491253330054,0.8051676830034376,3.680649621900984e-05,0.001874610083925696
90,0.00020234440554792272,0.024247809315769343,0.9737616872322464,6.5890647496064596e-06,0.00178156998168684
91,0.0009696960227382255,0.12926092778462103,0.8642669698185846,3.109866322471417e-05,0.005471307710831236
92,0.00827567485572137,0.6555691222480904,0.3271151171828304,0.0003369632641849728,0.00870312244917301
93,0.0008853485623068917,0.1580737047288442,0.8375368904682627,8.775451278069722e-05,0.0034163017278055004
94,0.005993946504647259,0.32772609387747464,0.6489015110233953,0.001984944156062722,0.015393504438420049
95,0.2824569203395188,0.3785416329841775,0.01258219899292438,0.2822993789064276,0.044119868776951746
96,0.17870222846689732,0.6035042253199906,0.004721002715331052,0.10344660395996402,0.10962593953781706
97,0.12137226079225277,0.7797273167078436,0.00470156117491227,0.04838608891503236,0.04581277240995921
98,0.04096889370201266,0.9056916886289867,0.005998420810869124,0.022047251517110778,0.025293745341020586
99,0.10937513498022346,0.5654226771869766,0.00135744851269749,0.022707582575453668,0.3011371567446488
100,0.0026765793163504394,0.003511579478695363,8.306205499411507e-05,0.0009568595495190655,0.992771919600441
101,0.08823021329071976,0.02665888462654138,0.00010998975156021514,0.01872040400170302,0.8662805083294756
102,0.3623828553265354,0.10534696858911578,5.908558554902555e-05,0.017934854845762356,0.5142762356530375
103,0.5879529060323035,0.10144285053809651,6.882004075418531e-05,0.019135586434934165,0.2913998369539117
104,0.113337622851503,0.7476301264209666,0.00020908470360790407,0.04486904525681897,0.09395412076710354
105,0.14096808939843788,0.1787568286509667,0.0005985942674125251,0.04947339299514707,0.6302030946880359
106,0.3972476697230292,0.18457072018809312,0.00015182505012086158,0.1066343134246099,0.31139547161414693
107,0.4367071819954562,0.3858779979553794,0.0016250768984664757,0.0672799100303632,0.10850983312033471
108,0.2459685607051727,0.6734681420254973,0.00041065271073119006,0.028335642519659532,0.05181700203893912
109,0.1875430957671799,0.7310515081768757,0.0022417126162025056,0.03859311770693567,0.04057056573280619
110,0.0428840432308541,0.9149274946861299,0.00816567407332056,0.021920946713274915,0.012101841296420472
111,0.2193289896632139,0.6317235348678866,0.003282558870613643,0.1294134533321502,0.016251463266135677
112,0.11295601186729139,0.7891959128101025,0.023258743835898633,0.060287704411507666,0.01430162707519971
113,0.19296276307174134,0.6700618692159451,0.008742819976839424,0.10337700663558129,0.024855541099892884
114,0.267349669864254,0.23248668913352027,0.001102460218764526,0.023527261168300718,0.4755339196151605
115,0.23456794738128345,0.08075584210376938,0.0011871646590993613,0.0035873203679023854,0.6799017254879455
116,0.6636094040019962,0.24794551265831383,0.0018140798958494037,0.0011796145279115498,0.08545138891592892
117,0.4278484843524412,0.4985819243742911,0.006669860388700304,0.0007281438917046804,0.06617158699286269
118,0.24386698311016816,0.6560045204932314,0.008915623687306373,0.004639383953247939,0.08657348875604598
119,0.23362935641533725,0.7129576878152541,0.01909271385758827,0.0111981371971814,0.023122104714638936
120,0.4481918461970673,0.4361571427979722,0.00810847574238472,0.030335830786444463,0.0772067044761314
121,0.0971908439507572,0.8351635309512235,0.039335551110796944,0.006955168258817148,0.02135490572840524
122,0.04762254376379099,0.9064781362529215,0.03367978245077312,0.005548597960096278,0.006670939572418101
123,0.17860417724786243,0.756069229708353,0.03305750840521381,0.004405820434153792,0.027863264204417006
124,0.1870455941908069,0.7386692389813373,0.03701966221394547,0.007580170611633881,0.029685334002276183
125,0.2184854109797865,0.5584507858160841,0.015522962086927333,0.007676462448666556,0.1998643786685354
126,0.12879236734027405,0.7611026308162512,0.05077963156725305,0.004297482418455197,0.055027887857766654
127,0.15335030908324332,0.8134490949892094,0.011885454702488734,0.002986512868065478,0.018328628356993164
128,0.36069751076317624,0.30270214877669466,0.0028367997919523376,0.004327894178534539,0.3294356464896423
129,0.051175978380121986,0.9014618210155904,0.030365831024193397,0.0019357863583732385,0.015060583221720963
130,0.10617059970036323,0.7879764805491991,0.027044283978845278,0.0032246421451960893,0.0755839936263962
131,0.23038338576034634,0.7105315456076602,0.01209641547376022,0.010866923848249672,0.03612172930998368
132,0.29688643383498003,0.5604818623688392,0.010115988648262192,0.04552617243712256,0.08698954271079587
133,0.3128809523142203,0.43298043160671534,0.007362573219338174,0.08730101526874888,0.1594750275909772
134,0.21231759410812562,0.5888433902043948,0.0009138556848553514,0.17457015954661473,0.023355000456009533
135,0.08795946014658447,0.8521451133670029,0.0027233253354753883,0.042150026397824863,0.015022074753112296
136,0.2445931972776413,0.6589993651728651,0.0010557020759861882,0.058128938724964295,0.03722279674854309
137,0.06994855024838044,0.9135266742018544,0.0009537262112353645,0.007827764065050376,0.007743285273479704
138,0.026384866079214604,0.9555336620929331,0.0014023301619583602,0.013506840705632513,0.0031723009602616457
139,0.029916673057644297,0.9190801117500713,0.0021574270149231868,0.045022463581387305,0.0038233245959737585
140,0.02856362686929226,0.8084181315539098,0.0019785945519964114,0.15835017006072713,0.002689476964074374
141,0.10703977227796356,0.1384770717150812,0.0010726437272482504,0.08432002878975817,0.6690904834899488
142,0.03449036596573377,0.5863266188165761,0.0003430239869644909,0.3674120591650902,0.011427932065635322
143,0.07085469493466243,0.3034412442223941,0.00031118990737768326,0.6100709328253147,0.015321938110251085
144,0.08812497333797781,0.15649531465708222,0.00032263308001178573,0.7385914403318825,0.016465638593045683
145,0.047818213994718715,0.02696839357894816,1.5238149237774516e-05,0.8412648444494031,0.08393330982769243
146,0.02879532888547943,0.03096091087174188,2.1837414279722724e-05,0.9307578705701123,0.00946405225838656
147,0.011094567136229652,0.013365992312052148,8.099649080621236e-06,0.9674752263036018,0.008056114599035888
148,0.026324377199537303,0.005278694154179202,6.041779117705907e-06,0.923965238663618,0.04442564820354771
149,0.01281347051529676,0.006436550288768994,7.290071741520872e-06,0.9764671794539286,0.00427550967026406
150,0.010236907194753673,0.01072615906024355,8.835730532336634e-06,0.9724055934301561,0.006622504584314392
151,0.01967974220050244,0.0057467581330665155,1.3262240698449107e-05,0.9520828291591517,0.022477408266580918
152,0.004058745429884654,0.0024873781940409436,2.8860094987221777e-06,0.9873460935756776,0.006104896790898051
153,0.008903828113234919,0.0026334190866158964,3.5979959297088248e-06,0.9442396247517222,0.044219530052497354
154,0.022493645215866973,0.0039574686351547175,3.12729253184088e-06,0.9371987748306805,0.03634698402576622
155,0.025210832654252315,0.0034296872697190182,1.862703027186742e-06,0.9486672143682316,0.022690403004769943
156,0.041482160373320455,0.009473587082301763,6.174008620336912e-06,0.930251884115886,0.018786194419871408
157,0.029670733354106145,0.00314200148743541,2.9873749551825448e-06,0.78146688690229,0.18571739088121322
158,0.007414656459617871,0.005565732321199222,3.4540006125717443e-06,0.08793536801802085,0.8990807892005495
159,0.1446039812104229,0.0131070492887026,7.054256220474938e-06,0.6355067154944014,0.2067751997502526
160,0.1784019584442871,0.03594472374365659,1.3413276571248993e-05,0.54587545241152,0.239764452123965
161,0.07269462685998185,0.12297470800879744,1.6750180571192104e-05,0.7771280612498744,0.02718585370077497
162,0.02252410499812398,0.012386908566828597,3.2772348405411557e-06,0.8741880582971119,0.09089765090309505
163,0.022413787533568114,0.02693689914401201,1.1775211541080719e-05,0.9173078252628408,0.03332971284803817
164,0.017503527233667982,0.027969498269986952,1.1984044197331242e-05,0.9441399167068735,0.010375073745274237
165,0.017104772573636958,0.015696398149309787,5.859272709788635e-06,0.9593852364653551,0.007807733538988287
166,0.02299456587402242,0.02008399187967901,4.769488087894642e-06,0.9368638140215216,0.02005285873668923
167,0.03046764321919636,0.017339228344838104,4.82828946299004e-06,0.9431704483003691,0.009017851846133454
168,0.044786390686332105,0.01995121523667872,5.59778066759559e-06,0.9274700979227117,0.007786698373609896
169,0.015534386143904738,0.005498713403124461,1.8705106545888571e-06,0.9754672597018895,0.0034977702404265496
170,0.011551519692131525,0.019537742482940042,4.233671133624855e-06,0.9575264324685543,0.011380071685240564
171,0.02429254737821126,0.045450406965715555,5.605856931429721e-06,0.9170496454510426,0.0132017943480993
172,0.02553236093406315,0.02086965942574913,4.146057767164447e-06,0.8487412301850328,0.10485260339738771
173,0.027188423341767194,0.03077361439197343,8.320881827297556e-06,0.9306463646963722,0.011383276688059874
174,0.027273827265753874,0.017126939286638148,6.070657689775896e-06,0.5818349025252822,0.373758260264636
175,0.11346486731526995,0.0401674495260854,1.070645649272631e-05,0.5948382468105974,0.2515187298915546
176,0.08424820013990826,0.07661014784482306,5.656695961891369e-05,0.7677529617384486,0.07133212331720111
177,0.05160241510995289,0.020000560268315027,8.180009503493866e-06,0.9092399694676123,0.019148875144616304
178,0.02463467754364628,0.011407077228979295,1.1819093911579986e-05,0.9464221239612078,0.01752430217225486
179,0.016721556792761456,0.008838379283759336,9.560571285149458e-06,0.9567762831474114,0.017654220204782793
180,0.021918093942597628,0.0138052499256949,1.1495965175543503e-05,0.8772235333259152,0.08704162684061674
181,0.031789249018295156,0.016033825588695687,4.099834576401694e-06,0.7985885357533511,0.15358428980508165
182,0.027094866784070762,0.008411229763893942,5.1798032488816265e-06,0.42978976384816975,0.5346989598006167
183,0.010909521046254367,0.0036527869507611325,8.096194154470602e-06,0.05638320482355955,0.9290463909852705
184,0.006416689734529429,0.004371102889521352,3.940941022876466e-05,0.006587489105672122,0.9825853088600482
185,0.004519319678367261,0.0008988261448292411,1.8915745658737947e-06,0.0029739065361604083,0.9916060560660773
186,0.06952175547208476,0.0016915181918857433,6.736498992244921e-06,0.0036139100669655903,0.9251660797700717
187,0.047258347190952406,0.0025182420848286324,1.3173379814788311e-05,0.004609791438903914,0.9456004459055004
188,0.009164895050665124,0.0007135862000431604,4.911154699757188e-05,0.0005602110106139389,0.9895121961916803
189,0.03043900624616896,0.007871358178359468,0.00012565148481825795,0.003413176846152984,0.9581508072445004
190,0.0007772598778883455,0.0007188913830091543,9.335952758615581e-06,0.0006389776728713203,0.9978555351134727
191,0.005783745892967827,0.0026144266276765154,4.7370466671518115e-05,0.0008216243425788335,0.9907328326701054
192,0.0015430337933378434,0.0005717646686735509,6.479860085481718e-06,0.0006705497964993241,0.9972081718814039
193,0.0015529770537657834,0.00030730163591164073,6.069302244897549e-06,0.00022122637753336125,0.9979124256305444
194,0.010901701535770629,0.0008815225443858482,5.3871442246280995e-06,0.0004029494129342799,0.9878084393626847
195,0.0020402892730894237,0.0006981511060216752,2.486956211418308e-05,0.0003717992365794299,0.9968648908221953
196,0.0014753437140560476,0.0005060665596070432,7.837461227975845e-06,0.0003753348641554075,0.9976354174009536
197,0.003370718128862691,0.0007803397815442169,9.142139673762173e-06,0.0003378540883148336,0.9955019458616046
198,0.001957717564078383,0.0004489370732376869,1.2529466251160193e-05,0.0004103884243243484,0.9971704274721085
199,0.05566734994562965,0.00214007176294068,0.00016501359350691187,0.001577975401283659,0.940449589296639
200,0.06792935236393398,0.004968471085270515,0.00020223578777382433,0.0045237745112146135,0.9223761662518071
201,0.010985883426936589,0.002270289724726544,0.00031977545406779406,0.000976586584580746,0.9854474648096884
202,0.16798599324166658,0.02846100825686263,0.00023272582282185883,0.014417928342830073,0.7889023443358189
203,0.3746765337131281,0.19900839369953072,0.005022987209904024,0.06938902022702818,0.35190306515040903
204,0.4688850256919546,0.13745832943070652,0.0012909427010206458,0.11963724688516586,0.27272845529115247
205,0.35064453908634813,0.3278635165211791,0.002616498446149264,0.21339826740864443,0.10547717853767924
206,0.1326642582310611,0.4046085750369146,0.009050352520765297,0.29976148119439905,0.15391533301685972
207,0.10530588572921223,0.05341603869878855,0.000493650634772836,0.28484850898578984,0.5559359159514364
208,0.11335459057725643,0.04953128990484971,0.0002335940616533592,0.12932119295055514,0.7075593325056854
209,0.2828021749298424,0.06123462654607898,0.0001802342810925438,0.19678465024650615,0.4589983139964799
210,0.23932507245249313,0.5780998469335263,0.001374551528090085,0.08200128380268973,0.09919924528320062
211,0.4808204835072903,0.23488765576759446,0.0010818950406219158,0.24574860524677547,0.03746136043771793
212,0.17090014252576072,0.5812147772076394,0.014248009018264096,0.18715940325317373,0.04647766799516194
213,0.10538543663145068,0.7955392066610388,0.016493076098926095,0.05945641288178815,0.02312586772679635
214,0.1754184718532654,0.44843191975588076,0.004830682088643373,0.31738849489218207,0.05393043141002841
215,0.13790547735475192,0.34365247334386384,0.00271323553672494,0.27837837508310664,0.2373504386815525
216,0.391424671806757,0.3535988267091916,0.004563963783594076,0.13325137868699183,0.11716115901346548
217,0.0578170319898561,0.9030494115453253,0.001648079773231759,0.03166768547082662,0.005817791220760472
218,0.13061046118151848,0.7818906291329393,0.002630662460701659,0.072299380604814,0.012568866620026552
219,0.1481698709905185,0.776685203943937,0.0042722527187356975,0.058615341708970294,0.012257330637838702
220,0.09315095049464926,0.8125766431347176,0.004641219102790963,0.07650893715919764,0.013122250108644366
221,0.12332221183625745,0.7589469409786945,0.0011424289848596587,0.08041853017257136,0.03616988802761694
222,0.26052700391214495,0.5224908029482341,0.0008339985093578723,0.16744023966399854,0.04870795496626449
223,0.2139341161401055,0.6372385295817503,0.004800098823512969,0.11461901982124699,0.02940823563338422
224,0.06818675526137465,0.8082358337635288,0.0023511625659827927,0.05272600670671131,0.06850024170240253
225,0.17036238821854227,0.6291860511470905,0.0023899605450543914,0.16192842253542153,0.03613317755389145
226,0.11085685573832457,0.7677441378894198,0.001783336077126048,0.10515120280038608,0.014464467494743498
227,0.033679270884189545,0.9066052053012389,0.0032919536170654814,0.04771370477755634,0.008709865419949813
228,0.12166143871152656,0.5479444743323705,0.0010818049698834717,0.24861482932118337,0.08069745266503613
229,0.023441848913587034,0.9343470092363032,0.001169481491010456,0.03700061056571107,0.00404104979338834
230,0.07074878707996106,0.7474313189975184,0.0019118764359147666,0.10659688265655207,0.07331113483005382
231,0.15309791453648564,0.4898001377139268,0.0010349191947166558,0.3181865843155361,0.037880444239334815
232,0.19037122704220802,0.5172128733480866,0.0010891052248027486,0.25651887959093755,0.034807914793965
233,0.16946808418910117,0.5798426429290908,0.0025185358268491184,0.11085231401215546,0.13731842304280334
234,0.14225876842225468,0.7358847850528868,0.0005179837112589654,0.09507753435948083,0.02626092845411855
235,0.25784683038904044,0.5175328569570491,0.0008787471608080836,0.17921399827821574,0.04452756721488672
236,0.039669693593851287,0.8817632641422872,0.0006031633208508279,0.07341266784018045,0.0045512111028303635
237,0.15655469066752042,0.6186102397807812,0.00103999324456381,0.20289446528602517,0.020900611021109208
238,0.1481980498249581,0.7211809700776097,0.0012393101018612553,0.11791801950666644,0.011463650488904418
239,0.04628913886410503,0.9164200473324797,0.0008444718982881605,0.03181443080422637,0.004631911100900721
240,0.1887272546851566,0.6778961231382941,0.001541276830749301,0.11074505907888578,0.021090286266914265
241,0.046332218380658055,0.9208261141256305,0.0013216083885545429,0.015908667091476886,0.015611392013680099
242,0.18424299474398956,0.6670478200501554,0.001535079619435154,0.12348489804522936,0.023689207541190527
243,0.1604570068558946,0.7045933229213306,0.0009643100218049236,0.05487110904967797,0.07911425115129184
244,0.03302637265066729,0.9229316345985004,0.0054842892232961635,0.017494680730774315,0.02106302279676188
245,0.01754145787151835,0.014675034825598468,0.0007921253828483203,0.0017945375678605463,0.9651968443521742
246,0.671349747483269,0.08997183189068399,0.0004688839658355437,0.11013600368714509,0.12807353297306642
247,0.13870897923397685,0.7989601249736432,0.0009650749071836433,0.04840627530888482,0.012959545576311321
248,0.04147853463056564,0.024329682178986033,8.202926490344802e-05,0.08476230509784465,0.8493474488277003
249,0.06375431747988347,0.03240548626616511,0.00011407243489613122,0.09277368475418532,0.81095243906487
250,0.312017676468652,0.14122065643989237,0.0004248211433504368,0.23408366658612376,0.31225317936198144
251,0.4914388735254385,0.25058341742609314,0.000829208336665474,0.1869018960058735,0.07024660470592943
252,0.07163649419910857,0.7425056053231244,0.0031053189844245446,0.15396858064670807,0.028784000846634517
253,0.1786434047445834,0.23105173979128907,0.0025072313053411126,0.23683147546397726,0.3509661486948092
254,0.20436017326307424,0.12457340960516065,0.0009446033967961846,0.34088133053101166,0.3292404832039573
255,0.2947449853692098,0.27607876137037196,0.0028104339687911512,0.30918525034560385,0.11718056894602318
256,0.3934706847525961,0.13676822093722776,0.0010246417285055993,0.13691247509362875,0.33182397748804177
257,0.17594362435648572,0.751095860745692,0.005584785412016318,0.04105354545880692,0.026322184026999214
258,0.25757609156948313,0.6015287295756672,0.0022368400592673197,0.06756536417877541,0.07109297461680701
259,0.1681194599786872,0.6412228436612416,0.008993066624953644,0.09915256935043162,0.08251206038468573
260,0.21010184386703806,0.13711406350747427,0.0011994119619634198,0.2824246334399013,0.36916004722362306
261,0.20190392650750882,0.12538185589507822,0.0024175712463172464,0.11317817061612824,0.5571184757349674
262,0.36555416902511545,0.4070559911273423,0.00655369784223886,0.03935084348191734,0.181485298523386
263,0.14370365606992175,0.745681991545355,0.008775156432462135,0.05389706025738306,0.04794213569487808
264,0.1288125587858693,0.034667496968569675,0.0021461202011367605,0.014113976582418383,0.8202598474620059
265,0.03876977464121707,0.0174225172432799,0.0002557995688098394,0.015865306262039795,0.9276866022846534
266,0.03303125880376227,0.010574574952796725,0.0012274169948078427,0.006449191304697832,0.9487175579439354
267,0.5805866145552019,0.2720118666065858,0.002597030183991355,0.03432350303376766,0.11048098562045336
268,0.2702573474718642,0.601391713634288,0.005183211293913509,0.05249318139323324,0.07067454620670116
269,0.3240834464589428,0.2525593294322223,0.004379061330780258,0.14039756025765673,0.27858060252039785
270,0.0791538089264308,0.7562509393464181,0.004653249047317999,0.13352112479778896,0.026420877882044055
271,0.2213223796711468,0.10595060050584251,0.00041944144124123235,0.5270067489486281,0.14530082943314138
272,0.04191513177494542,0.05415177642359333,0.00020149000032792272,0.3594394857788336,0.5442921160222997
273,0.38275896297441114,0.1864882636434024,0.0003335341221758009,0.3925472010088586,0.03787203825115224
274,0.027101407150974918,0.013086196253871227,0.00012392688265664895,0.04704459674810751,0.9126438729643898
275,0.45787626476163273,0.20361134280689738,0.0007896030379142913,0.17523865832609276,0.16248413106746276
276,0.4208914424246063,0.3580417750123661,0.00093552547898637,0.15951874427490018,0.06061251280914114
277,0.35226341025674085,0.16798130355295549,0.0019527080384144184,0.1536744305111126,0.3241281476407767
278,0.12774120635605513,0.5662951798936395,0.0029024356219231446,0.27401578642106583,0.02904539170731634
279,0.13235458727153096,0.17134996424997995,0.00036156889993800345,0.6565018788643061,0.03943200071424499
280,0.052511065364151684,0.6371543621215403,0.00089394772527882,0.28221662690836286,0.027223997880666297
281,0.18247448662329357,0.1457941756110072,0.00016332364311962927,0.526019058836459,0.14554895528612063
282,0.28193417838182,0.08198528902474896,0.00011321150219801348,0.44277056971071416,0.1931967513805189
283,0.20174459337697237,0.16894523659619173,0.00031076417407923214,0.28417674074101257,0.34482266511174414
284,0.30177085688732647,0.48329862472253365,0.0005660962340646876,0.16923090042676084,0.04513352172931432
285,0.14511130043628206,0.7307900172261532,0.0006329915151129244,0.09349769872733045,0.029967992095121264
286,0.11804866172811337,0.5698867211011917,0.005024831862085323,0.05125947406877779,0.2557803112398318
287,0.292519085042856,0.5580824937089511,0.013591681843416416,0.03774577452146938,0.09806096488330698
288,0.4613032520510305,0.27529756156341373,0.0017272907824738306,0.08964679395301692,0.17202510165006496
289,0.3527107225283713,0.530063529451963,0.006394155716503074,0.019996149350230707,0.09083544295293189
290,0.4946003373453864,0.3858610690280975,0.0037918983269402172,0.01588231601628436,0.09986437928329144
291,0.08622774151257147,0.8558443656232113,0.008733174706141154,0.006349799550298134,0.04284491860777796
292,0.37233571028253715,0.2761767170583487,0.007143171582822231,0.0267447191085017,0.3175996819677902
293,0.20323604006634874,0.7331560208254251,0.00723580847672856,0.02117016105442359,0.035201969577074096
294,0.5082661279749173,0.31819792412027326,0.0024217332378416254,0.04868519461234162,0.12242902005462603
295,0.25572153774337064,0.5338249773838121,0.006929817246099182,0.029687196052074427,0.17383647157464355
296,0.038293867543803886,0.9228427967981939,0.01888004531179785,0.012285578255163524,0.007697712091040825
297,0.19560204282816815,0.2771215873308665,0.0006232298463458424,0.046118093917833065,0.4805350460767863
298,0.2335041449124804,0.670639833813259,0.006869519817617079,0.04730093603205714,0.0416855654245865
299,0.31368233816398733,0.45120826935288844,0.0011390278049366346,0.024869520348287377,0.20910084432990025
300,0.17927034792096092,0.7772114673332944,0.013941013833482802,0.007855139980026488,0.02172203093223558
301,0.227755564722024,0.7157788508480334,0.006717746748504096,0.005061440810284549,0.04468639687115403
302,0.6062799327512246,0.22860042970835134,0.0008622533704436815,0.013485129781968364,0.15077225438801198
303,0.0518910588107151,0.9162275087468695,0.012444162022192248,0.012647313206090518,0.006789957214132787
304,0.04276261661032907,0.8795302196676786,0.020888262332168218,0.01813885129193356,0.038680050097890585
305,0.01406593795515144,0.836312729544826,0.11694786723623773,0.025314978520966723,0.007358486742818259
306,0.11500608210621707,0.3904495575532633,0.002316371916739565,0.455055690678988,0.03717229774479201
307,0.11130513145914839,0.6281127385043432,0.0027867590633131427,0.23546818158028868,0.022327189392906694
308,0.07224112538696492,0.14281232613441477,0.0002304265269134414,0.766060816154396,0.01865530579731075
309,0.04156242145579443,0.05265888678589044,3.29778325284008e-05,0.8835451003471655,0.022200613578621086
310,0.03878153090113507,0.018309405579625914,1.9407757493982916e-05,0.9234694857193849,0.019420170042360182
311,0.07152706659672932,0.04804024409645772,2.107321029879889e-05,0.8626192686807024,0.017792347415811784
312,0.02610468567565719,0.0503232908381762,5.750712761880463e-05,0.9184268604157404,0.005087655942807322
313,0.03819640545917207,0.02936123969226769,1.3452274357897247e-05,0.9113481722237596,0.021080730350442566
314,0.03394329707747293,0.023194529675909813,1.840776715634414e-05,0.9259971300872364,0.016846635392224578
315,0.025899813438959834,0.04942427373594478,5.836566746070437e-05,0.9159494573154188,0.008668089842215794
316,0.016608258477293136,0.014845998897766432,1.3789156756900474e-05,0.9641564840185649,0.004375469449618611
317,0.01577781569730207,0.013009340490056134,2.0981747172457807e-05,0.9651636247396097,0.006028237325859515
318,0.011947320368686646,0.006549020896089119,1.0855542736298129e-05,0.9760649849134757,0.00542781827901208
319,0.012496030434315715,0.02026088988063812,2.6940469641618997e-05,0.96124422273858,0.005971916476824521
320,0.008540702875816321,0.0068387215085821676,3.94021953777291e-06,0.9786080487237246,0.006008586672339265
321,0.013511573013593802,0.01558042297398687,5.472123413398078e-06,0.8167865583984795,0.15411597349052641
322,0.062317802660858644,0.01759252285041398,6.985029898975386e-06,0.8143907724449342,0.10569191701389424
323,0.1077774784072266,0.01951699555722288,4.763758094061703e-06,0.8202601956190219,0.052440566658434676
324,0.11806162870889336,0.02162054257820468,1.1005919436742235e-05,0.8272585594668752,0.03304826332659005
325,0.05198548468376419,0.02091336925662462,6.046322060947419e-06,0.90896245823201,0.018132641505540177
326,0.04380481995197401,0.019545231909634725,4.55061771831117e-06,0.8859138884768594,0.05073150904381361
327,0.041456303869672945,0.023013640299888633,9.177485422880144e-06,0.9027487627416985,0.032772115603317054
328,0.03463256999018234,0.07416965732851179,2.0081719465429304e-05,0.856036650692177,0.03514104026966346
329,0.0669824281445988,0.01798756673662402,1.1189557585087366e-05,0.6641625236938387,0.2508562918673535
330,0.09058962777301874,0.028312064134981926,2.7498140955788244e-05,0.8293509098653038,0.051719900085739685
331,0.20643451475961122,0.026732568082535383,0.0005511728050082922,0.4837401635547383,0.2825415807981067
332,0.08545578648938673,0.017162975754213848,0.0006352214107853307,0.14371173532982165,0.7530342810157924
333,0.033180262062470586,0.007929225974365234,0.0005878241255228218,0.016657277199674653,0.9416454106379667
334,0.6897122126583344,0.06026459544840332,0.00287561953046586,0.015367682582559843,0.23177988978023661
335,0.36175046612298184,0.036560817171908656,0.005469147965727155,0.02076691720648091,0.5754526515329015
336,0.47485462851926685,0.09006494753104913,0.0077958809534752925,0.01716997018143105,0.4101145728147774
337,0.3912885626405031,0.14220135816868215,0.013166877401886415,0.045054448357899825,0.4082887534310286
338,0.014091157760843031,0.014658131562032953,0.002676981502783111,0.006601414957074819,0.961972314217266
339,0.49745500594868175,0.23853897749234032,0.014379998951382816,0.10644494719957948,0.14318107040801564
340,0.03756885563092219,0.0379039111392668,0.0018328329864981143,0.004683128899920358,0.9180112713433927
341,0.41720822553476844,0.07007922785795405,0.0005843795972517727,0.04759929942740785,0.46452886758261785
342,0.113215420089499,0.8055029004496002,0.0012155538391675992,0.03333165078897613,0.04673447483275715
343,0.26207666300019133,0.05186202048815871,0.00040514103517642837,0.13697821162650417,0.5486779638499694
344,0.1497163742839183,0.4425267364522929,0.0009296508141816342,0.28017194749752133,0.12665529095208597
345,0.30543069606950907,0.08215800593845586,0.00014724011861951892,0.25360271577869364,0.3586613420947219
346,0.2495855760010387,0.14253278476943024,0.0002666651950112121,0.2659365811257374,0.34167839290878244
347,0.3788318048919051,0.09937177149675218,0.0005196143926488715,0.3767303332967795,0.14454647592191433
348,0.1788339655155428,0.0780371526006397,0.0003562269122654482,0.3166599016511812,0.42611275332037085
349,0.17020858325888907,0.2932565449142483,0.0026416905795836436,0.43820516606387905,0.0956880151833999
350,0.1728421912655861,0.06603379791003601,0.00018561126527214195,0.6572490885937001,0.10368931096540569
351,0.16810473641421955,0.068269488520846,0.0002067375521595577,0.45069555142583717,0.3127234860869376
352,0.19412449282044875,0.2556921249199003,0.0004862267741474674,0.507884444648297,0.04181271083720645
353,0.19009438820649807,0.045138752519477375,6.356230214192374e-05,0.3978795868772568,0.3668237100946259
354,0.27887787850046786,0.35759514009242965,0.0006901404752575008,0.3268289244716257,0.03600791646021935
355,0.1522531232731648,0.07349065331938623,0.00010774170950421844,0.20179397241922908,0.5723545092787157
356,0.2710942351367909,0.5265537680740452,0.00032454893063319396,0.13432709524558575,0.06770035261294498
357,0.3388700017832034,0.27871793892110164,0.0002602201105003902,0.32509421937263383,0.05705761981256072
358,0.10657048987306152,0.38110596642603073,0.006207640496075996,0.03878879001732816,0.46732711318750353
359,0.003697496367070871,0.0051706635080716,6.334458351857e-05,0.004557498380651617,0.9865109971606872
360,0.0637208492262294,0.017190202889717014,0.0002480112791642783,0.007713008347483213,0.9111279282574062
361,0.488717202805079,0.10363138908539186,0.00031690379558840624,0.022942203223655838,0.3843923010902849
362,0.05353485051592998,0.010211904383029853,0.0007546029902523993,0.004747827128614029,0.9307508149821737
363,0.30254063239255985,0.25312254607230356,0.003504229829966085,0.056292489785080634,0.3845401019200899
364,0.09042225327308977,0.8021561922042203,0.04857457320039321,0.03533277255708214,0.023514208765214616
365,0.15633339914747893,0.7476430301263046,0.0168893087570519,0.015162999775286725,0.0639712621938777
366,0.21056005026637523,0.2301596348107107,0.0096448460945184,0.027158129900404636,0.5224773389279911
367,0.2105062741317792,0.6710436930373531,0.008215153452961935,0.06539248830041693,0.04484239107748882
368,0.12921098310436857,0.7765061271815685,0.005923173099922472,0.0718019743111502,0.01655774230299016
369,0.05647152519327952,0.8467623187450007,0.006501101251602112,0.08055228632299423,0.00971276848712325
370,0.08284547170871358,0.6939441053231755,0.0038079931422463197,0.2052422166981654,0.014160213127698999
371,0.1374495378501493,0.6363923095038908,0.0016579418636417744,0.20893643372325635,0.01556377705906178
372,0.044524588990777124,0.899741412389016,0.0037584185615127832,0.04620817848004033,0.005767401578653855
373,0.13218322901149684,0.7749348582395834,0.0023867809565345523,0.06754402780080579,0.022951103991579572
374,0.022281029427859533,0.9316702565940278,0.014092734590514393,0.025769580063820827,0.006186399323777235
375,0.14369690489493,0.7564562214510382,0.0018546946383406215,0.08330901086251147,0.014683168153179785
376,0.13726207672667662,0.7381745562835412,0.0030322520990360364,0.08334511277443447,0.038186002116311575
377,0.013697542484880037,0.9705014967542925,0.003851185516266023,0.009695857284063004,0.0022539179604983374
