epoch,N1,N2,N3,R,W
0,0.009336947087037221,0.00010060566687694463,3.66399594184041e-07,0.0005519001290227324,0.9900101807174689
1,0.01510295589690017,0.00043641606291620297,3.885828345640233e-06,0.00277477365647445,0.9816819685553635
2,0.007435515922676129,0.00011738368483497463,3.1402588882073583e-07,0.0019281382576237568,0.9905186481089764
3,0.014709351334920965,9.984493486368819e-05,1.2274437418081002e-06,0.002386202365895164,0.9828033739205784
4,0.046339463677079154,0.0006000332302138902,3.8020247069922943e-06,0.008216469165868103,0.944840231902132
5,0.03183217804058292,0.0004099252141886022,1.4505327983280973e-06,0.007622032446090385,0.9601344137663398
6,0.1509735922164935,0.0012665891705829562,5.024188205956224e-06,0.02683572890690626,0.8209190655178114
7,0.16960927760084765,0.0020646249791170944,5.746394940238084e-06,0.058671562495241955,0.769648788529853
8,0.15993303186224583,0.0029632257775012807,8.323709217776876e-06,0.062087800828124665,0.7750076178229104
9,0.25902241493582734,0.010805998767724707,1.5417039617810756e-05,0.4448272892799449,0.2853288799768852
10,0.15516660132584853,0.01620109640378886,1.8567283328285106e-05,0.4549130242691973,0.3737007107178371
11,0.16058748792852717,0.024993184656994166,3.4103658111108485e-05,0.48958569972193544,0.3247995240344322
12,0.06816301233118975,0.1280181553231738,4.628750421212194e-05,0.6993775010509334,0.10439504379049099
13,0.14288460921516938,0.026443929791741975,5.9308443089129354e-05,0.4431859209669019,0.3874262315830975
14,0.1418000109599845,0.20152766533094849,0.00011142217411718084,0.5280497920460077,0.1285111094889422
15,0.08884307580099043,0.5684373308077684,0.0001503182965658466,0.24784683279915487,0.09472244229552046
16,0.023249506011921283,0.04691758696317069,8.492368325170992e-05,0.03294912388056804,0.8967988594610883
17,0.15561106800646987,0.04919779537967694,3.702974189557116e-05,0.09321648847109333,0.7019376184008642
18,0.031097518816482407,0.005678093295003346,6.264168494484948e-06,0.012361780647518548,0.9508563430725012
19,0.662344352531468,0.10171858778958,0.00014582972909810168,0.04977325745488475,0.18601797249496918
20,0.2508905582797338,0.042975677041518286,8.647195976903299e-05,0.04611960346003938,0.6599276892589395
21,0.5389036473149891,0.26620624398297993,0.00010182640674576317,0.1025552614925748,0.09223302080271044
22,0.09749090195516981,0.8021347088563548,0.00039364479814578976,0.03509690653393029,0.0648838378563993
23,0.1182009455515286,0.7659737619083034,0.0004627102530916466,0.07893236019365399,0.03643022209342251
24,0.04294953049233491,0.9061298114158097,0.0010556611649813476,0.026970506227232918,0.022894490699640987
25,0.2038941295739586,0.660909874788965,0.00011364741280775168,0.08662248145890208,0.04845986676536647
26,0.1580091979155494,0.8055559385838622,0.0002609219850760506,0.022588443462150058,0.01358549805336249
27,0.036686244147781356,0.9491172778953775,0.0006521514272352629,0.00726965379398112,0.006274672735624853
28,0.016099643296330467,0.9753165396517693,0.0031095119275378964,0.0012441486199543644,0.004230156504407894
29,0.02164911846961517,0.9666733416263917,0.003813759712249335,0.002732214912166669,0.0051315652795772305
30,0.008602117656624525,0.9600909430766706,0.021483244555866494,0.002505335315899071,0.007318359394939259
31,0.0177822282697404,0.9589751075795082,0.011321813847361738,0.0035422382293580053,0.00837861207403153
32,0.025652520884375148,0.9486314316161865,0.015658807667482372,0.0019612079661754218,0.00809603186578072
33,0.008058067089840843,0.9263965929485184,0.054715154465396126,0.001141871844802983,0.009688313651441528
34,0.017667242523263234,0.9539415400872647,0.020664207936313454,0.0009674764752987259,0.0067595329778598985
35,0.008094028384421748,0.9324578250628885,0.05047570640198673,0.0003935267991236104,0.0085789133515793
36,0.005434952547104662,0.9394989528222052,0.04617881240692589,0.00028015413216197485,0.008607128091602254
37,0.006136171154945122,0.9228860957190496,0.061729859799261065,0.00019129336363496989,0.009056579963109072
38,0.00396390567374557,0.8833470872600254,0.10289574603379122,0.00018852114273110328,0.009604739889706636
39,0.003993047209895546,0.7757794655357768,0.2118903322451239,0.00018661493715627274,0.00815054007204743
40,0.003449255833959799,0.8047973628656517,0.1856170131193533,0.00021199372947448516,0.005924374451560724
41,0.0038145399306285647,0.8950237929233341,0.09263019548134556,0.00021679950079749245,0.008314672163894267
42,0.002733918953889989,0.7590848466514207,0.23008479670535958,0.00012706503882143006,0.007969372650508299
43,0.005140854831776591,0.899609455443003,0.08365850532248154,0.00019585859791525418,0.011395325804823593
44,0.001109245280782274,0.4602764419172099,0.5293444942559623,4.005744215570753e-05,0.009229761103889941
45,0.003626889771995388,0.788157408059059,0.1976381600323663,0.00036691116898612846,0.010210630967593164
46,0.003338688089296679,0.9419688998918206,0.0479913333645691,0.0003531959019083708,0.006347882752405192
47,0.0009320251521475608,0.170044801525063,0.8256920204930273,3.870030572768953e-05,0.003292452524034528
48,0.00561021905252721,0.7413101988017948,0.24413732162674132,0.0004059832172434432,0.008536277301693181
49,0.0012324716822830035,0.7257014918644373,0.26503023686171556,0.0002676462705390157,0.0077681533210251065
50,0.0018369180389611393,0.6575508369501274,0.330147631217499,0.0005961317733271229,0.009868482020085332
51,0.002089118613228452,0.7050479854221529,0.2828232109307511,0.0008210994130056317,0.009218585620862148
52,0.08652937795602847,0.46564411643186093,0.07169610639310635,0.0010091219288252602,0.3751212772901791
53,0.23498557267860307,0.4818406595407386,0.022521134794833166,0.014786840653839234,0.24586579233198588
54,0.005495675537625527,0.0037343148451523,5.5492914876118504e-05,0.0003122418564320327,0.9904022748459139
55,0.41694814855470863,0.32021761775027263,0.00068445942401922,0.015877192122211975,0.24627258214878753
56,0.03263860259126619,0.010775617953843979,6.564436267920535e-05,0.0016211667366440121,0.9548989683555666
57,0.6736244780553564,0.23412452443270315,0.00011668779373084458,0.010515987463500473,0.08161832225470911
58,0.21488962925496014,0.429990816432324,0.00014441079326359558,0.02422426303759707,0.33075088048185514
59,0.06423304477651921,0.003551673923050597,7.047372155603976e-06,0.00942510066764944,0.9227831332606252
60,0.5341317524798126,0.037336224136558904,2.3862897310696262e-05,0.07910606447189773,0.34940209601441996
61,0.41232476227088233,0.010862538229642229,1.1970265844089203e-05,0.02099194368565585,0.5558087855479754
62,0.8590524153088367,0.06461837047370468,4.6920349655589684e-05,0.03541264977035528,0.04086964409744774
63,0.4002911051592977,0.5639719940191954,0.0001769298927194959,0.022803093879862384,0.012756877048925044
64,0.463371153826538,0.47080756049257194,0.0003421454783243107,0.039569583167221506,0.0259095570353444
65,0.1577777244093151,0.8088034786273431,0.0007770708816547729,0.01304314270421674,0.019598583377470145
66,0.04500705206638288,0.9462499637921988,0.00038156319362729835,0.003931960292828652,0.004429460654962352
67,0.012757407992950985,0.9701820566869841,0.01161161099854094,0.0014627807615853632,0.00398614355993879
68,0.013788442421509726,0.9673734479977308,0.012502591991978316,0.0009251391319576495,0.005410378456823447
69,0.008671256273453633,0.9580382531130921,0.028917137576198647,0.0009734226704004736,0.003399930366855348
70,0.006777589555553488,0.9584375427684507,0.03047349621827556,0.0006286290309792955,0.003682742426741071
71,0.003311349268063037,0.862422650377864,0.1265919962759559,0.0007908107290324599,0.006883193349084592
72,0.024523602248895767,0.9313097655356788,0.032149712552772845,0.002580808439057093,0.009436111223595523
73,0.00904107285468424,0.9391527243317385,0.04429195658722594,0.0005897503614339843,0.006924495864917442
74,0.0019277402567086154,0.7898659613991863,0.20175019239306208,0.0002512980915042798,0.006204807859538877
75,0.007742714782153994,0.9606643757873626,0.025310409745420353,0.00048239439480476584,0.005800105290258221
76,0.003882426777116682,0.918540000153903,0.06929309172753939,0.0006125769681585247,0.007671904373282451
77,0.001679756371239205,0.76722453773492,0.22304066448697923,0.00020121716156948374,0.007853824245292098
78,0.001750917178781584,0.8407806390465008,0.15194432281288087,0.00012858073231305665,0.0053955402295236396
79,0.003077397528143862,0.8608093128237263,0.12936978849674094,0.0007756918681200858,0.005967809283268768
80,0.002614296628656098,0.7640822485866128,0.22859782116351618,0.00044300651250861727,0.0042626271087064325
81,0.0026664436951123827,0.7527672253597589,0.24011156657810995,0.0004368006062752941,0.004017963760743524
82,0.0006107127703418085,0.25155325503157383,0.746066836209291,0.000101509260242052,0.0016676867285512996
83,0.0008352193086182345,0.5739882246416915,0.42210188941181087,0.0002469094891299416,0.002827757148749426
84,0.005215601265233931,0.8610145578484169,0.1197449225842015,0.0011028883733117092,0.01292202992883605
85,0.0018255787818405517,0.8634367193139352,0.12887745326361982,0.0005155620047757427,0.005344686635828817
86,0.0011750485458545826,0.4546452905966038,0.5399814491549189,0.0002050994810368909,0.003993112221585857
87,0.0011506332484605304,0.7836915609972736,0.21125667746181165,0.00023957331225822829,0.0036615549801961972
88,0.0007844122277974768,0.6433435015535728,0.3524670185674305,0.00026649755347383185,0.003138570097725417
89,0.0002830940186415057,0.29457814348059774,0.7021281490428903,9.081054109386213e-05,0.0029198029167767058
90,0.00036285817982457366,0.3027506543198171,0.6950605724399442,9.076422146604743e-05,0.0017351508389478513
91,8.526136542692161e-05,0.060322329757209615,0.9378096007749482,2.558791906015105e-05,0.0017572201833550346
92,0.0005904633677479956,0.5625070635830287,0.43273347741470636,0.0002582241548056551,0.0039107714797111505
93,0.0002970577907729912,0.086105333953029,0.9107673823395787,6.838036158998271e-05,0.0027618455550295373
94,0.0012202474458053785,0.4708064476913745,0.5168175088753031,0.0007829889371902234,0.010372807050326855
95,0.00026772126817908116,0.06142861186750874,0.9354202930814045,9.343392937553599e-05,0.00278993985353207
96,0.0010554758187558714,0.31882475553764816,0.6724757333660965,0.00035490609527362703,0.007289129182226087
97,0.011365447059397944,0.2895119991343713,0.43898176028233554,0.0033667210293354954,0.25677407249455975
98,0.04165566577780703,0.1384366035363063,0.0034323082515739893,0.0027849087370687975,0.8136905136972439
99,0.2555498841485878,0.43785281985184493,0.0040526629925183195,0.012743163138567121,0.2898014698684818
100,0.2359828087539938,0.07538080978633951,0.0004082198055195136,0.0011703678019633196,0.6870577938521838
101,0.3409404992783844,0.6299799564027099,0.00046703792151477167,0.0024672491039108304,0.026145257293480252
102,0.16153541529005072,0.8088743014018782,0.0005450663030373604,0.0020123050964628107,0.0270329119085711
103,0.22005762008948854,0.7610715576397854,0.0011251473971293992,0.00377024292846897,0.013975431945127473
104,0.007686190838849189,0.985513159574659,0.002611402670440316,0.0017830332351211563,0.0024062136809303728
105,0.06038490985911111,0.9206841999669519,0.002091285175553425,0.008455310740157521,0.00838429425822596
106,0.06334938504945313,0.9096443720358547,0.0025782174244814333,0.019612517327099475,0.004815508163111328
107,0.0056752065783942755,0.8293661638703466,0.15547555220677,0.002549791917434952,0.006933285427054099
108,0.01685635717431266,0.9521349234507474,0.016876524877712448,0.010466557865822809,0.0036656366314047916
109,0.03342188119378492,0.9330351420253294,0.007317541022985958,0.009528832187394264,0.016696603570505463
110,0.3102490675587055,0.5550085018375301,0.002117984088880411,0.06648091512866648,0.06614353138621745
111,0.0047290230161139025,0.9812250303953642,0.009945858180490605,0.0018902554265948443,0.002209832981436456
112,0.027728009558400827,0.9494948551924252,0.009186601463541383,0.007513647223031768,0.006076886562601094
113,0.03359675864011434,0.9418001831784838,0.007975071939122714,0.01092672708531296,0.0057012591569663654
114,0.007883366140757736,0.007660350559218074,0.00010819659025558542,0.0007637053569142599,0.9835843813528544
115,0.33879181481110676,0.5112683727570749,0.0012315267007609208,0.021917668028171723,0.12679061770288572
116,0.25725652891749223,0.036256762650127,6.633473866689849e-05,0.01946409585216648,0.6869562778415474
117,0.7388721833551982,0.02931342282136491,4.253361881935043e-05,0.016275850931162912,0.21549600927345453
118,0.4203703777744074,0.39489606786490516,0.000648964962048167,0.14531619868938717,0.038768390709252115
119,0.3962898380419796,0.37871511785565914,0.00019430193164714685,0.052314060907706884,0.1724866812630072
120,0.14128729037101123,0.829375155508253,0.0012157235617540295,0.020275357597059132,0.007846472961922485
121,0.2605570648083043,0.6844580496345357,0.00032937944457456323,0.023686961742850246,0.03096854436973527
122,0.02506131516818164,0.9629165306224612,0.0011218811653736023,0.008799085208134301,0.0021011878358494314
123,0.017299724904874542,0.962789524910272,0.005047788473070568,0.007795372475084336,0.007067589236698292
124,0.0642079686904592,0.8987019924181714,0.0013504990052353306,0.02480349834773183,0.010936041538402181
125,0.015855355866546832,0.9707961107254798,0.0012658687036381975,0.006399899190273389,0.005682765514061875
126,0.008512873469973484,0.9644431549698227,0.015572345214821596,0.004582567727809059,0.006889058617573114
127,0.1452851333252138,0.03430273299058866,0.00010146843532610078,0.004967417971326288,0.815343247277545
128,0.395246018616719,0.18305972848169644,7.21175825367693e-05,0.009506397505318998,0.4121157378137287
129,0.3234897383143181,0.6316299213965243,0.0003541093348822192,0.021299853834603564,0.0232263771196717
130,0.6488695752172675,0.2574926923257758,2.701277905403303e-05,0.017530783616716974,0.07607993606118572
131,0.05470864336008689,0.9145696138630975,0.0005610852935436099,0.01390590767447174,0.016254749808800026
132,0.054444939315522564,0.9042536552481037,0.00027083961963656096,0.029383332074610746,0.011647233742126286
133,0.006998788975407995,0.9773333094267581,0.004828310727920559,0.0026673491553394833,0.00817224171457366
134,0.08330215971110987,0.8018743349251433,0.0011320912510102816,0.09163075645301812,0.02206065765971847
135,0.05557529189594474,0.7487260026487965,0.0006452401339983098,0.1696548403673332,0.025398624953927182
136,0.07787633791473013,0.07023670522870067,8.548731340250844e-05,0.5050688286395407,0.34673264090362593
137,0.08821828385664549,0.010647154606718875,2.1685262370002314e-05,0.35764259554351496,0.5434702807307508
138,0.4001160173408627,0.012875837142652221,1.6977274987843325e-05,0.4305785414871954,0.15641262675430187
139,0.523886834093269,0.012207935639382132,6.629701332389064e-06,0.2824872372671209,0.18141136329889557
140,0.5234236138960927,0.07855805944434444,1.5322608333853465e-05,0.32530570250213586,0.07269730154909308
141,0.0993479528770422,0.15368352216802963,3.038125180202529e-05,0.7407957824206826,0.006142361282443658
142,0.07815478270408248,0.10848629693833625,0.00012203710760335174,0.8052777088258177,0.007959174424160262
143,0.04866029647401418,0.014522019336588208,4.903176516558853e-05,0.8967836098270093,0.039985042597222825
144,0.06281389599837756,0.009686087107204857,9.890490172765758e-06,0.6292903130361244,0.29819981336812057
145,0.1144718594765659,0.012890489702688544,1.5272623045431184e-05,0.8540245826887265,0.01859779550897355
146,0.1361971162746696,0.011292670686120124,6.892091352498615e-06,0.8248982384008041,0.02760508254705375
147,0.08155715990093124,0.011195157980903822,6.270207858816016e-06,0.6897832089299903,0.21745820298031587
148,0.0556233323991908,0.0072331717736612315,2.1003210852745896e-05,0.9308243475544645,0.0062981450618306446
149,0.029273281307477698,0.013478922456903263,0.00010681923735430293,0.9457036863326115,0.011437290665653356
150,0.011246285232008664,0.0031069184165658965,1.841643747293211e-05,0.9694979372852599,0.016130442628692593
151,0.0096591930383928,0.003466091127440753,9.013863479991771e-06,0.9775498534417645,0.00931584852892185
152,0.021007170315225695,0.027167317568526164,1.8524807682438828e-05,0.9456563122106445,0.006150675097921324
153,0.05272746751717726,0.026754827278805775,3.8466925823889186e-05,0.8832758667415047,0.03720337153668833
154,0.04125425289845234,0.025324917398425326,5.070461820985508e-05,0.904263357536873,0.029106767548039467
155,0.020452475113410213,0.04932082921741838,8.109750012795343e-05,0.8999544509827656,0.030191147186277825
156,0.016811421244005913,0.013792669033798687,7.441028280009609e-06,0.9395362932262106,0.029852175467704696
157,0.014863500856034342,0.01094308993998942,8.070261671157623e-06,0.9624917847897165,0.01169355415258841
158,0.04774396122964809,0.017333564793398183,3.7417230541005114e-05,0.9191494699148501,0.01573558683156246
159,0.040522323045900706,0.015536685322429983,2.414450187706973e-05,0.9235826272136232,0.02033421991616919
160,0.00663302964162889,0.009979963464627723,1.0456956163219445e-05,0.9794117841931633,0.003964765744416814
161,0.005897671814931599,0.012108351127389306,1.0176560048813825e-05,0.970130658671865,0.011853141825765284
162,0.016957639627105402,0.01110244540602438,1.0895842463595555e-05,0.965710843726936,0.006218175397470521
163,0.014624245427724135,0.005271196809044676,8.415196368916038e-06,0.9625308845939372,0.017565257972925012
164,0.018597145109901358,0.005784652097458244,1.570585018130028e-05,0.9633296914804516,0.012272805462007446
165,0.030277782213469273,0.0053733675599674235,1.696930151502024e-05,0.952168912660938,0.012162968264110358
166,0.04118933106015024,0.012396574954389604,3.358364678427669e-05,0.9085117032217379,0.037868807116937825
167,0.026653971229623392,0.004593040895985232,1.294593396475213e-05,0.9534725297913276,0.015267512149099098
168,0.03683281161893873,0.004939062054376569,1.8212162498381912e-05,0.8220658099634122,0.13614410420077402
169,0.02268220491623032,0.0017754647522518385,1.2879455121044458e-05,0.8013873372833986,0.17414211359299808
170,0.046822097320532385,0.0020724231627341264,6.285743646541462e-06,0.42083097501906325,0.5302682187540236
171,0.003588238983527216,0.0001750616291216072,7.650376903140571e-07,0.017236630759552504,0.9789993035901083
172,0.002474967291901448,0.00011241477172073582,1.7564518214597158e-07,0.007439227406400387,0.9899732148847953
173,0.0021039324295620797,0.00011052480403423371,2.5107719002200675e-06,0.00040112895410052683,0.997381903040403
174,0.0119888054601685,0.0001570878171469661,1.178633075637401e-05,0.0029129077585296017,0.9849294126333986
175,0.007677724900024768,0.000393726781961083,9.300337550614402e-06,0.0005988266274883032,0.9913204213529753
176,0.05663275331027884,0.0017617100138383455,4.207648982893132e-10,0.0009327926870967564,0.9406727435680212
177,0.002026855118660037,0.0018832630709204534,1.1272988793680227e-05,0.00063968921930867,0.9954389196023172
178,0.006554322849768638,0.0040516214534946395,3.189643547065473e-05,0.0005210434855697143,0.9888411157756963
179,0.010980481296654215,0.0026874777741725643,2.2495879880245763e-06,0.001214919312870607,0.9851148720283146
180,0.00782275804934749,0.006248308064326307,2.582751475214843e-05,0.0021066125392995897,0.9837964938322745
181,0.007922793593469172,0.012091845420070288,9.537347729718536e-05,0.0022147389438420236,0.9776752485653213
182,0.008808149587506352,0.012902798053443501,6.869517141983978e-05,0.002233244479101749,0.9759871127085286
183,0.01082224236628787,0.014684230195854226,9.433780403747247e-05,0.0023302261810729933,0.9720689634527475
184,0.007352520507621132,0.006052393926069894,5.0171533845619076e-05,0.0009957388255252982,0.9855491752069382
185,0.007038298387247797,0.0050662658485136555,4.166715846751605e-05,0.0004037990179030833,0.987449969587868
186,0.004733759994009383,0.003994445867809676,2.3175141768141945e-05,0.0002792773033429044,0.9909693416930698
187,0.06642222208385473,0.0010580115283395494,5.360442945281809e-05,0.006794065348439146,0.9256720966099137
188,0.02827934908241499,0.00038621970144980854,1.6462888128341475e-05,0.0011282206406942185,0.9701897476873126
189,0.022099336532682447,0.00038564832372490094,3.948359949712021e-06,0.0016215580630087724,0.9758895087206341
190,0.01412284922074144,0.0005317006144390992,5.788040649584437e-07,0.0021718129615805474,0.983173058399174
191,0.010934005689119888,0.00022793433356223713,1.1385805908887532e-06,0.002089826885447339,0.9867470945112796
192,0.01808908908420222,0.0004477751090869138,2.1296810823241937e-06,0.004351688401519474,0.977109317724109
193,0.0011690191868714112,0.0003287089557586123,0.0004767814469702818,0.00016357755787588105,0.9978619128525239
194,0.002484307233847142,0.00010668978460516568,2.1713317734780208e-05,0.0010752390925844058,0.9963120505712286
195,0.004722460556619536,0.00011306002971260447,1.0842512251218367e-05,0.0034558809391527154,0.9916977559622641
196,0.041217050048771554,0.00028471690594812963,6.850053679635608e-06,0.005269762464586121,0.9532216205270146
197,0.10613490624120474,0.0011349800107548784,6.361795025497838e-06,0.01378289464065327,0.8789408573123616
198,0.019134612213017498,0.0006702935406746287,1.3205429490434377e-06,0.010271515321311112,0.9699222583820478
199,0.3705247343069951,0.00620282140182568,1.955292123016849e-05,0.054960544316712774,0.5682923470532362
200,0.09941706252490201,0.0027491592416565886,2.3571555744333814e-05,0.09951460080032985,0.7982956058773671
201,0.363319347264606,0.0062756863840871925,2.7743292340484413e-05,0.13467761282144547,0.49569961023752085
202,0.5553445181927953,0.01077677450580108,1.722580835535459e-05,0.2931901359114149,0.14067134558163327
203,0.6313579192002693,0.016243729500887094,3.55893573152863e-05,0.20982199286703712,0.14254076907449117
204,0.3408584688284261,0.17331489000300387,3.743833439030665e-05,0.4574873242584167,0.028301878575763138
205,0.12602414645077595,0.5711236472168171,5.3781984124863245e-05,0.2919623419652925,0.010836082382989609
206,0.04820647864127717,0.5547772504753656,0.00030386808549487843,0.39288515242312305,0.003827250374739222
207,0.06694147905090984,0.3731554217691521,0.00014223361701869419,0.5401214898849763,0.019639375677943136
208,0.1079851094211075,0.2043874676932513,0.00011518146903947323,0.6606426847029327,0.026869556713668898
209,0.0943048823919352,0.6952832050628363,0.00022498103477160283,0.17672716789509116,0.03345976361536572
210,0.12148907090917145,0.41249166844301094,9.733514128603095e-05,0.44956619470057296,0.016355730805958608
211,0.14370879269397627,0.26072988258803953,0.00011308288318109625,0.5058130559001085,0.08963518593469448
212,0.12508277718028937,0.5432633951965075,0.0003550344852887422,0.32037650094308057,0.010922292194833866
213,0.03435384051570627,0.01268582893359948,1.4608419810672343e-05,0.041648822001915,0.9112969001289686
214,0.6304769126486517,0.04355084106143294,1.5311726898741455e-05,0.21585567966625113,0.11010125489676555
215,0.7253559197479863,0.08458343228634445,2.1943126921385595e-05,0.1654474290904081,0.024591275748339535
216,0.5672797878069303,0.3170075608448069,1.5945082828158805e-05,0.048742916258405364,0.06695379000702932
217,0.15339657772237822,0.8147309834903878,0.0003188194988088544,0.02025839453578765,0.011295224752637518
218,0.10724994238190003,0.8354980354554152,0.0001349389922438291,0.05048034835816591,0.006636734812275071
219,0.01351576827674763,0.9777646220366187,0.0008913182203562246,0.00702894535811874,0.000799346108158598
220,0.00430598322273579,0.98733417197528,0.000466535476884862,0.007421520471179343,0.00047178885392008303
221,0.012624754047005301,0.9678313582895302,0.002294114933272533,0.016208311451475686,0.0010414612787165818
222,0.005399132666259514,0.98162781597436,0.0003569914577001377,0.01008532909177266,0.002530730809907723
223,0.005242631071129976,0.9823600304335959,0.0040887345241420285,0.00736148519208195,0.000947118779050372
224,0.004207935597665712,0.9861829849900788,0.0052106504600704555,0.0035828498675735876,0.000815579084611688
225,0.005904876391022487,0.9739530840831356,0.013563287964218228,0.005058217318287937,0.0015205342433357923
226,0.17606444057870727,0.7109881808079455,0.0011157364988996516,0.02892058070073371,0.08291106141371386
227,0.041209905741184404,0.9472125807046201,0.001840274489693089,0.0033224301860902473,0.006414808878412292
228,0.191140457197854,0.7967842816687635,0.0002654048081993632,0.00576076293221994,0.006049093392963241
229,0.02608105260329402,0.9710159021845304,0.0005011425083022597,0.0006791572946460508,0.0017227454092272523
230,0.009827348258203644,0.9812756082931966,0.006098919979823123,0.0010750519091387413,0.0017230715596376761
231,0.016138508502313752,0.9712831531738736,0.00603103857084387,0.002498417730235186,0.004048882022733612
232,0.013539087496474556,0.9337736006507826,0.03875622149076656,0.007972487396553618,0.005958602965422625
233,0.008546351017487162,0.9702814978286329,0.012845924268706045,0.005269088261926592,0.0030571386232473526
234,0.012616960192565188,0.9646671823296961,0.016969549228780963,0.0029243358228670754,0.0028219724260907103
235,0.001985095962510164,0.8828169835183072,0.10943590150927002,0.0023683183637248696,0.003393700646187646
236,0.00874231997220961,0.9198249761965901,0.06305712576146229,0.00524126450908547,0.0031343135606526065
237,0.020918343151743794,0.9555774802722783,0.015302596246423125,0.004765453511326046,0.0034361268182287624
238,0.1313791177512017,0.834075128347896,0.0036798013505121136,0.02211698993880944,0.008748962611580813
239,0.0027501770832681553,0.9660340712513164,0.029484309064328827,0.00032474132154286745,0.0014067012795438
240,0.027937414742872677,0.9528804769295046,0.011939984755333425,0.0009607375044659171,0.006281386067823549
241,0.005282971727681364,0.9523612068549564,0.038966370120603985,0.0006802529426220148,0.00270919835413623
242,0.007103118956335155,0.9500506234990904,0.036553684432636555,0.0018838201774714874,0.004408752934466226
243,0.00761260756732204,0.9627818437928296,0.02561121102935493,0.001950701964725814,0.002043635645767686
244,0.003917831535213225,0.8547721406088578,0.13641021210857565,0.002327047148320976,0.002572768599032299
245,0.0013892378658493885,0.641297203012922,0.35397144509741735,0.0008815658899702874,0.0024605481338409803
246,0.004460369509136378,0.921954663699693,0.06781703973521272,0.002707210634514634,0.0030607164214433674
247,0.057998852399212535,0.7810884046072748,0.05665104860111483,0.005540971785439283,0.09872072260695858
248,0.021349015076503195,0.92875235547191,0.04122813810658903,0.003930712335985143,0.004739779009012715
249,0.005062812075754095,0.9583369459726977,0.03168177554102075,0.0009532131152502576,0.003965253295277313
250,0.011198016639623852,0.9180539421149239,0.06496993437933117,0.0025600381082752552,0.0032180687578459003
251,0.00852839750226762,0.9271504022893126,0.05547961060686496,0.005043548947564635,0.0037980406539901384
252,0.03210509444629665,0.9391154535358632,0.014851854780039675,0.004506033570344119,0.009421563667456442
253,0.005456364504912346,0.9622334472951194,0.02656177361182282,0.0032701027982644302,0.0024783117898811557
254,0.005867981898472638,0.9603030032211872,0.029745618166493418,0.0011589683416223125,0.0029244283722246246
255,0.003129113405208536,0.8476810192512699,0.14512507771537067,0.0013966948638061212,0.0026680947643449946
256,0.0042055449324784975,0.9465479431995822,0.04090540088401026,0.004445055983103473,0.003896055000825641
257,0.013088905438289304,0.9132697717308063,0.0523852073284481,0.013476191266557361,0.007779924235898774
258,0.06909086537942626,0.8693505621601216,0.008854831227312746,0.023746195568766906,0.02895754566437254
259,0.005884589407417936,0.9588584171602477,0.026884266673763348,0.00565596419377911,0.002716762564792104
260,0.2285186082059762,0.6789376840160762,0.001709370936495428,0.014168056606469092,0.07666628023498306
261,0.028843784410552596,0.9626188847347774,0.004467585157726288,0.001871893511316072,0.0021978521856275907
262,0.007163676068903046,0.9526786884795534,0.03497379639848229,0.0008341948548039855,0.004349644198257157
263,0.015377473632413933,0.975927125696268,0.005872855712513639,0.0006821519402298384,0.002140393018574435
264,0.00459545465703002,0.9682018169927689,0.02300386446511224,0.0011832997085780936,0.003015564176510881
265,0.011046632101254882,0.8880153392251496,0.083505238921894,0.003945144271461485,0.013487645480239866
266,0.003034242810304716,0.9271469892796663,0.0646503818105141,0.002293941983110518,0.0028744441164043786
267,0.03472418565922252,0.9252658537021414,0.026960371569031766,0.0049742431800683,0.008075345889535778
268,0.0038298075739019396,0.8870860958233476,0.10443160941992674,0.0010195015615056236,0.003632985621318133
269,0.0017435226417161945,0.7904548802929124,0.20539891053675002,0.00034345228582683237,0.002059234242794363
270,0.0019803560481881878,0.8695597820315645,0.12555147196784988,0.000531519835508166,0.0023768701168892735
271,0.0012797111422766074,0.6671102131335814,0.32908092460267074,0.00036868451977217076,0.0021604666016990593
272,0.0012859592199788883,0.7394069098151252,0.2561817151730069,0.0006324331390675178,0.0024929826528214388
273,0.0009190812957939677,0.6730544867679015,0.3237535863355506,0.000361455594276023,0.001911390006477959
274,0.0008368044028516876,0.6547861176324417,0.34160350033046594,0.00045986357350449994,0.0023137140607362794
275,0.0006035788489093527,0.5137657764503186,0.4841890336842794,0.00029422967609510174,0.001147381340397558
276,0.0006421815329430927,0.40022223386576744,0.5973276623997881,0.00040610090427818603,0.0014018212972232323
277,0.000723671848220086,0.35623036883271053,0.6412428461166223,0.0004079741051953355,0.001395139097251798
278,0.0011477350085262845,0.6438565890812749,0.35139824966080585,0.0007064441223843628,0.002890982127008744
279,0.0008457989367668019,0.5493212230645818,0.44788644475937056,0.00034045379022394027,0.0016060794490569896
280,0.0014463945850851513,0.6073893293826919,0.3869311587882481,0.0009752799514237937,0.003257837292551034
281,0.0017375689371080547,0.7000426901404171,0.29539079402900986,0.0007744309912005722,0.0020545159022644214
282,0.0005468773581568076,0.7320789008253592,0.265736748527136,0.0002654490657706497,0.0013720242235773232
283,0.0011940485052860533,0.6796002281036048,0.3173212629320421,0.0003404255915744222,0.0015440348674925876
284,0.00078968946080778,0.4781396177185009,0.5191223444986677,0.0003439401377624092,0.0016044081842611494
285,0.00037950580077609537,0.5069405638061444,0.4906357340014757,0.0003003427280234811,0.00174385366358037
286,0.0005319649311831793,0.4470996003014929,0.5501311023965885,0.00043394368653844475,0.0018033886841970017
287,0.001108123709814258,0.639072557588857,0.3548728183835041,0.0019436524271853153,0.003002847890639442
288,0.0006772347241846457,0.24617810717477787,0.7497453589959434,0.0007160828261868901,0.0026832162789072966
289,0.0020207844610218065,0.4394550980238901,0.5472291825504093,0.001704402366805498,0.009590532597873362
290,0.0004117067506545533,0.1044216699359129,0.8929454295702727,0.00027619833413602057,0.0019449954090238087
291,0.0012514194432601846,0.0012835702295095936,0.0005413402372470511,0.00020053196852812879,0.996723138121455
292,0.3344532110382588,0.2508571669927391,0.001164947840056186,0.017805342238156368,0.3957193318907895
293,0.4720946885510899,0.28562341638980004,0.0001805714987955133,0.008209391470351437,0.233891932089963
294,0.6116774840637292,0.20828777021087713,0.00026164612717110626,0.0018434406766304563,0.1779296589215921
295,0.10880790703710917,0.8474961270695063,0.0006484450486935138,0.010277785095729363,0.03276973574896137
296,0.3716256015619842,0.5565459935797592,0.0007475368987259157,0.0375041677515061,0.03357670020802447
297,0.0965369296505896,0.8864128426095501,0.0026435187864472113,0.00773316978790729,0.006673539165505685
298,0.0655977004825511,0.8755548943081215,0.0010873032347189044,0.04719558712359372,0.010564514851015028
299,0.13761580120276096,0.5417524114082732,0.0007033726569726207,0.06850121034688404,0.25142720438510907
300,0.5179480928278353,0.31873372377083964,0.00018091929260685265,0.11262167665893465,0.0505155874497836
301,0.05275123438244956,0.9375537616312204,0.00037584526969445734,0.007737904600409945,0.0015812541162257788
302,0.013986884761001732,0.9797038585570922,0.00034588154182416044,0.003842669996358814,0.002120705143722937
303,0.029167121726790035,0.9560094855460821,0.0010535692605903812,0.010899912202712617,0.002869911263824644
304,0.04125194342608991,0.9295766055147112,0.0005448732870360825,0.02599033031503383,0.002636247457129051
305,0.00871881158108217,0.9787840162218225,0.0024193218231551494,0.008121857969031837,0.001955992404908549
306,0.04160018051777884,0.9267992000421019,0.0003619680594978264,0.027969497355202433,0.003269154025418849
307,0.01099720798409151,0.9795236869714887,0.0014845533508235519,0.006037868197890422,0.0019566834957057224
308,0.031963305066715304,0.02940756897283299,0.0004687875472769318,0.001409282043207301,0.9367510563699674
309,0.1945072091275501,0.7811733262860627,0.0009590102150127555,0.004280148075195417,0.019080306296178816
310,0.10022044686403647,0.8900640262142925,0.00029715731536697926,0.0009245294248319431,0.008493840181472097
311,0.08925698270647403,0.90775007817788,0.0005744339014987333,0.0008172504724956127,0.0016012547416516213
312,0.01752993188928244,0.973610806908469,0.0015373653426572099,0.0026434347287745408,0.004678461130816643
313,0.00910975048429875,0.9846716983138777,0.003760040385206302,0.0007801758277283979,0.0016783349888888715
314,0.019867092280745974,0.969155054121882,0.005103322678714543,0.0015117955566226978,0.00436273536203465
315,0.032119556338606005,0.9583031740009385,0.0028442540225554645,0.004210194599121818,0.0025228210387783405
316,0.007552124950501558,0.9847823201775789,0.0040122779062879725,0.00160920959930275,0.002044067366328981
317,0.04071592549581435,0.9499646641558579,0.0028253211100098172,0.002389099252698078,0.004104989985619832
318,0.014772379610381112,0.9770802752639103,0.004649133965341352,0.002052822379529512,0.0014453887808377253
319,0.028364357136876534,0.9588492977460957,0.005077339072650438,0.004906874215693304,0.0028021318286838466
320,0.034759443752224096,0.9521181107155754,0.004032489679582268,0.0067214467626133135,0.0023685090900047515
321,0.0030478137312777874,0.9871386207582058,0.007128884461298303,0.0012102318973029927,0.0014744491519151652
322,0.005743454677319804,0.9532100714464322,0.03336955957106271,0.004711263569589994,0.0029656507355953197
323,0.028914970365586778,0.9481814449792108,0.0026407719154006516,0.016751315314828222,0.0035114974249733926
324,0.006385941473529224,0.9613693574378727,0.023600272262068515,0.006243111825530599,0.0024013170009990446
325,0.024553122974469526,0.9515161902379053,0.005599354153484497,0.015095663458460987,0.0032356691756796636
326,0.028678132166770516,0.9212195089361507,0.008787197544151571,0.032495699443932186,0.008819461908995251
327,0.023697438378580703,0.9138884920081267,0.001846431967558275,0.05519191739913796,0.005375720246596406
328,0.10656672761767609,0.4466811296659888,0.0010019210464073593,0.43671311910163896,0.00903710256828884
329,0.09938256480001266,0.40019565740312085,0.00021844092038372619,0.48302577785698936,0.01717755901949334
330,0.08608487025577505,0.1892404387910087,8.805174424959106e-05,0.6779721575286678,0.04661448168029877
331,0.08010923540488576,0.38896415691197483,0.00013494385555216674,0.5200178352175263,0.01077382861006082
332,0.11836349148206092,0.07211595290535501,5.2863888394673444e-05,0.494176228979896,0.31529146274429337
333,0.31894229254094275,0.0400971712808496,4.887291068206226e-05,0.5908656656384806,0.05004599762904495
334,0.08692749933309331,0.1936007994765336,0.00016200189767500835,0.6481253860618627,0.07118431323083532
335,0.08351798535855517,0.04745732832409356,8.412537988142945e-05,0.8554230587811745,0.01351750215629527
336,0.0319100070751655,0.013333321134724541,4.623848698396985e-05,0.9469826489656533,0.007727784337472656
337,0.01485751485658443,0.0031829740646379763,1.994612251788009e-05,0.9769222009675911,0.0050173639886685545
338,0.017283977644912327,0.002915507125502706,1.001237448149848e-05,0.9732197191052414,0.006570783749862013
339,0.010036736595999171,0.005038532371294181,4.794419858316139e-05,0.979726797098723,0.005149989735400528
340,0.01189111601505488,0.003965246512927668,1.9758555092213063e-05,0.9745210538410786,0.009602825075846444
341,0.007227272823479955,0.001208454849872025,1.3402579857507608e-05,0.9870332922700817,0.004517577476708733
342,0.004439657939465549,0.0019074533331855123,5.009048328450566e-06,0.9891275378631664,0.004520341815854118
343,0.02763404423358258,0.007655571316278876,0.00034140589074477766,0.819384465214325,0.14498451334506884
344,0.04448916623647218,0.002747202707325185,2.7001827310488584e-05,0.945912110355813,0.006824518873079076
345,0.05273764805317595,0.004717659538173407,3.994207451464595e-05,0.929051042632236,0.013453707701900033
346,0.1431182407505973,0.0042479978048394155,4.96294915990097e-05,0.8169993498451871,0.03558478210777734
347,0.008260744026778509,0.003773104246348074,2.145379476892062e-05,0.9854489152289072,0.002495782703197271
348,0.015734448199391127,0.0052648644338915696,8.582831649550954e-06,0.9769829149988318,0.002009189536235966
349,0.0414710666730746,0.012384659831728642,1.632094670483814e-05,0.926055777627586,0.02007217492090583
350,0.04362729385734069,0.01726321095625256,3.610488103049373e-05,0.6014075537466048,0.3376658365587713
351,0.1154184094257701,0.013308924680516681,1.2633526781978938e-05,0.6140633670821878,0.2571966652847435
352,0.26664368815394274,0.010652903168518142,6.624022698007257e-05,0.27544341598488303,0.447193752465676
353,0.04060025966509938,0.0036012026767916813,2.0492636476081227e-05,0.11473293202184734,0.8410451129997855
354,0.3517401854659516,0.007486407746545102,2.682337056080569e-05,0.29116231270592946,0.3495842707110131
355,0.31524603530956785,0.022694193600426606,2.3100528713959843e-05,0.4341623595855866,0.22787431097570493
356,0.30096011972648085,0.013033625207092047,1.0296723368627818e-05,0.6482086710147756,0.037787287328282904
357,0.06501498594413531,0.021012597608846183,1.0117255409154722e-05,0.906695912623334,0.007266386568275301
358,0.03240601880663472,0.012132575423265145,2.5023020247172365e-05,0.9518662289021212,0.0035701538477317936
359,0.018496353661533703,0.0033166905967546598,6.495991609424546e-06,0.9534881917358243,0.02469226801427786
360,0.020075859086440506,0.005157039275144302,5.055222919679023e-06,0.971003003311191,0.00375904310430443
361,0.06361400545609529,0.011784585692889938,1.8860099081074843e-05,0.9138285755298806,0.01075397322205299
362,0.045592427785517434,0.010150986652509431,4.7866240355205e-06,0.7657745282431576,0.17847727069477995
363,0.13245576783320315,0.014568589100463006,9.454801098632295e-05,0.6234697903433751,0.2294113047119724
364,0.0609429281600532,0.00933867482611245,0.0006822246943759532,0.6036104005922146,0.32542577172724374
365,0.032780497843553906,0.004202752592959918,0.024963148542611033,0.013626305884198775,0.9244272951366764
366,0.18278597131437002,0.013510509181745923,0.0007907959861853587,0.032359891125954166,0.7705528323917445
367,0.1917401610510282,0.024144904329968787,6.107310080806944e-05,0.014864458723003576,0.7691894027951914
368,0.012309046543708778,0.00714982687345192,7.752148814065428e-06,0.0020875779418406174,0.9784457964921847
369,0.012408344416460505,0.011702323071737308,1.6590695655732375e-05,0.0016623320747776809,0.9742104097413687
370,0.012440920847203184,0.04273818231127081,1.675710164318073e-06,0.0010361447531298971,0.9437830763782319
371,0.004225060459929302,0.014034285038252136,4.2394817888214804e-05,0.0007096564997301115,0.9809886031842002
372,0.0007775184523222473,0.002123025364663068,2.095997168514475e-05,0.00014871016567648973,0.9969297860456531
373,0.0012415464872442398,0.0030354661425147818,2.840373819266214e-05,0.0001378580988685123,0.9955567255331798
