epoch,N1,N2,N3,R,W
0,0.0003214434758926627,1.901295332962583e-05,2.491003075070831e-06,3.962114961347533e-06,0.9996530904527413
1,0.0095629332762453,0.0012883741905898984,2.786896669105165e-05,4.8124475721781536e-05,0.9890726990907519
2,0.00323006609235948,0.0009957552796030454,1.6943919227895076e-05,5.725953737727939e-05,0.9956999751714323
3,0.002443428164607371,0.0003967795024558989,1.5887666763569723e-05,4.325602520579519e-05,0.9971006486409674
4,0.018748554732706396,0.009322021446551169,0.00012030436525776412,0.0006509838835676507,0.971158135571917
5,0.007377272433723086,0.004575753711439324,0.00017132027896254185,0.00024041133488435302,0.9876352422409906
6,0.026489842797276293,0.019904195748920536,0.0001554163651157409,0.001817413919855252,0.9516331311688321
7,0.13105671160781168,0.0928678776565454,0.00043324353482762846,0.006524091706110493,0.7691180754947049
8,0.09465305796938847,0.10423641837512627,0.0008747676692627393,0.007214934498536176,0.7930208214876864
9,0.041416361298524655,0.07463490477016398,0.00035940006557829167,0.005449746220058609,0.8781395876456745
10,0.03870476149880547,0.08262700496972657,0.0006456766352943254,0.0041875960891813845,0.8738349608069923
11,0.0371496213010279,0.09152013541352838,0.0016670075329056084,0.0019464647496808436,0.8677167710028573
12,0.04213369315971741,0.3877680926685361,0.003422038075967634,0.007433130535772103,0.5592430455600067
13,0.03987911105355415,0.22721471109011376,0.0046640820404246575,0.013840058969704526,0.7144020368462028
14,0.040368027326663836,0.034061347226749465,0.0019426669157512587,0.0052257827197354865,0.9184021758111001
15,0.0535499190023468,0.13347353243734325,0.0011935643973645137,0.00827076546201996,0.8035122187009256
16,0.09233410319937256,0.28992316012154973,0.001864581035816331,0.0038322444396027065,0.6120459112036587
17,0.04295864313901159,0.5033368638660706,0.0022009851007954817,0.0020560809446913877,0.44944742694943085
18,0.06225007496252974,0.34792045277312117,0.002050358126499838,0.0010751476368457745,0.5867039665010034
19,0.10837527077632166,0.2625112787626325,0.0017335471849880503,0.004387071159640099,0.6229928321164176
20,0.04469568118158339,0.56699337849813,0.026855181256402592,0.0020637782880557564,0.3593919807758284
21,0.09189339168499419,0.30976517419533295,0.011737783092315929,0.0010819776048051942,0.5855216734225518
22,0.0358328230632969,0.41014176401903485,0.1120689585038565,0.0018826381078445712,0.44007381630596715
23,0.03822500442200656,0.47271845772397186,0.11134165784268711,0.0014353936620220764,0.3762794863493124
24,0.059476154959887305,0.25605509389940917,0.02904987922196154,0.0028883397800553564,0.6525305321386867
25,0.028247264643464953,0.30237754281117457,0.07381630687919413,0.000817292312540527,0.5947415933536259
26,0.0319796066845748,0.11501380691649352,0.009865840552904594,0.0010496413933170747,0.84209110445271
27,0.07561269171995251,0.5070511071389454,0.048530824229857335,0.0007089956127318862,0.36809638129851285
28,0.06519874089876064,0.52447209547663,0.06106292564685202,0.0006749906208689754,0.34859124735688835
29,0.08095751635524696,0.6580397822715196,0.09575352495099983,0.0006729733236532472,0.16457620309858034
30,0.04084703624283156,0.7420923922282364,0.09294435380050427,0.0004664391590232856,0.12364977856940436
31,0.030425794838516835,0.7936042244756875,0.12319664711313864,0.0009138110907749338,0.051859522481882074
32,0.035823589361311074,0.8015486131567089,0.06414489945682772,0.000946488341161474,0.09753640968399087
33,0.024614713993414687,0.6862085038945601,0.18810631909893488,0.0007849891136711264,0.10028547389941918
34,0.03957997656800286,0.7648517647093964,0.09125259328649622,0.0010689141698684216,0.10324675126623607
35,0.03913556916095839,0.7872235863633967,0.113222378118169,0.0007445634204704969,0.059673902937005224
36,0.025389439933761977,0.8472759838485244,0.10092629441972141,0.0007836600265173522,0.025624621771475033
37,0.020939137386465755,0.7491520594578547,0.17746850321688423,0.0003147421230977286,0.052125557815697644
38,0.01826480768134257,0.9312947380079603,0.03385658967550474,0.0002679417622217249,0.016315922872970567
39,0.01926137698025732,0.8549988698316547,0.10127468048914523,0.00023147251028710926,0.02423360018865546
40,0.02447244002488297,0.793267233113593,0.14297692229596323,0.00022200595179924337,0.03906139861376146
41,0.04498978241724973,0.66698013920393,0.22901447507506265,0.0003671726215297482,0.05864843068222789
42,0.027938012428600684,0.6271470214005228,0.300477635330583,0.0001645629533415963,0.04427276788695197
43,0.05693734581056803,0.7139525130859286,0.13330025250612376,0.0007504513591882042,0.09505943723819155
44,0.02775415526639723,0.5415731564529612,0.3836763681492236,0.00028013886207556044,0.04671618126934234
45,0.06354612056165614,0.4759455645336984,0.08393755077701032,0.0012019306066094414,0.37536883352102574
46,0.09299551572451208,0.4200572265960728,0.20455056577488223,0.0014418966606542052,0.2809547952438788
47,0.06332433847681515,0.3409721092651649,0.4980748434053197,0.0007476780385346155,0.09688103081416553
48,0.14515108469979715,0.44210979317152205,0.05786922750822726,0.0017462268933840467,0.35312366772706955
49,0.02692359769586656,0.4592532255186578,0.2531383737192846,0.0014519544905993785,0.2592328485755916
50,0.08546142716044967,0.32003292710696574,0.15696938719192774,0.0014608090271583973,0.43607544951349847
51,0.06768450714856888,0.512552231937236,0.14484356155305136,0.0020192804196927983,0.2729004189414509
52,0.14712763706774415,0.3785784754926038,0.14136933339014407,0.0016059004329132187,0.33131865361659485
53,0.11975826003696752,0.43086982069001456,0.2881945367137271,0.0010555022668589503,0.1601218802924319
54,0.03828028562175253,0.52602855451818,0.39079490889292984,0.00034476736207122706,0.044551483605066396
55,0.028391275821671953,0.393489390260664,0.5397205830383862,0.0003443769550985109,0.03805437392417926
56,0.03973010302728687,0.6143194027611103,0.3283249097915272,0.0005498300725508031,0.017075754347524966
57,0.01643105934807602,0.461142199333767,0.49996889672663486,0.00043985943282743054,0.022017985158694613
58,0.03987900864724982,0.5075284190377664,0.4311896518143411,0.0005089688121459239,0.020893951688496715
59,0.015493144539909185,0.4895799061856545,0.48025277922732384,0.00043739836986772795,0.014236771677244717
60,0.04824710377598469,0.6879724447501873,0.23322880553384623,0.000760040277585302,0.02979160566239637
61,0.024754725876732976,0.555005752616659,0.38191213185578105,0.0005435940309916095,0.03778379561983533
62,0.054673698575748914,0.5209629532916331,0.09571151681221479,0.0013820211698308265,0.32726981015057244
63,0.07506329967967315,0.5620626333309782,0.04705730479118667,0.001569882346778968,0.31424687985138294
64,0.0820534474346254,0.5694551947077208,0.23361344994606312,0.0011829041437589423,0.11369500376783181
65,0.05731720794748747,0.5693549365774615,0.09958434482232216,0.0017773412555606477,0.2719661693971683
66,0.055987371012545445,0.4945623053776447,0.302950717290455,0.0016119257372706804,0.1448876805820842
67,0.0492556846395151,0.5982526600627146,0.22111285518132562,0.0018598743208823668,0.12951892579556237
68,0.12398354622433747,0.5548354624828191,0.09426017168433112,0.0019661715069366264,0.22495464810157564
69,0.05128588408975616,0.3959775284989803,0.24591695492403506,0.002295712855137454,0.30452391963209097
70,0.015586695200083236,0.27663273196633376,0.6558072404261579,0.0006106745098593185,0.05136265789756572
71,0.026428253241232106,0.3304561673101532,0.5896218490686431,0.0012895198734345329,0.05220421050653716
72,0.026861066113391164,0.3213558053057684,0.5798090108834025,0.0014581880087341636,0.07051592968870371
73,0.0998988759546799,0.5927133296394229,0.1228855237390927,0.004232943921865256,0.18026932674493928
74,0.035583142079792345,0.7044749657136199,0.15201266109127703,0.005022847794101679,0.10290638332120908
75,0.020084610294330257,0.42971919782772433,0.5146426400768038,0.0010999017631376287,0.034453650038003915
76,0.019257941650309782,0.3566708504515882,0.5934847018713297,0.0005882265144630429,0.029998279512309302
77,0.009590064243619613,0.32802249041739207,0.648957232628696,0.0007783696630622843,0.012651843047230011
78,0.011609868975751175,0.4975552108393292,0.47876937198669267,0.0006337623546422178,0.01143178584358496
79,0.010242494834571186,0.5580813941316185,0.42033983482550646,0.0007613280880227848,0.010574948120281185
80,0.013379252338988542,0.686138898037798,0.28812596634361165,0.0009193868377349476,0.011436496441866732
81,0.011684474810557339,0.6047001481418549,0.3684862719878271,0.0007307276180120714,0.014398377441748631
82,0.0044779820927126094,0.5545856517388216,0.4283902279067805,0.0006123471871084395,0.011933791074576759
83,0.0036897892596015874,0.4414849515707373,0.5488165782847151,0.0006568677713946454,0.005351813113551435
84,0.012958919472121636,0.6706843081276623,0.29463940908592245,0.0018851940399596838,0.01983216927433396
85,0.005633471383945291,0.5149855003518653,0.47052682802771,0.0008881842068419677,0.007966016029637386
86,0.00491134527383712,0.536352484094415,0.4460520073410158,0.0019291876303606614,0.010754975660371383
87,0.006387105600268489,0.6542726332182414,0.3286984296996407,0.0006608958029089933,0.00998093567894048
88,0.008479412365225465,0.5194989653308714,0.45228600674115593,0.0007337258024916923,0.019001889760255505
89,0.012352310007298131,0.5416079335288854,0.429103526657898,0.001114140810322851,0.015822088995595725
90,0.008013007287085004,0.44404901435011973,0.5399674188491892,0.000687920235935979,0.007282639277670075
91,0.024774039746800935,0.584662896225663,0.371066142297791,0.001144915642504771,0.018352006087240358
92,0.014409420460208074,0.6678815033316085,0.3053538607891869,0.0010645853667853374,0.011290630052211151
93,0.027523837063170895,0.7580412441799627,0.1917522397347011,0.0013473799643380165,0.02133529905782745
94,0.026505401669843203,0.6402101366151393,0.31303912531171263,0.0009606270584075344,0.01928470934489719
95,0.006023419368023489,0.4235659822999895,0.5636097962197719,0.000530475451370067,0.006270326660845021
96,0.016600790822989688,0.5247964612756595,0.44168124700358224,0.001704507972720053,0.015216992925048595
97,0.01096665684281287,0.5871380518820047,0.3891814143994663,0.0013698599865110375,0.011344016889205086
98,0.005835814306231547,0.5075173540169786,0.4747246416895575,0.0010106483698474132,0.010911541617384895
99,0.010939290870005915,0.3894878007203485,0.5859463184768007,0.0015649255360789928,0.01206166439676576
100,0.040422254426659185,0.6754983478645504,0.2631116124872771,0.0036771713332173555,0.017290613888295867
101,0.011717856421307673,0.5489754523427007,0.43020208063392523,0.0016930105548750623,0.007411600047191341
102,0.014762747895379517,0.7777216670642235,0.19489783825571125,0.0018575614226257352,0.010760185362059735
103,0.00892624468696503,0.5906511985493644,0.39190839172910724,0.0026426044718492353,0.005871560562713935
104,0.0259632712184842,0.7749146438241067,0.18562351669103577,0.0036342656690072856,0.009864302597366136
105,0.006389738786028555,0.5188106513324563,0.4679583307054892,0.0014006366114526461,0.005440642564573423
106,0.012774947014691888,0.6756560599902591,0.30326793334815755,0.002175679427034485,0.006125380219856859
107,0.0060838408331714555,0.4976041669447002,0.4877004417372039,0.002121191510934634,0.00649035897398986
108,0.011433082248514035,0.538065246791261,0.4340593512076209,0.001753961142587351,0.014688358610016659
109,0.011282826456956503,0.38705825766145424,0.5889212775297018,0.002461037674878311,0.010276600677009164
110,0.020079797360036844,0.5441534059973342,0.41959813846327126,0.0026722595297986695,0.013496398649559028
111,0.05107892127526275,0.8362914569572776,0.09030311258852364,0.0035461002599811685,0.01878040891895468
112,0.02864251082163097,0.6506156746753339,0.3080763392415969,0.0036473800248440344,0.009018095236594165
113,0.0076741227290118945,0.5602834241108496,0.4204870913274371,0.0019579085593493563,0.009597453273351904
114,0.019820089078199887,0.5800845015690393,0.3824445476135377,0.0031077094895776984,0.014543152249645492
115,0.005691343534156764,0.5611599780865207,0.4272509071278416,0.0017405412759510426,0.004157229975529888
116,0.03287922129019705,0.7890175839584921,0.1581276519826751,0.0052221806186369705,0.01475336214999885
117,0.02992352606641211,0.6754802993773519,0.2746914664384248,0.003920670896179373,0.0159840372216319
118,0.0314913085500671,0.7661307570652133,0.17177504866391424,0.003105432279117882,0.027497453441687462
119,0.013381956879355224,0.6924257416423398,0.2855549021936403,0.0010359793286260459,0.007601419956038548
120,0.03853734575703773,0.8607487735107495,0.08179198240537765,0.0022174039443487925,0.016704494382486314
121,0.0285157533103034,0.8402955013161553,0.08530769839875176,0.001710963055936133,0.04417008391885352
122,0.0318350767906171,0.7618069479817212,0.09765387099894636,0.0033560304158995824,0.10534807381281591
123,0.0336637198117778,0.7725051369458927,0.1735259922647793,0.0045304030660313285,0.015774747911518994
124,0.07173823494717131,0.7760062567944775,0.10688412668494654,0.010247795551515605,0.03512358602188893
125,0.018421190081426012,0.719269514515746,0.21038194012479944,0.004955948229101183,0.04697140704892747
126,0.021395434516482077,0.7462409219023841,0.21726142589396777,0.005398710530961181,0.009703507156205026
127,0.018787726436953776,0.7529062660674424,0.2093879579764068,0.006835067783734807,0.012082981735462208
128,0.02382147579034317,0.6453801122583209,0.31278235581851266,0.00808908926365852,0.009926966869164626
129,0.021929724524431697,0.6607671505615919,0.29900212445596763,0.007128625359293329,0.011172375098715322
130,0.03205119052797042,0.7616189987363821,0.18145635247372063,0.012495939795805483,0.012377518466121394
131,0.030058637918243095,0.7579080905714572,0.1855591073160577,0.011658916300533497,0.014815247893708522
132,0.03284504456208989,0.7079263341064218,0.23538518986634066,0.007922847464455778,0.015920584000691802
133,0.03899497809278339,0.6381639608962751,0.28532069704241564,0.01521314314860698,0.02230722081991884
134,0.03659172335892838,0.7656112871928458,0.17006517631165805,0.00485791683868126,0.022873896297886647
135,0.020174841089649745,0.6689116529739886,0.2981282443029479,0.005091101197343391,0.007694160436070595
136,0.0406977684675954,0.7299427514837721,0.15240400711489932,0.0072689744368321435,0.06968649849690095
137,0.027854739277377794,0.5725325342737227,0.3812807819350159,0.0039849479229417464,0.014346996590941866
138,0.014417972225855544,0.4646738096165763,0.49619874976326656,0.0031625521869333676,0.021546916207368243
139,0.013522330547736718,0.3330374412235949,0.6276106902474679,0.002763771536865337,0.0230657664443352
140,0.031987392969565924,0.6629464719182931,0.254463688738902,0.004625038262877567,0.04597740811036131
141,0.010612805882498137,0.3866618649886106,0.5876067752230159,0.0035106698766822547,0.011607884029193282
142,0.028315608014811096,0.5434658393572508,0.40221132017003697,0.0029129771618450545,0.023094255296055983
143,0.02219053024002591,0.7148801455187105,0.19087794463796132,0.00514388544344227,0.06690749415986008
144,0.03558033064824598,0.7482882495252623,0.164779245579703,0.008755268179667965,0.042596906067120834
145,0.045183856451330134,0.5925485333727244,0.275622297548227,0.012267686950193216,0.07437762567752534
146,0.10523201881644631,0.601844219810342,0.20263811565698228,0.014029480693642501,0.07625616502258695
147,0.07712073570444222,0.6607777945381372,0.15358129739933596,0.017652997361064206,0.09086717499702027
148,0.050270464650518286,0.4732810665752932,0.3438228307792864,0.015586662733738054,0.1170389752611641
149,0.21257430418498632,0.49032258757956265,0.0736741029681285,0.031249144887440197,0.19217986037988238
150,0.1447544780735697,0.5340264553129214,0.1489149048383951,0.022050614879509104,0.1502535468956047
151,0.1271679696889332,0.5492415705360318,0.05609084494151397,0.022902098572749947,0.24459751626077106
152,0.2339533512349163,0.21696204388644388,0.008382012417199604,0.06527832885968163,0.47542426360175855
153,0.09863271867386976,0.24065327822353172,0.07150776467761565,0.02995781612830276,0.5592484222966801
154,0.05420009199729553,0.03733272150886489,0.00048219348926486404,0.005560459494210862,0.9024245335103639
155,0.17289421225467827,0.434550943284937,0.0019868306772880297,0.03958626106488579,0.350981752718211
156,0.06665373302855034,0.05999157086023119,0.0016538887828585426,0.01342923324292802,0.858271574085432
157,0.16278781252737728,0.03567370387767943,0.0007041103930041127,0.005741229030084538,0.7950931441718546
158,0.049881995106464086,0.10115747166350833,0.0020234814430842227,0.013513529114759998,0.8334235226721834
159,0.24702667844326862,0.04872112333196969,0.00046462346111451316,0.0129172299331632,0.6908703448304839
160,0.100758064504376,0.09499894425962929,0.00047728486746415375,0.007769967862254987,0.7959957385062756
161,0.11808428205425088,0.1977952933404294,0.0006610999947780136,0.007333075210306691,0.676126249400235
162,0.12833399869741205,0.23939504975700773,0.0009448282161161142,0.003921643680403211,0.6274044796490608
163,0.18094947182582344,0.37392743637795356,0.003275388456524283,0.003748014910592562,0.4380996884291063
164,0.09847470294969561,0.5981155829996284,0.014632395262578087,0.0031386869543991985,0.2856386318336988
165,0.10134777298502308,0.4132701025587574,0.00655741550937034,0.0021584907322643827,0.4766662182145849
166,0.11332502254245255,0.3594094771602938,0.006282102475994605,0.0032302186385529904,0.517753179182706
167,0.21163268555199036,0.346300584918283,0.05204362092987293,0.011648823521285528,0.37837428507856813
168,0.07840569955892998,0.5208284554722595,0.059401427793529665,0.006665519881680708,0.33469889729360014
169,0.07831175376519758,0.5008546489195804,0.09907012325842762,0.007512308274264529,0.3142511657825299
170,0.1218387255434304,0.5259369905920727,0.24846554301610274,0.01196181468029334,0.09179692616810083
171,0.0783774529258249,0.4115629970439844,0.4385553985491179,0.01112051513444901,0.06038363634662383
172,0.06393912605940366,0.24047557272817657,0.5614731856627984,0.010493090382328615,0.1236190251672928
173,0.023840645152520046,0.40275158552577667,0.49294741872668535,0.004287634863296652,0.07617271573172131
174,0.0937988797730877,0.5073197399376559,0.2313108926048774,0.007233216736253346,0.16033727094812567
175,0.13105453775941397,0.48752499767959584,0.15101415637604676,0.012077475403226854,0.21832883278171647
176,0.11089844251536568,0.478443215873532,0.10241208868508181,0.007034960294940231,0.30121129263108026
177,0.10901664878006762,0.556732738305236,0.08481496024620018,0.0073244513189661695,0.2421112013495301
178,0.08924169725419465,0.5297794692385072,0.31617887857358856,0.0036058711067621404,0.06119408382694754
179,0.030253986371167413,0.559722635750405,0.24414846738114046,0.0027775575600817956,0.16309735293720537
180,0.051452652179315155,0.6470359559070434,0.1649931997090238,0.005451517017205289,0.13106667518741236
181,0.04099748447986664,0.70492656380027,0.2116026795450271,0.00715728428282414,0.035315987892012256
182,0.04280910025478468,0.6269073876873469,0.25261856841172525,0.006148898588014308,0.07151604505812885
183,0.04802530621398016,0.6880930494462212,0.10686198469305186,0.00743007813651289,0.1495895815102339
184,0.05567097234733463,0.6399930671758791,0.1956072091901838,0.01011174024754958,0.09861701103905292
185,0.20300648552786235,0.6140515145114324,0.02610740766859942,0.022213650147431947,0.13462094214467402
186,0.03807203790085486,0.6497115199365574,0.09731278704066183,0.010395209078599933,0.2045084460433259
187,0.04856051938335516,0.5811519740967799,0.07080853309078702,0.004055423846669622,0.2954235495824082
188,0.0643978585627458,0.6310322891655751,0.11280027650703973,0.009762579836683957,0.18200699592795555
189,0.07359685433616285,0.6307829640788204,0.04704625951874794,0.011726814275558018,0.23684710779071064
190,0.1402998741728955,0.7170699827509186,0.06728606723416644,0.005765696923860632,0.06957837891815885
191,0.10234604072836175,0.5918774220896362,0.1393016512639305,0.019478624819088255,0.14699626109898337
192,0.1643823087746803,0.6018582774510568,0.0937767791403597,0.018212501201595586,0.12177013343230757
193,0.05489763241068746,0.620814209247252,0.1138154736711296,0.012188076991068195,0.19828460767986272
194,0.05121631562744066,0.5131899918904897,0.38785626470306755,0.014012263362705567,0.03372516441629642
195,0.030211547403022617,0.6327690966988104,0.30038556902882224,0.005442161250742509,0.031191625618602153
196,0.10787696229960185,0.6905831566164324,0.07117216639491117,0.015018456378629039,0.1153492583104255
197,0.02197848358081783,0.596663674744967,0.3618725799035364,0.004609380727154679,0.014875881043524152
198,0.06605913644395948,0.5436533868381854,0.3100460149088084,0.016470301969957753,0.06377115983908889
199,0.042747176686756025,0.8053048509533773,0.1144886593264327,0.010955338118660745,0.02650397491477322
200,0.03873567704190815,0.6754143343588985,0.2294710299290438,0.009654612081178808,0.04672434658897079
201,0.025155896378820403,0.6516951201125364,0.30340618343595194,0.0073465836776238115,0.012396216395067612
202,0.0298561916514941,0.6679802994839511,0.12880293700909937,0.011775726786571914,0.16158484506888351
203,0.091400825410401,0.5963235274919876,0.17359210800785518,0.022568310143423257,0.11611522894633304
204,0.17634659271510358,0.6572677760367378,0.09594474742320355,0.034382201630533044,0.03605868219442207
205,0.2469185862868621,0.5448455392790951,0.037562602704356206,0.0660525132009598,0.10462075852872682
206,0.11004613839849312,0.6018504886513882,0.10895060169822261,0.05639821685913756,0.12275455439275854
207,0.19345882323773003,0.5839766623551147,0.021954177726538505,0.09284687476339148,0.10776346191722529
208,0.10134714062655578,0.7492496744144087,0.06717286928699666,0.037353225427758964,0.044877090244279806
209,0.17599037477932644,0.5961789794048652,0.08913840694726718,0.047511383556055,0.09118085531248615
210,0.0911239668907989,0.6925286737810048,0.08487986566608906,0.028061591628532605,0.10340590203357473
211,0.10426336536254392,0.31185277405012696,0.02653731187158594,0.05009461654373648,0.5072519321720066
212,0.18045022286835308,0.43523747338204877,0.10109305134087708,0.06684620925054763,0.21637304315817343
213,0.2110701282138156,0.49734989581289096,0.048339878201079815,0.05353658896640535,0.18970350880580825
214,0.1720723439632521,0.5808973193448236,0.07121217851880218,0.07243008059680116,0.10338807757632104
215,0.11789094386780274,0.6495802870734858,0.12577694808156242,0.05663239421288073,0.05011942676426828
216,0.2359592525495356,0.49062921437100937,0.1331179751434172,0.041988628731605554,0.09830492920443223
217,0.06506855077893975,0.7140627565498976,0.15482114981885872,0.0186115572848475,0.04743598556745639
218,0.033708723300084155,0.3335820033349207,0.5804621826953831,0.01831598216649579,0.0339311085031162
219,0.03579024680426192,0.3578456819581105,0.5654546678784323,0.010678651070819858,0.030230752288375306
220,0.049613934334731796,0.3827425628940178,0.5088178458518187,0.018078691454974174,0.040746965464457705
221,0.037804020092350045,0.5223709166068284,0.37884089326584586,0.014662991817793533,0.04632117821718206
222,0.03718811404523549,0.5077307711438093,0.4022147116263221,0.009361387464488263,0.043505015720144855
223,0.024704324146911583,0.344760360936137,0.6010015078648936,0.008227266000236759,0.02130654105182098
224,0.017685158642006378,0.38962252175451495,0.5728468464866872,0.007891799105217047,0.011953674011574614
225,0.012625946147154437,0.33396910009021236,0.6344330936660737,0.006227408317457962,0.012744451779101537
226,0.020013165079111626,0.5121345752403257,0.42413373238845076,0.01260536541557752,0.03111316187653431
227,0.04415349679269536,0.4654424609254586,0.42981146549173,0.017646720655015127,0.04294585613510103
228,0.0429497500148167,0.392273105005175,0.5204159196369798,0.015509696449408585,0.028851528893619874
229,0.04324466236212893,0.4600293477966542,0.4339954693300117,0.018827261818511236,0.0439032586926936
230,0.031099999178957297,0.7006479502220402,0.20066668807148796,0.011994867413934764,0.05559049511357991
231,0.05416246964194162,0.520646946415197,0.33759523694616267,0.022616365512811494,0.06497898148388719
232,0.018995327479478036,0.5584339057866158,0.36544603396542874,0.020998052726768492,0.036126680041708846
233,0.04736349780038844,0.398966144117175,0.4923162703205072,0.02477781269915034,0.036576275062778996
234,0.02412816216126352,0.41721625210878555,0.5140701056184347,0.012009222155294888,0.0325762579562214
235,0.05981353253475089,0.5874123185547875,0.2372216651315341,0.02069976106314853,0.09485272271577896
236,0.027698308847774397,0.4711919612446472,0.428804551915981,0.009973120205324548,0.06233205778627285
237,0.031331783186408994,0.8220672872562221,0.0870879430011885,0.016358847312852497,0.04315413924332782
238,0.029440036636821584,0.5125239342141087,0.42077819903740477,0.009915460694455525,0.027342369417209456
239,0.02744382461104192,0.6591760993516043,0.2757486878393354,0.01346279472966859,0.024168593468349892
240,0.04956674491121413,0.7273321947301856,0.16088936609130322,0.021120918994573704,0.04109077527272321
241,0.02179266454871704,0.6501750985107261,0.2942088316840276,0.016405487114362734,0.01741791814216639
242,0.024021256149975224,0.6151750743872426,0.3104175788151455,0.020859865367508675,0.029526225280127782
243,0.04120323379088031,0.7215092151405748,0.17362197771127938,0.03140156701403086,0.03226400634323481
244,0.014204765931267762,0.540457090244159,0.4154709963263167,0.015884628693056523,0.013982518805199972
245,0.019461470443808453,0.610473568932271,0.340756656390645,0.015360602854604376,0.013947701378671181
246,0.014659992392936022,0.7056967087653047,0.24840250230427066,0.014615627708039333,0.016625168829449317
247,0.0601275014988558,0.7370758485609298,0.13994626897194662,0.030656501349167198,0.032193879619100495
248,0.02290764124600453,0.5316443606426166,0.38075966499491265,0.026703660580294067,0.03798467253617225
249,0.034726781357874194,0.5258901032106345,0.3938639534078223,0.017421069824271794,0.028098092199397292
250,0.03331547074508594,0.5527612352269982,0.3668928546304079,0.01853239160261199,0.028498047794896172
251,0.014401353128162682,0.4171541037481362,0.5480383440493234,0.007049647236561253,0.013356551837816514
252,0.08325958296780683,0.7019949043773939,0.15636864896579072,0.0252637481432888,0.033113115545719767
253,0.09396750635427574,0.7121240938913521,0.10672167341112912,0.04061403701657067,0.04657268932667228
254,0.07181319996561152,0.5395280030767672,0.30683330966317396,0.01985174470082487,0.06197374259362258
255,0.08358328420529293,0.7135858314207661,0.04934593915731254,0.022292680171121935,0.13119226504550638
256,0.08194538825973421,0.6668596152321684,0.1035650649661547,0.016488609571794318,0.1311413219701485
257,0.19315449873011178,0.6172255438958012,0.08570455376652295,0.021922722730723508,0.08199268087684054
258,0.10781200492210484,0.5125629190877052,0.07879216594772216,0.0240884601559586,0.27674444988650915
259,0.1706055810963914,0.551050888930971,0.18405478057370678,0.03068290218245982,0.06360584721647086
260,0.19086871459902632,0.514460661306175,0.11051117795699368,0.06281935597267771,0.12134009016512726
261,0.08578481824503803,0.5630509922452935,0.2600997757938154,0.032214753005604696,0.05884966071024842
262,0.034267541616992164,0.48329505285264585,0.4269478259617479,0.022001505889820718,0.033488073678793445
263,0.0653303845417572,0.7861788451940611,0.08271721225496541,0.027566179658117893,0.038207378351098456
264,0.16394585355700153,0.6140853037567784,0.10602024348889924,0.04040369634749476,0.07554490284982622
265,0.05595184713318907,0.7921165493001097,0.09914253248322516,0.025759993234284625,0.027029077849191264
266,0.030518655019664682,0.794109838263321,0.0971342124359805,0.034797754601554286,0.04343953967947957
267,0.051801083090892416,0.7399326212431735,0.10240089194367677,0.03348482531380967,0.07238057840844746
268,0.024357278683876694,0.38891868722671386,0.5024426954506526,0.025008418753351563,0.05927291988540542
269,0.054619105124127355,0.7524811691837853,0.07632459096413167,0.039629588203423785,0.07694554652453185
270,0.032564930902566146,0.5250891145881416,0.38655146785093325,0.018784570439658987,0.03700991621870016
271,0.06630513678105684,0.6011288382146366,0.23155848056161696,0.036584219435413824,0.06442332500727581
272,0.019902714074311424,0.6022174398807418,0.3484340187878183,0.013789128009330524,0.01565669924779792
273,0.032648289550326205,0.6834488148283154,0.1738480988824906,0.05538644552924228,0.0546683512096254
274,0.0450648498564127,0.6468287051739667,0.21803707041006135,0.03742605697184015,0.05264331758771916
275,0.03292852020608272,0.731556000197711,0.14074391210108808,0.03302718719685177,0.06174438029826654
276,0.037271295895539486,0.7150352516603298,0.1649066068979137,0.03252300297655521,0.050263842569661925
277,0.05951371867832709,0.763771536320987,0.06961471580379666,0.04462973768260128,0.06247029151428774
278,0.05642384910264595,0.6875837697246561,0.13973620997644914,0.06356631887697768,0.052689852319271153
279,0.03537380917394746,0.6717007536991559,0.16853633406538565,0.056618389044363476,0.06777071401714758
280,0.03404281916170636,0.6139080590959796,0.21845551549550576,0.06140611426236962,0.07218749198443866
281,0.04923582161257069,0.4839293670515409,0.3693523923683012,0.04384953600907714,0.05363288295851011
282,0.026982718167518936,0.5493312788985614,0.31026884492247064,0.035381326508376734,0.07803583150307233
283,0.03662038860024077,0.5235395463100729,0.3109925185261265,0.06789090228580477,0.060956644277755
284,0.06184847580467324,0.6064716535829947,0.22275331078543523,0.05268940571074866,0.05623715411614824
285,0.08488082591697917,0.3617138822869652,0.19659444516112443,0.13803979895396462,0.21877104768096656
286,0.060752027425607064,0.47942311265652904,0.368277920807325,0.03760735166972358,0.05393958744081522
287,0.039031968347762874,0.5000713529461486,0.3799289258674925,0.025657725922204465,0.05531002691639157
288,0.05846795494471531,0.5747726085618945,0.14986361876807053,0.040587892005613004,0.1763079257197066
289,0.05232210317259337,0.5583683581906796,0.3010411201798743,0.03449547689963899,0.05377294155721374
290,0.03249755806871516,0.4823364778792653,0.34502675289561974,0.04308157549096148,0.09705763566543837
291,0.06069269532777959,0.4927293077516074,0.2215824653345962,0.08880941764842239,0.13618611393759447
292,0.06765047759750739,0.5479471289746766,0.19970547490371277,0.0723389053188522,0.11235801320525103
293,0.039079242557978164,0.4972674118793293,0.35755981533132164,0.04615931891402178,0.05993421131734911
294,0.028773671115921204,0.35955459556636055,0.5187732085834599,0.049853199004934554,0.04304532572932381
295,0.039693622655426364,0.2793993360539631,0.2837067837829967,0.1258761888457224,0.2713240686618914
296,0.060189397181741496,0.5636815304277134,0.15728971107558257,0.12964623422740992,0.08919312708755268
297,0.09063226615592997,0.4431815407494562,0.20538240513133313,0.15181412172145306,0.10898966624182763
298,0.0841843023263027,0.3670588750597831,0.17492289739052672,0.26380220007671135,0.11003172514667615
299,0.06815157508314702,0.23540929749315354,0.08492836192442481,0.1415218465943853,0.4699889189048893
300,0.11310576333390389,0.3835346982862511,0.021406667393486525,0.2033507057635761,0.27860216522278247
301,0.09538057028410386,0.35849437959133795,0.026836659113660555,0.09686224609137654,0.4224261449195211
302,0.026185707736323907,0.0188710721064979,0.0008901667166441191,0.007564696530931151,0.946488356909603
303,0.015006653587506871,0.01676918661379992,0.0013286936853549624,0.00922343676281231,0.9576720293505259
304,0.04075097097772971,0.010814215363168225,0.0016392994866652926,0.0070345141122311544,0.9397610000602056
305,0.02131146441330603,0.009631764488935969,0.0018032192222771951,0.005508875206192922,0.961744676669288
306,0.05691733343688507,0.018414504906680465,0.013946696842796185,0.006062404766657753,0.9046590600469806
307,0.024302534845691514,0.01289990545843577,0.0018304565206595088,0.006566835986617025,0.9544002671885962
308,0.014990919891658213,0.0107307917012297,0.014952862408584467,0.012236691137996632,0.947088734860531
309,0.0105737710390555,0.018640279360028003,0.05134148063372127,0.015569890749171918,0.9038745782180233
310,0.05547795424115029,0.042983793679024426,0.1270691871661196,0.12178914780241566,0.6526799171112901
311,0.02609034061827359,0.045271544517738765,0.3881850030956671,0.08774379406617334,0.4527093177021471
312,0.006749367956125639,0.00808015723535848,0.8243221963256923,0.004781290371253123,0.15606698811157055
313,0.007629146243167934,0.015179369862011988,0.7659665245619058,0.005640602866673896,0.20558435646624032
314,0.002410134168795904,0.004197215565276979,0.8866476563842045,0.001574853405498566,0.10517014047622382
315,0.0020736875988114295,0.005431637892828585,0.9040282078071168,0.001530425449220584,0.08693604125202267
316,0.0011061221795048174,0.002581796912684085,0.9196399127598022,0.000680651337010326,0.07599151681099861
317,0.0007184750238084535,0.0020115967130201486,0.9298511374886287,0.0005549053562720944,0.06686388541827071
318,0.0037343238381859697,0.004450272342682765,0.80622009457968,0.0022326969216045598,0.1833626123178468
319,0.003651295897239726,0.005120490429045714,0.47828169969329887,0.0025237029906967287,0.510422810989719
320,0.0015444334379015397,0.03965171649663531,0.20695360058227694,0.0012137712476487253,0.7506364782355375
321,0.0010844067702540608,0.0017624713404447254,0.045228372013177365,0.0007911345768317153,0.9511336152992922
322,0.0063354143616297645,0.007625950469552239,0.12764846511666805,0.0024171106577942675,0.8559730593943558
323,0.004289972246114113,0.0038125136632571046,0.7272669557405362,0.0014612635464181767,0.26316929480367435
324,0.0019674364511300104,0.002845393031809113,0.8733041058206612,0.0007692281110695944,0.12111383658533012
325,0.012274910975481014,0.012745715058312143,0.6817898198588014,0.007445187189012828,0.2857443669183927
326,0.004204876173225597,0.00732267216404863,0.7687971248263671,0.0030802916161236397,0.2165950352202352
327,0.01024057834141023,0.03822553526663447,0.5200838986164866,0.005735561780353644,0.42571442599511505
328,0.0006657928043243885,0.005981463981118213,0.8545483702939778,0.0018330518494763877,0.1369713210711031
329,0.0015922892529128497,0.0026661273987794642,0.9009217966693299,0.0015398785928269368,0.09327990808615085
330,0.0065234790253680544,0.007628610226532341,0.7610617197098072,0.005796847188638205,0.2189893438496543
331,0.0073828461619595475,0.005061352123234443,0.6481577554354109,0.003072714704831844,0.3363253315745633
332,0.002878837373250947,0.0017776306876303612,0.011346662334603753,0.0018202285498088561,0.9821766410547061
333,0.08980365758373948,0.02131209907021368,0.06380531777885867,0.016080738755887298,0.8089981868113008
334,0.009496127262598856,0.005117822552751976,0.0009086330379109827,0.00207344962121066,0.9824039675255276
335,0.025428629383964233,0.008182866165953033,0.010326874077570443,0.007107108649734929,0.9489545217227775
336,0.021852230792219027,0.03770171468837546,0.0022965525952953762,0.03578307657728143,0.9023664253468286
337,0.06043852267913728,0.053681886163029505,0.0016797759874003014,0.09333282708769489,0.7908669880827381
338,0.014750237740500844,0.043725275215766135,0.0009481052716349786,0.05539489628327789,0.8851814854888203
339,0.01479172294995978,0.024132133843928198,0.0016187548534093727,0.03911367226014014,0.9203437160925625
340,0.015117510430629371,0.023199937453938606,0.003106977103045705,0.04104550816646274,0.9175300668459235
341,0.01935572515029204,0.011653240942968735,0.0006328372046292419,0.030192167060693595,0.9381660296414165
342,0.02788230186802131,0.01874463395606276,0.001458843917252865,0.05629053969784516,0.8956236805608179
343,0.006176608750695789,0.00401267843565161,0.0008004870630168663,0.00950901306362124,0.9795012126870144
344,0.016378779322585107,0.020646237079019733,0.0008023263441935623,0.03490748207493244,0.9272651751792691
345,0.06560731388771619,0.026713576373228097,0.004468503569481752,0.06928669334255341,0.8339239128270206
346,0.03979280484096144,0.05347814143601326,0.0025853487607562665,0.0800974589445452,0.8240462460177238
347,0.033470280148766476,0.04315334112440752,0.0017205121067209097,0.24183719983568958,0.6798186667844156
348,0.01146353049018213,0.03243814772716154,0.0012814443851389846,0.1450750500531304,0.809741827344387
349,0.02809598410870647,0.06308057761818674,0.0013594404126586756,0.07640399090733131,0.8310600069531168
350,0.01921532030124512,0.07238312566144539,0.0009958972037939333,0.06719818818457461,0.8402074686489409
351,0.0171829918217505,0.018200759781286137,0.004765058039017504,0.022725186702996843,0.937126003654949
352,0.011339961336893816,0.01039495615715607,0.0007612123515566731,0.015441880625716923,0.9620619895286766
353,0.04743643775266452,0.02197401822982875,0.0014261181038302906,0.17703865152136986,0.7521247743923065
354,0.023752344089833538,0.016327560924125146,0.0013151166907462574,0.07390948613039731,0.8846954921648976
355,0.0357835044455652,0.11970743860484927,0.0011451204455432513,0.45715663403340145,0.3862073024706407
356,0.024309564748036718,0.08061599216542989,0.004841541057748674,0.3685859376900662,0.5216469643387186
357,0.016721174127683848,0.08939186767888098,0.001539883908655188,0.18859054158000801,0.7037565327047719
358,0.04537945058303815,0.11103844538169286,0.002182575396500893,0.284971301165179,0.5564282274735891
359,0.016984291401624104,0.1091396099880628,0.0025781348518120768,0.10988352875217072,0.7614144350063303
360,0.07939123958433404,0.22025697942645042,0.018475617829915875,0.12430387400358003,0.5575722891557195
361,0.059605923509145814,0.1514994269901101,0.01160683926304965,0.05472896817127199,0.7225588420664224
362,0.08214032495322258,0.14944059075593408,0.027814902746763397,0.07097803664886543,0.6696261448952144
363,0.05154794285094112,0.12948089994029163,0.008207974556631237,0.062202072368649886,0.7485611102834862
364,0.0890653974078963,0.11790069782113319,0.004579896793684042,0.07300353358762433,0.715450474389662
365,0.11531555926186819,0.10929563589729699,0.006263377338669846,0.05146291227146632,0.7176625152306987
366,0.11444504473392228,0.15039694148491448,0.01028997685002193,0.09534106242992922,0.6295269745012121
367,0.11705270999935156,0.2098662603319808,0.015529611919219201,0.0623972447831283,0.5951541729663201
368,0.08526871880553366,0.15086333869753807,0.00040445908788345434,0.06113106469846988,0.702332418710575
369,0.25129588900677574,0.2991268295565549,0.0025652112755412005,0.19944568526893722,0.24756638489219096
370,0.11209839085484961,0.33415033345020484,0.0050654940163586655,0.11007923601131056,0.43860654566727625
371,0.24617013894292525,0.2542023839062256,0.00526587963103507,0.19363787684240596,0.30072372067740816
372,0.19410876467850804,0.45723710490913844,0.005189984192057412,0.20894228186470054,0.13452186435559552
373,0.09622381432235377,0.667300796563618,0.001862474921618802,0.1500211271314139,0.0845917870609954
374,0.09554285477025905,0.5948874036754436,0.011894696498913148,0.23159520112770238,0.06607984392768192
375,0.12135105544517032,0.4441014787087584,0.011321098469838227,0.3015137456107487,0.12171262176548436
376,0.1041975928376576,0.48250577589007654,0.013469323528162564,0.1494388552739587,0.2503884524701446
377,0.04322177227634285,0.16764084420064668,0.00680153824628549,0.05874658616923242,0.7235892591074926
378,0.09495352539186815,0.1551170485269261,0.002084425158155953,0.07184368722956724,0.6760013136934825
379,0.225094748756159,0.3541188856801391,0.002618113375182668,0.04605924443500895,0.37210900775351025
380,0.30380525579593853,0.3158482192227621,0.019898317161110915,0.055144534291550446,0.3053036735286381
381,0.2443157971249458,0.38785784909681265,0.014612125254737086,0.03215590132081197,0.3210583272026924
382,0.16273180613397045,0.6276837377505037,0.024227383757998405,0.053772452545881526,0.13158461981164582
