epoch,N1,N2,N3,R,W
0,0.03292722003303583,0.01431420851636191,8.897589946595982e-09,0.002339037858436159,0.9504195246945761
1,0.002864031430146242,0.00028242998869224976,7.229404512219017e-07,0.0001141137334004604,0.9967387019073097
2,0.007107761011453353,0.0005093061051631436,4.782637374909577e-06,8.764197878254087e-05,0.992290508267226
3,0.0025067886561930424,0.0002547911956614911,1.338389231153742e-05,5.156393207512233e-05,0.9971734723237587
4,0.0026556520646064965,0.00028109684846795897,1.492122144011919e-05,2.6141079985787558e-05,0.9970221887854996
5,0.034937762046107046,0.0006549915346428516,2.8124285660959316e-06,0.00014529988059418572,0.9642591341100899
6,0.4254237094222215,0.002886540719339693,2.9297766355900178e-05,0.00025355126214762487,0.5714069008299352
7,0.5187687043792306,0.015604251627585965,0.00017417402853601822,0.0004816169656832113,0.46497125299896425
8,0.6508227913498159,0.04254686615920782,0.00026000391063978013,0.00042188736585210883,0.3059484512144842
9,0.2963094708444173,0.4715724880174369,0.016800978330058586,0.0022146336453343083,0.2131024291627528
10,0.24974162018161686,0.42256929915277575,0.04752224221388381,0.002962677209561266,0.27720416124216246
11,0.03799075290442001,0.8135894077212001,0.09980466762240998,0.002042537778967899,0.04657263397300197
12,0.10429332693659205,0.4119315058092065,0.026738993816029673,0.002366755100149201,0.4546694183380226
13,0.3574393884486562,0.433098535165169,0.0076731795223728685,0.005232195712371123,0.1965567011514309
14,0.0783916733455496,0.6797373253448545,0.16147214511156094,0.0010267719209726051,0.07937208427706241
15,0.13564162009686626,0.3499222272758135,0.08180063296252157,0.0006197836599853629,0.4320157360048134
16,0.03498398611723606,0.5876238495532494,0.2303550795699454,0.0013747284552445554,0.14566235630432467
17,0.008927419478803628,0.2448900836059437,0.6102823558809053,0.0008332176633837969,0.13506692337096354
18,0.008450339759543554,0.18577544948456481,0.5008371510194373,0.0009282449957054439,0.3040088147407489
19,0.004815892416733263,0.09874335181308593,0.44190487182788196,0.0008449998694422398,0.45369088407285674
20,0.028596528248442415,0.019279516617919268,0.009251609786959327,0.00023607157712727525,0.9426362737695518
21,0.02940434007120184,0.0032512090478398707,2.8081668708369854e-05,0.00047776044259918374,0.9668386087696508
22,0.4046194032737488,0.013390208177251482,2.2453132710781194e-05,0.003989673174568387,0.5779782622417206
23,0.21438647767724237,0.0054012874707936795,6.115531637950272e-05,0.0004491278944121001,0.7797019516411724
24,0.693866288156331,0.08883293050254047,0.00011952133019390382,0.0005392915029960594,0.21664196850793832
25,0.3532268691525354,0.2726840297467749,0.0007232151669679691,0.001348117245238256,0.3720177686884836
26,0.13144890809895343,0.5194342599835909,0.019496129503122732,0.0036063033145746085,0.3260143990997583
27,0.09738097298374042,0.6891390367214967,0.10019646726443766,0.004557185396478493,0.10872633763384686
28,0.021461611749794683,0.7248599674043571,0.2251918054111968,0.0007669044748466585,0.027719710959804727
29,0.006143325951823144,0.659961033872893,0.3128660668357456,0.00021397702095767528,0.020815596318580615
30,0.01869877973442559,0.46941777124382067,0.4181752995702862,0.0001631654742619274,0.09354498397720563
31,0.007778449000992983,0.525759887160816,0.43992844447924345,0.00011028747961566161,0.026422931879331937
32,0.00237031736475333,0.301223207121375,0.6900983486945712,5.501252810506023e-05,0.006253114291195447
33,0.003772879392618611,0.4424957452605036,0.5328236205991289,6.899877212520137e-05,0.020838755975623652
34,0.0016700650372917037,0.19500178002214025,0.7963093183483303,5.676657007864917e-05,0.006962070022159054
35,0.0009901301641305114,0.11351466969994468,0.881509801850285,2.1781533827050293e-05,0.0039636167518126335
36,0.002269502600636389,0.1646336761234162,0.8268453876412906,6.228376553510974e-05,0.006189149869121761
37,0.0004953359804825905,0.0630202813203964,0.9330598740216193,2.53573482365611e-05,0.0033991513292652973
38,0.0013163134923394942,0.07821356138399159,0.9132339190117822,5.415793350024931e-05,0.0071820481783864375
39,0.001156757884942,0.08235716163663917,0.9115722411651015,0.0001950947932024055,0.004718744520114742
40,0.0014241469861021447,0.1206711347004332,0.8709498735682505,0.0002453923313349037,0.006709452413879279
41,0.0031099896341413445,0.14447435400604275,0.8423430751995238,0.0005640174869879836,0.009508563673304117
42,0.16264336730842746,0.17079111910001255,0.02454099769141415,0.0018230775008710044,0.6402014383992749
43,0.03931091306852116,0.7073439258874078,0.0579250967462731,0.003225237404787941,0.1921948268930099
44,0.7209319372543106,0.061468917708405325,0.00015353897393388977,0.015942995994879354,0.2015026100684709
45,0.8558962453770345,0.021160835424125068,3.5437869163223286e-05,0.0016392899232780351,0.12126819140639901
46,0.7624637663387205,0.211690453185032,0.00037549121509169195,0.004193132388747772,0.021277156872408023
47,0.28707563377023254,0.6856575642876876,0.01338839846423197,0.0012905374934130505,0.012587865984434862
48,0.1670681504257893,0.80585524215553,0.008398989464095969,0.0052701243283266265,0.013407493626258229
49,0.10114432722373133,0.8106258269203418,0.027034981517576544,0.036292175868306305,0.02490268847004395
50,0.18510449278182442,0.7364221316395904,0.012617501079557187,0.02472177853714271,0.04113409596188533
51,0.11854887272286516,0.8606376518036124,0.007101693363801619,0.00715887118035817,0.00655291092936274
52,0.06300936727503627,0.8744729466319671,0.05135678157074865,0.0046026945131611065,0.006558210009087031
53,0.011279919879379152,0.4343791726454791,0.5498562491720703,0.0003944548586777298,0.004090203444393735
54,0.007659512998080151,0.5908205834500003,0.39433457842429415,0.00026265226019897266,0.006922672867426315
55,0.003992795440502911,0.5872767470455991,0.4058346630120509,0.00013146779305544154,0.002764326708791535
56,0.0012038891357221968,0.20793881930513658,0.7890304419170496,8.959715602323441e-05,0.0017372524860685727
57,0.0018065936043717042,0.496423907117176,0.49886003929927314,0.00017219119468861628,0.0027372687844905426
58,0.0010477419059645003,0.16742389402229974,0.8286582865781984,6.838212597387568e-05,0.0028016953675636166
59,0.0016043987905492807,0.13769239511882161,0.8564365978148945,0.00011893558143604777,0.004147672694298682
60,0.0010059767416458936,0.1529498331124249,0.8429231275318737,6.179623490841668e-05,0.0030592663791470633
61,0.0010994101606349874,0.2120220336619457,0.7804837462803665,9.407130465030391e-05,0.006300738592402448
62,0.0007570658083307886,0.08460983701195525,0.9117790870494014,6.581009884229094e-05,0.0027882000314704775
63,0.004532135651946802,0.2525615166546348,0.7291820501308647,0.0003014321601159631,0.013422865402437999
64,0.6159391133734307,0.26165783762934464,0.004412768298320661,0.003917036877087533,0.11407324382181645
65,0.16220786590265313,0.7559566311623325,0.013685246171964588,0.002056165569816303,0.06609409119323365
66,0.09307175101297774,0.8646872427053734,0.012264356584535351,0.0007364657634101498,0.029240183933703374
67,0.0979412262304144,0.8495049157280615,0.03313361648443558,0.0007115422929990258,0.018708699264089346
68,0.0044791917712978515,0.43683336484159974,0.5560692090708939,3.738264427204058e-05,0.0025808516719364747
69,0.0014141278885759225,0.562227031492825,0.4344220482402247,3.289083175579406e-05,0.0019039015466186708
70,0.001458440774772411,0.2214252616960142,0.7753311927370724,4.7324453219142726e-05,0.0017377803389217288
71,0.0008798004718327459,0.1788418525649988,0.8188619293527761,5.934384682327208e-05,0.0013570737635688957
72,0.0006565802264803378,0.14497825712360107,0.8526085543610641,5.26914505087494e-05,0.0017039168383456485
73,0.00038526540816948495,0.08620687486436947,0.9120625715781542,3.058735162078469e-05,0.0013147007976861622
74,0.00025707478677370097,0.05102665382432302,0.9478960791208633,2.953740629330057e-05,0.0007906548617466303
75,0.00012779080564401108,0.015768485982614346,0.9835386584277862,1.3812678206552971e-05,0.000551252105748899
76,0.00020840471488165515,0.04498896397928714,0.9532158878322285,3.661731454343254e-05,0.0015501261590593536
77,0.0008134926807149819,0.049868386981264015,0.9453017627533068,0.0002507483259528164,0.0037656092587612573
78,0.0010337364304711027,0.07986397816866048,0.9147478262160308,0.0005662049470770131,0.00378825423776074
79,0.007377052685634949,0.45043864823523205,0.5043346531996828,0.01032822026476926,0.02752142561468088
80,0.11211108782768761,0.6906507072378493,0.05158741858833482,0.08266567164479885,0.06298511470132956
81,0.15770892226028735,0.5927874144108748,0.05529323507605291,0.0666223859235335,0.12758804232925158
82,0.2858847954972189,0.3019331541875956,0.0027383056958875107,0.32583381362260255,0.08360993099669553
83,0.46998094530045725,0.06869659530840914,0.0010601155407891918,0.351291085049851,0.10897125880049338
84,0.5640679551196787,0.04585310745544001,0.00038674464801951246,0.2977889808536437,0.09190321192321806
85,0.3529237090220233,0.05018590095162501,0.00029518248924211135,0.5666279846086425,0.029967222928467072
86,0.36027321949299795,0.10606302717614302,0.00042383332893965094,0.4765372624551261,0.05670265754679329
87,0.41625895662834184,0.13067114823848686,0.0002940322238953505,0.3652729647417012,0.08750289816757491
88,0.3074583420987014,0.10187616344534228,0.0003469359836732708,0.46682461152747234,0.12349394694481078
89,0.3205451582484861,0.10843298574869639,0.00015324949136660503,0.39837745098887994,0.1724911555225709
90,0.20522285844679763,0.08959820169815512,0.0002798957479872449,0.6445467845025822,0.06035225960447779
91,0.32860646418200223,0.13515884726220154,0.0001865472909362868,0.3278026232762174,0.20824551798864255
92,0.1410825106876341,0.12179382874858723,0.0009537632247867107,0.49623836672030824,0.2399315306186838
93,0.19943653076984544,0.07949073128007429,0.000200604637520652,0.538202604944878,0.18266952836768158
94,0.24631295291558966,0.052870914923113126,0.00011808720805538276,0.21317026026114208,0.48752778469209973
95,0.3390603487432503,0.11882045860818663,0.00013045247847948813,0.20121239829343668,0.3407763418766468
96,0.38977499085646644,0.0842470125186233,7.410398440795239e-05,0.4384701059313339,0.08743378670916856
97,0.40870047049890446,0.06558390962213886,5.000767453277535e-05,0.36374783980291164,0.1619177724015125
98,0.4472127223908355,0.03766472353852483,9.421501240612878e-05,0.19851379665758015,0.31651454240065324
99,0.3472075291287061,0.0707185585129592,0.0002631602781988111,0.4869963903644295,0.09481436171570624
100,0.2946305192578742,0.052480516320956794,6.736898065057e-05,0.44606898777375276,0.20675260766676554
101,0.23029720468223966,0.0999082288066756,0.00030308188458805035,0.5258619072845194,0.14362957734197723
102,0.19704114432089784,0.027792314776771906,3.678712178251596e-05,0.47878698421904226,0.29634276956150546
103,0.356440171937587,0.04677638015825448,8.22478686778258e-05,0.46994915874386706,0.1267520412916136
104,0.11855401064076714,0.045872351626748416,0.00018480761333036295,0.7389561270965824,0.0964327030225716
105,0.3059883843777645,0.06353286432390387,8.100732075548125e-05,0.5265540268903806,0.10384371708719574
106,0.12729292676614481,0.019441967258456948,2.725126555920434e-05,0.5548274560480668,0.2984103986617722
107,0.09301045495056762,0.01917164600070667,5.097912940716621e-05,0.6682650048609524,0.21950191505836603
108,0.026416979897201345,0.007582317901431241,1.5641547016199432e-05,0.1366780712987187,0.8293069893556324
109,0.08264921394269838,0.001550722770454421,1.2678779136989695e-05,0.08133271175004891,0.8344546727576613
110,0.20645355383500716,0.011665941416023609,8.356115468947265e-05,0.42918464361504843,0.35261229997923144
111,0.03750698895264735,0.0027910750557143364,7.3670673089473874e-06,0.06869174978749318,0.8910028191368361
112,0.035935752047792216,0.005920854150508218,1.6510330903217827e-05,0.042579305601703366,0.9155475778690929
113,0.06639572375767748,0.016627119223624053,2.507402604000828e-05,0.13010914054237013,0.7868429424502883
114,0.13724844156137073,0.00788894355577152,9.106966431635282e-06,0.08318147438020912,0.7716720335362169
115,0.27721021326558165,0.11279539936983485,0.0004012210701950533,0.3121958543580112,0.2973973119363773
116,0.5122391232378345,0.0066617688854321705,3.013530616476958e-05,0.10956773269842732,0.37150123987214134
117,0.23702610877933047,0.5108126948739034,0.0010127781383847505,0.13082493315861973,0.12032348504976177
118,0.09614240337569899,0.6644613453083691,0.001406454657822893,0.19396515315062218,0.0440246435074868
119,0.17188783409924485,0.6496618428072819,0.0007464018381969567,0.12523651297165106,0.052467408283625325
120,0.05352036883372204,0.8859909444092838,0.0016752430725030154,0.05304790188594532,0.005765541798545699
121,0.08213639126926804,0.739625700328002,0.0035856694347243113,0.13280522088813582,0.041847018079869625
122,0.15234601764386982,0.6362575938485018,0.0012351937557222587,0.20368976247390888,0.006471432277997287
123,0.02917905776018792,0.9340711547281308,0.0022582586203123826,0.02718443355882469,0.007307095332544119
124,0.13535708934102295,0.7021761370813367,0.001703506096994499,0.1426084312560785,0.018154836224567417
125,0.06845766377257012,0.8701986764842928,0.009320471393837999,0.0364345189354044,0.015588669413894501
126,0.16070324824052812,0.6510544098400114,0.0014854555370969293,0.17308149978543494,0.01367538659692855
127,0.08872996973289303,0.8453083547129124,0.003555455277098365,0.048994767707460224,0.013411452569635818
128,0.07614946871242324,0.7710312973050566,0.008623940545459343,0.132193474513892,0.012001818923168985
129,0.17265741258924974,0.724776097100612,0.0016439605729347566,0.08257274635037899,0.018349783386824487
130,0.10927150890931481,0.8065611145758909,0.005370297533082557,0.04696567672819095,0.03183140225352078
131,0.10690532603155505,0.7193868395893379,0.016104065958723806,0.010304778846240382,0.14729898957414297
132,0.3359020297850541,0.11880777056067343,0.00016014031378874455,0.02007300635884341,0.5250570529816402
133,0.43794058749474307,0.4235560115302725,0.0003331442199734915,0.0531681222433323,0.08500213451167864
134,0.6208415613734839,0.282226615688495,0.000490336553331396,0.036722643009529196,0.059718843375160424
135,0.33505035865202193,0.6054739199414869,0.0004538442003663802,0.033297004251597144,0.0257248729545277
136,0.5939757647549994,0.2562923427572639,0.00034173670721549226,0.13405342195551484,0.015336733825006457
137,0.34898146802396196,0.5529485954331833,0.0011251015228128953,0.05488683206210858,0.04205800295793324
138,0.08898533423998924,0.8766624219847945,0.010482752427349477,0.013426565789017216,0.010442925558849745
139,0.2165547089241269,0.7046621949004122,0.004056085652583141,0.06752515195716306,0.007201858565714774
140,0.06895858085356983,0.873039433491438,0.021862477422869377,0.03172769966407398,0.004411808568048813
141,0.04183120241163562,0.8982121797290076,0.014867254800647671,0.03876160971170907,0.006327753346999884
142,0.06089602443252142,0.8525814933535393,0.012070226097463213,0.0697253305645477,0.004726925551928394
143,0.04187825170489582,0.8964443844461815,0.02734281851977462,0.027954399601021012,0.006380145728127365
144,0.07837364712122499,0.8886305730755882,0.01488002752239114,0.011248962134911753,0.006866790145883838
145,0.032418029000193936,0.9201750705769626,0.03866539839758719,0.003961231330646322,0.004780270694610124
146,0.0528839315314013,0.8838660109931262,0.04257900181197761,0.008668105151969604,0.01200295051152519
147,0.10605892472639293,0.7845693973719173,0.05043925878224575,0.005934348728196115,0.05299807039124785
148,0.13185247330328081,0.8239650158514654,0.013059185702963915,0.017479855783084048,0.013643469359205837
149,0.046164721743045214,0.8917056618735189,0.04395091743025976,0.010112751162823511,0.008065947790352768
150,0.0274324146089814,0.8487346760342213,0.11395681508438811,0.0022376141683767537,0.0076384801040325296
151,0.02914114630072251,0.8191987289852573,0.13415770497911886,0.0039950888508927754,0.013507330884008526
152,0.03312763299476595,0.9386827240060241,0.02036285867193537,0.004797381702396172,0.0030294026248783184
153,0.01360446823434451,0.9427452255553571,0.040272325387251874,0.001688910279209651,0.0016890705438368009
154,0.0072557223062941455,0.824984516683841,0.16511712792622055,0.0011359155112375709,0.0015067175724068204
155,0.020728831433548704,0.8414694808717786,0.1337873073696534,0.0020573260359560354,0.0019570542890633706
156,0.003980682442763831,0.661982668582596,0.3315771347313702,0.001343049062474973,0.0011164651807948937
157,0.01633286827471219,0.921319285559133,0.05157530672671644,0.0053441703707616745,0.00542836906867642
158,0.008908254887492723,0.9014553135334177,0.08461041434653653,0.002213667042479592,0.002812350190073744
159,0.007736948869500899,0.7315676926815314,0.2578029310089419,0.0012894935196121,0.0016029339204138029
160,0.007279100544961503,0.7500926615040002,0.23925351637501358,0.0011188727648314266,0.002255848811193213
161,0.01403655528631537,0.83127662272804,0.14804685622113958,0.003680873270775847,0.0029590924937290307
162,0.005578893755833235,0.7052102829187866,0.2862280856789888,0.0014169244250266972,0.0015658132213646277
163,0.00548468088739204,0.7357352281129222,0.2558080553300606,0.0014177067022782825,0.0015543289673466873
164,0.016440974419281797,0.8589396741221627,0.1212362377719196,0.0013413040105657852,0.0020418096760701555
165,0.00459614340210022,0.6872309844724185,0.3068657738593689,0.00044648116556498933,0.0008606171005474066
166,0.010089225308950667,0.7909259922800324,0.19619703951636613,0.0008085988190403573,0.0019791440756106262
167,0.00433283587345363,0.745472444716537,0.24835517726880257,0.0003310872919621711,0.0015084548492447416
168,0.0023872683978492693,0.5388947534655356,0.4575643053297487,0.0002134540841393609,0.0009402187227270021
169,0.0005437877393470381,0.1819080945528498,0.8170467292472166,4.955441811954755e-05,0.0004518340424670546
170,0.000720788326088773,0.2769935536207047,0.7213106126131046,9.469724494082692e-05,0.0008803481951610702
171,0.0004566182144251928,0.09148938869029806,0.907399216485238,5.812942152769222e-05,0.0005966471885110711
172,0.00026301811391781285,0.05832563864381594,0.9409729441175634,4.488616320978752e-05,0.0003935129614928438
173,0.00045419630373574497,0.14768697238123427,0.8512104422487478,8.499652780992738e-05,0.0005633925384723368
174,0.0002702363974264382,0.040825228785997536,0.958487436613335,3.5484012332651184e-05,0.00038161419090838373
175,0.0002848726366736931,0.09652888690824585,0.9025006793460288,3.6656343202610316e-05,0.0006489047658490723
176,0.0002259306223072953,0.0478663062134327,0.9514833385638106,2.110640766139313e-05,0.000403318192788076
177,0.00017649905041159823,0.046755752570587145,0.9525249446123711,2.281295601139388e-05,0.0005199908106187628
178,0.00010043000516357074,0.06185183372622142,0.9371852571643579,2.316206903099566e-05,0.0008393170352261021
179,0.00017295848825262704,0.052475817947185095,0.9467722607604614,2.9646402221135403e-05,0.0005493164018798944
180,0.00017146690270220338,0.02914383765271262,0.9704612094047738,3.132834464938716e-05,0.00019215769516193942
181,0.0002578764771871173,0.029787328039051812,0.9697273185350752,2.694735121397606e-05,0.0002005295974718894
182,0.00026938968371259645,0.018107588559143774,0.980883468280276,5.532178590188561e-05,0.0006842316909657488
183,0.00015858553523587996,0.029705506449822068,0.9694494940836993,3.188911317864259e-05,0.0006545248180641738
184,0.00025712123994386796,0.03836314615374489,0.9604691036440622,5.1653469112904875e-05,0.000858975493136172
185,9.472159471701911e-05,0.021080891289979597,0.9785201493436121,1.9937235840328124e-05,0.0002843005358507851
186,0.00014209120903911594,0.02662429739054964,0.972780811600186,2.2014207305350952e-05,0.0004307855929197585
187,0.0002691470996379275,0.018794595942223845,0.9801588810290948,5.325909670840807e-05,0.0007241168323349748
188,6.833787253589504e-05,0.03556437194622235,0.9636209116880684,1.443356022014084e-05,0.0007319449329530308
189,0.0001049444117925271,0.018544270784928832,0.9810288231228613,1.6726712013960367e-05,0.0003052349684033846
190,8.468612533914199e-05,0.014670689999906755,0.9849618588676595,1.3582205523932875e-05,0.0002691828015706633
191,7.281036244882672e-05,0.01589415165136606,0.9837038453318463,9.000846005520444e-06,0.00032019180833317914
192,2.299710854675191e-05,0.013972016655615632,0.9856815776483914,4.335506211850329e-06,0.0003190730812342732
193,0.00010088281731233438,0.025657441744224255,0.9737602812969579,1.2408457185845602e-05,0.0004689856843194858
194,4.062677524711983e-05,0.011540241459816795,0.9881309221118986,1.237789118604505e-05,0.00027583176185136843
195,5.810312745476544e-05,0.017125575208312815,0.9825662103129887,9.62558476960878e-06,0.00024048576647403889
196,5.5577745228893684e-05,0.012592422522243686,0.9870784804703322,9.494789732310394e-06,0.0002640244724629989
197,6.95508390925195e-05,0.015138143213448885,0.9844359932194181,1.336416039578979e-05,0.00034294856764476126
198,7.116714941582053e-05,0.020406691536744834,0.9791537463943861,1.61382836727856e-05,0.00035225663578029973
199,4.8855190442854045e-05,0.01472514090007589,0.9849431220380034,1.4492328994099561e-05,0.00026838954248389906
200,0.00017947945270365868,0.019774891093282083,0.9779553694549682,4.180414512175279e-05,0.0020484558539243807
201,6.93672776162652e-05,0.04748147769802385,0.9518314992651408,1.8405473852875253e-05,0.000599250285366166
202,7.769738701083104e-05,0.020213571726626148,0.9792626504883611,1.402127833765815e-05,0.0004320591196641358
203,9.575593690150554e-05,0.019305964429079166,0.9801616024168909,1.4275098126846641e-05,0.00042240211900150597
204,6.789203238534037e-05,0.017739172511337175,0.9819804595858489,1.1863193678947129e-05,0.00020061267674969355
205,6.664375552180634e-05,0.026694431917726726,0.9729071532838276,1.1682340212170743e-05,0.0003200887027117949
206,0.0001316398552013897,0.026299547063610727,0.9731859150693647,1.1611334214204442e-05,0.0003712866776089346
207,9.626806777752401e-05,0.03172721146189344,0.967358696706427,1.8793098279154076e-05,0.0007990306656226891
208,0.00010777201297094231,0.027132703214084467,0.9721594408559382,2.7092996170734292e-05,0.0005729909208357797
209,0.00010427477221059355,0.013517362304713136,0.9858307636080959,1.5263145335360414e-05,0.000532336169644984
210,0.00020826287492579947,0.027376242579855346,0.9719032234770405,1.889089077027819e-05,0.0004933801774080704
211,0.00020446794919227017,0.025667878768068385,0.9733783332046189,2.250574486943306e-05,0.0007268143332508686
212,0.0001366854337464499,0.020612005131570858,0.9788501286571616,1.5737615445376284e-05,0.00038544316207566947
213,0.0004996161344507352,0.042689668625230784,0.9558676533868132,5.2169218612986236e-05,0.000890892634892393
214,0.00019078025825876505,0.019584867087068178,0.9791218016440816,0.00011914514984291143,0.0009834058607486576
215,0.00034103667458675334,0.021403808673571095,0.9770376709125393,0.00019028887911393954,0.0010271948601888957
216,0.0009559426287086565,0.06417321674688385,0.9323223743028541,0.00024683992962474887,0.0023016263919284326
217,0.0011021441124078163,0.03806620681076417,0.9589654882252794,0.0003435771145790507,0.001522583736969385
218,0.002877451767038135,0.21471022654307528,0.7719513919320645,0.0017574594308099453,0.008703470327011981
219,0.14262859979024703,0.695545950866703,0.08163129883634078,0.06295694992735448,0.0172372005793547
220,0.1897664437757784,0.6602452930688572,0.04099461989211109,0.06822929575206733,0.04076434751118619
221,0.22385855491587167,0.1002635591728697,0.0005615294205089089,0.4341232117885514,0.24119314470219824
222,0.38819886496517947,0.06810468387416468,7.690585136336714e-05,0.052372103546505705,0.49124744176278673
223,0.481866829556957,0.05731075521113349,0.0001284723647100477,0.06063345191011,0.4000604909570895
224,0.8426999954484398,0.03628707759577987,5.724044123279849e-05,0.0742194741367891,0.04673621237775852
225,0.6940592758913317,0.1474600607251106,0.00021776689827162818,0.09468327491067913,0.06357962157460682
226,0.42131710914956966,0.22819642541492138,0.0007097526164419778,0.29708217181159646,0.052694541007470494
227,0.14195830653147376,0.45871236506481455,0.0006488077779336694,0.3836562692297345,0.015024251396043523
228,0.0772254696798099,0.5972494025737048,0.002039801518916562,0.3061136668736546,0.017371659353914073
229,0.04574402008577628,0.2540899439809083,0.0013818325536580317,0.6828280786055775,0.015956124774080066
230,0.036511958869283705,0.1311856861414293,0.0003223498108360961,0.82498518212735,0.0069948230511009376
231,0.013096954827618083,0.009227033914499125,0.00016057627725373234,0.9576526137704707,0.01986282121015835
232,0.045012287480878044,0.014755470722588431,0.00013546882003079755,0.9253546542529616,0.014742118723541336
233,0.03807232596383969,0.013055582480135287,0.00011888921064763702,0.9418422099417052,0.00691099240367232
234,0.04876452153831888,0.029355490627245958,0.0002612331312625107,0.9149214648219236,0.006697289881249164
235,0.03394921766458336,0.0193863470465087,0.00015789405808356867,0.9400773947850339,0.006429146445790395
236,0.025125535100012454,0.011190112826345458,6.516712002927463e-05,0.9600855661886305,0.0035336187649824243
237,0.06171400189147345,0.030424920280201828,0.00014448275574970628,0.8971409832755409,0.010575611797034033
238,0.08221976182511699,0.03349811362127599,0.00012219254833999377,0.8789852604410489,0.005174671564218098
239,0.1187480364841229,0.127707156427525,0.0005834444235356453,0.6654097628700752,0.08755159979474123
240,0.10960888666020206,0.0772749533444682,0.00015328555802417507,0.7981900252218729,0.014772849215432706
241,0.039761857400752366,0.20418800242941396,0.0005220299489832991,0.7431210546813202,0.012407055539530244
242,0.06692894197942673,0.19984579931920687,0.0005300256073456922,0.725597281817135,0.007097951276885753
243,0.0195323837422745,0.04238462985537666,0.00011179148048670285,0.9329849959556332,0.004986198966228924
244,0.02424457576772857,0.02411319707830361,6.321897433477125e-05,0.9456845389317234,0.005894469247909646
245,0.138433920543049,0.06277883485228444,0.0001289190702876868,0.6884033955972138,0.11025492993716514
246,0.21374022999478162,0.11239164726794575,0.00012807222821127436,0.6428113656765083,0.030928684832553177
247,0.2102284339309796,0.24469181835320636,0.0006053921061716567,0.5278492557801089,0.01662509982953368
248,0.518729405668278,0.027564386973288117,6.945932543581886e-05,0.3483122512897897,0.1053244967432085
249,0.11059572228973971,0.26413666361702176,0.0009560303235410131,0.6140460686678771,0.010265515101820543
250,0.12286788488952939,0.2510707460544528,0.0006496286507251388,0.5972219934482554,0.02818974695703713
251,0.22797459857390706,0.4582027097335219,0.001213331147267428,0.2872902839703646,0.025319076574939006
252,0.04016281017101762,0.8110605091703905,0.0031027776293914653,0.137746481738189,0.007927421291011445
253,0.23251330819691962,0.552256234062914,0.0017790197193417925,0.19666847291988918,0.016782965100935302
254,0.13341087720923667,0.6728869183458235,0.0032316020693150312,0.17306664551504483,0.017403956860579967
255,0.05641784705726453,0.7831019364844941,0.0017087574352123557,0.14239397705643508,0.01637748196659407
256,0.07147445390383908,0.7862009375672182,0.006598976008573657,0.09793373166583873,0.03779190085453016
257,0.07267686647054779,0.564140175487709,0.00139902097483164,0.3361748862519537,0.025609050814957915
258,0.15418779062990076,0.5237500552963062,0.0009463694409271655,0.12014248673719721,0.2009732978956685
259,0.48111806110440963,0.22006426042915678,0.000355749950146088,0.037499842402978566,0.26096208611330907
260,0.3442861708639558,0.6289113501981938,0.0020450918625767377,0.013425395584511283,0.011331991490762326
261,0.31945498909107073,0.6491617499468555,0.005569751276733776,0.010804514341726,0.01500899534361402
262,0.10454673860743358,0.8605681896084992,0.006552151112513094,0.01987010017730687,0.00846282049424742
263,0.0341272473845914,0.9233265473267939,0.022997400624480833,0.015790244666600842,0.00375855999753319
264,0.022588934488410605,0.8964294791813272,0.06971243261827383,0.006339941061297703,0.00492921265069074
265,0.01935473682113918,0.7980037786857589,0.17242278980156733,0.006698951358801521,0.0035197433327329494
266,0.03255701171381526,0.8447512989981932,0.07402717209913401,0.022294552962118908,0.0263699642267385
267,0.021437036353105485,0.7769470616669663,0.1859848597375828,0.00836284610996755,0.007268196132378022
268,0.020829237093773295,0.8385228556718948,0.12612366041375941,0.010576695442252558,0.003947551378319911
269,0.009850360644155714,0.8372992386380369,0.14297873822337256,0.004734650221270189,0.005137012273164573
270,0.007149210570802743,0.8145090132898782,0.1700676143937431,0.004987700317500551,0.0032864614280754705
271,0.003353977427255851,0.8827444767347529,0.10864494704070576,0.003045812529636581,0.002210786267648984
272,0.00819217359028457,0.5659579464711142,0.41948034333182227,0.003204412577622783,0.0031651240291560106
273,0.015788107557703497,0.9413127591748696,0.028499529143749657,0.009354067546006269,0.0050455365776708935
274,0.011212406243281254,0.9467971007969738,0.03083422699835622,0.007326172127436314,0.0038300938339524216
275,0.005216216440963402,0.8342800366588283,0.15243624408004536,0.004160886511518488,0.003906616308644383
276,0.10580879863501637,0.2690662687372587,0.032499190491451446,0.006047507977152693,0.5865782341591208
277,0.10755881223044618,0.8094338724411524,0.05422677925340964,0.003930430977951934,0.02485010509703969
278,0.191528516678999,0.7281059380908059,0.03257694663037231,0.005334530195334321,0.04245406840448849
279,0.35518790696846747,0.6078759780214068,0.017501613717818346,0.005024014234616336,0.01441048705769107
280,0.04371668404093364,0.919213112217359,0.0186377502678714,0.01404428136967121,0.0043881721041646605
281,0.009353491423760458,0.9078191331994978,0.07693239042791557,0.003830051489725485,0.0020649334591006027
282,0.037628521918851604,0.8932556637962816,0.04859075208980386,0.00886027009684114,0.011664792098221854
283,0.028212789047432688,0.9098143214030916,0.04454899163483487,0.012170896176108663,0.005253001738532179
284,0.01851567153899235,0.9408345077744386,0.02164999366591668,0.015539934943470455,0.003459892077182193
285,0.023889918691627675,0.8575473650666092,0.10671165112441469,0.006985555159631404,0.004865509957717073
286,0.022461098905534774,0.9137869632092267,0.0367511347024313,0.023122899666701387,0.0038779035161057365
287,0.016220055049915517,0.9321753258913877,0.044598794801642756,0.004680563581910479,0.002325260675143226
288,0.00962417195506552,0.9087946929787063,0.07523072617229958,0.0037270591647120713,0.002623349729216617
289,0.014058093645880983,0.7020227575813885,0.26909134801855583,0.00913577042157258,0.005692030332602211
290,0.009504340658609306,0.9018741151334796,0.08091856933663692,0.0036428072682714347,0.004060167603002793
291,0.01035979303265202,0.914905929026267,0.06711771477692549,0.0045703956189407065,0.003046167545214866
292,0.013487461187098204,0.8106969432350822,0.1711537781761307,0.0019386744147593267,0.0027231429869293924
293,0.0036710509211417583,0.5818492352828422,0.4113264253364799,0.0017235822555784798,0.0014297062039576106
294,0.0063904064314472,0.6610027530490253,0.32634369020692544,0.0039208374146562355,0.0023423128979458037
295,0.00925486458418797,0.5892053919862913,0.39470023771341645,0.00414396189454077,0.0026955438215634816
296,0.0069650124368799814,0.8832821530254861,0.10499522318915212,0.0023754882678010676,0.002382123080680549
297,0.004203729224882392,0.7972921408055741,0.19600291852086313,0.0013510297034338675,0.0011501817452466167
298,0.0035296825244714447,0.8298310514533737,0.16315376111719876,0.0013905350055655804,0.002094969899390576
299,0.003478426006409282,0.4997134808509491,0.49428655245054487,0.0008745224993700782,0.0016470181927265605
300,0.007954477669093764,0.7877010541049756,0.19594586400563993,0.002272259295254236,0.006126344925036425
301,0.011522137703999706,0.7631160016274802,0.21692359294067556,0.004494937526401251,0.0039433302014433595
302,0.015267603872910727,0.8997403783463707,0.07726906673558714,0.004758683756171694,0.002964267288959595
303,0.016995399061422962,0.775698125774294,0.20010096844866126,0.003707638972631924,0.0034978677429898233
304,0.06575475093078624,0.566409615847758,0.26143883340016594,0.006308912790018246,0.10008788703127149
305,0.30796010741932817,0.5557932392441912,0.08577345661753831,0.01782135634924177,0.03265184036970042
306,0.5452845084781972,0.40320794474050614,0.015433964523770381,0.014418534882627941,0.02165504737489824
307,0.2507594517950306,0.6313387893367561,0.09314223955261372,0.014481819847416675,0.010277699468182825
308,0.17683234193600328,0.6928822118597079,0.10202401326108591,0.01676270689063183,0.0114987260525711
309,0.06959780372707947,0.757034409820496,0.12323812577158771,0.014366077547318796,0.03576358313351797
310,0.05419334672479412,0.8761586149729779,0.03773481666857901,0.02544849661507658,0.006464725018572415
311,0.0788946935660329,0.858833496089865,0.03752598185177774,0.01462932141203408,0.010116507080290533
312,0.06074750114624163,0.8914377913391619,0.017077646601309268,0.026712713382480463,0.004024347530806689
313,0.020406792369274396,0.9512969668314238,0.014717720189247357,0.011942974977073213,0.0016355456329811436
314,0.02616897438080335,0.8926533930506547,0.06664651687249214,0.00945654627316554,0.005074569422884216
315,0.025772746836515755,0.896084850025416,0.022653672962417333,0.05260245210688041,0.0028862780687704498
316,0.011691652448149686,0.8792579230873914,0.07187301815597937,0.033447337170044764,0.0037300691384348672
317,0.07041176233893562,0.8195691655238646,0.008744773238529874,0.08700708814618785,0.014267210752482004
318,0.04626655924534944,0.9067881808864254,0.002687073670414956,0.040578935432904036,0.0036792507649059474
319,0.01758733993777269,0.9084979103147767,0.04000878540151436,0.03071995984386084,0.003186004502075392
320,0.10575390823278483,0.7397265860809377,0.0038429178240359085,0.14275748516575384,0.007919102696487794
321,0.1423283764417223,0.7447563700015651,0.0010995772056257562,0.09096784165781752,0.020847834693269233
322,0.3847266778814688,0.41432581616465664,0.0007324382138985433,0.09729716629986443,0.10291790144011159
323,0.2770206254092384,0.6363106936339713,0.0007689266344317085,0.07563492690501249,0.010264827417346014
324,0.7517944416014064,0.11479518900028271,0.0001839232686514133,0.07378804982022533,0.059438396309434045
325,0.22537260858593527,0.7298395608454248,0.005392641506007098,0.023330864115298177,0.01606432494733445
326,0.22656576263226202,0.6207898816933469,0.0018989049522942466,0.13954275272026895,0.011202698001827818
327,0.13550680425780048,0.7415719086923819,0.007315036289224055,0.09852108017616348,0.01708517058443014
328,0.02900662473897293,0.8957192670858332,0.014387328219239557,0.05791922611030749,0.002967553845646884
329,0.026104932000595774,0.8685524403077662,0.054914399128208634,0.04353118246839018,0.006897046095039252
330,0.03419912067435433,0.8710692936503965,0.045476991601249225,0.03726712133457694,0.01198747273942288
331,0.018537439845075568,0.8948539280385153,0.07330383941305617,0.008949745463818163,0.004355047239534713
332,0.06171398860269383,0.8868089729617714,0.014116113337774044,0.03217229402503268,0.005188631072727887
333,0.01822879757105204,0.9237039189166599,0.0385543309165049,0.01574058839866275,0.003772364197120149
334,0.041896550271995375,0.904212260870838,0.028708546819335386,0.01539428791332921,0.009788354124502054
335,0.10122528720000949,0.812750778645981,0.00941483209038147,0.0637766523028371,0.012832449760790903
336,0.05246854756393085,0.8928581848980872,0.03748308192032136,0.008281809525050449,0.00890837609261005
337,0.03848557663342653,0.9181180524281528,0.01834434286873562,0.021500248356799118,0.003551779712886065
338,0.01705668271242279,0.028209891368552096,0.022704243341532898,0.003346161005744846,0.9286830215717473
339,0.2837056005864266,0.6070028563721785,0.035569114608141064,0.015550743799998351,0.05817168463325549
340,0.42695533236055233,0.3991031962674396,0.026526670014670146,0.011909354695097778,0.1355054466622399
341,0.2129980942304972,0.6815038168417927,0.06845626832005056,0.007705987107645643,0.02933583350001401
342,0.23616189429810755,0.622070322670468,0.055128551590146145,0.05004593965910841,0.03659329178216971
343,0.06554254141885787,0.7523945126377646,0.12742202366274744,0.02372947414482797,0.030911448135802315
344,0.06571448244148202,0.7677952481298128,0.09729333417481864,0.02238176390582679,0.04681517134805979
345,0.20883423300761378,0.5650793626513,0.08013733444219348,0.06781594777203964,0.07813312212685299
346,0.15666229059760975,0.16016810940271337,0.014809058169771685,0.03789026485482508,0.63047027697508
347,0.2797581013661231,0.03285229892958638,0.0016926826591138586,0.0783508325702409,0.6073460844749357
348,0.6559455878576773,0.10757302250720498,0.006425459713227482,0.08215836304440696,0.1478975668774832
349,0.4268133443917095,0.24400051219072788,0.006572444138636383,0.06709681459699775,0.2555168846819284
350,0.5222932886486401,0.15543330625768692,0.0018311822949359786,0.19054281651303187,0.1298994062857051
351,0.005852595644750445,0.002466026183455495,0.00020260076258949802,0.0031077910024090417,0.9883709864067954
352,0.4422647575770444,0.030934860346902893,0.00025508194430742554,0.05824694203463202,0.4682983580971131
353,0.5984772173751296,0.028725836868381534,0.00045860077077709534,0.0730378161210248,0.2993005288646869
354,0.06135177619837201,0.003962755102184172,4.148825162669515e-05,0.00918971825351339,0.9254542621943038
355,0.7488118008107697,0.01851128777309051,0.0007468331717975473,0.07289005934805674,0.15904001889628538
356,0.34836327484264723,0.14928379453900262,0.0034582960604282605,0.0859945933365089,0.41290004122141294
357,0.465323903907001,0.18359870231251413,0.004874466542034993,0.1415762121017436,0.20462671513670644
358,0.20245596572936425,0.35856869297302524,0.005097097050258957,0.20432537342958942,0.2295528708177622
359,0.2253288558405149,0.05250537263393319,0.0024253975080728365,0.4410388039129803,0.27870157010449875
360,0.28420925544938946,0.04602238518933528,0.0004450820702052451,0.5227542825678724,0.14656899472319776
361,0.03790055023640574,0.0030834709003255897,0.00011868534354816494,0.056869947392115865,0.9020273461276046
362,0.8225456284619895,0.022336989922029517,0.0002698632985893255,0.10335894264961097,0.051488575667780666
363,0.11805014554234175,0.014985569753684454,0.0003929313572217129,0.02569549373397945,0.8408758596127727
364,0.8699895593998203,0.008945035999851152,9.271475061831148e-05,0.06108906911489803,0.05988362073481218
365,0.24778761327569299,0.5870674395734806,0.018029752108468102,0.12867043450215263,0.018444760540205624
366,0.20897707631304646,0.6290863748795782,0.013199204141785844,0.11344150967176822,0.03529583499382127
367,0.08194743081591717,0.6969630503868428,0.001340229570455042,0.2058783428954004,0.013870946331384526
368,0.03634205041059496,0.8008737052053284,0.002018867659357143,0.15447383147950283,0.006291545245216771
369,0.14836682376247376,0.5902394452218453,0.0013920926284894752,0.2391465274347239,0.020855110952467407
370,0.15255980139006664,0.6290003020822411,0.004405931337079709,0.20125175007385918,0.012782215116753344
371,0.0960902287640977,0.696901978221539,0.005025636603569438,0.18315988580604586,0.01882227060474802
372,0.03748827885938372,0.9034841973803166,0.021295077416091945,0.03430297869143058,0.0034294676527772067
373,0.20326494158971228,0.4098695527491224,0.001594217070955527,0.37119532254322596,0.014075966046983827
374,0.13339416491723305,0.6434610005403996,0.013928380408913709,0.19193825280230883,0.017278201331144872
375,0.028492864712792155,0.8330731594897739,0.007224314951992538,0.12823201017430863,0.0029776506711326712
376,0.17272052248990352,0.5279478109931613,0.007983092515408793,0.1605900645754518,0.13075850942607445
