epoch,N1,N2,N3,R,W
0,0.006171467279673905,0.0011756419708434619,3.8528838573707585e-05,0.0029898440448044177,0.9896245178661044
1,0.01241717137450887,0.0019370419872887486,3.152780467292436e-05,0.0009560035164709548,0.9846582553170585
2,0.0016111321820076788,0.0003090242786869618,1.9083710286635615e-06,0.00023242362536601377,0.9978455115429107
3,0.003256008123485209,0.00034272575347688727,5.121106581372767e-06,0.00015146289513509156,0.9962446821213213
4,0.011580926135982576,0.0003900811995369995,9.276717443454779e-06,0.0005825032981899716,0.9874372126488471
5,0.024973778696016396,0.00028955018105901925,5.171346296713888e-06,0.0006059829602652061,0.9741255168163626
6,0.07543680240392764,0.0006495194714450524,8.660353826668155e-06,0.0009769686158659805,0.9229280491549346
7,0.04182761656917062,0.0009905665223495404,1.0765621781615043e-05,0.0009039061535867213,0.9562671451331116
8,0.5455061802802978,0.015150833733011957,0.00011015097335943727,0.005522487778504359,0.4337103472348265
9,0.7109350072269381,0.20387865386804013,0.00036892222748599493,0.016987329607024336,0.06783008707051139
10,0.6079051898088087,0.2857650555772,0.00030129665340722974,0.024339680943399646,0.08168877701718438
11,0.14481410453996213,0.7456923289173665,0.0033848667563557183,0.04063975608223654,0.06546894370407919
12,0.058659266964853504,0.8702723724131948,0.004220072720629532,0.03565948537777989,0.031188802523542312
13,0.0857964249832817,0.7849293328758369,0.0022879584084847526,0.047016101032520914,0.07997018269987556
14,0.057577188793635485,0.7282865433048871,0.0027391553023872967,0.003344508483077838,0.20805260411601226
15,0.16691734891215676,0.09990240430161912,0.00042106892900783705,0.3260975258217787,0.4066616520354377
16,0.03858725204447193,0.04583375177044156,0.0030911798427477816,0.0025798960069943234,0.9099079203353444
17,0.0027030688225357473,0.0014214898259410605,0.00013006973062674331,0.00020818573067616866,0.9955371858902203
18,0.001000380925087162,0.00015311025239737695,0.000562911395060652,0.00023645128974778823,0.9980471461377071
19,0.0014431728513512139,0.0002724896674666866,0.00020233498675574244,0.0007062402098556501,0.9973757622845708
20,0.0013872038755289302,0.00017482536420293138,5.756931753882368e-06,0.0012333927967809754,0.9971988210317332
21,0.0008769546396582713,4.645682364787911e-05,3.763491494024482e-06,0.0011948557006319037,0.9978779693445679
22,0.003151170624133921,7.436550555431912e-05,1.4137481874418972e-05,4.629972958821632e-05,0.9967140266588492
23,0.007217246683444193,0.00025470248231116913,1.0755973002314766e-05,0.00013855777757226846,0.9923787370836701
24,0.06811270178660168,0.001401204056850725,0.00027052278719571013,0.0001588565472065701,0.9300567148221452
25,0.008361275352429458,0.0011023635920804514,2.0460359041322203e-05,0.0005436585737784648,0.9899722421226702
26,0.041042371512893916,0.0011026468005621622,2.9080847067213277e-05,0.0011657199703989172,0.9566601808690779
27,0.16742544390604602,0.003395884082757298,4.5510148627329787e-05,0.0015598743733327856,0.8275732874892365
28,0.5377493982092373,0.006194843926210645,6.470097674338889e-05,0.003112216184907681,0.45287884070290113
29,0.6526491887341705,0.005675615230337336,7.126119649182342e-05,0.0037285216328637252,0.3378754132061367
30,0.4995260095300248,0.014725788059423638,0.0001111551109912628,0.01288059203789796,0.4727564552616623
31,0.34399613968889414,0.4303085876708979,0.0006551975797952421,0.14993514141996833,0.07510493364044434
32,0.3633819988673971,0.29628719889327754,0.0005976906622165722,0.19719228752051707,0.14254082405659182
33,0.08702024194263529,0.4953867695709496,0.000953295882129866,0.4059114612049833,0.010728231399301933
34,0.16271250537521847,0.33394158056035883,0.0010691960463718665,0.4355805851978314,0.0666961328202194
35,0.05593461286773258,0.8665131449370974,0.006951474873006735,0.058737910681321615,0.011862856640841501
36,0.025563409432673254,0.927010204673402,0.01504839068393776,0.011018526626868695,0.021359468583118282
37,0.4045742832425843,0.1252825617812373,0.0008579764821225228,0.232582085721358,0.23670309277269794
38,0.22118845925705855,0.6401584093176594,0.00874147204573755,0.07085642682995091,0.05905523254959339
39,0.25879896941845293,0.5937639002986104,0.004301334550233005,0.0561478278912289,0.08698796784147489
40,0.10663954748932351,0.07143382971248873,0.0004166911218171883,0.7011434116004189,0.12036652007595157
41,0.0020895705574113057,0.006249010701608099,0.003753092285194887,0.0001170306046943414,0.9877912958510914
42,0.0004480707631555901,0.0006458783600037592,0.001091552708177508,2.2156270476533656e-05,0.9977923418981867
43,0.00021785467801610763,0.000245352278726182,9.262286931336991e-05,1.3640796924226183e-05,0.99943052937702
44,0.001702981069518056,0.0001568156797124355,3.718679860444512e-05,6.07068138613071e-05,0.9980423096383038
45,0.0006015512902819369,0.00032117768303602446,0.0001867227195306772,1.091817540986347e-05,0.9988796301317414
46,0.004947535543311695,0.0003041709711575162,3.891770426109609e-06,4.009925826547122e-05,0.9947043024568393
47,0.012400492519364703,0.0004245279754090569,9.623157978094593e-06,3.709112918267303e-05,0.9871282652180655
48,0.43067121813528736,0.002617460789705724,5.665134230734699e-05,0.0001366992074646623,0.566517970525235
49,0.5423936541920793,0.0026360358187607047,3.2369632169575166e-05,0.00012248824080137574,0.454815452116189
50,0.45374882582692405,0.012611031508596757,5.3697904670352056e-05,0.0005958041533183167,0.5329906406064906
51,0.41074179578248515,0.02648141872293395,7.541968087486706e-05,0.0034649491826005394,0.5592364166311055
52,0.10835980733470266,0.014171376937297931,4.368707332919447e-05,0.0032536557320535847,0.8741714729226165
53,0.18550176709402263,0.1587943745857408,0.0002234699892573573,0.0008313302339662674,0.6546490580970129
54,0.06408738171550162,0.2734163148214384,0.0005846852291498903,0.0008652457978459716,0.6610463724360642
55,0.23044161469407082,0.37709107985747264,0.0010510622900621056,0.004678657960877888,0.38673758519751644
56,0.0792564887217985,0.4129153971341096,0.006133212170436885,0.0018211049431409749,0.49987379703051393
57,0.09756661704537456,0.6542642465081417,0.005535367989984637,0.0019806198047296096,0.24065314865176946
58,0.0659276909681117,0.8136778363581137,0.007955000354864657,0.0011418990345384982,0.11129757328437126
59,0.092374116131729,0.7009890880124868,0.011491393582591441,0.0009746783299301928,0.1941707239432626
60,0.12820574808881505,0.6862830342242405,0.004048908752913476,0.0012116543452515415,0.18025065458877926
61,0.07330105165396397,0.7258291003190165,0.029264498777754555,0.0004234968710942735,0.1711818523781708
62,0.13216870074254347,0.6926603884143181,0.006203348993039611,0.0013292873339613052,0.16763827451613755
63,0.0383855744714985,0.7954804098674653,0.04550721699407626,0.0005399648983339443,0.12008683376862626
64,0.04438520147281537,0.6893207025736126,0.013244496370491302,0.0007723285963493539,0.2522772709867314
65,0.07393864311260546,0.41705098050294903,0.007025835103256836,0.001299937061206402,0.5006846042199824
66,0.012074958180701156,0.0266846769712731,0.001905433159812779,0.0006785224628295557,0.9586564092253834
67,0.18565904824579307,0.12919760495830002,0.0019322011100705398,0.008252754482296147,0.6749583912035403
68,0.12211308664626042,0.09258026512180427,0.0044413840572245355,0.00853174977836568,0.7723335143963451
69,0.3416964693156397,0.14271685859638292,0.0008965670521091192,0.023075605999136026,0.49161449903673243
70,0.47340853226622515,0.24202549385385155,0.0010426994550539843,0.05844546489427749,0.22507780953059178
71,0.09644682863226688,0.27658690825728605,0.00041290120903103984,0.008667526708141625,0.6178858351932744
72,0.21985374512552058,0.10002277258501256,0.00033332197601951833,0.007167433738136431,0.672622726575311
73,0.10505094503599896,0.04228950608820799,0.00025045651185136265,0.0030948423763043943,0.8493142499876373
74,0.4488493383393364,0.016278343895723985,0.00010300591116927434,0.0016176525354798217,0.5331516593182904
75,0.20941227929672027,0.013420986764590588,7.12782997441337e-05,0.002732171432050407,0.7743632842068947
76,0.002672219870896184,0.0003817618325487037,0.00012907357210407055,3.110657891299911e-05,0.996785838145538
77,0.012649173400490094,0.0055935439097519754,0.00012840003323675797,0.00012840913168534927,0.9815004735248358
78,0.003977134699586389,0.0007965615295765067,2.3202025852649885e-06,7.173762777618525e-05,0.9951522459404758
79,0.09504123511822489,0.0013952039624532024,1.0874080889513552e-05,0.00040818783442748735,0.9031444990040048
80,0.05754198472422565,0.01619014359634059,0.0001371727242076857,0.0005486999642962664,0.9255819989909299
81,0.07994604598939428,0.013641651781811112,0.00014286375855787024,0.0019212257677325715,0.9043482127025041
82,0.27820379694001246,0.010108165815929404,5.6214555879071534e-05,0.006991996485149424,0.7046398262030297
83,0.5237796770558802,0.025957831580037102,7.292881785500534e-05,0.012775993549453735,0.43741356899677397
84,0.5080235822898248,0.03679753647073886,8.800353804890382e-05,0.02156201826993662,0.4335288594314509
85,0.6520097908690222,0.05182876855672071,0.0001303928289061421,0.025808429450679238,0.27022261829467165
86,0.3568748656889857,0.4412949626367351,0.00043208456270272866,0.10378934065778297,0.09760874645379358
87,0.28741821826013286,0.5850495898715377,0.0002782494113998526,0.10652981725864519,0.02072412519828449
88,0.304193595070314,0.4671884326598693,0.00018094323555192075,0.1605899212353705,0.06784710779889423
89,0.22333494361457049,0.34232082137411046,0.0004974153283022517,0.4132048622168282,0.02064195746618858
90,0.07312893871999963,0.7671959591309206,0.0007302485669716586,0.1491720569053073,0.009772796676800668
91,0.21286758827208616,0.594740662100951,0.0003163741694371421,0.156127084095694,0.03594829136183173
92,0.06075398876429012,0.8064242569762037,0.0011249273765620471,0.12685996048278694,0.004836866400157222
93,0.12410712899002663,0.4144157453316217,0.0011965942817105575,0.4454459122910424,0.014834619105598662
94,0.18497562065143838,0.281068176339657,0.00046212681312141204,0.49725960526153534,0.03623447093424781
95,0.10108872243750223,0.5254174382556991,0.0009595201109465904,0.3609612486089333,0.011573070586918664
96,0.0938678163897869,0.6454261685593524,0.0011542457586767984,0.2102092606515797,0.04934250864060413
97,0.3401214834843658,0.23645965020921214,0.0006386262881447561,0.3760406211083969,0.04673961890988036
98,0.14774368150017822,0.6143722274751545,0.0006587229401913916,0.20927987072770163,0.02794549735677438
99,0.11247460613175034,0.7115682570453865,0.0006247969427469757,0.16446631688426697,0.01086602299584922
100,0.128010626121566,0.4616634936303682,0.0005739977640099254,0.39816199386572076,0.011589888618335245
101,0.039876783905607484,0.5146356787143647,0.0006355577048280471,0.43649993677451826,0.008352042900681632
102,0.09763791504903872,0.23681603772681428,0.0005597008899048849,0.6491479004340734,0.015838445900168658
103,0.16537727561332113,0.29226972902166287,0.0005195861350571622,0.44728015564595996,0.0945532535839988
104,0.1515113391182378,0.1552341469881262,0.00040785659313351724,0.6103830160292153,0.08246364127128716
105,0.18278202016531214,0.16210783765216955,0.00042168516563740287,0.6319493856386075,0.02273907137827342
106,0.15783684438865744,0.1611022127006548,0.0005836588794977454,0.5870732856296933,0.09340399840149666
107,0.13371149867616577,0.10416397129955218,0.0003966608904187075,0.4637507648296827,0.2979771043041807
108,0.03891954009645429,0.02071165239194301,0.00010624429603591659,0.0154689608249834,0.9247936023905835
109,0.1083535750262413,0.013701978088602145,7.750596509428247e-05,0.024345639269569102,0.8535213016504932
110,0.26979996495054626,0.03157235551945187,4.342069636064069e-05,0.022606357287049197,0.6759779015465921
111,0.49208435420571794,0.03181554177218936,6.041241932683629e-05,0.03533005111190861,0.44070964049085726
112,0.34335333394029777,0.12548133519611737,0.00011951035067797781,0.04406591238486549,0.4869799081280413
113,0.6442086332747564,0.1137946296957049,0.00031505247317878827,0.07093929910296769,0.17074238545339218
114,0.22087982548401844,0.45957017120907384,0.0004124187771073896,0.25540928800140594,0.06372829652839422
115,0.273847316693136,0.2576185835143458,0.0008160138138249549,0.43321143671348333,0.034506649265209875
116,0.05379346821775325,0.6820869502992594,0.0010180465066118472,0.2534334412455689,0.009668093730806522
117,0.059009194440693934,0.7233792296705819,0.0007195185518479236,0.19846564953594703,0.018426407800929245
118,0.14575245413728743,0.5301451720896798,0.00031231055293018156,0.3046311263518337,0.0191589368682689
119,0.12272037299069073,0.4349771371869987,0.0012888351686690044,0.0459336141959982,0.3950800404576434
120,0.437679205091609,0.3651648412110385,0.001353547591576268,0.15875826273070054,0.03704414337507555
121,0.17038101043677098,0.17619183046112824,0.0017626800898391211,0.011885605821886814,0.6397788731903749
122,0.5385358361895025,0.3678838596936495,0.0018724422371764692,0.03559681333141641,0.056111048548255195
123,0.231111671420705,0.7287146046810488,0.0010956636878851763,0.0335728818008373,0.005505178409523683
124,0.21676980744548055,0.7436742572682846,0.0014863406501901288,0.031180091190915943,0.006889503445128773
125,0.06449970989193755,0.8972674303224437,0.0014481093804720173,0.02978995827514779,0.006994792129998937
126,0.10007821717271802,0.8299192972656437,0.003090033791020574,0.04674495109776653,0.02016750067285115
127,0.04483875322302707,0.920308784698116,0.0011306520087408568,0.030457426544343642,0.003264383525772467
128,0.028916109333583708,0.955752384619009,0.0021111816370195484,0.010146489798450273,0.0030738346119374895
129,0.05738687399998724,0.9193995844017928,0.0014487590480733652,0.018005104942708922,0.0037596776074375155
130,0.04034044193971158,0.9390394980456356,0.0045272748421279155,0.009308142472176916,0.006784642700347962
131,0.009598872129646977,0.9793299372161026,0.006097727203690547,0.002286252371224061,0.0026872110793357664
132,0.046861116602469145,0.9371313429053179,0.004086739774372096,0.00846351039368543,0.0034572903241554638
133,0.043518771723658735,0.9327933191976931,0.013487542941567577,0.007371168626379943,0.002829197510700716
134,0.03315127309817883,0.9498911298378218,0.007111203081190719,0.007689062149924452,0.0021573318328843003
135,0.013022543029662208,0.9535232641926682,0.02767213368176187,0.0026911200869683635,0.003090939008939394
136,0.015977705455771523,0.9560734392087251,0.021301999589573444,0.0036318725475809753,0.003014983198348936
137,0.034285058085481455,0.9350256716405295,0.019002759427124195,0.00797238887323889,0.003714121973626153
138,0.014902332302436604,0.955240007172266,0.022839812564013275,0.003973254510453481,0.0030445934508306818
139,0.03194388535433727,0.9351953249048283,0.014194921116323781,0.013435668164851814,0.005230200459658822
140,0.08918976479527277,0.6636924431486071,0.01432314042604381,0.026480775540454325,0.206313876089622
141,0.14375634130092807,0.63055786182325,0.005271596448115725,0.05551827515148943,0.16489592527621655
142,0.02249387450724595,0.10449804394829551,0.01711584076064121,0.0076787255964692255,0.8482135151873481
143,0.27941238895639847,0.20008259177836404,0.0025356658261681455,0.11038556572928647,0.407583787709783
144,0.18106166635085794,0.09933790319457299,0.0009110240277948679,0.04204350150851384,0.6766459049182603
145,0.33810206347142896,0.09383273574578554,0.0009340142388986748,0.06645147358976344,0.5006797129541234
146,0.2805922235968247,0.5673758506550309,0.0010767858156602605,0.09533354924099494,0.055621590691489226
147,0.252132089744377,0.6379391665074161,0.004561457419719046,0.020226443771200548,0.08514084255728735
148,0.16817598948303117,0.6036278249057417,0.007129157498860688,0.06307893752534383,0.15798809058702257
149,0.1937648221292277,0.5964541916227585,0.004400313330510255,0.1615243420532886,0.04385633086421515
150,0.16449958547965016,0.7186327020713155,0.002765760751894893,0.06309081821584778,0.05101113348129159
151,0.09297179849109413,0.8826591805451651,0.007111240509500756,0.010487139376634085,0.006770641077606023
152,0.08277646086742002,0.9018044999315352,0.005211869863005083,0.00655363819735188,0.0036535311406877993
153,0.05589012449726955,0.9285224381617829,0.007454269100314422,0.004627669294745666,0.0035054989458873378
154,0.1263725144564872,0.8399025083305145,0.007260661441574567,0.019483102285899626,0.006981213485524099
155,0.0308446170026701,0.9260447056200697,0.028463834831868994,0.007804962979657203,0.006841879565733978
156,0.03479237387840626,0.9377636910077425,0.01864345711120197,0.004813945990847056,0.0039865320118022095
157,0.03594200608099596,0.9464299129998794,0.00814387019937265,0.00379403094664044,0.005690179773111438
158,0.03652415606236646,0.9383863097534498,0.01823014262750157,0.0032306403008235686,0.0036287512558583835
159,0.037953669014759356,0.9328814197750842,0.01897112909034686,0.004784158748897028,0.005409623370912587
160,0.04996805164932417,0.9065598900197456,0.0260640351622293,0.00388942077895777,0.013518602389743443
161,0.06526865566044923,0.8740022554556569,0.029911276149402522,0.003468335917493807,0.027349476816997603
162,0.05427952266010362,0.9230456397918304,0.014391560517972853,0.0028499784084066028,0.005433298621686692
163,0.06165904583340686,0.9160956972951517,0.015564481321883088,0.003272767815479066,0.0034080077340791605
164,0.061695720292754705,0.9141025555700055,0.016557931988553248,0.003949999279257265,0.003693792869429158
165,0.015159158717220704,0.9316995670919472,0.04785484350958007,0.00199706832032341,0.0032893623609287297
166,0.010815502920689914,0.9364915784690708,0.047697092790436206,0.0018856482106451708,0.0031101776091579433
167,0.04252219543464415,0.9252482017345959,0.02653285764140535,0.0020848967613070874,0.003611848428047657
168,0.015552899989926166,0.8908491471834664,0.08853993868131632,0.002455403588267887,0.0026026105570232183
169,0.041749589411474074,0.8798379167208205,0.06906205622291323,0.0032456034306955622,0.006104834214096535
170,0.008775411060281832,0.8068839046249531,0.17790025824923475,0.0027718203417079557,0.003668605723822442
171,0.009747814296021238,0.8382687405082624,0.1456986806274532,0.0023490112475975634,0.003935753320665445
172,0.023527289134454562,0.810810375637183,0.1399131410930009,0.013319555528696429,0.012429638606665194
173,0.020041229822414144,0.8947419853174967,0.07396317984887556,0.006255817876811429,0.004997787134402294
174,0.015780915559575153,0.8683774611828062,0.09470422751859539,0.00788412131226983,0.013253274426753234
175,0.009900250204050573,0.9020310739007859,0.07285447043522209,0.010693539337266734,0.004520666122674726
176,0.0055673438273235384,0.7750948035210945,0.2081788420447287,0.005836412804683775,0.005322597802169539
177,0.045606700418551416,0.8453520880407611,0.05526330089139327,0.04355176570729193,0.010226144942002234
178,0.06478889181611582,0.8030383758906828,0.04889244427770744,0.058735446185644295,0.02454484182984961
179,0.19065200554599107,0.45623812889992293,0.014352218855458428,0.0897595631978006,0.24899808350082694
180,0.3026814166216915,0.4932698797498955,0.009833278508185179,0.13376252981316974,0.06045289530705815
181,0.13674069796904123,0.1707420816638034,0.004716696055171927,0.1268603777427727,0.5609401465692108
182,0.1749725162152861,0.4681387733160686,0.0024341278619514294,0.020971912537399037,0.33348267006929483
183,0.2338182940390839,0.5066929327719266,0.002685939436741078,0.03382924178354212,0.2229735919687064
184,0.22051496679691868,0.48389314675758416,0.004512463817220625,0.021314253212750482,0.2697651694155262
185,0.18810210281150058,0.7485105431977225,0.0031623975337018357,0.02846518404955738,0.031759772407517754
186,0.18479949379758806,0.626299614512797,0.007716096855919887,0.029537859664203723,0.1516469351694914
187,0.2888946425303036,0.5158201726173254,0.0077175850632889365,0.05948402108698885,0.12808357870209328
188,0.20704126430296452,0.6960973733090156,0.016467057538998204,0.02152557541096469,0.058868729438056905
189,0.09716070389899113,0.8821428402552245,0.006811825488921512,0.005834588320802704,0.00805004203606017
190,0.06154062293160243,0.9120867061013272,0.010554077401300661,0.006027658632734138,0.009790934933035577
191,0.06754406680454499,0.8936358044044541,0.015472553689774037,0.01629003977180867,0.0070575353294184025
192,0.1181801306842965,0.5542455758781717,0.010100913571823347,0.015646357268853103,0.30182702259685545
193,0.23212581202590432,0.6034347590053378,0.010194396005695836,0.14053019237339595,0.01371484058966597
194,0.07432431384526414,0.831816609280835,0.012849350005158857,0.06979534561248456,0.011214381256257547
195,0.29376675177489586,0.583660225511432,0.003335324489881872,0.09212205948340992,0.027115638740380275
196,0.17771347547722036,0.5325933099516387,0.0016180053550821265,0.23449524668109656,0.05357996253496222
197,0.13495739837614354,0.49876080938094464,0.0016693197093685696,0.3510979341500312,0.013514538383512189
198,0.2400369257283678,0.580293021620394,0.0008794270775912971,0.09482971651858478,0.08396090905506215
199,0.36340407971717326,0.2332488433233377,0.0007396252661798856,0.06474287572853177,0.3378645759647774
200,0.46546834018428856,0.1432276819778857,0.00034641489566851344,0.14894162758115526,0.24201593536100194
201,0.45970470157170773,0.42405733521465316,0.00032796353371624033,0.06871231460314636,0.04719768507677658
202,0.5950315538305803,0.24271307247858534,0.000302015427843401,0.10631660465248151,0.05563675361050964
203,0.19320953498232335,0.6953619146396272,0.0004986343280425647,0.10077758118503574,0.010152334864971347
204,0.04900586684383945,0.8720521212366552,0.00018813278863194814,0.0719360556886289,0.006817823442244438
205,0.16358804174737931,0.6843840030802503,0.0006034291424112154,0.11289914292758503,0.038525383102374126
206,0.11276010388298063,0.7798516799483954,0.0006685748662798334,0.09261844322897099,0.014101198073373263
207,0.07332353642655565,0.871234079273019,0.001070955150850089,0.046893092168521694,0.007478336981053599
208,0.06893416394486888,0.8871231401553887,0.0020271674200953477,0.029031393786272147,0.012884134693374719
209,0.06267164106141562,0.8914920921255758,0.002136052108001493,0.03373162696639188,0.009968587738615397
210,0.1807711103821736,0.7542034133035294,0.0004586504763999855,0.04706518033729088,0.017501645500606296
211,0.1839750892692719,0.6453833799520906,0.0007885522487392381,0.06090561314680848,0.10894736538308981
212,0.47655089471627915,0.4546401308841608,0.0005585450869313217,0.025741105407192197,0.04250932390543658
213,0.24539225110381074,0.6859108984514346,0.0013161361036502601,0.015475131418946396,0.05190558292215795
214,0.22875947353175127,0.7310243266265709,0.002637356703312722,0.00457046181873606,0.03300838131962899
215,0.4591911399319682,0.5230831088808332,0.0011973188357196818,0.007139902955420335,0.009388529396058524
216,0.020679095103684948,0.9718537220144116,0.0036624810192507342,0.0009009138857971235,0.0029037879768557097
217,0.042700884873995745,0.9328088145453107,0.008466372134338299,0.004801385295191283,0.011222543151163833
218,0.04994212704731706,0.9278277076044067,0.0061557055068559505,0.007169004586125465,0.008905455255294905
219,0.017032534041760382,0.9614898005797984,0.008218030242224334,0.00715814522949647,0.0061014899067206385
220,0.02247146504740075,0.9494164450804561,0.01050954253931188,0.01399050327308251,0.003612044059748845
221,0.037829241074116955,0.9062297778728173,0.01935605714685999,0.018035819462873227,0.018549104443332548
222,0.20281227697665524,0.6966765793365256,0.006098448675785122,0.08378507865835275,0.010627616352681122
223,0.06490215884862559,0.8705746059057968,0.013959561942314187,0.03815002520008264,0.012413648103180748
224,0.053259915466101364,0.9088639836561982,0.00406724545347261,0.012632256890769971,0.021176598533458064
225,0.07270076796885197,0.8911088986984174,0.008257668384094488,0.016470466368040275,0.011462198580595826
226,0.057211749193894094,0.9038433201635715,0.01205689839029198,0.01580429501502312,0.011083737237219508
227,0.064080101985397,0.9066392652887901,0.00549027282067903,0.015345584768361996,0.008444775136771769
228,0.0473555701615097,0.8560298786899481,0.011870174446968132,0.07518564008665606,0.00955873661491813
229,0.14017275261777437,0.646016221830282,0.00268585144690669,0.1863310341174172,0.02479413998761984
230,0.2244189564295846,0.544144769449045,0.0023224888210922083,0.1709490159052158,0.05816476939506238
231,0.2297178749015553,0.4801484112928876,0.0011741189494890003,0.2746272021405789,0.014332392715489275
232,0.1932013950757406,0.6695148085371962,0.0012496068099867566,0.12290856069746127,0.01312562887961522
233,0.30087165782698744,0.21443330499107044,0.0003035328983988192,0.46746250413975843,0.01692900014378474
234,0.016984925538340145,0.4256555154442964,0.0006965231498604307,0.5506823111426692,0.005980724724833811
235,0.11450319439181754,0.1833096326366966,0.0007206453915022163,0.24290546129327079,0.45856106628671295
236,0.07019135799104245,0.03565335444808654,0.00019419757282119796,0.19963684649135036,0.6943242434966995
237,0.01802586786428199,0.007525461587359796,8.276646162850255e-05,0.005412814925409857,0.9689530891613198
238,0.1945181669563725,0.010688464952691101,0.00014790505984962633,0.012193861589263444,0.7824516014418234
239,0.009643378465529621,0.0018193488001070012,1.7249650728576482e-05,0.003059233075707563,0.9854607900079272
240,0.02566493946669013,0.0013631787673555784,1.1528280933573666e-05,0.0026134837889590524,0.9703468696960615
241,0.18237453731816275,0.008858021732225793,2.767772106388091e-05,0.010350143849607564,0.79838961937894
242,0.02991458895053565,0.004134844056968004,1.1411100280110833e-05,0.005245679069881932,0.9606934768223343
243,0.001009539593937126,0.0010733927994779492,0.00015727843716067298,0.00015308860094969851,0.9976067005684746
244,0.002050865982289093,0.0012039681400877915,5.064970272008035e-05,0.00020173623083842305,0.9964927799440646
245,0.007278572819551367,0.0022785876528269708,0.0004612183084454888,0.0011800941489324714,0.9888015270702436
246,0.009621479781120641,0.0020137288711132716,2.358858307156464e-05,0.0015334643037129224,0.9868077384609816
247,0.0005560800027879275,0.0026719393443436264,5.828854556542026e-05,0.0002615810066262974,0.9964521111006767
248,0.0004206966300604728,0.0017314202627787736,2.73112700572154e-05,0.0001687616863910706,0.9976518101507125
249,0.0008051360619296677,0.006415803285845752,0.001636049657733488,0.0004365222486277913,0.9907064887458633
250,0.0018447714280730963,0.009631688479745945,0.0030787383496161842,0.000922776434418563,0.9845220253081461
251,0.001851611202935413,0.010572066544076551,0.002319424707650409,0.0005910249341975512,0.9846658726111401
252,0.0014537939228602924,0.012587229604045534,0.0015911125797124037,0.0009767248952473962,0.9833911389981344
253,0.0017105883019229787,0.005966498068416225,0.0028683031442101018,0.0009249778858585753,0.9885296325995921
254,0.06367500539850895,0.008886243674326912,0.18771505398355418,0.00366370383879046,0.7360599931048194
255,0.001467609594719636,0.000293031337135447,7.360701562418557e-05,0.0007655369350811543,0.9974002151174395
256,0.01462822716049995,0.000648276834866698,2.6412786854979262e-05,0.0006922751201643841,0.9840048080976139
257,0.011716162373161521,0.0009503474799170378,1.9948069953564676e-05,0.00518401095412265,0.9821295311228453
258,0.009461855671794134,0.005101069964276407,3.127519977764543e-05,0.0017498936002978993,0.983655905563854
259,0.029852012234952485,0.002123298970807691,8.831541460331386e-06,0.002485164778055043,0.9655306924747245
260,0.061883108756532114,0.002139988564788342,1.5511008718961142e-05,0.0029407300489599285,0.9330206616210007
261,0.5372518736244853,0.01494199335828682,5.5692795724748254e-05,0.03392622166452689,0.41382421855697615
262,0.645363933831763,0.041373231695433076,0.00022976851274392464,0.0793660530871775,0.23366701287288236
263,0.34165296045627186,0.1827757725471936,0.00024037445037131014,0.3176980037979912,0.1576328887481721
264,0.4152844279326148,0.11617232229419908,0.0005420784866901653,0.23867113415646687,0.22933003713002914
265,0.3003219678068556,0.17583544329853748,0.0002685398303766295,0.47919899995718873,0.04437504910704167
266,0.2925913653042876,0.15389263538594403,0.0005791131522340603,0.17456975321814636,0.37836713293938795
267,0.38037881251862204,0.37027741557561994,0.0004888029595526136,0.2228944256255692,0.025960543320636256
268,0.20826344469243455,0.6666032957555096,0.0020667941073834787,0.0478400688529429,0.07522639659172953
269,0.43178101559998566,0.3447459855205765,0.0005165730630865959,0.19860811356478966,0.024348312251561546
270,0.039135694678627805,0.9000588903590309,0.0006528350973311122,0.04375791434120033,0.016394665523809922
271,0.20838951963468985,0.6120079332574773,0.0009812238062744689,0.1653000353554491,0.013321287946109307
272,0.018492269575408154,0.955535122824802,0.0008748637419260367,0.023704229158940483,0.0013935146989232684
273,0.016329286173115493,0.9700818028729082,0.0002822836164884992,0.007673422765902627,0.005633204571585188
274,0.19536220568765503,0.680194764850467,0.0006268082926500234,0.09547028254045625,0.028345938628771584
275,0.05273790410963815,0.8975539803747061,0.0010929348541036457,0.00864159871481624,0.039973581946736066
276,0.2233427313270499,0.5014181642740823,0.0003550123376907242,0.02408370542113844,0.2508003866400387
277,0.1204662338454244,0.850402307455647,0.0006524579704021163,0.021167542948422734,0.007311457780103889
278,0.18066228691512834,0.6822187872280348,0.00025144423902204654,0.07085288914863715,0.06601459246917783
279,0.2558517335087414,0.31183932463750097,0.00021832984088714853,0.3131008368249355,0.11898977518793505
280,0.23853528682645178,0.3682297499010518,0.0003870850451439015,0.28065891569638995,0.11218896253096251
281,0.02018229292150129,0.02617815125453769,0.0006773748270207493,0.004904849289578163,0.9480573317073621
282,0.0062528256102652,0.0036026928681182494,0.0008795061288998582,0.0005858564779826543,0.9886791189147341
283,0.027323538867304365,0.0029694120481015586,5.4272625578566696e-05,0.0038956131329931846,0.9657571633260222
284,0.12090814550972022,0.006842131510195806,4.1162203561433094e-05,0.011329611230286338,0.8608789495462361
285,0.05481947815803869,0.004095351858930395,4.824412062506253e-05,0.0046043799273370895,0.9364325459350689
286,0.1069879113960063,0.005900776184705283,2.618243530739544e-05,0.020186509625791816,0.8668986203581892
287,0.6989973064058667,0.032946106744455333,7.169958801616501e-05,0.05140866027108102,0.21657622699058063
288,0.49551161613409134,0.21059707670183409,0.00016396114465045707,0.0805624108188247,0.21316493520059934
289,0.6310173286269098,0.028244930952196396,0.00010765017629323325,0.30195891651577894,0.038671173728821506
290,0.09910150406368658,0.09091060770290506,0.00013142401336198927,0.7982033205203802,0.011653143699666198
291,0.14208691582246696,0.08387939042523244,0.0001616433079568311,0.762025028556764,0.011847021887579827
292,0.06993323263140966,0.6874831113533068,0.0002485663050796496,0.2393070663328687,0.0030280233773352866
293,0.24400659168294123,0.35327732688645397,0.00047263534767142063,0.3844147128875383,0.017828733195395147
294,0.12894307292074625,0.6480451069598454,0.0006132311913385243,0.2099258876796586,0.01247270124841131
295,0.031241206346237834,0.8920235088113186,0.0012633487554706282,0.07150878228171378,0.003963153805259141
296,0.26485622066765013,0.46906124406591215,0.00045278734800754006,0.24677101992343617,0.01885872799499412
297,0.014939096524528725,0.9654341974452376,0.0014351332204737518,0.01687536382062145,0.0013162089891382643
298,0.16443366135314563,0.6691485641433843,0.0016196720951100305,0.0844255352151615,0.08037256719319863
299,0.06247148370812051,0.8880791569673594,0.0008910990947134677,0.04510282224192561,0.003455437987881203
300,0.29922038381396465,0.47341027968406657,0.0006961842908251796,0.19397273235253643,0.032700419858607235
301,0.15102148257808753,0.7225585152068783,0.0006037660195725854,0.1185450238285941,0.007271212366867544
302,0.0920790824713569,0.7745409583131316,0.0008284558151650984,0.12262007013965379,0.009931433260692485
303,0.039699653889390896,0.8737013232793124,0.0004324143844913774,0.0832625590382971,0.002904049408508114
304,0.04465269775452507,0.8774209007335422,0.001422647866400081,0.07193132408794889,0.004572429557583733
305,0.03264571705652772,0.9386655067512661,0.003574666145008811,0.015149193405438148,0.00996491664175931
306,0.21182241890663012,0.2705922043222102,0.0016161204252678949,0.12869121518249474,0.3872780411633971
307,0.19665783473578946,0.5934545949335274,0.0010481139868848144,0.17899577183991947,0.029843684503878847
308,0.09585891845697336,0.8050527389738937,0.0020916231268861504,0.027521987706449518,0.06947473173579735
309,0.26603940904933526,0.1590645725551634,0.0003928262718215352,0.13936888902932437,0.4351343030943555
310,0.271238054640329,0.2286841276635003,0.0003091201175209636,0.13439760259808253,0.36537109498056713
311,0.01802504378263197,0.0622238155573241,0.017763729166353413,0.004102068877132527,0.897885342616558
312,0.014933863041327444,0.012513091954342899,0.0041696823506128565,0.0005287996726712761,0.9678545629810456
313,0.2620238529736089,0.008989561452479713,0.00018013254991559467,0.0027852446482343695,0.7260212083757613
314,0.541334117375138,0.011678434766191261,0.00010237075742977051,0.0022823412860500376,0.4446027358151909
315,0.5772211178921693,0.036479023436025715,0.0006250625723864967,0.004517655377748551,0.38115714072166984
316,0.5555698926629464,0.20390743145550366,0.0008636356127896298,0.09040874648112356,0.14925029378763663
317,0.43743944069960145,0.4681955744043846,0.001592137187386857,0.07438183858097046,0.018391009127656753
318,0.08951767828004588,0.8314572325835281,0.0009768133179886278,0.07051207879297738,0.007536197025459836
319,0.10948954095665321,0.4164859300647539,0.0003341074259308207,0.45904802943622136,0.014642392116440675
320,0.01852432566621819,0.8695800909447415,0.0006379362964429336,0.10238620638259827,0.008871440709998948
321,0.07430973943375174,0.7311330415986176,0.0014574471422096565,0.18085685734731105,0.01224291447810988
322,0.09542715966278276,0.713443489904006,0.0009271414051443792,0.1739508451086057,0.016251363919461203
323,0.11807835274276123,0.3129935042103783,0.000625742783610793,0.5546914333745736,0.013610966888676058
324,0.1321331624789521,0.4110058494501482,0.0005714729642710589,0.4452148302174801,0.011074684889148579
325,0.18667827625243907,0.6338301283377834,0.0005430711079424168,0.10486709740959187,0.07408142689224338
326,0.36776154397889455,0.4742233059910439,0.0008018738361050293,0.09895862358854944,0.058254652605406965
327,0.12258090554973919,0.7887336697256921,0.0011727778819400705,0.07784115981894842,0.009671487023679941
328,0.2113382715526028,0.5180193505998189,0.0017540902563128373,0.2094454181759359,0.05944286941532965
329,0.1553102073516658,0.4457207262058198,0.0014262949462975163,0.17485524487148327,0.22268752662473354
330,0.16961135980932043,0.17650047449791628,0.00036845851818978107,0.11589853094196462,0.537621176232609
331,0.04869701902333812,0.041802073656123255,0.0008186258037403044,0.00958901390327171,0.8990932676135266
332,0.02390476280874751,0.04887644286789462,0.0030029446860618974,0.0063747383647129304,0.917841111272583
333,0.2058425492239061,0.013590907896489575,7.144986127513163e-05,0.0019867489470499064,0.7785083440712792
334,0.2936813969859754,0.023920000769726887,0.0006873736594101574,0.0051563394572669945,0.6765548891276205
335,0.07734729852331561,0.027589022470230217,0.00048317406049523903,0.0049137414789110385,0.8896667634670479
336,0.09018412773844187,0.1548624373415462,0.0006247506754531398,0.016837628164110545,0.7374910560804483
337,0.23568791427977565,0.3072146330227508,0.00045875420987154925,0.025059607926120768,0.4315790905614811
338,0.1555455951120531,0.25763260515530234,0.0016782597234497743,0.022511454792176335,0.5626320852170185
339,0.1305374979878382,0.3334414470636517,0.0008077216517152141,0.01398775817087261,0.5212255751259223
340,0.15626598601387778,0.26569034368136746,0.0012519073921709936,0.11659414013323492,0.46019762277934867
341,0.10106542680318603,0.2414378946842411,0.00047487553626245,0.05870460765112705,0.5983171953251833
342,0.0915025876781623,0.09032089290690742,0.0006598644152348045,0.15708067015086316,0.6604359848488323
343,0.14022631860462295,0.1294008849182504,0.0011725536579361019,0.038165942856753905,0.6910342999624366
344,0.24067357089220687,0.053334875211995286,0.00044597884244022276,0.05457066269244465,0.6509749123609131
345,0.06277089863955003,0.037215244048910696,0.0008557090834102257,0.031228995163242255,0.8679291530648867
346,0.038607842517501476,0.01085971877838295,0.00032367588228759356,0.006439563082417512,0.9437691997394105
347,0.056073233328013894,0.019415459418608193,0.000269647123464295,0.021633939645973585,0.90260772048394
348,0.16771504339414375,0.01177785606688215,0.0002762448727704829,0.04035411440720174,0.779876741259002
349,0.10196254802292343,0.01911582350775372,0.00013591736052316532,0.035838222036976244,0.8429474890718236
350,0.034518631756198875,0.022717600095548785,9.58675859216761e-05,0.03877784790874073,0.9038900526535899
351,0.22989361291145996,0.1272703407362141,0.00017769069924138023,0.27882230584379386,0.3638360498092908
352,0.2584936878932183,0.12575090408269876,0.00012322261724614255,0.3230583826125499,0.29257380279428685
353,0.09675710538127436,0.03462947345847313,0.00013114318995538566,0.11765336178910964,0.7508289161811875
354,0.1679995166638906,0.018373000881297702,0.00014231594824251834,0.17938667292158003,0.6340984935849892
355,0.19178572340927874,0.021446382633128362,0.0002676463353999904,0.11541605188901294,0.67108419573318
356,0.21613509483236581,0.04013671420209329,0.00020401971519491918,0.05888222748486863,0.6846419437654774
357,0.48054121767388636,0.12212614827927282,0.00023465695441909806,0.15153492299171428,0.24556305410070753
358,0.3779064704074169,0.1530842668516623,0.0006261165334308075,0.10699015602817745,0.36139299017931253
359,0.1847288297201408,0.35549751837934407,0.0006055036512192341,0.12000850737334101,0.33915964087595485
360,0.2511604654155108,0.11741180235984139,0.0016825483017813962,0.15526240671680988,0.4744827772060566
361,0.5212163180868377,0.11688209233308108,0.0004441632815494099,0.06910534393691324,0.29235208236161864
362,0.19565572900862505,0.1068247224918878,0.000762312336914275,0.03844764892438353,0.6583095872381892
363,0.5591345730572396,0.14284934668090046,0.00034155981449896254,0.040768727588840356,0.2569057928585206
364,0.4323569579448229,0.33332378865788787,0.00043940937782451867,0.03328494531621388,0.200594898703251
365,0.32263929110823625,0.21644376063214396,0.0005872682667753863,0.11794616019017515,0.3423835198026692
366,0.22816626506412213,0.14842910852139105,0.0007805873012738747,0.25645275562775177,0.3661712834854612
367,0.09240030007184702,0.04639687993214415,0.002699948051669674,0.058604546657736574,0.7998983252866025
368,0.1480727758903764,0.018459966114576124,0.0002028973379081954,0.051919467905279355,0.7813448927518598
369,0.014856455088655705,0.007914703615625879,0.0003816544382835157,0.004801016020930035,0.9720461708365049
370,0.02198261961038779,0.029853172125562783,0.0036840192774509873,0.010089070223004296,0.9343911187635942
371,0.021721981440707035,0.004210489733479371,8.055100373241779e-05,0.004909849758164891,0.9690771280639163
372,0.12403592631061872,0.016956002262148055,6.673596641048029e-05,0.0060266481340261495,0.8529146873267966
373,0.02984698295898445,0.01025040406449916,0.0001446154866064771,0.008989065083623071,0.9507689324062868
374,0.3364543983434485,0.006388910349017063,0.00021410342331082137,0.007091690860283971,0.6498508970239398
375,0.413827688999889,0.013939464016760291,0.00012691567777107078,0.02631602128231354,0.545789910023266
376,0.6174219810961343,0.0168778721663783,8.570084164409456e-05,0.021833919850675162,0.34378052604516823
