epoch,N1,N2,N3,R,W
0,0.00026551856572674514,0.00023658744217181817,1.3578323029799085e-05,0.0006556505216001139,0.9988286651474716
1,0.00379424327993336,0.00025226692633847567,8.233459547470292e-06,0.0002539366873268832,0.9956913196468538
2,0.005514758938555629,0.00038976366176703267,1.078025695888096e-05,0.0002872049633491982,0.9937974921793693
3,0.009091633996727964,0.0004375969087373973,1.2666418576171144e-05,0.00037266723574317566,0.9900854354402153
4,0.19453719787865906,0.005241424623040961,5.6683630173195655e-05,0.0014965394471969347,0.79866815442093
5,0.7770071579410993,0.007484999311364699,5.492502718145941e-05,0.0005791767525358665,0.21487374096781867
6,0.7094383169366169,0.1373518366333859,0.0008008276871739282,0.0006471790876779781,0.15176183965514511
7,0.06287740539656339,0.742421972527487,0.01374763683254051,0.00023054136009398288,0.18072244388331488
8,0.1586163671929655,0.7307090089431503,0.0029592074459950336,0.003274798041583963,0.10444061837630514
9,0.25904134200675544,0.5378457277245138,0.01798109794550758,0.005523046952624968,0.1796087853705982
10,0.06219723558755636,0.8241448627273257,0.01805658569575576,0.002493744898731177,0.09310757109063086
11,0.14710194894665277,0.7716687515827282,0.023550784768718188,0.005042154258481734,0.05263636044341913
12,0.11413328327093501,0.7947226869139199,0.017112771615916116,0.004414450176105545,0.0696168080231233
13,0.08289978670426466,0.8753105945262991,0.010056743564091173,0.001123068451709945,0.030609806753634967
14,0.04162869808552085,0.9253766045619762,0.014723579738952174,0.0012729764359542483,0.016998141177596383
15,0.1509141117921022,0.8143403940410624,0.008074541696759044,0.0022173518047378955,0.024453600665338478
16,0.04434217630318703,0.8802756200823676,0.03680136872254996,0.0007489404462839586,0.03783189444561125
17,0.10577338262994491,0.840435992243302,0.012749194171356342,0.0025356465529600587,0.03850578440243651
18,0.03050975620193385,0.8891485276587971,0.03679458976329715,0.0005075536011940352,0.04303957277477764
19,0.037894623043369116,0.8427379504343834,0.054507789171273906,0.0014263978776960081,0.0634332394732775
20,0.1924808903923291,0.745739090732605,0.02019350206987765,0.0025225089460213,0.03906400785916694
21,0.14802389325366413,0.8001332261647811,0.018775105462349843,0.0020224938619884205,0.031045281257216537
22,0.028984092709401835,0.9092006507849621,0.03660531406910403,0.0007737621100846441,0.024436180326447433
23,0.05358949059856843,0.900189527297024,0.030154372634694646,0.0010100193596836067,0.015056590110029373
24,0.03488948198491684,0.9007240482403468,0.04180002162218022,0.0009018079510039497,0.02168464020155238
25,0.07868442623011387,0.8758409109463083,0.025036728774090203,0.0008029655551982323,0.01963496849428947
26,0.015390867241554002,0.8101679229901926,0.1464258330513578,0.000391672381302852,0.027623704335592695
27,0.048982579592661814,0.8911588436368553,0.03434978786321909,0.0007254295985253188,0.024783359308738557
28,0.1388963805661052,0.7573560435504978,0.0035810416378185645,0.0011048945848516345,0.0990616396607269
29,0.22664881438453133,0.7439771527356844,0.008272445412554293,0.0009630151091668766,0.02013857235806293
30,0.0666081176041656,0.9082776568971167,0.016307996685665013,0.00012819182777228298,0.00867803698528026
31,0.07541192334330318,0.887578571912414,0.019081600198541812,0.0002270284745337938,0.017700876071207385
32,0.019477182089213365,0.9074743547044756,0.057738051794245605,0.00023669197772905923,0.01507371943433637
33,0.014271557496566781,0.8829257053808247,0.07980329754666075,0.000920660260441626,0.022078779315506003
34,0.019211336981874428,0.8510471108526264,0.09304319049754835,0.0010915845793108962,0.03560677708863982
35,0.004878665623884827,0.838245764783077,0.12401625626624262,0.0008400003870833536,0.03201931293971227
36,0.031031148796273514,0.8489449632075731,0.08568640229775276,0.0022965350100428803,0.0320409506883577
37,0.024970381125564677,0.7127323403651538,0.1790753680985437,0.001213004764133985,0.08200890564660378
38,0.17658233259629239,0.7163070226324795,0.02510069652486989,0.003074295307276149,0.07893565293908197
39,0.016201193378163035,0.6032943806467602,0.33605795824023166,0.0005013681262632505,0.04394509960858188
40,0.04398473984786326,0.8881991608482622,0.04434473468906667,0.0008718412344729478,0.0225995233803352
41,0.005629564977643597,0.7485405709837278,0.22958204198534748,0.000336276438709256,0.015911545614571896
42,0.005804516814146495,0.8170866705065857,0.1563783855801084,0.0006019071827830568,0.020128519916376333
43,0.0010834447356838604,0.5393801368878235,0.4511083240816161,0.0001303897506993712,0.008297704544177224
44,0.0023721817862843346,0.7529410113860975,0.20983322581926062,0.0003886263869290585,0.03446495462142849
45,0.000978690063602067,0.5293281634739715,0.45580094122956916,0.00016994714476778155,0.013722258088089457
46,0.0013378201425546562,0.6733845792864942,0.2868531403813522,0.0002648713132929085,0.03815958887630603
47,0.0016212316818854182,0.6113761093900326,0.37205866660132314,0.0002972155757799197,0.01464677675097883
48,0.0013794425589432847,0.6578297215534915,0.32596751995632806,0.0004869233277181919,0.014336392603519054
49,0.000488530538549273,0.5247735147812665,0.4629246224642895,0.00032274902262281524,0.011490583193271944
50,0.0009496618444607943,0.5324843747857619,0.45549116341757145,0.00040017858103173233,0.010674621371174062
51,0.0027302278412634517,0.600747161508563,0.38006180452904637,0.0004896103577839964,0.0159711957633433
52,0.01958321821426324,0.7981764115016603,0.15750806107225945,0.0013365452479476034,0.023395763963869304
53,0.3007712650157915,0.556572490644335,0.0055564023507649165,0.0257835994166866,0.11131624257242198
54,0.04550101663172972,0.9079287284862191,0.03352197349497334,0.0008125311266067556,0.012235750260471315
55,0.03278791149709885,0.8469682517406699,0.11072427220680736,0.0002655120375281536,0.009254052517895796
56,0.013746165936550314,0.8595382246764102,0.11590206835192174,0.0003500394569836387,0.010463501578134003
57,0.01474582671100086,0.8233923420796587,0.14450694163264308,0.0010919534404099094,0.016262936136287202
58,0.010852794122853532,0.7556871831448787,0.19654373498618535,0.000931504253893878,0.03598478349218846
59,0.003779936186236797,0.7638497370745289,0.22185270458348752,0.0006198172842348868,0.009897804871511968
60,0.016902927477970408,0.7369889463492688,0.21111540664120365,0.0011413060220524032,0.033851413509504706
61,0.004869710742064013,0.7563588488694316,0.2168949298011967,0.0009930895643519041,0.020883421022955796
62,0.03696292131924561,0.8078504056938889,0.12960622892616785,0.0036706995378319035,0.02190974452286573
63,0.005377835087001333,0.5207824693586818,0.4485800331377298,0.0006943634749634795,0.024565298941623563
64,0.01848669915681352,0.6812138404415425,0.22422971396217745,0.005747787496875309,0.07032195894259118
65,0.011100419011310427,0.5942897253389524,0.3445134147474529,0.0037970734721126794,0.046299367430171545
66,0.037194745242650824,0.6421066443268784,0.1878039536130549,0.009154373387920016,0.12374028342949585
67,0.007035503727733265,0.007182693015466203,1.334679326550389e-05,0.000809333763216458,0.9849591227003186
68,0.24077067022254758,0.03358710605329558,5.1802969041821676e-05,0.019381862691915306,0.7062085580631997
69,0.8575230110435343,0.07828429018096432,7.96113918720742e-05,0.002689584679940677,0.061423502703688536
70,0.6237595554028789,0.307542261820754,0.00013003055039318028,0.003349502552023617,0.06521864967395033
71,0.7307549776461745,0.19581541893139168,0.0001612479975715726,0.012089394615747403,0.061178960809114814
72,0.485037571428679,0.4466017591982669,0.0010592941564023278,0.014707308245914395,0.052594066970737395
73,0.15081007327722526,0.794395620316237,0.004584341150912986,0.005340694052278039,0.04486927120334677
74,0.16611901401812673,0.7769822672062453,0.009469830046068016,0.014811035976147488,0.032617852753412634
75,0.027828018259560456,0.8455023970943136,0.1054342184551317,0.002114078519102319,0.01912128767189163
76,0.051781036228070274,0.8836630816767115,0.032382131731739275,0.007087411199109986,0.02508633916436895
77,0.0709170235956387,0.8153641418896527,0.07100636615558074,0.011236642452529548,0.03147582590659806
78,0.02207201698977648,0.7967812156958134,0.16767330540834444,0.0018332871446493945,0.011640174761416114
79,0.06553513227476807,0.8463837086042753,0.07383901283167761,0.0017966270090142252,0.012445519280264637
80,0.005352851959987125,0.5022529933577422,0.4824750902924956,0.0005340712157687721,0.009384993174006205
81,0.018243260128665256,0.7892007515548718,0.1762944232923888,0.003593291477637092,0.012668273546437084
82,0.005188257760991539,0.5920126357149667,0.3910674965276167,0.0020010204225095153,0.00973058957391564
83,0.0011544417341636049,0.25663133095746754,0.7336834609556967,0.0002559874657198272,0.008274778886952324
84,0.002969854413064866,0.5254795193437565,0.45871408119830553,0.0007164874058341716,0.012120057639038897
85,0.002661653156407903,0.6272742805097454,0.35863366647061284,0.00048485383650045835,0.010945546026733343
86,0.0013068143446345248,0.5118661023559099,0.4779834494928131,0.0009897374394935365,0.00785389636714901
87,0.003428992880866522,0.6444759179557162,0.3359288343326673,0.0020191485262031077,0.014147106304546932
88,0.0006644973529708277,0.15085698488519678,0.8432184914329016,0.00025945466380373377,0.005000571665127073
89,0.0030991666528295313,0.6105280520110791,0.377798571523025,0.0012570708804584922,0.00731713893260791
90,0.03827136600364406,0.867945085488199,0.06613311552893676,0.0065667729447395976,0.0210836600344805
91,0.18674048065434193,0.6993965088450973,0.08200110019286302,0.015988773203334448,0.01587313710436327
92,0.0047381758579238915,0.7775459041384455,0.20867442379274267,0.0008734172575262378,0.00816807895336172
93,0.035536914555118,0.9039132494045984,0.05344845414257394,0.0021038186719571895,0.004997563225752582
94,0.005062724586708925,0.7473233489548886,0.23871472376403485,0.0006066577532428832,0.008292544941124533
95,0.016270973180060162,0.8548372247739782,0.11030141370872751,0.0023294768030797356,0.016260911534154522
96,0.007121064463515482,0.7876898355148433,0.19950480218126285,0.0011167661835568617,0.004567531656821773
97,0.0011826553993124422,0.6130533781778641,0.3809052886092652,0.0006144545804415197,0.00424422323311667
98,0.0012148905847333045,0.3905368435789848,0.6028993456931296,0.00025116256612009474,0.005097757577032039
99,0.001805856425333618,0.648491077967382,0.33971365189902614,0.0008593985332038417,0.00913001517505434
100,0.0022070032575153883,0.5970054574932736,0.3872456678929636,0.0019090364332653496,0.011632834922981998
101,0.0013578440952227956,0.500145786625766,0.4853983533780986,0.0010000757761903648,0.012097940124722244
102,0.0022623068049152026,0.6405182192346821,0.338278149320357,0.0012323061909058526,0.01770901844913997
103,0.0029244096188089006,0.7657836833614124,0.21760795143370423,0.002366618977239319,0.01131733660883519
104,0.0024286454558735395,0.5250852567702018,0.46142735330148293,0.0010818675458555552,0.009976876926586156
105,0.1509071859275498,0.7271790282461841,0.023202416270620637,0.02115604966960236,0.07755531988604325
106,0.20415377239340243,0.7349757526083267,0.009528177449490001,0.01805793976832265,0.03328435778045838
107,0.07330022813954755,0.8943782028244777,0.015661344451884728,0.0051811289398054515,0.011479095644284655
108,0.10128750916603133,0.8561650495538502,0.011861150753495177,0.0067375388715039,0.023948751655119532
109,0.2561636040551313,0.6701632411859815,0.003886346721982646,0.013801527371719465,0.05598528066518505
110,0.2525466084721753,0.6999389986051177,0.004203994049863722,0.006980893629468111,0.036329505243375255
111,0.07813738064864711,0.8996567726123138,0.0056154080038448885,0.0030516247868897315,0.013538813948304387
112,0.12092755674424957,0.8549756645812782,0.004750406440190668,0.0037767355849468985,0.015569636649334813
113,0.07515246387079827,0.901238293401452,0.006875642543387832,0.004403015950869252,0.012330584233492693
114,0.08561134849165258,0.8971347305292107,0.00528445466268975,0.004429671920573814,0.00753979439587334
115,0.04191186853978859,0.9352373238767814,0.005699505389243866,0.003952020240609451,0.013199281953576794
116,0.06132909621936003,0.9088410010425902,0.011664991152438648,0.008922900327644766,0.009242011257966387
117,0.0578369776992102,0.9160498487332167,0.012936057082826385,0.006505554929321909,0.006671561555424826
118,0.08624563301932571,0.8846313764595678,0.008037112943727739,0.014101687205875164,0.006984190371503661
119,0.09122489208246012,0.8762930995432122,0.013139755324103572,0.009738562687371092,0.009603690362853082
120,0.039556989353742564,0.9429741622943004,0.009335394411256338,0.0032230115554481107,0.004910442385252665
121,0.06596249842017751,0.9105286875457964,0.01219153789074956,0.004147663488091536,0.007169612655185037
122,0.18184129271498078,0.769945172819627,0.014501983892171083,0.014674627147181612,0.019036923426039513
123,0.0222101302971592,0.9475998042709579,0.012617621504459093,0.008386422037124799,0.009186021890299217
124,0.06552938464352143,0.8371986229975479,0.043750025676428224,0.028793293674247163,0.024728673008255327
125,0.06523608568829999,0.768212769397049,0.04184817862119592,0.06103088192531621,0.06367208436813886
126,0.0617335652271406,0.8047714850136303,0.006400079470314018,0.08624309073492568,0.040851779553989415
127,0.1776102264186043,0.28285933080640735,0.0006041573838832866,0.4328169720318237,0.10610931335928127
128,0.1799136313011047,0.3238258840069155,0.00013820097616537222,0.31396181499274967,0.18216046872306477
129,0.18547094258736288,0.0514614775564363,5.536579119631839e-05,0.5546999357369989,0.20831227832800564
130,0.06013037095660719,0.010739200870834147,1.945473010333103e-05,0.15924619656005612,0.7698647768823992
131,0.2286360267978853,0.047127565884122744,3.4238919674095525e-05,0.5148391272447592,0.20936304115355878
132,0.16825832906555013,0.08804067177402247,3.150051621230589e-05,0.5735954624915437,0.17007403615267147
133,0.05067388929352139,0.00986672414526019,1.791368218325991e-05,0.3165502220972673,0.622891250781768
134,0.07896424295188416,0.01019581437685302,1.83209661361253e-05,0.5299309627471631,0.3808906589579635
135,0.15199095093527443,0.0070171553152203895,2.908828890665032e-05,0.6462779417785623,0.19468486368203616
136,0.2652781097891215,0.005312333874585047,5.219786104542815e-05,0.329121682450197,0.400235676025051
137,0.062164670078647816,0.007732949898257332,3.71100670537601e-05,0.2553482572368846,0.6747170127191565
138,0.08082648677077216,0.0056350023654745856,8.075824448099608e-06,0.17852522353447958,0.7350052115048256
139,0.24468184624360148,0.008268047079363537,3.400937170825846e-05,0.4244885976360852,0.3225274996692415
140,0.1687938664820925,0.00498480117550769,3.312895008077694e-05,0.1383062206914689,0.6878819827008501
141,0.16832735577723065,0.013070874605054744,6.066451730746955e-05,0.602876535376281,0.2156645697241261
142,0.016841697915090253,0.002655747906734614,6.484750147335305e-06,0.21062742387572733,0.7698686455523004
143,0.0764912436337473,0.004578547411764226,8.062361999365756e-06,0.4183287471633819,0.5005933994291072
144,0.20844451872082925,0.008507409594407952,1.7257104903946747e-05,0.5199666395754071,0.2630641750044517
145,0.2633703056317739,0.007845192182219969,9.622839773476166e-05,0.2646605649660337,0.4640277088222377
146,0.01481176078570036,0.0015542416770730194,8.201891508262903e-06,0.03694631151437553,0.9466794841313427
147,0.10998112838440396,0.01042803682164321,4.42777237462825e-05,0.1385339051161436,0.7410126519540629
148,0.144558718694564,0.012839476766252196,8.388987136875827e-06,0.155514877779172,0.687078537772875
149,0.04101720223681317,0.002983875944291219,5.288597610777572e-06,0.05842486006184985,0.8975687731594351
150,0.10167348720248745,0.01587019918032223,9.669520161596267e-06,0.4959122526205419,0.3865343914764869
151,0.019604891265763313,0.0023733604381376864,6.058261738052587e-06,0.08604373912560771,0.8919719509087533
152,0.3664836612435473,0.011175360746846866,4.2594197323788974e-05,0.24709427933039282,0.3752041044818892
153,0.12148121749972876,0.02439933002647594,1.6647249729056758e-05,0.19822571013164098,0.6558770950924252
154,0.1826207637507816,0.020028182486940892,2.370912374298422e-05,0.5520539033353212,0.24527344130321324
155,0.09685083230943053,0.017926642053531765,4.874258914342646e-06,0.7582722712813336,0.1269453800967899
156,0.09105545459670791,0.01842625629818867,1.2166529581492559e-05,0.7176344305905511,0.172871691984971
157,0.15350009502401293,0.008453543654335205,1.7705046702025535e-05,0.6178897214643905,0.22013893481055935
158,0.06254665238202896,0.002930027875184312,8.491996333030426e-06,0.19384698208962206,0.7406678456568316
159,0.22960803498267807,0.009704625878782609,2.6976458026389437e-05,0.2520843383932219,0.5085760242872911
160,0.25024660430282014,0.013092046807732936,7.064958727974667e-06,0.3432722109098218,0.3933820730208972
161,0.012458878821085791,0.001637343852806778,1.304931307778712e-06,0.04130072836495652,0.9446017440298432
162,0.27835313453632266,0.005402445997247135,1.150156378299982e-05,0.26449983658152226,0.45173308132112494
163,0.18867617036794565,0.01167638304895533,1.5371505096799386e-05,0.39226360075217637,0.40736847432582585
164,0.013728161261959445,0.0010279755048753728,2.9720398915754797e-06,0.022048050730066607,0.9631928404632071
165,0.1896595168344454,0.01400183179076989,8.957576652470451e-06,0.4218512244517989,0.3744784693463334
166,0.11116528612226496,0.00627571264331089,6.3975995872327255e-06,0.21058910782797408,0.6719634958068628
167,0.05876338549595026,0.007280728400004905,7.008698137377952e-06,0.09123545572143578,0.8427134216844716
168,0.003170733976761365,0.0012444539099309786,2.322850384427559e-06,0.002839693682378953,0.9927427955805442
169,0.006592482895085986,0.001067122219161637,1.6121975967458163e-06,0.003617592863578421,0.9887211898245771
170,0.2524059399706439,0.0123119936264889,5.009824741493783e-05,0.1663395779972623,0.5688923901581899
171,0.3856367941074647,0.19904078148164575,9.149734359522421e-05,0.28655875232663547,0.12867217474065873
172,0.061141679890265324,0.09433727129768558,5.487293144210199e-05,0.7815683073324332,0.06289786854817372
173,0.051109204746524556,0.2800470549881896,0.00027766059874407087,0.6201902232298304,0.04837585643671149
174,0.05804734481246173,0.07478302456784992,4.868533685830606e-05,0.6409755156200806,0.22614542966274936
175,0.05740639629295942,0.012224270105616485,2.1515250000405102e-05,0.32134581332704176,0.6090020050243818
176,0.1591989576581152,0.009555504802673306,1.4577186259964418e-05,0.2335346946623091,0.5976962656906424
177,0.5315590093386626,0.039374177517808466,1.6054136109268515e-05,0.2612655821567581,0.1677851768506615
178,0.3103317824003172,0.2649435501023206,0.00016849311183834962,0.30591122852848457,0.1186449458570391
179,0.24020035830146771,0.04588143200043282,3.1376741814832e-05,0.6850836003511737,0.028803232605111
180,0.1407583312721223,0.25776116013251205,6.296896004339894e-05,0.5276840952542164,0.07373344438110586
181,0.09342624660742489,0.44758258826877717,0.00021858028224329014,0.4431628633180651,0.015609721523489616
182,0.07990231858354568,0.7566986004733182,9.721630753455961e-05,0.13396921782692614,0.02933264680867529
183,0.08530547314380563,0.706335678823249,0.00018731889612957553,0.19744490362461461,0.010726625512201245
184,0.20607869034445067,0.3295963669590145,0.00010554207128094599,0.4196770026125715,0.04454239801268235
185,0.11310153828836317,0.7716450846435323,0.00017408403031668218,0.10449677211648709,0.01058252092130075
186,0.12825482364001986,0.6892950522286317,0.000610654723032045,0.1719871301457845,0.009852339262531904
187,0.0567153192789484,0.8649022459196927,0.0005928497575682508,0.07079197311713474,0.006997611926656092
188,0.35836408798523767,0.2889371520639126,0.00023201235707730658,0.2870034728109101,0.06546327478286236
189,0.225438234620115,0.5335949847457165,0.001479379353812941,0.21529990014540742,0.024187501134948084
190,0.022105816772295298,0.955390346419398,0.0035222531157767458,0.007070820836567613,0.011910762855962315
191,0.32896339234852107,0.5790157671254097,0.0015408729068232244,0.06930946323449283,0.021170504384753087
192,0.21336037599047228,0.6341280129796164,0.0009783653035109145,0.12041690477092017,0.03111634095548017
193,0.26909837992323155,0.5602259631876927,0.0018507248871640516,0.13755760230516173,0.031267329696750036
194,0.28609847976699915,0.5234041906416657,0.001235010639847739,0.16193841016791527,0.02732390878357218
195,0.28957943936063385,0.533862723289502,0.00071862879779821,0.14791163256049752,0.027927575991568476
196,0.10500877858355757,0.8447326441589296,0.0026167911801802035,0.029840545955811492,0.01780124012152106
197,0.09359573707731622,0.8349613626426472,0.0030745029334795695,0.059266829781256004,0.009101567565301031
198,0.33054239855015266,0.5507394136558978,0.002513651351131408,0.0985351027127282,0.017669433730090063
199,0.11245075386536123,0.855175482167004,0.004353606387031509,0.017648836593407633,0.010371320987195582
200,0.21801398963537444,0.6787439397443299,0.0035914114208497753,0.08880848736921192,0.010842171830234115
201,0.10227091399914782,0.858588458539329,0.006741856730759175,0.019233506721872514,0.013165264008891425
202,0.1051517187743723,0.8786800288659369,0.003934769997752748,0.005761448409510415,0.006472033952427659
203,0.08856160813815758,0.8927793187868136,0.004564385835837734,0.0034120560591794115,0.010682631180011701
204,0.17078825669625755,0.7983434311289956,0.008722181270477926,0.011264221023743514,0.010881909880525432
205,0.33469430189773713,0.6128460379849241,0.008132257366270977,0.0104778248296091,0.03384957792145869
206,0.19043524855715074,0.7782138094602892,0.008816325197199406,0.012370539087577756,0.010164077697783115
207,0.18296613419043287,0.7820006330980501,0.017371538279927337,0.011247876759773522,0.006413817671816115
208,0.04030627189508914,0.8612867679715303,0.08209799392275467,0.0026025055402165756,0.013706460670409395
209,0.013657276377530224,0.8912630381591022,0.08677265493905553,0.0025516331391051456,0.005755397385206955
210,0.027751020964160027,0.8741264663040237,0.08536785786357558,0.004772417558185444,0.007982237310055377
211,0.00799400621813619,0.8234888691378928,0.15889012839464733,0.0028656723822000447,0.006761323867123639
212,0.005404471111992249,0.8756050397215895,0.107507939053968,0.0034255337102512594,0.008057016402198936
213,0.028921091395503647,0.8341719500417825,0.12441740864593971,0.004056833844143588,0.008432716072630702
214,0.0044555202599733095,0.7580542101814916,0.2269916611933705,0.002299649960089249,0.008198958405075188
215,0.007310991725336096,0.7652140950485686,0.21735875332078902,0.0036973958667732196,0.006418764038532925
216,0.012010772354666572,0.8734815665849772,0.10103007335757236,0.005732001700855396,0.007745586001928622
217,0.049132601300614566,0.850511661552214,0.0792702858826226,0.012817468333160005,0.008267982931388921
218,0.21887294586976605,0.6946320599175897,0.039683262336932285,0.011305327600637885,0.03550640427507402
219,0.05333480547489307,0.8648790477527125,0.06731268390397462,0.0034932827161844315,0.01098018015223553
220,0.07986008144710341,0.8432971253171433,0.0685488278178369,0.0026630229818644644,0.005630942436052001
221,0.042283449570263476,0.8962958174668176,0.054047425538611124,0.0026911588764211582,0.004682148547886386
222,0.003780126817842207,0.7070394777530549,0.28381502932849567,0.000734984170230206,0.00463038193037695
223,0.005976887711312321,0.6892423493721329,0.29618473304414067,0.002774434621349162,0.005821595251065027
224,0.0033721363731304753,0.5761201972009317,0.412941177649033,0.0015805636839436028,0.005985925092961225
225,0.006201680419606866,0.3436276744044615,0.6421082488715805,0.0017197576258366379,0.0063426386785145
226,0.005130076604890642,0.5647698568662205,0.4211315696757179,0.0016971054288132121,0.007271391424357665
227,0.010017844932007969,0.47502585299359307,0.5011557625790073,0.0023598655896746278,0.011440673905717057
228,0.0022855017940948113,0.3993268280397219,0.5927854659552219,0.0011967366410969862,0.004405467569864428
229,0.00441332781468986,0.5205283450146588,0.46221062222836473,0.0022770318317743257,0.010570673110512258
230,0.05314804770534587,0.7870910344909863,0.13334185400321724,0.011721605779508447,0.014697458020942083
231,0.0066261939746048585,0.6947191511828911,0.29078932428950977,0.0014780676654584264,0.006387262887536024
232,0.0056043409385390245,0.8180020750736136,0.1634148076327167,0.0034687263095113195,0.009510050045619287
233,0.03983019515732768,0.8307546545343637,0.10154702434961539,0.00977986212897086,0.018088263829722413
234,0.023389414458379176,0.8781100862517554,0.0780876545959761,0.004965366814104169,0.015447477879785022
235,0.25493465132238985,0.6160301295701204,0.0034199248210524977,0.06775266938206341,0.05786262490437379
236,0.24495929209027267,0.6899008242842758,0.015716261471500258,0.03466206403691494,0.014761558117036208
237,0.29790908203750915,0.6538334966394173,0.00919069488831244,0.023555067296992877,0.015511659137768304
238,0.14431450734758583,0.8277585090993853,0.00822564645196689,0.01385568709729966,0.00584565000376239
239,0.08580679084891803,0.8845254142445395,0.014531671279148726,0.006053074405610488,0.009083049221783438
240,0.010380524427253408,0.8740490621267857,0.10907789677776836,0.001902721563613225,0.00458979510457929
241,0.016209100313883677,0.8973747692297512,0.07589007049971278,0.005415402115146377,0.005110657841505896
242,0.007593459466666863,0.8249721978217412,0.15747144200983396,0.003422359374071971,0.006540541327686007
243,0.002927312968136238,0.7757408736391574,0.21165105094573944,0.003963583539914287,0.0057171789070526325
244,0.0008587354084683846,0.3231014400291488,0.6710235048422039,0.0008787230311407508,0.00413759668903816
245,0.0034939939296595953,0.5685513146491116,0.419783506779155,0.002221343809042489,0.0059498408330313085
246,0.004366636596494434,0.6169505424481784,0.3666102325345272,0.0022099074358919463,0.009862680984908096
247,0.004598968027535556,0.5679092987369738,0.4198602596693351,0.0021827753095280842,0.005448698256627496
248,0.04752793209540133,0.725669775146468,0.20581331479131776,0.012249956106605382,0.008739021860207438
249,0.006365514779884136,0.38745981912996924,0.6006812220543937,0.0015836975832817653,0.00390974645247123
250,0.006599357526679416,0.28715774212676276,0.7017833540277705,0.0008052180774131581,0.00365432824137424
251,0.008045402471539941,0.5469175083445993,0.4376279600133278,0.0013523613239204697,0.0060567678466124245
252,0.00714634798641911,0.5328149203929833,0.4496457006235571,0.0021053994044578223,0.008287631592582858
253,0.0034396497672278996,0.44127747986310917,0.5482864483007033,0.0013762086337470412,0.005620213435212757
254,0.00217531388660753,0.40720336941001023,0.5844637901896914,0.0012879644244992608,0.004869562089191591
255,0.012433922184518833,0.6251465877970115,0.3240369930299086,0.00615280630490106,0.032229690683659884
256,0.004168342586353337,0.22742403777471715,0.7530445347473892,0.002118699686729671,0.013244385204810832
257,0.024045580914658648,0.8014841513162607,0.15034915761975182,0.009618104186104572,0.014503005963224307
258,0.010829448357561217,0.7071762775730566,0.2612920733011344,0.0047853151479016875,0.01591688562034613
259,0.39135708809730124,0.49243029194054766,0.012197218317753316,0.07014119339508536,0.03387420824931244
260,0.1768676434845225,0.6958949080667214,0.017784124717189775,0.07096344059195084,0.03848988313961574
261,0.3667294374772253,0.5394502554222261,0.006164773802542106,0.04107271077826263,0.04658282251974378
262,0.3325512380578421,0.6323679886999483,0.0019758019279165788,0.024465656712643367,0.008639314601649819
263,0.17622055460769506,0.7895661708650709,0.004469684129547166,0.024296100914279233,0.0054474894834076765
264,0.06303456287583536,0.9044178784013045,0.014519786713886058,0.011324093077870153,0.0067036789311040075
265,0.05261551239071364,0.9255134699894039,0.010272723211323585,0.007549465758357708,0.004048828650201289
266,0.020881824443030834,0.9533426726959017,0.015720653580399556,0.006739793768397419,0.003315055512270449
267,0.0815854072812106,0.8842571378347899,0.010567115259361135,0.01795410524908767,0.005636234375550952
268,0.047090636700125824,0.9026078853241085,0.022094182895817386,0.021875029947510487,0.006332265132437596
269,0.027505589311219582,0.9114431905661347,0.03235673447478966,0.021874030807375065,0.006820454840481263
270,0.08027937900051439,0.8577435073889887,0.017955839409916918,0.03295407945469525,0.011067194745884738
271,0.03516130047297047,0.8800818224414058,0.03383427285665812,0.0367202765239631,0.014202327705002663
272,0.10555752410232366,0.03236433779552518,0.00016087196952967,0.012533307562752624,0.8493839585698689
273,0.57980079325888,0.1774527269744415,0.00019194384641846996,0.026333236377356305,0.21622129954290373
274,0.487070334256938,0.4012013865665973,0.0002713506679929072,0.0117244746561257,0.09973245385234591
275,0.6612951040285959,0.1443101813907229,0.0001474705470324997,0.01570572141401968,0.1785415226196291
276,0.539643420869162,0.3005494303945381,0.00024635697186734185,0.12073111142803558,0.03882968033639687
277,0.40011488499067405,0.4322917300768757,0.00041904602693308024,0.13452258478538448,0.03265175412013264
278,0.2600916556681548,0.3393110804400642,0.0005067893315417584,0.38192961185237756,0.01816086270786181
279,0.21482708754739863,0.24233311098987426,0.0003386221858026667,0.4861701336527337,0.056331045624190716
280,0.16750559563085687,0.4724465980005073,0.0005294903951103481,0.322906114013874,0.03661220195965162
281,0.10477913866062008,0.6870825696773298,0.0010968618874755396,0.19030189572898557,0.01673953404558901
282,0.18663738741374764,0.46369027702833326,0.0008693883182867891,0.32165068752972015,0.027152259709912124
283,0.17770129953277738,0.5500664043122117,0.000694785786054032,0.2563783412775659,0.015159169091390779
284,0.10720274689149742,0.6938252088594067,0.0022101321782332832,0.18422755998806933,0.012534352082793458
285,0.12805286655014958,0.4969128638194548,0.0018461778135084434,0.3476673649734094,0.025520726843477788
286,0.13462189573087438,0.5146140247735338,0.0020489694292849144,0.3350860821806445,0.013629027885662486
287,0.10975377889929769,0.7328931038340856,0.0030091770100118837,0.1422069652323057,0.012136975024299336
288,0.1437858707598832,0.7414253926466761,0.0023674099336373155,0.10154861250330738,0.010872714156495905
289,0.11617845276422209,0.8032672070479395,0.004954758569024689,0.06954358632577397,0.006055995293039728
290,0.060552866281942744,0.907703005334084,0.002484182460714366,0.020114534417042543,0.009145411506216483
291,0.07673695269458819,0.8788802515526641,0.006147120081669841,0.02880419575875032,0.009431479912327498
292,0.06566502786126745,0.8881326654617545,0.003255675224447624,0.036747429402680484,0.00619920204985005
293,0.09482178395807438,0.8426638902915411,0.006270389943826925,0.04335089030612608,0.012893045500431624
294,0.11568785588370369,0.8005828108882783,0.009143901528534532,0.055531689095677364,0.01905374260380608
295,0.16224684087546773,0.6569086781533039,0.0063475626854066595,0.044694887548463576,0.12980203073735821
296,0.15160908486442812,0.7594008407772975,0.005567335609344547,0.05132768770493154,0.03209505104399807
297,0.406388165275843,0.4153610217546207,0.0007399003602162284,0.019239664111397353,0.15827124849792285
298,0.3435574660877069,0.5819264440238564,0.0012929332304399228,0.00633405698524844,0.0668890996727482
299,0.39128973345357043,0.5390582363051515,0.004232663420613542,0.025818213526588845,0.039601153294075764
300,0.49035802969295644,0.454451609838314,0.001891115228203935,0.031900272451082165,0.021398972789443534
301,0.123866665188671,0.8016628349960317,0.01253717319248253,0.03214860330659135,0.029784723316223505
302,0.30212230529749906,0.36625926151292665,0.003247851254679947,0.30171936676292477,0.026651215171969538
303,0.057950179995374294,0.8408170548156214,0.005150484191983135,0.08045017435434246,0.015632106642678716
304,0.1464421938892649,0.6140062702062133,0.0022532846453930584,0.22848287501404424,0.008815376245084406
305,0.13541778829978846,0.4926172057457199,0.001718275227080756,0.3650889477486244,0.005157782978786406
306,0.10301177236255964,0.7479763877940858,0.00204331827404751,0.14138440930396443,0.005584112265342625
307,0.06866650388326119,0.86123507266684,0.0022764134594858497,0.06429649877176016,0.0035255112186528517
308,0.1865252212064709,0.6848664228998268,0.0015986203273927447,0.12128906513771484,0.0057206704285948165
309,0.07411440081923164,0.8720799932358669,0.006163788414930637,0.04146124499115608,0.006180572538814694
310,0.12453751238551147,0.821021488807987,0.013695805534039804,0.031013689098329012,0.009731504174132684
311,0.08598021658074988,0.8788689515267102,0.01041485748678392,0.019367103529634812,0.005368870876121258
312,0.1649871856651838,0.770472569713485,0.021333075648875256,0.030254664750230663,0.012952504222225368
313,0.06704102919921384,0.892674259561138,0.01869973224566378,0.013304383094673624,0.008280595899310692
314,0.11620239343107885,0.8482116525550462,0.016580263363455288,0.013748735242801461,0.005256955407618241
315,0.02805013407776979,0.9013855831941338,0.05585636633226001,0.006111120749055966,0.008596795646780463
316,0.09172795079555597,0.8679379934740123,0.014635183185741668,0.016175275780755134,0.009523596763935131
317,0.04221604494378631,0.8956644620452495,0.04028644426979876,0.012183051037899925,0.009649997703265557
318,0.14350186612191712,0.7999929926894217,0.019025595510791377,0.029435380595489797,0.008044165082379892
319,0.11934954895461658,0.8399272417650092,0.010114908669667886,0.022949885465044464,0.007658415145661976
320,0.35482849867344307,0.2623677362027347,0.001070749317166366,0.012887220190053022,0.36884579561660286
321,0.6142973544358156,0.34228505211414173,0.0007747605638205634,0.01949275492041721,0.023150077965804906
322,0.17707041081898475,0.7937041303834087,0.0032595869545694956,0.0048097556909391,0.021156116152098118
323,0.40323833168792156,0.555177230446929,0.002464494391643111,0.0072501269976554105,0.031869816475850805
324,0.24342848439118944,0.7143626576526694,0.0005799251979458846,0.03178877672303128,0.009840156035163888
325,0.10381038644652817,0.8739962722392792,0.004655992026684357,0.007022174603597498,0.010515174683910548
326,0.22421033106405028,0.7221726868621692,0.0011500119761131515,0.0458193008201424,0.00664766927752486
327,0.2315746257846919,0.735079957836271,0.0030511629287609927,0.015179395462369532,0.01511485798790641
328,0.1309247771153557,0.8297700210311566,0.008098947784918698,0.020501057674724342,0.010705196393844721
329,0.058849732081197925,0.9203452778133022,0.0008674583981154499,0.01791209383802601,0.002025437869358325
330,0.13240585599509558,0.8170273393373162,0.017485913032964012,0.018648451824455348,0.014432439810168859
331,0.06803726036489255,0.896978803949407,0.006579026798001754,0.015863237859260543,0.012541671028438124
332,0.1320862114639333,0.8299890138743238,0.007729065963622081,0.023954715381604735,0.0062409933165161035
333,0.02407425255541913,0.9330293980492969,0.021805039037046687,0.015934634579554394,0.005156675778682873
334,0.023797198049385557,0.929416831676778,0.029496211996922216,0.013992931533501797,0.003296826743412512
335,0.1630934301385724,0.7732351025439615,0.0067100679249129935,0.050362241312651344,0.006599158079901901
336,0.039775003765477074,0.9253128960530144,0.014462760350492715,0.014663947684165488,0.005785392146850387
337,0.04071935506963881,0.9013627288007429,0.032453287915169826,0.02059365737173216,0.004870970842716361
338,0.12520071678071093,0.8144738956137723,0.015341161255583428,0.03140242810697274,0.01358179824296072
339,0.04822569937369931,0.8733542739218956,0.04520234019473705,0.021114277468011693,0.012103409041656382
340,0.21702860045252345,0.6504897926525096,0.008631527324897753,0.11251316655077044,0.011336913019298619
341,0.0346019097557578,0.8840663036989783,0.047873915841248865,0.012737236792990766,0.020720633911024345
342,0.07054630973140422,0.7952965376239541,0.004558538646162203,0.0061709742418027975,0.12342763975667662
343,0.22188435486276795,0.04228783607029375,0.00010754623971200277,0.013743731651464666,0.7219765311757618
344,0.4679759666319006,0.4029313744862447,0.0009660119888295001,0.02992626283863816,0.09820038405438712
345,0.4268362747509834,0.4905521293001985,0.0010005921609750174,0.03267313700655378,0.04893786678128933
346,0.12118600172083496,0.6974046139721816,0.006060323141687759,0.05858715929659576,0.11676190186870002
347,0.10724054806474696,0.034687355026426996,0.0015860957616271635,0.0168934947432281,0.8395925064039709
348,0.0013221670566319595,0.0023420055721234587,0.022786058830778676,0.0006168980817312622,0.9729328704587346
349,0.011369946928937754,0.01308161373096301,0.00012856008177490038,0.001365140290471444,0.9740547389678528
350,0.030106243637158876,0.0356638614261427,0.00043127726587172805,0.0034052372909418715,0.9303933803798848
351,0.029793209401596334,0.0549389406663341,0.0006685041003850709,0.005184708093379977,0.9094146377383044
352,0.003653861347141694,0.02644684738677484,0.0005620130421049521,0.00275205052225272,0.9665852277017257
353,0.004282762143829408,0.034237493998537524,0.0008096115116750128,0.001325987359322357,0.9593441449866357
354,0.31833591759922386,0.16541554657060045,0.009620802420969373,0.03562739705695287,0.47100033635225347
355,0.002182575436480737,0.0004994868725405253,0.00014704505917783668,0.0009651161284330731,0.9962057765033677
356,0.0013216805347496207,0.00014544028267882167,3.050942599526088e-05,0.0016029339450004687,0.9968994358115758
357,0.18467260392057983,0.00044412018015866896,4.302345915101605e-05,0.0009894043644726458,0.8138508480756378
358,0.005763016634343391,0.001703384784678945,1.2323682736398148e-05,0.0017854000261407117,0.9907358748721007
359,0.001319143723808033,0.00034720414875072207,0.45409030838961334,0.0002939103453948664,0.5439494333924332
360,0.0012781746492529862,0.0004642812684720988,2.035342858452143e-06,0.00046440296494572103,0.9977911057744707
361,0.0015013570419603608,0.00018403493841395556,0.44851425723851684,0.00015612355623562132,0.5496442272248733
362,0.005641107559600081,0.0002955121654574936,3.450753950633698e-05,0.0005766377636068287,0.9934522349718292
363,0.0018076059555876722,0.0004253043335748685,1.5984593979058835e-05,0.0005189945309689056,0.9972321105858895
364,0.0029077646345725626,0.0005319903842677569,2.7854677621174275e-05,0.0015321489881949587,0.9950002413153435
365,0.00315157248285921,0.00025139635565701255,8.367353387102966e-06,0.0004998973850642877,0.9960887664230323
366,0.015679108786607096,0.0011542641364134252,3.207579358811848e-05,0.0026041346564616573,0.9805304166269297
367,0.05715095838953857,0.004762201223756177,2.4000355425941327e-05,0.006536192400152654,0.9315266476311266
368,0.2676867793313001,0.05007395350363902,6.797899212185793e-05,0.057124447283081574,0.6250468408898574
369,0.15272859622792673,0.016383475188534988,2.2390251825058816e-05,0.13251916089857696,0.6983463774331362
370,0.0205669855468801,0.005155205176369967,5.527177626589997e-06,0.03514058247513369,0.9391316996239897
371,0.1312580875789102,0.02983125219663736,5.666678554858782e-05,0.7153894186969949,0.12346457474190894
372,0.14627653187563813,0.030335317676434728,6.373769173883119e-05,0.759056611635771,0.06426780112041723
373,0.16809728115950703,0.024873239229648725,4.3680244768980815e-05,0.5755971447432218,0.23138865462285346
374,0.038232616884825245,0.0029559648751509462,2.4295108491279424e-05,0.36002706563852815,0.5987600574930044
375,0.22739677940985792,0.015083543065459797,4.540245821765184e-05,0.5536412351665524,0.2038330398999123
376,0.28270532982610247,0.01881003455915367,1.2560247421792881e-05,0.6408732315865298,0.05759884378079234
377,0.031082684334316775,0.004242484915694464,8.200257494767028e-06,0.14740008062018095,0.8172665498723131
378,0.42448665748443964,0.016691647740662178,1.508457916248234e-05,0.3894218451841176,0.16938476501161814
