epoch,N1,N2,N3,R,W
0,0.017564282226038355,0.006179173975574475,4.800406497454823e-05,0.0013366768340727071,0.97487186289934
1,0.01113647119215232,0.005586835950103045,3.782190420551161e-05,0.0010494892030982238,0.982189381750441
2,0.032924753725765095,0.00839437060633653,7.183142105137673e-05,0.0013307651481070555,0.95727827909874
3,0.003398024416467064,0.003357842267330915,3.433660910589459e-05,0.0005454280119991272,0.992664368695097
4,0.08831917387796552,0.011550855280467096,0.00010194261969411797,0.0014487588095620063,0.8985792694123114
5,0.038044191827694765,0.006192821208387124,2.7509837413463585e-05,0.0010651842496500151,0.9546702928768546
6,0.018852951755522953,0.006226881021050095,2.621299268761636e-05,0.0009073501041009205,0.9739866041266383
7,0.14458527538201382,0.03026896398118736,0.00021586935646360122,0.003067081941657498,0.8218628093386777
8,0.1433033982871008,0.02377586769889373,0.0002724479783151091,0.004225875905886401,0.8284224101298039
9,0.18685808012060323,0.04908998056738008,0.00043327878908704245,0.005755458625684448,0.7578632018972451
10,0.010200591054325964,0.043139841293389186,9.67104798816962e-05,0.0020060869546277326,0.9445567702177754
11,0.0457706497830365,0.00427903216490789,7.393096856998513e-05,0.0013722210100395994,0.9485041660734461
12,0.02852314704101346,0.0045692983273229095,0.00011822297532065385,0.001973078858211349,0.9648162527981315
13,0.03854646823734795,0.003096003211532216,8.302775613802179e-05,0.0008147869618639837,0.9574597138331178
14,0.1130736115842751,0.006076152780300314,0.00010322343350366103,0.002210172364783684,0.8785368398371373
15,0.07765592585236572,0.015677961067690482,0.00015215368856996293,0.0033307582518676557,0.9031832011395061
16,0.08961935806378789,0.014570922791235183,8.8958524501738e-05,0.00412952128047161,0.8915912393400036
17,0.044969818291956946,0.013488800460433152,0.00018137302694250094,0.005517834310681474,0.9358421739099859
18,0.05995993787838079,0.023956548404809333,0.0001775373299516168,0.01604242609003892,0.8998635502968194
19,0.05095119381705252,0.019612810873300527,8.841774827704391e-05,0.007195159409698541,0.9221524181516714
20,0.176947605652078,0.09325643928074852,0.00020995161630476855,0.06871606934343069,0.6608699341074381
21,0.06304051902695784,0.05652412582687996,0.00020493823082539457,0.05817503949648411,0.8220553774188526
22,0.08641026177606813,0.07927241279051787,0.00011764931016578228,0.07461694001954419,0.759582736103704
23,0.053289050751274644,0.062228880844337364,0.00015090699430438684,0.10937762644768295,0.7749535349624007
24,0.03938660459527251,0.03291545895841842,7.853978485337842e-05,0.036860397301709605,0.8907589993597461
25,0.04577360168962895,0.033942319224929816,0.00018255953853345538,0.020304669680930115,0.8997968498659777
26,0.017189034522668577,0.015552673919908494,6.570740823054835e-05,0.003592037550156287,0.963600546599036
27,0.03646716434655921,0.03654559229310571,0.00012969687348567891,0.003947525899518641,0.9229100205873308
28,0.03380465729170028,0.03388958785484844,6.944321600638756e-05,0.009886610563882786,0.9223497010735622
29,0.08830548122312318,0.07167319550005115,0.00014946743944442448,0.017244122416029285,0.822627733421352
30,0.10956235074759242,0.08480618106478326,0.00013687143151369912,0.04129057281521891,0.7642040239408917
31,0.11571895385689962,0.1651918613285086,0.00014071018531215427,0.03172394480267616,0.6872245298266034
32,0.09019163716307818,0.3099505611440754,0.0002539855891507793,0.013209532298786637,0.5863942838049091
33,0.15466613200642815,0.14181411229852667,0.00027380860858234734,0.029579079419357973,0.6736668676671047
34,0.10745716651729881,0.6407392028088525,0.0005726608470299974,0.02021230256255968,0.23101866726425888
35,0.10833146246140082,0.5495114869080915,0.001085063815859612,0.0055000107075313925,0.33557197610711675
36,0.14031470555970066,0.46693525297550237,0.0011276476960698201,0.005182438761356354,0.3864399550073708
37,0.08355014322560723,0.5101191052615258,0.0014109110729499136,0.004049729929959441,0.4008701105099575
38,0.06124783795289652,0.7508968491226323,0.002597700700162616,0.0034353884039348115,0.18182222382037366
39,0.11040805767172401,0.7322837963074585,0.0013093241597290446,0.004374933698058988,0.15162388816302935
40,0.030467201530049507,0.7690405949468497,0.005785994096194012,0.001120780066191055,0.19358542936071574
41,0.11473609635807307,0.6222651246348713,0.0015849531703741155,0.010233794454027039,0.2511800313826545
42,0.018085177906032895,0.9454800641121219,0.003432548306491835,0.0007091036394064969,0.032293106035946664
43,0.05791798680110567,0.758689711843591,0.0008901757055554833,0.004651933480720676,0.17785019216902706
44,0.04954228287615015,0.8430607688402809,0.0026656055841859515,0.0018091866300206944,0.10292215606936224
45,0.06526920450520485,0.7670694042377739,0.0017895094818316957,0.0017214260491410912,0.16415045572604858
46,0.015599147430462867,0.9538027326665194,0.0049475231748085016,0.0004343785517399533,0.02521621817646918
47,0.018238972746559452,0.8906629434773029,0.02345982918356523,0.000501297737846901,0.06713695685472555
48,0.12103834784500825,0.7676558883663624,0.00162297086561175,0.0028223492815104595,0.10686044364150712
49,0.015407472380185807,0.9068043471794031,0.010194177617087474,0.0006627852753267408,0.06693121754799693
50,0.03087727615328196,0.9080167953989023,0.0014489239999712466,0.0007773423307446998,0.058879662117099704
51,0.012680646559782604,0.9413757008506856,0.003954975276010271,0.00018710354096615058,0.04180157377255549
52,0.022128338536588892,0.9455533606131501,0.0016974357687790595,0.0009866746405526063,0.029634190440929343
53,0.015218485168328091,0.9503704810226479,0.001573327914117711,0.0009536919396563634,0.03188401395524999
54,0.016662169234356584,0.8779030979901644,0.04940602212080081,0.0014917324937596536,0.05453697816091855
55,0.029656182511839588,0.8995304661219672,0.020068927425967296,0.000916688173092855,0.04982773576713289
56,0.015679950224559525,0.8759117488465312,0.06914757658728005,0.000739697166388154,0.03852102717524113
57,0.10277049128120597,0.7468436099042121,0.005716611203787385,0.0034389864617083645,0.14123030114908608
58,0.010387007781198084,0.9663976776406051,0.012334983036228736,0.0002309453002777211,0.010649386241690435
59,0.01631781854262011,0.9493504960339917,0.005936666125274576,0.000447038388235724,0.0279479809098778
60,0.008555006331573217,0.9271496975244006,0.042824221407108655,0.00032347850379460264,0.021147596233122904
61,0.007466031663941141,0.9506946534822399,0.020830578463929585,0.0005824948067962463,0.02042624158309317
62,0.010051915681393318,0.6517450335885344,0.2933173205352401,0.00032557706900351266,0.044560153125828665
63,0.028004618709666244,0.9119333882215375,0.017485906123683302,0.0008241295261766456,0.04175195741893644
64,0.002951310813427123,0.9648840931203462,0.02357309932385309,0.00016352868357286278,0.00842796805880095
65,0.006252950114138856,0.9476703804401901,0.027145052503047416,0.00039282284237717125,0.018538794100246458
66,0.006378412190011846,0.9380040509748145,0.0384918620108432,0.00024928630588284465,0.01687638851844729
67,0.012014726688274368,0.9513407507617035,0.015347019591150812,0.00098604403095799,0.02031145892791306
68,0.004600052529558968,0.6748212547929657,0.3086533867677111,0.00026373033766451635,0.01166157557209971
69,0.01388093344612373,0.38816914131309505,0.5765606363752919,0.0003621943850742498,0.021027094480415114
70,0.02596172452091585,0.864192493853332,0.04598716460796874,0.0004631305928593243,0.06339548642492414
71,0.02294962586166976,0.8768348697645779,0.06466968283781678,0.00040580468909504004,0.03514001684684034
72,0.022425121164258162,0.8992325048144881,0.024292883953752686,0.0002389775782631822,0.05381051248923782
73,0.0878471591205831,0.8181608978026046,0.0348799416718776,0.0007749536631740363,0.05833704774176062
74,0.015770259175806964,0.769467755085336,0.18442186973500638,0.0001561481958615636,0.030183967807988984
75,0.006925660515620203,0.9179209273796533,0.05404048594192113,0.0001547559686166368,0.02095817019418871
76,0.007255112000221637,0.48859173017098934,0.48197653146439123,0.00026335685435094726,0.02191326951004686
77,0.024570080819020325,0.8676167986796367,0.07342510287996032,0.000673838278084568,0.03371417934329792
78,0.006987611679942959,0.39806885443710777,0.5797822852963705,0.00030010446550876195,0.014861144121069923
79,0.01484462965245645,0.6551578892063903,0.2873591967489902,0.000297083696576016,0.04234120069558722
80,0.029530854543912535,0.9101197414807486,0.0302586919775632,0.00032064259996245883,0.029770069397813168
81,0.02404217571366711,0.48507831121301853,0.43128437762466826,0.00030750578133367307,0.059287629667312526
82,0.00795835196234473,0.5070687174722635,0.4637621945708188,0.00010372848671024571,0.021107007507862627
83,0.0034813929598774477,0.12869817675584297,0.8514154370100382,7.078110006788909e-05,0.016334212174173413
84,0.010905516871474803,0.8844288311053106,0.07784770522471107,0.00023782754953653889,0.026580119248967304
85,0.002981563543694384,0.1562044259895826,0.8248379011332461,0.00012813294054016592,0.015847976392936662
86,0.007989854119203655,0.6124972073268458,0.3596239145554075,0.00015215296525230993,0.019736871033290793
87,0.019458692477535046,0.12628709942994554,0.8437003222529917,7.831745808221432e-05,0.010475568381445526
88,0.0027078104451361447,0.20076732136183098,0.7703493435022255,0.0001771734931166592,0.02599835119769085
89,0.00871023398162348,0.7872540548491845,0.1666857497629948,0.0002862089675543785,0.03706375243864285
90,0.008265279075980106,0.6336571722771657,0.30612576395825464,0.0005047060435232967,0.0514470786450765
91,0.004280252708426865,0.7458039959592337,0.2342809789242206,0.00026192024891321595,0.01537285215920552
92,0.019294847269035194,0.574060518522368,0.25925388670019006,0.0008512553710093937,0.14653949213739756
93,0.006980552023174602,0.8448286753256851,0.1316443367914449,0.00017339971776013095,0.016373036141935287
94,0.006050587582257431,0.7651422442375742,0.2136002222119732,0.00022413360544830575,0.014982812362746825
95,0.012196509336032758,0.9229542926041451,0.03632566317428154,0.000289525133614456,0.02823400975192617
96,0.0027256851034885973,0.2042760910095283,0.7775242855670454,8.23541351946459e-05,0.015391584184743007
97,0.0030121202369085055,0.38896671012817363,0.5978856882150332,0.00014421631623299028,0.009991265103651756
98,0.007482696714547556,0.4890381451528476,0.4783048481250924,0.00021439390586085164,0.024959916101651502
99,0.010131096787655109,0.7040182256210551,0.2574022968186271,0.0006332682265797215,0.02781511254608284
100,0.004157156162514962,0.7992252437083771,0.17977584803532443,0.00025790106038773794,0.016583851033395786
101,0.0034776680777004235,0.35408844620759733,0.6278467553821026,0.0002177054808668398,0.014369424851732746
102,0.010521446902684759,0.411211233612729,0.5517614000999256,0.00049469068303488,0.026011228701625713
103,0.018106890770533797,0.5848022740722555,0.32632915706745486,0.0010224110449770173,0.06973926704477897
104,0.01127945485651775,0.4225493807283839,0.5316637029283925,0.0014456568390075403,0.033061804647698284
105,0.03695173310337983,0.8974171944802296,0.026907429935284864,0.0014876443948988968,0.03723599808620688
106,0.0270855261818745,0.5540721511858553,0.3400185752517322,0.001488080617457633,0.07733566676308036
107,0.0323239358864953,0.45802856464557395,0.36849529709901335,0.002754189872821416,0.13839801249609598
108,0.009238496705446802,0.01699383436783067,0.00047352935415431757,0.0006061825131398956,0.9726879570594283
109,0.17236249679894913,0.04445347918595437,0.00024210608415569705,0.004401161770675173,0.7785407561602656
110,0.1878379802731409,0.07026873290714264,0.0004032039407844494,0.002487641845721243,0.7390024410332108
111,0.3578831269377918,0.24026113851192338,0.0006080114396186087,0.008343307797893067,0.39290441531277315
112,0.2093356354363861,0.5131740415704752,0.0011865001507024543,0.055771775677983804,0.2205320471644524
113,0.14612180461210678,0.12207828350480111,0.000648476179398806,0.10226612219006485,0.6288853135136284
114,0.19074150324081754,0.08148016627163558,0.00031433747046327916,0.38099322280187875,0.34647077021520495
115,0.12535506249763817,0.07931404999321658,0.0006452782500406606,0.3283778900912572,0.46630771916784736
116,0.08946401194056389,0.14716898677498658,0.00022632352669527386,0.588713265335061,0.1744274124226934
117,0.10829823900858908,0.2176413838692747,0.0005520567328464951,0.5717987038365473,0.1017096165527424
118,0.1664010542942751,0.043935589648732676,0.0003204246161064059,0.47670699369424574,0.3126359377466401
119,0.08811371309670679,0.1524394909220449,0.0003553787787481821,0.7276251874454048,0.031466229757095315
120,0.07097085972316879,0.46212654505454076,0.0009624878777249198,0.40085128973671613,0.06508881760784928
121,0.13554315453428234,0.4986277860789729,0.002393969537335294,0.21951059986590768,0.1439244899835019
122,0.22549205112681062,0.3394703987814338,0.0004968753613254313,0.27510213773145786,0.15943853699897234
123,0.32164418404561945,0.2689685195592313,0.0007260136156058271,0.09318260256270418,0.31547868021683917
124,0.0943446124260737,0.8329257052336831,0.00040548088150372944,0.008179921078923654,0.06414428037981576
125,0.050254148047283086,0.9292307888221409,0.0010528693012632634,0.0032188683364910604,0.016243325492821512
126,0.041212388429613056,0.9261698374201269,0.0004883061395140416,0.00865005343225009,0.02347941457849578
127,0.12084812307292431,0.5230964344323998,0.001407398066671058,0.055530761226935364,0.29911728320106934
128,0.25128419237917593,0.44496392262222617,0.00043627429770936265,0.11753766601427748,0.18577794468661096
129,0.022637928660589463,0.9276055928156618,0.001334111952073395,0.01044036201809848,0.037982004553576844
130,0.38728035441779285,0.29853631694739485,0.0009243406352230808,0.02707001227471739,0.28618897572487184
131,0.02556053224487325,0.9487693293077138,0.0010793889567435586,0.005732486889188333,0.018858262601480994
132,0.094671043976539,0.6353706121521571,0.0011633331268078575,0.07448476027927971,0.1943102504652163
133,0.15281776167896505,0.2889454739374958,0.0023641157181400157,0.010534469984229492,0.5453381786811696
134,0.10172465794784367,0.8071291339887444,0.0009504635184649383,0.030823429763708776,0.059372314781238236
135,0.055156934805028514,0.8931185942349475,0.0013440589571030075,0.007725582518583009,0.04265482948433792
136,0.04569295847214463,0.8869922056996481,0.0033655136438953495,0.019079444578801584,0.044869877605510325
137,0.03191064200486605,0.8763290744604958,0.007460650194700841,0.0371106935520489,0.04718893978788846
138,0.21049320268989757,0.4304681051754981,0.0012296982325847798,0.24822030052923338,0.10958869337278618
139,0.1045093750641123,0.2690097041095798,0.003666510812159985,0.1451840073792174,0.47763040263493045
140,0.261075212360157,0.26403399008312245,0.00128304774457378,0.09616438998734358,0.3774433598248031
141,0.45691242740225557,0.2803856819845139,0.0007690443124323491,0.023623710591908174,0.2383091357088899
142,0.3718924443391649,0.4966628568183921,0.0008757002219266835,0.03465659525280236,0.09591240336771387
143,0.11764197137217867,0.843005857659886,0.0006262357599818959,0.010136589162224902,0.028589346045728624
144,0.17997528590349082,0.6958218449615172,0.0008065075921306014,0.020726045214163314,0.10267031632869808
145,0.04906553173234265,0.8882436219176806,0.0016290133044999312,0.016615142102504213,0.044446690942972544
146,0.16369768212471528,0.6466052853609146,0.0010845142704301383,0.014463284272841107,0.17414923397109908
147,0.03475929726308593,0.9242970598861958,0.0012808100827156753,0.006915220468925297,0.03274761229907738
148,0.08259895336072004,0.8506298536506804,0.0012258606834663042,0.009012672770285295,0.056532659534847866
149,0.02693273113031547,0.9159846034184328,0.010318363025237823,0.0022023121647782853,0.044561990261235765
150,0.14223239916119054,0.6890142465798944,0.002503752667190082,0.009851991921325397,0.1563976096703997
151,0.02657080005794141,0.9479368046916478,0.0022577923688532437,0.00622905123517173,0.017005551646386043
152,0.02396426352842057,0.9469276233286467,0.0008350331357564127,0.006650750968969436,0.02162232903820695
153,0.22686255467843056,0.2044104774579715,0.002946164082195551,0.009177513108418018,0.5566032906729844
154,0.120086877448577,0.7908057044067006,0.0009282305367595363,0.004422583670199674,0.08375660393776303
155,0.07331970395583921,0.8844625478373737,0.0012403510467177705,0.003005797754531245,0.037971599405538035
156,0.040027171428324515,0.9332028472585976,0.0008240949234037544,0.0019151892786196554,0.024030697111054627
157,0.07385153910409922,0.7678259074387648,0.015268174112131818,0.0039435140803641185,0.13911086526464
158,0.028378234760128438,0.9489167577612257,0.0028375118828326477,0.0021182542675684413,0.01774924132824494
159,0.10743655541809112,0.8573830753980171,0.001149026749106199,0.005265052567251588,0.028766289867534066
160,0.017628520338190488,0.9568042207580454,0.002980958676384292,0.0018580594785861195,0.020728240748793748
161,0.07438668829218388,0.8252051189145099,0.002947837190771836,0.0029361819483326693,0.09452417365420165
162,0.04377719101085829,0.913790451149368,0.0019037406674248887,0.004192914766863788,0.036335702405485275
163,0.03512573270206826,0.9358241566666327,0.002489015571953332,0.00646066607515187,0.02010042898419388
164,0.029096546385003988,0.9446797542794236,0.002189703882891912,0.005590204188841034,0.01844379126383939
165,0.06542468067865548,0.8568934971466199,0.004605012242448644,0.0209370717308847,0.0521397382013914
166,0.010758688075491117,0.9616881430407817,0.009168835282758444,0.004125649839205108,0.01425868376176379
167,0.09841934583892532,0.8354813208237508,0.0051832833214293834,0.012926390434999475,0.047989659580895044
168,0.010260529387560986,0.9802681435584278,0.0016270012424481146,0.0015159339517667122,0.00632839185979643
169,0.15335728039338153,0.6490496934683406,0.002037788077448631,0.005645548025671424,0.1899096900351579
170,0.020435969279343654,0.9611028523404207,0.0019650598081805584,0.0015169072842886118,0.014979211287766657
171,0.02757847976444146,0.9443655596120013,0.0015917856304341377,0.0027060623957579875,0.023758112597365127
172,0.06381563172145834,0.8466909933977947,0.001460224119573136,0.0030221724573801134,0.08501097830379374
173,0.012729842275312798,0.9592128528052467,0.0015610260625180405,0.0026174786315636255,0.02387880022535885
174,0.01808152022209078,0.9242562245826491,0.0032743787702665676,0.010061878095544265,0.04432599832944915
175,0.10740124310126227,0.13922988434297792,0.00771507773014742,0.005414012254188484,0.7402397825714238
176,0.1990571240563609,0.025202686960431972,0.0005018924032182302,0.004198814843920132,0.7710394817360688
177,0.37605245382029323,0.0947671843089951,0.0003473948418676572,0.007147435869202149,0.5216855311596418
178,0.42014081519014357,0.18676980336694599,0.0002404037068464733,0.002729775495768331,0.3901192022402957
179,0.328008570281695,0.2063774079489253,0.00012129523424901322,0.001407577077176736,0.46408514945795387
180,0.21865435474845446,0.5045101771615064,0.0013604383625273227,0.006563035465747154,0.26891199426176476
181,0.5117494649019046,0.2236426309334394,0.0004828960859104742,0.04229487268211542,0.22183013539663005
182,0.13060175987873385,0.778664636896175,0.0012253109896354318,0.010062732479543767,0.07944555975591211
183,0.3117673327517793,0.2865329096915862,0.0030850081444658527,0.014659569719364446,0.38395517969280424
184,0.052940927829885555,0.9241488325886997,0.0003383783015153001,0.0032502748094123657,0.019321586470486853
185,0.039894081445797876,0.9234090830101963,0.0014301929189526482,0.006785784655780832,0.02848085796927242
186,0.02319161518748684,0.9321543086174867,0.0044929384942199715,0.003350733447463985,0.03681040425334252
187,0.09978057146250698,0.753662705446521,0.0020209511866003884,0.012493717754811893,0.13204205414955972
188,0.017007947082110862,0.9662488261468904,0.0006457745798798975,0.0032926278868623546,0.012804824304256463
189,0.029291225656542293,0.9300198426943371,0.002446465737039596,0.008015860981439558,0.03022660493064141
190,0.07215479527681053,0.8255167397187934,0.001121757148207702,0.02040604958150942,0.08080065827467904
191,0.03308995783995784,0.9063396571556513,0.00847294074125715,0.01005522978345458,0.04204221447967911
192,0.13353150434584088,0.03564664763425535,0.00015463704977943538,0.004292983332094312,0.82637422763803
193,0.45816002291828395,0.05751194063256331,9.484617611684731e-05,0.006031880803931825,0.47820130946910405
194,0.49159953152511204,0.07542398148649812,0.00015638736100089212,0.010168210407431173,0.4226518892199579
195,0.36126602914595285,0.5237226496718403,0.00015043965157783627,0.004918839385505925,0.10994204214512289
196,0.5377837397463257,0.13520088505752273,0.00023998678903707746,0.07773171671584053,0.24904367169127392
197,0.244002713474725,0.6161758102072692,0.00020107943136209405,0.10200543150707728,0.03761496537956631
198,0.3559801380481581,0.3927312461274884,0.00020490845455116777,0.18870383832835694,0.06237986904144539
199,0.09625357313705515,0.6942484050773364,0.001763771803467778,0.02640637156399599,0.18132787841814466
200,0.33805438167610957,0.19760368757376023,0.0005807325238518664,0.0555623915912187,0.4081988066350596
201,0.18516024359102137,0.6713972644420833,0.00048253957380272006,0.03887546831558177,0.10408448407751081
202,0.2158145861906055,0.5112618338209277,0.0003809421685371487,0.037369351459613113,0.23517328636031662
203,0.2961167150160856,0.596098210200161,0.0002293609461607018,0.020374661693569208,0.08718105214402358
204,0.09205188475763336,0.86998580163904,0.00044612950791024205,0.015617082857481705,0.021899101237934687
205,0.06590367513972573,0.9070245466627203,0.0010098858033388016,0.006467415955482343,0.019594476438732706
206,0.09015391039159452,0.8531506425308548,0.0013082437770037714,0.01766964826847123,0.03771755503207568
207,0.06464186262965216,0.8464402829926363,0.0021756730594028723,0.010153093632656384,0.0765890876856522
208,0.10437101489012285,0.6844640209803109,0.0008764852810733455,0.006679907040456719,0.20360857180803624
209,0.0856490950539253,0.8571500762776243,0.0005324762436137653,0.007395679814287343,0.049272672610549156
210,0.03240271941238087,0.9115863220738961,0.002322920827370722,0.0041395590420807175,0.04954847864427168
211,0.028787902837591098,0.9538472761836185,0.0011859595698379003,0.002259211319136892,0.013919650089815893
212,0.01997671645437371,0.939683735801363,0.00479366989751088,0.015576713956693885,0.019969163890058546
213,0.019865838637090707,0.9098767790778279,0.0030156718142028663,0.021589393533627016,0.04565231693725163
214,0.16031981784772384,0.5074458155125098,0.0020952140354355995,0.048748092560759154,0.2813910600435716
215,0.06415421978694436,0.7041530373889138,0.0009740842957406344,0.13709241978006634,0.09362623874833483
216,0.06944029612112837,0.8003488327102515,0.0007404682342332015,0.0671684873977333,0.06230191553665364
217,0.09356540688695686,0.5753455055665234,0.006583849485554662,0.09664113207425498,0.22786410598671003
218,0.24898220730259638,0.236055219648345,0.0009345469983654312,0.10539175487112058,0.4086362711795727
219,0.24820418843346786,0.457242689499522,0.0005596204658393931,0.17592744710827368,0.11806605449289703
220,0.31024321739429456,0.28833047111688453,0.00022960403026219686,0.19422810859487064,0.20696859886368799
221,0.15371597120471944,0.6439844931905574,0.00018576989687282169,0.14959695916173882,0.052516806546111384
222,0.15520893482113712,0.5225453540228706,0.00045702122112913963,0.1423238543673525,0.17946483556751075
223,0.15638485596001508,0.254497756509548,0.00042090135683261565,0.05049817440999889,0.5381983117636053
224,0.16292134445905251,0.4860570149057838,0.00028945825601955325,0.080365282680864,0.27036689969828015
225,0.20190220014043048,0.444328963071896,0.000940494043172915,0.09150379988695223,0.26132454285754825
226,0.23176225332295353,0.27413964219726195,0.00027723910766437484,0.10988426560964416,0.38393659976247596
227,0.05176188320921319,0.6182249938427108,0.028695236039203945,0.032721944712922016,0.26859594219594995
228,0.09039852232578525,0.09830329084786864,0.00018544553146971666,0.07285916374358002,0.7382535775512964
229,0.007793942229066873,0.016760978485274282,0.0005798355155837954,0.004043525931428486,0.9708217178386466
230,0.10226329837271589,0.026697470513213886,0.00010705904288996777,0.03242870382591195,0.8385034682452683
231,0.12556895511718974,0.01858169308643248,0.00011284610219036568,0.008598833049135474,0.8471376726450519
232,0.4403556056956927,0.0932753798009975,0.0002276409387758163,0.04499397048241529,0.4211474030821187
233,0.21839815038512028,0.29582495654587837,0.0003375044773290454,0.3193139587997303,0.16612542979194203
234,0.14164893603509648,0.22544443073141218,0.00031804234205983807,0.40577925167965556,0.2268093392117759
235,0.05754774817270436,0.11693044939865314,0.00042904605857918885,0.08638459119431871,0.7387081651757446
236,0.14051521501898193,0.12976656358705643,0.00014961193756453836,0.3796865812268807,0.34988202822951636
237,0.12151924113281042,0.08839192360252493,0.00025033024496820853,0.5025503109696144,0.28728819405008216
238,0.19753129099127908,0.1175902318095148,0.00012784305302783938,0.5015922384262423,0.18315839571993595
239,0.08609241383764506,0.05780300443020765,0.00010576729109045433,0.7038991778310368,0.15209963661002
240,0.058097330713547404,0.1299354109878938,0.00018836468904186678,0.45494446237052,0.35683443123899683
241,0.09485554622188341,0.07369677117415917,0.0001759567069108956,0.5383139457788018,0.2929577801182448
242,0.09644316842561015,0.08969544674848647,7.672017163473244e-05,0.5531863959591242,0.2605982686951443
243,0.12366579284336414,0.06302622652482098,9.037911533855961e-05,0.5471676557971785,0.26604994571929785
244,0.0401349160918703,0.030447779729288568,9.755092164361051e-05,0.8242894945496226,0.10503025870757494
245,0.03774482734556321,0.01829090944330951,0.00018146365368115885,0.7908618041614472,0.15292099539599885
246,0.023106817857061163,0.0065981119124380845,7.694973105431715e-05,0.2222001631750512,0.7480179573243952
247,0.03820271660230691,0.032848914327277594,0.00015656174091165784,0.18732943580077377,0.7414623715287301
248,0.05892529598025404,0.017977091654028433,9.307978056775936e-05,0.48240425166174294,0.44060028092340686
249,0.06333282878654589,0.021766999311623177,6.927540689192456e-05,0.5644432936083449,0.3503876028865942
250,0.05526503989227097,0.0316974249650647,9.781159857458516e-05,0.16082119249520377,0.7521185310488859
251,0.054208167212557695,0.03234628568561432,9.296411560845896e-05,0.781510770039152,0.13184181294706754
252,0.07473867716528816,0.03308063444160833,0.00010186905443592174,0.7579974907524241,0.1340813285862435
253,0.042583649953386725,0.030098724045796922,0.0001498305682804566,0.8617987203453747,0.06536907508716124
254,0.006654999585580387,0.006714152892274003,4.7690637071071656e-05,0.9664446364956016,0.02013852038947279
255,0.004111766871919904,0.007363685592376733,0.00018082896529577185,0.7702104407513712,0.21813327781903627
256,0.011823361025950907,0.011844235192267513,0.00014058628625843983,0.8586190146062846,0.11757280288923867
257,0.027444015695899406,0.008509936539807807,7.44266357166185e-05,0.7534683378036753,0.21050328332490095
258,0.046626359639088746,0.011181093723654641,0.00013754967981555866,0.6871010794923872,0.2549539174650539
259,0.033917889998059635,0.01034708068967005,0.00010311134231796871,0.7824256155621687,0.17320630240778367
260,0.027572755205389838,0.007089021378496679,0.0001763020882101743,0.701166864768021,0.2639950565598822
261,0.01712189760170778,0.0053433989895862125,0.00017811709655120224,0.637326712449572,0.3400298738625829
262,0.03406983750223179,0.009561928685217831,0.0002152155221725129,0.6734350947354043,0.2827179235549736
263,0.025917080268691012,0.005998406946061289,0.00010669112300380437,0.3718193496865729,0.5961584719756711
264,0.09608097113811945,0.015211234855104923,6.845043962029038e-05,0.1835607299242672,0.705078613642888
265,0.045759601563141426,0.026361771264535247,9.623848322986026e-05,0.3667828338461297,0.5609995548429638
266,0.03708319714511086,0.04705999533881346,0.00010725605430354646,0.16232474950660974,0.7534248019551624
267,0.13121091663659368,0.05497309631745367,0.00012851178882799,0.40435523441691973,0.4093322408402051
268,0.07556309417124582,0.04681547280802939,7.472204082155987e-05,0.4999985406022003,0.37754817037770294
269,0.10070467418441002,0.04435763547142329,0.000153649359260324,0.4997884072006476,0.3549956337842588
270,0.04642503302863885,0.013862842391294216,3.970936137524207e-05,0.7061106078788013,0.23356180733989046
271,0.01583287534540477,0.008782341135843811,0.0001009022603304718,0.46236312688568443,0.5129207543727364
272,0.045099009097759234,0.010780117530040424,0.00028812680829364766,0.7189388276736889,0.2248939188902179
273,0.037066874685062715,0.005478888616794703,0.0006616650081337278,0.5150910902115938,0.44170148147841504
274,0.03678548174470381,0.02547810605662719,0.00023618961125178526,0.14603822923477552,0.7914619933526417
275,0.14330871458815395,0.028416463235995046,0.0001077963905047588,0.3041095307479157,0.5240574950374306
276,0.22163771592999004,0.06541653119319105,8.807238493581191e-05,0.3748105183899829,0.3380471621019002
277,0.04137342947319633,0.07609764748344801,7.292434274300734e-05,0.337089554901718,0.5453664437988947
278,0.03704430198142233,0.08270361455587633,0.0002976987452916679,0.22743997761183424,0.6525144071055755
279,0.08639329119241085,0.062112467924962216,0.00015622531314180477,0.6788468590333361,0.172491156536149
280,0.04602539443948129,0.03377113252581615,0.00014921170275937213,0.8283489609500814,0.09170530038186193
281,0.010380240610656323,0.005357418050860116,0.00011296627885845845,0.9397720639424038,0.044377311117221485
282,0.006248900708283369,0.002779900920600837,0.00014403944811011254,0.9362698909386085,0.05455726798439736
283,0.005000458619398614,0.0027583420300950597,0.00016403855531958025,0.9375393760140122,0.054537784781174596
284,0.008373688813907527,0.009000845397815826,0.0005607532483398758,0.9102546581470369,0.07181005439289992
285,0.008767229944918407,0.006731524938020433,0.0004308346690628005,0.9229767657263527,0.061093644721645635
286,0.002906677025552594,0.0034476045141508442,0.0002578828600465792,0.9606989482639794,0.032688887336270546
287,0.005245390621985449,0.003690036703927707,0.00030727172800299146,0.922732274810482,0.06802502613560174
288,0.014100190913373101,0.007973114221720042,0.0003786396558516096,0.8735052413286005,0.10404281388045471
289,0.01199352447059287,0.005642011735898833,0.00027584214341875245,0.8764758694332313,0.10561275221685802
290,0.007943554896094938,0.0052596751517482426,0.0002376122761757285,0.9111889948597259,0.07537016281625525
291,0.007609956571035461,0.010786103795073661,0.0003986801418288111,0.8291394640464977,0.15206579544556437
292,0.008714463101861854,0.007338302542336942,0.0006111954004147296,0.9153220541073933,0.0680139848479932
293,0.01049105850091484,0.008028143824272424,0.00047248291004017254,0.8560503552947631,0.12495795947000939
294,0.02189353682818331,0.019898544101425067,0.000532041885518583,0.8278164366343879,0.12985944055048523
295,0.008072474773312714,0.009559448706523893,0.0003524808719296588,0.8334372038258797,0.148578391822354
296,0.007798622589928691,0.009154371123208717,0.00034369594259889866,0.8514672421428254,0.1312360682014383
297,0.012894918995328587,0.02342468909768534,0.0008593197750721948,0.8170501321389638,0.1457709399929499
298,0.008174634317020205,0.014102260991591701,0.0003183087801211771,0.8085343891226106,0.16887040678865636
299,0.01314330597116688,0.015073437975812476,0.0003421905804936991,0.7026672800562891,0.2687737854162379
300,0.008488113288374384,0.003743392123019721,0.00043632967566810047,0.8042984131765145,0.18303375173642336
301,0.008046867936058614,0.0048027137881323885,0.0004741080908337772,0.7891817587935391,0.19749455139143615
302,0.006258095171113039,0.0030231878352669143,0.0003021525230780913,0.8670195542196956,0.1233970102508463
303,0.0067610525610972754,0.004689276371924774,0.0005395231135622002,0.8601063156384561,0.1279038323149596
304,0.013455534523693595,0.02146120473987535,0.00015927771202751075,0.7738160972452883,0.1911078857791152
305,0.016442604319738346,0.015813194912464267,0.0002475627730549737,0.8322609423234242,0.13523569567131818
306,0.015629272018921288,0.005548390220877304,7.348004018123998e-05,0.919603444223183,0.059145413496837135
307,0.019476262811126077,0.012547982813058573,5.582632944182834e-05,0.8680305109470693,0.09988941709930428
308,0.02121561011841956,0.025694811089020636,0.0001130978952881229,0.8210277373971007,0.13194874350017102
309,0.011992327679946306,0.017942487273914363,5.947582383263906e-05,0.7246444927340155,0.2453612164882912
310,0.006078738356226467,0.0028380119775100535,0.000987418529318962,0.4219048307104583,0.5681910004264862
311,0.01260786814450549,0.00634121973844813,0.006951547060140692,0.2275228800154461,0.7465764850414596
312,0.018482545417374877,0.009204928320031357,0.0020835925749247467,0.7321876732512179,0.23804126043645116
313,0.021729215816167612,0.011384569875802976,0.008875933949201064,0.5172954972423808,0.4407147831164475
314,0.008199200664191043,0.00802106066388232,0.004084736794622901,0.5786426255820276,0.40105237629527607
315,0.007454322132280875,0.007828186774843286,0.00503805179131746,0.850381628285733,0.1292978110158252
316,0.009125524275882351,0.012444914293119686,0.0012039457020745763,0.6544621937669084,0.322763421962015
317,0.003688731754046928,0.00403954470599784,0.0035245169915873254,0.9089129629755252,0.0798342435728428
318,0.0032344715214495125,0.005014472235155944,0.0013643102310301716,0.9257630114186786,0.06462373459368573
319,0.0032180660686373062,0.0017665278480291724,0.0032200193469634243,0.9420645048409847,0.04973088189538553
320,0.003908359547066624,0.003980752181837828,0.0033894630767416704,0.9449832752514037,0.043738149942950104
321,0.014009535475202627,0.013837232801557133,0.003739291340520021,0.774070366309511,0.19434357407320926
322,0.007065919164518265,0.008275379844989373,0.0011287339863092457,0.8552656754860241,0.1282642915181589
323,0.005640271016075257,0.00916064501342982,0.0029363164392936453,0.8073358809990502,0.17492688653215113
324,0.006286933038707438,0.006547117146156662,0.0016707673303915653,0.7196188282280381,0.2658763542567062
325,0.011035096695659777,0.0026731484156972624,0.0005901734709872829,0.12452965600692523,0.8611719254107304
326,0.033210803790740755,0.006778342552843406,0.000358934338111179,0.16108424290255413,0.7985676764157504
327,0.05879792288863012,0.006581461319266397,0.00044575459226276983,0.17135247770661466,0.7628223834932261
328,0.06846964168106975,0.004803258327143018,0.00030522678236424313,0.24868259057088665,0.6777392826385364
329,0.0763401283947308,0.007590300386700334,0.001045851416828748,0.2918651937712963,0.6231585260304437
330,0.015181776988300045,0.0045565498323057035,0.0008312787664819665,0.4760497801455047,0.5033806142674075
331,0.022812631425506512,0.007571696048889037,0.0011026058283443959,0.12070668756283133,0.8478063791344287
332,0.020349135461062297,0.0075656328962494515,0.0011656578645896677,0.16910720252736797,0.8018123712507306
333,0.02311095245874082,0.007056011142627319,0.00012143907688382026,0.23711266608044407,0.732598931241304
334,0.036975584128638626,0.008942511786389499,0.0009830544473493704,0.2048445777402465,0.748254271897376
335,0.0575609707187256,0.014967667088886888,0.0007299916486759523,0.6807944619216566,0.24594690862205495
336,0.03506252532321894,0.011001826636862442,0.0008371343109558813,0.3257653653330595,0.6273331483959033
337,0.05313757606893303,0.016410994349401693,0.0011304930573625418,0.5026050081498457,0.42671592837445715
338,0.05617243150685386,0.01971761561647814,0.002441335678745235,0.7706440298195457,0.15102458737837704
339,0.04932240044397545,0.01627628209005764,0.003256744159518689,0.774587972573034,0.15655660073341418
340,0.009525967219942894,0.016234255192072028,0.0019330195522866255,0.7237584038577175,0.24854835417798093
341,0.0043279633829082205,0.006308365870292776,0.0013179466270293906,0.937381382751601,0.050664341368168705
342,0.012133464948165092,0.02124710124320656,0.00031710278540724883,0.6985640722379974,0.2677382587852236
343,0.006352853161351742,0.014538806965548651,0.0003008243705291424,0.8582526499689692,0.12055486553360126
344,0.008262652030826772,0.014719361316477888,0.0003846791477004645,0.8757005101230259,0.10093279738196911
345,0.011451033085491473,0.007348715996392955,0.0002637505032778885,0.9123840936724672,0.06855240674237043
346,0.0035715822513288,0.003805258573211324,0.0005213195703017734,0.8867432879143101,0.10535855169084814
347,0.011622153780234134,0.005106967539790274,0.0007811669194509412,0.8710329321420522,0.11145677961847238
348,0.010625458364770784,0.007560105311739195,0.0023776025610291896,0.6828684988816135,0.2965683348808474
349,0.011248423706367753,0.006601439972034176,0.0007471596281179425,0.7862641683113499,0.19513880838213007
350,0.018459795662265348,0.00368795770384477,0.0006235333260724936,0.6158637332568341,0.3613649800509834
351,0.024195843131122954,0.0037794908271606255,0.0009098778154259524,0.8681922791610603,0.10292250906523019
352,0.029372248724423046,0.008345870511622193,0.0008541240229940469,0.8201446676645016,0.14128308907645915
353,0.033965631755888695,0.015007073945247118,0.0025493597414650198,0.43214929269555263,0.5163286418618465
354,0.056148741595843724,0.028703776930895097,0.0008539433984476639,0.6166874684372387,0.2976060696375748
355,0.03383206935692577,0.005917315129227315,0.0016253537745681919,0.3196648610899553,0.6389604006493236
356,0.22679939499602453,0.022110277224903465,0.00028647816920214,0.4790896057660467,0.2717142438438231
357,0.06919161033299409,0.018880174243957392,6.143444814220119e-05,0.7341096818099134,0.17775709916499288
358,0.07307062330661862,0.018121831807390132,5.976876128604676e-05,0.6355831294028345,0.27316464672187063
359,0.03495766379130868,0.121554661546769,0.00017139787911823527,0.5899118059233552,0.253404470859449
360,0.1224708582240859,0.03889653216508863,9.87298523238828e-05,0.7154447922720497,0.12308908748645192
361,0.1201437131506371,0.04609119526699396,9.503277597481886e-05,0.6192252813328752,0.21444477747351892
362,0.1083298458162019,0.07483924834503058,0.00013084598651322052,0.7044921664601844,0.1122078933920699
363,0.10974211455666233,0.11973227058882217,3.920545789678142e-05,0.6902549032088362,0.08023150618778267
364,0.18672718017438494,0.13480130901572923,9.899419621123985e-05,0.5665041752109704,0.11186834140270409
365,0.06985422762752574,0.12388792561588748,3.423931983209899e-05,0.7499339855614483,0.05628962187530643
366,0.08772554375060286,0.09056467280956249,5.458116708115035e-05,0.7405724182694701,0.08108278400328355
367,0.047268067589209296,0.11209988316760831,4.5001271106794354e-05,0.7491172900023118,0.09146975796976388
368,0.09847102975887895,0.13499143760454063,0.00040642112075087584,0.5505217034072037,0.21560940810862575
369,0.179107749562053,0.13925554202207002,0.00039829450741974055,0.568991630557833,0.11224678335062427
370,0.22737814604892193,0.20081185877615434,0.00026064153209787855,0.4790423845176867,0.09250696912513916
371,0.24134987891076462,0.2622073312841558,0.00020857306351116018,0.31014653135915077,0.18608768538241766
372,0.10487919874293375,0.3841061495562075,0.000365144214948402,0.4574984636279901,0.05315104385792018
373,0.12157051488739186,0.29726068494569435,0.0004175316837804888,0.47543731779053744,0.10531395069259603
374,0.10387154766466203,0.5083672889764854,0.0006945792169676776,0.24589144306080096,0.14117514108108387
375,0.0888409963754322,0.6343329420404635,0.0006091982866706778,0.2060311857819971,0.0701856775154365
376,0.09735015067470505,0.7129167615664603,0.0005092187270854095,0.12133416137844123,0.06788970765330804
377,0.1672205410337234,0.5477625948380452,0.0006024091073143203,0.10184963274539416,0.18256482227552293
