epoch,N1,N2,N3,R,W
0,0.033298385717182744,0.0014462131478500458,7.071538271207817e-06,0.011383157962807451,0.9538651716338886
1,0.05694854499588701,0.0012276463567375943,1.2460416111019992e-05,0.01820658919850877,0.9236047590327557
2,0.06283826672224747,0.0027329875793224777,1.0152779311398783e-05,0.014865899555269048,0.9195526933638495
3,0.11386673433698745,0.004672502118406258,5.048915725788231e-05,0.040818434088795534,0.8405918402985528
4,0.05943710541151,0.0007437717018913549,8.506555169994867e-06,0.01285327886297287,0.9269573374684559
5,0.11377606844076239,0.0014136343074652219,1.8821773691474682e-05,0.027963225597858774,0.8568282498802222
6,0.09172103096061969,0.003723848737052151,1.9372478557006736e-05,0.048204136558494676,0.8563316112652766
7,0.04005379320470991,0.0022740612947495242,8.261430780560912e-06,0.011634001309393424,0.9460298827603665
8,0.11381862469552423,0.0015197495358965558,9.420097087153924e-06,0.01299420496671,0.871658000704782
9,0.24355762063899647,0.02783091163481822,9.764367639523271e-05,0.18758525965750886,0.5409285643922812
10,0.21512969998496959,0.026918899893080946,4.837676974928313e-05,0.19225779867746387,0.5656452246747363
11,0.29513064945723766,0.014785543792071722,3.5176495693354226e-05,0.19807900069945467,0.4919696295555426
12,0.4108107742908891,0.08165822172729076,7.517988895555788e-05,0.2975799601906624,0.20987586390220228
13,0.19415573984659643,0.17888401439409024,9.645331077614468e-05,0.4443148082478572,0.18254898420068
14,0.0960936099069164,0.5245018382320323,0.002021625727967254,0.03564226909650437,0.34174065703657963
15,0.05681727377938173,0.016513390864776666,1.6964290301561855e-05,0.23391886320173355,0.6927335078638065
16,0.1139554773261729,0.1427498341646178,4.642437206673366e-05,0.2363070325989348,0.5069412315382077
17,0.1449092264504374,0.034324552264029216,3.38399035452838e-05,0.13940849445733028,0.6813238869246578
18,0.4600550505702023,0.08439304846037878,6.383053488003594e-05,0.02093977178562188,0.43454829864891703
19,0.49928852571937127,0.3618408558075362,0.00019857014693564582,0.04820634791894644,0.09046570040721053
20,0.11988768148340533,0.8163665431013784,0.0008891093526777984,0.028128042685278725,0.034728623377259855
21,0.040833565543475274,0.8578702923050802,0.024683793592243982,0.019408402566957462,0.0572039459922432
22,0.022714327996307886,0.9192302466106413,0.012513575268121056,0.004044712885338689,0.041497137239591086
23,0.014367926864943219,0.006080465904720897,3.005916116703978e-05,0.006546633448158969,0.9729749146210099
24,0.2825913661712337,0.050041483724821846,0.00019345190558838328,0.02109073202357094,0.6460829661747852
25,0.1601768341259065,0.5111672340610649,0.0003641513146529041,0.03030126746010199,0.29799051303827373
26,0.1962403184046977,0.4503699803581996,0.0010540197128778971,0.026957063988381307,0.3253786175358434
27,0.0025518492896313477,0.0006304842257611637,2.2641998647604977e-06,0.0014466251744212914,0.9953687771103216
28,0.011995156864034769,0.0028344061902828535,6.080026253453773e-06,0.001599182023350078,0.983565174896079
29,0.005039612755206103,0.0007857900725610346,6.879221617656363e-06,0.00041969363843494343,0.9937480243121802
30,0.00046981353122109356,3.209463504725139e-05,3.94634335795115e-06,1.2393202690296696e-05,0.9994817522876834
31,0.0005119298864099466,2.1281317424776566e-05,9.046513659232718e-07,1.355707410885338e-05,0.9994523270706904
32,0.0005803712141264638,2.6085908262514778e-05,1.2263663043561142e-06,2.5282718888497985e-05,0.9993670337924181
33,0.0015857108311348015,6.190333738737087e-05,1.0925898127984535e-06,4.494817131342822e-05,0.9983063450703515
34,0.0017588186430281716,8.5329633393626e-05,8.045376142235403e-07,4.777212465341258e-05,0.9981072750613105
35,0.0033556403857216083,8.818982476135127e-05,1.277244769648378e-06,3.665360183391246e-05,0.9965182389429134
36,0.0015999452472067435,0.00021593203351774897,1.2735527996872564e-06,5.001110873602769e-05,0.9981328380577398
37,0.004018666778818175,0.00016805779127183968,2.7202532580770327e-06,7.642070934503974e-05,0.9957341344673067
38,0.004842064807774269,9.902151157713317e-05,3.5610272368079284e-06,0.0001334515090746709,0.9949219011443371
39,0.013977261127516467,0.0002499343079130808,8.152543339811586e-06,0.0005089634794195079,0.9852556885418111
40,0.008740618233613407,0.00038245788298626527,4.713995622377029e-06,0.0007647488052362828,0.9901074610825417
41,0.006208551117476558,0.00016016930745352089,4.162787995672013e-06,0.00040655276105562414,0.9932205640260185
42,0.008666489953411752,0.00027382406796305585,4.728838845947547e-06,0.0008934957017533832,0.9901614614380259
43,0.054257597798331836,0.0007863049235250252,8.024236582616168e-06,0.0019508558682958827,0.9429972171732646
44,0.018017625843933308,0.00027472738354848513,4.488500010294914e-06,0.000542353191774879,0.981160805080733
45,0.07535332794160611,0.0021141727501811504,1.525983258272336e-05,0.0037024282884239325,0.918814811187206
46,0.055255475047595225,0.0014402386210691839,1.5218248963213866e-05,0.006288559008641496,0.9370005090737309
47,0.03713610216735467,0.0007647370941619464,7.4477101118957295e-06,0.0029068045859990312,0.9591849084423725
48,0.06510061126182941,0.0032180148458319357,1.4487147616764675e-05,0.004522713181668655,0.9271441735630532
49,0.06735470400211598,0.0018271109382555755,7.553752782514876e-06,0.001675591441072363,0.9291350398657735
50,0.01342173307336735,0.0004011884656270367,3.3447570782711243e-06,0.0007670906392345518,0.9854066430646928
51,0.01960931349599097,0.0006682284356988846,2.9035452419573974e-06,0.001349571292956617,0.9783699832301116
52,0.0008241869547175202,8.810776077606915e-05,8.099631420208065e-07,0.00012332064050785992,0.9989635746808565
53,0.0012745226406786494,4.888428325162208e-05,8.293184074311392e-07,8.119358859996207e-05,0.9985945701690624
54,0.0016053863292035445,0.00011669826093472485,1.2145240704511529e-06,0.00013881281191324235,0.998137888073878
55,0.0030557038518476513,0.0001820860094235243,5.488585572596139e-06,0.0001550694422436604,0.9966016521109126
56,0.004899378357401469,0.00020908335980901824,2.7693973756870284e-06,0.0007645229623928769,0.9941242459230211
57,0.012236522444654837,0.00014109734110517863,2.5119288437621977e-06,0.0006875649256928763,0.9869323033597034
58,0.0021122730545215453,9.181550326189939e-05,5.743853043970934e-07,0.0002545266568823978,0.9975408104000296
59,0.009873834352037038,0.0002162723800867416,8.997109737171136e-07,0.0003821393399702404,0.9895268542169323
60,0.01004319116318474,0.00010346190595153012,8.946170027105449e-07,0.00041791784905761227,0.9894345344648035
61,0.025569603210545203,0.00025686675275457646,1.5093252329129994e-06,0.0005851621785548135,0.9735868585329126
62,0.01955539756834692,0.0003928668088637342,2.4546755740637122e-06,0.0007510185758387676,0.9792982623713765
63,0.1828881015000062,0.007357090424515371,2.3185968123627115e-05,0.008667299665167633,0.8010643224421872
64,0.032282991949823314,0.0013129224992895767,9.797420955273792e-06,0.004308759373810806,0.9620855287561211
65,0.03875040197286971,0.001786888823762786,9.915030429993207e-06,0.0041921425996256974,0.9552606515733119
66,0.07803201900328582,0.0018887851651767918,1.994461307172017e-05,0.015731142843048284,0.9043281083754174
67,0.13004700740251213,0.002208520618627137,2.5814064224463503e-05,0.015309968492334803,0.8524086894223014
68,0.07532116193110518,0.0009473384979945125,9.347133790009523e-06,0.005697600411324541,0.9180245520257859
69,0.5913940371193125,0.020223550869579686,5.669267855925502e-05,0.056286004947095576,0.3320397143854529
70,0.4268565643818423,0.016082920544163132,3.624837548083873e-05,0.08031380635304607,0.4767104603454676
71,0.5491044768880184,0.012461335860791126,2.9944944470416348e-05,0.08803981890273226,0.35036442340398766
72,0.4912290093947387,0.021923426450371795,7.042426687594306e-05,0.17241645754772153,0.31436068234029213
73,0.31392106077779547,0.15947128769326552,8.000375378923421e-05,0.42976922640737547,0.09675842136777425
74,0.1716158384190571,0.15771533929652307,0.0001272555784604721,0.5983301184737131,0.07221144823224616
75,0.045195300774390594,0.15288406817922331,0.0005435496304445165,0.7514023846516649,0.049974696764276745
76,0.06658496288430327,0.07637993081397575,0.0001104738447940643,0.523898624401797,0.33302600805512994
77,0.21258618200360813,0.0861120203158047,0.0001551419149982815,0.41513618547181097,0.28601047029377785
78,0.3083867564795623,0.10822237511506758,0.00018607683746170025,0.47956604005190784,0.10363875151600062
79,0.22669254114748608,0.6023167539005474,0.0009058389273946671,0.12181642471806728,0.04826844130650464
80,0.37856807231825057,0.4932750334929282,0.0006123483666617068,0.10533690547436451,0.02220764034779503
81,0.2381457186007729,0.6629815543818813,0.0007256133984265115,0.08513398158438154,0.01301313203453773
82,0.047662854963470176,0.9047750525035687,0.03816381261060729,0.003141130833656494,0.006257149088697342
83,0.06176335710399663,0.923714789411082,0.004020688354275442,0.004345698101210938,0.00615546702943506
84,0.00761269871759206,0.9586120438792374,0.027033376357064823,0.004059495735085375,0.0026823853110202476
85,0.00904493558369531,0.83345565643408,0.14231772090753964,0.0077084643373829505,0.007473222737302103
86,0.13917335209102288,0.7958596326188389,0.0006309908746649471,0.010332537513250913,0.05400348690222233
87,0.2957082621388974,0.668669857630558,0.003408122665155743,0.013976914540111135,0.018236843025277706
88,0.18072676409844063,0.803252915377638,0.005105671807898334,0.00562318081073808,0.005291467905284948
89,0.006350426677137014,0.9010432312441795,0.09095340824384383,0.00014454410122912345,0.0015083897336106104
90,0.015411815740572911,0.9432770948016773,0.03502839137267734,0.00033644993642317273,0.005946248148648965
91,0.004289809227018974,0.9011035232708133,0.08684566328511133,0.00026028746922238306,0.007500716747833985
92,0.002583538970034921,0.9247243729891423,0.06912669115600635,0.00021012791095493394,0.003355268973861391
93,0.0013607809487302172,0.7821680283322989,0.2126553605377269,9.2137038144155e-05,0.003723693143099893
94,0.0033668956391462138,0.6309953756957928,0.36179459071290254,8.837172210922143e-05,0.0037547662300493525
95,0.0017209691302788903,0.399410996334005,0.5964118534579538,0.00011232066676983831,0.0023438604109925353
96,0.0056186831817133034,0.8018122793415307,0.18715120093351253,0.0002657348986355141,0.005152101644607894
97,0.0011866969785621227,0.473910448311975,0.5215727710093141,7.389020817488766e-05,0.003256193491973871
98,0.0013433072142008476,0.13901030249945764,0.857338522552376,9.721140713857744e-05,0.002210656326827048
99,0.0011473810544701452,0.34180380215441425,0.654872286916225,8.584136904207784e-05,0.0020906885058485677
100,0.00047816290110858957,0.1207319429849707,0.8758121466941041,4.3132629970894514e-05,0.0029346147898457074
101,0.00041853816400891266,0.0783063858672328,0.9184913393434747,4.515324010821919e-05,0.0027385833851753106
102,0.0011455019681357273,0.15692417739807393,0.8361028403823654,4.712833794996294e-05,0.005780351913474787
103,0.0003270649649841754,0.061307034990369075,0.9356306763628369,2.0385549737912356e-05,0.0027148381320720024
104,0.0002890629755677155,0.07372110979441863,0.9216581156203559,3.784817931608763e-05,0.004293863430341741
105,0.005498091740365582,0.1565198075631681,0.8144023712091935,7.65556668940093e-05,0.023503173820378698
106,0.0012096805072835774,0.1120452127993264,0.8702681080147748,8.24365933911575e-05,0.016394562085223937
107,0.0016983172722718055,0.135365128440925,0.7751410008154778,0.00028412077143548543,0.08751143269988979
108,0.0036853069976134074,0.14352542751771138,0.7486713507643833,0.0025271525531508866,0.10159076216714105
109,0.004741856732077427,0.0014742511592035254,0.0008890928835429734,0.0005757754326743776,0.9923190237925018
110,0.18873422276074053,0.005541317214759133,4.4550413566030535e-05,0.003959691702755881,0.8017202179081784
111,0.4220205310717016,0.008890045445542286,6.0290209546169743e-05,0.0012498486855940924,0.5677792845876157
112,0.9028665618584311,0.07419796477267443,0.00029298567261360365,0.0003560505579794381,0.022286437138301304
113,0.7981904433531192,0.12583977090958545,0.00012345454328403752,0.0037948770828830753,0.07205145411112818
114,0.5655750304572587,0.4090436217768833,0.00017312916168372392,0.007724756584203624,0.017483462019970773
115,0.13053672853551337,0.8477031309365944,0.0003766181155458347,0.014305929046019088,0.0070775933663273765
116,0.17181423636103355,0.8038338364907138,0.0011160757806252754,0.017375538766409033,0.005860312601218364
117,0.05348658579741858,0.9385835450492866,0.0024983585356593233,0.0010113081987570974,0.004420202418878314
118,0.02431421431440733,0.9709403810041304,0.0027230373451453322,0.0007894314974385445,0.001232935838878223
119,0.009555709314461569,0.8346861666304745,0.1531125444514632,0.0003796694204060447,0.0022659101831947258
120,0.018230963300556124,0.9584229723956216,0.019884753940814466,0.0006899193584339015,0.002771391004574026
121,0.0018171541777885613,0.9413008933998264,0.05455240736472729,0.0003066257860379626,0.0020229192716195764
122,0.004071425188437416,0.7145986687508105,0.2747125233228568,0.000361167134852065,0.0062562156030432645
123,0.001444669900081999,0.17290320536794296,0.8234260797692605,6.200509656337329e-05,0.002164039866151267
124,0.0026314408561898964,0.25064436532843476,0.7421567455339685,0.0001527060423827839,0.004414742239024222
125,0.0010509428252579113,0.14792260639362464,0.8479470067404654,7.692195853044473e-05,0.0030025220821217158
126,0.0002707908885863844,0.05595863890572906,0.9426720880756673,3.7483037878955364e-05,0.0010609990921381506
127,0.0001998996575080674,0.0487176140206882,0.9494090744183851,1.6700611417090893e-05,0.0016567112920015832
128,0.0008117686186722094,0.1792371878161286,0.8142534641920524,9.998834698232972e-05,0.005597591026164638
129,0.0016236934217083638,0.25878772829179464,0.7273291849524317,0.00020835549312472884,0.012051037840940484
130,0.0013049055576932478,0.12822739913494122,0.865940381033206,6.51416857035365e-05,0.004462172588455826
131,0.0005184457922976142,0.062286395377455644,0.9320576368647473,9.336152824555806e-05,0.005044160437253948
132,0.23474903844421158,0.5964813442714062,0.08409371047139527,0.01593474003365253,0.06874116677933444
133,0.0031218983492642205,0.23438436388155806,0.7579467351841926,0.0003665108888074935,0.004180491696177535
134,0.003762349372765053,0.27825116370844094,0.7101100828205672,0.0017139331125688646,0.006162470985658013
135,0.012791535061833734,0.46655229969798634,0.49369073679679737,0.0021667324780848232,0.02479869596529789
136,0.49316207686304364,0.16890399026387715,0.0008942721813903868,0.06292285776681349,0.2741168029248751
137,0.6204046886744853,0.11527808518416145,0.0005738370290329757,0.10651651029615228,0.15722687881616798
138,0.7039108409632071,0.07286658825313026,0.0011113783753691137,0.05205900785508668,0.1700521845532069
139,0.6660486215471841,0.28525019240356403,0.00039564329239460966,0.025443048694622106,0.022862494062234853
140,0.329056971330531,0.6013900140392118,0.001449940915639233,0.045803568101821235,0.022299505612796804
141,0.2935560779353995,0.6147070398430184,0.0018731832116461438,0.05434402098012263,0.035519678029813144
142,0.046592207446911,0.8881359462580715,0.0012089184004733708,0.059937777614718114,0.004125150279826259
143,0.1574955833897652,0.33065121347898163,0.0007910455177901941,0.4888490786143339,0.022213078999129075
144,0.021238294633280225,0.9422406381555355,0.003963475014301409,0.022464473635719462,0.010093118561163445
145,0.19298797958386887,0.08389030351404506,0.0005399037770209634,0.11819859292229415,0.604383220202771
146,0.5762904975435313,0.22020166890817322,0.000342130715949358,0.106553699313252,0.09661200351909399
147,0.6558400427636659,0.2534862348015593,0.000420282596923536,0.06981605066221014,0.020437389175641075
148,0.0883863749966864,0.9029787538310292,0.0011531531412670537,0.0040336730914028885,0.003448044939614552
149,0.2385773715737506,0.7319800883366858,0.00020192027264109654,0.023367767318682547,0.005872852498239892
150,0.1567091849148803,0.824881758255763,0.0008655963511515477,0.013710432334647887,0.003833028143557163
151,0.1270914803617657,0.8597078775478607,0.0021784024193105215,0.006915155128064437,0.004107084542998704
152,0.009747559552850333,0.9866124634981529,0.0017948525126646531,0.0007127836995072266,0.0011323407368248727
153,0.009080559556152779,0.978194042389317,0.009264365324778341,0.001974895183894475,0.0014861375458573758
154,0.003689566616294745,0.8826205556808783,0.11068454028504637,0.0006583328812605673,0.002347004536520065
155,0.005013165760424396,0.9616942970730008,0.028975747352568044,0.001477180320142127,0.002839609493864677
156,0.05366486195831733,0.9248863879367523,0.01489350051529522,0.001365390058112097,0.005189859531523047
157,0.013212005103100919,0.9674872153393199,0.016901649301467536,0.0004100640399516134,0.001989066216160043
158,0.007471122766877722,0.9583653931551328,0.03164631984825713,0.0001745858958548233,0.002342578333877765
159,0.00532596778390505,0.9205540509583494,0.070584650619916,0.00022365022146747588,0.003311680416361999
160,0.0018618090844154975,0.8615688992069919,0.13493571336255167,0.00023504478134576292,0.0013985335646951435
161,0.002832505601959153,0.9553511582367317,0.039188484139213366,0.00021010034137962122,0.0024177516807161784
162,0.0007358542558580077,0.20808315808229394,0.7893676704759192,8.906442501006715e-05,0.0017242527609188608
163,0.0013181491134903632,0.3676048413734515,0.629346360341234,0.00017072285067630004,0.0015599263211478183
164,0.0008420748148968413,0.3442092013822141,0.6526042480937327,0.00016671696840208654,0.0021777587407542758
165,0.00120021247345717,0.2065626759885392,0.7898009634913364,0.00023274410509735625,0.002203403941569878
166,0.0005455170177668922,0.10158206776958534,0.8960111910391277,0.00010138885516040969,0.0017598353183597636
167,0.0012790654652417798,0.1401610480680753,0.855375115880498,0.00023245348483740507,0.0029523171013474095
168,0.0015096054470234868,0.2636432801635578,0.7327964021180301,0.0004566802388814284,0.0015940320325071272
169,0.0004928142161506289,0.06486045551460617,0.9333526083117416,9.890421924714308e-05,0.0011952177382542732
170,0.0023195601049652414,0.157325894613687,0.8352360010800434,0.0005192369721784519,0.004599307229125894
171,0.20504871224220175,0.6919761999980225,0.020723918686528047,0.05098445909004867,0.031266709983199095
172,0.021848856910176125,0.9143275810636103,0.039036231237462866,0.014452379364433882,0.010334951424316936
173,0.018053507309802142,0.9504055080238385,0.011703789949412877,0.013080040556541134,0.006757154160405319
174,0.07542291648528594,0.6718071423979348,0.007927037404699352,0.21956348022877784,0.025279423483301908
175,0.0985312234666045,0.4280998149080311,0.0007794820655544999,0.4213160393416397,0.051273440218170166
176,0.059813379044767176,0.18835862822235339,0.0006525486774106738,0.6898084427422815,0.061367001313187376
177,0.06975914923703441,0.04792967652630103,7.745130438078806e-05,0.723313175040241,0.15892054789204282
178,0.010697874137574873,0.0017231881206428883,5.227696866751406e-06,0.014467733790114642,0.9731059762548009
179,0.01856357202494896,0.0012780666724734205,3.771449764129568e-06,0.006937675345476959,0.9732169145073365
180,0.37009405786067895,0.005040800818666139,2.9685598956350647e-05,0.06391395954161523,0.5609214961800835
181,0.32251774844734077,0.007525179537155973,2.4449645452900945e-05,0.07098711170786902,0.5989455106621814
182,0.07032776405464676,0.0029969829937258057,8.844972255308305e-06,0.0410025376716734,0.8856638703076987
183,0.34490355013349716,0.02475764105361923,5.068001114560834e-05,0.2928830699487989,0.33740505885293914
184,0.3025868054403976,0.05000958112871323,7.159207123612136e-05,0.3401941061048371,0.3071379152548159
185,0.08166514124215177,0.030448174608113072,4.981759022220409e-05,0.7387622847569028,0.1490745818026102
186,0.03375085064840238,0.004439092274893584,2.2364383155628002e-05,0.5041706381283685,0.45761705456517987
187,0.11678619188635325,0.008964589302760605,2.771856389886812e-05,0.8087824338479929,0.0654390663989943
188,0.2442906899709803,0.008084314322729939,1.7212814193252505e-05,0.30052640162594674,0.4470813812661497
189,0.6051714171280845,0.04327080396846036,5.10704380869843e-05,0.3260173895278104,0.02548931893755772
190,0.4043911597557421,0.16723445002823117,0.0001252991632238114,0.3945908860337584,0.033658205019044506
191,0.11665035405873699,0.5419053179195509,0.0003137681718994827,0.33569569303626123,0.005434866813551227
192,0.11875325163955976,0.3644096193652067,0.0012479519927914202,0.49648966006709777,0.019099516935344337
193,0.029262539508364827,0.9200447680931022,0.008015715895694126,0.038471571668551634,0.004205404834287052
194,0.05936792867354139,0.8496596082508153,0.002161177062475209,0.08639165190563682,0.0024196341075313154
195,0.020175793299035676,0.9681386294961478,0.0030935949486089634,0.004991463876773216,0.0036005183794341773
196,0.011671474189013145,0.9247980601691286,0.05499619922465369,0.005675675391670895,0.002858591025533692
197,0.07506777325169071,0.9091958169297649,0.0027189482374145517,0.007197038647047166,0.005820422934082545
198,0.2307687724866958,0.7301048716476028,0.004781267169542228,0.01269012946269366,0.021654959233465578
199,0.00606339629703878,0.9419474211150785,0.04932787150320479,0.0015002223519465572,0.001161088732731444
200,0.012373410011262886,0.9607376501164042,0.023762792205632287,0.0017905713392643889,0.0013355763274362298
201,0.03885454603357747,0.9404981380723871,0.0086447355306862,0.007872133213907949,0.004130447149441269
202,0.0029203270770521927,0.9773596911170366,0.006952498091812365,0.011562492410830238,0.0012049913032687004
203,0.010095747940021067,0.9424938766111174,0.017393839808778226,0.027028392802983848,0.002988142837099369
204,0.04031118486493985,0.9018279737783547,0.009737261533126387,0.03391169187732932,0.014211887946249738
205,0.2086608304706184,0.3620083283277634,0.0007961456187161855,0.11936219692044145,0.30917249866246066
206,0.5205121884564958,0.1270274742488985,0.00034672067317203164,0.22602926906264253,0.12608434755879125
207,0.3355538124891098,0.595425413991402,0.0011822437672432717,0.050741191752018334,0.017097338000226493
208,0.7089330576440217,0.06694944012195277,8.506259368086686e-05,0.0815494565937136,0.14248298304663093
209,0.5977202634526391,0.26846653414957733,0.00010618430012327096,0.0920823143162253,0.04162470378143511
210,0.7113344110233919,0.0670125930300729,0.00013210093727691698,0.10879505199726067,0.11272584301199766
211,0.5691113243495505,0.40760977639522616,0.0003082097687325869,0.01287702526131794,0.010093664225172917
212,0.26047684672012367,0.7224877528374634,0.0006921387680006495,0.011982475774456212,0.00436078589995621
213,0.048891962460454116,0.9451960010921514,0.0031947952779677147,0.0012222298802946055,0.0014950112891321692
214,0.009962683760671873,0.9500065813566002,0.036482066994175257,0.0012460753620627458,0.002302592526489891
215,0.008330178921197995,0.9640513666757421,0.023903968718582157,0.0011662860154733547,0.0025481996690041816
216,0.0022917671423845244,0.9728901711832093,0.021932493281428978,0.0006858258223896642,0.002199742570587522
217,0.0029676595609009716,0.9872994368879209,0.007962385901624206,0.0004167499886309443,0.0013537676609231106
218,0.002968651602219974,0.9191235271901673,0.07576787026921097,0.00035246964085504324,0.0017874812975466445
219,0.0007423932308770656,0.8745325388370826,0.12331318021622872,0.0003539352484963841,0.0010579524673153208
220,0.0006894962394213762,0.8666138549041438,0.13101158930829182,0.00020557668030409828,0.0014794828678390476
221,0.0018447648275762075,0.6389921257717798,0.3575590722903371,0.0002992023182058649,0.001304834792100801
222,0.002387611413908526,0.6440986398313568,0.3466349021105497,0.0004163326349272765,0.00646251400925778
223,0.005709055500244474,0.6865050461215271,0.30142196778569225,0.0011938332427166882,0.005170097349819551
224,0.00424129675812321,0.5693835285626726,0.41426648292719,0.0018033162142569229,0.010305375537757231
225,0.0063614873917094885,0.46549902747390093,0.5164588198746377,0.002336946201501468,0.009343719058250391
226,0.015744492958936065,0.46719493537983153,0.466904637188572,0.00866041286800696,0.04149552160465343
227,0.12330416505804816,0.060649602004173256,0.001630550876820728,0.019616207996144195,0.7947994740648137
228,0.3668428521012518,0.02188471756226541,3.29264492180497e-05,0.030636398047299736,0.580603105839965
229,0.6688000925774529,0.02180217676455779,3.926938959468655e-05,0.017973846412317317,0.29138461485607736
230,0.6007784077815441,0.37102451583836593,0.0002413140152374564,0.002873395471028539,0.025082366893824114
231,0.5582838110562256,0.3791295319898568,0.00018766602496586815,0.012683476389796746,0.04971551453915485
232,0.17534096493075899,0.8111777780700563,0.0003012541744235391,0.009791948835274159,0.0033880539894868525
233,0.22080183803811884,0.7627994249304718,0.0005163404023080275,0.011197207212012802,0.004685189417088481
234,0.02348480668437334,0.9701059312111262,0.0037539632504426487,0.0012506537991335623,0.001404645054924223
235,0.0063339536745401995,0.9614346537375258,0.030081179374628494,0.0007622880884581685,0.0013879251248473305
236,0.013924754618488334,0.976488667408189,0.005900794803132212,0.0012870301704459752,0.002398752999744423
237,0.0032130789027866274,0.970145805123887,0.02452153656603839,0.0007351407240184545,0.0013844386832694813
238,0.006096977433697534,0.9353675300217281,0.05544452135236035,0.0006395783326268178,0.002451392859587366
239,0.006713338552223618,0.975132740987128,0.016117060112512297,0.00043676363354701726,0.0016000967145891516
240,0.002109257670394536,0.6092614988640506,0.3873595288504451,0.00020123872075842477,0.0010684758943516086
241,0.0018300242574348438,0.8230657957285589,0.17315899716234207,0.0002655584126312454,0.0016796244390329639
242,0.0006489651581510627,0.4630930299162803,0.5354451092946394,0.0001361030096070621,0.0006767926213222779
243,0.0028210012619909255,0.719042175235121,0.27519299319215057,0.0006621094900621706,0.002281720820675222
244,0.0011890898411285903,0.4486589826754155,0.5488985838540078,0.00016903709805874662,0.0010843065313894658
245,0.0006648512624549424,0.276070966883168,0.7223509223834654,0.000169309696890652,0.0007439497740209018
246,0.00024069551867209093,0.08655060537666405,0.912726155768268,5.2760605089400544e-05,0.00042978273130657376
247,0.0002890042531215899,0.09843735815570788,0.9006566421063045,7.024202406785598e-05,0.0005467534607981024
248,0.0001092876142193403,0.039760910843621655,0.959714919719873,6.175841944651811e-05,0.0003531234028393086
249,0.00012894443946292382,0.04505746563253063,0.9539180873702724,7.720600362797947e-05,0.0008182965541059972
250,0.00026954667737640205,0.0731748686949651,0.9247365190884148,0.0001881380577738309,0.0016309274814696943
251,0.0004385062829144681,0.05412585588493261,0.9437830202754574,0.00019068395530224798,0.0014619336013934091
252,0.0013595134666430698,0.19369988662309523,0.8004164971551079,0.00032745626376288166,0.004196646491390923
253,0.0003844098557550578,0.09766870745648815,0.8992220521369868,0.0001978689866778302,0.002526961564092097
254,0.09616061856817368,0.4448080066503019,0.3639572862495051,0.0071210266222081,0.08795306190981116
255,0.11661542537944548,0.8036901222594364,0.06069321883610476,0.007440514215792153,0.011560719309221229
256,0.1276848085435401,0.6890477595560072,0.16429305909921568,0.0036723719116638835,0.015302000889573071
257,0.04447597722286174,0.8082632936498403,0.1402125782219437,0.0016633081310506517,0.005384842774303741
258,0.01726515040911662,0.6515824895473876,0.32738555195049096,0.000981105569053578,0.002785702523951278
259,0.002583846121712885,0.3899557520366082,0.6052593298207247,0.0003957904255116726,0.001805281595442503
260,0.0024758248504174675,0.6004275097331144,0.39183566477315057,0.0005412447968750256,0.004719755846442639
261,0.0008012382881154499,0.6028264669042144,0.3944292038764791,0.00024070300200238336,0.0017023879291887024
262,0.0008204445722345336,0.6203747812963446,0.37647623156291243,0.0002290035280784728,0.0020995390404300114
263,0.00023763401805579888,0.08935300809238704,0.9098032650811776,4.381924557796303e-05,0.0005622735628015455
264,0.0008022395861913205,0.2493840808570976,0.7477076377424016,0.0001388428523195167,0.0019671989619899203
265,7.009797419246954e-05,0.02068766861930104,0.9790119589175712,1.1745341452451984e-05,0.00021852914748261764
266,0.00018152882172353674,0.04873396323118936,0.9501074110053616,2.987291206001384e-05,0.0009472240296654905
267,9.208479265993065e-05,0.038928038250336,0.9600195844110123,1.236966473534187e-05,0.0009479228812563817
268,0.0003662568431132432,0.1123900727604256,0.8851346276941165,3.8077626266386455e-05,0.00207096507607828
269,0.0005049806063934728,0.12398118561100065,0.8731887132420771,3.977853974702068e-05,0.002285342000781888
270,6.785284635462258e-05,0.03690259607240031,0.9620550839006328,1.7003413467515288e-05,0.0009574637671445251
271,0.00018792129365591243,0.06250359147534928,0.935980274425321,2.134428621899156e-05,0.0013068685194549238
272,7.290865748051856e-05,0.037794738870300076,0.9612328125888495,8.545691683331573e-06,0.0008909941916865839
273,0.0014952267263073497,0.09892313588684895,0.8928964937761814,8.318770168348397e-05,0.006601955908978952
274,0.000161055503912897,0.0657529530243499,0.9303992187795921,2.7892006566888123e-05,0.0036588806855783235
275,8.867582858835376e-05,0.0404447270077714,0.9564613109873866,2.6426219241867984e-05,0.0029788599570117875
276,0.000397339557113879,0.04977742870520579,0.9479414380288949,0.00010585625656695015,0.0017779374522186454
277,0.001261673970921598,0.06498965163074832,0.9228221050932565,0.0004925749956597206,0.010433994309413929
278,0.0008897411864267069,0.14324909155273502,0.8382620943047195,0.0010993733867792508,0.016499699569339374
279,0.000883921325473412,0.07091162618669543,0.8891965017578395,0.0017262146922589537,0.037281736037732764
280,0.002791107382396197,0.1105617939859038,0.8185716960063771,0.010296053835811484,0.05777934878951129
281,0.0025084442068378414,0.008676973899437992,0.0036266837388838043,0.002503249047861951,0.9826846491069784
282,0.0079528848205878,0.002729150851548549,8.902530776614796e-05,0.0023184875353561107,0.9869104514847413
283,0.038527520608423925,0.0037406648926021848,4.7085226670957144e-05,0.0027576184926470363,0.954927110779656
284,0.14611473899692945,0.016748982489672985,0.00022883211298278631,0.006829970382331996,0.8300774760180827
285,0.2573057184873269,0.19418147394337654,0.00041887313702779666,0.029046571898051703,0.5190473625342169
286,0.6242819185602381,0.09450956225295107,0.00025437744365321683,0.025989371395305043,0.25496477034785264
287,0.39156449484536815,0.39563481047290794,0.00031099828008692874,0.06310304121461106,0.14938665518702599
288,0.18552715942752898,0.6757668135010796,0.0020047146742671468,0.06243164302780266,0.07426966936932164
289,0.28235851900701614,0.5615756196730061,0.011062600842966945,0.05816117350439713,0.08684208697261378
290,0.19885297413144276,0.67446082829584,0.002269451591128214,0.07441691629220919,0.0499998296893797
291,0.16342917456250583,0.7452992560492164,0.005892854635746418,0.055190765569526824,0.030187949183004464
292,0.1419205436244257,0.8049664837962851,0.00751949611570705,0.015887592320700576,0.029705884142881684
293,0.05997221801859166,0.9077337476202755,0.02131245872063276,0.006981563329993934,0.004000012310506396
294,0.03178714705356636,0.9447534337839556,0.011319595153023422,0.005688779573073981,0.006451044436380481
295,0.03458967939993237,0.9425438929058823,0.008489869567279205,0.010907310471902886,0.0034692476550032725
296,0.03327561645342666,0.9236287993529038,0.005562920649073754,0.03521779230225949,0.0023148712423365896
297,0.007766386483715381,0.9484048113582676,0.021738937167905755,0.019356991441565666,0.002732873548545508
298,0.053300777063139744,0.9110233408034133,0.0013985905042295538,0.029159147373010865,0.005118144256206727
299,0.07250704082952712,0.6683403605122573,0.0005821385027884222,0.2508059269007692,0.007764533254657902
300,0.050041398920102995,0.4653402123914597,0.001088486051279267,0.4780350952510611,0.005494807386097041
301,0.1119481602574639,0.3048807369257188,0.0005171261807560418,0.5764461263764369,0.006207850259624316
302,0.04365195440740822,0.4680059583113027,0.0012757727853187541,0.4794819296588198,0.007584384837150479
303,0.030872351022364554,0.34481674533863393,8.778778101656954e-05,0.6152747013847407,0.008948414473244145
304,0.030579215645915078,0.11631988381024992,4.8324234420013024e-05,0.8454969673028083,0.007555609006606674
305,0.026635742600738643,0.02865520973740722,6.0870840250016556e-05,0.9366341531180082,0.00801402370359584
306,0.0429956950514881,0.027901807602832316,2.3497670277550178e-05,0.9262141305769589,0.0028648690984432916
307,0.0500956716914182,0.06171842878909654,9.039308662478407e-05,0.8789399050549996,0.009155601377860673
308,0.0391091626892656,0.06388122876007907,0.00012193298512363253,0.8915243442487889,0.0053633313167427065
309,0.021001886831675736,0.018564911754596486,3.828709225957629e-05,0.9566723492582864,0.0037225650631817165
310,0.04129571659183059,0.05138406957061,3.432259460772958e-05,0.9035236641980484,0.003762227044903329
311,0.030735631949914948,0.014744661975648376,2.640036282663912e-05,0.9511727467718706,0.0033205589397394698
312,0.05057890559283447,0.011630585443052422,1.6893833720342515e-05,0.9240209948676404,0.013752620262752363
313,0.06392610750621058,0.05009842622403439,6.838503262178643e-05,0.8785895245024408,0.007317556734692596
314,0.0722591160337399,0.01025404918215907,2.2411229326408482e-05,0.9128725240484087,0.0045918995063658095
315,0.049534792315932136,0.009742585868200156,2.0138258320652906e-05,0.905925906702932,0.034776576854615035
316,0.04537192649403874,0.013098411957119808,1.707288964983566e-05,0.9318892015459547,0.009623387113237028
317,0.060312701389925,0.017887864700886057,1.7814837525267742e-05,0.9136561674684123,0.008125451603251307
318,0.058039800354857535,0.006127123649348306,1.7389914214330384e-05,0.9303903413991882,0.005425344682391615
319,0.04424848250271459,0.00999910932229861,2.0607551946147686e-05,0.9353220471585633,0.01040975346447738
320,0.035398134610501855,0.02490692525349345,2.9604751609865624e-05,0.9357061833340808,0.003959152050314024
321,0.019483184052221814,0.006342734602902017,1.2258605744867782e-05,0.9710051128713292,0.0031567098678021307
322,0.030147139356959844,0.007291041145201525,1.761208860894261e-05,0.9560619621926465,0.006482245216583127
323,0.03936544963095539,0.007297937220140028,2.0262866863803884e-05,0.9374350013926682,0.015881348889372423
324,0.06359260687446423,0.014751726748697035,1.976587668216828e-05,0.9159159206352055,0.005719979864950996
325,0.11269102035165403,0.02073727863307726,2.295374099554582e-05,0.7904707394431861,0.07607800783108706
326,0.11620163858768537,0.026069681860597802,1.7635398764401534e-05,0.8500532670291859,0.007657777123766487
327,0.09400887812688416,0.01793871393850996,2.07048352899648e-05,0.8633103591948166,0.024721343904499447
328,0.1268576447756509,0.031498906643201555,2.0940075637180732e-05,0.8292743203715082,0.012348188134002076
329,0.04533857166251475,0.027270436878512397,2.2972594505057176e-05,0.9210360301507451,0.006331988713722871
330,0.03768351849005147,0.014238319854589555,2.0082177538844125e-05,0.93003840079979,0.018019678678029956
331,0.007613965436350141,0.022448403994635043,0.0011680712971280898,0.15748743010593386,0.8112821291659528
332,0.06956875891481357,0.0033610057218073103,1.9076326075077697e-05,0.3075700888441055,0.6194810701931985
333,0.5530804219027531,0.010673698048340953,0.00010990569473131566,0.3070899806067724,0.12904599374740222
334,0.3805274338706111,0.009839605693850088,3.138974010603455e-05,0.09509232891322629,0.5145092417822066
335,0.7269047479289971,0.011181852231756766,2.5491900111683207e-05,0.18899655525995318,0.07289135267918123
336,0.37185731373590236,0.04738776226184733,4.365354785705502e-05,0.5556162613475294,0.025095009106863766
337,0.5665621893577828,0.06048818869401582,3.346545921294067e-05,0.3494031637597804,0.023512992729208138
338,0.2978616047322449,0.23671144132744454,5.059250032416774e-05,0.4589502654826308,0.0064260959573557335
339,0.10317989451434528,0.6891766873733239,0.00013312113847081746,0.2034843176714619,0.004025979302398051
340,0.01777660897923643,0.8902168547076927,0.0001508462485328024,0.0904898909306905,0.001365799133847568
341,0.10613391298223138,0.6552155928375213,0.0001653000456398381,0.2202528079428626,0.018232386191744866
342,0.007578197184703357,0.9767754588371976,0.0001413026424249799,0.014890135429688716,0.0006149059059854699
343,0.019044561886239222,0.9657011095861849,0.00045351811494489467,0.014044106379968868,0.0007567040326620771
344,0.01411443446306513,0.9778588892874673,0.00040680559188645293,0.006948551117100578,0.0006713195404806997
345,0.01519530474359677,0.9753927063173771,0.0006158863797987521,0.006734199056620812,0.002061903502606651
346,0.007410760842702092,0.9902377173938287,0.0003645454554585835,0.0012093610673953835,0.0007776152406151229
347,0.16673667207857953,0.8093878485532899,0.00046769147896679397,0.011489373897166661,0.011918413991997156
348,0.04345046635365232,0.9532709039421988,0.0004680883067086626,0.0013223773437464937,0.0014881640536935918
349,0.031293355267907344,0.9564030707330632,0.008473794777037824,0.0010294568730960906,0.0028003223488955375
350,0.005776552933358969,0.97109339062101,0.021883706938423356,0.0002248321186248344,0.0010215173885829252
351,0.060966823116585286,0.931754348387388,0.001822041302146273,0.0029495731622936135,0.002507214031586735
352,0.05124714323583431,0.933300281948628,0.002628630332337392,0.0047130601969474824,0.008110884286252739
353,0.006467652081034796,0.9889552326079047,0.002030421887041834,0.0008460647514530059,0.0017006286725655686
354,0.024118442455414852,0.9662881874232404,0.003918088352420813,0.0015407280424258737,0.004134553726497899
355,0.0062091139671081015,0.9765076761121152,0.014643522528006955,0.0009520079585997317,0.0016876794341700297
356,0.01872278672349982,0.9696097392119797,0.004296500793502167,0.0006613404400028351,0.006709632831015523
357,0.006134194399332922,0.9850416760052165,0.005791525107714646,0.0006310728139286674,0.0024015316738070593
358,0.00863091245659507,0.984833842152806,0.003802241646321207,0.0007056907128321412,0.002027313031445311
359,0.013190355280269184,0.9697910607544193,0.011305973757841876,0.000928312418287829,0.004784297789182148
360,0.004094274063014288,0.975046536026085,0.01784814320104544,0.0006482466688744171,0.002362800040980662
361,0.0020629133032860326,0.9673865865168186,0.02850746630431987,0.0002702582294567277,0.0017727756461184678
362,0.011921740994234207,0.9751197601824562,0.00975007336734993,0.0005003991559369568,0.0027080263000227337
363,0.003811742214228093,0.9639640005071366,0.02990813209058082,0.00033956903589685023,0.0019765561521575045
364,0.003238955158487104,0.9400080858544146,0.05430709753164653,0.00033930574919442186,0.0021065557062570294
365,0.004359591536555067,0.8201051164492973,0.17189749412126135,0.0003270882083639993,0.0033107096845222434
366,0.004352832064745661,0.8281621123481044,0.16446513553867578,0.00036241305285349476,0.002657506995620472
367,0.005575137251100275,0.9407190199690698,0.05099182443077007,0.0003086872994267824,0.0024053310496330613
368,0.007487121728596912,0.7887014207269846,0.2017822831626446,0.0002892042836795728,0.00173997009809446
369,0.0027130497131349603,0.826688660538715,0.1686698249456398,0.00021941250493498612,0.001709052297575325
370,0.0025654490197180193,0.47723255836058825,0.5182837601348246,0.00023347428558646125,0.0016847581992827556
371,0.005463970109638495,0.7149648748380782,0.2760723608045242,0.0005326280771502591,0.002966166170608817
372,0.002942935611039161,0.4377128576720425,0.5568593771801902,0.00032010862097547866,0.0021647209157528258
