epoch,N1,N2,N3,R,W
0,0.0019773641302495335,0.002594682909722016,0.00017285060245524354,0.00028033333613702307,0.9949747690214361
1,0.0006297990856769842,0.00021740860314273168,1.3710799313273111e-06,8.415006829747363e-05,0.9990672711629515
2,0.0012096851709895511,0.00013059658430366412,1.2485764073643725e-06,9.987076407036456e-05,0.998558598904229
3,0.0020936846054180726,0.000202172295564134,2.919091438425963e-06,0.00012141702054685708,0.9975798069870324
4,0.05485650246028642,0.0007224705414686587,1.769543014505868e-05,0.0002472527634730658,0.9441560788046267
5,0.06714774557220544,0.0038579121723068153,1.896460167110574e-05,0.0014370867020121866,0.9275382909518045
6,0.04500882341300323,0.0008661297658711162,1.9696754122136373e-05,0.0010721811410583767,0.9530331689259451
7,0.040794496270014004,0.0008990414642793685,1.4883400325674967e-05,0.0014103052039394083,0.9568812736614416
8,0.002656967761536729,0.00035803704330400677,8.18588677310635e-06,0.0005040745381809571,0.9964727347702051
9,0.18165053357081185,0.002376293348302854,3.9692054909854955e-05,0.004319344946945086,0.8116141360790303
10,0.136472764957738,0.002234038755332758,2.9697213174570654e-05,0.0034219582748162454,0.8578415407989384
11,0.19673153659687218,0.00988832793268325,9.421058238147533e-05,0.003576138155738623,0.7897097867323245
12,0.21186651845152402,0.04406836780437199,0.00016033212192341958,0.08027807181853316,0.6636267098036474
13,0.05801783299824645,0.010461431453763348,3.820768891488158e-05,0.014968343902348519,0.9165141839567268
14,0.141371195031118,0.18160001761761796,0.0012113634251847273,0.02654512481173433,0.6492722991143449
15,0.09670708054777573,0.009549300376768544,4.1361090759792943e-05,0.014306508178493068,0.8793957498062029
16,0.2002162202040467,0.4250811579122692,0.0005865642687017065,0.019405807599307483,0.35471025001567497
17,0.2105092779099924,0.4961088665832524,0.00032468583399143615,0.08871864153013233,0.2043385281426317
18,0.2320316600800125,0.2420777036787988,0.00025587755274115347,0.0740025755864471,0.4516321831020004
19,0.14776430559185624,0.5710133328498558,0.00017397854674387222,0.12331830589696612,0.15773007711457798
20,0.08786144773428611,0.7983606987309277,0.0003649326903784374,0.019328124731556044,0.09408479611285153
21,0.3388123070207738,0.43379713908203105,0.00020823401935646216,0.03429182150399695,0.19289049837384195
22,0.04876853072999404,0.9180474448735012,0.0001564116701105727,0.006395102196891876,0.02663251052950227
23,0.03126223335304638,0.9491887701171883,0.00048779076287458787,0.001637155625594822,0.017424050141295923
24,0.37388514422214886,0.42243300795121635,0.0003273057320361601,0.017306204049195306,0.18604833804540344
25,0.04722845607205928,0.9216408342497862,0.0002915315296470121,0.0012244932922436474,0.029614684856263757
26,0.018108230893646545,0.9310382947854463,0.000280305268598244,0.002539800075570317,0.04803336897673853
27,0.015373421189078954,0.9684522864237569,0.002759935342876027,0.0003390921754300698,0.013075264868857902
28,0.032455537368083744,0.9249502604305916,0.0031392300040182794,0.001456484772155404,0.03799848742515102
29,0.186404830589286,0.7768292366803816,0.0007286829473656293,0.004093133107624379,0.0319441166753422
30,0.021355148524969204,0.969115659340477,0.0005103032515726142,0.0004504314099646779,0.008568457473016662
31,0.047732459166640935,0.9434322890001969,0.0005098379239037876,0.0008534187884506343,0.007471995120807833
32,0.011752402231301837,0.9802741192236059,0.0009448603016249046,0.0001766380356283695,0.006851980207839165
33,0.038085892418914705,0.9450408422601526,0.0016394767981045303,0.0012473966022816653,0.013986391920546471
34,0.02964902895896702,0.9547513925684605,0.004121927368963284,0.0007874346294472612,0.010690216474161943
35,0.03279493925073146,0.9365613661087782,0.015191961157717858,0.0005908942072369965,0.01486083927553542
36,0.015724339704074455,0.8350155051732078,0.11740429837525708,0.0005986419384658195,0.03125721480899491
37,0.012941921769691665,0.7379593433161634,0.20301225359736713,0.00041977216048688594,0.0456667091562908
38,0.017411214458772403,0.7954611323149005,0.1519523193369161,0.0003048843590821276,0.03487044953032881
39,0.017539385556231392,0.845411843769387,0.12116641739893273,0.00021606487520619858,0.015666288400242683
40,0.08669687693665583,0.7164301988228294,0.08785056988974957,0.0007666369438416615,0.10825571740692341
41,0.03784445869762478,0.7401935445575893,0.15240978638277825,0.00037353017615750575,0.0691786801858501
42,0.038644965294396295,0.6605055985732207,0.2430223289281569,0.0005005572133299469,0.057326549990896244
43,0.06942324418924384,0.5975573994628567,0.13631787094178652,0.0010333322762607897,0.19566815312985206
44,0.02804226898094789,0.576214806614936,0.36395361345364935,0.00013388903301725084,0.031655421917449585
45,0.0419681205005935,0.5967778475062225,0.28900268792902795,0.00032416183928719443,0.07192718222486891
46,0.011159189338290156,0.5525069757105817,0.40666456435333775,0.00014437567723729557,0.029524894920553133
47,0.022178334259699294,0.6302380863092438,0.31377439621681696,0.00026928385169981207,0.03353989936254005
48,0.03397203935835016,0.5015611166173246,0.41430605677605686,0.000913574473013672,0.049247212775254665
49,0.021934943919487655,0.5529334504328202,0.4027847551699439,0.00025939875403798986,0.022087451723710183
50,0.008581795123398607,0.17017858608180692,0.7843280090930848,0.00011721164984895155,0.03679439805186071
51,0.027440848548894572,0.39881329222625733,0.5394666136220635,0.0002687794920737507,0.03401046611071078
52,0.029395033605898572,0.45069156486637074,0.47502598261739754,0.0006729067108588212,0.04421451219947427
53,0.03543465952115282,0.5386911595180802,0.38541798576298214,0.0004784562659567711,0.03997773893182811
54,0.03880649785814394,0.41006592837617145,0.3888915798288682,0.00035098916562604224,0.16188500477119042
55,0.024850073914318958,0.49352883981679324,0.36392771175553695,0.0012942778302195911,0.11639909668313134
56,0.007212715624603079,0.39180577189824206,0.5891487805025127,8.73785026910568e-05,0.011745353471951174
57,0.014367864356484144,0.33674972545007126,0.6193066799620414,0.000255544827464987,0.02932018540393826
58,0.04173173243480857,0.6490792417010434,0.2564791168945784,0.00038007871672860306,0.0523298302528409
59,0.011689253993407145,0.4444146659229785,0.5161336887424633,0.00025824293731566746,0.02750414840383533
60,0.008886033515156159,0.2484148138313929,0.7088574078194289,0.00020308695782433853,0.03363865787619774
61,0.05256091492838526,0.6879379501308972,0.18282794131659602,0.0006630829200487873,0.07601011070407267
62,0.030363751935223886,0.15460572634495912,0.03226443996740744,0.00043217800237720663,0.7823339037500323
63,0.059606339824498415,0.12906707755891958,0.0038271707074089153,0.0009686355458978011,0.8065307763632753
64,0.23863439718109872,0.3806918050134377,0.017914064319915386,0.004069017888895832,0.3586907155966523
65,0.3307475196844562,0.5001569335362926,0.005791091834564394,0.0012849452545799528,0.1620195096901068
66,0.39931795145171,0.5082382118891423,0.01801038662864588,0.0011274805172534054,0.07330596951324844
67,0.30105344300598236,0.5763845882087009,0.04678173981959023,0.0010257160666499441,0.07475451289907661
68,0.08025232624593244,0.7777837177183654,0.027515925073477165,0.0025700382648538283,0.111877992697371
69,0.069039451964731,0.7689752866698195,0.09340635657830286,0.0034718698958703473,0.06510703489127621
70,0.06817410634428808,0.6570286912999528,0.09587447963459764,0.003692446566618759,0.17523027615454256
71,0.03428731811354783,0.5744235902960384,0.31894968607215013,0.00230973866565536,0.07002966685260828
72,0.15545455238895975,0.36522904614152873,0.06132953135276204,0.0029148907619239188,0.41507197935482554
73,0.026937576425253025,0.629661252385311,0.29291873946707137,0.0008829061618723198,0.04959952556049241
74,0.032330266523419714,0.6377883679596172,0.2731286502611435,0.001066396777623622,0.05568631847819593
75,0.029273041620742634,0.609916959616154,0.30763579233296445,0.0010892780636792248,0.052084928366459594
76,0.022853488859033134,0.5507137442994294,0.3951906318525797,0.0011878874575992826,0.03005424753135845
77,0.024906064172329677,0.5406694568147377,0.2434825702587014,0.0020539679698851165,0.18888794078434615
78,0.049165195563409245,0.45213322395642414,0.3004240446600971,0.004349181145341963,0.19392835467472766
79,0.06486657863055859,0.7893552795236947,0.07683580938259164,0.0019902390404422277,0.06695209342271272
80,0.03435867473142046,0.8487092405719556,0.07192550630948873,0.0007782756811573866,0.0442283027059777
81,0.04703209066158972,0.8317880502419766,0.09630086741591648,0.0019769186036888075,0.022902073076828542
82,0.03418740094595847,0.7814819767089627,0.16027677903146278,0.001934262332352587,0.022119580981263542
83,0.02169375082112716,0.8319967084195877,0.12123048426710127,0.001125189819445946,0.023953866672738123
84,0.0328691983956434,0.7183657393166161,0.22740928918188408,0.0019402074805844568,0.019415565625272184
85,0.02351295143786901,0.6239991464883115,0.33147619270641693,0.001591598536360891,0.019420110831041747
86,0.03889245677289415,0.7526157695714516,0.19551471727884925,0.0013064734392778778,0.011670582937527037
87,0.033278025891908834,0.5510652195138748,0.3947680885821393,0.001929926614545932,0.018958739397531153
88,0.02488486524894953,0.5755021942234178,0.3766818656466165,0.0025221845980149212,0.020408890283001257
89,0.021967943507677966,0.4629610575513798,0.41631117194277845,0.0034925424606171572,0.09526728453754653
90,0.02920990155344226,0.673327768213882,0.21035749988630464,0.004706487408982886,0.08239834293738806
91,0.04335312034156222,0.790431410547408,0.11090834039986641,0.0030952669626960537,0.05221186174846738
92,0.02987433537415288,0.6084034365638307,0.3315860701070841,0.0009086166836594586,0.0292275412712729
93,0.024739634016395003,0.8126730670757334,0.13397058464089756,0.0007824544046947015,0.02783425986227941
94,0.024161620745815113,0.8003247974118488,0.15726550379890816,0.0008370432104591218,0.017411034832968703
95,0.009153210253543972,0.6879290356908747,0.2853151042202096,0.0004358712443557783,0.017166778591015886
96,0.027785312156644842,0.6442102831478407,0.31620106833240885,0.0010867445492711483,0.01071659181383447
97,0.009471596720011514,0.4305373313024074,0.5540966242628526,0.00025916468744259134,0.0056352830272859275
98,0.01793080120925979,0.4430993287940449,0.5315449146441337,0.0007139005297164575,0.0067110548228452235
99,0.041947839528652074,0.6537641717219024,0.2477020697074296,0.0017038253545170689,0.05488209368749898
100,0.022552196950064954,0.5082610129782394,0.44990477084878855,0.002304679078032641,0.016977340144874394
101,0.06264597952330787,0.6653933936808947,0.2186775403563765,0.0018355562511680379,0.05144753018825291
102,0.03320020881320705,0.47394339270977565,0.4669922778808421,0.0016138430322865489,0.024250277563888714
103,0.11550421476714073,0.2797560251277062,0.047981180233560815,0.005425171858541864,0.5513334080130503
104,0.312038719939157,0.3927355517372908,0.08021752234601363,0.007924345665515203,0.2070838603120235
105,0.11012339401029204,0.6695778557612585,0.18401650825370028,0.001617528769990619,0.034664713204758626
106,0.26484896343379183,0.6292584621053408,0.07950395271747716,0.0019491124114662303,0.024439509331923973
107,0.0891840707318117,0.607321921409088,0.29142209307318695,0.0018667930900030595,0.010205121695910278
108,0.012834528392945124,0.8410454362993485,0.13909728571476773,0.0007953777508882996,0.006227371842050254
109,0.018663238774262958,0.6051798226589771,0.37203806562355873,0.0007591193488117336,0.003359753594389461
110,0.014729073264237934,0.7161529688519153,0.2642350763602059,0.0008506493608131992,0.0040322321628277905
111,0.010094439647127236,0.5380173912769319,0.44795146592480506,0.0004890014665069544,0.003447701684628892
112,0.010951010626987825,0.35424867401960874,0.6315663692946967,0.0011045391812030654,0.002129406877503688
113,0.007838703741661212,0.3489006374640981,0.641281788921194,0.0002794118750147046,0.0016994579980319593
114,0.01295529421933312,0.5564483979311515,0.4159912765616842,0.001541552371528714,0.013063478916302326
115,0.013530820929394257,0.34108848128679176,0.6414712008195711,0.0004685018389616973,0.003440995125281262
116,0.004934098708828767,0.3886512332102227,0.6041588032646114,0.00021317825693918855,0.0020426865593979045
117,0.004016528525149273,0.37101691907624057,0.6240039066919548,0.0001479756963288231,0.0008146700103264966
118,0.008160358329260507,0.37303596726029986,0.6162160488764123,0.0003743926912262765,0.002213232842801129
119,0.009422098199735626,0.28115942999029464,0.7065186909532414,0.0003766100245281001,0.0025231708322002114
120,0.0014459380675364072,0.21657448565994913,0.7802604305218902,0.00012057518866393887,0.001598570561960129
121,0.009704761637337512,0.39084908411710595,0.5971340207158843,0.00031449869310480865,0.0019976348365673587
122,0.0034122951090540285,0.17151648611910217,0.823863393930446,0.00011720520631420215,0.0010906196350834823
123,0.014021600190721515,0.49505832406180195,0.48617209807678663,0.0006644670678768334,0.0040835106028130385
124,0.004692568861755036,0.2223541932029862,0.7705757811246691,0.0002636850522172341,0.002113771758372483
125,0.0029315811368341087,0.12642297174080716,0.8691392180426553,0.00012194838514063113,0.0013842806945628145
126,0.008473346702849134,0.3766308407421725,0.6098830389142907,0.0005464682353569185,0.004466305405330611
127,0.0033190393015417735,0.22145647224581275,0.7731474653338596,0.00014458864501546155,0.0019324344737704233
128,0.0067221983128715095,0.23036514570343183,0.7555564043799311,0.00038567637843994713,0.006970575225325646
129,0.0078636637763114,0.31435128788379507,0.6732502092906688,0.0004838558767243924,0.0040509831725002825
130,0.009890606142035756,0.25222252487209973,0.728555589428198,0.0007931539383942031,0.008538125619272275
131,0.011936762659420737,0.3022901472292838,0.6763276317189417,0.0009186705680684134,0.008526787824285299
132,0.005854256633386123,0.2960768033155494,0.6943123324311495,0.00036449590343339623,0.0033921117164814746
133,0.006956502895328269,0.14279861515490655,0.8478378063516784,0.0002876454373355748,0.002119430160751077
134,0.004618564536894478,0.15988907308099165,0.83295524740702,0.00037382438008216385,0.002163290595011717
135,0.007809321862172329,0.29236536557328086,0.6911669931005866,0.001704640587066763,0.006953678876893356
136,0.006743229253938094,0.19072850258098117,0.7983060616321515,0.0004804271417245543,0.003741779391204604
137,0.017506062385798,0.5701854819054001,0.4015535663417236,0.001467916453342521,0.009286972913735836
138,0.0068169472773376445,0.2589023233550893,0.7293377042542553,0.00036992346381457955,0.004573101649503188
139,0.000990376153601945,0.12536076490134135,0.8728591760026077,9.71310859236978e-05,0.0006925518565255484
140,0.006599962173186182,0.2920911909632848,0.6982235936968824,0.0005080430237369716,0.0025772101429096528
141,0.006840887536347006,0.24492703329698157,0.7452157462650539,0.0005655957120924916,0.0024507371895250113
142,0.006344453520674407,0.28744616194961947,0.7027435052152372,0.0003364982756181987,0.00312938103885074
143,0.007582426780941708,0.20398114644194817,0.7818674492077812,0.000584734754576706,0.005984242814752237
144,0.011507989043983919,0.24029469339162127,0.7390031435203624,0.001023384086968648,0.008170789957063643
145,0.00918606262639149,0.2931042244758657,0.692863608784331,0.00041309374658421633,0.004433010366827723
146,0.011645920269241045,0.30517693999355494,0.6726229210702366,0.0013959638276650633,0.009158254839302259
147,0.012159551528689323,0.27670214120694575,0.704557358835485,0.0006562124296494478,0.005924735999230574
148,0.0009338113512140466,0.06742212340801106,0.9304291460986107,5.329999612155109e-05,0.0011616191460425338
149,0.0013148622865468969,0.104028366042096,0.8935631037758098,6.909479293543826e-05,0.0010245731026118966
150,0.0017801977330700511,0.14398933362667382,0.8510776955577725,6.744385436463542e-05,0.0030853292281188094
151,0.002509200028850273,0.09257091697266988,0.9020066894050335,9.447884386627093e-05,0.0028187147495799085
152,0.0081565645117719,0.164741997733386,0.809364187543389,0.0007778522903268568,0.016959397921126315
153,0.008883040561335587,0.2599399428872015,0.723877233775887,0.0003135543756085683,0.006986228399967504
154,0.01088839927152341,0.1832021340410813,0.7933523424127013,0.0004411394451345886,0.01211598482955945
155,0.009518492795750507,0.2591533674679521,0.7165126763978618,0.00036394930173165395,0.014451514036703934
156,0.004049711666484642,0.09681358290982528,0.8937187293002613,0.00015571001917215547,0.005262266104256521
157,0.0027575904955831863,0.09343085564645554,0.8997140723939849,0.00014110059145997124,0.003956380872516338
158,0.007178190432740311,0.23774600831009723,0.7485194286678534,0.00025809984502998666,0.006298272744279064
159,0.00410968395841795,0.09564275758996067,0.8949165988000463,0.0003064712764607994,0.0050244883751143325
160,0.011732322328453915,0.2454534072636335,0.7292461439394298,0.0012858879971643293,0.0122822384713186
161,0.010944654018410148,0.2499636629540242,0.7325143670149051,0.0008981911998281469,0.0056791248128324045
162,0.0019622443056632657,0.13045848690173834,0.8661108272538828,0.00010925695338980898,0.0013591845853258913
163,0.0009899875830626842,0.07593042413277337,0.921812421507341,0.00010285440305448035,0.0011643123737684515
164,0.0015862283336012357,0.14613307342989781,0.8508466083517653,0.00013079069960936072,0.0013032991851261687
165,0.005840965154717689,0.23051270638005522,0.7610991316991287,0.0003283460640398281,0.0022188507020587207
166,0.0012178702493183013,0.11197239233743202,0.8859147533942099,0.00010494177232001702,0.0007900422467198434
167,0.007157094456764289,0.2688651326760346,0.7186207392021956,0.0005051287725641771,0.0048519048924412795
168,0.003257546708189122,0.09395672689860114,0.9008352256897885,0.0003166041650158984,0.0016338965384052168
169,0.004859548187631425,0.14961657101305428,0.8416428321022114,0.0004977553775271145,0.0033832933195758154
170,0.002748557210508293,0.0927814345698632,0.9005786773147078,0.0004117272668674604,0.0034796036380533514
171,0.004322562789132567,0.17123180376445382,0.8214114839920071,0.00030763302742613913,0.00272651642698014
172,0.0024096086941515736,0.07608311661430416,0.9198656242273131,0.0002515589451308344,0.001390091519100167
173,0.005758635402939212,0.34514319582913566,0.6451704112586764,0.0005425111715277665,0.003385246337720984
174,0.002365552738521268,0.1109502758936196,0.8854899413217684,0.00018812609319773162,0.0010061039528929578
175,0.002070747664512558,0.25095845556934415,0.7451087909840628,0.00029669406980872674,0.0015653117122716705
176,0.008893947457941299,0.4155473579187089,0.5698556219346366,0.0021782749651853375,0.0035247977235279065
177,0.005145838601283815,0.2110501002185329,0.7806377767258262,0.0008076012260792551,0.0023586832282777373
178,0.010535442308368264,0.4074626278419735,0.5760330080244853,0.00191068561172185,0.004058236213451058
179,0.00761184402845288,0.2393618207900578,0.7485700721224673,0.0009665821117711455,0.0034896809472507303
180,0.008679272369646739,0.21209695017947883,0.7688213871146824,0.0021506247450322866,0.00825176559115988
181,0.006801302197643056,0.12416893184874978,0.8624154320176431,0.0014460657123335154,0.005168268223630637
182,0.07542215639805451,0.400353396083755,0.2201831018339701,0.0058897875136890735,0.29815155817053124
183,0.1321361760671529,0.21891407718400924,0.20715250513305578,0.02409608420159763,0.41770115741418445
184,0.28146058374295224,0.48404071104404867,0.14940515389713063,0.01167516694603932,0.07341838436982913
185,0.2364316953225667,0.5480868769397762,0.1457890331689589,0.011423335301713225,0.05826905926698515
186,0.07064110323641372,0.7059923140141416,0.20077552927301393,0.006379449186288536,0.01621160429014211
187,0.028093110201543838,0.8003722792634694,0.15466935728810466,0.008249183581297307,0.008616069665584885
188,0.02558678247785014,0.7593118254920006,0.18014055739767812,0.02683622776608605,0.008124606866384899
189,0.026408171507402725,0.8782624892471155,0.02867379538486385,0.05533926676603105,0.01131627709458683
190,0.022047819800543017,0.7774534833595674,0.1807210744700637,0.01689308974361126,0.0028845326262146595
191,0.01414152659845844,0.8177268013537976,0.15336026493566682,0.011209462580330816,0.003561944531746408
192,0.02984313112053201,0.8165314545917449,0.1288645469789317,0.017381216654436732,0.0073796506543548955
193,0.025695864599171347,0.8175294235461572,0.12444228498807504,0.025150463331731824,0.0071819635348647414
194,0.01564401318106382,0.8884981385637349,0.07436736115379675,0.015493832614974494,0.005996654486429999
195,0.02124252408542658,0.8494085228360485,0.11300879454150019,0.012729556634798066,0.0036106019022264604
196,0.017667864265456915,0.7289422338872137,0.22729932149431958,0.017136432303407022,0.00895414804960273
197,0.027066163174141674,0.8397654104838642,0.11661905475816457,0.011424778650809228,0.005124592933020179
198,0.015108882863492708,0.8129495185266786,0.16210906255198887,0.00606681046724618,0.0037657255905935677
199,0.01360119626817757,0.8361503921386775,0.13448251147727872,0.009909588127473562,0.005856311988392808
200,0.007659230476932153,0.8799446929358301,0.09782703331573538,0.007922790611190188,0.006646252660312376
201,0.016510951854102923,0.811325509187287,0.15849211372463015,0.006794226349626214,0.0068771988843535845
202,0.018353412643339027,0.7992677855466724,0.16823104041457082,0.010102935845531482,0.004044825549886245
203,0.012094937796105407,0.7957413389447652,0.18362803656086693,0.005613763953620269,0.0029219227446422133
204,0.018653225362753642,0.7248349064784937,0.2438113178897747,0.005752757348397526,0.006947792920580506
205,0.009260698354096273,0.7815267609835317,0.20265437330739255,0.003332437393278751,0.003225729961700808
206,0.006851408939541246,0.6511089085662156,0.3360602766069098,0.003761297831260556,0.0022181080560727917
207,0.009923504786485508,0.7362879428444482,0.24720815735067117,0.0033848533884202597,0.00319554162997495
208,0.008898978392482635,0.5883999544317781,0.391653039144195,0.006419487725959427,0.0046285403055850525
209,0.006606484319392903,0.6392086348723341,0.3485051966916006,0.0034809663028639052,0.0021987178138084752
210,0.013545907215196615,0.640134219769394,0.3376273681950704,0.005311806475606369,0.0033806983447325204
211,0.008310546263209156,0.5975957232884145,0.38729087463213535,0.0034792217263519207,0.0033236340898892616
212,0.019485551058553676,0.43491215604999783,0.5240443843584736,0.016806406279213353,0.004751502253761719
213,0.025834667401606,0.6565660638418214,0.3024048517512698,0.008993524546764527,0.00620089245853826
214,0.011054322514352207,0.5956291583959353,0.37621022180438574,0.012830193842267043,0.0042761034430595915
215,0.03841066357057328,0.8349707765602788,0.08221180700512334,0.03232466549755079,0.012082087366473841
216,0.011946429966659374,0.6115084498471299,0.3681399124863246,0.0049331220655999585,0.0034720856342862084
217,0.00977091572280297,0.7387890082954232,0.24157709908693806,0.006955150650059551,0.002907826244776328
218,0.011706704013374451,0.7402079063023115,0.23736747033890934,0.007518051066216753,0.003199868279187805
219,0.01478226962028787,0.662310708735217,0.31200112382272727,0.006836161509838156,0.004069736311929635
220,0.012746205192756979,0.7273136312616238,0.247791187361893,0.007925117590977894,0.0042238585927482815
221,0.015694847596831717,0.651439581111731,0.3222175232669905,0.0069798451919319505,0.003668202832515055
222,0.01198611836808169,0.8458174929914485,0.12522334780758992,0.011808778372015787,0.00516426246086413
223,0.012709881461397721,0.8110319512363745,0.16520529246099275,0.007536460031264206,0.003516414809970739
224,0.0097071800009567,0.7446911815976945,0.23477105733258916,0.004914540152923746,0.005916040915835824
225,0.017501423230130188,0.7128129768291948,0.255327673408884,0.009571669453956485,0.004786257077834517
226,0.012866162370538675,0.6878918315895067,0.2882678137446944,0.006873658151751515,0.004100534143508693
227,0.014401899539741636,0.776520319296831,0.19980618445742931,0.005377606485606709,0.003893990220391545
228,0.023271344505223703,0.7621632166052115,0.20096284972367306,0.008059227870787349,0.0055433612951044636
229,0.015064059535322001,0.7260981317334753,0.24568706801638024,0.007791621510899474,0.005359119203922901
230,0.008723455079044673,0.8664614306370059,0.10876578917612915,0.010977808826748404,0.005071516281071742
231,0.009326113652107717,0.7661871290351523,0.21048698369447189,0.008607113778760538,0.0053926598395077205
232,0.006956476461791956,0.7122774969345209,0.26865340972675295,0.008550745041051055,0.0035618718358832583
233,0.014298898475537255,0.7864358735517805,0.1810298177911819,0.014886875799805098,0.003348534381695302
234,0.022427702085519325,0.8037134301491852,0.12068879516089846,0.03803408968872412,0.015135982915672943
235,0.026560224583071224,0.25231888983732625,0.17109949314824202,0.17447029116683105,0.3755511012645294
236,0.18301469792270664,0.6258228635645422,0.011214876941457962,0.15423379664304376,0.02571376492824929
237,0.0701097801999795,0.8148778632032456,0.051796832050975836,0.05007258608402892,0.01314293846177017
238,0.09907584825044226,0.7229289451619243,0.023949348776235498,0.1470621036469213,0.006983754164476794
239,0.10579537028872499,0.6916657566134965,0.06756230513808958,0.11492406861147561,0.02005249934821327
240,0.11920512216687369,0.09168842219132284,0.0023823277731962436,0.6779727919396508,0.10875133592895656
241,0.054311025850453915,0.07903036996140021,0.0013029994597774958,0.7781214095955559,0.0872341951328126
242,0.18487782451646492,0.09403630588786584,0.002071031102071896,0.4551371557260716,0.2638776827675258
243,0.27283155458799224,0.18038118861055097,0.00304513372769134,0.4278563847687824,0.11588573830498294
244,0.138520853155647,0.11947558114893121,0.0037114115311168375,0.2673129269374557,0.47097922722684926
245,0.16266150892879996,0.13763374504006254,0.0010388100399424832,0.4674708613637159,0.23119507462747915
246,0.4480070978613796,0.06289156873319246,0.0004946604475902326,0.16863103783289918,0.3199756351249386
247,0.23068514915812705,0.1230014433921652,0.0012645373886119933,0.24488449939575638,0.40016437066533933
248,0.15433531830085928,0.04583170986346129,0.0002226958776888624,0.3976374222420615,0.401972853715929
249,0.24622621481488946,0.05829746731642279,0.00010992587087713488,0.33645202342263003,0.3589143685751805
250,0.1501573059566599,0.09632210337532195,0.0005520663441203667,0.2526448838328573,0.5003236404910405
251,0.4415497577052694,0.0791133154471643,0.0001190988257815241,0.2559792828605347,0.22323854516125013
252,0.20287644513723957,0.07592092022285003,0.0003294359554084722,0.2692615727783881,0.45161162590611376
253,0.29451947184321203,0.10470178266575939,0.00010789986257367307,0.23149780864326855,0.36917303698518644
254,0.13167704854222972,0.06444328961469936,0.00017070116518528894,0.13093492736609683,0.6727740333117888
255,0.20076543744274822,0.03211950489761136,7.302981029764022e-05,0.0919694135153351,0.6750726143340078
256,0.472729895463206,0.06493383557970935,0.00019445032349256678,0.14588495985728767,0.3162568587763044
257,0.17102733395788425,0.019290993996922894,0.00017384393521116946,0.03652517478244511,0.7729826533275366
258,0.39541322489964725,0.04185245887658996,0.00010880226245059215,0.11752047146702312,0.44510504249428895
259,0.0749409269282122,0.020352865864395882,0.0006520725431920161,0.02116347039839393,0.882890664265806
260,0.4463640278356123,0.011953558428709751,7.919678232779279e-05,0.04179976893632175,0.49980344801702853
261,0.2126750895651936,0.014365019283804362,0.00013056555995351167,0.03947870560488324,0.7333506199861654
262,0.46971217819069616,0.024758665141504977,0.0001494408593039843,0.09170990827332477,0.4136698075351701
263,0.2816108033282623,0.06514614288590236,0.0023373846553190335,0.1396975559099996,0.5112081132205166
264,0.4173935289739989,0.03014977286462467,0.00014054601022436662,0.20926198388037992,0.3430541682707722
265,0.3761824868762974,0.02994049629819551,0.00018127265598367014,0.19085673480273535,0.40283900936678796
266,0.34026980357288267,0.025221220930121163,8.134565391944563e-05,0.14518605428974876,0.489241575553328
267,0.17844360028874529,0.021821538511623627,8.7313304270829e-05,0.25561602834429004,0.5440315195510702
268,0.22753153072446416,0.03560902185794102,0.0009883828405769417,0.08441434590336018,0.6514567186736577
269,0.11582125244032984,0.03155724815684026,0.0003185707521198764,0.1412375399662651,0.7110653886844449
270,0.36010299483874625,0.01744073104347501,7.130273484228918e-05,0.17445752175194054,0.44792744963099584
271,0.09138484185226801,0.02600223047842557,0.00010255526573775742,0.1452844257345431,0.7372259466690256
272,0.20975737420952364,0.02096417190755322,0.00011024455764650533,0.22928099075612546,0.5398872185691512
273,0.11651788882393123,0.019714755835115307,0.00023154515511807054,0.36069909589384114,0.5028367142919943
274,0.21968852203251654,0.03409269807706535,0.0005207476982316226,0.08799921824480526,0.6576988139473813
275,0.10894420033559335,0.029137043798773757,0.00019055718430683696,0.15355742927755478,0.7081707694037712
276,0.23924112808796455,0.06847119413143259,0.001832822919310494,0.15213254373830898,0.5383223111229833
277,0.08603895413708716,0.020586791559922157,0.0005326853106899634,0.5116764913807901,0.38116507761151064
278,0.16663399093170211,0.03481003147097884,0.0005010368819289378,0.36800075160024687,0.4300541891151433
279,0.0990345143691198,0.027280111126157407,0.000283322107000085,0.7676642125012837,0.10573783989643917
280,0.04886715781935333,0.010304066707007465,7.506653447807911e-05,0.9221865625634457,0.01856714637571537
281,0.14237085047474174,0.040831546829249714,0.0001753211885050597,0.755780207003209,0.060842074504294644
282,0.04859728159420897,0.022796633646063037,0.00016094847639272267,0.8894977589999362,0.03894737728339906
283,0.04669984555958123,0.023466720284559667,0.0001322042714469431,0.8001374445465065,0.12956378533790575
284,0.054296483892386165,0.03976816998110702,0.0002559785120243258,0.7169222224295967,0.18875714518488584
285,0.07007438047122018,0.029011426994198213,0.0009733147195825094,0.5683024453954,0.33163843241959906
286,0.22919429343725178,0.08012767670204714,0.0011244371948222955,0.23027566287683257,0.45927792978904614
287,0.1285159168269878,0.11790138303680976,0.0008913511055364421,0.38176379566405916,0.3709275533666068
288,0.050827514692643974,0.02753084474736107,0.0003323156548594053,0.13889752840225106,0.7824117965028845
289,0.06376531371356267,0.05058366281428556,0.000743968416420382,0.2515334832117855,0.6333735718439459
290,0.19128800274728366,0.05444366353283464,0.000847205965692604,0.16367169622348868,0.5897494315307005
291,0.12059540933414237,0.02066200185139076,0.000609631064512951,0.16431372069676117,0.6938192370531928
292,0.2740309394945439,0.0484067855768656,0.0007844897518469734,0.24947479905381145,0.4273029861229321
293,0.05992018760729819,0.00936697025599595,0.0001976307155638624,0.047227384672704674,0.8832878267484373
294,0.14674087212338482,0.025449900821553267,0.0020434897124045576,0.05858681763221207,0.7671789197104453
295,0.13153905344233402,0.023721657782158144,0.002341799786399895,0.05225050778366725,0.7901469812054407
296,0.1093673025505888,0.02430669185198988,0.0026833579558755614,0.07682464336520997,0.7868180042763357
297,0.32868918201566133,0.03630263159202595,0.00029207035561260394,0.3304880702734776,0.30422804576322243
298,0.22857117157671378,0.03277226223120488,0.00029706585782959523,0.36539515203702494,0.3729643482972268
299,0.003370913962565457,0.004712074142094187,0.0029022289984970513,0.0009781048523755072,0.9880366780444678
300,0.20358146607335276,0.028509766114041147,0.0005061685264202199,0.17598075532435728,0.5914218439618285
301,0.33654495798611445,0.03968818712623946,0.0008795905520416992,0.1531023703174872,0.46978489401811724
302,0.2372795873390209,0.026821361985826863,0.0003972197177514211,0.1753157831008332,0.5601860478565677
303,0.17731097438454305,0.2879246984918374,0.0006228725061560623,0.2726101252447743,0.26153132937268925
304,0.16061622791420682,0.039854868909961504,0.00016881546306229579,0.46632335436040223,0.3330367333523673
305,0.1473920483350598,0.047649781376469816,0.00019329139837515603,0.5510403486739872,0.253724530216108
306,0.1529489602587978,0.074957829191034,0.0002016166283047483,0.48774344087296717,0.28414815304889623
307,0.1334800004064461,0.048417881929484465,0.00015468081650964904,0.6412146097958461,0.17673282705171353
308,0.10230112288247617,0.06247589052353675,0.00023600308142136014,0.5960046630092016,0.2389823205033641
309,0.10814361111696627,0.05266674716303568,0.00018131588013574934,0.5330317600058347,0.3059765658340276
310,0.17970878072578308,0.06361424251606984,0.00020128055757227006,0.6190917047504018,0.137383991450173
311,0.13972607226272915,0.03274530614502623,0.00013822680694165762,0.6877190001077076,0.13967139467759546
312,0.10612266590186528,0.08840173582310676,0.0001792420831356376,0.7240665126830332,0.08122984350885902
313,0.07648729945360726,0.0369533568891422,0.00013298051559491577,0.7319382241445747,0.15448813899708108
314,0.08565910638120913,0.034614990562535294,0.00025207070158142416,0.720453203997659,0.15902062835701514
315,0.07590448002940704,0.04191848641103631,0.00011147468085562353,0.7480348488809435,0.1340307099977574
316,0.0713116810492427,0.04452836686080869,0.00015492577039937901,0.7734677694283257,0.11053725689122361
317,0.10465121900603987,0.052432565309522096,8.864632718941871e-05,0.768704316187773,0.07412325316947545
318,0.07408843344336773,0.035599805250397715,0.0001085045183806439,0.86428445975965,0.025918797028203867
319,0.07535520083368583,0.059631039393609066,0.0001299839990876768,0.8349669894037967,0.029916786369820834
320,0.06953437105554479,0.04659059604215448,0.00022217458934372148,0.83999036733444,0.04366249097851707
321,0.03376517676584311,0.01360063245251326,0.0002146638836764159,0.8532312251465796,0.09918830175138767
322,0.0461454991758957,0.022218872562423532,0.00014031081722406367,0.8792407936890336,0.0522545237554231
323,0.09634115169638557,0.06277232237499887,0.0002734484301298249,0.8159712340794871,0.024641843418998582
324,0.08611072531143245,0.050652565227417096,0.00026526409759017734,0.7879027945139064,0.0750686508496539
325,0.06377891497874753,0.025980649508967106,0.00012488303848353605,0.8917197980791082,0.018395754394693695
326,0.051380952059571564,0.030706807698318513,0.00011656249460677773,0.9047695485705783,0.013026129176924696
327,0.15567795498260725,0.1361940790029965,0.0003556416104045556,0.6015680732446563,0.1062042511593354
328,0.07012013121468258,0.5443789173202606,0.0005884219073705488,0.37066073733759475,0.014251792220091533
329,0.101242584304053,0.060067664097683764,0.0001377086721430119,0.80296336936388,0.035588673562240186
330,0.16367501695352557,0.13418301804913557,0.00025295706567463576,0.5187839389368122,0.18310506899485204
331,0.16480992445749115,0.13098237043580546,0.00021098071193952197,0.6103926963323418,0.09360402806242207
332,0.2828005981248597,0.11044241593622528,0.00022448982644773894,0.506992168034661,0.09954032807780647
333,0.27507173552237824,0.1919569891825467,0.0003585453103883606,0.4257737112678942,0.10683901871679229
334,0.23280667983973535,0.1612619438367126,0.0001520381407790855,0.5263589346232139,0.07942040355955902
335,0.1811181420514868,0.36291614987027304,0.0003218986510198511,0.39707524351958606,0.05856856590763424
336,0.17970785046066484,0.05245003533489749,0.0001415757430149363,0.6472394573090589,0.12046108115236391
337,0.16953143608627075,0.04050551866366318,0.00014754104658270303,0.7257959014757207,0.06401960272776265
338,0.12931534948690182,0.08628339522655634,0.0002018738279741807,0.7105307395677728,0.07366864189079486
339,0.1176886200810972,0.14752974379045902,8.21013077267343e-05,0.717986676755632,0.01671285806508502
340,0.09099406856578109,0.053422766036909444,9.845534564639068e-05,0.832454088276146,0.0230306217755172
341,0.10157077376597208,0.033500150081175295,0.0001012410193494226,0.8368107216165014,0.02801711351700168
342,0.12956765767083414,0.15772880296369432,0.0003128665945066143,0.5363312197005395,0.17605945307042523
343,0.2205334309060177,0.2040384418372622,0.00022143828623061212,0.5518429972900505,0.023363691680439017
344,0.2699981503481186,0.1009214957886963,0.0004518923223298721,0.5036807300853805,0.12494773145547466
345,0.23300626147383974,0.18671162045843687,0.00037061312059995103,0.5309764260669103,0.04893507888021311
346,0.29783749675927174,0.25948540318131985,0.00027972518954629113,0.33179809007850297,0.11059928479135918
347,0.28129905990532644,0.26278728772996585,0.0005142057323430939,0.3512138786147372,0.10418556801762746
348,0.12921071529064715,0.4273615737471264,0.000559655027348263,0.24378808140879102,0.19907997452608714
349,0.23747235081347745,0.35423650888041625,0.00045818537109902467,0.3773903708021873,0.030442584132819823
350,0.10746390771848648,0.6172338747212637,0.0003807379614308158,0.22890396666500823,0.046017512933810935
351,0.21422446312841315,0.4350102241667938,0.0003676032044151441,0.3086939286547774,0.041703780845600474
352,0.05418421559688942,0.890308881805178,0.0012308736137580758,0.04956358720521866,0.00471244177895585
353,0.09239387004682366,0.8340117974935962,0.00018072121692667417,0.059570807796777925,0.013842803445875681
354,0.06866556869755736,0.8090062081161838,0.00027009456504463475,0.11757372948799813,0.004484399133216109
355,0.020701520906435265,0.947340974556914,0.0003872346134810272,0.025244787306762217,0.006325482616407296
356,0.3187568871093234,0.40237059515632007,0.0003181079844563638,0.22986319851051745,0.0486912112393826
357,0.08232509639034713,0.7440637290108086,0.00011691735096377243,0.16570451618108575,0.0077897410667946195
358,0.08262882999931268,0.7499202843409101,0.0001116350247034905,0.15735212396463769,0.009987126670436065
359,0.15547691881362807,0.6738048859493557,0.0002132552950747934,0.15452703984408017,0.015977900097861247
360,0.08684034389236504,0.6846545947726929,0.00015566221729226327,0.22155835452719963,0.006791044590450197
361,0.09052494895919101,0.7982021285774208,0.0007648338819063138,0.10473178924127385,0.005776299340207973
362,0.13357325344062096,0.6944705356678966,0.000496391990967787,0.16524531507857496,0.0062145038219396116
363,0.08814993855266685,0.6358459489754529,0.00016242250456032113,0.2683387084702022,0.007502981497117776
364,0.1395649788508867,0.568623544917803,0.00019810892191988723,0.2841055926068615,0.007507774702528804
365,0.23525573862109336,0.18634798816886844,0.00017665408657519628,0.5684494137419289,0.009770205381534025
366,0.20478903208239171,0.40754509820208434,0.000990834426009402,0.37905934289123816,0.007615692398276375
367,0.06882427653336198,0.8301482785994342,0.0008330235082474475,0.09478084269981626,0.005413578659140167
368,0.0668243282090165,0.8384998650866458,0.000899413971443732,0.080753435561358,0.013022957171536117
369,0.03989626557381352,0.906098788383288,0.00014447526319116033,0.05034405335283046,0.0035164174268767956
370,0.031131555345845472,0.9429951936442201,0.0001628860661157168,0.023145501790777883,0.0025648631530407356
371,0.04063197073262505,0.9268759120804578,0.00015067491791970506,0.029364046706666518,0.0029773955623307686
372,0.056777747667601436,0.9295616591443588,0.0004436897268502111,0.010709311714016078,0.0025075917471737326
373,0.12566801331753827,0.8537563598232192,0.0002258558370789399,0.015796269973508942,0.004553501048654565
374,0.02225721278027674,0.9722000321304151,0.00033360254533974917,0.003363623789616322,0.0018455287543519628
375,0.027988267524258217,0.9668443435946174,0.00042828289733471894,0.00264092566075238,0.002098180323037132
376,0.012708297755610228,0.9791813963014329,0.0015917344318794268,0.003131046039775785,0.00338752547130173
377,0.023146034901156177,0.9706093924387281,8.37365386838421e-05,0.0033322310082227026,0.0028286051132092563
