epoch,N1,N2,N3,R,W
0,0.0008425496588352722,0.0002196623266309212,1.461375326455528e-06,8.22014746146956e-05,0.9988541251645927
1,0.0011512693685473462,0.00011984569280476809,6.531816518108393e-06,4.0351791394291354e-05,0.9986820013307356
2,0.004075698444386181,0.00010396562226734412,1.7657087829745023e-06,3.873528415150147e-05,0.995779834940412
3,0.0007825826712045594,5.2154458359284734e-05,8.495363847011688e-07,2.872550413821336e-05,0.9991356878299134
4,0.0006501165362269814,8.497183020738131e-05,3.191400254000187e-06,1.5588256071350495e-05,0.9992461319772403
5,0.001236749805533083,5.364490343367097e-05,8.540694031417353e-07,2.044303979704038e-05,0.9986883081818331
6,0.00040251022307203596,5.5692586967845e-05,4.26336146032067e-07,1.948389664878445e-05,0.9995218869571654
7,0.0011913084962398449,5.822104997745483e-05,4.948928364820901e-07,3.7231126023447066e-05,0.9987127444349226
8,0.0010981472063134148,0.00017091722445996977,5.338141448961361e-07,3.318541054134397e-05,0.9986972163445403
9,0.015006078754340449,0.0006400543362421343,3.073309381323799e-06,0.00014324502293729444,0.9842075485770987
10,0.006553335470302911,0.00027654356513351667,8.81315971485995e-07,0.00019077894917852295,0.9929784606994136
11,0.006850271467323847,0.0002931805478148462,9.952143779723114e-07,0.00020328308497462509,0.9926522696855086
12,0.17191701019411756,0.0024186015804354,9.603092101812314e-06,0.0012814908142641554,0.824373294319081
13,0.07718936346502783,0.0011651872064450623,2.0271225582217243e-06,0.001440226910291656,0.9202031952956772
14,0.045868878164773134,0.005722055681923076,4.783390170563344e-06,0.0025349176131528968,0.9458693651499803
15,0.08828004240128647,0.0027630365586888872,7.605006164719989e-06,0.007121721103471912,0.901827594930388
16,0.0674863484942291,0.012355635618702095,6.686777942497498e-06,0.006007169214549396,0.914144159894577
17,0.2443857531119412,0.01699043527807543,1.3454510398467567e-05,0.01258285269194191,0.7260275044076431
18,0.15601995464125748,0.07889318927255555,4.191314487914091e-05,0.009219484585530643,0.7558254583557771
19,0.14682775608904117,0.19082862724940172,0.0001531290922876623,0.015383802164787744,0.6468066854044817
20,0.06726957931650496,0.1562997770494744,8.6478431650724e-05,0.03229003374539642,0.7440541314569734
21,0.0656551550068841,0.14262187919741443,0.00021417009628665084,0.04510750071781638,0.7464012949815985
22,0.07260933556233766,0.16615013144372595,0.0006445897209494269,0.016773336092493308,0.7438226071804936
23,0.03179136026621327,0.201697556146146,0.00046740405208476173,0.004646660016010408,0.7613970195195456
24,0.05961508537087596,0.012064663921633125,8.136943927588668e-06,0.014426988535072812,0.9138851252284904
25,0.08090595771224425,0.14664765936385063,0.0004565824158468362,0.003451833970686682,0.7685379665373716
26,0.1933325312356186,0.442889540969,0.00028471294123601204,0.011313644293088612,0.35217957056105664
27,0.1523267560501969,0.27096254702481687,0.0009155244321626343,0.011036877872589588,0.564758294620234
28,0.0646154106145769,0.5712149245634396,0.0016803278265647044,0.017075453464323563,0.3454138835310952
29,0.07847524973341818,0.7347888183713144,0.00106985356747594,0.013594932955810728,0.17207114537198073
30,0.06880074880262967,0.8094891540938551,0.0014365488813793466,0.016031607639737842,0.104241940582398
31,0.03206977190686392,0.922388346985634,0.002066373446820746,0.003832436069610761,0.03964307159107052
32,0.07962638809681685,0.8585768976873249,0.007139342844620167,0.006464886720543449,0.048192484650694645
33,0.052426772001648185,0.9234816912099316,0.0022673627463562713,0.0056365841486640325,0.01618758989339969
34,0.051021403278143,0.893157474913408,0.035710634948892886,0.0027469628750625336,0.01736352398449357
35,0.246525885711353,0.6136747180665315,0.0009807269493296296,0.003150422380649973,0.13566824689213575
36,0.03461407664103999,0.8293016246906825,0.09367434802932043,0.0004925231124427246,0.04191742752651442
37,0.06281544219873643,0.8588137246895359,0.05230033633722414,0.0012428239448968635,0.02482767282960666
38,0.07675315653085574,0.8441309834867724,0.029333225257739116,0.0006729111834099172,0.049109723541222824
39,0.013596038394681466,0.766481795422137,0.20772141991294354,0.0003228322838422224,0.011877913986395885
40,0.02488875157789815,0.86151568911376,0.09720908500870071,0.0004947122469578322,0.01589176205268323
41,0.07102001445422546,0.6323745322379217,0.11692515963158356,0.0011596186779018979,0.17852067499836735
42,0.03045496089877098,0.733881813539254,0.17678043180859318,0.0007329938968127284,0.05814979985656915
43,0.06780634944752137,0.5953819819799058,0.19009638359165673,0.0013973819400818085,0.1453179030408344
44,0.019692921985133012,0.4956739385578172,0.43846141613566486,0.0004953632378470011,0.045676360083537856
45,0.02498305085265012,0.4410198759428489,0.4744512255100252,0.0006464398843831677,0.05889940781009248
46,0.03276653788610888,0.5425016215376488,0.34553160088113327,0.0008343077880603513,0.07836593190704867
47,0.035537045006175716,0.5706927385249388,0.34716221013596366,0.0009550868958413231,0.045652919437080414
48,0.03041746652512064,0.5362088644942241,0.3646729127730417,0.0009939992945191887,0.06770675691309436
49,0.05921728219715586,0.5339621472640832,0.34428889533817947,0.0017986720579161888,0.06073300314266533
50,0.02153210169331889,0.4518892492899433,0.4935606475617273,0.0008295279400641048,0.03218847351494636
51,0.04172595904682004,0.48364382668762235,0.38818567041095625,0.001465923581997652,0.08497862027260375
52,0.03118567391618167,0.5288373526990391,0.3922060128671272,0.0019046248607792046,0.045866335656872835
53,0.037320329258625544,0.6098397032248599,0.31101058577526935,0.0009628275603270182,0.040866554180918134
54,0.018175524114471115,0.42452400374389637,0.5456414236671189,0.00044361143609761717,0.01121543703841596
55,0.02637765601025897,0.5759896977138923,0.3701520549546107,0.0005722223818809005,0.026908368939357073
56,0.005940364679703521,0.23103195062408946,0.7559994586734297,0.00015512414266437386,0.00687310188011308
57,0.007042976495257979,0.539546800738465,0.43606568691226494,0.0004862183522212998,0.01685831750179078
58,0.0028629189576685056,0.1903124710264026,0.7985395944584996,0.00012126786218184507,0.008163747695247296
59,0.002314032058903458,0.2652580522288952,0.7239890090214616,0.00011923368996487502,0.008319673000774814
60,0.002832871481286009,0.18155368896193597,0.8087933922508782,0.00011643938799437675,0.006703607917905262
61,0.015656303249507703,0.5571396658471824,0.40802507775748537,0.000649470863808299,0.01852948228201612
62,0.035769727701620284,0.4154327163739814,0.5343070797101256,0.00026713864045824437,0.014223337573814462
63,0.0025828609595764497,0.1412317292386898,0.8503478225401172,0.00012071854713887868,0.005716868714477612
64,0.008900671580633892,0.2976872307681744,0.6858298564890704,0.00028653024701544007,0.007295710915105904
65,0.0011503931918857332,0.16020363169128343,0.8269172966781811,0.0001413967502721919,0.011587281688377506
66,0.015898310924306994,0.42042981578323113,0.5489422563606199,0.00034544689768275556,0.014384170034159217
67,0.0032123002952103687,0.16684951309995502,0.8202554342887811,0.0001389532518989381,0.009543799064154711
68,0.010945748022787185,0.34937491698565687,0.609820411644651,0.0003550032434993494,0.029503920103405683
69,0.0017690456314730018,0.1087175789832736,0.881776212833857,0.00011442955475871263,0.007622732996637647
70,0.0022736220227466287,0.10940977760626329,0.8721389071588123,0.00020108935862472678,0.015976603853553165
71,0.007633519099638989,0.1518622986207096,0.8295810011443081,0.00025008755171754407,0.010673093583625688
72,0.010599508811254996,0.24757901479886096,0.7231808762908544,0.00047125671327714295,0.01816934338575243
73,0.0008971171985309572,0.03686191220751321,0.9505161361680667,5.916519747698504e-05,0.011665669228412005
74,0.0010195218846460585,0.09590066281376489,0.8939052896182399,5.741012759397453e-05,0.009117115555755114
75,0.0003978262855051387,0.10069094991917456,0.8918673650481479,9.668014049288534e-05,0.006947178606679372
76,0.0022908233271069773,0.09959941518445169,0.8937314475011162,9.694144645575333e-05,0.004281372540869203
77,0.003695308336683708,0.1676843719136867,0.8206186054520913,0.00031587506071480473,0.007685839236823522
78,0.008713055126497346,0.25096019353051446,0.730203081458829,0.0004330560184905356,0.009690613865668607
79,0.0020013733053505893,0.09727510344021176,0.8942278225148285,8.444700252049614e-05,0.006411253737088728
80,0.0015783013648929336,0.09903497322643383,0.8940326602338994,8.033054886124272e-05,0.0052737346259125765
81,0.0005420251220240342,0.12407171415024386,0.8727762603808651,6.96449386774246e-05,0.002540355408189563
82,0.0024223803321364967,0.15309706889285582,0.838683915888125,0.00016539099274456693,0.005631243894138154
83,0.0017612805920867018,0.08493935279195361,0.9096522642247531,0.00013120879539562622,0.0035158935958108845
84,0.0011194729974356194,0.0931990651664726,0.9037315509413636,9.871340975258528e-05,0.0018511974849757834
85,0.004006888085694852,0.11755606381029281,0.8751668703154227,0.00016759362690065238,0.0031025841616889372
86,0.004038697677330893,0.09739737808048149,0.8938924808980021,0.000217377314563898,0.00445406602962168
87,0.002165925537682429,0.07380706671556178,0.9215479372408578,0.00015219470557998775,0.0023268758003179893
88,0.002043334319268786,0.10607003842492063,0.888275660256362,0.00033598593182029634,0.003274981067628452
89,0.0036101316618833506,0.24888705103900113,0.7387272311551939,0.0005570026459338301,0.008218583497987793
90,0.005160827139166184,0.19086598700053975,0.7991779089653877,0.0003412103663761936,0.004454066528530296
91,0.0012640101550841464,0.21595495600137102,0.7789386626899735,0.0001888232247109303,0.0036535479288605055
92,0.02101615188949957,0.5407967759557152,0.43201535335337504,0.0004264857649558254,0.005745233036454302
93,0.001750781265209732,0.10824918232696407,0.8874138996116134,0.00017370652468530964,0.0024124302715273576
94,0.0033843109223410514,0.1472630701066038,0.8455541374825323,0.00018340793202010965,0.0036150735565027114
95,0.004314525519645104,0.40264267477476773,0.5847640374237633,0.00040909048995562173,0.007869671791868241
96,0.011046697202382931,0.22159651108738404,0.7646897019611028,0.00024679899502714207,0.002420290754103163
97,0.002714992676714565,0.1730859354372223,0.8187527594720924,0.0003880423690942964,0.00505827004487645
98,0.012470184920861549,0.31557020209942827,0.6617204338997279,0.0016930149310638506,0.008546164148918274
99,0.008385125977033527,0.3097639741733972,0.6702960798764863,0.003465752606316466,0.008089067366766423
100,0.08963483170058396,0.5132763636047145,0.3511470446562788,0.02034844738371954,0.02559331265470328
101,0.0942133655772935,0.37550591036808223,0.02102283441898749,0.019150485122173166,0.49010740451346363
102,0.1473447422450661,0.09876108632494253,0.0007048414525677386,0.029536165814659485,0.7236531641627642
103,0.37873233695385145,0.07391261521273618,0.0006443035196116878,0.0071940057422654885,0.5395167385715351
104,0.07656932522177401,0.3118806490314007,0.018226679236446063,0.005712191626905562,0.5876111548834737
105,0.27027683021187354,0.3372280880577902,0.0016008578859091958,0.052203106077817744,0.3386911177666094
106,0.3019896623571996,0.30336908615593644,0.069275261053766,0.012189556874250777,0.3131764335588473
107,0.3683892920464944,0.20931329938831988,0.03745057177110198,0.01045196569349015,0.3743948711005936
108,0.20758266410798065,0.2508819402087207,0.07227888364974468,0.012289685063575941,0.45696682696997803
109,0.11578970865469057,0.18646032916785796,0.012764073348725246,0.01113600624379277,0.6738498825849334
110,0.18280909434495232,0.07895027533307448,0.00234274005611977,0.008949465474615781,0.7269484247912377
111,0.23806930634292015,0.19259257212422526,0.005604995184256731,0.005735986482191796,0.5579971398664061
112,0.35329457703838546,0.39970261026674153,0.002181506506262725,0.006306477556345552,0.2385148286322648
113,0.13058658906728846,0.7656637001214164,0.008314317075064314,0.0031994459497153224,0.0922359477865156
114,0.1721721560762829,0.6906377549795454,0.00934839740919025,0.044105792813394516,0.08373589872158696
115,0.12574045195639633,0.7355818866151518,0.10122842593944295,0.004870377645060988,0.03257885784394803
116,0.0433849842287825,0.7956925219340468,0.1257739314567462,0.008795840760536236,0.02635272161988821
117,0.09958819737116326,0.7717292633107411,0.07915434504582448,0.0083799991505789,0.04114819512169229
118,0.023248314033920806,0.7453649793403248,0.18775428604644026,0.011723779606001416,0.03190864097331262
119,0.14590831249394998,0.16323290521427844,0.00547766186683723,0.00790941271027302,0.6774717077146614
120,0.3986004469702819,0.125772898680343,0.0006449759945109,0.025668489103902282,0.44931318925096203
121,0.46995589644020697,0.2972037639240311,0.01505008213665482,0.0025746457952697563,0.21521561170383743
122,0.28581795486866224,0.6314136194366222,0.014385851486564098,0.0012781999536646725,0.06710437425448688
123,0.30524180953830093,0.6055231059107523,0.005108404059777492,0.002304999980588674,0.08182168051058057
124,0.08241676720316048,0.8560586270995102,0.03110789099475522,0.0010428871798671756,0.029373827522706984
125,0.04068268284478082,0.863541564588881,0.07916807339490499,0.0014203695824686925,0.015187309588964417
126,0.16217602373631193,0.7920934762945762,0.022632419773982636,0.010904150934042203,0.012193929261087227
127,0.05573415221448389,0.8449248679799338,0.09180521813835506,0.0022532657306687243,0.005282495936558556
128,0.028533996201746726,0.8371515459867971,0.12014381422791365,0.0021149983534360733,0.01205564523010647
129,0.041323733124736334,0.8147959686536969,0.1249602166352256,0.002614416806519709,0.016305664779821483
130,0.0181876100574213,0.782051248019694,0.18512156237995697,0.0019115275196681441,0.012728052023259629
131,0.007037929202093547,0.5483696212954943,0.43624455606996443,0.0010026523771338397,0.007345241055313877
132,0.004692733869294035,0.5011536447823025,0.48574688410913464,0.0008546622517484143,0.007552074987520299
133,0.01295948703654306,0.8226281113922564,0.14635273509524604,0.0020994127469604637,0.015960253728993984
134,0.018375571526932862,0.7851967952153573,0.17874641329802343,0.00218015082121961,0.015501069138466666
135,0.014948167731008755,0.837622235061834,0.13273062681501122,0.002226333927417822,0.012472636464728433
136,0.10172047583857759,0.8246724827784412,0.05696161048342458,0.002441927639550383,0.01420350326000615
137,0.03768957773604094,0.6812885067001008,0.27268502323950244,0.0010587211874811709,0.007278171136874806
138,0.014621793595122992,0.6755399254982491,0.29491162081749134,0.0016697972519427976,0.013256862837193637
139,0.005510269683285005,0.45292201913361835,0.5357896730634866,0.0006282993730883792,0.005149738746521659
140,0.00749736641824856,0.6867983468515992,0.2860003618645715,0.0013615164262086494,0.018342408439372005
141,0.008624719729308224,0.6590176180462058,0.32714348351995626,0.000645648438791024,0.004568530265738688
142,0.007607184946216539,0.7590631261017131,0.2255188105586917,0.0006995658099296896,0.007111312583449104
143,0.00527095379845022,0.6195983647887215,0.3668094461891777,0.0005124543023286783,0.007808780921321977
144,0.009154399933295627,0.6092676181690904,0.3693716376639886,0.0006121317777467484,0.011594212455878647
145,0.024543930952777803,0.8165614286881867,0.14872241300667846,0.0005593256455568691,0.009612901706799987
146,0.0071686551137297005,0.5541747599925775,0.42950139277345745,0.0006079212971565778,0.008547270823078759
147,0.01590087849649804,0.7613607113183933,0.21272519611087173,0.00095299579835489,0.009060218275882026
148,0.012449438790406664,0.9086873663961942,0.06777459467255852,0.001128161949840006,0.009960438191000634
149,0.01305165901696258,0.6718975346731896,0.3010418664865586,0.001327144659639877,0.012681795163649274
150,0.011294478398808616,0.8014828680042738,0.18034514920610098,0.000851527619800448,0.006025976771015874
151,0.010212529394340579,0.6587413876086391,0.32084015572895896,0.000749134268517998,0.009456792999543471
152,0.008061062078523171,0.6290028568069709,0.3571866141681696,0.0007414947844850996,0.005007972161851386
153,0.020277103698271393,0.6117599643282527,0.3546786391160391,0.001058299333609626,0.012225993523827026
154,0.006742934756080299,0.666761935743778,0.3213115473401288,0.0008420944442658127,0.004341487715747223
155,0.0035214720853867752,0.3841065050302909,0.6098994111447921,0.0002878895678087978,0.0021847221717213763
156,0.045844721411130114,0.6747037273220939,0.2672707108434628,0.001551513488873013,0.010629326934440013
157,0.011920014258811227,0.7714393159584563,0.20827470240259097,0.001040649921493141,0.007325317458648373
158,0.009253222805589514,0.7343613803282117,0.24853549642361386,0.0009102222399187326,0.006939678202666274
159,0.006047869211817374,0.7882465706322456,0.1996593610963449,0.0007656386649311343,0.005280560394661012
160,0.009131811239943772,0.7081443760024418,0.27715518807389106,0.000566517957201955,0.00500210672652157
161,0.005438764110665167,0.5504655950679712,0.4391933845536632,0.000667084439816764,0.004235171827883694
162,0.008163571975524895,0.6114160387870018,0.3752158356227458,0.000529364030902246,0.0046751895838253125
163,0.005384913053405065,0.43359469728670097,0.5567854189921951,0.00032206166137350415,0.0039129090063252814
164,0.004745202094646797,0.41829453232989156,0.5719786429761918,0.00046482229977969173,0.004516800299489995
165,0.0028254073530917046,0.20324986015551944,0.7921600698225552,8.160282825284543e-05,0.0016830598405807972
166,0.0015597039566166357,0.18743032670763538,0.8087970382757979,0.00013917507755279305,0.0020737559823973293
167,0.006981533141928027,0.2588209026669078,0.7300686668148443,0.00024944082005480913,0.003879456556265022
168,0.001077192226473037,0.12734719280564952,0.8701064140027301,6.146515661188073e-05,0.0014077358085354155
169,0.0013979221288387823,0.07826939275472351,0.9191634816252651,4.6726509060172115e-05,0.0011224769821123986
170,0.0009339448143170217,0.23374152997502837,0.7635456914419693,0.000128709793016515,0.0016501239756687926
171,0.0005375328044869482,0.09119986134782354,0.907344013084239,4.5767983421868886e-05,0.0008728247800286593
172,0.00300353742580649,0.16056018671139963,0.8345588939866986,0.00017082932363784648,0.0017065525524575728
173,0.0014232970986572844,0.10649410995143763,0.8905204496157031,0.00010509125267230933,0.0014570520815297525
174,0.0015365914859426094,0.1391190971552881,0.8574531573754869,9.93311148010817e-05,0.0017918228684814792
175,0.0012421969973012241,0.12340952682613283,0.8736250296623372,0.00015565515249928342,0.0015675913617292597
176,0.0020918311310987917,0.142947388540123,0.8522322090095623,0.0003752087049981224,0.002353362614217534
177,0.0012757602818164531,0.09124655488880377,0.9058300325604709,0.0004014959528753718,0.001246156316033468
178,0.0030640723716081095,0.27518823655031277,0.7183777883235388,0.0009842582188971868,0.0023856445356430413
179,0.0011897412269615563,0.1296504053705186,0.863929935115064,0.0007474000860838281,0.004482518201372198
180,0.03081483750982868,0.5665431909312271,0.24522398285845992,0.014528041747885106,0.14288994695259918
181,0.12728748342100615,0.41476335592323943,0.2022462025776254,0.02601594713018183,0.22968701094794725
182,0.026710843710121036,0.027062878558512953,0.002681122603114668,0.006469171021376982,0.9370759841068743
183,0.012611384856715823,0.01908318699452717,0.0031959792488197034,0.0007176345428852311,0.964391814357052
184,0.5921501321948138,0.10374952442914921,0.004398206753899506,0.010904059446211553,0.2887980771759258
185,0.576585951362981,0.3098915883958059,0.0017711970385528026,0.01225235623218831,0.09949890697047205
186,0.29009095605911683,0.5385891003932765,0.08222429054105193,0.005053774828076441,0.08404187817847823
187,0.2833772781735043,0.5231100153382137,0.019138401736785406,0.027855481933957933,0.14651882281753859
188,0.056751286834567274,0.4657479590988871,0.005924522882046819,0.440863401279605,0.0307128299048939
189,0.0301997423193647,0.8796729190566908,0.05051876392643543,0.023665897048828956,0.015942677648680376
190,0.036632529803455195,0.888187737687152,0.043209114894244845,0.016557902979973175,0.015412714635174773
191,0.0448005744033076,0.7779229478778367,0.019342253262234994,0.0964064033715721,0.06152782108504847
192,0.031038644916168787,0.8436115130114075,0.0060036425630214645,0.09956335249326927,0.01978284701613318
193,0.06352208588835644,0.6101173755502406,0.0034281568375333638,0.29581900487107576,0.027113376852793893
194,0.10675225711475117,0.291174847874062,0.002000569725651139,0.4857117071539755,0.11436061813156008
195,0.09773137567177012,0.12765408808220394,0.00018308431277763972,0.7479805304999617,0.026450921433286555
196,0.058137663058056704,0.08096847539665056,0.00011433810495466192,0.8489535496476653,0.011825973792672768
197,0.09524804281259777,0.07321851515669321,6.57236180450547e-05,0.8155124285286101,0.015955289884053737
198,0.15245769192015177,0.09155788375773263,0.000155101510134072,0.7147808029642229,0.041048519847758695
199,0.11390055402375517,0.079827142878121,0.00011601664402949944,0.782876741187572,0.023279545266522296
200,0.07276769463584816,0.152913178937196,0.00023790513210937935,0.7409972720191353,0.0330839492757112
201,0.07876148788224253,0.018377252860640594,0.00011569672816609484,0.8253555297737909,0.07739003275515996
202,0.07973126620188103,0.028074108423929475,3.207860318665408e-05,0.8721327903606815,0.020029756410321377
203,0.10009897984998639,0.02616154312942621,5.733471308882387e-05,0.8451670713944979,0.028515070913000637
204,0.12236836754524055,0.030491947193369694,4.6897490714794233e-05,0.8211131141872688,0.02597967358340601
205,0.09027430828279966,0.038392309704217586,9.746369816819075e-05,0.8322229052392265,0.03901301307558797
206,0.04707072298294561,0.030966678002071004,4.8019709785553116e-05,0.9099122235808571,0.012002355724340791
207,0.024881641348872996,0.024724296773937948,9.065109109620839e-05,0.9364494152613696,0.013853995524723278
208,0.013596587082618019,0.010129114101142214,1.2731453406453828e-05,0.9721238473203433,0.004137720042490032
209,0.023519135555516043,0.01962350537270014,2.181615880217304e-05,0.9501216358219646,0.0067139070910170445
210,0.05241058100129091,0.016880783849849774,2.1442580268297675e-05,0.9178559966721508,0.01283119589644017
211,0.1574059492249472,0.06256354474957707,9.36371345084756e-05,0.7492949377609918,0.03064193112997533
212,0.08087176326593504,0.08715260661270292,6.431338146068737e-05,0.7920173756283384,0.039893941111563
213,0.13673737204457204,0.06647210802995145,0.0001983929088416043,0.7454220406522526,0.05117008636438228
214,0.08963854282774897,0.044946404516680735,0.00011732189304493677,0.8062943037808338,0.05900342698169172
215,0.05052278953132575,0.022071699097613032,3.207405849714283e-05,0.8895555590797853,0.037817878232778865
216,0.06309419631025369,0.055661959376183866,0.0002392094022657475,0.7529266890955273,0.12807794581576945
217,0.14075949395269813,0.025382517767872485,3.219975318046307e-05,0.7309806095982831,0.10284517892796584
218,0.34340373651429307,0.11350136265724248,0.0002042070858029625,0.4101979473639215,0.13269274637873993
219,0.2216923189809605,0.1755213119181783,0.00014794155312658667,0.5037849583327138,0.09885346921502079
220,0.15639807853172566,0.21186324150729213,0.0005549248352243523,0.5739780634631148,0.057205691662643214
221,0.07238727391445136,0.12417481921730096,0.0002055524303353463,0.7410116736975734,0.062220680740338916
222,0.06796142344995994,0.11219347738062442,0.00043421608608046927,0.7410060069668802,0.0784048761164549
223,0.03778608274991473,0.1429311713170203,0.0003045828981704452,0.7775465349599139,0.0414316280749806
224,0.02924984081723356,0.02580738261495494,0.00010316899511822849,0.9264010456903434,0.0184385618823498
225,0.031232904799572598,0.025191323271231237,3.567123905463646e-05,0.9304539814123883,0.013086119277753232
226,0.03616092206078182,0.044787179197988476,3.8063986697921276e-05,0.9130249541298626,0.005988880624669229
227,0.0492987368642681,0.06900919354512378,6.867531277925574e-05,0.8710346933132853,0.010588700964543559
228,0.03731347283021869,0.023535701061790475,2.447341422047721e-05,0.9311860434432467,0.007940309250523745
229,0.0715135138260793,0.028922960768609413,4.6973390458638694e-05,0.8862440790848124,0.013272472930040285
230,0.05932326674903995,0.03649857508049725,9.283276904267186e-05,0.8846297501192166,0.01945557528220352
231,0.14033762724359639,0.04433421473795454,7.81736872466496e-05,0.7708505949395467,0.04439938939165577
232,0.09458439547253188,0.035719842009915986,0.00017671463369419268,0.8279499261944254,0.04156912168943245
233,0.13079392758471853,0.05999155972108115,0.00018550590199919144,0.789627998994327,0.0194010077978741
234,0.1188619003817632,0.06724037780195093,0.0002526967324566618,0.7970204506170206,0.01662457446680848
235,0.10264238469265648,0.3249210018311773,0.00045193070074078226,0.5133199731902696,0.05866470958515585
236,0.08925593136457621,0.19797881335738232,0.0006740188009821745,0.6777409202130238,0.03435031626403545
237,0.11095624670426679,0.12170073124962803,0.00038151528370311853,0.7365262833271041,0.030435223435297948
238,0.15895386476735945,0.20043378350405158,0.0006095069413648803,0.6091291288862272,0.030873715900996954
239,0.1261799571512458,0.5735911501849372,0.0013370067407719075,0.27443134318604956,0.02446054273699556
240,0.11704893923053816,0.7081099474743718,0.0010036617992536594,0.1499091624162036,0.023928289079632774
241,0.06070221536305204,0.8779172885804952,0.0013510669272017953,0.05211138108164264,0.007918048047608326
242,0.028817237759919533,0.9447575546672111,0.001998899580878023,0.019034318111396456,0.005391989880594764
243,0.015308435080456874,0.9654757582468756,0.002455079985424032,0.013503081275463152,0.003257645411780165
244,0.019581221054198236,0.9627206576114905,0.0034987550072472172,0.010247580100818702,0.003951786226245206
245,0.00999588884317732,0.9459551734517432,0.029243658702339297,0.011590037923630933,0.00321524107910899
246,0.007406733816411537,0.9801709927617628,0.0033848397166744894,0.007310959304232073,0.001726474400918834
247,0.010864607556659417,0.966973459366678,0.011446400599101377,0.008703914662738182,0.002011617814823095
248,0.25859938622607886,0.6376614886951646,0.00024839554524165174,0.05883705866290284,0.04465367087061191
249,0.05659453081325492,0.934335990204033,0.00041416694196703523,0.005844456990459035,0.002810855050285974
250,0.02466328125348054,0.929708607866762,0.04026086592415776,0.0021528552577861648,0.0032143896978135407
251,0.07671329814632535,0.9158179666468477,0.0006450729367513757,0.003860379747159327,0.002963282522916232
252,0.009464750154205073,0.9816539820459488,0.005257179070140183,0.002077811130655885,0.001546277599050188
253,0.018451611020931166,0.9691823913165809,0.005165100063837636,0.004158041309463981,0.0030428562891865307
254,0.01411476812784518,0.967805440018998,0.01268246151668246,0.003052782575091517,0.0023445477613828957
255,0.009322529908778047,0.9816949171785004,0.005326910415775105,0.0018113909503148808,0.0018442515466313867
256,0.006524239358314768,0.9654856724748834,0.024823252649872937,0.0012485275473638762,0.0019183079695652423
257,0.00879182922260516,0.9314730135687489,0.05454815304504564,0.0029447693326981454,0.002242234830902085
258,0.03945567862556503,0.9305591548347621,0.01358125698643119,0.011450735592869908,0.004953173960371886
259,0.009810996434581706,0.9728317250316377,0.01199744469656825,0.002829052249588934,0.002530781587623321
260,0.0350943928080869,0.9480801811881968,0.007062880712927506,0.006568024453833102,0.0031945208369557414
261,0.010947603676122393,0.9457828648237556,0.03843171099296179,0.00267155855715875,0.0021662619500015198
262,0.005816703271649872,0.8457643147813613,0.14513326643687507,0.0015816032998528626,0.0017041122102609588
263,0.02390820066772275,0.9207710098994368,0.045064670329825474,0.004178140118832876,0.00607797898418213
264,0.018792551225425915,0.9339376426836845,0.03940305607871158,0.005557406408046222,0.0023093436041316862
265,0.017625392150048675,0.9562943489621065,0.021592724192522394,0.0026998350360649876,0.0017876996592572918
266,0.015922977350587085,0.7736748671927461,0.20532634193527263,0.00115090511204038,0.003924908409353674
267,0.01887941137969266,0.9359747643281209,0.03913309285616728,0.003069884103343246,0.002942847332675769
268,0.016321768681326593,0.7148260724567879,0.2641808972906528,0.001289794761458091,0.003381466809774527
269,0.016834089097294693,0.895190570596029,0.08061147218883954,0.0037557815294218286,0.003608086588414868
270,0.01722412710878469,0.9014061280169209,0.07144812850333138,0.0017023035370647775,0.008219312833898249
271,0.01847030802746708,0.9003717838625237,0.07197666518233983,0.0015189835882677364,0.0076622593394018315
272,0.01628160572301429,0.8519265978792656,0.1257619678132779,0.0008776713025384462,0.005152157281903739
273,0.00710932892432005,0.6489519555191664,0.33978435259321405,0.0009938104320436863,0.003160552531255898
274,0.014035099323399502,0.9238712309851803,0.05397633461088819,0.0029845564986662157,0.005132778581865814
275,0.0033770952556698547,0.5432746975959918,0.45056428991628694,0.00042053478260131516,0.002363382449450007
276,0.016211446745730145,0.8177507116188859,0.15583558750592433,0.0028236387479987266,0.00737861538146097
277,0.008378639733203148,0.7115569243718393,0.27164422335971844,0.0016608865380136593,0.0067593259972256155
278,0.015899235357220206,0.8838459342128149,0.08776945464678215,0.004975472524331685,0.007509903258851173
279,0.023740724367914006,0.8393867602421999,0.12170354551570141,0.001520369148644666,0.013648600725540075
280,0.007398419902130602,0.7856008661403338,0.20244583242165357,0.0009547257883889297,0.0036001557474932416
281,0.003016980937674566,0.6559041451613856,0.33850550706941274,0.00043500821739170324,0.002138358614135284
282,0.003828931579232076,0.4707316937659557,0.5212997081343357,0.0002509682525350481,0.003888698267941567
283,0.004908135928489527,0.7866542981512541,0.2021598361560692,0.0009021431294754572,0.00537558663471155
284,0.003539137100836311,0.4839039507806755,0.5082484659967738,0.0004420605368926357,0.0038663855848219257
285,0.0018840015557889823,0.3339097948884595,0.6608532714206593,0.00030173017162831784,0.003051201963463822
286,0.0018283128833091642,0.6774110373859381,0.3168784325561507,0.00044689939392397054,0.003435317780677959
287,0.0017717439070904434,0.37356282274353564,0.6233923284654624,0.00017325800961061414,0.0010998468743009034
288,0.004669754175022608,0.38772785244507224,0.6029083041634862,0.0004739307516083745,0.004220158464810613
289,0.0021137061471061453,0.24711421762640126,0.7484379184818378,0.0003288791095788239,0.0020052786350760444
290,0.0036505582143573035,0.4572568749755081,0.5354167376496117,0.0008131518914613567,0.002862677269061523
291,0.0026015411005338236,0.562800662237986,0.4305975648285009,0.0006298893321485466,0.0033703425008308158
292,0.002633106977341752,0.5159070096797864,0.47749087309270277,0.0006184741900862245,0.003350536060082758
293,0.002932554075812142,0.2796726025220697,0.7155505200805442,0.0002827929009046667,0.0015615304206693596
294,0.004685815615963836,0.2663035449295098,0.7269683160779981,0.0004348215237164782,0.0016075018528119334
295,0.0008185509824714855,0.09332376420143551,0.9048082472720339,0.00017070292935051083,0.0008787346147085114
296,0.001655999593821636,0.24901830060007463,0.7477581664420435,0.0002638999843108789,0.001303633379749229
297,0.001962090357046161,0.3972008851213979,0.5994113484924002,0.00024801317443568627,0.0011776628547200574
298,0.0007128025119244848,0.1343638294605455,0.8637836929695717,0.0002127194979125285,0.0009269555600458765
299,0.004279942708944032,0.310602914645584,0.6819973652069529,0.0003692986607675746,0.002750478777751645
300,0.0026362247897235066,0.18771010209661654,0.8083007677922806,0.00023339279796438713,0.0011195125234150472
301,0.0006528704518468193,0.05689731854210495,0.9403948631626418,0.00021819361993016335,0.0018367542234761444
302,0.0004421628322666473,0.160497229843917,0.8364399217001168,0.00021323512438992006,0.0024074504993096394
303,0.0005512211155877456,0.12050184733539798,0.8780744915001146,0.00010466671297386884,0.0007677733359256959
304,0.0011696308298669734,0.10864761494187683,0.888431290463316,0.0002689914647838066,0.0014824723001563118
305,0.00011667375286480092,0.04952863015329871,0.9496270057548497,6.076481336495973e-05,0.0006669255256219398
306,0.0008631592689541511,0.08231891155799001,0.9158328296748353,0.00014708377628263995,0.0008380157219378456
307,0.00040460015491249654,0.08358418859530886,0.9145924153843571,0.0001537634571203368,0.001265032408301224
308,0.00046412981018414734,0.12205944174162252,0.8760744507787096,0.0003742579277345715,0.0010277197417492116
309,0.0002736796779967934,0.1019923667293767,0.8969819159763766,0.00018178603922778386,0.0005702515770223159
310,0.0018911887177439956,0.15041446099752134,0.842962366625364,0.0018211606554914765,0.0029108230038794175
311,0.001169746445948105,0.1762226559338759,0.8181742823138041,0.0013162180233205712,0.00311709728305147
312,0.0077524600893694425,0.308040317592514,0.6597646190659427,0.007653151578168012,0.016789451674005845
313,0.22929366753441865,0.21539701729436161,0.005088097959789138,0.16055869006684817,0.3896625271445824
314,0.0065163850274173015,0.005574689179295046,0.00046259669120534525,0.0014319663801654996,0.9860143627219168
315,0.2631894700455181,0.12983005096637162,0.0006313403100510188,0.03282123289059402,0.5735279057874652
316,0.34076378510847366,0.4897417378304096,0.0014919201822215337,0.05661458123993254,0.11138797563896251
317,0.4434514744450973,0.3795359309958708,0.0028374441450588392,0.08565436889732235,0.08852078151665062
318,0.18587133690116717,0.6251407904648532,0.005442059843469533,0.1318211909652902,0.0517246218252199
319,0.08347129170800681,0.7178059663102079,0.0022233189412279378,0.177820502298172,0.018678920742385235
320,0.01806256755270171,0.9193987548456877,0.0023950257988451977,0.054260729603569084,0.005882922199196243
321,0.16889206254593386,0.5663647728679412,0.0013387677315220183,0.22347715151416184,0.03992724534044105
322,0.09975816779930786,0.8121707603888509,0.0008162398074717126,0.07945757414782181,0.007797257856547571
323,0.0695866598234462,0.9084883520200683,0.0005969267927831449,0.015352492881946483,0.005975568481755678
324,0.03993049391488115,0.952832428816926,0.000605130661511454,0.004066236532333411,0.002565710074347985
325,0.01002468462747593,0.9531407821783141,0.030310884609205863,0.0036628092537814246,0.002860839331222611
326,0.013821192996571932,0.9251106956468613,0.04959758861542945,0.008025236307779175,0.0034452864333580522
327,0.010867331892617469,0.9233674594244631,0.055159085800583485,0.008124743736463961,0.002481379145871995
328,0.0197907387475349,0.9534513235590346,0.006477932264357278,0.017786775146283594,0.002493230282789594
329,0.021221611163387603,0.9197781910556951,0.033062281353061586,0.020898659061058426,0.0050392573667974085
330,0.04285222644021838,0.942042844544835,0.0022517139023680416,0.009019974414640988,0.003833240697937434
331,0.012177268316275072,0.7789243235667264,0.19771627840644962,0.006256942400126103,0.0049251873104228525
332,0.013339191178852475,0.9512234262831295,0.02629673030498148,0.006191485531346706,0.0029491667016897653
333,0.018633438427104253,0.9140580915199515,0.05608321535315166,0.008099037223214048,0.0031262174765785294
334,0.018926488308022897,0.9310118019589616,0.03620133527709935,0.008867496457085556,0.004992877998830582
335,0.0074517869519007485,0.951464847239833,0.03560976463627139,0.0031887577879717815,0.0022848433840230525
336,0.010098728285668202,0.767947840985443,0.21199511160636142,0.005621372505965102,0.004336946616562338
337,0.024913802131477196,0.8477510608955829,0.10475354800725335,0.01280555419363173,0.009776034772054857
338,0.029696951654695058,0.9301806358147038,0.02496422272042522,0.010587541272513908,0.004570648537661885
339,0.03876276641334022,0.9300328050692585,0.011437584321468845,0.01451069974574589,0.0052561444501865225
340,0.017781360104997944,0.9319940756015289,0.04063373378374726,0.00608414630685656,0.0035066842028692634
341,0.025003117932763972,0.9272536545999133,0.03232992926320407,0.010260664112982031,0.005152634091136693
342,0.009836956124893586,0.935694308990976,0.04205568441860432,0.008604261915658025,0.00380878854986789
343,0.010688591240172903,0.9349326565586199,0.043668640441751276,0.005349370823985547,0.005360740935470618
344,0.01338140343215952,0.9423215055726267,0.03065145950468763,0.006827278737095479,0.006818352753430653
345,0.03742351558762957,0.7972464185241329,0.03507215201011007,0.008316025304672358,0.12194188857345521
346,0.030535553144109624,0.9447312610727014,0.004811821578113896,0.007023795224205406,0.012897568980869653
347,0.010038772393973383,0.9725149333605627,0.009417651662206214,0.004307672259406355,0.0037209703238514752
348,0.0065690091922727244,0.9807868130510944,0.004398134653587289,0.0038965451450381976,0.004349497958007424
349,0.02112832911036586,0.9295415545817799,0.00322356372592029,0.030095441981150457,0.016011110600783456
350,0.039038181560074825,0.8587564902239997,0.008927351817423093,0.04191302938572091,0.051364947012781575
351,0.09550367994244457,0.08571573834002014,0.0009008414704939544,0.043644174053965326,0.7742355661930761
352,0.5018858770499713,0.07290059213694938,0.00032971555116406665,0.1054894769348981,0.31939433832701714
353,0.44190387894330313,0.2664892901569059,0.0008126198977338671,0.08118787672399895,0.20960633427805803
354,0.18102262069324124,0.593969485982055,0.003843493950665073,0.036596866482783326,0.1845675328912553
355,0.1094712736236809,0.7770850777223507,0.011537406260001305,0.02638369128261036,0.07552255111135688
356,0.14297234688702257,0.7432721462257144,0.002231829959865736,0.0698745980484917,0.041649078878905656
357,0.05405426120176666,0.91938158586332,0.0037877256211633777,0.008964824443310052,0.013811602870439975
358,0.041947518651869284,0.9192581687903465,0.01927150971716593,0.009744793689298972,0.009778009151319302
359,0.09850688286480673,0.8728229659162898,0.009401263645251633,0.009803093411206719,0.009465794162445168
360,0.011439222420480092,0.9703392875734096,0.013984891016920076,0.0014192245086370363,0.002817374480553183
361,0.0067233663649994245,0.9685681895738404,0.020976925311519824,0.0019609826144304644,0.0017705361352099984
362,0.0773118248342273,0.9004199463151831,0.0017780564368893254,0.009643048430151534,0.010847123983548587
363,0.014817202942067943,0.9758342640847282,0.004747280432461221,0.002416705809245596,0.002184546731496962
364,0.016084332953736857,0.9637628031039602,0.015747766816978693,0.0022847423500740793,0.002120354775250199
365,0.018814302427169617,0.9562735456381548,0.018360162764440028,0.001950028336668668,0.004601960833566778
366,0.015352326935515147,0.9491151943618822,0.029695427632526285,0.003035093324951394,0.002801957745125048
367,0.016071282293573314,0.9209235647858862,0.05407203090677768,0.0051065492909700945,0.003826572722792598
368,0.014022665674377398,0.9254447376742477,0.048053598416527045,0.009482440686872573,0.0029965575479753118
369,0.027276695281729175,0.9053120512403481,0.023162553680533108,0.03826328948613846,0.005985410311251333
370,0.03178852934897635,0.9031079469724413,0.020715910271598505,0.03651539808008585,0.007872215326898113
371,0.010286975870527884,0.8957329380160024,0.0655692160627501,0.020688064696913176,0.007722805353806565
372,0.004420319796288424,0.898113278343135,0.08563152446364564,0.005154532075434164,0.00668034532149678
373,0.009000912576245251,0.917370468505571,0.04645618950785975,0.012426348634677084,0.01474608077564693
374,0.009728015742840468,0.9365171077743075,0.01847276148052588,0.006941570968810579,0.028340544033515495
375,0.0033278686208823094,0.006544079718376678,0.0008542483964895078,0.0023403896791204175,0.9869334135851312
376,0.1531342812044959,0.032798514664909253,0.00018424988339463394,0.09214129801102917,0.721741656236171
