epoch,N1,N2,N3,R,W
0,0.0017324081497633614,0.0006409958154430317,0.00015118710188006856,4.156522335392053e-05,0.9974338437095596
1,0.0009179265835842695,0.0005665697705107912,6.416096704151204e-05,6.394165545991286e-05,0.9983874010234034
2,0.0021746528069516067,0.0012821921834894076,9.258204721098419e-05,0.00013656527063675813,0.9963140076917113
3,0.007543482258345002,0.0008580641285751207,3.289505972384837e-05,0.00016558978491598852,0.9913999687684399
4,0.0007459585768808265,0.00019219553871319969,0.00016318934335907191,2.094411313186007e-05,0.9988777124279149
5,0.042585606898301445,0.00894521942082918,0.00015663536146840723,0.0002610320658193875,0.9480515062535817
6,0.08038450891842959,0.022056053079934166,0.00031094576589886736,0.0017111181503264258,0.895537374085411
7,0.040798840826570336,0.023860261497435552,0.0014292308859542512,0.0011320897850858745,0.9327795770049541
8,0.1085464416338725,0.11671147415573671,0.00011879312805026076,0.00723410969467107,0.7673891813876695
9,0.03546248146107495,0.1657274508334487,0.003198676839277446,0.001346404456200305,0.7942649864099987
10,0.0018341070142011762,0.0008529859612075673,0.00024333456592842177,9.813708815978905e-05,0.9969714353705031
11,0.004397180097904943,0.0014587410930607162,0.00010862707450904289,0.00013050879831550525,0.9939049429362098
12,0.0036952735642840975,0.0021515693286467707,8.386310256761486e-05,0.00012686117428475175,0.9939424328302169
13,0.0006718869624489987,0.00010318093162251885,2.1539607337920642e-05,2.9558920221649627e-05,0.9991738335783689
14,0.13880522428821424,0.010466603413640446,0.0001569751350856433,0.0009099350954279696,0.8496612620676317
15,0.0027630193685422876,0.0027393692886238464,0.00022274280598424484,3.283638465636451e-05,0.9942420321521932
16,0.00798317186503787,0.003087119467374339,0.0007642529246071826,0.00023394214632055615,0.98793151359666
17,0.020350102648721956,0.003269644085968179,0.0001090629445081306,0.00042580379042549745,0.9758453865303763
18,0.3296288430035337,0.0579911062257196,0.0004192083096295203,0.005204619771933148,0.606756222689184
19,0.23330380301352593,0.10753715004055461,0.0041073253762443146,0.0026939862339550873,0.6523577353357201
20,0.22641293889345013,0.41837023338159096,0.00904211802277104,0.006596536890756198,0.3395781728114318
21,0.16191609850714828,0.5481350520487407,0.011912682737356484,0.008077819006069787,0.2699583477006846
22,0.1987279845336871,0.5105438227753054,0.016633080109540198,0.015102656537966833,0.2589924560435006
23,0.05150140291514825,0.7196008439398667,0.01799984276274573,0.0053659579034429795,0.20553195247879633
24,0.05925690604400673,0.6703156741294948,0.049985160584367166,0.004661438494581997,0.21578082074754934
25,0.002947802295111806,0.003453926897169171,0.0008404769886538279,0.00020108971451641858,0.9925567041045488
26,0.03262583626236328,0.051599958016490366,0.0013572213001634681,0.0009680768328432158,0.9134489075881397
27,0.13153104966925735,0.3711227071083628,0.033634316406729044,0.003008661568019836,0.46070326524763094
28,0.007591991602819472,0.010308541660622235,0.0016404368825223565,6.843070550792707e-05,0.9803905991485279
29,0.14256491208922295,0.2133035374410657,0.012465802629289717,0.0016381986211952174,0.6300275492192264
30,0.02842245816017916,0.08156736722022691,0.0015117693046024347,0.0005399179273920533,0.8879584873875995
31,0.04567370490956683,0.03342783706335556,0.0013517004170151984,0.0002809614068898956,0.9192657962031725
32,0.1139405539833548,0.14191416364380388,0.003469076902857771,0.0022254544915452906,0.7384507509784384
33,0.08348748437302932,0.06736997728805867,0.0006764568036449488,0.00030524305074163227,0.8481608384845253
34,0.1296126941123957,0.13391776993904336,0.0038492310004339843,0.00024606743084694475,0.7323742375172799
35,0.13174315995381958,0.5099988037843451,0.022023100213468542,0.001356594215705331,0.3348783418326614
36,0.07267954472991427,0.49816978496954867,0.09063560062510549,0.0009938012105657737,0.3375212684648659
37,0.07406290196194992,0.6371697064054174,0.11615484090523936,0.0014848660137199367,0.17112768471367346
38,0.038177438372610326,0.6475759365382094,0.13980877826019264,0.0006000405362584371,0.17383780629272913
39,0.04994162952759412,0.6730346157891278,0.02881832608819394,0.00153341931621399,0.24667200927887004
40,0.04852294297036059,0.7889590612934851,0.10859005445472744,0.0007661439821028364,0.053161797299323896
41,0.12479119284208195,0.7767334772204834,0.04715836565769006,0.0011296175777962643,0.050187346701948334
42,0.12663413410738084,0.6512241830557475,0.03216618407435327,0.0006664031939949163,0.1893090955685234
43,0.20711739094888043,0.5700823000011604,0.01779860263810806,0.0003998741097525268,0.20460183230209866
44,0.24660519184370985,0.30095367125949696,0.008884209139905822,0.00043008523605469594,0.44312684252083256
45,0.03645229754356038,0.030130743397062464,0.003324602775680079,0.00030074139072560393,0.9297916148929715
46,0.09593887007663131,0.04358653181291424,0.0017345840488598976,0.00021697405856549313,0.858523040003029
47,0.0034840842796975574,0.006211033951772824,0.0020148930987068437,9.278517108248374e-05,0.9881972034987404
48,0.035899164861219496,0.015088531913068947,0.0015549966436078902,0.00012199364883307052,0.9473353129332707
49,0.3216348051267944,0.1588160864294041,0.003963269606424611,0.0006566246929247262,0.5149292141444523
50,0.22430020966425715,0.06283367887403098,0.0009444204073104037,0.0004531056745723839,0.711468585379829
51,0.21976320072460595,0.4089818279359417,0.0075295066432738015,0.0007185446106531309,0.3630069200855254
52,0.31138469227883914,0.29395352828960797,0.005139817986070263,0.0005976511270425937,0.38892431031844005
53,0.3109129965303082,0.40620237505082124,0.015327142719185196,0.0003917199419441162,0.2671657657577413
54,0.053734269417365664,0.7678940684808081,0.06617387639157207,0.0009271000134112734,0.11127068569684292
55,0.028834518082502987,0.7599358964417561,0.12308169387470352,0.0009145413072532196,0.08723335029378419
56,0.06514641399792571,0.8028810689676504,0.1150868725352728,0.0012808919835800461,0.015604752515571058
57,0.08165910443724406,0.7067979244327713,0.13265355413677815,0.0010898749849552586,0.0777995420082512
58,0.1669281537728906,0.5907522101354554,0.04720933265166763,0.0022911900233024015,0.19281911341668398
59,0.2842524886763003,0.51793885833205,0.007700881443177698,0.0011914602937314923,0.18891631125474032
60,0.4289676964298561,0.329744943097811,0.009394584675637179,0.001453458473562385,0.23043931732313327
61,0.2745493427108204,0.6001133714195355,0.031930226308413995,0.0007837231520593999,0.09262333640917075
62,0.16948750757905304,0.3863484915532555,0.0071044109554983205,0.0008685589078357963,0.43619103100435724
63,0.4687616212873495,0.4258419212486946,0.022018480467497138,0.0009587817781147289,0.0824191952183441
64,0.03076903144713038,0.631154872224237,0.0951409267905961,0.0005392359195654457,0.24239593361847112
65,0.013140759295711043,0.028921509992868327,0.0012696625683220597,0.00020404225199266757,0.9564640258911058
66,0.03608727180242757,0.01308486172629824,0.00035607272295136194,0.00022307710523954895,0.9502487166430832
67,0.6922404296583372,0.1474843654585234,0.002417075063963365,0.0004885476027334377,0.15736958221644257
68,0.49596606464703846,0.2663969513815842,0.004721597746417182,0.0003766133344749218,0.23253877289048513
69,0.15062351501023702,0.4869112729832142,0.004752909976507844,0.0010378255147177923,0.35667447651532314
70,0.1702530840498872,0.43039735714565397,0.014874418417313007,0.00148299461520439,0.38299214577194146
71,0.08471162084714136,0.7495716003043257,0.019941744783220788,0.002622134600372209,0.14315289946494
72,0.057669858682855735,0.6128654991789793,0.040610320961337314,0.0017678976492714509,0.2870864235275562
73,0.06817384757590769,0.0670124404916788,0.0036412105570235442,0.0010252116743371899,0.8601472897010528
74,0.21140215607725155,0.6747076330208208,0.038178038740180574,0.0007474966015970097,0.07496467556014995
75,0.19238851663232562,0.5544110743556361,0.015593635256347623,0.0019058493760927544,0.23570092437959803
76,0.13215172814454482,0.137599762533895,0.01754286532775884,0.001045241310035581,0.7116604026837658
77,0.23362694861488878,0.5463659174773083,0.009042195550284933,0.002180998109556719,0.20878394024796124
78,0.32859688171936713,0.4793020940358468,0.013644219787736535,0.0015636290245179285,0.17689317543253166
79,0.4859771472888228,0.37956595902763873,0.00858873565070852,0.0013075025561473054,0.12456065547668281
80,0.26895424626251896,0.16454698571769005,0.012356460842471184,0.0009785271721305718,0.5531637800051893
81,0.17869040984222778,0.6607317673936134,0.08192447143835609,0.0011700640523845342,0.07748328727341823
82,0.4682127960423748,0.47645947501213565,0.025356717955164906,0.0008523850420170382,0.029118625948307483
83,0.06860804770238368,0.6417107704894712,0.26850489805593114,0.0014528246940516182,0.01972345905816223
84,0.04424110003499121,0.796241859712284,0.1439994777037502,0.0009661789850099096,0.01455138356396476
85,0.021149337453754243,0.5699386500180668,0.3466196633778204,0.0010987660614135103,0.06119358308894509
86,0.011692644399905595,0.5540031248026248,0.41290048686847464,0.0011889741941013847,0.02021476973489355
87,0.008999806584484911,0.4479732060435366,0.5363580872532377,0.00035175848862788146,0.006317141630112992
88,0.016289862373642036,0.43350115699417374,0.5372595897281414,0.00028794711923372797,0.0126614437848091
89,0.0010304729701007226,0.1873352571092651,0.8094353312873923,6.368241047329712e-05,0.002135256222768469
90,0.0014148840504835472,0.13088183824042351,0.8636506453931236,8.046307336236442e-05,0.003972169242606822
91,0.0006457114488997159,0.04912234117767208,0.9489252524007475,4.547459375157747e-05,0.0012612203789293445
92,0.0023355101682844067,0.15376884573766122,0.8375330671277458,6.1027595756117186e-05,0.006301549370552374
93,0.0008993034291603664,0.08581207083410418,0.9117806261554975,4.676833825623971e-05,0.0014612312429817917
94,0.0013780443735358658,0.11879906651204768,0.8780772797128008,6.581632947868105e-05,0.0016797930721367427
95,0.0012647271736844104,0.11516521415910425,0.8819217178384775,5.185300897812084e-05,0.0015964878197556628
96,0.0004899441147937246,0.04032041243226702,0.9574566444498858,4.857765384096578e-05,0.0016844213492124482
97,0.0004581046997079436,0.03168701547240202,0.9653274120059453,0.00014832259065006038,0.002379145231294795
98,0.0029272584342863567,0.43534538868204337,0.5457282801902801,0.00017262551937670683,0.015826447174013488
99,0.007620428849647329,0.35998811005463804,0.6093736740176957,0.00024848954780348715,0.022769297530215386
100,0.0008652546617894638,0.14211472842582615,0.8552166452776406,8.39724251076041e-05,0.0017193992096362902
101,0.034085563408679215,0.6421386241858503,0.2750016247833416,0.00032670519319518695,0.04844748242893364
102,0.0018449290862092402,0.15288386185842515,0.8424150029748351,0.00014679183579675425,0.0027094142447336776
103,0.0018771051839214334,0.16686053479493965,0.8265176371948858,6.735962068477824e-05,0.0046773632055683075
104,0.00731621032003546,0.4082148131396766,0.5791647919331631,8.364061225646801e-05,0.005220543994868501
105,0.0007203651534554375,0.0873696104220805,0.9108968428874757,2.0100868459442344e-05,0.0009930806685288385
106,0.0003746385977038418,0.03909578829605631,0.9596735791891331,2.4478367201873036e-05,0.0008315155499051198
107,0.0012086338572935295,0.07624264604643535,0.9207104637196538,1.8853873540122907e-05,0.0018194025030772538
108,0.00013520717961823468,0.02043349146821556,0.9788598453446173,1.0452341354653095e-05,0.0005610036661943364
109,0.00018394480858067907,0.01955321192860312,0.9796386347339672,1.7609181049541895e-05,0.0006065993477993928
110,0.0001647359984960382,0.010610143920805098,0.9886267747473177,1.4063417941359846e-05,0.0005842819154396391
111,7.17158122566696e-05,0.0027229891405890325,0.9965216875806294,7.25258659177453e-06,0.0006763548799330601
112,9.28254058455104e-05,0.0071731087294640925,0.9920543134938904,1.3635057853696039e-05,0.0006661173129463128
113,0.0002258277863709881,0.012472951787922416,0.9859618223659945,1.775749872036003e-05,0.001321640560991798
114,0.0036624483806582003,0.1309117438632075,0.8493367078259654,0.00013132401119992485,0.015957775918969064
115,0.0001631411328841522,0.013101073867095204,0.9862690832440169,1.1630831091685278e-05,0.00045507092491208303
116,0.0001665143462645417,0.014189287712375513,0.985099972905865,1.2940714430447432e-05,0.0005312843210644701
117,8.022904845418535e-05,0.008798802049536597,0.9907724753085803,7.867595651292454e-06,0.00034062599777761015
118,7.278619565634845e-05,0.006874888980837411,0.9924181243246084,9.077018333001676e-06,0.0006251234805648948
119,6.731097606529943e-05,0.006565819019027434,0.992644616976201,8.830278720989334e-06,0.0007134227499853063
120,5.8734347681223944e-05,0.0067028704565111445,0.99267815892553,3.3076815217305387e-06,0.0005569285887560833
121,6.96578626334441e-05,0.009980708749837097,0.9894641953549018,4.9934757862850086e-06,0.00048044455684131233
122,4.216522922650895e-05,0.0052237983932402875,0.9943436499000972,1.988474657996309e-06,0.0003883980027780777
123,6.868698958353405e-05,0.006531859636564957,0.9928575062504961,5.962077926103921e-06,0.0005359850454294279
124,3.9958213849249174e-05,0.003700782650865005,0.9959731996913475,2.0251700209393043e-06,0.00028403427391732574
125,5.463969035396598e-05,0.004039592077195202,0.9951651776064032,4.111747328515489e-06,0.0007364788787190712
126,4.067194895973377e-05,0.0032849263087213836,0.9962995993462228,2.8639528168523074e-06,0.00037193844327914623
127,5.1121379363304856e-05,0.005615540644004118,0.9937810658104753,3.5558880020095816e-06,0.0005487162781551473
128,4.9316547676727374e-05,0.0067930398780055605,0.9926303044459749,3.1768856629722756e-06,0.000524162242680047
129,8.686487196204666e-05,0.008722381603713397,0.9904670514611656,5.436027534470746e-06,0.0007182660356244594
130,8.584438918152815e-05,0.008838835809619727,0.9900300201005758,6.783684444459376e-06,0.0010385160161784047
131,3.1030990744656345e-05,0.002591256226978265,0.9968692801808644,4.56762301780461e-06,0.0005038649783951459
132,3.5991982749612775e-05,0.004129430578894142,0.9954549273652481,3.306434446218738e-06,0.0003763436386619342
133,2.8991066717497552e-05,0.004483976681570032,0.9951489130886537,3.2192554816288144e-06,0.00033489990757710824
134,5.209689750774408e-05,0.004868773432101024,0.9945736040425818,5.3394072245508145e-06,0.0005001862205849952
135,3.4957219804692e-05,0.0037167048102059817,0.9958409531821266,4.450627265969051e-06,0.00040293416059680173
136,7.864741549511128e-05,0.006979621696360635,0.9921412432441562,9.42212332446255e-06,0.0007910655206635864
137,3.4602645540487e-05,0.002756213653254452,0.9968681850298453,2.1654028123254386e-06,0.00033883326854750625
138,4.728787594117925e-05,0.00409229103649011,0.9949844184117795,5.3818599277975e-06,0.0008706208158614154
139,2.37012442984625e-05,0.0019315805800532557,0.9976689504965742,2.6820776099643374e-06,0.00037308560146408616
140,2.39691557633379e-05,0.0014561751987007382,0.9980878046346944,2.810158327576721e-06,0.00042924085251397825
141,3.889676436024028e-05,0.004276456491641768,0.995098876273975,4.4181612250937544e-06,0.0005813523087979063
142,6.335437054336244e-05,0.004216424714944318,0.9950758792037266,7.200805643669595e-06,0.000637140905141814
143,3.2706819240620094e-05,0.0030084637693152125,0.9964922507322451,3.1335425803630587e-06,0.00046344513661860433
144,2.534122072558205e-05,0.0016582841781083671,0.9979326229216248,2.366270147014717e-06,0.000381385409394258
145,2.6299144314904075e-05,0.002206277167145425,0.9972665888861079,4.340351153597197e-06,0.0004964944512782787
146,2.9913023085304962e-05,0.0036178809855526273,0.9960287934686126,3.2866857964971604e-06,0.0003201258369527515
147,5.333582560515445e-05,0.0068007469205277685,0.9924522938263456,1.845319463632762e-05,0.0006751702328849646
148,8.020564450460902e-05,0.006296906068411187,0.9925897493153951,8.297056439283435e-06,0.0010248419152496348
149,6.226176527956817e-05,0.00723067836571469,0.992110937261394,6.888531645650591e-06,0.0005892340759663327
150,5.5203141601918626e-05,0.0073653548162288885,0.9921559176219417,5.154340778302539e-06,0.00041837007944917775
151,4.5692231822159975e-05,0.003986948984802893,0.9955149372811744,3.398316141715737e-06,0.00044902318605881354
152,4.8084840068898656e-05,0.0066127398940450145,0.9929814624779033,4.513389727535524e-06,0.00035319939825507644
153,0.00019078480563359946,0.010248463181839456,0.9886924247876526,8.401642904536761e-06,0.0008599255819698184
154,6.18702597808285e-05,0.007748600623143361,0.9917129229322326,6.393109351329049e-06,0.00047021307549205454
155,0.0001164369467273382,0.007792973489402823,0.9914443080136783,7.974241295546175e-06,0.0006383073088959706
156,5.712637472178041e-05,0.006371597234541655,0.9931281351196273,4.822335868781557e-06,0.00043831893524039233
157,6.235338911415658e-05,0.0058258560616478855,0.993620510675953,4.408818420382303e-06,0.0004868710548645645
158,3.080254969223104e-05,0.0028352832947808222,0.9967689362879333,2.765129758723341e-06,0.00036221273783493035
159,0.0001077060118781077,0.004427983590328443,0.9946369851296942,7.162484462157979e-06,0.0008201627836368826
160,5.573824488469584e-05,0.0042267213186291015,0.9952655338591241,5.258958716127681e-06,0.00044674761864602346
161,0.0002493718436944405,0.011118161082836637,0.9873950613353654,2.220682732565205e-05,0.0012151989107779483
162,0.00021788051411536887,0.007743461980330617,0.9906739677533437,8.418464308460642e-05,0.00128050510912576
163,0.00011220061576800744,0.007103673515451975,0.9920624113449517,6.512891358389662e-05,0.0006565856102443999
164,0.11116795447192572,0.4919741435569736,0.09904094564940617,0.0030724778402372605,0.2947444784814572
165,0.1163027215541531,0.30213958228445176,0.479924000126988,0.0032599544741598995,0.0983737415602473
166,0.05375885588487803,0.2624030262537249,0.6707230815069916,0.0008301429340785461,0.01228489342032702
167,0.10290268192525823,0.3802561810185595,0.5004818499384411,0.0014384565565034382,0.014920830561237686
168,0.05357875573768585,0.62281324854237,0.3092189373853975,0.002014444619437394,0.012374613715109357
169,0.03152642092753154,0.5214610604827273,0.42646473513309996,0.003509789985751709,0.017037993470889582
170,0.07213103744346433,0.745858078701913,0.14802259050777736,0.012089118774536884,0.0218991745723083
171,0.031660228862108314,0.7935471741979223,0.13639539492445887,0.011387915522443427,0.027009286493067164
172,0.024602680262388214,0.7081553092220757,0.2474208061426249,0.008700807969588362,0.011120396403322706
173,0.029925370864684744,0.7358430942286478,0.2114948047471436,0.017214205218680893,0.005522524940843104
174,0.022693941789805307,0.6229169363543214,0.3390737304905869,0.009110532587410057,0.006204858777876153
175,0.013159739393063826,0.7049268971047283,0.26579003184577155,0.01044009428191038,0.005683237374525852
176,0.031950206435658254,0.84092170572,0.08243981581353323,0.018303246894311103,0.026385025136497386
177,0.04806591825532302,0.6963728634241247,0.15690913642913312,0.036125015091185465,0.06252706680023368
178,0.07319332992850779,0.7311879143044654,0.10946112948828642,0.05889079740858327,0.027266828870156922
179,0.08088498379450716,0.6535437602755818,0.038626035778561794,0.039112163684991444,0.1878330564663577
180,0.0554210426767849,0.8534072096834304,0.03611060614411117,0.027337901932266345,0.02772323956340732
181,0.11080575629583223,0.7329544263775216,0.026660936303560312,0.06189813227503792,0.06768074874804811
182,0.1055339789374968,0.649238248458952,0.015060979877125496,0.1273501777325338,0.10281661499389207
183,0.11732021844772988,0.605196281185219,0.017730944707728787,0.1472900114374432,0.11246254422187922
184,0.10604017877475509,0.13207945078289401,0.0014842975077946593,0.17969880496938326,0.580697267965173
185,0.1948395548589078,0.24948767811553496,0.0015737859273008254,0.48834030428869485,0.06575867680956159
186,0.128987234202266,0.16852347331895692,0.002917852530997988,0.2763564101718383,0.4232150297759407
187,0.11943453764226335,0.25856614652892596,0.0018888631621330704,0.5343039212362943,0.08580653143038323
188,0.07570823712066492,0.18395307516771303,0.0014573291844418733,0.6006459571389781,0.13823540138820214
189,0.11103236338633853,0.5093710486170089,0.0051922825845132125,0.32020784453097,0.05419646088116945
190,0.06856452107367293,0.2707632800684474,0.0003188717611508484,0.6495845170235663,0.010768810073162511
191,0.08125114303337512,0.18640336863599424,0.0006724781684669684,0.6825064649884084,0.04916654517375519
192,0.14907074745397172,0.3089481417761186,0.0008494941903026919,0.43496201464228673,0.1061696019373202
193,0.08180087217136056,0.12733680088657998,0.0002353782524459774,0.7773562953104226,0.013270653379191002
194,0.053191249397593274,0.09954313016386997,0.0009132730498367855,0.8243216139297277,0.022030733458972378
195,0.06971082068143547,0.11478058829481332,0.0013183708743371336,0.7238702264928624,0.09031999365655176
196,0.03874053703784313,0.08070008773899832,0.000354555211789087,0.8588219977939643,0.021382822217405204
197,0.02224734416635559,0.05829788065940808,0.0001619476162928153,0.9094113929023498,0.00988143465559383
198,0.06970942524428282,0.21055478019057058,0.0007216799155423323,0.6783708895842717,0.04064322506533258
199,0.019462406531023633,0.03583574544568073,0.00015156449659140965,0.937158982568339,0.007391300958365251
200,0.02668962663356554,0.05893423467640588,0.00022211680732353833,0.9075900276075204,0.00656399427518456
201,0.042809782929903444,0.0544437227725367,0.0001285057921872742,0.8955803328428905,0.007037655662481908
202,0.08254863193846344,0.1654103535633851,0.0037423961924613913,0.6607246406643006,0.08757397764138955
203,0.11607329822719559,0.04645124951029673,0.0003643456451898037,0.7484642720136545,0.08864683460366332
204,0.11786108402912415,0.17327898908197167,0.0020699440410327013,0.5056579361624245,0.2011320466854469
205,0.12813450862737116,0.3086796468112205,0.001003271270406568,0.49848390385304875,0.06369866943795288
206,0.2606197704860875,0.10461623643372273,0.0005080976558528975,0.34579393799629243,0.2884619574280444
207,0.3105302377347994,0.15262860399516612,0.005431686311645196,0.45718077466705526,0.07422869729133387
208,0.17175961691126174,0.254936628714884,0.0010466349962919036,0.5448670449594658,0.027390074418096506
209,0.15518900479560094,0.28480453643701803,0.0006253819866030109,0.5383891998287241,0.020991876952053946
210,0.06629404024723329,0.24807928861831727,0.007183705858383735,0.5306272221872399,0.1478157430888258
211,0.1310023351233553,0.395099347512274,0.0007434476900209403,0.43165773366016175,0.04149713601418793
212,0.1383914322245206,0.3114935832498917,0.0004996115346694131,0.5288150245383839,0.020800348452534426
213,0.10614792203496429,0.6123859611686929,0.0009620226746244086,0.23424266613191116,0.046261427989807154
214,0.1556997118697407,0.46293873645304173,0.0018707074781563497,0.3136206121151406,0.06587023208392054
215,0.12128107516418926,0.6433503488253525,0.0029060724535924748,0.21015755542367545,0.022304948133190252
216,0.054331634919858506,0.8050736193835051,0.010948854998381389,0.09454086143374137,0.03510502926451381
217,0.11629549836874709,0.5402824146259879,0.003285523758626796,0.30012715221952574,0.04000941102711245
218,0.0869219491102947,0.620194756225319,0.0037939716382459207,0.17097453303508767,0.1181147899910526
219,0.1391502936419797,0.6322541261911605,0.0025278674825012786,0.1681918695358067,0.05787584314855174
220,0.18633752010817758,0.4755937009028718,0.009368405958035895,0.14206227873474794,0.1866380942961667
221,0.11442981491911634,0.6424369905227434,0.03457402591566112,0.11011268172519524,0.09844648691728372
222,0.21006633799256594,0.6286694150666441,0.0010694294384048218,0.12466508978773821,0.035529727714646984
223,0.13729826499050007,0.7203546762528131,0.00416719343606772,0.11494781407957758,0.023232051241041406
224,0.020782759526491175,0.8875811150749268,0.07124417733497222,0.014690614831206641,0.00570133323240327
225,0.051280491149538185,0.8615969289875915,0.013091878977072821,0.05086952617011732,0.023161174715680147
226,0.06325095108716365,0.77900032820283,0.03725661057171439,0.05037640759123008,0.0701157025470617
227,0.03225104384327941,0.8278644655332539,0.09689960607184976,0.032123631424418306,0.010861253127198722
228,0.046823596083653524,0.8818798676277928,0.014913591500945773,0.031908067269288805,0.02447487751831931
229,0.04678095788258138,0.8940879674675222,0.028160854226548654,0.020718320035955657,0.010251900387392284
230,0.029806553567444258,0.8946677319309349,0.039079016071542114,0.018360085761923543,0.01808661266815532
231,0.015167364331508388,0.8515061011785441,0.11989849672853689,0.006882632259616602,0.006545405501793951
232,0.04104162786277365,0.8412017515943161,0.07771176304560537,0.01761833463400264,0.022426522863302198
233,0.19281787853466265,0.6781994934159608,0.024703039934203697,0.038215503595124614,0.06606408452004835
234,0.053052774287720164,0.8150139131933735,0.10533938876571144,0.011742096703556849,0.014851827049638076
235,0.03069282341610177,0.8912279012037527,0.06426146492548629,0.004192415471744413,0.009625394982914667
236,0.10675014294331982,0.770500557736869,0.0354785804737841,0.016057759276721224,0.07121295956930607
237,0.04285329378140336,0.82500060850555,0.10044457328827894,0.00758555137531572,0.024115973049451917
238,0.03232808223981809,0.860404242078206,0.07696808563515078,0.007404324500385177,0.022895265546439874
239,0.10548172852863939,0.7571578861064767,0.0730751661304744,0.018167495372615302,0.04611772386179411
240,0.05530765133600314,0.7577604863430244,0.13237336183688148,0.013911751847740718,0.040646748636350254
241,0.1068238785970474,0.7720580982571703,0.05911236025172723,0.021270606718572622,0.04073505617548243
242,0.06664046629840963,0.8483958141840898,0.05877858713607016,0.006281094759906134,0.01990403762152424
243,0.06511493471264007,0.8566854693431366,0.04766957089217478,0.005592105032493186,0.024937920019555467
244,0.034064066351940786,0.870164893803332,0.07719490634510592,0.006219620431496207,0.01235651306812518
245,0.03520092641784695,0.9019369651621407,0.03262743690888136,0.006748466050563501,0.023486205460567587
246,0.07912275597928167,0.8050385194689298,0.0694795877532637,0.010850307528779309,0.035508829269745426
247,0.15596362963829996,0.5589742782582974,0.05142740734228888,0.025120258833357657,0.20851442592775618
248,0.05892962550799181,0.18310701112598907,0.01736273989544593,0.02397834310159364,0.7166222803689795
249,0.00905789793926192,0.007737929946281273,0.0010019748161456722,0.0016268904309966303,0.9805753068673145
250,0.06385621777646547,0.03147072939296071,0.0038183023184698746,0.005169600948639554,0.8956851495634643
251,0.005189774488289144,0.002327398213576603,0.0004539488743773523,0.0006492154201870655,0.9913796630035697
252,0.031480956754874403,0.00444792709968792,0.00016031474398889108,0.0028029808975550976,0.9611078205038937
253,0.40092420833984527,0.07708103534788069,0.0001761692204054953,0.011518332815395984,0.5103002542764724
254,0.2584938116483447,0.5997108225390566,0.0035714661622992254,0.012423093750960115,0.12580080589933942
255,0.054502149340335676,0.03750773011698455,0.00039127779754729436,0.007484351505448545,0.900114491239684
256,0.18417421336403,0.712782398945008,0.0016627616258528307,0.04805255008568155,0.05332807597942755
257,0.03816789592780382,0.8863631610586519,0.009129619251740726,0.027065436605107098,0.03927388715669655
258,0.09184978245268295,0.7367395331121592,0.00588725417540346,0.03613459086442102,0.1293888393953334
259,0.01818925157640151,0.941221824381455,0.00909878809147931,0.02089191009589375,0.0105982258547707
260,0.016908708774420814,0.9452835181276299,0.00693708608151746,0.015899710621402215,0.014970976395029676
261,0.0462906301868074,0.8940987272045722,0.008232908521076276,0.03317405457342137,0.01820367951412292
262,0.021933061351845178,0.926630376887891,0.025679946284877426,0.013557408957176123,0.012199206518210366
263,0.01484152900051452,0.9625475133315935,0.0038397501573123236,0.011029096507485493,0.007742111003094114
264,0.010498118860252854,0.9398467801900212,0.02620215312310166,0.01472222273808942,0.00873072508853491
265,0.012010925292859477,0.95775188265309,0.012749340793032023,0.011837207051819586,0.005650644209198761
266,0.042710483592598415,0.8672272475557897,0.00822409305425962,0.03687249532960443,0.04496568046774787
267,0.011166811539103354,0.9708852708834838,0.00759627760368693,0.00431218932760026,0.006039450646125876
268,0.009233550432953997,0.9580480090123967,0.019856136191866023,0.006040946178292082,0.006821358184491296
269,0.02594283423049109,0.9061219003089788,0.02099588015251792,0.004584794283925248,0.04235459102408687
270,0.019574787362329125,0.07087080803043568,0.007171432816613527,0.009514346126232613,0.8928686256643891
271,0.018373030413415172,0.02809306420467027,0.0006444102598258899,0.012184298084880339,0.9407051970372083
272,0.007316282424291938,0.01114088682063872,0.767300997658374,0.0016821768121714246,0.212559656284524
273,0.018894132142988133,0.006994057675689323,0.0023220947214102113,0.002083733061780112,0.9697059823981322
274,0.13737572580608198,0.09165427063597081,0.0029417032550780055,0.0066564221432903765,0.7613718781595787
275,0.0006008470615059928,0.005916257511516545,0.00020883607261577004,0.0008473861327002146,0.9924266732216616
276,0.0005949813837693746,0.005886515265737569,9.604171364171844e-05,0.0005361892562146514,0.9928862723806366
277,0.0006964950516181308,0.007167030180400604,1.576552004585469e-05,0.00045618428937920256,0.9916645249585563
278,0.004189450354501066,0.0034542032371321857,2.0074861350749697e-06,0.0006039824493793845,0.9917503564728523
279,0.01581971570738483,0.008274405743136733,0.000766196823798327,0.0039256260654286146,0.9712140556602515
280,0.013778270682583122,0.00265773643667318,0.02003296878267696,0.0031563391066808414,0.9603746849913859
281,0.004066207925641388,0.001932953819916717,0.03465644953922071,0.001097838704649859,0.9582465500105712
282,0.0011345031245991058,0.002416667957457437,0.5831647242304093,0.0018314034875913413,0.41145270119994287
283,0.011883445064191365,0.006289240733171512,0.43684407498865896,0.0060980552863611325,0.5388851839276171
284,0.01866399879464359,0.014676582601761643,6.720898916805841e-05,0.0055412815971282725,0.9610509280172984
285,0.010650081212733389,0.008120714775565793,7.890038295542992e-05,0.007406326127075318,0.97374397750167
286,0.004511735094378177,0.012819003175174261,0.000321379771257886,0.007235709494073512,0.9751121724651161
287,0.02147785447557023,0.004863605179439611,0.0001086343315566415,0.025287761778745727,0.9482621442346878
288,0.0479223510312733,0.009320165099182647,5.101312459322409e-05,0.024458570701927536,0.9182479000430233
289,0.37427287930516623,0.1597339766480879,0.0003153465587775842,0.1352374096945893,0.330440387793379
290,0.3535111562265032,0.07972373721052008,0.0002711400073779438,0.23587589974218157,0.33061806681341716
291,0.29296730384292946,0.31606197424246985,0.00037412341397695034,0.2777604640261568,0.11283613447446686
292,0.06975892397264083,0.6739311313641456,0.0016887251261631139,0.20469757252611454,0.04992364701093593
293,0.1494864277945707,0.17790455355729262,0.00012338569269460656,0.5921575334320931,0.08032809952334904
294,0.06634686355113431,0.595991793051253,0.0011033804923960744,0.3182069910252395,0.01835097187997699
295,0.04722346390172694,0.5055507643887308,0.0025960820127466757,0.4197154877002083,0.024914201996587188
296,0.09899794778858009,0.3110264601956677,0.0008216511831505028,0.5696502513654396,0.019503689467162272
297,0.08684246271436356,0.5081526904572697,0.001089725894794524,0.3625067571215414,0.0414083638120308
298,0.11418590323945266,0.4640966752033911,0.0008990688433434365,0.35416060793577964,0.0666577447780331
299,0.15582630397342312,0.49198520008422514,0.0006364742670528155,0.3265563630698932,0.024995658605405785
300,0.0562269724373588,0.7562489719690545,0.0014846005396171474,0.15488492579779697,0.031154529256172653
301,0.030223659784831505,0.8826399657164657,0.013091278763159242,0.05526749267886411,0.01877760305667938
302,0.008722601969868082,0.9516120368844531,0.007359266013044911,0.014947359555326858,0.017358735577306914
303,0.0028270110118329968,0.00881028513659638,0.0002117811031945418,0.004665111974142264,0.9834858107742339
304,0.2808426037087081,0.23313394318788705,0.00020662075291634415,0.18448996637540963,0.30132686597507885
305,0.2870099061524005,0.5308175442292774,0.0006453104469184557,0.08665426916056554,0.0948729700108383
306,0.1253422263602231,0.8051747723688176,0.0019206340053129236,0.03798719971839174,0.029575167547254422
307,0.11454503876623835,0.7407051248176972,0.0006809993596859998,0.059098119148274696,0.0849707179081038
308,0.029588720954610445,0.9216695562958492,0.004244168950244859,0.027668255868876012,0.01682929793041954
309,0.0578279733960911,0.8170507570183941,0.0032054265582400587,0.09492241803061283,0.026993424996661866
310,0.010150548112440452,0.9426526074198969,0.014922279272994428,0.02334703280406578,0.008927532390602426
311,0.030551465603217448,0.8522524120645313,0.0014169037250329976,0.09257436214616463,0.02320485646105376
312,0.06321885351023535,0.4023247603910449,0.004800578663219776,0.054771548346168444,0.47488425908933135
313,0.07780222181852715,0.8694083853861303,0.0006114944567270262,0.04184719324807853,0.010330705090537127
314,0.016154284466761218,0.96022188332219,0.012368809269187713,0.004624570779922614,0.006630452161938431
315,0.007606026144816341,0.9785116739197982,0.005752645363850497,0.00296342947150939,0.005166225100025615
316,0.0027775591388938597,0.9840006322479339,0.0063843078058940395,0.002805088301639266,0.004032412505638902
317,0.00452577437649756,0.9309690816759133,0.04968360770344103,0.006279087863491204,0.008542448380656742
318,0.00549629327002786,0.9335123270279756,0.026805235996924814,0.006770446954921544,0.027415696750150025
319,0.01814423907713894,0.057979670189976525,0.0002454415961761804,0.030043345512067714,0.8935873036246406
320,0.004238379627825705,0.009068463259544506,0.0001131818960086156,0.007105302725008234,0.9794746724916129
321,0.00524930865536905,0.0059555043721310295,5.887698721654802e-05,0.007193215650669447,0.981543094334614
322,0.0345567361248206,0.014664528830503723,5.4709232360010364e-05,0.0075072189240947915,0.943216806888221
323,0.04942906525739007,0.017466932380696503,9.133209918976584e-05,0.01726800647931254,0.9157446637834111
324,0.07098728276784567,0.03244882695329572,5.571646879345034e-05,0.018115668013962194,0.8783925057961028
325,0.02409474375487715,0.007970449735208574,4.735038952696298e-05,0.013872034890383004,0.9540154212300044
326,0.1827952114329343,0.12485775548251196,6.385155500991824e-05,0.029718106063918077,0.6625650754656257
327,0.21056288673391826,0.5506749472529576,0.00040361944699151333,0.06103053409853219,0.17732801246760038
328,0.022363852700450867,0.037695905021188754,0.00046190338562171143,0.006677943685655327,0.9328003952070832
329,0.09301537286628613,0.7905534286173209,0.0022793289001214905,0.02264802112736752,0.09150384848890411
330,0.05933207144797996,0.8648513541395705,0.0027701571589228468,0.03517605320524045,0.037870364048286184
331,0.06833723448479555,0.8363449233105801,0.0029473531647183607,0.042444467125447784,0.04992602191445815
332,0.01936099733393732,0.9458491872769965,0.017282157721094548,0.011355182695709915,0.006152474972261655
333,0.01071437092330909,0.9728678930214041,0.0013254937284074033,0.012321941637615548,0.002770300689264167
334,0.01944780206523284,0.9459037531755293,0.00224406146416414,0.02054129874650564,0.011863084548568123
335,0.008183039629818678,0.9190800026469731,0.05506881598301314,0.01444186682726393,0.0032262749129313728
336,0.02598653004848166,0.9247174830307502,0.005400907275118205,0.017069911451664168,0.02682516819398567
337,0.00459811113358656,0.9827214260545688,0.006873388571006253,0.0019135857800099225,0.0038934884608284887
338,0.022026866506841943,0.9488203377544167,0.00406469143461943,0.00870331738807586,0.01638478691604611
339,0.0030258220177834107,0.9833606221009351,0.009563652941755763,0.0016846499245176147,0.0023652530150084124
340,0.008866379965760295,0.975028161222601,0.0011110879516195943,0.004529121897713504,0.01046524896230531
341,0.03563819511606173,0.7151182047830206,0.011478047877956546,0.025042640126705724,0.21272291209625538
342,0.021452356136187883,0.08933155764151907,0.0004783024055783466,0.013198439135993795,0.875539344680721
343,0.024741184378171726,0.03221782553321265,0.001282908122764243,0.009732439968467383,0.932025641997384
344,0.5176982873897665,0.09384975076136429,0.00011852108210145171,0.034134945062410306,0.3541984957043574
345,0.16746844681311449,0.7900623738435484,0.0008343091777819922,0.005243713484555841,0.03639115668099928
346,0.04771446644512948,0.9195257446023413,0.006209748368064359,0.006922268619718935,0.019627771964745862
347,0.030055471965578024,0.9156765955048048,0.015707209399864346,0.014801750790006025,0.023758972339746536
348,0.037953077009279856,0.8381933536759479,0.0029533486786645397,0.08190070976225816,0.03899951087384932
349,0.02026983472976831,0.9390656610140227,0.0005935454557371989,0.03366067629629631,0.0064102825041756645
350,0.016538072025195482,0.9425375176107951,0.016001518566049377,0.018581747274289025,0.0063411445236710605
351,0.0152242148337426,0.9517441558181243,0.001595200975437723,0.022068222055709134,0.009368206316986248
352,0.0050573851063557785,0.982493607903727,0.004051874236483252,0.004837666326481505,0.003559466426952555
353,0.001827917665583043,0.9628557082371622,0.031334732935699765,0.00223589137714246,0.0017457497844128463
354,0.006917777952517688,0.9810916904196915,0.002177312938771244,0.0036348839802938125,0.0061783347087258815
355,0.006757283447437801,0.9314163996190744,0.016961238962898126,0.011354994564292136,0.03351008340629743
356,0.06923919881053697,0.6450586762726538,0.015932455857034702,0.07021512208116533,0.19955454697860914
357,0.015573376802665361,0.956094364945612,0.0012065195323750458,0.014237004521421901,0.012888734197925666
358,0.05304249160663752,0.1624201693756946,0.011709478784112331,0.02679547026518607,0.7460323899683695
359,0.0664564508079354,0.05421674456192067,0.0008043633549262578,0.010667779331431424,0.8678546619437862
360,0.2565833883333399,0.06683005225640104,0.00019359770321289053,0.007686675284778986,0.6687062864222671
361,0.32566583291320866,0.5549719604370268,0.008141340848080448,0.02065346974165348,0.09056739606003061
362,0.05153675318389414,0.9169299463674143,0.005890912430483103,0.00568055627359801,0.019961831744610404
363,0.022755096141811402,0.937470581600956,0.01485112326447117,0.01259800263140943,0.012325196361351858
364,0.011257522513713154,0.9694764266067639,0.006004892098720819,0.006466435638422107,0.006794723142379967
365,0.0063320530876053065,0.9713773876082847,0.012233999435971856,0.006996918823890014,0.0030596410442481257
366,0.02882221647754304,0.8687763410336992,0.01291514391878361,0.08059413539587397,0.008892163174100232
367,0.008414375338232232,0.9314058908271285,0.04082778083917645,0.016365445330103187,0.0029865076653595077
368,0.011833169588130254,0.8485377280069403,0.10944404707175973,0.021924370364568874,0.008260684968600641
369,0.0222348650504532,0.8915493523794272,0.06170260831897943,0.019785798562969442,0.004727375688170586
370,0.10932624514595332,0.6263333720612481,0.026081880256189197,0.040036127381062284,0.1982223751555472
371,0.17572411691337697,0.6912408850457202,0.03592363137405457,0.012965709803675406,0.08414565686317294
372,0.039394839056818814,0.8588095154361071,0.08900752040380289,0.0057698824617643234,0.007018242641506879
373,0.07557910492463381,0.788998158790529,0.03520432559922205,0.012665959537910186,0.0875524511477049
374,0.04358780295376101,0.7671650531792975,0.06979511717140094,0.027470736651409946,0.0919812900441305
375,0.08537892031534826,0.4419787609689823,0.0061677429824708,0.054448276791635344,0.4120262989415632
