epoch,N1,N2,N3,R,W
0,0.004860544017476736,0.00144085181346318,2.578488550430088e-31,8.418038043414578e-05,0.9936144237886259
1,0.023027409548958825,0.0013332103637567357,1.0104703046933494e-05,0.00011941228923957679,0.975509863094998
2,0.03067040312009512,0.0029971692017801235,3.381428910749815e-05,0.00015731988975718438,0.9661412934992601
3,0.02328689813664,0.0012311908254534372,1.2703564650386103e-05,0.00021659349527596732,0.9752526139779801
4,0.055160544551229033,0.0036219247300044986,2.121993163958149e-05,0.00022858412876672037,0.9409677266583603
5,0.0343959757072753,0.0025003427107582344,6.498862057790576e-06,0.0005895371636636626,0.9625076455562449
6,0.022516744303167108,0.0024672160231475767,4.6533716788885886e-05,0.0005121451928177096,0.9744573607640787
7,0.07974716566198879,0.006973370205267042,7.015302253969336e-06,0.001400250454872307,0.9118721983756178
8,0.04223923463339191,0.0063300065699870576,3.0031549522293156e-05,0.0014764935202888144,0.9499242337268098
9,0.1456885817138699,0.01069307380643932,2.1784624476568638e-05,0.00890377377588714,0.8346927860793271
10,0.12107770190587862,0.012272682460951756,2.287175644424418e-05,0.02127132414429153,0.8453554197324338
11,0.22208198280825603,0.013300641128868054,0.00014347753104862284,0.0031828348672955395,0.7612910636645317
12,0.10537971546577851,0.025170754041665928,1.798359887170664e-05,0.009821406138354052,0.8596101407553297
13,0.059465975662593464,0.02248576487417762,8.658738529786301e-05,0.006860051112358003,0.911101620965573
14,0.20943516848573948,0.07507554709004133,0.0010601937862877023,0.013869283297705782,0.7005598073402257
15,0.06062062544346291,0.04316966058662754,0.00035037984638407394,0.0655705447076387,0.8302887894158868
16,0.004843096309835145,0.0012008425097005868,5.8160598294393885e-05,0.0005338409123216489,0.9933640596698482
17,0.08725584593901388,0.014284667526601949,6.81630491553437e-05,0.012370457639535232,0.8860208658456936
18,0.16264194080151248,0.029531043638710154,0.0006142600997259747,0.013263922286449098,0.7939488331736023
19,0.19985947097676193,0.06886594310677767,0.00029262333515940136,0.017774891677139925,0.7132070709041611
20,0.035527529703846296,0.018336094705279728,0.0005991528559246969,0.006141236954841637,0.9393959857801076
21,0.09144756604387615,0.24478298050639757,0.0009156324226956914,0.040661057088118006,0.6221927639389127
22,0.050135422140367515,0.007983203325337387,9.41515118485155e-05,0.012414729516885017,0.9293724935055616
23,0.1416158527790563,0.0612453437493661,0.0004698043114209502,0.06245303845815685,0.7342159607019998
24,0.13097512364208722,0.5523666427088959,0.001136379556503362,0.05436988046488817,0.2611519736276254
25,0.367291854829182,0.046368381492599024,0.0003404274411734355,0.03191128042462642,0.5540880558124192
26,0.245855264099606,0.07729434485020292,0.00029948525126091913,0.03453697079243855,0.6420139350064916
27,0.18380886470909374,0.2657435094588184,0.0008817532433078082,0.019318906576721737,0.5302469660120583
28,0.6081577889813358,0.10488542059480586,0.0003050670416781183,0.029727419471416727,0.25692430391076354
29,0.16622076998596422,0.0815647746669584,0.0008571387737877288,0.009121457321069202,0.7422358592522204
30,0.38210816293782063,0.10755725797436401,0.00038415423628463167,0.03256162806869399,0.4773887967828366
31,0.10300234485737314,0.7781329666477371,0.008136625922988331,0.01986220435056241,0.09086585822133904
32,0.3059901399802163,0.07562632917360851,0.00033134179332326724,0.03839242698218217,0.5796597620706698
33,0.3976862116681468,0.1508966310860997,0.0011355520496034908,0.03000442031654578,0.42027718487960425
34,0.4766554840412597,0.20827652645511682,0.0011860222770563378,0.049734202657638046,0.2641477645689291
35,0.21239269220091594,0.7186784620110511,0.0020543093459999854,0.008067280396896415,0.05880725604513663
36,0.30400047717626605,0.10091038209121363,0.0005012463317740736,0.02838844100024016,0.566199453400506
37,0.2760867994137486,0.4927521124782487,0.00040782092753640736,0.029366238148383565,0.20138702903208278
38,0.22225678133159246,0.4936564202580949,0.0011651012400906314,0.013992747772192601,0.26892894939802947
39,0.37955750120740056,0.14530437726372283,0.0007308858916919617,0.010959648970573903,0.46344758666661096
40,0.5806592573036259,0.09943532420514316,2.5937319942910912e-05,0.015229044429434199,0.3046504367418538
41,0.6055195587767859,0.2751394287008382,0.00023044790817578108,0.007943396152617912,0.11116716846158221
42,0.5156866397475004,0.3641494836073693,0.001398168194726341,0.0019446926202275029,0.11682101583017648
43,0.5064065939903434,0.35929559489909835,0.0017893753048113616,0.005818319793140545,0.12669011601260635
44,0.356776506369826,0.32109984201440467,0.0013328227129653792,0.0024115437239827504,0.3183792851788212
45,0.16283384392696335,0.7690345042226182,0.013014192995372821,0.002578968359880829,0.05253849049516475
46,0.20791287097859082,0.6272579473118972,0.0015199272201756116,0.005992707319709804,0.15731654716962637
47,0.17693862210907796,0.7610913395415153,0.0013184697058908402,0.006919632408253845,0.0537319362352621
48,0.3647549070718361,0.21973839933276454,0.00029994586864038605,0.007052715792332774,0.40815403193442623
49,0.2037017525304208,0.7484972281704911,0.0004977727743151381,0.0033252159471727992,0.043978030577600184
50,0.13587951304737994,0.8139277757829795,0.0004323923398818481,0.0019247189010788356,0.04783559992867988
51,0.24736279649513848,0.709978878372943,0.00021478991984079704,0.0057923093032606916,0.03665122590881697
52,0.2639202138794057,0.32854609152612013,0.0006693854477628586,0.004459480404732124,0.40240482874197925
53,0.254800128206942,0.6761860606066892,0.0006032161425727712,0.010634891801582731,0.05777570324221333
54,0.4061741096016607,0.3301643687216795,0.001983101962233247,0.0033934439955312016,0.25828497571889525
55,0.4039676245700465,0.521723031134489,0.00013427198950327602,0.0061212143720459295,0.0680538579339153
56,0.23602887961986707,0.6489966510739826,0.0014130620669728653,0.0020042598920478193,0.11155714734712964
57,0.3195792464695856,0.5755080071153119,0.0007783019787322908,0.011195327173215303,0.09293911726315485
58,0.16835270699876198,0.7088606876818101,0.0017202758981983957,0.008251068232081868,0.11281526118914736
59,0.11809996701441582,0.7991468966802132,0.0030356641954283783,0.006572211504005446,0.07314526060593715
60,0.44895817955183226,0.15179931230787816,0.0005498793527840686,0.037181582043049215,0.3615110467444562
61,0.3469940454219107,0.36590597245556666,0.00016744905590404668,0.08197790985353218,0.20495462321308644
62,0.16154047512255262,0.6330190613628651,0.0009217819237682339,0.020643138671380432,0.18387554291943356
63,0.17478627561688564,0.009898317188016592,2.4009299996883356e-05,0.015616797755506354,0.7996746001395945
64,0.4078457628182823,0.0730121612572331,4.8704649205195556e-05,0.04543485699985676,0.4736585142754226
65,0.4005309867442442,0.05005326256228164,3.724466723879145e-05,0.017821172316682767,0.5315573337095526
66,0.23655760830819098,0.013181328423481868,2.151067991668535e-05,0.026015474435525075,0.7242240781528855
67,0.5769692740947981,0.049858273615894684,8.855875439533448e-06,0.07722216358303484,0.2959414328308329
68,0.7294218146609946,0.05573890198983482,8.284354995805066e-06,0.04736663395551176,0.1674643650386628
69,0.6302753386044959,0.26574110571191134,4.585822799600074e-05,0.013256442343752148,0.09068125511184459
70,0.36712100509378004,0.49876691097490883,0.0007126557507283796,0.040473042370817426,0.09292638580976532
71,0.3165695817817877,0.45229769312480606,0.00093078596437515,0.015788681597506796,0.21441325753152438
72,0.6038194644426533,0.29974929055046395,0.0007580293237412551,0.02416934738237373,0.07150386830076771
73,0.1339947433203813,0.8186200901339047,0.003945620356056102,0.004177909181380718,0.0392616370082773
74,0.38823153348106376,0.3207599428543958,0.003370926367388353,0.0036932975105041636,0.2839442997866478
75,0.11127239050488769,0.7304788951401601,0.017259278249058808,0.001393049276738475,0.13959638682915487
76,0.24015596764289576,0.6836205167921281,0.034803830453228074,0.003891520064395834,0.0375281650473522
77,0.3597523706218538,0.5226869936370405,0.003881638353819815,0.0030138178798019837,0.11066517950748384
78,0.18495073151745417,0.6959668543360636,0.02049547434452713,0.00197578566370299,0.09661115413825196
79,0.40434455216956017,0.5347399992056868,0.004151041574682862,0.011200203655262562,0.04556420339480752
80,0.17567128517771516,0.7431084117782971,0.018389329256676166,0.0011295379391554367,0.06170143584815627
81,0.13803392944064027,0.7751848441003081,0.04517581407702609,0.0030007322797118118,0.03860468010231377
82,0.34011899390806566,0.6248927034343835,0.004794526487704369,0.006903542716940298,0.02329023345290627
83,0.03137033299169348,0.7016181666833996,0.2297800705033723,0.0008767804918210786,0.03635464932971336
84,0.05040068190706437,0.8870415364575001,0.03850407088646012,0.002478338500659852,0.021575372248315718
85,0.10111312471658074,0.8008680958915966,0.032524066253886055,0.0016390716407980136,0.06385564149713856
86,0.05335824324820195,0.7236232810740151,0.12091306793288757,0.0017641713024877743,0.10034123644240754
87,0.5643205549952561,0.3687188411651386,0.006737024545092005,0.004630891085805873,0.05559268820870744
88,0.17752096366365433,0.7413929420121242,0.04829429964744555,0.002065009599112689,0.03072678507766327
89,0.12798841165841146,0.8016522021362391,0.037814768304194585,0.0017476980474882893,0.03079691985366656
90,0.15702509728056904,0.7761818648949389,0.05403350770713554,0.0010878076207837127,0.011671722496572605
91,0.02720872343342797,0.8056178526020047,0.15532880154035242,0.0004972188744395939,0.011347403549775368
92,0.040816257668179465,0.8414550260302416,0.11104098034209008,0.000580050822880454,0.006107685136608391
93,0.01272674925854345,0.627455949022716,0.3537329912245075,0.000363706049021618,0.00572060444521149
94,0.014585530008964571,0.5460750842285974,0.42307777456984097,0.0005284258720651384,0.015733185320531883
95,0.03851564997621663,0.8390281714383094,0.11121167221054772,0.0014605678630274317,0.009783938511898587
96,0.024663394473816005,0.7601182962813042,0.204796004383949,0.0009585591326570379,0.009463745728273654
97,0.019154078975504082,0.8200772509511179,0.15489685420979485,0.0007030156515522881,0.005168800212030969
98,0.004998454825927034,0.6772683261018068,0.3143084171153859,0.0002881188459023824,0.0031366831109779676
99,0.013283525377548044,0.6915877114896638,0.28819964813539856,0.00043023550771992313,0.006498879489669608
100,0.005952356872074444,0.44956119601664923,0.5391664019980825,0.0005251929282349056,0.004794852184958899
101,0.09388963364228003,0.8118685348345366,0.07870261394880528,0.0013873109869262047,0.01415190658745182
102,0.015561189020052898,0.5757378477454961,0.402757675819962,0.0003547615575560761,0.005588525856932945
103,0.020281734381759658,0.7100944237993928,0.26431461799144373,0.0005575567560854541,0.0047516670713183785
104,0.10145666971325341,0.8200775410989326,0.03202487501737482,0.0007602901696999672,0.045680624000739266
105,0.07853747003752631,0.800598587434248,0.11110782979299925,0.0007665257062440018,0.008989587028982237
106,0.015011910235870528,0.7768798834542009,0.20373294419168372,0.0004780218149901693,0.0038972403032547414
107,0.0327045661464583,0.8419581416851637,0.12028839896937832,0.0005675718957778333,0.004481321303221729
108,0.0028844117803740734,0.26457395384701915,0.7285753148131685,0.00020696583112153236,0.0037593537283167797
109,0.0027963046420696287,0.31605481241011446,0.6785724455970714,7.99460727805646e-05,0.0024964912779639856
110,0.04056434817131293,0.779828797067264,0.156896288045843,0.0007156382356027607,0.021994928479977367
111,0.005891895393416814,0.7602977529672714,0.2278118910129315,0.0002822510126235937,0.005716209613756642
112,0.006042170885738822,0.5205788641888451,0.46691231726075266,0.00018795328964356714,0.006278694375019772
113,0.0070916980173662165,0.6064232746245396,0.3801425946750139,0.0002828945862712953,0.006059538096808901
114,0.0017285460664808574,0.24730088489239305,0.7475467475094636,6.480184024967068e-05,0.0033590196914128614
115,0.008372000769094902,0.8629255542250701,0.12059725168722127,0.0003419608150743309,0.007763232503539476
116,0.021662302789145955,0.840282450041651,0.12869254840600206,0.0014908189254467332,0.00787187983775409
117,0.004517006424014674,0.39820170868483307,0.5925205857742255,0.0002183080763842339,0.004542391040542533
118,0.02680748731722324,0.8054883360361537,0.15861032462272123,0.00032660827085693024,0.00876724375304489
119,0.00399099350555547,0.3969142656616026,0.596732616468426,0.0001077033258301312,0.002254421038585886
120,0.003171725658978787,0.343676554110643,0.6484957668130503,0.00012259299454874672,0.004533360422779198
121,0.00846430742537747,0.44741194301406356,0.5392507196270835,0.00018681647906193207,0.004686213454413414
122,0.008375523426916356,0.5632760454186224,0.42356728508345004,0.0003374759990764207,0.004443670071934761
123,0.0009829797528106178,0.21847110043053877,0.7776932707331516,6.531209485946589e-05,0.002787336988639492
124,0.0008959759608873265,0.2175197374330324,0.7781394558123882,0.00011149600077967307,0.0033333347929123893
125,0.0015383876174832392,0.2626807654944573,0.7325778457034283,0.00012631854692056083,0.003076682637710689
126,0.0005888626008675858,0.20026242015017537,0.7965531938590978,5.174702230959077e-05,0.002543776367549567
127,0.0010538052752743308,0.1598823446797339,0.8361501387001382,8.239310548392943e-05,0.002831318239369637
128,0.0008113472375835183,0.10724634849535722,0.8898732416235675,5.003366303857814e-05,0.0020190289804532693
129,0.002554074500806521,0.4345407908180373,0.5569872699155196,0.0001320731052409599,0.005785791660395397
130,0.0010695954855655617,0.11028951273171522,0.88471803552346,6.898015464852641e-05,0.003853876104610689
131,0.00045657707743518126,0.06801284626000845,0.9295926620545475,3.975827170792651e-05,0.0018981563363011154
132,0.004353656030372619,0.355738914965423,0.6349785988176752,0.00010679763631153645,0.004822032550217798
133,0.0005984500819761178,0.05236358003703334,0.9454020618042673,3.9384981037569467e-05,0.001596523095685843
134,0.0019438543232221496,0.11300285197335491,0.881055501551624,0.0002827333705969287,0.003715058781201969
135,0.0011600453074762861,0.23893564596208386,0.7581018127489746,0.00012407390813601218,0.0016784220733292823
136,0.0029819438021777625,0.29285166538168184,0.6969727271124706,0.00041802934062095553,0.00677563436304877
137,0.0028086683648654797,0.1744954082049949,0.8121013333259668,0.00024558960000831,0.010349000504164525
138,0.11331728501408647,0.7428541277977045,0.09971370423868192,0.0018090692344084353,0.04230581371511861
139,0.09129010359154745,0.6113341618718094,0.27478518977709343,0.0011432861475663355,0.02144725861198348
140,0.033515222499317966,0.6881238065139712,0.2687644730011801,0.0020499688526755783,0.007546529132855357
141,0.23461854825540038,0.5870215116951006,0.1392626848106718,0.005386683184104614,0.03371057205472259
142,0.11426296217581809,0.6226222085087879,0.19936678232780813,0.0231341747157412,0.0406138722718446
143,0.12712085639688572,0.6507336820056737,0.03687381942096604,0.1474779549879985,0.03779368718847593
144,0.29146143142054937,0.3082057057922412,0.031679732072790595,0.15507252901932567,0.21358060169509324
145,0.11347964362724289,0.019527136556791766,0.00032160821862948103,0.2805097468920177,0.5861618647053183
146,0.19456974537623353,0.3996947023025966,0.010734376251939567,0.3312583275973459,0.06374284847188445
147,0.15481177716361083,0.3795856354202142,0.0020772338442084067,0.2980437278787857,0.16548162569318095
148,0.1675210445249958,0.2924848462334555,0.002351730921279197,0.3125185750192832,0.2251238033009862
149,0.14130784200548305,0.11007336863842565,0.009509628586149087,0.22638532475814235,0.5127238360117998
150,0.20208124404869376,0.12530362732822845,0.0038039877445037442,0.3595553929337365,0.3092557479448374
151,0.06658418026839664,0.047560310635854836,0.0004736026962477541,0.13761259717872182,0.7477693092207788
152,0.2470819461225926,0.22228650581452014,0.0013500094656702902,0.2833339350081283,0.24594760358908863
153,0.14993141653536138,0.2553666138824464,0.01008807179857624,0.3730107423740851,0.21160315540953087
154,0.14107472188572162,0.07934014781516671,0.0009636797151692009,0.3309650083880216,0.44765644219592093
155,0.0843879643363474,0.08731424141989354,0.0029665337653171577,0.2838652168385406,0.5414660436399013
156,0.058421809087302365,0.058851613535098914,0.00013227521250690598,0.5706452401207202,0.3119490620443717
157,0.09344809337417335,0.05271717707985203,0.00011967274932798745,0.28168565151730296,0.5720294052793438
158,0.1300699571065461,0.04095341236453349,3.8355374438487094e-05,0.6097592609703434,0.21917901418413854
159,0.16032765265861143,0.2693178783039073,0.00034994947827239083,0.42691428025282985,0.14309023930637904
160,0.10128780039086673,0.06428470493930231,8.583995243485223e-05,0.6208209496505428,0.21352070506685322
161,0.0643368853109638,0.04187728789206921,3.266339144940496e-05,0.8129872136376617,0.0807659497678559
162,0.04524241133327931,0.06313744265750117,0.0003645611041138367,0.7878788599186304,0.10337672498647534
163,0.019746039614266173,0.028895644569584156,1.980633617624031e-05,0.8927668879730215,0.058571621506951874
164,0.05909144432236456,0.014257975141636531,0.0001593597880126095,0.6225227839732389,0.3039684367747474
165,0.11696964232976781,0.03054107618733533,1.8926623071305272e-05,0.5881521594792106,0.264318195380615
166,0.33404582622747664,0.11546687164230135,0.0010975058401024077,0.2795645544639961,0.2698252418261235
167,0.11912645491968633,0.05520407293115824,0.00010558864310088429,0.6759314474943566,0.149632436011698
168,0.056701225029107155,0.01978048876830967,0.0001841981114665252,0.160587544252517,0.7627465438385995
169,0.33624035972113764,0.06716924524961185,0.00011648779760915509,0.06983999749833279,0.5266339097333086
170,0.3530535974002715,0.034886298734512246,0.0003969159772921289,0.21219863152372828,0.3994645563641958
171,0.15045750261328752,0.02852780453627533,0.00024166743616504217,0.11589846293681827,0.7048745624774538
172,0.172990249727953,0.10914924973612435,0.0002607575606124399,0.6554558540680073,0.06214388890730306
173,0.22784043723728753,0.17394947022737708,0.00036407997200277174,0.2031579336790038,0.39468807888432883
174,0.3098865186902182,0.37282983373864254,0.00193604400293147,0.1690397481434203,0.14630785542478741
175,0.5204730328749881,0.26010621396148337,0.0005322741760873716,0.10328479767827516,0.11560368130916593
176,0.2511456570925043,0.3426485401683789,0.0006296761510741787,0.09029194228767047,0.3152841843003721
177,0.41969021816023516,0.4266703827686877,0.002834985464084937,0.0505457452409294,0.10025866836606291
178,0.5289001582262444,0.09203669102284434,0.0008878207985302465,0.0729591616006612,0.3052161683517198
179,0.348278617487852,0.18256131716074114,0.0005863568426204323,0.060069499618733174,0.4085042088900533
180,0.3049768006025865,0.5578712500248328,0.0021441170723298987,0.058248406317244525,0.07675942598300627
181,0.6215175969400776,0.08603658932440282,0.0004952142572684788,0.14330603005151465,0.14864456942673646
182,0.4976677015024979,0.19351637271385447,0.0003691687084850276,0.1448350539694861,0.16361170310567644
183,0.3357448420368698,0.2355940270162407,0.0011678669506465348,0.15558441680741508,0.27190884718882796
184,0.47289280863591665,0.09361895736803047,0.00010358429121596926,0.2024221768562646,0.2309624728485722
185,0.302658927436245,0.16597100771931972,0.00016596379547090994,0.32071664430568053,0.2104874567432839
186,0.016781966875557778,0.007628033539711126,0.00023608898937130262,0.015739914584218997,0.9596139960111407
187,0.09335529712007788,0.006337450834430987,5.670241749094225e-05,0.031407957032854344,0.868842592595146
188,0.08636875116711064,0.003123539396879707,1.4841660093362692e-05,0.04659986606013935,0.863893001715777
189,0.1511733026724892,0.00774699901409172,3.274239682347532e-05,0.028424014686568026,0.8126229412300275
190,0.31019110815747275,0.020016298856641235,5.0301994309520703e-05,0.05066936953679181,0.6190729214547845
191,0.21247151645428822,0.011288703434706377,5.6909137442680535e-05,0.06878431174058347,0.7073985592329793
192,0.0836908331879555,0.02032950040433949,0.00022365235005929524,0.0667464790946791,0.8290095349629667
193,0.4743776980749969,0.11128087546643535,0.0006818773855181605,0.1834988589610113,0.2301606901120382
194,0.0498253358650076,0.03232205981046461,0.0008339136710782681,0.01821843084603654,0.898800259807413
195,0.0018523526321691287,0.0006458804705593238,4.179873815788048e-05,0.001515504635577233,0.9959444635235364
196,0.05357952911753792,0.0037893177884176007,1.844564371415492e-05,0.00815161237298529,0.934461095077345
197,0.2963510405957682,0.011258339363767524,2.2201618861157198e-05,0.009193923133609418,0.6831744952879937
198,0.31472806942611964,0.013777849644070545,3.084428734060982e-05,0.00520553895603771,0.6662576976864316
199,0.40252576633191683,0.08267033416279711,0.0007417579147870106,0.024288143749894495,0.48977399784060466
200,0.4001757500738894,0.35861686053059305,0.0008845002761272507,0.05709608970545141,0.18322679941393896
201,0.4030324714308913,0.2759392902470817,0.0008122312128312742,0.048897333726667144,0.27131867338252863
202,0.22862399748523426,0.6413652012518645,0.0016193486576894706,0.07191059579878538,0.0564808568064264
203,0.33734263278761817,0.3437140953213776,0.00090241905531838,0.2215431124754205,0.09649774036026547
204,0.24146374654140762,0.5653577752106562,0.0006130281983329289,0.18106161273926144,0.011503837310341786
205,0.14097660854144053,0.7763945747395535,0.00349388243027498,0.05541009446959061,0.023724839819140472
206,0.2815958217498578,0.5764841540511644,0.0015364466179862359,0.12262524101640851,0.017758336564583147
207,0.3439360540705156,0.550763623527127,0.0009513349062332892,0.08382317354055212,0.020525813955571983
208,0.1453635808042346,0.8149597331276609,0.0023250145242936916,0.02895906741603142,0.008392604127779504
209,0.17093902265366676,0.7955386276054838,0.002570141425089135,0.019774510023740626,0.011177698292019776
210,0.05243233301160674,0.9282418649173236,0.0033905445981958745,0.00795900213297255,0.007976255339901088
211,0.10261666707256613,0.8524612957842125,0.003891852404620878,0.03147197893025884,0.009558205808341793
212,0.03477952924356736,0.9296773684857602,0.009557731035374295,0.014222051242692992,0.011763319992605027
213,0.02724386421858898,0.9285282117931898,0.02130104044382265,0.006993071098996733,0.015933812445401884
214,0.15894227210725592,0.7999229425355919,0.00434108866554752,0.013080595598880328,0.023713101092724256
215,0.28947183761428025,0.42748560231333765,0.0009415617441391941,0.01770941114141741,0.26439158718682554
216,0.24993042961113573,0.712063843268175,0.0022663009854160545,0.010333484937743026,0.025405941197530355
217,0.1480516101496945,0.8319030285319446,0.0007100524618723603,0.00647001459835855,0.012865294258129928
218,0.06039408679282274,0.9248754696551634,0.002876069697246616,0.0019081465005353064,0.009946227354232057
219,0.06967691106221785,0.8663651029712995,0.013550524618793768,0.006398542385098341,0.0440089189625906
220,0.11636891866090363,0.8509762669206448,0.003011802301222665,0.00531560511496319,0.024327407002265926
221,0.26613638028040165,0.6632696740203071,0.006686061328726136,0.012120826161078417,0.05178705820948656
222,0.07028899508686176,0.9159895985568907,0.0018812641826948717,0.0037416183542769705,0.00809852381927582
223,0.011948832365471741,0.9722684829040309,0.008995113298158696,0.0015786482498270935,0.0052089231825116645
224,0.004122721952247007,0.9632248004557491,0.026883323058604167,0.0012471399747574722,0.004522014558642308
225,0.015513311289647433,0.9693337539575808,0.0066319290902652275,0.0025002908915337852,0.006020714770972889
226,0.009720797500813904,0.9651026618400956,0.01777721827011753,0.0015540070808538473,0.005845315308119329
227,0.012137770023372671,0.9716752793755816,0.008648406714847685,0.0011732713311661436,0.006365272555031989
228,0.012453362423858196,0.965883157035629,0.012561548745267319,0.0014040988308734084,0.007697832964371911
229,0.022753492139467462,0.9539020438468768,0.013159466548720408,0.0023154774487594443,0.007869520016175706
230,0.016702794774347506,0.9604396729607757,0.012460642176218183,0.0014541828865199749,0.008942707202138588
231,0.008861260619604116,0.8255546885787926,0.16049038357955595,0.0006213826823203398,0.00447228453972703
232,0.009283607041226997,0.9705088681951012,0.015147917333727856,0.001585028087046609,0.0034745793428972017
233,0.011261517236537167,0.9340915276884729,0.04501170754291198,0.0016676228946068009,0.007967624637471053
234,0.02016983077948161,0.9561689801237674,0.01648697107997287,0.00214471254861646,0.005029505468161744
235,0.029121426711803847,0.9386847295194114,0.027022722821960044,0.0010084557844592086,0.004162665162365337
236,0.021883842829551185,0.9367471706948505,0.03598233158593995,0.00044443666637925314,0.004942218223279413
237,0.00693667685443188,0.8157608569071504,0.1746714857392529,0.0001113159072430627,0.002519664591921718
238,0.003599546388270782,0.6491320550202946,0.34383147224973465,0.00011412038957751844,0.0033228059521225083
239,0.008021787776461857,0.8103793784606921,0.1778211718019552,0.00033450945676978517,0.003443152504121093
240,0.003521431577025257,0.6878412109520208,0.3055109512662138,0.00022254628851267583,0.002903859916227633
241,0.0031079109080336753,0.7005285297837827,0.2935508095188669,0.0001455284711319003,0.0026672213181847945
242,0.001348926583746754,0.5912758005331865,0.4055031690785378,8.757355884874787e-05,0.0017845302456802185
243,0.0011064213582548817,0.25042123808974115,0.7452384503058119,8.124839974824439e-05,0.003152641846443863
244,0.002415946419457386,0.5403125720018768,0.4543641347069638,0.0001517816667665906,0.0027555652049355214
245,0.0005432450573733673,0.210401843489248,0.7881110987123658,5.401975144846496e-05,0.0008897929895643372
246,0.002221767936400652,0.5469779492715151,0.44866860695049293,0.00016519147636470818,0.0019664843652264343
247,0.0006054645923077451,0.24986578693412265,0.7478513437156237,8.726155674007626e-05,0.0015901432012060106
248,0.0009668921750518642,0.34746046227632255,0.6500591295688893,9.120560156887802e-05,0.0014223103781674004
249,0.001008073700750431,0.3494976288659853,0.6468550726201732,7.421103066719585e-05,0.0025650137824238454
250,0.0007829314703972314,0.29695941683608235,0.7005879037993946,0.00010194350035602885,0.001567804393769729
251,0.0004615474768734797,0.26547750295805644,0.7329018996430439,7.820889370186628e-05,0.0010808410283243222
252,0.001636598330940083,0.770806943385364,0.22431070868760764,0.00013184979496220874,0.003113899801126081
253,0.00034854891967253204,0.16641321111693877,0.8318162051541184,6.19277141041882e-05,0.0013601070951661726
254,0.000607626712792582,0.399909972546776,0.5970871947005626,8.921814312171352e-05,0.002305987896747026
255,0.0003809239130359802,0.22715798435176945,0.7712153629601661,7.261019561327327e-05,0.0011731185794151217
256,0.0006795865716134389,0.39835959824244344,0.5988079386804954,8.61280047775514e-05,0.0020667485006702667
257,0.00039971301530075556,0.23155925787198922,0.7670661104117743,5.650083515387667e-05,0.0009184178657817843
258,0.00029712785484387776,0.16141488132378123,0.83734449528871,5.253656017009322e-05,0.0008909589724946837
259,0.0002813800633259931,0.09014637965969977,0.9082631083645558,4.244318284316495e-05,0.0012666887295751615
260,0.0002555266263748809,0.09689038665098629,0.9017426122646873,3.8034934169873295e-05,0.001073439523781686
261,0.0006914166447632555,0.21957602899367817,0.7766170369955105,0.00013171176565745217,0.0029838056003905805
262,0.0004384465788704129,0.1304868309683616,0.8675814342147974,6.387068530628202e-05,0.001429417552664374
263,0.0004347766238057078,0.08883457477613983,0.9096496768299049,3.8153784100865744e-05,0.0010428179860486537
264,0.0003652424563214653,0.09860135450996246,0.9000111356514835,4.556430612901389e-05,0.0009767030761034818
265,0.0005346166708437496,0.13799855692375185,0.8589122512490918,7.605190568268631e-05,0.002478523250629873
266,0.000755695571179235,0.12466508597439628,0.871718339432696,8.343726831336901e-05,0.002777441753414984
267,0.0005906984749738354,0.08495352563835713,0.9118855683614148,5.354704294546221e-05,0.0025166604823088413
268,0.0007109462423643803,0.1171352172333553,0.8801729542409402,0.00010174481815341437,0.0018791374651867785
269,0.00037898011562648664,0.09627827321783058,0.9015539529178589,4.458579964396315e-05,0.0017442079490399092
270,0.0003611786965577525,0.0810646731635266,0.9171612148427583,3.872324486397364e-05,0.0013742100522934144
271,0.0003680836612861147,0.13362246550678036,0.8645966602771312,5.935312443720698e-05,0.0013534374303650356
272,0.00023440710375402608,0.07153545660533443,0.9264720380824315,3.857654842695445e-05,0.0017195216600529696
273,0.0003220607364207712,0.1397905586137197,0.8588303158753143,5.0771889281258534e-05,0.0010062928852638895
274,0.0004713877524570137,0.1458803920578903,0.8527419919133182,4.9800841618046485e-05,0.0008564274347164233
275,0.0005310582796626257,0.13232404173869972,0.8661969307178415,5.446780841496061e-05,0.0008935014553811317
276,0.0002514054805047727,0.08512861006864456,0.9139120149645658,3.549233083768018e-05,0.0006724771554471599
277,0.00025215240821161003,0.07961713328984485,0.9194889355397808,3.273163253647318e-05,0.0006090471296261651
278,0.0010080122606469046,0.19109114387109144,0.8054699990543953,7.556956620758006e-05,0.0023552752476588643
279,0.0004131373117836152,0.1045948426802712,0.8942315161817047,4.5350662959062875e-05,0.0007151531632815448
280,0.0004560942780939795,0.07386603959901847,0.9248570172778424,3.8432753355013125e-05,0.0007824160916902841
281,0.0010723065361894829,0.2158495527088636,0.7813661947789665,0.00011417978088078938,0.0015977661950995078
282,0.0007151954988645253,0.11798429493153269,0.8801040403957442,5.117744227913713e-05,0.001145291731579267
283,0.0008031593214782785,0.1306587881753016,0.8674933561747908,6.920452148176602e-05,0.0009754918069475163
284,0.0005640352694257576,0.07332579757204359,0.9250374981002134,4.97313534980724e-05,0.0010229377048191323
285,0.0018500893108084253,0.30369458220621937,0.6929445996403353,0.0001558016181583162,0.0013549272244787248
286,0.0005818408819409037,0.05817312612717646,0.939524967242626,5.4458797491478236e-05,0.001665606950764948
287,0.0005147178077182612,0.08775266518152697,0.9102023375934564,8.515405435240224e-05,0.0014451253629461367
288,0.0006591683133810064,0.10621952129616702,0.8916679055484947,0.00024767541367437036,0.001205729428282925
289,0.0025204532871223938,0.3555401131118671,0.6346187578116144,0.0010135374877712708,0.006307138301624942
290,0.0013457593308734092,0.2226210837933365,0.7723180306034314,0.0008147461793384897,0.002900380093020066
291,0.0020905560663494705,0.14916546137708073,0.8350248432176508,0.0008883427571344825,0.012830796581784586
292,0.023831922438242906,0.1469966352596409,0.04889738981587923,0.01514435176113305,0.7651297007251039
293,0.46274840569464637,0.08236015116831137,0.003449950808890851,0.017960092393218354,0.433481399934933
294,0.390547946840206,0.08373512930695891,0.0005636646647633368,0.005738830774140174,0.5194144284139316
295,0.6104381558696429,0.22432559656958234,0.006194060129251636,0.00845538902583791,0.15058679840568526
296,0.3130994361647017,0.584972607367429,0.005307014014778347,0.013940303350818738,0.08268063910227222
297,0.2975484181394913,0.5178895252958505,0.04810255718776887,0.03265132584845354,0.10380817352843574
298,0.07723077953979905,0.6366247977015282,0.1548660254203836,0.0758118793765778,0.055466517961711426
299,0.14092025525075705,0.599086643365516,0.04947820835852968,0.09436264446958574,0.11615224855561154
300,0.1107285200245797,0.39615813574466263,0.022577009872486682,0.20162176097846748,0.2689145733798035
301,0.13317817276157945,0.5309356091599154,0.03812860233042281,0.23661429259823627,0.06114332314984595
302,0.22538219548957578,0.5005095101858171,0.0025848526700648668,0.23987869688006844,0.031644744774473724
303,0.2780506181679654,0.49386334059043907,0.00229503640848457,0.18793317929924983,0.03785782553386114
304,0.24376121352515515,0.6618374767056994,0.013068994806806669,0.06133614712564127,0.019996167836697536
305,0.23137649986486886,0.6536945565147393,0.0018709871624139564,0.09652163878461265,0.01653631767336511
306,0.07864715523643455,0.8303884108557735,0.002999585987604748,0.08430438550984842,0.0036604624103387415
307,0.2526284003800723,0.39304803861121246,0.001312086363530666,0.3291518501432068,0.023859624501977997
308,0.08499347103778311,0.8267284093000997,0.0014067600290300073,0.08186202062334215,0.005009339009744964
309,0.20119561993716975,0.4934350075723411,0.001184206244143373,0.2730890537189993,0.031096112527346315
310,0.11535130686760606,0.7563650682811927,0.00478390957390928,0.10501526785997364,0.018484447417318424
311,0.2215809296846831,0.3492414079074687,0.01204406986109783,0.04583635590894231,0.3712972366378081
312,0.5202706976322351,0.056677969463849405,0.000351774927652227,0.06159531353723106,0.3611042444390323
313,0.658332100031241,0.20218738175724976,0.0003663764530291223,0.018689455117660694,0.1204246866408195
314,0.490357369985235,0.4380557692586291,0.0021343289538457164,0.007536699786342826,0.061915832015947365
315,0.36956855185918136,0.5388688874922735,0.0014834261407345873,0.05119289452565945,0.03888623998215115
316,0.18315988860860452,0.6700776766678008,0.010700669106608654,0.12061399120844161,0.015447774408544477
317,0.17248848830671917,0.3332531554674222,0.0041760954530332866,0.45204888668537513,0.03803337408745009
318,0.21824472365181502,0.2030529350790001,0.00023614523395482906,0.5357390889693675,0.042727107065862566
319,0.11589128706191121,0.670239100779034,0.005885475626701776,0.1659700415066191,0.042014095025733826
320,0.1632932138846027,0.6257977226315651,0.0005557310946910713,0.1947574927719211,0.015595839617220037
321,0.17783383678997866,0.6089908637903692,0.000612150724235133,0.17935472016478926,0.03320842853062776
322,0.20717461270724735,0.45763325581066105,0.00042393458144039333,0.26544778673430697,0.06932041016634431
323,0.197779358214907,0.5694437986440319,0.00020816142323414288,0.20549473288962675,0.027073948828200134
324,0.18927204025028915,0.6395948443867789,0.0006436478417926622,0.15119348146222406,0.019295986058915266
325,0.21793255219275007,0.6455469966163357,0.000372279217676196,0.11157301177801028,0.024575160195227624
326,0.285160589961279,0.456254292607878,0.00036335903737097323,0.239907824394409,0.018313933999063052
327,0.12323528856229542,0.7749160346315512,0.00032472385716818307,0.0937159916502754,0.007807961298709727
328,0.13328459170169016,0.7407114386582578,0.0015833718626014788,0.11379060964094327,0.010629988136507212
329,0.1920979597955699,0.6263696915561253,0.0011553996214589374,0.16717535895472194,0.013201590072124018
330,0.07366599167458165,0.8834412557124385,0.003597939660985795,0.031128797799118542,0.008166015152875622
331,0.08779672896750372,0.8681359938989965,0.0009338710635943626,0.03136932783045548,0.011764078239449896
332,0.19079108141360457,0.7111787752870486,0.0008907226730614339,0.05591897032466778,0.04122045030161757
333,0.12000599081549392,0.8446319796344368,0.00034124576178062713,0.025729540494205602,0.009291243294082768
334,0.6209242879170705,0.23492319294067476,0.0004547320885255991,0.09855521975710885,0.04514256729662038
335,0.18694066107341398,0.7856661434645692,0.0006976170335019872,0.018044242934854373,0.008651335493660565
336,0.15581453639800533,0.8117711985785063,0.0008530712473860888,0.025477019589073457,0.006084174187028657
337,0.2796153966877439,0.6523029300772325,0.0006916811552916053,0.027310154878163677,0.04007983720156834
338,0.03663178570499525,0.9485898273144279,0.0003559927199077139,0.010839297582689618,0.0035830966779796056
339,0.07145600811763411,0.905370683043106,0.00016852323043852063,0.01580604335221453,0.0071987422566069095
340,0.08527194068379565,0.8979095121492299,0.0001921182049951608,0.012602083877572539,0.004024345084406776
341,0.13317800816466274,0.8283255869512629,0.0006784828806403108,0.014603384153400985,0.023214537850033218
342,0.08923844773659789,0.8947400014663974,0.0005745129191996473,0.006826871238895157,0.008620166638909929
343,0.1515384508710063,0.8309301557350798,0.00042306554149436283,0.0068867618982416876,0.010221565954177862
344,0.07050043524745296,0.9179167071465746,0.0031314554894443605,0.004275706262776622,0.004175695853751185
345,0.1560529307079021,0.8225380621065963,0.0006352631009842267,0.015502695837206275,0.005271048247311079
346,0.1319090511584605,0.8020765495173838,0.013084187462238692,0.012085647941803385,0.040844563920113694
347,0.08040668134326813,0.9011169354453671,0.002777822319115683,0.00633216338576354,0.009366397506485507
348,0.11867262130343306,0.8413926440278138,0.0114585946878311,0.01989975584945279,0.008576384131469524
349,0.07100422094923359,0.849208748125091,0.03893728346449148,0.015504659999537831,0.025345087461646213
350,0.08876976132746481,0.8328516052040639,0.01574571684555791,0.039111572352915645,0.023521344269997684
351,0.038178448293007344,0.9076577970025671,0.004128357576477189,0.036631694443736575,0.013403702684211798
352,0.2249560462525555,0.5957407006879907,0.001098159124481861,0.07049690833453058,0.10770818560044153
353,0.15015336292944734,0.7418227663152931,0.0048534609591241885,0.0432157619437632,0.059954647852372166
354,0.10654163246895168,0.8095384740060012,0.002150267147093161,0.04123680116274979,0.0405328252152041
355,0.09174833698282983,0.05235856818977626,0.0010705670250369082,0.025005278749437296,0.8298172490529196
356,0.49732952546161213,0.033543267018012114,0.00018593332690700531,0.02537051060480689,0.44357076358866177
357,0.45886548032648733,0.043474145500128486,9.452643799269614e-05,0.013063077980691961,0.48450276975469975
358,0.6286466214098954,0.3255508128639856,0.00022750877369449271,0.01124117292560192,0.034333884026822706
359,0.4289035793617748,0.37216471340603025,0.0012597183517043754,0.04385261692512067,0.1538193719553699
360,0.1397223108333507,0.616316222825445,0.0016940588739082017,0.2142194220880572,0.028047985379238985
361,0.08704777938042028,0.6513829801223895,0.0009936764173061185,0.24395312173717368,0.016622442342710306
362,0.03733589846821718,0.8466252736766142,0.0020867841493649127,0.10043062738373881,0.013521416322064784
363,0.052176041712796446,0.5186195710788877,0.0024086867357084266,0.4014669987645928,0.0253287017080147
364,0.04805744960899973,0.4500877242810225,0.0008631377795422001,0.47326707386286443,0.02772461446757115
365,0.04262519217075092,0.11778200571932135,0.00016895524208527954,0.16228921750596886,0.6771346293618736
366,0.027870671376114202,0.03324511859952953,3.11717356931831e-05,0.8619421138163988,0.07691092447226423
367,0.01677333968170703,0.03375120193648323,1.4036044416015017e-05,0.9212455004383684,0.028215921899025248
368,0.05654985121198465,0.05173129898477489,1.9084271245051006e-05,0.8569443629118294,0.03475540262016605
369,0.04573309923782873,0.029527439468300314,2.016179336081515e-05,0.89493568613636,0.029783613364150047
370,0.07142309827291028,0.022209361594539127,2.0833502169014527e-05,0.8881188257344469,0.01822788089593478
371,0.03639742441659749,0.023475230847560345,1.640762106316114e-05,0.9196758552368167,0.020435081877962433
372,0.022065539829126887,0.01302774587419891,1.0550916236616319e-05,0.954469723069733,0.01042644031070456
373,0.014159966737295089,0.01097218747871804,1.331127341411095e-05,0.9641598651005964,0.010694669409976494
374,0.0081955323922424,0.015294423231146166,4.299855063584792e-05,0.970077680697652,0.006389365128323652
375,0.0051297197479058644,0.003249477292116739,2.0019058394943038e-05,0.9851635852930968,0.00643719860848558
376,0.007498291611122445,0.005272970396179877,3.815043002093394e-05,0.9791056115486546,0.008084976014022105
377,0.012051331745944992,0.007806164116015645,6.341890839835924e-05,0.9613305571588016,0.018748528070839307
