epoch,N1,N2,N3,R,W
0,0.003943691053283057,0.0007471671784961136,5.288772510500273e-06,0.00020187461505941987,0.9951019783806511
1,0.0033807274090660476,0.00043174974407997655,3.3524416442488364e-06,0.000208603737140598,0.9959755666680691
2,0.024591519547121264,0.0005376880437867391,1.2460939478042264e-05,0.00029483090278286967,0.974563500566831
3,0.005781957346171089,0.0007382174769541453,3.703365470855514e-06,0.00029532962792360183,0.9931807921834803
4,0.032169013307414895,0.0015724956945950166,1.4033547834480379e-05,0.0003208548251909222,0.9659236026249647
5,0.008661089009492093,0.0008306660789098317,4.780398816986608e-06,0.00031443572366561653,0.9901890287891154
6,0.002138538593865191,0.00027660594596051004,3.948659587822545e-06,0.0001084479304077118,0.9974724588701788
7,0.029610920256846775,0.0007610781716241523,2.5458939752877637e-05,0.00016383880058952778,0.9694387038311867
8,0.004581531156727576,0.00023090042331354101,5.9573348788349045e-06,8.104367077191569e-05,0.9951005674143081
9,0.03419094977631213,0.0007202336586515101,1.2530227967292279e-05,0.00025234823149638066,0.9648239381055728
10,0.026622528978130347,0.0005330312949198319,1.88142974809843e-05,0.00036924473889730187,0.9724563806905715
11,0.01149443837630224,0.005359651020801725,3.3670554000822594e-05,0.00033332115513683695,0.9827789188937583
12,0.012796303312846438,0.001475249377521239,1.5412295714681692e-05,0.0006191078496077743,0.98509392716431
13,0.014226694328864583,0.00874199262384553,1.6160339824609192e-05,0.0005911950536434653,0.9764239576538217
14,0.01022747747598659,0.007155672561233677,1.1405453787777876e-05,0.0005141215308152447,0.9820913229781767
15,0.004783946318227605,0.027436303888586932,0.00039108745846787486,0.00027813341146612275,0.9671105289232516
16,8.797555856045768e-05,0.00015331818525745773,0.0005129406480650103,1.5255186927334104e-05,0.9992305104211898
17,0.0003117314537672061,0.0004622390394635163,2.970538814638625e-05,2.508893249512891e-05,0.9991712351861277
18,0.0012919270927491853,0.000235873922043402,4.883072747503605e-06,8.611632435088712e-05,0.9983811995881089
19,0.0017064280115086639,0.0001958710015782727,2.1592333957829334e-06,0.00017785129913682168,0.9979176904543805
20,0.0022766323659551037,0.0004981109573212768,5.047996440689996e-06,0.0002159269803745973,0.9970042816999083
21,0.01839861276032079,0.0012587141517533173,1.0488985190710757e-05,0.0003126723662011657,0.980019511736534
22,0.01274129500796209,0.0022043940252289736,1.5309796915132397e-05,0.00023694713094211755,0.9848020540389516
23,0.01586200096814735,0.0014330616187954494,1.4979311706012914e-05,0.0005159384152370271,0.9821740196861143
24,0.008835766651541043,0.001086588840083494,4.049344091204698e-06,0.00077185493812539,0.9893017402261589
25,0.0038600793770351546,0.000990498470036143,2.855873538886664e-06,0.0005137843148139516,0.9946327819645758
26,0.01300587844187521,0.0012574548847531302,6.586603436399802e-06,0.0005264950154330588,0.9852035850545023
27,0.08914263974579936,0.0016227823058878375,9.896453323625364e-06,0.0004308473935397275,0.9087938341014494
28,0.1108256329128224,0.0038793684871968794,3.514196840095447e-05,0.0008756395315781022,0.8843842171000017
29,0.555290735137591,0.008938925331449615,6.37912430435838e-05,0.0027865446811967845,0.43292000360671906
30,0.46624673992556165,0.1258626484028291,0.00024447329518437856,0.006533330440183913,0.40111280793624077
31,0.6279440848014244,0.024811682527843472,7.475224394953473e-05,0.0044807662816974585,0.3426887141450853
32,0.19408525943759602,0.4274887981097377,0.002541029960512946,0.008484932778268556,0.3673999797138847
33,0.3682192126061324,0.40091416655435413,0.0009113265080657128,0.044667016355936,0.1852882779755119
34,0.1642660540520588,0.7550463892363836,0.021082317428099653,0.008173271294646492,0.05143196798881135
35,0.09307630437799132,0.8340077962820577,0.011723736186535938,0.01424243177546198,0.046949731377953066
36,0.06272387819096528,0.7926617344421023,0.0769610897766496,0.0010411309096697188,0.06661216668061304
37,0.14391658095017953,0.7621147512319325,0.0033054792225677442,0.002837985956487595,0.08782520263883266
38,0.08203624285345426,0.835662548157831,0.03378638179174561,0.0004524734994894944,0.04806235369747977
39,0.04097889565649075,0.8756990136570182,0.056096160484573866,0.00022811096099638434,0.026997819240920824
40,0.054993379796930614,0.9057355235319724,0.026218978530189445,0.00038516710218622444,0.01266695103872116
41,0.03595660253723407,0.8151889393574873,0.13412394683538356,0.0002787209617374053,0.014451790308157625
42,0.014195982297882347,0.6851364476147609,0.29079622579550163,0.00022126378114276142,0.009650080510712476
43,0.020511574252793853,0.7468171552258724,0.21987276579233964,0.00046229857027347274,0.01233620615872043
44,0.019180176942224535,0.7593360970783143,0.20943859186531258,0.00048628779064302914,0.011558846323505605
45,0.022254029015679168,0.8274803076464459,0.14039535800065592,0.00027134094134197617,0.009598964395877043
46,0.0038147309234709595,0.41934676561347556,0.5654654992256324,6.526255737864905e-05,0.011307741680042444
47,0.0031961046926007254,0.4263743075563707,0.56503895900913,5.490635949066531e-05,0.005335722382407788
48,0.0037513873901305907,0.45615085970908426,0.5343681665959669,6.445397833642264e-05,0.005665132326481832
49,0.0007010829530817968,0.13596359495519145,0.8619925818507022,2.7962399921352596e-05,0.0013147778411033448
50,0.0010771087927929639,0.36692602670143254,0.6282189891063312,5.218405393021786e-05,0.00372569134551306
51,0.0025776894338273397,0.23844901409600613,0.7545584014185598,6.199399572255922e-05,0.004352901055884259
52,0.0011745388752997024,0.21887832550055863,0.7763164478023827,9.035124053624404e-05,0.0035403365812226254
53,0.0013757610461274555,0.23779808251023168,0.7538646368844069,0.00010378119504984174,0.006857738364184006
54,0.0006911820728465573,0.08166893043158886,0.9156320755561543,3.56248302610329e-05,0.0019721871091491617
55,0.0003722580974715191,0.060087948993351924,0.9380149475857463,3.2854716106400165e-05,0.0014919906073238107
56,0.00023967550161689026,0.04717969087227001,0.9511210197685896,2.221864625449022e-05,0.0014373952112691315
57,0.001986790864893827,0.097502962690301,0.8959695210812452,8.936021898420516e-05,0.004451365144575671
58,0.00755389097311404,0.3088712655539264,0.6228543114484582,0.0012153322669063598,0.0595051997575951
59,0.010488432132574887,0.05033587751952893,0.08998933855638808,0.001284253682981674,0.8479020981085265
60,0.02999774290540211,0.2736453195980239,0.03963343448283848,0.005402837205585886,0.6513206658081495
61,0.01363333361109099,0.04823667244851193,0.023403618270805643,0.002604181612678481,0.9121221940569129
62,0.015610481763700045,0.04195213440757783,0.009784728318829912,0.0033090042283567974,0.9293436512815354
63,0.009478190682418466,0.039686353730424125,0.03733984383262006,0.001532043447873011,0.9119635683066643
64,0.02171800520468039,0.03283234133423544,0.07924047809420522,0.002152020313200781,0.8640571550536782
65,0.001690804271263475,0.0004392605761880212,0.0002354207863418684,0.0004865240687874279,0.9971479902974192
66,0.0008435031831647744,0.00030261060129019903,2.301191762733326e-06,0.0004629895441236073,0.9983885954796586
67,0.0026212224517294653,0.0004785847805045265,3.3395513617419396e-05,7.740328804278317e-05,0.9967893939661059
68,0.0019684277690079814,0.0005048926643046877,2.7104006515675543e-06,0.00015729906856550574,0.9973666700974702
69,0.00117104840953123,0.0003258918828099941,1.6417719382076543e-06,0.00010466281692107643,0.9983967551187994
70,0.0012181666244606103,0.0002775758626788494,1.0190092996608213e-06,0.00020589450061028874,0.9982973440029506
71,0.008157725245459137,0.0013689307782587218,3.099035130219872e-06,0.0005154888933236877,0.9899547560478283
72,0.02937879517093169,0.0013226487065868577,1.3856506302684837e-05,0.0006724096762260303,0.9686122899399526
73,0.08277238748106314,0.0038064803740004128,1.6238781078084026e-05,0.0012872267912825896,0.9121176665725758
74,0.0953954478895216,0.003963393721450416,4.1519599475878524e-05,0.0016516487684469017,0.8989479900211053
75,0.6277917486861864,0.02012173002531735,5.1614850966992785e-05,0.005694766399318947,0.3463401400382104
76,0.837569997389519,0.029274413178707895,0.00010435629700884878,0.005445177192518706,0.12760605594224547
77,0.3155496751393562,0.3117391618873862,0.008923245429061638,0.0018389300432961285,0.3619489875008999
78,0.3180395340164914,0.5872297822960195,0.004324466426086227,0.0073146083344606296,0.08309160892694217
79,0.1592016051893794,0.793323358046985,0.010952574265338164,0.0022873977488821174,0.03423506474941538
80,0.10433851819703006,0.7256650578631355,0.148869243712509,0.0006081624513031148,0.020519017776022386
81,0.0648389289159639,0.8811369867713942,0.030588563596903384,0.0009395163646832734,0.022496004351055244
82,0.015857365520482686,0.669722310994152,0.310530003288688,0.0005357857040841455,0.003354534492593172
83,0.036482310489767016,0.883801158622898,0.0675118879214639,0.0004849576047732477,0.011719685361097926
84,0.0031672638862860953,0.38461109840034435,0.6097628834301817,6.65180327889217e-05,0.002392236250398886
85,0.0016454527242739613,0.21139982915317884,0.7841097287270763,9.166495414066319e-05,0.0027533244413301744
86,0.003959601851679011,0.566481526944604,0.42537437584880616,0.00019086340380374445,0.00399363195110709
87,0.0006115357698766797,0.12009566075260322,0.8783518590680487,0.0001080228579514737,0.0008329215515200012
88,0.0011687026519485398,0.41951682262905354,0.576967379649452,0.0002847306489379292,0.0020623644206080676
89,0.0009055712478555792,0.17382552966964485,0.8243308583718743,6.32585644411523e-05,0.0008747821461841795
90,0.0006879334145984298,0.09844112686055848,0.9000783002700633,5.2314547191712996e-05,0.0007403249075878687
91,0.0019355699624925243,0.3776524286012183,0.617671991448586,0.00023419632818592022,0.0025058136595173747
92,0.0008419354454944457,0.2270210267303303,0.7704888305736167,0.00012336503688604045,0.0015248422136725666
93,0.0006865570863166006,0.13868361948678007,0.859610720611456,9.483463452176355e-05,0.0009242681809255294
94,0.0008971691189877495,0.16643594419696747,0.8313412802530447,0.00012605900491019005,0.0011995474260900034
95,0.0007617178241546018,0.14670447838438538,0.8508395880518419,9.555414869122517e-05,0.001598661590926872
96,0.0004958137675648677,0.07653151513839775,0.9220888543564497,0.000128174847554728,0.0007556418900327533
97,0.0009744436821388058,0.09601185367375364,0.9013854196772811,0.00018452649689940147,0.0014437564699269379
98,0.0004326446331077997,0.19443815234884768,0.8036832538837763,8.744817085672508e-05,0.0013585009634113994
99,0.0005121258084674716,0.11166473775170882,0.8870852008257831,9.977804161066796e-05,0.0006381575724299156
100,0.0014270325969464148,0.10254964853082128,0.8949136972010545,0.00012279716220130752,0.000986824508976533
101,0.0008554276311249097,0.08646117226453098,0.9118027975269221,0.00025118815872886323,0.0006294144186931451
102,0.00042241644205528024,0.07612999380067934,0.9227566895984608,0.00022035444271246692,0.00047054571609203604
103,0.0009309169938369991,0.07133853139190469,0.9263686724939353,0.0005377595568109734,0.0008241195635117858
104,0.0006930199306598383,0.0561880231277807,0.9416732449849183,0.0004859007547871547,0.000959811201853907
105,0.01897278003373852,0.39346821840115354,0.5278091543842702,0.005042841372904151,0.05470700580793349
106,0.12293664446139331,0.7716594902816039,0.010742639130425698,0.03770911040506691,0.05695211572151041
107,0.25297487280680886,0.6878649655983103,0.0063899262251181305,0.009360654564177263,0.043409580805585435
108,0.1637938913697051,0.7646465734743492,0.030507012226592915,0.001494745337314276,0.039557777592038296
109,0.24499167117115445,0.7382198476534552,0.006474826753367513,0.0015701642989108058,0.008743490123112024
110,0.18340490223603964,0.7907858443907599,0.010234540349939132,0.003812735682675941,0.011761977340585494
111,0.19857239012176606,0.7567463830709402,0.024711482764398673,0.004212655662371395,0.015757088380523778
112,0.01925769815658524,0.43361447455747115,0.5444487214540559,0.0010311912621816534,0.0016479145697061433
113,0.02022835547892395,0.8831820973725573,0.08834060674139771,0.004574731040431688,0.0036742093666893624
114,0.0034404930417638313,0.32561218677754494,0.6689791846993913,0.0006466432460147371,0.0013214922352850766
115,0.00712853518806646,0.6196447462470033,0.3649514906893016,0.0024244294372025407,0.0058507984384261105
116,0.010758558724865431,0.8529923382152816,0.13233995644372246,0.0016213013956870594,0.0022878452204433677
117,0.0036334053078006193,0.42836679676880207,0.5649948952602251,0.00034301329131089314,0.0026618893718613652
118,0.0035889404979884422,0.625156571673319,0.3690973539276309,0.00040871285360818786,0.0017484210474535036
119,0.0030285879993175438,0.38128281328439567,0.6134231612747549,0.0003719531779747898,0.0018934842635570611
120,0.001286324067060612,0.25751317193378304,0.7400196575606998,0.00015300959116148913,0.0010278368472951367
121,0.0006085329519445019,0.08255178426695392,0.9155422092884287,0.0001545339733055967,0.0011429395193672796
122,0.0019490341244098508,0.5591137238978993,0.4364437078152195,0.0005204955201709684,0.0019730386423003573
123,0.0009290858012229825,0.12096739155090575,0.8773844389777754,9.51051422728217e-05,0.0006239785278229633
124,0.00030503440789758787,0.06492281340664333,0.9343641224667152,4.4925195876859574e-05,0.0003631045228669976
125,0.0004166638388246018,0.07036785469568477,0.9286694525210121,4.8385178176894346e-05,0.0004976437663017206
126,0.00037171679412496323,0.06548050191172088,0.9335849386232465,0.00012500953951784255,0.0004378331313898189
127,0.000833613383616327,0.09201510573349786,0.9061514402137565,0.0001691613430684663,0.0008306793260608254
128,0.001204612533099159,0.2050463107830805,0.7924013747977455,0.00017806333670566265,0.0011696385493694245
129,0.0007916644971945363,0.1859231960000826,0.8117242054477093,0.0002622668234957107,0.0012986672315179909
130,0.0006466192104604761,0.06495004388186255,0.932682073232271,0.0002716894750579537,0.0014495742003479304
131,0.0008972503103864127,0.17369559918385732,0.8239254936109434,0.0004331392903189811,0.0010485176044939886
132,0.0020175241485362095,0.20881336439911694,0.7872024332968162,0.00035415591089999653,0.0016125222446306796
133,0.003178668547930619,0.1391392916972428,0.8544484712183372,0.00045922252746694075,0.0027743460090223623
134,0.015554509091920344,0.5329927518674906,0.4238923794330981,0.0032881122438746958,0.024272247363616245
135,0.016272030063130504,0.7226841305201497,0.2175813446360631,0.0026716417688720465,0.04079085301178461
136,0.011069063142206353,0.482084670458748,0.478145262019995,0.002576076429029225,0.026124927950021342
137,0.12430995528567892,0.33051407243582476,0.0028636382932144024,0.014639627546875991,0.5276727064384059
138,0.004371751117432234,0.012460660242312035,0.005419411713105068,0.001767205361373377,0.9759809715657772
139,0.03292284423592045,0.008401982058310052,0.008157353542119071,0.0025168206484925413,0.9480009995151578
140,0.028983405771523387,0.005925981416985848,0.0010422344376341609,0.0013400978452621376,0.9627082805285946
141,0.01676179410919422,0.0016477681580806356,0.00041733719277640697,0.0018080291124805093,0.9793650714274681
142,0.03730313310628104,0.0032286923936830788,0.000815150239097554,0.0040586888509774235,0.954594335409961
143,0.0947504837522759,0.004962593364263512,0.0017501947412465984,0.013375842535481254,0.8851608856067328
144,0.12935969344625414,0.015292234676464418,0.0030580492356592,0.011414306005758624,0.8408757166358637
145,0.03454237476540658,0.0071813697855244866,0.0018467800559267443,0.0036051115280642844,0.952824363865078
146,0.13490386114903255,0.007943515196645597,0.00011486643384782357,0.009755039768402326,0.8472827174520717
147,0.7694274371709198,0.037781771434517865,0.00017149800104298473,0.014227380328994193,0.17839191306452504
148,0.26453179825345335,0.5320231116403908,0.0067944936539570825,0.02694234048365283,0.16970825596854594
149,0.3652673980033974,0.5217087947318197,0.0007785604969604017,0.03264477488074216,0.07960047188708018
150,0.10935018404676389,0.8098311603938333,0.02118551241569052,0.017926057128183695,0.041707086015528506
151,0.12153240225697648,0.7718318159984014,0.03897466791501599,0.02719934769685421,0.04046176613275182
152,0.10003919722142104,0.470089927310202,0.010431743116603512,0.09658346265095058,0.3228556697008229
153,0.07032494438180291,0.6964442188369977,0.05892997430362744,0.05923682225409098,0.11506404022348103
154,0.11386193694541068,0.6049301012531499,0.007003263865284697,0.14348161107725188,0.1307230868589029
155,0.18197490874207825,0.471637232334415,0.006422010918841248,0.24491847576025355,0.09504737224441197
156,0.056602583229108806,0.7824953213086345,0.024416913591834562,0.08410877163763913,0.0523764102327828
157,0.1278759822216196,0.4784993119514285,0.004694431806571962,0.16456618334363113,0.22436409067674873
158,0.11865136745986551,0.6221207813483994,0.012607167243973453,0.11318000811141372,0.13344067583634794
159,0.12029472447114205,0.47172801527962144,0.018138577816573354,0.13796464692402516,0.251874035508638
160,0.14268428695879626,0.5774945809303837,0.007037775027053679,0.19070124585358236,0.08208211123018398
161,0.10518625417996054,0.6825407615643242,0.07329656090695812,0.04072098932021362,0.09825543402854366
162,0.22128254880882334,0.5205612324202132,0.01471698236640445,0.07545119528623195,0.16798804111832705
163,0.20870953336204434,0.5710668634529029,0.07663855645766135,0.03305281469277096,0.11053223203462037
164,0.10991680807448251,0.7522512055806341,0.01407640378438354,0.06362806731948573,0.06012751524101439
165,0.201859901936814,0.5633377492003355,0.038124822902119465,0.11101924111672788,0.08565828484400297
166,0.12444826600793032,0.7520589762061989,0.04451184260601377,0.052755770009650156,0.026225145170206896
167,0.11015069543092383,0.6478411506207428,0.1462792288198137,0.04958158760162678,0.046147337526892894
168,0.06903312216148254,0.8644540035975857,0.026528548216591778,0.01285462576421833,0.027129700260121688
169,0.10685744102976236,0.8160411857364316,0.0306949090985416,0.009357705132141524,0.03704875900312278
170,0.05776649910771312,0.6585558163912296,0.26612411821504983,0.007320006210687064,0.010233560075320405
171,0.10010042227981922,0.8674660112445912,0.017378119565145646,0.006303826293130304,0.0087516206173135
172,0.01696494643513849,0.8308696956234152,0.14320353787856416,0.0032317919395600035,0.005730028123322136
173,0.02978810893079287,0.6219883837613817,0.3253059542491944,0.013539803829974247,0.009377749228656728
174,0.09423602637876793,0.8429529189362249,0.028247154716172874,0.020256374541594815,0.014307525427239383
175,0.019618080449007112,0.7331266102142195,0.21635057794406276,0.006495329936873394,0.024409401455837195
176,0.15133557066670048,0.7986199291359222,0.009126816877939321,0.02128132161988473,0.01963636169955347
177,0.10690007328090809,0.8342845312518982,0.04122904600808267,0.0068150104497179,0.010771339009393163
178,0.05024501120819015,0.9048232149941589,0.034284515610642705,0.00231248293761206,0.008334775249396574
179,0.03162595154074288,0.900090814383169,0.058956260003161946,0.0020995643322678586,0.007227409740658384
180,0.013292100633211226,0.8310660752657193,0.15025478601201891,0.0028406321129500465,0.0025464059761006277
181,0.007914719294148527,0.6395766087181538,0.34638880134148975,0.003335178524939526,0.0027846921212683015
182,0.017904353240636908,0.6817376925157982,0.2914503850370862,0.004150519542240747,0.004757049664237936
183,0.008359679530426267,0.6324311694567313,0.35335229668265444,0.0017861479304138415,0.004070706399774202
184,0.035436067327697884,0.7836080474319993,0.1380258746011025,0.003185889954000565,0.03974412068519988
185,0.0058148531451368305,0.5550050324718989,0.43523779365337156,0.0009145756179916317,0.0030277451116012635
186,0.010906663738412824,0.6925998989602535,0.29219718641747866,0.0018568114263347788,0.0024394394575200833
187,0.005502761068621107,0.41908718749239887,0.5707653389199546,0.0011455550518640477,0.003499157467161235
188,0.03583919786269376,0.8842510907244155,0.06769234151450848,0.005420156235561639,0.0067972136628204
189,0.004938027544631094,0.5359324663076531,0.4527896198869276,0.002085751132749711,0.0042541351280383655
190,0.015256192544886747,0.8665496127672996,0.10921090267457746,0.00476899469558919,0.0042142973176471305
191,0.015024362301453265,0.7525149179211189,0.22464880113263674,0.003068824452208431,0.004743094192582892
192,0.012303158869028033,0.7729492011548112,0.20703742933318736,0.0038108709763172346,0.003899339666655924
193,0.029096039551007934,0.7180199241333072,0.2397786460216287,0.006516652095420502,0.006588738198635687
194,0.037964733314290906,0.8554157482559223,0.08251089760674837,0.007672475545734425,0.016436145277304054
195,0.017379434511735972,0.8618875168718843,0.10427598967543632,0.005131220032446102,0.01132583890849724
196,0.017246691940164517,0.5839726851708167,0.3893449127346818,0.003835010681022279,0.005600699473314718
197,0.04379684895813337,0.8883455651632561,0.03526388895380758,0.007704287428441828,0.024889409496361092
198,0.07369775603453323,0.8477007959967179,0.04808522198400944,0.015615799559600928,0.014900426425138568
199,0.07575415994397713,0.8647549862753406,0.028039844585791816,0.017643628596827762,0.013807380598062642
200,0.040182150828928176,0.8988919757079077,0.04557830941375684,0.007596783273945745,0.007750780775461678
201,0.036759738423742146,0.7428751606146367,0.20452388065579394,0.005492386151978942,0.01034883415384825
202,0.059839378426025665,0.7763991939828097,0.1261205700520669,0.013173987706193973,0.024466869832903804
203,0.10515789045034524,0.8302697033583027,0.012013392001071635,0.03458678114056629,0.017972233049714126
204,0.12918151403506076,0.7976804858581968,0.028247254994746663,0.0260084055076671,0.018882339604328575
205,0.060851662073138364,0.8723068040573404,0.04115304059265542,0.016397867546398576,0.009290625730467109
206,0.06552254350403092,0.8097606098267871,0.09386986836201587,0.010931732936533042,0.019915245370632974
207,0.06188177741081302,0.8729980905823989,0.03609953999177709,0.017039068443346125,0.011981523571664904
208,0.0686428682019106,0.8428484301326323,0.05269978829514703,0.019571895943882704,0.01623701742642737
209,0.045996775952347524,0.8919910203940357,0.045350873782413585,0.00992863335386729,0.006732696517335988
210,0.06568730422271508,0.8773738147578882,0.04161268780564419,0.009811233434691827,0.005514959779060503
211,0.03123242232969825,0.8352017561814192,0.12348445833040154,0.004356930737725969,0.005724432420755229
212,0.018976598901297326,0.5439028568412162,0.4308932285387364,0.003359304349747879,0.0028680113690020877
213,0.02856639119934211,0.9082429122689324,0.051776133270210335,0.006278187610837016,0.005136375650678358
214,0.008075688818228371,0.6522238727306873,0.33029896290879235,0.005055377598065847,0.004346097944226243
215,0.006386259380026876,0.37115648716266214,0.6103467055120888,0.006742565615790599,0.005367982329431712
216,0.027820008202067946,0.7070709654065969,0.24134380473895373,0.014910546137248501,0.008854675515132785
217,0.058066408898340596,0.8301620142886766,0.058171725598224804,0.038717440489707405,0.014882410725050471
218,0.036111515666313654,0.837551359295327,0.10307266475537312,0.01308949163750306,0.010174968645483153
219,0.07998271929726071,0.8572278109749599,0.037657073106313166,0.015444346591230859,0.00968805003023529
220,0.044050032359544564,0.8672247641139743,0.07296945598060631,0.005324004621492456,0.010431742924382443
221,0.05033198193415605,0.6441050091671903,0.29411471237663,0.007189157220232884,0.004259139301790811
222,0.09793325829739989,0.8629778665993157,0.013980660857131304,0.015662636733715398,0.009445577512437728
223,0.0667172638954036,0.8539670552867733,0.044547136552083144,0.015306068738319502,0.01946247552742024
224,0.028525792196156755,0.9285940354612862,0.0333643464370614,0.003905763496043123,0.005610062409452647
225,0.0820415573688141,0.8387691452478748,0.05163192574162939,0.007148797086981066,0.020408574554700777
226,0.034804473556745485,0.7840689137302432,0.17258121422222608,0.004015081144583584,0.004530317346201773
227,0.05159616686002078,0.8836996514269944,0.05258735298498923,0.007283609769276678,0.00483321895871869
228,0.03602567322956855,0.657761797731408,0.2794394766005186,0.004085428058317715,0.022687624380187232
229,0.022808541847572698,0.7446212363135019,0.22294142157222455,0.0045495498269963715,0.0050792504397046394
230,0.04492393890921368,0.6954022597377219,0.20325079082830058,0.011539758658931587,0.04488325186583216
231,0.05551412975408492,0.7669514712842014,0.15318326350918554,0.009142955147690673,0.015208180304837652
232,0.03576052589687239,0.7316791218139541,0.21284658540189186,0.011063123171817069,0.008650643715464545
233,0.05078243439703745,0.8587052199269741,0.06826744540181487,0.014514970472829425,0.007729929801344302
234,0.03517407158307658,0.9148547002825654,0.028453951303367996,0.009080951378958363,0.012436325452031669
235,0.1022077949797509,0.835311213185916,0.02524832624193334,0.0175876013333803,0.019645064259019376
236,0.060407532431750455,0.8898159375710953,0.03324820471017731,0.010789519369841226,0.005738805917135603
237,0.08297851197892898,0.836369764919012,0.04872410587734407,0.020746774456961093,0.011180842767753982
238,0.0318762280906117,0.7826569474097365,0.16649678979983712,0.010535872890301131,0.00843416180951362
239,0.031874266824287005,0.8146523703735855,0.13488314997373516,0.011278835359844338,0.0073113774685480476
240,0.12920597726916136,0.7966191684558482,0.01116521190081324,0.04176365282832009,0.02124598954585708
241,0.09263252952860526,0.6587791138634719,0.20652262727063386,0.023961804395475114,0.018103924941814044
242,0.033018304655726534,0.7529303003851814,0.19357765383253533,0.009892287363724318,0.010581453762832442
243,0.0536277837551343,0.8310354661293333,0.08465164110709163,0.022189283198312423,0.008495825810128177
244,0.02140862590636355,0.8666795603003324,0.07201645569638378,0.026732117470999805,0.013163240625920466
245,0.035853533088838284,0.1949704068713542,0.03582143546944362,0.026788267000933667,0.7065663575694303
246,0.2880482642077841,0.5240070971453663,0.016411143508652068,0.07960648914059709,0.09192700599760034
247,0.29846525312944855,0.6294493854297991,0.0030666286922642486,0.032281160396023856,0.03673757235246423
248,0.23016084076210783,0.7087996252499306,0.01377347509443394,0.020430538883429047,0.02683552001009844
249,0.13896424435609153,0.7629044646841292,0.04002956478538004,0.03166921593862443,0.026432510235774816
250,0.037923156071481334,0.7736007985576858,0.16136345871650076,0.0075802927206764905,0.01953229393365552
251,0.07686053382030769,0.8657117049102988,0.011784321114765272,0.03039960941261132,0.015243830742016904
252,0.05107561693470732,0.8848986899748674,0.02721267097281188,0.018989239494730123,0.017823782622883207
253,0.048413539649252595,0.8814939154121862,0.01333003384934909,0.03736880944244968,0.01939370164676244
254,0.07546566699749724,0.8209926219586734,0.015902926996735848,0.040822778898232145,0.04681600514886142
255,0.3362014068630486,0.39446431697532486,0.03228929647987752,0.04537180084074905,0.19167317884099994
256,0.20361863373498898,0.7064045191001584,0.0166022915457505,0.024399329623446292,0.04897522599565564
257,0.08510720803095749,0.8354902987844854,0.05628764011563539,0.011166796901168292,0.011948056167753506
258,0.10601139493779153,0.8578915537682535,0.014188731954350988,0.007728798129772553,0.014179521209831491
259,0.06949297062113141,0.907626048864427,0.015036965776489324,0.004619672036508092,0.0032243427014443417
260,0.006893861996646779,0.7641235133250542,0.2266035835334417,0.0008162854102834815,0.0015627557345737136
261,0.023614781530858695,0.8690671450942542,0.09804463448899213,0.003204523578001052,0.006068915307893959
262,0.01435113051304852,0.64059083642918,0.34169321562747496,0.001213136424193947,0.0021516810061024587
263,0.008002310010941123,0.8869433475769088,0.09998221688218545,0.002153332989031415,0.0029187925409333354
264,0.007609139258348207,0.8314693366828949,0.1583834082547099,0.001036011478428201,0.001502104325618823
265,0.0033285437367063975,0.7349252585198155,0.2578343570539422,0.00134148904811912,0.002570351641416728
266,0.0006694551479472491,0.275220889196458,0.7234597063029948,0.00011771711113385978,0.000532232241465978
267,0.001637018209583582,0.44556026613917127,0.5511138226808762,0.0002972583202273112,0.00139163465014154
268,0.000951262634720126,0.15560497236068224,0.8423743536263214,0.00042791165258837326,0.000641499725687852
269,0.00047008351554519897,0.11273607981773913,0.8860481211592307,0.00039474546459408066,0.00035097004289089953
270,0.000883952979230195,0.25825170245777934,0.7392847374676251,0.0003639106907512527,0.0012156964046140908
271,0.00021177775755981088,0.1280884213185354,0.8711769641258085,0.0002328424834488845,0.00028999431464754225
272,0.000318013949158405,0.09983033408046411,0.8994271699028465,0.00014755983177112793,0.00027692223575976797
273,0.0005214683047647163,0.19318192162897743,0.8054194801211909,0.0002480099410824679,0.0006291200039845176
274,0.0004248947897320967,0.12436411757553192,0.874246499789425,0.000493073755591824,0.00047141408971917726
275,0.000441831247740527,0.08625892735166495,0.911651296974237,0.0007875809127392524,0.0008603635136182117
276,0.001012820168296762,0.1457268785344882,0.8509791663321539,0.0008451257552244358,0.001436009209836784
277,0.0071560944395083585,0.493299290008568,0.49139524786417876,0.004138010258969175,0.004011357428775816
278,0.0032857751509090365,0.7034246069966656,0.2897048254558795,0.001264675996179969,0.0023201164003658174
279,0.001501900077491211,0.2695841932594446,0.7273751239127323,0.0002968962498718641,0.0012418865004599393
280,0.0010353945325370414,0.3207146090805376,0.677190016090837,0.00019119004289793585,0.0008687902531903584
281,0.0004911205978718096,0.15901393053645133,0.8398302554440493,0.00017973519079057183,0.00048495823083689014
282,0.0006142800709284453,0.12112613092339627,0.8774866871458005,0.00022115449933073447,0.0005517473605440809
283,0.0005455361165201075,0.09630822158106381,0.9020040351306122,0.00036785266171255774,0.0007743545100913716
284,0.0002510615384446474,0.06422124200310185,0.93512095573598,0.00018548572885150992,0.000221254993621924
285,0.0020311619802084136,0.26032031148224144,0.7359150022480466,0.0006266363155536984,0.0011068879739496841
286,0.0002143963750827268,0.10258212742021484,0.8969064196991192,8.710669425407142e-05,0.00020994981132898868
287,0.00016851679546209898,0.04632001534885014,0.9531259579466946,0.0001413730739857394,0.0002441368350074544
288,0.0003399102454003464,0.09759784365230845,0.9016067485310196,0.00012032686384081873,0.00033517070743076287
289,0.00011788685357302449,0.036459150433548235,0.9631782019457006,4.604375997556817e-05,0.00019871700720248357
290,0.00010599830838622565,0.04679639843895818,0.9527357468008965,9.034838974100554e-05,0.0002715080620182228
291,8.474035687048101e-05,0.04442748137211313,0.9550832092871876,0.00012054759732777387,0.0002840213865010131
292,0.00012371050824103318,0.03841300474853479,0.9605849934605181,0.00028343626481452147,0.0005948550178915151
293,0.00015918929426377856,0.0263019930581909,0.9715430586722902,0.0002870492889490594,0.0017087096863062298
294,0.00022456936467964183,0.056465276715495026,0.9406220872583894,0.0006418451767645947,0.002046221484671468
295,0.0014862757459350989,0.04619634175714801,0.9386207574487291,0.0019044375312898053,0.011792187516897923
296,0.09031656273142112,0.23463571325278393,0.035605778436344784,0.017607796629211126,0.6218341489502389
297,0.07410174626598992,0.08340505738275947,0.004205421740279964,0.008197727960957989,0.8300900466500126
298,0.08218402562095274,0.027491962782083292,0.001455786899415953,0.011143233135219666,0.8777249915623282
299,0.03312798876224739,0.007856178175903315,0.0007568438606377077,0.012258810594656316,0.9460001786065554
300,0.08302775304877529,0.00481311338774249,0.0008731465232700042,0.004108457688726227,0.907177529351486
301,0.03791462218529865,0.0071471865839671375,0.00037309132176452354,0.003351403157135855,0.9512136967518339
302,0.08862980712440102,0.007771695557470488,0.00046398829328481335,0.003294840029837724,0.899839668995006
303,0.06511196541024059,0.0038946585230173283,9.515568885792942e-05,0.0005017378792790724,0.9303964824986051
304,0.0016800129982389744,0.0029938327139755827,0.0011980915494733857,0.05611050384200446,0.9380175588963077
305,0.0015620143415536933,0.006673080380935842,0.0005184295997639738,0.038708697989912125,0.9525377776878344
306,0.0005184834693548105,0.0026977636547278108,0.00011683523531523621,0.0001492403854855439,0.9965176772551165
307,0.027169295905242752,0.06917518933222926,6.559750215591822e-05,0.009699517729494135,0.893890399530878
308,0.01051418044937566,0.007716011562134563,0.0008960936821039625,0.0004736617444890959,0.9804000525618967
309,0.009655917689259412,0.005144826381078377,0.00017344141453290215,0.002265387870007295,0.982760426645122
310,0.010044104330602486,0.0009646091115904682,1.7718966257720133e-05,0.0006083473248437661,0.9883652202667055
311,0.0017590684095798114,0.0005144672113833195,1.0443177567700808e-05,0.00041568514099688615,0.9973003360604723
312,0.010532450253442209,0.0005617395123675284,0.00011826438211113718,0.0026351657681704744,0.9861523800839086
313,0.010737385864079286,0.0013576666277497027,0.000546175417906969,0.0017446038828174634,0.9856141682074465
314,0.0077303191004220945,0.0014868329970320485,0.0002729059314956761,0.002258214718433631,0.9882517272526166
315,0.008753884959993321,0.0017831250630393031,0.00016105471679552562,0.0036935225144538518,0.985608412745718
316,0.01148820831887674,0.0009977525479055254,3.2455893641479663e-05,0.012263947007669472,0.9752176362319068
317,0.016864829190986676,0.0022908696386887343,6.054865233160778e-05,0.014977740600089507,0.9658060119179034
318,0.04018382714989842,0.003428292741096795,5.866051706584554e-05,0.023667042445459086,0.9326621771464798
319,0.08531794506784537,0.007191768602464217,4.3826480947890695e-05,0.014409284820932471,0.89303717502781
320,0.051675317037697434,0.005224997100452654,3.7463806653513656e-05,0.035740398216226994,0.9073218238389694
321,0.19841693251689163,0.013900249553025703,7.653702573950778e-05,0.028965388472503618,0.7586408924318396
322,0.2955335992464203,0.02190912684732812,8.46666617134927e-05,0.3636901144851848,0.31878249275935316
323,0.061599816219747,0.004050399106474128,7.682598551056837e-05,0.08866848692031958,0.8456044717679488
324,0.12094882372016919,0.011322394504513774,5.6860862530052435e-05,0.09907952045550987,0.7685924004572772
325,0.26600867075090384,0.01866182835626733,0.00025525968640479333,0.3344857053749381,0.38058853583148594
326,0.31988697567391305,0.04594236911592366,9.746287162406493e-05,0.3395988180660909,0.2944743742724482
327,0.1886051953264506,0.018756960871526056,4.464696049181266e-05,0.4601968391722837,0.3323963576692478
328,0.2178100445847716,0.04465483537167711,6.027012547888275e-05,0.4050960049407746,0.3323788449772978
329,0.14102218070464248,0.03292049081746379,4.103896350697561e-05,0.6609624715707207,0.16505381794366594
330,0.06577875892310872,0.12077080815269337,0.0006990494644966968,0.4358776149148195,0.37687376854488175
331,0.16805157079265093,0.02915919522713082,4.3370251030340124e-05,0.6707800069182711,0.13196585681091674
332,0.08232508245420131,0.16235976560842505,0.0001870289875177938,0.666331057953355,0.08879706499650074
333,0.17524867492068213,0.03801743411332266,2.682831476994027e-05,0.3795702205295435,0.4071368421216818
334,0.2776803292246175,0.025181286391446348,4.98568620789681e-05,0.2991970117641214,0.39789151575773574
335,0.11569416502087894,0.030347889115126793,6.780057630643908e-05,0.08417374842202838,0.7697163968656594
336,0.05655440628641139,0.023899224603023385,0.00026948471516152604,0.07141545124854307,0.8478614331468607
337,0.014109783038614957,0.0026388569077730414,1.0232303160115709e-05,0.0218372187492272,0.9614039090012246
338,0.3200944430608771,0.005277774355337298,3.707612257524138e-05,0.08162535836854412,0.5929653480926663
339,0.647218711693427,0.027007757336861032,3.8597989586481014e-05,0.13501361941431242,0.19072131356581312
340,0.2505193364641596,0.10778671523998717,0.0003387443308192729,0.21977871006877409,0.42157649389625984
341,0.17234193532496442,0.09055991767088291,5.159272288108256e-05,0.5444355038728481,0.1926110504084234
342,0.1415559129398528,0.2257217150671453,0.0001549029013097437,0.5384543603425347,0.09411310874915743
343,0.07809612122436423,0.11995816614389194,0.0001216634579085954,0.6048744085924622,0.19694964058137304
344,0.12856250969742564,0.034380317827744165,4.6371205129362905e-05,0.1879024092578266,0.6491083920118742
345,0.24277851200044276,0.044253446445135555,0.00013034796566782365,0.2991825448669057,0.41365514872184805
346,0.21109291073077152,0.17522616221027706,0.0001314204718007035,0.2559307144499791,0.3576187921371716
347,0.3355356406163681,0.22907240631973794,0.00010323553891288438,0.25916346482641267,0.17612525269856852
348,0.16771657556108213,0.3109011162545669,0.0003020808590736231,0.4443563584759179,0.07672386884935949
349,0.08855632343484592,0.19216187365972068,0.00018379221448193339,0.4545261214274898,0.26457188926346153
350,0.07486661504586042,0.3363905245183463,0.00031077069277690744,0.5142766271294399,0.07415546261357656
351,0.1298220394171571,0.4000866927253528,0.00021357999391251597,0.40665601857460176,0.06322166928897596
352,0.11670595055169823,0.446996599601019,0.0002517868511300268,0.36851929969901953,0.06752636329713309
353,0.16017374085907923,0.2453840436086997,0.00048017711535451477,0.5160136193721365,0.07794841904473002
354,0.11419326768314664,0.37654969564631546,0.0003194875775201993,0.35960730161827364,0.1493302474747441
355,0.11337867090963641,0.4454538758633227,0.00025912540802196314,0.2610522363470229,0.1798560914719962
356,0.31670239523939736,0.15458413404088958,0.0001713865598916636,0.3964110245125297,0.13213105964729163
357,0.202899938480662,0.35934402863199966,0.0003512218155921047,0.3213244416311836,0.11608036944056267
358,0.14637845491538581,0.38049211582525355,0.000630576556813202,0.3975872241642447,0.07491162853830285
359,0.13576084683985093,0.6719535550691298,0.0014890451395753992,0.09855106495063112,0.09224548800081264
360,0.2928231432315484,0.24539125455236557,0.00015060436017744436,0.3412732226473598,0.1203617752085489
361,0.10196508436036542,0.7483880934353941,0.017207590825177834,0.0832695942074124,0.04916963717165036
362,0.1270119290514908,0.4871324449567754,0.0026719865262437577,0.34706567231642216,0.036117967149068
363,0.08218901051438365,0.7090849764060271,0.010280400129274527,0.18049748366833035,0.017948129281984453
364,0.17019355217411972,0.1604881382031878,0.0005211947131416108,0.6339281093267455,0.03486900558280531
365,0.14773756353894615,0.4688529429094158,0.004037391093493799,0.34888732481751666,0.030484777640627642
366,0.2143405222486143,0.26549896608426876,0.003142491869841436,0.3545225456017092,0.16249547419556618
367,0.19304126259974963,0.013576582258753125,0.00017946848775198494,0.1756424530220847,0.6175602336316606
368,0.3589887933547244,0.20672569814791703,4.287782667081855e-05,0.37703426882927127,0.05720836184141674
369,0.3371334350702276,0.3738730964986496,0.0001994995414120764,0.22603972533199326,0.06275424355771737
370,0.7380180640719317,0.09285138235147757,0.00015873961499627328,0.11334661440860372,0.0556251995529909
371,0.10613232120230637,0.7864488273228505,0.002365091280860025,0.06438728726744057,0.04066647292654253
372,0.11542715278822666,0.7511610616129916,0.002143231821242043,0.08627024557511177,0.04499830820242799
373,0.07757455100060831,0.8694026841164708,0.0033307692250167825,0.03858651305447756,0.011105482603426314
374,0.06908659062758458,0.8740192911015431,0.007588393640131962,0.031152500547457534,0.0181532240832829
