epoch,N1,N2,N3,R,W
0,0.006528798096997842,0.0006661497918578752,4.9414450995163474e-05,0.00033925287825592644,0.9924163847818933
1,0.00699386851271942,0.0019391208819061877,2.3078232464922435e-05,0.0005497801238017199,0.9904941522491078
2,0.0030303531655254566,0.001790412343304554,3.40754384667014e-05,0.00027848449583934697,0.994866674556864
3,0.005482767383622201,0.0010830788106711178,2.623834570963122e-06,0.00017220100611850495,0.9932593289650172
4,0.0012291723039949169,0.00046705120121322985,0.00016284654071179014,8.737670997841343e-05,0.9980535532441017
5,0.0008840793412773952,0.0006295743647539217,0.00035407597577913455,5.227722183640216e-05,0.9980799930963531
6,0.0005510980125709121,0.0004812137647185359,3.760802939022805e-05,0.00017245775951926627,0.9987576224338011
7,0.0024917863293403768,0.0006710842743069433,4.395727703065665e-05,0.0009950759611878162,0.9957980961581343
8,0.0019087579937307189,0.0018153931927352295,0.0006373024934203566,0.00029205523002501856,0.9953464910900885
9,0.008339929297769494,0.009667684995641882,0.0009523815666076262,0.0008549792462235431,0.9801850248937575
10,0.053511628091207575,0.009595442747287377,2.2685999942726593e-05,0.008276687526894715,0.9285935556346676
11,0.03802589145379784,0.01731653290614265,3.837901365426536e-05,0.005168096792139227,0.939451099834266
12,0.00398415188352019,0.0011751241479949583,0.00043254693199530105,0.000644149875763434,0.9937640271607261
13,0.03641632059166799,0.020888128599695927,9.660511579724149e-05,0.005886025486899694,0.9367129202059392
14,0.007654824428640258,0.004172712199735603,8.160295914201009e-05,0.0018209933097415127,0.9862698671027406
15,0.05043400965790731,0.009746230919523412,2.8753660870438646e-05,0.0072312643369097755,0.9325597414247891
16,0.0008666142375946964,0.0012821597047572087,0.00019070806006448533,0.00013671921666831964,0.9975237987809152
17,0.00023545838304416046,0.00014359617563895137,2.7605422753785697e-05,2.2264237424037108e-05,0.999571075781139
18,7.763701511594746e-05,0.000116882634556712,5.8831063188354613e-05,1.0689596137946252e-05,0.999735959691001
19,6.473568407451198e-05,0.000129890987470859,7.663621348511978e-05,1.3514576284482382e-05,0.999715222538685
20,0.00015972132019171717,0.0003034765143595372,0.0002039517119555802,2.0003155337215247e-05,0.999312847298156
21,0.0037903618619184185,0.0017009853218433414,1.864831361110175e-05,0.0006592051252988261,0.9938307993773282
22,0.0190708109654149,0.009004971772604443,1.5517847534140685e-05,0.002533645064911404,0.9693750543495351
23,0.03156030760450174,0.010414021270775608,1.395314727840737e-05,0.004657428922306797,0.9533542890551375
24,0.018143178776760888,0.007510052566898738,2.582037147850351e-06,0.0008472191691978066,0.9734969674499946
25,0.0074113073929375755,0.008224100497116612,0.0017858858152830467,0.0001600427306206024,0.9824186635640423
26,0.09227838049420513,0.06276250296707608,8.422096923761493e-05,0.0016627334812679441,0.8432121620882131
27,0.02615382712584909,0.0745690699338642,0.0001291969279936483,0.0002662958577661229,0.8988816101545269
28,0.02302799055581859,0.07903446499623351,5.49029404954726e-05,0.0009526864025641826,0.8969299551048883
29,0.034149358097472174,0.033352665603027146,5.284710231797136e-05,0.0015573309614155097,0.9308877982357673
30,0.03522089926520377,0.019480435571541325,8.620342680333662e-05,0.001615867881009157,0.9435965938554424
31,0.06019052000425802,0.06410804286881916,3.3089725551874496e-05,0.003518558270028748,0.8721497891313422
32,0.094103557404829,0.06645251595317041,2.9020661796129352e-05,0.005624005322420317,0.8337909006577843
33,0.054889401454314084,0.010812970671545772,0.0001919038256644876,0.0044524263439196556,0.9296532977045561
34,0.09675305531330819,0.043986334890865016,2.456197500187607e-05,0.007721678930253392,0.8515143688905715
35,0.15310839550712985,0.1401497087514329,8.949710404509628e-05,0.02119129155304041,0.6854611070843517
36,0.09099720280002474,0.02385548296553697,9.56902383129321e-06,0.009962650675748882,0.8751750945348581
37,0.07853911811607268,0.07010954952932845,8.989941946295332e-05,0.002940696581533292,0.8483207363536025
38,0.14187424223474074,0.10485221484190194,3.758781623165782e-05,0.01087304575977167,0.742362909347354
39,0.2612590810404708,0.14322231478049746,3.931766897270328e-05,0.028216509673104705,0.5672627768369544
40,0.2164997637349932,0.2326651476017684,4.032380204421009e-05,0.024246275604141856,0.5265484892570522
41,0.05391950484781412,0.04867496733324923,2.2229552943109377e-05,0.006435464725152051,0.8909478335408414
42,0.22902942354265773,0.1843338258010831,7.290512641199083e-05,0.022113272280281097,0.564450573249566
43,0.07459975105610363,0.09971490657227751,0.00013134282529240012,0.00836572905084352,0.8171882704954829
44,0.09804539298226901,0.07436116066286332,6.362732672383988e-05,0.010238353058017607,0.8172914659701263
45,0.11257014982709039,0.06453000418894005,4.2178483903258896e-05,0.0067866518479194286,0.8160710156521469
46,0.053665244298168165,0.043168410610506525,3.2442621109677876e-05,0.00499919134668536,0.8981347111235303
47,0.15362104521621545,0.11206193337055519,4.084817631713414e-05,0.014318279377203305,0.719957893859709
48,0.07578859297095222,0.12445205241824674,0.00025045470453019286,0.004901710052349125,0.7946071898539218
49,0.059778847147582304,0.039277670435064735,2.6479106000654192e-05,0.005475597794237314,0.8954414055171149
50,0.044723762230822764,0.01589607369644077,9.206521988750663e-06,0.006109321214422641,0.9332616363363251
51,0.08751170349841372,0.1328827781056172,0.00019464854929588846,0.00985555055278154,0.7695553192938915
52,0.07004682566237637,0.036101480884214686,2.857625949056416e-05,0.010429965106877024,0.8833931520870413
53,0.09988466311421462,0.022534751054307217,1.06568898846715e-05,0.008348441188327912,0.8692214877532657
54,0.04475244591092546,0.008208628948637855,4.771139506661523e-06,0.003350214207233369,0.9436839397936966
55,0.04735829609494187,0.0082881663052095,5.661492447461411e-06,0.003731322378618644,0.9406165537287825
56,0.12405099202609346,0.08357762842267258,2.8460469080564795e-05,0.006547661091745271,0.7857952579904081
57,0.053934753618824556,0.027116001867448683,1.4110201315771235e-05,0.006203823452389258,0.9127313108600217
58,0.01885879945873715,0.008666200694340825,5.731937441288299e-06,0.002025815973154831,0.970443451936326
59,0.013138809186132942,0.00654703412631638,2.854307914459331e-06,0.00172292279149345,0.9785883795881427
60,0.011873933774216094,0.008102618442578534,3.691294327542272e-06,0.0011092538759500548,0.9789105026129279
61,0.00868741712283702,0.00434140842410146,2.3465909552608324e-06,0.0006666497999338101,0.9863021780621724
62,0.004854422966512585,0.0020488999437069475,2.157663144412625e-06,0.0004227916632979844,0.9926717277633381
63,0.005774193568817848,0.0026061043390684904,3.6877200495782305e-06,0.00028805609248413555,0.99132795827958
64,0.004830768344716813,0.007109956078620835,0.0011659857797084127,0.00027709843835605847,0.9866161913585978
65,0.07368198711776396,0.024836274085086762,8.259606814650178e-05,0.006094895555629328,0.8953042471733733
66,0.06638437754150607,0.02026175163210429,8.984585337832799e-06,0.007044911211476445,0.9062999750295753
67,0.01679941122854334,0.019517884167228397,5.502261029781524e-06,0.003053638708271208,0.9606235636349273
68,0.04498391642931007,0.02020033903788029,9.358251904821349e-06,0.007864656009066348,0.9269417302718383
69,0.05497513441177832,0.03844438764499814,1.6108680855518468e-05,0.009499562411819238,0.8970648068505487
70,0.03800191249337611,0.02204842948898445,8.248079089653614e-06,0.00737325780215974,0.93256815213639
71,0.09802785515080965,0.04885659370709398,1.2677507076817051e-05,0.021146796071407035,0.8319560775636125
72,0.03916445015086936,0.023723549824101096,7.252847390051716e-06,0.007703756388463378,0.929400990789176
73,0.0636929558873204,0.07336075037323617,0.00023259893723210837,0.01899814417188769,0.8437155506303237
74,0.0431418426727827,0.05997910818685436,1.624451866018955e-05,0.008824627621547211,0.8880381770001556
75,0.0861195331230639,0.07688892581781773,1.7576868093717403e-05,0.01572804468108293,0.8212459195099416
76,0.014595159988200579,0.008134403730155792,3.2410831621300834e-06,0.0025664250430582083,0.9747007701554232
77,0.08032054010575951,0.015549086422768607,1.2932901005611624e-05,0.024728691207093933,0.8793887493633724
78,0.058816744763564674,0.05069518082508669,3.590626984721586e-05,0.008846366925494408,0.881605801216007
79,0.01890369889360491,0.012427439236466064,6.15406747010962e-06,0.0009429402669039338,0.9677197675355549
80,0.05223953488333339,0.016425746741818695,8.136330245882407e-06,0.004060847712815789,0.9272657343317863
81,0.038473233908393745,0.022139128674550746,9.02617535341716e-06,0.0033109219290603023,0.9360676893126418
82,0.04284162438079462,0.0167628105803178,9.188634917577842e-06,0.004035055402692681,0.9363513210012773
83,0.07180662176889026,0.014375116814122305,7.2780179006195645e-06,0.0060995057027674986,0.9077114776963192
84,0.038407694473262435,0.029489422282997904,1.9632083957299044e-05,0.005162468975802272,0.92692078218398
85,0.05471088004362171,0.015725475123559002,1.0664543266039002e-05,0.007443922720242077,0.9221090575693112
86,0.10393909057444287,0.02300714960354324,1.7790372724884774e-05,0.026803969230836024,0.846232000218453
87,0.11852050606012604,0.043183192114164194,2.8601831961978723e-05,0.0280077243684567,0.8102599756252911
88,0.07037870618218152,0.051755555219478985,1.987387025529968e-05,0.016347200261192667,0.8614986644668916
89,0.09075569728811794,0.06946867334106031,4.1847828495317206e-05,0.007082204846263707,0.8326515766960627
90,0.06359914504102374,0.020900002892870046,1.6171846709219988e-05,0.016157682827962247,0.8993269973914348
91,0.09842972848774346,0.21973770177700078,0.0003364194587841322,0.012254138264394235,0.6692420120120773
92,0.09015156585442619,0.025038802609177405,4.5613865840294114e-05,0.017947801979143398,0.8668162156914128
93,0.11040892281304682,0.0405468695421266,0.00011704299970027836,0.018833665732619714,0.8300934989125065
94,0.06976212281164443,0.0626774644074711,0.00016360583826734997,0.019005958174385197,0.8483908487682319
95,0.156525965007137,0.1418067615392562,0.000457230695611346,0.01536100608731314,0.6858490366706823
96,0.08726942655755558,0.21326156830114992,0.0008234120308676962,0.005853725808180368,0.6927918673022464
97,0.026095108850508284,0.038218577035924434,3.0526449076632704e-05,0.002794392812235948,0.9328613948522548
98,0.04753682488230183,0.03760546663583119,0.0002512178750085384,0.0035257124917611217,0.9110807781150974
99,0.031436474380721786,0.017182539801785367,6.877664499300385e-05,0.0010559671807416635,0.9502562419917581
100,0.0073404756494466665,0.014923976918872988,0.0016433429127575081,0.00029043858739144626,0.9758017659315315
101,0.022075322693007573,0.03256781628490262,0.0144063349950454,0.004481423809250322,0.9264691022177942
102,0.017865374400416318,0.012043909371525705,0.01128424033693648,0.002693194574310801,0.9561132813168107
103,0.08814004146357803,0.029666989179452388,0.0003447264207539895,0.002526049510325231,0.8793221934258904
104,0.04272474095193994,0.058870558131702305,0.001104651558836751,0.0017738759570760086,0.895526173400445
105,0.0038890420797075423,0.0026192702947364322,0.00315391189676929,0.00046618708654091437,0.9898715886422457
106,0.025992884456856935,0.05127446600117429,0.003198124401776359,0.002135917118308368,0.917398608021884
107,0.07164523038513425,0.05139182616320442,0.0008784281739075357,0.00814022975702519,0.8679442855207287
108,0.28821657456892336,0.05678068101503204,0.0011960336448273517,0.0583935836143398,0.5954131271568774
109,0.11254060557995305,0.09820309721001669,0.000779398481426286,0.027148106293800586,0.7613287924348034
110,0.1345341340683339,0.016800821507862097,0.0002750020268005771,0.024582205912461463,0.823807836484542
111,0.21602845356485656,0.07897768176078422,0.0015119711078229973,0.008187782613935293,0.695294110952601
112,0.29896016038467904,0.08685706171223033,0.0008672227546643683,0.0361304217783134,0.5771851333701129
113,0.3221888745868692,0.16742330756358415,0.004234206496151492,0.09444019402570021,0.41171341732769506
114,0.07829081986155334,0.10102846021019696,0.002344196783912594,0.009897882222794516,0.8084386409215427
115,0.05250013126548905,0.06634151052558268,0.0031713518293461,0.00792209567740225,0.87006491070218
116,0.025414267243912422,0.04271084982357095,0.004277684705033673,0.0059707169883706016,0.9216264812391124
117,0.12050766328439304,0.09211934199924755,0.002536677686635297,0.027677523150812705,0.7571587938789115
118,0.008761456294796622,0.012969849315251324,0.0020148969975184545,0.0065832504175834805,0.96967054697485
119,0.004352956821681509,0.0030759863775052425,0.0008592328364097734,0.00033889996731187853,0.9913729239970915
120,0.017613708427287753,0.006147051368970624,0.0007766866807824566,0.000812323107131272,0.9746502304158278
121,0.002156431985550979,0.0013214415490635362,0.00032998688149137473,0.0001804799173695475,0.9960116596665245
122,0.015888288521138605,0.011194962557671212,0.003732825330719065,0.0020112315247358906,0.9671726920657351
123,0.0015486568930432234,0.0025455519993235454,0.0015572698737169022,0.0002523400291988235,0.9940961812047174
124,0.00415566334339192,0.01510619386524563,0.009802319896099566,0.0004426031904165839,0.9704932197048464
125,0.004008541841668129,0.003665531403075592,0.0009577157442000475,0.0006771156993814382,0.9906910953116748
126,0.004604897608273727,0.0033944059434452,0.0009917017128926587,0.0008409612744181267,0.9901680334609703
127,0.028628939782076705,0.011818238752121785,0.0001786339448820401,0.002841722601192281,0.9565324649197272
128,0.00914655981803304,0.0042847180828850554,0.0043985857374656346,0.00035708392632724485,0.9818130524352889
129,0.0027353716171741368,0.0021107334877000874,0.002575567127484968,0.0003146949604959076,0.9922636328071449
130,0.0015954848957434116,0.001525889679235748,0.0015716068796374305,0.00022342314632322648,0.9950835953990602
131,0.0009682492250338495,0.0009267822805487381,0.0005628749893810675,0.00020005596900641207,0.9973420375360299
132,0.0014652925010790578,0.0004462034582628716,0.0007925314157559101,0.00014467865250545112,0.9971512939723967
133,0.0013065226337618467,0.0009780819024902514,0.001565522282524301,0.00026458881565937626,0.9958852843655643
134,0.0012007049561045327,0.0007943994107383588,0.0001614494068164796,0.00022475772590940248,0.9976186885004312
135,0.0064223740337077265,0.0007426452255848638,0.0004469717382713397,0.000583806097302525,0.9918042029051336
136,0.00031141743189120935,0.00012678216034476558,6.571281694769597e-05,0.002087464915538447,0.9974086226752777
137,0.0014407874531243113,0.0003855540493672323,0.00021095781366612363,0.0003116095315567378,0.9976510911522856
138,0.0004198031309983333,0.00010907711742066542,0.00012865784684837708,0.00012427034755641315,0.9992181915571763
139,0.0009616288251051697,0.00025136296913655875,0.00021594312677592777,0.0002608394939050878,0.9983102255850772
140,0.0006502193211151482,9.853051149041488e-05,5.566052865455551e-05,8.903941896837224e-05,0.9991065502197715
141,0.0007431106030087797,0.00010004657533707049,1.5117094367387842e-05,0.00021602224916292365,0.9989257034781239
142,0.0009624527543766902,0.00021372725604765656,1.4175051336243811e-05,0.00026705418185649587,0.998542590756383
143,0.0006865772689292454,0.0003134198225082328,9.703474513606652e-06,8.865875146827445e-05,0.9989016406825807
144,0.0012559365097423811,0.0003634642946626077,2.8437359534928863e-05,0.00022697364923025484,0.9981251881868297
145,0.004509755301566359,0.001845254375097021,0.0003017086282959516,0.0007135817688548156,0.992629699926186
146,0.0007805769644817803,6.001567908602275e-05,3.0070661995627812e-05,7.527156106970055e-05,0.9990540651333669
147,0.0018840733585487243,0.00048263432619798205,7.566996675420857e-05,0.00030700415057971335,0.9972506181979195
148,0.0003992104128263771,8.771211137174317e-05,3.373355055650856e-05,0.0011251965896944586,0.998354147335551
149,0.0009093994332774093,0.0001762362199106825,1.3933736535278758e-05,0.00014347069896023215,0.9987569599113164
150,0.0017676442063011533,0.0003944737321329247,0.00019486962445826436,0.0004832097839140419,0.9971598026531936
151,0.00163149578403101,0.00023533837866727142,0.0004449221995855278,0.00019226025413761422,0.9974959833835786
152,0.00041934409074192676,0.00016865858348977272,6.839083063637339e-05,5.1981893987528444e-05,0.9992916246011444
153,0.0009823812231110438,0.00011055116380071661,7.011313170351517e-05,6.657722971380001e-05,0.998770377251671
154,0.0014105953668714605,6.640302832570533e-05,3.2270707980751574e-05,0.00011423250268460912,0.9983764983941373
155,0.0012351565390152002,0.00014683599850344952,5.2599761987305355e-05,0.00011276336552136441,0.9984526443349727
156,0.0036372312636758393,0.00041113550130598666,0.0003257031075405733,0.00038120299354987765,0.9952447271339278
157,0.03051756075886641,0.0019491178913681364,0.0008762429546443573,0.0014206576214102632,0.9652364207737107
158,0.06836374416339334,0.004284752305787672,0.00020684664253784802,0.00883309051840291,0.9183115663698782
159,0.0012194303677434994,0.000525650652224665,8.191072446844452e-05,0.0012739024130102824,0.996899105842553
160,0.03770377801319658,0.0042450067577356225,0.00033134529839983184,0.0041872273162954655,0.9535326426143724
161,0.005109055291104461,0.0009144711467619428,3.082494789292688e-05,0.0016642471497926186,0.992281401464448
162,0.23410061396660373,0.021371279603923637,0.0009441030439030013,0.005644816381851603,0.737939187003718
163,0.013551037247254517,0.003040088056638227,0.00026763841633583067,0.002483754785124329,0.9806574814946472
164,0.19956742724093512,0.13034761973523326,0.006406292386450914,0.06005369862806581,0.6036249620093148
165,0.17007260556600393,0.2567746861105023,0.004834653392046934,0.0682054591005584,0.5001125958308884
166,0.05281405513300866,0.04749234117402726,0.007426206549549168,0.007963846069423559,0.8843035510739914
167,0.19328879334133364,0.325336503360117,0.01112562295237793,0.07241088971311145,0.3978381906330601
168,0.23386254438359289,0.49375013237910975,0.03596839071292217,0.05153940937639297,0.18487952314798226
169,0.2360696280726898,0.2592043799276421,0.016991019578470688,0.022902881278080628,0.46483209114311663
170,0.13365708441270485,0.42200808133684903,0.013007944787361102,0.08932621165081672,0.34200067781226834
171,0.29460205216042606,0.2699290343931897,0.04845117586977268,0.020685401246259488,0.3663323363303521
172,0.06888707857411099,0.5641388048219292,0.04715181671946692,0.03748948747391168,0.28233281241058106
173,0.22298615872188737,0.47300813455048313,0.047659978200996725,0.04170484381936597,0.21464088470726692
174,0.06796103370507217,0.7526447568920609,0.02498382332777119,0.03984535323488587,0.11456503284020982
175,0.020350294161792397,0.028190035817402547,0.009190331903668907,0.004792227427405607,0.9374771106897306
176,0.23312937348027646,0.3604024608582058,0.05454738904884003,0.00869436647252982,0.34322641014014793
177,0.05981144014758673,0.02961707489494317,0.00604099376951226,0.0027579236345899455,0.901772567553368
178,0.1699275446730764,0.3184934660059889,0.02083699412823006,0.009319887157140582,0.4814221080355642
179,0.319438678182884,0.256607716762999,0.010765127343347407,0.07226881425942436,0.34091966345134517
180,0.133315662332584,0.6470800380211947,0.014106343094723306,0.021335971832667267,0.18416198471883063
181,0.017196598996229523,0.0058453648608169624,0.00024700170612702377,0.0025356973864574615,0.974175337050369
182,0.15456706590604383,0.10371720840069379,0.0035354370122558415,0.015883629117751392,0.7222966595632552
183,0.12215088685090447,0.22860970805828568,0.0038838422791558132,0.014245420282802226,0.6311101425288518
184,0.42156661123055583,0.20268935712901692,0.0014564532479549683,0.031400019902078344,0.3428875584903939
185,0.20253274068916507,0.2910498214124261,0.006354371493447136,0.014072842489796091,0.48599022391516555
186,0.048790648792844636,0.617331792738952,0.008973066251731011,0.01904418445394555,0.30586030776252693
187,0.007794738549650467,0.004779128054255162,0.0004931242272372681,0.0009501032972427379,0.9859829058716143
188,0.008253814680220666,0.003201292787992156,0.0005602298335362338,0.0020422272375880124,0.985942435460663
189,0.005770132916408111,0.0026939115797121375,0.0013049801519000354,0.002231168829512349,0.9879998065224672
190,0.01955292428820713,0.0016331376204017209,0.000760742174874453,0.011011513298778874,0.9670416826177379
191,0.006169157980740231,0.001508251907054954,0.0023555646800574566,0.015409672840843333,0.9745573525913039
192,0.0028556986129276056,0.0004275778330482316,7.920972615878254e-05,0.0005210268658434471,0.9961164869620219
193,0.0023044316885781203,0.00028154123761080994,0.00015572611020229626,0.0007652947309110975,0.9964930062326977
194,0.0021220081278269564,0.0003086220994956808,8.060161243813642e-05,0.00021334564999481734,0.9972754225102444
195,0.04039232028981539,0.0026417813893235085,0.00017439094490406348,0.0022876716849269826,0.95450383569103
196,0.0019163364436124994,0.0004394136168137626,2.484594759994113e-05,0.0004180312051310677,0.9972013727868426
197,0.04514156797502266,0.006434586070010709,0.0007502459261455828,0.009560765788758446,0.9381128342400625
198,0.20830489243889708,0.045523127317660436,0.000987531881107528,0.066503498950438,0.6786809494118969
199,0.008270333939370362,0.001890433110830626,0.00012680408927600822,0.0024121825023878944,0.9873002463581352
200,0.14009078407042172,0.01972182717846575,0.00021884209068460958,0.21679101263101969,0.6231775340294082
201,0.06058885074371338,0.01833586566710052,0.0001447795052048964,0.058771385003943986,0.8621591190800372
202,0.20248403615413044,0.11015070787527007,0.002511779377174835,0.15166870784854447,0.5331847687448802
203,0.22844117771863404,0.11792028313506392,0.001198977510953586,0.05223550123473078,0.6002040604006178
204,0.2553829950470984,0.018432420932140266,8.060874026938779e-05,0.6072015532635622,0.11890242201692977
205,0.08122888533206331,0.050597640386375875,0.0004673741947551836,0.7188932111735061,0.14881288891329958
206,0.28925413340829176,0.08966105869480201,0.00017699295479732896,0.3301155673549284,0.2907922475871806
207,0.29047022963910585,0.2135767161980712,0.00643887389878414,0.3218288486700408,0.16768533159399807
208,0.06433082818239498,0.3441260916685761,0.005034688209399342,0.4963375605868168,0.09017083135281286
209,0.047171245041339606,0.013561903791686378,0.0001791763653016732,0.08500742949183646,0.8540802453098358
210,0.11189315327860078,0.6582247415180309,0.02444794715349146,0.14892187665932186,0.05651228139055481
211,0.05339691218643213,0.8714447884120489,0.02502221920675983,0.033897725188597405,0.016238355006161605
212,0.05235426780787394,0.8531117923703206,0.04811497731860178,0.02585929320709914,0.02055966929610435
213,0.1502085634727148,0.7182995631583785,0.005967785284642513,0.08910450345390968,0.03641958463035448
214,0.02374914595539774,0.9448067334903457,0.005693063843734773,0.007960823709875955,0.017790233000645715
215,0.004378778880302422,0.948657675559132,0.0358957420632522,0.003632070398285776,0.007435733099027599
216,0.004262353993604031,0.8822316505063853,0.10985323762699535,0.0006702374015119879,0.0029825204715034346
217,0.0020062344989957943,0.769465406762656,0.2225023264754922,0.0009536152828457829,0.005072416980010181
218,0.0016194238349486188,0.668568912096958,0.32743658557224187,0.0006785866916103424,0.0016964918042411284
219,0.004311093223004239,0.6655683541899946,0.32643953829420025,0.0006606860414308824,0.0030203282513700303
220,0.0007671212519634588,0.3074609127383509,0.6892249081812037,0.00028974678580577176,0.002257311042676067
221,0.0018308286812709195,0.42413661452794726,0.5720524585902238,0.00044378309084617797,0.0015363151097119374
222,0.0007398968122608193,0.2392713929219774,0.757626605037589,0.00047419277150546,0.0018879124566672774
223,0.0008946874267903253,0.2375702132124807,0.7593594703852274,0.00021047712714177553,0.0019651518483597
224,0.0053676054588638715,0.35698220857898105,0.6343168561314145,0.0005345114193846257,0.0027988184113559083
225,0.00985017790378641,0.31684384652287906,0.666772901388024,0.0007940819688059993,0.00573899221650444
226,0.0021502211607294804,0.30785787221178307,0.6846650732709129,0.0005552311614242207,0.004771602195150411
227,0.0005244350179975186,0.08376804908151105,0.9139470771502707,0.0001775153473416453,0.0015829234028791339
228,0.00023317862252505777,0.06483399206424736,0.9340078452653029,9.322432267132319e-05,0.0008317597252536098
229,0.004506525781411607,0.1313691882996604,0.8596755994939936,0.00015750325755026874,0.004291183167383928
230,0.0025171345088419897,0.19967620874553035,0.7941089163992395,0.00029228520318028194,0.003405455143207858
231,0.003908580191602484,0.25550853968924303,0.7359675864916929,0.0002998837230527405,0.00431540990440893
232,0.0002869153465934888,0.08674070370780103,0.9114183054575207,0.00013024272511665683,0.001423832762968211
233,0.0002488125254676704,0.04823737347950668,0.9503673771680189,0.00011899663789523292,0.001027440189111667
234,0.00012644193939002457,0.04263414986705258,0.9558714010186665,6.198777266574261e-05,0.0013060194022251521
235,0.0024668884702903323,0.14622082697450808,0.8482184827147504,0.00016121881242434996,0.0029325830280269964
236,0.00017922512984905293,0.06172780146414148,0.9363187238551636,0.0001468122298026301,0.001627437321043216
237,0.0007346954353649221,0.0654063856549866,0.9282066037181337,0.00016838808317043896,0.005483927108344158
238,0.00023124080078549652,0.07602498631211427,0.9217671577883756,0.0001013111358409477,0.0018753039628837053
239,0.0009624869579932574,0.12638050752014146,0.8690990758801006,0.00021301388268840058,0.00334491575907646
240,0.0022688440424094205,0.1503548597075767,0.8429654309977975,0.00026789589106256535,0.004142969361153843
241,0.0054643689869068235,0.2612394598287947,0.7084571028636559,0.00045009379710598293,0.024388974523536475
242,0.0003971274283644478,0.07057693769309892,0.9270949819622193,0.00014982529948459473,0.0017811276168329246
243,0.00011407418451499305,0.0401951533711589,0.9579257545640711,7.519383983176992e-05,0.00168982404042327
244,0.0007283683501877082,0.06590548682605264,0.9294278597454625,0.00013775521968636753,0.0038005298586108144
245,0.00019537368155960228,0.07367536250950966,0.9246164189522431,0.00010345859750752512,0.0014093862591800473
246,0.0007280252461162131,0.08727632270728859,0.9069671621963394,0.0001445019979724373,0.00488398785228326
247,0.00024045273323718022,0.057389871504087885,0.9413831014532159,6.293700619346925e-05,0.0009236373032654945
248,0.00018539381652761948,0.0829601515436191,0.9150771795805276,8.449912628090662e-05,0.001692775933044817
249,0.004038973128795788,0.21762109233823476,0.7671311886152032,0.00035916626457957495,0.010849579653186576
250,0.002240240864834278,0.14341085235981574,0.8485266519987981,0.00021662936349251937,0.005605625413059383
251,0.00020530014864667134,0.05650464176478692,0.941402124887678,2.4823035329173604e-05,0.0018631101635590871
252,0.0010578571075033317,0.09902849588680629,0.8941283503619516,8.672944689292219e-05,0.0056985671968458095
253,0.00919278087494073,0.1625850776620927,0.8081073058083696,0.000792311350771361,0.01932252430382559
254,0.003553716941992627,0.13278397897596117,0.8259579431971106,0.0010455432255796506,0.03665881765935605
255,0.01710833439555786,0.3953633979701782,0.555297634369964,0.007910521434626245,0.024320111829673464
256,0.061375346784881706,0.4792363069263261,0.3487088868304821,0.04192065353901335,0.06875880591929662
257,0.14166467003890595,0.07775220906516955,0.0010794229694170755,0.06577352335468156,0.713730174571826
258,0.2835168008795941,0.038572446158438314,0.0011451809004204229,0.1219825283851656,0.5547830436763816
259,0.039759274243948026,0.008595623069783431,2.266836163630003e-05,0.014068515026794728,0.9375539192978375
260,0.0011797399509381366,0.0004929169190630588,5.1025298610359686e-05,0.0003978536716164334,0.9978784641597721
261,0.27803425944495247,0.015527056625814556,5.6993041879294874e-05,0.016669122206005263,0.6897125686813484
262,0.5472220850166426,0.10995640736155436,0.000203586793211212,0.04054113996257664,0.30207678086601514
263,0.41168488529307223,0.18543592881339807,0.002578058871895303,0.15047478241970927,0.24982634460192507
264,0.14301097221250395,0.4622624395407397,0.0009269491476009887,0.16687515153070887,0.22692448756844655
265,0.13987604617395122,0.11226626177571132,6.1123460473631e-05,0.3538417303330282,0.3939548382568356
266,0.12181861761969798,0.18856370592574156,0.00021342968620687236,0.5914255049948801,0.09797874177347339
267,0.13125906078063732,0.07169966533729696,0.0007600439353124713,0.13460240108180888,0.6616788288649442
268,0.12432640894657376,0.36314030808099906,0.0010617137758526709,0.4460566206611547,0.06541494853541979
269,0.07874607093926844,0.0450707802361718,0.00016213894946000962,0.12273177732607801,0.7532892325490217
270,0.15342549740497657,0.11849781726109068,0.0001057977440062989,0.22926436291661365,0.4987065246733128
271,0.1875468203101132,0.166797564727848,0.0004975534603607144,0.2247763224959255,0.4203817390057525
272,0.10911483043158968,0.5351285603982145,0.0006841762144863876,0.33760211423656605,0.01747031871914349
273,0.11681922678995948,0.18330221978995448,0.00028092009076269514,0.5477354538850279,0.15186217944429548
274,0.08455582900535738,0.5414724889877505,0.0006503371268035194,0.3055734661002347,0.06774787877985404
275,0.12232462989306284,0.022104115688109875,3.517514985412202e-05,0.18892116702139375,0.6666149122475794
276,0.3418428083084349,0.0644849479446351,0.00011115194517362216,0.5669970459594657,0.026564045842290763
277,0.20456737746585527,0.35552350009317535,0.0002813653133531981,0.359039881844092,0.08058787528352414
278,0.24702348712127623,0.061671728430612846,0.000646630426070752,0.2853452289093371,0.405312925112703
279,0.14015416890913832,0.20462149021887138,0.0001699330464859809,0.6235302531929896,0.0315241546325147
280,0.05627691126212729,0.05720533298360805,0.0004477855025376232,0.19013919205565724,0.6959307781960697
281,0.16614043294068148,0.15357119894164828,0.00041206380866294764,0.6448996023998208,0.03497670190918648
282,0.2145058244272895,0.1711109679678906,0.0006501426681381693,0.47123317975396023,0.14249988518272144
283,0.06621057409798821,0.8159907026411777,0.0037505958795526007,0.07553229975333851,0.03851582762794287
284,0.12296724286761056,0.1444453534797554,0.0001135978463301961,0.46946122631218246,0.2630125794941214
285,0.16301837267920374,0.2630462978947257,0.0003120013891397586,0.5235718215045827,0.05005150653234795
286,0.07495915026382645,0.10885097456312591,0.013849206448815146,0.09486632602609428,0.7074743426981382
287,0.29690412872672706,0.05909293128297893,0.00015677711040136422,0.13423257536645214,0.5096135875134405
288,0.3824955793231604,0.15774875084872633,0.0004476019503887826,0.2555374222623669,0.2037706456153576
289,0.3044935201867722,0.31769357020504385,0.0013246780026278844,0.25540648061571763,0.12108175098983842
290,0.041785658857900816,0.8579041828039847,0.0019485007551166059,0.09157314669653059,0.006788510886467125
291,0.20122195095286083,0.2783891962504015,0.00046817550113700725,0.4277517178509572,0.0921689594446436
292,0.056863191929510504,0.7363937749837373,0.010795555606860154,0.18168768079968683,0.014259796680205262
293,0.02047575494562776,0.8917859177918624,0.017814126993428922,0.06070704130551152,0.009217158963569403
294,0.06203033905428963,0.8054154349791882,0.0027515617365559794,0.07969332198916554,0.050109342240800575
295,0.0341110533114712,0.8873514428021665,0.02046125266806502,0.0373328389172867,0.02074341230101033
296,0.01972126914460686,0.9544034946650977,0.007493818273010909,0.01060660426715165,0.007774813650132994
297,0.022568110095240117,0.9324938970849326,0.00953266397458269,0.01562797340445935,0.019777355440785075
298,0.30019527627494663,0.23885489903469106,0.0016941353957274454,0.03675143794475916,0.42250425134987557
299,0.0293389841095679,0.9403092087625899,0.006349034517462957,0.00605454286988375,0.01794822974049537
300,0.018989474826200895,0.9596222170104547,0.007098205890690298,0.008088824160640006,0.006201278112014264
301,0.010993079277898964,0.9746194666335151,0.007704296799232478,0.0031240405613936037,0.003559116727959841
302,0.012246291940523794,0.9284543811378335,0.0363612140018365,0.012857209418309456,0.010080903501496584
303,0.00169871093769468,0.9452471636841983,0.05070167036075051,0.0018237668012065496,0.0005286882161499326
304,0.09145245743427884,0.6659683951373137,0.0014183763813572932,0.02820564868873131,0.212955122358319
305,0.010883340331160328,0.9677658707637453,0.008657398892918762,0.006517145527256158,0.006176244484919351
306,0.011987605391954695,0.9768236204487951,0.002407685261668647,0.006663673067586695,0.0021174158299948486
307,0.012776053162055429,0.9432169120203774,0.03452681566367903,0.006392298595115852,0.003087920558771995
308,0.009649617918281507,0.9549668726411568,0.02234982592825829,0.010960960710310459,0.0020727228019930973
309,0.01764854286437676,0.9595970578720684,0.0012681888945302298,0.01921680322309676,0.0022694071459277896
310,0.010469996734117344,0.9622050777356592,0.002539688101929982,0.017236717069789066,0.007548520358504359
311,0.03915269096255245,0.8893350813437924,0.004660265330529554,0.023108208355722106,0.04374375400740355
312,0.053036427588623945,0.9302918631000788,0.0002953787284677925,0.013316211063578186,0.0030601195192511126
313,0.025994343685222562,0.9095472086918095,0.01314269319590775,0.007634474311262348,0.04368128011579786
314,0.031218331196951672,0.18603115763498093,0.020963481928606014,0.006251417771945478,0.755535611467516
315,0.14805005347916989,0.5750780536476292,0.004663162612739715,0.015408049725345593,0.2568006805351156
316,0.013947787586378302,0.04326876412445317,0.014848986663001077,0.003739964016333762,0.9241944976098336
317,0.0015242412120349818,0.0010370550902236255,5.6549409755426994e-05,0.00022712263034178442,0.9971550316576442
318,0.0010004501683296481,0.0010764979087458733,0.0006135663047135054,0.0001541007101909267,0.99715538490802
319,0.0018139788327513992,0.00017451918761073726,0.0007584433289958739,0.00022483558251547813,0.9970282230681266
320,0.0017267138788767647,0.00013994454268403137,8.877467659251331e-05,0.0001396158208728582,0.9979049510809738
321,0.0019082121600698854,0.0005409228180112634,3.4625846322423216e-05,0.0003955247202163186,0.9971207144553802
322,0.0043418108251121225,0.0002179022577097044,2.361050016912117e-05,0.0005822988136701534,0.9948343776033389
323,0.07565784466884413,0.0032463769355638,0.0008410798812417307,0.01204124451391049,0.9082134540004398
324,0.00815891378393583,0.0009678049209078774,3.59991686117435e-05,0.0020703687346401087,0.9887669133919044
325,0.06661392003911461,0.003851384101811164,9.673160110013373e-05,0.011928977864972013,0.917508986393002
326,0.21575355774834795,0.06087070212404362,0.00037651502466621114,0.4793701264717813,0.24362909863116092
327,0.1296244884401497,0.13841294901289514,0.0003450677426017036,0.6743942643180102,0.05722323048634326
328,0.14541749898127057,0.23962715473372964,0.00013606049223640303,0.5338305007654212,0.08098878502734226
329,0.07593185298093831,0.26833579850725026,0.00011722561811911922,0.6383949602763674,0.01722016261732486
330,0.043041359254684684,0.01505027677954192,3.596971541667712e-05,0.13062506960261516,0.8112473246477414
331,0.3729016214287562,0.05856797853014703,5.0346817672553786e-05,0.44261171160835905,0.12586834161506516
332,0.2948919063292113,0.45849031151362873,0.00013211196829144507,0.18732187198198455,0.059163798206883764
333,0.3589471569477485,0.20445204979362105,0.00036378841027290303,0.21387561958659954,0.2223613852617581
334,0.3023346476718825,0.3564671512551693,0.00037770875446834466,0.29213989339240276,0.048680598926076984
335,0.03817105200399798,0.8831255569399995,0.004551251978570107,0.06831546361987022,0.005836675457562314
336,0.45672147712592004,0.21391574638933478,0.0013461243191922796,0.2172539249790991,0.11076272718645369
337,0.16717896332261536,0.6115607271674477,0.0028769162509596703,0.1908791083965346,0.02750428486244252
338,0.13443536802948539,0.7620863817104466,0.013631896880150467,0.056025280173154765,0.03382107320676296
339,0.12813271822340522,0.82344148071651,0.0056645980158794036,0.03281103566625313,0.009950167377952337
340,0.026569369598165943,0.9562514152810166,0.003797788788972797,0.00673294053818842,0.0066484857936562666
341,0.06121097026861873,0.8727080112367029,0.028676839229042538,0.014538964833515477,0.02286521443212036
342,0.027702510451952662,0.9259011885450843,0.01951209713153417,0.009199265232844232,0.017684938638584773
343,0.010732442567216657,0.9040776522050561,0.07855303571686653,0.0021844892493038067,0.00445238026155692
344,0.007520678096732818,0.8601304389943573,0.10316248378584102,0.008163261974969227,0.02102313714809951
345,0.0083809041331162,0.9319853909072146,0.0369596646775294,0.006939097170077965,0.015734943112061972
346,0.06841881841729017,0.8659478698085453,0.0131000389906147,0.01362431731454466,0.03890895546900533
347,0.011941735158512589,0.8196503572427952,0.15986796314305401,0.0043001336884199316,0.004239810767218192
348,0.14649071503017064,0.6373488776275489,0.012439212159119983,0.02606622388236287,0.17765497130079755
349,0.018846571901337796,0.9359257820697807,0.022265362029728304,0.005252842761527649,0.01770944123762547
350,0.22024104745939954,0.4433884629852115,0.017254137375303756,0.05391809814141264,0.2651982540386726
351,0.11915629477709157,0.7275765369964446,0.019792659213176102,0.007974437196018324,0.12550007181726933
352,0.08357048130790051,0.8557887122157855,0.013278917228854607,0.008175840351969513,0.03918604889549015
353,0.023807157244629316,0.8946783590285402,0.05293597919036413,0.006263635617501896,0.022314868918964406
354,0.1601328775929447,0.5579127232917717,0.017002161712411954,0.02099612872052917,0.24395610868234255
355,0.03918197866744217,0.8511863161429984,0.057086023473602754,0.024252594465551936,0.02829308725040472
356,0.06142146115577015,0.8364267939296999,0.05694679099905281,0.02937856939875497,0.015826384516722157
357,0.15727484738701136,0.7846619056281261,0.011974141686137174,0.021437733664095026,0.024651371634630277
358,0.02709073380946673,0.9607620527140497,0.005149294089153411,0.005284139622682972,0.0017137797646472807
359,0.015258509467507949,0.927303868915027,0.03525907077504,0.007027296244436645,0.015151254597988245
360,0.15742897076192044,0.7490430177369114,0.022086211382536882,0.03176632592213343,0.03967547419649776
361,0.021112966418137202,0.8921802991687241,0.07214139741387739,0.004264653494257986,0.01030068350500352
362,0.019666231145507376,0.9200850411292639,0.0445262583833706,0.004106350793105833,0.01161611854875216
363,0.07069820417170718,0.8888134442263367,0.012495131660583421,0.011109078514093061,0.016884141427279613
364,0.017975880326790174,0.9360810509693505,0.014142300706493041,0.009009875928453929,0.022790892068912248
365,0.10706146490493705,0.8013360426655252,0.011623856494434384,0.01876849521845722,0.061210140716646294
366,0.02450628188152379,0.9400992263029602,0.011460350902755316,0.009148121556618658,0.014786019356142339
367,0.016903458302347917,0.8979977945718133,0.064569739715872,0.0058383219214012076,0.014690685488565577
368,0.030271101051509458,0.8859984357143761,0.05551999076791222,0.009736465430223253,0.01847400703597928
369,0.01833137913776063,0.9480925791870325,0.011297090100452262,0.008430294361355707,0.013848657213398946
370,0.1147674522719935,0.8162994585036816,0.015560583249625783,0.021972366861140662,0.03140013911355852
371,0.011801312973404846,0.7831197816601432,0.19867433639285448,0.001575071679307813,0.004829497294289572
372,0.02772000531641077,0.8214143582122788,0.1454092169609292,0.0014118389342647805,0.004044580576116563
373,0.010116166914926793,0.7081077548230457,0.26904605790977615,0.0014546756145568775,0.011275344737694457
