epoch,N1,N2,N3,R,W
0,0.08480096858514491,0.029705654628811005,5.258198370605249e-05,0.01861744316879895,0.866823351633539
1,0.08635771334534637,0.02701242451767035,5.187974417492282e-05,0.014184332934012013,0.8723936494587963
2,0.0348610394638628,0.015434785095793902,6.906783691845905e-05,0.009361178483658562,0.9402739291197663
3,0.0025395076138643997,0.0028163447913484947,3.6802331435986855e-05,0.0004916831648897177,0.9941156620984614
4,0.005692889702442179,0.003699560268579414,2.0479172898572058e-05,0.0019437090615147632,0.988643361794565
5,0.0228721741148265,0.011675806766400655,4.8945264109403726e-05,0.004934787632910325,0.9604682862217531
6,0.008590271990500789,0.003388184270631497,1.8730688850348655e-05,0.002904663213864972,0.9850981498361524
7,0.011875093421067748,0.005151969482926276,1.980990682279351e-05,0.0025396944831380195,0.9804134327060451
8,0.0018936767632467886,0.0012900371762206498,2.0113423756623655e-05,0.0005015516583796885,0.9962946209783962
9,0.008983692946724712,0.011973933546246488,0.00040441566364560666,0.0006739979962806018,0.9779639598471026
10,0.005672759009210476,0.0032607058539115908,0.0005981158262128584,0.0004014250748921169,0.990066994235773
11,0.0014093414039481422,0.0011043821806275003,0.00031563919816887117,0.00012765957335477023,0.9970429776439008
12,0.015319960197911268,0.004723354069907006,2.6712118506843683e-05,0.0009411376649928439,0.978988835948682
13,0.02886936755579015,0.008819594871828585,1.4507761949484183e-05,0.0008797419842330851,0.9614167878261988
14,0.003954646715119637,0.0005453049240950357,3.4557406253649197e-06,0.0003780243833444299,0.9951185682368155
15,0.019721327147619944,0.001429308546727077,1.1286875866800147e-05,0.0005244715623035913,0.9783136058674826
16,0.009257799777711963,0.0005817232142920945,3.4661766989574165e-06,0.00016943148696315426,0.9899875793443337
17,0.006579710527747,0.0020443951826496173,0.00018804653380288317,0.0001611554576871991,0.9910266922981134
18,0.005183547879684936,0.008410684250913106,7.505915866131969e-05,0.00046612899843631453,0.9858645797123043
19,0.007663233160988291,0.007007698909602852,6.239831575621719e-05,0.0005754028910991391,0.9846912667225535
20,0.0049809681934798854,0.0031139551371460648,2.7030347163466715e-06,0.0003305112749728375,0.9915718623596849
21,0.04626125030388542,0.004231633103881062,4.783775877237517e-06,0.0016109371557008938,0.9478913956606554
22,0.13019597324011858,0.005153751044414749,7.961821200231011e-06,0.0022048423843279994,0.8624374715099383
23,0.06044588877393804,0.0014047643077392492,3.0750570086326763e-06,0.0009390915610044333,0.9372071803003096
24,0.03542600540492695,0.010375992494158895,2.5095204124967864e-05,0.001580296900019471,0.9525926099967698
25,0.08733854698563379,0.002793101543004176,1.2657435934531623e-05,0.0027783486230835873,0.907077345412344
26,0.10490581186077812,0.0031724226786375223,1.765116814636825e-05,0.003048046576995758,0.8888560677154422
27,0.09267658259560457,0.004468605762453935,2.571762107808092e-05,0.002572627607421439,0.900256466413442
28,0.050794037177190436,0.014806546680836193,5.395820392584143e-05,0.003021393656223498,0.9313240642818239
29,0.26012172097859737,0.020439440733200226,4.9768430142853216e-05,0.004888062158758124,0.7145010076993015
30,0.30780968961063276,0.06714670569403834,8.094845490219546e-05,0.016172451020595387,0.6087902052198314
31,0.2310964521944371,0.10324123556506032,4.625624331086846e-05,0.022258069619750968,0.6433579863774407
32,0.32850587400133036,0.08830680959034229,4.290067875403141e-05,0.041656867463655343,0.541487548265918
33,0.41792377507446943,0.034970394135425256,3.605875091408216e-05,0.04395777817138171,0.5031119938678096
34,0.20387332885164078,0.19894168418856759,0.004213703411962183,0.005306162381822103,0.5876651211660074
35,0.2768237481391974,0.10264092107302719,0.0013363822659283337,0.04920966904937902,0.569989279472468
36,0.22306977675863957,0.03999191974157842,3.793700930503539e-05,0.04154486089499808,0.695355505595479
37,0.159778380959674,0.04002803100467766,5.5795603880422e-05,0.005698532203858402,0.7944392602279094
38,0.517358646838095,0.07514501220454207,5.19469422703289e-05,0.04780945071033087,0.35963494330476176
39,0.5256905560191357,0.2337367634911505,0.00018336959642173008,0.028290397867116953,0.212098913026175
40,0.3897986105105923,0.3122482765623258,0.00012808410179816846,0.007589498282177349,0.29023553054310636
41,0.35898037449487036,0.39906728356871496,0.0009442247939589295,0.03139656150006747,0.2096115556423882
42,0.4766582212765486,0.3026940077034126,0.00019718914277918362,0.07009671365402625,0.15035386822323332
43,0.260317992819115,0.6348209825681911,0.0007315141594360779,0.032892052897954216,0.07123745755530375
44,0.13285079847822787,0.748200848126772,0.0022085430442027737,0.009747741178023428,0.10699206917277371
45,0.1049992451942659,0.8196964919399855,0.006300185128805468,0.0037781777170036225,0.06522590001993936
46,0.11726499266687719,0.7571513838606986,0.0005125633713367686,0.0156553408128595,0.1094157192882279
47,0.1755293006214577,0.705783127033754,0.000811206574157936,0.030544041782740772,0.08733232398788957
48,0.03495764673648301,0.04795814657771107,0.000803018211295765,0.0011124816753978588,0.9151687067991123
49,0.29944607278834384,0.11848323672708203,0.001275865432519534,0.0033983571473612984,0.5773964679046932
50,0.27905578960116695,0.16486849730424544,0.0003933896673268882,0.006560512629131862,0.5491218107981288
51,0.16931603630207573,0.03626046844009312,0.00025934887685352014,0.0015543676441117352,0.792609778736866
52,0.5643489704568607,0.11311226484169606,0.0003744407882835565,0.01051487911078165,0.31164944480237805
53,0.10539352492954698,0.16564066293432042,0.004402426175841745,0.004404966848491645,0.7201584191117992
54,0.3463125674761744,0.06797303655376434,0.00020477825046611472,0.006171626691203875,0.5793379910283912
55,0.569448201725068,0.34329879575237776,0.0015921235954442965,0.010521116619864285,0.07513976230724563
56,0.3477658256477035,0.2121689962142842,0.0015886064774236863,0.008311824674526323,0.4301647469860623
57,0.5604938473031604,0.2561586476604577,0.0014145192879248902,0.008582926291869304,0.17335005945658785
58,0.15954574064882812,0.6620895774586915,0.060843718088340805,0.0026396184516206474,0.1148813453525191
59,0.22804978441742654,0.532088023963403,0.007976609267801136,0.007223243890446785,0.22466233846092254
60,0.0809663657810084,0.7697349754974572,0.10800835451666235,0.003145244596683739,0.03814505960818844
61,0.4256035692874955,0.47696554511042744,0.004589273289120114,0.01933733310438026,0.07350427920857652
62,0.2467269523628242,0.5680671199454033,0.03420252174906667,0.004315046807165468,0.14668835913554057
63,0.2284519271516861,0.46919870412198283,0.012049611889251813,0.006764194998084099,0.28353556183899514
64,0.33979245564867183,0.5486252578082541,0.004860565379923105,0.008051015385207718,0.09867070577794315
65,0.15144180998477516,0.39288723277348714,0.014503824319372015,0.004256598334165244,0.4369105345882006
66,0.40593779871041086,0.5224613119525887,0.0006774388933239615,0.007914752647446151,0.06300869779623036
67,0.32172775120922553,0.5947672741691802,0.0025358307020295822,0.008420197303986219,0.07254894661557851
68,0.2434864249027482,0.6658127360788056,0.007516436527790788,0.005370836313367458,0.07781356617728792
69,0.42442971542842295,0.41793294229361927,0.001347387111035912,0.019505623096864533,0.13678433207005747
70,0.09305412036818868,0.7577318833966903,0.01717394115460022,0.002998501911059395,0.12904155316946148
71,0.24440621982306734,0.6930122900493687,0.0016452733896873853,0.013071669671318106,0.04786454706655841
72,0.05968284151274494,0.026455523212039398,0.0025406852526600084,0.0010565145952910434,0.9102644354272647
73,0.1192941081368359,0.018268505077435004,3.687235611802187e-05,0.0020007708865293207,0.8603997435430818
74,0.4045787341510653,0.26274011916831985,0.0014345952591096167,0.0061365851422850205,0.3251099662792201
75,0.4325758311882273,0.4223655742055533,0.00029277816180464997,0.00466560099516405,0.14010021544925058
76,0.1257179467864938,0.8415369199460828,0.002945593616760938,0.0016695383625614831,0.028130001288100993
77,0.03416112260283269,0.939603098595174,0.0018741546864566388,0.002769257489490126,0.02159236662604646
78,0.09188873131258074,0.7765659495731447,0.004777305836760256,0.0018093498719009482,0.12495866340561336
79,0.0356543421259946,0.9503046042966219,0.0050797258483431685,0.0015579980328570158,0.007403329696183282
80,0.09015433569491561,0.8862689876184885,0.00270447108068779,0.0012676041035582413,0.01960460150234976
81,0.046425645185654216,0.9472091234731117,0.0013957678632350431,0.0012351449555763202,0.003734318522422853
82,0.013955209044264958,0.9763187270304684,0.006354191783427932,0.00039043275176905246,0.0029814393900697202
83,0.015058163853114292,0.9779138695889881,0.0032567489908542644,0.001060239804837844,0.002710977762205525
84,0.012535890674985494,0.9795788104212851,0.004649018773874775,0.0008133336222497096,0.002422946507604681
85,0.014093513137429504,0.9595099378855582,0.021510290208437026,0.0005170575102908039,0.004369201258284308
86,0.06130247915461701,0.8987348260704128,0.001354343258060747,0.0016106112651385238,0.03699774025177101
87,0.0868098860825799,0.4010535877648062,0.03317419602047809,0.0025777634299784737,0.47638456670215723
88,0.05953248089824628,0.8973327036594873,0.026646066270247876,0.0036012340968742643,0.012887515075144353
89,0.11550049035953643,0.7777444257234817,0.013131202893340754,0.003846200364387362,0.08977768065925383
90,0.36931411000890696,0.522594957366583,0.0058318048124376826,0.00463910403900365,0.09762002377306862
91,0.11644706170303872,0.7648270962046385,0.009070972837468787,0.004689881934821972,0.10496498732003207
92,0.04112077176460307,0.8774932314433321,0.06127180331868715,0.0033439996468157154,0.016770193826561926
93,0.11162670785716855,0.8005835108823596,0.016015226150686398,0.0017706457978486454,0.07000390931193687
94,0.18521794675855252,0.5886887071438222,0.003146743952003317,0.0021842935546433984,0.22076230859097834
95,0.07280984887764475,0.9064361255768787,0.009947022381697482,0.002016921225857131,0.008790081937921766
96,0.026292413268188024,0.8915883356901283,0.0439687539861345,0.0004243671431867884,0.037726129912362294
97,0.053047088065897086,0.933016675894608,0.004685827160790416,0.0025887627073842294,0.006661646171320037
98,0.04119956698373033,0.9230278294789606,0.021715777008071424,0.0022634225517461633,0.011793403977491715
99,0.009336751759514482,0.9226146630860252,0.063073968849411,0.0014198588105867726,0.0035547574944626284
100,0.01872505566867148,0.917670289120109,0.051515266868625134,0.001160514085920355,0.01092887425667409
101,0.018031207290708794,0.9493842448802354,0.024853216930694817,0.0022816865898489937,0.00544964430851205
102,0.0182954004843978,0.9533262040439999,0.01877016810880373,0.004144029355256736,0.005464198007541829
103,0.026942851432741353,0.8644343530558095,0.08121519829270359,0.0005542274858478294,0.026853369732897647
104,0.05383440284908032,0.9311941866682047,0.006792442846403507,0.001491647816848533,0.006687319819462988
105,0.01099304611422048,0.9262184527152667,0.06055012440198381,0.0003647747862558846,0.001873601982273205
106,0.005999880048460344,0.962713774507654,0.029527325743973012,0.000513216127043783,0.0012458035728686004
107,0.007190826447463432,0.9426649329755579,0.04773240697237663,0.0002422591585681325,0.0021695744460339316
108,0.004577740523557187,0.9065961531081205,0.0868943108088029,0.0003377508082601108,0.0015940447512594747
109,0.003835382562514864,0.9216613141110992,0.07293849279009794,0.00016565578860549418,0.001399154747682588
110,0.000964539020609964,0.6934762695065447,0.3041272268256995,0.00012086541794437852,0.0013110992292014506
111,0.0006491036818307531,0.5994883673577843,0.3988098418508769,0.00020451938152123912,0.0008481677279868075
112,0.0022761531372822467,0.7983845444566587,0.1963432320264575,0.0005449575709720784,0.002451112808629347
113,0.002966727377048286,0.7854202867676306,0.20913438707226337,0.0005796636742498843,0.001898935108807817
114,0.0024735789161271725,0.7712733528302418,0.2241619639552122,0.0004344322964896303,0.0016566720019292156
115,0.0032615853547716673,0.8014897301010234,0.19226990477309955,0.0005425211938484593,0.0024362585772569265
116,0.0018911214820525675,0.732853098083709,0.2636268601500086,0.0004821065632582304,0.0011468137209714976
117,0.0022431847260206985,0.6577552585266574,0.3381348731641462,0.00038835012422252043,0.0014783334589532728
118,0.0010065600838706536,0.569665255965735,0.4280247154898456,0.00027438020270049025,0.0010290882578481836
119,0.0011208788403051012,0.803183434097067,0.1934496577840131,0.0005607542227782149,0.0016852750558363574
120,0.0005892497776564993,0.4821801176831515,0.5157938753683,0.00014965179923770937,0.00128710537165417
121,0.001519656583519253,0.5025645774698332,0.4940701591223686,0.00032844223818868576,0.0015171645860902474
122,0.0003748821605575222,0.5273138712701979,0.4712805377456073,0.00011387974088831138,0.0009168290827489124
123,0.0009682729309405953,0.6789877146836394,0.31850159366579617,0.00024823152671245877,0.0012941871929114065
124,0.0008475240114564095,0.3094631122993444,0.6883608238870473,0.00030016709396507785,0.0010283727081866348
125,0.0014926819718900214,0.6607284342684622,0.33389346511723755,0.0018170906943995643,0.002068327948010644
126,0.0014899209923878766,0.2564310456219272,0.7393898120324967,0.0007384529296778667,0.0019507684235105843
127,0.0012698509069971407,0.2549470901206818,0.7391767673694017,0.0008613563320353819,0.00374493527088393
128,0.004032225621426241,0.4151932861267915,0.5701558161640854,0.001925873398295444,0.008692798689401501
129,0.003392554554995268,0.048802261841807054,0.053500678442441794,0.0005497398420495378,0.8937547653187063
130,0.001364138007377938,0.0039940918318616125,0.0015401004536577877,0.00026071537526496045,0.9928409543318376
131,0.0012567887156676861,0.0007670770972342164,0.00019453919461783384,0.0001900325815373841,0.9975915624109428
132,0.003604790485977097,0.0013851973939564511,0.0002588590627161698,0.0003201837538539714,0.9944309693034963
133,0.004520802088728523,0.006250487046006438,0.00021260314248435392,0.0003387470895034865,0.9886773606332772
134,0.0007897648889803404,0.0012845522863148614,0.00023105441465306686,0.0001400247836593992,0.9975546036263923
135,0.009949673223924356,0.028667120682843914,0.002571799093262828,0.0015802713150719029,0.957231135684897
136,0.00017590806369258095,0.0006364232181512239,0.0009303097031893857,0.000103383901087085,0.9981539751138796
137,0.00028299127431883725,0.0006995618191065056,0.0007262257201885934,5.1183769821350994e-05,0.9982400374165648
138,0.002739838236220325,0.005566189177377932,0.0017723490397468036,0.0011904695046256874,0.9887311540420293
139,0.015443484982041357,0.016020788816107877,0.0018634284022123187,0.002034014541493174,0.9646382832581454
140,0.1812611853389404,0.2768987256373358,0.016293942681375444,0.00977276318270847,0.5157733831596398
141,0.005748238887575635,0.010033396709290487,0.004869748418497926,0.0002870887307367465,0.9790615272538993
142,0.05147552932708001,0.14286703816838145,0.016034265455953708,0.0034879729614627295,0.7861351940871221
143,0.08761357261091021,0.2120736865472872,0.017225019117320068,0.012995356504547922,0.6700923652199346
144,0.2341778969304672,0.20503491869362717,0.0024473495699275697,0.04582349165259517,0.5125163431533829
145,0.28726823226320525,0.46292339660854015,0.012433895004205936,0.039853285597632924,0.19752119052641576
146,0.3052210280705455,0.39341760410273247,0.0021936510226381726,0.09508123788599046,0.2040864789180933
147,0.33660248090712735,0.4326805983957576,0.002691801318684128,0.10857376416953218,0.1194513552088987
148,0.2265404237909307,0.6014511804521108,0.00528065615055665,0.08178228935068427,0.08494545025571763
149,0.1730572988110151,0.6185800237835241,0.00732560266910487,0.06979759591719051,0.13123947881916553
150,0.21949860925516793,0.43069410472151964,0.0033254150237009596,0.3039645814546766,0.04251728954493488
151,0.095227146777038,0.7277804719744327,0.051812216530077525,0.0435530466449462,0.0816271180735056
152,0.16670133763254788,0.3663760079573067,0.017149380036092118,0.04957034775722882,0.4002029266168245
153,0.08976283398189815,0.03713068392785097,0.003926590680440338,0.006678282170021878,0.8625016092397886
154,0.21506905556454575,0.17476413886526512,0.0023756955603900826,0.018895352983850578,0.5888957570259485
155,0.14200691964699774,0.07639413106328871,0.009481988870386083,0.005575066594709235,0.7665418938246182
156,0.36631796196018823,0.1120292571895847,0.003041708975533118,0.004747996131831827,0.5138630757428622
157,0.43569452769980843,0.452360751865125,0.010396491080339179,0.015364063770990125,0.0861841655837373
158,0.19447333015937782,0.5882898363623708,0.12014022485932138,0.013458515145169297,0.08363809347376085
159,0.1403203357812691,0.8096461307536593,0.03313818399320477,0.007260671467359639,0.009634678004507223
160,0.014061544734394589,0.2996123630341272,0.6141216968928618,0.003272807473403981,0.06893158786521246
161,0.059124154493615154,0.8785465802121623,0.04494491562126975,0.0063575552120425805,0.011026794460910256
162,0.18088940798936395,0.7670084956933232,0.012658271326480121,0.022530530968694458,0.016913294022138294
163,0.024168313164498904,0.2595302800471135,0.6913394471911495,0.003951387177204074,0.02101057242003417
164,0.11005144323615558,0.8533258429185254,0.01921362548846269,0.01182889987949797,0.005580188477358544
165,0.07960097006953055,0.8858373979086842,0.012453778047358985,0.013338295957563782,0.00876955801686246
166,0.011584314907505392,0.9337999729190394,0.04146670713571046,0.007256870289056012,0.005892134748688753
167,0.020849813298262587,0.9452792696246325,0.02221236869327764,0.0029707198090417,0.008687828574785634
168,0.009357214248885656,0.6894549201823547,0.2945133690503496,0.0009141759228484764,0.005760320595561618
169,0.03445572983536534,0.7786563125638731,0.1338618499735888,0.006112401446186043,0.04691370618098654
170,0.010321571379594273,0.6457892576454664,0.3229019086957326,0.0024284099312576993,0.018558852347949087
171,0.008360428751830525,0.056308113405115115,0.029382914477671752,0.0013329729187440027,0.9046155704466387
172,0.25893887601935855,0.17725252606170888,0.01719567887800388,0.003518339765435459,0.5430945792754932
173,0.02032112815078747,0.2798013911531594,0.6762015163254813,0.0021969415508253636,0.021479022819746545
174,0.04506111961492734,0.27151893754629747,0.20277833026101366,0.005940021547965993,0.4747015910297955
175,0.02240540973590728,0.12354041884979587,0.6367891570389199,0.009331799684056912,0.2079332146913201
176,0.018483594698883967,0.11410074834280128,0.21626929464839026,0.0141503957811939,0.6369959665287306
177,0.001384141380372827,0.0051811392934358646,0.00379941527626995,0.0013019954707477433,0.9883333085791736
178,0.045548765408028886,0.25531809388458865,0.02523783921531681,0.01042575181243254,0.663469549679633
179,0.0023057888917230704,0.0014917788496889581,0.00045247711980289136,0.000830559822166311,0.9949193953166189
180,0.0014492520534052332,0.0029396680608729867,0.0004530187809624333,0.00019725699597021942,0.9949608041087892
181,0.0056239945669858005,0.009051589195775004,0.0005946747752811854,0.000976337042805454,0.9837534044191525
182,0.014418181592570327,0.01095797291561096,0.0004418586847158842,0.001124164126841865,0.9730578226802611
183,0.10298928161687669,0.13141847646461766,0.0023795728856209892,0.02047077136927048,0.7427418976636142
184,0.1875755251918485,0.3591802495438718,0.00580371547576351,0.06781665630472579,0.37962385348379046
185,0.05782724371790619,0.35382667436412635,0.014633173597000003,0.005777894426336314,0.5679350138946311
186,0.22834659913607594,0.5105286429931774,0.007963325646734649,0.02280877280465741,0.23035265941935468
187,0.30882669533645174,0.2804525034994975,0.0020173997646493885,0.04866912508983842,0.36003427630956303
188,0.09438689325110576,0.22670868948196182,0.001937655004046202,0.011143987465977407,0.6658227747969087
189,0.45527907746309076,0.1963528105186032,0.0004272819223055062,0.052424191355345706,0.2955166387406548
190,0.3977014961048325,0.43899302864900214,0.0010843613250025486,0.12123302124238718,0.04098809267877567
191,0.2819299030940501,0.5640612009344397,0.001970580848355404,0.052850519861089074,0.09918779526206575
192,0.1119164074215131,0.6688749718274681,0.01002369395234859,0.11854279791197596,0.09064212888669418
193,0.11476698056719799,0.4937836538441762,0.0014808071711796432,0.3365883069202046,0.05338025149724141
194,0.08920049654933697,0.6483880896278746,0.0022018927013000033,0.22159493650796083,0.0386145846135275
195,0.12404785892855208,0.35301394990670604,0.0007074950596519043,0.45581512929199963,0.06641556681309024
196,0.07024412364144705,0.27091560790207125,0.0006527822866781405,0.6465268872859524,0.011660598883851256
197,0.11539599569669626,0.4202842253252305,0.0022085248112438307,0.43372047611166215,0.02839077805516733
198,0.14885172198396415,0.4305793518977388,0.0010733367778285312,0.3830005409151055,0.03649504842536283
199,0.11162743680469711,0.5815966156061019,0.019364270052570878,0.07680683473700625,0.21060484279962396
200,0.3412403292574876,0.28328606659059713,0.0013111536942017955,0.33199437321791403,0.0421680772397995
201,0.3581426399896582,0.5090052519865306,0.004080233164213678,0.06194156230690704,0.06683031255269051
202,0.14725781686926728,0.6582431814290861,0.006303807579462555,0.14229824926031392,0.045896944861870126
203,0.31045862732351864,0.22080638279413495,0.000812024288159631,0.4370975860221387,0.030825379572048103
204,0.11115282741088801,0.22883642012993494,0.0017679623881666552,0.6343027398056662,0.023940050265344164
205,0.16923848814929585,0.07018256524243847,0.00021530489379625832,0.7397647907295116,0.020598850984957902
206,0.13146435919412025,0.17718875241326337,0.0003731792778811599,0.6818987990425457,0.009074910072189607
207,0.16737959430784957,0.11666014094516469,0.0003288384278473371,0.6919523110433234,0.023679115275814892
208,0.20167562025304683,0.13430082363486887,0.0007896977546389937,0.6435107131206329,0.019723145236812397
209,0.251741903809667,0.3037526503256415,0.002737328897489242,0.41258718283995893,0.029180934127243218
210,0.30543184352388525,0.12769931023201572,0.0002823049354757177,0.539041809223001,0.027544732085622223
211,0.2566709132352365,0.4230919214270427,0.0007472455804026049,0.2861047029439408,0.033385216813377354
212,0.23238251377999328,0.5891443341160305,0.0025279781240418408,0.08004453854203689,0.09590063543789758
213,0.43759960656529023,0.13178806371841878,0.00042465457140621336,0.1732979201594687,0.25688975498541594
214,0.48050871235220843,0.15299782874552953,0.0001893573365010146,0.28519780287452673,0.0811062986912341
215,0.4417963662280959,0.3441081947605802,0.0034038660637406215,0.11070592709583307,0.09998564585175024
216,0.39002741463726864,0.2214545987813055,0.005429478765294772,0.14851866550397255,0.23456984231215847
217,0.16592920709921202,0.3156391588569082,0.004505904458339637,0.44603165402252565,0.06789407556301442
218,0.13199446589958355,0.39829750814018855,0.0027192057034780706,0.14307465731004304,0.32391416294670683
219,0.19202425501298215,0.09436817364989178,0.00012205611089446363,0.34284074883677584,0.3706447663894557
220,0.33716653949738545,0.17371702277932846,0.00024597314370458043,0.16250605709961713,0.32636440747996426
221,0.35563060755218245,0.0982720754866552,6.60602417794023e-05,0.45056645145727686,0.09546480526210624
222,0.4434516031141868,0.1569339652018079,0.0002655466133454995,0.33839630358792794,0.06095258148273181
223,0.19735146915799476,0.36352825518622656,0.0009722989862860344,0.32791317068852854,0.11023480598096408
224,0.21797800662117067,0.17851645042334713,9.560781797015254e-05,0.5749784819639133,0.02843145317359872
225,0.2061978818964401,0.14920309647169094,0.0006086239576612631,0.6097450766623811,0.03424532101182657
226,0.23022237643359839,0.2105204868529102,0.0014242379115195138,0.5300109474448363,0.027821951357135638
227,0.3061615069808424,0.0953995967193717,0.00034489901956739,0.5623865627526693,0.03570743452754922
228,0.16607717559799012,0.07990970099520961,0.00026252882188705553,0.7366485201902322,0.01710207439468091
229,0.058814663448861194,0.1919807966027384,0.0018037621935193791,0.7413941913710179,0.006006586383863218
230,0.13762604410277687,0.051362480423341295,0.00015209874906668678,0.7757907319106065,0.035068644814208516
231,0.048872957615265285,0.23804218556157994,0.0005596953029309519,0.7061356076950945,0.006389553825129248
232,0.036663124131868174,0.2501666973001202,0.0005274326185589358,0.7046007468958206,0.008041999053632178
233,0.0706582050424331,0.2041825149126655,0.0003072789366493929,0.7163015276222282,0.00855047348602374
234,0.040573791097672486,0.38625493965679336,0.007331216306535682,0.5570872085433304,0.008752844395668027
235,0.08006359381779435,0.07597238864449986,0.00017459618940900964,0.8288008137983183,0.014988607549978524
236,0.12148941798071661,0.34572759310843143,0.006048979919526452,0.45769336619653467,0.0690406427947909
237,0.14735962142965106,0.13155348325901825,0.0005035757239353645,0.677435054787841,0.043148264799554296
238,0.2727640110709842,0.12951149593178107,0.00020335644558701625,0.5578783960030277,0.03964274054862003
239,0.24261350147903285,0.1976509185230001,0.0004847794066489737,0.539531626079451,0.019719174511867086
240,0.13849196717961534,0.7085806435614048,0.002140850037204168,0.079872124922107,0.0709144142996687
241,0.23730122171533055,0.41070120760866274,0.0010011124364223824,0.31483764376741513,0.03615881447216925
242,0.21954401924314337,0.49350008111254084,0.001960931492548254,0.19701948267848501,0.08797548547328246
243,0.22699525807940998,0.4492866869584073,0.004100686672545993,0.2503113620937976,0.06930600619583907
244,0.20063929205961167,0.5744067823931736,0.001435444294980731,0.07107557051837632,0.15244291073385763
245,0.35190580514663344,0.42406826776914136,0.0005812801736404214,0.16555919444811998,0.05788545246246472
246,0.5531205544830012,0.11004305850084707,0.00025024451286435027,0.23337777446796318,0.10320836803532417
247,0.36483524001481293,0.40656010882573096,0.00047173844401012465,0.12863680480374454,0.09949610791170137
248,0.37389033654182796,0.06846753548978232,0.002103688538019161,0.1896329819349507,0.36590545749541986
249,0.5215887767724848,0.15631260735713967,0.0013612839061779216,0.074283512340225,0.24645381962397261
250,0.007632133655711847,0.0019138326715894649,4.4699152798753454e-05,0.0010199155231949291,0.989389418996705
251,0.0076417670912700955,0.0027725601370119255,8.821775783795709e-05,0.0007688026822355521,0.9887286523316444
252,0.633953885115437,0.01851021692010916,0.00026179419224501573,0.0005954036425278842,0.3466787001296809
253,0.0034842037440919495,0.003372854610042123,0.0004880939588625723,0.0001483863480730178,0.9925064613389304
254,0.05174986889136634,0.0070671263444450705,0.0004789357688131925,0.0006600131648416815,0.9400440558305339
255,0.01748132143656824,0.003422173113528009,6.36557638537587e-05,0.0005170656741519362,0.9785157840118981
256,0.05873047854454294,0.03407935990878036,0.09155465705351445,0.0011199020564441468,0.8145156024367181
257,0.20809942855878633,0.026800268399395786,0.004876345365264614,0.005599999074941412,0.7546239586016118
258,0.01767591586071759,0.0013068527613725519,0.00010303767365718361,0.003078617629998284,0.9778355760742544
259,0.018096418075350944,0.002386906431687893,0.0012021948588156939,0.004795199148522372,0.9735192814856232
260,0.2726619823173126,0.02461750152452217,0.00039456216594492815,0.027331050336030283,0.6749949036561901
261,0.4635498558023049,0.025150190811713446,0.0017610205661783296,0.1317831328074878,0.3777558000123155
262,0.22963645596462331,0.04070716028717222,0.0007860945709713821,0.30814025487072216,0.42073003430651085
263,0.42183997875497803,0.047921894655795265,0.0009588957752270849,0.301891521965255,0.22738770884874457
264,0.22305054936928717,0.06558686541959786,0.0009077101270744959,0.2660606073591118,0.44439426772492857
265,0.06542460655074242,0.06595677698397973,0.001329785428256981,0.15378733918291698,0.7135014918541038
266,0.21129094789916408,0.06866626311900953,0.000394469838702419,0.5076391528713398,0.2120091662717842
267,0.2017437680145965,0.06316567888214421,0.0004419065790470178,0.44084471356255295,0.2938039329616592
268,0.13729421020623,0.048445339360405744,0.00029787401728879073,0.47820946115342267,0.3357531152626529
269,0.21117252953714527,0.04223029572101413,0.00030937313390674436,0.5637029279857612,0.18258487362217268
270,0.3306830059413327,0.10361999971769548,0.000358754359050053,0.49221269325293915,0.07312554672898254
271,0.3244931292552508,0.19205320772134704,0.001345308497561044,0.3646022042476791,0.11750615027816202
272,0.35722182834834615,0.10365164542593482,0.0009426596947118557,0.35696387016118464,0.18121999636982267
273,0.2954045670057012,0.1664612902335054,0.0013986268531558706,0.3017585621575769,0.2349769537500607
274,0.33120847734051767,0.11397176512965616,0.00022391292767442073,0.5072735662529648,0.04732227834918698
275,0.2646776869561944,0.40073815278481956,0.0010348363429177364,0.31377035229456074,0.019778971621507407
276,0.16207870203733168,0.2755728241230503,0.0009623122854072188,0.5285725095284547,0.03281365202575609
277,0.1423002777021832,0.11429008653144596,0.00047450376664122157,0.7279556689984936,0.014979463001235958
278,0.19127765114570644,0.2344557361633625,0.0007215513859778065,0.5045846560764622,0.06896040522849105
279,0.13010757340636683,0.2400875953163945,0.0007293810485132064,0.619113133319537,0.009962316909188489
280,0.0567080169065184,0.3501529050834379,0.0008629547167905528,0.587055796924334,0.0052203263689192215
281,0.17122062571529556,0.33821738237353993,0.0006280116596548133,0.44485071494069406,0.0450832653108157
282,0.11888653653442326,0.05826595647231646,0.00014796234971322877,0.804918988975609,0.01778055566793798
283,0.08829979936589691,0.26366631510191646,0.0005466931417633188,0.6399304236442261,0.007556768746197275
284,0.2692105381281256,0.20912677266502144,0.0005269552351027093,0.48820789524242697,0.03292783872932324
285,0.1988240136411605,0.18300855833130267,0.00030722322367801797,0.5998016806648221,0.018058524139036733
286,0.1826667872306059,0.28978799841733704,0.00024982483501454546,0.5091191014424336,0.01817628807460894
287,0.14330026878163307,0.13632470552711398,0.0002945287204128275,0.7119261388475119,0.008154358123328114
288,0.11079110528549063,0.6560040782356491,0.0017797134460938253,0.22262350894320382,0.008801594089562569
289,0.125889274647571,0.5840492044457375,0.000562110405203998,0.28283830615750044,0.006661104343987098
290,0.15287037791596708,0.46518363384165334,0.0004464161595954563,0.36221127372732803,0.01928829835545615
291,0.09172305326194771,0.731440336238347,0.0019579928012978267,0.16574550713530684,0.009133110563100752
292,0.23881479298246883,0.545319406324714,0.0004427143572338735,0.19953362394446475,0.015889462391118544
293,0.1760233101501335,0.5876825853067122,0.0005390549627274532,0.22038074484439346,0.01537430473603337
294,0.06017389905689687,0.8193899524158406,0.004655392220642628,0.10749007761318209,0.008290678693437728
295,0.2676130276977193,0.5055398479085056,0.0013701602274119365,0.0628953432552372,0.16258162091112602
296,0.19451154613996985,0.6447146727025885,0.0009742667516956513,0.14338041472193477,0.016419099683811222
297,0.3716671805236267,0.35743069161172075,0.0001999320449529146,0.24706673228873094,0.02363546353096857
298,0.08791118918895302,0.8271926169998601,0.001149588763187775,0.0795352900478246,0.004211315000174572
299,0.13969320272101116,0.5864745474947556,0.00044174259798636335,0.2657294714097092,0.0076610357765377725
300,0.1014357741373264,0.6866317081747515,0.001046280093200977,0.19874534392515047,0.012140893669570729
301,0.14004704916566524,0.5318316616305733,0.0005742660796801146,0.317511279222643,0.010035743901438389
302,0.1109196292832828,0.748109852211228,0.0008611352978563075,0.13271521640179446,0.007394166805838202
303,0.07525555094992847,0.8577901693606905,0.0018527136604477535,0.059073165177435154,0.0060284008514981495
304,0.03294954076375634,0.8847088689092347,0.006511202490943847,0.07075205882680752,0.005078329009257641
305,0.04890305802085337,0.8294525406009213,0.002195733725581892,0.11412283502951702,0.005325832623126315
306,0.03510241424995731,0.8169928645938627,0.011854757190062886,0.1252588833678941,0.010791080598223101
307,0.33545396467966215,0.45094723121719776,0.0018230637024692492,0.15477362130891564,0.057002119091755066
308,0.02345946894993919,0.930804216927499,0.006488507400243002,0.026714720913054876,0.012533085809263983
309,0.08204693899989463,0.854612718610278,0.0015954687364060068,0.058217121211278186,0.003527752442143097
310,0.04356430264832438,0.9218391875379899,0.004080845341819213,0.026812599199970765,0.003703065271895951
311,0.10154920480178356,0.734471187903757,0.0013785416202458263,0.1567074144652338,0.005893651208979921
312,0.01519006503628379,0.9556297803759657,0.003114294244649913,0.024387676827115606,0.0016781835159850854
313,0.04544377156271978,0.8797324318474219,0.004108657485934535,0.06554889116960332,0.0051662479343205
314,0.032520627556225576,0.9105930164275078,0.010708288051022146,0.03899321458151522,0.007184853383729273
315,0.15002811570276398,0.7570471415152958,0.006008275104642371,0.06762598314383704,0.01929048453346081
316,0.3066399521276391,0.43928141983412616,0.001382166730871577,0.23142829320628838,0.021268168101074708
317,0.035895634579128526,0.8861948370231681,0.015537956198542247,0.057445030512482745,0.004926541686678348
318,0.09160997650016706,0.7862109277381754,0.00757935004697343,0.10497555315762826,0.009624192557055931
319,0.10846521019297446,0.7672966125610348,0.008166296730615082,0.10370399957174842,0.012367880943627329
320,0.03446754962264478,0.8612954784822396,0.018249058606792486,0.07740545479576076,0.008582458492562237
321,0.05634283516696591,0.811563624787522,0.0025413567937493525,0.12553166495844373,0.0040205182933189575
322,0.045610860336822386,0.8953324236340436,0.008782929178614762,0.04273562778146445,0.007538159069054736
323,0.10143080280283953,0.8103992840401373,0.00838753942618899,0.049383472393857576,0.030398901336976765
324,0.072953888269547,0.8792500176624521,0.006991779297213885,0.030913652634497028,0.009890662136290166
325,0.03387844912562101,0.9250996758613861,0.015348754979269229,0.0206000694923828,0.005073050541340892
326,0.014687391730756524,0.9444715535502243,0.026076591054708016,0.011945966196820992,0.002818497467490368
327,0.01329906212155955,0.9545813576501108,0.021688538849767805,0.007391715927073184,0.0030393254514888015
328,0.008178562666709823,0.9433367700887378,0.032980640773032276,0.01223730050712095,0.0032667259643991134
329,0.011070848113873984,0.9386213218659741,0.03836035038467895,0.009329612703384196,0.0026178669320886016
330,0.027696260578757213,0.9003645377629756,0.022141973309554325,0.03622979907121871,0.013567429277494127
331,0.01890376275005465,0.7957543712381555,0.13435461432292986,0.04761950316209285,0.0033677485267670504
332,0.0071407135637566906,0.8464885365737814,0.12639317187294924,0.01497887108163478,0.0049987069078780075
333,0.016522930797950485,0.6024258324582789,0.263845059801729,0.09942835523565392,0.01777782170638776
334,0.039272239025413554,0.08145851537981201,0.0059604085228796,0.04262234423055456,0.8306864928413403
335,0.21512032988529528,0.3735229028784059,0.004890000822267964,0.1045998372728781,0.3018669291411528
336,0.1578328877165194,0.6061779687909606,0.004825786276667824,0.07095554191807343,0.16020781529777878
337,0.6755622533787174,0.1888572678534346,0.0006444645381736342,0.10921803163895151,0.025717982590722995
338,0.25150444253244714,0.40977839310122754,0.0010417993714708306,0.31813458808162326,0.019540776913231372
339,0.32354739608172906,0.28945630072186374,0.000810549466643523,0.3417226461900545,0.04446310753970917
340,0.1035836150118432,0.41139889088084247,0.004235508566712128,0.4534325322904209,0.027349453250181243
341,0.163494400319251,0.2160607922441177,0.0013103220571149257,0.583026929107797,0.03610755627171935
342,0.10179181799392062,0.43980752154221436,0.010393110840804931,0.4319474668223009,0.016060082800759216
343,0.0745459637802613,0.32397417248262,0.010812299562481557,0.5749514151486483,0.015716149025988755
344,0.07444991135013862,0.30836098876960605,0.14003100115521808,0.4129943919959536,0.06416370672908364
345,0.041115921767517966,0.43956869999570236,0.03802021751887528,0.4653891603097011,0.015906000408203214
346,0.02942096557093751,0.318250897750334,0.1015348169294695,0.5085524099166627,0.04224090983259625
347,0.027751999876485144,0.5638099511410284,0.07825739434399057,0.3230289378104147,0.007151716828081322
348,0.03417130958610797,0.6116809992502245,0.05325495600253706,0.29262358608508565,0.008269149076044948
349,0.037624753884219264,0.5148337793699086,0.028805901954387026,0.3892225822296149,0.02951298256187021
350,0.21124803422017707,0.2474090660159777,0.002349293891565161,0.4848135091819051,0.054180096690374956
351,0.3187362213508572,0.26651905245493623,0.0007515555197839967,0.39726098020888423,0.0167321904655383
352,0.18006229685105007,0.6278795714274831,0.00348868355072495,0.17922947077894053,0.009339977391801504
353,0.11328773322401571,0.7493255998090866,0.009005825260510728,0.11818495663144074,0.010195885074946192
354,0.05328566442734526,0.749285373799999,0.02113692950087005,0.16803647475418346,0.008255557517602045
355,0.08275917011204387,0.46342507847546216,0.05361996432623227,0.36600774817464043,0.0341880389116214
356,0.036238576230772035,0.7129011448709586,0.1443009087675402,0.09056069646567555,0.01599867366505366
357,0.020115400727964222,0.8682811181613973,0.05524115974927426,0.04464965766809092,0.011712663693273324
358,0.04324778022393522,0.7694355908994502,0.0899776602897755,0.0704633865612656,0.026875582025573577
359,0.02239605598360792,0.4821140369982819,0.27853227981599016,0.1831323233318404,0.033825303870279606
360,0.021213965224964576,0.4629929822193048,0.36978166328251644,0.11735465871795253,0.028656730555261755
361,0.026376475132018778,0.2775848776760399,0.09147938294311705,0.5356603323583324,0.06889893189049191
362,0.05915374393635685,0.36408570242278515,0.030110171440110165,0.2780257628363986,0.2686246193643492
363,0.08732562799181834,0.13215282852220644,0.001444470776222329,0.24444260341854016,0.5346344692912128
364,0.06744935838286972,0.04023439105361115,0.0002783978166346782,0.41153340229126883,0.48050445045561546
365,0.16427503021579856,0.06269060231530153,0.000385359280928832,0.7237395326727637,0.04890947551520739
366,0.2200489045109638,0.10970831683490387,0.00025930379674781747,0.5035960326142743,0.16638744224311022
367,0.1336069254171313,0.20306212473271357,0.0013174211309115466,0.5424102803990032,0.1196032483202404
368,0.11355970488214567,0.12598537983903507,0.00021385720761252688,0.5508058463653976,0.20943521170580914
369,0.28008750132889926,0.09395681018725416,0.00012184409345437395,0.5456407267719976,0.08019311761839469
370,0.1677035968801412,0.1636447911980367,0.00021441610820078228,0.5459246779254084,0.1225125178882129
371,0.13412638580144784,0.46349518802451734,0.0009374956705306695,0.35414083038843985,0.04730010011506419
372,0.13531671540682086,0.4017886963461133,0.000587144460896841,0.41374839739535774,0.04855904639081134
373,0.1502013012356945,0.22377587288714665,0.0005312628275330651,0.5667450125281444,0.05874655052148138
374,0.11004225057603575,0.22371251812347115,0.0004978391096464091,0.5810107497907455,0.08473664240010115
375,0.0800856905426297,0.28631651171776473,0.00109947079596215,0.15313952138130468,0.47935880556233873
376,0.11397334296598599,0.22386599954893108,0.001779452600509964,0.21102355901217665,0.44935764587239635
377,0.008926289249396731,0.04927708539947383,0.007734125569868899,0.008666633704601,0.9253958660766596
378,0.06862699768420624,0.07945355209779548,0.003931824919929,0.01292085805719941,0.8350667672408698
