epoch,N1,N2,N3,R,W
0,0.0009806973690973226,0.00018927911730756532,4.714740303712445e-09,2.872607309694228e-05,0.9988012927257578
1,0.03734436016944079,0.0012497850136559763,8.781844672290213e-06,0.00022510195342102354,0.96117197101881
2,0.0058389696931484035,0.0009400841681037964,1.316576907666342e-05,0.00011144068498298746,0.9930963396846882
3,0.00798066275902113,0.0022125449605775423,1.686207761346332e-05,0.00011932147072020296,0.9896706087320676
4,0.1377595492529506,0.007964153590154023,3.245630288089612e-05,0.0014916522539768144,0.8527521886000375
5,0.017074594946505924,0.0008033028289991672,2.5268003504090948e-06,0.00035956440080105927,0.9817600110233435
6,0.028143641569572154,0.0019996887893080867,6.15607212826545e-06,0.0006761552577434991,0.969174358311248
7,0.045038683335099146,0.0034116523766934428,7.28723913739431e-06,0.001428466235444842,0.9501139108136251
8,0.06499329377567482,0.0028654247073558498,1.0085983081019745e-05,0.0014650077188112318,0.930666187815077
9,0.034963789376815504,0.001927797374179863,6.353477511670752e-06,0.0013849760534192935,0.9617170837180736
10,0.005142380703542973,0.0008800942267713322,3.8525135194233915e-06,0.0003211230759818114,0.9936525494801844
11,0.005023303545439916,0.0021477276001653635,0.00018668183717109008,0.0001560588286218201,0.9924862281886017
12,0.03709077749388106,0.000961486372149294,2.5679426329168866e-06,0.002031633433596972,0.9599135347577398
13,0.171574992134949,0.005565587816179923,1.1598476322669377e-05,0.006271767099619586,0.8165760544729288
14,0.04351315769109871,0.04614724782271112,0.00014926450011283632,0.004792394958371089,0.9053979350277063
15,0.019052537835888693,0.0014203262879550708,3.0692892196751216e-06,0.0015782290191063164,0.9779458375678303
16,0.002435497990925638,0.0003567759154653433,8.118401214243964e-07,0.0004094659606596829,0.9967974482928279
17,0.004917840157295305,0.0010317441986466037,6.616924678782056e-06,0.00017588536212487544,0.9938679133572543
18,0.0035893483351719345,0.00044003376204581907,8.547909333325425e-07,9.495881752555093e-05,0.9958748042943234
19,0.006508343749039767,0.0005737057739658382,1.2726801117405786e-06,0.00020418172516068346,0.992712496071722
20,0.0048313777533578305,0.0007650299659293369,4.573911563025063e-06,0.00016515001703876157,0.994233868352111
21,0.014196835087324137,0.0004908834991725442,1.957846963363681e-06,0.0003317061659604417,0.9849786174005796
22,0.04168789543845845,0.0011255689635113332,3.083150557117314e-06,0.0005088711584195902,0.9566745812890534
23,0.19675851471900413,0.004568733058686166,8.303747358331574e-06,0.0009603166490290626,0.7977041318259223
24,0.012629273107601936,0.00046816089027076316,1.9437708155650748e-06,0.00013081070962069077,0.9867698115216911
25,0.21304705881905198,0.0034983886973098607,1.0668461650666056e-05,0.0007970279491916338,0.7826468560727959
26,0.13522682308651543,0.0020614368998496005,5.593507196660383e-06,0.0008989342123153186,0.8618072122941229
27,0.7595253066020451,0.01345227596203583,6.292266628956882e-05,0.0011478511176917173,0.22581164365193798
28,0.6248204046272873,0.20622915753656784,0.00043310181731595084,0.0037853986752329066,0.1647319373435957
29,0.4007458508153595,0.44176826430253396,0.00333693072669773,0.007847258070701666,0.14630169608470714
30,0.2972145971665835,0.45924313808881534,0.0027583404323215546,0.010994684354441868,0.2297892399578378
31,0.2466664789009593,0.7094833573578192,0.0020063743781828106,0.009068827829804163,0.032774961533234476
32,0.06873741510831427,0.7362821935962907,0.151832071510668,0.00040789917004653277,0.042740420614680565
33,0.09179579662647332,0.7479913477107325,0.1104078638019372,0.0012969839837289657,0.04850800787712819
34,0.03983802472197402,0.6682740859523824,0.2638356948677062,0.0006022485720686609,0.027449945885868635
35,0.046220123785729615,0.8477098382854054,0.08089077250528419,0.0011541558276683028,0.02402510959591242
36,0.02986554398602764,0.7127057450292141,0.23262315614136553,0.0005204333152136951,0.024285121528179063
37,0.0398949271171252,0.7505254943867283,0.18810448138152158,0.000858580793174269,0.02061651632145058
38,0.02610118664785265,0.8155267936854165,0.14778525752902344,0.00030457594806098683,0.010282186189646578
39,0.03182901833362771,0.7457668939080563,0.20033848236249371,0.0005703167761472424,0.021495288619674847
40,0.054933320844009044,0.8541325541926474,0.07138189063085805,0.0007224516858213479,0.01882978264666428
41,0.06162477757557847,0.7824267051497774,0.14367120303582995,0.00040861705792872525,0.011868697180885577
42,0.018758428657247965,0.6200330214405616,0.35152348569859937,0.00022079909992400775,0.009464265103667139
43,0.031182502781450173,0.72481849056006,0.2321890578491654,0.00026028873335809903,0.011549660075966238
44,0.016231005721193775,0.6317909161310666,0.33839148220446247,0.0002510765689794395,0.013335519374297538
45,0.021638959342226406,0.8768798383111529,0.09082546610281662,0.00038384200059204157,0.01027189424321192
46,0.015033050959640455,0.6904869844107226,0.282856454207841,0.0003234909608919846,0.011300019460903839
47,0.028037632681756342,0.7700012534715237,0.19174574165319103,0.00038818767037286146,0.009827184523156094
48,0.011467544874979021,0.6069603888735062,0.37400385052293794,0.0003937180425410939,0.007174497686035628
49,0.006655085710461266,0.4013292669350598,0.583979986581231,0.0002805322430946024,0.0077551285301533865
50,0.011332648492793177,0.43008745756713995,0.5512095136850962,0.0004213071061356512,0.006949073148834999
51,0.00705250935990468,0.4726674626619315,0.5134112643635829,0.00027840384513198277,0.006590359769448875
52,0.009751823897011668,0.7035996910383702,0.27937111616614724,0.0003048174482486661,0.0069725514502223555
53,0.0062380414846106265,0.20358224266655092,0.786501667226817,0.00012916492973677907,0.0035488836922847496
54,0.005156565387982953,0.2941302169816686,0.6963932813330934,0.0001495175813654718,0.004170418715889432
55,0.0022649885196114154,0.19724753960004135,0.7959119340366094,9.874859325630406e-05,0.00447678925048151
56,0.0022325948061445223,0.08799647253799951,0.9049212873636873,7.722445208408367e-05,0.004772420840084577
57,0.0005020299099811773,0.04340422947800216,0.9541470597496869,2.7720169794017163e-05,0.001918960692535711
58,0.0011898092304458742,0.11004263154314108,0.8780829169657528,7.150701246914806e-05,0.010613135248191234
59,0.0005887796766920071,0.06733418593082188,0.929499363172897,5.11529386451785e-05,0.002526518280944042
60,0.001021761914472096,0.07804795156480647,0.9180022959670728,4.9840882401810384e-05,0.002878149671246889
61,0.001104416170432939,0.0772680741798464,0.9179068899787988,4.561125528662297e-05,0.003675008415635523
62,0.001962913595173236,0.10398045930916143,0.8871174120735016,4.87552930668184e-05,0.006890459729096871
63,0.0018524128137535649,0.13448119081409615,0.8506502704963009,0.00012187323966688951,0.012894252636182584
64,0.00027242556884783637,0.041431668604728196,0.9568263629770826,1.4647080094657485e-05,0.0014548957692467094
65,0.0004262147827671639,0.07450852744072918,0.9199354622677142,3.35372424270431e-05,0.005096258266362526
66,0.00039670242894984653,0.030389544141536936,0.9671456558417123,2.8508845267051664e-05,0.002039588742533697
67,0.00022265971318220532,0.01772077860106879,0.9810798974224637,1.7378633546013816e-05,0.0009592856297391102
68,0.000642000662741824,0.057945407858529877,0.9369760233570253,4.867692974448816e-05,0.004387891191958582
69,0.00022924453773466656,0.024868240805853464,0.973306952243946,2.4121674675393564e-05,0.001571440737790425
70,0.000678248862198127,0.07753370181731672,0.9172424100631089,5.3763534647088e-05,0.004491875722729298
71,0.00038639916175594924,0.04287427824878718,0.9530356631976813,6.260299817518795e-05,0.0036410563936005625
72,0.0002946791627498628,0.032902543450089625,0.9640370595608363,2.18468218217628e-05,0.0027438710045024914
73,0.0007600915434015613,0.07487136146061378,0.9206729130235354,6.965868903594575e-05,0.0036259752834130895
74,0.00021936925254732248,0.018002738644501415,0.978907101211168,3.0327000564229696e-05,0.0028404638912189915
75,0.00030036706966733376,0.02811281751067843,0.9673021201281096,2.804874484426926e-05,0.004256646546700471
76,0.0009535010345994482,0.03632797003170972,0.9454157343839812,0.00025036273387818594,0.017052431815831576
77,0.0004117868395145131,0.014704928351417906,0.9795083945905223,0.00015242108591212005,0.005222469132633062
78,0.0006672026863086823,0.035107502485626,0.9592068405289335,8.279955805496078e-05,0.00493565474107703
79,0.002700389504804188,0.08970968771898935,0.895660935040036,0.0002748263410179264,0.011654161395152325
80,0.000752015876543006,0.04142268454568342,0.9436751330775639,0.0001890210320642912,0.01396114546814528
81,0.0008961682794425123,0.04594478485598909,0.9446020380231075,0.00016250705028676897,0.008394501791174111
82,0.0021724324322388235,0.06201954745456867,0.9204745964337722,0.0003000296785716792,0.01503339400084871
83,0.0005949721659134038,0.03672825941466999,0.9557181442126222,9.734182084287238e-05,0.0068612823859517435
84,0.0008289459105733347,0.03863936523373169,0.9543586929207545,9.242249993875953e-05,0.006080573435001862
85,0.0007793078854784334,0.03297896716841486,0.9616050114161757,7.088698584380686e-05,0.004565826544087176
86,0.0009603695844669643,0.06005085930070852,0.9270008565981378,0.00021693222008559675,0.011770982296600951
87,0.0004970825791710415,0.027166285178552435,0.9594614774208295,0.0001462441718268182,0.012728910649620269
88,0.001245986218945685,0.031722558916252135,0.959489298061142,0.0002067916685324092,0.00733536513512774
89,0.0005568298327611975,0.031247720265103484,0.9649339677487029,8.1429344837516e-05,0.003180052808594984
90,0.0004345157872740841,0.024320046773151083,0.968960580817988,0.00011873592585682553,0.00616612069573007
91,0.00039987418158160347,0.014331160362324447,0.9826591057013553,9.09876893095311e-05,0.0025188720654290495
92,0.0006204094474403345,0.05300368992043539,0.9405516710664678,0.00023398672186614777,0.005590242843790455
93,0.0024148959550627305,0.04412247589972728,0.9466433824739454,0.00039214602939609315,0.006427099641868573
94,0.0012577718424205972,0.051653355524923145,0.9397450716967708,0.0007041053187358334,0.006639695617149631
95,0.0016165315100476279,0.036588627199203444,0.9525602887635154,0.000298082108623394,0.008936470418610192
96,0.0020735028298264502,0.04971559471400522,0.9326890524263736,0.0010649829083591098,0.014456867121435724
97,0.0033996443223483263,0.06956725579294268,0.8914975252797536,0.003930356355328553,0.03160521824962702
98,0.05484701320427043,0.02535795527748112,0.001696914237684846,0.0033665519975632613,0.9147315652830004
99,0.2660415115370238,0.5476946930184778,0.0460162401991948,0.008943128703329355,0.13130442654197422
100,0.3408279257280631,0.5963530723517972,0.011780887846727225,0.004950829660287797,0.04608728441312455
101,0.09629784248370879,0.5562717253605097,0.11841192770849457,0.000664104865372981,0.22835439958191409
102,0.0542979637695626,0.5781705871789815,0.33040978442382996,0.002391039755158782,0.034730624872467204
103,0.10092335475424329,0.6321410893509034,0.12680110036253459,0.006895255468537067,0.13323920006378168
104,0.014331685225631954,0.6473958883135151,0.3240832581362759,0.0021556735755823425,0.012033494748994537
105,0.01647504658600711,0.5896379550965801,0.37636507155113685,0.0017025446969606882,0.01581938206931524
106,0.024463140626324573,0.6235645999126812,0.3376034426857111,0.00189710613869591,0.012471710636587434
107,0.017806871032959005,0.7494428257507464,0.21456565008859874,0.0019056326123915877,0.01627902051530433
108,0.0885348690137735,0.7605433126081953,0.12661342567727885,0.00218438757853479,0.022124005122217585
109,0.033316553264235174,0.4316591617276377,0.5200308678408323,0.001401909395890741,0.013591507771404077
110,0.16976631472642006,0.46450377582004376,0.25719151203226415,0.0026395910414169985,0.10589880637985513
111,0.0436271503616196,0.3223951362594338,0.5950324344356333,0.001848727385498253,0.03709655155781515
112,0.07516501254015588,0.29237088744914835,0.5543169863744699,0.001210505172859742,0.07693660846336599
113,0.01734221789195915,0.2598380006993399,0.6656537116716004,0.0007297985316737278,0.05643627120542693
114,0.026564967902141405,0.3015349104056478,0.6049805929056509,0.0016494581776335545,0.06527007060892638
115,0.01901149797361482,0.26147578827082424,0.6451944300735212,0.0012796126019463375,0.07303867108009364
116,0.03775744551607079,0.2800241762509443,0.5988821950343208,0.0012015601754065083,0.08213462302325761
117,0.031121910019721026,0.3495913202305161,0.5608764701340361,0.0008375977542706503,0.05757270186145629
118,0.08454306672403503,0.3183244770087646,0.5498003637542478,0.0017997083767495971,0.04553238413620309
119,0.022240479411950984,0.3336884855323168,0.6249992892009767,0.0008123430991183644,0.01825940275563716
120,0.025159507293350758,0.32819291046525256,0.6265203804000559,0.001021486820335583,0.01910571502100521
121,0.032674862744339825,0.30381644675805225,0.6401368781841226,0.0011235511876339257,0.022248261125851456
122,0.012745432885105263,0.2970076660897109,0.6778235547301381,0.0005208664410074054,0.01190247985403838
123,0.01816976324583066,0.4274682010852668,0.5092308618929093,0.0015960706301485815,0.04353510314584461
124,0.019134449813349868,0.18262628463167924,0.7827802427690171,0.0005854526748437254,0.01487357011110999
125,0.019987616084698023,0.2318507746693142,0.7184419710369109,0.0009272590983737988,0.028792379110703255
126,0.002897399066488828,0.11412356026914233,0.8748828135130334,0.0002649641096733278,0.007831263041661998
127,0.0329400743687763,0.18722407795511872,0.753312048990004,0.000832683507527534,0.02569111517857347
128,0.005053520615052186,0.11655600678901933,0.867515690018111,0.00047941137235395,0.010395371205463761
129,0.0053943562804905105,0.0858324854960638,0.8945388850388496,0.00038261993676172787,0.013851653247834498
130,0.004512787543440854,0.0819664657002517,0.8995725396717268,0.00044150212802337063,0.013506704956557302
131,0.01957817385336683,0.16149420463285658,0.790467972874452,0.000789118566619097,0.027670530072705493
132,0.003799710562548449,0.15426253315631433,0.8268010238823824,0.0006837857705600203,0.014452946628194895
133,0.0032868613063074957,0.12925322006169238,0.8606801649511401,0.00045478063594548665,0.00632497304491453
134,0.004060252383573664,0.0652067093135078,0.9108537511905949,0.001642496069212847,0.018236791043110618
135,0.0013540432930955113,0.061340071423395995,0.9305840062315398,0.0007393711162381833,0.005982507935730247
136,0.0037702949231608993,0.07169740124049755,0.9150480793642461,0.000590166032728191,0.008894058439367199
137,0.004160224066096895,0.10903412085029547,0.860944485396466,0.0008424897117900015,0.02501867997535143
138,0.02465643863911015,0.2303565014465381,0.7294644786582225,0.0013390041256523104,0.014183577130476896
139,0.004122655780735594,0.15434221916985452,0.8298427111011639,0.0009988526158684944,0.010693561332377513
140,0.004871097480835781,0.15263394810619657,0.8335434400205054,0.0008699844691744582,0.008081529923287907
141,0.0025327404953515496,0.07013209467139934,0.9212831103821689,0.0003982340720722847,0.005653820379008043
142,0.0018136235880998987,0.05537377514187335,0.936083646906145,0.0004095848707440485,0.006319369493137635
143,0.0046552940674067355,0.08073119277415285,0.8982433477453406,0.0009332971714617484,0.015436868241637982
144,0.004079527242344105,0.09036824289795539,0.8808056027152217,0.001701616278774622,0.02304501086570422
145,0.005689156826162383,0.11234805684660101,0.864593907961156,0.0008715022246908522,0.01649737614138971
146,0.004217857694463437,0.09006465995386014,0.890524480356758,0.001473208428546366,0.013719793566372051
147,0.01978300225578977,0.1584168848520982,0.7740853992756306,0.004369795913989938,0.04334491770249157
148,0.0486493930455595,0.34539483094841017,0.40091184199980207,0.006779323633950787,0.1982646103722775
149,0.019126484441753234,0.19553751696564026,0.7680337465339422,0.0022504677519683855,0.015051784306695848
150,0.05928308981573511,0.3428369683509783,0.5554242321950819,0.004136088130694124,0.03831962150751057
151,0.10189066674721785,0.8315081685311139,0.03969924443074604,0.006106823599542795,0.020795096691379376
152,0.005340543664691957,0.22083609098875925,0.7556807482642092,0.001421309003701462,0.01672130807863807
153,0.02379061061965777,0.6243933891741718,0.3233772195401915,0.005556002442137932,0.022882778223841
154,0.0698935064979203,0.4802974100619348,0.3961717080817849,0.0063802339292228505,0.04725714142913704
155,0.11068112991148182,0.6150570233716963,0.1843909050342457,0.012283842297776076,0.07758709938479999
156,0.4542331129300197,0.4398925123549486,0.024804443921605534,0.015081938782443093,0.06598799201098314
157,0.3376377721409631,0.33984577061545135,0.014313295777689755,0.08328349208196212,0.22491966938393362
158,0.39373146081020305,0.3569859713928372,0.007697810100350209,0.06303214732568549,0.17855261037092413
159,0.3257920381970009,0.32083162002605803,0.004155850654551458,0.12399337098548668,0.22522712013690285
160,0.3041626102792767,0.14354598240788471,0.00014460155047252464,0.15079626405563684,0.4013505417067292
161,0.3099754314812406,0.13049420669419073,0.00015802479370211005,0.5283832199811344,0.030989117049732194
162,0.11307371166860465,0.13749960435373235,0.0008094596097322665,0.33107754249893706,0.4175396818689936
163,0.39342792713196595,0.19144929980752237,0.00024187838184022638,0.3586634945360789,0.05621740014259248
164,0.048841765362824315,0.05986615799782469,0.0007128610368217621,0.040939105179797104,0.849640110422732
165,0.1995244317960484,0.2599952334859897,0.0020120834179380718,0.22172398836982396,0.3167442629301998
166,0.1845744849525274,0.1987274937113555,0.001119402593851547,0.2690301745496992,0.34654844419256636
167,0.236455295613935,0.05830024770127584,0.0003530834015612536,0.18731089872117912,0.5175804745620488
168,0.3065802661304787,0.07257042340053618,8.016533314841565e-05,0.5852860449191433,0.03548310021669351
169,0.10470992308632432,0.1555952628275908,0.0007181143319829028,0.46954007498301725,0.26943662477108454
170,0.15238898968680883,0.05215798062124416,0.0001582626670018464,0.6786793487745394,0.11661541825040583
171,0.31935097969626103,0.0991031082869571,6.505700474248873e-05,0.5511134137817346,0.03036744123030477
172,0.1539083142183008,0.030566287279555755,0.0006759654982555274,0.25090879308159314,0.5639406399222948
173,0.2902738465306979,0.09646091277473852,0.00014640722933393122,0.5809112031429954,0.0322076303222342
174,0.20152491593854857,0.11818534834246083,0.0001477261287077793,0.650210756825242,0.029931252765040807
175,0.18566931051170057,0.16424968747419352,0.00026995020655960365,0.6185979630080238,0.031213088799522372
176,0.08602185945646905,0.13265935461408143,0.000506208834284583,0.7639035120295709,0.01690906506559418
177,0.05847994111012609,0.08853477220544238,0.0003364446221534547,0.838157359531907,0.014491482530371157
178,0.05930749585746503,0.2321934819348913,0.001160976855343737,0.6866842217760184,0.02065382357628154
179,0.07280318766733054,0.19360945866868598,0.000697702037682073,0.7038946159135853,0.028995035712716215
180,0.0513757804385202,0.21843250239293757,0.0006846669796777298,0.7119213899361018,0.01758566025276269
181,0.03344378683190191,0.1565821083558125,0.000713552934619163,0.7891703726538261,0.020090179223840158
182,0.08282510808975205,0.1506986391730454,0.0005104959926085535,0.7286573054827716,0.0373084512618223
183,0.061604381467144774,0.338247872564711,0.0012660546796155632,0.5658703816001487,0.03301130968837999
184,0.08256579533998289,0.431388495702993,0.002624102019922605,0.27841582447018287,0.20500578246691872
185,0.17962240290837317,0.2172726826896409,0.0007178186971213539,0.3783854401219717,0.224001655582893
186,0.24550623217603745,0.20646767068363492,0.0009626621153927721,0.4747547093390441,0.07230872568589064
187,0.26754775426338046,0.2253015724516351,0.0011123055748149448,0.44628841576787087,0.05974995194229873
188,0.1647222352611778,0.41842379064390667,0.001253548496128468,0.343441607057789,0.07215881854099822
189,0.10785508127178221,0.25475534609038797,0.0010304366999677288,0.5754115464125173,0.06094758952534464
190,0.049965563913187044,0.19136461684411762,0.0009361987533538629,0.7030483117350026,0.05468530875433887
191,0.1682774164341545,0.2120284346021168,0.00313619899462077,0.2776286170068978,0.3389293329622101
192,0.24653059827294385,0.12881044177847026,0.00028515110347738116,0.5209500238172596,0.10342378502784885
193,0.1665471415145564,0.12104017321100778,0.0005097110378907356,0.6626693673232213,0.04923360691332375
194,0.11612716837716096,0.06543306835282241,0.0002447591664417169,0.7896458110269544,0.028549193076620676
195,0.05735557330140792,0.1209572286531238,0.00021710073858022795,0.8080129033526909,0.013457193954197205
196,0.0613003632765255,0.11808651660705569,0.00016592655526871975,0.8129650582625887,0.007482135298561409
197,0.06321022349790172,0.40316107435693993,0.0006324849266796963,0.5190829362693443,0.013913280949134391
198,0.07728516496721259,0.06554074867255721,9.092766806847704e-05,0.8397446824017123,0.017338476290449347
199,0.2323010425602002,0.18772043606065084,0.0005483890416701254,0.36303621455433166,0.21639391778314726
200,0.3303699325205881,0.21418058652963184,0.00014940947432707776,0.42650171281055316,0.02879835866489978
201,0.28756574401674506,0.5560284247920552,0.0009658463928745203,0.14099772166354196,0.01444226313478322
202,0.09919231427875493,0.85370711464125,0.0026525348275715068,0.03437515104177168,0.010072885210651764
203,0.14673524484538622,0.7754137932148908,0.007198689759321766,0.05791661252640098,0.012735659654000272
204,0.09269265174037046,0.8209320676320082,0.012692868276522617,0.06476369661498756,0.008918715736111261
205,0.06308526488452046,0.8205675893016975,0.05440190410475684,0.030234609553072465,0.03171063215595249
206,0.11084605556533175,0.7462821121196943,0.013527461155278954,0.11829921557624397,0.011045155583450966
207,0.0979540061077969,0.8346444704454606,0.004835528383535533,0.05704533721768412,0.005520657845522775
208,0.04344482671102934,0.910453707127664,0.0226528643158963,0.01551145608923688,0.007937145756173372
209,0.06386018891973459,0.8881382228029308,0.024962955786572122,0.019491169687263745,0.0035474628034986738
210,0.08114034976462067,0.8855439320613654,0.015130557824521851,0.009891546876761992,0.008293613472730077
211,0.05487408831483204,0.9117767059554936,0.019395743967323475,0.009429466872040455,0.004523994890310434
212,0.04341663694415092,0.8963708834599947,0.046276781842423224,0.00577507195325594,0.008160625800175335
213,0.04394957737804723,0.8650927926413957,0.0797084915479461,0.006127254687816722,0.005121883744794171
214,0.049668395194241224,0.9141585694695198,0.02239802545442352,0.00977888143273791,0.003996128449077759
215,0.04599205005572586,0.9222006469356854,0.020298354890402298,0.007628635087028546,0.003880313031157999
216,0.015657160394323567,0.7805753632060254,0.192490949553548,0.007939346936627005,0.003337179909475813
217,0.01793881977023948,0.7637883966991089,0.20169030415014239,0.013297293557560522,0.0032851858229485656
218,0.0807477310072407,0.8405745234431184,0.044458417604750645,0.024867006619233033,0.00935232132565725
219,0.02765710698480815,0.865251466395469,0.08356838524397928,0.012531316311298578,0.010991725064444936
220,0.03277968692652647,0.8363320291770814,0.10340465368553482,0.015938589779180716,0.011545040431676656
221,0.12049886370239338,0.7112778065984854,0.08290168636655805,0.045005210965539236,0.04031643236702373
222,0.0687476859295925,0.6256114002211722,0.2407095271623493,0.03456418036734342,0.030367206319542452
223,0.08877956179091726,0.1592744393769566,0.0023425721248877145,0.009709439756818223,0.7398939869504201
224,0.669612501123953,0.23084023094527661,0.0014624516439224525,0.046673668074723236,0.05141114821212458
225,0.4445558048033143,0.5216692492543695,0.002627882273691453,0.01645494692954663,0.01469211673907807
226,0.16994191234608508,0.7998924594048792,0.004876956347137943,0.0061814720649753015,0.019107199836922585
227,0.35994904737335404,0.4449613870303849,0.0002754862401885924,0.17899837962096518,0.015815699735107453
228,0.29847772334362793,0.5024570514186784,0.0014209763322259661,0.18334119726648773,0.014303051638980114
229,0.18414140078333532,0.6898099907267209,0.01766429438559899,0.09274610822377284,0.015638205880571965
230,0.14729458286678035,0.645413976173224,0.01961427847324046,0.1716366471502654,0.016040515336489744
231,0.04812486607669756,0.7571391694954248,0.02976120780016006,0.14991850223993333,0.015056254387784237
232,0.15735929207221105,0.2919695677411582,0.0011889596505817767,0.5390090946533377,0.010473085882711279
233,0.1600610689923475,0.5143631122544685,0.005795326998153502,0.303089892423734,0.016690599331296515
234,0.10288514782104653,0.7220973862531957,0.012582756762047998,0.1454679241633881,0.016966785000321602
235,0.18716649142593086,0.5592783165063551,0.0015433491547609628,0.2421132304019011,0.009898612511051962
236,0.13283044548014802,0.7495026993271937,0.025679437317943695,0.05553031521962037,0.036457102655094185
237,0.18169559978912314,0.6141415911791288,0.0028277086720953503,0.18420065533282523,0.01713444502682736
238,0.0934471035960209,0.8539857565238037,0.005067961675849796,0.0388769416097925,0.008622236594532883
239,0.14789191844734664,0.7516771958311337,0.04680095910579168,0.026395816249721083,0.027234110366006776
240,0.12500541665383746,0.8088448471021374,0.004017574822199066,0.056017831077797606,0.006114330344028412
241,0.0676453830632523,0.8626852353019714,0.03748306562560382,0.02433134930656289,0.007854966702609552
242,0.04518152407923816,0.9227911273632049,0.017886183498927215,0.010802623693249422,0.0033385413653803393
243,0.007890120999758839,0.9119351907625783,0.07343703492365128,0.004100817644207622,0.002636835669803939
244,0.02235447258301787,0.9199468701055135,0.04366061176482978,0.010165749402845713,0.0038722961437933504
245,0.015453477108644994,0.9199525738863453,0.05434591856783478,0.0075114243418148395,0.0027366060953600843
246,0.022788609365453006,0.9224387543711331,0.04377882156956842,0.008326637681964282,0.002667177011881236
247,0.019100730740748695,0.86578299273551,0.10823902204835661,0.004104448184810282,0.0027728062905743502
248,0.011668571457751374,0.47889383242120687,0.5030018295497795,0.00438625938252757,0.0020495071887348185
249,0.011766322916101996,0.6796890984111641,0.3030962175774106,0.0021216705051120585,0.0033266905902110603
250,0.004022174559107217,0.4829699294228843,0.5103766993509972,0.0006599135401885888,0.0019712831268227666
251,0.0028186283494662226,0.3710250613769361,0.6223737075240834,0.0007273468874326644,0.0030552558620816055
252,0.007725482157739002,0.6227167229290116,0.3653438988751416,0.0011757970421909245,0.003038098995916836
253,0.0028883323602753542,0.23964981531758525,0.7525326966184607,0.00038059950721458963,0.004548556196464217
254,0.0019837286195464846,0.17655898538956058,0.8188738107831643,0.0004448157044227904,0.002138659503305747
255,0.004894628517947541,0.44068154844223223,0.5482338427051939,0.0012295530722837887,0.004960427262342588
256,0.0019597006694228943,0.1764929198456355,0.8189784125598737,0.0004554877331603425,0.0021134791919076566
257,0.0015355121179019494,0.15630189773866804,0.8389254313843856,0.0006938895282788763,0.0025432692307656955
258,0.0060933467379750824,0.5229175646373995,0.46426806765308476,0.0013847614843306257,0.005336259487209977
259,0.0023023269791936766,0.17782137725765473,0.8145607388813906,0.0007989906000406991,0.0045165662817203455
260,0.008264055967996307,0.5888501727304866,0.3937992714673516,0.0023811154600374873,0.00670538437412818
261,0.006931059244166822,0.31900323939829717,0.6691186896452015,0.0014083714265389388,0.003538640285795597
262,0.01001854210598619,0.5009870472367982,0.4738816962139739,0.0034902769814954835,0.011622437461746172
263,0.008334925597514812,0.648768395366802,0.330010825857632,0.002721524151326959,0.010164329026724345
264,0.008857599568792734,0.2526472267683666,0.7275387823175999,0.002648776696871058,0.008307614648369566
265,0.025093806568753495,0.6167645092768793,0.31948874713629594,0.013504551540691107,0.02514838547738019
266,0.1065049519256109,0.14592673351367502,0.006904337265212995,0.0030936235669944056,0.7375703537285068
267,0.08217942736351072,0.8163049799588058,0.08496951351735019,0.002862760869975779,0.013683318290357484
268,0.046430118332741355,0.6720415424040456,0.26375639170642223,0.000883982459104589,0.016887965097686145
269,0.04127026623705745,0.47798530634579994,0.4723343205279994,0.0006455591480287362,0.007764547741114427
270,0.004014383133201327,0.17453797194996568,0.8188569620990949,0.0005869486412675304,0.0020037341764706567
271,0.006255833261730711,0.5303138748191125,0.4556627171277698,0.001754382843715981,0.006013191947671021
272,0.002822834662550573,0.18084422733448782,0.8123021010582033,0.0008762376120053267,0.0031545993327530505
273,0.0031964966466701498,0.28121133091967754,0.7095129737785043,0.001153408456535583,0.004925790198612373
274,0.004796284409426474,0.3007985747774263,0.6896661739876898,0.0012085591020404558,0.0035304077234169866
275,0.006832569791724802,0.41312722823781656,0.5641223576066258,0.003616484287562306,0.012301360076270446
276,0.005601661562817503,0.33800952381939514,0.6424645418787014,0.0034323293545867168,0.010491943384499346
277,0.02734787845520472,0.5959471816046615,0.31463477063496026,0.018849017682373296,0.04322115162280011
278,0.015165112524155349,0.3628407456186041,0.6040666249245423,0.00834836571790816,0.009579151214790022
279,0.01883382420355658,0.379304842486153,0.5712232135378786,0.013742913526977851,0.016895206245434072
280,0.07664991827115736,0.5422464095335229,0.2833429195237395,0.017463287815952976,0.08029746485562733
281,0.1912733301680691,0.6290249622569537,0.057086667719476986,0.04917219180654276,0.07344284804895745
282,0.3188821459399405,0.4207032312284319,0.008743544211174433,0.01781940211257765,0.2338516765078753
283,0.1476065827888028,0.7242993299053698,0.012283596301991937,0.0036477342365023174,0.11216275676733306
284,0.15638807149942527,0.8027963493067264,0.018058797794393164,0.0055518575052993955,0.01720492389415588
285,0.1417562132478267,0.7673765123339052,0.06425436325424849,0.00249660595445734,0.02411630520956244
286,0.07851328498205011,0.8190082902907122,0.07018914590127578,0.012112959452933803,0.020176319373028197
287,0.094312633870805,0.870498277821217,0.012691389589581855,0.01657581418724811,0.005921884531148107
288,0.03487023395087609,0.859797142216342,0.09328588391960611,0.006478327388094392,0.005568412525081438
289,0.031198299697295345,0.855836762547175,0.08852973057435275,0.0032412321353021537,0.02119397504587482
290,0.062473458271315736,0.9017945295480934,0.0227574068855688,0.006813125149109401,0.006161480145912654
291,0.049783684963164425,0.8451603991424557,0.08259932508306961,0.006389489336699846,0.016067101474610594
292,0.07401037787955692,0.8435781874294067,0.05386801927373979,0.005078444753281805,0.023464970664014744
293,0.04423148071374816,0.7636243719993984,0.15550875435299086,0.00561254817399855,0.031022844759864242
294,0.010230739927877321,0.5144839332110147,0.45570276079690025,0.0018078788430270839,0.017774687221180623
295,0.03047285767658772,0.6912688169450008,0.24567571361116464,0.006177734510911903,0.026404877256335016
296,0.02731689206652478,0.5319334027299304,0.4185277952075236,0.0068641500891507765,0.015357759906870463
297,0.028020156520173825,0.8781156506114122,0.06457294775870102,0.007914112492636126,0.021377132617076734
298,0.01360016425644394,0.619567913482547,0.33496264625196165,0.00765323835372461,0.024216037655322896
299,0.00706950901855749,0.4968639546688005,0.48044588768208396,0.004175645271250165,0.011445003359307775
300,0.012257205869220956,0.6998464916912828,0.26659924226554754,0.004000562509989305,0.01729649766395948
301,0.024669149914446527,0.5796991270403214,0.3784492815004667,0.006530218636813,0.010652222907952334
302,0.033181700423453746,0.7575809526041009,0.17473735731421688,0.011847380810710956,0.022652608847517526
303,0.03639046755945351,0.7226775132811851,0.21055893061719336,0.012545741502728264,0.017827347039439716
304,0.12968575490150971,0.640148250045487,0.16167056372465946,0.030516081778565924,0.03797934954977804
305,0.06386585358693524,0.6255011524733509,0.2380596350309276,0.028326112153271896,0.04424724675551423
306,0.07259736345692634,0.33270227228197713,0.06664729464533763,0.006858810270663668,0.5211942593450951
307,0.10199205466368615,0.011674876501578934,0.0003059225741112479,0.0033772456520997068,0.882649900608524
308,0.6952623946605875,0.2263428716709655,0.00029429770370422424,0.009451879676781268,0.0686485562879617
309,0.7435601277264102,0.2200827293959831,0.0006071809533759706,0.008482436486594034,0.027267525437636563
310,0.6056664950441324,0.36645729290066925,0.0010030091294373664,0.008913880483246369,0.01795932244251454
311,0.26797162959071213,0.6653327026461792,0.01019396904208427,0.031271052045694636,0.025230646675329666
312,0.06659058503032361,0.881701745673893,0.02992064351663321,0.0065502805130775955,0.015236745266072464
313,0.020818114725849657,0.6765948867227477,0.29470199124402985,0.002024677512635088,0.005860329794737709
314,0.025949015510194216,0.8723948802587069,0.08950184895556869,0.006036790108528243,0.006117465167001831
315,0.0659009465768401,0.8840938978374093,0.02663808145324959,0.010360888414074097,0.013006185718426723
316,0.026540634967577723,0.7217102816776806,0.23746877103610156,0.007310597137717005,0.0069697151809232204
317,0.025615714868010408,0.7330780978385716,0.2268868935199033,0.007299204927673712,0.007120088845841055
318,0.08886772054761008,0.6634332491893504,0.22381655834545897,0.01030791782970536,0.013574554087874913
319,0.049793877891325784,0.8339323082606518,0.07255772590864808,0.022057114090884802,0.021658973848489683
320,0.03159470186138189,0.9157582945159947,0.005377038784401316,0.03685630815631273,0.010413656681909429
321,0.09096672176802935,0.17798627219086793,0.0007728738153872742,0.5649553756833481,0.16531875654236744
322,0.13540027802856555,0.1005607614497185,0.00045292729679482667,0.752514778616189,0.011071254608731963
323,0.10946627715898595,0.14979954212095456,0.0002933259946390066,0.7299145342725175,0.010526320452902978
324,0.07133172916986613,0.2762773387896809,0.0005598898799945556,0.6367906150408538,0.015040427119604724
325,0.0604247197663672,0.053769095807520186,9.189956217640431e-05,0.8779226181718145,0.007791666692121508
326,0.056610183270024254,0.05030302179928735,9.215946094713911e-05,0.8839859739580668,0.009008661511674568
327,0.04183165116527104,0.04899884109491354,0.00017362615913642677,0.8859913377869031,0.023004543793775947
328,0.06164329470841451,0.06663523682366049,0.00021061117735137304,0.8507981981070022,0.020712659183571378
329,0.09319496342660338,0.12645040856770412,0.00015351634623990076,0.7658657590099649,0.014335352649487655
330,0.06561267532902423,0.09702925351394455,0.00012394313669954172,0.8222003303235278,0.015033797696803861
331,0.04101905938600079,0.07811928864503627,0.0003939707711601753,0.8495356755001826,0.030932005697620158
332,0.02853715353069364,0.05407711728553445,7.806957041668151e-05,0.8977202958374499,0.01958736377590526
333,0.04843231833728942,0.023122890875258602,3.563887445570368e-05,0.9191378021011326,0.009271349811863599
334,0.06606212008008416,0.03914284360841449,4.786115704273661e-05,0.8710123606818952,0.023734814472563343
335,0.051438843894712864,0.09189730072426458,0.00011035724912467407,0.833802131698102,0.02275136643379583
336,0.04780223323121718,0.05894679655708808,8.011117458005581e-05,0.8733591698752576,0.01981168916185703
337,0.09129778688668863,0.04425572850880688,5.481273502959279e-05,0.8544183452266351,0.009973326642839786
338,0.040935731806310306,0.0517003840671886,5.775879603361675e-05,0.8631915565920214,0.04411456873844614
339,0.07081908577537457,0.06159962708643811,0.00013035522311287116,0.8503608159918983,0.017090115923176174
340,0.024857728949375858,0.033651594344803394,6.806696581486898e-05,0.9225438444136638,0.01887876532634211
341,0.03823190408524824,0.06794688155749218,0.00012034313892811125,0.8506474368911393,0.04305343432719218
342,0.0290679254529901,0.024961987780708045,0.00040994783858651915,0.9295050270823564,0.016055111845359068
343,0.018133976414030542,0.023973828847306037,0.002032082151534064,0.9273300454340525,0.02853006715307669
344,0.016241753974166585,0.01999052305506646,0.0002531394364728734,0.9484891016024166,0.01502548193187747
345,0.026911059625865468,0.0202047317443326,0.00015816640268052928,0.9316675036073366,0.02105853861978473
346,0.06322892109221043,0.03545751302148723,0.0001802083747356259,0.8542137637687727,0.046919593742794176
347,0.04560264521378664,0.021834355420127866,8.289941910382239e-05,0.9111172862422554,0.021362813704726216
348,0.07217503254161824,0.03656222622080326,0.0001160136437004686,0.8678245216431412,0.023322205950736766
349,0.0777864029961314,0.04145565010996636,0.0001034661879519449,0.8591891386886144,0.021465342017336003
350,0.07345942983789493,0.0556388977772167,0.00011609883833342834,0.8543360689603654,0.016449504586189555
351,0.08778268443158753,0.030600028252722084,0.00010575668123848402,0.8634390154834722,0.018072515150979577
352,0.06631139432336215,0.12752508398182305,0.0003478030567882323,0.7680689011922649,0.037746817445761645
353,0.0884938625113879,0.07811081909113224,9.79317865849179e-05,0.8187239684290568,0.014573418181838221
354,0.12250733342841266,0.13641388480122602,0.00021468966872008287,0.7104641009094952,0.030399991192146113
355,0.08844868085657623,0.06445241647694543,0.00010616295133084782,0.8105031339827403,0.03648960573240715
356,0.07080911411063609,0.07426818138778908,0.0002620322712942533,0.810767773905794,0.043892898324486625
357,0.07482561953828298,0.02908112544998695,5.145882183141084e-05,0.8743994852298055,0.021642310960093093
358,0.0761947652328573,0.06735661857652968,6.951485463231179e-05,0.8453208414845406,0.011058259851440112
359,0.0622773533278248,0.028273205898050595,5.163756413311396e-05,0.8972391601784087,0.012158643031582672
360,0.06851273742605593,0.08308586900340707,0.0001310826632295147,0.5443653841097119,0.3039049267975956
361,0.16979229833851256,0.034379802020097223,5.7212194499655545e-05,0.7674973874256078,0.028273300021282834
362,0.19303852377364436,0.1170788149555845,7.27023501566585e-05,0.6742423630371841,0.015567595883430308
363,0.164196836294885,0.09288570657143334,8.225119920167247e-05,0.7269568040998684,0.015878401834611554
364,0.07250758062994875,0.04335042856479674,9.452273016246779e-05,0.8607312040496681,0.023316264025423927
365,0.0702367655228254,0.037753641491919065,7.460055245902907e-05,0.8283616295301034,0.063573362902693
366,0.16007014017014723,0.0449671234596273,5.4976276930420825e-05,0.7585008023719174,0.03640695772137749
367,0.11676794960025476,0.027402808660857016,6.786855556507644e-05,0.8226646778770227,0.03309669530630063
368,0.10375666297867103,0.08338580813060652,8.198980907860979e-05,0.6993504209478061,0.1134251181338377
369,0.12305327408333161,0.08919958115613695,6.469489786716546e-05,0.6905664684913737,0.0971159813712907
370,0.11756814932424875,0.14433889155507196,0.00012007287630559724,0.6286283947077836,0.10934449153659008
371,0.1596517575620699,0.07180241974867818,8.241058806675263e-05,0.614514066862759,0.1539493452384262
372,0.10752993946722426,0.028615332696106235,0.0006137029076460373,0.513028779533514,0.3502122453955095
373,0.1872933706572466,0.01852538073077498,7.738318693790049e-05,0.7438955229021205,0.05020834252292011
374,0.3791176457145644,0.027854459290253944,6.338870243842218e-05,0.5286241258140348,0.06434038047870848
375,0.38781611355581685,0.032827012211194405,8.765731193012732e-05,0.5401661799972682,0.03910303692379035
376,0.38054903624698805,0.11567394922426069,8.434026006324917e-05,0.47040855829299366,0.033284115975694264
377,0.257309884409374,0.4013960311548302,0.0004990763384141534,0.2916426076692416,0.04915240042814015
