epoch,N1,N2,N3,R,W
0,0.025172307919214924,0.008792153635060891,2.5566957832435866e-05,0.08234959336580654,0.8836603781220852
1,0.03974622651903477,0.002888915629298005,7.751761523133812e-06,0.013367921094078597,0.9439891849960654
2,0.006951553743676714,0.0013379265363337816,7.654663948903159e-06,0.001953207756501856,0.9897496572995388
3,0.04025179954321217,0.007508220447275233,0.00024198743897393122,0.014451108817476972,0.9375468837530616
4,0.10333191117234987,0.002605763816174994,0.00011411663364526618,0.019372687224504925,0.8745755211533248
5,0.02715191078389112,0.0033178122715097885,0.002503391947321631,0.004137110554240255,0.9628897744430371
6,0.061748145937504245,0.004495355940222089,0.0003015827260190102,0.010212638867436358,0.9232422765288183
7,0.1291046321440025,0.006918074438745279,0.0012282528583447796,0.008486984343486872,0.8542620562154205
8,0.06037317458444686,0.015218343422534251,0.00044668930939655146,0.012353199291488651,0.9116085933921337
9,0.007866298260349257,0.0024342522080950577,0.0003262427180043129,0.0026725992674273423,0.9867006075461241
10,0.08109549151712613,0.006088498818666933,0.00022768408581364658,0.07411108919878676,0.8384772363796066
11,0.33191261346484563,0.05144737462037569,4.4017989504607594e-05,0.28833996780143756,0.32825602612383653
12,0.18573181181274298,0.1903661971082709,0.00011581986805094391,0.05778229955947902,0.566003871651456
13,0.11048075928702102,0.045123676209242035,0.00014546450655788783,0.16516912681008744,0.6790809731870916
14,0.24818579548080263,0.21806325716558778,3.501201472318909e-05,0.29290482465206186,0.24081111068682454
15,0.14079121050892637,0.44611745115705775,5.6921196026989535e-05,0.07820712209473399,0.33482729504325487
16,0.26006445718971055,0.4626481696131832,0.00010118758303213148,0.13377874832247813,0.143407437291596
17,0.11217793388115226,0.17776905462029918,4.643885807577674e-05,0.05267941528299877,0.657327157357474
18,0.07619968110123225,0.5335057108001897,0.26192979443603687,0.058036659993799915,0.07032815366874122
19,0.049352169083815005,0.8149669879350477,0.05822680573256824,0.019994810666575564,0.057459226581993594
20,0.017154343600659167,0.21095789830048542,0.7109292753852682,0.022345494384039006,0.03861298832954831
21,0.03680169322003228,0.8652247123952826,0.00020480883798047877,0.021848146238659046,0.07592063930804549
22,0.007533089973654201,0.42265983359045123,0.005639221572350732,0.001182601122019441,0.5629852537415244
23,0.0848961526075068,0.472619957792824,0.0009735124022992246,0.0494740259900132,0.39203635120735675
24,0.01101070110606943,0.0789671773849693,0.0011004148366844544,0.007363963063040327,0.9015577436092365
25,0.09108617900001191,0.10945216220116533,0.0012211075321739945,0.00412138917254287,0.7941191620941058
26,0.17022767983220302,0.40736888626135864,0.001329190038680461,0.04783892803579558,0.37323531583196223
27,0.13775124287841414,0.328949492995847,0.0003099433252462585,0.09624440676391571,0.4367449140365769
28,0.03864130098147823,0.11195410881791126,0.0005732519142653751,0.009065342840583366,0.8397659954457618
29,0.15625915878257332,0.6661995765818651,4.8606094478777044e-05,0.12486326299769229,0.05262939554339048
30,0.07725086752993211,0.564403022453364,0.001321874242348746,0.014629591783596975,0.3423946439907582
31,0.11144297704267253,0.7485990384576745,0.0001323212299798552,0.10807105525053855,0.031754608019134635
32,0.16634638777172134,0.7248328020545296,0.00029586655323382766,0.02643727242663772,0.08208767119387753
33,0.07440163833382082,0.39943462356023796,0.002459620374166099,0.0054331750475672,0.518270942684208
34,0.13753189265075252,0.3638828712200553,0.0010633102422638793,0.10627542406017375,0.3912465018267545
35,0.1946283765579488,0.2518542702405336,0.0006288185315281033,0.1952918830542393,0.35759665161575016
36,0.22579088548743406,0.5064734137790676,0.0028590936530968844,0.01704442381282036,0.24783218326758108
37,0.0987310879826702,0.13443877851543135,0.0008334362353554395,0.016945848764108304,0.7490508485024346
38,0.3660523445777874,0.22340770253876488,0.00041726929229178827,0.2737447901722064,0.13637789341894951
39,0.2521754064004489,0.32927512568240286,0.00037105010461142623,0.09493972668868199,0.3232386911238547
40,0.02549741245653956,0.056501290523759164,0.0002887640737921839,0.0007470098132086673,0.9169655231327005
41,0.3358931108732217,0.3336516617550636,0.0008603366929988313,0.13281818022830788,0.19677671045040793
42,0.030487763561894372,0.1016372580175864,0.0009299957155007796,0.006804376621527072,0.8601406060834914
43,0.0900264750593063,0.655043527929788,0.0046746087317273005,0.005452978096605547,0.24480241018257265
44,0.06619921027305213,0.20151059521812362,0.0018051195456428018,0.009436624657813702,0.7210484503053678
45,0.06133674429795389,0.060410436065940265,0.002023702291184308,0.0012194102066065682,0.8750097071383149
46,0.26991890135899643,0.14426116075737014,0.001238009220401958,0.013554038280937005,0.5710278903822945
47,0.3001440526989368,0.4532665450395676,0.002407212424724795,0.013158027461342429,0.23102416237542833
48,0.3434258102284924,0.3962378500493405,0.002138176410286217,0.022795567898060885,0.23540259541381997
49,0.2789507323516485,0.47720480208833477,0.002614154187502742,0.06616381341671242,0.17506649795580145
50,0.06390412590341173,0.3100956624764089,0.01423074695337848,0.00216582897148661,0.6096036356953144
51,0.2673743984738558,0.38996395703519743,0.002379763592513401,0.13896347980417917,0.20131840109425425
52,0.28783308961698845,0.3805355093656194,0.0034501937571848012,0.06405918229422629,0.2641220249659812
53,0.22805920960588258,0.4326548354680676,0.012081166745002895,0.00444975363780375,0.3227550345432433
54,0.024252981171489652,0.035909336684282575,0.0005410981002940263,0.00031380758435552684,0.9389827764595783
55,0.19851181517467725,0.696465464625055,0.02325087057941979,0.0020050660314510083,0.07976678358939701
56,0.23397881544994867,0.6152003601424995,0.040991991490821084,0.002748185370310866,0.10708064754641998
57,0.2895653021800095,0.34453575623699206,0.003281636359798518,0.0020700687426266208,0.36054723648057324
58,0.13674189604229103,0.47710724051387293,0.01657503183901648,0.005061264927149879,0.3645145666776698
59,0.06917205515808905,0.7116119096734494,0.07764105307904244,0.001288709276061702,0.14028627281335754
60,0.18927548814260595,0.5946784527118417,0.02906016681185821,0.0009247168342147115,0.18606117549947918
61,0.1719291033401798,0.6307968357346743,0.09793625637800743,0.0030287183223751354,0.0963090862247633
62,0.34144320060069633,0.5422481099731465,0.030965519733048095,0.002794423157206181,0.08254874653590291
63,0.24318728068566556,0.23908377757285282,0.011695671217918462,0.0012043896742257127,0.5048288808493374
64,0.1544393496805856,0.6207986582218488,0.1794912618977195,0.0015377604479881084,0.04373296975185786
65,0.1644812277678365,0.6765216571456123,0.03770814838660115,0.0011899881490924963,0.12009897855085763
66,0.3401943077332468,0.5017833004725133,0.019138136990944948,0.0029932449051972344,0.1358910098980978
67,0.1367361727930022,0.4728026902652915,0.020996984611152972,0.0021927667535414142,0.3672713855770119
68,0.12283756586177078,0.750339650716886,0.07078615603054864,0.002958853311298561,0.053077774079496126
69,0.13784720759057875,0.5827519204754202,0.04755999736479962,0.0014715084600938936,0.23036936610910758
70,0.040589589509061254,0.6844770531289395,0.24802853884457268,0.0010289869646729142,0.025875831552753612
71,0.04438066129963328,0.28212309138233965,0.024280448144714306,0.0013198550944643124,0.6478959440788485
72,0.06204027291902772,0.791889458181055,0.04325930884108228,0.002122180155107442,0.10068877990372754
73,0.08689755158507112,0.7974309074439286,0.03930066204185744,0.001906556579953977,0.07446432234918894
74,0.11281770151826576,0.38640198740290793,0.015425740329192106,0.0007541772740303212,0.484600393475604
75,0.12182707344969944,0.8089694231617303,0.018369692252872674,0.0009856931069935967,0.04984811802870382
76,0.06781738801980255,0.8291855265136239,0.026905939156288187,0.0024128259168381956,0.07367832039344725
77,0.09714359251383872,0.5286393897740262,0.014938773878335558,0.0036114316500766666,0.35566681218372276
78,0.16748813138064805,0.6243042395167517,0.05626325549397747,0.0142947486091217,0.137649624999501
79,0.19210960678275493,0.6410552621223752,0.05843074681494535,0.0052881028780213885,0.10311628140190324
80,0.16326163279034903,0.26156254908937815,0.00805927060970755,0.0017874532928143895,0.5653290942177509
81,0.2152432555083738,0.42672302915814125,0.022040315244222394,0.003186246778288786,0.3328071533109739
82,0.1577091277496815,0.15516142330643,0.0018048332809171685,0.0013136815222369136,0.6840109341407343
83,0.4989121921737026,0.340655036743923,0.012021879756268823,0.002352322593656967,0.14605856873244855
84,0.11921026122539419,0.8189185396183217,0.017734805576392666,0.012073971663736199,0.03206242191615529
85,0.015381790891972667,0.46195120491835934,0.003832717164656131,0.0020948545352355388,0.5167394324897763
86,0.09830569346339352,0.6683957307995398,0.01725430262829639,0.01123337502769117,0.20481089808107888
87,0.012798074679782426,0.09344195770505838,0.0029228048732771127,0.0012475583592439995,0.8895896043826381
88,0.211868387861643,0.5831691095100545,0.030595055560394928,0.015065555855395318,0.15930189121251226
89,0.010509974153197899,0.2317814444676589,0.009060702007009995,0.000900163843933373,0.7477477155281999
90,0.2860255178402046,0.5650290553083663,0.006748905693891626,0.01571825621553026,0.12647826494200734
91,0.048410967229670504,0.11411519054836856,0.0010674325630237547,0.0010847259894689273,0.8353216836694682
92,0.0436339934498945,0.3948549847179366,0.005975687734246196,0.0005790671964170425,0.5549562669015057
93,0.09170627737230279,0.40288267252038307,0.0026912904223257645,0.0015553015869213104,0.501164458098067
94,0.3260929246281214,0.48396603908935876,0.006559879509021826,0.008935141883641771,0.17444601488985612
95,0.13615084542384523,0.6314690380284816,0.03543968137820217,0.0022524009729659937,0.19468803419650504
96,0.0763086283081074,0.26887950023701407,0.007883836222953465,0.0007338059320361495,0.6461942292998889
97,0.1611520167767595,0.44085634329070156,0.017741298937710752,0.0008461526693821723,0.3794041883254459
98,0.044810366208981954,0.21531429470394903,0.006242284145595512,0.0003166094037137621,0.7333164455377598
99,0.14132197569882254,0.6794386628661044,0.09335053839091874,0.0005465478904086979,0.0853422751537457
100,0.14679334888594067,0.6128984839039114,0.052453780828450924,0.000551684084164383,0.18730270229753257
101,0.0689304057245999,0.4674442072352127,0.020131386979363345,0.0003460230327420269,0.443147977028082
102,0.0359582710086404,0.2694839127425813,0.014332824655310952,0.0004677791875632623,0.6797572124059041
103,0.020395699972396285,0.22427012111215192,0.007277534648676551,0.00032448462694463005,0.7477321596398305
104,0.0767305968461165,0.22691178724278324,0.006278555399928519,0.0007343720278994256,0.6893446884832723
105,0.03247616966705726,0.24575968824637864,0.0036464224461272834,0.0004586911510929367,0.7176590284893438
106,0.0321615225861114,0.12162165873984387,0.0019947470455310826,0.0004582671504861127,0.8437638044780276
107,0.08926766836950603,0.23818221480001125,0.007606631304486618,0.0013767088106003428,0.6635667767153957
108,0.007075753513386438,0.01062927476944615,0.0002608138981155339,9.204142690476156e-05,0.9819421163921471
109,0.004400199086095894,0.002222752711120311,0.00021165711145133606,2.6598368019948563e-05,0.9931387927233125
110,0.00921267231803283,0.006109575281359256,9.114219329905412e-05,0.00022027742858548763,0.9843663327787234
111,0.36754210602869397,0.3010414102855947,0.0011754641721175771,0.0029247425091865117,0.32731627700440724
112,0.21385776948131877,0.302176720283307,0.0025916624960309713,0.0025140456406425684,0.4788598020987007
113,0.042793290832248226,0.044576019016371,0.002574452555207253,0.0010938577603049708,0.9089623798358685
114,0.20710897567428632,0.4640414530742678,0.010823297694779561,0.004779082896486739,0.3132471906601795
115,0.18768129029858344,0.6568612345711365,0.07732854663739958,0.0053925689190758965,0.07273635957380441
116,0.024209370943496806,0.09266078221118765,0.0031198069661939106,0.001110660825315198,0.8788993790538064
117,0.20649107468073682,0.6448020393832646,0.007348386928440613,0.015318023471596637,0.12604047553596137
118,0.3622307597342976,0.40405610308717455,0.006749569799540005,0.09675258640833667,0.1302109809706512
119,0.22328984483861988,0.20900303459783698,0.0018787889317696278,0.011633504146715067,0.5541948274850584
120,0.20562881160427665,0.6802806290332721,0.0609285424867957,0.01446134283476918,0.03870067404088647
121,0.013718512833419804,0.028258929230409395,0.001988375151839512,0.0014999012337432063,0.9545342815505882
122,0.23298988861511524,0.5515931561442055,0.01715652294750025,0.09434199765297467,0.10391843464020425
123,0.2601469700437819,0.48742492164039847,0.013020753838923814,0.1041232162374785,0.13528413823941726
124,0.003941651444189103,0.007306239505036453,0.0016044465287494891,0.0006254543704600717,0.986522208151565
125,0.07226297007745021,0.11673086688694262,0.003324022588649586,0.022564448348431566,0.7851176920985261
126,0.10765178792118447,0.16243643637365246,0.007932504484897006,0.011850150191395044,0.710129121028871
127,0.2372230231366053,0.34468296042274643,0.0026404821389163164,0.007878637251896938,0.4075748970498352
128,0.031001693935340826,0.05485614279518717,0.0006047335823181308,0.0002677841909472815,0.9132696454962066
129,0.4093226357113244,0.43646533853867786,0.000506654324299638,0.013357070641437242,0.14034830078426097
130,0.07649231801469945,0.05577439029759417,0.0001714963848046922,0.003994716011561295,0.8635670792913404
131,0.28253548186726646,0.5844293979108474,0.002362921810165273,0.0444909616646426,0.08618123674707838
132,0.03465298358696417,0.46958316494304153,0.02576717281329192,0.0033969060629960783,0.4665997725937063
133,0.2679280751112301,0.6092619973679766,0.011451133253645746,0.05562772272826399,0.05573107153888371
134,0.006888153680847636,0.03223884672033917,0.0022276449129354017,0.0014810389850010263,0.9571643157008768
135,0.4510706909523425,0.257303794828615,0.04098534806451983,0.024854588946379805,0.22578557720814288
136,0.028108361626199868,0.11681826188428504,0.004373603562433171,0.0026346521482885723,0.8480651207787934
137,0.17112298298099307,0.7165926543934477,0.03988341866297239,0.03638453002021716,0.036016413942369783
138,0.032656067732362674,0.07449360601542857,0.0030336732792476543,0.002463034574030079,0.887353618398931
139,0.16586441371511906,0.35393441615609916,0.003958965983239267,0.006726536144517325,0.4695156680010252
140,0.16669254437219178,0.33228924605996124,0.0034398342388528534,0.02362751903433337,0.4739508562946607
141,0.1097654052910159,0.4514245874054905,0.023312346450555445,0.0017722470655447437,0.4137254137873933
142,0.019592617850307754,0.07040907147561844,0.009284863324479182,0.001956841245102166,0.8987566061044926
143,0.5043029743774612,0.3019271041865562,0.009420570703647681,0.05094814433857347,0.13340120639376146
144,0.010624531794772352,0.011841564839325289,0.0020058913724912294,0.0004219427078330012,0.9751060692855782
145,0.003930502567349077,0.0033569798349966685,5.736653612872759e-05,0.00014882742270617044,0.9925063236388193
146,0.27894926477572757,0.06475763644319349,0.0006143238333989748,0.0753302106139174,0.5803485643337626
147,0.4023865328180867,0.5084380941703293,0.005475040707949252,0.027196224005793822,0.056504108297840985
148,0.32241234310605354,0.38889016443271046,0.004706132062877006,0.07422243728626583,0.20976892311209316
149,0.4775858019115782,0.3273284601810378,0.006015195442185359,0.03370900681314674,0.15536153565205182
150,0.24448538158110258,0.22099640232647885,0.025057187719867785,0.06869960975871031,0.44076141861384055
151,0.09311376098830416,0.15363104548171044,0.005184043048565084,0.014509917123304452,0.7335612333581158
152,0.08491841452269724,0.1272762430212599,0.004111074787784523,0.006921989180816019,0.7767722784874422
153,0.26041899850863465,0.19367775301684692,0.005893158078130469,0.005319047158784736,0.5346910432376032
154,0.40734715809639743,0.2607229345513538,0.006424470448234622,0.0041095479887947334,0.32139588891521953
155,0.345335171196578,0.5115852396647427,0.022273924868630553,0.0021673717228379926,0.11863829254721084
156,0.10349546790538942,0.8403156240596168,0.01946657913404529,0.014730802908903879,0.021991525992044705
157,0.01965887544581018,0.023498506490984422,0.0005117172477791447,0.00047216159177453245,0.9558587392236516
158,0.451532723593862,0.3394545836158849,0.00179348519077157,0.009239408739591237,0.1979797988598903
159,0.3450800658548237,0.5626502227225035,0.008801286524830153,0.0026266818943324107,0.08084174300351031
160,0.042780704423378696,0.06358686807026386,0.0018217185937023242,0.0003194856614762844,0.8914912232511788
161,0.10165907966994292,0.6991178995396131,0.01804911092987332,0.018345785103523526,0.1628281247570472
162,0.041785861807930764,0.08142520155358374,0.0012802729605079421,0.015282610200207792,0.8602260534777697
163,0.2459523570959185,0.5531796645993978,0.011196833787080395,0.14946734747323548,0.04020379704436778
164,0.07012516117015745,0.819944720274174,0.04074387539003583,0.02416679214874804,0.045019451016884725
165,0.09398464623789107,0.7862675674782774,0.04648129974574438,0.014464447294896291,0.05880203924319073
166,0.2533115146770599,0.31663426348001494,0.0026600164177221675,0.01337109857334437,0.4140231068518586
167,0.1300429174069505,0.739042025596953,0.04521213708625171,0.008782294483239469,0.07692062542660542
168,0.12232287889062746,0.8071246438047038,0.037317433373300506,0.013984066360189321,0.01925097757117866
169,0.15558830580195507,0.6823032725433382,0.047527363811125566,0.011469371551211662,0.10311168629236923
170,0.09512643622596119,0.7232349201461522,0.10047564956247368,0.03304706922082778,0.04811592484458518
171,0.09240624929011279,0.21135900104726923,0.015990918786812178,0.019689610309225187,0.6605542205665806
172,0.16845760062739829,0.3015822452482252,0.01942615194081713,0.038301086273835355,0.4722329159097241
173,0.10431428089708829,0.3831692251456778,0.07235614576361236,0.06780737470645665,0.3723529734871649
174,0.14094258162633114,0.21994743715759738,0.011928321464490247,0.03488969009420452,0.5922919696573766
175,0.06402804935955894,0.6412568987273726,0.09858626585953119,0.051895976158888024,0.14423280989464923
176,0.06889669552164739,0.3329763253531381,0.00665029577711838,0.17542042455400148,0.41605625879409475
177,0.11525569217583229,0.33821520849266734,0.013626921588287988,0.021529950626385887,0.5113722271168265
178,0.09563402642596086,0.5580895054251839,0.029072531283676636,0.03738848257924607,0.2798154542859326
179,0.0839282322417444,0.5933003738066186,0.01359413131350796,0.009058878471008058,0.30011838416712094
180,0.16302474980037562,0.522945344968397,0.0342681260523433,0.009545248144362011,0.27021653103452203
181,0.17612082693839232,0.5879106564567129,0.07561220268711083,0.05990261679701219,0.1004536971207718
182,0.06490463308379563,0.24562039910020678,0.04670542172064401,0.009503874692852802,0.6332656714025008
183,0.20562884774219706,0.4181293727743084,0.026827040994563144,0.06094387122782703,0.2884708672611044
184,0.17804728822122964,0.5539645878070573,0.01951783991172265,0.04166486310039981,0.2068054209595906
185,0.04633589990075649,0.31237520497951615,0.07378334630548193,0.007237827830186903,0.5602677209840586
186,0.07756493312297293,0.6649256576251785,0.059231691514553764,0.07289614448413112,0.12538157325316357
187,0.03899646928226842,0.15369508695485162,0.0017689564745685836,0.010013053722480255,0.795526433565831
188,0.1000696061767893,0.2592382108416925,0.015544171665841523,0.033524920373661816,0.5916230909420148
189,0.14193697872172617,0.5374491822504023,0.025121836090147173,0.06301834715615004,0.2324736557815742
190,0.04993357299041161,0.04542686008513244,0.008822753429111674,0.0019241648378496136,0.8938926486574947
191,0.12088397913011942,0.02451878712694291,0.0008505496491719042,0.013989920254306716,0.8397567638394591
192,0.324027728159438,0.1463826496966602,0.002265172430833952,0.22939291290021174,0.29793153681285606
193,0.3262690382792955,0.40446916321795273,0.0007671328282908005,0.10630310109287092,0.16219156458159004
194,0.45397476383834034,0.11453477278129648,0.0007331257235080152,0.0757421843707878,0.35501515328606736
195,0.23585496513646279,0.3629590284073251,0.006106753101080036,0.2693848269363993,0.12569442641873285
196,0.11264762506236922,0.23059323093509634,0.0025043019149235787,0.16419174486176233,0.4900630972258485
197,0.13454649663161533,0.2772626790942676,0.007954483156033958,0.10054859637122651,0.4796877447468565
198,0.16859334992361436,0.23150325651994827,0.021517727737308208,0.11224181988847909,0.46614384593064995
199,0.6154260427432298,0.12825863247135041,0.0019243916946993292,0.03296538987903896,0.22142554321168148
200,0.09412367234745339,0.7187427787952453,0.1052511879388095,0.03376338952190959,0.04811897139658229
201,0.16550333538679976,0.321393065173265,0.0801080287527387,0.0597758443816398,0.3732197263055567
202,0.021600269999672538,0.02149664316617156,0.024822838421360106,0.004542262162064732,0.927537986250731
203,0.3686538184569707,0.36023097605882204,0.013411012878613897,0.14056078956572182,0.11714340303987146
204,0.14087373341992257,0.6891748210758539,0.020300986286732395,0.051229375338892005,0.09842108387859912
205,0.266692888415575,0.6082614451024734,0.03284822519853994,0.022427429086163374,0.06977001219724843
206,0.19060461091930506,0.4940599907100912,0.0586577193322719,0.1818419445649504,0.07483573447338143
207,0.11661028686792327,0.09319763509250707,0.012418353771888555,0.02099869058189378,0.7567750336857874
208,0.174949095554047,0.019376318600902682,0.000450677474035281,0.006100771424127637,0.7991231369468873
209,0.14989695621145616,0.6802802303372896,0.007132808455176177,0.12866290609085917,0.034027098905218905
210,0.06829254066560253,0.03893514370073525,0.0004212483423832106,0.00656380776023788,0.8857872595310412
211,0.4115700139915691,0.4018973971194861,0.000628579104857922,0.07468689212939736,0.11121711765468958
212,0.17878092240836863,0.46213328684111593,0.005921336578223508,0.155083749923556,0.198080704248736
213,0.22900436037515937,0.6097795194663727,0.011626680158685811,0.03436234576336564,0.11522709423641646
214,0.09939146088217077,0.7239994409713355,0.005379547312793819,0.11268063001867762,0.05854892081502227
215,0.018597123069073344,0.032425146235600666,0.0009469446270995893,0.00806889297389238,0.9399618930943341
216,0.16451197199879705,0.6352844643591405,0.0015801982732019727,0.17689993505335025,0.021723430315510113
217,0.291484529636591,0.599403998978389,0.011618858244068789,0.05997653831841374,0.03751607482253748
218,0.09826660075506599,0.7478361742791794,0.03330083196390922,0.10980895694374787,0.010787436058097595
219,0.04854569866487409,0.8014781380428659,0.008211292970820839,0.11601904712938062,0.025745823192058467
220,0.1252653670773522,0.30575136936581726,0.03278653968932059,0.03855809380557306,0.49763863006193704
221,0.12062343258641062,0.6422769988581233,0.009898607116457486,0.10517246961608777,0.12202849182292072
222,0.09900034473303329,0.5150354670611498,0.006294675179829594,0.021040460949410984,0.35862905207657647
223,0.07735908849500983,0.7335798519788669,0.01009443596933355,0.017238495117610744,0.1617281284391788
224,0.11701952381158777,0.7690676362645192,0.024849246595599644,0.03824783618760458,0.05081575714068872
225,0.0824342750477874,0.5235207076226769,0.011430560783985381,0.004345684490404636,0.3782687720551456
226,0.17422720213798953,0.5750472314511874,0.03483205631169268,0.011382046082141394,0.20451146401698903
227,0.2893052625419131,0.5540841543628987,0.03341980042803837,0.02068047130250491,0.10251031136464482
228,0.3427082630508327,0.5810143055997107,0.01758040774136735,0.005639257404698242,0.05305776620339108
229,0.2024819186904127,0.5721208600614736,0.04523044000432216,0.021036919114012436,0.15912986212977911
230,0.06995004289436706,0.7556456702247325,0.1465477808598173,0.009039744353377628,0.018816761667705517
231,0.06639225008649308,0.7984769319410718,0.023212055207853743,0.041050173235769864,0.0708685895288115
232,0.04386549841262399,0.6676744758405719,0.1662444883686366,0.018956154283495515,0.1032593830946721
233,0.03250401221739393,0.8405178040763778,0.0676322764101978,0.02709645113446563,0.03224945616156502
234,0.1317218951443119,0.6096234871084678,0.06435603276593382,0.02265976350254953,0.17163882147873694
235,0.04491768036376368,0.8224570437222589,0.07933823194317,0.01951261539512675,0.03377442857568061
236,0.11454259981580063,0.4751459315916098,0.025400550846843773,0.010196920184973765,0.37471399756077195
237,0.1770140819456437,0.583957988158343,0.08137628125606582,0.012874463437035391,0.14477718520291197
238,0.28985984030150247,0.4753822174681108,0.017829879251241663,0.005174047740813479,0.21175401523833154
239,0.3487166219245066,0.6039026903642727,0.009096105608399688,0.002602987864090446,0.0356815942387305
240,0.025676137048142877,0.8634736328270766,0.06811021118305322,0.03362876757694983,0.009111251364777598
241,0.11812178498470238,0.7372170108150942,0.05377078679916155,0.01879639320156197,0.07209402419947994
242,0.022047139484964638,0.7848247903950454,0.16215639902949225,0.019465457686726105,0.011506213403771583
243,0.08638734615456045,0.679813118035858,0.0825122080010818,0.03545661701306424,0.11583071079543561
244,0.0860384240846453,0.6730385603473259,0.12019958881294057,0.049872475784447604,0.07085095097064044
245,0.024011982894002633,0.537000726879043,0.4087021004615372,0.02094129478096937,0.009343894984447633
246,0.13545317737309087,0.41748917063559576,0.11832264740867351,0.09012098834770989,0.23861401623492998
247,0.039831376022628165,0.4224667139262829,0.45236493259435245,0.06927836637633601,0.016058611080400388
248,0.14053952359374838,0.33800513638553564,0.06033502226236768,0.08456397662579827,0.37655634113255
249,0.10962937423290789,0.2619805319843669,0.20554019064599383,0.05224087366219662,0.3706090294745349
250,0.14890480750491097,0.6676248166627924,0.060440087212854314,0.08315269094700192,0.039877597672440535
251,0.18056386761107174,0.3982967584991786,0.07071015383625918,0.006617965733317276,0.3438112543201733
252,0.10757687771770805,0.3617752276878693,0.3646741169178832,0.012912805837737327,0.15306097183880216
253,0.21193069535449657,0.5446844194136972,0.09328084976880875,0.032021396204064946,0.11808263925893268
254,0.16779112382361702,0.2753553601448147,0.06045629345339909,0.02832490385690268,0.46807231872126664
255,0.0642899843764487,0.5854225195127769,0.23563530501743274,0.01933043578967702,0.09532175530366471
256,0.1604576438282048,0.3825635334779934,0.052751212497090555,0.045074919075716605,0.3591526911209948
257,0.06129070199885929,0.20106935186671368,0.06982688809365595,0.02022756745445212,0.6475854905863191
258,0.21110973327274318,0.5278469900100556,0.05967445361302907,0.04705246463933553,0.15431635846483657
259,0.15584697998136707,0.15169195058578172,0.010647126941354267,0.016314051727365518,0.6654998907641314
260,0.22562490037305774,0.37177677334311804,0.029640229007690422,0.07567671883796452,0.2972813784381693
261,0.11767073313114249,0.023713082570254725,0.005036740401330874,0.0013238620860856077,0.8522555818111863
262,0.2867015818119043,0.6837491489045876,0.005228491170124414,0.011918083094935377,0.01240269501844827
263,0.10727890618211541,0.7925940023888625,0.014620435668363234,0.042499259119261425,0.04300739664139738
264,0.2500051121607728,0.460521996350248,0.024047874653875333,0.10314867591359587,0.162276340921508
265,0.18066685393117604,0.45285542299080034,0.1655561116363591,0.08860222150404984,0.11231938993761471
266,0.11323710470746626,0.37035230645761075,0.016739587641123852,0.1431087462312843,0.3565622549625147
267,0.11934783299991059,0.27639864775840517,0.021636799073369874,0.05780610150294797,0.5248106186653664
268,0.15268888529338637,0.6271997054966787,0.09345913961543072,0.054857209766511095,0.07179505982799307
269,0.2799617967873237,0.43337428823489704,0.06369010746260394,0.025289289343346445,0.197684518171829
270,0.08610232283443633,0.5391733012951181,0.0942273455648572,0.017800261121687113,0.2626967691839012
271,0.2749804062355972,0.5207337166720943,0.13856761764470843,0.028270440818519538,0.037447818629080365
272,0.16150932224115577,0.5703275640028656,0.14203615757735139,0.03905361391743469,0.08707334226119255
273,0.12884539601613115,0.6792255814938841,0.08697047570038449,0.04378891018628464,0.061169636603315716
274,0.1682894777688003,0.5804684665383547,0.11591476233367293,0.06244189387247047,0.07288539948670156
275,0.05237608045968692,0.4331006880842348,0.27689614016905295,0.04723282784362308,0.1903942634434022
276,0.025336268500131615,0.2905730882662462,0.6409100946980026,0.01819145924432835,0.02498908929129122
277,0.1454633068747154,0.6642667583479915,0.07703718678195495,0.03970436139353588,0.07352838660180216
278,0.09619023772701339,0.5902390889539104,0.21864869077861823,0.050197374411619124,0.044724608128838904
279,0.14536363606791672,0.4700835064645692,0.11288666266568197,0.07565267942893299,0.19601351537289913
280,0.04265336518582642,0.5041223497903831,0.34115571052976656,0.04536630809479052,0.06670226639923357
281,0.13792554130906634,0.5565665229601776,0.12155129939957197,0.08262856044665627,0.1013280758845279
282,0.09084854258563366,0.22573851033882203,0.1619673708482285,0.030360312433718534,0.4910852637935973
283,0.07047381101974848,0.3523015448830323,0.4576533515528274,0.058525997081271375,0.06104529546312063
284,0.10098608160031448,0.23808775622884226,0.1703257382950972,0.03871201935415534,0.45188840452159057
285,0.07697568084697627,0.29089740054768387,0.4813119107103704,0.048553474729663315,0.10226153316530634
286,0.1163771368806068,0.29712104660571764,0.09945451511896423,0.009360049352116089,0.4776872520425953
287,0.0981393401427152,0.4422216601450321,0.39337814449932795,0.012868292255345823,0.05339256295757889
288,0.15396726852169815,0.3789136507632993,0.3006320545946385,0.04178295046856204,0.12470407565180203
289,0.14289372401045522,0.24743091586734356,0.044574846897172074,0.005480757612049556,0.5596197556129796
290,0.01551161810273535,0.4524176791656876,0.5185458400368781,0.005719653795892967,0.007805208898806029
291,0.12978660934473163,0.2973425638316203,0.09991763868151576,0.013556015139671425,0.45939717300246097
292,0.026370216395951798,0.43517106744711104,0.5276169454657693,0.003757706587447447,0.007084064103720544
293,0.07244911704753566,0.3173482318055826,0.185970348219932,0.015562752317686536,0.4086695506092633
294,0.01803790193614281,0.5071718290754489,0.4661303274839511,0.002216410630772325,0.006443530873684786
295,0.1548194282685709,0.5769498858347424,0.1018883029001839,0.02612794818611097,0.14021443481039195
296,0.14380955724467728,0.47315058748278566,0.12817782230974334,0.01350449893062061,0.24135753403217297
297,0.03731674861984171,0.6818148240690174,0.238310181840278,0.015025801297167655,0.02753244417369529
298,0.11567129825550497,0.26260278135367787,0.06709386762148033,0.004962807855211072,0.5496692449141257
299,0.1414691634667837,0.5937563262923778,0.2450626306519699,0.009083407646862338,0.010628471942006406
300,0.1768580426717558,0.4662374475177879,0.019227609563162117,0.02080489775899938,0.3168720024882948
301,0.04041179552222368,0.6596782097200532,0.2861385368767632,0.006175528804246919,0.007595929076713
302,0.04513005460274434,0.25835909235816373,0.12029004052573056,0.02400814249948079,0.5522126700138805
303,0.09222659173077873,0.31182200732586896,0.48876977677533684,0.03160619463675232,0.07557542953126314
304,0.13894019540742675,0.47452361397086257,0.1078759626208171,0.09362162863552265,0.18503859936537093
305,0.20658217969105763,0.25855339027019786,0.06938462586532053,0.06365717427731063,0.40182262989611317
306,0.15327197891686525,0.39349359123342187,0.134648558856597,0.08375570959767231,0.2348301613954436
307,0.036442391663586204,0.07852495295092367,0.10596241473784614,0.009021651942413623,0.7700485887052303
308,0.26679639348068196,0.2793835234668467,0.0684068049857999,0.059902297342496406,0.325510980724175
309,0.23338309730168008,0.23586179958709785,0.10342360006407482,0.06749841653854857,0.35983308650859874
310,0.15462368673104876,0.5704655599088352,0.08565689989425504,0.027738536248624247,0.16151531721723683
311,0.15118470788280033,0.39221151051457126,0.23129362819507698,0.07786176418014192,0.14744838922740944
312,0.06540981653750508,0.2973764820691999,0.0675180828244618,0.02171715924446366,0.5479784593243694
313,0.09229967941691253,0.24166625902887864,0.027558976945047248,0.013919503131487876,0.6245555814776738
314,0.07984271116957783,0.7444152709863889,0.108516607285406,0.013595679582318885,0.05362973097630826
315,0.174151749202484,0.31003946811657995,0.07082169511906938,0.0284282324450355,0.4165588551168311
316,0.1307117668833463,0.6203726719254316,0.07788718085949724,0.019227935621754073,0.15180044470997087
317,0.15814983126754045,0.6821468535953898,0.08653584058831426,0.020183224071660098,0.05298425047709529
318,0.13411966301183798,0.19635589804536033,0.034515801382911604,0.0061758917207600204,0.6288327458391301
319,0.07050514121630704,0.7437448397430098,0.15658542965912434,0.020165161231615117,0.008999428149943789
320,0.19835805268804313,0.5669796529258939,0.030784333666057092,0.015048796590857678,0.18882916412914802
321,0.12715970844703497,0.768434275304031,0.04069672434581905,0.008673504930111365,0.05503578697300369
322,0.022680786006664327,0.8760479627427948,0.056664773610802195,0.03640912120015053,0.008197356439588271
323,0.09812884951509503,0.30568305308939103,0.015067766763245062,0.0035895091147574547,0.5775308215175115
324,0.018573866587060894,0.8956292770804475,0.04119391529400317,0.041121762580178384,0.0034811784583101365
325,0.09012302410873581,0.39144806998451914,0.010393655378468912,0.05883334335583211,0.44920190717244396
326,0.07472204761715924,0.7972255738724867,0.03412561528253759,0.05751685713862,0.0364099060891965
327,0.14226470988430961,0.6634426737528967,0.029884239416784687,0.08043720607049669,0.0839711708755124
328,0.2745401228611629,0.2593225911436854,0.008016974377889894,0.005135436593881327,0.4529848750233806
329,0.07472459820322874,0.8385894973835666,0.03818016371878467,0.01246483399954102,0.036040906694878895
330,0.220779918815445,0.6298318685142082,0.03206658477590374,0.054797697306587054,0.06252393058785592
331,0.10279106201735495,0.6701458867606186,0.04625406106090691,0.06421323613717853,0.11659575402394101
332,0.20404247637032438,0.3843083216933795,0.02559824290786685,0.06448349176274173,0.3215674672656876
333,0.03198569100074368,0.7605984874725276,0.14619871190991673,0.043201671758923726,0.018015437857888422
334,0.08046244955793252,0.40825709814407873,0.021937821872289723,0.052725472471983656,0.4366171579537154
335,0.15316774998656751,0.6398005525406976,0.0757505496672902,0.028690635485716785,0.10259051231972817
336,0.08278466989643192,0.6805552761200527,0.032737766062547094,0.048483703263872344,0.15543858465709606
337,0.11271519011995625,0.585918082750635,0.04748908732483328,0.010585689798241597,0.24329195000633388
338,0.10604394917429999,0.7961655244067242,0.06582701565361862,0.010444051132552562,0.021519459632804654
339,0.1088438165511393,0.46645092010936184,0.039849714111094586,0.01448562258893254,0.3703699266394718
340,0.16687587172462384,0.6072056650907336,0.14628244045920147,0.015202918655124438,0.06443310407031666
341,0.16384969280289893,0.3803871083074946,0.05460101852568327,0.038266753687356915,0.3628954266765662
342,0.3010277423414701,0.2937500162982598,0.04292175844317349,0.007422572422020732,0.3548779104950759
343,0.29577749556938243,0.4868718679211461,0.018702530038399758,0.025446696758172682,0.1732014097128989
344,0.06000484329174465,0.8078441735974362,0.06344273652616107,0.009483489847437687,0.059224756737220434
345,0.06907541587452126,0.8502262717384098,0.02231570905872092,0.03334482074875398,0.025037782579594
346,0.19408860438829356,0.3709471017630147,0.015827618080046884,0.03376992516478503,0.38536675060385983
347,0.05285561885830566,0.7202358774253873,0.19372876676715528,0.016595026340885062,0.016584710608266537
348,0.16409937306054073,0.6265004702303483,0.010165450216919959,0.009131732883357137,0.19010297360883402
349,0.17450966037710605,0.4681350630409024,0.04436766033853492,0.010215506501157094,0.3027721097422994
350,0.08910711100110696,0.8324246063302846,0.031185084310234756,0.022451144522319347,0.024832053836054403
351,0.10682431553650075,0.2621208123560588,0.02373026163939617,0.006864149426399911,0.6004604610416444
352,0.1343666554422997,0.5860846317918401,0.040596460829325,0.055639726919280444,0.18331252501725473
353,0.11590658803187831,0.4589032102114616,0.25366353713546214,0.08107008992546645,0.09045657469573153
354,0.06229411797881745,0.8099288617257787,0.016223716973155167,0.01804279412730742,0.09351050919494121
355,0.08716845585711261,0.6446740101764539,0.026913258341624627,0.03141566189911933,0.20982861372568962
356,0.06717465280693564,0.8362391968190833,0.023452046066160068,0.016918748322425743,0.05621535598539521
357,0.0959244894693578,0.6571992676083964,0.009596656120304272,0.016570956143994436,0.22070863065794716
358,0.05590509496172284,0.806119578349081,0.0406738648872125,0.035537374561596065,0.06176408724038752
359,0.05242602680931868,0.6632250601141761,0.009789843690011556,0.18276058330284767,0.09179848608364591
360,0.08347633159065024,0.3297143295360138,0.032189511470625244,0.034648946269251316,0.5199708811334595
361,0.06973374395700628,0.6532410718711855,0.04520399870438038,0.1108510738474164,0.12097011162001131
362,0.08701177385138288,0.5793339825739638,0.022344901561596506,0.04863022200434056,0.26267912000871607
363,0.09121416179126479,0.7113901234821526,0.10254902133482499,0.019147329448771556,0.07569936394298606
364,0.05294532442642207,0.44526457630483685,0.030325770504719712,0.0084171385972931,0.46304719016672813
365,0.08890102597690232,0.7451712440008037,0.11406722122701929,0.007550699544120492,0.04430980925115403
366,0.08378223235733832,0.8075818351603561,0.043616973984817335,0.034937780817833136,0.03008117767965485
367,0.11717819714767005,0.6248249184614689,0.029369390604983128,0.014079414137867039,0.21454807964801081
368,0.07520418916150444,0.7188732675906488,0.050144845013148635,0.0704059773282268,0.08537172090647126
369,0.13234824674216286,0.5755619812348464,0.05311967077966857,0.1518620827731784,0.08710801847014388
370,0.06675953447739165,0.6638887953035354,0.16343637730345478,0.03459884082692605,0.07131645208869221
371,0.19134097482095325,0.4585352926628099,0.046859034855564245,0.0983860828505634,0.2048786148101093
372,0.1702921394573664,0.47815285231139154,0.026716207076654078,0.06465487300942319,0.26018392814516483
373,0.07551673433735888,0.7322597197508468,0.12439135203873905,0.048549739795790546,0.019282454077264786
374,0.3500045783330875,0.34924446192481373,0.02679551306339641,0.04401543249131994,0.22994001418738233
375,0.023665803821840595,0.7643262578581923,0.10211423882355787,0.09947345799380485,0.010420241502604318
376,0.13978107629235184,0.4410986084721271,0.015066227521618522,0.2269634312473845,0.17709065646651803
377,0.07469270148834567,0.8039321690390295,0.004758259089455001,0.08053649953968235,0.03608037084348747
378,0.14628699949606488,0.45864779289873936,0.00027704004054544335,0.13747744657775546,0.25731072098689495
379,0.10010469946361782,0.8650851332834052,0.0004539600967448653,0.027087781245845224,0.007268425910386744
380,0.14784348226198887,0.701987924312222,0.00038267290948080477,0.14034121570738492,0.009444704808923485
381,0.07426832848490836,0.7407147321213071,0.01706744949700132,0.15421731236622002,0.013732177530563125
382,0.02247514848195469,0.877229963031554,0.004954924958735174,0.09061924015666063,0.00472072337109536
383,0.10511163709631376,0.3618867769726739,0.0018140053878392545,0.08594196682731518,0.445245613715858
