epoch,N1,N2,N3,R,W
0,0.011695093389595774,0.015337084025048088,6.279131134271116e-05,0.0012455262861085677,0.9716595049879049
1,0.00250456242272262,0.001473245609728416,0.0001406062187344061,0.0005517240306209708,0.9953298617181935
2,0.008551098375388661,0.002881966415480355,5.07677432903959e-06,0.0008602383010867718,0.9877016201337151
3,0.021225552950017115,0.009363083072620116,2.8843825729706373e-05,0.0009766310676522947,0.9684058890839808
4,0.00026141303946296545,0.00013158704173687924,1.0176780282521586e-05,1.8376202439561765e-05,0.9995784469360781
5,0.010157158251369059,0.0009389887932315132,5.475270953820113e-06,7.786311989137096e-05,0.9888205145645542
6,0.04501692806196709,0.004867846205869011,1.2424185232395965e-05,0.0007720660424991622,0.9493307355044324
7,0.23054496568849028,0.05735416651225383,2.2496500295759145e-05,0.002006518899391724,0.7100718523995684
8,0.09953603769444555,0.13220754201956245,7.262397847250477e-05,0.002126610615694166,0.7660571856918253
9,0.127556362265444,0.03495134234689311,0.0001344431619230033,0.0063752550101390925,0.8309825972156007
10,0.18274361410783754,0.03531020830398195,7.864862214347185e-05,0.010162564911620818,0.7717049640544162
11,0.34066553376406933,0.2102230518576662,0.00036624286719968676,0.03197413872260175,0.4167710327884631
12,0.12034621151119405,0.46531899075811706,0.0016838841974110414,0.007111425468342906,0.405539488064935
13,0.1410067529211697,0.49683953609946485,0.0028562276677034253,0.023805113109902985,0.33549237020175904
14,0.10610593529136231,0.6947835950713088,0.0021599571205891087,0.013881999498658074,0.18306851301808177
15,0.11309921768107763,0.6056987346203967,0.003550781242571171,0.017150811589381924,0.2605004548665725
16,0.09402140726881146,0.8154616785204756,0.0045137512628710495,0.020340240018642017,0.06566292292920003
17,0.10302476479712808,0.7625903943253858,0.0012911508006496037,0.060433214347622125,0.0726604757292144
18,0.08518929730426374,0.8483383292728813,0.008906566960425476,0.03484731798212711,0.022718488480302414
19,0.3573506840805073,0.5409948824252051,0.0014049747380857208,0.015352839564194098,0.08489661919200771
20,0.2882556591065333,0.6226099708323207,0.010140470415174936,0.006907906024556123,0.07208599362141492
21,0.05441337252276174,0.861480146888344,0.05831480394942447,0.0032824270744917752,0.022509249564978084
22,0.06934607368448494,0.8594300903368632,0.04435692447458003,0.003115913570560641,0.023750997933511188
23,0.04184013731931162,0.9165799151903663,0.0068225702200767945,0.002183263008704885,0.03257411426154033
24,0.025168572623733274,0.9479032863226727,0.0031800731458402763,0.0019244604708809855,0.021823607436872818
25,0.06888584673301557,0.8956552028048105,0.003137239713645949,0.001598315818498159,0.030723394930029874
26,0.048795884130987045,0.8507752638651626,0.08889661690943802,0.0007724541141149212,0.010759780980297479
27,0.026290502270173675,0.937060254049337,0.020723557906973687,0.0007361164571395002,0.01518956931637621
28,0.22336233370149972,0.6605887029102385,0.002515627068603089,0.003603688623807239,0.10992964769585138
29,0.08015534272499114,0.7522431738176903,0.15848046408453265,0.002279949391556599,0.006841069981229269
30,0.016859796719660772,0.8767393633510713,0.09852543445746248,0.0002661479012755007,0.007609257570530202
31,0.04870453147840037,0.5891639379158725,0.3517021878037124,0.0005001899493384465,0.009929152852676234
32,0.00939926352891451,0.449126148746473,0.5372366624985304,0.0003768482789130199,0.003861076947169115
33,0.007581779009912594,0.5848999305647437,0.40273092297074914,0.0002633289864035601,0.004524038468191195
34,0.004571989496126227,0.3462187089500831,0.6464816260364026,0.00019859565465012903,0.0025290798627379614
35,0.0017193099627305654,0.30791959741952446,0.6876333446534949,8.532053811285925e-05,0.002642427426137351
36,0.0008302749589797546,0.2916422930057161,0.7054259196543984,4.84349040596411e-05,0.002053077476846081
37,0.001581726422015264,0.4549026912608645,0.5385525917042855,0.00014173123724198997,0.004821259375592862
38,0.0010391524320538604,0.2917303065071473,0.7052342524578125,4.88927160342937e-05,0.0019473958869520949
39,0.00047141042807415475,0.134133209269342,0.8644830666639345,2.6743070769847378e-05,0.0008855705678794174
40,0.0013561482490205428,0.2577470978168611,0.7374419225533486,5.588152988227823e-05,0.003398949850887507
41,0.0002527095417400051,0.06254007739330229,0.9367400465940066,1.844006511595512e-05,0.0004487264058354439
42,0.0003979377572206839,0.0556246880322045,0.9430455272471198,2.1116540126340337e-05,0.0009107304233287869
43,0.00027108018311042123,0.08275030676798653,0.9163755039259478,2.734814677732781e-05,0.0005757609761778154
44,0.00050652387904224,0.1992545297274942,0.799237112980012,4.299729194780488e-05,0.000958836121503849
45,0.00045737129884401126,0.09317794018633586,0.905667681439668,3.316802316192285e-05,0.0006638390519901848
46,0.0004462220670241988,0.08682813228727203,0.9121618576296426,3.173827600841282e-05,0.0005320497400528243
47,0.00039310334887449506,0.06836209256373604,0.9304356945180913,4.390875594023371e-05,0.0007652008133579085
48,0.0007593427275276276,0.08538623583116076,0.9122258150130959,8.356245083996508e-05,0.0015450439773756735
49,0.0027728713143393958,0.2849815274926709,0.7086576142451648,0.0001554372048561385,0.003432549742968689
50,0.012869919006232172,0.5551127492298358,0.42701269950017595,0.0003068129048363969,0.004697819358919626
51,0.00824309862543101,0.5849739899373567,0.4018471497996852,0.00026875605209783097,0.0046670055854292425
52,0.008158497876191209,0.5311719797401843,0.45534959544807524,0.00015555448189569546,0.005164372453653531
53,0.004825895791547923,0.29545903165421544,0.69733338038404,0.0001184352870381123,0.00226325688315842
54,0.0037069114084565527,0.4900931280771391,0.5030165634343202,8.76196381819947e-05,0.0030957774419020406
55,0.0007809211376940442,0.19913378882100635,0.7992424824480554,5.8896528831676624e-05,0.0007839110644126665
56,0.0016818148027290052,0.2634893588238719,0.7327277174675941,4.892920487279528e-05,0.002052179700932166
57,0.000938964116509334,0.15936562383702813,0.8385119610589647,3.3824527098088673e-05,0.0011496264603997278
58,0.0002967642192209771,0.03259750111708172,0.9666903945839852,1.7677434584762525e-05,0.0003976626451272203
59,0.0006914338167413103,0.0733732882049218,0.9247931723597648,5.370360373318779e-05,0.0010884020148391313
60,0.00024017017796492342,0.06259675579475575,0.9365640409307512,2.2832745418055993e-05,0.0005762003511100114
61,0.00026616197256054686,0.04110974942857392,0.9579538622457657,2.314363456866588e-05,0.0006470827185312883
62,0.00034243291180975074,0.07004804335793849,0.9286884386873873,4.3951984219940946e-05,0.0008771330586444571
63,0.00048476229197117073,0.10074109315214778,0.8978226195089662,3.066130920615957e-05,0.0009208637377085642
64,0.0011694389169903158,0.6275170936209394,0.36956682329403645,0.00011880558076098222,0.0016278385872729357
65,0.0014498689494614513,0.13012856653389324,0.8667418239794457,7.373626042232578e-05,0.0016060042767774615
66,0.0011865004779904335,0.10996017305455132,0.8875692563712826,5.9331322120131246e-05,0.0012247387740555295
67,0.0007453705149722264,0.09183775393012558,0.906481886407419,4.8244608644056434e-05,0.0008867445388392494
68,0.0005244714579981487,0.12246021199107757,0.8762279376899045,3.3712993153465146e-05,0.0007536658678661702
69,0.00035489995485268503,0.06638272607256737,0.9323736451443665,4.254790474857542e-05,0.0008461809234648667
70,0.0009102497268633229,0.09760861687115019,0.8992529469222407,6.451619398304194e-05,0.002163670285762704
71,0.002555577532757878,0.060753056080308517,0.933586161182798,9.905674011323159e-05,0.00300614846402236
72,0.001949925075165615,0.053395380210362026,0.9429159766003151,5.2164249265404416e-05,0.001686553864891976
73,0.0019083410238604768,0.06226882181527556,0.9348083264809905,5.4136243401221485e-05,0.000960374436472285
74,0.002485968320345654,0.03480278197158938,0.9606803812565162,7.555099731605708e-05,0.001955317454232485
75,0.00020575246273124234,0.04444818392508601,0.9547914470736707,1.740429981478603e-05,0.000537212238697293
76,0.0006532865228707148,0.049755596504348146,0.94812929166431,3.365388242182485e-05,0.001428171426049386
77,0.00038167919282660424,0.06675046606566616,0.932006541761601,1.6211487482713455e-05,0.000845101492423423
78,0.0006609794415902561,0.04630700219176936,0.9479724318780589,8.779708492569857e-05,0.0049717894036557814
79,0.0006923876894640011,0.06816010650254586,0.9293114736111894,3.1012652824821525e-05,0.0018050195439759053
80,9.453051528394712e-05,0.03219764196283592,0.9671513585659247,8.196386479363672e-06,0.0005482725694760432
81,0.00021567120803898062,0.03621190174976897,0.9624313229216385,2.4475081470394127e-05,0.0011166290390832027
82,0.0029132134607173636,0.06919313254329089,0.9190805717395373,0.00019712663721176393,0.00861595561924276
83,0.006874264450445358,0.06772348350678471,0.9098467892363565,0.00015237975057622426,0.015403083055837057
84,0.002005300148155079,0.05311529138253745,0.938175116838506,7.316233482411643e-05,0.006631129295977546
85,0.0022959022276351545,0.084347541982988,0.9078770383233739,0.00013184108618392252,0.005347676379819018
86,0.0008816286541875411,0.0765301405375312,0.9206851847013063,3.7624264729815276e-05,0.0018654218422449293
87,0.0006103261729231408,0.07977762225911994,0.9171354551387879,3.9625461333450575e-05,0.0024369709678355987
88,0.006224209000186532,0.06347369123588034,0.9249785168072304,0.00012001549931860302,0.005203567457384206
89,0.02460399983293168,0.15197067013908278,0.6992398471386291,0.00043685230738893207,0.12374863058196744
90,0.0018641876355705099,0.07331951629295307,0.9151838182392005,0.00011022128101875156,0.009522256551257222
91,0.0017037880351337376,0.08166862396405986,0.9116833549208275,0.00013393929571504074,0.004810293784263881
92,0.0015883967911526039,0.09378897745203622,0.8996170084019043,7.010798692594078e-05,0.004935509367981073
93,0.008977629446491024,0.08502748858558624,0.8874418710471786,0.0002351617103612032,0.018317849210383028
94,0.030899822561371023,0.08165989892411549,0.861538572252836,0.00028779469344347356,0.025613911568233876
95,0.0009245313940724434,0.03820550366293172,0.9583567506518954,3.65475916130472e-05,0.002476666699487314
96,0.011962008172187845,0.14996510803612478,0.7990552250678735,0.0003426526970195632,0.03867500602679426
97,0.002500728717636169,0.07382064789906673,0.9190713953195998,0.00010821921247317558,0.004499008851224176
98,0.0055146406073500725,0.08000496669517711,0.89108346236045,0.00020367634947916703,0.023193253987543766
99,0.010472952252228081,0.05631659476970442,0.08613242622092249,0.0001419359509991652,0.8469360908061458
100,0.03473801280072168,0.36005373957077624,0.5475710251613607,0.0004510642733413726,0.0571861581938
101,0.3665142887910204,0.5128357557607187,0.04781894322667963,0.0006399381727940264,0.07219107404878732
102,0.3883757118683094,0.5305863820799062,0.043944750450661686,0.0007197511952947312,0.03637340440582793
103,0.09899011352523931,0.43121117452301994,0.4462095105567061,0.0005483464209721223,0.023040854974062403
104,0.05544534291190466,0.536252911700361,0.39101359256418455,0.0005272000769935214,0.016760952746556076
105,0.1557693556784871,0.485649392272902,0.3307838390755301,0.0007654072586650517,0.027032005714415656
106,0.08225293929410908,0.16364330752204334,0.662503307554641,0.0008426919757325052,0.09075775365347416
107,0.07790350853556052,0.1759034449504924,0.7042860778078716,0.0012866100692517535,0.04062035863682386
108,0.08306262349822716,0.24523210123425765,0.6083005202802722,0.0007581406538843302,0.06264661433335882
109,0.019067915518223327,0.08475071049301183,0.8265258056852088,0.00080859565640219,0.06884697264715392
110,0.0091994971928025,0.20806823479041214,0.7523949511818814,0.0006242015820772643,0.029713115252826713
111,0.010053264418181444,0.07246581571854165,0.9020879191451314,0.0005632673416744818,0.014829733376470904
112,0.02086763431342739,0.09780579130280596,0.8698190435009332,0.0003394085435213806,0.011168122339312072
113,0.011400824637842337,0.1164828101598205,0.866667238596657,9.581724054726876e-05,0.005353309365132678
114,0.001523019781861933,0.09091671603127166,0.9034041469008746,0.00013198665879579565,0.004024130627196054
115,0.012700983170495457,0.3104786119998651,0.6504919399113401,0.0004919523511429183,0.02583651256715631
116,0.0033966760226335413,0.08268917867385105,0.9046957589954924,0.00011906656342927297,0.009099319744593813
117,0.03299240409646081,0.1120652869625789,0.8407999178918008,0.00042104254587608034,0.013721348503283371
118,0.003994263142432799,0.16983115177295904,0.8112941357065874,0.00016154531351277076,0.014718904064508013
119,0.08470565460797017,0.18038455944692955,0.6756017705994061,0.0011331754735523236,0.05817483987214186
120,0.0028146904873458797,0.11834072139438133,0.8742287186840489,0.00016110707441163654,0.004454762359812158
121,0.0028789596677538743,0.1831031760975565,0.8054515519666808,0.0003195160943498036,0.008246796173658973
122,0.09025840102578857,0.25172972250084963,0.643724007511092,0.0002950489885845711,0.013992819973685287
123,0.04616612334078752,0.2602800814596104,0.6820066928559161,0.00028524484262132697,0.01126185750106478
124,0.007413350992951017,0.17876136838146242,0.8027656602605123,0.0003544083519104279,0.010705212013163623
125,0.06911030243393336,0.1556221452492623,0.7599687380996882,0.0007837877189349226,0.014515026498181231
126,0.004832722513292682,0.12308520976915584,0.8696648256924829,0.00023909250378618824,0.0021781495212823856
127,0.0028341132321888485,0.24535913348955515,0.745463107933523,0.0005893495550115285,0.005754295789721511
128,0.00357393280027167,0.2164775281461322,0.7752799488934126,0.0003512153876457014,0.004317374772537829
129,0.0023686185637074838,0.1514703154351062,0.8438854810752427,0.0005737439554574594,0.001701840970486144
130,0.013867308253834582,0.664630388268915,0.28289333476176226,0.012448703788910278,0.026160264926577893
131,0.03284317864837498,0.448971047339906,0.48607492436795774,0.018761850840229525,0.013348998803531605
132,0.012589133810693619,0.7971701642965867,0.16768934847266723,0.013663405148742116,0.008887948271310186
133,0.04630411757081843,0.850339017068112,0.008712724971017667,0.025765037993777513,0.06887910239627444
134,0.03289731330829582,0.8858358123825563,0.012749109596674787,0.05188545386530047,0.016632310847172607
135,0.06797214332876265,0.8800345514457677,0.00487541546112247,0.03822957723301134,0.008888312531335856
136,0.10807428423761396,0.8245160115226632,0.00963886983067997,0.0436585525966339,0.01411228181240907
137,0.06593504193126128,0.61978602176298,0.0006984571244422028,0.30535713831154154,0.008223340869774855
138,0.08775871367293576,0.7742767159251848,0.0011102293381086321,0.11990105609960049,0.016953284964170076
139,0.06247603179013499,0.1279344914570817,0.00038076870321681683,0.7914055829770044,0.01780312507256218
140,0.23182395984629078,0.14843575144585694,0.0006284913348611466,0.21790854887268482,0.4012032485003063
141,0.3451790585955429,0.16846897716287787,0.0008074972323679982,0.19958717759457484,0.2859572894146364
142,0.20205412654623378,0.12049664445059459,0.0002218865861726674,0.5459540779889804,0.13127326442801868
143,0.1475655139265016,0.11532940698437384,0.000166736600083557,0.6995623512074842,0.0373759912815568
144,0.09307587848381285,0.020918933217762413,0.00029790107082873236,0.05277327246529183,0.8329340147623042
145,0.10946131265372491,0.022977484370720756,9.533012476707166e-05,0.5330743081436291,0.3343915647071582
146,0.18944076722254066,0.023718886748345415,4.981509627148907e-05,0.7622083267048508,0.024582204227991608
147,0.2071312033187915,0.043824940365657185,6.167182753142651e-05,0.5538661556527239,0.19511602883529602
148,0.2574684210828047,0.08071411051982941,2.7701323899065224e-05,0.6202938761808091,0.041495890892657886
149,0.25194546493802356,0.04423699901670255,1.950567078273904e-05,0.6715215797664938,0.03227645060799721
150,0.378108020538818,0.14811672331123615,9.561100711448408e-05,0.4141618862015813,0.05951775894125011
151,0.19997922678474972,0.17566994163298355,0.0007344923889188058,0.22913287461912607,0.3944834645742218
152,0.2966401201847153,0.41779814486098577,0.0009535844487975687,0.19003341244897548,0.09457473805652598
153,0.05735009445539332,0.7363350817751153,0.0016702551447868564,0.039786912728085724,0.16485765589661877
154,0.15456616793333086,0.4361512325135495,0.0008015246297403257,0.3163415638714499,0.09213951105192932
155,0.18520683343250216,0.191925834016509,0.001000617229844323,0.25061316831352826,0.37125354700761637
156,0.08471077627936256,0.0708597410175202,0.0002587007069168563,0.32882242389543365,0.5153483581007667
157,0.19715403156322425,0.1990094320809759,0.0007671216827000073,0.24774625569152686,0.355323158981573
158,0.16296760308542466,0.37456426858091746,0.0007088308233245427,0.18518604434688257,0.27657325316345077
159,0.2233449129716845,0.15723302838505362,0.00036870359072322246,0.5866058945561577,0.03244746049638092
160,0.14857724805955871,0.5074603494687843,0.0006205090982138048,0.28219958556370744,0.061142307809735674
161,0.18971893153732364,0.22699193240679866,0.00037821116463637234,0.5333590950756633,0.0495518298155781
162,0.1818347437481943,0.3364369938111324,0.0002305115799021882,0.4372387960951886,0.044258954765582684
163,0.09876819362069754,0.6885564241541701,0.00043288607958746406,0.1821927521071763,0.030049744038368784
164,0.10909467710398414,0.6774669280075858,0.0011732526397273645,0.15992856917873,0.052336573069972754
165,0.07448173854095838,0.6837543907751664,0.006685462510585374,0.1997172636686618,0.03536114450462784
166,0.10040049258225636,0.39479195216598384,0.000836768210326992,0.463330528251114,0.040640258790318746
167,0.1158385587256611,0.471263705995188,0.00016722547722851028,0.38630723037983555,0.02642327942208668
168,0.054788882446602294,0.7893620196636327,0.0003573137158250494,0.12568968177261,0.029802102401329793
169,0.14552123343726261,0.3881171586754669,0.00016858286246605256,0.4409636439556749,0.02522938106912957
170,0.07654589553158957,0.7389112886290498,0.001663200801108884,0.13764376011632984,0.0452358549219219
171,0.22842528753670108,0.35583040153158796,0.001990078618474999,0.1526348014138853,0.26111943089935075
172,0.0890805935531856,0.7116007749380155,0.003734870076891401,0.13896984005739385,0.05661392137451368
173,0.03708390112014544,0.7850067422285759,0.0010521339071293682,0.10412093444920006,0.0727362882949492
174,0.18006231686736385,0.33429029278376005,0.0009503510355412272,0.19011619438518765,0.29458084492814723
175,0.15407953138885008,0.4768801326007551,0.0010521978018142755,0.2583693621836905,0.1096187760248899
176,0.19623619820664834,0.13272270431686814,0.00013801029363852692,0.6117731300644481,0.0591299571183969
177,0.2506318825690342,0.4798151223318069,0.0003196863263159702,0.19580396542322936,0.07342934334961355
178,0.1893266691485622,0.5770144978941003,0.0016727148251502355,0.12684209688303985,0.10514402124914743
179,0.19161599755793488,0.5168011182436071,0.0005143497256776605,0.1826434304731751,0.10842510399960527
180,0.1461936890255208,0.4423389768458135,0.0027070485285700433,0.09838663095163443,0.3103736546484613
181,0.1556441341190387,0.5339150675630795,0.002089353508372974,0.08669568423778606,0.22165576057172287
182,0.1004480732217861,0.8185730764423422,0.002156809364340916,0.04118227526331156,0.03763976570821919
183,0.09829159504044924,0.7574118901084919,0.0007397871922377806,0.12650366965282003,0.017053058006000873
184,0.17905635331010306,0.6966281719483127,0.0012889094767573259,0.039360528491684144,0.08366603677314292
185,0.009130788455391146,0.9711095207824394,0.013945038085454319,0.0028101017288103603,0.003004550947904787
186,0.18846567601984943,0.637408239712177,0.0012398495524508961,0.07114055178399267,0.10174568293152994
187,0.028485510268140442,0.9338475618090267,0.01638494115131395,0.006013212161955664,0.015268774609563404
188,0.02082381055779096,0.9668116332483565,0.001157917354276297,0.004310154845413234,0.006896483994162924
189,0.0532145257338329,0.8755781115493925,0.0016148699052927985,0.01259020701055236,0.05700228580092957
190,0.1633336532503533,0.38876362144789073,0.007146169176472837,0.010531451894855182,0.4302251042304281
191,0.10325081938758673,0.8770769481749788,0.0036711458461990616,0.005977946987159664,0.010023139604075625
192,0.07783410431894904,0.8789060857936132,0.014586140043767879,0.009620214912970614,0.01905345493069945
193,0.04228225590681996,0.9289466459430411,0.009872207645097981,0.006161388497575327,0.012737502007465826
194,0.012405620929636095,0.954724622555737,0.01896697879687816,0.0054431175927663,0.008459660124982513
195,0.025376489019714742,0.9524861825417934,0.0014605496182881262,0.01471038173731283,0.005966397082891194
196,0.01562711300414628,0.955132075310017,0.0036181957886931896,0.009488839572425817,0.01613377632471775
197,0.016413295842361595,0.9743099600258964,0.0016320440259273632,0.003579595212539071,0.004065104893275726
198,0.010054877298292821,0.9671582435927316,0.017358335884195854,0.0016981023899981153,0.0037304408347816147
199,0.06493277780963154,0.8318519374640088,0.023187284865271662,0.0088261285837701,0.07120187127731807
200,0.05087690467436901,0.8713626611122357,0.05119781311027518,0.0069120532201444405,0.019650567882975596
201,0.09279553372488819,0.7986022900379965,0.03466010178256811,0.012988625863205771,0.06095344859134133
202,0.04002754171018187,0.8932619546194008,0.05065828583747993,0.0024854912294208996,0.01356672660351652
203,0.017484790889092522,0.8924869148500831,0.08122939366930729,0.002126894127030067,0.006672006464486782
204,0.13182310330351343,0.7566939286533373,0.07680699311715175,0.0022470584418258434,0.0324289164841717
205,0.03427193249451522,0.8519670123785132,0.10299538821783953,0.0006944139719189806,0.010071252937212971
206,0.004994125158055597,0.657879724015617,0.3312027995758918,0.00039729771615587697,0.005526053534279672
207,0.02018924988424007,0.7348453021215217,0.23923688398005966,0.0004900755475513502,0.005238488466627048
208,0.027627000151764978,0.5255797081404573,0.43943446664189645,0.0006061888868915155,0.00675263617898999
209,0.014132282287056252,0.7656882077675555,0.21156028693006826,0.0008821227818435429,0.007737100233476282
210,0.07274976520900667,0.6184852514626642,0.28647191335136457,0.0018252848619851074,0.02046778511497947
211,0.15670892417842486,0.5914496811308404,0.24266986052031855,0.0011277284791893433,0.008043805691226912
212,0.012037784793437319,0.7585670610737958,0.2239688413896914,0.0006023392694503589,0.004823973473625181
213,0.04413009917480116,0.4436434115501253,0.5031980916208388,0.00105070671103316,0.007977690943201452
214,0.015723951459939364,0.8153274326135289,0.15512210611961738,0.0013324052704386511,0.01249410453647571
215,0.08000483180412889,0.5125321367952783,0.3860794865229252,0.0018926535541704498,0.01949089132349732
216,0.019503750015654936,0.20379803443990804,0.7709468780154306,0.0005313393610500018,0.005219998167956378
217,0.0046372721323128295,0.6376301608333325,0.34914002575832337,0.0020277357563566172,0.006564805519674868
218,0.05295326418091591,0.5617004923329401,0.358626461437001,0.006777908788049187,0.01994187326109396
219,0.013186179484059816,0.23293904019833842,0.7316546465156221,0.003406054232298082,0.01881407956968164
220,0.01749081415859834,0.3980518741594418,0.5721881959340006,0.002209160512665268,0.010059955235293795
221,0.019415924537167863,0.4589909558066419,0.5127911709696004,0.0017928437306412705,0.007009104955948587
222,0.03942618493918887,0.2863425132729279,0.6583013903533599,0.00367946513060241,0.012250446303921057
223,0.061952232978660704,0.2702786676063858,0.653114266257368,0.0032808891183174317,0.01137394403926816
224,0.0025652768301499965,0.11118837210097413,0.8827638909154856,0.0007010558177585936,0.0027814043356316634
225,0.021763479673135796,0.18988800534255437,0.7761995295794977,0.003931107521197071,0.008217877883615173
226,0.019688075048343568,0.37206766151629667,0.5905171948699546,0.007935327116214216,0.009791741449191045
227,0.0019420797887441746,0.17474798960049662,0.8197020264020934,0.0015196208045310188,0.0020882834041349033
228,0.002110048123488622,0.07867030692197426,0.9170023070488343,0.0010259216212659484,0.0011914162844368214
229,0.0056564329049482295,0.18034644672848685,0.8075178952405441,0.0020165113196354283,0.004462713806385422
230,0.0025137308670435425,0.26181722512847144,0.7319829761252953,0.001147361844320955,0.0025387060348688083
231,0.000750344706647084,0.06949424285852063,0.9288336448930894,0.00027181977369629987,0.0006499477680465964
232,0.0011980393388898345,0.09232563375823305,0.9053843721345319,0.0004292757868703005,0.0006626789814749405
233,0.0007970858242441784,0.11401981037518746,0.8841925968787681,0.0004803742362227042,0.0005101326855777867
234,0.0005787664584965238,0.075292174663226,0.9231809735039532,0.000316479539948977,0.0006316058343753605
235,0.0011174174738496656,0.06810270862751895,0.9294861883141445,0.000427787390718275,0.000865898193768634
236,0.0011925787987916987,0.05116215995254378,0.9457720720321238,0.0009018888860604558,0.0009713003304803593
237,0.0017155974589152597,0.1666263003632648,0.8295176462911563,0.0011329399507322819,0.0010075159359313971
238,0.00030414669743891054,0.06545502578377711,0.9331778451785238,0.0005007952449041063,0.0005621870953559884
239,0.003769164297626974,0.15108331340904088,0.8414300041351488,0.0012305925430973006,0.002486925615086038
240,0.0007620116034642752,0.08473566802189965,0.9134512526468631,0.00037242505889624873,0.0006786426688766058
241,0.0032602428102489196,0.11021264300852888,0.8840594037506139,0.001160348319265667,0.0013073621113426348
242,0.0009245154515360345,0.06196051209582771,0.9355777639657249,0.000662336769632734,0.0008748717172786699
243,0.0013380124811667056,0.10317682551654818,0.8934540637506133,0.0007867929111536996,0.001244305340518279
244,0.0006954860207341442,0.04421751512254673,0.9537255082217891,0.0006514226303653663,0.0007100680045647267
245,0.007184796892303864,0.18038551692094507,0.8079719389929083,0.0019462152768336093,0.0025115319170090932
246,0.011649429820925466,0.21510263621224154,0.7628982405704686,0.004983615269345317,0.0053660781270191025
247,0.0018180281129035398,0.19222653203636195,0.8004785820854375,0.0021136411656507486,0.0033632165996463695
248,0.0009935918379451799,0.20013725181774922,0.7966700696307207,0.0006133957490126613,0.0015856909645721876
249,0.0016140026013208295,0.15039772219197428,0.8455439140907394,0.0002611278022027773,0.002183233313762803
250,0.007836637156091435,0.4835089640326909,0.504858812822404,0.0011198869418608366,0.0026756990469529035
251,0.0010116529558685929,0.3003029189848995,0.6973455055707597,0.0003225934367720533,0.0010173290517000021
252,0.0034585089331173944,0.2113090145820521,0.7827623989435505,0.00046177585729755943,0.002008301683982386
253,0.0009475765158522115,0.18787352555513828,0.8103210112609883,0.00021705790946037335,0.0006408287585607594
254,0.00026942458609556074,0.16571450404295276,0.8334588485188096,0.00013194451680957064,0.0004252783353324144
255,0.0011340856056914644,0.14832245707344477,0.8493197817922447,0.0004475460355629876,0.0007761294930561552
256,0.0009758416521608237,0.11795978236383832,0.8788538858706111,0.0006198792996378528,0.0015906108137520697
257,0.0007693427810878462,0.10113669533991161,0.8959981755594516,0.0006096919315608306,0.0014860943879881818
258,0.0012708780937005883,0.24556422365218022,0.7519043516070537,0.00028085316075896567,0.0009796934863064211
259,0.0006040703181480677,0.10285062433016652,0.8958819213883161,0.00015920588096792816,0.0005041780824013508
260,0.0037069082270675016,0.1100314598005354,0.8830826821648114,0.0006551412158965295,0.002523808591689124
261,0.0011452840217823208,0.19431917986379504,0.8035613524750493,0.0002312708759351349,0.0007429127634381738
262,0.00042019360252882747,0.14408303358058425,0.8551097557911784,0.0001494096479260682,0.00023760737778242698
263,0.0008528384055493136,0.16418855539626903,0.8341500416359068,0.0002754570881033006,0.0005331074741715227
264,0.00025115197889834576,0.07211541716798012,0.9271024593940024,0.0001526980382200297,0.00037827342089924985
265,0.00030562884390663956,0.15417231116672703,0.8444680973136875,0.0003124936973691626,0.0007414689783095372
266,0.0006004477011454597,0.09702233504642839,0.900963709706089,0.0004315538197605665,0.000981953726576681
267,0.00017688976147960426,0.07337129969814893,0.9260194377263065,9.368232378701978e-05,0.00033869049027814333
268,0.00023477109586828406,0.15876439761679836,0.840225827453423,0.00012638951365574242,0.0006486143202545684
269,0.00040331692012439104,0.12827421329269026,0.870468144462499,0.0001456461231686374,0.0007086792015177558
270,0.00029491736387302937,0.07851648264656778,0.9204034569119524,0.00016281052655277964,0.0006223325510539896
271,0.0006788159514669517,0.1518804364923235,0.8463046076862969,0.00032559717388315533,0.0008105426960294982
272,0.0006602799608761175,0.04681745311846952,0.9517916906213949,0.00016808731407418664,0.000562488985185238
273,0.0013218694381436525,0.086300316496176,0.9105693790961078,0.0004789200211265721,0.0013295149484458893
274,0.0005945478574534857,0.09027786525174686,0.9083740865043537,0.00012969038681993425,0.0006238099996260996
275,0.0002989736530676523,0.12673563122598377,0.8723016111388443,0.00011214993839820676,0.0005516340437059033
276,0.00026287681352120667,0.05370825443649146,0.9450714043061106,0.00018863048488222727,0.0007688339589945936
277,0.0004173333275902699,0.12057017374192237,0.8783246421213654,0.00016679304733426106,0.0005210577617877127
278,0.0007283411504756497,0.13328535460659777,0.8647724575347948,0.0003534138789877415,0.0008604328291440521
279,0.0008387772437008566,0.1367421021284729,0.8615183163478605,0.00023114255730185437,0.000669661722663997
280,0.0005347589588740166,0.11298293586304028,0.8858713233015455,0.00013121728128392428,0.0004797645952563351
281,0.0007773322999123534,0.13899376610226646,0.8589349119608557,0.00043717263656030744,0.0008568170004049754
282,0.0008870669880727953,0.12164742102140955,0.8761065633526528,0.00042295933397286405,0.00093598930389199
283,0.0016888113606391834,0.2627404756566009,0.7333000512450474,0.00039337267647194775,0.0018772890612406316
284,0.0008953293892204334,0.13542834357072409,0.8624502830388266,0.00020590413879650703,0.001020139862432315
285,0.0003748342788215096,0.20810858300929427,0.7905059788291624,0.00012318908927362116,0.0008874147934481626
286,0.005025743902281376,0.19639231285227066,0.7963301633802451,0.0004277188969088557,0.0018240609682939812
287,0.00043923304140458557,0.09028968938626254,0.9081810629093059,0.00022176072700218742,0.0008682539360245577
288,0.0006196390252933525,0.14786727658691778,0.850357393902006,0.0003633833202174459,0.0007923071655653314
289,0.0041626172919422486,0.23703726059789684,0.7565180554537245,0.0005606238008115109,0.0017214428556249057
290,0.0027581277482232863,0.21612101165031233,0.7794036162317471,0.0003840346752136108,0.0013332096945037118
291,0.0011402132836884043,0.12744638898986047,0.8694920931466298,0.0003526270592104369,0.001568677520610918
292,0.0003706196815527542,0.10900794327884877,0.8899895559936962,0.00010266205835710116,0.0005292189875451768
293,0.00018739639555977305,0.10386652186919985,0.8955603168055973,7.300266041990968e-05,0.0003127622692232335
294,0.004434532721990075,0.21841395989232965,0.7744935874576421,0.0006440112485907901,0.0020139086794473964
295,0.00046536365400399614,0.12386134540527532,0.8749982059717649,0.00020246524393900008,0.0004726197250168744
296,0.0014583746772713945,0.10986880305200118,0.8873911601500187,0.00036196810797854017,0.0009196940127299781
297,0.0006933807024516616,0.18337588839620048,0.8146871456568262,0.000291690275034622,0.0009518949694868976
298,0.0010559601871181156,0.15266274163187282,0.8449533794671009,0.0003038237096665764,0.0010240950042415093
299,0.0025172814660722313,0.2256196486535066,0.7669104548130802,0.001180116640711528,0.003772498426629479
300,0.0015867426264881974,0.20420554783480885,0.792705302868034,0.00033751310261934337,0.0011648935680496678
301,0.00230949480717879,0.12429899286995413,0.8702572297375045,0.0014966027997119595,0.0016376797856504594
302,0.005989343599128513,0.38636316920635516,0.5960762565211082,0.006445361512070496,0.005125869161337688
303,0.008542696458559497,0.33984526857856334,0.6151839831063686,0.03061767060582938,0.005810381250679178
304,0.06845930159459915,0.6181926708838626,0.17455205603059817,0.05729972347847414,0.08149624801246595
305,0.047473805228251925,0.11110828017732134,0.0124560958209833,0.020320205196712723,0.8086416135767307
306,0.4033990095883146,0.38121496994535886,0.003657764637033879,0.10651910971712227,0.1052091461121704
307,0.3122488825386857,0.543381227769852,0.017368274908101857,0.02226268157550388,0.1047389332078567
308,0.1663160528598433,0.7355373292039801,0.0022984256135065123,0.06123484699413807,0.03461334532853202
309,0.11770063672695191,0.336775274164129,0.002061016209474448,0.4303639522449348,0.11309912065450967
310,0.07265178505289115,0.21810863729713917,0.0004361538652143431,0.5600451706419143,0.1487582531428411
311,0.057572271013237156,0.10879323484190188,0.00022120872370432767,0.7798779948331419,0.05353529058801485
312,0.2618615673105681,0.2688530761922091,0.0007906170275525596,0.4101736903296111,0.0583210491400591
313,0.10275138442235952,0.29603415911839653,0.0003364956116845625,0.5569589511074474,0.043919009740112015
314,0.06543688258427284,0.21699282727603078,0.00016078974990283028,0.7111667695308074,0.006242730858986174
315,0.0689464116963592,0.4018388894335897,0.00062813928768985,0.4919649946984392,0.036621564883921875
316,0.05219853237366307,0.5217769527662207,0.0006276989302056992,0.38825430712919773,0.037142508800712744
317,0.07565003153574244,0.12172985726341032,0.00024698354076476244,0.7739045424969938,0.02846858516308867
318,0.04510025034760333,0.4069566424058741,0.0005679020044677612,0.5051406961081409,0.04223450913391382
319,0.03932504752833161,0.5850974696999983,0.0005081879778189267,0.34403275591161475,0.031036538882236453
320,0.0857063260831132,0.4200144737923597,0.00046978834481844686,0.42543676358703036,0.06837264819267826
321,0.0753521201026814,0.36062596848989803,0.0005185294103960138,0.544269354286335,0.019234027710689477
322,0.10587490942662361,0.5349332167224349,0.0007349207361468296,0.3430640458005005,0.015392907314294246
323,0.07406616508606566,0.3649920569626623,0.0014331948566123594,0.43691327831077503,0.12259530478388442
324,0.027494467197945696,0.8662263612687756,0.0063052846848963276,0.08439943524751412,0.015574451600868188
325,0.06815034240388396,0.1323190226024283,0.00043878679648935297,0.707065372873471,0.09202647532372736
326,0.08383670866227846,0.22367235975932334,0.001512565350172452,0.61328899616821,0.07768937006001579
327,0.06573271893580057,0.44967459111037755,0.0009908940421065535,0.2317306510220245,0.2518711448896908
328,0.08459187007327526,0.3624714664472468,0.0007874196994743154,0.41373729439771617,0.13841194938228746
329,0.06835756492754108,0.24453882343986824,0.0016727554927953956,0.20281700053773183,0.48261385560206344
330,0.016018819229629742,0.016233994773836743,0.0001581422130208375,0.037865926748170665,0.929723117035342
331,0.15379898845872197,0.05252197920219808,0.0002914406247865345,0.1143264270172089,0.6790611646970844
332,0.29637619122563863,0.17874962438078937,0.00044327323269949156,0.1022129098488661,0.4222180013120064
333,0.24060452053534745,0.6437498808455708,0.0006587905458885103,0.07859620660114483,0.036390601472048416
334,0.08495133578827414,0.38470671545328594,0.001542965441033976,0.3533593422152374,0.17543964110216864
335,0.05031155499046225,0.8291633835468804,0.00392578067841182,0.10380775267448365,0.012791528109762147
336,0.11694750871662611,0.4127222045343612,0.0006644414154739643,0.2488633733444968,0.22080247198904196
337,0.07124270749289609,0.4668037897880364,0.0012641822107472666,0.384458976881321,0.07623034362699922
338,0.11996111577790121,0.5966815435656655,0.00503995656804364,0.07618890022199049,0.20212848386639923
339,0.05181390388479122,0.7822489076201495,0.003335606913292582,0.10535935027558506,0.05724223130618169
340,0.06486657829575952,0.6628485329547096,0.0023940537210018972,0.13220165927127708,0.13768917575725179
341,0.05192161954710704,0.015065954858005172,0.00015396335105927243,0.03703245437554889,0.8958260078682796
342,0.2523683693188883,0.043964336574864385,0.00011173026433240076,0.11830359061413323,0.5852519732277818
343,0.21975296013945622,0.09227158498791897,0.0003902994727036548,0.1597315119015696,0.5278536434983515
344,0.26969023146189675,0.5775662894486325,0.0016862196116178636,0.08529545884601646,0.0657618006318365
345,0.04242549000646637,0.1346080001909953,0.00337801349996752,0.02923476916064308,0.7903537271419278
346,0.3524335018114513,0.1444369872958382,0.00030428635156538484,0.07001100836866664,0.43281421617247856
347,0.3395347714557121,0.21165826665824752,0.0006897645291363532,0.18126540924472692,0.26685178811217714
348,0.10537702177284006,0.1718646494512792,0.009748020637636847,0.06656750809694979,0.6464428000412942
349,0.48356672429673114,0.19046305194814447,0.0013894143937001732,0.07543815888701988,0.24914265047440426
350,0.12126364194296775,0.6358965287181875,0.0017901656112305907,0.03753014334434036,0.20351952038327395
351,0.03947169585607784,0.5139303629162216,0.0023481236949882763,0.031297647534327025,0.4129521699983852
352,0.12508454467025285,0.2345290073068618,0.0009648358165771397,0.1854238880516754,0.45399772415463285
353,0.11278895748148103,0.0905750234964107,0.000585278500412356,0.04552241563210921,0.7505283248895867
354,0.19061147296452627,0.23176609010633176,0.006929899771047188,0.09955633776410047,0.47113619939399426
355,0.05879720926904134,0.153133153686547,0.010262658429950462,0.053447537216784996,0.7243594413976763
356,0.06818022932076415,0.20134359933373586,0.007616358692021776,0.105791703470995,0.6170681091824831
357,0.027924321463429283,0.08832157932586827,0.009644849749943988,0.07845999954208636,0.795649249918672
358,0.0369231435324721,0.49798855756901494,0.00982576587451301,0.05752979768778988,0.3977327353362099
359,0.050235752754425156,0.016287321279114284,0.0011586858524254358,0.06568479665631191,0.8666334434577232
360,0.08267728216866208,0.09224290366659936,0.001969773855071978,0.09528767279554898,0.7278223675141176
361,0.12147078189508034,0.07819425239403954,0.0010199112934972413,0.07981602781655191,0.719499026600831
362,0.0021573566429921513,0.0025889897403283684,0.0005597050680094783,0.002161948004954558,0.9925320005437155
363,0.003030085094851099,0.0005079310156695173,1.1165071301314144e-05,0.0008470742551530477,0.995603744563025
364,0.04926852753305924,0.0016890962414646772,3.179139529780317e-05,0.002792695976595618,0.9462178888535827
365,0.16455004378184204,0.013110343374437682,0.00011636034410631652,0.029711192510204803,0.7925120599894092
366,0.5115874204181251,0.0221092898813119,0.00010523729167810759,0.04592339906039377,0.42027465334849107
367,0.08741457535416366,0.09274752056099736,0.000892120084543418,0.09717797077875776,0.7217678132215379
368,0.13651430678577545,0.42289524768425646,0.0013884586172254083,0.21660510643057515,0.22259688048216755
369,0.09499122848233052,0.213862592962883,0.0014702769814746149,0.452012654447262,0.23766324712604997
370,0.0954147662868022,0.2528367411102357,0.0005365282030881847,0.3073400345421202,0.3438719298577536
371,0.18534585739203918,0.13949240788900955,0.0005875936828636084,0.4594483557051138,0.21512578533097398
372,0.1820032168152611,0.2976054368984394,0.0004578778472075756,0.3087674200920609,0.21116604834703112
373,0.09722407131827679,0.49804227724673866,0.0014121314004857128,0.2857251671491136,0.11759635288538536
374,0.08997414924022129,0.520416670320893,0.001998022420356261,0.08237853272057427,0.3052326252979553
375,0.14070982767970297,0.3466280494913147,0.0017082780762813193,0.1337442897872336,0.3772095549654673
