epoch,N1,N2,N3,R,W
0,0.006292157700600348,0.0004795621792429994,1.7765978819500056e-41,0.0002961953856865272,0.99293208473447
1,0.030822763432441867,0.00168633155809404,2.477933624222641e-41,0.0007065875505383245,0.9667843174589258
2,0.020872606587684646,0.0016292261754925885,1.2787654484463056e-19,0.0005960198705164835,0.9769021473663063
3,0.0013551719513768957,0.00011948564627253387,5.492547207381144e-07,0.00012666848540844708,0.9983981246622213
4,0.06284600153906442,0.0006407659531397663,1.4572745324888404e-06,0.0008856941948551148,0.9356260810384083
5,0.23612656461251041,0.002568236583951876,6.825107078036384e-06,0.0018274374849804752,0.7594709362114792
6,0.1777040027621841,0.0014757528643201733,5.4523887357348045e-06,0.0020308663685880213,0.8187839256161719
7,0.15395822664005582,0.0036833730039544043,7.66065777991797e-06,0.005516468967616432,0.8368342707305934
8,0.049735482876661276,0.01459534347666347,3.662259522020434e-05,0.012813284557796553,0.9228192664936584
9,0.0045237816295104665,0.000377778447050967,4.7230152490166004e-07,0.0007576021242751609,0.9943403654976386
10,0.3491557635618431,0.0028220403385284887,6.112067236880518e-06,0.008216690769170733,0.6397993932632208
11,0.3911194884109807,0.004178465293363325,7.661668125059011e-06,0.02647127116975202,0.578223113457779
12,0.33116937869959884,0.003484717102497861,1.1981891415202735e-05,0.010634534132336046,0.6546993881741521
13,0.24621158427348433,0.009112482517317328,3.241888083528081e-05,0.05624784655117694,0.6883956677771862
14,0.28918944130784074,0.02313630267996472,4.381867688593579e-05,0.04877101006088457,0.638859427274424
15,0.2805194834219501,0.013207125079174702,2.279069215972918e-05,0.03780810143980182,0.6684424993669136
16,0.2783247744883539,0.05619314661018147,5.528855225609093e-05,0.16148756257938823,0.5039392277698203
17,0.0522847796081925,0.012871868435246884,1.5416437562502595e-05,0.037638356905578076,0.8971895786134201
18,0.08424933226123674,0.011302863721427345,1.4706598206035913e-05,0.05444165341944417,0.8499914439996857
19,0.15486785645658513,0.04825706575065394,3.7453409640172385e-05,0.20138614570532615,0.5954514786777947
20,0.05765831759292934,0.013293576778555048,8.300068497423349e-06,0.022808405795526728,0.9062313997644914
21,0.05028977714292394,0.004100164742257632,1.1375562553816337e-05,0.007855976279810505,0.937742706272454
22,0.05558027553986386,0.01637142122290007,4.210197764688884e-06,0.006943335005280047,0.9211007580341912
23,0.5895061005669879,0.015043083617050269,4.313970102793748e-06,0.029945563208526704,0.36550093863733246
24,0.5122082290537666,0.02608702946504124,1.6325512415042317e-05,0.044866523817603754,0.4168218921511734
25,0.35043743239413766,0.051173602644862946,6.782399777867415e-05,0.08655604308481431,0.5117650978784063
26,0.15280973562856245,0.021516728968531892,6.723312264371708e-05,0.08385259937176988,0.7417537029084921
27,0.10140000505361517,0.09107401991616709,0.00014386667853553316,0.04749929087431158,0.7598828174773706
28,0.04274518736358706,0.051980689114041995,8.08597238921125e-05,0.022407515089454003,0.8827857487090248
29,0.4001736200546648,0.24531247001435746,9.652861604241715e-05,0.055512788253184876,0.29890459306175043
30,0.4604899007069806,0.0830595743171196,9.93291308424673e-05,0.08089652805223135,0.37545466779282594
31,0.45009465993186354,0.16073033048107147,5.552071520139259e-05,0.05870069531843073,0.3304187935534329
32,5.4419357380213925e-05,3.494724219959102e-05,2.735774567989996e-06,6.393814178770472e-06,0.9999015038116733
33,0.17361391273898025,0.002524072361489346,2.202231742363617e-06,0.0021292877011567838,0.8217305249666312
34,0.8054875729790595,0.01412152255711701,1.5328526586692538e-05,0.0027277604843303563,0.17764781545290645
35,0.8045757124253028,0.02117586645730719,2.893065942886418e-05,0.002500500569280042,0.1717189898886808
36,0.7619146819105166,0.18394931056247293,0.00018464921820027566,0.018858592676564336,0.035092765632245865
37,0.5779922012495244,0.2847346552590924,0.0003395791927500792,0.07117348828386114,0.06576007601477185
38,0.4315890012590357,0.4992764671485355,0.0011694116710973205,0.0389874058406692,0.02897771408066243
39,0.09866510517868612,0.8640375527777383,0.0007815582666687793,0.02215109757852906,0.0143646861983777
40,0.03308611947926769,0.9600304645087984,0.0002501075358294961,0.004317187830911945,0.002316120645192739
41,0.02973085160195848,0.9640872615169974,0.0005750170141140318,0.0020986672612440444,0.003508202605686137
42,0.08855445365086378,0.8912072463560061,0.0007159511488022492,0.00719718562656771,0.012325163217760135
43,0.02704294100098748,0.9667624341866541,0.0014666553292379352,0.002481280169664115,0.0022466893134563456
44,0.025117725031472405,0.9684959474032562,0.0027378083003829785,0.00115291817136737,0.0024956010935209124
45,0.013707434212363628,0.9745694614580919,0.009494023128394844,0.00037973448357567306,0.0018493467175741338
46,0.03607086400314087,0.9525029968844049,0.006084241161615091,0.0027021960028693203,0.0026397019479697664
47,0.051899453688716894,0.9318692718591556,0.012606118964597365,0.0015298702922598502,0.0020952851952704132
48,0.008635804585062546,0.9652877677048465,0.02415281272516015,0.00023997473072047355,0.0016836402542104402
49,0.01738243652346071,0.9474115880290311,0.032210563037691174,0.00021228757581875793,0.0027831248339980855
50,0.007493209611097267,0.9347475471826935,0.055644940960219436,0.0001144344803368346,0.0019998677656528695
51,0.02240069727455186,0.9349633923040526,0.03955694917589831,0.00027635058202223056,0.0028026106634748624
52,0.004215314268489201,0.8915518924762521,0.10244074478609992,0.00014145667127677837,0.001650591797882139
53,0.01622287057472498,0.9203297931210498,0.059653062761368676,0.0003574253995813013,0.0034368481432753527
54,0.009540747189429506,0.8300132590580764,0.15761058342512285,0.0002657371102769884,0.00256967321709404
55,0.015107545522035325,0.8144090741200398,0.16739408156996013,0.00040391288421399275,0.002685385903750788
56,0.014410770440729668,0.8430970341948726,0.13987283328397765,0.00021247377246625635,0.0024068883079536867
57,0.006836599162976378,0.7255315302454994,0.26351757229747597,0.00010190504599137262,0.004012393248057079
58,0.012271125451275306,0.8160171127740001,0.16785009890796046,0.00028982942086844607,0.003571833445895686
59,0.004032956937537005,0.779694515312864,0.2126672193372061,0.00027320769519482936,0.003332100717198019
60,0.008227226839646872,0.9023542313696842,0.08460853185804237,0.0013859863518576535,0.003424023580769128
61,0.0036302076209682992,0.7400851379009241,0.2527075769765954,0.00040190218335198094,0.0031751753181603645
62,0.23447766852380827,0.6835051862057069,0.020724039218659923,0.006737222367694184,0.05455588368413083
63,0.11015786395366106,0.8290948779981386,0.04856047515274936,0.001582179797731239,0.01060460309771984
64,0.046808066714585185,0.9232457787922801,0.02587930290399437,0.0005360142280944081,0.0035308373610459906
65,0.0087986468847155,0.8922805472748055,0.09439877813512663,0.00012119583983188726,0.004400831865520483
66,0.009746493422225394,0.8976611587594293,0.08980464587404044,0.00013619851031621339,0.002651503433988559
67,0.0025468133426403004,0.8900607636041371,0.10529234160342044,0.00016304974758309993,0.0019370317022189432
68,0.027002901322420964,0.8023442549863515,0.1668747183127947,0.00034719536471147376,0.0034309300137212702
69,0.0014152717042847027,0.5272484086181196,0.46871896357936643,4.1246727446710844e-05,0.002576109370782482
70,0.005283898141703428,0.8078279299428041,0.18383532042361977,0.00015611522171944146,0.0028967362701531273
71,0.001751340601833582,0.8097149523905307,0.18605753953850906,7.379896329643488e-05,0.0024023685058301913
72,0.001243529534630143,0.7867014439582813,0.20940122334782774,6.609935416600393e-05,0.002587703805094709
73,0.000893465742031151,0.7075191242804663,0.2898398676501702,4.766048491186076e-05,0.0016998818424204401
74,0.0014527281931739334,0.7301641757378434,0.2661708973603601,9.824199201538109e-05,0.002113956716607412
75,0.002206266322017444,0.6910210416265301,0.3046547460617824,0.00012363287663076864,0.0019943131130393164
76,0.0011426620732959386,0.2980748017670779,0.6988536727262983,5.339636897050554e-05,0.0018754670643573409
77,0.004577794406596596,0.6481897492158633,0.34453194566949474,0.0003180545429648239,0.002382456165080503
78,0.0004921098611407957,0.2022604612472739,0.7958495607329152,1.2098895734658396e-05,0.001385769262935353
79,0.0008909342150690421,0.374753400044864,0.6228948648768904,2.605881883320811e-05,0.0014347420443434223
80,0.0010658955079485958,0.5102793715702221,0.486922571690183,3.355921552381197e-05,0.0016986020161225389
81,0.003768987118999721,0.5665010862841812,0.4257771979256832,0.00010924050765033269,0.003843488163485678
82,0.001001701107675596,0.4897357319698022,0.5072832586846798,3.383116298046926e-05,0.0019454770748619987
83,0.0011063182835837429,0.5079445909906035,0.4889886572977597,3.630768466980138e-05,0.0019241257433833142
84,0.0026333998831759705,0.6680670102222509,0.3276161501761253,7.501639466445028e-05,0.001608423323783323
85,0.0005867035168460462,0.5202852095416624,0.4776727449972551,3.101048147585188e-05,0.0014243314627606864
86,0.0011303689715478245,0.40313310401841657,0.5930192008054654,4.7264964142707986e-05,0.0026700612404274896
87,0.002694993386159457,0.6240426585560932,0.3710653606564648,6.717461248890502e-05,0.0021298127887936255
88,0.0012127706484279736,0.5663887356500678,0.43063031933447476,3.701052493594377e-05,0.0017311638420936335
89,0.00331833429287476,0.5583987456066972,0.4338098690558663,3.696637161503908e-05,0.004436084672946654
90,0.0006213787776321001,0.5225582326281942,0.47560733072327777,2.0185147620551875e-05,0.0011928727232754534
91,0.0012999890975403706,0.5356193729740181,0.4614263905596828,3.7854928592098696e-05,0.0016163924401666183
92,0.0012047233616037315,0.4830908138541845,0.5140349577496366,4.1359093359968216e-05,0.0016281459412152677
93,0.0006588116017406186,0.44231464953317423,0.5557306156398644,6.205653605531338e-05,0.0012338666891655217
94,0.001058980316671711,0.4345804530945017,0.5631378769160448,6.657549262092983e-05,0.0011561141801608112
95,0.0007925383428757818,0.42159545482376254,0.5762829425520319,6.044052270245261e-05,0.001268623758627417
96,0.00021390421564587976,0.28598493172834333,0.7131490463172647,2.4736055255620275e-05,0.0006273816834904209
97,0.0011272680161922828,0.5684765228829068,0.4292139461547602,0.00014422757573313863,0.0010380353704076432
98,0.0006503085209786991,0.3883710199978118,0.6094030104833073,6.505304076750157e-05,0.0015106079571346083
99,0.001072199885961353,0.43347389797664415,0.5643331761374228,8.291652699692866e-05,0.0010378094729746226
100,0.00032855478579135,0.36762295893713637,0.6312264255812892,3.9362447817472314e-05,0.0007826982479656354
101,0.0011643517140841868,0.49070410153264776,0.5066700759405066,8.99873598058219e-05,0.001371483452955626
102,0.0004761586075456248,0.43588340138536935,0.56271365020582,5.2425068819085075e-05,0.000874364732446037
103,0.001403988320780131,0.6225933151667435,0.3744585747537908,9.411231796211367e-05,0.0014500094407233202
104,0.0044343861465867265,0.658865420432324,0.33516139030855285,0.00011993837542110927,0.0014188647371153108
105,0.0005749996910303837,0.4543267858799706,0.544104934273876,3.067346621275913e-05,0.0009626066889104173
106,0.00028396015947447446,0.3867465393148867,0.6121476564611302,1.676909419061634e-05,0.0008050749703180678
107,0.00036405433318621884,0.43624382229370284,0.5625208299396917,2.9667088446986245e-05,0.0008416263449723759
108,0.0005079459961146708,0.4453413682140401,0.5533352072517758,3.853002951672302e-05,0.0007769485085528178
109,0.00024188481413657588,0.3249390091392741,0.6739733575668274,1.9197624884091584e-05,0.0008265508548778711
110,0.0006885359406489976,0.43760853013671375,0.5606866349062877,4.763552474172738e-05,0.0009686634916078068
111,0.00027154943539567253,0.3960426003117534,0.6028742833484678,2.5606787752929235e-05,0.0007859601166300819
112,0.000525247436601019,0.46670483308610206,0.5316348205567984,5.3125486744810104e-05,0.001081973433753747
113,0.0009926568453036586,0.47253250966878413,0.5251759575187672,5.334578825327558e-05,0.0012455301788917392
114,0.00022963866326620438,0.41848512794703535,0.5806749609446653,1.9854081040117698e-05,0.0005904183639929916
115,0.0013345458510233004,0.6099391922487033,0.3874126934618793,9.042217148062753e-05,0.0012231462669137529
116,0.0002969573292008417,0.45360002871030697,0.5453734346596357,2.668005501712177e-05,0.0007028992458393139
117,0.0004578433802641445,0.48800411382799436,0.5106110783236071,3.559534847434038e-05,0.0008913691196601397
118,0.0003774292318117531,0.5195471073547432,0.47916513214678264,4.52515761005398e-05,0.0008650796905618537
119,0.0005090063182566296,0.4422332087095132,0.5563278764309955,5.612776599264441e-05,0.0008737807752420944
120,0.0015687445526261226,0.450615083456099,0.5451554637256436,8.538361439123532e-05,0.002575324651239961
121,0.0018355737073320881,0.5504243646664686,0.44492513316268373,0.0005270639658463923,0.0022878644976691604
122,0.0016562087801262515,0.5896557228616408,0.4050175786544265,0.0009827372868666596,0.002687752416939721
123,0.00632612798041212,0.6947187979777796,0.28980651811975017,0.0042877638537212005,0.004860792068336884
124,0.2462948337148145,0.5714032556878069,0.0401971023253363,0.053332296005982674,0.08877251226605955
125,0.22045862049562287,0.41892936236598777,0.005152069200972495,0.2846569730972366,0.07080297484018044
126,0.08548780181251331,0.14205496087660618,0.00065479998568522,0.00613880811675835,0.7656636292084368
127,0.018966125670478007,0.006228447525284744,4.109976331103914e-05,0.001982588231845489,0.9727817388090808
128,0.5384914010990439,0.08179816553842387,0.0002100130637513183,0.039014439250857305,0.3404859810479236
129,0.7973030145489303,0.08436332571275157,0.00017214073751317134,0.028219182833425623,0.08994233616737939
130,0.22141662600404832,0.043259360411513195,8.27537120595282e-05,0.00768959134040029,0.7275516685319785
131,0.4947445924092413,0.11329727464039806,0.0002370089593878601,0.09165685024970115,0.30006427374127154
132,0.5229685940303358,0.20744946141598578,0.0007482822091806159,0.09869682118573696,0.17013684115876093
133,0.45679640103092733,0.15807922027383822,0.00043584306617972776,0.0906210901504901,0.29406744547856456
134,0.23949511018055372,0.22561066628297713,0.0012739848432648507,0.4331322393545296,0.10048799933867482
135,0.13173296171693002,0.7071144286483043,0.0004923738977114444,0.026765079045792627,0.13389515669126156
136,0.0021071672013505288,0.000721240488578859,5.393040595370636e-05,0.00018910874566783014,0.9969285531584492
137,0.49440042617969376,0.06384304781014925,0.00014358511463014828,0.04554423882424779,0.396068702071279
138,0.6095286108696402,0.07423019527749773,0.00012064290580665645,0.05180497762674419,0.2643155733203112
139,0.5059741351686983,0.05150658118598069,4.465476634601743e-05,0.05019148653024159,0.3922831423487334
140,0.15308946920065708,0.1454917828699039,0.0001592408333429506,0.6377235793353218,0.0635359277607745
141,0.08092364593648062,0.6166669188934205,0.0010169242830044157,0.25652986336912004,0.04486264751797445
142,0.07600412563653339,0.10225714948070481,0.0003072859682002646,0.018049404630881744,0.8033820342836797
143,0.5534842828693963,0.08769919396106483,0.00023328269690326076,0.10639789484789153,0.25218534562474415
144,0.05721070569107488,0.029458101326349302,0.00010266179782944639,0.0064626818308645365,0.9067658493538819
145,0.34773973510392814,0.028266552381231793,8.842693098657213e-05,0.005514583904194938,0.6183907016796585
146,0.8887647389438346,0.03650152586353908,0.00010330941783726244,0.0035389475185340067,0.07109147825625484
147,0.6415099159551991,0.3139497078133406,0.00015119548143396918,0.006670551308780936,0.037718629441245335
148,0.6988984350615145,0.20416241517782285,0.00031173013652217646,0.05046525801234593,0.046162161611794456
149,0.03540642257822799,0.9325465179595097,0.001121013821739372,0.023214485348792162,0.007711560291730607
150,0.25035671317179214,0.41985880342526427,0.001620312296587587,0.07988875710254006,0.24827541400381578
151,0.12953859570488474,0.8015968285694216,0.001751734528304047,0.028601992119394407,0.038510849077995096
152,0.2051539549253268,0.7493209833404988,0.0008276210845705667,0.031879682276797106,0.012817758372806593
153,0.15213291550645477,0.8169329411075754,0.002794928935512311,0.011100577157983078,0.017038637292474387
154,0.12639514062451251,0.8402287114383705,0.0013187725719114995,0.02422776641069801,0.007829608954507659
155,0.05750629716785803,0.9240909776121154,0.0015713280777440437,0.00962811214604797,0.007203284996234656
156,0.06395683592768814,0.9195957169321269,0.0009462704421543638,0.010774929030035681,0.004726247667994743
157,0.030100614289091995,0.9553569091456843,0.00032730841150294284,0.009207735132086047,0.005007433021634703
158,0.012875186457058737,0.9777342461374808,0.001081154633778315,0.0061960683919164644,0.002113344379765582
159,0.04107216803964455,0.9353145902632591,0.0016396701377241947,0.017463759977207016,0.0045098115821650235
160,0.005106719806673223,0.9840605789897655,0.0034555618199712994,0.006348116998087412,0.0010290223855026752
161,0.2689191632422399,0.31150055637410673,0.0016729892413238014,0.05654884872704535,0.3613584424152843
162,0.3095612726510771,0.4843284470765628,0.0015651854696119457,0.17441049591984967,0.03013459888289847
163,0.2305224382288182,0.5018929896982157,0.001756539395451487,0.2442438109591049,0.021584221718409752
164,0.3439254781461972,0.2840389901112864,0.0010642123224311457,0.28921568732313857,0.08175563209694663
165,0.0743542713185094,0.05886039792505831,0.0006230223110193676,0.8399374829908192,0.026224825454593703
166,0.05451475205367671,0.02281289120983172,0.00027050812524339116,0.173265565381978,0.7491362832292702
167,0.2670902334393754,0.03236404198828276,0.0004673009763986862,0.4144729812059766,0.2856054423899666
168,0.30953877348647924,0.014013705389887566,0.0002246527234551815,0.26499055820270523,0.4112323101974728
169,0.29705595139257335,0.045189946585265824,0.0006408793777301773,0.38832017521053147,0.2687930474338992
170,0.0838988583560754,0.025611914114106026,0.00027011226096235294,0.7693751286705707,0.1208439865982856
171,0.0937604547245523,0.012631625329209627,0.00017872017460758902,0.8174807816611996,0.07594841811043095
172,0.002097537713058168,0.0021098412004034056,0.0008236744105963496,0.0023359997646167883,0.9926329469113252
173,0.19779036556081617,0.007116690804691547,7.355868247680629e-05,0.061055387353325705,0.7339639975986898
174,0.48640128571930574,0.018445392893427406,0.00043606037422995166,0.243365609319353,0.2513516516936839
175,0.4622153922676115,0.008818169785593178,0.0004416118733356052,0.40365463877545216,0.1248701872980075
176,0.04073320440858061,0.003712730902311238,3.931722793481906e-05,0.9358829740207816,0.01963177344039158
177,0.004895237459212552,0.004725384273609953,4.903818981466094e-05,0.9836258333010074,0.006704506776355416
178,0.00430394476710024,0.0012791055019335579,1.2448411268748073e-05,0.9745519162235504,0.01985258509614707
179,0.004574586483320771,0.001353089764600085,8.759993296057561e-06,0.991484020092449,0.0025795436663340284
180,0.007283795051312052,0.0009863818900013404,6.3105226285698206e-06,0.9880115613879548,0.0037119511481034564
181,0.005549295741576536,0.001149244944176369,6.611550794081106e-06,0.9900037568388469,0.003291090924606009
182,0.005276404620762902,0.0025714236793268454,8.339396705393252e-06,0.985793674520242,0.0063501577829628945
183,0.012932483539125393,0.0019564668035455795,9.373465111260402e-06,0.975618746072064,0.009482930120153752
184,0.015647607378956364,0.0031553820489064843,1.9615231755313556e-05,0.9708465574951867,0.010330837845195315
185,0.017902096214063443,0.0014747736791750302,8.71324044867861e-06,0.9713756765109787,0.009238740355334299
186,0.020568792236582006,0.0015569931862054905,2.0172345582725806e-05,0.9698400233349236,0.00801401889670626
187,0.019146837014377315,0.0015207022156313165,2.144410595730829e-05,0.9734411265906643,0.0058698900733697035
188,0.011066216629129513,0.0010621338058179092,1.2840684558773529e-05,0.9808157622064884,0.0070430466740054485
189,0.007320622353071908,0.0019337224786392894,1.188564732940275e-05,0.9870816276932453,0.003652141827714181
190,0.011628237087499627,0.0013592408665615385,1.641728737874424e-05,0.9843414994199463,0.0026546053386138743
191,0.016765484253812385,0.0016339978867669909,1.7443255588795644e-05,0.9749035565790687,0.006679518024763064
192,0.012678680221612917,0.0012458159438740175,2.0534025862333634e-05,0.9813033498573671,0.004751619951283689
193,0.004028355463942335,0.0018619089872338429,1.0861968995554734e-05,0.9918909851894615,0.0022078883903668208
194,0.004352643902138259,0.0019953691550433743,1.1785977626488113e-05,0.9915189047964126,0.0021212961687793446
195,0.0033569914032243954,0.0019538330954071053,4.725238633825651e-06,0.9932505427508413,0.0014339075118933418
196,0.004145100175511397,0.0024661511246679606,6.666963936102056e-06,0.9901113103958159,0.003270771340068428
197,0.0026479914300276265,0.0024456519235076715,2.207808302613966e-05,0.9929712233982801,0.001913055165158386
198,0.0034644283087637727,0.0016109873466574433,1.2525378630790383e-05,0.9917277539480613,0.0031843050178866046
199,0.0033332370547442818,0.0022243125320760694,1.1922430969498922e-05,0.9933354031723878,0.0010951248098222655
200,0.003984310735086467,0.0029382454627283096,1.778748314222103e-05,0.990703070228177,0.0023565860908659614
201,0.005416918495803382,0.0023056754624750943,1.2151404364595725e-05,0.9840763093208101,0.00818894531654676
202,0.003718252049054643,0.002638972997083888,1.4701637413857607e-05,0.9880662642110379,0.005561809105409771
203,0.012262161179856726,0.003035501709904,2.1207176482897725e-05,0.9682383109105046,0.01644281902325192
204,0.03141492175604911,0.0037159532802646836,1.7485506481718805e-05,0.9501394593597283,0.014712180097476216
205,0.017611394608446147,0.00726508884601047,5.832238805172339e-05,0.9469362776557116,0.028128916501780146
206,0.04205918952492311,0.0028189935357694693,2.8667369179003836e-05,0.9318164082127549,0.023276741357373502
207,0.0253621290941358,0.007054959838583081,5.493194695196996e-05,0.948866687390516,0.01866129172981323
208,0.05406660624324943,0.006339391836292371,4.121994339889311e-05,0.8496018592612762,0.08995092271578323
209,0.06338094203755905,0.005264490183326198,4.2451936421997104e-05,0.9226698234323254,0.008642292410367389
210,0.03871523553554828,0.0052778393612066855,2.2784895806538927e-05,0.9419387080732032,0.014045432134235116
211,0.057943360036978656,0.020419843226320344,5.817044134632424e-05,0.9133031904979508,0.008275435797403741
212,0.024559664608048815,0.01104803833480444,2.7254094543011454e-05,0.9554226272964489,0.00894241566615476
213,0.021970026264048526,0.014625192952757743,2.941601847406817e-05,0.9590445464238572,0.0043308183408623585
214,0.0429735609419668,0.014738061932004116,7.151113528900512e-05,0.9262263887319508,0.015990477258789295
215,0.07195215009438896,0.013410598806323056,6.0199496170915386e-05,0.8982703352889617,0.01630671631415529
216,0.12082780160796516,0.03637403845085846,6.528217797646617e-05,0.7980050303173105,0.04472784744588947
217,0.16879145828207184,0.15349599771082867,0.0002269305225239909,0.5953199641528997,0.08216564933167583
218,0.4864056608705512,0.06617351387683404,0.00020915627735367158,0.2231614735180259,0.22405019545723515
219,0.531942950148355,0.11957029499859212,0.00023755726780802156,0.15070461871282936,0.1975445788724155
220,0.5140224907396185,0.3578719294836752,0.00025651274923651357,0.09930702532504498,0.028542041702424893
221,0.22178255108710587,0.6368922612765882,0.00039058262125915615,0.10892339937628777,0.03201120563875924
222,0.07748462021008769,0.8776944316436781,0.0007394486083769932,0.026313656994150524,0.01776784254370665
223,0.07670845953890129,0.8126025313342768,0.0010538390023890631,0.06587130373161935,0.04376386639281335
224,0.08273017203846267,0.7786841129186811,0.0005975547056386795,0.11287880105933902,0.0251093592778786
225,0.028667621013935024,0.9398992444301337,0.0006849102025227668,0.024353369230401316,0.006394855123007019
226,0.21747488546109364,0.3043851109087157,0.0005455623070395061,0.35672729147423293,0.1208671498489182
227,0.001198873622490174,0.0009693246534629834,6.384974869088154e-05,0.00016598977022483399,0.9976019622051311
228,0.10971655927667019,0.013485113941070425,1.848014986258826e-05,0.005781407514752845,0.870998439117644
229,0.011626525426866569,0.0007647849572412414,4.932119423345814e-06,0.0006562068814755196,0.9869475506149934
230,0.10182606980716974,0.004543685099087579,6.7914853906821815e-06,0.0017591412306477954,0.8918643123777041
231,0.12333558865042814,0.01171581664552859,1.9671270769494545e-05,0.006128054211495713,0.8588008692217781
232,0.5883324481049677,0.05341923781705324,6.541776731600762e-05,0.023690720897697352,0.3344921754129657
233,0.0010359307923666814,0.0006455888786264148,0.00012269891531072405,0.00028719196945869687,0.9979085894442375
234,0.04012172913534722,0.004134134056024383,1.1145578894333798e-05,0.007682171117465852,0.9480508201122683
235,0.2417108895053148,0.025575460512395617,6.397090200441712e-05,0.03926229375425644,0.6933873853260287
236,0.6070971597954263,0.023422049788516718,7.980117083229333e-05,0.03367317711335321,0.33572781213187164
237,0.819315186195115,0.0760372446580404,5.827741840717305e-05,0.04269475807192802,0.06189453365650946
238,0.5583419501941034,0.19415576297187592,0.00017295513718895226,0.09347397921707082,0.153855352479761
239,0.5509260664270691,0.2706849279365881,0.00015930644757580976,0.15404684482342687,0.024182854365340054
240,0.4832261857297218,0.3537939569104327,0.00016199552895777215,0.13640208796875591,0.026415773862131616
241,0.10578518742150869,0.8582380442229766,0.0001580848605319223,0.031268878788463156,0.004549804706519613
242,0.05903707432514057,0.9190376622116158,0.0001985985099839065,0.018160055279643258,0.0035666096736162974
243,0.07197233878361639,0.9022468597700275,0.0008602021894602901,0.021840319262621186,0.0030802799942744757
244,0.01933359400277032,0.9648928540015169,0.000533039136423151,0.01224436315331888,0.0029961497059707927
245,0.015380656446551696,0.9727531970795729,0.00012499319430823874,0.009199406653572594,0.002541746625994787
246,0.016637295031181012,0.9682296206343236,0.00043456536004993327,0.012226981796297894,0.0024715371781476652
247,0.03170175963926648,0.9455800791669071,0.0002131060273001197,0.01676302735999736,0.005742027806528916
248,0.04264466226283876,0.9240839354277645,0.0007816965963979004,0.028590218722838526,0.0038994869901603467
249,0.015780742004722053,0.9716324955281062,0.0006973752036667869,0.007755715057596103,0.004133672205909202
250,0.07012289879006138,0.09031241968683042,0.0006835407078164804,0.0104710840985935,0.8284100567166982
251,0.4629478780928042,0.4755951709073062,0.00018477329990717692,0.018845577414181285,0.04242660028580117
252,0.4945718848521929,0.40814001509618536,0.00021005993360850077,0.008623641903743623,0.08845439821426965
253,0.46492806183169166,0.5219869181378896,6.74460835506927e-05,0.003264891589817628,0.009752682357050435
254,0.3988065421488946,0.40222997984880815,0.00017892790578596493,0.012121798349856884,0.18666275174665434
255,0.18268670504319748,0.8090594080761088,8.829666169291667e-05,0.004227139817826893,0.003938450401173902
256,0.1872000239870404,0.8039763739167862,0.0002188288203007142,0.004144913925981709,0.004459859349890912
257,0.09239508525276786,0.9021230024732251,0.0001602253636337639,0.002938522599563806,0.002383164310809588
258,0.15387468522697603,0.42385643166085024,0.0008804799552663449,0.002930744386448543,0.41845765877045876
259,0.23930641628974914,0.749263950927357,0.0007147468548620263,0.0029017957421004536,0.00781309018593122
260,0.016639734466856022,0.9805166236389156,0.00053265557568157,0.000536795397109149,0.0017741909214380395
261,0.020586361943609792,0.9766537887828518,0.0005972919421796542,0.00047921552931967323,0.0016833418020392162
262,0.0048628226140605465,0.992276389106598,0.0002763566774182797,0.001105185013875818,0.0014792465880474235
263,0.017476359006850628,0.9690288341817777,0.0011787977353107705,0.00960265925259413,0.002713349823466899
264,0.0341275254657678,0.9390211843721804,0.004300346611044647,0.007191800525461369,0.015359143025545826
265,0.1662559586734972,0.6624706383739696,0.0007304862998155269,0.01952682630763362,0.15101609034508423
266,0.028303892674855287,0.06974753456808556,0.0006591617168459761,0.001994936120358841,0.8992944749198543
267,0.38243797987948613,0.24935258993899162,0.0005185328151394439,0.04311641406512651,0.32457448330125627
268,0.4111323338345669,0.5442489461100365,0.0004014383935091707,0.02040270110341921,0.023814580558468246
269,0.33637672386865775,0.05983948592369467,3.6717534338514436e-05,0.015221981380114878,0.5885250912931942
270,0.47847781321779165,0.380548590592036,3.7023544944099083e-05,0.07294255835433038,0.06799401429089794
271,0.5820222659010468,0.2583447797445919,7.621643910862022e-05,0.03580734494509494,0.12374939297015775
272,0.1881237512109747,0.7927360137960279,4.5577524708539334e-05,0.0023450981262329966,0.016749559342056127
273,0.08098708467956159,0.9067894056700001,0.00011372789190035105,0.006928853597265775,0.00518092816127223
274,0.06978132522549016,0.9209499277208629,0.00020667879249198123,0.003041233418600534,0.006020834842554398
275,0.05995741399239394,0.9226104233314026,0.00025914222001639114,0.012795207504995068,0.0043778129511919854
276,0.03296069298492855,0.959098447773066,0.0011373245332380506,0.003435103995287022,0.0033684307134804583
277,0.038534893057584195,0.9539323030907634,0.0006506813994361157,0.003504742408386178,0.003377380043829939
278,0.0205436320115894,0.9760462677553983,0.0010578644347906598,0.0005626943252013504,0.0017895414730202753
279,0.08493354574080281,0.8976752020072142,0.0030162279273102644,0.0023427330888249453,0.012032291235847717
280,0.012200823782320645,0.9843493290373243,0.00039810375091260176,0.000864198281273181,0.002187545148169214
281,0.020104958024635907,0.9774319586000034,0.0002998504860892947,0.0007376910848306819,0.0014255418044405678
282,0.047064910781255666,0.9430290308798005,0.0033153167787116303,0.0007770752546684252,0.00581366630556373
283,0.019730794495808102,0.9763560920346169,0.002059965320627885,0.00063279559672376,0.0012203525522232702
284,0.013691672035693372,0.98224061874459,0.002244661226657743,0.000687183384748215,0.0011358646083106012
285,0.04455097474574685,0.9412007624093467,0.009862021719028119,0.0015035682739472586,0.002882672851930918
286,0.02818525926051643,0.9637245093209911,0.004397656887118298,0.0022092675426026234,0.0014833069887715345
287,0.021895770364017634,0.9617481978473714,0.011859215188933448,0.002026538742051114,0.002470277857626666
288,0.05550131682994388,0.9163639627184015,0.018501411293806357,0.00559305990322641,0.004040249254622138
289,0.047125096619445486,0.9362088430756346,0.008818510409254195,0.004497573864128922,0.003349976031536719
290,0.015440401287516215,0.9677636458231326,0.01410429315849495,0.001141704173873316,0.0015499555569828693
291,0.033821100551958076,0.9345039808050636,0.025594131586433453,0.0018909953868690573,0.004189791669675903
292,0.021126850169231128,0.9476334596309341,0.02671763978241257,0.0007616472969639853,0.003760403120458133
293,0.043904626470923025,0.9357915587638465,0.016393033585587337,0.001245734825250205,0.0026650463543929554
294,0.013812982182168393,0.9534360007372076,0.02674650717672196,0.000758799078598409,0.005245710825303689
295,0.02687554690271134,0.9471212685992163,0.022914368870468733,0.0006932492466285869,0.002395566380974993
296,0.019074556358020998,0.9474031259337647,0.027393994078452635,0.0006909550119231771,0.005437368617838365
297,0.03920490286819939,0.9015534820239722,0.051787448322264146,0.0024485825860295633,0.0050055841995347815
298,0.02760761497846009,0.9234376870959633,0.04184671531599219,0.0028459646484536175,0.004262017961130602
299,0.01785220507469981,0.9418684533315396,0.03147577505456648,0.002581345367777402,0.006222221171416624
300,0.025914265661938045,0.928634343030448,0.035133389432048294,0.005390970844758647,0.004927031030806895
301,0.012660078596340324,0.9412077145142899,0.038645078688503476,0.002426094181427366,0.0050610340194389225
302,0.006173073041952306,0.8655466696685038,0.12387422305215741,0.001958981863134588,0.002447052374251674
303,0.0037099721775157427,0.752746970466582,0.23853162256780136,0.0016375822558821213,0.003373852532218708
304,0.005082415890990391,0.8734629109388503,0.11631159121851972,0.0021562009830467382,0.0029868809685929523
305,0.016843637081919705,0.8892336537766142,0.0816886176824183,0.005165535966954846,0.00706855549209316
306,0.009824302740938814,0.8254707721149525,0.15899818380323072,0.0030734037508568096,0.0026333375900213056
307,0.0072311912578191945,0.7692459936276076,0.2182942089244101,0.0023994611059102175,0.0028291450842528603
308,0.005627756123242587,0.8722666989311954,0.117924297850213,0.001698421420370899,0.00248282567497814
309,0.002608371906315693,0.7549074383447928,0.23867390486774404,0.0017334760910395228,0.002076808790108092
310,0.00544177149692238,0.7261781496173007,0.26235637371036763,0.0028655696175665783,0.003158135557842708
311,0.0029515964577821307,0.7690041150082567,0.22448413638271536,0.0017972474576254272,0.0017629046936203673
312,0.0038895968706792396,0.7389841890377977,0.25295841650491635,0.0016409929941216192,0.002526804592485149
313,0.0032704717464415002,0.7565662410315567,0.237055838029962,0.0014646263331406096,0.001642822858899229
314,0.0017886206263749537,0.6759013888724895,0.3201278795022418,0.0007089869065952417,0.0014731240922984511
315,0.0018202098500223244,0.744309230120933,0.25139845583139625,0.0010569809760467928,0.0014151232216014873
316,0.002547833165816292,0.5716006841759725,0.42096017440145234,0.0023608311787581297,0.0025304770780007
317,0.0007689033874493858,0.6247499333795222,0.37236073182149826,0.0008271417438409808,0.0012932896676890954
318,0.0009484391392719527,0.604218872852917,0.391968856686643,0.0008020005233236384,0.0020618307978444664
319,0.0024821461290425104,0.7809913541792833,0.2134327455500386,0.0012124373519000096,0.0018813167897353685
320,0.001788629574264421,0.6204416969577773,0.37456914351758863,0.0005827598767075571,0.0026177700736620567
321,0.002323600272143005,0.6783536730541219,0.31670519945396386,0.0009656848545124061,0.0016518423652590185
322,0.001769307903227907,0.7078374935581331,0.2881973807919084,0.0009789660588350752,0.0012168516878955685
323,0.0006777000468257007,0.6781159532304689,0.319587820511203,0.0005468642254217497,0.0010716619860805113
324,0.0008022123775506108,0.6170132990725397,0.3807093590999693,0.0005150804672253341,0.0009600489827151288
325,0.0013098336336702318,0.6519861899097837,0.3441152767888772,0.0011172161159601216,0.0014714835517087128
326,0.0006060121723022219,0.6278703823347932,0.36981360044869094,0.0008788952699894981,0.0008311097742241457
327,0.001474241755099207,0.6468792491977624,0.34820701352404415,0.002391302745309284,0.0010481927777850238
328,0.002134978650533286,0.6258850614817845,0.36848803420274134,0.0022029818482956734,0.0012889438166451737
329,0.0008927914499353403,0.6786639683626452,0.31769337072055287,0.0017304756159773605,0.001019393850889273
330,0.0008479387663214039,0.6662011756421579,0.33100816769917263,0.0006798091264859196,0.0012629087658622112
331,0.0011090941067475931,0.7130599193971127,0.28315216622664996,0.0010551039815088973,0.0016237162879808454
332,0.0008127621290731349,0.47979655728595516,0.5175156839434284,0.0005102443142196172,0.0013647523273237275
333,0.0019233813195438348,0.6794487583034388,0.3153189588171914,0.001456260348926028,0.001852641210899908
334,0.0018429132081269814,0.5951112630340103,0.4001183298016336,0.0012213432763123523,0.0017061506799168234
335,0.002350155756879643,0.6944384366315219,0.29850991771431273,0.0021485713063859216,0.00255291859089977
336,0.002326713493423215,0.6479253769606946,0.34573343189240896,0.0016791246104403033,0.002335353043032987
337,0.002158464937199845,0.7228435131421015,0.2724730911970383,0.0009355781905314429,0.0015893525331289189
338,0.001218395870115568,0.7972511398343636,0.19936261496272215,0.00089687481778551,0.0012709745150133516
339,0.0010887501985043394,0.7008318090911781,0.2948508543520577,0.0009543680425765396,0.002274218315683275
340,0.0016854762193443792,0.6578182953233109,0.33695070262728183,0.001224306698277671,0.002321219131785197
341,0.0011576512460865116,0.6602816560213994,0.33507395502619386,0.0017497232134469436,0.0017370144928734316
342,0.0012321397051393587,0.650291531647054,0.3437070851221795,0.0023044666474726708,0.002464776878154404
343,0.004481294180319044,0.5813164177857697,0.4085797410695665,0.002014719596909184,0.003607827367435421
344,0.0022412133774174004,0.6469476573547506,0.34702663036093845,0.0014379876491055737,0.002346511257787847
345,0.004489871936462346,0.6833265197595819,0.3046512922169415,0.0025772673517745503,0.004955048735239653
346,0.004632145100126375,0.7907426608785758,0.1871535839644614,0.012067114437642506,0.00540449561919381
347,0.010487756307857423,0.7132958628246436,0.23811828607927008,0.018131870776738758,0.01996622401149009
348,0.012796099510632031,0.7038909643710469,0.22443587201262905,0.014447964436619738,0.04442909966907219
349,0.0029863201362971613,0.0036382958852857615,0.000684291030090953,0.0005890691854470862,0.9921020237628789
350,0.04285152835480893,0.004670857483421107,3.795363115731655e-05,0.0019236918799488236,0.9505159686506639
351,0.488197201854255,0.04869675384891304,0.00011691136957319326,0.004167261492180528,0.4588218714350783
352,0.5802434423168409,0.032302974812345675,0.0001460311374139479,0.0013249725440804521,0.38598257918931905
353,0.1130640586889469,0.08415362524602273,0.0022577604377780674,0.0009138173659077566,0.7996107382613447
354,0.6100897282280962,0.288986951566821,0.0008034720704750489,0.003383951341860441,0.09673589679274726
355,0.5335677111399382,0.42712878667913956,0.0007393887296926043,0.00506052116057602,0.033503592290653667
356,0.3770565176198102,0.6012225559875313,0.0011115820448716553,0.008271067825616029,0.01233827652217082
357,0.015652867211376435,0.982143684839467,0.00014388400100748968,0.0011008680733501368,0.000958695874798934
358,0.0302924283664026,0.9648102825845822,0.0007301990933901107,0.0030585980529090023,0.0011084919027160938
359,0.007759087738101956,0.9910371680761318,0.00021670323789638375,0.0005744758004427609,0.000412565147427067
360,0.01148906640356184,0.9829702583665775,0.0021900968570697423,0.002194348769633034,0.0011562296031578502
361,0.053457489636817006,0.9282862194817982,0.0011029376955028812,0.014108957350547026,0.0030443958353347155
362,0.007887883859210834,0.9886228162885524,0.0015951164307943448,0.0011032138497279332,0.0007909695717142371
363,0.0031017716929995715,0.9937979654774352,0.0007813773999228269,0.0015538980203850025,0.00076498740925746
364,0.002270591539371633,0.9944668911688839,0.0014846666538369424,0.0012442810260587898,0.0005335696118488045
365,0.011180235799068393,0.9700869830111203,0.007333474833440676,0.009055781120648615,0.0023435252357219597
366,0.051902958045018766,0.22569664734281647,0.0009614512412166856,0.01487579208999701,0.706563151280951
367,0.25878524508645184,0.3351518001797415,0.0007640829290659416,0.016749639803338795,0.38854923200140196
368,0.15128555375852495,0.13788462834748083,0.0017694855224308164,0.003701364725387816,0.7053589676461756
369,0.45874188747340566,0.2606170477997609,0.00032664954662898116,0.004291222094855769,0.2760231930853487
370,0.14215753499820644,0.12891521107065876,0.0006005595927235156,0.002134139624416812,0.7261925547139946
371,0.14649214792740278,0.2289219677005451,0.0004062521522376319,0.0018647510331486592,0.6223148811866659
372,0.5867638593560353,0.27541288581644285,0.000619923572983081,0.007017662422270629,0.13018566883226826
