epoch,N1,N2,N3,R,W
0,0.0013256146752389031,0.0002402589631200331,9.422930438558083e-07,3.4647786507182904e-05,0.9983985362820901
1,0.01770614104364817,0.0010310688185215036,4.425447383609e-05,0.0001918499350057531,0.9810266857289884
2,0.04120066645682062,0.0018338769315222323,6.447523985600091e-06,0.0023781872372745363,0.9545808218503969
3,0.010081861419315087,0.0019866268927295487,3.1009496240382125e-06,0.00015977111656669712,0.9877686396217646
4,0.08525268469358167,0.002146318972588739,3.0061581645105897e-06,0.00024670390462288455,0.9123512862710423
5,0.41178464305288787,0.034011086996782,7.492608913335142e-05,0.000783628504048193,0.5533457153571486
6,0.4773610788485141,0.08121024975968419,0.00022785207623521076,0.0019365925767360157,0.4392642267388304
7,0.061336398826663,0.057304357405054095,0.0017486598160757585,0.002162019682027976,0.8774485642701791
8,0.26066844120803995,0.1369003820761815,0.0003600280798590384,0.10206927029357682,0.5000018783423427
9,0.06812653777255391,0.1297526420502944,0.0004335409472909161,0.013617028923594145,0.7880702503062665
10,0.10140811737728671,0.22753361018436574,0.0009535720375211562,0.006669701368373188,0.6634349990324533
11,0.06391726461791379,0.07006659555651033,0.0016604122370607907,0.00910070667197817,0.8552550209165369
12,0.16403747862213758,0.4973314118749122,0.010921730183473134,0.005107689324126554,0.3226016899953506
13,0.3331812410831249,0.462694448718282,0.0014249618709956857,0.03324460127742996,0.16945474705016744
14,0.05371075171430236,0.7308537487865301,0.017569614089909476,0.0017746875636464312,0.1960911978456116
15,0.14755451344686835,0.5898541668057431,0.0071359114721245495,0.0047345704020883865,0.25072083787317556
16,0.0943915686547179,0.8303508497077683,0.013623463044879856,0.0019261228093686072,0.05970799578326512
17,0.21271709372180078,0.22469207088756651,0.000347053753148167,0.01665030107133734,0.5455934805661471
18,0.32033864236540077,0.5551560070874576,0.0017119369119296829,0.005873164982858059,0.11692024865235383
19,0.1817889744625733,0.751068341094959,0.03466468331822671,0.0004964929826763529,0.03198150814156461
20,0.5597572202026273,0.3419140221223778,0.0008906698865133449,0.0033536186384055945,0.09408446915007576
21,0.17384676494352108,0.7690260252134952,0.004350641855824115,0.0012976770887510483,0.051478890898408576
22,0.16560029864315923,0.7662716736911276,0.012940965813782986,0.0009316229901724635,0.0542554388617577
23,0.16001795490120987,0.7671874273955586,0.05856424864269813,0.0005086604794158423,0.01372170858111753
24,0.026503585782505286,0.5824054624277647,0.3753207720918328,0.0004487248535145269,0.015321454844382649
25,0.07125151485615254,0.5491069970842013,0.3536261621674021,0.0007289093778721351,0.025286416514371825
26,0.06304848618570624,0.8454703937046257,0.06584773963081271,0.0010464570797268224,0.024586923399128626
27,0.04031383091106271,0.6698119726797188,0.2634622604635048,0.00053477441931826,0.025877161526395437
28,0.0355483817784526,0.5463657540450437,0.39570580508336134,0.00043670082825618596,0.021943358264886154
29,0.025103040151869687,0.7256834047064097,0.23007700961044605,0.00031812349123563606,0.018818422040038883
30,0.013279093033513273,0.5321016482894967,0.43816553819965554,0.0001816540300288143,0.01627206644730571
31,0.019630539797719844,0.2213308827074003,0.7360423554443265,0.00014465743962040645,0.02285156461093297
32,0.006692095066628815,0.13519828870436357,0.8497286674941524,7.0471376552279e-05,0.008310477358302919
33,0.007119377473957766,0.22326699960649798,0.7542557081681566,8.931106576143125e-05,0.015268603685626088
34,0.004361022930714993,0.12095172676149041,0.8689055788133826,6.668335635433163e-05,0.005714988138057783
35,0.00842350639722249,0.32978929494844245,0.6504292696383103,0.00013480634102596564,0.011223122674998694
36,0.003998238684859185,0.12630867341017019,0.8623852325802288,9.31065148608528e-05,0.007214748809881104
37,0.005011514542849895,0.1473855220676004,0.8392804459288283,6.368472875912878e-05,0.008258832731962283
38,0.0019801342331858232,0.06163069886612862,0.9326980754811218,3.667871521512153e-05,0.0036544127043486017
39,0.004411741413381743,0.11005962278421026,0.8804478413903988,4.655953439027391e-05,0.005034234877618849
40,0.004901656880953648,0.07256930835349376,0.917329549099705,3.945177653146891e-05,0.005160033889316155
41,0.0008834729363154104,0.04023451325800618,0.9560334779197558,2.501483974584043e-05,0.002823521046176743
42,0.0010468477354903646,0.08039100673705836,0.9155305195204324,2.3865860671939533e-05,0.0030077601463468764
43,0.0025600485807733696,0.14343483541037533,0.8461883708036133,4.5602213936208526e-05,0.0077711429913019
44,0.0009930156348064135,0.035207446824488085,0.9615123401002955,2.292752606834888e-05,0.00226426991434158
45,0.0010696787523261232,0.04646712571298356,0.9493199291295116,2.696671062350692e-05,0.003116299694555253
46,0.0006322452584291811,0.030513170991097162,0.9658770633236304,3.17593234882842e-05,0.002945761103354878
47,0.0005169369762419669,0.03791233774999319,0.956761404336542,3.725902551086681e-05,0.004772061911711898
48,0.001287170166132696,0.10193958874242981,0.8890367214728446,8.43343234771273e-05,0.00765218529511556
49,0.0004158406746107141,0.03582401799149962,0.9614454776883395,2.607850034277066e-05,0.0022885851452073606
50,0.0007317699947430081,0.08438700880158923,0.9107667015767381,5.3001624550779315e-05,0.004061518002378955
51,0.002107393814647614,0.16550085851156282,0.825437861756926,9.950586408597399e-05,0.0068543800527776574
52,0.0019666507768348112,0.08342485777123651,0.9048903107718582,7.260119204432408e-05,0.009645579488026133
53,0.0011150668388713594,0.03424288580532275,0.9619316709476728,3.557894380308473e-05,0.002674797464329919
54,0.0002659245363184654,0.018198905359497704,0.9794116833620632,2.8184953503430048e-05,0.0020953017886170943
55,0.00029197032363228445,0.03773852281209302,0.9594597605198845,4.1438751106077066e-05,0.0024683075932840567
56,0.0006992937603758519,0.06076048716205029,0.9324330608318226,3.927406144103569e-05,0.006067884184309994
57,0.00041058951206735276,0.02064926312011496,0.9758059037011778,2.984831173413402e-05,0.0031043953549057257
58,0.0007627057662623417,0.03735997232210265,0.9584064931572766,2.5585416809847677e-05,0.0034452433375487153
59,0.0006219413715676476,0.03170866662071607,0.9629405145610711,2.4513571556993663e-05,0.0047043638750882055
60,0.0023498679710718174,0.21479261308507916,0.773839243226825,0.00011686939615261858,0.008901406320871396
61,0.001475783792833949,0.10673698417373775,0.8844352275363349,6.916233588124354e-05,0.007282842161212126
62,0.0010427875134251911,0.060448353207087614,0.9314309406702561,4.354067985812073e-05,0.007034377929372762
63,0.0011538589560903356,0.12567441972828197,0.8668722241172199,7.531140603622744e-05,0.006224185792371541
64,0.0029528917656724686,0.07580181282774223,0.9140450854346388,9.127947313812147e-05,0.007108930498808432
65,0.0011107961663710303,0.016731678233882975,0.9796310198427,3.992305823770265e-05,0.0024865826988083816
66,0.0004030484651749173,0.0899814840731251,0.9073144552665539,5.0585198171063893e-05,0.0022504269969750197
67,0.0015184860158619893,0.035746326755550444,0.9592896541818664,7.510435590161085e-05,0.0033704286908196788
68,0.001314011395754447,0.12416282916943917,0.8693102113705733,0.0002956828697567675,0.004917265194476323
69,0.001188648868646427,0.05723180419326717,0.9387199973288416,0.0001171747584036891,0.002742374850841074
70,0.0002798402088306851,0.03090159826157278,0.9666942935175358,2.634554502748113e-05,0.0020979224670334183
71,0.0017570944923444227,0.181147535930626,0.8092088157907945,0.00025337794596217263,0.007633175840272797
72,0.00394502266605311,0.6211393575207199,0.3625701600517583,0.0003299525584312106,0.012015507203037382
73,0.005312939512945176,0.3909955040433436,0.5970298302323546,0.00014102317681553093,0.006520703034541211
74,0.009834421216127265,0.3755965125729687,0.6031014117890539,0.0001994639360205747,0.011268190485829544
75,0.0029565694023737646,0.3837380964235959,0.6076144369768817,0.000133966487073799,0.005556930710074796
76,0.0013378489863314087,0.07746690203579269,0.9181009140365222,7.551531669585423e-05,0.00301881962465791
77,0.0028586642252592994,0.1571738384915441,0.836108078227919,0.00012751092761586463,0.0037319081276617166
78,0.002632886451605979,0.40854502659034836,0.5837571829607511,0.00014956277630926573,0.0049153412209852814
79,0.0004797469830615496,0.1447671960632358,0.8530065070621823,4.8099194719825104e-05,0.0016984506968003939
80,0.0004068986338003297,0.06174387978734414,0.9360663540077935,0.00017013602769764345,0.0016127315433643768
81,0.0005828432211231852,0.06748239772574939,0.930311896345959,6.927709702884971e-05,0.001553585610139587
82,0.0004732145546104054,0.01391818804544984,0.9843300494864804,5.997949902630808e-05,0.0012185684144331002
83,0.00031700194022670647,0.04192422673630818,0.9564112027510998,5.962355769527586e-05,0.0012879450146700549
84,0.00018538338433887283,0.02843690207736524,0.9702950801975,0.00012026846090657507,0.0009623658798893082
85,0.00028538469014838263,0.05370414025657813,0.9436326681241122,8.158491215725822e-05,0.002296222017004083
86,0.0001349585123446501,0.023820100317618387,0.9749131248540622,5.325989079266685e-05,0.0010785564251819806
87,0.0002510801543807783,0.044439957728351936,0.954160691055956,4.742667094146421e-05,0.0011008443903699073
88,0.00010866402750581318,0.016977350070432874,0.982011411903821,3.128279134273951e-05,0.0008712912068973825
89,0.0002798100636609614,0.045161807321010654,0.9518475533523408,0.00013141713452394425,0.002579412128463564
90,0.0006293922726677543,0.03915151530329098,0.9580889351871265,0.00015881670124614413,0.001971340535668562
91,0.0004938132540980591,0.022018789716242937,0.9751291328764832,6.409218821209178e-05,0.002294171964963747
92,0.0002702721638129869,0.03333717278375126,0.9628999193195121,4.5433299925775795e-05,0.0034472024329978922
93,0.0001737290988603565,0.008255254688746166,0.989916749200785,1.7942585465659028e-05,0.0016363244261428345
94,0.00025864254382599493,0.006552395117423247,0.9913762300571666,1.2565605381928515e-05,0.001800166676202226
95,0.0012223615035573505,0.2281316009302632,0.7579005103064601,0.00017778513139174933,0.012567742128327366
96,0.00010920136025461364,0.007509234549561428,0.9907549197816751,1.6423889390969318e-05,0.0016102204191180544
97,0.00018595959351008312,0.013725124723112452,0.9844222159752275,2.9226700260677018e-05,0.001637473007889317
98,0.0005746676896694668,0.027844521135155842,0.9680860733231622,0.00019360429124597216,0.0033011335607664276
99,0.0002737268344245309,0.019905619836649794,0.9780603984876716,0.00011990684092206218,0.0016403480003317572
100,0.0002510334335881075,0.011926605959472647,0.9865929070203416,4.565267868302333e-05,0.0011838009079146242
101,0.000272386629558602,0.029508095583658574,0.9683183973794989,4.5718129308792276e-05,0.0018554022779751701
102,0.00014354538256140733,0.010151997945039076,0.989043716048621,2.4161806829255802e-05,0.000636578816949305
103,0.00024034560712676002,0.01603249881213513,0.9825544160845501,5.441693884757257e-05,0.001118322557340472
104,0.00028664521331831834,0.02073021048000324,0.9767665164630752,5.4555672110085444e-05,0.0021620721714932394
105,0.0009024346917548009,0.02714474248459791,0.9693447357701434,0.00026338455416127776,0.0023447024993427414
106,0.001082119914430336,0.05162895966504321,0.9435108884829476,0.00017893683676582095,0.00359909510081298
107,0.003267321512818332,0.5175464791858423,0.4693283048989939,0.0013834996231814852,0.008474394779163875
108,0.018713961512401157,0.8170286863021146,0.1495749985971027,0.003883168272817589,0.010799185315564248
109,0.015253937207971684,0.5455129453951766,0.4274353664757959,0.0017663767676440198,0.01003137415341178
110,0.02682541719611923,0.5326874633706952,0.43037544610278244,0.00267431254611139,0.00743736078429169
111,0.03853503132082392,0.6395278403303469,0.29871944191141925,0.01065868953089759,0.01255899690651222
112,0.051165917589031676,0.6835317721114208,0.07837185292558584,0.011118294985658446,0.17581216238830333
113,0.07201789466009706,0.7796873299112227,0.029127130063301837,0.024365691120723038,0.0948019542446552
114,0.1932242641382411,0.6698486886118603,0.015539759652193601,0.013304141127597298,0.1080831464701076
115,0.35499030305075113,0.3761360682742366,0.003057913558022358,0.010214482759907327,0.25560123235708243
116,0.46747229463745704,0.30305992007829535,0.007594331903751976,0.01573358019772877,0.2061398731827668
117,0.4128720468160475,0.4560255352153382,0.0022835033617778213,0.034123072052999026,0.09469584255383749
118,0.2429977047939362,0.46979233824879024,0.004668933427248004,0.007346548807105731,0.2751944747229199
119,0.3978118557977458,0.5069087604106921,0.014082682128874877,0.00993265212247249,0.07126404954021472
120,0.24174723607502457,0.7200360352108377,0.0059698986264073,0.008587721479641356,0.023659108608089226
121,0.296187497647351,0.44232559554664147,0.016727758283158277,0.002088209828781384,0.24267093869406792
122,0.3680704702603401,0.5586912352329535,0.01031918370868973,0.005493439338737706,0.057425671459279064
123,0.2934388796184617,0.6761824611766855,0.011770002696654649,0.00625628442101506,0.012352372087183247
124,0.2749758039891089,0.6888248349316254,0.01089651508711563,0.006181759526907998,0.01912108646524203
125,0.042673949581917454,0.8826436716998486,0.06017968096623254,0.011493136948674853,0.0030095608033265994
126,0.027282544914416042,0.9274768605933646,0.01861763481020127,0.023019688696117414,0.0036032709859006927
127,0.054975231405655176,0.8818644984761921,0.029998847923995327,0.02972972866507679,0.003431693529080516
128,0.017314079507599913,0.9200458234798098,0.03385106253865678,0.02574851697695988,0.0030405174969733773
129,0.025366920864489852,0.8891171361599003,0.06020105943083605,0.014419665278155828,0.010895218266618014
130,0.050386774662566365,0.8445999756570942,0.02635985996561092,0.07256642443400373,0.006086965280724853
131,0.07401377749139358,0.826411209827104,0.028443342789895604,0.06339988138289289,0.007731788508713969
132,0.06755897931536016,0.8249697442725274,0.0390908754869942,0.0615680520345027,0.006812348890615558
133,0.02650450983868006,0.9094643697041311,0.03710036857359469,0.023512264205114163,0.003418487678480051
134,0.020026797839200527,0.8570136696590723,0.07751502389150572,0.0399341441207044,0.005510364489517002
135,0.07395562626939164,0.8215900314738751,0.04870419072906256,0.04578773556757487,0.009962415960095708
136,0.032647991170529064,0.8914470008678176,0.03406831374596098,0.037574434376704116,0.00426225983898844
137,0.05884681036935795,0.8928918733653189,0.020872225719671365,0.022205055449326876,0.005184035096324784
138,0.053011471777425635,0.9210620892490281,0.016635046648893908,0.003958296017082533,0.005333096307569935
139,0.06729616972152959,0.9048342488086347,0.007837955513220241,0.015674522800391406,0.004357103156223897
140,0.0363821325076752,0.8492760987652106,0.09532143025568958,0.01570290057419745,0.0033174378972272924
141,0.0842461087479357,0.8292436818925736,0.013191575792127591,0.06623055149859165,0.007088082068771406
142,0.042672125322620824,0.909816466189296,0.02562483224115767,0.016052264469901264,0.00583431177702424
143,0.05502869007810194,0.8822243184955404,0.02632315815603368,0.02922561788307566,0.00719821538724808
144,0.027965176578968808,0.8929454588044332,0.04490576833514686,0.024935426426696168,0.009248169854755068
145,0.08464048197431397,0.8428654557965047,0.013842896054494253,0.049914064348455627,0.008737101826231325
146,0.031813456832343566,0.7097884988182994,0.23416272990791287,0.01768247909772388,0.006552835343720104
147,0.03545748722036054,0.8550939475894065,0.06268138946201696,0.032164945309934814,0.014602230418281192
148,0.026576134351075694,0.7968063366939825,0.138254775957712,0.01347990462170622,0.024882848375523636
149,0.11409011890776918,0.2357717840835153,0.0196994554143249,0.013034453404875017,0.6174041881895156
150,0.16636664824772107,0.19548187637417624,0.01233455733692919,0.009197024420138686,0.6166198936210349
151,0.5022259868365793,0.23937390398688083,0.0017940622798874783,0.02577836920057319,0.23082767769607915
152,0.5098039526834393,0.14183925621283588,0.0007319356201889397,0.018575437209836718,0.3290494182736992
153,0.29133323222650087,0.3489873220725936,0.006629395560849798,0.07254226604309665,0.280507784096959
154,0.07913092283476325,0.09251369730820126,0.005629147567601621,0.015310752250184993,0.8074154800392489
155,0.10660935898319811,0.08094886066788994,0.00014664376901267728,0.012206984333830552,0.8000881522460687
156,0.12071741255522443,0.020936459368836816,4.8064039351336506e-05,0.011402891129921905,0.8468951729066655
157,0.4893051521008226,0.020873573748633942,0.0001246010958730789,0.006669129136134453,0.4830275439185361
158,0.6576336613590659,0.061654975231259665,0.0001164208675843898,0.035806352492279814,0.24478859004981035
159,0.49631231680359217,0.17368704272498572,0.0003832072859065808,0.11251310321976146,0.217104329965754
160,0.21376228048228635,0.393668882629052,0.0003160113846604513,0.2411342749511438,0.1511185505528574
161,0.32708578261459603,0.3537114859112861,0.00039632208888381367,0.2751289775515534,0.04367743183368069
162,0.24491088581070672,0.44523226606237687,0.00035534959471322986,0.27180605142562875,0.03769544710657441
163,0.14984704533858412,0.2879077824381904,0.0014484724878270822,0.5379435134358429,0.02285318629955549
164,0.07498469742625868,0.23819448069652696,0.0005835439332768702,0.6282731505010117,0.05796412744292578
165,0.05752507625846916,0.026455143662292322,6.827526487488208e-05,0.8922088362183481,0.023742668596015568
166,0.160522750598093,0.04668530507147297,5.2862214847890736e-05,0.5190555846268221,0.2736834974887639
167,0.2733774081295376,0.05132480858207144,6.415081530608694e-05,0.5700939665027497,0.10513966597033521
168,0.3813753929969717,0.0299929027929197,0.00015571948744527264,0.27051854734021713,0.3179574373824462
169,0.21416801143507588,0.033937324556447074,9.16015118463836e-05,0.1260343017806842,0.6257687607159466
170,0.033546637912788356,0.003434011110688368,1.63971090103686e-05,0.0323004571444472,0.9307024967230658
171,0.12097748466747345,0.00986553857316706,6.809825550886191e-05,0.04937580945724165,0.819713069046609
172,0.23619635394275673,0.02025018957037423,0.00019021856523776878,0.05503957667310708,0.6883236612485242
173,0.23034225484536316,0.02936574542385428,0.00014864476588542856,0.12371544579651078,0.6164279091683864
174,0.34710145070739534,0.01061160725488709,0.00029548000519646526,0.23297374226150752,0.4090177197710135
175,0.2589578337857517,0.017901255948544848,0.000777146290165458,0.2146261524874049,0.5077376114881331
176,0.14019124393213495,0.0029216590081394497,5.918624729384769e-05,0.6513302493358502,0.2054976614765815
177,0.1141440557344908,0.00550360262722605,0.00014879942136597485,0.7581574500837385,0.12204609213317874
178,0.04179491993694794,0.00389449425447776,1.944632603044309e-05,0.9307602195033595,0.023530919979184443
179,0.015609405978897204,0.004446570999694141,6.4990018899368e-05,0.08672133273100245,0.8931577002715068
180,0.08051677935464649,0.008292486530664604,9.241887163907331e-06,0.2812231558757515,0.6299583363517736
181,0.4047720016899285,0.013200155778736846,3.512209691323242e-05,0.210709623655131,0.3712830967792905
182,0.053643128297702826,0.006919229512104688,1.7921768333966264e-05,0.02221964071052392,0.9172000797113347
183,0.35487092014321736,0.012706723960284856,4.137452350888807e-05,0.2201150203813523,0.41226596099163665
184,0.08364035110615999,0.008137345909347294,1.0184207934216465e-05,0.09023580504938215,0.8179763137271765
185,0.02877526275392594,0.005809742689798994,3.99005643734602e-06,0.022954078080908682,0.942456926418929
186,0.08769442024971975,0.03248739015839301,2.6793341493770273e-05,0.046710875354176645,0.8330805208962169
187,0.10072691228669059,0.022679594733737193,2.1600488429853498e-05,0.02146797132667427,0.8551039211644682
188,0.012045439552703293,0.002315641246737717,1.2281147450175501e-05,0.008417724024838287,0.9772089140282706
189,0.14887166380040748,0.009663943783449596,0.00012363265821061065,0.014399648425695556,0.8269411113322368
190,0.584883535002384,0.049481303062244436,0.00014776147774783773,0.051655697649347646,0.3138317028082761
191,0.1905259305408455,0.014270566119941175,5.939410551429519e-05,0.05694828666171958,0.7381958225719795
192,0.07570150048833416,0.009461598828618547,1.4090878317835985e-05,0.22852293411597918,0.6862998756887503
193,0.01800793146306513,0.0037246305675475468,2.0078284713104485e-05,0.046266812245999704,0.9319805474386746
194,0.09170736547629516,0.005421997113497056,9.251274265819633e-06,0.11045970541010014,0.7924016807258418
195,0.37384374803158976,0.0105323634555676,2.0508059887725202e-05,0.15903048431195008,0.4565728961410048
196,0.6481812704834834,0.005490295705765217,5.6109355646334174e-05,0.1711755789784383,0.17509674547666687
197,0.19194050125544798,0.011122084551849772,3.8566277524071415e-05,0.72315193599325,0.0737469119219282
198,0.14131084755014614,0.015807026466270555,5.344103542079826e-05,0.6827262167270455,0.16010246822111693
199,0.051884947482021965,0.006620529164063522,9.842716366962713e-06,0.8905037217907903,0.05098095884675718
200,0.04115696848644498,0.0107523407862524,3.044596160820159e-05,0.8562233006164603,0.09183694414923416
201,0.06191119622744943,0.009158098764909793,3.897379843171697e-05,0.8837459148063008,0.04514581640290814
202,0.0894375451555156,0.007813400779400534,3.063155074674443e-05,0.8643765083385977,0.03834191417573965
203,0.08224175056147932,0.01770046921125218,1.4939062657322788e-05,0.3990945059140275,0.5009483352505837
204,0.3620023796307744,0.03573119925526351,6.696651349075909e-05,0.3725261452775463,0.22967330932292504
205,0.11163801719208497,0.007514334437448989,2.1203961144932198e-05,0.1833135431860723,0.6975129012232488
206,0.0665655689935371,0.019028001178760818,5.334349874220708e-05,0.07128801609738351,0.8430650702315765
207,0.3761833254670618,0.048407227851748946,0.00013127777058699947,0.21938780141685793,0.3558903674937443
208,0.07752277622041408,0.011180965608489694,4.186137334513753e-05,0.08074317795088462,0.8305112188468665
209,0.2573044137713573,0.023713882765590614,4.456818618468911e-05,0.24680696414695544,0.472130171129912
210,0.1028680400856861,0.020492214855194014,7.990901383830069e-05,0.1385403662825296,0.7380194697627519
211,0.3982716798565517,0.022766226544478605,0.00013558609153551478,0.40161757012107624,0.17720893738635804
212,0.3238879552645889,0.04520745030714654,9.661896904932885e-05,0.43695415519636027,0.19385382026285491
213,0.15139500566419525,0.025757398402609783,7.834877335988956e-05,0.7713388288655374,0.051430418294297786
214,0.08664446628917902,0.008398731309774164,3.708944818391396e-05,0.8825043724282791,0.022415340524583858
215,0.0825694007742485,0.007225212883653596,2.7975946807050383e-05,0.8833552572675091,0.026822153127781887
216,0.09164352419025014,0.017611317624451932,3.722071393694654e-05,0.8205389503171899,0.0701689871541711
217,0.15730088935309555,0.036247526655043286,7.018588936793415e-05,0.7293581388905098,0.07702325921198332
218,0.2265619162682296,0.15966447254364793,0.000270348351805877,0.4293310848940687,0.18417217794224794
219,0.4462284231054903,0.11607063060958478,0.00016376020513697188,0.4030204620618192,0.03451672401796878
220,0.5603376035244393,0.06168095095844042,7.634061788715708e-05,0.3344950229894516,0.04341008190978158
221,0.39181546933601025,0.4334941552075908,0.0007044209013349029,0.11403624429470742,0.059949710260356746
222,0.26996189868773623,0.5655851835451882,0.00045959592259632744,0.14457900772747612,0.019414314117003204
223,0.10392535691595808,0.7801227845753497,0.00856913820791238,0.10240816052835106,0.004974559772428885
224,0.021173355695784702,0.9130616254370015,0.002351026373408201,0.060663521045456616,0.0027504714483490367
225,0.03482234018546348,0.8896047242400034,0.0007722500669783058,0.0707604643310826,0.004040221176472021
226,0.044132231363943335,0.8574684366399372,0.003096181686047981,0.09172350578373484,0.003579644526336585
227,0.013505384329997963,0.9578334919782306,0.0035077594071706505,0.02374054588839885,0.0014128183962017616
228,0.039736906898936705,0.8648685602248417,0.003278008515956528,0.08928485806973369,0.0028316662905311964
229,0.024661312941222292,0.928513122670758,0.001367456365867186,0.0435945707364413,0.0018635372857111893
230,0.216139484146482,0.7313313850646308,0.001828541779240156,0.024164932903753853,0.026535656105893108
231,0.03008495234747955,0.9602202469898271,0.006819362669053857,0.0020073489146013213,0.0008680890790382919
232,0.10753640096862715,0.8608235416262635,0.02166369986761464,0.005464334156395366,0.004512023381099338
233,0.0690472639148984,0.9161164021481989,0.010342031190942054,0.0019387708885954095,0.0025555318573651817
234,0.03171595225043392,0.9568867856525423,0.002738726692185932,0.0050682780595655095,0.003590257345272494
235,0.03859677910085839,0.9444779560077649,0.005041118470994633,0.009071859707040272,0.0028122867133419465
236,0.013489835494808053,0.9272897483996034,0.053232839523347994,0.00509736425000504,0.0008902123322355505
237,0.019563994831579057,0.8765422147800377,0.09380905158882824,0.008258235490586083,0.00182650330896892
238,0.043525116097236326,0.8924460845282762,0.025622780189621823,0.034907897880472424,0.003498121304393237
239,0.014974872194307088,0.8990168400097477,0.01732450422319112,0.06616671728567469,0.0025170662870790616
240,0.041828537723962105,0.8684817065219872,0.032954705076186044,0.04862902634096278,0.008106024336901916
241,0.058593450634845175,0.8716516997010915,0.008190406986697577,0.05241363948134774,0.009150803196018293
242,0.1141260358284711,0.8178110509757841,0.04073692021494119,0.020665519454845054,0.006660473525958716
243,0.1143747875793505,0.850291060340164,0.004959547331246313,0.02318859593643161,0.007186008812807646
244,0.015079088271197534,0.9626044023245279,0.014494600302234767,0.005333222386960447,0.0024886867150794374
245,0.024767725733971038,0.9519103455963741,0.007980575497381579,0.012113175764412272,0.003228177407860936
246,0.012334813729423145,0.9560453100790243,0.025077387069701834,0.0037528747068241892,0.0027896144150266118
247,0.00849710182534321,0.9652499261665601,0.017096653618220253,0.006092726137106109,0.0030635922527702535
248,0.02882910525226926,0.9469956340630052,0.015097909293879731,0.004756024572721175,0.004321326818124573
249,0.020040348692147127,0.8210877670860192,0.15568975612086616,0.0007419846124700463,0.0024401434884976556
250,0.04881332385160472,0.7651805092177525,0.17140757648094251,0.0011249894510155967,0.013473600998684788
251,0.1768433794306112,0.7564523410800262,0.0435520638929025,0.0044032652732352,0.018748950323224774
252,0.13487694728220673,0.7682799195653321,0.07258956127868416,0.006974393504119122,0.017279178369657824
253,0.07589846623861331,0.871801811586516,0.01681795316332314,0.019340485174336505,0.016141283837210904
254,0.06262753189949623,0.8795143964219526,0.03203839371176787,0.018137897997784227,0.007681779968999073
255,0.0427730754469289,0.885442013918768,0.04962364360063624,0.010629245905642772,0.011532021128024303
256,0.1636520339984369,0.740803267992268,0.0529941279465231,0.007271661328795065,0.03527890873397696
257,0.10797701448994015,0.8654102707370356,0.012536129598555084,0.006538399723171129,0.007538185451298063
258,0.2601731233230383,0.6371694505927954,0.06441868006790903,0.005108124559696286,0.033130621456561
259,0.24076237634196476,0.7239625907592773,0.011267852429597753,0.011339646259649975,0.012667534209510467
260,0.11238383393649219,0.8498004813519836,0.012046477158142218,0.008716902810556442,0.017052304742825448
261,0.07558496001628945,0.8585874746725946,0.043737639916182965,0.016152334831179838,0.005937590563753067
262,0.22071226975577923,0.6420169740081366,0.006121261185623256,0.02607551303789458,0.10507398201256622
263,0.11631919541342639,0.7822775594365957,0.008294435758553383,0.08194169983010527,0.011167109561319331
264,0.17421366234296523,0.5639607982175435,0.0013997893003708205,0.2503817076924224,0.010044042446698065
265,0.15265219097940227,0.6582824463655506,0.0046394385251441956,0.17759503689917963,0.006830887230723396
266,0.038596941610967495,0.774417830745518,0.004206862317763382,0.18069077210244558,0.0020875932233055425
267,0.033802873799031526,0.7866571399484866,0.025496753302951168,0.15242078581688978,0.0016224471326409923
268,0.03168149045131079,0.7966370181692431,0.022205724710220944,0.1467430081074703,0.002732758561754789
269,0.07922966190162851,0.7106532581083452,0.006382574051341282,0.1956389018167115,0.008095604121973323
270,0.04553561184395688,0.8720957584269684,0.016435233611256157,0.06110809502216146,0.004825301095657076
271,0.06192538070366674,0.8909138289178827,0.010133789541200065,0.0319436362173526,0.005083364619897921
272,0.1348611434434681,0.7498550457430476,0.011459125605824896,0.09632965853177458,0.007495026675884615
273,0.02980810828166055,0.8620104627349515,0.08109510249627758,0.010864832163245705,0.016221494323864702
274,0.24855506296139507,0.5714712285478062,0.0029930924953529992,0.14970247438098597,0.027278141614459718
275,0.07288075650072637,0.7528757041807,0.09719912118777886,0.03259055706616995,0.044453861064624844
276,0.2985567736580019,0.11728124984743771,0.00036117546124269593,0.10238322459896096,0.4814175764343566
277,0.2555557757592034,0.07652486243392874,0.0010407953034883627,0.05537646288120002,0.6115021036221795
278,0.16323310929260232,0.008074651110875858,2.891368008798828e-05,0.020615641817059382,0.8080476840993744
279,0.7798630765109451,0.032067340173040915,0.00016680908984757176,0.016448080617324442,0.17145469360884205
280,0.5396706307475618,0.033104029782766276,0.0001558580005024008,0.023219581473759326,0.40384989999541016
281,0.8956280118648225,0.0378866261659419,0.00013085129542126495,0.028882212789868175,0.037472297883946154
282,0.19465714928026975,0.7310719947009253,0.0012307272811249534,0.06575624098131357,0.00728388775636632
283,0.10472009946865658,0.8124118005145584,0.0005508301247111721,0.07334677645409067,0.008970493437983226
284,0.07154999785492981,0.8411422710130719,0.0014516058448849197,0.08242353742807737,0.0034325878590360397
285,0.0914215847562347,0.782355505920479,0.007554257654300391,0.11280664861938021,0.005862003049605624
286,0.03938360575706137,0.6695736450578053,0.0037812290697729683,0.2824252104191135,0.0048363096962468185
287,0.042847789581949076,0.8665453856525694,0.03712836881254506,0.048155562564182575,0.005322893388753745
288,0.03548150852030074,0.9103060169817396,0.008139287617672119,0.0420343934250204,0.004038793455267194
289,0.009227599801149186,0.9141683949252281,0.06744546018724382,0.007058436072864315,0.002100109013514753
290,0.023452226155569793,0.8719809822239046,0.09198450566090709,0.007147031623283705,0.0054352543363348094
291,0.017152836008024648,0.8883429258084946,0.08191188437584926,0.008777675777002633,0.00381467803062881
292,0.012641540912401251,0.9511789787818156,0.029387892853585573,0.004247630896581865,0.0025439565556156464
293,0.019698472098981193,0.9236295588584214,0.04660660953008967,0.005977052663313783,0.004088306849193943
294,0.024977264952119136,0.7980299507814672,0.17110803390860993,0.0031194155939967176,0.002765334763806946
295,0.01077246226140507,0.9485281705492943,0.032482983487543186,0.00416694695412732,0.004049436747630477
296,0.011814930938342967,0.8738367913355773,0.10854592088717342,0.002494646252313642,0.003307710586592556
297,0.011959945298228046,0.6821796527499717,0.30080313901481237,0.0013143797506085877,0.0037428831863791194
298,0.015820755836974423,0.8131534630298446,0.16538504715872443,0.0013378655780848414,0.004302868396371563
299,0.023633011587449022,0.8695159756539129,0.09891848025751764,0.002677162989395756,0.005255369511724586
300,0.009747542187593711,0.6887499844194166,0.29771063342516174,0.0006311323402552644,0.0031607076275725903
301,0.0036238487326666706,0.3110940126281309,0.6843218527206786,0.00019994560108137834,0.000760340317442358
302,0.005401703677295306,0.4333109467767132,0.5590581532556933,0.000539260597183891,0.001689935693114214
303,0.002419255069025151,0.45631843165015795,0.5394756642848944,0.0003177566324446297,0.001468892363477972
304,0.002821545177399042,0.3896803792442193,0.6049870510661682,0.0003709452641590882,0.0021400792480542963
305,0.003403356266620766,0.3826761433912342,0.6110962380319693,0.0004336626093834785,0.002390599700792111
306,0.003667502623372981,0.27915487123454347,0.7152371710895707,0.00040088592157865206,0.001539569130934168
307,0.0005033056077630147,0.03215924806444518,0.9663431828913475,0.00033414579145597936,0.000660117644988356
308,0.00015464549012063691,0.03707798360536734,0.962231164208382,8.277477632677107e-05,0.000453431919803283
309,0.001512395848707263,0.2541443791585676,0.7406666274841154,0.0006394048276271332,0.0030371926809826875
310,0.0002766290359714484,0.054634406525053275,0.9442701614567536,0.00016713099566044627,0.0006516719865612269
311,0.0007515224159842585,0.08259452168098998,0.914775739513741,0.0005232752314027762,0.0013549411578820168
312,0.00023426693749965563,0.06986799452052586,0.9285959378756256,0.0005003549556990174,0.0008014457106499235
313,0.00028031821416189085,0.026629033192405855,0.9720322345616192,0.0002970189357186032,0.0007613950960944652
314,0.00031698132224233756,0.024259242859595357,0.9745959518278992,0.00015809113758353532,0.0006697328526796448
315,0.0005143193149998052,0.08158913827646767,0.9168245477328651,0.00022273004230143655,0.0008492646333657991
316,0.00015947821761344298,0.04271024827445503,0.956145521486748,0.00036965675062874525,0.0006150952705547766
317,0.00021728997701383216,0.02482081158462241,0.9742720602267773,0.00012287217322150357,0.0005669660383649388
318,0.0004724607210299855,0.020837473143044,0.9780359147547903,0.0001392637900430881,0.0005148875910925689
319,0.000676121309011612,0.055719394176368224,0.9418226204598494,0.0006771336602445704,0.0011047303945261675
320,0.0021556617318879197,0.5408353410090233,0.45205481032945194,0.001083891037507414,0.003870295892129397
321,0.000600111562296219,0.06294891845154812,0.9347920305018791,0.000705908731255978,0.0009530307530205488
322,0.0006780232146809023,0.13577275957486393,0.8625689152010487,0.0002415446335130956,0.0007387573758933209
323,0.00040203486863456055,0.0578237516472391,0.9408095363424547,0.0001888766773571155,0.0007758004643146875
324,0.00020204897172948879,0.03291522033333187,0.9662511917797073,0.00014298764280435756,0.0004885512724272274
325,0.0005580600605692176,0.0993534395138971,0.8986261306890071,0.0006357364591510499,0.0008266332773755617
326,9.444788279168959e-05,0.03059762676461104,0.9687840849309539,9.906588235016555e-05,0.0004247745392931256
327,0.0004459628423885737,0.027638225262507088,0.9710009914157008,0.0002093455296550917,0.0007054749497485518
328,0.0004797633763727554,0.03587699755523543,0.9621961792811439,0.0006109557006373769,0.0008361040866106361
329,0.0003330069315204754,0.03135850184247096,0.967430988397871,0.0002225803310907702,0.0006549224970469348
330,0.00046166618827677124,0.0518281131859203,0.9462964559925731,0.0005593109234938339,0.0008544537097360478
331,0.0003694283160942662,0.02406881715365756,0.9748511863142068,0.00011261221841710763,0.000597955997624385
332,0.0002333804064070166,0.019121761399567054,0.9801292160988254,5.578270200414181e-05,0.00045985939319628224
333,0.0004767663275398437,0.030123504279824978,0.9683234271475298,9.060326211261829e-05,0.0009856989829927947
334,0.0015210239561879104,0.06396234332033074,0.9287191224192497,0.0010867892531531188,0.004710721051078575
335,0.0010479348707921068,0.05802009266716056,0.9365254239249111,0.001109394113215237,0.0032971544239210793
336,0.003245461464991513,0.08063554758168634,0.9082773854587616,0.00235676588176975,0.005484839612790713
337,0.007102795581636435,0.10395287481271674,0.8766553599814076,0.004155302025541069,0.008133667598698116
338,0.01176256245742712,0.31426473160848656,0.6210763670753824,0.0017492732936193688,0.05114706556508459
339,0.2179835752359083,0.42303512466309556,0.2871282456371603,0.011679512395257477,0.060173542068578355
340,0.2742872286137442,0.5115633161263995,0.03493355768837215,0.010055900853477816,0.16915999671800633
341,0.3202400016690462,0.2796717860625655,0.001969248007601049,0.0078107869176142885,0.39030817734317297
342,0.2636977106501605,0.507511752105179,0.00854994111388689,0.0269050487407833,0.1933355473899904
343,0.3395388564181377,0.2827320972003267,0.045219029761397515,0.028509647626456087,0.30400036899368205
344,0.7215137048952083,0.1345407922148889,0.0006625146014517173,0.01232174780032511,0.1309612404881261
345,0.3977350192101865,0.43233230776638765,0.012180526326668337,0.1131123487387878,0.04463979795796966
346,0.17410232480950158,0.6229757639995437,0.004339195323324134,0.10597502730868606,0.09260768855894459
347,0.13343727469912037,0.5056310061606518,0.0029382794439831695,0.3222948128960946,0.03569862680015002
348,0.1302825732131453,0.5962822511116376,0.0022013054682318493,0.24809194816331673,0.023141922043668488
349,0.034496124646224306,0.8353672300205865,0.0005668233401606293,0.12290543939241769,0.0066643826006108665
350,0.18632178223522103,0.5768519947639862,0.0006277450051434999,0.21488365202491874,0.021314825970730412
351,0.07779976311908664,0.7864334985631353,0.001056203724081703,0.11765787702004468,0.017052657573651778
352,0.059900294413289125,0.7328991077096858,0.0011947190742441296,0.19162554722029743,0.014380331582483455
353,0.06970547216260344,0.7508006917657029,0.003600192437129068,0.14873081776327518,0.027162825871289396
354,0.07101217479672477,0.05418885608184838,0.0011182980356284873,0.03491423329614804,0.8387664377896502
355,0.6797157668484792,0.12409798727927726,0.00039781313681879794,0.10163256289239478,0.09415586984302989
356,0.6789469365594403,0.17884162261804296,0.00048021813566461954,0.07481902762716083,0.06691219505969138
357,0.450409063528605,0.3780673984711223,0.0013070250419331398,0.038463026644816295,0.1317534863135233
358,0.19264579499952095,0.535105110766935,0.00221217658962082,0.2253242914708039,0.04471262617311933
359,0.10457495235092036,0.7210039930261539,0.011960046772374527,0.1267524269304432,0.035708580920108
360,0.08859180282106924,0.4085403794924308,0.0013453090817912331,0.4388925291276409,0.06262997947706785
361,0.037655576960472774,0.06286882760852142,0.0001552921646773033,0.8883983108026627,0.010921992463665917
362,0.02604170320829831,0.034140807551337145,0.00011075488467344556,0.9319885204971007,0.00771821385859041
363,0.054391818420001736,0.010201658171916317,5.196079213274373e-05,0.9202459400770876,0.015108622538861591
364,0.08792068368541536,0.008355562922248403,0.00010273354078113472,0.8830509103772036,0.020570109474351596
365,0.07970629830266747,0.009117347911299305,0.00011399371857643603,0.8888824325342849,0.022179927533171887
366,0.08368181093176548,0.006656142511627717,4.351859293818361e-05,0.8853679878435461,0.0242505401201226
367,0.08118394394161463,0.008702028931117635,0.00022148723786148545,0.8877322980110688,0.022160241878337546
368,0.02655982235313721,0.006845912171866043,3.707847448394867e-05,0.9607094786289085,0.005847708371604327
369,0.046606190395552125,0.01621968414891214,9.675479729089536e-05,0.9252835485218799,0.011793822136364773
370,0.04533496580147536,0.008723701660558752,3.5049643592414465e-05,0.9272463499081165,0.018659932986256917
371,0.0826931006781436,0.007810090892248926,0.00020703150951078566,0.8536353300699422,0.05565444685015442
372,0.1512336929293263,0.014056027867026727,6.135488817490337e-05,0.7836363424502446,0.0510125818652274
373,0.09790047820694663,0.01965707337865956,0.00021312683383006384,0.5406280154819909,0.341601306098573
374,0.147172112610147,0.03076037035846089,6.275117988862365e-05,0.3457436188811114,0.4762611469703921
375,0.1500728791138646,0.02890295394998751,9.822643851076578e-05,0.19229503082233657,0.6286309096753006
376,0.4287553701291043,0.06930502940924403,0.00025427737499447397,0.2837723805564273,0.2179129425302299
