epoch,N1,N2,N3,R,W
0,0.010860467558465451,0.00022995663845708906,4.6039502988826226e-07,7.816512745615156e-05,0.9888309502805913
1,0.009119906272177137,0.00034012015121274715,8.02951101174226e-07,0.00014572587322043282,0.9903934447522885
2,0.023080480740325163,0.00032884360175591815,1.4877851752195718e-06,0.0002301634100820771,0.9763590244626617
3,0.012911230383702881,0.00022131815582100033,1.097103733029938e-06,0.0002542405529342376,0.9866121138038088
4,0.007902678730946468,0.0003642738431095233,1.0664966797499966e-06,0.00015574284879614277,0.991576238080468
5,0.033853428275907316,0.00019036306178736692,2.5115260648518637e-06,0.0005993165013560579,0.9653543806348843
6,0.02339993693232241,0.0005285839553182946,5.9001872468222e-06,0.00045381636895828375,0.9756117625561542
7,0.10595115361370244,0.0007346813708114219,1.3612839751915722e-05,0.0011651450430607514,0.8921354071326734
8,0.13780118799954819,0.0026570767496064095,1.2643442899837648e-05,0.0032735086600893257,0.8562555831478563
9,0.1533178494379266,0.002979983838339279,2.464424268528658e-05,0.005397566603562173,0.8382799558774867
10,0.2626240487124395,0.006591749831207786,4.23848258766474e-05,0.006193255683938288,0.7245485609465379
11,0.3507464865001095,0.01717720859939764,0.00011096440977995985,0.0065864058819787965,0.6253789346087341
12,0.36407886117849303,0.10659523252818931,0.000426185227548387,0.02439293744461272,0.5045067836211565
13,0.061443264763425084,0.026260596507298426,0.0005686369603530258,0.034805043112079534,0.8769224586568438
14,0.08335720114760624,0.01361009484409179,5.945138547897758e-05,0.031765251794990554,0.8712080008278325
15,0.24725352244248197,0.08194483948650313,0.00029581165844014197,0.05280504945526733,0.6177007769573074
16,0.3140103935425743,0.14171921690596165,0.000598723042844033,0.0214657725839704,0.5222058939246497
17,0.4763291385562816,0.16907365649631265,0.00046145603915070173,0.039185894912994415,0.31494985399526065
18,0.18159087309331304,0.6503943759282479,0.007662701720684761,0.056918920402144885,0.10343312885560957
19,0.16301177642465392,0.3520951182372329,0.003762197141714146,0.11150362756342044,0.3696272806329786
20,0.05935681690634308,0.7352290111065424,0.009046021339079951,0.10897736312963616,0.08739078751839846
21,0.02104498047876468,0.023420292745602925,0.0008514931480367011,0.006990476618275579,0.9476927570093202
22,0.0896907201383482,0.00866426887287853,6.211218934969713e-05,0.05061196277719978,0.8509709360222238
23,0.07314367329252217,0.0033633752730154775,2.6609199409536174e-05,0.005328944368492647,0.9181373978665601
24,0.07078443255880354,0.0034442607636638867,1.7965687438526356e-05,0.006397231431650508,0.9193561095584436
25,0.07468747612246239,0.00170886371826255,2.5423827544432404e-06,0.004518605476859923,0.9190825122996606
26,0.13743104756272753,0.01441387923939411,5.034244618328613e-05,0.016042499962014282,0.8320622307896808
27,0.17075032996870373,0.29634059879216107,0.001364847487520607,0.0395737328312102,0.4919704909204044
28,0.023165807377900274,0.0035271129740946316,4.617636054860554e-05,0.014331944994425963,0.9589289582930305
29,0.2922713743915132,0.056168963461222375,0.0003341166266659135,0.09215551354678564,0.5590700319738129
30,0.39705861511251783,0.03701648571797803,0.00016180427401864297,0.14735847075432465,0.41840462414116075
31,0.4185075731323258,0.242761240057001,0.000745292898966162,0.0522731714626646,0.2857127224490423
32,0.41650214843678546,0.11879401533178166,0.000515150298185739,0.1311806036167761,0.3330080823164711
33,0.3060571342531683,0.1432333536592017,0.0005609812566613169,0.14317653666849123,0.40697199416247737
34,0.4489424341038639,0.17806668832326422,0.0008412055321961429,0.11753711688970929,0.2546125551509663
35,0.8092398623458246,0.15688756786488595,0.000369021082685108,0.008648032021654,0.024855516684950372
36,0.796997752406904,0.0891781287718744,0.0003252631746976039,0.013040606497216315,0.10045824914930776
37,0.4689227952263425,0.5101700616209288,0.003558553885902101,0.00486005741714808,0.012488531849678493
38,0.08662469666913485,0.8878041528751955,0.01397035660792978,0.005770436376140419,0.005830357471599453
39,0.04752812230831936,0.8926928115498061,0.03162567740130311,0.019505410247567023,0.008647978493004416
40,0.03602577579419815,0.9225370629954303,0.021160661699596902,0.013940893834730317,0.006335605676044621
41,0.0029028651821673686,0.9479722756774847,0.040791017234329194,0.0065402494819211746,0.001793592424097572
42,0.09833421832020602,0.846125453858696,0.028679483593994907,0.010528788459575177,0.016332055767528008
43,0.10497689372564689,0.8711463566478292,0.013009877782194635,0.003984514826003299,0.006882357018325929
44,0.030949236228796147,0.9385233769308068,0.027728390896774615,0.0009356917336854906,0.0018633042099371392
45,0.02110335898273408,0.8937910142366584,0.08262107681637655,0.0005648145523071818,0.0019197354119239703
46,0.013751794567731122,0.9414823757975662,0.04217825754593244,0.00030115535001817086,0.0022864167387519653
47,0.17645354800458093,0.7625381551153478,0.027658985083882,0.002697884855135589,0.03065142694105362
48,0.030039713434769882,0.9409825521442721,0.026786965863339708,0.00024084403627226496,0.001949924521346039
49,0.0031965744025179224,0.7898724218772236,0.20566144169883796,0.00010612101352857597,0.0011634410078919836
50,0.003490362000413507,0.7376102169016123,0.25753578930201887,0.00022763511991133754,0.0011359966760439418
51,0.0005411094545534399,0.5561306598042164,0.44253778077109795,0.00011019605097230212,0.0006802539191599843
52,0.001581094132410444,0.6097066479166416,0.3879040808716399,0.00011384508718708204,0.000694331992120858
53,0.0018397896283926835,0.8198568665623589,0.17707027626782643,0.00014011538855925718,0.001092952152862804
54,0.0029966875704064626,0.7396989401901005,0.25570956737949146,0.00010322364360316865,0.0014915812163984292
55,0.0023511203917703795,0.4404597879673074,0.5561970700883698,9.68289175446048e-05,0.0008951926350078283
56,0.0018374453103001819,0.5673990415743564,0.42940933810097787,0.0001281227830225174,0.0012260522313431008
57,0.004648741301039618,0.7395796287318256,0.2537989746363149,0.0007252256059574879,0.0012474297248625036
58,0.003961274602607185,0.43171655890133814,0.5622258960927732,0.0007876903924614874,0.0013085800108200143
59,0.005455151387307306,0.6854872162780986,0.3051877455153636,0.0020352114067322606,0.0018346754124982595
60,0.3001174105571847,0.5288710987770123,0.05721016982629685,0.028603186718056926,0.08519813412144914
61,0.19621692154057116,0.5497464374336264,0.013852725524713845,0.2101452292096383,0.0300386862914504
62,0.33210837705098434,0.5821990374417345,0.010209522838904127,0.03143721610669944,0.04404584656167749
63,0.20431399120151145,0.7554374019818141,0.005269170068850105,0.002791580847864441,0.032187855899959934
64,0.8073348983494798,0.06880480574369476,0.00043667946755197336,0.021566162980207675,0.10185745345906597
65,0.4361502253242713,0.502106826988364,0.007803624271603906,0.03627942363964819,0.017659899776112653
66,0.12765281809319726,0.8130134168880924,0.0028169724520973344,0.011387955462255284,0.045128837104358
67,0.2632305794196677,0.7076623661539171,0.00541519311682867,0.014882415414921623,0.008809445894664853
68,0.325594547671768,0.19839292037386205,0.0022828984153016093,0.06905470084865424,0.404674932690414
69,0.19142593651414394,0.7546864768675942,0.01023292946358871,0.010239246085388794,0.03341541106928448
70,0.07520223113134973,0.9014187393311581,0.0071853391035266384,0.0064075206796688185,0.009786169754296708
71,0.49146154926368263,0.19285236981282938,0.0006396583925805517,0.01971505608018955,0.2953313664507181
72,0.28826461422127625,0.6937950266270955,0.004011517574646794,0.005966843591794725,0.007961997985186861
73,0.14752170416632193,0.8197859234757457,0.01065755054116193,0.0029462694150860784,0.019088552401684118
74,0.3397749753250148,0.6352177356850046,0.00986215765274164,0.005162617740804355,0.009982513596434364
75,0.11025262687182558,0.878319486441505,0.004940627152319656,0.0025618515804157077,0.003925407953934038
76,0.009153123990421907,0.9650274602106316,0.023349134136353922,0.0010775924302256035,0.0013926892323669789
77,0.04245012660903705,0.9114828544296664,0.027832729572300915,0.002900037551937244,0.015334251837058476
78,0.059671572632958074,0.8854158232980271,0.013564382688826987,0.003965454242660554,0.037382767137527105
79,0.017748771803113586,0.9288738391375005,0.045014824327500175,0.0041999279473691675,0.004162636784516607
80,0.07170637473414494,0.8953670714174281,0.0221914263988819,0.004334657231398666,0.006400470218146261
81,0.03673242983696185,0.9461246707655667,0.010881926328071528,0.003310045117603533,0.0029509279517964454
82,0.008634223962230148,0.9578207998223948,0.030634873213059608,0.001306859924145948,0.0016032430781695861
83,0.008570784338900577,0.955469125801194,0.033725482095505854,0.0008373233887495966,0.0013972843756499757
84,0.007903227446784122,0.8863572092689098,0.09748654373672043,0.0020127963766101045,0.006240223170975608
85,0.2630745844162122,0.6540350937400987,0.005975465346766537,0.023314553604132694,0.053600302892789796
86,0.21714085426777335,0.7621397491871332,0.0029389949957599635,0.0034312400447327938,0.01434916150460078
87,0.17740997275363937,0.798090616927061,0.01608238640966409,0.0027288741034601017,0.005688149806175344
88,0.0594401491459939,0.9060852090320631,0.026600932187580074,0.0019935528929240767,0.0058801567414386215
89,0.12841502492663182,0.6014123606782213,0.015982911915633932,0.004439751246274628,0.24974995123323815
90,0.3401883472304191,0.5693618183437338,0.013339038803623065,0.024365485229441985,0.05274531039278202
91,0.13366913869694935,0.8101210362236674,0.011655364595319139,0.005260721273735716,0.0392937392103283
92,0.5325037303415551,0.33634069431542,0.008026108359089882,0.014845695443683691,0.1082837715402514
93,0.11885634750149111,0.8604118242940566,0.0049614694306394595,0.010014694889907423,0.005755663883905342
94,0.29104041751096016,0.48228590998537324,0.00528889340929095,0.042391359087858856,0.17899342000651688
95,0.09768475569548782,0.8688744761835449,0.004460040850534667,0.017580048998280706,0.011400678272151868
96,0.03704271684372699,0.9200096435458773,0.021729700686733584,0.014593258414078639,0.006624680509583628
97,0.030041995732828033,0.03241193800006327,0.0006941261969309132,0.0010000506532197627,0.935851889416958
98,0.3969508088984516,0.47416146739600035,0.014463011823614246,0.033370731894481045,0.08105397998745281
99,0.2685890187577509,0.5736916720311794,0.0039010634049489153,0.02589150258610057,0.1279267432200202
100,0.6953029932189027,0.23038347981270643,0.005783197392722224,0.033462803673441004,0.03506752590222768
101,0.42551014635164847,0.38630946276931727,0.0030934874951328946,0.1047610474402363,0.08032585594366526
102,0.09288021209145263,0.8040544788804376,0.007887169932233916,0.0850481810960776,0.010129957999798333
103,0.14686261903710104,0.14825260448361643,0.0013218643786551624,0.02798048362826542,0.6755824284723618
104,0.31672215524452596,0.16109977665849026,0.00020058117622096747,0.07039707961487339,0.4515804073058895
105,0.47910764422332797,0.37749551437009127,0.0014807734232737027,0.05933352878880208,0.08258253919450488
106,0.3371626227051814,0.41568584179631657,0.000364986472791747,0.011732739577470052,0.23505380944824034
107,0.6807882985710247,0.05361415253472284,0.00024797438160904773,0.04951068579358062,0.21583888871906284
108,0.19930886578697063,0.6406390289771715,0.0038451606483266704,0.10296224584401031,0.05324469874352096
109,0.2209165021950686,0.326762777892354,0.0013420271496255689,0.016762442435192995,0.43421625032775885
110,0.20927542513997954,0.49165616243122545,0.002670065878427491,0.18219525260434188,0.11420309394602558
111,0.09247804876284964,0.037550676387942364,0.00015669412117355744,0.12218289342548377,0.7476316873025507
112,0.547863167837156,0.04309980581379077,0.0001826522207866988,0.1636309656284898,0.24522340849977659
113,0.35611994607149056,0.3000827517946281,0.0032516538448029656,0.2257511598034729,0.11479448848560557
114,0.275498156628841,0.07149963491605373,0.00047184334346859965,0.34309994954511236,0.3094304155665243
115,0.12828794154643205,0.0292472282154209,9.301235624194348e-05,0.11892457497524347,0.7234472429066615
116,0.3428261236225716,0.17456294835939135,0.0026180050086756874,0.18162819746205058,0.29836472554731075
117,0.23951617983783072,0.10175987248391581,0.00023869242814177335,0.06562919371692175,0.5928560615331898
118,0.35902880436727297,0.07659830985549904,7.025256118315332e-05,0.07697356161930374,0.4873290715967411
119,0.39129261855145375,0.34929921908321604,0.0011906613604321169,0.17291681955283145,0.08530068145206665
120,0.3416023070354904,0.024358198625112626,2.5446041432306045e-05,0.04104913147922569,0.592964916818739
121,0.5473355289178125,0.015833312698292166,1.3770315087784918e-05,0.02056432888968893,0.4162530591791186
122,0.8428559043691144,0.06343540835395706,0.00039468933909458524,0.030857046100624338,0.06245695183720966
123,0.5363691162912658,0.40828762287144765,0.006459949857507956,0.029007710412389354,0.019875600567389205
124,0.4234501537463931,0.2119075972207979,0.0038063480264682037,0.030874106147035688,0.3299617948593051
125,0.31121697239031165,0.18486101083599646,0.0034587841730975995,0.14353750161752057,0.35692573098307373
126,0.07706427893330933,0.833195990819692,0.035122343048611546,0.03202172311841114,0.0225956640799758
127,0.11303833913438263,0.8041819408547712,0.03513435131294822,0.02359275018457787,0.02405261851331978
128,0.08992074066464188,0.7867040169511109,0.0872052876760255,0.016671825410273924,0.01949812929794781
129,0.016030199587330905,0.06599460409792979,0.08260940646820257,0.006258925716837971,0.8291068641296987
130,0.1699756787005214,0.09795741925458032,0.004374194045260568,0.06327062308272725,0.6644220849169105
131,0.2660532087979955,0.20300661904203796,0.023623820009237288,0.11389281109271789,0.39342354105801136
132,0.2883291878733426,0.08015502275507791,0.008707028033389663,0.1680437157170986,0.45476504562109127
133,0.25550170347447415,0.051823384524688786,0.0003397325604478076,0.12382873904823458,0.5685064403921547
134,0.1749269997567896,0.10855418656577606,0.001977077921198782,0.5525655517084415,0.16197618404779407
135,0.07982410733481217,0.02765513025817844,7.507335334503909e-05,0.7836203201601191,0.10882536889354537
136,0.23763335270237268,0.04136007498550034,6.25951184940145e-05,0.22530569294892114,0.49563828424471174
137,0.18483441966359915,0.06223037248904263,0.0006950054201605773,0.6035676072498919,0.1486725951773058
138,0.11906223143744023,0.04579568287089311,6.728386646616364e-05,0.14649776819246146,0.6885770336327391
139,0.1839980312234101,0.014593032256220733,0.00011838867744142547,0.08868529250584463,0.7126052553370832
140,0.3212163027817518,0.02227851074649021,0.00020683748511499646,0.5483805782632114,0.1079177707234315
141,0.23963753619691666,0.20714559233112395,0.001258021311793176,0.3941303460359794,0.1578285041241869
142,0.0381438749386404,0.02997938316148866,0.0010136545511974446,0.08539136604690356,0.8454717213017698
143,0.08348618132658134,0.026628906252924203,0.0019995910826004887,0.7498131262589819,0.13807219507891205
144,0.06992425308504084,0.10139520105774193,0.007715023604544649,0.7631908136532911,0.057774708599381365
145,0.08486388310655499,0.18708613903559054,0.015932079757838273,0.6351995085767315,0.07691838952328472
146,0.02676400220432887,0.02257534994704925,0.0009574413821689962,0.9138631356422218,0.03584007082423122
147,0.03276776889626263,0.013878289786140854,0.0005610854093737333,0.906739092487751,0.0460537634204717
148,0.010911192611847684,0.008042574952255844,0.000923062883010724,0.9135253181822699,0.06659785137061586
149,0.012282423973551984,0.007658478449330667,0.00016232730444089391,0.8797137917205013,0.10018297855217514
150,0.03396733255030049,0.011724588324105629,0.00019385414162512274,0.884302635435894,0.0698115895480747
151,0.025688569657919186,0.009663740066697282,0.00011088461036988994,0.5553747590897028,0.4091620465753108
152,0.058359321721419374,0.0063086929098424525,0.00020065760288117998,0.8496964484523736,0.08543487931348338
153,0.02108014289848383,0.005702282782143468,0.00042044212852017333,0.9398722651780119,0.03292486701284046
154,0.01147505861170347,0.007498601808775636,0.00010000962140038548,0.7940882992302485,0.186838030727872
155,0.02740307558885865,0.008422215780804806,2.9552124949557348e-05,0.7804883159033376,0.18365684060204948
156,0.07896568732652044,0.011818669548921272,0.0001297422026743922,0.7732358848206982,0.13585001610118574
157,0.05241835633042207,0.013365343140830687,0.00013497079474292093,0.6538015291263706,0.2802798006076336
158,0.08142286699740037,0.007909900820416564,0.00018837422527563674,0.7985376252394379,0.1119412327174694
159,0.06112088950069556,0.01016802745240866,0.0001966674496368064,0.8865041135787209,0.04201030201853805
160,0.022497016346488024,0.007852446932748254,0.00011333687483790035,0.8243654164514476,0.14517178339447812
161,0.024906281157255107,0.006114873224492011,0.00010151610076651102,0.9392953497441257,0.029581979773360557
162,0.025466540881077054,0.007379036971904402,0.00014837309771109636,0.9510505982084146,0.01595545084089285
163,0.022776485216149098,0.005237382422038969,4.418930202918501e-05,0.7275312969805564,0.24441064607922636
164,0.05640572632658594,0.00431950563175198,2.047881070818668e-05,0.9018689921872663,0.0373852970436876
165,0.12177675035737846,0.008221598542403723,3.890485395681046e-05,0.2689629657251555,0.6009997805211055
166,0.3451216263929574,0.01510160372204224,8.42535877444265e-05,0.5786837271130311,0.06100878918422485
167,0.16722577115182868,0.03412031950995693,0.00019593448531040768,0.603507490975363,0.19495048387754083
168,0.060205888135506966,0.01324165010174591,4.08842277839642e-05,0.28666163634832664,0.6398499411866366
169,0.14062328336674643,0.10828091777129184,0.0011723879779916313,0.5496733688975386,0.20025004198643157
170,0.07571284323649335,0.02156557191915453,0.0012725252534354818,0.06516146153594582,0.8362875980549708
171,0.13373511278363998,0.04975449075882941,0.0008859276404520934,0.5391783113541284,0.2764461574629502
172,0.09353403283156082,0.19405112745153,0.004578971784199935,0.6608676207973113,0.04696824713539781
173,0.11818066880640025,0.09428000770838664,0.002789849591042054,0.7525570904486952,0.03219238344547589
174,0.08851334949536736,0.17689829657363274,0.0033930145268077604,0.7094724619388393,0.02172287746535286
175,0.038080355432771155,0.05889869585823369,0.0009490396650858914,0.8793567745127393,0.022715134531169964
176,0.04583289737059945,0.03636581573136257,0.0009466410953257567,0.7747556338130742,0.142099011989638
177,0.11878787792207272,0.017631229526524746,4.9226588746954474e-05,0.8248956752256622,0.03863599073699334
178,0.3284977482744324,0.2729535881176471,0.001692850890642995,0.3834057466958695,0.013450066021408011
179,0.19843134552319736,0.06680017277703093,0.00023957133155874102,0.5635696561200018,0.17095925424821115
180,0.16565588113229449,0.249844607447607,0.0012239269843450633,0.5706325493545229,0.01264303508123058
181,0.08759469260539,0.06701264163598562,0.0004094609956543428,0.7612471559222824,0.0837360488406876
182,0.268579431736979,0.4417424644215976,0.0015333599348053488,0.2782591936146695,0.00988555029194855
183,0.3403542544644599,0.19982215747965373,0.0002806474551492031,0.3446704817885192,0.11487245881221812
184,0.6510295692526856,0.251200615524438,0.00031615653798000305,0.086948650126323,0.010505008558573387
185,0.02148711070183876,0.9137445091800638,0.02330185315968653,0.003711957193305603,0.03775456976510541
186,0.3960574037911656,0.5408776240863427,0.001613561731027347,0.009555917538190043,0.05189549285327442
187,0.20214058809832594,0.7849189976949762,0.0026192776108922497,0.005262506352031452,0.0050586302437743
188,0.017184634855179994,0.9786778186092128,0.001601987925932256,0.0015006978317324046,0.0010348607779427591
189,0.07334010549092172,0.9149893991839787,0.005411993145052817,0.0032309708878700415,0.003027531292176718
190,0.007587235145175679,0.9807220339443248,0.009954200136698808,0.0012711553999969606,0.00046537537380368096
191,0.0049480641637272005,0.98358240415388,0.010274187253783321,0.0007594862549105325,0.00043585817369897443
192,0.0057770480691657616,0.9857222186568033,0.00728661298833534,0.0006330072148985622,0.0005811130707969981
193,0.028462177185041626,0.8810821941844921,0.0767184859132068,0.002665946928338855,0.011071195788920437
194,0.10650479527212492,0.8755869693070152,0.01059385797123871,0.0028859530042533456,0.0044284244453679615
195,0.021168383410149264,0.9590132317161938,0.018276068285901594,0.00047427970107014793,0.0010680368866853051
196,0.017540414045948385,0.9307140873622726,0.04885334324298218,0.0011942675610402207,0.0016978877877565936
197,0.0017490182161365002,0.9567663746292029,0.04068414383998677,0.00028494626769549544,0.0005155170469784877
198,0.005073074818321597,0.9315819828409182,0.05999361421507665,0.0012459105959055595,0.0021054175297779494
199,0.0016644267856352236,0.7629628944398179,0.2343967243694761,0.0002495041676855493,0.0007264502373853062
200,0.0016724231531017532,0.7943160725589145,0.20234183139416428,0.0005713995340549099,0.001098273359764472
201,0.006448746609845428,0.6914514207228684,0.3003595782630412,0.0005051441831191492,0.0012351102211258054
202,0.009394222160303944,0.8357561418646304,0.15299184134100235,0.0008529453814384661,0.001004849252624918
203,0.004253728314241377,0.8035892897771826,0.19147487769247049,0.00012095210517300192,0.0005611521109326632
204,0.0035553693836726293,0.6478164115374175,0.3479806023183971,7.62370334962778e-05,0.0005713797270164967
205,0.0013277784155672483,0.8071396494509623,0.19049062665747477,0.00014673815490944456,0.0008952073210861599
206,0.002015664514114941,0.6920698743974977,0.30506202654205805,0.00018378444304349638,0.0006686501032857821
207,0.0009958730889572647,0.4525254133029202,0.5457863656230064,8.104569273180331e-05,0.00061130229238434
208,0.001866348415207631,0.570461888363507,0.4266029668000908,0.00015324678787389208,0.0009155496333207449
209,0.0014891161441533763,0.5708562520943739,0.42690919605808403,0.00013007862440888698,0.0006153570789797358
210,0.0011155938651837866,0.346719491225288,0.6514501043016048,9.002152498104e-05,0.0006247890829424219
211,0.0021247489297581772,0.5371497469597207,0.4595303072101384,0.00025143149075105854,0.0009437654096316238
212,0.0007450519825641613,0.3256562871248321,0.6729765072802146,0.00010270736475518571,0.0005194462476339059
213,0.0020082884922566456,0.38476115201051975,0.612060780136348,0.0001629588432422916,0.001006820517633324
214,0.0023120845259923524,0.5576497449120666,0.43801649951251503,0.0003484170930099131,0.0016732539564161234
215,0.0013260816737657925,0.602264358788024,0.3950940969174461,0.0001976993342223982,0.0011177632865417271
216,0.002662719822352851,0.640025092100313,0.3562770678813166,0.0001999142467200575,0.0008352059492976111
217,0.001946723040437069,0.6215141269252119,0.3753302122161205,0.00017137188330396979,0.001037565934926611
218,0.001619953027303668,0.44938588535120677,0.5479060450065141,8.25351003267042e-05,0.0010055815146489146
219,0.0012113433900610968,0.5420709911917433,0.45517146290686444,0.00023624944450420862,0.0013099530668270424
220,0.0012648797968983446,0.3400808444203953,0.6573640377104347,9.100205927529552e-05,0.0011992360129962744
221,0.0020151179439324117,0.5016114234622778,0.49514267048211197,0.0002259091344181947,0.001004878977259554
222,0.0007294295659697524,0.3312566667937889,0.6672902741078578,5.9553460337668616e-05,0.0006640760720459877
223,0.0010464242320720428,0.2820809919300873,0.715957487362055,5.973543906471486e-05,0.0008553610367210864
224,0.0006628741565714899,0.24740083713917113,0.7510893549815965,3.2186079503625085e-05,0.0008147476431572768
225,0.0015511480573601633,0.27142164310475536,0.7256076684088896,7.330983310558715e-05,0.0013462305958892571
226,0.0011441328948623524,0.3273179295391584,0.6703652208713361,6.368038529820319e-05,0.0011090363093449536
227,0.001364984462720027,0.404057100594649,0.5935483209629866,6.078337292121935e-05,0.0009688106067230784
228,0.0014366291073457395,0.3677661671391994,0.6298283010387149,7.508020862372846e-05,0.000893822506116233
229,0.0007069795178443443,0.2441789920691485,0.754272711587494,4.6740739892555396e-05,0.0007945760856203822
230,0.0006518539164028429,0.20036640165871536,0.79812198366864,3.085565856953774e-05,0.0008289050976722682
231,0.0008923689388655744,0.22286057358017616,0.7751757692699105,6.19185215538188e-05,0.0010093696894939437
232,0.0007074301454124997,0.3854097404784297,0.6124789522156101,0.0001364517430454462,0.0012674254175023202
233,0.0006296864266788814,0.2623480223782327,0.7361164636568635,5.3426363784989186e-05,0.0008524011744399662
234,0.000814456327212704,0.19826736276274204,0.8000834108403222,4.1519377698812296e-05,0.0007932506920243174
235,0.0010601759201469276,0.40924622576861414,0.5884529688453611,0.0001358816563835835,0.0011047478094941697
236,0.0009694624105826791,0.30316588755892304,0.694292000431488,4.659059665548528e-05,0.0015260590023507279
237,0.00031819886224359684,0.14363588459416746,0.8552207855070563,2.1891967793293212e-05,0.0008032390687393695
238,0.0013415833079624324,0.33799966112867336,0.6592864349186766,9.842316012127346e-05,0.001273897484566259
239,0.00043520556726437727,0.3202898840633939,0.678108268961656,9.894566396553747e-05,0.001067695743720024
240,0.0002234360770707652,0.19548678911843823,0.803365011053012,3.580331204057779e-05,0.0008889604394385854
241,0.00036615747214202045,0.2836226881003343,0.7152762520479746,5.7279276497159775e-05,0.0006776231030517943
242,0.001562955247673168,0.43928097102867875,0.5567082559063102,0.00018535796892402682,0.002262459848413887
243,0.0004745086850115056,0.2399532388051041,0.7578989217215426,0.00013681001674876135,0.0015365207715929943
244,0.0010001985068377724,0.3371548599797073,0.6593125175915038,0.00027304878667696664,0.0022593751352740807
245,0.056016926484358354,0.08432758793787247,0.029430395870772567,0.003213123654323219,0.8270119660526734
246,0.29551695897669034,0.2861043668899856,0.012377140730812607,0.012744121187556287,0.39325741221495525
247,0.19069163896480645,0.7098865948743527,0.054399424437500295,0.019239442544108355,0.025782899179232224
248,0.33157180739746445,0.5677171375136995,0.004104938601594629,0.0161110077879577,0.0804951086992839
249,0.028566269421261562,0.802252854211627,0.15327255778749235,0.004949250818919092,0.010959067760699895
250,0.022479531910953903,0.8191062965911807,0.11012805082811139,0.01645395766112462,0.03183216300862931
251,0.035519673122390884,0.8018033608566526,0.09528767774537764,0.023523450777583423,0.04386583749799536
252,0.09605932491030446,0.5631562718405873,0.021468968542883476,0.01612419256722483,0.3031912421389999
253,0.47038112407612936,0.3128247133703002,0.014187853381719125,0.03904699707305971,0.1635593120987914
254,0.06769799405294406,0.8421784400875113,0.03465539706191924,0.0034187807509006387,0.052049388046724814
255,0.09200867226230042,0.7572506618205854,0.04119380838583515,0.011021070915944842,0.09852578661533411
256,0.07793269460935508,0.8597500876299924,0.04494973734676915,0.007128184336902192,0.010239296076981177
257,0.06305662912502565,0.06006491495040118,0.01745854430234694,0.0061940240668135905,0.8532258875554126
258,0.3247318585696599,0.5168933167505848,0.010717199000402525,0.021192327606611543,0.12646529807274123
259,0.5216218147418773,0.1911321317970589,0.0032139475813663942,0.018368650552853867,0.26566345532684355
260,0.2602918313819545,0.6850722507684304,0.017919846622437223,0.015011075151624944,0.02170499607555304
261,0.1009236785906527,0.8892903032245119,0.005199795196171059,0.002864806350036022,0.0017214166386281277
262,0.0514299187074229,0.9250989421241019,0.020303978027305613,0.0019193572595379307,0.0012478038816319261
263,0.0192619713296418,0.9691803240015756,0.008130887092844007,0.002073135653089901,0.0013536819228488354
264,0.015644264575194727,0.9481440959699472,0.03242112036787901,0.0019507593535959364,0.0018397597333831611
265,0.0018821000408376113,0.9595036600731649,0.03779303769507974,0.00034204120821734074,0.00047916098270035345
266,0.0027330828217533433,0.882600575816458,0.11338863160388761,0.0006620037186327653,0.0006157060392683384
267,0.0010880014256607715,0.9576530557478021,0.04048774969535862,0.0004364832380667612,0.0003347098931117919
268,0.004074625477178107,0.9423537384810872,0.05180779543213589,0.0010536301877303884,0.0007102104218686082
269,0.0023280953774825397,0.9469356051153573,0.049773668629238425,0.0003567129033564551,0.0006059179745651371
270,0.0009886455758851334,0.9283834385780655,0.06989188425268979,0.0002995294380591117,0.00043650215530063695
271,0.0028172012548962093,0.9139297625804768,0.08149652935520733,0.000981719790381552,0.0007747870190382011
272,0.0010680950579601823,0.8724845070332474,0.12556701113681612,0.0003696804574208304,0.0005107063145555048
273,0.0029957685801022585,0.8583486826869172,0.13703311157239328,0.0009208939768689029,0.0007015431837183294
274,0.004050243106638755,0.9282757533806686,0.06638109647670465,0.0005592036341555552,0.0007337034018323103
275,0.000782170802968521,0.8292397899656829,0.16900973651272172,0.0001927544743962833,0.0007755482442305859
276,0.003935487965871662,0.691951684833984,0.30268652381716354,0.0003584512119522722,0.0010678521710286468
277,0.008489824271147082,0.6181892241942584,0.37092956650383885,0.0007008991104989664,0.0016904859202567274
278,0.003028496653255399,0.7679610296834377,0.22762927249156936,0.0007396209086668822,0.0006415802630707457
279,0.0017758877749481652,0.8571149085563833,0.14023803180578986,0.0002664269723164399,0.0006047448905622285
280,0.0014045877590028882,0.7387370171836837,0.25839784790999676,0.0005435412128634072,0.000917005934453158
281,0.0007392505637701331,0.7821637836987495,0.21562807490017963,0.0005276068847077437,0.0009412839525930308
282,0.000514484150059172,0.726190019690792,0.27216996327504334,0.0003591895574209877,0.0007663433266844995
283,0.0006916981408617151,0.7537220255119129,0.24434032100375602,0.0005132063489452775,0.0007327489945240443
284,0.0010272061723715167,0.5261695195264557,0.47117815201542723,0.0002778665469499829,0.0013472557387954759
285,0.00177537034031337,0.6740507550977278,0.32299366428421933,0.00021260778766976662,0.0009676024900697883
286,0.0004815453671900093,0.4457016367406351,0.5524848926604223,0.0001815082322498016,0.0011504169995025704
287,0.00041919622099265206,0.42297084156093034,0.5745640367778889,0.00017668963120165838,0.0018692358089865
288,0.0013044970171007667,0.46329304086413015,0.5323566556516913,0.0010307226789561495,0.0020150837881216708
289,0.0010360088085749942,0.4898056798999728,0.506281839437533,0.0003627981540548423,0.0025136736998643545
290,0.0007842398397000486,0.40823699592349144,0.5894808404276485,0.0001430695406479435,0.0013548542685120947
291,0.001183353094680377,0.5793848311721491,0.41660314239354024,0.0007527284762459078,0.0020759448633843884
292,0.0009626981959854058,0.5294055865346159,0.46620932790727976,0.00046002212464507603,0.002962365237473875
293,0.0016100916192339128,0.4489962850397212,0.5473376052195872,0.00027827205629836916,0.0017777460651592946
294,0.00042685257905982843,0.4418664915764684,0.5560571849234439,0.0001609477871752715,0.0014885231338524127
295,0.0014735338962359808,0.33587850741982916,0.6604362845712832,0.00013201992695728614,0.0020796541856944743
296,0.0006630215037154674,0.3607209956948741,0.6369593226337001,0.00020682153370789693,0.0014498386340025388
297,0.00046581904411562036,0.36098622690599114,0.6368127695987179,0.0001620291663848446,0.0015731552847904307
298,0.0005006969465656795,0.23389762974122738,0.7638956844824195,6.705451159970459e-05,0.0016389343181878416
299,0.0016232309364906585,0.368144332998083,0.6279801871529572,0.000395771880200066,0.0018564770322690057
300,0.0009473359186548698,0.34229843105572044,0.654609996594766,0.00023447010902184165,0.0019097663218367485
301,0.0018900343128729995,0.30462608429049226,0.6907282405233843,0.0002563266175134458,0.002499314255736957
302,0.001362266524877875,0.3596488303019844,0.6369002251682524,0.0003664254712850529,0.0017222525336002177
303,0.0008069096915855547,0.44240339878906343,0.5546489467419543,0.0003270810310011152,0.0018136637463956795
304,0.00034984102120994313,0.38628382130079075,0.6120111509816718,0.00016243424653369812,0.001192752449793816
305,0.002443085716509541,0.42881936119847963,0.5643215843023651,0.0010326302347012594,0.0033833385479444407
306,0.0013812379364350738,0.5102295612394613,0.48319079667713316,0.0027210830180241234,0.0024773211289465407
307,0.000573199551822907,0.19139692439739467,0.8050093586519731,0.0011601783533028381,0.0018603390455064945
308,0.02848594752060193,0.41334090507726606,0.37308002413336555,0.02792145543471628,0.15717166783405037
309,0.08589942862678944,0.7407752784280359,0.04034645050660065,0.0728728277304119,0.06010601470816237
310,0.1160239688930921,0.7244824841590907,0.052628637874210335,0.05718159694972838,0.04968331212387841
311,0.2700159179031622,0.1683867515328876,0.0019769258324671543,0.040123922050613645,0.5194964826808695
312,0.11075739715239265,0.8275165619265599,0.022255820099961153,0.026587554024714313,0.012882666796372007
313,0.09556255224222963,0.5649037198471996,0.011589518361415571,0.31882464513177877,0.009119564417376502
314,0.09616563943527759,0.6352928917481184,0.021796678119588006,0.23863953439846963,0.008105256298546347
315,0.03994454584537523,0.16424614942042762,0.0033444915597514602,0.7816132511638773,0.010851562010568505
316,0.04022388288166948,0.08887163430104977,0.0036534326352773384,0.8125932236407762,0.054657826541227125
317,0.033333025465355125,0.07312920440543876,0.0046337737998165965,0.8811243881498524,0.007779608179537048
318,0.06274588395135525,0.16930155027864355,0.01740010573501237,0.7342646556610605,0.016287804373928322
319,0.03253345376206506,0.050719404700104546,0.009752181605533441,0.6603983137892815,0.2465966461430155
320,0.03093360948701471,0.04663250743466902,0.001451058767703896,0.905620729789037,0.015362094521575389
321,0.02434782337954452,0.042977882517176144,0.0010617199583751438,0.9216635740850595,0.009949000059844707
322,0.025394426699976616,0.03079647273079767,0.006256580693150201,0.8946236729716691,0.042928846904406445
323,0.008155615432021531,0.012344787752829342,0.000445685885599875,0.9524475720694542,0.026606338860095044
324,0.028337898832594025,0.008217237375931037,0.0004883030551282806,0.9589718372512532,0.003984723485093467
325,0.03766404961039128,0.014304623917936927,0.0005252194670059407,0.9132459623660956,0.034260144638570314
326,0.04249733438363113,0.01507672005051107,0.0010488172571896878,0.9355753076637934,0.00580182064487466
327,0.013629877909236606,0.012284205216295141,0.00028619018165028745,0.9537306573629464,0.020069069329871583
328,0.054067713939402295,0.013503093214577858,0.00020528563516579565,0.8706358248860955,0.06158808232475854
329,0.02756159324277754,0.0052700633176936415,8.9393638935692e-05,0.9643969034489202,0.0026820463516728462
330,0.04415672294377362,0.016823635396610772,0.00048171687380075325,0.9058556372821904,0.03268228750362435
331,0.025660357926253156,0.018315658126038747,0.00028091643522313886,0.9410741560712848,0.014668911441200064
332,0.023310990861251157,0.017883190713903912,0.0004177318066241582,0.9550281470414163,0.003359939576804468
333,0.019165031788567186,0.022569350817637737,0.001354703793421069,0.9401349610184561,0.016775952581917972
334,0.07867917713090139,0.024112158334492144,0.0009729805314948623,0.8809139953489746,0.015321688654137054
335,0.06463297365344833,0.08102337893185085,0.006832333070315765,0.5081346344411324,0.33937667990325276
336,0.34305735206862886,0.034448042929053256,0.0015338450625485861,0.5344093507146291,0.08655140922514025
337,0.23015060607221766,0.030096179242713857,0.00154912809927062,0.7198837761116831,0.01832031047411475
338,0.12138362501181231,0.043068275937940846,0.0019171257485999127,0.5718185256771651,0.26181244762448186
339,0.06960769746496696,0.01634504876366442,0.00036540052136926844,0.8974279811679724,0.01625387208202701
340,0.07536420072676199,0.01999946628290692,0.0010173472286785002,0.7297515599484995,0.17386742581315315
341,0.14746359578206922,0.012417799300098627,0.0001906440895984886,0.8170566817944708,0.02287127903376285
342,0.1502382953055202,0.02397298483588749,5.038610735790028e-05,0.8166763141534176,0.009062019597816913
343,0.1860719947824558,0.03492844789135363,5.253673501312379e-05,0.7540155009178431,0.024931519673334446
344,0.21702695991395568,0.029782017639627574,2.3249892674992598e-05,0.7277760593499087,0.025391713203832898
345,0.046390950487169465,0.011922034029001702,0.00038711479948557207,0.5521638154326757,0.3891360852516676
346,0.42120788179914803,0.03650983485282892,0.00011241271890455575,0.47776803874917295,0.06440183187994548
347,0.12432128649934601,0.029507700310922994,0.004037822386170927,0.5385466843786215,0.3035865064249384
348,0.39815799531124385,0.02233191324610341,0.0006743891493215261,0.49410847460976365,0.08472722768356757
349,0.29925969933279106,0.03968513992253329,0.0002864555976422859,0.6332069721878282,0.027561732959205196
350,0.22606682275307674,0.03958246169771993,0.00045124401967174487,0.5014391368454005,0.23246033468413105
351,0.4826393639994172,0.039433589053451755,0.0001754817895051325,0.4364145766480729,0.041336988509552905
352,0.2625294979669789,0.09780109030263281,0.0013294287050257183,0.4428275898737518,0.19551239315161079
353,0.11561546282145853,0.02666141657935838,0.0001777000480089243,0.1834810692473384,0.6740643513038357
354,0.32518044928716267,0.12378882639975385,0.00027985672363394154,0.47977203941372376,0.07097882817572572
355,0.25844202423888196,0.07145002204888026,0.0003112768719746564,0.5009209817267829,0.16887569511348025
356,0.4195990714620682,0.1410412681740576,0.0009064970755179015,0.40473193224132653,0.03372123104702975
357,0.1380816506639137,0.5434379944900467,0.005571302969260414,0.2948582316791803,0.018050820197598964
358,0.14620989180334412,0.04066148279705112,0.0009898968938232354,0.5887338612418902,0.2234048672638913
359,0.25361964207276194,0.06957745539245559,0.00014181807222048056,0.5878686572926363,0.08879242716992573
360,0.2749430391316721,0.12110254588223635,0.0001829841125212277,0.5802633927741104,0.02350803809945976
361,0.4584773397509818,0.13990760402051403,0.00030682032246212343,0.37617139899244156,0.025136836913600528
362,0.3860476358542174,0.15287365169289205,0.00028482698121070406,0.4440259358041138,0.01676794966756587
363,0.18660639756794783,0.28810827498538255,0.0002986655179351077,0.5165732766229035,0.008413385305830986
364,0.1777405315879308,0.11469772197259435,0.0005911560128297918,0.687068491829012,0.019902098597633193
365,0.20288378423430145,0.1947872894400823,0.0007457609587804998,0.5900408112330993,0.011542354133736431
366,0.12903030987336175,0.16962515014612467,0.0004311831791080483,0.6860638480240456,0.014849508777359967
367,0.11834332348855406,0.1940011060873027,0.0008003263583439199,0.6789557788956839,0.007899465170115477
368,0.12010464430872568,0.45139689259937466,0.0006652716308850953,0.4219590421384842,0.005874149322530457
369,0.10345869873587368,0.46833039081441336,0.0005652652827408384,0.4211317305360988,0.00651391463087312
370,0.10492637088514081,0.5806302452696256,0.00046849359164069754,0.304803161060609,0.00917172919298389
371,0.12699837231975275,0.349337091277146,0.0008646193230478645,0.5117494269349546,0.011050490145098674
372,0.11803360697101248,0.5089749877535209,0.0011495373034655142,0.36044652236769753,0.011395345604303515
373,0.05947997424784371,0.8265857881037234,0.0021136652715982836,0.10666287127412982,0.005157701102704547
374,0.09895372666925943,0.8068770860473198,0.0012498648793615337,0.08600090113912526,0.006918421264934063
375,0.08427638561438558,0.8378730840055925,0.0005981447612586972,0.07313760038599447,0.0041147852327687836
376,0.037657598557416815,0.9328994529696433,0.0006765196895023243,0.02330520505544609,0.005461223727991363
