epoch,N1,N2,N3,R,W
0,0.006238509329155273,0.00016828884904158115,1.2179956427782033e-05,0.0002573875846007544,0.9933236342807747
1,0.0021953996846526234,0.00016834401978010544,4.441912979664429e-05,6.766703689912574e-05,0.9975241701288714
2,0.05490854386371821,0.0021049900605284127,7.049724892869908e-06,0.0020404105764721754,0.9409390057743883
3,0.3296465629219206,0.0056362585657536105,2.050170353282062e-05,0.005594644614846655,0.6591020321939463
4,0.02855168366512846,0.00018740274839037794,2.1636788970223874e-05,0.0001365129859818296,0.971102763811529
5,0.07891943480201767,0.00039361077333521387,2.2140738100106782e-05,0.00010841023894458782,0.9205564034476024
6,0.9309995865510152,0.004047919967504143,9.376096303239239e-06,0.0008053909033246523,0.06413772648185262
7,0.7548586820359537,0.012277474249903643,1.3869250562864985e-05,0.0044093386918450895,0.2284406357717345
8,0.23782298397513774,0.15112149676270503,0.0003683605974696442,0.005716241667897,0.6049709169967906
9,0.30978992782934,0.050183318959623274,0.0003435039741159718,0.004001814977490824,0.6356814342594298
10,0.4033842691494379,0.27501293794721393,3.4287777187907813e-16,0.0037575905477224654,0.31784520235562524
11,0.06878149196012007,0.8566126961533572,0.003685254246648509,0.0037017387920690987,0.0672188188478051
12,0.13388423726725257,0.7625121374842191,0.0015374763862157402,0.02008764140539376,0.0819785074569187
13,0.012537516371512333,0.9652686604221387,0.001743378190824477,0.004341652461813506,0.016108792553711015
14,0.027514832574216625,0.9481117374919885,0.00026387119274640043,0.005341800886253834,0.018767757854794478
15,0.012741789626286202,0.9714403545765774,0.0052288993092493895,0.0021284160966342594,0.008460540391252894
16,0.023947815193226564,0.9536452735454806,0.0025319633297284086,0.00297439326492763,0.01690055466663685
17,0.019168642403214285,0.9288669775451515,0.03608223099583181,0.0025083562340240916,0.013373792821778502
18,0.03508165569290715,0.8160773062703917,0.1305110234799504,0.005236861488381766,0.013093153068369284
19,0.011122846205789695,0.9443930995885446,0.037167525865123806,0.0019787705179059247,0.005337757822635998
20,0.01533051496394886,0.9267009128033951,0.036651955519949146,0.005334806062006255,0.015981810650700784
21,0.014711311500617523,0.8931749022621994,0.07320526063564484,0.004969474452951995,0.013939051148586288
22,0.010866819872411287,0.8199715925760603,0.15604182411631243,0.002562575492411478,0.010557187942804379
23,0.017434847606958008,0.6949418237600508,0.261767748879003,0.003784937332071036,0.022070642421917093
24,0.003597273105694924,0.4144546711427086,0.5755522606264899,0.001443414713205302,0.004952380411901278
25,0.016726903836632674,0.8480548702648762,0.11573466489877722,0.0015119661077766596,0.01797159489193714
26,0.004661164067011112,0.3616180116180498,0.6267901959546704,0.0004547295290081781,0.006475898831260425
27,0.004391302447459776,0.4415251652141493,0.5436645347534796,0.00032182341697440796,0.01009717416793676
28,0.009253672363292297,0.6285816819220638,0.35466705436034496,0.00043323352102289474,0.0070643578332762105
29,0.004219394662802618,0.36824654999033635,0.6206336918077329,0.00028182017961378143,0.00661854335951439
30,0.005060163596271946,0.6320128816412873,0.3409772760448011,0.0004044928606577441,0.021545185856981865
31,0.001242223630896969,0.18956205701757864,0.8065824595641595,0.0001156134621982612,0.0024976463251667235
32,0.0032437153275744948,0.40327456872133205,0.5840552717597373,0.0002921713787125588,0.009134272812643647
33,0.0013581843917947246,0.25579700679379047,0.7398776795794287,0.00021083012682700608,0.0027562991081590757
34,0.002000796171268406,0.4247379268706422,0.5656144380321699,0.0004227276412048955,0.007224111284714584
35,0.0010692763960161646,0.25529937279681864,0.7394282033255937,0.00021176231561774447,0.003991385165953792
36,0.0018392299051351246,0.2788593657676013,0.713695325885368,0.000262978095636515,0.005343100346259119
37,0.0006269841657256661,0.18806477730574453,0.8087922436915562,0.00011058750224493503,0.00240540733472866
38,0.0033988229700551145,0.39463572698213695,0.5934819731113198,0.0001916566767279538,0.008291820259760259
39,0.0011943534936745706,0.2774852198775968,0.718499309587624,6.230887615659838e-05,0.0027588081649480094
40,0.0005915038003260115,0.1466181889063978,0.8507133402737971,3.5559568412742746e-05,0.0020414074510664783
41,0.0008035021115455525,0.12685843660175858,0.870409333552894,4.3440713548758245e-05,0.0018852870202531033
42,0.0007838561676591075,0.08979545884218093,0.90784604795678,3.4296691117025715e-05,0.0015403403422628954
43,0.0006478023451337254,0.07863844450119163,0.9192572595818201,2.816918863639653e-05,0.001428324383218205
44,0.0006245109618630735,0.07410746176587635,0.9234848705617378,2.800251405577106e-05,0.0017551541964670675
45,0.0002829560110008552,0.034678689926909034,0.9633262180063616,6.8563385249570866e-06,0.0017052797172033714
46,0.00018989215358101113,0.03903345687235698,0.959893322110023,1.1855085761005779e-05,0.0008714737782779603
47,0.0006689834905114598,0.05602139137116409,0.9413856219685439,1.6331176436337176e-05,0.001907671993344092
48,0.0006134617531681673,0.08122937335535964,0.9158996962067287,2.933521060326915e-05,0.0022281334741402633
49,0.00034371594123933666,0.03722256547429916,0.9611328547199545,1.5810458622999125e-05,0.001285053405883944
50,0.0008533880342821357,0.10712490709724812,0.8889187620749354,4.41368598527959e-05,0.0030588059336813743
51,0.00027306335906974706,0.06316534941373454,0.9354886118631465,1.349856735724115e-05,0.001059476796692104
52,0.0003166572494658999,0.08470115245174575,0.9135492878278614,2.0569467397841807e-05,0.0014123330035290269
53,0.0011069215363700721,0.09642937619908928,0.8997646117938076,3.3363519235478756e-05,0.002665726951497497
54,0.00039518751314871224,0.0885259228363256,0.9090872012470866,1.7528920166161714e-05,0.0019741594832729348
55,0.0006039234395566646,0.09092049405290584,0.9057360931964433,3.2736968539005676e-05,0.002706752342555205
56,0.0006318490895291302,0.08052070337348732,0.916866326795281,1.9947374753600094e-05,0.001961173366948941
57,0.0006468363315377769,0.052788611560747024,0.9446960195035548,1.6400327159194526e-05,0.0018521322770012978
58,0.0004610259468291231,0.044814349992181465,0.9526529313104604,1.1497981683153399e-05,0.0020601947688458377
59,0.00038248002842446806,0.043723839548282226,0.9468247932295818,1.041468457349774e-05,0.009058472509138046
60,0.0004942457893063732,0.031837711461376386,0.9628055036495167,1.7211255061843366e-05,0.004845327844738853
61,0.001034036283319739,0.06743594682728286,0.9226492443108474,6.966446644750764e-05,0.008811108112102355
62,0.0004678335634443109,0.05675230274489848,0.9328071557840583,3.347147832013367e-05,0.00993923642927866
63,0.0009620734406939852,0.04865068138107828,0.9377155728573817,4.910371448336712e-05,0.01262256860636276
64,0.0031831868503796267,0.09873988787818082,0.7851263620306838,0.00018135214135465134,0.1127692110994009
65,0.055334806025155024,0.2113434154328264,0.28507434800492837,0.0007734926726630293,0.44747393786442735
66,0.004204404483218188,0.0942892124845558,0.8396045110690622,0.00028060160507897906,0.06162127035808492
67,0.004006898466702345,0.10077203214805672,0.8241864326714126,0.00016782004230044364,0.0708668166715281
68,0.0020996786333046624,0.0734781483802811,0.875520232964361,7.618784496813083e-05,0.04882575217708503
69,0.000692680335283689,0.0906136626557082,0.8959777959926157,5.4731931922694106e-05,0.012661129084469612
70,0.0007682752554015089,0.05996969812226807,0.9265555544434161,5.288264522886782e-05,0.01265358953368544
71,0.00022543797642311263,0.03503812862961099,0.9600225725872499,2.0457574184765354e-05,0.004693403232531362
72,0.0015483707495551355,0.08627338405494292,0.9054868415725105,8.737193094906292e-05,0.006604031692042622
73,0.0003735368697044935,0.056556943365330556,0.9409048033201346,7.376502466450537e-05,0.0020909514201658116
74,0.0006750210217983406,0.06366446447307422,0.9309082210274768,0.00018754435081057776,0.004564749126839869
75,0.006045072734582084,0.03579350963353246,0.08819662451443196,0.000609729976906028,0.8693550631405476
76,0.057085221549612014,0.5750640370791681,0.3432325262550386,0.0027085195207547756,0.021909695595426517
77,0.11514871294680486,0.5202722732225081,0.3146558659815355,0.004214896368794546,0.04570825148035694
78,0.1292440494864321,0.6133734861006259,0.1799933996725734,0.003798889245056383,0.07359017549531217
79,0.07706718367113055,0.7507114291151722,0.1410951414257479,0.007073669770253684,0.0240525760176956
80,0.020687043817267253,0.8573303979459882,0.11370221653981306,0.0014660341104831603,0.006814307586448387
81,0.012099478370435878,0.7544933431694916,0.22300556929790735,0.0013223448646642534,0.00907926429750096
82,0.046088357764471455,0.8033117202160955,0.12788564614163253,0.010954740624057614,0.011759535253743016
83,0.01929783979509862,0.8895849597275907,0.07609019721618375,0.0042831011880184325,0.010743902073108482
84,0.0260078555135022,0.9182600291726605,0.03894785689653879,0.005547232584582897,0.011237025832715708
85,0.009932046690858553,0.6493659958143677,0.3210781394182129,0.0076631658880021054,0.011960652188558673
86,0.006297446924882676,0.9437635950386447,0.038686583272800064,0.001697973275331889,0.009554401488340606
87,0.03606347505828696,0.8296773116972841,0.0904252554782222,0.012554256609412435,0.03127970115679403
88,0.05045279196316886,0.1723734857951436,0.026055121143862665,0.004322563235788004,0.7467960378620369
89,0.28147452752608854,0.6221780435038812,0.004726881988534243,0.002149801366720345,0.08947074561477567
90,0.07668816865592107,0.8384967535808537,0.06590473391737942,0.00022421255990352074,0.018686131285942244
91,0.031220961624332553,0.738637641606403,0.21777208186110575,0.0004609590297817696,0.011908355878376879
92,0.049766073633594365,0.8207311201931684,0.12274489828425814,0.0014320946039759772,0.00532581328500316
93,0.006780864617547928,0.5144793376273252,0.4731676650716949,0.0021296986053257146,0.003442434078106242
94,0.006563166366449374,0.6375428017073841,0.3479949952727171,0.00305529874453969,0.00484373790890973
95,0.016987152822354384,0.9069146270614379,0.06235351745205162,0.002293829793293703,0.011450872870862636
96,0.014519728211103573,0.8904439934951909,0.08880431289759304,0.001706724597760096,0.004525240798352461
97,0.00994021829702103,0.7612877848126667,0.2181105913571338,0.0026832667695423475,0.007978138763636332
98,0.009515663146578342,0.8724669216672065,0.11350082774360991,0.0010457090860821144,0.0034708783565232473
99,0.017703358961242522,0.8921089726890206,0.08105962273719208,0.0017824173161647007,0.007345628296380167
100,0.017382728324119738,0.7467259404599269,0.22923332224053794,0.0023715490593099716,0.004286459916105563
101,0.02147558279449542,0.6586252642900332,0.311260314831085,0.0021600170723054587,0.006478821012080955
102,0.0214679707169876,0.906488738390336,0.06624919366195195,0.0022853591356393997,0.00350873809508503
103,0.024072003449016503,0.8305669109514158,0.12309465560803422,0.005383735556343935,0.016882694435189444
104,0.0032668598314844425,0.610259979851357,0.38137375351128494,0.0006659953747465214,0.0044334114311269995
105,0.005415681931342347,0.6178879068442246,0.3689092913802175,0.0007196879183993019,0.007067431925816173
106,0.01586266539684161,0.7978591678369266,0.16206723363918982,0.0025364591479645764,0.021674473979077385
107,0.010013514690395887,0.857418485878465,0.11439628573291144,0.001279400495512062,0.01689231320271544
108,0.012202634370275514,0.7647886464416026,0.1732020855523062,0.0013913992514359092,0.048415234384379904
109,0.02513550108116407,0.8905231109097749,0.0296031907720472,0.0031172641683177814,0.0516209330686959
110,0.09798266873239322,0.8048257743511305,0.005991672326994922,0.01707060975674466,0.07412927483273672
111,0.06373259452137338,0.7435559087949487,0.013895429223273886,0.014730942753486269,0.16408512470691775
112,0.07651557188920083,0.7732430122664258,0.0071120494850614915,0.027376338236515946,0.1157530281227959
113,0.08002021660330622,0.6870236182915308,0.012027153414048893,0.14585301385231558,0.0750759978387984
114,0.09669198169813932,0.02957220128933312,0.00037928447678646043,0.05422320213708974,0.8191333303986513
115,0.06838424632478941,0.02051914788761135,0.0003681956752786638,0.009126008485316413,0.9016024016270041
116,0.6596836290595203,0.07456706193123064,0.0001407553521895855,0.13013002314799915,0.13547853050906036
117,0.16927601209948764,0.6739658395027279,0.005823333421280634,0.016669988120460486,0.13426482685604335
118,0.2508848952553544,0.5331419873417966,0.01976664887386437,0.03500850664031914,0.16119796188866556
119,0.06336810636321315,0.8467333133471553,0.005474199989753194,0.05804405161815422,0.026380328681724064
120,0.016298272168887237,0.9578814699858544,0.008441719856921022,0.007753361598098015,0.009625176390239517
121,0.05715453002269852,0.8927028950267474,0.0049721680203487105,0.032305775365826475,0.012864631564379152
122,0.016323939307097583,0.9219800487750661,0.04774695513197791,0.0033987579547175894,0.010550298831140609
123,0.09055175251136392,0.8612779992376625,0.006663815813534906,0.02180247366422786,0.01970395877321103
124,0.07123744064997757,0.897420675624223,0.019060965360947556,0.0035466009101213754,0.008734317454730382
125,0.06001705465992451,0.8780891505855073,0.048797188775640495,0.0038558866326142047,0.009240719346313597
126,0.00784053382809739,0.5843005481142315,0.40035612352873934,0.0022689518622884416,0.005233842666643291
127,0.022204812530296113,0.8001584462731643,0.1672067284445943,0.0044102823221552675,0.006019730429789913
128,0.016230448739253646,0.8696892882174292,0.10305719502593706,0.0033588043352581623,0.007664263682122007
129,0.03673656502263986,0.8620446115021326,0.0817800290291425,0.008485122758546572,0.010953671687538432
130,0.02771773925286313,0.8559584160276201,0.10720085799592964,0.004858423225266531,0.004264563498320517
131,0.006895403012336331,0.6697176513591543,0.31580032636343147,0.0025323324297740605,0.005054286835303882
132,0.03588289566002247,0.8805147569930161,0.06727290479155035,0.0051694272549810925,0.011160015300429895
133,0.015416593158885999,0.8022423366701809,0.17268195337351822,0.00273595604709305,0.006923160750321929
134,0.00855736652046192,0.7294178484379977,0.2507683211395269,0.004457393495036778,0.00679907040697654
135,0.012634622257681727,0.7486123399759798,0.2158243213185485,0.010605965707107104,0.01232275074068288
136,0.019583413096491618,0.8812986298902564,0.07188997371952821,0.011503868409328512,0.015724114884395138
137,0.03368898268063856,0.8936693082531398,0.025667725851077888,0.018431883220563307,0.028542099994580388
138,0.016736169732641113,0.463940422957303,0.48513802402727313,0.012268812301469546,0.021916570981313235
139,0.015745360419509746,0.48249232609832216,0.4631390329766961,0.009619273268923083,0.02900400723654894
140,0.0047369013369559934,0.009003128698668128,0.0013467625593642188,0.0024196183057038963,0.9824935890993078
141,0.008192338170177999,0.005428983307774587,0.000572727753471321,0.0006967459243919896,0.9851092048441841
142,0.04058621915240243,0.0072987661615728176,0.00013911304493402092,0.0007020183934109441,0.9512738832476798
143,0.46667510242920696,0.16662431706949068,0.0009118705205468248,0.0037427511863133995,0.362045958794442
144,0.21254071989279696,0.6195731443765896,0.014999643269763078,0.0031943509173434246,0.14969214154350688
145,0.18123399343029187,0.6695071049818899,0.008379673485036961,0.00554126087850262,0.13533796722427863
146,0.0450976975670473,0.9094396661164458,0.013786669660697973,0.004701368368533929,0.026974598287274956
147,0.04844125949959496,0.8452013516289899,0.05750038825943197,0.007269201512857478,0.04158779909912553
148,0.042404029270327805,0.8401511026182326,0.09022064205493707,0.007800433416642518,0.019423792639860094
149,0.03147134977694896,0.8155725677455935,0.12885723709474106,0.006696024201084733,0.017402821181631833
150,0.018854890620476836,0.850032391207192,0.10627108229726819,0.007888410461529742,0.01695322541353337
151,0.007979739534434201,0.5918213961297477,0.3832132606112379,0.0034821407834414843,0.013503462941138666
152,0.015645959923742712,0.672576965036935,0.2966099429086465,0.003247483828308696,0.011919648302367195
153,0.05002707986269192,0.7074082332548893,0.21892105199999248,0.0067403332982924665,0.01690330158413376
154,0.02287011909311822,0.7013972133180777,0.2543455807714522,0.005349419248873545,0.016037667568478232
155,0.004830793276111708,0.5129021041736834,0.4708453827802003,0.001184634073028263,0.01023708569697635
156,0.028453775490706296,0.7207342362242579,0.2308306674767794,0.003028360480714507,0.016952960327541934
157,0.002905125347464123,0.4323945941583183,0.5574955587107938,0.0007495635060079448,0.006455158277415798
158,0.005171331611785292,0.6968469779478123,0.28503921483101036,0.0009355169363519145,0.012006958673040144
159,0.008552195498775608,0.49717850177147,0.4780472360479595,0.0013836653259662528,0.014838401355828703
160,0.003409960511597507,0.4828510286536457,0.5069761930578958,0.0005615094332347757,0.006201308343626183
161,0.0032907487927346236,0.534536501539929,0.45517150333283135,0.0004266575864742327,0.006574588748030814
162,0.0060216714068683265,0.32240373548042,0.6574618772358477,0.0015242348863210807,0.01258848099054297
163,0.004155179243322508,0.2214972259642598,0.7647298487762758,0.0010209533191038705,0.00859679269703804
164,0.004268285841042513,0.26366547091881076,0.724076611146422,0.0009909739334702382,0.006998658160254616
165,0.006170404799694328,0.4560565183356763,0.5262589827096338,0.001162365603689169,0.010351728551306366
166,0.0009310757117851115,0.14215338155865345,0.8543287671737171,0.00018276202412759987,0.0024040135317168433
167,0.0022088685708343036,0.19891786548614276,0.7949268644577134,0.0005044491455121583,0.003441952339797256
168,0.0037278806524705366,0.3453843137690648,0.6457099786371244,0.0005223372889349895,0.004655489652405155
169,0.0018483248134551489,0.11496639110719849,0.8790891213121838,0.0002815774679059226,0.0038145852992567428
170,0.0008342310665456293,0.10029436661355033,0.8971572284685189,0.00018228346874147962,0.0015318903826436721
171,0.001385937775496718,0.26064744175123317,0.732104784760496,0.0001780481935281671,0.005683787519245978
172,0.0012292224422099335,0.13088484191662794,0.8646684359626261,0.0002804335375409316,0.002937066140995027
173,0.00047181737022213135,0.14843663946289898,0.8485920752524222,0.0001656694463353254,0.002333798468121485
174,0.0006838317648423444,0.06853481621333697,0.9289550494355081,0.0001784341298038136,0.0016478684565086783
175,0.00032988731345823594,0.06241675117790922,0.9360667847097023,0.0001361501922390378,0.001050426606691143
176,0.0005657286997727825,0.12226080450697437,0.8755219895774948,0.0001504593388616692,0.001501017876896393
177,0.0008964441146767529,0.13596659148502924,0.8604258598311059,0.0001878321557703255,0.0025232724134176174
178,0.0004398050193606043,0.11192102096129815,0.8865236200179581,7.853567006502986e-05,0.0010370183313183512
179,0.0021836008827391105,0.2802721182239601,0.711949247236164,0.0004281147542738226,0.0051669189028629445
180,0.0010018398096028776,0.0817763464133523,0.9157823676482177,0.00013431892115387372,0.0013051272076733025
181,0.0006320238800994536,0.08630312697368621,0.9117776103309719,0.0001932105973226117,0.0010940282179198186
182,0.0004553587886495984,0.04961534672422803,0.9477807651345725,9.207046618075488e-05,0.002056458886369216
183,0.0005261525683061841,0.08810781263984752,0.9090043230532016,0.00016340952520414292,0.0021983022134406676
184,0.001343383339221868,0.11222191413307513,0.8824200312717998,0.00028453553668424185,0.003730135719219029
185,0.0005064547360763658,0.060203956599862045,0.9363198588778343,0.0001265227968780406,0.0028432069893493165
186,0.0035982372234308092,0.20312484845537795,0.7779477308713878,0.0009137209160566915,0.014415462533746825
187,0.0012059319308657178,0.11879465616121353,0.8745121874309636,0.00031338321065066654,0.0051738412663065465
188,0.0014549837074957278,0.10272488993218788,0.8919698271261084,0.001091458040892703,0.002758841193315342
189,0.0006855666484353733,0.1012155023116995,0.8954039562838351,0.0005746379410480481,0.002120336814982035
190,0.0012780587871405844,0.08809489278214105,0.907584503899391,0.0009124359090562791,0.002130108622270955
191,0.0009699782521386175,0.0981917241053299,0.8986579372764136,0.0007346916133555725,0.0014456687527622635
192,0.0005420318285356862,0.06766543018812747,0.9279757999805082,0.0007509788162381485,0.003065759186590631
193,0.0005072382770755068,0.09839353934057783,0.8987660375586607,0.00034206983363890223,0.0019911149900471506
194,0.00043870021078030216,0.055236465154303215,0.9425847878186082,9.173489434457907e-05,0.001648311921963658
195,0.0010342798735253958,0.10702978798483616,0.8892844590929331,0.0002596714979614674,0.0023918015507437395
196,0.0005348939553221697,0.10669965862599362,0.8912143038552626,0.00010824630388451513,0.0014428972595372197
197,0.0007250069361967534,0.05846967585208072,0.938796251892506,0.00019218218125639476,0.0018168831379600787
198,0.0005143087070569207,0.07707225575299592,0.9203919129218647,0.0002124052294963747,0.0018091173885859551
199,0.0006503445542395789,0.09038929000662049,0.9067904011552207,0.0003066543924100216,0.0018633098915091584
200,0.0004835712792826198,0.08788978771300172,0.909199676861608,0.00027814717713440634,0.002148816968973337
201,0.0007123184686925805,0.07868202286426063,0.9187120209749214,0.0004116197053482098,0.0014820179867771784
202,0.0008523706208932928,0.16999930017666623,0.8250463477042593,0.0015177427879115696,0.002584238710269662
203,0.0017613182334249226,0.15978303404989752,0.8312772804012074,0.004178386941977658,0.0029999803734924065
204,0.022645743759671377,0.1852436356112356,0.1787366881910545,0.05759362322191137,0.5557803092161272
205,0.07881503590122407,0.4294727526090767,0.3700420219115828,0.050506694723792774,0.07116349485432352
206,0.27494930682912144,0.4334434355596512,0.20039065085698543,0.032513303282106616,0.05870330347213529
207,0.04474908655391516,0.6812597946976503,0.2149737214979782,0.026474298063152213,0.0325430991873041
208,0.06859005482652226,0.6639263682050563,0.10594876232680268,0.12328874939487819,0.03824606524674059
209,0.009569123514935243,0.6119433368161071,0.299048605423363,0.05385665378328911,0.02558228046230533
210,0.015529594420314874,0.6959214542612827,0.20946398559757445,0.05268716829336805,0.026397797427459922
211,0.029241621053478377,0.7260663818960676,0.16690780181619097,0.059779934064111154,0.018004261170151765
212,0.20930565303253035,0.2160783533643765,0.002978016469911182,0.17610151685527956,0.39553646027790246
213,0.26797096156272143,0.5367817869704005,0.03457977705049548,0.10760014628369349,0.05306732813268916
214,0.048027026154042814,0.7569865252089003,0.14733383068997233,0.013383428657777053,0.03426918928930755
215,0.02135076117353708,0.8260994776135638,0.12010944389193712,0.007270401453596099,0.025169915867365757
216,0.01230657943082996,0.8028344854338112,0.11475367343961736,0.015344686288683388,0.054760575407058205
217,0.024609385632343703,0.45613697914418855,0.43636402834466603,0.011553975097175914,0.07133563178162576
218,0.10403916184780582,0.5351843812824195,0.01255369929045556,0.04391864563676976,0.3043041119425493
219,0.08574383703694531,0.03694316581458479,0.005161183264632344,0.018193804576549844,0.8539580093072876
220,0.21562582461751814,0.08588475228949159,0.0066572788267169085,0.0370583904645618,0.6547737538017115
221,0.0735035898166184,0.05191799922172248,0.0001702928187096179,0.04860601281811197,0.8258021053248374
222,0.08137840056563281,0.019950672726028178,0.000585396573640152,0.25875055253509166,0.6393349775996072
223,0.1423904915813446,0.11854346344401365,0.0010265606761089502,0.5324142601513585,0.20562522414717427
224,0.14238098136438132,0.04791417115507486,0.0008130204404299668,0.6339635475839833,0.17492827945613065
225,0.15526624602010616,0.030569226119256797,0.00012039316208497918,0.7100537336827311,0.10399040101582108
226,0.06763806046072363,0.07773866566044639,0.00021547974460613999,0.8210141827546329,0.033393611379591036
227,0.08518403921104545,0.06276640874224293,5.7152354706614874e-05,0.783209331556121,0.06878306813588406
228,0.0997582872075168,0.08381833964754742,0.000406398274313549,0.7991928717595819,0.016824103111040448
229,0.0778681935603719,0.05768909036691235,0.0003840563295415716,0.7720841183524368,0.09197454139073723
230,0.087564567692036,0.041926401065641716,6.975562222323864e-05,0.851840209849685,0.018599065770414085
231,0.05889187864075056,0.07322612610528173,0.0003085712553988515,0.7243003032311719,0.1432731207673969
232,0.21011272573957798,0.06350524072549114,0.00010880743232074618,0.6376534480987679,0.08861977800384223
233,0.26567453047165956,0.05139419642340722,0.0001838512285485764,0.5158544037357696,0.16689301814061508
234,0.17939209590318148,0.03165830081339937,0.00021820849606146638,0.3395112718952588,0.4492201228920988
235,0.0824760369528219,0.02998502508083706,0.00046020814804299007,0.04617997606571636,0.8408987537525816
236,0.4871382583360597,0.025144955907901455,0.00017461340817140052,0.2451999754973506,0.2423421968505168
237,0.19179994633270492,0.04302700834266795,0.00011677014437282168,0.4606747918432279,0.30438148333702647
238,0.416325110301406,0.01894583517506661,5.794363492099803e-05,0.377841476383341,0.1868296345052654
239,0.13250489076638483,0.019838275495648976,0.00017882369592835207,0.2606254709062308,0.5868525391358071
240,0.25989759387512895,0.03642232878466236,8.833218623662619e-05,0.6245568218590536,0.07903492329491842
241,0.20590951731293106,0.033512698651768515,5.235844184313452e-05,0.7257495083133801,0.03477591728007712
242,0.1446036642906426,0.024794863686934687,5.986471623583117e-05,0.7283927464048827,0.1021488609013042
243,0.06613644840829701,0.010020608314234222,4.17750736462666e-05,0.22550841273786765,0.6982927554659549
244,0.337049362917454,0.03363192515868206,2.966379809408173e-05,0.2836296255095944,0.3456594226161753
245,0.2173937184742116,0.01472352907200823,0.00016791292638184308,0.13720663926512075,0.6305082002622776
246,0.45559286063032417,0.01692148836054862,5.353010166234471e-05,0.3166840725625043,0.2107480483449606
247,0.10449730754044273,0.027577983378740945,0.00027280812950388497,0.2466808115187041,0.6209710894326084
248,0.28223701567399934,0.0931658161949731,0.0003213614721128918,0.4956621026415882,0.1286137040173263
249,0.2122515747135281,0.4082875151815686,0.0008303913357496746,0.33183643777036737,0.04679408099878629
250,0.079497953949269,0.8404486342075476,0.0029224385364944204,0.05172086617188774,0.025410107134801505
251,0.023896711249141354,0.9138824339343352,0.0014898347512985407,0.031853341106998556,0.028877678958226318
252,0.050831056088694565,0.7511544330743626,0.0014351674285119009,0.14308017104678233,0.05349917236164854
253,0.06046481235374866,0.7002433626012825,0.007834028915116878,0.16499151458465006,0.06646628154520182
254,0.11261334849343414,0.7392068017415074,0.002423885542243826,0.059053979549799074,0.08670198467301556
255,0.09003856126786831,0.8545472876860252,0.02056445925982227,0.016128534003775858,0.018721157782508484
256,0.12649619816497185,0.7886030413409864,0.006899040418180711,0.042108167374049946,0.03589355270181117
257,0.052025940335937056,0.8490553061536921,0.020672358010925235,0.0205715642903741,0.05767483120907139
258,0.0687645005373295,0.8410682877846716,0.036621117570921416,0.026887545325492496,0.02665854878158507
259,0.05432602015825982,0.8855620087771158,0.02699182090510087,0.023365309754098777,0.009754840405424766
260,0.0808687317618446,0.8163176624990885,0.053415095839051824,0.018745632742867894,0.030652877157147245
261,0.0758475891095794,0.8035171079478586,0.032307636750408514,0.020108344324227846,0.06821932186792556
262,0.08243638862315275,0.8245746481092254,0.023816821736819305,0.01636983863954613,0.05280230289125623
263,0.07896756635945582,0.8035796012668792,0.06990274012563716,0.015323778318139287,0.03222631392988875
264,0.05730985434557514,0.843363886081638,0.04333280776407956,0.017622744023614308,0.038370707785092925
265,0.06251710980009487,0.8980375525095832,0.018176760593467622,0.0069615844417015805,0.014306992655152975
266,0.08643179374899414,0.8438686211202071,0.01139734651670237,0.009435254125015738,0.04886698448908044
267,0.054291768615111154,0.8829810300827502,0.0024518815929230817,0.011954853756529424,0.04832046595268602
268,0.034937724979120524,0.7819719705137815,0.11048350730992405,0.01243435980163485,0.06017243739553887
269,0.012956190948829445,0.9214183950367955,0.012422510462943015,0.007522441117337977,0.04568046243409417
270,0.10400817546574405,0.6706219151880286,0.061433834643776705,0.033276856559317135,0.13065921814313344
271,0.08764945756325246,0.7149372362386918,0.016471930553500408,0.03477823942016429,0.14616313622439123
272,0.1425934709507045,0.6181460834462705,0.018194222519447738,0.03328193387577411,0.18778428920780313
273,0.13933370607992696,0.7395964990275758,0.015404803202820457,0.01463483024039323,0.09103016144928347
274,0.08586600614663643,0.7416625632306884,0.014328588101546027,0.015212295051118128,0.1429305474700109
275,0.050995383453026594,0.5025535264426398,0.09508804539744475,0.02250184090008895,0.32886120380679984
276,0.09079271059479557,0.6073860040175121,0.02886645714178738,0.02393194952302491,0.24902287872288006
277,0.0346266278573635,0.027576562890871452,0.00061649787869049,0.00412222000166994,0.9330580913714046
278,0.0915718958635022,0.06290605626235302,0.00022773237979738776,0.010176606792503828,0.8351177087018435
279,0.2499750083933075,0.03455677781766761,4.842731356384904e-05,0.007825059456211361,0.7075947270192497
280,0.7222379993156475,0.09120838716577127,0.0002136500705194995,0.01630362563057072,0.170036337817491
281,0.20386724109779866,0.6825618903122685,0.002935853152103245,0.011274986231744926,0.09936002920608464
282,0.1844940147843543,0.529303990849513,0.007690422106290211,0.014476125690497924,0.2640354465693446
283,0.1256086303469948,0.49968393160487573,0.005377127707061498,0.053549490532587014,0.3157808198084809
284,0.028287614648894385,0.896469899418905,0.014823384619269662,0.02337854174727607,0.03704055956565487
285,0.07472150130394044,0.6801450227922498,0.0074961986925439605,0.03315654293060408,0.20448073428066163
286,0.019490732656910297,0.9291683381769852,0.021240312636862727,0.015726504376126747,0.01437411215311489
287,0.05280308845248304,0.7147810387591618,0.007014732636572796,0.02864046364473483,0.1967606765070475
288,0.5033175246085975,0.10547002063432415,0.00017161635752392212,0.04054683619776585,0.35049400220178856
289,0.20242003947003506,0.6788149290204929,0.00021399512245080083,0.07351257054094852,0.045038465846072864
290,0.32955410887238346,0.5697557448569811,0.008312725733575917,0.01777745114749437,0.07459996938956509
291,0.3762988728611769,0.5084716581063906,0.0015359608898461404,0.01334062237573087,0.1003528857668555
292,0.04521666402125024,0.9154067993103837,0.009793362080749561,0.013385243571248533,0.016197931016367902
293,0.02616323690826781,0.9350155331474586,0.018971551753812058,0.0070222919208380195,0.012827386269623538
294,0.037502070567580155,0.9071709156154678,0.0294968684863473,0.0039982072791642,0.02183193805144054
295,0.014604672735419643,0.7349602261229924,0.21743425015501935,0.0050805815438252615,0.027920269442743353
296,0.07015172326927814,0.8333782446740429,0.026087984033818363,0.00513054263285616,0.0652515053900046
297,0.040239322519209406,0.9264931387061814,0.013704550969938509,0.0036405463923955815,0.015922441412274946
298,0.026016474545379656,0.9080709853284232,0.018398692905924264,0.0030758609551363447,0.04443798626513662
299,0.05174526194337908,0.9086075679697081,0.015551458998978255,0.0030546335246274493,0.02104107756330701
300,0.06096948849126489,0.8340897058035666,0.014552774454624374,0.00843368665608179,0.08195434459446245
301,0.11875791080741763,0.773383152197589,0.006337505021733878,0.008349790446034256,0.09317164152722537
302,0.04972088982322721,0.8777306009246761,0.017790183479589102,0.010129865304094925,0.04462846046841244
303,0.05276139223731557,0.8933780723343023,0.004175362530600509,0.0027903154060561265,0.04689485749172539
304,0.05768408588662886,0.8561600886806616,0.05649374759922774,0.009327304956874642,0.020334772876606965
305,0.01812797587412013,0.9192496369627708,0.04485854210988379,0.003114720650271199,0.014649124402954081
306,0.1441115287021315,0.7919494055964718,0.018770276785968258,0.013021015063739793,0.03214777385168875
307,0.04235027338958332,0.827327502958712,0.014947272759114274,0.006944295515326579,0.10843065537726379
308,0.13334198782395587,0.8032701153049225,0.03821410379567108,0.006897447885097568,0.018276345190352775
309,0.06745873143507544,0.8644919017071186,0.0451829876372575,0.0029424426814553344,0.01992393653909319
310,0.01269624608096553,0.8737765217549559,0.06940172430217659,0.0034602154069422724,0.040665292454959784
311,0.046508302426167464,0.8666007462209441,0.027103141223840745,0.007709004661417061,0.05207880546763056
312,0.02349213241878613,0.9024138758766708,0.013927562254012003,0.0021346843519055936,0.05803174509862551
313,0.013052492948330887,0.9342588521743951,0.03454541106712486,0.00161491297605947,0.016528330834089933
314,0.053645358154837716,0.8329056809587146,0.05812406371021897,0.006828323798963432,0.04849657337726527
315,0.023917410266225046,0.8621841865745519,0.06839351469360744,0.0048408113286975765,0.04066407713691799
316,0.016227374916628633,0.762133632490492,0.1719851780255543,0.004758865944913295,0.04489494862241165
317,0.027226909040041054,0.8921771380535735,0.059509398722961404,0.0042366811354348595,0.016849873047989405
318,0.02220959016929645,0.8618969594794832,0.07321078715944623,0.006636612521850599,0.03604605066992351
319,0.02776480850580704,0.9002914053622091,0.04796741409975049,0.005358611194155256,0.018617760838078194
320,0.043245555930264024,0.8793384326780271,0.0414340501653955,0.00820263236414976,0.027779328862163558
321,0.06650766953342256,0.8362144623321738,0.03957448035321812,0.012160442103408197,0.04554294567777728
322,0.037577431310511084,0.8657353576005944,0.029477144033987514,0.01833647267700533,0.04887359437790161
323,0.01140640525761526,0.785560522539504,0.17994636933166938,0.009356762409994607,0.013729940461216852
324,0.029586342827535788,0.8903333919709485,0.039490331520076326,0.023094934980962344,0.01749499870047704
325,0.09542010027977821,0.11340495334555446,0.021018476468879554,0.03373093880917063,0.7364255310966172
326,0.38397494452107345,0.24553396320400964,0.00865467203981001,0.06916795474002736,0.2926684654950796
327,0.19544679071713447,0.6833153182147774,0.020784513075341068,0.00784473493594531,0.09260864305680161
328,0.1552431349739625,0.6258740850502648,0.1028398820853698,0.013641833930557838,0.10240106395984512
329,0.1437687922205449,0.5121990895498421,0.053461214003705175,0.07342345118991425,0.21714745303599364
330,0.056873758088690655,0.5955165686358325,0.2747572073279122,0.03056042393254494,0.04229204201501982
331,0.015590791649154983,0.7147301560458083,0.21412975649836494,0.027932604805716264,0.02761669100095568
332,0.09362313510026826,0.2384075560834959,0.006463641434549599,0.20711123209727372,0.4543944352844125
333,0.07280504251830325,0.370741316164651,0.0014775495858386758,0.20479404748327365,0.3501820442479334
334,0.15001442356337663,0.2733799121363121,0.0002025390662174,0.47681913783290963,0.09958398740118417
335,0.06155415914910163,0.593690436246829,0.0001433955431024783,0.24562092792810963,0.09899108113285728
336,0.03530031701610458,0.029276510578862918,0.0002434426311816545,0.04273928099870081,0.89244044877515
337,0.047692252761987367,0.07068372534530057,2.0699266814644407e-05,0.1268749157297907,0.7547284068961068
338,0.3211898890305748,0.03969389169754679,5.211501927433283e-05,0.045140993703734485,0.5939231105488696
339,0.1663574703433469,0.06269678165681111,3.506426038797576e-05,0.038809620540653865,0.7321010631988001
340,0.5185630664858665,0.060332066541308634,2.9070217889955124e-05,0.07511631782701127,0.34595947892792367
341,0.35046629581084376,0.34030785191888874,0.0012914328411880959,0.18422832572269465,0.12370609370638479
342,0.09009992046913552,0.14758074123245216,0.0001195246869463597,0.14273068120257382,0.6194691324088921
343,0.3336282517165471,0.17881836917496288,6.317511676545611e-05,0.20023695039742687,0.2872532535942977
344,0.06352328271838838,0.07350136733108131,0.0023744499380152257,0.048728242637188134,0.811872657375327
345,0.06585718394252993,0.038240363838831615,0.000321201028277132,0.05282033497135077,0.8427609162190106
346,0.29496584550077826,0.028338201696897734,7.800047144136042e-05,0.06013210689762944,0.6164858454332534
347,0.6049911515355011,0.09188279498155356,9.8127040241326e-05,0.11997172274545843,0.1830562036972456
348,0.11751525000224092,0.794633665127867,0.0015891168398553578,0.047796697250231585,0.03846527077980516
349,0.025782587574923077,0.6677283589378795,0.013114997594807205,0.024164209310887436,0.2692098465815028
350,0.010920888658942503,0.706512333921139,0.0014168086362103228,0.09171249303952285,0.18943747574418526
351,0.004227668458280811,0.8384239392719613,0.001545578219838595,0.02847525674463991,0.12732755730527948
352,0.005257293782741964,0.8263443098063749,0.014239940222765863,0.03083602067258489,0.12332243551553253
353,0.02864125175591664,0.15081860251153453,0.0001271418920346207,0.8080528695033797,0.012360134337134603
354,0.04687913511723614,0.2694930662455756,0.0001294105408258307,0.6225452338504708,0.060953154245891615
355,0.05037031968675373,0.21086489746870588,5.8238608929205325e-05,0.7254705795783946,0.013235964657216609
356,0.07323665084783887,0.08175851411552036,3.8424129585022824e-05,0.8251005515512524,0.019865859355803307
357,0.050581161543354826,0.07774840481350212,8.830626909425761e-05,0.8475558918581991,0.02402623551584975
358,0.09627167203378531,0.06504000139265022,5.933057926450823e-05,0.7889747180101206,0.049654277984179346
359,0.15246738384805095,0.0685689594238103,9.095579848551797e-05,0.7191590829965258,0.05971361793312743
360,0.07492662696258523,0.028550097830078124,0.00010700929743867505,0.12356821927363061,0.7728480466362673
361,0.1467903518029099,0.02116524644366553,4.168979359414698e-05,0.09719329224057852,0.734809419719252
362,0.5557023066935347,0.022923331152608837,3.882299489570958e-05,0.25520618432660575,0.16612935483235505
363,0.4336738026873914,0.019410826323137998,3.371400723182385e-05,0.27154461827957116,0.2753370387026675
364,0.4129131758976895,0.03879501024007022,9.807290075934659e-05,0.4161296137536496,0.13206412720783142
365,0.15999048239338348,0.08029683892604621,4.821937211970709e-05,0.7124594720570772,0.04720498725137348
366,0.11320265981404312,0.01965726131652656,0.00033489704373578145,0.49072207429373316,0.3760831075319615
367,0.33970269824086446,0.04855236715294154,0.0001665650049595802,0.39547878863171554,0.21609958096951906
368,0.2440993309148743,0.027994401497652956,0.00014065929269853252,0.5992402974215773,0.12852531087319694
369,0.21429237048766084,0.04733411812230056,0.0005035116679005311,0.30855068242423156,0.42931931729790657
370,0.3318682033195182,0.07371172153079716,7.808710400384189e-05,0.48487194539855466,0.10947004264712615
371,0.1916484563974925,0.10652159823494178,4.189919490317915e-05,0.647370092591485,0.05441795358117752
372,0.2843571502995097,0.07168167432736486,8.716467619066074e-05,0.6008907890299289,0.042983221667005876
373,0.10890907968341725,0.05287167556399399,0.0002053234476701784,0.6585363776103059,0.1794775436946127
374,0.1667655875866788,0.049654888901939115,2.832297359453695e-05,0.48665138486617615,0.29689981567161133
375,0.41306138892756616,0.06137189055911537,3.838589380007647e-05,0.4158040748069179,0.1097242598126005
376,0.39361181470916135,0.11095430415598952,5.661049348063486e-05,0.4420570886414317,0.053320181999936773
377,0.3671082650098724,0.1266651688627432,7.904080922790124e-05,0.4730180730467989,0.03312945227135756
