epoch,N1,N2,N3,R,W
0,0.01007331337040548,0.007414578150815966,0.0004180484711857056,0.0005813921518149814,0.981512667855778
1,0.04621532797266037,0.005780090303441325,1.389807161265394e-05,0.0012139512703258529,0.9467767323819597
2,0.05328980390669291,0.004836921848743742,6.307916553510473e-06,0.001792426622168395,0.9400745397058415
3,0.015116070164956556,0.008353190732084239,9.70251739904903e-06,0.0009565809676538131,0.9755644556179063
4,0.15196530650985438,0.01229176455017787,4.432656326983303e-06,0.0010053327439959179,0.8347331635396448
5,0.010181367098826636,0.0044894850963479015,3.672116207031513e-06,0.00023776290837792364,0.9850877127802407
6,0.12970386330147451,0.01940035298297472,2.153151169579681e-05,0.004158810798328421,0.8467154414055266
7,0.009609712149912795,0.004200839146698491,4.1332097485072494e-05,0.00034321165301514397,0.9858049049528885
8,0.019076873281960026,0.008809073985488988,2.554606502889747e-05,0.0006037127239048207,0.9714847939436172
9,0.4059655695837431,0.03661356081958881,5.6033222624497176e-05,0.014596625961688021,0.5427682104123557
10,0.3113841901314427,0.03291135486288026,2.687858042917156e-05,0.009727955173763608,0.6459496212514843
11,0.008794037079825845,0.0029130274981662312,2.0097520443838868e-05,0.0011546359712705815,0.9871182019302934
12,0.20989064407327337,0.03715291762182495,3.184593405970351e-05,0.013728045900504925,0.7391965464703371
13,0.19270609114662188,0.03851284705433354,0.00037706451423781924,0.00650593157474804,0.7618980657100587
14,0.09415014569573994,0.02872062804470228,0.00013683741077909057,0.004338000882795549,0.8726543879659833
15,0.5601589155111955,0.0631251983724271,5.5449233843965666e-05,0.029984561993366573,0.346675874889167
16,0.33936690378503503,0.34023874857768294,0.0007106266174473357,0.02863887443282296,0.29104484658701185
17,0.34143293969377414,0.485209930416491,0.0007687565717348394,0.03725622485350057,0.1353321484644995
18,0.16467697855840296,0.708163234917647,0.0005196105898078627,0.04450323438115941,0.08213694155298261
19,0.10312014314724359,0.7547508779950738,0.0024271967125097395,0.07560850192661599,0.06409328021855698
20,0.19908225536948718,0.15809645268065126,0.004106640763123005,0.034379703532516334,0.6043349476542222
21,0.4373390496321207,0.37633395083630067,0.00033404750452584696,0.10627079734151182,0.0797221546855408
22,0.27364816602463865,0.549716907948451,0.008534594466329377,0.07147895389741755,0.0966213776631635
23,0.4656103375917334,0.43876053890237404,0.0006416438339970596,0.040879823984998134,0.05410765568689728
24,0.29980038197470427,0.6418590146875357,0.003887550674435712,0.005771523008465797,0.04868152965485846
25,0.20120987875600552,0.739116902824843,0.0019038574725329643,0.02717313242430804,0.030596228522310535
26,0.06833435704321367,0.822274101328425,0.04893612815993122,0.0027127823444015086,0.05774263112402852
27,0.14594256708864978,0.8017915904847785,0.007490811325204663,0.0033572491573310172,0.04141778194403596
28,0.10888684980448103,0.832210959584342,0.008880968511546253,0.02332718047909611,0.02669404162053468
29,0.037939101364443575,0.9117551274059075,0.0351425312877977,0.0021732407463550237,0.012989999195495977
30,0.0245525542906864,0.8696912681812053,0.09175130913709162,0.0014104299247552168,0.012594438466261277
31,0.028055584850475372,0.9476264108260192,0.012150346418455929,0.002874154512776528,0.00929350339227299
32,0.04681635327923674,0.80509917118359,0.11888887601076195,0.0016929510775296648,0.02750264844888158
33,0.014018861620864865,0.8902311600811468,0.08654574470768192,0.001264956129969632,0.007939277460336756
34,0.01386234019607157,0.917574892079825,0.0615886850776159,0.00039518460867764483,0.00657889803780971
35,0.01051490760451122,0.8706615364363824,0.11334965179663119,0.0003988984311687083,0.005075005731306484
36,0.00830642301112619,0.6368038279036102,0.34881224659191973,0.00023572620674161521,0.00584177628660218
37,0.005184651500397584,0.7444323463208894,0.24632190429572406,8.856076470005205e-05,0.003972537118288706
38,0.0077488681601386965,0.4860488109121316,0.49548132379529003,0.00018482233534174633,0.010536174797097994
39,0.01073792248823115,0.9251124802793744,0.055758970607066104,0.0002813163652634859,0.008109310260064673
40,0.0016251328943549328,0.20721633430191164,0.7875628579812077,2.4910458738521494e-05,0.0035707643637870683
41,0.004122347216651918,0.41535308731576626,0.5725922763924118,5.778664680523573e-05,0.007874502428364799
42,0.004064362654948603,0.5511618511618208,0.43639166283655845,9.387138928985184e-05,0.008288251957382217
43,0.0020791599089889936,0.19719387891232978,0.7949582554507458,4.5088349714657995e-05,0.005723617378220737
44,0.002256052723182838,0.2838383840497526,0.7089210852720511,5.4174431064792104e-05,0.0049303035239486506
45,0.0018773036895038397,0.08872735817694441,0.9025440589294352,4.009535090377003e-05,0.006811183853212736
46,0.006984761685674569,0.8233969129590604,0.15573199305285068,0.00029261079814028683,0.013593721504274289
47,0.004094254662718345,0.3323958704671921,0.6533901426827053,0.0001513802659163048,0.009968351921468051
48,0.0035026022099256546,0.29856220865673805,0.6902980342623105,0.00015403542816548675,0.007483119442860178
49,0.0035968372995992494,0.19703486760979447,0.7840972178152864,0.00015415354413648356,0.015116923731183405
50,0.0030204403445319447,0.22555342955369245,0.7625912766448429,0.0001788535852854029,0.008655999871647294
51,0.0028349472064507363,0.18164372021300004,0.8051144024205602,0.000148711938068367,0.010258218221920636
52,0.00248432236321833,0.17737369806371128,0.812601497669946,0.00017847681400783542,0.007362005089116469
53,0.0007600689738383234,0.12244813443098149,0.8717945137689459,7.475607005874636e-05,0.004922526756175579
54,0.0018963090493338312,0.16793295731988928,0.8243795402973111,0.00010709628600030603,0.005684097047465287
55,0.0009262381805612527,0.11112349906040637,0.883501417591069,5.20026948084486e-05,0.0043968424731547755
56,0.0005425767543677191,0.06339824942976506,0.9302984211542641,4.051624556454236e-05,0.0057202364160386385
57,0.0004991421519036878,0.09480646942230436,0.8997211150448347,4.480020877095012e-05,0.004928473172186459
58,0.0007210629450040061,0.06393586458046095,0.929631283825385,3.9200586698134645e-05,0.005672588062451902
59,0.0005171580945990959,0.04829123787947806,0.9474134224396608,3.791254406238394e-05,0.0037402690421997585
60,0.0010094904062228844,0.08226231254951939,0.9124508605425092,6.610543099803315e-05,0.004211231070750342
61,0.0007702410341274575,0.05116559823462754,0.9445042207023171,3.9151550802748225e-05,0.0035207884781252867
62,0.0014707937908916605,0.10814996481406661,0.8833138566111125,6.695828929665824e-05,0.006998426494632512
63,0.0008453172613337032,0.06146547056916169,0.9340544874782143,3.939476427345287e-05,0.0035953299270169137
64,0.0005889729969701068,0.05222717744317464,0.9428875441686165,3.072496334960015e-05,0.004265580427889022
65,0.0011078986831136919,0.061987989603652816,0.9332271626744053,6.280463665194018e-05,0.0036141444021761753
66,0.00047123589545830454,0.033363846966210954,0.9637564501931155,3.979807379728524e-05,0.0023686688714178315
67,0.0010618161283043282,0.05672942676986148,0.9380692870602553,6.763912889290492e-05,0.00407183091268588
68,0.0017588233705155905,0.11126628267728485,0.8797773427602251,0.00010489139708428145,0.0070926597948902164
69,0.0017128054809913917,0.1254172406696713,0.8582070300495986,0.00013571043750324195,0.014527213362235348
70,0.004553409104556509,0.1589106737765647,0.8256002295105319,0.00017297036020651486,0.010762717248140322
71,0.00196056699316752,0.19804304109723345,0.7936418545239964,0.00013619551347793807,0.006218341872124599
72,0.0012623550908187997,0.0831908414222314,0.909559732969649,5.713796983951233e-05,0.00592993254746129
73,0.0005510211427403411,0.05632464220966828,0.9392409093887906,3.447192762959727e-05,0.003848955331171377
74,0.0006575150431888891,0.059153686668057905,0.935584322333864,5.716860040820341e-05,0.004547307354480894
75,0.0010591505658729742,0.06947919085188133,0.9239116748643759,6.62389784295191e-05,0.005483744739440504
76,0.0012877586924549746,0.07226994397132341,0.9164995025692643,9.907733606303259e-05,0.009843717430894329
77,0.00046045204422865126,0.0378300063074806,0.9574342925793284,6.0501404789800036e-05,0.004214747664172648
78,0.00029515176997543037,0.029826840663700484,0.9665949370564466,3.7535748416357167e-05,0.003245534761461051
79,0.00044855072069092716,0.02722057918344031,0.9687831189339495,8.053791901696747e-05,0.0034672132429024055
80,0.00045047803058030666,0.0410009347617195,0.9527794044767577,7.151651266512404e-05,0.005697666218277434
81,0.0007028030562373298,0.052834851589230084,0.9407344924595102,9.650110818479399e-05,0.005631351786837599
82,0.0006595653373721522,0.05370298370531752,0.9393121280873561,6.799555399414288e-05,0.006257327315959983
83,0.0011155784676966712,0.07402001064845154,0.9188849479545441,0.0001354613856637689,0.005844001543643934
84,0.0008453782377125837,0.06723537941290957,0.9278394895084051,8.201517735695382e-05,0.0039977376636156125
85,0.0003576951825211528,0.05162413747507753,0.943736912760785,4.99002725750101e-05,0.004231354309041278
86,0.0005839297213792084,0.03950032649505773,0.9510316758023903,5.413178668712663e-05,0.00882993619448575
87,0.001626385359864204,0.09153959926477388,0.8789523562666274,0.00017790939049868012,0.02770374971823578
88,0.0011421074737730332,0.08049766824788201,0.9098178372145755,0.00012238559806511756,0.008420001465704182
89,0.0004860672821603337,0.038413492316473195,0.9561803576188997,5.5657315979471184e-05,0.004864425466487193
90,0.00031759862632011864,0.025059576352573786,0.9709886725697723,5.172646880406584e-05,0.0035824259825297028
91,0.001746348741087695,0.12276758664803417,0.866346708148843,0.0001364961341673328,0.009002860327867894
92,0.00038566471187359433,0.03416330365706005,0.9620940201945845,5.0586842530538595e-05,0.0033064245939513287
93,0.0006724633338462116,0.08818918658173037,0.9053667492322346,0.00010741073132530998,0.0056641901208636
94,0.0004918952081208385,0.04528351074402541,0.9507462638367059,5.6483860030533193e-05,0.0034218463511174677
95,0.0004107674565332984,0.03615950840269178,0.9593054630521496,8.204334648894092e-05,0.0040422177421363704
96,0.0003701794800215076,0.03941235033019749,0.9562849615762644,6.132061859716603e-05,0.0038711879949194852
97,0.00042431456045090754,0.021284144117686945,0.9751285048313502,7.246677877897472e-05,0.003090569711732935
98,0.004488464549298872,0.1402541890653189,0.8408523194024403,0.0006395530701765087,0.013765473912765272
99,0.0003936153647082165,0.026451410074256,0.9704570491628859,8.69805884337984e-05,0.0026109448097162294
100,0.000628503585794339,0.03783136049964277,0.9582689389065028,0.00014738612765291225,0.003123810880407218
101,0.0006417323720764234,0.027987414467784674,0.9692635140597463,0.00021614430588632485,0.0018911947945063137
102,0.0007510069871776204,0.0415935448115481,0.9522959580851494,0.00027928816102905986,0.005080201955095851
103,0.0008813386542862537,0.03874557756333412,0.9546138030792004,0.0004275555152595277,0.005331725187919629
104,0.013782208672781052,0.10497821569229353,0.40006922792401406,0.0006292436940332708,0.4805411040168781
105,0.01626431995637867,0.11171789634655002,0.8484266793239235,0.00079262466519848,0.022798479707949456
106,0.08904721814512509,0.4713269943337435,0.3620282856243614,0.0025797383747325465,0.07501776352203748
107,0.23354337680317006,0.6996323565168688,0.03872118090961172,0.003457184708241463,0.024645901062107914
108,0.13437189822704676,0.7875965264452708,0.014448325246390155,0.02847701613427719,0.035106233947015016
109,0.07076293673827756,0.8806678985593402,0.010856992103760205,0.02670502383431146,0.011007148764310389
110,0.05090534928305069,0.8920958306119158,0.008146418868289616,0.0404389268242423,0.008413474412501693
111,0.328626013238034,0.4756345276559576,0.005139761031360858,0.022533884113324132,0.16806581396132347
112,0.30756066925209485,0.5663228928156868,0.006265059293257699,0.05147757454299188,0.06837380409596881
113,0.19811818747161636,0.711160730211904,0.002813693843799167,0.06477867954853367,0.023128708924146875
114,0.14309761913780192,0.7635078772718383,0.03009892100839082,0.027588702339302225,0.03570688024266678
115,0.09493467897742872,0.7158300028170954,0.006989503316360035,0.1640549859866234,0.01819082890249255
116,0.04427562180239063,0.6724854188899106,0.0042369406797839616,0.26881386674782587,0.010188151880088899
117,0.04364143640100833,0.6869351292398295,0.003189703284869923,0.2565819693094126,0.009651761764879542
118,0.03185758434648639,0.5765250609587133,0.0019820550804271935,0.3847773337253734,0.004857965888999813
119,0.18051068750753543,0.6668466004945566,0.003888237385502572,0.0838997228499572,0.06485475176244807
120,0.12850951875411937,0.6769535226252692,0.0009961283399203553,0.18648157294933676,0.007059257331354227
121,0.08776589025196385,0.8033341604992189,0.012304427422435631,0.08650183219000349,0.010093689636378071
122,0.11646993339725219,0.6284191283924356,0.017810126439321006,0.21699547967847232,0.020305332092518873
123,0.023371636382846436,0.3356004300540975,0.0032080816265833098,0.6333094379378507,0.004510413998622101
124,0.034210063234845454,0.16084228420830682,0.0008645111286797428,0.796185039088731,0.007898102339437003
125,0.08408455929488103,0.31742825717286427,0.0034235355865412484,0.5848123514322151,0.010251296513498334
126,0.18536578475085416,0.4872545203088809,0.0011082220241950664,0.31096235454440746,0.015309118371662513
127,0.08634631279670618,0.6775470430521575,0.0172394606064868,0.204218321034913,0.014648862509736392
128,0.0777176429380836,0.7231131423872265,0.007021910466380158,0.18089562228596315,0.011251681922346794
129,0.03864924251177163,0.7966463169754189,0.023072129331379095,0.13247993338921754,0.009152377792212944
130,0.05567495819903627,0.863968274485193,0.006866463223359784,0.06286055375567035,0.01062975033674068
131,0.0463656734785903,0.8133462009238163,0.003773303002605807,0.13063557839476156,0.005879244200226112
132,0.02828066002099694,0.9231604493132389,0.00410886588007377,0.038615942137847685,0.005834082647842641
133,0.025650892991957747,0.9465045344212736,0.005149934774755822,0.018757507418442353,0.003937130393570706
134,0.04647008063744493,0.8571314375157388,0.032536677574613426,0.03847309014372,0.025388714128482964
135,0.0326149392726232,0.9222994832794773,0.00570075825814163,0.03447656520599633,0.004908253983761426
136,0.03586738001091087,0.9140896732347642,0.031897102590835356,0.007513674554382605,0.010632169609106925
137,0.02517887862573087,0.8687440873225475,0.0856578594819361,0.008527156264431209,0.011892018305354255
138,0.14904386854851767,0.8134723961857979,0.010785944052879562,0.01245439553524484,0.014243395677560144
139,0.043173024236567575,0.94034255378266,0.006411111998519073,0.004177015379191388,0.005896294603061852
140,0.27748883113484263,0.5322602775638647,0.10346745114427369,0.013138654423153994,0.07364478573386499
141,0.17539174002460114,0.785453016299886,0.00662516349799626,0.023544399504387938,0.008985680673128762
142,0.1239721648875054,0.756254418909175,0.07195685660947171,0.028217417433488854,0.019599142160359052
143,0.12572668173656193,0.8214373537446732,0.009733257036557322,0.03086419469088045,0.012238512791327
144,0.09843777107656236,0.8082721425270392,0.02484615955231985,0.05942591189733658,0.009018014946742103
145,0.08055383492503013,0.7714083312587052,0.02862265622900357,0.10967468052605396,0.009740497061207073
146,0.031596615391856264,0.8909707070428914,0.025536350551144147,0.04830749177523064,0.003588835238877363
147,0.06137581969015254,0.8494442249882422,0.0005614229942662713,0.08362018777028563,0.004998344557053192
148,0.047105103983620736,0.8927647964917573,0.0032965233022221956,0.053432313978995685,0.0034012622434041384
149,0.04984036745428337,0.8951894294693149,0.015204486315554626,0.03413005673352383,0.005635660027323263
150,0.03532703568788907,0.9075612210510972,0.006648142837818537,0.04816615454636285,0.0022974458768324157
151,0.07085595597195031,0.8677853065805217,0.002200256518701225,0.05549646073807895,0.0036620201907478517
152,0.0758405757354321,0.8888638941912747,0.006231840342159409,0.024450532993089847,0.004613156738043887
153,0.016754283843920092,0.8932806167503256,0.08334147622279706,0.0028102747320561602,0.0038133484509009527
154,0.05162599443470174,0.9259695897306813,0.013629269736273899,0.003718884908220289,0.0050562611901229446
155,0.013039725306337294,0.8991738905551712,0.08104646925728104,0.0017378628617885047,0.005002052019421894
156,0.021587043415888407,0.7317596376518467,0.23849345211125553,0.0022501618548981086,0.005909704966111201
157,0.03322099317161317,0.8132255626492891,0.14626088541111212,0.0024232443788587844,0.004869314389126901
158,0.019824550105529276,0.9036349647096252,0.0691005438224854,0.002853575206938464,0.0045863661554214575
159,0.00966781883043079,0.7188084397972724,0.26723041563632066,0.0012114461638648229,0.0030818795721112963
160,0.006026729424864404,0.5014246173988701,0.48814089354129514,0.0009526068871421309,0.003455152747828181
161,0.009397433662511202,0.46917164910828313,0.5154681903552853,0.00079147876828099,0.005171248105639333
162,0.04186268432073154,0.815026536241265,0.12727071093055717,0.0049702351529904605,0.010869833354455877
163,0.016803111256300098,0.695826545115719,0.27698861115841505,0.0014996214441973293,0.008882111025368625
164,0.008374566939416975,0.7940433490599228,0.1914120845359129,0.0011397887074580029,0.005030210757289285
165,0.01112975143184398,0.7456335612857785,0.23641973312882664,0.001969056896693582,0.004847897256857538
166,0.005909914826629484,0.3936081559636701,0.5942015664388162,0.001480532189932537,0.004799830580951794
167,0.006361379359657906,0.4288467406386922,0.5538187038825778,0.0021389927904141115,0.008834183328657982
168,0.004865770969804509,0.4329823265538569,0.551261316277503,0.0027039328888648646,0.008186653309970697
169,0.009870307662396598,0.504869648571076,0.47610262828394395,0.0020613779964199597,0.007096037486163383
170,0.02471595099522634,0.2101424924179803,0.2991783248130859,0.004621011701437566,0.4613422200722697
171,0.15072075830063386,0.5695895680959683,0.07116030988852877,0.0027713959365136837,0.20575796777835545
172,0.4268992838180773,0.3856560797379838,0.01382606878052539,0.0019962108948817937,0.17162235676853171
173,0.5614476421075374,0.25409583359810184,0.0029170815234090693,0.0006521605478191909,0.18088728222313247
174,0.4207457882316733,0.5229931423895665,0.011608923169866718,0.008725842622104388,0.035926303586789034
175,0.08900335109484123,0.8627378836135331,0.019405920714203315,0.006701543633399016,0.02215130094402342
176,0.07718605942683507,0.8367199759312629,0.03580293757151442,0.022850242167668393,0.027440784902719062
177,0.04795344923460422,0.8316032124946202,0.007159612114128705,0.09965372436351992,0.013630001793127112
178,0.02799052016887493,0.7604610493963728,0.0007936631020663221,0.20232072163717002,0.008434045695515867
179,0.16281078668227247,0.5874991902590107,0.008109291791946548,0.10493794649989586,0.13664278476687436
180,0.339664404773985,0.46400490099442115,0.0011864399818109592,0.00958212904750888,0.18556212520227394
181,0.2739185134628054,0.699313207500317,0.0010445222000410239,0.010419824426276897,0.015303932410559669
182,0.265979499967406,0.7150581532583997,0.0012762203335446873,0.005785869050793797,0.01190025738985588
183,0.08332394509843413,0.889475376619204,0.015410948466026617,0.004784770118484253,0.007004959697851239
184,0.049510251465008565,0.8627449613767968,0.0037050007610724385,0.07439578871444978,0.009643997682672458
185,0.044811255049971965,0.8870589926734429,0.005972848465011338,0.055837480187822953,0.006319423623750945
186,0.05659345017707835,0.7252536892713878,0.00244032724222797,0.21143137539417087,0.004281157915134971
187,0.09102515088148856,0.766229839248684,0.0017863425519427593,0.13499001753220083,0.0059686497856838135
188,0.047937324492702924,0.8765316350567066,0.03947756500686308,0.02522294155859449,0.010830533885132991
189,0.0838697520513082,0.861218975680066,0.003369084150503737,0.04588002247405438,0.005662165644067773
190,0.07104063135958007,0.8960713275119229,0.010316982463529875,0.01596486106968171,0.006606197595285516
191,0.02441815922205912,0.9273420391191882,0.036568477593309126,0.007051940628856861,0.004619383436586615
192,0.052425866126305024,0.9291775769819185,0.002374496337102759,0.012512895405117939,0.0035091651495556134
193,0.0248264696586688,0.24852222346857833,0.7145948653300495,0.006451317227090131,0.005605124315613362
194,0.10644618556086904,0.8468774958554581,0.011015401162256926,0.0278352386384065,0.007825678783009354
195,0.0632425096751326,0.8330670848931362,0.0704430454361574,0.02609002892226205,0.007157331073311912
196,0.08895550952853783,0.8155793193392502,0.05490423586158615,0.024142465343349823,0.01641846992727584
197,0.0478271824886769,0.886777106598207,0.04573091146766313,0.01225573045784575,0.007409068987607368
198,0.08333602852773765,0.8947457235809239,0.0021774108746716145,0.015535936914496918,0.0042049001021698534
199,0.06374833207325571,0.8914434512306285,0.0069196553380924735,0.0334309130215821,0.004457648336441203
200,0.032435392511783054,0.8512617000892551,0.08325639602118279,0.027435307463890692,0.005611203913888176
201,0.02628884564692954,0.9187541238668798,0.027265686070549425,0.02252758440091329,0.005163760014727878
202,0.0399027963738815,0.8716675012890382,0.05256528820455097,0.026920121246204517,0.008944292886324645
203,0.19690592732987455,0.25192482898526114,0.1192622905824668,0.01624083541849773,0.41566611768389994
204,0.10380717438654741,0.8169700399731751,0.037945506014829405,0.029164598805718988,0.012112680819729108
205,0.10734015679274378,0.7899393249313453,0.07045450526864264,0.019153068510855208,0.013112944496413037
206,0.08944236047523152,0.791606557533667,0.0838595209175717,0.018784884533930075,0.016306676539599663
207,0.08357902126624431,0.7873032984928672,0.08754090918027253,0.030833989907138374,0.010742781153477632
208,0.40996306663749826,0.0772996472981405,0.00025514497942910255,0.02053723058911466,0.4919449104958175
209,0.5233015373975317,0.4176383503768692,0.009809040054895444,0.032493291961513196,0.016757780209190505
210,0.44469745238946307,0.4953696056174058,0.010790927922481429,0.020764174899700664,0.028377839170949024
211,0.08726664221724678,0.8181136056303859,0.07179199026540581,0.005978406387014578,0.016849355499947045
212,0.041049456845261276,0.8666092845331269,0.0522043598442845,0.03418532655634652,0.0059515722209807055
213,0.023090002424208486,0.7369710466470938,0.21289603313482694,0.021534953077727195,0.005507964716143509
214,0.06230055318853517,0.8852130538552696,0.023580344608309742,0.02033640983197081,0.008569638515914779
215,0.6170742283191064,0.1495609699699859,0.000904301640544403,0.03622695730494333,0.19623354276541996
216,0.06574444183821909,0.8994894830265078,0.015166777665436853,0.009104211431853925,0.010495086037982316
217,0.14733557161991526,0.7946457914761744,0.004944205044310351,0.029895112637134843,0.023179319222465147
218,0.17978915823557529,0.7297080002403303,0.031062504773210455,0.03295207251235578,0.026488264238527997
219,0.06045245709412732,0.7544859526131461,0.040259458407322764,0.12153132582500495,0.023270806060398802
220,0.13107797692110482,0.21978753552306077,0.0011367397821183832,0.6057766792956807,0.04222106847803539
221,0.08800054660007253,0.21726236730010198,0.0008919573871196629,0.6826908327013987,0.011154296011307087
222,0.055163453407212265,0.09596126736111973,0.00012859119831709853,0.8442735403484346,0.004473147684916199
223,0.05190649550962898,0.09528278124433574,9.889452488981551e-05,0.8479726634460325,0.004739165275112918
224,0.05818688168864474,0.05394415409433131,6.604109725722086e-05,0.884256333819681,0.0035465893000856466
225,0.05291084988670005,0.022279424801165085,4.49915495110653e-05,0.9199626179602179,0.004802115802405883
226,0.043812214724136885,0.030871611639175997,8.300534445603938e-05,0.919672284353771,0.005560883938460122
227,0.02639342355213432,0.06357132360713437,0.00013424324974588723,0.9031555331206174,0.006745476470368001
228,0.03701038626706637,0.05783866201383943,1.2677692819851936e-05,0.8914517611083065,0.013686512917967733
229,0.06328452397440605,0.028436975866225452,7.996207897001536e-06,0.891256651693896,0.017013852257575544
230,0.038549444569563024,0.04017191052086112,3.392183677024327e-05,0.8684145966009601,0.052830126471845595
231,0.09733700114355522,0.035673922638298224,1.259201705335729e-05,0.8244915841188496,0.04248490008224368
232,0.10393774089966121,0.029369069546201467,0.00016759570311384732,0.719800632608348,0.14672496124267534
233,0.2381315874240384,0.02185740823338909,5.098011805355105e-05,0.6719712198503452,0.06798880437417375
234,0.10592019295434167,0.029936220127734392,1.63602815030136e-05,0.7955778177176912,0.06854940891872967
235,0.15484027138151304,0.01909662866144903,4.906381106445106e-05,0.775545360853183,0.05046867529279041
236,0.051916452855151125,0.009676293096336865,0.00013211012335997562,0.5592669278932975,0.3790082160318547
237,0.2057031784546445,0.010302075481100806,5.136088132760752e-05,0.7108758862720301,0.073067498910897
238,0.2508251076438384,0.006460230717316495,3.9840399725857935e-05,0.6059034851950621,0.13677133604405708
239,0.16309760171056242,0.004362411974602613,4.643573033764945e-05,0.7953388018811944,0.03715474870330296
240,0.11478936669885371,0.0101821929980322,5.086207846165803e-05,0.43620712584392246,0.4387704523807299
241,0.1760631399507398,0.010666243134518161,4.309191663245964e-05,0.7926496032492343,0.020577921748875287
242,0.11523252518504538,0.008680340329289452,3.208198424025797e-05,0.8608827398505497,0.015172312650875153
243,0.06919189760522866,0.006500079651647128,8.918253802544664e-05,0.9169440203064705,0.00727481989862821
244,0.033271906857263146,0.007710720642033969,2.3749305980044655e-05,0.9512781100070692,0.0077155131876535795
245,0.022792832495749333,0.004902771942812743,7.997830210947779e-06,0.9682179022954825,0.004078495435744278
246,0.02865947739217949,0.008580926446599179,1.3543291745464806e-05,0.954239270455568,0.008506782413907904
247,0.047464724158851335,0.02722692412568491,5.3730968672279076e-05,0.9105613408959402,0.014693279850851337
248,0.030829919652448974,0.005899244997753642,1.637345820366126e-05,0.9601893232245426,0.003065138667051004
249,0.024500390971488383,0.00801377732328157,1.8222952571011442e-05,0.9641646404977392,0.003302968254919718
250,0.025747678949313457,0.009688952204168075,7.085901248469124e-06,0.9587856082538604,0.0057706746914095155
251,0.025155440066679663,0.011017192806178027,3.224313778479977e-05,0.9613824718533639,0.0024126521359936247
252,0.010969327585468635,0.038552685973032984,5.162104218201222e-05,0.9475257356033545,0.0029006297959619314
253,0.007647200286027803,0.012833129051312318,4.1652378173409567e-05,0.9778958413678448,0.001582176916641694
254,0.0071419470316411325,0.004443370858006264,7.1453456241065e-06,0.9855263594781201,0.002881177286608422
255,0.016884955065713178,0.005509329776827301,6.870079460892272e-06,0.9699350218458355,0.007663823232163211
256,0.051259724380286906,0.0060570786460412045,1.785900964306329e-05,0.9364593346430367,0.006206003320992275
257,0.09354094388322769,0.008799698591804907,2.2380150503998122e-05,0.8861541308812018,0.011482846493261563
258,0.0742741390712398,0.011717668920102956,5.045744805240653e-05,0.9038295789362426,0.010128155624362221
259,0.03847079145853614,0.007705026268962324,5.7286852252122824e-05,0.9468433048812648,0.006923590538984505
260,0.05484735963846843,0.0050115542582891675,1.541156760804344e-05,0.9300045728861356,0.010121101649498728
261,0.06091770629225458,0.00623031687769525,1.2436894461127001e-05,0.9250430796655891,0.007796460269999914
262,0.08147323232443206,0.0074611110773451506,1.7532805468325665e-05,0.9027120399846701,0.008336083808084526
263,0.06395144438039806,0.019010110086740944,1.3063427039386453e-05,0.909974948913471,0.007050433192350602
264,0.024995140042291794,0.009865669025170512,8.654548846028729e-05,0.960682634481518,0.004370010962559546
265,0.01456079983993478,0.0059340799861231095,3.0453798423086737e-05,0.976094712678943,0.0033799536965762565
266,0.01894446415497797,0.0029712547306757135,7.484766000518859e-06,0.9665237114536994,0.011553084894646397
267,0.023521307712891588,0.006807790197681402,1.3447653018030675e-05,0.9648752949205903,0.0047821595158185
268,0.03668020590847279,0.008072607623906708,2.454105787541711e-05,0.9492034659104285,0.006019179499316536
269,0.056876707906163074,0.013039083977672313,1.9664492963607486e-05,0.9186244519066838,0.011440091716517201
270,0.05300529162932075,0.014633855872642817,4.435626163828385e-05,0.9243923703650674,0.00792412587133082
271,0.04832811258888399,0.014580515564107645,3.6452351168670026e-05,0.9261573443685902,0.010897575127249454
272,0.047068994520450165,0.03892417487966389,0.0013109696990493544,0.06866201479993111,0.8440338461009055
273,0.4044745514423366,0.06847675687659473,4.0963741601021465e-05,0.4299259137841401,0.09708181415532752
274,0.5641979477957497,0.10151422882472368,5.678058785843268e-05,0.2849414844912582,0.049289558300409875
275,0.3745999046763133,0.22012886569689372,0.00033745002362884225,0.36944716983741344,0.035486609765750715
276,0.09930402603670416,0.24579479153369582,0.0008092640918127341,0.5840585282955087,0.07003339004227856
277,0.09156420373416184,0.18546116051347064,0.0001676637842741612,0.7016488765679276,0.021158095400165788
278,0.05082135821262607,0.3288227082103326,0.0003052803392146307,0.6077669580428006,0.01228369519502601
279,0.048295308615586154,0.3415874239464742,0.00029267845639343085,0.5913271103959119,0.018497478585634282
280,0.031723611346123656,0.1481227748469005,0.0004747061937735973,0.8054059646602757,0.014272942952926514
281,0.03104634005493267,0.22148412180099727,0.00022886792381664496,0.7353954323289552,0.011845237891298087
282,0.031692846793480764,0.4996842246063405,0.0010126688961964044,0.45722593891886093,0.010384320785121462
283,0.030839309713596694,0.42048240437815815,0.0008845065886585011,0.5380476403414143,0.009746138978172322
284,0.05971127582205433,0.1397220947440329,0.001782642104854254,0.7033542012743471,0.09542978605471134
285,0.08786327706854706,0.16856351974017403,0.000691414387592922,0.7292743779590657,0.013607410844620268
286,0.09045393843149123,0.3413553012570519,0.001940001392889785,0.5380534224966766,0.028197336421890377
287,0.17940513934957628,0.23066811339163762,0.0022581897816326404,0.5164214256593893,0.07124713181776424
288,0.060081091939144744,0.3530675641678238,0.0006288885025883527,0.5755086426627266,0.010713812727716451
289,0.06362054423809725,0.3030812960106454,0.0006683638749836825,0.6256183354906953,0.007011460385578485
290,0.08739211124444762,0.352117653100524,0.003001248913645157,0.5428639552589531,0.014625031482430087
291,0.0513968389753571,0.4793474473526676,0.0006740139028330632,0.46170018180926237,0.006881517959879828
292,0.07211316595312117,0.48658184819950834,0.0004254954525489481,0.4325937653395031,0.008285725055318575
293,0.1432951707447436,0.33460125465788226,0.0004333919601378629,0.5122524102745561,0.00941777236268009
294,0.1090036795517864,0.3460762766552165,0.0008955192980141303,0.5367045363428221,0.007319988152160911
295,0.09655750164258163,0.6791312356553125,0.0029744888425193862,0.21160462407790898,0.009732149781677525
296,0.07946898985507958,0.612657193313327,0.0008031942418969208,0.3007993401342289,0.006271282455467657
297,0.11813976596716051,0.4814875696833496,0.002887734589998266,0.3877255081177899,0.009759421641701696
298,0.053825956394341935,0.62650436287714,0.0014977658127426968,0.3128656956127135,0.005306219303062063
299,0.09000361460397877,0.26698961812313476,0.0001638800769976957,0.6389257060699113,0.003917181125977513
300,0.06501175515596484,0.49593302184484034,0.0006258876855670469,0.4341189718610107,0.004310363452617062
301,0.20805924912372642,0.3311438361270775,0.0006656026287703247,0.4504645848008839,0.009666727319541827
302,0.14617089761695978,0.6210791848214635,0.002811363266040635,0.2197218781829711,0.010216676112564898
303,0.20751040179843397,0.6645119791576338,0.0013325928875072442,0.11603381851412896,0.010611207642295934
304,0.1323686934405324,0.7949589107241846,0.025042107789613795,0.03083049644973637,0.016799791595932947
305,0.1473231447028384,0.7894509581511686,0.0037662160628513953,0.049490034913946684,0.009969646169194872
306,0.029008222206937242,0.9464146643977269,0.013624846805631165,0.007547799202146608,0.003404467387558018
307,0.02337590261152892,0.8319263863404388,0.13578018201406794,0.0040272292780200595,0.004890299755944208
308,0.053243483630030036,0.859755667782335,0.06495237541217999,0.015288528944621268,0.006759944230833661
309,0.01130393650014376,0.711359323238056,0.2719626120622754,0.0023898726985556004,0.0029842555009694017
310,0.014182146946898793,0.7522824809573859,0.22546862886304925,0.0036530294199800264,0.004413713812686118
311,0.0117299966475272,0.6528227396891968,0.32605286776369446,0.0036337681629034823,0.005760627736678033
312,0.0043633306606208596,0.4753341547853837,0.5133481244929601,0.0017479622865012277,0.0052064277745342115
313,0.013002644795897253,0.6076035007506849,0.36710165550953244,0.0040870252944444066,0.00820517364944094
314,0.014563828039330132,0.6550534310116269,0.3133176156060312,0.004249755106071706,0.012815370236939868
315,0.01844331684037122,0.5994953906371315,0.37273921731872073,0.002603753654049844,0.006718321549726763
316,0.016847049877129573,0.42116821302707536,0.5368414700093599,0.004066219323612332,0.021077047762822865
317,0.02141313031900759,0.6017240279194719,0.3621400680184697,0.003219022413161395,0.011503751329889312
318,0.008720007191622935,0.392494280463839,0.5888167279352043,0.002225525442446366,0.007743458966887422
319,0.003983215488197665,0.2585437881067557,0.7303534748495177,0.0024291680704426216,0.004690353485086249
320,0.03493930108206887,0.6229820553189921,0.32151955813659394,0.006102489578224736,0.014456595884120307
321,0.004329940775192078,0.2679983401882903,0.7163166402295158,0.0033973912564060895,0.007957687550595765
322,0.0027480471271467168,0.14009550285747616,0.8475661623712683,0.0016701434195980692,0.007920144224510645
323,0.003161107680803429,0.24619254891527834,0.7440831646812069,0.0013200432854376693,0.005243135437273612
324,0.004095867548542709,0.19641538524890736,0.7905730467644305,0.001847892943736965,0.007067807494382272
325,0.002368948124597693,0.186802515534635,0.8038362188228019,0.0014362144495303933,0.005556103068435015
326,0.010026026189509379,0.2511430628502873,0.7246559117959334,0.004199819658801661,0.009975179505468248
327,0.001577500243597719,0.09770985177885869,0.8934894289648418,0.0015525110415326368,0.005670707971169003
328,0.001688855502616333,0.1300241717379452,0.8636562346094475,0.000906613563280629,0.0037241245867103948
329,0.0022676407428894292,0.14321929231205405,0.8428914009857639,0.0031317329910750327,0.008489932968217746
330,0.002741634037277578,0.17140142149208018,0.8163848922739152,0.0020995959930650396,0.007372456203661784
331,0.0007079658210155425,0.07346699594099282,0.9222243079749742,0.0009294310014441911,0.0026712992615732633
332,0.006892625654675124,0.3686472157389593,0.612226477731072,0.003330968575207998,0.008902712300085509
333,0.0010564836918466167,0.1248220855483682,0.8708996967308432,0.0009629055370578163,0.002258828491884281
334,0.002909675904120004,0.21816455574610133,0.7725925422328372,0.0014157870154655535,0.004917439101475955
335,0.0009583450989707808,0.09044991071310356,0.9045783832967345,0.0006019538651929799,0.003411407025998372
336,0.0028235409946783733,0.24348751690335002,0.7422364973066811,0.001955979011637366,0.009496465783653167
337,0.0023659394090439056,0.16398993250559568,0.8193224154168602,0.0022065182092666598,0.012115194459233416
338,0.014782711985859287,0.5295778618347882,0.43586764480983375,0.004162689723807483,0.015609091645711289
339,0.0032034598613831845,0.2426559897922386,0.7470397315088072,0.0015777052272962974,0.00552311361027468
340,0.00429486997073301,0.2089142596307714,0.7792424975272289,0.0013146338426560744,0.006233739028610622
341,0.0007078877342200134,0.07440938083294413,0.920378673218828,0.0005900626942466762,0.003913995519761122
342,0.0005119936480495224,0.04300244997571603,0.9538220412334358,0.00033293445161655324,0.0023305806911821706
343,0.0017594620816349354,0.11931050141444491,0.8741525919499075,0.0013369926624610532,0.003440451891551827
344,0.0006404579318299501,0.047019563086584185,0.9482571063055074,0.00040279308537470235,0.0036800795907036754
345,0.0008973630622564186,0.062044671667314436,0.9325779393029933,0.0008648813519327069,0.003615144615503334
346,0.0011861484750963918,0.0959493602916787,0.8984256550313886,0.001780450798041379,0.002658385403794797
347,0.0021165461713446606,0.0760443853505428,0.9149013023171136,0.0015294577514387987,0.00540830840956013
348,0.001378017282065193,0.06324621613921046,0.9302569029661742,0.0012654729754431235,0.0038533906371070745
349,0.0024041884852365665,0.06888026729780002,0.9209050359318866,0.0016667812367129975,0.0061437270483636645
350,0.004742008173122539,0.18738674484590503,0.7758208699485081,0.0041279437330054005,0.0279224332994591
351,0.000951791014874898,0.052282815727409754,0.9394409965986898,0.0011289775031213117,0.006195419155904148
352,0.005792358949185587,0.2703247852252292,0.7134578592549989,0.0026393178449918508,0.00778567872559452
353,0.002968261127755901,0.14367777155253217,0.8469218065678734,0.0017638324128632968,0.0046683283389753714
354,0.0016021744394851848,0.11893006809498209,0.8717146792155175,0.0008589667509142714,0.006894111499100873
355,0.0008913316682339154,0.1223863989976996,0.8725973594398762,0.0006423485774241676,0.0034825613167661414
356,0.002381538100333389,0.12455212021327794,0.8675906704111401,0.0008949433184539687,0.004580727956794552
357,0.0004520430394309229,0.03330925534103407,0.9633039857143554,0.00046673276004831604,0.002467983145131303
358,0.001496525204731714,0.10609040468527403,0.8827344940421878,0.0015904758050085492,0.008088100262797932
359,0.0011928388914308867,0.11178671074231702,0.8812022155085475,0.0012369118054578177,0.004581323052246652
360,0.0009349623630201255,0.04518262755169118,0.9491678941725779,0.0009583262668989732,0.0037561896458119717
361,0.0007027174763317209,0.04881248378825236,0.945586223091119,0.0012604683270379773,0.0036381073172589485
362,0.0010713901162401514,0.05041893167930721,0.943758146805351,0.0013514558529014976,0.0034000755462002077
363,0.019347824581719696,0.14160651732069446,0.13218452451993468,0.007633945469197978,0.6992271881084532
364,0.017542389734559523,0.5179562113012833,0.43805734151954434,0.0042075003350727355,0.022236557109540044
365,0.024495438894213926,0.5411371171058649,0.4094806777495721,0.003262733720637602,0.02162403252971151
366,0.026379283694502785,0.42177417028864134,0.5315717053769621,0.0031123334267270483,0.017162507213166738
367,0.004427255879835963,0.2469305920264323,0.7404382730332971,0.002918421877589764,0.005285457182844746
368,0.002179317275017045,0.17929174415576482,0.8120455112010097,0.0011529808534729911,0.005330446514735435
369,0.0033933585112168054,0.3550005318223699,0.6343281183677475,0.0019107561037608237,0.005367235194904942
370,0.0020477054775903053,0.1891510150856871,0.8043510719043157,0.0009290187519110052,0.0035211887804958513
371,0.00482377008691931,0.4653307959227793,0.5187507323046492,0.002648832338048211,0.008445869347604011
372,0.0032526082526039206,0.22378635866629998,0.7662127413501272,0.0016202162081751608,0.005128075522793537
373,0.009528479304119486,0.4013548661831194,0.5680937441328059,0.006255679978789586,0.014767230401165666
374,0.011325148508519942,0.17368205771947595,0.7730594534584982,0.006358549549820116,0.03557479076368592
375,0.002533532275930461,0.04394905816665518,0.943754483562172,0.001939730930015286,0.007823195065226983
376,0.016260769392620576,0.3767739681782979,0.5787156490920422,0.005518357574068094,0.022731255762971237
