epoch,N1,N2,N3,R,W
0,0.0008325972039456233,0.0001160400691892769,2.578650502128408e-05,0.0003944579100804765,0.9986311183117633
1,0.0036089545013097976,0.00023725904224521205,8.717777786485484e-06,0.001719819255960551,0.9944252494226979
2,0.007024739187881891,0.0003607714205817844,0.00024590908899960943,0.028340924298934634,0.964027656003602
3,0.014688398492422627,0.0006128628881773102,3.6805317663169186e-06,0.004731324329763682,0.97996373375787
4,0.07545260909189414,0.0023892677347275956,7.0619749829183984e-06,0.0010552200396708534,0.9210958411587244
5,0.24173104942894655,0.0038203816542104196,3.340400859755336e-06,0.0031778401052004347,0.7512673884107829
6,0.10154783967416407,0.005623668740266159,1.4748293517892317e-05,0.002005538049881634,0.8908082052421703
7,0.07465110113764525,0.018532019342430737,1.1290040506761601e-05,0.0019276356266628228,0.9048779538527545
8,0.06537604687015218,0.07999033521885018,5.684477734859382e-05,0.011066804895796301,0.8435099682378527
9,0.19285811249436607,0.08212885014567964,2.296067048057067e-05,0.047625644444177176,0.6773644322452966
10,0.14742666748331307,0.3766922303273889,6.264960124346619e-05,0.12717901543046137,0.3486394371575932
11,0.1496298517893538,0.5323398767581389,0.0002447570035993416,0.09479275908975798,0.22299275535914995
12,0.13494715144604713,0.6082728208608151,0.0002464209747505024,0.11447345811367018,0.14206014860471683
13,0.137925684805742,0.4262945224780113,0.0015765886582625875,0.08624836843029367,0.34795483562769025
14,0.11782081376043264,0.5175111644022177,0.003299751637964154,0.03069771756415087,0.33067055263523465
15,0.06416885520426109,0.8530350576387427,0.0018436491311447458,0.0183810111141545,0.06257142691169702
16,0.03737116669142085,0.8922927854431824,0.0019052216320552518,0.019120795526832917,0.049310030706508516
17,0.168937056997584,0.4549886901915716,0.0022503208762056984,0.05968047875304198,0.3141434531815967
18,0.16279022830859868,0.6742675812473302,0.002534089794504581,0.0254121908255286,0.13499590982403817
19,0.09909853676498381,0.8158664353021898,0.0019284992743250672,0.017095447617732195,0.06601108104076912
20,0.054020640216780914,0.8433385426561253,0.025890351337715715,0.010229319611561748,0.06652114617781642
21,0.08078469748340435,0.8391239802526234,0.0012434263492012772,0.0127228685694723,0.06612502734529879
22,0.13092097967479616,0.7322076722642122,0.012972913776815576,0.01733487399567968,0.10656356028849641
23,0.18629279683463887,0.6760410201364615,0.023981363663882753,0.06698178703766433,0.04670303232735241
24,0.03847065243025598,0.9097197065993348,0.014055381297983583,0.006421706339827238,0.031332553332598496
25,0.15639173659016034,0.5408118316619807,0.022450437473607296,0.006238608842462116,0.2741073854317895
26,0.2866832222634008,0.09345636265443637,0.0005368891744685831,0.022726116948479765,0.5965974089592145
27,0.15697577158655932,0.08988025283076838,0.0038431263742132716,0.007763215245809451,0.7415376339626496
28,0.37192268497662856,0.1723146084932009,0.025671899566088716,0.02491672866594927,0.40517407829813257
29,0.27549402219860974,0.11226491853628993,0.0032648732114566982,0.012004256360980946,0.5969719296926628
30,0.011065644862159071,0.0031556552482087936,0.0010756682787021385,0.0002807055806911657,0.9844223260302388
31,0.13843906472610407,0.009176637035430136,0.00014730919781654782,0.0007481781472462128,0.851488810893403
32,0.20387828424345397,0.01750429101766324,0.003696036681532832,0.00050419725864468,0.7744171907987053
33,0.5538885770895517,0.01309326269043873,0.0005761715541265364,0.0004013454414195978,0.43204064322446356
34,0.7166510107441774,0.044772155942507386,0.002772653548481799,0.001535183878569714,0.23426899588626388
35,0.5495875934093192,0.1308789187536664,0.013940173546501088,0.006039641948268694,0.2995536723422447
36,0.5877583705934715,0.296324665954225,0.006763196518726171,0.005350966440601527,0.10380280049297588
37,0.22708947037774968,0.667441910891862,0.030755473251715765,0.007426247246352528,0.06728689823232002
38,0.09539407598256446,0.8170073608463514,0.04444578704395783,0.0024500244533516642,0.04070275167377472
39,0.16858574715344501,0.781290751523445,0.008286236392864021,0.010178765248913724,0.03165849968133235
40,0.018428570685050345,0.7623721913098316,0.20836965069805802,0.0011339429464536361,0.009695644360606492
41,0.2253615180612828,0.7069514706741329,0.014765874824476203,0.009484636065296268,0.04343650037481173
42,0.07161899373046296,0.880591602834748,0.035334864042914964,0.001798900737222922,0.010655638654651087
43,0.0596814566624121,0.8371036420275787,0.07807758145705886,0.0014070905042879685,0.02373022934866241
44,0.29749088647455263,0.6656998125248402,0.00688201250881506,0.005576137999622045,0.024351150492169932
45,0.02273711718975965,0.9294120583610966,0.03628271897884148,0.0009999585995007474,0.010568146870801721
46,0.17975991910070857,0.7825211673779763,0.004584985006415303,0.0017349618099758747,0.03139896670492396
47,0.1230049657182434,0.8312160023269959,0.01568008812110969,0.0002893892056276589,0.029809554628023493
48,0.1410706631187465,0.8317252770677777,0.0021169132251864287,0.00014924997305627483,0.024937896615233126
49,0.02598902103488636,0.8977665566807549,0.06901496721089899,4.425796783195158e-05,0.007185197105627849
50,0.06906300177110376,0.9077746808177799,0.01166582456977982,0.0003717014326451781,0.011124791408691355
51,0.022513899267934376,0.8925648286654966,0.08156446359166404,0.0001052950016263135,0.0032515134732786764
52,0.0029260919936470466,0.35078927525914344,0.6422891319714757,6.083101710580049e-05,0.003934669758627969
53,0.003227769189825335,0.3879906634943903,0.6043291014267539,2.864518958981304e-05,0.004423820699440604
54,0.002812312543739921,0.6041022273131855,0.389255861875286,4.5713907075963116e-05,0.0037838843607125422
55,0.00808605257698652,0.5669909558330405,0.4139657723672031,7.139692835970505e-05,0.010885822294410062
56,0.0023687232709469755,0.29997581295306924,0.693100923403816,2.997229339966102e-05,0.00452456807876802
57,0.0019965458365675502,0.20075891634920692,0.7891226350880503,2.32523191827352e-05,0.008098650406992449
58,0.0015098836230168866,0.23275345296032543,0.7615310936548522,2.9401099376281745e-05,0.0041761686624293215
59,0.00040201128932834733,0.03255464712779645,0.964554716657377,1.2405242400340206e-05,0.0024762196830978435
60,0.0009563688398300698,0.06171896741860752,0.9324790566515038,3.916604511316158e-05,0.004806441044945252
61,0.004099319725512409,0.10068765874960768,0.8533593330463297,0.00012676106649118444,0.04172692741205901
62,0.14568328457222893,0.5309286118760397,0.1400649661117219,0.005608797856124506,0.17771433958388497
63,0.09943595922403924,0.6360379617386267,0.13558926149736455,0.009623704947038222,0.11931311259293127
64,0.4282609706707762,0.44643587726486855,0.0060114541280357845,0.006295575137050295,0.11299612279926917
65,0.17139807351597866,0.7497664447998138,0.005588515413217425,0.002727847096893493,0.07051911917409662
66,0.18596393546484538,0.6901144862354166,0.0007030903512268241,0.033029475008256884,0.09018901294025419
67,0.16027131314566606,0.49240357050554956,0.0010433578725309697,0.01140692320913603,0.3348748352671173
68,0.20392453329659135,0.6775415815732124,0.0003301567593202292,0.0314873320686534,0.08671639630222268
69,0.1421144253270279,0.7284803778356997,0.0034772529156093857,0.04344421440238649,0.08248372951927642
70,0.0609156111429584,0.8463451097944625,0.009756721082835039,0.015391447435688838,0.06759111054405526
71,0.12551037433896509,0.534571981499013,0.0006500552571859584,0.09400292408922184,0.245264664815614
72,0.014722719319792608,0.8049714096033181,0.002545776996401445,0.01166894990540132,0.16609114417508652
73,0.02145767551730354,0.6301866417094357,0.007323105252915258,0.009905471750131886,0.3311271057702138
74,0.013542736939739052,0.003280209355190889,4.4062150982606144e-05,0.005536869776629206,0.9775961217774581
75,0.004123402871202449,0.002234230643249448,0.00020400244106612482,0.0013258563521478916,0.9921125076923341
76,0.0026002508683846803,0.0003817936730901691,1.085984858301824e-05,0.0007523921293854813,0.9962547034805566
77,0.003719371628860048,0.0013324551977620148,5.329468857116152e-05,0.0030319680963978904,0.9918629103884089
78,0.022702065064376976,0.0013569058298597426,0.0002835785770735092,0.0010536719220433717,0.9746037786066464
79,0.08176552035933496,0.003398787445623892,7.103209263679744e-06,0.004227779316853674,0.9106008096689239
80,0.6037443112501766,0.011874882973908318,1.4258997210109477e-05,0.007914891136675109,0.37645165564202987
81,0.5597338284985572,0.02439414911905942,3.943453116390761e-05,0.03824986242340955,0.3775827254278099
82,0.47821109785678667,0.0324814565219566,9.424517221733001e-06,0.02601170253649067,0.4632863185675442
83,0.7375605097305603,0.10525306740447775,4.5823832179864045e-05,0.060965407241736685,0.09617519179104544
84,0.24983421894044194,0.6488106880051123,0.0007492370749096072,0.036279516302441236,0.0643263396770948
85,0.1687128315718342,0.755958947048192,0.0018070895619104752,0.05459972852585229,0.01892140329221102
86,0.12328646140598606,0.7761182644597517,0.0076846059760384165,0.057906953973518235,0.03500371418470558
87,0.017333898157707466,0.9606561896870516,0.00566574862519145,0.009873776603103207,0.006470386926946403
88,0.043912773022556584,0.885096227026321,0.027129376887783652,0.026708260458340783,0.017153362604998293
89,0.1810791604657311,0.5653914071716712,0.00929232606744225,0.03810175081479264,0.20613535548036288
90,0.15400898298496374,0.7137870741554277,0.005540077714518252,0.07023295790294543,0.05643090724214475
91,0.3594814928605451,0.5591231439545777,0.007531810071828035,0.022767784911697543,0.05109576820135169
92,0.3417691637053912,0.5813004377985836,0.01882516769595314,0.023156925675441614,0.03494830512463046
93,0.09695545671771712,0.8375141314556622,0.0014932113679343086,0.021481938047175842,0.04255526241151028
94,0.1735654867805442,0.7271541219159422,0.013277589590118944,0.018997183823457456,0.0670056178899372
95,0.11495559588069643,0.7588210906462026,0.007103759299660495,0.00890684030290547,0.11021271387053501
96,0.5338662911010379,0.1850235986567435,0.0016600136399818341,0.020612150304903418,0.25883794629733337
97,0.13490365061348536,0.6689189366828634,0.035400816659972544,0.015792542655323448,0.14498405338835538
98,0.5107522123809599,0.07042421316547365,0.0013282695571084839,0.006479548098136669,0.4110157567983213
99,0.1157918817883247,0.01928829387154369,0.00012735733985386934,0.0038037648474062865,0.8609887021528714
100,0.6343484677350121,0.21193964142079297,0.005080616261125231,0.01350740096045663,0.13512387362261313
101,0.5361090508588672,0.32998955401877605,0.011931537834562106,0.011465401211941492,0.11050445607585312
102,0.17179965538662323,0.6690213132271232,0.008110597982424484,0.01399717829178462,0.13707125511204435
103,0.5379547802145345,0.20071291279157835,0.0018285718616534291,0.08427601579637961,0.17522771933585396
104,0.14120792059585505,0.7566056762805707,0.03141526054256167,0.007105724633280647,0.06366541794773194
105,0.5884141846773443,0.20090372788477912,0.00199832675407805,0.01313084744930315,0.19555291323449545
106,0.48518184514821894,0.2327292448088521,0.00342102420889114,0.0025421595072078144,0.27612572632683
107,0.5046926291484701,0.4597979700112545,0.006518232381309657,0.004006949507727761,0.024984218951238008
108,0.09058350177586001,0.8640993225192064,0.0404842455346275,0.0003315667721633302,0.0045013633981427
109,0.04411355361816438,0.9016097052377544,0.04871051389785815,0.0006901238700263699,0.00487610337619687
110,0.005016812489697098,0.7720193134272435,0.21821081738375658,0.0006600906032833499,0.004092966096019606
111,0.0070341804574268665,0.6745786594516568,0.30516626304354555,0.0013004268503485224,0.01192047019702201
112,0.0030605491800874524,0.3357438255393935,0.6539719469282186,0.00078835085729931,0.00643532749500106
113,0.005284226030715527,0.27737027168164186,0.7097511546939763,0.0009548830276420028,0.0066394645660243145
114,0.005789805672654666,0.19767236598512128,0.782290872929042,0.0007700102938116665,0.013476945119370348
115,0.32541567550980355,0.27193658088988876,0.005178062783963353,0.032854478077043496,0.36461520273930087
116,0.6445399083413951,0.2106342474439925,0.003700286577783394,0.0356079618631424,0.10551759577368644
117,0.21555780469023977,0.7031897446709005,0.03850319485124913,0.00723706548390734,0.035512190303703145
118,0.1401804172520242,0.8374031072283427,0.003227854752265692,0.004650417964137896,0.014538202803229504
119,0.2534387480980755,0.6538287382856954,0.014162278726049552,0.005589625295689937,0.07298060959448953
120,0.04819829658487992,0.8755366329778819,0.05433187168261749,0.004094637576862987,0.01783856117775783
121,0.13872546641132902,0.790711200397058,0.02582290080392004,0.025924336146661404,0.018816096241031453
122,0.15910030673418962,0.740673375615508,0.0202761573225109,0.010287213545998602,0.06966294678179309
123,0.06851954826562118,0.8437677173041309,0.023492848045358238,0.004283754910286437,0.059936131474603194
124,0.6814088424582516,0.19906319803793787,0.0008181677461506773,0.021705692668487424,0.09700409908917253
125,0.047209566703687825,0.9224318814832178,0.0123689488167202,0.005912596977988533,0.012077006018385761
126,0.3095663448579217,0.26809384613560705,0.004560952705239615,0.05354346589334831,0.3642353904078831
127,0.110406994149276,0.8284680364839466,0.002313968551778963,0.01354658085679293,0.04526441995820551
128,0.017281201382029415,0.9393099628945467,0.014250449542242805,0.020936983686014415,0.008221402495166476
129,0.026248310978067447,0.8956651574005329,0.03866463547404911,0.011286949725379374,0.028134946421971275
130,0.08585233962974817,0.08589423113332494,0.0011959781053533197,0.0343439553464017,0.7927134957851718
131,0.36456925369316723,0.1269818605371743,0.00016478705257253065,0.16513186926077805,0.34315222945630786
132,0.555868703091347,0.10220169769370085,0.00010311210889147896,0.2585476637655897,0.08327882334047086
133,0.38896436499158554,0.4182539175071503,0.0013031669623419426,0.03678862736231735,0.15468992317660493
134,0.24014311417021228,0.5099838805096588,0.0014064673613058873,0.049924618087846505,0.19854191987097658
135,0.1299447552968294,0.5474292967088845,0.0010334037028937619,0.11737322378705818,0.20421932050433422
136,0.04623930188846609,0.7046250307850119,0.006922399718293776,0.08227611122137903,0.15993715638684913
137,0.04858796124243437,0.10680941110321508,0.002083124197204168,0.03646777148565974,0.8060517319714867
138,0.003837913978295761,0.0013651618926252948,4.596683082724687e-05,0.0010309836221101352,0.9937199736761416
139,0.28308634623125584,0.04103910159711501,0.0003278694354489804,0.03260763622542272,0.6429390465107573
140,0.09089067846484827,0.004621415908220226,0.00011089592185071275,0.0027666465059323258,0.9016103631991484
141,0.8554849318712285,0.03336175038339994,0.000253850851975344,0.00795742700986949,0.10294203988352671
142,0.5243251789349068,0.18176088832435353,0.0012236910291590667,0.016495748862852756,0.27619449284872793
143,0.2921096646165148,0.6433123695757896,0.0025148311603791084,0.026226048304590195,0.03583708634272628
144,0.047355224445184606,0.8278680696953735,0.005202971172920202,0.10844251570801954,0.011131218978501846
145,0.11592498740735369,0.6967098468884432,0.0023273122279994546,0.1412377092082955,0.043800144267908146
146,0.07570801858541588,0.7854682722406581,0.004809152579442016,0.11407279183861778,0.019941764755866273
147,0.07410592541980986,0.8296100710319193,0.010779404129031634,0.07301025312557659,0.012494346293662511
148,0.1229946689409403,0.8050426842525357,0.001637149819118457,0.0574548652298381,0.012870631757567487
149,0.03579911949053161,0.6579321670823122,0.01132964964818873,0.28435496731619814,0.010584096462769227
150,0.08462552369837821,0.7452620174848313,0.007174027692678388,0.13017471364089653,0.03276371748321539
151,0.027147757550686855,0.7640056805696374,0.07715736522012494,0.11792909976365136,0.013760096895899408
152,0.06565827192133508,0.4467104213135784,0.0025695659357784736,0.4558267184081234,0.02923502242118488
153,0.050842849650405225,0.3421480506185333,0.026958109371444997,0.3092702701777473,0.27078072018186905
154,0.02068046366950582,0.06616801886448083,8.212835956889389e-05,0.8787414344098864,0.0343279546965581
155,0.030138762805673378,0.04005204478517634,0.00015536357605975146,0.8784204513851228,0.051233377447967694
156,0.0524634059965065,0.023332086238021105,3.03546357661674e-05,0.8661216882091015,0.058052464920604646
157,0.012852290320729005,0.009833148189752025,5.7144200053459245e-05,0.9655241625078285,0.011733254781637075
158,0.006587017007883719,0.005153503554799441,2.0274459754409483e-05,0.9828510102975997,0.0053881946799627855
159,0.004277934176871976,0.002772996567904944,4.4123671875204985e-05,0.9860195249289518,0.006885420654395829
160,0.006122427381536572,0.0014747672435582587,1.370233623051333e-05,0.9717446041705926,0.020644498868081975
161,0.003063667622819293,0.001647180360858966,1.696469422820418e-05,0.9901055343628657,0.00516665295922798
162,0.021984424630792764,0.0049526684861427965,0.00016290780221590935,0.9369322360013258,0.03596776307952269
163,0.016047174456018075,0.002568814346518203,3.1164796736552915e-05,0.9784558160018157,0.0028970303989114213
164,0.021691386312996136,0.0038844588397118356,0.00014430867231314976,0.9120436416047083,0.06223620457027067
165,0.05312860914348905,0.0038147585168494223,0.00016943226139678227,0.28506084027710465,0.6578263598011601
166,0.1613591817459678,0.008909741894780398,4.346633348175681e-05,0.5015414992550704,0.32814611077069966
167,0.12378169553850876,0.003962766554239207,8.593134431573037e-05,0.3075217502760171,0.5646478562869192
168,0.2707720581906768,0.0057244428963609175,0.00023317266315935596,0.5320890509077426,0.19118127534206028
169,0.0957237973842346,0.004390639304045489,0.00015658399504493603,0.7053085739663825,0.1944204053502924
170,0.038935216507191714,0.005521371708462009,0.00045381652283021294,0.6917391125535246,0.2633504827079914
171,0.0340790420532077,0.007691554441850869,7.517707661847952e-05,0.9332812258056623,0.024873000622660776
172,0.04620460382961562,0.005762484864873596,0.0001273947588933454,0.3005081389963213,0.6473973775502962
173,0.041014562734078344,0.003311993888871724,9.65402668554789e-05,0.26757710833965725,0.6879997947705373
174,0.04950989316365923,0.006273826982479536,0.00012663029942131226,0.7512718971113539,0.19281775244308608
175,0.07173303229537366,0.008751005798886071,0.00028245449786413356,0.8429768895756646,0.07625661783221159
176,0.023319235787687517,0.002898983260778272,9.147756437295304e-05,0.9575836514861494,0.016106651901011685
177,0.015415752375184154,0.005584732416539008,7.381916409107071e-05,0.9567846705969905,0.02214102544719535
178,0.010701065883114579,0.0036604986435594916,0.0001373867119468548,0.9434124837726913,0.04208856498868773
179,0.013757854251148078,0.009092606333332646,7.503754667329961e-05,0.9697958880029931,0.007278613865852895
180,0.008322842498679409,0.003324207671373244,3.563219593010585e-05,0.9360056158453685,0.0523117017886489
181,0.008169538654911039,0.006238136691527966,0.0005565817341071108,0.9225654916292276,0.062470251290226306
182,0.009388041680864195,0.0025424626609546934,6.35008245658661e-05,0.9452735178297553,0.04273247700385981
183,0.008126843733366763,0.003766561986159896,0.00012164228274384568,0.9688917406307078,0.0190932113670216
184,0.004720322184801213,0.0047644778547754445,0.00026837406589518264,0.9636452837281676,0.026601542166360518
185,0.0021282613411116908,0.0012073492421620401,4.018453930362005e-05,0.9689301720016831,0.027694032875739575
186,0.002525682474801931,0.0015263058167572648,1.576275302509815e-05,0.9858275803357118,0.010104668619703848
187,0.006411094165467487,0.0024468060039557456,6.124143660281235e-06,0.9808883320281636,0.010247643658752772
188,0.02157749542826612,0.0044152584522615486,1.4218542231587172e-05,0.9290372928360704,0.04495573474117042
189,0.022262404949315254,0.005323272917877613,3.941950244448032e-05,0.899183994846197,0.07319090778416575
190,0.03105405507509753,0.003706028769638892,3.033051270111342e-05,0.8231300409446245,0.14207954469793788
191,0.010260125179381423,0.0016211973374744496,1.8740670012460068e-05,0.9421635982129272,0.045936338600204595
192,0.02617567365908492,0.007770073358302674,4.8830849201471754e-05,0.9476961020359184,0.018309320097492584
193,0.056310673020031045,0.005285969226210012,7.416154339525883e-05,0.6970782159747456,0.24125098023561803
194,0.047393329043973274,0.007607776540381508,0.00015062015004648464,0.3760024557650554,0.5688458185005434
195,0.08860243113532223,0.015012820752754456,0.0003110980381160903,0.7111713683226674,0.18490228175113987
196,0.024649015303923844,0.009417630893239637,0.0001264021467520376,0.9290876875709367,0.036719264085147904
197,0.004982185312584002,0.006056957516518647,4.936726426294319e-05,0.9793324443397105,0.00957904556692395
198,0.012314997888017553,0.010246365048913403,0.0002621305639942207,0.9539469045838482,0.023229601915226557
199,0.0067979858468387175,0.00925228780839165,0.00010106458663638707,0.9813434392040149,0.002505222554118538
200,0.0048665467266608645,0.005528054534457649,0.00034576916918111823,0.9840022210177443,0.005257408551956045
201,0.004162759484702439,0.002791765410589532,9.108738157932409e-05,0.9914360142869475,0.001518373436181294
202,0.04198831455501075,0.019932079356579802,0.002310445988416817,0.9018906120604199,0.0338785480395727
203,0.03612569375182548,0.05733759612569828,0.010599831005291518,0.7789210335038314,0.11701584561335344
204,0.03513335866657121,0.018991488158969335,0.00039713911648111953,0.9370414265825691,0.00843658747540925
205,0.11720496995638743,0.03553346876310184,0.004685343878499639,0.5429739329942617,0.2996022844077495
206,0.184455039842582,0.042633042763217034,0.004766062214625075,0.3285177360716834,0.43962811910789246
207,0.17178835042386822,0.14923171496918844,0.00920886254103876,0.5540793137317641,0.11569175833414061
208,0.09415942517407097,0.04647727030787796,0.0023097637212097597,0.7203930993777496,0.13666044141909167
209,0.013139816275173029,0.0183446254453137,0.0006149364119681871,0.9450349649481601,0.02286565691938494
210,0.010335051892293109,0.009502037959115625,0.00021869106526707465,0.9692629074554269,0.010681311627897403
211,0.019144927832006033,0.026020805457928942,0.0008394777502572743,0.923061662830917,0.030933126128890886
212,0.017200190945788296,0.018287533244220135,0.0009487883353919187,0.924314894135878,0.039248593338721646
213,0.018711558014867794,0.013214580380307298,0.004558704637230044,0.8507475839687816,0.11276757299881324
214,0.01555679677630345,0.014488322363197557,0.0032693108813979287,0.908170323782583,0.05851524619651789
215,0.033907232069677426,0.005676470639249566,0.0002924895667857645,0.2495954234443799,0.7105283842799073
216,0.07588780787036678,0.005097213402105015,0.00010744161529238825,0.890234634357937,0.028672902754298873
217,0.024376338642603065,0.001944753294049136,4.186417281442349e-05,0.9637015859898799,0.009935457900653482
218,0.05278253572490446,0.008581903444764383,3.583809415670402e-05,0.8902503127970138,0.04834940993916057
219,0.06005720170657621,0.03210250472125233,6.1919865762943e-05,0.8862324108072562,0.02154596289915228
220,0.015388518954089953,0.00614447671314895,1.824162959836445e-05,0.9500180868500926,0.028430675853070086
221,0.012114836521460483,0.005351567736453645,2.727115382535799e-05,0.9746223192182434,0.007884005370017015
222,0.004592762735280346,0.006748398223786698,6.278945455593613e-05,0.9855262886865596,0.0030697608998173577
223,0.007351675989869504,0.005426933483525639,2.8146007585157543e-05,0.984442428288329,0.002750816230690709
224,0.04518775976584544,0.018690309876736755,1.7933953757235555e-05,0.9266788410737518,0.00942515532990864
225,0.052140732990216494,0.07877666280909908,0.00013520612022281114,0.8328482964931945,0.03609910158726713
226,0.1088476656621388,0.0518257961001909,0.0004205996326632974,0.678593383026283,0.16031255557872398
227,0.15535091246400132,0.03425470036873539,0.0003351073431665609,0.5539858668243844,0.2560734129997123
228,0.15754078812274552,0.07796138153826546,0.0008679897336210768,0.5768656585662546,0.1867641820391133
229,0.14703543350175705,0.06086292789552474,0.0005579111675316481,0.5907262110012017,0.20081751643398477
230,0.14349632314461194,0.19717125302229305,0.013040594770642093,0.5669845075319241,0.07930732153052882
231,0.1428265654334203,0.11876978921630066,0.0015950215950888173,0.7026951837078593,0.034113440047331
232,0.2097232898266591,0.31455016741020553,0.004278223927195575,0.2274838826305288,0.24396443620541097
233,0.2847025361649322,0.30178788793663885,0.01475002200642706,0.22278844093103706,0.17597111296096493
234,0.24883441458721753,0.5770615136940932,0.0035091312682102136,0.13118026047151407,0.0394146799789649
235,0.09565410636846779,0.7795165155364686,0.025101902640816832,0.03106870996372195,0.06865876549052473
236,0.5613352700167882,0.144861607927653,0.002640488498667923,0.17871359184331417,0.1124490417135767
237,0.17870054024438486,0.7624180824217607,0.008511508494618453,0.0260904658056077,0.024279403033628355
238,0.06500303997084352,0.8606297207346089,0.030391547786483973,0.01608738686690361,0.027888304641159906
239,0.05217402339835135,0.778567435631492,0.13972474201542867,0.009867473015538126,0.019666325939190002
240,0.06841830201351216,0.7729415569776749,0.10803616405951572,0.017087989328557453,0.03351598762073974
241,0.16982179524663413,0.6874328729691184,0.09426968529875618,0.016860992898433312,0.03161465358705801
242,0.02281427081225402,0.9161070390101569,0.048247842347490556,0.0053301347093332304,0.007500713120765435
243,0.021312229461418645,0.8184557895737292,0.1470977759807099,0.002743391172138957,0.010390813812003347
244,0.08456518078593035,0.690231284372908,0.19407944810176844,0.005646035972567456,0.025478050766825654
245,0.007742336421216119,0.6935058400291295,0.29421213738869506,0.00030743407700939223,0.004232252083949902
246,0.009459827768615342,0.5221719414939976,0.455978100780372,0.00035799133435164386,0.012032138622663327
247,0.00500425696687111,0.25774427843456493,0.7341382088880202,0.00010313183494612931,0.003010123875597627
248,0.0005570136051100589,0.10740812431627196,0.8907593320358046,7.10149353513135e-05,0.0012045151074619618
249,0.0006749776969158074,0.0777765874790675,0.9207541500660387,4.4208337411707346e-05,0.0007500764205661567
250,0.0007836164467204738,0.10189577907098693,0.8963767135823584,5.308773117158496e-05,0.0008908031687626343
251,0.0005586257684003425,0.06469899953322106,0.9340678493475362,2.6303432328625433e-05,0.0006482219185136463
252,0.00038522016449141563,0.09672368766311791,0.9021282663439695,1.995636305749946e-05,0.0007428694653637513
253,0.0012873177285867162,0.11888362455912879,0.8778740365519947,2.537020474544052e-05,0.0019296509555442993
254,0.00274242996487798,0.11633495326975392,0.8773544800956726,2.560615456886535e-05,0.0035425305151267007
255,0.0035169152914559234,0.13183505790639508,0.8605883422780776,3.271838289797239e-05,0.0040269661411736195
256,0.10949934805094784,0.731672547596635,0.14583380758806036,0.0007900171790981019,0.012204279585258682
257,0.008802629827987643,0.6652580841568339,0.3193721329766691,0.0002685946451090422,0.0062985583934003836
258,0.00524959426201572,0.2705763058256641,0.7202410603454356,0.00019370645501087813,0.0037393331118737104
259,0.002422218470201175,0.27055273996460244,0.724130878884718,7.708440203268054e-05,0.00281707827844583
260,0.0074277956402267874,0.3349750859405976,0.6542566549393741,0.00023805500340487223,0.0031024084763965434
261,0.0026366870835971314,0.20615299654579697,0.7889891763052755,5.4263233248975986e-05,0.0021668768320815303
262,0.0021735356816379677,0.16431932341476374,0.8318799834957044,5.688112853133291e-05,0.0015702762793625487
263,0.0005568868941661792,0.07009473208843674,0.9286773662799136,8.701555077242996e-06,0.0006623131824060177
264,0.00045734708237020157,0.037300381498647506,0.9606395504043691,5.950140504754144e-06,0.0015967708741082972
265,0.0005564861988640213,0.05628899544959582,0.9419371607372414,1.8852434375626456e-05,0.001198505179923307
266,0.003981831821225447,0.06563670948161285,0.9265970719755179,4.422126251829694e-05,0.0037401654591254865
267,0.005466897606545446,0.4915184424954282,0.4989418810092367,0.00010118042093635237,0.00397159846785344
268,0.0004332405537897729,0.07234320974313149,0.9266049906706375,1.8374476269047384e-05,0.0006001845561720833
269,0.000440057088588368,0.032970029063004586,0.9662149158946478,1.5209274201870165e-05,0.00035978867955746563
270,0.00025854736046287963,0.03742669758486931,0.9619441867080935,7.311582326826563e-06,0.0003632567642475431
271,0.00010410000889839268,0.0099033558756769,0.9897245462392669,1.8182936950155233e-06,0.0002661795824629443
272,0.00010380521802061544,0.010571536363814237,0.9889018355442394,2.570403364969756e-06,0.0004202524705609441
273,0.00037446378723827864,0.02356143792068949,0.9748156759593953,4.873050034905661e-06,0.0012435492826418004
274,0.00016410206208155003,0.014568249586542271,0.9838567529983602,6.163201724038137e-06,0.0014047321512919285
275,0.00019593943647205518,0.017722503131211653,0.9801963689901354,1.927311030995627e-05,0.001865915331870852
276,0.013219629241514878,0.19927074443432122,0.44426616579081485,0.0014649524610208392,0.3417785080723283
277,0.03146889433458146,0.4162315897308546,0.49201516959990926,0.002081082528982049,0.05820326380567257
278,0.3336394316615291,0.6174160204526244,0.005183460420976394,0.00427133149190182,0.03948975597296835
279,0.3857951340288898,0.5728178397975703,0.004996891241547052,0.0007037180849633406,0.03568641684702929
280,0.06001531070904491,0.893723463630013,0.03378220918080588,0.0008655857301938522,0.0116134307499424
281,0.059548191093055695,0.8949672596087211,0.03335032004084062,0.0014354815954265197,0.010698747661956122
282,0.07571484712085466,0.8909768275597322,0.012186061848152381,0.008208380983216617,0.012913882488044
283,0.01438983424212834,0.9411459423605149,0.025820983433765217,0.009862604021659583,0.008780635941931776
284,0.10366373731858154,0.8032908592386181,0.0010453037176968586,0.07083887285049884,0.02116122687460469
285,0.006985486227360312,0.977929246474243,0.0046166880187668196,0.007391585336846168,0.0030769939427837613
286,0.011639526159649775,0.9720614257056743,0.005156066927323243,0.0058813508694171256,0.005261630337935448
287,0.14125591145452385,0.7887317321183458,0.0022492076325184586,0.021955198081603965,0.04580795071300786
288,0.03932388100209188,0.9184001285413113,0.002101999071859601,0.03504481908546089,0.005129172299276548
289,0.04468657885083125,0.923134906263111,0.002463659985005226,0.011329330458879761,0.018385524442172698
290,0.0946991224420863,0.8673754631831861,0.0017966749642921499,0.011727359711791728,0.024401379698643737
291,0.04793726797289731,0.9179208870893307,0.003641267950252735,0.009143662374740819,0.021356914612778603
292,0.12180416161358672,0.8505729276857643,0.003342797077868003,0.008739505874550805,0.015540607748230186
293,0.08032070885499812,0.886396216003278,0.019464564708270474,0.0024188510840641568,0.011399659349389073
294,0.05938091401351144,0.9217290378914498,0.010570367845613285,0.0017247907338412947,0.006594889515584
295,0.10180581857159993,0.8862265410681147,0.00345024708665707,0.0027427602245072486,0.00577463304912097
296,0.01616042145136688,0.9647177148474569,0.015769599924449967,0.0010676964419239281,0.0022845673348020528
297,0.009872024799437107,0.886855149464559,0.09589005555736517,0.0008426004779977024,0.00654016970064104
298,0.020385793970030715,0.9278108258398409,0.04460500054436426,0.0024156508456312214,0.004782728800132804
299,0.013704742083077858,0.8987559319721392,0.0821635269141187,0.0013088500161176281,0.004066949014546619
300,0.041219008026355655,0.9147177075553471,0.03203303696931959,0.0009369693134033554,0.011093278135574312
301,0.015025299288632546,0.9520105588514998,0.03087264492054254,0.00039189727662285645,0.0016995996627024949
302,0.012747787551632394,0.971918139401635,0.013730231099007272,0.0004049245817006253,0.0011989173660247633
303,0.007272775780001459,0.903964945938072,0.0864357554347999,0.00023342021068320618,0.002093102636443518
304,0.006867274775007426,0.9147169631291662,0.07476740083419783,0.0003439660454379115,0.0033043952161906876
305,0.006276385027744606,0.9526841982217629,0.037619362269448224,0.00023035852412276066,0.0031896959569213536
306,0.0018232127187258007,0.45067286943834783,0.5459295728537202,0.00012879556189001465,0.0014455494273161989
307,0.003624942308599297,0.4267986427113963,0.565645629281007,0.00037335023339236955,0.0035574354656051103
308,0.0054561676688368276,0.43218990198497487,0.5565271016051804,0.00088803042764484,0.004938798313363205
309,0.004318843650847274,0.7456218987453201,0.24606094350435825,0.0013947405932113383,0.0026035735062629444
310,0.03192565001602902,0.3328126429956113,0.6122035855821225,0.006628557840890359,0.016429563565346934
311,0.4771297626684886,0.3529835409080354,0.001977828754159202,0.00785717543518298,0.16005169223413376
312,0.0731834936771527,0.874607522470446,0.03979776774701984,0.002310543302345723,0.010100672803035742
313,0.21287249214165477,0.7023085120631519,0.02385864939083714,0.0019387213405078014,0.059021625063848386
314,0.04422540853242396,0.9335491910105069,0.009818835150011156,0.0021459928581588888,0.01026057244889913
315,0.012763228027206728,0.9231645336060016,0.047858757726381346,0.0034140329700664634,0.012799447670344005
316,0.16909895646354647,0.38904661111143174,0.008792729704383169,0.023417217625353495,0.40964448509528517
317,0.17860167734429244,0.6311470850485067,0.005411931059285618,0.0502679119627089,0.13457139458520628
318,0.4113192916701838,0.4511915962435384,0.00022775100321303568,0.095736626437465,0.041524734645599935
319,0.11244830194639759,0.8638958071845317,0.0052705332940867254,0.005795822914653546,0.01258953466033023
320,0.3200369813674139,0.4186386808145708,0.0005031886610144823,0.008586040977483,0.2522351081795178
321,0.07813236112013991,0.8949693910648215,0.008604113193002708,0.0029245263032622844,0.01536960831877369
322,0.021031091616568583,0.9330346091850692,0.036861689112347884,0.0012874921898385207,0.007785117896175656
323,0.06732892616683413,0.8767768611792389,0.04171849916089333,0.0011424167632707414,0.013033296729762797
324,0.01119372988670798,0.9631321781055299,0.022337880761502886,0.0010346343388802322,0.002301576907379109
325,0.014968342277079041,0.9476774294278627,0.033784575469044044,0.0009268326809399059,0.002642820145074141
326,0.005908005871498066,0.8921245594223528,0.09941990515906157,0.0003585246014819149,0.0021890049456056203
327,0.007966866256014591,0.807908379009682,0.18106198002185536,0.00037012718279089336,0.002692647529657261
328,0.009010436027250861,0.8477180080290788,0.14025416102877503,0.00035871051559362713,0.0026586843993015893
329,0.003910895296480705,0.7779394774298021,0.215737735630942,0.00028219059910920586,0.0021297010436660494
330,0.0054505958128329745,0.5124698541088222,0.4770334408111731,0.00081089309922778,0.004235216167943977
331,0.0062830151927426,0.5026784852877461,0.47991078417645733,0.0007278430891579916,0.010399872253896074
332,0.0440045198910558,0.7446258342235725,0.19309167940855818,0.0021304750781632885,0.01614749139865008
333,0.06178591186051795,0.781594415315095,0.13780235108751024,0.004236894488148049,0.014580427248728751
334,0.015410432942055838,0.8780779146295568,0.1015445206586822,0.0010341431935383585,0.003932988576166832
335,0.0064207829737680825,0.7805193938404215,0.2090850203246839,0.0007305120213382121,0.0032442908397886184
336,0.030739538698605823,0.7778917599121759,0.18032723296933964,0.004457286965286091,0.006584181454592535
337,0.0329092964674142,0.7820047988347387,0.16288401953116985,0.0052012741638361145,0.017000611002840966
338,0.03517312728846644,0.8761522888546389,0.06715874149649405,0.005006227200359785,0.016509615160040816
339,0.008675081588060417,0.8110778980875875,0.16849326295414768,0.0017605789612313546,0.009993178408973246
340,0.03746226963466138,0.6914395366449304,0.22372214542882438,0.0055414582008903755,0.04183459009069352
341,0.28915417429181917,0.16462759122567416,0.015696151276930345,0.012870081499566824,0.5176520017060096
342,0.31026018006460426,0.5326767346681903,0.02891987609247501,0.016721604316229148,0.11142160485850132
343,0.18941999955814345,0.7211906666639674,0.03487416098979489,0.006654574716511794,0.04786059807158254
344,0.48985568823193787,0.2836360607620453,0.007040913045225236,0.007604706530532939,0.2118626314302587
345,0.0857961965548366,0.8692972206175514,0.0209587155381803,0.007508556575911612,0.016439310713519773
346,0.4395100587577178,0.43359073732500186,0.008799633238056222,0.025060658145804084,0.09303891253341998
347,0.20161563673287786,0.7682851858137114,0.001240704620461072,0.014662711503286584,0.01419576132966298
348,0.007917871101353056,0.9539989513099407,0.034239660699338134,0.0013071593509011955,0.0025363575384666653
349,0.01850513990683401,0.9528602677987393,0.0196137517004256,0.0017808081830784643,0.007240032410922545
350,0.008586675883116606,0.8935889864183456,0.08563491341753078,0.002381817456412469,0.009807606824594485
351,0.005980668036088441,0.762801377255413,0.22085846379260515,0.0035769671774379297,0.006782523738455648
352,0.10316786109515233,0.32552499305894994,0.0044080752246447585,0.00502352655305405,0.5618755440681988
353,0.5999862933155246,0.18456399713307925,0.002751890222092923,0.0043934470920109344,0.2083043722372924
354,0.4263589816730344,0.5305155444542085,0.009843817461008734,0.004970673021238349,0.028310983390509897
355,0.17301580502308567,0.7421984667169368,0.0573547728284417,0.0010799430695696754,0.02635101236196626
356,0.11956276580789048,0.8523617444474071,0.011320612343866302,0.007595838185100626,0.009159039215735468
357,0.012860552255441571,0.9321035761071145,0.0425007394681026,0.00518909379577049,0.007346038373570677
358,0.32274664305257167,0.4820993388709173,0.002032643640658959,0.06520083280518411,0.1279205416306679
359,0.019596878387312944,0.9347938124622784,0.03514621320267165,0.004407344519195892,0.00605575142854125
360,0.13017701145159674,0.7907864253170486,0.018443563721463427,0.012131397741785723,0.04846160176810565
361,0.4701136533953968,0.41495290277896263,0.005455995456182183,0.011193141592804379,0.09828430677665385
362,0.06369538462955464,0.9196373794159398,0.0021263778947017563,0.009398389777347811,0.005142468282455839
363,0.14282256587026543,0.7856340943681583,0.03960344940925854,0.004542298945376369,0.027397591406941205
364,0.06848353374514653,0.9089968593096511,0.014544843303884097,0.002474536664082088,0.005500226977236237
365,0.012789824083267617,0.9479577433775513,0.03492277003611538,0.0007800289343451555,0.003549633568720658
366,0.08084706799343325,0.8445328445448945,0.034998681417979155,0.0010819998791427566,0.03853940616455028
367,0.033699879691801105,0.8556965985296768,0.05624633648618521,0.001082868642673915,0.053274316649662985
368,0.08217675626647886,0.8904008400251826,0.013114345539212252,0.0007143219071684626,0.013593736261957767
369,0.030582752518342984,0.8678692688010367,0.09087804607384578,0.0006093315460409202,0.010060601060733261
370,0.01099866131646601,0.8603104933111569,0.12200269991967434,0.0003717092728108461,0.006316436179891751
371,0.0211302947388553,0.9028850165050888,0.06564921626357101,0.0011766559128326584,0.009158816579652314
372,0.008292625989133879,0.8007635055909584,0.18151392619683396,0.0008604180090956953,0.008569524213977974
373,0.011658024918105579,0.806308952616896,0.16724973597251244,0.0012108747832945091,0.013572411709191655
374,0.01070288047376735,0.7712332688813794,0.20213673992192277,0.0028304542236261836,0.013096656499304157
375,0.04126560192784378,0.214874836181062,0.07641369106869039,0.0038893251456059656,0.6635565456767979
376,0.04020717150401663,0.024622600866402646,0.0055457632137996815,0.001079374552999742,0.9285450898627813
377,0.715500881224061,0.15063254799184458,0.0034008690926311215,0.0032107540482247485,0.12725494764323847
