epoch,N1,N2,N3,R,W
0,0.006687727717867821,0.00033314414554445535,1.6398708181259269e-06,0.0004983132342336236,0.9924791750315359
1,0.001977625946738017,0.00014866646199813654,1.2830800641102442e-06,0.000304849341592828,0.9975675751696069
2,0.0018794984183851662,0.00014915711397906124,6.777878003363861e-07,0.0002935574898524274,0.9976771091899829
3,0.0030007033914537006,0.0002002335492713814,1.6823554071840585e-06,0.00022715640725971608,0.996570224296608
4,0.0009045769638478927,0.00012250211419927303,5.371825603673442e-07,7.571284977655157e-05,0.9988966708896159
5,0.004850555931859041,0.0006009068843624342,2.0690829709661542e-06,0.00027586032503172674,0.9942706077757759
6,0.004348538919898874,0.0005101545419074055,1.6768296908162398e-06,0.00016535314098882896,0.994974276567514
7,0.0038003969098482906,0.0003250423362320256,1.3799491312738224e-06,0.00023323742956623666,0.9956399433752222
8,0.008757995596668663,0.0006119226741332713,2.2932737362348523e-06,0.00026492552009769056,0.9903628629353641
9,0.0033911658752085864,0.00022164502699266737,1.583684993919997e-06,0.00016472897603717868,0.9962208764367677
10,0.0021315153205797954,0.0001059832043216013,4.997175256552419e-06,6.913956090708203e-05,0.9976883647389351
11,0.002370768875143279,0.0001130651866191726,1.1181362492331209e-06,9.239787838649684e-05,0.9974226499236019
12,0.0041781307866712285,0.00016394297066090542,1.4135295982686427e-06,9.276547826638472e-05,0.9955637472348031
13,0.0446334567964406,0.0008524836889198058,5.225427367533574e-06,0.00023881023114533483,0.9542700238561268
14,0.04089501483476074,0.0010007945585456936,1.8080004437733302e-06,0.00021329354851998652,0.9578890890577298
15,0.009614010713983568,0.0006969336199854116,2.6881879274830687e-06,0.0001834857017335659,0.98950288177637
16,0.05081122585961564,0.0016465998046942176,4.528296726769369e-06,0.0006702748549568117,0.9468673711840065
17,0.05985433455593172,0.002294348512657603,8.332367550790555e-06,0.0006986006702203779,0.9371443838936395
18,0.12202716367619042,0.00530709785926855,1.3620871911188164e-05,0.002843603393885393,0.8698085141987445
19,0.123816817298157,0.0032919970004188456,1.2563940739537906e-05,0.004297966589647212,0.8685806551710373
20,0.035062575516082446,0.002072107737524263,4.249784605861273e-05,0.001903839463715438,0.9609189794366192
21,0.005892374733254743,0.0009802369036332392,6.4026013983000425e-06,0.001627720132560726,0.991493265629153
22,0.030476128039289438,0.000745359315564322,3.8124476001084723e-06,0.00239713695080626,0.96637756324674
23,0.03272238807994895,0.0034430500183998554,2.7961539312761444e-05,0.0010307420431326984,0.9627758583192058
24,0.28893978958362754,0.008267636027215622,1.1228148462363198e-05,0.0016024988026671393,0.7011788474380273
25,0.42791044708243564,0.01957027292948483,2.083631552498616e-05,0.0018935175995581997,0.5506049260729964
26,0.3404894955289428,0.13713397772819266,0.00011221742094856547,0.013799335929731385,0.5084649733921845
27,0.6160374757529364,0.12618857527167684,6.580439780730349e-05,0.023943026012662513,0.23376511856491708
28,0.2054433750155917,0.3088554560195745,0.0006420320958898737,0.011942908058141638,0.4731162288108024
29,0.0908469483276241,0.5260318598615807,0.0005288671973231865,0.00504811298706768,0.3775442116264042
30,0.17779258926700695,0.29965314747585464,0.0004776801937582474,0.029876368998802617,0.4922002140645775
31,0.10466933332171117,0.6264124644205578,0.004465942714570498,0.006873240168572637,0.2575790193745879
32,0.04081358810446811,0.5619912836772069,0.011806894449164659,0.0021417413361661483,0.383246492432994
33,0.07604260075498825,0.3056605921439969,0.003938640538918008,0.004210307472994978,0.610147859089102
34,0.10188759948959489,0.2648488591480978,0.001520212797723467,0.007264038726856527,0.6244792898377273
35,0.0081142785808347,0.04342333983328407,0.002216394230955996,0.0005540673814126579,0.9456919199735124
36,0.007923163540801947,0.0029677803650815376,2.5025100282235486e-05,0.0005649300185356308,0.9885191009752987
37,0.0018125782307159483,0.0009698880797800544,2.954873004108465e-05,0.00023303584826281552,0.9969549491112002
38,0.0013596711183231653,0.00016272863826236988,9.724754926044292e-07,5.1937719884634584e-05,0.9984246900480374
39,0.004066568715044242,0.00034462319925697584,2.428182167490065e-06,0.00010280072678810328,0.9954835791767432
40,0.0017818366407716247,0.0002051007976661144,9.491941107550801e-07,0.00011440145962576855,0.9978977119078257
41,0.001233477055103263,0.0002062486501962676,1.2908675439810413e-06,8.210793946947249e-05,0.9984768754876869
42,0.004503769395388412,0.0012692192822740518,3.6072464711783158e-06,0.0003225922647931221,0.9939008118110731
43,0.0031380652947003433,0.0007677436012795864,2.4293832763971664e-06,0.0001610889968441712,0.9959306727238996
44,0.002470026288783531,0.0005051130748272627,2.5941391330784275e-06,0.0003598565195547563,0.9966624099777014
45,0.004416725310962835,0.0005013040032649222,2.2786505899181923e-06,0.00027600209242112394,0.9948036899427611
46,0.012031460795969805,0.0008392316806051431,3.0921579881385757e-06,0.00022901899729662475,0.9868971963681403
47,0.003698873504588307,0.0007257561497342959,2.547223443006036e-06,0.0003686758664177207,0.9952041472558166
48,0.0012210649490677103,0.00037893664887437835,2.218716484094242e-06,0.00015080166967378864,0.9982469780159001
49,0.003054744798939897,0.0004056109685146492,1.9601237194175676e-06,0.00014133315781629218,0.9963963509510096
50,0.002579554722015597,0.0006096161071858307,1.7873831386304156e-06,0.00039398075691731837,0.9964150610307426
51,0.0052719139863979,0.0005584355182374839,3.0199229140004498e-06,0.0002721843570609962,0.9938944462153896
52,0.0017845750655518548,0.00024911565234996404,1.1414584047086552e-06,0.00014000646203157668,0.997825161361662
53,0.019835979206266046,0.0010439322798359886,3.0395361057617374e-06,0.00041347728316939986,0.9787035716946227
54,0.003344167416047011,0.00046877250123614363,2.1460309402055904e-06,0.00021199275868622554,0.9959729212930903
55,0.0050016247847664685,0.0003799467395381454,2.1983063997546337e-06,0.00016319739190633742,0.9944530327773893
56,0.028291041997383304,0.0006138873364136615,3.4894501828562357e-06,0.0002072497859589457,0.9708843314300614
57,0.003608914828487183,0.00018468056468411135,1.0289981314353964e-06,5.508773121148024e-05,0.9961502878774857
58,0.10067246207668491,0.001284574696906893,4.738117622764383e-06,0.0002745125183764664,0.8977637125904089
59,0.27083920586228727,0.0035692093853947446,2.7438085704527704e-05,0.0007091545728099046,0.7248549920938034
60,0.25501989007584824,0.011392420242772672,0.00022285428947413252,0.0008752172606595801,0.7324896181312452
61,0.3856196264731302,0.020689698111829212,9.757146413301851e-05,0.010319191122555057,0.5832739128283526
62,0.29958418866742276,0.06570717617511357,0.00031308655151017294,0.03116801185182938,0.603227536754124
63,0.5069998093851266,0.11586127406844249,0.0001931285679924336,0.05675360872714641,0.320192179251292
64,0.4424274002746446,0.2112164734154577,0.0007753172468006478,0.026006000618998232,0.31957480844409875
65,0.4692195235748026,0.18012710839875168,0.00018903485724438906,0.17276342421365015,0.17770090895555116
66,0.286465642888565,0.5007959972582414,0.0031563891132694957,0.0178371424759123,0.19174482826401176
67,0.2429790926050532,0.6149486494204561,0.01479594260519359,0.06618304077545172,0.06109327459384546
68,0.09108532134904038,0.8509006954972743,0.03492326609520365,0.004416170714320291,0.018674546344161328
69,0.30066653293982365,0.5913759070150546,0.0006273786050086214,0.009197097112594697,0.09813308432751838
70,0.22481035437756336,0.7318000626334574,0.019550602549653063,0.0013645098660845692,0.02247447057324149
71,0.038611058326323375,0.8967950766297139,0.05827092904344054,0.00024174726091536443,0.006081188739606941
72,0.06357064581245364,0.820287644167039,0.10583585218672129,0.00025532687934898637,0.01005053095443712
73,0.09916262534052611,0.8548700081928793,0.023467312272799384,0.0016807993089057256,0.020819254884889508
74,0.028455797158843485,0.884641208032568,0.07005784465207872,0.0005243556022919319,0.016320794554218084
75,0.11171518112225695,0.7173068904270068,0.10725860554328442,0.0008522467298041386,0.06286707617764772
76,0.24900607213672982,0.6615551023516323,0.021468386760810244,0.0012208981301861732,0.06674954062064148
77,0.1265275802814389,0.6809020120883599,0.15214557877623558,0.0010071288040068762,0.03941770004995881
78,0.07008936420312735,0.7242601164389656,0.17658849275904565,0.0005307704575331753,0.028531256141328166
79,0.031970285371533784,0.5690665325653416,0.3744253878916383,0.0005025330646990925,0.024035261106787227
80,0.004979595562405965,0.35297219159257903,0.6350387802121549,0.0002477349054071783,0.006761697727452922
81,0.012479366869049751,0.4311132237632412,0.5439620780592609,0.0004561587521555695,0.011989172556292678
82,0.00753415649926961,0.41817011544278476,0.5663479158403887,0.0005400164308113613,0.007407795786745536
83,0.021472390671855315,0.22220409091791865,0.7304875778394389,0.001056184681206935,0.024779755889580254
84,0.02508013322475226,0.2767556360258273,0.6427806083062899,0.0020800049342350004,0.05330361750889567
85,0.03757895083893389,0.2914904144199145,0.6130985133382215,0.0031154242692460897,0.05471669713368404
86,0.015004934932586086,0.164021058493722,0.780190826522017,0.0015382035113530913,0.03924497654032195
87,0.0920320987652934,0.0371421152031315,0.004295821275720356,0.0084111313288288,0.858118833427026
88,0.19302161964327105,0.1474874839807642,0.001386345597387433,0.027123701452247514,0.6309808493263298
89,0.007178216932244355,0.003717369568895039,2.5320142901906032e-05,0.0013658480204426372,0.9877132453355161
90,0.026459830946958487,0.012917388580916222,0.002040932416722138,0.002057293728408027,0.9565245543269951
91,0.008069427496105544,0.0011993530900037785,2.2421328998971496e-05,0.0003560635861072826,0.9903527344987844
92,0.0286271711904393,0.0018971052720040795,1.2263537103787926e-05,0.00048162692835248947,0.9689818330721003
93,0.053348911991166786,0.0023444881816582592,1.0199774832576652e-05,0.000456555004531505,0.9438398450478109
94,0.5826949625097838,0.04299832493560145,0.00016571750050900676,0.0019527502443691517,0.3721882448097367
95,0.6326253518157728,0.06701634000377378,0.000274138767155356,0.0015313399105341737,0.29855282950276385
96,0.5274277991709958,0.32857465683646203,0.0003287961098574593,0.004670253586983353,0.13899849429570138
97,0.13739497525950675,0.6568917090594052,0.024506058473553076,0.003120037542334904,0.17808721966520002
98,0.1835523911791163,0.7224774378722858,0.004461660490570031,0.002485696903150954,0.0870228135548769
99,0.08924113261318437,0.8564367112599377,0.016000115515345602,0.002260546746982207,0.03606149386455021
100,0.1808025281214764,0.7663266153795266,0.0025235358997624914,0.008318234492244751,0.042029086106989716
101,0.055444641263352704,0.8713747398263438,0.057849782797630714,0.002108868434860306,0.013221967677812448
102,0.16877572803814792,0.7014445287230681,0.0026163541475544595,0.0017043884334676986,0.1254590006577619
103,0.1941134398366723,0.6707019523546979,0.015416358674113218,0.0017377526413134778,0.1180304964932031
104,0.05262059386584339,0.8804697598482891,0.05468404035703346,0.0009037939650043947,0.011321811963829736
105,0.055239819160014234,0.6633009819939066,0.2618856543831175,0.0005501707525634373,0.01902337371039809
106,0.020666666537237453,0.7846998030416201,0.18789109747456922,0.00044210522112500094,0.006300327725448347
107,0.025992382648175803,0.5882372327128343,0.37723954800048953,0.00042336013506068167,0.008107476503439678
108,0.021664293044396793,0.5194614067638316,0.45006809862423197,0.00045329799197202386,0.008352903575567654
109,0.0075520825866907835,0.30792475387155377,0.6784610335963178,0.0001215572875331918,0.005940572657904288
110,0.008167298680476368,0.2399695295077004,0.7476961290693649,0.00019370748799988618,0.003973335254458392
111,0.004097471067834329,0.20478060508554893,0.7868456382728253,6.343943501865863e-05,0.004212846138772726
112,0.002472797751023126,0.09222202164160613,0.9016203252117024,6.174995517837801e-05,0.0036231054404899585
113,0.0010561326277924697,0.07163450343884382,0.9258554005942767,3.18122168580731e-05,0.0014221511222288008
114,0.0009600283440618085,0.08374620353470572,0.9137878701181475,5.9959956594186736e-05,0.0014459380464908003
115,0.0005707552944004046,0.025607079773606756,0.971539355484992,1.9229849158015742e-05,0.0022635795978427175
116,0.000601506488671932,0.041920427998634754,0.9562506848883274,3.7527265046537975e-05,0.0011898533593192905
117,0.0004062806223968056,0.02612068558354325,0.9725738093931224,1.2818639652696662e-05,0.0008864057612847831
118,0.0006410737105961728,0.029296320383567605,0.9677084250196655,2.7169094514827246e-05,0.002327011791655937
119,0.00013616727562211847,0.018038998702518683,0.9810032122733762,9.10973672081793e-06,0.000812512011761948
120,0.0002822303008117396,0.019360782065074227,0.9775919606296665,1.013592280951101e-05,0.002754891081638058
121,0.0006457154911036322,0.028760408353500334,0.9690428410974092,2.2057199187204537e-05,0.001528977858799457
122,0.0015488270350400867,0.06126050884479853,0.9336496351665555,6.686187125064554e-05,0.00347416708235542
123,0.0003480842852183093,0.018981724030758373,0.9789582049008178,1.7605824922751593e-05,0.0016943809582828573
124,0.001464281986785833,0.04888348993499175,0.9477671204153846,4.4173776130352206e-05,0.001840933886707495
125,0.0009492717930808056,0.03994598619150461,0.9574533217419912,3.936568308332406e-05,0.001612054590339981
126,0.00027591216534515186,0.02861345887733405,0.9700984252838623,1.2320510162606352e-05,0.0009998831632960809
127,0.00016630372618658357,0.022859461415144066,0.9760345700604905,1.2226478583111701e-05,0.0009274383195957576
128,0.00018234601271348899,0.017308388900034204,0.9806893523449588,9.338355560702239e-06,0.0018105743867330218
129,0.0007809994542272424,0.03431259627455744,0.961708947768355,3.865963104889966e-05,0.0031587968718113156
130,0.001782396822659647,0.03300243187056641,0.9605023584217708,0.00020655487866201306,0.004506258006341203
131,0.00335670398876433,0.10732542415747588,0.8786118660985266,0.0010559286170572632,0.009650077138175851
132,0.013908387752941868,0.2556085231056457,0.7080582646925714,0.003987956074870396,0.01843686837397056
133,0.04565306526569592,0.3260773412281232,0.5546247856858001,0.012697963407033514,0.0609468444133473
134,0.0352552868496975,0.2763890075945332,0.5899159327816333,0.013931145529603197,0.08450862724453277
135,0.007395192995503418,0.0041314738767283254,0.00012578957958081554,0.0012190743920753035,0.9871284691561122
136,0.498980613401661,0.08044478400344687,0.0003616313822641626,0.02651683007318683,0.3936961411394411
137,0.4700097246540111,0.30711762185379793,0.00041506490884836146,0.023195091225721005,0.19926249735762164
138,0.41659537335802166,0.017099895296750756,3.149063656611827e-05,0.0036859762130058093,0.5625872644956557
139,0.4991197597111994,0.2922885102904409,0.0007996750009311998,0.04452867979301398,0.16326337520441467
140,0.37439146442594634,0.4650920605452175,0.0010071245573093671,0.0930143481608111,0.06649500231071578
141,0.23417821989675383,0.6415604165644081,0.003489343342575555,0.09961048203212147,0.02116153816414104
142,0.20233484779692942,0.6032812330248114,0.005155492107576171,0.09728367415341921,0.0919447529172638
143,0.11727097188281019,0.37543636033083755,0.00034524252803108,0.4979490431928839,0.008998382065437285
144,0.34891425750326455,0.44770726037870323,0.011682343992898248,0.14151637304493134,0.050179765080202714
145,0.2313829585960073,0.7040854569956517,0.0060064304941556705,0.03110911065857024,0.027416043255615093
146,0.4056072469321311,0.528878776995033,0.0028204109877642274,0.030338549799680037,0.03235501528539147
147,0.04899813907173999,0.8850077246471283,0.05429183665748332,0.0034729855592675867,0.008229314064380853
148,0.039981778091620464,0.927803014173366,0.02136938897689622,0.005717495666719221,0.005128323091398361
149,0.027288247913176952,0.8316855279574651,0.12925090808482173,0.002952022230500343,0.008823293814035857
150,0.05099168713266931,0.7784093391282544,0.14764670402921548,0.009489721759737117,0.013462547950123699
151,0.04612246583282437,0.7856341856571882,0.156154714595058,0.004558166002002328,0.007530467912927036
152,0.07838255802355283,0.8510788401953507,0.0465670050932061,0.005141878984810476,0.01882971770307996
153,0.07522135513966065,0.8813876915446804,0.03289706989062345,0.00196949269816481,0.008524390726870563
154,0.016024116303814406,0.656513274930443,0.32435365066515265,0.00031160610230546317,0.0027973519982845345
155,0.009632620919360405,0.38572859093010203,0.5986437011220778,0.00025486263536522377,0.005740224393094552
156,0.010502724905099427,0.24739608783724504,0.7371962170651314,0.0004570281185280401,0.004447942073996271
157,0.013261256687616928,0.37678734629015487,0.6040016991477875,0.0007337576235574572,0.005215940250883303
158,0.008125633527694218,0.296334901020226,0.6913633162119294,0.00034841959148047927,0.003827729648669988
159,0.008169351770618147,0.2305158270810464,0.7536705476514376,0.0007063617288452593,0.00693791176805242
160,0.015624723387320185,0.6490455746042623,0.326854538657153,0.0008280867308267263,0.0076470766204376995
161,0.006795539770959056,0.29423531284047333,0.6933028424244086,0.0002660207600127348,0.005400284204146327
162,0.005169349504515212,0.5819838866716314,0.41001862347461915,0.0002019606211227576,0.0026261797281116766
163,0.0038173697359811347,0.208135375530512,0.7837863372893956,0.00011820864927359358,0.0041427087948377374
164,0.0017337993133882804,0.13274276387059752,0.8629681522877521,0.00011037080357269958,0.0024449137246894755
165,0.004944798450351686,0.26422560153017144,0.728201794136181,0.00032162300315570486,0.0023061828801403026
166,0.0011935467550153432,0.11283000915327747,0.8826571493875044,0.00012423734629262977,0.003195057357910038
167,0.001264219154043512,0.08338448779723584,0.9121769349243811,5.90486464249668e-05,0.0031153094779145423
168,0.002865823464643327,0.1342031250196899,0.8581811788786906,0.00013676433660483715,0.004613108300371424
169,0.0025529361886647605,0.07333289681501608,0.922492108022394,6.725661854008055e-05,0.0015548023553849841
170,0.0005318128589515396,0.037795653558298684,0.9607543702186321,3.521962560822887e-05,0.0008829437385092545
171,0.0007279150809235635,0.05515937242612227,0.9421940660301542,3.526797398510416e-05,0.0018833784888147962
172,0.002584422961818187,0.11547691735196752,0.878266492899833,0.00020397565658629189,0.003468191129794864
173,0.0011757044583036909,0.03912612314304252,0.9568912123710874,4.8241898453031876e-05,0.002758718129113267
174,0.0036940743130043224,0.06536706262117706,0.9288467670344105,5.5783385076232224e-05,0.002036312646331711
175,0.0023614098070041316,0.0868436382996075,0.9070060655369289,7.013183675390584e-05,0.0037187545197056053
176,0.0019101143114081285,0.05794442076772886,0.935910907623897,5.81589947352817e-05,0.0041763983022306776
177,0.0018500730262639242,0.05334498974661316,0.9422312319708793,4.4576306234280814e-05,0.002529128950009388
178,0.0013516630181442473,0.02938613221217157,0.9649348623194132,8.411431462440468e-05,0.004243228135646673
179,0.001497634616524729,0.016266014637466707,0.5174578750493711,0.46150033873894375,0.0032781369576936436
180,0.0006720979328079347,0.022036269578192453,0.963035093786125,0.0001861975749367654,0.01407034112793796
181,0.0020471236858336426,0.01836343921147909,0.9636597308425507,0.00027754849678616566,0.015652157763350282
182,0.14284607396139706,0.02403214607887067,0.0006617366071206076,0.009105888157507744,0.8233541551951039
183,0.22291239378900143,0.02437772239487713,0.0003600578639151838,0.029830660177414897,0.7225191657747915
184,0.2940856781402655,0.029531257799340987,9.842147233307121e-05,0.024874233790005213,0.6514104087980552
185,0.27785318283031507,0.07970925160505933,0.0007177242277588925,0.009083794208950356,0.6326360471279163
186,0.46940987590534217,0.33312140301885845,0.0006483933443863101,0.06269339903320408,0.13412692869820897
187,0.5329354030942491,0.32535747384461794,0.00072989075658491,0.05524811506245488,0.08572911724209326
188,0.4140270173222609,0.17788130300981192,0.0004355716991548533,0.06970786585151642,0.33794824211725605
189,0.28062879428363025,0.4742106927709699,0.010701018721774855,0.08043685021584002,0.154022644007785
190,0.3748358713262231,0.27930802506453756,0.0005500122252234115,0.30315015082984553,0.04215594055417034
191,0.20268271700354037,0.5150514449725533,0.002024523675571851,0.14009209923832228,0.14014921511001222
192,0.19928658483262485,0.3433590387549649,0.0003897638510318116,0.4053190331688265,0.05164557939255175
193,0.22804147267323263,0.5968142812810389,0.0004605494274494192,0.132439156983175,0.042244539635104016
194,0.37892921992581974,0.3877978078484903,0.0005357555095674251,0.10328322882784007,0.12945398788828244
195,0.19995374560049506,0.7392318374787732,0.00086289466893335,0.03789763842338052,0.022053883828417973
196,0.17488935289854848,0.7621857160169966,0.0003130689719058588,0.033894439185834443,0.028717422926714573
197,0.3797807846246616,0.5109686816972782,0.0006110693003653999,0.0867115124485139,0.02192795192918108
198,0.06169835192444635,0.8752561867076915,0.030669127877713316,0.021050113593011892,0.011326219897136912
199,0.10732199955588048,0.8422518431408565,0.005696570298028559,0.030672996135865774,0.01405659086936878
200,0.1868889466994811,0.7210195447896451,0.009157849959138578,0.062166271764070365,0.02076738678766471
201,0.13494597474776426,0.7915232680190628,0.02051829174295924,0.02239127436277224,0.030621191127441428
202,0.03535121613797589,0.892517966176905,0.056883477373707594,0.006655212197492896,0.008592128113918589
203,0.25712086721133576,0.6741171717283099,0.001895427270028904,0.04804260561876387,0.018823928171561467
204,0.017680737160429928,0.9447226049008494,0.03159957869630105,0.0024417061073801435,0.0035553731350393045
205,0.14374365569921901,0.8202673951660807,0.00808514290224153,0.011463139846436292,0.01644066638602235
206,0.07149468329842819,0.8971163677958965,0.009996037908519722,0.015093307093033212,0.0062996039041221955
207,0.10551148234943128,0.7985682860907907,0.040910159456264486,0.007751871960751286,0.04725820014276227
208,0.11295701646043556,0.8529457146402032,0.013118067179396758,0.007276948739088933,0.013702252980875603
209,0.05560541208058367,0.8987146644691629,0.02665474741207843,0.006289619148470458,0.01273555688970443
210,0.06334645531093834,0.907306940003624,0.013629114751539707,0.0065521300215301784,0.009165359912367724
211,0.07525916371164303,0.8754882457025509,0.02667434012555282,0.006613313387086589,0.015964937073166867
212,0.15365839544499726,0.7929546205557948,0.014065848581558288,0.01138971040373997,0.027931425013909553
213,0.08632021833314954,0.8852847879666993,0.007878623594338689,0.008224399553634191,0.012291970552178465
214,0.03262421990334014,0.8915305240073846,0.06156317203763319,0.004590300884984213,0.009691783166657666
215,0.11154561714120674,0.8422696537022201,0.016642339462359063,0.014011668621906646,0.015530721072307524
216,0.02419597976976272,0.8940231211829247,0.06653148891814725,0.0053219510664980225,0.009927459062667088
217,0.05165699567024567,0.9027320969113451,0.01835781674889553,0.015338272108447317,0.011914818561066347
218,0.09917617414984604,0.8373839465443873,0.023648680381259956,0.015624677348316381,0.024166521576190276
219,0.07568285153745682,0.8695818807691889,0.01771849619924458,0.014317947740957652,0.022698823753151843
220,0.06993559377052867,0.8514883578467499,0.05409244596640917,0.010583726027998022,0.013899876388313984
221,0.0956098262082898,0.8122765655081216,0.051733364196561965,0.01882727283125223,0.021552971255774447
222,0.1166028305795273,0.18513093154385268,0.005265734459020129,0.019603606470094823,0.673396896947505
223,0.3729580947421075,0.29009060526119185,0.0005723068742174647,0.026520800802757614,0.30985819231972556
224,0.13684679817734555,0.6545855079957571,0.010564619278903486,0.007848901256606913,0.190154173291387
225,0.26178053174098986,0.09522193593881227,6.624079812619286e-05,0.009201484645024537,0.6337298068770472
226,0.21633704203689386,0.4582736997547633,0.008283388473119572,0.011546485309811543,0.3055593844254118
227,0.25322489883620347,0.2655339187611448,0.003883215103881818,0.013311788916293978,0.4640461783824759
228,0.6749944974635763,0.23539338719931024,0.00033227374785839653,0.03336015731004778,0.05591968427920712
229,0.25849877703735,0.5842068268562084,0.0026906842714495677,0.0267428768570291,0.12786083497796277
230,0.12905658689895477,0.705076653523642,0.0028976641300376346,0.011158920714726434,0.15181017473263927
231,0.3580302194044744,0.36178709444103074,0.00046800142321830036,0.051393206953177006,0.2283214777780997
232,0.4961751445434415,0.09457104823722563,0.00028939360228438007,0.07112819783111991,0.3378362157859285
233,0.2372411560289764,0.617961806222211,0.0025852062678254047,0.02129729933618645,0.12091453214480083
234,0.13705043550370197,0.813164256217041,0.005171194654024504,0.020120201470812518,0.024493912154419976
235,0.07095451918112021,0.49801234428241226,0.0465074601216448,0.010885609075871633,0.373640067338951
236,0.32221357985221544,0.10350530086557438,0.00027256862435962064,0.03378447529771595,0.5402240753601347
237,0.03298805965750871,0.11339618028376157,0.0006039878848977051,0.007679068021514627,0.8453327041523173
238,0.12665150461916233,0.025520098367830302,5.935468841385071e-05,0.01336553182198437,0.8344035105026091
239,0.6462645874327516,0.17514951568063505,0.0003083734386294295,0.005518058861911942,0.172759464586072
240,0.2997183293228193,0.5324408895357894,0.0016386459796763596,0.0043004765539750465,0.16190165860773992
241,0.5218235318360346,0.4166793392628636,0.0027391103136264576,0.022344494549397447,0.03641352403807797
242,0.27192427465186275,0.5571578544284447,0.0016192800446523388,0.031329958482654116,0.13796863239238613
243,0.11207298044504928,0.7775451405423779,0.02638425335478915,0.010172121805539657,0.07382550385224407
244,0.11285825759733786,0.8554899029667711,0.005132341094337696,0.008709674293394849,0.017809824048158396
245,0.18161532816363735,0.7708661067759569,0.008547994880130205,0.023963466602584457,0.01500710357769112
246,0.060506234362670906,0.8918748128396374,0.019216936956530425,0.0025177592298772297,0.025884256611284066
247,0.32931108280391813,0.6342429340866158,0.000832227008404923,0.007754383724799894,0.0278593723762613
248,0.04283106478920677,0.890884348582698,0.053592883187528625,0.001318524983186441,0.01137317845738
249,0.05436230228132714,0.8926895938548016,0.04264773198879152,0.001588496503947516,0.00871187537113206
250,0.04944774703263894,0.9306600421538008,0.013170226313840811,0.0028800232870367353,0.003841961212682478
251,0.046808863994467605,0.8967429817005053,0.03716829759076759,0.004934309795001623,0.014345546919258089
252,0.03719312768301083,0.9009727185217805,0.052415977544893494,0.002768074489843522,0.00665010176047178
253,0.028636747938709833,0.8699202526365144,0.09378650677462991,0.0012825303754419766,0.006373962274703882
254,0.025605136079780776,0.7842632178749119,0.18138685040435418,0.0026227415335311156,0.006122054107422009
255,0.08595199048302479,0.8773794787127781,0.024305381049272927,0.0041022166031587206,0.008260933151765354
256,0.025212321145782313,0.7654137182778332,0.20357440583103417,0.0012519725842624217,0.004547582161087803
257,0.0291601551837831,0.9376639231760663,0.02381929205597597,0.004371627599789396,0.0049850019843851725
258,0.019373220442040765,0.7987057141339229,0.17058347917643193,0.0022152180781903064,0.00912236816941415
259,0.015812147716574843,0.6453392958707497,0.3116531321477223,0.018790114714613993,0.008405309550339015
260,0.017505196469241507,0.6151462888938157,0.32118965174373537,0.03502925251730161,0.011129610375905754
261,0.017448531203312946,0.28655718821517906,0.6368288122346336,0.04680486321836436,0.012360605128510213
262,0.12726856481774199,0.20252216187863076,0.004533601917036945,0.33390254182158263,0.3317731295650076
263,0.06865231046882297,0.04211210674164117,0.00013881054802144122,0.09312491450595774,0.7959718577355567
264,0.4072247864843495,0.10301781743029893,0.00024699066939217135,0.11339867800079312,0.37611172741516635
265,0.7705854073245696,0.050176462234663,5.442617779693641e-05,0.028748695758850664,0.15043500850411987
266,0.3379671092524577,0.5885443159975124,0.002475848634287372,0.04383008597402653,0.02718264014171589
267,0.2837681345561628,0.4564690681058337,0.0006200171072672415,0.16540978442324733,0.09373299580748878
268,0.29601769191737065,0.13801267969926415,0.0002595928663317944,0.3847930551177935,0.1809169803992399
269,0.038063148589150504,0.022411039838565766,0.00014167433667895332,0.029364949281307427,0.9100191879542974
270,0.5908915414213928,0.024853302981217077,6.597850510706762e-05,0.07859544388777509,0.30559373320450794
271,0.6810930835246884,0.10710770819352346,0.0005196408711660287,0.10894552914169689,0.10233403826892518
272,0.6048312100268761,0.04510693934044173,8.140810669421987e-05,0.06717497613178242,0.2828054663942055
273,0.42063200522406263,0.2060777439213487,0.0002853468416420567,0.20829156448532896,0.1647133395276178
274,0.38183216842838474,0.19975105095035162,0.0002956739128635505,0.3305149439173773,0.08760616279102287
275,0.5318826398058824,0.09820055059189561,8.728148559570516e-05,0.2973380150952562,0.07249151302136997
276,0.23511215262200694,0.43020424736950474,0.0005408517509983044,0.3082663781359589,0.02587637012153115
277,0.343540576094315,0.16287504636535174,0.00022003229665027108,0.4351248857365314,0.05823945950715154
278,0.2785029478418329,0.5264683652656882,0.00037804801935440157,0.1549885088030802,0.03966213007004423
279,0.08630097108202231,0.7923724266613212,0.0035406899960276064,0.07921197398106128,0.03857393827956766
280,0.2601700132175914,0.42948541202970447,0.0022233029259851925,0.24330574964569127,0.06481552218102762
281,0.13017514123005472,0.6692659164198305,0.0037902487902302584,0.15265772682660522,0.04411096673327925
282,0.0592383546648177,0.8306285261672096,0.04294916633496053,0.022677641744590953,0.044506311088421346
283,0.02661011526197935,0.025220659340041543,0.0008405334753172546,0.003636453721735311,0.9436922382009266
284,0.6323856163563281,0.23029684074122922,0.0003793165380033417,0.02760837800134407,0.10932984836309531
285,0.20969295871619703,0.6007722188576006,0.014364181667274002,0.016624246008881988,0.15854639475004648
286,0.24709633955763494,0.14652972976235196,0.001931022739679757,0.003977028495707387,0.600465879444626
287,0.6214747665539143,0.298387390680101,0.00033641419513800563,0.03161632036995177,0.048185108200894854
288,0.14177875437908138,0.8114047641223275,0.00655826345094913,0.004196471180717849,0.03606174686692413
289,0.249213079472235,0.6971739023862055,0.005318190964445881,0.02336263447597118,0.024932192701142324
290,0.26810003848851993,0.6692513746677966,0.002803337312196244,0.03470368664462962,0.02514156288685748
291,0.052642198829746266,0.9249451457586383,0.004143405137517645,0.007660267091405199,0.010608983182692724
292,0.08089622598407109,0.8984866421383643,0.005874234952424822,0.005332854761316999,0.00941004216382287
293,0.12913816446938586,0.83650860909513,0.001036937410875924,0.02255515555427436,0.010761133470333932
294,0.03425292072674366,0.9215537090347081,0.03336960532740173,0.0028997761128674035,0.007923988798279291
295,0.027582948844080173,0.8510492747447201,0.10327956416853819,0.00223402603358415,0.015854186209077522
296,0.08807234178281362,0.8301006610409055,0.05352151810437126,0.010449072034375086,0.017856407037534494
297,0.14721355359445948,0.7994321352919832,0.012920173623298253,0.02622162858430535,0.014212508905953675
298,0.160635924397496,0.46563196987568306,0.02850113226376603,0.007018482842863524,0.3382124906201914
299,0.3363114312122025,0.6175231080313585,0.001234100276521004,0.015160404041101274,0.029770956438816724
300,0.2172415676280695,0.7127971730267026,0.01358111277283593,0.0035094542153260785,0.052870692357065804
301,0.06717801917779058,0.8306399804409778,0.08416702122847539,0.002527554678800188,0.015487424473956147
302,0.18208673359369965,0.7780520978960066,0.002861924211632108,0.007546931659023357,0.029452312639638295
303,0.0713668043961979,0.8637420418774214,0.03850892873529867,0.007367549456300193,0.019014675534781835
304,0.09613076057337445,0.8334405564715751,0.024601637779315805,0.008720900784427603,0.03710614439130728
305,0.15149444360454833,0.7644940885883612,0.01802126905946241,0.009386677595480343,0.05660352115214782
306,0.05693275100006639,0.8736648354725628,0.034766797753377356,0.022739551942796473,0.011896063831197005
307,0.15235761593685773,0.7577544496961102,0.02815858841674106,0.0386152496576325,0.0231140962926584
308,0.33586526276779965,0.576625455824642,0.0019349484456293304,0.0518438595379124,0.03373047342401656
309,0.08498467575202097,0.8679503841921394,0.011270165374628448,0.0256372252204544,0.010157549460756856
310,0.1618651708060766,0.7923238643491718,0.009621148280208651,0.018988436482124154,0.017201380082418657
311,0.20081954764675453,0.7643405343289758,0.0014206215684960748,0.025274202601416478,0.00814509385435707
312,0.015037181040866435,0.9083070369629813,0.07137805518214548,0.00219296170733109,0.003084765106675569
313,0.0603684710038734,0.8688811026220565,0.05092822882114127,0.005621209818248706,0.014200987734680206
314,0.08402242466018117,0.8417057914821934,0.0555383072133125,0.006259531262069951,0.012473945382242824
315,0.02229058560993865,0.7557844620394047,0.214907754852441,0.0022542607925367286,0.004762936705678873
316,0.03608563216488725,0.7667437133366551,0.18773989983085954,0.0016534007647754935,0.0077773539028225
317,0.032947547628606993,0.924041445412928,0.03728846883259222,0.002895686052137205,0.0028268520737354816
318,0.03645295136618772,0.8488170555904735,0.10108987072156515,0.0041114831586167525,0.009528639163156837
319,0.016503323568127056,0.8162560887380488,0.15469936621438626,0.0016831523542189144,0.010858069125218937
320,0.035610784590776524,0.922048464287998,0.028836385030643143,0.001835318832724694,0.011669047257857642
321,0.024962437134484605,0.8440975836891014,0.12339491574803721,0.0013272374623859373,0.00621782596599071
322,0.024120919041697282,0.8056901889664837,0.16068955110318436,0.004125271651216814,0.005374069237417865
323,0.04329068524763392,0.742447857803208,0.1884800698171442,0.009358561452384312,0.016422825679629556
324,0.09366129889515379,0.82546647051218,0.024103324842417614,0.0394776276341936,0.017291278116055013
325,0.03915317840200388,0.8635722495621933,0.06306852120786181,0.01951701921151406,0.014689031616426877
326,0.054575439594511964,0.6995905736494589,0.0212920766173806,0.20646996278880536,0.018071947349842993
327,0.05016849704412994,0.2293707661508769,0.004681431536725641,0.6858589145542292,0.02992039071403837
328,0.028059257718464962,0.0677118338854575,0.0005800918055067424,0.8918557694665081,0.011793047124062643
329,0.024111096131780464,0.018186266788762315,6.048021239610499e-05,0.9462616608552031,0.011380496011857958
330,0.05352738948659134,0.027050628379790807,5.3000718502011435e-05,0.899331002530744,0.020037978884371824
331,0.06492655783905095,0.048876918312769545,0.000528951504856992,0.5379856680196561,0.3476819043236665
332,0.19005031001479122,0.03752369952827576,9.612783525817097e-05,0.7536275388422231,0.01870232377945166
333,0.10419611793064106,0.01984499060272957,6.98196101425616e-05,0.8589483560481543,0.016940715808332462
334,0.08366271080025062,0.02496368418273733,7.74599380128274e-05,0.8652519503703598,0.026044194708639352
335,0.0527354112386137,0.015769532764280978,6.546372389096608e-05,0.9204949833903021,0.01093460888291219
336,0.06693337160815685,0.01568148095814432,4.825857043502403e-05,0.9046679339929247,0.012668954870339108
337,0.07060334672492279,0.016477652740484836,7.776423871310544e-05,0.899218307549281,0.013622928746598222
338,0.12391865462354332,0.021580774255712497,9.134929440839703e-05,0.7821349550112116,0.07227426681512426
339,0.08762619436098744,0.017162223521529938,0.00012606033103089727,0.8710112673933385,0.024074254393113215
340,0.09370108891813152,0.023782246917759656,0.00029916327938003405,0.8541794822897345,0.02803801859499425
341,0.11914573366346037,0.04752272541570369,0.00046271256339221314,0.7322522451433822,0.10061658321406146
342,0.06097160822143576,0.016305602508470424,4.562567401200905e-05,0.9088048409867502,0.013872322609331616
343,0.08123712892945595,0.012982151944697961,5.61132248710815e-05,0.8817033732414014,0.02402123265957374
344,0.2433383765810816,0.026275376975403004,7.793062239245662e-05,0.6577533953681911,0.07255492045293181
345,0.23277405766378176,0.04873697212460943,0.00011653059597559633,0.642267989001108,0.07610445061452509
346,0.27323017458244264,0.053372755975670524,0.0001502080623966053,0.6495610879437921,0.02368577343569799
347,0.13743538755352772,0.06607150504378237,0.0001807179709224335,0.76348832282123,0.032824066610537356
348,0.08435251317510672,0.032383981756399116,9.687475330880083e-05,0.8654439686651016,0.01772266165008365
349,0.06782637748493496,0.03946557081613099,0.00018706805156524738,0.8428001522117683,0.04972083143560061
350,0.07212499150973897,0.030688552819781473,0.0001150328479036121,0.8527031867084109,0.044368236114165065
351,0.07536562362505103,0.034985666253880804,0.0004367541548135798,0.37460103898325914,0.5146109169829954
352,0.36588070355016317,0.03713482426733649,5.667953605313526e-05,0.27565196438296535,0.3212758282634819
353,0.5206958213156327,0.07780175798252072,0.00016820514852640251,0.17669579345184644,0.22463842210147378
354,0.5491382979129686,0.057634040344758185,0.00014767941303094273,0.18653613348188305,0.20654384884735913
355,0.4670545970828001,0.20529711593819688,0.00023396245678361996,0.27087080636866195,0.0565435181535576
356,0.3382496978490224,0.2770319890418499,0.0002471500666191156,0.36103665837233445,0.023434504670174064
357,0.13365979060568328,0.6738197499048876,0.0005336978571427824,0.1736099394939434,0.018376822138342967
358,0.2828513730832783,0.3230023382088099,0.00029460552084244516,0.32831046316817036,0.06554122001889885
359,0.24135650769061143,0.38161255826667195,0.0005218795535057713,0.3588762590161277,0.017632795473083093
360,0.14958722908234437,0.7248766420587228,0.0029646920423332035,0.10203774063222727,0.0205336961843723
361,0.3938057467234852,0.2762862340293466,0.0004424678385636488,0.3058042634584742,0.023661287950130498
362,0.11541134033755858,0.8330081692908406,0.0009243038241569802,0.04025817013511051,0.010398016412333191
363,0.04096567843384143,0.9331049468922941,0.00442125146932055,0.015613045295215806,0.005895077909328317
364,0.07839357241653785,0.8850903337000781,0.008128201986474045,0.02147005232201729,0.0069178395748927205
365,0.04674509965478926,0.9123068347660153,0.020201082104867846,0.01461958548755187,0.00612739798677562
366,0.09823771930155195,0.8386007823515154,0.020598075926212624,0.011177857653377012,0.03138556476734313
367,0.34633019167427215,0.5463722454129101,0.0012893416015216533,0.07595292993968122,0.03005529137161495
368,0.07291371864830817,0.8817242997568229,0.008014133239726846,0.025744659213946478,0.01160318914119577
369,0.032760099399330424,0.9266353157340963,0.01505887565488093,0.012852485332507926,0.012693223879184274
370,0.030769137514642803,0.8715257731678304,0.0436047660187471,0.032513828081797466,0.02158649521698233
371,0.04095566208991121,0.8829777108403525,0.01670808917774082,0.036240701464926396,0.023117836427069202
372,0.031935045076164986,0.012067583256207211,0.00018319542488276643,0.01601180899440703,0.939802367248338
373,0.025199123366732315,0.009989714079377612,0.00012741806384181583,0.014078795604095841,0.9506049488859525
374,0.018698272207791498,0.0034789930138271023,1.7527665932520482e-05,0.0083593107144245,0.9694458963980244
375,0.07665015816606849,0.006517244582326069,1.9298918840985927e-05,0.00981462934388499,0.9069986689888795
