epoch,N1,N2,N3,R,W
0,0.0030390380761091125,0.0021051063205663467,0.000576369616058694,0.000406847474504185,0.9938726385127616
1,0.001732209376036283,0.000495434776165555,3.8203984120196494e-05,0.0011434445936369952,0.9965907072700408
2,0.021387546651451723,0.004353581451538768,7.209726439247591e-05,0.0014013178059113353,0.9727854568267057
3,0.014239269545807563,0.004022536903575693,0.00023579066423345168,0.0008834904888716589,0.9806189123975118
4,0.030598195788826683,0.003928420929865967,5.3525181731622406e-05,0.0030514557801127936,0.9623684023194629
5,0.0006464743897284974,0.0006541327881709405,0.00016595208064436852,0.0004103324348046617,0.9981231083066516
6,0.04404744783673657,0.0066569363433413384,0.00017731572572724473,0.00168814168509473,0.9474301584091
7,0.0004865554489628823,0.00021564893151983727,3.724197179332696e-05,3.191321102478236e-05,0.9992286404366991
8,0.00382544038138007,0.00045697136570102206,1.2252191880809279e-05,0.00015446647340036,0.9955508695876377
9,0.08190787551513475,0.002006898193966083,3.9399598828636966e-05,0.0014143283944347091,0.9146314982976359
10,0.23579789689446523,0.0036159429156844445,8.367983572389532e-05,0.003265944213931158,0.7572365361401953
11,0.003529272679773075,0.0002971607459748618,1.909608992364896e-05,0.00013406724128345006,0.996020403243045
12,0.11842867378763008,0.0029275739632769215,2.9640016898765567e-05,0.006434198111582064,0.8721799141206121
13,0.14151307759936385,0.003309648859979955,6.967583182931903e-05,0.37482079179410516,0.4802868059147216
14,0.11449214747948583,0.008280412261039462,8.889893812361761e-05,0.1470123095065212,0.7301262318148299
15,0.019934784141155893,0.008772360597661134,0.0004690352397413719,0.07973706025964329,0.8910867597617984
16,0.14528014381343501,0.04665299103186694,0.0008811130953069792,0.012025842170143507,0.7951599098892476
17,0.09469532436604479,0.15166158278680972,0.003249344883383386,0.013259238119095197,0.737134509844667
18,0.06295722669652289,0.1269165713710304,0.026836772203662797,0.010167429202665421,0.7731220005261183
19,0.057819620071354855,0.6844428486123053,0.033289084256813095,0.01075275091071656,0.21369569614881
20,0.17308445583034618,0.3947766242858477,0.0029778713579050728,0.03041653608706197,0.39874451243883896
21,0.10932301591960822,0.7047428039051242,0.004852504885546975,0.009546625298928652,0.1715350499907919
22,0.07277382019138377,0.8536163458977104,0.010675178666903568,0.00927087237837378,0.053663782865628465
23,0.23109455271216672,0.6121963862770116,0.001095262509298711,0.02580427540218933,0.12980952309933375
24,0.16634239841346177,0.7175280930180818,0.0062960669984585505,0.037850794902457026,0.07198264666754076
25,0.03812357996882861,0.8640028834147753,0.02854850547915548,0.003911631547796248,0.06541339958944417
26,0.10719347921901305,0.6705387230925367,0.0048837389755616535,0.029910792583745415,0.18747326612914317
27,0.029916301800242667,0.4580286746946251,0.06634648034125601,0.01174567145391428,0.43396287170996206
28,0.3410852837160928,0.10879391498663937,0.00023849333574336903,0.09515429896712194,0.4547280089944026
29,0.2063113609575927,0.6919766977941936,0.00101943444014241,0.050639559376918844,0.050052947431152614
30,0.2013298244506798,0.6413138548446521,0.008480729874748775,0.027067984622611462,0.12180760620730785
31,0.23164409518766796,0.6990426377375547,0.0008206850789382555,0.024297557583494476,0.04419502441234468
32,0.17199601977502854,0.6682030565440666,0.0009840635428689122,0.07932797076822533,0.07948888936981051
33,0.10757292623141262,0.753572806144124,0.00040878880776531714,0.03411625300920138,0.1043292258074967
34,0.12230030247101838,0.7612139409930577,0.002356493364350516,0.07817050935748375,0.03595875381408981
35,0.14645980016324633,0.6643948448448205,0.005339505445063191,0.042766960232845985,0.14103888931402386
36,0.26820473999253197,0.13497780944153312,0.0006329046096743685,0.08564541482466513,0.5105391311315953
37,0.16956999263049644,0.5140970025388231,0.001390842318453754,0.12496525820218579,0.18997690431004102
38,0.26877680997283115,0.42783725599514283,0.0019676335417933353,0.03967299119785028,0.26174530929238227
39,0.43229585035946794,0.08131120207710132,0.0004127098677380645,0.07614796762837588,0.4098322700673169
40,0.40360422649967387,0.11386765797254074,0.0001910911827643005,0.0382087155855015,0.44412830875951964
41,0.6170465759647169,0.25271597447836797,0.000555436260315768,0.053048142722560074,0.07663387057403934
42,0.2000816158771359,0.7248693238961901,0.0075526671810949835,0.007404556492675476,0.060091836552903566
43,0.37719408023942746,0.5557497123031152,0.00034231876544911537,0.014317775734695273,0.052396112957312904
44,0.15256949938493386,0.8012882547520939,0.004011520720431199,0.016271495708457845,0.025859229434083177
45,0.10215573855766329,0.8488012259605263,0.005805812407563412,0.018681869833149355,0.024555353241097682
46,0.3538336566764267,0.59716008355584,0.002508086626883385,0.021930603972068082,0.02456756916878178
47,0.1047400787686775,0.7766105906290698,0.05957967071190631,0.006957394133563459,0.0521122657567829
48,0.08690224848556434,0.8276144059169454,0.012911176322444276,0.01698933477972434,0.05558283449532167
49,0.07370967355446853,0.8755034483090791,0.021086977545933798,0.011614899174328208,0.018085001416190443
50,0.14078166666120662,0.799384856187291,0.014961522540028692,0.018903242886030173,0.025968711725443416
51,0.03311318062934546,0.9146689871699941,0.02208504336515932,0.009674074101669252,0.02045871473383176
52,0.22758697166662842,0.6942685924816739,0.0025087960672301912,0.04560740159609061,0.030028238188376678
53,0.05820940498692174,0.9100361751179302,0.007586635836063671,0.007810640236415917,0.016357143822668455
54,0.04573756364448298,0.9216842971892518,0.013779856228135092,0.005170039340225425,0.013628243597904665
55,0.055354924391243406,0.9084299860846973,0.016139768858737222,0.006146800291573452,0.01392852037374859
56,0.0349788556965385,0.9210060587141016,0.022737328442819556,0.007782591915635312,0.013495165230905225
57,0.031110672714700867,0.9393870325956412,0.010785353025705675,0.011055675738441786,0.007661265925510462
58,0.059294025570119355,0.9017789954559949,0.011494814481997186,0.01364076602630081,0.013791398465587822
59,0.015233127834132562,0.7956984681203813,0.15789793104162606,0.019309767477710064,0.011860705526149908
60,0.07752810387085766,0.8524055792797465,0.008064781372785105,0.031121114439144337,0.03088042103746636
61,0.17646728521338537,0.6820164331737001,0.0019074948556985043,0.09924076371085953,0.04036802304635668
62,0.1203749232167588,0.7415208838549184,0.00644105139595591,0.029493122476351764,0.102170019056015
63,0.37450597276890896,0.35461390714423185,0.0006603290398054037,0.14964494470033624,0.1205748463467176
64,0.35343045828969066,0.28127076036393994,0.0005192757471291993,0.15882714528237885,0.20595236031686145
65,0.26316233464421207,0.03854754322418618,0.00012870529732084054,0.10819630625205755,0.5899651105822233
66,0.23033873531255514,0.01549505721428961,4.43423006648318e-05,0.07027728247946437,0.6838445826930261
67,0.2563566353414608,0.06266650222364813,0.0001641274679024814,0.17981748206001102,0.5009952529069774
68,0.09775834089333124,0.029645015583004978,0.00010446511357414488,0.07593589814281154,0.796556280267278
69,0.08604693857447264,0.025555415600253373,7.755567360374936e-05,0.05996224218763424,0.8283578479640361
70,0.005832606445396523,0.0009644206888512383,8.692156576666938e-05,0.001502773345800451,0.9916132779541851
71,0.06673336471280542,0.0015661506620560533,1.0343499206232356e-05,0.017930401251035805,0.9137597398748966
72,0.06572384599962382,0.001111372297367713,2.2588655408478196e-05,0.010960840158427266,0.9221813528891727
73,0.20821543152195401,0.002209038231016173,3.457744122018647e-05,0.011067747821591254,0.7784732049842183
74,0.07294670422969758,0.0072948851542166656,1.3565940926788774e-05,0.03411632350597761,0.8856285211691813
75,0.16289961867613906,0.02510039329575535,0.00012174944646920678,0.09343269663857652,0.7184455419430599
76,0.3323473474835804,0.10893402841174445,0.00038226793618880876,0.34431063483500324,0.2140257213334832
77,0.2172650265486066,0.039323369144439284,0.00011213640447999179,0.2284119894565554,0.5148874784459188
78,0.36004230018439265,0.10905532601531955,0.00025241105454075567,0.3775168017057616,0.15313316103998542
79,0.37377262693606933,0.11403877347566524,0.0004513893447620725,0.23614088264719868,0.2755963275963047
80,0.6812345468354192,0.10001461400409661,0.00029398391858712,0.09571738861071286,0.12273946663118428
81,0.3558523489394538,0.5061036846987734,0.0019712734946392306,0.09646138945342404,0.03961130341370963
82,0.2586083191287118,0.6477739697680268,0.004501588480430938,0.057961379485970806,0.031154743136859685
83,0.365445900770861,0.11118740838462078,0.00014593214836501828,0.35983014901478066,0.16339060968137256
84,0.3441486688793987,0.24586803569005541,0.0006454459087611964,0.34569683858164507,0.06364101094013976
85,0.29076040365404004,0.35231808576189505,0.0011660020961869904,0.3237647314078986,0.03199077707997936
86,0.47102399152639796,0.4522110247193586,0.0016221596869192608,0.04147268904630632,0.033670135021017976
87,0.032061999833542784,0.8499451070170543,0.07512630072531161,0.01982756613911039,0.02303902628498101
88,0.23527654303177684,0.4900917795551342,0.0018184872479290479,0.22560352153161387,0.047209668633546135
89,0.0649449627251663,0.7197827262250148,0.08973811742191393,0.022510600067286956,0.10302359356061785
90,0.33095087394736195,0.485453705297425,0.00411873292526232,0.06219114086045438,0.11728554696949638
91,0.46970449089122995,0.23125290196533416,0.0003975373017023149,0.019749207985754573,0.2788958618559789
92,0.3531832437981187,0.5686629255120437,0.0029925070711116003,0.007055666399490352,0.06810565721923556
93,0.6983568820368302,0.24440675262376113,0.0013068131822364618,0.0143039142063372,0.04162563795083508
94,0.21989769521477479,0.20699731285085934,0.023453061973242147,0.005112695695439675,0.5445392342656841
95,0.09006196393452105,0.6421348211123568,0.04680816327154171,0.021530945874992522,0.19946410580658808
96,0.05402711439896717,0.6127557518499958,0.053125330699092935,0.0059793936779830555,0.27411240937396114
97,0.07618387018163926,0.5590362249244827,0.05964984779380098,0.028517301061093122,0.2766127560389839
98,0.0324757745682148,0.014373151913323475,0.0001896743163967242,0.019504351348218995,0.933457047853846
99,0.1691091923482339,0.019406641638717834,0.00013299720430930863,0.06741800884932121,0.7439331599594177
100,0.13169901309709253,0.021318651914211163,6.827511938419739e-05,0.04566426253308337,0.8012497973362287
101,0.7259429596452097,0.01848885208472781,2.9933968337815768e-05,0.07509137180628558,0.18044688249543914
102,0.12673724914347906,0.011765365768527585,1.3626426471725071e-05,0.030210327049554654,0.831273431611967
103,0.4987984686241402,0.02991492828546383,3.165584162277355e-05,0.06475845539796207,0.40649649185081116
104,0.643483398826061,0.1078251369729383,0.0001847879265073993,0.057104249493839805,0.19140242678065356
105,0.8122359331177246,0.09045899611512366,0.00015909741754643205,0.02580775253890802,0.07133822081069716
106,0.28230777564887083,0.1595264852479207,0.007348435537962607,0.0116708821020425,0.5391464214632034
107,0.33167692834451107,0.5624685940474532,0.002312253774893599,0.029431276497602337,0.07411094733553981
108,0.21494517879024555,0.7209778802268508,0.011702088870233843,0.01271146256743364,0.03966338954523619
109,0.084650476354751,0.871930028819877,0.02325518610208017,0.006824722586710818,0.013339586136581037
110,0.0263946431863793,0.9131042099767529,0.04853030474637379,0.0008827913481890754,0.011088050742304897
111,0.040770084313288595,0.900746666278624,0.04509808186913421,0.005244214441730989,0.008140953097222141
112,0.04049693788233835,0.9264167374888113,0.018893679180418448,0.002952402289876622,0.011240243158555166
113,0.04051498447314805,0.8586571866448554,0.0727486475976085,0.007260760817195098,0.02081842046719302
114,0.026076078711072655,0.8195895215594003,0.12380416935499777,0.013164441741652693,0.017365788632876415
115,0.07047058541829686,0.44518198615754495,0.23738717589901648,0.022524847109262964,0.2244354054158788
116,0.10379074736653364,0.6555455701560886,0.04977140385770284,0.08529452956260078,0.10559774905707434
117,0.36426068893353075,0.07755372766573503,0.0005225097945677237,0.2672701439117435,0.29039292969442304
118,0.4787323092655957,0.1069424618670461,0.0005373277035667632,0.2504383339942651,0.1633495671695263
119,0.6113201283728145,0.02132661296840494,6.514853343874459e-05,0.05674072864446943,0.31054738148087224
120,0.8448682404745016,0.04664518509358329,9.399933122478612e-05,0.02763253241171504,0.08076004268897538
121,0.5299313821943968,0.27342761723828096,0.0009965307350652498,0.08915730618463981,0.10648716364761707
122,0.3281546463430667,0.48808001803558815,0.0019396393885666933,0.13589526251569847,0.04593043371708004
123,0.10940210084544723,0.782424005087132,0.0019011393021664336,0.07447316184039253,0.03179959292486167
124,0.17756052503666245,0.6311403934882094,0.0028699118831432236,0.17207410595925085,0.0163550636327341
125,0.10044714046827184,0.8576474777656862,0.0019802541305111595,0.029755702798333512,0.01016942483719717
126,0.06612142736660406,0.8960433494931739,0.011843503998766469,0.0131916316522235,0.012800087489232136
127,0.05800149168523151,0.8875289916575874,0.022377024702625297,0.01609537192585375,0.01599712002870197
128,0.09272355360697355,0.8602514984923965,0.011154310141142583,0.021283284681544813,0.01458735307794272
129,0.0654336432715147,0.839281401245853,0.06370726063720379,0.018641329605300624,0.012936365240127968
130,0.02799121688357939,0.8892693204330071,0.04241121803179675,0.030860760971572483,0.009467483680044126
131,0.30718030407929414,0.4489319466450445,0.003979997369782187,0.0354652637653089,0.20444248814057034
132,0.2027714302930851,0.7132856017003709,0.01473032059187199,0.04338202519213585,0.025830622222536206
133,0.12250666216316758,0.8159444322190245,0.006967433618286043,0.03454397701374706,0.020037494985774944
134,0.1286037143558004,0.8421353747250919,0.006223861321069507,0.010892870130166805,0.012144179467871281
135,0.050056059211649365,0.8475602603106654,0.060945964503954474,0.027126680354568833,0.014311035619161663
136,0.03150012083049205,0.9181349164144484,0.020532426120813654,0.020677767240100977,0.009154769394144965
137,0.014868060205976252,0.7888683184853971,0.173226060150024,0.010783950386059515,0.01225361077254319
138,0.09832359703110127,0.8300804961453867,0.00985287158942309,0.0136465724691823,0.048096462764906846
139,0.05358406700264944,0.9076916179517944,0.018686857420755973,0.00578254663289395,0.014254910991906122
140,0.0148932328917392,0.8071336678220848,0.1709839995476216,0.0023912988526272067,0.004597800885926944
141,0.07199319224120561,0.9032398679114622,0.01030378203113989,0.006348791364621451,0.008114366451570793
142,0.014359853294820871,0.6769356242850875,0.3027815853519725,0.002239194407095584,0.0036837426610234346
143,0.010787231994248499,0.912162048809582,0.07064365293622415,0.0028316596623465516,0.003575406597598979
144,0.010148837708308694,0.6830810577681651,0.2944330897946688,0.001402434618510313,0.010934580110346976
145,0.010169455046654459,0.5653355015654022,0.41744551444829514,0.002322727583820836,0.0047268013558272775
146,0.008381420245334097,0.4768279483254254,0.5076909164306739,0.001734205104169221,0.005365509894397336
147,0.012844965311788355,0.773469091361342,0.20181141926659896,0.00660441897390575,0.005270105086364864
148,0.00858372352425257,0.7649074874560349,0.21349187762483918,0.00708494908278609,0.005931962312087261
149,0.07768199551078524,0.8455318055765668,0.017009697350554007,0.00873993986801102,0.051036561694082876
150,0.01843325914444804,0.8406220228042995,0.12845235265673913,0.00475194650058701,0.007740418893926162
151,0.027723429056754928,0.8997690273675968,0.056711118895727705,0.007181023688779533,0.008615400991141008
152,0.019975026167702737,0.7871556523313596,0.18121380992987854,0.0033479798042273332,0.008307531766831968
153,0.01731013359932228,0.8853830723857588,0.08813895821966629,0.0031065217454749184,0.006061314049777617
154,0.00955880380511308,0.7512311922491496,0.23200746118603308,0.00402747927003773,0.0031750634896665956
155,0.025184603407188276,0.8537390237533111,0.11076776318130843,0.0028253452378603676,0.0074832644203317285
156,0.010300021539449178,0.6663661657038406,0.31508995176283633,0.004742191137042073,0.003501669856831784
157,0.09395804854522974,0.8606340738131671,0.010810452563901425,0.006458631924115688,0.02813879315358599
158,0.01721278260565945,0.9115064529387137,0.06493685177644379,0.0028212509364680493,0.003522661742715005
159,0.022947863223751204,0.3554700431367826,0.6098824575002736,0.004183905368233774,0.007515730770958681
160,0.03423751118220765,0.8945780462443091,0.060320717084886545,0.004164963959919835,0.006698761528676674
161,0.010738721830709844,0.6035195391716248,0.37784391709220805,0.003843208232098719,0.004054613673358635
162,0.017627975537687277,0.8243728026059927,0.14585308344823783,0.00787876021166788,0.004267378196414503
163,0.04571296791811078,0.900486415399058,0.033286972339316476,0.00932115594946818,0.011192488394046445
164,0.00681379189571489,0.6299734907752177,0.357036330271904,0.0028375756132184202,0.003338811443945138
165,0.033238824561041554,0.9315764270900362,0.02638168673935392,0.0033254420877602384,0.005477619521808078
166,0.013503184549325352,0.5687218984007576,0.4103278544172443,0.003509208625224651,0.00393785400744805
167,0.03173246323773187,0.9183591119339026,0.03631267427690661,0.006388599617944401,0.007207150933514525
168,0.005482791170030687,0.8690833272774745,0.1172793676884684,0.002590898327451544,0.00556361553657489
169,0.0671945339401009,0.7073898517621634,0.11033656073148813,0.021188059148868146,0.09389099441737929
170,0.04221189014796431,0.5910464151541894,0.3279853686289803,0.0241375281382024,0.014618797930663585
171,0.1440309319217639,0.7415317771451537,0.013374719119115348,0.08250670182472014,0.018555869989246868
172,0.05602693657594337,0.7783050998619158,0.09964255132789995,0.053489658634556944,0.012535753599683997
173,0.01350266943498434,0.8582170726262116,0.052304550687994784,0.07121345629528779,0.004762250955521641
174,0.02140066542505239,0.8591639802861644,0.012194823594691637,0.10203132352567565,0.0052092071684157765
175,0.05326581169517355,0.31773925880953613,0.0025431439475114884,0.5823589641849577,0.044092821362821055
176,0.03628545650943112,0.19377391555718015,0.00035541125218671105,0.7637191606364226,0.005866056044779354
177,0.07740690217518587,0.09308974567775523,0.0001212737153411618,0.8193008454691696,0.010081232962548184
178,0.10420255593703949,0.0667565795097398,9.433457788087328e-05,0.8139645344615668,0.014981995513772947
179,0.06958949666743071,0.18257950279126514,0.0001847376386524966,0.7422104147927695,0.005435848109882139
180,0.03822641674629622,0.03919109603268066,8.021958243723253e-05,0.9171863078565594,0.005315959782026611
181,0.08403997312139595,0.09958728778832275,0.00011055643641593094,0.7755829511279155,0.040679231525949766
182,0.11234515641968673,0.07979737554881937,0.00012450587746411814,0.7480633633737287,0.05966959878030109
183,0.14687877272827593,0.07886194855223562,7.314223952912884e-05,0.7245712490547838,0.049614887425175565
184,0.10256486376771272,0.09449924547964438,0.00037533262377537643,0.5389256487893365,0.26363490933953104
185,0.15235714491126554,0.0971556360012925,0.000104992789097977,0.3505870323245647,0.39979519397377933
186,0.006057892152200258,0.005963034926443006,0.000757787522380392,0.00036639222449070115,0.9868548931744857
187,0.00941804682229411,0.0013698060075963054,0.00026410027116451697,0.00044226755173487603,0.9885057793472102
188,0.03262953690198623,0.0010897024191182784,2.6167638110844267e-05,0.0008147317546069074,0.9654398612861776
189,0.07167321759493128,0.0015141854815590417,5.431929635002897e-05,0.0007827484627832275,0.9259755291643764
190,0.03508290400757119,0.003601890427155251,0.00035574889081652875,0.004447683763763335,0.9565117729106937
191,0.0036592731216165534,0.008374352524431864,8.833834673255596e-05,8.793883666853278e-05,0.9877900971705506
192,0.0030518860249212514,0.013039449797196068,6.989253723040327e-05,0.00029542795922546215,0.9835433436814267
193,0.008371914311049595,0.020532609753488862,0.00016481513574082986,0.0007806588270067356,0.970150001972714
194,0.012474779160116061,0.028465861898859645,0.0002012411352607264,0.000881221307549876,0.9579768964982137
195,0.014281547378411294,0.03696474753294417,0.00017705270926260394,0.0010779117170231136,0.947498740662359
196,0.017917338567665017,0.05256025391819114,0.0003175798874445614,0.0016985106289134748,0.9275063169977859
197,0.013109534845529772,0.0496716433512779,0.000269841625674605,0.0009724392981795935,0.9359765408793381
198,0.007330586170107147,0.03713123418842497,0.0003118738754811921,0.000500372326488273,0.9547259334394984
199,0.0066175382879057505,0.03066883824085372,0.00034960744417495874,0.00042564154206623515,0.9619383744849994
200,0.029851749622017008,0.2728976560180992,0.00025240085679760087,0.00202657833946613,0.69497161516362
201,0.06922614206721243,0.024619802327199274,0.0028897508810848994,0.0053920517825657155,0.8978722529419377
202,0.05597816876396509,0.015410587572478674,0.00020728854523905228,0.0038704021406500456,0.924533552977667
203,0.04641945024758795,0.008661746360279391,0.00023882285318733675,0.011952709261032318,0.932727271277913
204,0.027949513882109228,0.008894256830640346,0.00024775345666238095,0.009059945185716163,0.9538485306448719
205,0.0016274085999561422,0.002635825958398761,0.00010308861542844814,0.0008742697212585751,0.9947594071049581
206,0.017719773837178543,0.006428479252527416,0.0001065081845023516,0.0019405103527918922,0.9738047283729998
207,0.030440285223429932,0.012073530875767118,0.0003399616771302408,0.0063474491936749595,0.9507987730299978
208,0.026087612484642347,0.007106214433579829,0.00024265594878467302,0.0075303468649181235,0.9590331702680751
209,0.0418981694392994,0.021065878632792943,0.0009353526034826078,0.017718139528185833,0.9183824597962391
210,0.05402648170507964,0.01664679256330414,0.0008604630897323751,0.03880674348867966,0.8896595191532042
211,0.021623837070512113,0.013476555842394928,0.0007094677308229742,0.007099037428879444,0.9570911019273906
212,0.050941422049780354,0.019598541883957734,0.00031353799431779977,0.0124579982187647,0.9166884998531795
213,0.11995202091921954,0.02868403695984934,0.00046833214902381446,0.028122061376735157,0.8227735485951722
214,0.12188116312377141,0.016363064511947103,0.00022976855973649477,0.036092801025528864,0.8254332027790162
215,0.039802035709580415,0.009036252322772387,0.0002740867792801919,0.019189123275690986,0.9316985019126761
216,0.21433338187313047,0.026105933625033346,0.0001706961787190764,0.05393890507609328,0.7054510832470238
217,0.02583552777606862,0.0035760660735372944,0.00029445153365715936,0.009437935728615785,0.9608560188881211
218,0.18894539694410803,0.010907827704969383,0.00020259373741494965,0.07575033499539904,0.7241938466181086
219,0.10581423697057965,0.006726657500925569,0.0002177774175943696,0.018890117497778476,0.868351210613122
220,0.1270344099529552,0.005721888305425305,0.0001000341596708016,0.036356109190540054,0.8307875583914087
221,0.2657654300099678,0.007780968184699166,0.00016772687753795855,0.11794008192437468,0.6083457930034204
222,0.4707276034983252,0.021501189885862054,0.0002044957106007329,0.33503412607515937,0.17253258483005268
223,0.3779940228512546,0.02024238292295749,0.00023585956339088144,0.39537167129833134,0.2061560633640656
224,0.14952589613016581,0.01471645716038091,8.509801263341816e-05,0.7670587836617802,0.06861376503503985
225,0.14947662570821,0.012233268275529476,0.00025834003125369405,0.6761016641512756,0.16193010183373135
226,0.33912231063901793,0.016307736481833666,0.00030543257744691164,0.5613100881572324,0.082954432144469
227,0.1723876942559895,0.013551904652104796,0.00018708165441135415,0.74544396699798,0.06842935243951442
228,0.18108421017888848,0.020820609666007184,0.00038298259027677584,0.7402757999033952,0.057436397661432374
229,0.09960444365864159,0.026111585892013324,0.00015673517682010768,0.8410403061794961,0.033086929093028836
230,0.13165072540473177,0.030919429941454756,0.00025233728748998374,0.8205768032619509,0.01660070410437238
231,0.24031938809108935,0.03634919648761893,0.0004754077820578008,0.6414766206041458,0.08137938703508815
232,0.24440266846677355,0.03849724942768199,0.0005164226043085988,0.6307097612088113,0.08587389829242469
233,0.15039287339174237,0.026643622259987315,0.00022713889201886092,0.8063858090350053,0.01635055642124624
234,0.14091411783392385,0.07396790208514024,0.0004958090963620311,0.7662507477504259,0.018371423234148015
235,0.07454761621304944,0.03886542257269482,0.0001474642763439605,0.8765067771728939,0.009932719765017948
236,0.1322031259720063,0.09732039299211151,0.001370997025267925,0.2912738332143426,0.4778316507962716
237,0.2115084985572191,0.0244217794169201,0.00011903022949407804,0.6593172917183823,0.10463340007798448
238,0.4150586929080156,0.05084299558724668,0.00014952609343783693,0.4780258081177139,0.055922977293585995
239,0.38440398363527495,0.03144051015291712,0.00011362943829383575,0.5357687298368586,0.04827314693665548
240,0.3137536816941247,0.04943214223784744,0.00025792950242677694,0.598689876275531,0.037866370290069985
241,0.08349256611964942,0.02555734252953287,8.081985840435666e-05,0.8834600054805335,0.0074092660118799435
242,0.15950789457314674,0.06722465566512292,9.239962929947488e-05,0.7587921947679094,0.014382855364521566
243,0.11713955794730038,0.10057891970402898,0.00038268146853869445,0.7702289723499994,0.011669868530132563
244,0.11878333948735086,0.13911997018416797,0.0005277207359723112,0.7296150307687532,0.011953938823755825
245,0.11026454021152177,0.18583180269776003,0.0005609696937247176,0.6953349956383517,0.008007691758641836
246,0.061964514033381164,0.3755061531341421,0.0013063044667534374,0.5538134259937412,0.007409602371982104
247,0.06662276255155852,0.26935985962829656,0.003038325434703324,0.6524640446299961,0.008515007755445518
248,0.08171715420628216,0.5075774439619014,0.002900796782509545,0.39188054381204995,0.01592406123725686
249,0.05679562750948295,0.6179265860788958,0.0021405619169634553,0.3151292219458994,0.008008002548758587
250,0.04641471019012367,0.6700544810974849,0.008919784379874361,0.26472768561921795,0.00988333871329925
251,0.04542556791570021,0.7984980122233655,0.02042393102322242,0.12456711790300345,0.011085370934708464
252,0.04537392573278686,0.8582782332778338,0.033787771466015845,0.04845594861019664,0.014104120913166596
253,0.058745836250723965,0.7742728268032487,0.03151160236839864,0.12095378754285813,0.014515947034770545
254,0.04002090869883612,0.8475193580780478,0.008186686509191536,0.09149174425396016,0.012781302459964542
255,0.07204445993240323,0.6867488221080934,0.016530137265600896,0.19484838667988807,0.029828194014014417
256,0.05456039164973585,0.6606461283787335,0.004096959045708585,0.2742198763864081,0.006476644539413863
257,0.07721130689992377,0.7883331914661413,0.03541225542222825,0.0840475239765897,0.01499572223511705
258,0.24978631958950134,0.5472034582372779,0.005503085556465836,0.17194153969171108,0.025565596925043822
259,0.07925313558769359,0.8485779744093623,0.010080821356639616,0.04324624845129707,0.018841820195007505
260,0.0927329037392458,0.7993825233707706,0.014764746989364952,0.08087230809680436,0.012247517803814193
261,0.03429061591001245,0.8455532682425065,0.05790126475338307,0.05329143325465371,0.008963417839444234
262,0.12557838787858738,0.65345057864345,0.0035425626923967133,0.19966655182537926,0.01776191896018646
263,0.03752280120185403,0.796869092270645,0.003802613552273516,0.1536864495891381,0.008119043386089578
264,0.03753097234478253,0.9007580321495849,0.0036283740784198225,0.05057215236006017,0.007510469067152598
265,0.03446757738077773,0.9269634009739923,0.009524464433227032,0.015411190015926782,0.01363336719607626
266,0.2691923335638776,0.6461900385997588,0.00133663253085826,0.039372590260578016,0.0439084050449274
267,0.04761533225290429,0.9046919254846382,0.014297078672319923,0.01621213273777938,0.017183530852358325
268,0.2822254870330134,0.5831319833247545,0.0014132296245044271,0.10524291736192615,0.027986382655801674
269,0.11240773810174468,0.8250972052951868,0.0069673608008171545,0.0436479508022694,0.011879744999981907
270,0.025972540718047034,0.8825692775571786,0.0371761262198609,0.047144943254095524,0.007137112250818007
271,0.05175466781797023,0.8370908646329174,0.00682098278776473,0.09421615024825436,0.010117334513093256
272,0.01324332522258232,0.9322817876271643,0.024350855273691335,0.025846137958584297,0.004277893917977619
273,0.019449657433058327,0.9411757404425367,0.01287006455490144,0.020649172394898663,0.005855365174605026
274,0.02817395724582134,0.938971391368831,0.019930176266157635,0.007473269022812165,0.005451206096377596
275,0.017484473010682906,0.9202588585238258,0.0425278361253403,0.014578031495556365,0.005150800844594557
276,0.01660676721063851,0.8478880158813632,0.12062518172923456,0.010299310636194714,0.004580724542569101
277,0.018768571217806312,0.808315747320866,0.15878891952832824,0.008323447386760987,0.005803314546238536
278,0.044266255046746764,0.8840264654050121,0.04407934460036219,0.020969515498550764,0.006658419449328387
279,0.018621886717159905,0.9210940926431023,0.041932435279171974,0.012855264404570535,0.005496320955995541
280,0.011244053965592759,0.8302988589855042,0.1448773656964283,0.009426104983122862,0.004153616369351774
281,0.01669814134183061,0.9294572854351205,0.03789804707016312,0.011278029005118902,0.004668497147767005
282,0.012606715958586355,0.9339515478998839,0.04287992173967739,0.006078121250669374,0.004483693151183058
283,0.015835435769021876,0.8932183116332147,0.07600796322047063,0.009343254323130998,0.005595035054161676
284,0.011736618682518572,0.7057582128935632,0.2634108751227965,0.013475301182890885,0.005618992118230769
285,0.028267170570491905,0.9132062152132212,0.03716162179737899,0.010409308400578415,0.010955684018329572
286,0.02766558070015113,0.940547010190164,0.018485735323954006,0.006145454193199529,0.007156219592531568
287,0.011802657808069997,0.7918862956957297,0.1822581402887291,0.00810384199122015,0.005949064216251028
288,0.009481953823585397,0.8553290245005845,0.12824353882166892,0.0036331905425091436,0.0033122923116522505
289,0.012497869890510636,0.9485030811629033,0.026423084423026575,0.008858413183852573,0.003717551339706746
290,0.018516893423795106,0.8610224319823213,0.0860115085402828,0.029897038918020268,0.004552127135580357
291,0.030186736886009344,0.8639546944608774,0.07869310363633343,0.018530513355172498,0.008634951661607293
292,0.013867563456494881,0.7298434414237388,0.23434947405110543,0.013256207991053613,0.008683313077607207
293,0.03932417710677424,0.8310091949229705,0.11657711124035879,0.004467462793460666,0.008622053936435703
294,0.0233030625842519,0.9196751302004474,0.04928933015324849,0.004142372554824991,0.0035901045072269312
295,0.03240819000494034,0.7104605730132638,0.2475975862938847,0.00371465936039915,0.005818991327512032
296,0.013043958492456983,0.6105310016834384,0.3689792000845308,0.0009564270435673298,0.006489412696006471
297,0.017675307302309023,0.6635383487273565,0.31215289208481034,0.0014331643339696985,0.005200287551554216
298,0.05262521410980944,0.7928914887323908,0.09843932498157071,0.0024512453913444116,0.05359272678488465
299,0.01385792358119389,0.47920493700712186,0.4922516819948759,0.0020428199416693497,0.0126426374751389
300,0.09450767009392498,0.584693137499139,0.2820906444885682,0.0031895125462507654,0.03551903537211709
301,0.047189814852808175,0.8191623195657562,0.1144968040374741,0.002536871206208848,0.016614190337752743
302,0.06704195282553446,0.3194115364909119,0.5888933737504949,0.003371629372829333,0.02128150756022935
303,0.13979256529008083,0.41372187329182086,0.3195446936157349,0.005170133688294074,0.12177073411406913
304,0.014452231606879593,0.3610451487059891,0.6109738746235645,0.0027747673278355,0.010753977735731389
305,0.016285641111546234,0.6558778772923943,0.31071802890200195,0.0036285345333935486,0.013489918160663894
306,0.1445077430593559,0.4581554483903217,0.2462817028362461,0.007058304243607015,0.14399680147046928
307,0.08686862090757186,0.45330568423756207,0.34723439428013003,0.0064112637458724545,0.10618003682886368
308,0.008304889488773564,0.10787639323746043,0.8650953953615099,0.0008673792223268256,0.017855942689929363
309,0.10992385863718776,0.43489121614496973,0.36303535577530927,0.0038617112696129672,0.08828785817292016
310,0.032868055818716914,0.6033271196127059,0.3372531281109705,0.0022537436160196293,0.024297952841586947
311,0.022178940500701003,0.5105056314384917,0.45140260475460015,0.004978395496617238,0.010934427809589876
312,0.12104332889054893,0.5396223180112399,0.12462899025966663,0.01221388248415994,0.2024914803543846
313,0.04378500554304896,0.5165928108056527,0.37975352593732414,0.022766438185719513,0.03710221952825478
314,0.0312087897557276,0.5229937143533792,0.3772207952137731,0.017448046293547795,0.05112865438357219
315,0.26245054928681916,0.6194806159174011,0.017309246222837246,0.06406781279248153,0.03669177578046109
316,0.1192003366559622,0.8077449920831746,0.013468211752501307,0.029550205781142494,0.030036253727219447
317,0.04724510521277965,0.8048554082605741,0.034756610135869725,0.012579196084615015,0.10056368030616149
318,0.1301853549434558,0.07082531468301906,0.00039727550722299515,0.005409666347839408,0.7931823885184627
319,0.6781028702311228,0.23739649287897718,0.0009977944459654876,0.0052906901470388444,0.0782121522968956
320,0.4088973821374712,0.4640489243946636,0.003370217343862541,0.004034385503247184,0.11964909062075565
321,0.19825122094679007,0.7347665283647481,0.006445199504552069,0.0038542590610858977,0.05668279212282391
322,0.1359352532794213,0.7711584180162352,0.016352033369756314,0.00791520372025756,0.0686390916143297
323,0.10148417002135586,0.8338001477268956,0.007266280213938993,0.011230764912221872,0.04621863712558768
324,0.14944795704854405,0.6661753380989426,0.008531310484553823,0.0093130878282541,0.16653230653970566
325,0.24331626781043253,0.6710725848658824,0.003173564932823593,0.015620213646507558,0.06681736874435405
326,0.068561270223205,0.8928233747700729,0.011735379301373118,0.006157589485608254,0.020722386219740672
327,0.2645343376940293,0.6236305726225891,0.0022538048590038788,0.011751718378371802,0.09782956644600602
328,0.07450141918549953,0.8630185265397359,0.009451217251043916,0.006949417218325517,0.04607941980539516
329,0.03560754745850038,0.8979245168534316,0.022790140731217132,0.004775758311288478,0.03890203664556251
330,0.19055014892257902,0.7749787177545081,0.0023773012540911,0.011356155628687649,0.020737676440134255
331,0.04765093291308272,0.8755353488776307,0.02528816802367283,0.006105567508115779,0.04541998267749798
332,0.07963518496087792,0.8010113766783047,0.005930811137748573,0.005727784304849322,0.10769484291821946
333,0.14656169461690977,0.8259410258958575,0.0031283578848150845,0.011319175491365942,0.01304974611105185
334,0.11479423345056133,0.8095102611070989,0.007816637559845073,0.010614347537600398,0.057264520344894355
335,0.03928965418922847,0.8731950582419797,0.028388555956506325,0.006503098016584907,0.05262363359570053
336,0.08832783615334396,0.7750925248024864,0.03185494773620215,0.012481054173637575,0.09224363713433024
337,0.17888214024822974,0.6917469556217557,0.015335104666443118,0.016810948958950096,0.09722485050462137
338,0.0659129095432399,0.8835622367990162,0.01879710727538693,0.01320332385896446,0.018524422523392356
339,0.1113855448939193,0.737732964661958,0.00412120453308962,0.0229012548449522,0.12385903106608072
340,0.12084230515759692,0.7761632529873977,0.006050075497072811,0.0201147594140364,0.07682960694389616
341,0.10945778147307976,0.7853313117861428,0.00832206138872782,0.02368837951773575,0.07320046583431372
342,0.20208344010442997,0.6411747011698922,0.004060621113588449,0.018350784296969534,0.13433045331511992
343,0.08091846350492293,0.8541875466460095,0.012152271884441521,0.011525125580730653,0.04121659238389542
344,0.4825706940106364,0.29851818797968893,0.0019221374808742835,0.04641308794726043,0.1705758925815398
345,0.2309815733404061,0.6777651572496441,0.013843213668651594,0.03127443411812894,0.046135621623169344
346,0.09610716985149138,0.7974089251907079,0.045820404324361165,0.01833163479200601,0.042331865841433766
347,0.3509115817885892,0.5291837768708755,0.021978358843033893,0.054650933625693066,0.04327534887180835
348,0.14090899458087572,0.5787610579087723,0.02598869342130027,0.07280810059397155,0.1815331534950801
349,0.1774771249447705,0.4530546129827568,0.024960026822205623,0.10664998127716972,0.23785825397309737
350,0.1493603749090873,0.6591050791992972,0.031891957562831454,0.09812657263867644,0.06151601569010784
351,0.2266277284911763,0.4428090749699002,0.012335494702155513,0.20792206012027437,0.11030564171649379
352,0.24633812495468332,0.2789457451115157,0.002196998081164263,0.41560464763256433,0.05691448422007226
353,0.16556827429138474,0.2892093876658959,0.009557876240134135,0.5220778430829605,0.013586618719624813
354,0.18125239708381244,0.2761261089885947,0.0029003389187448755,0.5075657449375226,0.032155410071325406
355,0.17628287537990986,0.48774480237982804,0.0049304659510287195,0.2522685842493097,0.07877327203992364
356,0.12331024230996851,0.31727576090633197,0.008227769972338882,0.4701829678339044,0.08100325897745612
357,0.2091770371829759,0.3621003310898472,0.009377894953549381,0.2292754969273376,0.19006923984628984
358,0.2498096347869689,0.25385478617338814,0.007845826534799842,0.2924811876348682,0.1960085648699748
359,0.22181295334090237,0.10917268191073447,0.000633168379578505,0.3656791410173524,0.30270205535143224
360,0.38155195146086957,0.1614857177956417,0.002018683382372198,0.4121158509892133,0.04282779637190319
361,0.21421454483189137,0.11298293657105973,0.0021040760155282374,0.5696412036142041,0.10105723896731655
362,0.16193514207762005,0.07397194700491792,0.000749689280495837,0.7329119058652704,0.03043131577169578
363,0.09352246342737215,0.1170999684882699,0.0020179597887906597,0.7368593224718706,0.05050028582369677
364,0.11406644696480985,0.2104076293113983,0.00455803641338625,0.5775449287708608,0.09342295853954477
365,0.19976901251291448,0.19529449094528203,0.0049401542722040375,0.4801211943432569,0.11987514792634262
366,0.22225456873319935,0.055805091100731605,0.0003229708689748336,0.69392050758719,0.027696861709904253
367,0.22040315107772548,0.12427361739693756,0.00104730029373807,0.6399745981367984,0.01430133309480052
368,0.19680057482087693,0.23367030700765848,0.0004267162791642429,0.363159880958707,0.20594252093359353
369,0.19538690237926337,0.19775867165958702,0.0004493296106326639,0.44309398467347394,0.16331111167704307
370,0.26513178705014984,0.14923316910939655,0.0002377438404307417,0.4077748698334211,0.17762243016660187
371,0.43843131219863346,0.08110914239085926,6.582337716399808e-05,0.26001767213544824,0.22037604989789514
372,0.5634636424326693,0.03568870689819717,0.00010969272047190424,0.3379304971863065,0.06280746076235501
373,0.18893593541161535,0.10818832693382781,0.00014883788726526877,0.6085112758196294,0.0942156239476622
374,0.29752551169341246,0.14108075709663143,0.00016276894682207618,0.5346767459826088,0.026554216280525178
375,0.36179395040371864,0.10984106548871424,0.00028843035360115357,0.4933153941432353,0.03476115961073075
376,0.3725501738535972,0.14185759842004644,0.00029918382008483854,0.45995033400470653,0.025342709901565067
377,0.3950427625869826,0.16197189748563573,0.0006293811442500325,0.4195487220570476,0.022807236726084007
378,0.09524532228976353,0.7427583718715999,0.004663211382379732,0.14647276437607343,0.010860330080183197
379,0.22071462109109757,0.3868137567366721,0.0007810482828529862,0.36708511729235055,0.024605456597026884
