epoch,N1,N2,N3,R,W
0,0.05952563999545169,0.00750276783158912,6.527937163697126e-05,0.007388825155879661,0.9255174876454425
1,0.003944576202661414,0.001296209540074316,8.909526424684985e-05,0.00037155572958983703,0.9942985632634276
2,0.001546817881085637,0.000525413210734946,2.076678331602793e-05,0.0003581311037860626,0.9975488710210774
3,0.00292731679090168,0.0016456489987074275,6.737504997328713e-06,0.0010006887806182818,0.9944196079247754
4,0.0004353728666730058,0.0003272303877746834,3.23334320059086e-05,0.00018943945814256635,0.9990156238554039
5,0.0019036234345315359,0.0005863417435919419,1.6135005546397468e-06,0.0007005778892164796,0.9968078434321054
6,0.06541943343812422,0.0033679152264948172,7.431400745547462e-06,0.0006958591029961195,0.9305093608316394
7,0.6408191523833716,0.01205761798246546,2.737165208519256e-05,0.0034400436147781484,0.3436558143672996
8,0.35538153708498615,0.05229141530778791,0.00035733315062877143,0.003607153975930065,0.5883625604806672
9,0.2928636773671409,0.18350710949454516,0.001387837888432712,0.00395241324508786,0.5182889620047935
10,0.1496541163176593,0.004954192428599262,2.4518981128172282e-05,0.012791557361275357,0.8325756149113378
11,0.22733055946495062,0.682836136106467,0.0022830710534172726,0.009941536103313036,0.07760869727185199
12,0.049756965441129355,0.7735430516900446,0.11436212927226357,0.009505636974402158,0.052832216622160214
13,0.2000201251704481,0.3098793715968972,0.00074689522795392,0.02659000596060741,0.46276360204409334
14,0.12442494460159835,0.7865801357735933,0.0028230899613667392,0.03601094853683909,0.05016088112660255
15,0.03351001436284967,0.5358389088568358,0.32955327256107175,0.004979707447387074,0.0961180967718557
16,0.05375661796585363,0.02572987473870251,0.00016966591586062624,0.0019492275755357395,0.9183946138040474
17,0.03301638080578152,0.8247791043393456,0.11163132187877084,0.002904759584414106,0.02766843339168795
18,0.10540513760515087,0.10361963318216628,0.0013692429902332835,0.0011431269200443699,0.7884628593024052
19,0.06384084834487697,0.8471458969967757,0.057127805910311115,0.0008641774637340528,0.03102127128430221
20,0.014828420343569914,0.6733810272671633,0.2106112152435289,0.003808405509529634,0.09737093163620822
21,0.19893924809350966,0.19466195053154978,0.0002832973733234132,0.01974532461373254,0.5863701793878846
22,0.002730188829565533,0.3817131581915184,0.5210761043290956,0.0012758011901003708,0.09320474745972009
23,0.007648697252570006,0.17981031818142332,0.029626696946733793,0.0008727490926476345,0.7820415385266253
24,0.001299896954910086,0.0006536435828306111,1.224194300370916e-05,0.0003371548554089821,0.9976970626638467
25,0.0021363690499951317,0.0005381387700733589,4.729120433135215e-05,0.0001633519675399485,0.9971148490080601
26,0.016825977720856488,0.000629882478120412,5.361637181316698e-06,0.00026575320065800565,0.9822730249631838
27,0.8404595192856068,0.0061554700984825916,2.3840748767994546e-05,0.0005183694799077192,0.15284280038723494
28,0.7330649484201037,0.17117552346804876,0.001708986423499691,0.0008340170279265131,0.0932165246604213
29,0.10075959346224135,0.4465336617235751,0.11148481898857969,0.0032809455359624146,0.3379409802896414
30,0.0759342473950653,0.03698122543099224,5.278400486964463e-05,0.0075513573939227354,0.8794803857751501
31,0.3442893595075284,0.48651235894683614,0.0005269642482752406,0.017672618223819627,0.15099869907354044
32,0.4525311338597288,0.49275617508170605,0.0006440375559768246,0.004740266290123578,0.049328387212464804
33,0.1751923723651673,0.7676175382751901,0.011681046943287617,0.00016328425196755625,0.04534575816438731
34,0.0340316764244055,0.8453486362472864,0.10424593950139123,0.0015728846663794157,0.014800863160537405
35,0.21564177071872978,0.5442009566030502,0.0017936839708378,0.012306531168658177,0.226057057538724
36,0.004962714857643853,0.7435448815108863,0.2416155343106567,0.0017575952150545603,0.008119274105758632
37,0.05872812076104937,0.6236181235536917,0.1722283822989986,0.009941582553698139,0.13548379083256204
38,0.02472059785413288,0.03868725183403736,0.00010649454234766428,0.0007049909519447685,0.9357806648175374
39,0.24682126028053109,0.43732188303151753,0.00032565640318375067,0.0021442463927501564,0.3133869538920175
40,0.31555126592493565,0.6299238042843518,0.0017008305400252283,0.0005203413527674509,0.05230375789791981
41,0.09320810752864858,0.7345712515439418,0.1615475008344877,0.00012231274731974097,0.010550827345602138
42,0.003154724696327224,0.4209120725173637,0.5660059508162838,0.0005890316302530281,0.009338220339772206
43,0.07990783990403744,0.06086194058398525,0.0004961648038430768,0.004661693720294704,0.8540723609878395
44,0.12900215382130936,0.8324894117997335,0.002720450424356383,0.004305534656729487,0.03148244929787133
45,0.02033744994999781,0.800289465946957,0.17296982121413373,0.0006271394423478932,0.005776123446563612
46,0.018882842220495917,0.7727595384774469,0.20220875049624287,0.0004201752181687162,0.0057286935876455225
47,0.003974606681163131,0.7741368950175453,0.21181757153799147,0.003919361883398459,0.006151564879901506
48,0.04026680701099453,0.7987662747607008,0.04923301244738379,0.040141243088506945,0.07159266269241378
49,0.14860110378085495,0.5906409516477236,0.0021451963613078047,0.2277079424479848,0.03090480576212889
50,0.018474210281198528,0.7844261516865251,0.16600150429533825,0.0230205565910294,0.00807757714590889
51,0.039749601621198956,0.06190001142258883,0.0008455546707629765,0.00162891385219431,0.8958759184332549
52,0.6891863651082296,0.2335265408063843,0.00019461906765288044,0.0032055866515235377,0.07388688836620962
53,0.14469773012633055,0.8286373188356453,0.005242653713614085,0.0010228211028918775,0.020399476221518133
54,0.0724681429170827,0.8897292671282893,0.02953886792509237,0.00012979658095504037,0.00813392544858077
55,0.005571785596408322,0.5981564946229566,0.38907775732676203,0.0007471799367636126,0.00644678251710946
56,0.16850371965864314,0.5109431436861508,0.0015205903009044791,0.009937762380232903,0.30909478397406864
57,0.008115816148379775,0.9052330644558287,0.08117691105441777,0.00022195171643817662,0.005252256624935537
58,0.029948542759248326,0.6778500230414256,0.10435517228692866,0.00021690199541879833,0.1876293599169785
59,0.3592517117940979,0.117885504311477,0.0002793469425288754,0.002290278596172878,0.5202931583557233
60,0.17633635310616183,0.5614332406878823,0.01524605914148576,0.0006993646817227535,0.24628498238274749
61,0.03504605276374676,0.703144249066684,0.2395137836802251,0.00034711720069648225,0.021948797288647622
62,0.03903086728643601,0.1915844784537053,0.009077810059904145,0.0001247093445559796,0.7601821348553987
63,0.08980732155115229,0.027833248738714518,0.0005350723453279785,0.001333930654124367,0.8804904267106809
64,0.45415605795602965,0.09800984891886905,9.550884032946787e-05,0.0030581251672085878,0.4446804591175634
65,0.3507419273825124,0.5914658101387835,0.0011628933182200921,0.0002448652664494377,0.05638450389403445
66,0.09419295666083354,0.8272152117081879,0.03901846481400369,0.0009383355030619351,0.03863503131391274
67,0.03001583894680853,0.8527320527460297,0.10212232132510826,0.000656453460213672,0.014473333521839856
68,0.003163868472737435,0.6554355328524085,0.33620244471477434,0.0007249196150321547,0.004473234345047677
69,0.05541167271787731,0.46798572561282514,0.12893474314760012,0.0032671948558170016,0.3444006636658805
70,0.07690716877058863,0.0360344572253768,0.0019976257458750573,0.0022209458553110665,0.8828398024028484
71,0.5572525083682535,0.11612062420730966,0.00013181158326154802,0.004230314344678262,0.322264741496497
72,0.37881369105491564,0.5729962710549864,0.0017152630793391866,0.0005045113618551578,0.04597026344890359
73,0.16108271149187625,0.6981572901823019,0.004924710881302763,8.16391188126746e-05,0.13575364832570647
74,0.39439440953898786,0.48516977276784207,0.0004046847596047036,0.0015436869905164927,0.11848744594304882
75,0.1424375099662814,0.8375966058054548,0.0031375277962503592,0.0006232874760855655,0.01620506895592784
76,0.014142493603138446,0.6954501514870256,0.2825626336145883,0.00044320659132179575,0.007401514703925792
77,0.023973348327729883,0.827605792453828,0.055676883966730435,0.0004399101061338344,0.09230406514557796
78,0.04747397264257457,0.9343864722033369,0.0031487976519019613,0.0020223464256194693,0.012968411076567108
79,0.029088480977613514,0.721342784071864,0.17728958418406204,0.0022193324617909866,0.07005981830466941
80,0.23590937302517767,0.5163772682590689,0.0017271629166488644,0.006486228115039941,0.23949996768406473
81,0.004983384677203747,0.6900789593257042,0.29634227087748066,0.0008071214087264492,0.007788263710885031
82,0.06635196220117252,0.07111888782292945,0.0022246298049953934,0.0021584747180010823,0.8581460454529015
83,0.19227709360954387,0.6903923168670448,0.02099274050526753,0.0035071389191459134,0.09283071009899797
84,0.09186911478512176,0.8257933138742306,0.02973958694175773,0.0032347381185108747,0.049363246280379136
85,0.05185692789402038,0.37852417566616237,0.5400602108446807,0.001551414180451383,0.028007271414685068
86,0.0041273711282398895,0.01398600153877927,0.008031573364123069,0.0005218024302900712,0.9733332515385676
87,0.24912507112556478,0.044848305763003284,0.0008631366229580735,0.004985008216656511,0.7001784782718172
88,0.4698326339589276,0.37150084965678665,0.0010061267046456276,0.020049747030613147,0.13761064264902695
89,0.18655328543213592,0.7163923563104867,0.06186675436010961,0.0013765348308334292,0.03381106906643426
90,0.03164192173721405,0.692541175932055,0.25809559439647256,0.0017968951552270892,0.0159244127790313
91,0.05836734780976322,0.7564107133619122,0.09265789937425949,0.0037646665329028146,0.08879937292116218
92,0.07577167599958674,0.04031006839218734,0.0005114466317766681,0.0055298569486146925,0.8778769520278344
93,0.0905991478437963,0.79366091241678,0.02053936666711285,0.0078584760753214,0.08734209699698921
94,0.42438400204449617,0.09267761862811365,0.000539506142124652,0.010859355665347202,0.4715395175199182
95,0.16904341740256826,0.7962868722183831,0.010987921580331735,0.002160766126412146,0.021521022672304487
96,0.29209306608257035,0.12561091732535903,0.000929979480294177,0.004851331013648009,0.5765147060981284
97,0.06531178729246713,0.8951675931383436,0.017738350159461368,0.004300361689857769,0.017481907719869887
98,0.07186300075537384,0.639609781396582,0.01388156451325081,0.007731544574807287,0.266914108759986
99,0.014330137711618689,0.8453311608513059,0.12101099087293123,0.0055982277930221366,0.013729482771122068
100,0.033821204190117665,0.4244607137201996,0.09550364311732397,0.01670902738169769,0.4295054115906611
101,0.11110066079722376,0.2057899299587998,0.0017068940343371805,0.016984739674210533,0.6644177755354287
102,0.1918637388484148,0.38941716301411866,0.003852471242833939,0.028764321997667607,0.3861023048969649
103,0.04182266672603637,0.08981133344792466,0.0024343159229775527,0.009468480096331151,0.8564632038067302
104,0.11533230596793571,0.05305440369497918,9.41962815265832e-05,0.0026515089829275383,0.828867585072631
105,0.23830939596102188,0.432019611754157,0.00036455665126515713,0.0031324914491069862,0.326173944184449
106,0.25733834623651636,0.08566348761795979,0.0001084433216120781,0.002288581905584159,0.6546011409183277
107,0.03852004777902047,0.7904228187006663,0.12702648870756791,0.0013228009256873372,0.04270784388705803
108,0.03220955124653649,0.08171808628864104,0.006222857535245857,0.009570164407519137,0.8702793405220575
109,0.1277943494733341,0.5260926486127323,0.003126141537828078,0.026158749702081728,0.3168281106740239
110,0.022664282083749925,0.5614894211649206,0.005216057023967527,0.007606789381141473,0.4030234503462204
111,0.00015419270380729252,0.0002914705787077714,0.000156411971933057,0.00023619474160565857,0.9991617300039464
112,0.0013757366618680994,0.0003647573524174443,1.2981511847115238e-05,0.0003036598219113698,0.9979428646519559
113,0.0039394124567608034,0.0004087250355560583,9.802081664029899e-06,0.000510533163519742,0.9951315272624994
114,0.0016671525172829312,0.00010953370715196356,1.6379846655812524e-06,0.00017642783046302652,0.9980452479604365
115,0.25486811743802557,0.007574137256782664,7.857143111855468e-05,0.0010325753515550442,0.7364465985225181
116,0.7415230744463097,0.010646420077587529,2.6683663947463257e-05,0.002135348651013596,0.24566847316114165
117,0.22168971661372114,0.6544919401639397,0.03674862646476197,0.0029525962596375958,0.08411712049793954
118,0.32524025592515293,0.1481601792063683,0.0003128827876432254,0.03458153741413854,0.491705144666697
119,0.03136239772901914,0.9105702325920104,0.02618561019812295,0.011252630415406148,0.020629129065441388
120,0.03968574250740597,0.4515682729851285,0.01834958373832875,0.022662821672751923,0.46773357909638485
121,0.003428562361818805,0.00956694586945422,0.00036734610494973375,0.002713344198841735,0.9839238014649355
122,0.012396507679200674,0.01307632721513987,0.0004779161857142415,0.004852078853157601,0.9691971700667876
123,0.3210326289706921,0.020604293397770646,7.749588702565744e-06,0.01877631386923992,0.6395790141735948
124,0.06253081518884519,0.012360272983454008,7.170848586351447e-09,0.002182579900558833,0.9229263247562934
125,0.34004922337943055,0.46573505128172066,0.0010264411109867618,0.0037053558697635355,0.18948392835809857
126,0.3427366955403578,0.5324118126216907,0.001843949261508045,0.009874755874106082,0.11313278670233738
127,0.04325186701194389,0.6926329743071401,0.21471746568486416,0.009158317029222903,0.040239375966828826
128,0.00748623987083415,0.01901447356954753,0.00048039742184991034,0.00440569763945374,0.9686131914983146
129,0.18875507578391337,0.5908444844888407,0.0027669265584520024,0.0825842819243958,0.13504923124439805
130,0.03560575748759311,0.02943671647485855,0.0017443209266338221,0.005663776249507527,0.9275494288614069
131,0.08342040167999003,0.8473230309934846,0.01129455093005467,0.004094264408039577,0.05386775198843095
132,0.022288982450579167,0.04014370644441428,0.011635175899826263,0.004844175587224462,0.9210879596179559
133,0.27201806960963243,0.014908185856389011,5.802841529348937e-05,0.019106152256867875,0.6939095638618172
134,0.4093314292578937,0.3833744513247317,0.0020350406337733737,0.037785807911912855,0.1674732708716884
135,0.23151621753407514,0.023544407633583942,0.0002752513902643021,0.008118113026426996,0.7365460104156497
136,0.10225526603848005,0.8254243099681895,0.04197289231149228,0.006502208178116274,0.02384532350372184
137,0.06992599045456001,0.20579189066839038,0.05317315919210725,0.010386676000371891,0.6607222836845705
138,0.13919503707876388,0.02001539712265161,0.00022380563571014315,0.011814088569614427,0.8287516715932599
139,0.2391316646983591,0.05322294144725066,0.00043743586800193803,0.007245534144988821,0.6999624238413995
140,0.24707315166767008,0.6987668678563157,0.02376521146965384,0.0033254507445978176,0.027069318261762662
141,0.0354549431526597,0.6742882367759534,0.2796724588445256,0.0008762912205397232,0.009708070006321604
142,0.01367553360750842,0.7286552939641562,0.2311972472874183,0.003271430443551367,0.02320049469736581
143,0.11940584117393803,0.23154369507767728,0.002199072316313854,0.016524714088604696,0.630326677343466
144,0.03197010352752358,0.9380738075308348,0.01158228269580397,0.006414087231596187,0.011959719014241473
145,0.08769820520217524,0.7548584563728612,0.09065741857066512,0.0033347699619263108,0.06345114989237222
146,0.004588098763360072,0.41922586308277066,0.5688627965437971,0.0015131683539384227,0.005810073256133623
147,0.027392315242376345,0.08641920654947097,0.007928154160149399,0.005043911028241456,0.8732164130197619
148,0.05027205706169561,0.8798787803858383,0.014407879257024813,0.013688235323854455,0.04175304797158682
149,0.03807371193082284,0.42607188116938727,0.07705578349888982,0.012194216391017433,0.4466044070098826
150,0.0021875381147742484,0.0035821565645860224,0.0007026023428649778,0.0005650765712146216,0.9929626264065601
151,0.001859862503965455,0.0013159184786290885,7.171854820977665e-05,0.0003765163202224765,0.9963759841489731
152,0.5511380510992128,0.07361757769776202,0.00012049411697176801,0.0033860191465175083,0.37173785793953595
153,0.48695805712909473,0.3911951221755883,0.00046819108273985795,0.005770567041415587,0.11560806257116149
154,0.12061938256263507,0.7151372556221072,0.043011904176802306,0.017594898262362428,0.10363655937609301
155,0.012937923647545037,0.039278987135466945,0.0018661046193079972,0.0059791461755009994,0.939937838422179
156,0.0048419815814907995,0.005632656078050206,1.8227181354719064e-05,0.0021434156676620347,0.9873637194914423
157,0.28491199756783914,0.03566642041082344,7.450194555103761e-05,0.019490434590871866,0.6598566454849146
158,0.25945724479785637,0.4226680234717634,0.003676004855244252,0.004830881560903221,0.30936784531423284
159,0.3236010720664356,0.5577601271847514,0.003397493885919774,0.03603407246723154,0.07920723439566171
160,0.10646479893673615,0.5046117536120318,0.0071238444731905985,0.02952291494921665,0.3522766880288248
161,0.14018323757827922,0.25699969415969665,0.0014090120664993714,0.07591351764119271,0.5254945385543321
162,0.018399213373881184,0.9258664538267756,0.007094725360428265,0.03956784670236392,0.009071760736551119
163,0.019410108403361877,0.03682189730825758,0.0072628581613573984,0.006518967186485981,0.9299861689405372
164,0.13101236020611184,0.0209347823905119,4.7595600388013964e-05,0.05450408112390356,0.7935011806790846
165,0.05069683147138806,0.5977201105000536,0.09484682891254458,0.011112715329534803,0.24562351378647898
166,0.0030607976541200113,0.001413246298823589,1.1009006256344747e-05,0.00425695544423042,0.9912579915965697
167,0.0575867380004751,0.013453059332591543,5.79021678046896e-05,0.016721299100119425,0.9121810013990093
168,0.17646910236837465,0.035643746096457596,3.7590367460700835e-05,0.04096455048762814,0.746885010680079
169,0.03493742209619134,0.005862538126862829,0.0009250397499008287,0.011834656833152189,0.9464403431938927
170,0.004297002990123367,0.0029197119207172067,0.001496669400291676,0.0024073402869261625,0.9888792754019416
171,0.0013152583479362106,0.0006359322700169594,7.184422832849158e-06,0.00112036530785233,0.9969212596513616
172,0.0069893051694147395,0.001057156104909196,2.748479297455091e-05,0.0017694137398563306,0.9901566401928452
173,0.031861298584444954,0.003923353250402771,0.00012413304035720443,0.0034848332189524648,0.9606063819058427
174,0.03992660520617037,0.0052535772347161854,0.0001728663547074319,0.0027218404613545155,0.9519251107430514
175,0.03924668467656608,0.0061151778042067536,0.0001441587531836802,0.003327037090654314,0.9511669416753891
176,0.039217277159498416,0.0026063520509908783,1.465030407253276e-05,0.002393039512469553,0.9557686809729685
177,0.3048461081355934,0.14905427551602246,0.0006299431457931044,0.015208775676633661,0.5302608975259573
178,0.2658614467864968,0.006921067632757175,1.7187001064557422e-05,0.006111441851964271,0.7210888567277172
179,0.14558985614238376,0.6940314920966167,0.0630052367427103,0.01103831750623896,0.08633509751205015
180,0.04756902482773789,0.1331195629430394,0.010598162192039112,0.0191603970324374,0.7895528530047462
181,0.1826383950136739,0.31875949933623127,0.0035672925410866973,0.0455504163050032,0.4494843968040049
182,0.051607137326401195,0.6391990895944406,0.027021150166191554,0.014578285478310776,0.26759433743465594
183,0.01548281079417535,0.009385689304315313,8.111906570552031e-05,0.0009976480315567453,0.974052732804247
184,0.4084763022006781,0.15258667646079155,0.0002405540840096541,0.004486025107330119,0.4342104421471906
185,0.7978618396196486,0.11627573766334114,9.133440130887174e-05,0.004061530182890343,0.08170955813281096
186,0.24131170662089435,0.7253884540025534,0.022465048230861543,0.0019959788917429193,0.008838812253947743
187,0.2259818550574755,0.6402774573332245,0.004981479102828797,0.02074853905916703,0.10801066944730417
188,0.014271809577592947,0.6232099883721421,0.34557845979293667,0.004622053338051405,0.01231768891927697
189,0.0316361027687609,0.19663215004361406,0.004332704876055561,0.008751233903672731,0.7586478084078968
190,0.2895739512465718,0.5644499833841883,0.0008119414417602225,0.06940421647079176,0.07575990745668791
191,0.014422081601170558,0.9217054684295658,0.047185189576299004,0.005293487634055028,0.011393772758909513
192,0.08406957575591917,0.1023515467649446,0.00043291528133437043,0.021404624398435962,0.791741337799366
193,0.12188727548617598,0.05568372980880314,0.0001278351303641744,0.01137239824952779,0.810928761325129
194,0.009462419467253923,0.018846058132859778,0.0008572228993942714,0.0006923718569259763,0.9701419276435661
195,0.28020190350513524,0.046812967882180125,5.631125999009938e-05,0.0018037028686782187,0.6711251144840163
196,0.15322057419352642,0.7824821532467356,0.03341954551489922,0.002038138248267172,0.02883958879657154
197,0.2168962238580753,0.3641774879095558,0.022021251389591594,0.0092550293878936,0.38765000745488387
198,0.11936625596091834,0.8107469856488443,0.00467816756985447,0.027385678329686407,0.03782291249069665
199,0.026960202170232647,0.941123953855377,0.015163818386704055,0.0041498350704892144,0.012602190517197059
200,0.32955407524724784,0.5328723142402125,0.0004864543517473727,0.0119377331341666,0.12514942302662574
201,0.008597423868185664,0.8087040261163967,0.17801846998422238,0.0011312090646584615,0.0035488709665370474
202,0.039124022811362784,0.7270752281733507,0.16029302206529406,0.00251529236868196,0.07099243458131045
203,0.2929872176280439,0.44926376605672763,0.000978913687165487,0.020874617882702208,0.23589548474536068
204,0.08821648822730681,0.7643692552828587,0.05360555874605583,0.011236925427640392,0.08257177231613831
205,0.406858773997992,0.38419523866204425,0.0026520852594688346,0.017208375450682652,0.18908552662981243
206,0.040549117638454354,0.7359498237892691,0.20604295558477367,0.003783564061729756,0.013674538925773217
207,0.3695557884781538,0.4275418651949414,0.0017465194483720582,0.023513272015612846,0.17764255486291972
208,0.002721276334123863,0.3744044318809292,0.6197856475285216,0.0009617888190658105,0.0021268554373595045
209,0.05554512168534817,0.23394286802710884,0.00857718000717911,0.008041880627514564,0.6938929496528493
210,0.47245262128273746,0.19235407237212557,0.00047936294541715217,0.029202530455197686,0.305511412944522
211,0.04549332698710061,0.8300459689364309,0.0900613964022593,0.007236264768973257,0.02716304290523618
212,0.1486180281999644,0.15171233118497546,0.0058319036701210344,0.011246979493742239,0.6825907574511968
213,0.15379577627729143,0.6804345207682947,0.008072780693684192,0.053640070299753984,0.1040568519609757
214,0.037874722455428035,0.6381677444952751,0.20822190792315085,0.015734245587646096,0.10000137953849984
215,0.10069232517571543,0.09896552140620092,0.0005919139648529224,0.16685941253268735,0.6328908269205433
216,0.15753059695282057,0.11921102985574686,0.0006996181908759837,0.30387205211572965,0.418686702884827
217,0.006447673397687086,0.003508854574817673,4.4836955458386396e-05,0.024047538090610502,0.9659510969814263
218,0.029166271554244397,0.005807650851713295,0.0004386215847235986,0.001798528862414179,0.9627889271469046
219,0.6518534576420423,0.29157426214681437,0.0003611432823597445,0.016264436269208038,0.039946700659575646
220,0.29447825792644905,0.5667316670948046,0.02678639268183593,0.0020908831097579917,0.10991279918715244
221,0.652572047023397,0.17534839416837428,0.0009195532510864742,0.011759509783361878,0.15940049577378043
222,0.04076742230018266,0.8152318837949994,0.13668370859499165,0.002246250191430735,0.005070735118395453
223,0.003248175803032221,0.634681815622021,0.3597699672124542,0.0004791097028943179,0.0018209316595982615
224,0.00219474102557151,0.6693437627131645,0.3265454686132944,0.0005941543419630481,0.0013218733060065312
225,0.0014043225631187645,0.33089496833890286,0.6631661089605354,0.0024570158340527287,0.0020775843033904247
226,0.004101991944136129,0.4051967092045587,0.5844335736032811,0.0030078098539479564,0.0032599153940761536
227,0.004749648419903907,0.12892593615809747,0.8552647765430441,0.005449394412434852,0.005610244466519806
228,0.08744861545665973,0.48346498304200564,0.013587974928222668,0.2994500781218729,0.11604834845123897
229,0.06119402477275059,0.052787616094067936,0.0030422821311772907,0.8451188596805757,0.03785721732142846
230,0.01008023715591652,0.00692519956964567,0.00020924461042369293,0.9783341360217033,0.004451182642310722
231,0.06863520265893763,0.010666381131954455,0.00034006236987124265,0.769034637734107,0.15132371610512965
232,0.057355846083084104,0.02884905033749571,3.497094981441485e-05,0.9104468722784325,0.0033132603511732287
233,0.028511604626530594,0.011416878354040615,7.976974474154027e-06,0.9558599006269283,0.0042036394180264116
234,0.019036241597552142,0.020033680973952802,2.5206922207008745e-05,0.958475449131421,0.002429421374867093
235,0.010505467847770207,0.007816277026362168,9.13593260520632e-06,0.979160627549158,0.0025084916441044016
236,0.015001518028352423,0.007890929636560547,1.9385441861612554e-05,0.9404553199383454,0.03663284695487977
237,0.02233029867247581,0.01482054660827944,1.8335362288866987e-05,0.9581740395201954,0.004656779836760445
238,0.048893078680310134,0.02389531910213221,0.00025502337388462216,0.7634747163595351,0.1634818624841379
239,0.046311723597393495,0.006541961916092633,7.612873759980441e-05,0.9329580962628631,0.014112089486051145
240,0.019729912946620985,0.02026522489433076,9.097012962275428e-05,0.8533043602181855,0.1066095318112401
241,0.0568905817205328,0.010631379570354616,1.550806821320691e-05,0.9137339304666158,0.018728600174283568
242,0.052726700780918276,0.015244352066211782,4.3065193611722576e-05,0.8562556140501342,0.07573026790912421
243,0.10022460755117098,0.018876986665221238,2.7287598449165062e-05,0.8471550870776111,0.03371603110754747
244,0.09615311629508014,0.038287651352171465,9.063371915495585e-05,0.8515918534148085,0.013876745218785074
245,0.024570084904332053,0.008724843043391975,0.0003135983805987587,0.18079443381942362,0.7855970398522536
246,0.07764772148117235,0.06232196489831383,0.0003495117666405908,0.8418592741786428,0.017821527675230455
247,0.038147901733211656,0.04195602513458145,0.0009734455033570031,0.6434041588861511,0.27551846874269875
248,0.09711565148208964,0.007978419162437293,3.121335709013987e-05,0.7982288008697066,0.09664591512867635
249,0.06244893563329701,0.4425117851628127,0.0019960333715769306,0.4665851014699762,0.02645814436233706
250,0.10726573453915927,0.010730112180798574,1.3008791411277708e-05,0.8443315465784982,0.037659597910132674
251,0.08866185508545571,0.1133679940177019,0.0019861352068635558,0.7551921545187783,0.040791861171200386
252,0.020790073680188578,0.015330578178111723,0.0001709274702898298,0.8549948766968773,0.10871354397453269
253,0.11229231275880269,0.006981452712062669,1.2673168273197143e-05,0.8545896575317801,0.026123903829081353
254,0.05182834184676831,0.04484507935937215,8.817801461538722e-05,0.8839267754564898,0.01931162532275436
255,0.11874475300984488,0.0242734210029537,3.1216114412484485e-05,0.8286021276343465,0.028348482238442402
256,0.1365272809146734,0.23182380498283386,0.002340331685371728,0.609429596829588,0.019878985587532986
257,0.04424063149338407,0.04959711302178767,0.0019780560122100313,0.37944563250041413,0.5247385669722041
258,0.035883150918707536,0.27607949187026765,0.002023094709561967,0.6710860361478994,0.014928226353563376
259,0.042190424762906326,0.01771905770938528,3.0095763237796893e-05,0.8736591607427435,0.06640126102172705
260,0.07708732502457769,0.3388367017627583,0.0007698623782869857,0.5520205577644957,0.03128555306988136
261,0.06598810653556018,0.0413046470530046,0.00018458828778622824,0.4272907088509452,0.46523194927270367
262,0.05842890115459955,0.007346409098089443,0.00012422067599585543,0.10365056194723285,0.8304499071240823
263,0.2338203785991448,0.0468051604600738,0.0002070292380205704,0.15532152772074637,0.5638459039820144
264,0.5247340638888234,0.283510169738785,0.00020445001419496647,0.12291012854115091,0.06864118781704562
265,0.08843446017631552,0.7990341772469096,0.0012118564138378402,0.07999427992662782,0.031325226236309
266,0.03589082633134132,0.06055929140457894,0.0022723186066431894,0.032618649199574835,0.8686589144578616
267,0.025034907350569992,0.9074485952618115,0.0008314653083051743,0.01697942411933263,0.049705607959980795
268,0.004493286671322577,0.006219267626044511,0.000133469185347864,0.004107875291369461,0.9850461012259155
269,0.0825249457565371,0.043717386839272454,0.00014356081712513604,0.025499252011282735,0.8481148545757825
270,0.04770992798861782,0.21610772448385324,0.0005288031781461041,0.11051597153335985,0.625137572816023
271,0.0033602800141155453,0.0017778743712728833,4.9289492035945376e-05,0.007522309998649049,0.9872902461239266
272,0.0019854464909135464,0.00112809721964585,2.905709657551004e-05,0.004039852502981359,0.9928175466898839
273,0.00551636014472793,0.005179313047087578,3.131854871663754e-05,0.0030800956344068263,0.986192912625061
274,0.030795922596434554,0.0009272888866177904,1.2413147649563717e-07,0.0005750962265037553,0.9677015681589675
275,0.0008447885147848772,0.000317647743698185,1.9643193889210844e-06,0.0001148915418483989,0.9987207078802796
276,0.0006325092368607883,0.0008508399031087848,2.2147200352349477e-05,0.00026118356090048183,0.9982333200987776
277,0.0003739498602751673,0.001591391040851456,0.0001502679764990928,0.000353938454789473,0.9975304526675849
278,0.0005344730134724994,0.008979986074217952,0.0004558624287372363,0.0004035977007693379,0.9896260807828029
279,0.0004231300420818865,0.009044043532857269,0.0010456364967740195,0.0005556729627497598,0.9889315169655372
280,0.04157224877357825,0.009286326954830212,4.569848259214922e-06,0.002524310607184013,0.9466125438161483
281,0.0006039808151664204,0.00644851967514279,8.598918836340734e-06,0.0008290941050515322,0.9921098064858028
282,0.00673539674924198,0.017893008245904098,0.0007702200604794945,0.002433902472139614,0.9721674724722348
283,0.0023468625271732056,0.011543776193513726,0.00031712059272045,0.0023450830923750997,0.9834471575942174
284,0.0017414638041962742,0.0033392800958854216,9.176549874427766e-05,0.0016709651976164945,0.9931565254035575
285,0.0020339057684183987,0.0009883706350858363,6.795107036941221e-06,0.0019000498333722,0.9950708786560867
286,0.012856025695093191,0.0026720805059994002,4.163548445768212e-06,0.0031315228469185235,0.9813362074035431
287,0.036118063338635986,0.0016531744944314386,4.304550422071072e-06,0.006301551648031964,0.9559229059684785
288,0.22939827294549905,0.005301396875217744,7.359616944555641e-06,0.035540132910019624,0.729752837652319
289,0.4587320831677859,0.08687575974396496,0.0002864766944100017,0.20262521229224473,0.2514804681015944
290,0.4153755637829646,0.13517081766047706,0.00013051887106285044,0.2777358918092044,0.1715872078762911
291,0.06901649889976648,0.02767957258366942,0.00026494289998185325,0.25797295018479593,0.6450660354317863
292,0.13190884596236022,0.20110883158187357,0.0002562528492338452,0.6147860520406655,0.05194001756586697
293,0.15762774831052132,0.17744445247361165,0.00033117703037934616,0.5880475725164409,0.07654904966904671
294,0.020026195648803268,0.8042109363151221,0.0477354735286152,0.11510998990114873,0.01291740460631083
295,0.016843088418587216,0.01948202324613715,0.0006509412681003151,0.13018556699454328,0.832838380072632
296,0.13131354592177827,0.022228181068152292,9.925773446127046e-05,0.7213037697202026,0.12505524555540545
297,0.12777170002784072,0.028941064977984945,0.00011252463147343909,0.6522478918773438,0.19092681848535703
298,0.19297021507462403,0.15005894079248822,0.0008032675832434454,0.22098247368092688,0.4351851028687174
299,0.5091177682524786,0.06628492766072526,0.00024885610079082414,0.15494805779508816,0.26940039019091727
300,0.3713373599756412,0.4649399645389424,0.001129032789500562,0.14034880499993496,0.02224483769598088
301,0.034473598430852986,0.9419790470227629,0.0018013320308294264,0.017798597956823675,0.003947424558730932
302,0.027232232013605643,0.8818755993620093,0.04839151358219308,0.01921285483207922,0.023287800210112675
303,0.17806850716725725,0.329634176998534,0.0006959899200261549,0.217648823905201,0.2739525020089815
304,0.0918125686862194,0.8145294043978961,0.016325998397691065,0.05549692687287457,0.02183510164531879
305,0.13045095533018158,0.5862955699229307,0.016243692048001773,0.11537053999998277,0.15163924269890308
306,0.04330282897157366,0.9098607074504185,0.0023164573278724554,0.038474327383005956,0.006045678867129571
307,0.0247250095688534,0.4700807912243403,0.40290510734841123,0.04702417733566084,0.05526491452273423
308,0.12346147058086905,0.16307856669708912,0.014137151931664982,0.1220372219829263,0.5772855888074506
309,0.18579624977212167,0.3127239764384411,0.008592527166726755,0.3014901893533337,0.1913970572693767
310,0.30042646932631806,0.3896452256498885,0.011750518327582922,0.16020730769524658,0.13797047900096387
311,0.19437209073724893,0.7148244299748049,0.022663491301473,0.05352031971195486,0.014619668274518494
312,0.19081584059062529,0.27001140553998704,0.007420537438501108,0.0703760588937729,0.46137615753711364
313,0.13839287980693163,0.5414095652211253,0.0312152362915898,0.1586860414382247,0.13029627724212856
314,0.5757882897468928,0.18662476176639253,0.0030488979934385507,0.17722953550644827,0.05730851498682796
315,0.046914754097181766,0.8867739728713957,0.053651848987124266,0.009005482996767433,0.0036539410475308594
316,0.3695250114701036,0.41938749840654854,0.004978577945181167,0.03143933992097635,0.1746695722571904
317,0.07927476396847756,0.9005392038316782,0.001494265451260505,0.01175362865240442,0.006938138096179325
318,0.14076110410207715,0.7357607412646152,0.01118406799957413,0.010406722375663759,0.10188736425806984
319,0.039438444608305236,0.9475188492968335,0.010028465428437976,0.0010297225445254272,0.0019845181218979403
320,0.02613155025301985,0.9022843597905049,0.06512975100652564,0.0014823838739810088,0.004971955075968393
321,0.0026955328653778953,0.5674781185773805,0.4260196347075164,0.0015558575011787137,0.0022508563485464906
322,0.027101818102811866,0.9266192030777122,0.034646135616980434,0.008560532268877328,0.0030723109336182755
323,0.007808288776044824,0.8442289066522412,0.14176753490186653,0.0035904656909642716,0.0026048039788831878
324,0.04183690579629487,0.8581534422609187,0.06201679584976811,0.015582189268219093,0.022410666824799193
325,0.0023835206594772134,0.7477393887858321,0.24670223261136331,0.0019332481558013643,0.0012416097875259419
326,0.09166901391645582,0.7391788112566283,0.03994296452495256,0.01734284829947119,0.11186636200249216
327,0.05114921727745146,0.8824593125947042,0.05414685719622147,0.004872343461365019,0.007372269470257727
328,0.08040227045719157,0.7699949009122914,0.022680192298855283,0.00911988629512851,0.11780275003653307
329,0.017331313343322,0.9513903141922678,0.027515695568208872,0.0019151529237389539,0.0018475239724622255
330,0.05950021304744323,0.8394606420357572,0.029500500927612888,0.0032945482710308497,0.06824409571815584
331,0.010907308855754656,0.7788729058288089,0.2051376396119713,0.002238927861366714,0.002843217842098489
332,0.032819677360332554,0.7692431287381222,0.12676203969050642,0.009355407779260458,0.06181974643177836
333,0.2074838680153256,0.7003372830651833,0.0050790117827705095,0.0072093615684775385,0.0798904755682432
334,0.05438400806340197,0.7265273874907361,0.18506648577989257,0.0032167690272325803,0.030805349638736754
335,0.027453676178293626,0.9529440902850433,0.014602347056239678,0.0013914515211598017,0.003608434959263373
336,0.053923014294197096,0.8147209379748316,0.0822188175631753,0.001786438786965876,0.04735079138082995
337,0.004371929678301806,0.889756454224692,0.10380584926214359,0.00043395927562154245,0.001631807559241095
338,0.007294810699783465,0.7898089481869809,0.19830210055422162,0.0006617160713116351,0.003932424487702266
339,0.005765598545587734,0.7232137368455998,0.2676549943519689,0.0006000149561539269,0.002765655300689646
340,0.003524630521076341,0.5856791406577848,0.40807022066666004,0.0008111359958015525,0.0019148721586772245
341,0.002815741322351706,0.41197819941074315,0.5828411451454473,0.00045094137842691665,0.0019139727430310587
342,0.053117319107520475,0.8054195516482897,0.11610622445621183,0.0024629093731796596,0.02289399541479818
343,0.011294614736986307,0.605758721039165,0.37854672818093826,0.0012596111754918592,0.0031403248674187543
344,0.033703493852865425,0.7332498876348631,0.2156896365906377,0.0017069719844576535,0.015650009937176048
345,0.006685942878395071,0.8611901062988604,0.12986770061017022,0.00047271476493539313,0.0017835354476387997
346,0.02944969292876425,0.8473291181589719,0.06643345197056447,0.004056192513121555,0.052731544428577734
347,0.0030627320154236336,0.2982185753927125,0.6957736673413819,0.0006440807032277102,0.002300944547254127
348,0.004441228222534493,0.44577942563649536,0.5449605505600307,0.0009008133951380163,0.003917982185801362
349,0.02522478870886907,0.6906271947996718,0.2624673667654878,0.003160788814065079,0.018519860911906313
350,0.034205554832021604,0.8521857533911893,0.10084240315296743,0.0027128498873909682,0.010053438736430685
351,0.0014741954702987168,0.3556077266475917,0.6407419560972145,0.0006980869759646666,0.0014780348089304958
352,0.005804418566618285,0.41271047126510596,0.577509752064574,0.001391387102868665,0.0025839710008329565
353,0.024432792707689385,0.7439322117630507,0.2167878023466558,0.004427867460010154,0.010419325722594049
354,0.14054692680085634,0.6686107245774864,0.08936650231760274,0.026302253239725088,0.07517359306432962
355,0.004322073189802555,0.28345998783572,0.708346058550662,0.0017002273507245142,0.0021716530730908775
356,0.08143828315485376,0.679107141821781,0.17507398099238805,0.004195348333657183,0.060185245697320096
357,0.04571211096993256,0.7971707059711559,0.14972748133104,0.0011088198356884703,0.00628088189218302
358,0.08278798430352345,0.6722233709154956,0.03243970511900126,0.006290971264387708,0.20625796839759214
359,0.010936650633009845,0.7174364600910158,0.267531914490298,0.0005038269400128576,0.0035911478456636422
360,0.04569443138892487,0.5320004509456586,0.3795807755972647,0.0026700969438826225,0.0400542451242691
361,0.03866986897213047,0.9120013017244913,0.03850784352615627,0.002267865823229806,0.008553119953992225
362,0.011275788894238206,0.5969359962249302,0.38679693866385495,0.0012568264133881396,0.0037344498035883455
363,0.023307898576841138,0.7064726236240216,0.26264392337134673,0.0013348896009355335,0.006240664826854968
364,0.0335019806255799,0.6188584421732525,0.28380991702958147,0.0049999910972585455,0.05882966907432759
365,0.05281487032774899,0.8981343766069504,0.03202909198296658,0.004479283222382622,0.012542377859951524
366,0.11866218183586495,0.7021762547961595,0.022917766973457775,0.018472041303252158,0.13777175509126555
367,0.058182820376609684,0.8996340844084095,0.02346248783583855,0.002822815777111669,0.015897791602030472
368,0.02412347315518206,0.8138437798212051,0.15353271632428392,0.0014813375905637733,0.0070186931087650225
369,0.013627325042895065,0.8502158521282227,0.12580262393005684,0.004338224918285977,0.0060159739805394
370,0.004353810704876143,0.7360874087176493,0.24440523396860836,0.010560246521133566,0.004593300087732546
371,0.10292197712668569,0.33618772164548183,0.008970769951842546,0.0596351464798934,0.4922843847960964
372,0.017211058434053593,0.9117784892787743,0.02041471189515311,0.035806340365539584,0.014789400026479469
373,0.18752358524080445,0.3836465267239515,0.007419105813984875,0.21934717130971004,0.20206361091154917
374,0.23643391982330542,0.15148395313516413,0.00022998307205966006,0.24445925600973245,0.3673928879597384
375,0.047707872881725094,0.12928798859637405,0.002149125974280377,0.0785478090705347,0.7423072034770858
376,0.1563690147463794,0.049967364633020483,0.00026893823884658474,0.3128551870945089,0.48053949528724466
377,0.22867437280911088,0.12871747839403472,0.00037902456087354953,0.12868457142682202,0.5135445528091588
