epoch,N1,N2,N3,R,W
0,0.0001428884008935275,7.896473145031931e-05,4.536805343441443e-06,7.841421645375902e-06,0.9997657686406674
1,0.0002979490675261544,0.00029787899128834217,2.5449555792702917e-05,5.162348442968015e-06,0.9993735600369499
2,0.0007565136976187065,0.0002233253798766467,6.885174821997531e-06,1.792703443854907e-05,0.998995348713244
3,0.0009331146382635173,0.000203783833409291,0.00026278706852955145,1.761632696818074e-05,0.9985826981328294
4,0.005224828298572275,0.0008559003202160494,4.772545019766091e-05,0.00010892931468270573,0.9937626166163314
5,0.023128214190365662,0.0016560424701689681,0.002087493365194155,0.0003096813541492094,0.9728185686201221
6,0.031026666531278006,0.0014884174538421229,9.37472879093131e-05,0.000550695250267653,0.9668404734767029
7,0.02345911577347902,0.002741307268649014,0.00019853491891670214,0.0009200712215177143,0.9726809708174374
8,0.015278282797883399,0.003778408929716417,0.00018149394179864202,0.0014770779242481325,0.9792847364063535
9,0.01830700085243712,0.004626316222010575,0.0002492519582876579,0.0018248852978225458,0.9749925456694422
10,0.028335520692357737,0.008832055129211638,0.0002433342932408765,0.0020358286148740162,0.9605532612703157
11,0.04140932564156902,0.009506815785272692,9.707964926996267e-05,0.001944432598635409,0.9470423463252529
12,0.05949451921466502,0.021487959088349988,5.356552184137352e-05,0.0015698008862483342,0.9173941552888953
13,0.3848243347602332,0.37271924320417793,5.410699841432104e-05,0.004366629439875949,0.23803568559729862
14,0.06672928075417088,0.9094047151450055,0.00027303679137907386,0.0023389086409002714,0.02125405866854422
15,0.03926995283263713,0.8901964561508942,7.162576567149332e-05,0.036046376966983235,0.034415588283814004
16,0.06677526739101412,0.7998387294841223,0.0002482889813853806,0.0491533065591173,0.0839844075843609
17,0.006679995470330661,0.9722218040366767,0.0005582376633123083,0.005539795647319724,0.015000167182360491
18,0.015612312433846033,0.9386076972825275,0.0003435095623167966,0.01450819918148453,0.03092828153982519
19,0.008884244247016436,0.9704576707228766,0.0014706213133228738,0.006925548124378765,0.012261915592405363
20,0.008864948563163208,0.9336959246373892,0.00061994706053727,0.002271546973282941,0.054547632765627206
21,0.013302730253410788,0.9652521925164204,0.000892695105643473,0.003955487326549635,0.016596894797975936
22,0.002330821008837073,0.9780511638258343,0.007380010724870688,0.0013921644953994738,0.010845839945058524
23,0.005837058072905556,0.9672613756028162,0.01194096036514476,0.0008579048751596733,0.014102701083973978
24,0.007392074492843562,0.964731435144267,0.003989566523439109,0.005736880235726858,0.018150043603723156
25,0.010607443720850674,0.9622925188470574,0.013466331620742197,0.0010165983541252578,0.012617107457224387
26,0.00885296429749974,0.97398563636735,0.003455786878655508,0.0012806268121634946,0.012424985644331343
27,0.003273834026928227,0.9789927302728116,0.006804445423274117,0.0010871990959859202,0.009841791180999945
28,0.007920065764941983,0.9745613337519987,0.006794287393702857,0.000631440730777133,0.010092872358579374
29,0.056607720386764364,0.9078000567676923,0.0012838142762518143,0.007328730943960832,0.02697967762533049
30,0.005064551111067618,0.9410865712758926,0.04070905806068559,0.0006108708145593955,0.012528948737794855
31,0.003898886199337698,0.9760638488088048,0.015725224620472687,0.0005241954258011158,0.003787844945583648
32,0.00949997845367606,0.9689659107930771,0.014287863106282769,0.0023805023526174006,0.0048657452943466194
33,0.010137585739914416,0.9449432822165936,0.0363098791535466,0.0013990246473190074,0.007210228242626463
34,0.006074293431903669,0.9765108219840085,0.008858679060015797,0.0020525325130980442,0.006503673010973922
35,0.007347027385094782,0.715139120013012,0.26772292821142424,0.002868263979220861,0.006922660411248065
36,0.024989065504461755,0.904078227482396,0.0029671546393205514,0.045466902008553384,0.022498650365268196
37,0.012974643205732717,0.9616738649975628,0.0022274060729290663,0.014695002533948365,0.008429083189826925
38,0.019624041180645712,0.938641456667075,0.00407225421886499,0.015413538514434923,0.0222487094189793
39,0.014673115607200185,0.052755539940209914,0.00010018584188421052,0.00879857716027306,0.9236725814504327
40,0.0020310535488847715,0.0009433555329493264,8.3273428484888e-06,0.0001954778979369989,0.9968217856773804
41,0.021322439401109654,0.006400302436173102,7.488499765380294e-05,0.0009756014056680848,0.9712267717593953
42,0.042977543140207165,0.010059047118114096,8.469313865691884e-05,0.0007018331008079273,0.9461768835022139
43,0.09194645266652397,0.018710850568365703,0.00020316414052359285,0.0015889851448634767,0.8875505474797232
44,0.05094312667721374,0.018683771779897326,4.739361912397094e-05,0.0012720965965928046,0.9290536113271721
45,0.012154945617583809,0.01864853609313738,1.6850890520479816e-05,0.0007049747234222944,0.968474692675336
46,0.017771801151170684,0.04075699308329447,4.086863988120565e-05,0.000666295968417555,0.9407640411572361
47,0.006629510931013931,0.02899820330212008,8.739184083893455e-05,0.0005743173701931174,0.963710576555834
48,0.02243315922257245,0.04138891320097028,4.9579033823390954e-05,0.0010492034591005508,0.9350791450835334
49,0.014230644456732859,0.05451204447010927,6.571006352878536e-05,0.0005704789238638966,0.9306211220857652
50,0.017539414178259875,0.18961939917850235,8.196743235926221e-05,0.0012554917042020676,0.7915037275066765
51,0.03694958926675846,0.11198717337398573,0.00010605900462400706,0.0008872556510468445,0.850069922703585
52,0.033798363603853014,0.13541580129448455,0.00011582279915737759,0.0017571937005333021,0.8289128186019717
53,0.024482396051089577,0.16600889483575335,0.002682684421227652,0.0004588337863042232,0.8063671909056253
54,0.09885414233792768,0.12992300077796978,0.00018583415125911952,0.005541853391539042,0.7654951693413043
55,0.16157687276739302,0.2697417571217006,0.0017809039303520442,0.0020650228408846624,0.5648354433396696
56,0.08928331643097893,0.6299429522931048,0.0109230215624246,0.00046272419167659503,0.269387985521815
57,0.09918828013969251,0.7921058636491368,0.00810882494892322,0.00017862404647723862,0.10041840721577029
58,0.05649356313778525,0.8186793260561092,0.008306802788411668,0.00012199298005701408,0.11639831503763684
59,0.015941200720878977,0.7252037157023116,0.054846667357409305,4.242354050746818e-05,0.2039659926788927
60,0.03164867081404922,0.6663113325560195,0.0371210752931377,0.00011719901901469015,0.264801722317779
61,0.043585140860739974,0.7845612323890626,0.09174702103423607,0.0001406090000551428,0.07996599671590623
62,0.028814850524005217,0.6116687089242382,0.06217195604383834,0.00011896246618456684,0.29722552204173364
63,0.06379034499832609,0.6822187766838604,0.05273933676369126,0.0004419472624543182,0.20080959429166795
64,0.04361574302524497,0.5460891130223474,0.10506883457689441,0.0001729766049580098,0.3050533327705553
65,0.02257240624558616,0.699651303998122,0.19496785124068336,0.0001461554538235561,0.08266228306178491
66,0.05495847158805545,0.7291441953608466,0.08125436446462923,0.00021568798692737026,0.13442728059954132
67,0.07504377073095313,0.6798815622012722,0.07199149592727434,0.00019735962735779224,0.17288581151314258
68,0.05868683601843983,0.6717986378353233,0.12068707447469332,0.00017706964349816805,0.1486503820280453
69,0.05678533018653401,0.5261654045437375,0.2749591323859414,0.0003561772908541732,0.14173395559293292
70,0.06537833948470749,0.7855053422138725,0.11169454185365896,0.00025022727273941395,0.03717154917502175
71,0.03304986657770617,0.6829747225352178,0.24444197879923826,0.0002594016822050923,0.0392740304056325
72,0.004504822756718439,0.633016774588197,0.3574307082498531,0.00014909257834510456,0.004898601826886345
73,0.004998187821971828,0.5903175544023396,0.39911023811591123,0.0002037344148389559,0.005370285244938422
74,0.003762901619835038,0.3804549157940292,0.610418035236498,0.00019284986109520727,0.00517129748854267
75,0.002278215485689079,0.33603564766848165,0.6552541849606149,0.00017209256706603483,0.0062598593181483015
76,0.04672545241152696,0.7255175991006348,0.15383475805316843,0.0005533122146989695,0.07336887821997086
77,0.020996704069288413,0.8490888193875191,0.11487466400789627,0.0005963779133333881,0.014443434621962691
78,0.002236560314247305,0.7350985374751129,0.2604105326040767,0.00011743358288779253,0.0021369360236753905
79,0.004214263322841023,0.9331764020602614,0.06002873495687994,0.00018434042320639618,0.0023962592368113487
80,0.0028610902904647444,0.7050350367996985,0.2872769374323387,0.00011692317023870256,0.004710012307259504
81,0.0015467450721660175,0.6539634689169361,0.34151021506999424,9.622781650872394e-05,0.0028833431243947385
82,0.0009875346357947799,0.4841392237972325,0.5131334812216198,0.000141258390409505,0.0015985019549433503
83,0.00241535953252149,0.4885967062232395,0.5060058801961532,8.932070814768285e-05,0.002892733339938163
84,0.0022626572139516597,0.3009387840694317,0.693744493672723,9.007670723786188e-05,0.002963988336655972
85,0.0018011712835492933,0.34895132998557404,0.6456956129471125,7.128293283439838e-05,0.003480602850929726
86,0.0010189249168531791,0.24284182861907117,0.7541686158945418,4.947001850122168e-05,0.0019211605510326651
87,0.0004319477665771219,0.17868894004797883,0.819773712921513,4.756991203937819e-05,0.001057829351891641
88,0.0006338279321005849,0.2682904932774893,0.7297676486279938,3.510695237500788e-05,0.0012729232100412628
89,0.0008313048860689689,0.25262493187523355,0.7435885525761027,5.172997674151522e-05,0.0029034806858533194
90,0.00019056217783915,0.06801094031052364,0.9308846746353512,2.7500821246677916e-05,0.0008863220550393991
91,0.0005107633158432465,0.12137435540360679,0.87664558716914,2.6798273526981894e-05,0.0014424958378828495
92,0.00036330421109919477,0.1032761560285621,0.8936084374942662,3.118045608097991e-05,0.002720921809991499
93,0.00028599417366384575,0.1080195674819366,0.8894384156150776,3.427969199319669e-05,0.0022217430373288093
94,0.0002261050298969975,0.08359163489399296,0.911565882510748,3.262712056678967e-05,0.004583750444795475
95,0.00041803230974835407,0.11116193114803886,0.8875797691529488,2.8985038198290855e-05,0.0008112823510657526
96,0.0003679937374659157,0.09303905971596832,0.9006503709008202,2.4488758841407548e-05,0.005918086886904286
97,0.0005449465711501578,0.16459802605036625,0.8314507349936447,5.873377558799731e-05,0.003347558609250908
98,0.0005561222653584051,0.11561140133904665,0.8807813683112865,4.237299785424236e-05,0.0030087350864541683
99,0.0014198195761307738,0.20604874975331958,0.7903471257973251,0.00013297803343735327,0.002051326839787037
100,0.002122768383418542,0.19097331313760316,0.8011325675529828,0.00025381793056843274,0.005517532995426992
101,0.000577530159636904,0.10088769237470932,0.896423320822429,0.0005653958677687153,0.0015460607754560751
102,0.008955206884131713,0.053741966695454266,0.03563023817290821,0.0025532388933022948,0.8991193493542035
103,0.09185544441737978,0.20503847786880455,0.0025917874745767606,0.004302191073483073,0.6962120991657559
104,0.06626016490148581,0.33605336124571966,0.004731289358051766,0.0006215450759236353,0.5923336394188192
105,0.29825162072635253,0.5340871144647759,0.0004435836963206382,0.0026903515383950795,0.16452732957415597
106,0.13498896173401617,0.7315907746808691,0.0007201284125291666,0.0015602524057003332,0.1311398827668852
107,0.027289462754263888,0.3211576680863568,0.0030679227788973345,0.0010189413617950874,0.6474660050186869
108,0.021723946548889428,0.09961857733652116,0.00022779964096444717,0.003388363905884557,0.8750413125677404
109,0.0122647673005853,0.03370486190996934,0.0001045432871417041,0.002509738314188663,0.951416089188115
110,0.026092052378188155,0.32476658046467377,0.0001918014164590229,0.02483050638533856,0.6241190593553406
111,0.027385239067276648,0.1980777147607401,0.001049787957879534,0.020036040108106293,0.7534512181059975
112,0.011599851268225766,0.027350769121186693,0.00014136091610242598,0.0041684812994880645,0.9567395373949971
113,0.020304169565233503,0.10362085660261965,0.000275254133680401,0.005893660904850364,0.869906058793616
114,0.022511413381983255,0.1411266918506306,0.00025022521446847203,0.008657866665241577,0.8274538028876761
115,0.034807127702490594,0.10985781455792276,0.00013710480988918884,0.010559895748029579,0.8446380571816677
116,0.0055325954336825104,0.04586475579508557,0.0003562705839708785,0.0015015664335419042,0.946744811753719
117,0.0443190328116208,0.06754615898610651,0.00015522727940410155,0.014634939611180389,0.8733446413116882
118,0.012752820457361456,0.03964216145445087,8.554489230939118e-05,0.0023788382944199306,0.9451406349014584
119,0.010169686589078693,0.06603548225222014,9.876657829292255e-05,0.002492526452897596,0.9212035381275107
120,0.04204073320632929,0.2037575145845511,0.00019067229453822933,0.01979731408665265,0.7342137658279287
121,0.017320226069695962,0.16536965908066098,0.0009900779078743504,0.0023535346723366664,0.8139665022694321
122,0.023892491579013835,0.04714770313345426,0.00010684026068865129,0.016107742319312845,0.9127452227075304
123,0.017609267785478992,0.13495760829933845,0.0001413575534998709,0.003791588910047047,0.8435001774516356
124,0.060607514352044776,0.19812272017358235,0.00028393378840698325,0.005969543303396466,0.7350162883825694
125,0.01952961699361594,0.1700714600456853,0.0012483044197533243,0.0014346970475486581,0.8077159214933969
126,0.09059010506870237,0.2478144384433112,0.0005686718687633283,0.005961612650673338,0.6550651719685499
127,0.06756277410369416,0.3311272294907463,0.0009896348892852176,0.0019138870999077823,0.5984064744163665
128,0.024221758376975072,0.410410502551832,0.003196783673086719,0.000520391151433022,0.5616505642466733
129,0.09339504282727198,0.48898620366661455,0.01989759690814838,0.0006237121133085818,0.3970974444846566
130,0.033180266206130654,0.6055564049412747,0.06093196877799775,0.00016747733524707006,0.30016388273934996
131,0.012712799934885619,0.19217604693309662,0.048990719961998455,0.00012309466737091582,0.7459973385026484
132,0.02869381068780323,0.36284600764890507,0.05404654271951464,0.0001881622373344079,0.5542254767064425
133,0.01982319390049289,0.4250145962521368,0.0374204884155276,0.0003916371518250979,0.5173500842800177
134,0.030282866296362107,0.7566072052568509,0.041439499081128324,0.00036514344854888994,0.17130528591710967
135,0.015418722388333427,0.4365463230630972,0.07857074801126676,0.000486942356606779,0.46897726418069585
136,0.01667600764688504,0.5173893154383605,0.11478950470027251,0.0005139561497333126,0.3506312160647486
137,0.016505623855670427,0.5934744937603856,0.14448661559889348,0.0005981203704659232,0.2449351464145844
138,0.013709111470389952,0.4478454484911974,0.14940639133778258,0.0006400946060887098,0.3883989540945413
139,0.020392970160061603,0.4928064090395514,0.1048221489683587,0.0010485163336913675,0.3809299554983369
140,0.018931514982941728,0.2607967385469819,0.25871610177495735,0.0013943194505863703,0.46016132524453257
141,0.019832466984844192,0.35060571963213666,0.11557729262056991,0.0017660559834493147,0.5122184647789999
142,0.042984334466106874,0.5121311731941601,0.12119923431945552,0.0016897131610647,0.3219955448592128
143,0.007300053071200735,0.10965748385859317,0.01553134528458406,0.0006421880264595808,0.8668689297591625
144,0.0030671401761978336,0.01664515044941587,0.0006217546574285892,0.00041606690582483136,0.9792498878111329
145,0.0230861097800855,0.05949381553217325,0.0003182216965004664,0.0013388252769015398,0.9157630277143393
146,0.011013847997232285,0.03813017343368773,0.00024517820744164424,0.0008207039345818568,0.9497900964270565
147,0.04016775945737985,0.08348035365825489,0.00023981721936598534,0.002276131936041745,0.8738359377289574
148,0.01591425654148517,0.040054791917909616,0.0013168089541348107,0.000701470773276342,0.942012671813194
149,0.014308111398843311,0.030545715655858476,0.00040190196764104544,0.001185026136073417,0.9535592448415838
150,0.002928005752209083,0.017557435969878642,0.0006424522963999257,0.000415162247809907,0.9784569437337025
151,0.012520136243803371,0.1054643363451154,0.0002328213590335437,0.0019448496468557218,0.879837856405192
152,0.031020563804352655,0.11465412835669139,0.00011560689290616336,0.012522743169607217,0.8416869577764424
153,0.01646096229108373,0.06245504461558206,0.000206007437237289,0.008026544381132006,0.9128514412749649
154,0.015252656586813606,0.13660460286961837,0.004364237772309221,0.004435683585502928,0.8393428191857559
155,0.003747652323716044,0.04982104549610271,0.005939632657977306,0.0019043857402975943,0.9385872837819064
156,0.0013411070637096153,0.004793144522475113,0.0002552703016305372,0.0009083419111719982,0.9927021362010127
157,0.0013253345654799904,0.0033893380397734237,7.899669012747271e-05,0.0010612871359826474,0.9941450435686364
158,0.0036058963095002322,0.025639592131068006,9.476163019842259e-05,0.0012066822895455572,0.9694530676396877
159,0.00801068145072842,0.020857269656020607,0.0002843760654673773,0.0012969664886430194,0.9695507063391405
160,0.02633735934908429,0.10271573462239833,0.00018005759686634664,0.0032126843673502717,0.8675541640643009
161,0.00611467529586557,0.007591778704368215,0.00018594802868543902,0.0008245490200664937,0.9852830489510144
162,0.047978865737906454,0.17737152864836817,0.00021604558005420104,0.003392340650575886,0.7710412193830953
163,0.1381200159507381,0.3206742781425097,0.0014241585381868337,0.013897349937834678,0.5258841974307306
164,0.05366382878636533,0.28891922178025686,0.007164934339405544,0.002913703872740697,0.6473383112212315
165,0.10822075937039546,0.6545818028109742,0.004971898667724085,0.0034558142181155076,0.22876972493279069
166,0.0416555616149686,0.6600304349701519,0.01344945265402833,0.0015683251924060574,0.2832962255684452
167,0.13348137705914792,0.8050360070410355,0.0010346444252102372,0.005884796832692234,0.054563174641914014
168,0.028476782155337534,0.7646999885141303,0.07852282703493801,0.0012071902668279507,0.12709321202876617
169,0.02289388150207484,0.7641910721297401,0.05252789664999997,0.0013186196383383137,0.1590685300798467
170,0.032949879269794105,0.7689328646087478,0.09664330476865116,0.001889628643116554,0.09958432270969025
171,0.03276592817012709,0.5244060518002694,0.17131144843755922,0.00372114627825251,0.2677954253137918
172,0.029779023062790722,0.3681300466049123,0.1283453589807153,0.006385343490952725,0.4673602278606291
173,0.04817749709838008,0.4885544282880946,0.1259000889284107,0.0066987027468100886,0.33066928293830455
174,0.06415282527360766,0.4076035719922212,0.08325958978379396,0.006061400026632277,0.438922612923745
175,0.08452086514506675,0.4622789912469556,0.025204852622909127,0.006020683259757616,0.421974607725311
176,0.02079725247437843,0.39012395427499236,0.038988377810979344,0.000910668895404307,0.5491797465442456
177,0.0937544524266816,0.8032908863292049,0.004103487471332429,0.005359292311080912,0.09349188146169998
178,0.03535166493099274,0.9338719592661303,0.008677875033304772,0.002770760851456374,0.01932773991811593
179,0.07700244343604933,0.728955481012883,0.001428455509568136,0.005998032452334319,0.18661558758916535
180,0.04390382374394216,0.9096931786065315,0.00135725783526087,0.007021295854432923,0.0380244439598326
181,0.025063631847859598,0.9541390016061265,0.002106084113415439,0.007478520720592162,0.011212761712006363
182,0.047016888850156265,0.21305957873905731,0.0009562780920292837,0.003090852922412302,0.7358764013963448
183,0.19024911860538735,0.47398361707096703,0.001451322096172089,0.0068117562429468115,0.3275041859845268
184,0.2803408509396753,0.5698113945411505,0.000684185725250087,0.009453463851232385,0.13971010494269168
185,0.028759078097905184,0.8832353619522388,0.08456140587160153,0.0017611183283650254,0.0016830357498894388
186,0.017958546931213192,0.9449199554910601,0.020265695083737177,0.013110724895523444,0.0037450775984661125
187,0.03042567350030024,0.7568230390610089,0.002183750386748693,0.20538291361955197,0.005184623432390402
188,0.025047958346221248,0.3471464327116489,0.0043851837276299675,0.6152567055257289,0.008163719688771007
189,0.03555942369839689,0.2404947905521406,0.00124663180924611,0.712379231230732,0.010319922709484366
190,0.0320007446972144,0.12464152206521502,0.00028765809470198046,0.8366755575940917,0.006394517548776863
191,0.024522387488101184,0.09789961201533624,0.000126342286422443,0.868450468094583,0.009001190115556978
192,0.029402246650191564,0.059579287542221096,0.00016920801648296415,0.902260669790515,0.008588588000589354
193,0.02806835194685885,0.06717433591803589,0.0001926993673514387,0.8970995412911226,0.007465071476631097
194,0.028303932160558067,0.03607576693065111,2.6485981272368867e-05,0.9232103135514009,0.012383501376117462
195,0.03702630657281411,0.10605564928264373,0.0002476044655622597,0.8491967660606229,0.00747367361835699
196,0.018929355283520036,0.03715063163575164,8.355789556104415e-05,0.9381820321275969,0.0056544230575703925
197,0.0202214396772566,0.048653058271667354,0.0001945769129865632,0.9260288175093194,0.004902107628770092
198,0.016136700422436125,0.031575337598930796,8.966211546942361e-05,0.9448435902493914,0.007354709613772345
199,0.01887340892716447,0.04630437248452973,0.0002172091320083883,0.9226159296313782,0.011989079824919252
200,0.015053951840937704,0.0704728217889657,0.00020613696834201112,0.8985061599621939,0.015760929439560693
201,0.062197696785461165,0.06320303534572855,5.8338080223640634e-05,0.577480163458495,0.29706076633009165
202,0.02791276425717872,0.0351627855656103,1.6143792683663752e-05,0.9299150600233085,0.006993246361218768
203,0.02445306958292061,0.03626966663313086,3.727883564047713e-05,0.9318048274970644,0.00743515745124381
204,0.031603828233673505,0.043336683415048184,5.314365688247206e-05,0.9195638254898123,0.005442519204583603
205,0.012117486069746424,0.017317921321721063,4.462636471742913e-05,0.9644532180425786,0.006066748201236367
206,0.01567324161392185,0.05755878814208108,8.297875157233292e-05,0.9152298440654467,0.01145514742697802
207,0.0180305534604467,0.027063199299268238,2.2764295476350436e-05,0.9458865402933967,0.008996942651412064
208,0.0316611831953892,0.019316356190563284,1.6002502657120585e-05,0.9335549826247693,0.015451475486620915
209,0.07690206945613862,0.08209075292600934,8.68986843939311e-05,0.8035412840206008,0.03737899491285748
210,0.054825048006687506,0.061304714883118755,2.8133053524150515e-05,0.8482560338714273,0.03558607018524237
211,0.033787385015065376,0.029823273517245154,2.8686920453721515e-05,0.9213921570504621,0.014968497496773762
212,0.09392847926887006,0.06119256462335069,6.008050098313578e-05,0.522964176269565,0.32185469933723115
213,0.06442987293907111,0.0884047691266011,2.5164463103340847e-05,0.8166310886368198,0.03050910483440466
214,0.029795896881831662,0.041898099963664094,3.655935195782021e-05,0.9191065544986875,0.009162889303858921
215,0.023506090085510366,0.03332241082843001,2.425133033992379e-05,0.9309584494842894,0.012188798271430207
216,0.025881425355723048,0.032415816316451,0.00013055075479841827,0.9266454326538415,0.014926774919185926
217,0.03121532048796389,0.0333005334294093,6.236878443895915e-05,0.9171085390466202,0.018313238251567873
218,0.015421838739694825,0.029778749959291067,2.6391353878164946e-05,0.9428594999479224,0.011913519999213612
219,0.012791650217644848,0.026834964507524463,1.233264380993945e-05,0.9412057872223188,0.019155265408701792
220,0.02369288142070837,0.03898228634244276,0.00018039211857930886,0.29155905975761687,0.6455853803606527
221,0.051837855396263746,0.01638018034528542,7.321252345085028e-06,0.4661250995326096,0.465649543473496
222,0.05162667379181458,0.01355803768756672,5.3859624983948155e-06,0.283918195279259,0.6508917072788614
223,0.2623783352896174,0.027439119494212124,1.6996721398360117e-05,0.34913681970386073,0.36102872879091136
224,0.16340951188650657,0.014615286985287619,1.4109119134616492e-05,0.5196341256074298,0.30232696640164136
225,0.12111380353112543,0.02157299482500575,1.3602019214549275e-05,0.59970845976035,0.2575911398643042
226,0.08458787526422193,0.01926140967046846,1.4907077992539393e-05,0.5129253006154724,0.38321050737184476
227,0.16291265889274997,0.07119268352604342,3.389407232147514e-05,0.6848360936157014,0.08102466989318367
228,0.14141336749730998,0.12495950023897831,2.9639547015989338e-05,0.6669767804115285,0.06662071230516736
229,0.07432164353179654,0.08844892924532373,1.719244781863364e-05,0.8180292613762804,0.01918297339878083
230,0.04392379441469569,0.13603871013281169,0.00022992107911166504,0.8102815644046697,0.009526009968711351
231,0.04378671653130952,0.055413388786282256,4.001667253736264e-05,0.864674648017375,0.03608522999249585
232,0.05052212313462291,0.055011787314977086,4.1851018516789416e-05,0.8635573248188375,0.03086691371304575
233,0.042690413045395614,0.12030169533811147,0.0001394802810698513,0.8234029989538886,0.013465412381534519
234,0.038221651879595905,0.22435509357106115,0.0002471626697256501,0.7243881034987492,0.012787988380868082
235,0.0745336775777508,0.06887697347247762,6.595158365911447e-05,0.44381646865079877,0.41270692871531367
236,0.07937088923225004,0.17839468493548116,0.00014788150263936117,0.7069579873008464,0.03512855702878314
237,0.12150064319037493,0.23677790558175635,0.00028891223232499724,0.6105845506394608,0.030847988356082896
238,0.09985881582641337,0.03967991391437528,1.9368941732154736e-05,0.7119533042627242,0.1484885970547551
239,0.08577329282819728,0.04399495924349655,3.6334538009463865e-05,0.8219041692644447,0.048291244125852124
240,0.01270001388780814,0.005282058172551065,0.000327653667812138,0.057422794734155666,0.924267479537673
241,0.15983829357701146,0.027755523504392587,5.3989368766855296e-05,0.05492351982502406,0.757428673724805
242,0.2570662883933149,0.0929672462298126,0.00013152728207339913,0.5482627373424164,0.10157220075238275
243,0.2003682859870664,0.145729808006444,0.0003616444793256982,0.5932731754945558,0.06026708603260805
244,0.05305238455511721,0.20149658158634967,0.00025889274873925494,0.7370044940785163,0.008187647031277407
245,0.03439530628640216,0.07131493833368328,6.0511783548018776e-05,0.8754328112625089,0.018796432333857686
246,0.03212268359995783,0.09410621439909503,5.1052687611065924e-05,0.8651499516937703,0.008570097619565792
247,0.02254644171179546,0.09603932463166075,9.493743842138022e-05,0.8768176261331688,0.004501670084953788
248,0.015187479226939532,0.038499850440797116,1.94508450421941e-05,0.9385936322131881,0.007699587274033097
249,0.01978843196557813,0.04340458106681832,2.3411046739636172e-05,0.9274666752141636,0.009316900706700194
250,0.011726636048663142,0.034652564192099784,1.9650975773707328e-05,0.9483251117515802,0.005276037031883059
251,0.04169433944966046,0.11274181766636147,6.216733623796221e-05,0.8242991402172779,0.021202535330462128
252,0.02373441918451437,0.09981984011853405,4.3123313448887594e-05,0.8573608390339102,0.019041778349592437
253,0.037037585743633764,0.1214349987361649,7.24456207493465e-05,0.8127257859252347,0.028729183974217375
254,0.03493347906289289,0.03752388450539962,2.522873811122216e-05,0.9045090771203138,0.023008330573282436
255,0.02791989142815299,0.05150798617028072,2.6697489314625695e-05,0.9067638561656414,0.013781568746610134
256,0.029676010553172934,0.036776354604468216,0.00012711956835439572,0.90407831475087,0.029342200523134358
257,0.07041843165504898,0.024476113338934857,2.855876031292397e-05,0.8086481955799079,0.09642870066579538
258,0.065477180120001,0.028633515743504166,8.392816279189848e-05,0.8881393457664589,0.01766603020724391
259,0.06883293214339446,0.06138487330336434,7.98843640165336e-05,0.8525852767501934,0.01711703343903145
260,0.07588175240484057,0.04572273723973475,7.761839090400986e-05,0.8580111540802626,0.020306737884258068
261,0.10903134205714618,0.05887230619468056,0.00022962696641596684,0.4537223241890607,0.37814440059269666
262,0.09362767588760626,0.031095608926359018,4.565160542009289e-05,0.8261583607173997,0.04907270286321491
263,0.049894471123318636,0.04041266162837386,8.441799172400923e-05,0.899070762690469,0.010537686566114363
264,0.07735318498889085,0.09638142454933699,0.00010711256117563069,0.8112138736222729,0.014944404278323636
265,0.03956193624943049,0.04511625017720217,3.211325762569083e-05,0.7809547400948481,0.1343349602208935
266,0.05896176582586674,0.060765751948523176,0.00013478491376778072,0.45863307163807115,0.4215046256737711
267,0.025203861001836053,0.04513441929841734,2.3478396737454193e-05,0.9210670183957598,0.008571222907249348
268,0.06919176700469003,0.06272691684258093,3.9413883427852245e-05,0.8478066490219776,0.020235253247323687
269,0.026674737493698315,0.03533992307658866,4.458945791147449e-05,0.932478579976054,0.005462169995747447
270,0.029612412668056896,0.08006732707069482,3.579097017549956e-05,0.8724447578346685,0.017839711456404256
271,0.13148811095905868,0.04184328297362206,0.00011684090966343365,0.5197423902956539,0.3068093748620019
272,0.20143383187161115,0.015032513907954535,1.7157014819280008e-05,0.7387787403634658,0.04473775684214912
273,0.27304051508453525,0.020797797397976513,3.623043615333792e-05,0.6824254696153405,0.023699987465994492
274,0.23876689919887847,0.08588011352436614,0.00017446265688287376,0.6685454895429951,0.006633035076877485
275,0.10547354465118623,0.10594599872166029,6.19821634842529e-05,0.7777327368847141,0.010785737578955248
276,0.07180997919098066,0.16499931847612748,0.0003787300993860316,0.7274434095458888,0.03536856268761716
277,0.15672314577256483,0.289358428293062,0.0009133896985295116,0.3576750789088546,0.19532995732698907
278,0.03839750063459668,0.859601348942982,0.00027598797886414995,0.09070635617684684,0.011018806266710294
279,0.16825527180058264,0.6203211889568151,0.0014470412114711147,0.13015402662979308,0.07982247140133816
280,0.2268387096632476,0.6394160722643303,0.0014363248305156904,0.07741651505303998,0.054892378188866546
281,0.03611065971944185,0.8881799759670812,0.0010979257828209812,0.020526167488777173,0.0540852710418788
282,0.03320582183818669,0.9526780395036648,0.004630325456448376,0.0024050451837426628,0.007080768017957627
283,0.04321622691310986,0.91431194296996,0.0022063811529352316,0.01231058456216153,0.027954864401833292
284,0.041224705280849226,0.9351947280088033,0.005714222938957363,0.004284567976327898,0.013581775795062208
285,0.04628541011176012,0.9244114938709244,0.0055496028583845135,0.008490429566927893,0.015263063592003131
286,0.04200482557036151,0.9277116648421144,0.012677777287962828,0.0020125884656310386,0.0155931438339301
287,0.1412633739652742,0.25635741397594636,0.0019224510605202593,0.0030149455132680615,0.5974418154849912
288,0.1298411149986528,0.848559373410079,0.0055605165711356,0.0014409250592508174,0.01459806996088184
289,0.11936282507972205,0.863520745164062,0.004642878992911105,0.0016217345277639537,0.010851816235540889
290,0.19114667781126055,0.7757056626506665,0.0036095208156188144,0.0027437659750992713,0.026794372747354724
291,0.20903937484930085,0.4459434931445141,0.003731316440597711,0.005016841133674377,0.33626897443191306
292,0.04256442690372512,0.9242939343391884,0.027688538242286672,0.0008193064621211034,0.004633794052678507
293,0.2844287164001387,0.6607692363497034,0.019766000836306523,0.007696888555499471,0.02733915785835189
294,0.048193683384816416,0.9256100287214981,0.010435028707977464,0.0012894481765872406,0.014471811009120728
295,0.017264352315246905,0.9519625696097,0.020470855008926443,0.001157096208530223,0.009145126857596277
296,0.02674703027366942,0.940789610545499,0.022350380462671016,0.0013241566220498313,0.00878882209611075
297,0.0159542350396211,0.9310479295847738,0.04788025031843453,0.001345375503034009,0.0037722095541364094
298,0.04695402100841858,0.871514704051587,0.04005548391948913,0.003537749753074905,0.037938041267430556
299,0.12015563568934036,0.833711236578441,0.02291640369820129,0.004296656132033863,0.018920067901983424
300,0.20234887992505637,0.6322647002373706,0.0221093255388292,0.03603137709455114,0.10724571720419271
301,0.06913461876536309,0.8781299017837803,0.02551999949666884,0.005805043964613845,0.021410435989573755
302,0.02126680602807562,0.08366513463636695,0.012291581537264562,0.002213516025389126,0.8805629617729037
303,0.5872002520788424,0.1876808822156878,0.0044158283292308805,0.007788460075159471,0.21291457730107943
304,0.39623040596691017,0.5187702836453054,0.017407472904279162,0.011281784245291462,0.05631005323821376
305,0.1720343477746576,0.7924036385798611,0.013542753598847835,0.0017685968412702894,0.020250663205363117
306,0.05395779322665829,0.9065261832773515,0.028775987707706497,0.0020839593996125534,0.0086560763886712
307,0.05576953498101309,0.8757420554993262,0.015729816982619976,0.0032606075990542042,0.04949798493798671
308,0.05434839995390511,0.8875384557265119,0.03152750950405434,0.0030231553770508337,0.023562479438477734
309,0.012620200524831543,0.9388975398072092,0.03655177570399898,0.002107012938244569,0.00982347102571548
310,0.013749265237734386,0.9336097511786183,0.04786876492881656,0.0007246414105829487,0.004047577244247862
311,0.016533295486460365,0.9210663324924756,0.04664809636838911,0.0019878009956771354,0.013764474656997722
312,0.010915900230899861,0.9112589777840692,0.07145360532445139,0.0007020414394564897,0.005669475221123389
313,0.008936013891171466,0.8378930577872872,0.14510858599535326,0.0006926628307818362,0.007369679495406128
314,0.003176833547991277,0.3260416015176951,0.6592275008102192,0.000788358352868195,0.010765705771226191
315,0.01119892194233121,0.8820424884318773,0.10191413382390427,0.0006634341532542506,0.00418102164863294
316,0.030277454159846437,0.8625947152265913,0.09280072721380934,0.0015091784586273769,0.012817924941125559
317,0.00807450205274095,0.7286721531350067,0.25913568363616074,0.0006151861921277354,0.003502474983963952
318,0.010471541676771052,0.6606561279079102,0.32368064792594614,0.000532361615799881,0.004659320873572654
319,0.004576288852031238,0.602904359587563,0.38779079192218513,0.0002745282406152817,0.004454031397605291
320,0.00959454466540121,0.5594128279214062,0.41873347425693846,0.0004422582619329991,0.011816894894321181
321,0.0006851370982939169,0.1628234288639639,0.8347827492005998,7.595430231239376e-05,0.0016327305348299024
322,0.011561442072580669,0.2627348943667756,0.682935092329252,0.000571145292267438,0.04219742593912421
323,0.003389170948031715,0.39792133263293705,0.5938849517609623,0.00027255082153678336,0.004531993836532118
324,0.004076663056856787,0.3783420316746984,0.6121871008205568,0.0002452051082529699,0.005148999339635092
325,0.005066863550814995,0.5368632843532426,0.4490384647201944,0.0006308813984911859,0.008400505977256872
326,0.0001095081102775744,0.03794221678411137,0.9612973942884372,2.837028995500365e-05,0.0006225105272189093
327,0.0009865358828380533,0.1748113776902394,0.8192347458805724,0.00010723394157724695,0.004860106604773056
328,0.0002992287318537809,0.10090900418682314,0.8962938617652466,8.041206472056433e-05,0.002417493251355962
329,0.00046065126112213435,0.15288990616908704,0.8403606381282118,0.00021137047671261633,0.006077433964866492
330,0.00043017695179993297,0.17980102712623955,0.8170883147920275,0.0001326597522329809,0.0025478213776999677
331,0.0002068545525894336,0.07151996007376213,0.9271558163086224,4.896663508115981e-05,0.0010684024299447525
332,0.0009645185616424228,0.17917403418759364,0.8175360269761471,9.643766526689918e-05,0.0022289826093500383
333,0.000421514032703968,0.10419199351224817,0.8941468242434172,5.974593771943966e-05,0.0011799222739111365
334,0.00034030392745744745,0.050904550607889607,0.9473018867415315,7.625014418050344e-05,0.0013770085789410128
335,0.00013751807832452026,0.037801318132201785,0.9603901078322497,3.277817193680769e-05,0.001638277785287299
336,0.0006979667838434032,0.08974413156425505,0.9060872138639149,0.00015657445949956322,0.0033141133284871303
337,0.0002842348535814347,0.1131197843840432,0.8850065681353627,6.178565176604878e-05,0.001527626975246493
338,0.0002823689836616141,0.06764996531398491,0.9306324987646509,5.378040809724161e-05,0.0013813865296053362
339,0.0003064927909938694,0.0776406104478256,0.9201187810850117,4.2891239010425824e-05,0.001891224437158469
340,0.0013628504002974114,0.19242426259907514,0.8038171066461427,0.00020238590549681847,0.0021933944489879974
341,0.0008657090159822869,0.090499983167732,0.9073372798952939,7.53645595396697e-05,0.001221663361451944
342,0.00051231951535699,0.10176902992475383,0.8961535132722119,0.0001211891803257924,0.0014439481073515012
343,0.0008987656270051371,0.131682972413377,0.8633542211594141,0.00013562360002952162,0.003928417200174429
344,0.0008553704348709156,0.08318993703457295,0.9145905442692481,0.00025814640062193456,0.0011060018606862036
345,0.0006116328874557183,0.14095101136040342,0.8539476939114503,0.00028010620497692613,0.004209555635713443
346,0.014715927657489433,0.09366513544310756,0.11840262398356187,0.010215435636084624,0.7630008772797565
347,0.016122956523472724,0.09680920540432965,0.08997942072019824,0.0010892536603517953,0.7959991636916477
348,0.041963435914667405,0.2367048231869934,0.10494940081285772,0.004814278763007841,0.6115680613224735
349,0.021285365089300706,0.15723989174866523,0.04957858848630418,0.001762256149467259,0.7701338985262627
350,0.043801739169442855,0.3712641989936236,0.08029381742986456,0.0059611309703795756,0.4986791134366894
351,0.02741750494049293,0.40931695228953197,0.13439585771056192,0.010081971522513646,0.41878771353689953
352,0.027140763171621927,0.4032036913933567,0.14197669302951715,0.011692335146502699,0.41598651725900154
353,0.044987009182961446,0.5126532175829099,0.10191601546095863,0.007790650388931582,0.3326531073842385
354,0.12343511628185617,0.45998537904545383,0.03555193708879343,0.008270598764485155,0.37275696881941145
355,0.02655508439619165,0.3446526341968891,0.20364826695464774,0.0021969953064295907,0.42294701914584204
356,0.07159353082165877,0.3694070668919791,0.05072882207064471,0.002571432440841682,0.5056991477748756
357,0.0836328343287892,0.42873002469272714,0.025691597305919342,0.0011390101923130552,0.46080653348025136
358,0.16921084333299158,0.47761087347107206,0.22850120193152879,0.0009538902757496097,0.12372319098865794
359,0.02969838021604723,0.7951235640461812,0.16427169431806687,0.0009699171186337247,0.009936444301070865
360,0.013037200927805836,0.7478790310840261,0.22391082878687996,0.0009087371288482391,0.014264202072439783
361,0.00639652068209959,0.6009516620514828,0.38297308492328214,0.0014803608048821115,0.008198371538253603
362,0.0061081870388829465,0.7432669598363619,0.24299990182575604,0.0008381688608413074,0.006786782438157873
363,0.11635389216573365,0.4452281962319406,0.017292812477375394,0.007508643673763198,0.413616455451187
364,0.13320048468582868,0.7813544362705287,0.06067659200049423,0.0024213108878452035,0.02234717615530327
365,0.08151517964041571,0.8068890818112857,0.03308217863865506,0.004470305148180144,0.07404325476146348
366,0.04593113463446392,0.8974922704931028,0.04672082611204684,0.001380120831235607,0.008475647929150702
367,0.02413918535646519,0.8068318539095047,0.13355721901267448,0.003447938097211179,0.03202380362414435
368,0.022283225618581676,0.9209982082034922,0.045149235753931045,0.0019953199732561876,0.009574010450738982
369,0.01715874650826627,0.9322464428741671,0.036895387879898385,0.0011609395221635135,0.01253848321550465
370,0.05556886708024647,0.7720884289927507,0.042342618670527646,0.010959188138723479,0.11904089711775198
371,0.06241777960437849,0.6777958798402897,0.018576106963348,0.004615850286960012,0.23659438330502383
372,0.029029029427540223,0.9155846394314153,0.03218200016716917,0.005232937803640423,0.017971393170234818
373,0.01802580768891712,0.8836166567450621,0.06206024917287909,0.0018583652313873542,0.03443892116175429
374,0.026212238879122926,0.09529037099508456,0.009421704264842864,0.0024281055952990152,0.8666475802656506
375,0.21717610414926738,0.6864127703579329,0.009860640238729913,0.011534150344637442,0.07501633490943245
