epoch,N1,N2,N3,R,W
0,0.0034347896702703693,0.0001493106360585162,2.646726733202574e-06,0.0002861765063427594,0.9961270764605952
1,0.0011530244473535074,0.00013355884184129032,9.435863004976214e-07,0.0002951902993168194,0.9984172828251879
2,0.0008639242870246886,0.00011992602701235694,7.90564650118895e-07,0.00014316825497772177,0.998872190866335
3,0.0010006192137692784,0.00014568375936662044,8.39099570926557e-07,0.00012143067801615218,0.998731427249277
4,0.0019604890134178534,0.00026969580222849357,2.2335786416383575e-06,5.300285783884079e-05,0.9977145787478732
5,0.001996259412643641,0.000217014179129034,9.061683653477746e-07,8.384375205385768e-05,0.9977019764878082
6,0.005063989130638606,0.0005340441127380262,4.782440062209144e-06,0.00018083759783949998,0.9942163467187217
7,0.005675373279925291,0.0005929960731982509,8.628677474896606e-06,0.000723322496691625,0.99299967947271
8,0.0022066142038434117,0.00016094503628521223,8.819370756934293e-06,6.56687544975516e-05,0.9975579526346169
9,0.045935888777097325,0.001579165813059794,1.672600141220617e-05,0.0006618855397450164,0.9518063338686855
10,0.009459144889843323,0.0004948250299840598,8.181170143691615e-06,0.001020572587826803,0.989017276322202
11,0.2053067458351415,0.006668720475601533,7.642330787679801e-05,0.00902040295436782,0.7789277074270122
12,0.5249446054733607,0.03502306167835545,0.0001248888274558054,0.021095312395503076,0.418812131625325
13,0.6373161156994613,0.07085237643576006,0.00033140908872923973,0.011386299115919422,0.2801137996601299
14,0.31226398104794806,0.21263048078593924,0.0009468895817850336,0.27075591709009283,0.2034027314942349
15,0.5638775172365486,0.1795462881405834,0.007332383135521028,0.018393952183058022,0.23084985930428897
16,0.09530665729613569,0.845468999116229,0.014014645440424958,0.009057804385767483,0.03615189376144303
17,0.045143259740662224,0.8681529285880863,0.04487410103687447,0.013220110291830012,0.028609600342546882
18,0.037481022313915355,0.8913527174704581,0.015110684856198306,0.03111414081092765,0.024941434548500584
19,0.027640090255817984,0.9342812892865423,0.007167709740448682,0.010059556939198381,0.020851353777992514
20,0.2664996063649884,0.5375052350337629,0.001241006922810501,0.08726417225687928,0.1074899794215588
21,0.07701357598283526,0.8732929619542817,0.0021195291268218167,0.011163609624962927,0.036410323311098385
22,0.017496070737131993,0.9504409353037632,0.024933589089169993,0.00108184155086592,0.006047563319068827
23,0.01970111630411427,0.9535614827592039,0.006688805214256305,0.0024279897677136467,0.017620605954711894
24,0.08103357597234809,0.05406324477209812,6.222052163570642e-05,0.024433443985635322,0.8404075147482829
25,0.18148090109984083,0.04787904709639182,0.00011569027682596269,0.03267812584301506,0.7378462356839263
26,0.19299809466635637,0.19991097306692976,0.00018309380355186855,0.007728088560102342,0.5991797499030597
27,0.005291527831728403,0.002391925316185182,2.178663412293099e-05,0.0006983081858086608,0.9915964520321549
28,0.05466684832175518,0.006265638878302145,1.506217388526459e-05,0.0040578691764444645,0.9349945814496129
29,0.0027805479822876258,0.0007325393150757062,1.9770192895237364e-06,0.00018752750416699724,0.9962974081791801
30,0.008488008038574177,0.0028315666894339255,0.0001844904436947738,0.00016704788966126328,0.9883288869386359
31,0.02179933280031758,0.0037253270854214755,5.0433233406578356e-05,0.0015292489412280102,0.9728956579396265
32,0.1315694141857936,0.0564421130408737,0.0002818138806957667,0.00392340540318284,0.8077832534894541
33,0.053904412052248774,0.027448642733960034,0.0001798691174083409,0.0035830979064947295,0.9148839781898881
34,0.006288781141783513,0.001441405724508617,1.0462823502348531e-05,0.0007780448441300596,0.9914813054660755
35,0.003113488988666545,0.0002982770492105761,3.7511251198785186e-06,0.0001531817947171524,0.9964313010422859
36,0.007217559058371487,0.0006801431600395684,1.1793447600271367e-05,0.0002227211934533078,0.9918677831405353
37,0.013593348368172532,0.0013625324846043736,3.3117048097708875e-05,0.00024256441180967438,0.9847684376873157
38,0.00810297824909251,0.0008882707704901324,8.335374866010963e-06,0.00036140355826245004,0.9906390120472889
39,0.021855935754273026,0.010984634555650331,0.00030798712543949415,0.00014501813209463356,0.9667064244325425
40,0.0075664669211491465,0.003514129197280062,0.00026167600147406324,0.00011370844277168703,0.9885440194373251
41,0.012710370542415,0.004627275356378456,8.223463576722829e-05,0.0001791312368284245,0.9824009882286108
42,0.0023172790354406376,0.0008295326631954402,4.054411743884191e-05,7.855919091757524e-05,0.9967340849930075
43,0.013151651965396673,0.005391820646179563,0.0037406312986561683,0.00011958798427828247,0.9775963081054893
44,0.004914187290218587,0.000775784645142167,2.0770744363479318e-05,9.443322879944168e-05,0.9941948240914763
45,0.0015544609189567756,0.0005183897555879263,2.309080039192028e-05,2.310549041581803e-05,0.9978809530346475
46,0.004849756857526216,0.0010513457519292185,3.193813764455937e-05,7.716198010444609e-05,0.9939897972727956
47,0.0011712405934627488,0.00046995556643228967,9.490264913186445e-06,4.899872539046986e-05,0.9983003148498014
48,0.0006323393407107048,0.00029221071931905635,1.8698860463958548e-06,5.0271493570100555e-05,0.9990233085603537
49,0.0011761995317856673,0.0003641514560311765,6.413086992796638e-06,6.022623107670145e-05,0.9983930096941136
50,0.0006971417395857174,0.00020755621447398598,5.216700346928116e-06,3.8247473749262586e-05,0.999051837871844
51,0.0007619755437298352,0.00016227677812672163,1.3031107599598613e-05,2.1868836668150104e-05,0.9990408477338757
52,0.0016931388872659763,0.00024261132723769235,1.4946518626139088e-05,2.6820651314647476e-05,0.9980224826155555
53,0.002531712117509882,0.0005113144378279975,9.10124316913844e-06,0.00010060433466648748,0.9968472678668265
54,0.0007419017138459862,0.00014780347586555552,1.784895519067367e-06,6.857889282626148e-05,0.999039931021943
55,0.0005602086038325232,8.532652579587487e-05,3.431730041236665e-06,3.1251814640753546e-05,0.9993197813256897
56,0.0015322498871860595,0.00021009059830752523,9.338452157883964e-06,0.00010974580347652338,0.998138575258872
57,0.001017038858042537,0.00011548756230714518,2.998242372238642e-06,0.0001093819710613637,0.9987550933662167
58,0.0004175344404172256,7.997464037326894e-05,5.735922633460884e-07,0.00036603162052395167,0.9991358857064221
59,0.0020649025174857166,0.00012882523356005034,1.8946018656263179e-06,0.0004167136551591494,0.9973876639919296
60,0.0007369779379441979,8.995940069168587e-05,9.245117954929682e-07,0.0001556695243676576,0.999016468625201
61,0.000715797843106319,0.00010007322945903111,8.751244169785938e-07,6.0658334546927766e-05,0.9991225954684708
62,0.0009387643624831543,0.00013347227812703967,1.0328603548180914e-06,9.712864971634416e-05,0.9988296018493188
63,0.0008689058241910664,0.00014897911003129168,1.3880026952107535e-06,8.941346392358047e-05,0.9988913135991587
64,0.0012108403348940454,0.00017198887165865984,9.467940065755694e-07,0.0001201535901105614,0.9984960704093302
65,0.003312132201691801,0.0014058349623567504,7.631949356507258e-06,0.0006925403891452525,0.9945818604974497
66,0.028764259359655923,0.0012912907597145606,9.0182476794927e-06,0.0008591484268165173,0.9690762832061335
67,0.0024957834727530113,0.0004822012386431359,1.8940815444512763e-06,0.0004602881845208338,0.9965598330225385
68,0.008958036773183794,0.00043392860194253904,3.4879739151078665e-06,0.0004059959017738258,0.9901985507491847
69,0.024390466487510386,0.0010715845507599747,6.0767604388928945e-06,0.0008570798230028518,0.9736747923782879
70,0.016204985487506093,0.0007086204133418588,4.399931180905082e-06,0.001022601263763479,0.9820593929042077
71,0.0321075103260023,0.001300716528584285,1.0333649975475649e-05,0.0007429079436199996,0.965838531551818
72,0.035022485785460154,0.001629592890771366,1.4647370937024961e-05,0.003545990175281919,0.9597872837775495
73,0.3472666984312283,0.012509573746654186,7.042288513639583e-05,0.003883721619692406,0.6362695833172887
74,0.6907441082911678,0.028325241813852042,0.00012215753117269962,0.03399984043668795,0.2468086519271196
75,0.755778721543735,0.14895483530497688,0.0004189009985022819,0.024770115351929304,0.07007742680085646
76,0.2997841517609732,0.09149130240503692,0.00013245483006359818,0.04039839803706387,0.5681936929668624
77,0.5731659239292543,0.1437868982383296,0.0009272608127825007,0.036343098381265454,0.24577681863836826
78,0.1446854061564574,0.840680707274448,0.0022210004207192688,0.005935526817462349,0.0064773593309130195
79,0.04366298422274356,0.9408794905903125,0.0062448762476528304,0.005837476144242087,0.0033751727950489473
80,0.02597029012199318,0.9460165603269555,0.014799663534451024,0.009746712795055392,0.003466773221545023
81,0.010401604736445505,0.9659337819715982,0.020710895879538786,0.0015413229449361934,0.0014123944674813975
82,0.007362539242868753,0.9594762315475482,0.030934852481509602,0.0008354178401749892,0.0013909588878982038
83,0.01608668466128039,0.9520969710375495,0.02921442405263461,0.0009217767087686708,0.0016801435397667864
84,0.00586599853850781,0.90433032978214,0.08736218157746964,0.00048201036754202405,0.0019594797343404696
85,0.0055551974497661145,0.8276042817041969,0.1628227338492888,0.0004894198336474742,0.003528367163100698
86,0.005122364981550673,0.8641842755894062,0.1280357718352301,0.00106324375378465,0.0015943438400282367
87,0.004227545979767518,0.9053123974271889,0.08816112164099744,0.0010299487067120573,0.0012689862453340176
88,0.002083209496440553,0.8819018130875318,0.11479532543064085,0.00022661087747100748,0.000993041107915647
89,0.0016982115458661793,0.8396594631068794,0.15782260635452527,0.0002150952290861206,0.0006046237636430884
90,0.0011836122655048422,0.832820888312405,0.16535352399055292,0.0001577210472594787,0.00048425438427787687
91,0.0016027815401676825,0.6129563145101519,0.384573387031326,0.00014642779036113282,0.0007210891279933679
92,0.0022600317887548457,0.8227413870757192,0.17383047191439682,0.00012290549010050128,0.0010452037310286126
93,0.0010886007722673455,0.42338787311597154,0.5750385224926514,6.356792601617483e-05,0.00042143569309339713
94,0.00033628528001788905,0.44604593679666377,0.553306536940261,3.012736867455227e-05,0.0002811136143827974
95,0.0009521010575970473,0.8659272968176959,0.13220514640755454,0.00010664962422723964,0.0008088060929252868
96,0.0006570122217733765,0.44663185071845285,0.5521619053464127,4.6716346580649594e-05,0.000502515366780452
97,0.00041351101962455326,0.2860575603888716,0.7131273548722242,2.374011223634941e-05,0.0003778336070430835
98,0.000238131213454361,0.17244433887179267,0.826733513018117,1.628919187431098e-05,0.000567727704761652
99,0.0004814738068992031,0.2817144719791446,0.7173657809134202,2.332325819339691e-05,0.00041495004234259517
100,0.00019297785258718308,0.17267088267636566,0.8267431159303951,3.128969172071185e-05,0.00036173384893143886
101,0.00037808379385360967,0.17625473713934994,0.822769372346593,3.952337407770641e-05,0.0005582833461258425
102,0.00037012626555561404,0.25043446211643605,0.7487971849965913,1.9998045010937683e-05,0.00037822857640592737
103,0.0009691410428277151,0.11429524541347041,0.8842575665431883,2.507694409560603e-05,0.00045297005641812085
104,0.0011084697114140494,0.2851018408674888,0.7126540105116211,3.0344168562464042e-05,0.0011053347409136008
105,0.0006284648356097584,0.17199970683946952,0.8256185661174394,2.5403727861768545e-05,0.0017278584796196013
106,0.0010422480168034165,0.21627327820644968,0.7796941511132742,2.4459303042813273e-05,0.002965863360429899
107,0.0014046514660359087,0.10803512468951453,0.8881839226642049,3.23428747159233e-05,0.0023439583055286694
108,0.004882563031078356,0.05113897689461337,0.9416671001950796,3.142327790017988e-05,0.0022799366013285557
109,0.002160685198593115,0.06981755391643633,0.9247711982439122,2.1168224527647557e-05,0.0032293944165307205
110,0.004198451028672348,0.06209084881277907,0.9307273006533179,3.161296945431333e-05,0.0029517865357763123
111,0.02591501373123521,0.0859809509968297,0.8759074316094185,0.00013120407397869264,0.012065399588538039
112,0.020571284223953535,0.1311507215142006,0.8339743509481052,0.00016807240639550003,0.014135570907345017
113,0.00709889072820171,0.08942856667153881,0.8984758393341672,3.012691486420979e-05,0.004966576351228067
114,0.0064705791111028185,0.07068191706753574,0.9146662202188153,5.724682587707727e-05,0.008124036776669187
115,0.02649194350840815,0.13514799756066245,0.8109501368346648,0.00013521890189472347,0.027274703194369917
116,0.009436851647729016,0.06076465978732375,0.9228060175239079,6.011658349818328e-05,0.0069323544575410016
117,0.01904101474649317,0.11063201829028428,0.8431473044821779,0.00012771575777041635,0.027051946723274236
118,0.010825226418868818,0.06359154543384282,0.9048738976167966,6.095788806978638e-05,0.020648372642422152
119,0.011157118404033637,0.10478177304163859,0.8668942738496207,6.02857889992832e-05,0.01710654891570792
120,0.001906343799658424,0.04741599929091774,0.9426634223630762,3.566926035365656e-05,0.007978565285994183
121,0.001810084158408953,0.030806762155878537,0.9597792814312387,3.244213510385274e-05,0.007571430119370111
122,0.015177937936501797,0.06188843668812272,0.9016587964999243,0.00013243312984871256,0.021142395745602432
123,0.010830156076218204,0.0872350331929591,0.8815724308534292,0.00011948832224458807,0.020242891555148843
124,0.011746226828340966,0.07111068741510161,0.9065276771453377,7.763995514561262e-05,0.01053776865607414
125,0.010706809953278171,0.07639196406672355,0.881867802313353,0.00014482546655335935,0.03088859820009186
126,0.013772190209113579,0.11290281522964508,0.8429969610998644,0.00025037832001414436,0.030077655141362774
127,0.01169120083009279,0.07318335797405577,0.8941420905679768,0.00028774242722980184,0.020695608200644977
128,0.018512531246064053,0.2877299174480394,0.6678312080404764,0.0004951710334926137,0.02543117223192769
129,0.29439078170475524,0.45601373862948424,0.021555613029934216,0.01170920190986557,0.2163306647259607
130,0.31766361591020303,0.48753770847670447,0.03143436662955848,0.012685028089939284,0.15067928089359478
131,0.1836645948634925,0.6916859790793463,0.061743242515832825,0.007977712783838749,0.054928470757489876
132,0.5377817267244462,0.38341464153706817,0.015404313443963457,0.019218639244981454,0.04418067904954082
133,0.20607621869244871,0.4443148499980028,0.0050327831374366565,0.009729913398695606,0.33484623477341624
134,0.49954149997207226,0.2626404063887174,0.0030962370046217786,0.02742614660046914,0.2072957100341194
135,0.5796624960351531,0.19468860744104213,0.0017691722723975549,0.06073203885589023,0.16314768539551713
136,0.5094266373506691,0.2553698771096,0.0028097666517076167,0.06575066591291977,0.16664305297510362
137,0.6605265570345601,0.12735341324831095,0.0013747832990439596,0.07516805604037557,0.13557719037770943
138,0.3551887184227548,0.48554193098699255,0.01632252982732898,0.054997780873771725,0.0879490398891517
139,0.4600429655090292,0.42937005191624,0.0024805462615566077,0.059125600558207196,0.04898083575496723
140,0.16813949033232745,0.7035088074904179,0.005895871516459769,0.08782609342568767,0.034629737235107254
141,0.41196508987735236,0.5223691166768096,0.005916989981430707,0.025110657154886754,0.03463814630952058
142,0.372109610802114,0.5141895533199408,0.027460839922934896,0.03912794393795277,0.0471120520170576
143,0.04255747647440879,0.9123266224739752,0.026064599134315847,0.003268384915285762,0.015782917002014493
144,0.20294771849506982,0.6601753137030854,0.003840357106904066,0.01271858340195836,0.12031802729298237
145,0.5531347744880681,0.31136232517999995,0.0015507293122984345,0.06964433255209738,0.06430783846753617
146,0.18533551649031935,0.7501598375455568,0.005617469373187929,0.050841696025336135,0.00804548056559967
147,0.023353087595293552,0.9668684681147183,0.0014178412024713617,0.006580606782116268,0.0017799963054004268
148,0.008537871421393778,0.9548519052678431,0.029736609017955457,0.004732764318278481,0.0021408499745292305
149,0.22773411160368912,0.13465541426769442,0.0003558948455601885,0.4241443226042119,0.2131102566788443
150,0.2273374500821333,0.3885775104072061,0.0005545691620942166,0.28826568994294327,0.09526478040562308
151,0.18136461763051326,0.6559663506025423,0.0019465823334431642,0.15162386999878827,0.009098579434713011
152,0.0978736318962588,0.7986744795722215,0.0012717757764422232,0.08937190927739452,0.012808203477682974
153,0.19143365830860262,0.5143765198107688,0.005000073173687019,0.2622528989459954,0.026936849760946163
154,0.15140774157043507,0.46919992429897933,0.00444433664322089,0.21108237540929414,0.16386562207807054
155,0.36319733378464397,0.30907381818220636,0.0015127037245629478,0.14438525896132418,0.1818308853472625
156,0.18960690028391614,0.6476224508630838,0.018676349322762378,0.10399114676941901,0.04010315276081874
157,0.35518702575150823,0.6126531228838975,0.0029195897278306232,0.011628195397915991,0.0176120662388478
158,0.4000663447942129,0.5164701255455634,0.0031990610829296666,0.053656384676704166,0.026608083900589902
159,0.16601057097736796,0.7820723715194382,0.007460580504472264,0.022820355373765495,0.02163612162495594
160,0.040480371640758024,0.9232679258626791,0.02333424190035762,0.008400913620230705,0.004516546975974632
161,0.05470445056515901,0.9172075177737109,0.018187526519464713,0.005984815107254898,0.003915690034410492
162,0.006745438701695745,0.9588832766710087,0.03199539149696563,0.0010723028256287759,0.001303590304701004
163,0.004916012009047012,0.9572578685252656,0.03563117399108593,0.0014261616098261163,0.0007687838647756498
164,0.006738050158730108,0.9699630634368039,0.02076798858450007,0.0018310568687085725,0.0006998409512571485
165,0.0023887875366519875,0.9245118686278394,0.07091884799314399,0.0013840934975565987,0.0007964023448081
166,0.05103446844301102,0.932039318087818,0.010243859831395407,0.004071457286439677,0.0026108963513358963
167,0.012559712628064967,0.9780131033414904,0.006836603951575399,0.0018779942488248496,0.0007125858300447018
168,0.004339277203833384,0.9751167138711624,0.01975317273212896,0.0004699715170536931,0.00032086467582148663
169,0.01124979051930333,0.9298734778199218,0.055801013624379156,0.0022248086311961357,0.0008509094051996387
170,0.004190707871582157,0.9549223041706064,0.037300362074471606,0.0028001998415274547,0.0007864260418124161
171,0.00626721347453366,0.9344178826671616,0.05386240005652392,0.0037462860706791398,0.001706217731101687
172,0.07230826065793416,0.9086372869038427,0.0025804945448944703,0.009213222742039458,0.007260735151289076
173,0.015925790291963445,0.9685111133068435,0.010586972232682668,0.003809809692902138,0.0011663144756083835
174,0.02710108695065617,0.9621387680494666,0.004006833211079209,0.00237852182602643,0.004374789962771516
175,0.043341555927256484,0.9385232578337105,0.00545575162667065,0.00822227490545267,0.004457159706909596
176,0.025921430433027463,0.9270880227832043,0.01815044636023889,0.020857160579262176,0.007982939844267166
177,0.17427258152460506,0.7457374789283814,0.0013119029963048576,0.06486853315443979,0.013809503396268984
178,0.1285346234602154,0.7381762822968139,0.004572946221427663,0.1111777118728383,0.0175384361487048
179,0.13707497247673348,0.7738782694360585,0.00495685029367679,0.06941913713377515,0.014670770659756062
180,0.10138725195596844,0.8184112265175415,0.004315433198336003,0.06828675981153846,0.007599328516615602
181,0.1218238874111285,0.6765957888094842,0.0040504605757230114,0.11221646223897246,0.08531340096469188
182,0.011709368218020268,0.04590259044216078,0.01295148244426931,0.006069997087298751,0.9233665618082508
183,0.15982588972097012,0.014999156145068698,0.00014776286771141608,0.07645449035645778,0.7485727009097921
184,0.5200202246815734,0.02749389436806203,0.00012546384005459202,0.04315128877108303,0.40920912833922696
185,0.43682336082141726,0.06876679219180518,0.00022376675880334904,0.1092971441455851,0.3848889360823892
186,0.2517529431937843,0.04324611507706961,0.0001641952191190066,0.4276215227230234,0.27721522378700375
187,0.36217424270343507,0.03439253096576632,0.00019519120883015485,0.19016200584061813,0.41307602928135034
188,0.20954181270222552,0.08555086962915726,0.0001874146073006157,0.5550805309030463,0.1496393721582703
189,0.30919819038794555,0.09053512537492081,0.0002782889443029969,0.49512501835804174,0.10486337693478871
190,0.20940521932809378,0.11700959666209126,0.0001458043970401074,0.4387257274798087,0.23471365213296633
191,0.20177367568909874,0.16643938753392754,0.00020437966803942876,0.28970508078087387,0.34187747632806037
192,0.009977064174127488,0.006110382947711593,1.68921383701349e-05,0.016756209016756052,0.9671394517230348
193,0.016061677682862357,0.004437422902950868,1.02209531091484e-05,0.02945424565120628,0.9500364328098715
194,0.06511721594312463,0.004070415956777343,1.84891840660591e-05,0.024840074430289422,0.9059538044857425
195,0.23467261529337083,0.012970609707104263,3.099840952720522e-05,0.02417866858392598,0.7281471080060717
196,0.021065825591378828,0.006937972038583775,5.957312201713555e-05,0.0240303944626622,0.9479062347853581
197,0.013210438954614042,0.0026795599170653943,1.1166552212441585e-05,0.030673306475597295,0.9534255281005107
198,0.3130161925514735,0.01968725106487389,7.57042098637302e-05,0.11864861790935702,0.5485722342644318
199,0.019051594827089458,0.001503595965087267,7.10218017387072e-06,0.023781132340138223,0.9556565746875112
200,0.10125533576842365,0.012014571429067733,6.375169166369808e-05,0.020537864335867153,0.8661284767749778
201,0.41120342958392836,0.07869448167045413,0.0001865484927012047,0.3841585055498098,0.12575703470310653
202,0.29177324376207314,0.13487040552792456,0.00016581495742516855,0.5163709394374092,0.056819596315167926
203,0.2957134937579653,0.07406866340730679,0.00023623599404154092,0.5194683089167141,0.11051329792397228
204,0.1684028267818689,0.2165498034652228,0.0002604945336695909,0.5859889384403821,0.02879793677885648
205,0.11409870897172399,0.2502305730514945,0.0004014325422435507,0.3680201039845406,0.2672491814499974
206,0.027471747804203223,0.01092488861677395,7.642134882840902e-05,0.14251395385838622,0.8190129883718082
207,0.3868039872071241,0.026815290297913748,8.160929230644284e-05,0.22736147043420318,0.35893764276845264
208,0.10393966533856001,0.019254075467161028,4.755608661066902e-05,0.03803453721507847,0.8387241658925898
209,0.14784950210275447,0.012153890379601889,3.289749942078076e-05,0.027885280121749092,0.8120784298964737
210,0.12833526027261608,0.007648704755901219,1.5882989773764567e-05,0.024886829690827467,0.8391133222908814
211,0.009753373580135394,0.010984256348280916,2.8930366763919307e-05,0.0030608531445020476,0.9761725865603176
212,0.007772836629253286,0.002000691116113564,3.289037042593944e-05,0.004928982194545642,0.9852645996896616
213,0.04085101110303266,0.011417587317974359,0.0004506427510619322,0.008855817707059357,0.9384249411208717
214,0.005634823373487468,0.0008262523846130415,6.504958092449202e-06,0.004782070501691266,0.9887503487821158
215,0.01998016489214367,0.0011048031949904007,3.2547296887303796e-06,0.006272309470733089,0.972639467712444
216,0.13342593391538035,0.012031323251908846,2.8478547032918445e-05,0.030520734273779337,0.8239935300118986
217,0.0023284663890873712,0.0010195770500012456,3.768106014753689e-06,0.0014881198276109127,0.9951600686272857
218,0.07036589035819467,0.004434138204347453,1.4667499206010634e-05,0.014768700846458328,0.9104166030917935
219,0.004612303528851824,0.0031548177942410725,2.370564886815221e-05,0.0021429081252655,0.9900662649027734
220,0.016258859803205482,0.005875846587413131,8.09892814543071e-05,0.010236786784541409,0.9675475175433857
221,0.0014913525313898753,0.0006886433425045063,1.65846994478996e-06,0.0019483046711462918,0.9958700409850146
222,0.004357475990502055,0.000720208766513696,6.062764829519429e-06,0.0014385928110599124,0.9934776596670949
223,0.004469251369153355,0.0005717804332019983,2.7887712715492568e-06,0.0016562357270371213,0.9932999436993359
224,0.08873015546579857,0.0032366120512151548,4.403743346467594e-05,0.008480494070517978,0.8995087009790036
225,0.010667986489913364,0.004598993884040217,2.952478928649578e-05,0.014184544950036597,0.9705189498867233
226,0.0032892844489525886,0.001578241679340893,8.038854244088891e-06,0.009693984029192682,0.9854304509882698
227,0.11184002962469611,0.012822277387383042,0.00011773778858705189,0.06437597218860555,0.8108439830107282
228,0.01751970731460768,0.005403257498047219,4.065035931131833e-05,0.014859142881598434,0.9621772419464353
229,0.25624653897579697,0.02265825306408848,0.00031073237493814236,0.04685007895137959,0.6739343966337968
230,0.29297258259796716,0.06839293149050917,0.0004534161651692559,0.1887701645829223,0.4494109051634321
231,0.40225902645495526,0.08247683713098733,0.00041647053492784134,0.4003436664495639,0.11450399942956556
232,0.023602865617062836,0.011031514490191146,0.00020287516445794665,0.049315002674304886,0.9158477420539831
233,0.24304450385272916,0.047453144803532486,0.0003821603096867925,0.05655946901936155,0.6525607220146901
234,0.5164721690371752,0.12065967413455739,0.0008404867002451138,0.10874363437624733,0.25328403575177505
235,0.662334171252414,0.08896993977395079,0.00027733390842895787,0.06367508101020053,0.18474347405500569
236,0.5072531493648837,0.3721282391070836,0.0012083891946277348,0.09612094825987265,0.02328927407353224
237,0.06550645787750252,0.9239016260147499,0.0008269562901863299,0.006555324640300656,0.003209635177260536
238,0.05681108256620897,0.9321835921229614,0.0008105855851624859,0.008245859462362285,0.0019488802633047804
239,0.014723165593888761,0.9675222402089695,0.011699498569835484,0.005218058908472265,0.000837036718834
240,0.012861505418184257,0.9794803860987594,0.0035710876296740105,0.003087713109643824,0.0009993077437384296
241,0.013732648043842957,0.9799369586384676,0.0027656179915141405,0.002658007392598362,0.0009067679335767912
242,0.0049841026498255135,0.9840053185020529,0.009066275661590044,0.0014409865603235868,0.0005033166262080046
243,0.03785257554137735,0.9470153281497753,0.006833840871668423,0.006386776905505482,0.0019114785316734085
244,0.00894020316695143,0.9660080453024011,0.021754999232984268,0.0026412183882504477,0.0006555339094128398
245,0.005789754377915018,0.9696641852615908,0.022362474943286834,0.0016042173309104052,0.0005793680862968355
246,0.007586370299590604,0.9318062175978145,0.056307432362132315,0.002990689186140029,0.0013092905543227358
247,0.013232954933385463,0.9715680167617512,0.011921538869749485,0.002106679780776936,0.0011708096543371885
248,0.0048927549576487026,0.949531433609893,0.043375788203879134,0.001471871018753602,0.0007281522098255763
249,0.004531650061594314,0.9313640465441893,0.0624992558670066,0.0008145906233624477,0.0007904569038475641
250,0.004649687521351171,0.8868615492629245,0.10606728172980492,0.001196169859029091,0.0012253116268903528
251,0.0021716527442093396,0.8341775692897879,0.1622301869368093,0.0006534398849126692,0.0007671511442806173
252,0.0024596147272044674,0.5780470335214394,0.4185936271030467,0.0004683505168615276,0.00043137413144791196
253,0.0019623642124814355,0.7355983492167028,0.26086271209125916,0.0007201709864996783,0.0008564034930568751
254,0.0009956588114388213,0.6772074502045529,0.32075665001602743,0.000564226241042187,0.00047601472693873287
255,0.006024296806827914,0.9070015988121002,0.08055685249537145,0.0012856472746090206,0.005131604611091447
256,0.03096082764032897,0.9245211938673586,0.03628582317548743,0.0028152818670416388,0.005416873449783313
257,0.006883330836531791,0.9435920139455124,0.048004686866526654,0.0006966935753602318,0.0008232747760689001
258,0.0014704554899970606,0.7529447807140206,0.244571093516152,0.0002222892713615639,0.000791381008468826
259,0.010615148872394196,0.8644300967079166,0.12227632788693106,0.000993650611606297,0.0016847759211521315
260,0.001672515568683735,0.8917363337706878,0.10569345603937665,0.0003044794216010408,0.0005932151996507879
261,0.0008412515916886738,0.5824485157121586,0.4162265826609192,0.00011658546737477718,0.00036706456785868223
262,0.000928179754477715,0.5385995615038704,0.4597626245833955,0.00016055878679304447,0.0005490753714633385
263,0.0010117933530334356,0.5605008856766766,0.43785957107064594,0.0001577827590946917,0.000469967140549393
264,0.00034750302962730553,0.3107751280962824,0.6885472109206253,7.181949411449528e-05,0.00025833845935048174
265,0.0009138289858243745,0.378196667716727,0.6203633509658697,0.00014784963155702678,0.0003783027000218035
266,0.0011830238279045596,0.46754396106815693,0.5305549862742549,0.00018106527842516297,0.0005369635512585139
267,0.00045355299019838707,0.3792929574885412,0.6198325144099007,0.00012929311462940674,0.0002916819967303184
268,0.0015729076454821787,0.40852215785226925,0.5890758001350511,0.00015142816948518888,0.0006777061977122443
269,0.0008048478115734973,0.32615043274212147,0.6720571886133736,0.0002798180246592638,0.000707712808272156
270,0.002553386524813961,0.5770283735440391,0.4177661365872311,0.0004375028663362292,0.002214600477579426
271,0.001448004539697687,0.44679533499701807,0.5511910143628104,0.00016789664193637792,0.0003977494585375004
272,0.0013900112442102376,0.6998081156735293,0.29811207674328,0.00018658513022203188,0.0005032112087584057
273,0.0007826920267989536,0.5778440835182543,0.42077698146425513,0.00010822049456715965,0.0004880224961245307
274,0.001143970132828335,0.49021629416306683,0.5082442909242115,9.261639232756998e-05,0.00030282838756577705
275,0.0003047782671226047,0.41403858620315726,0.5853747147113308,5.401798150690872e-05,0.00022790283688231677
276,0.0004111100007197801,0.41015251902357586,0.5891546226428668,4.3561553554886775e-05,0.00023818677928259607
277,0.0003055187192263052,0.2097592268436875,0.7895486816694136,7.485635947879793e-05,0.0003117164081939125
278,0.0009577953030577362,0.15954623499958567,0.8389427128778579,7.956789560964869e-05,0.0004736889238891756
279,0.00210257446409576,0.24539159045199657,0.75114880119385,0.00024264325298237703,0.001114390637075307
280,0.000454044351407752,0.2670025989681055,0.7321180892991997,5.643842112101429e-05,0.00036882896016600603
281,0.001172474888435819,0.1950795968806295,0.8029573107362019,7.26915466452109e-05,0.000717925948087679
282,0.0006210442155031657,0.25515105741256705,0.7434805013681411,6.628398287517731e-05,0.0006811130209135082
283,0.001042313761763545,0.15751527822997646,0.8407997133083716,4.896244471198356e-05,0.0005937322551765187
284,0.018287909494549347,0.16392263189592307,0.8148462242571686,0.0002517575353620435,0.002691476816996881
285,0.004184755810215818,0.09345807680005865,0.9013772366404232,0.00010196149737328987,0.0008779692519290114
286,0.0007782177648195318,0.04944621934782379,0.9490426963825289,4.645329943681216e-05,0.000686413205390943
287,0.006134318644049426,0.12303553408241612,0.8680907676940761,0.00023245351491718146,0.002506926064540942
288,0.002312564611591987,0.04759410373594803,0.9481733674058828,9.958223998554138e-05,0.001820382006591802
289,0.005542975398177043,0.1582715264033838,0.8342280038247781,0.00013480492691357335,0.0018226894467473533
290,0.014625218172717724,0.2438624841315368,0.731144324322556,0.00044730611112338,0.00992066726206598
291,0.009384613193697648,0.10707470200761264,0.8784210876218982,0.00031467809514070655,0.0048049190816509026
292,0.0032050881412544648,0.08424800566322975,0.9097755660893506,0.00011647861699609643,0.002654861489169077
293,0.010901369808144558,0.12657452099197197,0.8556251916301971,0.0003035909253952733,0.006595326644290874
294,0.0033278826530032508,0.07209583273981109,0.919533381991476,0.00013911292000098424,0.004903789695708714
295,0.011446638792258443,0.13856409157923674,0.8425729176297285,0.00029481062876848216,0.007121541370007964
296,0.0016582538785448772,0.05134234220857966,0.9450078748751183,6.409780067222357e-05,0.0019274312370850045
297,0.0027053894062471543,0.0812437345786142,0.9139342705313007,0.00011852767357456326,0.001998077810263337
298,0.01282682642844459,0.1857489258691127,0.7838374262911381,0.0006322563037407475,0.016954565107563848
299,0.003083156635682418,0.0925520717468483,0.9015641908052523,0.0001374447139849712,0.0026631360982319
300,0.0021387228382053884,0.06849360075566921,0.9265562013383998,0.00012339311347150884,0.0026880819542542123
301,0.007012393796673078,0.11764582319333197,0.8697583674967075,0.00030303222590864716,0.005280383287378711
302,0.006459569767745962,0.127684513765927,0.860965852387993,0.0002928740529744297,0.0045971900253596485
303,0.0035551191607493676,0.1025055906646871,0.8915999738769445,0.0001299846538448275,0.0022093316437740702
304,0.014492779476089504,0.139760144037114,0.840082654599638,0.00030953050037093585,0.005354891386787572
305,0.004695151802547269,0.05530487125198592,0.9359754614493209,0.00014762156289265075,0.00387689393325324
306,0.007091376655241428,0.08793177199338433,0.8989005751602988,0.0003193896506759958,0.005756886540399624
307,0.03188432658445905,0.17735616197639448,0.7780885593139483,0.0009562204890820568,0.011714731636116188
308,0.02277297468043488,0.09492434894838948,0.8730793870183512,0.00163019367428164,0.00759309567854281
309,0.019050322624586998,0.09354332153374421,0.8683141834218704,0.002837843658506594,0.01625432876129202
310,0.027416904081392246,0.458733606205427,0.4257362670666479,0.005167140477882746,0.08294608216865008
311,0.3128536398740866,0.25407986759903206,0.0040284616078756115,0.03148110778771401,0.39755692313129176
312,0.46607679151770137,0.18962631247779696,0.0012101211902739277,0.014356822036367864,0.3287299527778597
313,0.2689174897616873,0.5294274901006271,0.01750010803404794,0.030568376627269953,0.15358653547636775
314,0.14582883992775722,0.12720752922505624,0.0016671480873105182,0.020079115700984793,0.7052173670588913
315,0.03810692158608459,0.03618625670864522,0.0008084397580047986,0.00407278276808111,0.9208255991791844
316,0.009044215021026047,0.00759327633515245,9.948788782279242e-05,0.002269550257652837,0.9809934704983457
317,0.24694178383609505,0.013852032552160951,0.0001676466380916703,0.004538370361233511,0.7345001666124189
318,0.23222980852879976,0.12012511632379654,0.005574345169769722,0.03468182068381767,0.6073889092938163
319,0.13221337245267878,0.06203477361799785,0.00041278357027832105,0.01255261388240605,0.792786456476639
320,0.03793967554818694,0.05999264175435004,0.0008311120701557964,0.007021934089278932,0.8942146365380284
321,0.22910211505192837,0.1530218035496974,0.001589652868285141,0.05386234235011928,0.5624240861799698
322,0.3545607252703386,0.2857822975717904,0.008939399528461338,0.07233622786811941,0.27838134976129036
323,0.4119398073030273,0.29061833107784824,0.00403244369682018,0.13423657728178218,0.15917284064052206
324,0.2710744763716769,0.321788246339332,0.040861638219797505,0.33549867637157105,0.030776962697622576
325,0.25092939289652433,0.3865064625387141,0.037057540211736226,0.23763584306083102,0.08787076129219412
326,0.08621695559171837,0.6911341056133762,0.0866216152932069,0.11949439585428431,0.016532927647414427
327,0.12412350197619408,0.5664037356847201,0.028513675101152318,0.24768734361495096,0.03327174362298268
328,0.049372935430912965,0.7112806355242893,0.0028462993965536598,0.23244323926295307,0.00405689038529088
329,0.10092216423255695,0.6339037145153399,0.0014973192490347175,0.24007388117123535,0.02360292083183307
330,0.21267181365766585,0.22978775795801487,0.00034114124607472233,0.3795425953029345,0.17765669183531002
331,0.4369853549237348,0.21758465698354348,0.000504607790583732,0.14546291620664664,0.19946246409549123
332,0.454203324906567,0.23891647199664998,0.0005448865939663756,0.20177544610645504,0.10455987039636151
333,0.1319099317515796,0.3691954764408437,0.004570318224228216,0.027745037154387798,0.46657923642896054
334,0.025923948376545623,0.022130328107553922,9.839129480771921e-05,0.004311774036265875,0.9475355581848269
335,0.009722519870869143,0.012511664072196485,0.00010779590682174577,0.00265721554069569,0.975000804609417
336,0.014939841309657207,0.00430188507315711,0.0002053296438674425,0.0023470370844645744,0.9782059068888537
337,0.01490620999099464,0.0045181868060940236,5.84202290241775e-05,0.00281535346468608,0.977701829509201
338,0.007381148534572326,0.001390299445517715,1.2763901821727e-05,0.0020836922269494014,0.9891320958911387
339,0.007419523994677198,0.0021023242112960705,7.477304568913132e-06,0.002561897973824587,0.9879087765156332
340,0.005475627891187552,0.0006191522592868483,4.219346668923706e-06,0.0016870949913197501,0.9922139055115369
341,0.23463965278806415,0.005973041195458368,3.431362674201808e-05,0.016515577750793948,0.7428374146389416
342,0.30666123685898733,0.03369983139249907,9.807097169065089e-05,0.08408123632115086,0.575459624455672
343,0.11088818799338002,0.008877207868414068,4.069193206483881e-05,0.05355058801183032,0.8266433241943107
344,0.34386237125668806,0.1012478368687465,0.00018335789336196723,0.1653195382595854,0.389386895721618
345,0.2077959430574061,0.5290565822688061,0.0005375723875920281,0.19250669843410953,0.07010320385208611
346,0.4980288696929996,0.08564493742054133,0.0001682307958872128,0.22082652121810137,0.19533144087247054
347,0.1502001000043468,0.5389345827164518,0.0006492878769021175,0.26970501244809475,0.040511016954204455
348,0.024666786738299893,0.07475572319964868,7.204075118181366e-05,0.06747722210873063,0.833028227202139
349,0.04564426114222469,0.019591068473788237,4.187786515053022e-05,0.049421183520255714,0.8853016089985809
350,0.0043004388633747824,0.004758349455769091,1.3688004636546687e-05,0.010076831814256476,0.980850691861963
351,0.02164163328789094,0.019806378029066492,4.0584220349990095e-05,0.012740670235989515,0.945770734226703
352,0.0031152580939291952,0.0021672298254603035,4.024217935622533e-06,0.00453286256224144,0.9901806253004334
353,0.01701759763188819,0.002674819998850312,1.0026463181772808e-05,0.006699388903696377,0.9735981670023833
354,0.008511509007013567,0.01670293697369124,1.519131013344041e-05,0.009689467140932079,0.9650808955682297
355,0.01102252176622184,0.00545148922302035,1.7361694947801205e-05,0.00632756960933364,0.9771810577064763
356,0.057730037690826574,0.006405031858698217,2.1562839565971325e-05,0.0203506788407706,0.9154926887701386
357,0.3706752093319554,0.16861273946285232,0.00017992944713780796,0.07898566116097692,0.3815464605970776
358,0.0021815154408880355,0.004629980733638857,2.1004068386920883e-05,0.0035929222152619317,0.9895745775418242
359,0.005459010488511919,0.0021794551704939235,6.382557890160759e-06,0.004346385458909124,0.988008766324195
360,0.05900602632251319,0.006200525682854182,2.0520590253734473e-05,0.008829499628461253,0.9259434277759175
361,0.010305933493632671,0.006309052443516064,1.0263039471672875e-05,0.0038639753517171038,0.9795107756716624
362,0.003646100095188314,0.0018200967602550475,1.0033534952648653e-05,0.0026061601780471722,0.9919176094315568
363,0.003178603885651649,0.0015271498244762145,5.64574841581735e-06,0.0032118380836378265,0.9920767624578184
364,0.005800822461680808,0.0038259044315566058,1.3903172789234335e-05,0.0035840779116051535,0.9867752920223681
365,0.0009177953384811474,0.0006916423640852156,5.981606089683383e-06,0.001970075910365932,0.996414504780978
366,0.0023791163400585283,0.0021368475777190153,7.832600514912864e-06,0.0015396803559820664,0.9939365231257254
367,0.0055346726184929956,0.0017394377061062318,1.0060416577300255e-05,0.003971252157262877,0.9887445771015606
368,0.0020170223197628163,0.0010717397711188339,6.893086397491443e-06,0.0028766493202011406,0.9940276955025197
369,0.0010504895250078347,0.0009531002572150683,6.7477770565940045e-06,0.0021256676148374357,0.9958639948258832
370,0.0029640537652003782,0.002755282221625912,6.970689432210609e-06,0.00282446865679874,0.9914492246669429
371,0.0015504616414039932,0.0007738646049352181,4.994687908797813e-06,0.0020513767022006133,0.9956193023635515
372,0.0018249099684822204,0.0008104848823090797,1.1511144451228137e-05,0.0007807014884613036,0.9965723925162961
