epoch,N1,N2,N3,R,W
0,0.00019397444956938223,6.771038310929011e-05,0.0,8.707619346938556e-06,0.9997296075479744
1,0.0003812829802952748,0.0002322098896450965,2.320816370982202e-05,1.933815543508751e-05,0.9993439608109148
2,0.0024179301860935525,0.0002795787144237188,5.400710504640071e-05,3.6406517161583465e-05,0.9972120774772747
3,0.0010376603406511047,0.00010251722267815289,0.00025502102177499383,0.00021586221571657084,0.998388939199179
4,0.0010915984851672604,4.367269579290138e-05,0.0002838147771618564,0.00046805036678537455,0.9981128636750926
5,0.0013365035143358846,2.5283055235630524e-05,0.001368415851931918,4.1738745717908504e-05,0.9972280588327785
6,0.0003116599024117777,3.257013134190565e-05,3.367428954485135e-05,1.1125589342452433e-05,0.999610970087359
7,0.0077520631516965425,0.00015186332783292622,2.0453292008757397e-05,2.9825144337961742e-05,0.9920457950841237
8,0.00028125051349768104,1.009823205399967e-05,4.247839912264471e-07,3.134029658519198e-05,0.9996768861738718
9,0.007369873269995344,0.0002746635239180454,3.078809130924776e-06,3.407486384683143e-05,0.992318309533109
10,0.010937582986389555,0.00018946064347366033,6.42306787276156e-07,3.784268537844746e-05,0.988834471377971
11,0.0008647888335768983,0.00011733535057995347,7.237076824372808e-07,2.927835286102426e-05,0.9989878737552996
12,0.001921810148985386,7.34042615089534e-05,3.649203115720482e-07,0.00011406981518172522,0.9978903508540123
13,0.0015452579816017495,0.0009992177783373676,0.00010552597699821885,0.00011755818035775651,0.997232440082705
14,0.008128331887976873,0.0008940937904344224,2.088474349945548e-06,5.1716614974276524e-05,0.9909237692322644
15,0.2416457067350775,0.006759591834394522,1.0197488466909554e-05,0.00034976484991419005,0.7512347390921469
16,0.481983757626838,0.04715590007927978,0.00010457885170525897,0.0008570213539157219,0.4698987420882612
17,0.3737946361564058,0.18088754008329885,0.0046860054918672085,0.0006841112475130533,0.43994770702091507
18,0.4676626649033883,0.32187573613459414,0.0003930189797515039,0.016204474994654834,0.19386410498761125
19,0.05198492938645016,0.8544906008549149,0.02900774229382538,0.0015321096701949625,0.06298461779461477
20,0.08492778540586865,0.8724959600022543,0.004465255057656856,0.005991768819771844,0.032119230714448485
21,0.042954002729911296,0.9312822213072152,0.00785892590487668,0.000331552488589424,0.017573297569407505
22,0.128899715929466,0.8211200757051877,0.005289798484097501,0.0011612047375399138,0.04352920514370889
23,0.0473396454304097,0.8986673917498628,0.014100376829481436,0.00010910302233020473,0.039783482967915985
24,0.010031443249475767,0.8957703629819814,0.0764706986610103,4.534553668979279e-05,0.017682149570842597
25,0.013020932670886803,0.9003180369307416,0.05598725888992257,6.874914595519829e-05,0.03060502236249386
26,0.026927473962434466,0.9092932256293024,0.005506848955237348,0.00030937610309541094,0.057963075349930504
27,0.03144533977658221,0.9466003205946852,0.003112280053040255,0.0006692241700041013,0.018172835405688186
28,0.006884072813676526,0.851019402316972,0.12443562123290955,0.00016038474361009143,0.01750051889283181
29,0.01476409298494864,0.9354705415760128,0.029108003470771776,0.00036233371688352005,0.020295028251383494
30,0.018282736722878723,0.9483229860086876,0.010044610576100049,0.0006569141954491808,0.022692752496884242
31,0.008906811325369078,0.8279776572004067,0.13204364587388398,0.00044007641667461687,0.030631809183665603
32,0.011039355605768669,0.916063974979383,0.027327530473087565,0.000623525113992539,0.04494561382776842
33,0.008870260712903982,0.950573609617125,0.02160787455285117,0.00035550297223723023,0.018592752144882527
34,0.010938584336119194,0.9628274865303914,0.01240988210404327,0.0011832465620695625,0.012640800467376732
35,0.0030997349818023975,0.6023348698632872,0.37859221464124626,0.0003783141164744467,0.015594866397189707
36,0.018093635183593748,0.9128646697572088,0.05261587562152039,0.0015388154239839944,0.014887004013693254
37,0.012059736573471903,0.935189381607913,0.03373064949200453,0.000349004402986816,0.018671227923623857
38,0.033683001995262196,0.9228715126574226,0.011503110858026015,0.0006779959978380316,0.031264378491451174
39,0.016727831998799902,0.8961611468006363,0.061387624179428245,0.0002566223034212881,0.0254667747177142
40,0.010787356515725472,0.9536377879021568,0.024935343103865318,0.0002443339260235106,0.010395178552228797
41,0.03157405515316046,0.8609830745120743,0.07339776996834475,0.00011570989371846311,0.0339293904727018
42,0.4086051312976036,0.1273068312187353,0.0020670809510633477,0.00040715355089896896,0.4616138029816987
43,0.07172227357714533,0.8981398587042636,0.0028659594409895235,9.267804418670336e-05,0.0271792302334148
44,0.029628699265196207,0.7863085615625884,0.16349840480120115,6.210425348302342e-05,0.02050223011753124
45,0.11331425471903991,0.6817995122938024,0.1334643606908901,0.00019655930963445264,0.07122531298663307
46,0.003834184709460089,0.6820483667355702,0.30035532465939824,6.374811318279425e-05,0.013698375782388668
47,0.0028994915553408533,0.6465397239924844,0.34137910169225444,6.84971509266091e-05,0.009113185608993624
48,0.003963268991727438,0.2894716749693425,0.6948892667251266,0.00018323018450346867,0.01149255912929991
49,0.003780580387354013,0.29708601392783146,0.6813280208529036,0.00011526695384647563,0.01769011787806446
50,0.008371143444385554,0.4265665682021789,0.5196759801378684,0.00027241564195698846,0.04511389257361013
51,0.008107328494859076,0.45866236419521705,0.476595998686409,0.00037928404489640986,0.05625502457861861
52,0.007411871035536879,0.14669506865373957,0.6934687899873697,0.0005223245777163788,0.15190194574563748
53,0.005657487901665701,0.12235910019540383,0.7904698267144912,0.00042825645354328226,0.08108532873489609
54,0.015042523472927056,0.2259016609775481,0.4787992226336501,0.0011841298472748645,0.2790724630685999
55,0.0469712168475076,0.6068147666757173,0.13725397692720342,0.0024438988194168294,0.20651614073015495
56,0.031094209368525694,0.5220913841048057,0.1466681918553905,0.0008861040115587301,0.2992601106597193
57,0.3570288562325314,0.0680707108564147,0.0022575520154745547,0.001149785134668164,0.5714930957609112
58,0.08294265643775746,0.8357937368388068,0.0027105503425310907,0.0004005114601012392,0.07815254492080326
59,0.14911479452707935,0.3921561793303201,0.0739310858317415,0.0005978402345868199,0.3842001000762722
60,0.13338377666677587,0.5589674699537333,0.007567672221811266,0.0013853459197965482,0.29869573523788306
61,0.01714266150169713,0.9125685813110441,0.023205484869051305,0.0008838302595149195,0.046199442058692496
62,0.0443615800213228,0.7624427332208912,0.067035368827801,0.0007289008851131591,0.1254314170448718
63,0.021175636839483664,0.9188480635863271,0.018938179028091466,0.0005537916874042763,0.040484328858693734
64,0.004733106536006115,0.19145832307918767,0.7787804882731902,5.849987801242998e-05,0.02496958223360344
65,0.008540443993908148,0.7184756192024876,0.2641133183840262,0.00042259107237233533,0.008448027347205749
66,0.0057098387317578445,0.8010470033522126,0.1880170475952089,0.0006828725703032518,0.004543237750517452
67,0.0045687581737743855,0.5095531661705546,0.4761959569370121,0.0007889649772001769,0.008893153741458675
68,0.0052422278472654335,0.5203868051087005,0.4672619457239606,0.0008049152762047238,0.006304106043868827
69,0.004756547340843137,0.6304544419674112,0.35524073170631776,0.0009470109585533651,0.008601268026874425
70,0.006719889695404324,0.8189907938351543,0.16689665787374128,0.0006735692226733516,0.0067190893730268205
71,0.007131538384913886,0.48872703507885573,0.49383777967081977,0.0006330967716756206,0.009670550093734838
72,0.0017757580082686545,0.308139911373447,0.686188570045423,0.00021407013668401623,0.0036816904361774297
73,0.0048976476673988235,0.9184831963047507,0.0714734184385334,0.0005740635177642984,0.004571674071552742
74,0.023274053253582873,0.8375108004814515,0.12766419167367637,0.0008021932860747947,0.010748761305214382
75,0.0052920970960951864,0.5217675317278219,0.4652929387285812,0.00028639171127104525,0.007361040736230763
76,0.015476238040845747,0.8584829584923348,0.11877625479829478,0.0005547967360578529,0.006709751932466926
77,0.005980376764542533,0.3588767605919322,0.629192593999835,0.00022788667698914243,0.005722381966701155
78,0.004071995559924023,0.31024874628796817,0.680902943475187,0.00015817062547931592,0.00461814405144155
79,0.0031763788804257754,0.29949230405635685,0.6886556960573296,0.00030505442224499935,0.008370566583642833
80,0.003441076136234728,0.3429530096611275,0.6463451676649491,0.0006936156661545673,0.0065671308715339275
81,0.0018633335890955852,0.2553664427998959,0.736485198404051,0.0002291325330072806,0.006055892673950104
82,0.00230333932292222,0.23772593830327743,0.7554339831736211,0.00023395148592488365,0.0043027877142544765
83,0.0020444698478547197,0.23335190584623502,0.7603237086840489,0.0002281668886505027,0.004051748733210759
84,0.0021597088267818424,0.24365117332390898,0.7491603483279278,0.00023750723772058869,0.004791262283660631
85,0.004172607886319151,0.3242875720614508,0.6608780399645365,0.0005381372753942163,0.01012364281229923
86,0.0018295395279547906,0.14203237972647367,0.8524886871633867,0.0002736141379961781,0.003375779444188861
87,0.002611075917142665,0.12474486920716919,0.8621395211576495,0.0003546866968454472,0.01014984702119335
88,0.14451916874928103,0.7923608699721789,0.02914333586250875,0.00248944523217979,0.03148718018385145
89,0.0065490377475090344,0.6126235985455761,0.3725733020099647,0.00034417173268714224,0.007909889964262937
90,0.018605737867464313,0.6566042287940186,0.31491995985560944,0.0004328125331882587,0.009437260949719348
91,0.0045738390280788115,0.18071560643251885,0.811187860130995,9.116518489550902e-05,0.0034315292235118575
92,0.005068151200772355,0.8642004964254878,0.12430807170595475,0.0005173375498061843,0.005905943117978967
93,0.005873468364170848,0.6075511884980818,0.3806571351067358,0.0006173722770419714,0.005300835753969627
94,0.004039367948263126,0.3335987423294307,0.6581352192654721,0.0006155426977812248,0.0036111277590527104
95,0.003030855940894491,0.34884554587426514,0.6443987095283664,0.0002487795966435897,0.0034761090598303475
96,0.01004155793682756,0.5483887142316775,0.43409504485502254,0.00028259904024214373,0.007192083936230238
97,0.001777286784808934,0.1478537356650187,0.8442289954965786,0.00026004960265393017,0.005879932450939951
98,0.0025002005549495366,0.15835653529228372,0.8309022794609032,0.0007496994965693789,0.00749128519529409
99,0.003068805095760592,0.1259685164184185,0.8602461725844069,0.0011591463650074743,0.009557359536406377
100,0.007554734309265938,0.3782136909876468,0.5575128665156959,0.0027301780552366323,0.053988530132154836
101,0.017851359539384232,0.8522899777733214,0.07427281237932552,0.005927425015043736,0.04965842529292516
102,0.023134923746617284,0.018532260808006167,0.0008924954656666937,0.0024030828421654792,0.9550372371375443
103,0.49988212106802676,0.2166253611648403,0.0010616955354313098,0.015188110755166167,0.2672427114765356
104,0.21683337443752737,0.7119173787797854,0.0006706876663806403,0.003898715465746906,0.06667984365055964
105,0.4124629544538894,0.4435507222833759,0.005332091059247973,0.003150719074166261,0.13550351312932046
106,0.16942739720556566,0.06459014717167387,0.0001802047013710311,0.009833987779365803,0.7559682631420237
107,0.14775741058994646,0.8032116164481317,0.0015283814396084717,0.016994959877180228,0.030507631645133104
108,0.11753193313647815,0.8221623588594908,0.003070023187948677,0.01773462250513491,0.039501062310947244
109,0.24276734057369964,0.6585983657753709,0.0024285864912691594,0.06219872985077289,0.0340069773088874
110,0.0357850775543972,0.9246782502706602,0.007159653254282995,0.021363651165944,0.01101336775471537
111,0.19692543970549772,0.23152546687343267,0.00017230954463801453,0.5417768569007968,0.02959992697563472
112,0.09220158984180285,0.7159785349022864,0.002953117739098528,0.16770923792836476,0.02115751958844758
113,0.15538001108863045,0.502530788242277,0.0010800448686293538,0.30933505958567764,0.03167409621478558
114,0.07357692667168068,0.5994562058578128,0.0006211090949669295,0.315208957007137,0.011136801368402668
115,0.017554952592897573,0.7586659825834797,0.0023961803163082395,0.2103467553657719,0.011036129141542351
116,0.04670041333455585,0.30870726480226823,0.0007214561907807495,0.6311829110327178,0.012687954639677401
117,0.026450355991312142,0.14104718547025336,0.00034730451404689326,0.8234009102107391,0.008754243813648543
118,0.022875881770985932,0.017651723038464864,3.854840145058424e-05,0.9549625927721455,0.004471254016953249
119,0.03379018361386416,0.1122555267813663,6.033761985584804e-05,0.8493953923963367,0.0044985595885771315
120,0.03602149533441114,0.14540531562203804,0.00023846671273212007,0.8148634462122955,0.0034712761185232517
121,0.047548307440149165,0.26274201861460184,0.00042152705848738013,0.6806721814522249,0.008615965434536809
122,0.03269782307108802,0.1122065009738817,0.00021428966145136744,0.8477424911768084,0.007138895116770542
123,0.04180745852488089,0.49117359775254693,0.0025228761462940245,0.44261946691063503,0.02187660066564305
124,0.060216899249359974,0.2210563194259651,0.0007154595271819883,0.705192594972188,0.012818726825304811
125,0.06863566028543865,0.24902366316861985,0.00019122795493268125,0.6691185091100826,0.013030939480926268
126,0.06243885340665672,0.6362731787389424,0.006425811089607471,0.2599293850071664,0.03493277175762702
127,0.06055448816172717,0.08696923227384427,0.00025178681126438937,0.830626629635928,0.021597863117236004
128,0.10307170080957656,0.277021874834111,0.001607251354609442,0.5740758991316729,0.044223273870030264
129,0.06908140479322476,0.37503086935711,0.0012305677847889661,0.5179990666720193,0.036658091392857
130,0.18984083537561935,0.5038797039105335,0.004347736517998436,0.15044340990056643,0.15148831429528228
131,0.18753812119635221,0.15660954119377407,0.00032538754325355445,0.6278163897314842,0.027710560335136
132,0.1170592617941817,0.7324933644954241,0.003884391268465483,0.10422003625835148,0.0423429461835773
133,0.18727451402959677,0.28121477022102104,0.0005837325658807883,0.4843218639639929,0.04660511921950855
134,0.10000973365223662,0.10335942638109832,0.0014514882042441966,0.024734742464853753,0.7704446092975671
135,0.11579563123738307,0.49966811851757126,0.003299582793100177,0.11606173458722932,0.2651749328647161
136,0.10686742844050084,0.465282186742606,0.004859324401124365,0.06419237193575097,0.35879868848001767
137,0.23891568536617516,0.27286326422245955,0.002200718906881094,0.3411051727239588,0.14491515878052547
138,0.06524678746893271,0.05408062768257847,0.00014878040216282078,0.8570180456292716,0.023505758817054304
139,0.07108212243577373,0.0457663950632968,0.0001516111570498917,0.8497412447004481,0.033258626643431474
140,0.060182455092780356,0.01615963680718801,5.7317428797845776e-05,0.8924907815191234,0.03110980915211049
141,0.06780568973590875,0.0931547847143108,0.0011723025443936082,0.8101239080126759,0.02774331499271099
142,0.02504070528221378,0.009964968424347732,8.7949631022315e-05,0.9589985436338201,0.005907833028595919
143,0.03937895385845558,0.027774910510682555,8.169560919382293e-05,0.9132984766315212,0.019465963390146834
144,0.01770539579961944,0.04141361928906034,0.0006110410298935978,0.9164040726049829,0.023865871276443486
145,0.01313119695027097,0.008747295518468994,8.39713023980245e-05,0.9583025831467455,0.019734953082116348
146,0.020712974647691285,0.0032248532194009564,3.2827873728386736e-05,0.9241151747353773,0.05191416952380202
147,0.027728941104725156,0.004276269352978047,4.971780320896087e-05,0.9318459286313757,0.03609914310771222
148,0.017231413009410303,0.02004572799839369,0.00016228625860444017,0.9219248999880024,0.04063567274558908
149,0.02695061335723067,0.0028848111003783265,6.0304553844494806e-05,0.9241757680516501,0.04592850293689621
150,0.023681688065999316,0.005712805402534881,2.5515971194392796e-05,0.9431663859015966,0.027413604658674946
151,0.020516897162499367,0.009453565146139202,8.834860355594286e-05,0.9565283159686864,0.013412873119119158
152,0.01688206824065063,0.005086908817461603,1.2806775110211315e-05,0.9649310957311689,0.01308712043560874
153,0.02114536670308737,0.008338461306748158,2.0827269441509718e-05,0.9547834652005779,0.01571187952014502
154,0.018262643053459586,0.0036145105565767856,1.2614784351940944e-05,0.9497588680894206,0.028351363516191202
155,0.03155212208146215,0.0059900007920779715,1.3246090411311421e-05,0.9512851225196607,0.011159508516387837
156,0.021931363666999954,0.006411634208493594,8.687026471582655e-06,0.96684980431785,0.00479851078018482
157,0.018151897927603886,0.0040224609688754385,6.659922542070505e-06,0.9731357979442447,0.00468318323673402
158,0.033455908493463575,0.006741080970692627,1.0746187788835814e-05,0.9562577553311772,0.0035345090168778966
159,0.04479990594489595,0.04137597677544455,2.0089542658151816e-05,0.9100405533354938,0.0037634744015073917
160,0.08797181230972069,0.08728678094960808,0.0005094217797502134,0.8099892380679875,0.014242746892933412
161,0.04941189777481412,0.18908616389477637,0.00042809860875717024,0.7500442983091006,0.011029541412551577
162,0.07818915163398342,0.20363560081219625,0.000732896530692509,0.7021911299381289,0.015251221084998837
163,0.056547304930008264,0.07079345517265181,7.530236143329633e-05,0.8683046393304665,0.004279298205440043
164,0.0891299303378452,0.5864239539326376,0.001447102356462686,0.30169167882463166,0.021307334548422836
165,0.10964901428454968,0.2763655672126444,0.0006956627327535662,0.593226964955869,0.020062790814183315
166,0.05303915619305639,0.8330698056308593,0.0014062136846599224,0.09707916816811295,0.01540565632331131
167,0.2493281154975194,0.4387525047381495,0.0021422262216126927,0.26764951505389567,0.04212763848882275
168,0.04332753709996693,0.8436210329683337,0.002853385011709263,0.10356365515123314,0.006634389768756876
169,0.036238051030039985,0.9332422440952005,0.0038855159649878357,0.017278457103465244,0.009355731806306474
170,0.09962998228545424,0.8374138496166214,0.0007341226742781083,0.053769665763358586,0.008452379660287711
171,0.07264531590882302,0.9022702475633394,0.002295149470228272,0.013207283312668008,0.009582003744941356
172,0.05941467908867974,0.8867236069631771,0.018318421373649637,0.0027538222797049107,0.032789470294788514
173,0.09069207788100134,0.8782510874872493,0.0038222483762659063,0.004765391713574144,0.022469194541908995
174,0.024313194060945814,0.9520201358741297,0.013668897780137615,0.0012251963330205096,0.008772575951766204
175,0.018748808392068234,0.945614284055251,0.02972962401308966,0.0013380980587259894,0.004569185480865081
176,0.013276451050263302,0.8460487523268588,0.1306919935699176,0.0017257979384331555,0.008257005114527026
177,0.009334560750790116,0.7303146782050483,0.2536535082533564,0.0013487773931713737,0.0053484753976338765
178,0.0709915178093134,0.897642756493173,0.006817766677467667,0.003192207366197768,0.021355751653848322
179,0.003412843649489234,0.5853391132128992,0.4069432745462443,0.0005385010808257484,0.0037662675105416123
180,0.009253582759138,0.9443257078553489,0.039880730459213504,0.0011834070595318053,0.005356571866767806
181,0.004422028442642843,0.4956503634814553,0.496490030357196,0.0005991594718525932,0.002838418246853166
182,0.0028175035218198172,0.30530644390961875,0.6881035817612894,0.0005086096711984395,0.003263861136073461
183,0.0028866737715239833,0.3444273458664189,0.6500686644202964,0.00034702208753165976,0.0022702938542291566
184,0.0017102789911984282,0.18136179229641683,0.8146508072618358,0.00019614326069592765,0.002080978189852932
185,0.0006411521292448171,0.06377412344898692,0.9341411195198193,6.337663887184815e-05,0.0013802282630771484
186,0.003989350570980459,0.6422953703457482,0.3478078110974103,0.0005661849676859979,0.005341283018174893
187,0.0003946656437291393,0.06722285028483932,0.930254571824395,4.9537549729618025e-05,0.0020783746973070086
188,0.0007057729456904348,0.14779970644848217,0.85012596957551,5.2403919382507604e-05,0.0013161471109348997
189,0.0009601265669168541,0.0768790155224762,0.918976126629756,5.620200182687697e-05,0.0031285292790239868
190,0.000749375301009679,0.07584598530491903,0.9219923918798685,7.27829157182481e-05,0.0013394645984845515
191,0.000831584722944689,0.14307765234114073,0.8546038741630494,9.486074909428e-05,0.0013920280237709093
192,0.000697008863147264,0.09202773659483857,0.9057687383312296,8.707564771295414e-05,0.001419440563071735
193,0.0012895355432502491,0.18753616595894956,0.8088537679039963,0.000199055230077315,0.0021214753637266424
194,0.0016102702787098792,0.0931274489177088,0.9031402520753639,0.00018489660421148446,0.0019371321240060028
195,0.0009544486059431278,0.07816656261413464,0.919836543971664,0.00010044356149967244,0.0009420012467584479
196,0.003914777888951646,0.22255972365896448,0.7687224698516525,0.0003969304332477329,0.004406098167183497
197,0.000831612763438897,0.0826975535944102,0.9141903157970425,4.7053454503226746e-05,0.002233464390605046
198,0.003271459296972082,0.26642445474350274,0.7196470569656546,0.00030074519643285755,0.010356283797437712
199,0.0005749736297079955,0.05223403139345307,0.9450252691951292,2.7855204048130646e-05,0.0021378705776616655
200,0.00029428836999369077,0.0347341465901083,0.9631842245235757,2.7830965168612594e-05,0.0017595095511537449
201,0.001214189745668819,0.08450115373777775,0.9092421885768456,6.807161590377754e-05,0.0049743963238041465
202,0.004097841838376752,0.1468080925009075,0.840337688309562,0.00017900136369664122,0.00857737598745707
203,0.0018377166772085708,0.1538200411676722,0.8413967983401274,0.00011937208083543556,0.0028260717341563593
204,0.000809920933445775,0.0659668856774289,0.9293019486321419,3.217672929864303e-05,0.003889068027684783
205,0.001106209374105986,0.06508913708517391,0.9321377490689198,3.277587366208326e-05,0.0016341285981383079
206,0.0005815974097008528,0.04626604381289527,0.9524072394161283,3.075716054162176e-05,0.0007143622007340526
207,0.00025557942548854145,0.04485011433051259,0.954016477519453,2.4051641301799795e-05,0.0008537770832440201
208,0.00010473784919846924,0.0205052965514854,0.9786702908781385,9.419636584147638e-06,0.0007102550845934645
209,0.00021151395292008613,0.04564679416840006,0.9533630322107142,3.148678688319117e-05,0.0007471728810825647
210,0.00034016947798030836,0.03747168829872384,0.9615516034744558,4.988814100941131e-05,0.000586650607830722
211,0.00014349159624639228,0.02432598093578314,0.9747289784252265,3.2097736190100575e-05,0.0007694513065538655
212,0.0028678707814938096,0.17010507523725557,0.821333814784598,0.0006045986952633939,0.005088640501389218
213,0.0010929133912513762,0.20278737281049378,0.794545491184779,0.00025521444098655606,0.0013190081724892878
214,0.002840591733137968,0.915259437712938,0.07917377301392674,0.000489526746616061,0.002236670793381323
215,0.0015503745785523904,0.15708681912794537,0.8399918903668495,0.00024332597085094854,0.0011275899558017147
216,0.0009077100922343282,0.2332007638774288,0.7647477521172877,0.0003023003500110772,0.0008414735630381213
217,0.000673574415826365,0.14200549754976047,0.8566107248624732,0.00013461569750873074,0.0005755874744311623
218,0.0002519465268007227,0.04878243016663887,0.9501366914606569,7.747576840882905e-05,0.0007514560774946276
219,0.0006699330312116365,0.12963471546561134,0.8686365338215344,0.00021208280265511316,0.0008467348789877293
220,0.001058064497563686,0.12017583366355027,0.8753551986353432,9.070522406763034e-05,0.0033201979794754643
221,0.0005490531332508782,0.09336499602093867,0.9047617217744807,6.283187727152006e-05,0.0012613971940582166
222,0.00045872216787109095,0.08279414661340606,0.9150541056028222,4.6384296407448684e-05,0.0016466413194931022
223,0.0007208256078653671,0.08395084134492281,0.9136455698872596,0.00011524270411586965,0.0015675204558361889
224,0.0025047454291528834,0.3852988717732165,0.6095399902572611,0.0003711855014464332,0.002285207038923122
225,0.0004605555799053791,0.13069179962081218,0.8674904661143212,6.966388367830145e-05,0.0012875148012827808
226,0.0003833468979356663,0.07126149380942248,0.9270420079938343,3.176164728759044e-05,0.0012813896515199053
227,0.00047717714197793284,0.059177124924881044,0.9392772430669478,4.3278228556063176e-05,0.001025176637637206
228,0.0010188456228427166,0.10584139378722657,0.8905190466671342,0.00010037479738938758,0.00252033912540714
229,0.00030315633563044353,0.057228183326489684,0.941696504306587,3.8880432108910936e-05,0.0007332755991839586
230,0.001039995288669157,0.10451435601538252,0.8933980764519487,7.14571291075917e-05,0.0009761151148921887
231,0.0032558930167071445,0.4405548239955412,0.5520585278535777,0.0008045481902125181,0.003326206943961496
232,0.0005083185654083436,0.08171301637205544,0.9168543136398788,8.926804645588379e-05,0.0008350833762015642
233,0.0007876525401834825,0.07821026604815166,0.919499677221517,0.00011308282897666993,0.0013893213611710785
234,0.0010837374956855915,0.12647307710079825,0.87111427773787,0.0002550132874970279,0.0010738943781492102
235,0.0005392788550431019,0.06978353889214182,0.929050124305648,0.00010540786406452573,0.0005216500831026209
236,0.0012497833810812106,0.12677244279158079,0.8706879994818725,0.00023799059755261906,0.0010517837479130986
237,0.001358845349635916,0.08123234707957706,0.9150178610417453,0.0001334102984783084,0.002257536230563249
238,0.0003553704806743557,0.05486629417555182,0.9441502449864896,5.993986903506615e-05,0.0005681504882492027
239,0.0017288898124887802,0.15396224070297657,0.8400902226128597,0.0002534653175353701,0.003965181554139449
240,0.0003498813682310465,0.05051030952248078,0.9485929038476139,4.8943376592985355e-05,0.0004979618850812917
241,0.00032454520213290924,0.039918171612584985,0.9591925895851481,2.8547973049736377e-05,0.0005361456270842793
242,0.0002275188343735436,0.04068936035393726,0.958349586225456,2.360898250951105e-05,0.0007099256037239294
243,0.0004342477545364496,0.08934968186353114,0.9095560795513563,5.6165958435188875e-05,0.000603824872140841
244,0.00023726780286189545,0.041249838086434336,0.9577681409697961,3.546717745390133e-05,0.0007092859634537167
245,0.0008328636339716811,0.0684931610320559,0.9293869565121704,6.249753632884196e-05,0.0012245212854733352
246,0.00023012779037240167,0.04603139047962721,0.9527517465906997,9.055426506510066e-05,0.000896180874235456
247,0.0025596098209846444,0.12393602486686493,0.8648466168170929,0.0006460973460037183,0.008011651149053903
248,0.0017522192949224857,0.06876968747439016,0.9268992192036728,0.000525519674279468,0.002053354352735149
249,0.0027111187439454883,0.14600166701020525,0.8377710365603656,0.002060009288737117,0.011456168396746524
250,0.009231734700361902,0.14476146723453864,0.8036415025271575,0.009509636529778227,0.032855659008163875
251,0.22929522514239495,0.038475989468949486,0.006679429809259914,0.021438544889674775,0.7041108106897208
252,0.4608757094993324,0.3471638450765059,0.04726666657817394,0.040807454377970176,0.10388632446801775
253,0.04899440635749831,0.030311011603153085,0.0015794183674318293,0.0024151134349455748,0.9167000502369712
254,0.37525000488507787,0.5265535314487509,0.0013823741990545819,0.024968586628706456,0.07184550283841003
255,0.12178028835379148,0.8472373548924652,0.001394111925452138,0.009825422448226142,0.01976282238006512
256,0.127423219876036,0.8120919485095437,0.022647025043893657,0.008771159591429599,0.02906664697909717
257,0.09192945566407504,0.8349024099763437,0.0070425363273813385,0.04568567725149382,0.020439920780706014
258,0.10051329184468442,0.7723884821443369,0.004111105543193068,0.09838709613269093,0.024600024335094686
259,0.016208163850327955,0.9026503447752257,0.06676870753631571,0.007990668911908064,0.00638211492622263
260,0.1514733319910261,0.4349718287032328,0.04924361858108396,0.02631055124535587,0.3380006694793012
261,0.19899192431225537,0.49201175816844395,0.0023676689519425993,0.2897430053544519,0.016885643212906237
262,0.23488951942072528,0.4971635747987086,0.003054571436458798,0.23996761882548803,0.024924715518619394
263,0.15052713596089964,0.7495240259634038,0.01752885419201996,0.05258947667217766,0.02983050721149865
264,0.07627858428442565,0.5763389511551413,0.0025209289476038036,0.33473584650754934,0.010125689105279856
265,0.2138132365617788,0.6941849995396668,0.011003331339487126,0.042807536270061175,0.038190896289006175
266,0.25035911861186466,0.609271508589098,0.0008794989175395416,0.13043219334607986,0.009057680535418052
267,0.048046565021377614,0.9299726106184876,0.007685291559694909,0.009828538479011578,0.004466994321428383
268,0.06758224716839108,0.9101203988131633,0.006048484262962324,0.010416951195601752,0.0058319185598815545
269,0.008211614458288575,0.885599233310146,0.10019026442848411,0.003927679809658398,0.0020712079934229826
270,0.060031838463692096,0.916075026624273,0.006313385440544284,0.012847505439546197,0.004732244031944523
271,0.010935991263346996,0.9464263119724159,0.03249471710899686,0.006823665435825691,0.003319314219414628
272,0.04118940886319363,0.9288511164361243,0.015469595139989032,0.00880607536849029,0.005683804192202957
273,0.022434855585854868,0.9337800465352335,0.030291716262189804,0.008517887508849697,0.00497549410787235
274,0.01705172314395612,0.9557057721619523,0.017171207509604176,0.007781500075013851,0.002289797109473616
275,0.04981621309035167,0.9163765440865348,0.014033703629930783,0.011236223961025783,0.008537315232156874
276,0.01232763382816877,0.9597754509751828,0.01993196098527858,0.005925116800589333,0.002039837410780709
277,0.00945483476700736,0.9066561642400502,0.07352236661460294,0.0065700901835629355,0.0037965441947766625
278,0.016486676586726593,0.951213382082997,0.021709212148269593,0.005010217575208462,0.005580511606798506
279,0.024188223706175384,0.8181608624124005,0.1406348550558483,0.008327208201214726,0.00868885062436111
280,0.02869167530906887,0.9440834617380381,0.013408277292828097,0.005836887290393458,0.007979698369671455
281,0.05937112038198213,0.801625016892464,0.045307509295936896,0.0018619431936828124,0.09183441023593417
282,0.21596594944355402,0.7635521490561462,0.0029643922951012544,0.007307121436843935,0.010210387768354316
283,0.09602400987529808,0.8599192609252023,0.01447267329064004,0.0027837037198937715,0.02680035218896568
284,0.09619648003042114,0.8477343721356072,0.020505034021790096,0.005066156651165946,0.030497957161015627
285,0.3584271715998364,0.20433408331753153,0.000751937777384423,0.012702063873455684,0.42378474343179195
286,0.27201979317608904,0.6391290615136626,0.0015012305712710301,0.01802197598606567,0.06932793875291177
287,0.21557878787896972,0.7343869731982718,0.0011555001302717546,0.011551561919450462,0.03732717687303607
288,0.2229585640739718,0.7258396184080655,0.004122337110022547,0.015330400514893113,0.03174907989304692
289,0.03851352619209727,0.9340954035309293,0.0075258358602074485,0.014692237775920483,0.005172996640845529
290,0.03780128739124814,0.938698217934658,0.003605427881397934,0.015232438793463428,0.00466262799923256
291,0.0967970840848438,0.8415653816131736,0.000853970992401309,0.05459927795096756,0.006184285358613779
292,0.14282345105011343,0.5712501056251519,0.17989083099702813,0.0037582590677512646,0.10227735325995516
293,0.3909436938602891,0.5638976507469754,0.0011421520672984641,0.03279851686326228,0.011217986462174773
294,0.034322519966858187,0.9496054456399968,0.009139986745503486,0.0017633841779560078,0.005168663469685423
295,0.03972532188063415,0.9243171639256402,0.020657598609344272,0.010376457217970043,0.004923458366411462
296,0.009951606370802155,0.7518872172093265,0.21091928166408644,0.021122575745902115,0.006119319009882731
297,0.056591513099058355,0.7664024168792618,0.018702416908786643,0.14120171242155716,0.017101940691336123
298,0.01408513947747455,0.9239470221633712,0.014758159405356169,0.038557687015963724,0.008651991937834306
299,0.03751775241323244,0.8021946174337344,0.0023901832679045208,0.1540491774089961,0.0038482694761323654
300,0.01870166146412278,0.8635030493665289,0.009038049952474128,0.10596000312874271,0.0027972360881315635
301,0.03936089300868627,0.4332004806383691,0.0004998887668708188,0.5248224489087527,0.0021162886773210964
302,0.02929307566158372,0.5848884851516021,0.0025148685244885368,0.38040870973353186,0.002894860928793906
303,0.04532919316967032,0.08211977800019785,0.0010481681171585868,0.8664085487878516,0.0050943119251218505
304,0.03613683085981642,0.07032110874186882,0.0012399140174374275,0.8856944773424205,0.006607669038456749
305,0.04094438532142536,0.015314178399844872,0.0002810301782152238,0.9388335354782568,0.004626870622257722
306,0.031077072563226463,0.014186806469110082,0.00015896795873326556,0.9519644614963718,0.0026126915125583416
307,0.2268085698935442,0.061616080151825944,0.000953989190332872,0.46393831807138214,0.2466830426929148
308,0.20373556569751033,0.026684665986082524,9.997822217604117e-05,0.7532431840666519,0.016236606027579276
309,0.210557686522698,0.05864333675063436,0.000232001626413497,0.679708885765539,0.050858089334715084
310,0.2700789925737466,0.02532901250797723,0.0001248161447502627,0.6544648706672076,0.05000230810631825
311,0.07105052442828926,0.14199467714638395,0.00043764291606287,0.7407880946931882,0.045729060816075716
312,0.09947503171392746,0.024022334768976302,2.961408787892589e-05,0.8431568900836794,0.033316129345537765
313,0.12668724116020905,0.07100118718188482,3.225654251312105e-05,0.7654127948457178,0.03686652026967525
314,0.1303195303026557,0.13154930558394298,6.721645342293254e-05,0.6802583966715254,0.057805550988453115
315,0.10779021882653575,0.21238531381375964,7.57370337692105e-05,0.6309811008214381,0.048767629504497374
316,0.09802134840926571,0.1582109930585269,0.00025169968865782334,0.3154577466887274,0.4280582121548221
317,0.3097163314989145,0.08282333505706876,9.562360376074111e-05,0.36738202461067676,0.23998268522957922
318,0.2620702324887178,0.059279453163881814,0.0001325495866018635,0.6522518552131047,0.02626590954769366
319,0.23786058383307188,0.048026342075298496,0.00014980319598733956,0.6054183994124116,0.10854487148323073
320,0.04135030784177286,0.03720673359873309,9.078267099079153e-05,0.9087351219834057,0.012617053905097462
321,0.04614517498026711,0.01989818598750361,1.94979326778992e-05,0.91967812189873,0.014259019200821432
322,0.17374519689252507,0.024425519279429483,8.45010818274511e-05,0.38250513078065573,0.41923965196556234
323,0.19360073713399525,0.06779701864729087,9.71223537520445e-05,0.5183831366804211,0.22012198518454076
324,0.11134447987855856,0.06041606342941469,2.4904635910984537e-08,0.49431656976167526,0.33392286202571575
325,0.05616714988661652,0.06835145867053763,1.853109911500432e-08,0.8382041240589698,0.03727724885277681
326,0.0514946994393253,0.03324166660221637,5.807710973447458e-05,0.8670827209667665,0.048122835881957225
327,0.04166773435015646,0.020105161811212816,0.00012639645833982958,0.8912756530091774,0.046825054371113506
328,0.04014052305689616,0.02888398677885673,8.492867688116297e-05,0.7596144747703656,0.1712760867170004
329,0.03886903278380228,0.04180861262479561,0.0001889971520839534,0.8915248330094242,0.02760852442989405
330,0.03879214171717072,0.04179247344068103,0.00022252520449372846,0.8789677458127861,0.04022511382486839
331,0.06231289486561241,0.022005030173453472,8.139176855167602e-05,0.8822844384697764,0.03331624472260606
332,0.049839653864277016,0.05162373675549993,0.00014863384520972609,0.8817303766383094,0.01665759889670398
333,0.06296934394507712,0.04308495353245213,0.0001241952217668623,0.8595628699846646,0.03425863731603927
334,0.02802877238881304,0.015814604554818437,0.00011317453156096557,0.9444180620555686,0.01162538646923898
335,0.030080943375200044,0.06320873509682123,0.00013552695684817078,0.8881064158641799,0.018468378706950495
336,0.02126165874296694,0.021823049658184407,0.00022432463356592385,0.9451169546497068,0.011574012315575942
337,0.02944252789354591,0.03926065544531328,0.00024009222489332208,0.8903390679047133,0.04071765653153427
338,0.008423890311608473,0.025182502943419897,5.224495761283134e-05,0.9578121467109799,0.008529215076378688
339,0.05428124115665036,0.02853960997861495,8.071488145515463e-05,0.845646160954414,0.07145227302886537
340,0.07245897745681999,0.05760080786941476,3.793353372438955e-08,0.6986347521578384,0.17130542458239315
341,0.0741847227578464,0.058416106567795965,0.0002073978812666486,0.8405448017992828,0.02664697099380803
342,0.018893969359673343,0.021149491528156147,6.46524193616074e-05,0.9523639816481931,0.007527905044615797
343,0.05192424498932232,0.04057139758686996,0.0001282839495871451,0.8180073532076009,0.08936872026661968
344,0.033118044522658596,0.015472546411270362,6.967228313220688e-05,0.9082987736800878,0.04304096310285113
345,0.06257762926367975,0.03242457730725303,4.2046593528353856e-05,0.8612468608427488,0.04370888599279006
346,0.03843542677944229,0.049659868084143396,6.676329622835139e-05,0.8960872583817756,0.015750683458410332
347,0.07869659980052124,0.07059878063666944,0.00016036122385122624,0.733832325466229,0.11671193287272907
348,0.015218556490202349,0.042071684470443294,0.00010256784433447936,0.9392612641010317,0.003345927093988033
349,0.023447365498723435,0.03395852577113774,0.00011711081353581433,0.9296785876924689,0.012798410224134098
350,0.011768183171373167,0.03083064558853294,0.00013235369264043907,0.9515224657445542,0.005746351802899065
351,0.012766966690578795,0.03394820505137791,0.0001806895676232817,0.9485087757753208,0.004595362915099217
352,0.025239473759164462,0.04191647103486627,0.00019879981786926165,0.9174882085792184,0.015157046808881561
353,0.01998056997531137,0.042290783792965005,0.00020810528062262427,0.923635510575417,0.013885030375684095
354,0.017875886168616587,0.021316293347631493,0.00010834974594404685,0.95290707034211,0.007792400395698012
355,0.031204349736423748,0.03719300949608522,0.000204631261004274,0.9161861227258438,0.015211886780642881
356,0.010818561114689462,0.01405952092114218,6.57813919173889e-05,0.9707588928674299,0.00429724370482104
357,0.009538054422484869,0.018842107034927197,3.2080751769827844e-05,0.9695456891577251,0.0020420686330928813
358,0.02685570577331198,0.03156049548229637,0.00012098382753473852,0.9233729195746686,0.018089895342188203
359,0.014157238424172103,0.04757455211925373,0.00010993417864342257,0.9335242765224676,0.004633998755463279
360,0.05939757798407746,0.08059236795875445,0.0002084537045778254,0.8514165645689689,0.00838503578362136
361,0.11270586348462618,0.185321186933227,0.00035611759744786134,0.6887283409588311,0.012888491025868016
362,0.041211512974375586,0.19794077544658223,0.00026118472579345076,0.7513788353234427,0.009207691529805974
363,0.11312891596906868,0.3684576129004192,0.0006101052199524815,0.46946583136648173,0.04833753454407793
364,0.01794999673064897,0.44736922636106125,0.0004500221794393497,0.5322544161664398,0.0019763385624107592
365,0.06978188276651653,0.45765681244167244,0.0007232164618890068,0.42499801986251046,0.046840068467411636
366,0.01151570592529479,0.6470297345739912,0.002384031583356804,0.3357275718820221,0.003342956035335292
367,0.10525009707389714,0.4499066057459654,0.0006161243967506764,0.4092007039762635,0.03502646880712322
368,0.11977506390757349,0.31371860202415625,0.00042786206413114445,0.5387746332896638,0.02730383871447532
369,0.12748972638203393,0.30299299522189105,0.00012977655129082182,0.5062017512858589,0.06318575055892527
370,0.34861665585958757,0.08917022951463083,0.00012625629364933482,0.4856083011008081,0.07647855723132428
371,0.17895739707631328,0.048592739455505705,0.00023618456624129085,0.646288733901348,0.12592494500059165
372,0.3376021271906777,0.03507776219977797,1.3789349883366133e-05,0.3469847824254327,0.2803215388342283
373,0.5581892971010363,0.02566687290308401,8.325469079599671e-06,0.3126840325498333,0.10345147197696669
374,0.571864169404557,0.08053980298317115,3.04854479601793e-05,0.23669698853209292,0.11086855363221869
