epoch,N1,N2,N3,R,W
0,4.349098223457394e-05,5.364357183618788e-06,1.5689139713166352e-08,6.248746219570119e-07,0.9999505040968201
1,0.00120274170633685,9.359416893095913e-05,4.177263600645736e-07,3.778460502857855e-05,0.9986654617933436
2,0.023307569787863653,0.0005463524928962374,2.58216174292293e-06,0.00023792025278663301,0.9759055753047106
3,0.05380984519442027,0.0016327557721023081,3.62642250015903e-06,0.00042525614599563897,0.9441285164649816
4,0.06561146034517618,0.0024693410247816545,7.355549021541071e-06,0.0012391371642548872,0.9306727059167657
5,0.08239664538445646,0.003327377935821194,7.80441979869803e-06,0.0029947261970762083,0.9112734460628474
6,0.04470846182336043,0.0020265600696065087,1.3740081796898338e-05,0.0027138456784211993,0.9505373923468149
7,0.10669548931750655,0.004846419766845259,1.9137287543080736e-05,0.005360642225356397,0.8830783114027487
8,0.1530957156157639,0.015863504234539208,5.608895489940481e-05,0.00965867791304658,0.8213260132817509
9,0.002779588718355082,0.0003390736345411381,1.3791821964071902e-06,0.0006756053048506508,0.9962043531600567
10,0.24336498816513427,0.010836727896884089,5.3840227371381345e-05,0.007320961474485893,0.7384234822361245
11,0.24777618070968402,0.006608965959997038,7.105661883581539e-05,0.003552246120738505,0.7419915505907446
12,0.7598858494139905,0.033991118567942485,0.00020778657328869173,0.019385459473532415,0.18652978597124575
13,0.13346976490854567,0.013506616566020077,3.954064696485572e-05,0.016168408186895175,0.8368156696915742
14,0.6444216546623914,0.03824675854758232,9.081678801181766e-05,0.015528094808970274,0.30171267519304423
15,0.41255832602207115,0.4440371117408464,0.003308856224460854,0.05577471881990779,0.08432098719271365
16,0.47999794882531516,0.42744886766675483,0.002224764676077958,0.0495211768699869,0.04080724196186519
17,0.1386909909436251,0.8231182192124259,0.001789703302909868,0.009095433936590937,0.027305652604448043
18,0.17732952482658582,0.771185793977653,0.0012010562223584093,0.020408285041641133,0.029875339931761728
19,0.12331286123618411,0.8410663140609994,0.005565026478553331,0.017865824628984936,0.012189973595278162
20,0.10618103747644607,0.8659309502799735,0.005862860569002433,0.01333750705586191,0.008687644618716375
21,0.17333442001563862,0.7170687249167762,0.0038257259212622443,0.08781745108137226,0.01795367806495057
22,0.16425308668656385,0.7325902599863255,0.00685475594177765,0.06076513160916648,0.035536765776166365
23,0.13059019988594686,0.7027335782073346,0.003288079647233791,0.13694242784638075,0.026445714413103925
24,0.05400874643777728,0.8011067481860228,0.008138446790768196,0.11432368097191455,0.02242237761351697
25,0.06759518852449768,0.0766071217790609,5.031543721172066e-05,0.04354985512427872,0.812197519134951
26,0.06147800726348124,0.04437008724741214,2.649332522697894e-05,0.03607170661970339,0.8580537055441763
27,0.09184360860236607,0.013800242119529878,1.6578343816745486e-05,0.004874132191950207,0.8894654387423372
28,0.01710995340128007,0.00213509401383574,2.0164112050586636e-06,0.0018141106533682847,0.9789388255203109
29,0.5625328949060603,0.019038084848382264,2.0713223680834305e-05,0.0031527278630197374,0.41525557915885697
30,0.7847862408805855,0.029081020509699244,7.487355060377667e-05,0.0043991829424407415,0.18165868211667094
31,0.6375222218974765,0.22233344049471704,0.00031430339959564655,0.016362295710520586,0.12346773849769026
32,0.5583727605222869,0.2454359006021287,0.0006190872016255274,0.0709557890819927,0.1246164625919662
33,0.3086658436057025,0.5896453704624988,0.0005120205901918559,0.057806582456619265,0.04337018288498761
34,0.38186934085343527,0.5230071469033872,0.0019131284913024554,0.06151370565922059,0.031696678092654425
35,0.4778632823612511,0.4362263593721814,0.0013562945147545654,0.04694268956150824,0.037611374190304775
36,0.3085483562534538,0.6488899375124483,0.003298876242443417,0.025737161398111243,0.013525668593543372
37,0.3430071317958669,0.6188869224023379,0.0026228245009967525,0.023796006116590756,0.011687115184207529
38,0.13585144894442971,0.8425171135613452,0.004561468345841572,0.010198164055796929,0.006871805092586415
39,0.08732251560016653,0.8850234922663923,0.014589808848669329,0.004232851259714681,0.008831332025057138
40,0.1189313087649467,0.8586167999386227,0.012370786584202528,0.004165744009383345,0.005915360702844509
41,0.06297584089679097,0.89406700643888,0.018909439336745715,0.004338249426021816,0.019709463901561523
42,0.14676467894246933,0.805644999267394,0.033731461374784326,0.003487369371031288,0.010371491044321115
43,0.03561232194775277,0.9222791321132848,0.03439437978687137,0.0021677735131729564,0.005546392638918278
44,0.0381491330657576,0.9066088100543428,0.04349511109221377,0.0017213216478285257,0.010025624139857466
45,0.008614327539816663,0.8808626786275868,0.10656945384215895,0.00030050571258325934,0.003653034277854158
46,0.021393623103131892,0.862625198783849,0.10688024610857123,0.0007904816747240054,0.008310450329723855
47,0.018857098878818514,0.8237350681021436,0.14668610664961138,0.0006049296028354806,0.010116796766591126
48,0.003245989288983903,0.4709887814808278,0.5221496043694964,0.0001230545804107713,0.003492570280281112
49,0.013279287849120554,0.7408769487148437,0.23436566511763318,0.000511579633406516,0.010966518684996086
50,0.015814867977999428,0.6202697408443569,0.35542465104025556,0.0008424525711268951,0.007648287566261262
51,0.004213218901141746,0.5344007319833014,0.45532917698417624,0.00031270322816464435,0.005744168903215949
52,0.03129470447034655,0.6985411478904133,0.254199697109751,0.0013957365640898036,0.01456871396539914
53,0.023774377513273024,0.6731808677553633,0.28995147403502214,0.0033727311750559605,0.00972054952128549
54,0.01649370198260738,0.7558027728855349,0.20630452519898704,0.00449449647540336,0.01690450345746726
55,0.1908431100907117,0.7187090418764931,0.01936290253654252,0.04192582226292148,0.02915912323333134
56,0.40498112073994097,0.26103742578545575,0.002950999000306238,0.14649255881899037,0.18453789565530668
57,0.3503975616169927,0.4711879803860906,0.009454517431313588,0.09312185077013752,0.07583808979546565
58,0.06611420565416495,0.014225413370277695,3.7473003123179204e-05,0.006797793465361205,0.9128251145070729
59,0.0047210691530854615,0.0011102927827235608,8.900905738703197e-06,0.000576096229340936,0.9935836409291112
60,0.013264023079519025,0.0024129572357194074,5.7871844506859395e-06,0.00042928558605019715,0.9838879469142607
61,0.010291407693320537,0.00038297616574654945,5.77413817636685e-06,0.0002337028245688095,0.9890861391781878
62,0.3769251846412661,0.007364203488485514,0.00012543327454541298,0.003155336217771678,0.6124298423779312
63,0.07583606439006073,0.0038129290166985614,7.672370045781864e-05,0.0018593573142189805,0.918414925578564
64,0.3421695254183607,0.012364586762738591,4.837880126051643e-05,0.004726527043140806,0.6406909819744995
65,0.3757042445913283,0.03643846697582777,7.837164838006848e-05,0.011322829988777488,0.5764560867956865
66,0.6888861582054232,0.12279385276930598,8.995670254102232e-05,0.03432395934407695,0.15390607297865275
67,0.6555390482254478,0.26859715334749024,0.0005202776736487495,0.024791101510212535,0.05055241924320073
68,0.5397940785034058,0.39486041960634205,0.002546587631306547,0.0319032897222759,0.03089562453666965
69,0.1481222337122121,0.800564942187958,0.0021995304401849825,0.03546698490595398,0.013646308753690911
70,0.1737414276342529,0.7905792474897497,0.011714562432546432,0.013087546284587156,0.010877216158863732
71,0.12154153198564939,0.8353360437414228,0.023708055469267825,0.009680987889878747,0.009733380913781273
72,0.14427021133755713,0.821775465393919,0.02356721383397888,0.004876207463344071,0.005510901971200884
73,0.05916190551238446,0.8995727397108609,0.03490308624232057,0.0015187416968854618,0.004843526837548535
74,0.07614023277213924,0.8825633707415261,0.029979710818812358,0.0025585862791638343,0.008758099388358396
75,0.019964729571374212,0.9379010513637127,0.03499962201676349,0.0007962915474775772,0.006338305500672043
76,0.011378600215391438,0.8506298829301673,0.13239798464482472,0.00048572952981725415,0.005107802679799301
77,0.018622685083443474,0.8523066692445488,0.12096554621740971,0.0007743543081403102,0.007330745146457758
78,0.01566415769731397,0.7697835036179169,0.2080954456840285,0.0009345311333123693,0.005522361867428206
79,0.008086756825525033,0.5076330273672258,0.4784486238211014,0.0003613959399638337,0.005470196046183943
80,0.0217358413648462,0.6792218079458835,0.2919494197543187,0.0009920022528034467,0.006100928682148303
81,0.011282416206407249,0.6240911494312817,0.35623957563474107,0.000499364306905589,0.007887494420664401
82,0.006115565759203246,0.7760016892462335,0.21002083048672965,0.0002762029641653588,0.007585711543668203
83,0.012225467131851703,0.7493960480814136,0.22770562610980483,0.0008260358743243904,0.00984682280260551
84,0.007530215328838039,0.5144045028453905,0.45730741373765516,0.0003520660932352805,0.020405801994881127
85,0.006754555671247914,0.59121490004013,0.38156019637639144,0.0005583727016946784,0.019911975210535907
86,0.015684495014428753,0.6272006236575703,0.27761014484978197,0.0018098824407150262,0.07769485403750398
87,0.012527985269229816,0.438973013563096,0.42622169301889123,0.002247429277424302,0.12002987887135858
88,0.0214825191362809,0.4615838464233969,0.2861364568247804,0.007271903657423247,0.22352527395811866
89,0.030684524409000807,0.4883111944588884,0.28641879861337805,0.009201454520971332,0.1853840279977613
90,0.07454910593050822,0.0050450234547322614,0.00032629278715511393,0.015146224418313885,0.9049333534092905
91,0.007096817002705873,0.002704503485738684,1.561789795033136e-05,0.00022838467696246182,0.9899546769366426
92,0.002508846660455514,0.00033465542747839844,9.010510415847836e-07,0.00021473165080847012,0.996940865210216
93,0.008652008638161826,0.0013560599043489596,1.3282075451217142e-06,0.0001965964601197524,0.9897940067898243
94,0.014316327402531052,0.0004956813730992463,3.2224129390207204e-06,0.00025817923557760943,0.9849265895758531
95,0.03263486316406577,0.001222826221642055,1.421215670696257e-05,0.00043651100306920076,0.965691587454516
96,0.011553122958270552,0.0004910945059578605,4.471815309017273e-06,0.00041768039270000725,0.9875336303277626
97,0.011499274758642404,0.0006572814529841519,5.832476464079235e-06,0.0005167121938711002,0.9873208991180382
98,0.10153898038860269,0.004983379376516932,3.201251992004102e-05,0.008586572947169527,0.8848590547677908
99,0.09761821977634237,0.006252601746666057,4.951431311650588e-05,0.024315187762320313,0.8717644764015546
100,0.011729795868199845,0.0009129405713909598,9.96515046620149e-06,0.002561944632645056,0.9847853537772979
101,0.49489269332115227,0.01547984847538269,4.356070315336272e-05,0.009574672688556869,0.4800092248117548
102,0.40874723131915075,0.01459974014023917,4.333133044006364e-05,0.01801084732994174,0.5585988498802283
103,0.5172269727126401,0.13934409869846803,0.0002901262594604203,0.2358439003710859,0.10729490195834569
104,0.24995472642092142,0.16847712425586728,0.00018058797553039942,0.4228063882731358,0.15858117307454497
105,0.1727229447470144,0.08579781599856365,0.00014866208377546758,0.5571394611589628,0.1841911160116836
106,0.1447762625151799,0.3541266058137334,0.0005434179206850877,0.398627276420594,0.10192643732980755
107,0.014289691077042898,0.012583449387069583,1.4704669666383151e-05,0.026088191580176365,0.9470239632860448
108,0.3191927320298554,0.05161675485476025,0.00012058579460517281,0.12248436163239984,0.5065855656883793
109,0.32968502643751313,0.04738884854587745,0.00011525608590911027,0.0920074081250765,0.5308034608056238
110,0.0062601480999572206,0.0017475417266483114,2.9364079775624832e-05,0.0009064114724736573,0.9910565346211453
111,0.0025690419770122903,0.0009978882520805244,5.596189854494251e-06,0.0003576326988725574,0.9960698408821801
112,0.00213627085602608,0.0009651824731159145,1.9519946467833843e-06,0.0002360047667666938,0.9966605899094444
113,0.01094451173088439,0.00047073299088346015,2.6793270380878915e-06,0.0005933826200693378,0.9879886933311247
114,0.018611124305111016,0.0007493048879670757,2.4209093323521145e-06,0.0009145545500014064,0.9797225953475882
115,0.006619399701218502,0.000626503124318852,2.829511584615065e-06,0.000720368805035919,0.992030898857842
116,0.0019428779717021144,0.0004111980836713669,1.860358703298426e-06,0.0006542906212441527,0.9969897729646792
117,0.003411691428916167,0.0008228386080222186,3.476930641361243e-06,0.0007831885326226091,0.9949788044997977
118,0.002445767531252511,0.00042970391899531645,4.791781486379663e-06,0.0007339722778127257,0.9963857644904531
119,0.005601101984180828,0.00040112018598071985,4.050196703426898e-06,0.0006259517501868498,0.9933677758829481
120,0.0019720037943901482,0.00038963181108350747,2.8647948133304964e-06,0.00046568676903371663,0.9971698128306794
121,0.0016142559116231407,0.00028488511443986586,5.235104427018864e-06,0.0005465565276302589,0.9975490673418796
122,0.0029260115241377927,0.0005112941714326603,6.223321590443761e-06,0.0006050998777150924,0.995951371105124
123,0.0015635361402553884,0.0006800545705235404,1.6950548219760841e-06,0.0001962718273876177,0.9975584424070115
124,0.000847793498585314,0.00033480030208752866,1.8218536844777452e-06,0.00032071370819727776,0.9984948706374455
125,0.0024595910662541217,0.00028397051284434564,1.8871299491154315e-06,0.00026795660820064525,0.9969865946827517
126,0.0010692054293433345,0.00014009044351440925,6.132597577307191e-07,0.00010399510769533805,0.998686095759689
127,0.0005325736922830723,0.00017322229077465577,9.447670855368636e-07,0.00010030017325300542,0.9991929590766037
128,0.0014804298729419693,0.0001409253909706453,2.8658446305693227e-06,0.00019757154505438545,0.9981782073464024
129,0.002845086847611699,0.00021949224359947244,1.0691906771462532e-06,0.0001932811021484412,0.9967410706159632
130,0.0030402757399125334,0.00021270021068423345,2.0038973609535094e-06,0.00025340915095790396,0.9964916110010843
131,0.0020332564528221216,0.00016359104572344002,2.2624653481564127e-06,0.0003062509839663493,0.99749463905214
132,0.002880081941916179,0.00032286449329087187,3.153250894834914e-06,0.00043539278509497286,0.9963585075288032
133,0.0016728190081012682,0.0001727466762637776,2.5542905539691838e-06,7.745947395376335e-05,0.9980744205511273
134,0.002237061249713276,0.0002294083559312735,1.8562603495079781e-06,0.00016673700358140237,0.9973649371304244
135,0.0008652700401798124,0.00011136625537912552,1.108231462435778e-06,0.00010710114993856927,0.9989151543230401
136,0.0006581499337358569,0.00016560564970031998,1.337980089711789e-06,0.00010824643147205464,0.999066660005002
137,0.001342236938084236,0.0001522876713647412,1.8605422166973703e-06,0.00022286469141725402,0.998280750156917
138,0.0017694062196901474,0.00011903005064006231,2.912243263907825e-06,0.00011264587180558697,0.9979960056146002
139,0.009450993194638513,0.00045645108494113396,5.215572748121189e-06,0.0003836306329985582,0.9897037095146738
140,0.03555981235896371,0.0008914310001332818,2.0753813437658803e-05,0.002553005455403937,0.9609749973720614
141,0.04583090522675144,0.0013243235928380283,1.801328713753614e-05,0.010039583471637647,0.9427871744216353
142,0.04045447890357736,0.0016254176092280119,2.1164354088850908e-05,0.005662889454985627,0.95223604967812
143,0.006142131681927148,0.0009294478964032756,5.555666867882061e-06,0.0026097234159126233,0.9903131413388891
144,0.01586981730500645,0.0010633849482955793,4.996607802394504e-06,0.0027432612743318765,0.9803185398645637
145,0.06839365343812781,0.0033629953397359513,7.446567801670558e-06,0.005850578340695864,0.9223853263136387
146,0.14193549589635884,0.007409805317939255,2.379168047604299e-05,0.009185217902975868,0.8414456892022499
147,0.030443551857948038,0.004064840848345016,1.361747163356074e-05,0.007133214628179917,0.9583447751938935
148,0.0010579925692874566,0.0007930290901639731,1.922533552362656e-06,0.0008703809596778397,0.9972766748473185
149,0.0009477743724067469,0.00047432803562034114,1.97825726253431e-06,0.0003673663864555107,0.998208552948255
150,0.0009345671582191209,0.0004920507099941001,3.2387761732415896e-06,0.00017491809227636657,0.9983952252633372
151,0.0005858413771897048,0.00014164903187790525,1.6309292975897717e-06,0.0001568417555125583,0.9991140369061222
152,0.00232279820173919,0.00019788492538500002,9.486813104777973e-07,0.00011221696328131638,0.997366151228284
153,0.0008533775942127685,0.0004567289687169677,1.691114669537731e-06,0.00013614467128790622,0.9985520576511128
154,0.0011418663008789468,0.0003110911727830866,2.0534750353995235e-06,0.0002231609121607478,0.9983218281391418
155,0.0010019089201412433,0.00021560506952723285,1.8214246158413948e-06,0.00013382639809442334,0.9986468381876213
156,0.0017138294782700894,0.0002985103756212181,3.176678011904296e-06,0.00027833834800829285,0.9977061451200884
157,0.0039528491193162015,0.00022196353281716768,3.014477264217177e-06,0.0002843195483232031,0.9955378533222792
158,0.012199284325965025,0.0008153461700085371,7.312160660112716e-06,0.0006878773131196585,0.9862901800302466
159,0.004933884970036182,0.0006671663170003346,6.116527952511295e-06,0.0005077329227758819,0.993885099262235
160,0.21147703140535357,0.010306701441285955,5.4588050419041676e-05,0.004810310752756986,0.7733513683501845
161,0.4007262168484995,0.020524416388967827,9.181197138512129e-05,0.016015435036210873,0.5626421197549367
162,0.4804550398574303,0.0391874410721702,0.0001465075868403746,0.04928514090735347,0.43092587057620557
163,0.05819695206640892,0.005784749590765578,4.275238531873163e-05,0.02774998285840222,0.9082255630991045
164,0.01992347366941362,0.0033071407066447233,1.595488172916925e-05,0.0147925720790932,0.9619608586631192
165,0.0028655645348655934,0.0008366685175349717,7.021852161522912e-06,0.0028677254580156014,0.9934230196374222
166,0.0707296459104256,0.0031484231906650124,2.160827721064753e-05,0.008682641455443653,0.9174176811662551
167,0.38949738793140176,0.01575522968719003,8.921803206807477e-05,0.030508211133169528,0.5641499532161707
168,0.021680045437890545,0.0023805990002403483,9.799537884634825e-06,0.009100760469246521,0.966828795554738
169,0.343844421763726,0.04150168526161357,0.00014566974927333038,0.10713614641718223,0.507372076808205
170,0.4188074685563656,0.06172651275864877,0.0001458356025044951,0.12302010671788241,0.3963000763645987
171,0.21360991820928324,0.019033720561818526,3.458391549295287e-05,0.05956466758271194,0.7077571097306934
172,0.22492508403492262,0.02003567385299377,4.435396911801121e-05,0.026223017304529785,0.7287718708384359
173,0.39859879733703674,0.31085554048027547,0.0002325796653043744,0.04852024729856072,0.2417928352188227
174,0.42089330967107474,0.2096205193410402,0.00019986179703014535,0.05411188090967183,0.31517442828118325
175,0.06919684103482726,0.028119396105235363,0.0001607567271500069,0.007168930790247857,0.8953540753425395
176,0.0014777457241182347,0.0015329067415038268,8.071051868396032e-06,0.00038648173649370667,0.996594794746016
177,0.0021920964847022316,0.0014078822702837306,2.5602085384055058e-05,9.583755067795611e-05,0.996278581608952
178,0.0006078436093783903,0.0001162916558356437,8.73502826797173e-07,5.2353888683086956e-05,0.9992226373432761
179,0.002232950491153803,0.00023243213672240635,1.6156623459841842e-06,8.889414019723786e-05,0.9974441075695806
180,0.0006626115765556467,0.00012651053594470388,1.4980979434194727e-06,0.00011260931285911204,0.9990967704766971
181,0.0020030181180801312,0.00018359835406219323,3.175543357022809e-06,0.00011154353327881535,0.9976986644512218
182,0.001452966383734693,0.00027570374192148597,5.390997352362155e-06,0.00021515884096155047,0.9980507800360299
183,0.0019484774972767587,0.0005302725638667311,1.055234508697383e-05,0.0003017618325668405,0.9972089357612026
184,0.0011846928706433443,0.00019329419024540306,5.371696532804408e-06,0.0001992189617006095,0.9984174222808778
185,0.0009504409876767537,0.0001779195339534675,5.226081629455423e-06,0.00032497275705878104,0.9985414406396814
186,0.0024122997970297683,0.00017467821069089292,7.329483624542556e-06,0.0003890630510044471,0.9970166294576505
187,0.0011206029637407075,0.00010386060359191977,3.6290848566578937e-06,0.00025818998060049813,0.9985137173672103
188,0.0028231665541002576,0.0002590430251498479,3.4882519194321375e-06,0.00039307452509805394,0.9965212276437323
189,0.0011671883439225777,0.00012914818787215375,3.403546500955476e-06,0.0004733282931974442,0.9982269316285067
190,0.0026721275551797805,0.0002926041083548907,2.9516365993418122e-06,0.00036013316209845863,0.9966721835377675
191,0.0028812034579244017,0.00015567888977588128,3.448049368254954e-06,0.0005618275534967374,0.9963978420494347
192,0.004809778485417785,0.00027354517368108827,2.762821297320091e-06,0.0006096709489795029,0.9943042425706243
193,0.06460671202513314,0.0023222974670901652,8.940844871176677e-06,0.005104793640635268,0.9279572560222702
194,0.027469447892696126,0.002183778386396078,6.212530441059991e-06,0.002142773022505778,0.9681977881679609
195,0.3881706978963792,0.04251892629435732,4.3282321275447005e-05,0.028299203379746826,0.5409678901082413
196,0.05561828556935305,0.01330571865467508,3.701959897349484e-05,0.009014362807421746,0.9220246133695766
197,0.0008311482110448961,0.0006284718106703209,3.81958890947183e-06,0.00022011828514210055,0.9983164421042332
198,0.0008323693195315854,0.0005808092922954636,1.771098389009219e-06,0.00022071774803644496,0.9983643325417476
199,0.0031657000862333794,0.0007786822961450546,2.112952685150891e-06,0.0001352331314013763,0.9959182715335351
200,0.0009394276825810172,0.00038189326527539145,1.4406418689612264e-06,0.00025961888108553855,0.9984176195291891
201,0.0008400948650164862,0.0003087983349597001,1.0010411397622825e-06,0.00029371352146642405,0.9985563922374177
202,0.0009782183503299622,0.0003534718362081908,1.6510596325086893e-06,0.00018626901180870286,0.9984803897420206
203,0.0059664400443672945,0.0005419018830283831,5.919456225952284e-06,0.0004315483451155862,0.9930541902712628
204,0.1295816968371435,0.00485145049354913,3.792668349774982e-05,0.005156421623798301,0.8603725043620113
205,0.000635045515361422,0.0001884807893401538,1.1234531172320038e-06,0.0004044698232123615,0.9987708804189688
206,0.07510701595078519,0.0030373048857296673,6.702031231307688e-06,0.006563243091523588,0.9152857340407302
207,0.004643980131321688,0.0005864470139498999,3.993570456364735e-06,0.0016204536500090104,0.993145125634263
208,0.0005719126003089909,0.00014097401312574976,3.54088533535561e-06,9.783508575691418e-05,0.999185737415473
209,0.0005868050755448101,9.40958159749001e-05,1.6465461894844236e-06,0.000312430737392144,0.9990050218248987
210,0.0005617077138981876,5.8470563018962135e-05,1.6455695011274448e-06,9.720385639224775e-05,0.9992809722971894
211,0.0006924594926132219,9.370042350727497e-05,1.8903686691811186e-06,0.00011716823346715219,0.9990947814817431
212,0.0008680270983638478,0.00014939237493368556,3.2541149775403273e-06,0.00034343013698125727,0.9986358962747436
213,0.001413963355945887,0.00019123024051190705,3.465437551366607e-06,0.00039736047475131533,0.9979939804912394
214,0.005477721084851157,0.0004446346345209374,1.6867779110347005e-06,0.0003111128137927492,0.993764844688924
215,0.000884284783918056,0.0005765556720966723,3.5978670689732255e-06,0.00021300859653577688,0.9983225530803805
216,0.0013346133555938804,0.0007392557665353064,1.1174554537045466e-05,0.0002449948623647449,0.997669961460969
217,0.0011646684137007462,0.0004918786523243463,6.397992947483792e-06,0.00014373303702841885,0.9981933219039991
218,0.0005688947289769486,0.0004902059605339006,1.7762216234193065e-06,0.00018060358753021368,0.9987585195013355
219,0.0010464862630325126,0.00040688168939113613,4.2314153826102e-06,0.00015633714622410915,0.9983860634859697
220,0.0009509361230781849,0.0002054041002262233,3.864008851463535e-06,0.00016920624024616108,0.9986705895275979
221,0.001497745229208934,0.0001794790505244122,4.197027770373849e-06,0.0002754409722850941,0.9980431377202111
222,0.000759566703492717,0.0001655794508233935,4.7437076604422124e-06,0.000331776235728321,0.998738333902295
223,0.0009679884335890721,0.0002436837818993661,7.415422917915276e-06,0.00041286577874228246,0.9983680465828513
224,0.0023071343287747966,0.00024046787464845898,1.397250719455824e-05,0.0004415816876624439,0.9969968436017197
225,0.003040441701581244,0.0004160618153000225,9.28463033066957e-06,0.00040121598270397344,0.9961329958700841
226,0.0021260626972513332,0.0004829148325793163,5.418017216790694e-06,0.000779107521499968,0.9966064969314526
227,0.024410103240371236,0.0013681156412678698,1.2860361121914683e-05,0.001900877090836005,0.972308043666403
228,0.009363390943434234,0.004368353169319747,4.799602074379733e-05,0.002199127346345826,0.9840211325201563
229,0.004233508426180323,0.0018665017374046623,1.7712374643335963e-05,0.0020006004127048308,0.9918816770490669
230,0.05105666990671415,0.004279677211091313,1.2380117085079806e-05,0.006763177104234255,0.9378880956608753
231,0.033286491147684394,0.0034794778944705665,1.5510255253680177e-05,0.0038152379955529174,0.9594032827070385
232,0.5593889477567123,0.07065044395785092,0.00015459546729653178,0.030580226745003235,0.3392257860731369
233,0.1280619226651766,0.017494419842732815,5.0849876902500544e-05,0.08819236813223208,0.7662004394829561
234,0.4034981913001974,0.04264448189260275,7.422688668056495e-05,0.14133721161558138,0.412445888304938
235,0.3424868037512469,0.16346124303218407,0.00012951746790352842,0.2824141761010858,0.21150825964757974
236,0.01003385174164947,0.00453599365755616,1.112832166820456e-05,0.03891186938955641,0.9465071568895698
237,0.04838459686112022,0.011153399037320587,3.1760327285665706e-05,0.141022549835874,0.7994076939383995
238,0.3972907140964042,0.032591714213777136,0.0002774402275764874,0.1401352504751111,0.42970488098713105
239,0.5220506740720012,0.0579616181534599,0.00011934336446166751,0.26313644107664086,0.1567319233334364
240,0.21605157001988498,0.12336472908280152,0.00031451662668345126,0.6084118714777137,0.05185731279291635
241,0.03456049844874488,0.018233323345185837,5.5768114493421626e-05,0.17048257152644294,0.7766678385651329
242,0.14787236658894526,0.09367579399227118,0.00018286964129898825,0.704693405729128,0.05357556404835656
243,0.13295165004013468,0.23355219533770144,0.0004105103743511788,0.5990801539663856,0.03400549028142712
244,0.24449512860750372,0.21892807192053682,0.001058529761892791,0.4689640449680709,0.0665542247419956
245,0.01280238230938782,0.010825035086211196,8.932624506048299e-05,0.03871807468456593,0.9375651816747747
246,0.010904210412817502,0.004538944374946727,2.76945592695573e-05,0.005641786132573616,0.9788873645203926
247,0.0426903316147392,0.004345731122001102,4.5584553530801106e-05,0.007674896946234152,0.9452434557634947
248,0.5820329465571582,0.01440096628830699,7.255308507243538e-05,0.012831907999216921,0.39066162607024535
249,0.804983455567175,0.05118723544838152,0.00015267246660044756,0.028404857926595074,0.11527177859124776
250,0.32227803427611307,0.5042201250321895,0.0014948643153970265,0.1534484852224018,0.018558491153898626
251,0.06628399959245873,0.8092422732118978,0.004520428112254713,0.11510889623189383,0.004844402851494909
252,0.14465851713215985,0.36009900233901226,0.0008354842461923646,0.47842237908725166,0.015984617195383993
253,0.08544183891343123,0.5950935370214825,0.002007289708094046,0.3099977978500489,0.007459536506943326
254,0.1142966282199924,0.43174655603161277,0.0017078349349077904,0.4394967860153959,0.012752194798091197
255,0.05019951681462071,0.4177401296857694,0.0030821979344353577,0.5195653888294318,0.009412766735742732
256,0.10996267873478208,0.1316090465522588,0.00025285986361804955,0.6955604740458857,0.06261494080345538
257,0.02946267617764276,0.01205185628184257,3.4930044076254866e-05,0.20954071156069304,0.7489098259357453
258,0.0651773494208002,0.021300708464679876,7.495987253369646e-05,0.8871820830437213,0.026264899198265006
259,0.05222068794019039,0.03474966587510451,0.00021559707929666105,0.8689438250154213,0.043870224089987066
260,0.07126419504131308,0.008376251329373103,0.00015931159432052414,0.5947506590664565,0.32544958296853677
261,0.05324252608058198,0.010742151658971922,8.773435883281048e-05,0.9077300234658361,0.028197564435777176
262,0.03953659917417646,0.00472692794803889,5.855751355717229e-05,0.8975199801157625,0.05815793524846502
263,0.03470605380102248,0.0026351202658576106,3.9053068299203146e-05,0.511132963658508,0.4514868092063127
264,0.08712800333677947,0.006717760846489065,3.455663816444392e-05,0.8101982559905964,0.09592142318797069
265,0.1105058574129863,0.008733982714108739,8.60098512519114e-05,0.8672547351144831,0.01341941490717006
266,0.12300540230033592,0.026110751724112063,0.0002391230296145747,0.8136037540977027,0.03704096884823479
267,0.017416277383919453,0.010473789069323053,0.00013716298214941876,0.9596249094507423,0.012347861113865669
268,0.02985054968429132,0.013366836877274916,0.0004288710334835458,0.9064508364784295,0.049902905926520795
269,0.09295430636829166,0.011094408429394732,0.000254248825294238,0.7398332253023847,0.1558638110746348
270,0.01130303238591971,0.002290834435851416,2.2776231008022607e-05,0.23571385583501256,0.7506695011122083
271,0.17511108184393154,0.0194835428992391,8.33984576873106e-05,0.6560343456671323,0.14928763113200977
272,0.20363322418255855,0.017360370828026057,5.661164748262488e-05,0.3019233270262449,0.4770264663156879
273,0.17681847596689412,0.04919771286783656,0.0006291729162023019,0.7347824362750055,0.03857220197406145
274,0.05810560975937535,0.06944295948190793,0.003308013281068871,0.8282600369880995,0.04088338048954851
275,0.019565053964105406,0.024332729982521888,0.0006747277857375923,0.9373302844726825,0.018097203794952586
276,0.007941330615497854,0.012541591031977373,0.0003033091784110029,0.9319501791504651,0.047263590023648695
277,0.005577099483799513,0.003715156517112406,3.37621129959081e-05,0.3233317532417236,0.6673422286443687
278,0.038173066804175426,0.020641850621350943,0.0007032009618240576,0.8964094171712873,0.04407246444136212
279,0.07160920332335358,0.017654039862627147,0.000395329228439492,0.8263190678609471,0.08402235972463266
280,0.041183427581928646,0.016187273108517662,0.0005709551932445401,0.8299397149296593,0.1121186291866498
281,0.054818744754239174,0.013157419963100811,0.00011397835963721303,0.6931453674006867,0.23876448952233606
282,0.04289967621938544,0.005402134947938895,4.519801454308299e-05,0.21950412424983157,0.7321488665683011
283,0.22331737711921068,0.04917890504171224,0.0004449349561177329,0.43615400069470117,0.2909047821882581
284,0.17416212922380292,0.010315455034123868,0.0001190529486055763,0.036970152431531074,0.7784332103619366
285,0.014910482253539066,0.0016664330655497815,9.909195100904643e-06,0.005448357958889794,0.9779648175269204
286,0.0061058648351113316,0.0010773534095052002,9.201305809080411e-06,0.0025653883319397067,0.9902421921176346
287,0.006257859203755857,0.00041023217762657215,6.87771695573898e-06,0.0010897573170863294,0.9922352735845755
288,0.0033596659328945498,0.00037341621781875463,2.819984808657466e-06,0.000800763166760488,0.9954633346977175
289,0.0060827607570203964,0.0007636143628888825,6.308750609152857e-06,0.0005583441322252052,0.9925889719972565
290,0.0030567166792227064,0.00016318679200291026,5.014019046425795e-06,0.0008962665814556565,0.9958788159282722
291,0.012983687703518642,0.0006676096511375837,6.869516973420827e-06,0.0021434377198746453,0.9841983954084959
292,0.27871696475273233,0.015581526274478024,6.745837630261135e-05,0.040647658004030564,0.6649863925924564
293,0.01176669340794016,0.0008718372284413946,7.166229331978438e-06,0.005982896525358583,0.9813714066089279
294,0.37492268444821547,0.02777645957651744,0.00010074878351954543,0.5250963914729373,0.0721037157188103
295,0.4677691536355361,0.061858952639861055,9.679331713452801e-05,0.2957127505011397,0.17456234990632863
296,0.2462857829248453,0.07147851389499937,0.00012534881033172908,0.6632622139620858,0.018848140407737763
297,0.15966295558569557,0.11130052615504153,0.0003640260760639129,0.7199277318386941,0.008744760344504844
298,0.04272494572143533,0.05777214867677416,0.0003697499363801406,0.8926461696668226,0.006486985998587806
299,0.03390734323005442,0.08281247167077362,0.00020777744605241668,0.8725831632738728,0.010489244379246785
300,0.02284125938849615,0.02161715734102926,0.00013478984904540228,0.9333460769858504,0.022060716435578793
301,0.009881535802198785,0.016775676626905912,0.0005534034761758741,0.9565548050423158,0.016234579052403688
302,0.017344807037434937,0.005552948112099074,0.00018687303740965808,0.9315499749233812,0.045365396889675315
303,0.02204136617529006,0.0041071954466299085,0.00024221843902240571,0.7251347883292536,0.24847443160980404
304,0.04304792195080634,0.003630730480768276,5.5953763341528345e-05,0.9163727930779678,0.036892600727116115
305,0.10415115699204763,0.007636263532414692,0.0001519849621661715,0.7807541342253546,0.10730646028801707
306,0.09019445652312044,0.006426741719010081,0.0004528760636287475,0.2590040435082783,0.6439218821859624
307,0.0672963243804566,0.011516209458040804,0.00016718405358668464,0.8750122458234627,0.04600803628445317
308,0.13699018556610873,0.007076588121562292,4.964922500644507e-05,0.4787414236611037,0.3771421534262189
309,0.27943282143803067,0.02183817352497689,0.00015119219061918846,0.5972122008891567,0.10136561195721645
310,0.08901355070767303,0.010086939732074307,3.724857338118142e-05,0.5421251743887165,0.35873708659815495
311,0.14583746859477634,0.011864627603679987,2.4526265212178647e-05,0.25866378049166644,0.5836095970446651
312,0.24366723290012057,0.03922019522846053,6.610503242156452e-05,0.6898134024379957,0.02723306440100166
313,0.21978603915020065,0.04618255849254523,6.691097106222929e-05,0.6660922977096925,0.06787219367649945
314,0.20868086157402066,0.044334234123090135,0.00010281437075817988,0.610427751143727,0.13645433878840407
315,0.06022223735665571,0.02977693973478623,0.00013629569429900748,0.8904189001622632,0.019445627051995866
316,0.07787267451131645,0.013997714119603908,4.6669212206628615e-05,0.8423964821818559,0.06568645997501696
317,0.07870669927146232,0.011402121924579104,2.5116011431358333e-05,0.8369083359064845,0.07295772688604267
318,0.05165439267465733,0.011484312238938341,4.307056140881732e-05,0.9193894399799338,0.01742878454506183
319,0.0610392950335402,0.01666001556953837,9.21955661970791e-05,0.9130429025134127,0.009165591317311709
320,0.019323338427323034,0.011540049078701549,6.336199708290591e-05,0.9648512659902193,0.004221984506673168
321,0.0282459938780843,0.0053373751332653555,3.950103682612508e-05,0.890486487027519,0.07589064292430542
322,0.06476104440123372,0.009109362932765909,4.688764200140967e-05,0.8762168823917873,0.04986582263221168
323,0.09298567579263077,0.019344062553930782,4.670541429692122e-05,0.8636448304261193,0.02397872581302209
324,0.14956802355455848,0.023131965568323455,6.698413357986795e-05,0.8118324262568097,0.015400600486728413
325,0.08597083975969697,0.021246549172993463,4.128476918408266e-05,0.8860064736253939,0.006734852672731602
326,0.029173818606827395,0.03581253569503146,5.506600218343923e-05,0.9318549405598499,0.0031036391361078173
327,0.027397983233464603,0.017400538792015086,0.00010320236400367448,0.9506423457775358,0.004455929832980741
328,0.044389436599920444,0.024056808625556234,7.474510220686632e-05,0.8968108842466631,0.03466812542565335
329,0.04497848585438634,0.03215280820121913,0.00010139783755356027,0.9162454873515923,0.006521820755248764
330,0.03856441408105617,0.03257334880575692,0.0002673799912796672,0.921657475681594,0.006937381440313291
331,0.06996771808148158,0.02995602655372704,0.00024411016030312772,0.8841134818894414,0.015718663315046788
332,0.029393145374876684,0.030891230888388344,0.00010476347311854734,0.9360870268845527,0.003523833379063653
333,0.14325843555628284,0.015098216917878646,8.906091778096186e-05,0.4405268574503851,0.4010274291576725
334,0.22345733317559413,0.07303669369747443,8.979949316276248e-05,0.6948134735744407,0.008602700059327999
335,0.18431643198557804,0.0787636553743147,7.399533304047305e-05,0.7299231016940361,0.0069228156130307856
336,0.1535526852051412,0.12294644433881233,0.00015211912122320304,0.7183530049560504,0.00499574637877283
337,0.04709207270147727,0.19365095968564994,0.0004083220058315381,0.7554783739802855,0.0033702716267557794
338,0.06726825839308218,0.08001644743965754,0.00046667466849192483,0.8451965264775446,0.007052093021223625
339,0.050410179129513476,0.10819211644176453,0.0028625298136388025,0.8344363884444745,0.004098786170608498
340,0.04051040147045296,0.1005430365915524,0.004211300759180008,0.8500816098868246,0.004653651291990057
341,0.034532924642860986,0.055185577547281796,0.005562832194926126,0.899510280364441,0.005208385250489914
342,0.023042376554810423,0.02975368492361361,0.001589311043267679,0.9422725687978156,0.003342058680492634
343,0.01914132461755544,0.012907451272275862,0.005059206442229839,0.9540302963634736,0.00886172130446531
344,0.006958213997264891,0.008085575954187432,0.0009863617607689234,0.9748818366322848,0.009088011655493831
345,0.021131827312230553,0.0057150279794669565,0.0012354490528295398,0.9678566632211286,0.004061032434344237
346,0.01462929795288913,0.00251277163846355,0.0002802713515803537,0.65969766574925,0.32287999330781686
347,0.13472410513804384,0.01058875470086264,0.0001589985380327476,0.7307770059559553,0.12375113566710548
348,0.10788500688022604,0.02222273285512955,0.00011854151156201241,0.858567290810479,0.011206427942603188
349,0.17334264553326026,0.020598089840997445,4.827208384199619e-05,0.766809973410716,0.03920101913118425
350,0.02984930296062019,0.0197467810841464,2.3100913036132437e-05,0.9456809380782598,0.004699876963937501
351,0.040723207654700964,0.011842573081101948,3.343655481013567e-05,0.8913634723674354,0.056037310341951425
352,0.06052882026024522,0.00988545232950864,6.885803633033063e-05,0.3717364889448652,0.5577803804290505
353,0.19427377490883202,0.016652600505851094,2.4911239658936176e-05,0.7689666504265649,0.020082062919093133
354,0.16439164263181,0.018969087398931116,3.892431326401631e-05,0.8072730092581341,0.00932733639786079
355,0.05367135392485426,0.021129816404668086,6.875068227168097e-05,0.9209586965194133,0.004171382468792549
356,0.01251321829251209,0.008710107021742582,7.635252817169963e-05,0.9747122350941242,0.0039880870634495455
357,0.007284897348275644,0.01218601331885596,0.0002163994378801518,0.9773385103689045,0.0029741795260837043
358,0.0111000440094979,0.011745332826891539,0.0001973930884442664,0.9742652582868421,0.0026919717883243746
359,0.01012149017447418,0.0077894714035347075,0.00014568862682391202,0.9790884489191709,0.0028549008759962257
360,0.020702822590527453,0.005837359982838074,7.83754362883805e-05,0.9430625950641309,0.030318846926215125
361,0.019277274404627953,0.01052876096001718,3.07258682440335e-05,0.9680220729923348,0.0021411657747760593
362,0.13138485261207866,0.032187935781066455,9.793365486952773e-05,0.7644794599658393,0.07184981798614597
363,0.22990086977466268,0.10637136661782261,7.050443305805726e-05,0.6574090290004296,0.006248230174026946
364,0.11388590037827868,0.08788699854835692,0.00014140096314003376,0.7930862056022626,0.0049994945079618585
365,0.06883724083712155,0.07043973374710003,0.00014497043278908546,0.8576881294701071,0.002889925512882249
366,0.039119747523549665,0.07855570996077375,7.580749610264228e-05,0.8780152432060891,0.0042334918134847846
367,0.0724630314193553,0.03665941700961156,9.437804248987458e-05,0.8310612007294936,0.05972197279904976
368,0.08596347957652539,0.07185440693001777,8.952127029742439e-05,0.8361486857606806,0.005943906462478823
369,0.12976482855476948,0.2761788597580763,0.00046130674290092267,0.5879806161297731,0.005614388814480253
370,0.24338061610487688,0.29844846943371245,0.0007780856821516454,0.4414948773960064,0.01589795138325254
371,0.22010870847253888,0.11620403702954273,0.0011985610711661063,0.5726733208040068,0.0898153726227456
