epoch,N1,N2,N3,R,W
0,0.07081045430595007,0.0941456885337885,0.009092325577873879,0.0016643022136970732,0.8242872293686905
1,0.09490356287603001,0.12603623159621385,0.00518937920367485,0.005345399369723872,0.7685254269543573
2,0.047608222788102644,0.06719981841201085,0.003254274570739048,0.002398424704664153,0.8795392595244833
3,0.11850285651519481,0.08537278170941853,0.0033515639543510974,0.004456921504194209,0.7883158763168414
4,0.10541639082116785,0.034970844275814525,0.0025870759945793983,0.00268670397185072,0.8543389849365876
5,0.21480425081761692,0.04998004243053094,0.012244225307529912,0.001836810867096088,0.7211346705772261
6,0.10665720355948652,0.03512301051127747,0.0031587939586121025,0.003512709003074853,0.8515482829675489
7,0.19199661129214926,0.06466724381376292,0.005757947834386542,0.0025131103541233086,0.7350650867055781
8,0.014783923247816666,0.02144660998308656,0.0006842309694285488,0.0005684373456905096,0.9625167984539776
9,0.19687615419939863,0.07231732942935297,0.003124936628360605,0.0015336941820023207,0.7261478855608854
10,0.011030386919906624,0.007887983027441956,0.0006801302422772174,0.0003340137658097684,0.9800674860445643
11,0.0069793801878802915,0.004428627531926958,0.0003396257801316782,0.0003990190495704266,0.9878533474504906
12,0.10324083482982944,0.025171485099942287,0.004608041879928889,0.0007754072759460928,0.8662042309143533
13,0.29309808168177776,0.08360013125775025,0.005980733446324225,0.0010157810476816268,0.6163052725664662
14,0.42523014028166356,0.09502173234258887,0.01212477325988596,0.020469834005466456,0.4471535201103952
15,0.4227157570747831,0.23372937144676884,0.014509790842600135,0.0014242438734745847,0.3276208367623733
16,0.4204693975610367,0.332101929722521,0.04763092012965461,0.004587284597929402,0.19521046798885827
17,0.22011753959425934,0.530965258169514,0.06188707802620437,0.009039583444921654,0.17799054076510065
18,0.22534746174291712,0.45369082380222897,0.1573616158001905,0.009227887511559412,0.154372211143104
19,0.13926202314039995,0.6814419823829171,0.09693351723708842,0.011078139785761023,0.07128433745383334
20,0.07967831691426508,0.764754428296098,0.023865331043625832,0.006918785641406326,0.12478313810460484
21,0.10689050019283967,0.7772922389934585,0.07243518368554082,0.006804660232544904,0.03657741689561604
22,0.16338720703942808,0.757102355609993,0.014415420181561622,0.006727581346257721,0.05836743582275946
23,0.2933420034772421,0.4253292002916301,0.008949978788866967,0.010019332510986113,0.26235948493127464
24,0.1918596583933792,0.4731029456262919,0.008201260837378058,0.011463678689603336,0.31537245645334744
25,0.23222472236114702,0.6440638368701191,0.022019888586137595,0.008841228174319477,0.09285032400827684
26,0.11659072561152527,0.45799013810685,0.010915859890150195,0.01223425396604978,0.40226902242542456
27,0.11148843719620741,0.56136294715282,0.02548600135850734,0.04593391721050077,0.25572869708196455
28,0.09659488201054696,0.41907988345336566,0.005002974175218927,0.051487517951762804,0.42783474240910563
29,0.22717033525881558,0.2749693123386387,0.025175971165316856,0.184871024751565,0.28781335648566386
30,0.2258220442683157,0.1422457232995967,0.009933665018932126,0.04121940531801421,0.5807791620951412
31,0.10235146016609674,0.07788168191525874,0.004370255832228125,0.018191664603847857,0.7972049374825685
32,0.23036348786669286,0.2153663575312508,0.02147955894423163,0.06915738985757516,0.4636332058002496
33,0.06465590947694726,0.02675530636387422,0.0033164877319874202,0.013283578435250595,0.8919887179919405
34,0.15076160926344495,0.14086675885491784,0.010399086504919415,0.02618240324428621,0.6717901421324316
35,0.2109450587106504,0.16509644852809727,9.986762128192604e-05,0.11326292694065884,0.5105956981993116
36,0.11591055895027048,0.012924880032653074,0.0015203596788450834,0.004443872786482418,0.865200328551749
37,0.3063224306912527,0.046304050438385064,0.0008849057120276684,0.009116038699861323,0.6373725744584732
38,0.12187469223813267,0.014145893777963322,0.001552465187564162,0.002852676096961783,0.859574272699378
39,0.10428082379726039,0.010131717705236404,0.0021278871849785726,0.001822076403373791,0.8816374949091508
40,0.09454306925824146,0.036949244467336245,0.006749423541438253,0.004245042750440926,0.857513219982543
41,0.08815154924270059,0.14698754460729435,0.009696754238342558,0.0315221550210688,0.7236419968905937
42,0.03619951318328321,0.019486920719503774,0.0006385628659711633,0.008334349748129485,0.9353406534831123
43,0.17653921866688752,0.08251241637714973,0.00013764804204193315,0.06541804667498106,0.6753926702389398
44,0.3600324158883415,0.16680917566924128,0.00027457970450606704,0.10262432070248792,0.37025950803542335
45,0.5325562994367491,0.06801142291852379,0.00019469514467221365,0.06803290189037499,0.33120468060967995
46,0.047370633269170674,0.02234951404295577,0.0002443999241567695,0.0020657531682058026,0.927969699595511
47,0.3435471933417245,0.08812510835740532,0.002043547051077406,0.003502644774935422,0.5627815064748574
48,0.2808697845065532,0.03468205904708253,0.006415937960679138,0.005438648696444261,0.6725935697892409
49,0.3296047482005855,0.0949421199540776,0.007912841982069976,0.004893072372443462,0.5626472174908235
50,0.15511851641715763,0.15476858119450249,0.005793909422892992,0.004261837108917599,0.6800571558565294
51,0.41609424547524926,0.2761381789950418,0.004700383929576918,0.007685018616641544,0.29538217298349057
52,0.19886532604951773,0.3625626126629785,0.0019666642620673,0.008185274179282762,0.42842012284615355
53,0.508798908427566,0.29728848631559973,0.008963962117428021,0.005657346152258353,0.17929129698714785
54,0.424545185304425,0.5086189449520812,0.008977161389449385,0.00870801758735633,0.04915069076668822
55,0.0958627216227549,0.7904504529308976,0.00954026321577902,0.021715954064797774,0.08243060816577065
56,0.2120832005077831,0.6035756302574257,0.004027264947095384,0.06517451373691095,0.11513939055078491
57,0.10588227827592225,0.8311889361852579,0.018698271710475275,0.018856763902071545,0.025373749926273077
58,0.13085893650588717,0.8236083522035257,0.014502728139975968,0.014793851557241696,0.016236131593369597
59,0.08547274313945008,0.8301585565759471,0.006983409058567967,0.007078709217640838,0.07030658200839403
60,0.062385481537442715,0.8847334395710363,0.018637562162753068,0.005274745904336951,0.028968770824430827
61,0.13653844847663485,0.8096117668447457,0.03316147941807883,0.00249881074362683,0.018189494516913953
62,0.0668545772395432,0.8063731170065177,0.04660749989457122,0.0005828665476236784,0.07958193931174416
63,0.1388511105449431,0.6467445218168966,0.18120880166442224,0.0004343057831962841,0.032761260190541756
64,0.06317039513955446,0.7965366382323917,0.10620136615885059,0.0005123104366430922,0.03357929003256019
65,0.08563067059752145,0.8418264532728144,0.04778819110026928,0.0004670336887227873,0.024287651340672258
66,0.029533127088911898,0.7311904374401462,0.2030610658138038,0.00033729071841114564,0.03587807893872695
67,0.03188847836719605,0.5611110905184484,0.39404591712206155,0.0002482905049538309,0.012706223487340082
68,0.048062074696028065,0.3327160543566551,0.5919150297503829,0.00010769766120246483,0.027199143535731416
69,0.010334542702380246,0.27791007057053063,0.6975998009708355,9.102220545234068e-05,0.014064563550801242
70,0.013367313567464059,0.22754274985035514,0.7076385181935694,0.0001522834499047878,0.05129913493870657
71,0.004614566095318,0.27439173875643186,0.7130559188561958,6.222091121477235e-05,0.007875555380839677
72,0.005097761085132188,0.2174419730586074,0.7621182074394321,0.00010132265374003951,0.01524073576308824
73,0.010980993573118611,0.24366242855950618,0.7251243305088646,8.20166850856083e-05,0.020150230673424786
74,0.011126735283911393,0.12438360857657624,0.8213436139460276,0.0007881861007690916,0.04235785609271565
75,0.00805702568943222,0.071480468492918,0.7887410142697069,0.000311848747589286,0.13140964280035358
76,0.014533036116778197,0.11267523669787348,0.5509761819802652,0.0009459015043725931,0.3208696437007104
77,0.004847352990837982,0.06263831231118755,0.7806530316919993,0.00022885116959485514,0.15163245183638033
78,0.006375186976450454,0.117245607766652,0.45929705878582183,0.00021247713802818703,0.4168696693330476
79,0.004290210809782945,0.12020027609074778,0.18480556020023084,0.0002959318682013001,0.6904080210310372
80,0.00037179966093999004,0.0008658897111236217,0.00013014208343672587,4.2758562515460704e-05,0.9985894099819842
81,0.0002916162644801154,0.00023454411163869508,2.8882559315315538e-05,5.283448652120372e-05,0.9993921225780446
82,0.0003178239395742642,0.00011453072332951922,2.7532478261151805e-05,7.1300723680308196e-06,0.9995329827864671
83,0.0033268724257196993,0.0008498893496539428,0.0004207819764289802,2.632326881975305e-05,0.9953761329793778
84,0.01667995974219859,0.0038798878909816832,0.007219905889138134,0.00014378005089905177,0.9720764664267825
85,0.0014025413887408576,0.0014562176027520185,0.000546140514602788,3.7669578044215224e-05,0.9965574309158602
86,0.0017353207499995738,0.004168859239732858,0.0012163222983374467,0.0006046800559413254,0.9922748176559888
87,0.0016046092425766522,0.003204987829062297,0.001018204453862642,0.000617066588699399,0.993555131885799
88,0.0005216912650889883,0.0009460244317941924,9.289456931600543e-05,4.484882007914244e-05,0.9983945409137216
89,0.0006439326389472046,0.0004196253617006904,0.00022281842883049567,4.4516160006403714e-05,0.9986691074105152
90,0.005738700665463111,0.006031384711503099,0.0008365652120989156,0.00020736389967920474,0.9871859855112557
91,0.054489644890176415,0.012698679959627117,0.0007392429845453725,0.0004572229711032881,0.9316152091945477
92,0.0817350514579451,0.010306101123684956,0.0009496852438533128,0.0008719160633216028,0.9061372461111951
93,0.2243086196916295,0.08483736704893004,0.0002952681074005961,0.012127637280786597,0.6784311078712533
94,0.04066792660432283,0.06540187188462376,0.0003683787028946423,0.006265601863742516,0.8872962209444162
95,0.4846892272970229,0.16112764435015817,0.005070699865930871,0.016750424175106034,0.3323620043117821
96,0.39906529241176486,0.08935183861635212,0.0011497973648394268,0.01440200599661672,0.4960310656104268
97,0.5426199921360995,0.1461325461118312,0.011059998452676367,0.05479988025439591,0.245387583044997
98,0.46515049549151005,0.10041971905010717,0.008413866137187502,0.0776904979064799,0.3483254214147154
99,0.2242792174093834,0.06489992784193138,0.004536684295687799,0.09444384554519376,0.6118403249078036
100,0.35916714397280564,0.19925812386449757,0.007496407150132206,0.10855912238776377,0.32551920262480094
101,0.38175566435880676,0.22052284735201386,0.005846724618723993,0.11871985800177667,0.2731549056686786
102,0.14517403354487565,0.1635674331093686,0.0028975864888591777,0.04027240740483029,0.6480885394520662
103,0.11183034857471866,0.06630563830595611,0.0006896130429450126,0.02156550888149439,0.7996088911948858
104,0.3925501288784681,0.2443102354933926,0.00011405170964752994,0.05903156061535202,0.30399402330313985
105,0.21469684894738075,0.24035250992322774,0.0009704157464377842,0.03261854099418865,0.5113616843887651
106,0.5593576460709866,0.09215516738766857,0.0002192805069206604,0.020255868611090203,0.328012037423334
107,0.2164159080550231,0.06152276016925368,0.00017061587671950935,0.010876032638173674,0.71101468326083
108,0.5121957237304695,0.1213697091920908,0.00044941131467077477,0.016773756147890357,0.3492113996148786
109,0.01310408860732711,0.002207194828256978,0.0010266095611304803,0.0006355732600523991,0.983026533743233
110,0.24538969635392224,0.06812762994724611,0.0031668059195871547,0.010571998044210293,0.6727438697350343
111,0.18130862143005913,0.020644149857878547,0.0007423730228826864,0.022793475707232558,0.7745113799819472
112,0.30648828819040286,0.08317225435427182,0.0036045095883503555,0.015507075120322303,0.5912278727466527
113,0.21609362689277203,0.11711621692125464,0.010933699947538946,0.03472029694264094,0.6211361592957935
114,0.23653016885903513,0.4508748408337598,0.0016789187899266176,0.13751612396227356,0.17339994755500504
115,0.2240250439606195,0.4606113643451892,0.0015661421029031096,0.1253359746051886,0.18846147498609964
116,0.2824568295245327,0.2205965816650044,0.0005464103836475482,0.314793774801702,0.18160640362511335
117,0.3202523648675172,0.1949514569556574,0.0007663199901589617,0.32542532250410067,0.1586045356825659
118,0.4772780680151783,0.2884454575249436,0.0028709363323091435,0.07856153495222037,0.15284400317534869
119,0.3044613605020948,0.06469215942606103,0.0013372938365979505,0.08529705748970472,0.5442121287455415
120,0.5936992587139347,0.15494679430916372,0.08711867423955277,0.05339622108648437,0.11083905165086433
121,0.37051687841621683,0.345034193644961,0.005274498309140306,0.07591938163115235,0.20325504799852945
122,0.33211629596835934,0.30430525881734516,0.016551803571449704,0.13232283746816148,0.21470380417468443
123,0.2606061693332178,0.35954353061649225,0.0009126873305796491,0.18927821245886994,0.18965940026084036
124,0.4329587426867476,0.23812638106778372,0.001945810235520747,0.08606626104769753,0.24090280496225042
125,0.3661302675947885,0.3542262256391171,0.0009336779973629077,0.18891918824469264,0.08979064052403905
126,0.2703311702740917,0.43123313224219245,0.002929228555432253,0.23614709952293161,0.05935936940535206
127,0.24861826472055376,0.4047670195593302,0.0011764952211987827,0.23121520707954185,0.11422301341937514
128,0.14209172971894746,0.5352009531388944,0.002159036687908856,0.23764544371856294,0.0829028367356865
129,0.2405192474785122,0.3665354399446629,0.012975827665736513,0.20477856489373758,0.17519092001735068
130,0.30645601912479675,0.35184950923235053,0.009243884413217763,0.1970593613246516,0.13539122590498334
131,0.1271592377621968,0.26278619125849795,0.005594547697030242,0.3678036607217616,0.2366563625605133
132,0.09302068303862446,0.20147534494049338,0.007207604362359255,0.09504494606591468,0.6032514215926083
133,0.11917928151336692,0.2025024961238673,0.0008780931288452281,0.026893402457912687,0.6505467267760079
134,0.36481508081517183,0.38519120269511986,0.0032685443618201927,0.08916242185684566,0.1575627502710424
135,0.3005844216266651,0.5425728737505584,0.00216271330855541,0.05386855404537025,0.10081143726885082
136,0.10113080944520089,0.44624097475652774,0.0034967350164644335,0.33238485368928816,0.1167466270925188
137,0.06591914167239783,0.4684944017976998,0.0012085324629491038,0.4101510735389646,0.05422685052798869
138,0.22055687928862164,0.37957248840637103,0.0035568538525145013,0.35099840757641776,0.04531537087607512
139,0.27030440321298016,0.5065030220595901,0.03362285707978014,0.14608732454357606,0.0434823931040735
140,0.11231866527314903,0.8131457000615988,0.0023555696785635513,0.025434395666401186,0.04674566932028741
141,0.240811198115372,0.6037676355141255,0.004424462346604321,0.11273957734245289,0.03825712668144536
142,0.36454744639503306,0.46293267195609406,0.006872637525400138,0.13648018738892467,0.029167056734548034
143,0.2436445625731098,0.6572482338661203,0.013451308292854536,0.055652211805029064,0.03000368346288631
144,0.1572078662017446,0.7299777816835286,0.05235014077230025,0.024078176450300734,0.03638603489212591
145,0.10297842714899066,0.7171772659243043,0.0394690164147279,0.034710095045753564,0.10566519546622348
146,0.19549054610097946,0.6584941532794943,0.01633574660518435,0.03851632752346239,0.09116322649087952
147,0.20459894963486128,0.28932538178047107,0.007124982464255822,0.005414924213087847,0.49353576190732384
148,0.5636297027262661,0.3442796806059269,0.011164444568116692,0.008615037355055541,0.07231113474463471
149,0.2652596064849805,0.6229530985264212,0.023183591381612276,0.010299563838683226,0.0783041397683029
150,0.31659296147468224,0.5903877913572616,0.02869204485717776,0.010384503000993599,0.05394269930988474
151,0.2528753108780555,0.4465922656909873,0.038400001162511285,0.02020048614905714,0.2419319361193888
152,0.3669696275621561,0.43673882139319675,0.047727479074149044,0.02401355962542363,0.12455051234507443
153,0.4511549648075425,0.35530288613533456,0.05976394398962377,0.009662678193922416,0.12411552687357678
154,0.3342693484245298,0.47153266970154933,0.07035564542468968,0.0059144182137099224,0.11792791823552123
155,0.21436382023833717,0.5964041531243987,0.05261833950951193,0.010769372782744643,0.12584431434500765
156,0.24048887823696186,0.519036048640068,0.06790610654809652,0.014904254654686004,0.1576647119201876
157,0.17050109338259473,0.7472365009733112,0.041442575069293046,0.010403241828020191,0.03041658874678093
158,0.09766797726250022,0.8137279234992368,0.03463457174452418,0.008333607181259898,0.045635920312478734
159,0.15081849738050623,0.7808521637560127,0.042790318082049986,0.004864176453223335,0.02067484432820777
160,0.17822605197690777,0.687179989766997,0.11739430278697892,0.0042199320027331635,0.01297972346638307
161,0.1410969477877873,0.7407273505888635,0.09436853612702768,0.007682322726479837,0.016124842769841705
162,0.05266902849782982,0.7969264973163137,0.11133044263463988,0.018314439967733763,0.02075959158348277
163,0.06292731778095965,0.8486474634933193,0.05299264450063127,0.005640713605072045,0.02979186062001776
164,0.0484438056241327,0.817842236519507,0.1109058398369598,0.0028150361800085713,0.019993081839391844
165,0.12030194524628306,0.7749249738462226,0.07286516969869446,0.005628125459320687,0.026279785749479187
166,0.1530041237117513,0.8007527063592816,0.013341582411668365,0.006297034035977925,0.026604553481320844
167,0.09204903727124919,0.6317095865871534,0.21895598211669595,0.011970559810228914,0.04531483421467255
168,0.14278402407968435,0.635074891884633,0.02522828752342978,0.024389106305349555,0.17252369020690336
169,0.12703987431531613,0.3660306478305036,0.07342019966922683,0.017746283389659123,0.4157629947952944
170,0.07106689059769022,0.3323678528118453,0.22634084291627893,0.007820246405258116,0.3624041672689275
171,0.06185267113361494,0.29284966265253437,0.06724649572122332,0.023952647330554647,0.5540985231620728
172,0.0065943214776315135,0.006141636957776443,0.0018331086900357522,0.003763102538234898,0.9816678303363214
173,0.015972395684852016,0.004437253407431698,0.00020498129279748767,0.01194801018839823,0.9674373594265205
174,0.030856538870615662,0.005591571478500861,0.0004264239314352252,0.001234812404132638,0.9618906533153155
175,0.020402290044800736,0.0033573953033124407,0.000869135085792617,0.00217146810862568,0.9731997114574686
176,0.10856404906138635,0.046640719055273644,0.0003225636270663196,0.009150265704354192,0.8353224025519196
177,0.23308019146035697,0.04744977604180575,0.0006609754399251453,0.024575010569777574,0.6942340464881347
178,0.4293702076337448,0.13366594552324504,0.0045508321592648004,0.027922043470755813,0.4044909712129895
179,0.4673898395749442,0.28832513061397297,0.008130979486188919,0.05389095478828378,0.1822630955366101
180,0.2747658082934097,0.6016047371353103,0.03302384991544281,0.039292368416011456,0.051313236239825755
181,0.18527050006679413,0.6351611664341135,0.015766642260358024,0.13914385404205523,0.024657837196679164
182,0.22522110468189266,0.6476989091656211,0.025372663012570112,0.0929783182189163,0.008729004920999862
183,0.08036847583954765,0.6535269510979975,0.11470867346069721,0.0878003757812473,0.06359552382051027
184,0.10769865850553044,0.7250955043705196,0.11503081149515855,0.037763086584052974,0.01441193904473851
185,0.06135702752060221,0.6062020404475704,0.30099579259194037,0.025944587539641167,0.005500551900245931
186,0.03348871751506593,0.6435529532425796,0.3079782508806582,0.009385447202224652,0.005594631159471743
187,0.04601049663804652,0.710260112175577,0.17382863317519387,0.050209722981588524,0.019691035029593896
188,0.04212790849791626,0.7488498551092146,0.1823217257933934,0.006737637533841377,0.019962873065634476
189,0.016198539271807255,0.7369660274839271,0.23144486547199442,0.0050769405638064246,0.01031362720846459
190,0.05560829560233637,0.7890658173063991,0.13548514376141957,0.01467979299703362,0.005160950332811396
191,0.050468133667608175,0.7333636163166488,0.1952383333353263,0.011255595150521932,0.009674321529894694
192,0.019911010763555198,0.8151559799161437,0.1470493934903965,0.006988033187214427,0.01089558264269019
193,0.02022380649859252,0.6574139400694309,0.29553705712940687,0.018191713339771078,0.00863348296279847
194,0.015549541134258958,0.7664726815048873,0.18725314517035377,0.017799026907334398,0.012925605283165376
195,0.024693138911596652,0.7485950793448359,0.1940650183142731,0.023183177229571618,0.009463586199722743
196,0.014458318100821483,0.7813105947768937,0.1794767456607604,0.011362747816388212,0.01339159364513622
197,0.0572570958661203,0.7465706688135492,0.15656126724385017,0.027016167546496193,0.01259480052998406
198,0.018590254283455176,0.687607659537749,0.2817432780204821,0.005392560894142847,0.006666247264170762
199,0.018594261613277027,0.557937806134058,0.4143546765958453,0.003167460738388679,0.005945794918430986
200,0.01231827051556047,0.6401347475531314,0.3317494271590486,0.002748407714117967,0.013049147058141601
201,0.015644902080232944,0.6195100952545678,0.35274988102367866,0.002836199365983488,0.009258922275537025
202,0.008178688808504185,0.495626635521958,0.4914584781103126,0.0012348653079754949,0.003501332251249686
203,0.009192938841411933,0.4368106138798779,0.5492808026388133,0.0011590462883012398,0.003556598351595595
204,0.005838492210980813,0.34482435417697915,0.6406050205106523,0.0005786502808123788,0.008153482820575462
205,0.003293975329512162,0.21173791104404485,0.7813470593836326,0.000751838257663484,0.002869215985146864
206,0.008121816863999287,0.5122163290964505,0.4656695812810089,0.001502644036481373,0.012489628722059904
207,0.009274458453990287,0.4592487715636616,0.5229186426606084,0.00082595001977178,0.007732177301967823
208,0.006715013496934428,0.45483378308471584,0.5264913223996774,0.0006047585931105852,0.0113551224255618
209,0.008132157442533093,0.5388590150617768,0.4414474944043327,0.0004852537469878468,0.011076079344369551
210,0.00402612800069273,0.41907675021151547,0.5736759610534414,0.0004995495558319403,0.0027216111785184926
211,0.008609345532343696,0.43194785361739596,0.5523200262422141,0.0008919251628551103,0.00623084944519093
212,0.0022453635734487614,0.2017153509905847,0.7944347612437851,0.0001994620502808412,0.0014050621419005405
213,0.0069733968297307275,0.24976405413302757,0.7364030161405482,0.0012258919623449947,0.005633640934348537
214,0.003192659128969369,0.22947819080922172,0.7655193276995904,0.0004081748867867042,0.0014016474754319382
215,0.01153628204958651,0.21354166796814217,0.7705132208257243,0.0009745422465904984,0.003434286909956565
216,0.004360653499534903,0.18410621587118411,0.8094007140951482,0.00037068954773818977,0.0017617269863945116
217,0.003313208439787674,0.17276329968796872,0.8202955924178613,0.00045648770407447173,0.003171411750307935
218,0.004115737000365879,0.16615954342991895,0.825831684075665,0.0008621011919354531,0.0030309343021147437
219,0.0016493141742303997,0.13079549722892297,0.865777520157718,0.0006919228120193089,0.001085745627109384
220,0.0027233752720106476,0.1704198427804834,0.8199150045251329,0.0008376894738956523,0.006104087948477239
221,0.004933087189657519,0.18703954627556224,0.8023771231130803,0.0015005800188437697,0.004149663402856247
222,0.0029133883785166506,0.17897937764815725,0.8153406251587624,0.0006019447347430416,0.002164664079820688
223,0.003968420233734788,0.18622018319126485,0.8072172676417856,0.00041848105727147094,0.0021756478759431585
224,0.002512118366035501,0.16618145269346044,0.828912072706942,0.001044859233546306,0.0013494970000157342
225,0.006512641646111243,0.40102764863354856,0.5842151955843182,0.002573081349408653,0.005671432786613411
226,0.0036695686654840166,0.326732780011649,0.6651907358170609,0.002241878884427849,0.0021650366213782335
227,0.00648698563870049,0.378393540905207,0.6063063799031206,0.0048031333433906165,0.004009960209581308
228,0.02221290389975293,0.6602987143410443,0.29769375326176245,0.0062223931561562066,0.013572235341283894
229,0.028383274792880293,0.6959785712200262,0.26641713043063964,0.0026762000331939646,0.006544823523259874
230,0.030445635699436972,0.5585287323746235,0.40627987880189886,0.0020965317908513826,0.002649221333189293
231,0.018350458999567592,0.3962690980745671,0.5821784857284323,0.0014445853056444713,0.0017573718917883847
232,0.029681426681757588,0.5938816800837194,0.3671516291389947,0.0030752491205989557,0.0062100149749293124
233,0.01528396521008587,0.4210894798858503,0.5598847511912449,0.0011887811361269392,0.0025530225766919297
234,0.02197952562933916,0.38908532326683454,0.5844930506241455,0.0019852429674022246,0.002456857512278414
235,0.009705890727146359,0.4797583881709505,0.5079052702673978,0.000798251862706978,0.0018321989717982063
236,0.02522511755626306,0.48760459270364054,0.4820918348047641,0.0027095117025738476,0.0023689432327585985
237,0.0041872148533308685,0.2659065742999916,0.7257678564755022,0.002584369842362102,0.0015539845288133282
238,0.008939971327666572,0.3502321171688074,0.6198483963552962,0.01225390614637702,0.008725609001852713
239,0.011319649308564087,0.3033033160621212,0.6666337317726538,0.016013765633572458,0.002729537223088325
240,0.08043344050226922,0.6612383535786407,0.14222454667903592,0.09778586792819273,0.018317791311861585
241,0.11113355753945713,0.5318891254475443,0.046336394900252265,0.29718306555244123,0.013457856560305006
242,0.16288591276027237,0.689632705054018,0.019482255223241332,0.10817210209825599,0.01982702486421243
243,0.348927654681362,0.5891325722471501,0.016496125676880625,0.022066001808701968,0.023377645585905323
244,0.31555813924883197,0.5864189621523034,0.022453377963678176,0.06601439170703464,0.009555128928151888
245,0.16650557660350687,0.7516034955506188,0.027514382419247474,0.04386550651140345,0.010511038915223661
246,0.05668347014473211,0.7543747236665559,0.10741168883475641,0.07870227997199648,0.002827837381959121
247,0.035572606347055634,0.6810942467965798,0.14374127558301514,0.13264289526234022,0.006948976011009135
248,0.05632378354940344,0.6920253012476069,0.18385920890129548,0.0651490647854122,0.0026426415162818483
249,0.03915993339498394,0.7751845623454375,0.12738450632123313,0.05579603560414689,0.0024749623341983507
250,0.021797008917800655,0.47602490918784435,0.4555046092358416,0.0455452746644097,0.0011281979941036428
251,0.012284740995407115,0.5643909435380532,0.320252861399403,0.09978331664096315,0.003288137426173396
252,0.07174898781652554,0.717840694343442,0.14375324269116072,0.06435257895358337,0.0023044961952884994
253,0.021227675013986317,0.7252985270280334,0.18249413024545236,0.06798734164881019,0.002992326063717677
254,0.014967041944249122,0.8618309054293697,0.07722321071437481,0.04010737936096289,0.0058714625510434375
255,0.034895755659408646,0.8916390971061842,0.018398985529958754,0.04977021496282399,0.005295946741624819
256,0.12721960877784863,0.2648604564876031,0.008017712330764131,0.02966274606715335,0.5702394763366307
257,0.46037145431160476,0.46403749188221155,0.0021704056078912836,0.01487019433215507,0.0585504538661374
258,0.5226732851273138,0.39074719105483974,0.005569368953691688,0.04376314733634698,0.03724700752780769
259,0.47072397202631944,0.3561201091906645,0.008341745218754911,0.07025839106837982,0.09455578249588129
260,0.4855561219727815,0.31299551058259395,0.005174480772845339,0.17323896209030362,0.023034924581475682
261,0.22387227167067447,0.4917809695127656,0.031050919421119295,0.23809267562517117,0.015203163770269342
262,0.18933873688425792,0.4905056559444709,0.01751404792727211,0.27310788797762325,0.029533671266376058
263,0.11385285393580637,0.39480401040207735,0.00809337130829644,0.44686392083392923,0.03638584351989074
264,0.0972474324591985,0.15203070886111184,0.008680378396900414,0.7323887750217654,0.009652705261023966
265,0.1044979266791135,0.06972928111596167,0.0018313335388741123,0.7971409477212839,0.026800510944766823
266,0.08602630038871197,0.0862293056988419,0.0034644163311298402,0.8056290579142282,0.01865091966708815
267,0.10660194032577706,0.06655702730901408,0.001037895332748977,0.7732249136925503,0.0525782233399097
268,0.1555792016302912,0.07816320159842549,0.003583812852908077,0.6238504440274122,0.13882333989096318
269,0.11933239542017281,0.03395362448711657,0.0011344118307770328,0.6508318971017327,0.19474767116020092
270,0.12571332299997012,0.19044933956568114,0.005322143614423388,0.3243665131961519,0.35414868062377347
271,0.15900496854070628,0.07799454387720317,0.0009654518763296605,0.685022118077693,0.07701291762806789
272,0.15195661855083245,0.0615426350565201,0.00029877967283527566,0.4640918853796725,0.3221100813401395
273,0.34783674476082205,0.0961566788770413,0.0003696082031865249,0.4915965563277276,0.06404041183122249
274,0.3896436261362467,0.14150499787901274,0.004701833604151558,0.3719498519475989,0.09219969043299006
275,0.2340678698973372,0.16615858224626687,0.004212186156688985,0.503830237888419,0.091731123811288
276,0.06484639495169392,0.24683673400927755,0.0038885858149136044,0.642708465533781,0.04171981969033386
277,0.026430728200662855,0.04988618222260859,0.00026813923065716094,0.9051255901427437,0.0182893602033277
278,0.04565177576701101,0.06804514113791302,0.00038898462973452704,0.8611887552768317,0.024725343188509778
279,0.14148911321848667,0.08837458748080541,0.00023515594968423397,0.7074421994041328,0.06245894394689101
280,0.12156953429529269,0.14290449873449693,0.0015254574630013083,0.7042819571892415,0.029718552317967616
281,0.1066023523562222,0.08770856814147561,0.0002363544983499087,0.7897226974592629,0.01573002754468932
282,0.15897327563435934,0.20112317410128056,0.0016633091710635411,0.6016699449814772,0.03657029611181923
283,0.06749185962971854,0.1103405453192495,0.0012471998458061068,0.8036480445140058,0.017272350691220083
284,0.054940262600809815,0.06619567866168323,0.00045660814173099397,0.8607266149527523,0.017680835643023834
285,0.07733463319480664,0.0587850880345551,0.011065299871926478,0.1495910005259935,0.7032239783727182
286,0.1747942331509096,0.1320197554894836,0.009640106282971019,0.5675718214031203,0.11597408367351535
287,0.21176797550737228,0.1660768591485714,0.012497275102019444,0.5317231487556483,0.07793474148638863
288,0.30304222494887123,0.3291280544876768,0.017536012739768028,0.23859637496963446,0.11169733285404956
289,0.13884987568611232,0.11458799913914708,0.004176059684941769,0.5513698978836762,0.19101616760612267
290,0.13300038291842572,0.14311122840137194,0.020038918191295392,0.6201324626321852,0.08371700785672173
291,0.18999926965829306,0.2207729677584088,0.010693119180766084,0.3984103569456001,0.18012428645693193
292,0.13330433852151444,0.10942087084917092,0.006205805410220084,0.682676390064104,0.0683925951549907
293,0.10028991648263899,0.05263583181199076,0.0005291143385635366,0.7232343908531114,0.12331074651369546
294,0.10562902406186359,0.05606753336045969,0.004289099655198538,0.033818384769374696,0.8001959581531035
295,0.16522165904150155,0.05573816759912627,0.008381436596234377,0.036904225758392875,0.733754511004745
296,0.4715790827150774,0.12588280665610663,0.005831569566463304,0.11654362038203889,0.2801629206803138
297,0.41965357254687646,0.23887986157921767,0.014811753941161214,0.10869627679408189,0.21795853513866295
298,0.13041553365611028,0.26067563433137586,0.0007274358025130866,0.5468485924229567,0.061332803787043935
299,0.1306195244807623,0.11813450522274843,0.0014261935031532932,0.5994255749692512,0.15039420182408478
300,0.3342703977935709,0.1989067750958949,0.002488621488367257,0.16670070128333106,0.29763350433883595
301,0.48398742696655594,0.2939303048153454,0.014156555067112211,0.13986220057906393,0.06806351257192252
302,0.5581168027003448,0.2569632061894217,0.0033977366318017873,0.14983830369706122,0.031683950781370596
303,0.5510971762558285,0.2683649301474501,0.004945409215731126,0.12942495179618427,0.04616753258480594
304,0.3354578734824563,0.4587143757050404,0.054366173220280284,0.1330389857269864,0.018422591865236745
305,0.042911954699887636,0.1741741912266811,0.0010543442582755917,0.770864179378356,0.010995330436799648
306,0.07980568077468139,0.24512987002173553,0.011291031386078983,0.633118034053511,0.03065538376399312
307,0.07942559635986551,0.06720107451256836,0.0007667234140350527,0.8157348287222458,0.036871776991285216
308,0.024579859649932232,0.013818221408239318,5.9098966147301616e-05,0.9551566820921653,0.00638613788351574
309,0.054336861990354694,0.06402180455949352,0.0024814854204657758,0.8120287696141484,0.0671310784155376
310,0.07478766992417174,0.022488059476623235,0.00020775642974593303,0.8780700052929975,0.024446508876461555
311,0.1448958043665974,0.05207555973508796,0.0003963104759091929,0.7212820780618241,0.08135024736058134
312,0.04110611152804794,0.019278352338638543,4.456882275510369e-05,0.9314131786992924,0.008157788611265942
313,0.0710044523981638,0.057105051836589385,8.781279968085216e-05,0.8628915794304964,0.008911103535069595
314,0.23200234691968188,0.17428719823026578,0.0007239635600054548,0.5365384989082794,0.056447992381767544
315,0.14707168551014765,0.09310051088597406,0.0008296613359436388,0.7179815717945346,0.04101657047340003
316,0.35925976208304816,0.13555019793524017,0.006989005610094335,0.36722698762427985,0.13097404674733729
317,0.1337375167070712,0.20591124331594995,0.0789989258699208,0.07146823917877987,0.5098840749282781
318,0.4577785983260366,0.32562894037890067,0.08238123744663342,0.05918944259654976,0.07502178125187954
319,0.3849874057588571,0.3354723997168152,0.10250353195808039,0.01784840357145088,0.15918825899479644
320,0.3299377978756118,0.5199373391640275,0.11521480209588035,0.0027284043609041683,0.03218165650357621
321,0.12090105084993741,0.7450104827444032,0.11298984169985296,0.005327275527127281,0.015771349178679325
322,0.04094034353564306,0.8592959817273609,0.07391416141195502,0.00495761050580322,0.020891902819237754
323,0.03396142952204113,0.9118871839643367,0.03915214370784064,0.002739514372369669,0.012259728433411912
324,0.059259496151877394,0.8736135151328385,0.033135427895322374,0.003306710327514169,0.03068485049244746
325,0.024928276309694176,0.812157417752267,0.14522868325613555,0.0008372329617494927,0.01684838972015378
326,0.018488703100136557,0.652757288618152,0.22696757793002262,0.0005609588325921809,0.10122547151909662
327,0.04440464029145136,0.5005257776644688,0.2835938597377676,0.000935391867339449,0.17054033043897285
328,0.0488486193072018,0.5269880501943198,0.3914346484710997,0.0008386896266293916,0.031889992400749134
329,0.012315279192369714,0.4395141505902609,0.5038550203608488,0.0011387019706861588,0.04317684788583443
330,0.018472273314746154,0.4458744172572671,0.4930313906381422,0.0011746908808616312,0.04144722790898301
331,0.029781249197117658,0.4929054831639084,0.3849799782364661,0.0009373444766385147,0.09139594492586921
332,0.06036697626609868,0.6759827631932083,0.21386218637271304,0.0010954451748785158,0.048692628993101346
333,0.043116191293390164,0.40497438805790376,0.5331744977600519,0.0007719051104758424,0.017963017778178342
334,0.060407293981456035,0.4591655625836754,0.44168152571398817,0.0011174381503159124,0.03762817957056445
335,0.023256999866232884,0.3592291722608764,0.5580746457267478,0.000694646952031128,0.05874453519411171
336,0.01826101419204403,0.3735925673248764,0.5949307167967853,0.0005583271846851984,0.012657374501608943
337,0.006042274995980849,0.26328895763809207,0.7161396473690569,0.0007988716074925627,0.01373024838937756
338,0.00491739640162605,0.21535602491002212,0.7651154222524658,0.00046748225684094865,0.014143674179045074
339,0.0025436541819319866,0.132646530227081,0.8596654841472772,0.0003848421957926616,0.0047594892479171326
340,0.0025566944627046454,0.09983318560545765,0.8932877587582899,0.0003512793611433871,0.003971081812404439
341,0.0014059916265095336,0.08931176246698178,0.9010355214982352,0.0006438122012933519,0.007602912206980109
342,0.002003686680328277,0.10110010824220529,0.8826415505042849,0.0007241762835840638,0.013530478289597428
343,0.0023207280175311018,0.11348474496525592,0.8717543482871911,0.0003774213546277609,0.012062757375393989
344,0.002727783491053198,0.13150982219045015,0.8534080302770416,0.0007468563979570445,0.011607507643497902
345,0.0026420239621350273,0.15094933400100213,0.823067618943407,0.0015034019414323977,0.021837621152023454
346,0.005285841968757247,0.210073393454967,0.7704396227547969,0.0014296633007672174,0.01277147852071159
347,0.0026458679942744775,0.140827489036991,0.8480701888638646,0.0011627645141060554,0.0072936895907637815
348,0.08165902985175885,0.3994912317691555,0.3500516392330104,0.011057460722413521,0.15774063842366157
349,0.03136163069533879,0.3458437859489768,0.5931724593590129,0.002772104710014828,0.026850019286656725
350,0.03967410100726316,0.5200828958303098,0.41112176147940027,0.006313213086131968,0.022808028596894916
351,0.030024020835176395,0.4813949075595685,0.47020880470875,0.002199512627181469,0.016172754269323582
352,0.016813713219676823,0.3203529940748134,0.6559761898689086,0.0012194985135983384,0.00563760432300289
353,0.00613552719310314,0.23312781009538025,0.7551669504267319,0.0009360682090158577,0.004633644075768753
354,0.007650585998294643,0.3089775657223439,0.6746943687295927,0.0006843630475214432,0.00799311650224727
355,0.0019169825977989835,0.09664922709713429,0.895114157273664,0.001286049094261085,0.005033583937141566
356,0.0028524567972427663,0.11839384104655869,0.8674243727080384,0.0004066193634453872,0.01092271008471465
357,0.0029646181980358672,0.09385252576201775,0.8882902507570952,0.0002936871182626417,0.014598918164588493
358,0.0015413550080089675,0.08300075577236145,0.9118716109255682,0.00014690928508942906,0.003439369008971804
359,0.0009347734706707676,0.05395818431323094,0.9426534248330156,0.00024229300502077474,0.0022113243780617665
360,0.0022465981716422536,0.11673124162503919,0.8681384652875227,0.0004542353821652323,0.012429459533630555
361,0.0012191779662309129,0.06815035402319726,0.9276933464879513,0.00025586108333103806,0.0026812604392894967
362,0.0009035389533040025,0.0627767169725745,0.9338794184741648,0.000318107341816353,0.0021222182581402812
363,0.0031242117054349028,0.1333562706599491,0.8551381430274719,0.0005690108834127616,0.00781236372373132
364,0.0015710799406082763,0.10650495004569636,0.8851718788932371,0.00044177867551997485,0.0063103124449382444
365,0.0022898653789544202,0.06701882576321407,0.9258940315232149,0.0004890439236492227,0.004308233410967398
366,0.002880906263766633,0.10377740610768811,0.8886005607791417,0.0005391520548212535,0.004201974794582364
367,0.0024611323839673687,0.10549866727535871,0.8880840497589063,0.0003702347014665423,0.0035859158803012822
368,0.000571731079735104,0.02852728095923541,0.9691237204161534,0.00037709965589401205,0.0014001678889823085
369,0.0009707613391614908,0.06037888556861849,0.9359365299683265,0.00011815145877487238,0.002595671665118574
370,0.00038632557876921774,0.03506848812313024,0.9633512793278906,0.00029365702074267815,0.0009002499494672954
371,0.0003473659793209278,0.028030954631579303,0.968422810516826,0.00032545897195614094,0.002873409900317377
372,0.0004120685999770896,0.02970507077899774,0.9683432570621983,0.00020801113004495682,0.0013315924287819368
373,0.000925767344180979,0.043858028028522754,0.9521528838487964,0.00022582182876603615,0.002837498949733855
374,0.0007709386894953126,0.035569639795729115,0.9603461478635411,0.00026240351649906864,0.0030508701347354366
375,0.0008157671023276519,0.0398412990814288,0.9531261092778114,0.00036539437776663254,0.0058514301606655455
376,0.00044505641851199187,0.03051425075499382,0.9668824765077398,0.00015547286301019508,0.002002743455744154
377,0.000372525779823573,0.027406224652027175,0.9699513431948389,0.000146024352200617,0.0021238820211097334
378,0.0004122639230312252,0.031845236173020645,0.965553226381758,0.00014913955566987723,0.0020401339665203494
379,0.0008941074308930875,0.02878906245628295,0.9650311356505381,0.0005883923567652921,0.004697302105520367
