epoch,N1,N2,N3,R,W
0,0.00026259307955590026,9.972683984828217e-06,0.0,4.498144887735183e-05,0.9996824527875819
1,0.00017464011272384417,1.2049634589335284e-05,2.8938330722388678e-08,1.7557410010320805e-05,0.9997957239043458
2,0.00016491485756708332,4.6377091886184595e-05,6.466055804604915e-06,2.636818580975265e-05,0.9997558738089325
3,0.00011850793407708317,4.0854641339154945e-05,4.226305139956257e-08,6.68122287325358e-06,0.9998339139386591
4,0.00026965550187037565,3.275887809749906e-05,2.1228918110538334e-07,1.0573163975809863e-05,0.9996868001668752
5,0.0016313264641336911,8.227241628256961e-05,1.2721530650578949e-06,2.9934996961060265e-05,0.9982551939695576
6,0.0016272968926815076,0.00039817425715908043,3.072058613383274e-06,7.761592206153587e-05,0.9978938408694845
7,2.815079725391629e-05,1.230071933836298e-05,9.504006203019343e-07,7.748694021169844e-05,0.9998811111425758
8,9.372459185194305e-05,8.440825989949971e-06,9.231024153033544e-08,4.8393518395558985e-05,0.999849348753521
9,8.763197741342543e-05,8.078871913147188e-06,1.0942883053605012e-07,0.00021172285474191783,0.999692456867101
10,0.00010014951761356032,6.728760659123251e-06,8.627721042863759e-08,5.314435896545188e-05,0.9998398910855514
11,0.0008335875348441497,5.249687255019017e-05,2.0787007060773124e-06,0.00011257536634124854,0.9989992615255584
12,0.0010951847471779464,3.571898186009314e-05,1.0029908189254353e-09,0.00035620837754320357,0.9985128868904279
13,0.012126750974286934,0.00015344027328370388,8.128319725258167e-07,0.0001829515877457144,0.9875360443327111
14,0.0666159263464361,0.0005506427027571889,2.22405526574605e-06,0.00045307704214659077,0.9323781298533944
15,0.29252721157284517,0.049872876874464726,5.993629329977831e-06,0.004969255255213946,0.6526246626681462
16,0.4383339176133848,0.16838076448524283,2.9603479447858216e-05,0.04864530425534145,0.34461041016658317
17,0.18462623938812014,0.6357129381199229,0.00029784120460667445,0.034231540165809114,0.14513144112154122
18,0.14691873617618356,0.6024268790457816,0.00019700803236748552,0.07350280802767088,0.1769545687179964
19,0.11967782537209044,0.501797445475365,0.00041179986780641935,0.21909352905432597,0.15901940023041217
20,0.13970605913294612,0.580626688644219,0.0008318139843647192,0.08455734678992943,0.1942780914485407
21,0.025159489303047913,0.00790955514695986,3.448576447988272e-05,0.005374418929261702,0.9615220508562506
22,0.3925021931963052,0.12077194257865127,4.21308177143667e-05,0.0999788180534908,0.38670491535383844
23,0.1660002788325245,0.5749892847088287,0.00014717604568200871,0.034207703378307475,0.22465555703465734
24,0.3116923000252036,0.4511448281807863,0.000128104923746599,0.053970853472282046,0.1830639133979816
25,0.11026687238817875,0.54265243877271,0.00017342286922033935,0.11157363812016417,0.23533362784972686
26,0.014254955634792094,0.004895998662131982,9.28788711656123e-06,0.006055867908793054,0.9747838899071662
27,0.31792206793178474,0.3848664191848171,3.961197419313556e-05,0.06040851129462217,0.23676338961458293
28,0.34453776495527716,0.23757501667053688,0.00010823773436634055,0.01820421537722637,0.39957476526259333
29,0.5731110213831575,0.3106497957440591,3.9355090699292374e-05,0.009444609267850339,0.10675521851423381
30,0.23555332656939423,0.6595451076568027,0.0001696665838072549,0.007376255879213643,0.09735564331078222
31,0.09716532306788145,0.8486391546900558,0.0010438449148625567,0.014069247987315188,0.03908242933988516
32,0.02530414225262277,0.9353232829095605,0.002328380521377606,0.004161595696691058,0.032882598619748064
33,0.0682359970825016,0.83486430135424,0.001959335323925882,0.03800009909705364,0.056940267142279045
34,0.03549270371147799,0.9189938935949281,0.0063540457028858814,0.009957200889405535,0.02920215610130247
35,0.043691708629709954,0.8558019789258452,0.0009235780076346194,0.043294456612733796,0.05628827782407628
36,0.017720470816131165,0.8984264688954163,0.0365949863107303,0.005666090887927201,0.041591983089795045
37,0.019891072595025577,0.8196481606180207,0.06209066398454953,0.0078013350794391935,0.09056876772296511
38,0.004518139439459228,0.0047286221233257915,0.00020295088352304729,0.0005305622980476672,0.9900197252556442
39,0.026243769462364418,0.0021558085267745566,2.3258056880546954e-05,0.0023566022622234224,0.9692205616917571
40,0.2858960314225719,0.022410179885872603,3.326152256360418e-05,0.00445734247544866,0.6872031846935432
41,0.16315299147891102,0.005244967773454882,1.2537594405853906e-05,0.0013229367256595984,0.8302665664275686
42,0.6970560463663886,0.07693868520755989,2.72804168177985e-05,0.007432574667064754,0.21854541334216895
43,0.4544643057326492,0.4408413072773856,0.00018090779699549535,0.005269964339030895,0.09924351485393888
44,0.44325382254237083,0.5126889077473468,0.0003686352023518399,0.005974909332276174,0.03771372517565439
45,0.313011701111671,0.5068613793158009,0.0006419189264835405,0.1141364717026696,0.065348528943375
46,0.08111124154297156,0.82877475532912,0.00272784606906272,0.017539661477056236,0.06984649558178946
47,0.051227310902109156,0.8898692703525399,0.014961138267356832,0.012991728876109014,0.03095055160188513
48,0.030759418577606137,0.8651182062504146,0.06595497949524731,0.001691386071727101,0.03647600960500488
49,0.03854769119444614,0.9178236727242164,0.015748217631174462,0.0008170318939302328,0.027063386556232943
50,0.03589294608837576,0.6743240240123968,0.24406389999488684,0.000860482138577856,0.04485864776576287
51,0.028201541768426236,0.7310822164559297,0.2135490696957074,0.0006464033536607326,0.026520768726275925
52,0.01812985102349099,0.6128524048739282,0.32711420349385334,0.00045875106096879915,0.04144478954775866
53,0.017685216850199012,0.8175032376851702,0.14851234827617874,0.00023644344776000846,0.016062753740692017
54,0.027866319932124173,0.5347829225944648,0.4024492800385431,0.00036359738725050565,0.034537880047617445
55,0.010220481028367225,0.2531619814390335,0.7194710385085554,7.7842018010711e-05,0.017068657006033147
56,0.012395117991331509,0.5422840635021207,0.42300019306284375,0.00023978005741392625,0.02208084538629006
57,0.018841922117254415,0.6440778247771298,0.31078395653555535,0.00017957191788979133,0.026116724652170537
58,0.007222476131537569,0.3333112325294922,0.6056837917777101,0.00014243099009931875,0.0536400685711608
59,0.005095764279960343,0.33638784966856466,0.5821473647213947,7.943938757597984e-05,0.07628958194250436
60,0.003504386513594564,0.13321991262654476,0.8326970109577907,3.7260164625422004e-05,0.030541429737444604
61,0.012128989987979847,0.6785042569161631,0.24104593783204334,0.0012114878130732348,0.06710932745074047
62,0.004308093426876822,0.28977220146211186,0.6863071987706222,0.0006013140411416913,0.01901119229924755
63,0.0017531028717108798,0.07556307979358119,0.8982437648863444,4.834635309409721e-05,0.024391706095269406
64,0.0012082451737676731,0.1607033713834328,0.8270841230135092,4.105040851583807e-05,0.01096321002077456
65,0.0017366237041313707,0.11391932911364364,0.868709011542881,3.956158938289065e-05,0.015595474049961111
66,0.001113010936731556,0.07970924320598163,0.9068489544139969,2.386954272672716e-05,0.012304921900563273
67,0.0038565443481092675,0.237663844161316,0.7440070961969769,4.106018228288141e-05,0.014431455111315012
68,0.0032126002674447082,0.13484534333159773,0.8411369678376924,2.6367181633667637e-05,0.020778721381631508
69,0.001768570111134378,0.11277914817483374,0.871009283862147,2.9684762968099468e-05,0.014413313088916715
70,0.0028491244935741154,0.12162486337608894,0.8472772728129511,4.629764413811547e-05,0.02820244167324788
71,0.002472092240332525,0.1199501424656666,0.8356233167150848,6.196855293026723e-05,0.04189248002598573
72,0.0050553308443249565,0.23316510963198434,0.7292638101023521,0.00012556953370404037,0.03239017988763464
73,0.005785247267461048,0.34569391336916916,0.6280418809347629,0.0008203748846084382,0.019658583543998364
74,0.0029628228074326914,0.09048169057394034,0.8881280082799461,6.832290404648856e-05,0.018359155434634643
75,0.0020227830739355137,0.06318008503309427,0.9213146820019846,3.719082825945828e-05,0.01344525906272626
76,0.0020098540569931872,0.09432918887126941,0.8833740200965512,6.980444417657108e-05,0.020217132531009766
77,0.003879996853152713,0.1796874350110774,0.7784339345271312,0.00012434518212785318,0.03787428842651093
78,0.0052306350727726264,0.46828471365571256,0.5041240963978295,0.00012631764638682206,0.02223423722729853
79,0.00363987469601427,0.12492669727885249,0.8363696491849173,0.00012666208992891863,0.03493711675028703
80,0.0046077110181496515,0.21830950436532906,0.7330852876329247,0.0002900646507739323,0.04370743233282263
81,0.0018241214280953176,0.10498962200147326,0.8805119513913315,0.00022191090249731223,0.01245239427660269
82,0.005110769544988764,0.1000161258685852,0.8728531339473589,0.00037881404061986586,0.02164115659844737
83,0.0030981529642439914,0.10557365597554898,0.8619763822082195,0.0002055788640875301,0.029146229987899997
84,0.007129502328316957,0.1522996296195029,0.7926685848496456,0.0007640829198843247,0.047138200282650373
85,0.09817991204353105,0.5724602983566894,0.10108686714124585,0.009630480810096948,0.2186424416484367
86,0.15055864235780458,0.6301186834948156,0.026334543370840825,0.012007449066814828,0.18098068170972423
87,0.04499266756570347,0.11086517491769216,0.005936572236044142,0.006078147417884101,0.8321274378626762
88,0.02085701523636184,0.02710041265239106,0.0002967448496376491,0.0005332998367863772,0.951212527424823
89,0.7093075165811276,0.19366648564787495,0.0001808271322383385,0.002846387507851689,0.09399878313090756
90,0.44888169674779566,0.46122485965618726,0.0003782891932617906,0.0008112076089449779,0.08870394679381034
91,0.2906566158283823,0.6625337896792051,0.00022977486878794572,0.0013930970962521797,0.04518672252737253
92,0.25973507811618024,0.5870947880297166,0.0003915459559417006,0.008475868015874995,0.14430271988228632
93,0.16596053094392074,0.7457092233351769,0.0004706603122476231,0.04975506055551526,0.03810452485313966
94,0.03420098199531328,0.9187190676235621,0.00281095279764541,0.006175301611998595,0.03809369597148055
95,0.03171081002300302,0.8937977633835603,0.007822920205183803,0.01618558711456674,0.0504829192736862
96,0.026624621287835968,0.8187131780107076,0.046415092906645396,0.012731943342995803,0.09551516445181532
97,0.1909509320267096,0.32568574396111094,0.0037067173255379226,0.017186011354182157,0.4624705953324593
98,0.11660139792990874,0.030981950638635323,0.00010272560975776242,0.004338093232605432,0.8479758325890927
99,0.006605202034806101,0.0008994153269698294,7.798076952600656e-06,0.0005535729982860175,0.9919340115629854
100,0.3241476653441969,0.05807671571518846,1.711143309189095e-05,0.004507968331166413,0.6132505391763563
101,0.40954167488285914,0.3678004914276031,3.9089043584087604e-05,0.0018362314770844956,0.2207825131688692
102,0.5462594913327101,0.2762978918215761,0.0009361345783244615,0.006752603868660661,0.16975387839872846
103,0.18734431729960999,0.5344374589957532,0.0007253959772303343,0.17091481086799293,0.1065780168594136
104,0.1477439596049522,0.13931390114584952,0.0003296028100913859,0.19212434039114593,0.5204881960479609
105,0.12049231478589481,0.6018899674211632,0.0037290684039383085,0.05684969434221786,0.2170389550467859
106,0.07438866623427598,0.641076660178126,0.0017838297642283401,0.0333172421417399,0.24943360168162973
107,0.09517822539827266,0.7457666530545285,0.0005689905681650314,0.04143094738166009,0.11705518359737367
108,0.062008530230481,0.680042161843511,0.0034984757997566568,0.03513237071028292,0.21931846141596853
109,0.17268127734171854,0.2958890075837618,0.00033325926658476037,0.05571172034822342,0.47538473545971144
110,0.2854048652697516,0.05070418851592889,3.505100321328492e-05,0.02762867287366003,0.6362272223374462
111,0.241249307468352,0.3785475975117588,4.287450858101646e-05,0.011906354624735398,0.3682538658865728
112,0.29159156987488605,0.4537799045843328,0.00012971823471867518,0.016800772138034256,0.2376980351680283
113,0.231785327928912,0.11342986808054148,9.678289641067932e-05,0.006008893883810348,0.6486791272103254
114,0.19752871453958878,0.6732523690506438,0.0001989698403397411,0.01943814546500388,0.10958180110442367
115,0.5169467391452063,0.1858600870213237,0.00017861484583470158,0.013858300190570105,0.28315625879706524
116,0.3448546355355297,0.5839543597267716,0.00011703648018504423,0.00444804650156682,0.06662592175594695
117,0.07859377043683297,0.8860199808693832,0.0019702916871014303,0.0018650235279390529,0.03155093347874327
118,0.21302703562369918,0.7305184857840973,0.00029929746282210526,0.00525736982828418,0.05089781130109741
119,0.02068943561965206,0.9541905797358001,0.0023066105795764877,0.00842573002472184,0.014387644040249566
120,0.01722658929303133,0.9574139937575622,0.005725176737540442,0.008594154452592467,0.011040085759273621
121,0.07765582545898471,0.30969283822771754,0.0021074003502509608,0.003624924717803524,0.6069190112452433
122,0.4063024478265807,0.21585675402450996,0.0002066466728771667,0.02842124561165544,0.34921290586437664
123,0.10886535270841356,0.8423639932669982,0.0011437507332558163,0.006214358155291105,0.04141254513604138
124,0.08284887417058767,0.8720089991649962,0.003099923697679382,0.0028641456499824435,0.039178057316754306
125,0.03492278346871388,0.9447699236960713,0.0016320155414368046,0.011031886811559088,0.007643390482219094
126,0.15319011399812213,0.3013851290142107,0.0010779429057516054,0.016823000441690432,0.5275238136402252
127,0.25266706507193193,0.6552625195751468,0.0006957512368104744,0.01788756527255875,0.07348709884355192
128,0.11744696569952039,0.8298571266744724,0.0012011102613804453,0.022233717011559934,0.02926108035306694
129,0.1431968077674168,0.7391073634348921,0.0012220541974909053,0.007121899269425862,0.10935187533077431
130,0.12872180589906573,0.1747236961215695,0.0008196224501542019,0.007003125725138523,0.688731749804072
131,0.15532717307069543,0.754868560273073,0.0003881294123648899,0.020472030630437784,0.0689441066134289
132,0.4240301191233446,0.40140210004454796,0.00036424777610808665,0.07124500513755785,0.10295852791844148
133,0.15950601474818393,0.11088051964582472,0.00041278634543708513,0.005540064431813226,0.7236606148287411
134,0.25912300164739777,0.62847873828897,0.0003955689121733893,0.026447641005977258,0.08555505014548133
135,0.07082728514949023,0.023975939923946463,5.712593716129253e-05,0.007038824966292275,0.8981008240231098
136,0.6161603795198238,0.19317129378911738,7.767413546200566e-05,0.039732453055601274,0.15085819949999563
137,0.22222344955099652,0.4617031000023772,0.00011518130905702218,0.019110476628591947,0.2968477925089774
138,0.3361000821645351,0.5889980485888979,0.00020438565197470918,0.014662831562243126,0.06003465203234931
139,0.30298634479428493,0.4419932765602493,0.0006668740277065918,0.009296185802188129,0.24505731881557105
140,0.22647888448776493,0.6918170670284325,0.0003486128112006989,0.0071861359589237275,0.07416929971367835
141,0.09427051735941006,0.8774787697297269,0.002039033623801694,0.006016722047666438,0.020194957239394934
142,0.4191950977637105,0.33439335928877106,0.0013039531321154011,0.0032968252557921958,0.2418107645596108
143,0.04617083913445784,0.9335619394599682,0.006140254231143218,0.001595408065288111,0.012531559109142484
144,0.026727618876678225,0.9454559726316691,0.0149701259924626,0.001911713512894435,0.010934568986295546
145,0.0183400291781082,0.8783614379199082,0.09437645285985814,0.0010948352480787658,0.007827244794046988
146,0.11396065943104475,0.4696252064095725,0.026349884180226126,0.003721015903122489,0.3863432340760343
147,0.13490658574078096,0.8085934225061773,0.002225889749733642,0.005015196114214989,0.04925890588909329
148,0.035400784976203845,0.9137151497494491,0.016781927580416228,0.0009668343662119296,0.03313530332771908
149,0.04030496878620851,0.9370585047059746,0.004185338175730185,0.0010928939716020561,0.017358294360484774
150,0.015634367419095345,0.974248024210119,0.003599269048017826,0.001786741226163626,0.004731598096604036
151,0.02778848307234953,0.9501394409597143,0.009840328279335791,0.0054779474118948,0.00675380027670583
152,0.03244738692430541,0.8482101099721201,0.1017762239063953,0.004191137207521062,0.013375141989658312
153,0.03613680902663265,0.518165879851685,0.41167978127755034,0.011307525068046253,0.02271000477608582
154,0.16356236064082783,0.17021884015302835,0.0030263854756493393,0.013280040430758673,0.6499123732997357
155,0.02537599191632748,0.030235678499404502,0.0003699413043513312,0.0010827143335193812,0.9429356739463974
156,0.36276667629977055,0.5166630776598597,0.00020822668964162925,0.011904304656673234,0.10845771469405494
157,0.19056227666092845,0.04769222939912638,0.0007313327636161903,0.001087898718483944,0.759926262457845
158,0.24134438488923635,0.6593423030124598,0.0066729756884677865,0.0020156202763161437,0.09062471613352002
159,0.03648412883832947,0.833611495086402,0.08077213588910868,0.0069550402651425884,0.042177199921017275
160,0.20719727680889383,0.6442927215274862,0.0027522362974941915,0.0193169787091252,0.12644078665700054
161,0.059664490978189266,0.8051494604641797,0.002845060620856612,0.0825313684028686,0.049809619533905995
162,0.11095042949230473,0.38942009301347297,0.000219738243740756,0.39557811676219784,0.10383162248828366
163,0.10976510019707697,0.4783597215038061,0.0002754776911913743,0.24339075966931734,0.16820894093860825
164,0.10173669194200421,0.2909974024042363,0.00017514773084848634,0.543021219406782,0.06406953851612894
165,0.08025880558332624,0.18433014287691493,0.00011372154521567899,0.6622481687192231,0.07304916127532009
166,0.059497825828904095,0.13891048222993765,0.0001042119144422383,0.7792927952986887,0.022194684728027384
167,0.05100321033302109,0.08368620448868348,5.220894977273768e-05,0.8023358208059292,0.06292255542259341
168,0.06195768319616846,0.04244947137997287,3.354799803549395e-05,0.665140206222533,0.23041909120329016
169,0.08527471896540138,0.05167292620546572,6.516185840247461e-05,0.6020452357043706,0.26094195726635977
170,0.07303863289186897,0.019229772790393267,3.587819216897355e-05,0.5759005825696664,0.3317951335559023
171,0.0871064047481459,0.02687058337564176,9.989068674702266e-05,0.5810652798413928,0.3048578413480725
172,0.08410564305554026,0.025523115890328983,5.290850997388477e-05,0.5967084027716955,0.2936099297724615
173,0.09201332884052689,0.01805607038707828,0.00014198502690918277,0.4475171460209008,0.44227146972458486
174,0.10745130372932624,0.02130962752085751,8.427463132475613e-05,0.5318631114443662,0.3392916826741253
175,0.09966989517426943,0.02070150451567518,7.812884471534118e-05,0.45500495115709955,0.42454552030824044
176,0.31323027203591514,0.0328390663024117,4.53477187927836e-05,0.4628922138917783,0.190993100051102
177,0.17745870352151433,0.056192915358721035,0.00010791798409657742,0.4778767689993163,0.28836369413635177
178,0.15548248213309226,0.033444230640618765,0.00011389217426522225,0.6011895250165556,0.20976987003546801
179,0.1084826645477909,0.02097077078583479,1.131521613268845e-05,0.8185540749727848,0.051981174477456885
180,0.07804767327356912,0.016113983119223966,2.1983286567600537e-05,0.45637567539599344,0.4494406849246459
181,0.257893634869046,0.019212183125924077,6.075073306817621e-05,0.550863315261091,0.17197011601087073
182,0.1988275320544729,0.05664199627661224,8.68225243095051e-05,0.48865238908477016,0.25579126005983527
183,0.1432674999825623,0.034582374902815585,3.591508351167799e-05,0.5744222818236551,0.24769192820745536
184,0.03884934352617996,0.019791480319964465,2.7859126357993725e-05,0.6220427359776263,0.31928858104987146
185,0.13848506921754034,0.018425338434265838,2.329822624493154e-05,0.6829091025184958,0.16015719160345315
186,0.08804822178532366,0.008499539036222827,1.1996774503406426e-05,0.8284079976192439,0.07503224478470634
187,0.047160334699076066,0.012270601051700922,4.149073572565888e-05,0.7678561886770994,0.172671384836398
188,0.01672102937130916,0.010669769309073549,3.6743197089958696e-05,0.8441367737110671,0.12843568441146003
189,0.015609102117120893,0.005859168845175935,8.528389789919577e-05,0.7909267180268617,0.1875197271129424
190,0.025258787864951338,0.01182774530709953,0.00012374575180223633,0.46633856960964426,0.4964511514665026
191,0.019513179852631162,0.00266871033865566,5.472330057846732e-05,0.2944940888769693,0.6832692976311655
192,0.021578837769921252,0.0034339178615829754,6.027771928963097e-05,0.5711283840582558,0.4037985825909503
193,0.013246243587943372,0.005948509849663183,2.9439059823572217e-05,0.32157560648342065,0.6592002010191492
194,0.021228145649803375,0.006869181052006869,2.8897663385114014e-05,0.3126606920691424,0.6592130835656623
195,0.040951242448182185,0.016975219151578264,5.706256691364761e-05,0.16575775545343313,0.7762587203798927
196,0.0052831582014068405,0.0034686018393007296,0.00024342013053534672,0.005422695761859012,0.985582124066898
197,0.06521481684041536,0.006571895565565567,2.7024309384968322e-05,0.022166537920290018,0.906019725364344
198,0.2077568951233385,0.023673760659290038,5.227756670497145e-05,0.10068062731194538,0.667836439338721
199,0.23584453856386178,0.05735463629998777,6.985697196680704e-05,0.12845118410956546,0.5782797840546182
200,0.24670398086749643,0.05915208829929983,1.175680112739074e-05,0.4100961670249766,0.2840360070070997
201,0.03648195605217875,0.0060205691304978425,5.0963673009719595e-05,0.16753777166758435,0.7899087394767293
202,0.009589740546642408,0.0017126581273548486,2.785891052355953e-05,0.030994659653301896,0.9576750827621772
203,0.1294225811277889,0.004046759942801087,1.282469323804224e-05,0.04641926052992744,0.8200985737062446
204,0.07775180583720673,0.006460973773711241,1.4600964045964003e-05,0.04410169979561124,0.8716709196294248
205,0.17102159710801784,0.013119336740686084,1.3280859447012014e-05,0.036999565280413524,0.7788462200114356
206,0.5010814050905052,0.0734341648975545,1.9200207813385826e-05,0.07344081647269107,0.3520244133314358
207,0.28844098481396296,0.31330155427504847,0.0001288794125345789,0.22811405693200482,0.17001452456644914
208,0.14014183010482512,0.05820930957217056,6.895990655706515e-05,0.11622961430262979,0.6853502861138174
209,0.3757646587444028,0.23101699993229094,0.00023798908702731952,0.31319681588073744,0.07978353635554142
210,0.1802762149173861,0.4074377756865428,0.00015344475441653605,0.3685636583257948,0.04356890631585975
211,0.1074082761146765,0.7872908951141075,0.0030112824053278035,0.05962631664407501,0.04266322972181311
212,0.19078866469181152,0.6233174355239256,0.0007615147481227367,0.10094374659953843,0.08418863843660176
213,0.10113290344237016,0.7992959460706294,0.00807596080442292,0.024390130942946085,0.06710505873963168
214,0.33699439922132846,0.5786015002801708,0.0012706229361190164,0.03002262006426035,0.0531108574981214
215,0.07675518939105434,0.9034838235408933,0.001139458111830377,0.004222667868908257,0.01439886108731384
216,0.012428640049501742,0.9770097259311906,0.0031413124021274423,0.0013419491265023052,0.0060783724906777305
217,0.01082638478353561,0.9697393215650635,0.0124289282059517,0.0013004242413978775,0.005704941204051346
218,0.00970077582586241,0.9745435623788369,0.006162704852741924,0.002958280527916651,0.006634676414642144
219,0.009287700961491053,0.873448265363785,0.10439971925634238,0.003390602065226392,0.009473712353155223
220,0.019246925783256725,0.9332747915705181,0.019252811237547372,0.006522257395613548,0.02170321401306452
221,0.03825987605792407,0.8810243315570185,0.015791979549631616,0.020536816119254005,0.04438699671617198
222,0.01597494308822756,0.045681296560997155,0.008412017399711567,0.0019268187709680015,0.9280049241800956
223,0.021903880272446077,0.006751311233067383,8.228078004278154e-05,0.0030902846623058165,0.9681722430521379
224,0.24416621045757897,0.18024785522487094,0.0004987857622737447,0.003682675098286718,0.5714044734569896
225,0.0822943561621071,0.20118823994065643,0.0010178999421300646,0.0011799648258724554,0.714319539129234
226,0.25757788906781415,0.3082062814123183,0.0002007857660770291,0.002160988521290879,0.4318540552324997
227,0.27863591405439886,0.6501716671846823,0.0003992671784792928,0.013835236363040281,0.056957915219399295
228,0.10729899773836565,0.8503179989549468,0.0016685208039165806,0.009249857223557324,0.03146462527921367
229,0.11514639037772785,0.855702105963967,0.0011824409637152642,0.00923212598697034,0.018736936707619625
230,0.04465061169091065,0.9351675135347691,0.005450924849446283,0.006842303905537521,0.00788864601933648
231,0.054260650570223154,0.9244209204198742,0.00269605787963725,0.008388186768300002,0.01023418436196546
232,0.01568381932912571,0.9320268599084123,0.0404925495647925,0.001280392917175517,0.010516378280494008
233,0.03158117470546413,0.9481421875268574,0.007850663550999518,0.0046501687498696435,0.007775805466809266
234,0.015424190847911632,0.9457748097242908,0.028848463045070036,0.00211403626337033,0.007838500119356889
235,0.014288533832762866,0.9425267850400367,0.03268381946774948,0.003329964046901341,0.007170897612549529
236,0.022642550085399612,0.9361297718821306,0.022144350602499616,0.006608040344810057,0.012475287085159964
237,0.01475384006239434,0.8529458312674888,0.1083127293338372,0.00540798262832626,0.018579616707953585
238,0.01823073706188511,0.8295246640210295,0.1295100577892789,0.008714973626661833,0.014019567501144494
239,0.07233927589160798,0.35975701070755084,0.008336352050078115,0.05967941993226415,0.499887941418499
240,0.06566199348791689,0.8633295189814107,0.0033754475341886045,0.018351528421026102,0.049281511575457716
241,0.07557521374976577,0.8171088280140703,0.012604695766811702,0.007465993139189919,0.08724526933016226
242,0.0876970412817586,0.8833379692696511,0.001620189666818287,0.0068942022925398095,0.020450597489232055
243,0.02324085515913418,0.9416030358252305,0.005643832704792654,0.0026257753439203465,0.026886500966922435
244,0.060178134133478486,0.8502747312396827,0.00885270776623805,0.020578737610446,0.06011568925015504
245,0.02264372640184557,0.07764797285954818,0.007344479142667388,0.005936015619124694,0.8864278059768141
246,0.04749750665511666,0.042514072372675876,0.00024046353023551728,0.005466268285901767,0.9042816891560702
247,0.1217161245843343,0.5564153915078105,0.00042183230748892817,0.02528182003811716,0.296164831562249
248,0.25807438284851614,0.1962536729434264,0.0003046389579256852,0.015754159684980545,0.5296131455651513
249,0.5730658219500391,0.2282126525839268,5.5455017022430046e-05,0.06667962632530108,0.1319864441237105
250,0.4354756549571552,0.24490520179024095,0.00025026887477938803,0.04600334720862597,0.2733655271691985
251,0.31016403429319905,0.5121551174964111,0.00014931787427515826,0.03285271609869994,0.14467881423741474
252,0.522691856821082,0.12975044880086398,0.00010402012341686113,0.014693474660764073,0.33276019959387315
253,0.13719938621153316,0.8320233148049123,0.010964962190467296,0.0021791197136297796,0.017633217079457416
254,0.13086334277683834,0.8461023418937388,0.0015120162049737376,0.006593621946029337,0.014928677178419668
255,0.060035734784860045,0.9152715173515569,0.003205459671921955,0.0026369438196204263,0.018850344372040584
256,0.006530125795888645,0.9741488154857592,0.01530626093815969,0.0005536100070972878,0.0034611877730952472
257,0.005417098816572486,0.9271007011584954,0.06382605003626711,0.00044680871917889844,0.0032093412694862086
258,0.011871266082631827,0.9377252273905302,0.045969037492575575,0.0007125429722875622,0.0037219260619748896
259,0.014475607473457225,0.8863494226682705,0.09269941733296332,0.0017623907156147478,0.004713161809694054
260,0.007876076263932275,0.7081159450770683,0.27675955734184204,0.0005831983026117378,0.006665223014545676
261,0.021450444018454896,0.9026585630661976,0.07252911477708666,0.0007479933057912162,0.0026138848324695125
262,0.00355255072686597,0.28812437900120685,0.7035220704988447,0.00037812661199019876,0.004422873161092242
263,0.01532184129671953,0.8349849276689713,0.14639743969028804,0.0005162960583002863,0.002779495285720789
264,0.005956061102660906,0.8254357961410976,0.16209545662038038,0.000407189304474287,0.0061054968313866455
265,0.005477891347895101,0.8314894409124312,0.16035162667191236,0.0005076704945441352,0.0021733705732173343
266,0.00605561792881925,0.6376697045840491,0.34989796184321936,0.00036542618492400815,0.006011289458988173
267,0.011514588214514346,0.8871569305672028,0.09149557514022078,0.0008273205540940518,0.009005585523968199
268,0.005225324828657792,0.5994983473339631,0.3888296265513943,0.00047111013815071207,0.005975591147834121
269,0.018624859123647267,0.813015439584061,0.15930206856602908,0.0011287199471755908,0.007928912779087085
270,0.0026893334670517488,0.5938867119740362,0.39870698943874194,0.0005460989673574908,0.004170866152812636
271,0.0030994764548555776,0.4685871004749172,0.5207113456442377,0.00045221184333302017,0.007149865582656625
272,0.0037329386528401655,0.33611611237511035,0.6528828382883405,0.0005812864302973209,0.006686824253411685
273,0.007186788300895228,0.6901500720299455,0.29765523753444684,0.0004936878167030335,0.004514214318009344
274,0.010085798182772422,0.7531566684438361,0.23018866240402552,0.0007537144021113069,0.00581515656725469
275,0.0051310085378969755,0.6094924755256556,0.37995376381478846,0.0004770616911223245,0.004945690430536809
276,0.0052681137502719735,0.3615834897133417,0.6242979054633121,0.0004287705437098724,0.008421720529364449
277,0.006499160788056507,0.5573035023570057,0.4225374386473242,0.0004796957041389122,0.013180202503474866
278,0.005478916195906968,0.840917995974304,0.14996776409720186,0.0005878700215767934,0.0030474537110104193
279,0.0067593219844057015,0.8647136591256643,0.1244468812373301,0.0009382723633109799,0.0031418652892889107
280,0.005065864017289314,0.6435030855917573,0.3456174266550659,0.0012800668464421324,0.004533556889445496
281,0.0037134424072682863,0.4467496348968132,0.5391949272104509,0.0015730117727570125,0.008768983712710546
282,0.004721752951403471,0.7788669041590678,0.21241435226462785,0.0006793778574748845,0.0033176127674261766
283,0.003706117252731841,0.29120051314735784,0.6959432903940826,0.0006192868794168406,0.00853079232641093
284,0.0016726003687606336,0.49201130482954974,0.5015773691330162,0.0006918351093511708,0.004046890559322259
285,0.0063542942833945,0.5720658652020325,0.41343649218066086,0.0008550465081225819,0.007288301825789411
286,0.004494160892420208,0.7760783081423122,0.21183565887011427,0.0012854901403732202,0.006306381954780202
287,0.002310308882677297,0.4940252942658566,0.49892004495211717,0.00083056710054402,0.00391378479880485
288,0.0033135911389738904,0.6857672806876943,0.304853713374064,0.0014423667578222401,0.004623048041445518
289,0.003064451330181969,0.5714490719294814,0.42090767472879037,0.0010961680606954417,0.0034826339508508496
290,0.002635487197409065,0.6494657524455221,0.3376317868386862,0.0020854486171071928,0.008181524901275569
291,0.0029256017895506513,0.5710416273624386,0.4188724465156853,0.0020493991229731095,0.0051109252093523025
292,0.0018725459353459558,0.26731356277395213,0.7238546622110238,0.0016966277630421527,0.0052626013166358525
293,0.0031956731512705993,0.7147071468106571,0.2692923118594861,0.0020745274927559663,0.010730340685830548
294,0.0022831964403548944,0.3574410936254284,0.6326312758106225,0.0018390987090025654,0.005805335414591599
295,0.0030155662029434423,0.46975689700459955,0.51834840424497,0.001813849156842106,0.007065283390644914
296,0.0012824949908032876,0.12419322817167129,0.868067274788767,0.0011532664859194447,0.0053037355628389495
297,0.004765069723864372,0.3285270331994473,0.6503043196428111,0.004218817860509868,0.012184759573367327
298,0.004394306062796463,0.6974454373119923,0.2828903172738864,0.004807299250460737,0.010462640100864087
299,0.005088461026246221,0.5266272214714799,0.44401921320468174,0.004985414162187919,0.019279690135404384
300,0.001679822521169688,0.29988875328180187,0.6901965791157341,0.0025694033353060703,0.005665441745988285
301,0.0030633959867362556,0.3647565345534196,0.6206109223976285,0.0037894099444798733,0.0077797371177357405
302,0.007173693901606136,0.5059212494771196,0.46759637534048915,0.004488175199232932,0.014820506081552129
303,0.0028613163155317757,0.3226333699525747,0.6633182573669295,0.0024845494383010963,0.00870250692666294
304,0.0076628132959337064,0.40485561499525946,0.5656199846472159,0.0034059475740495313,0.018455639487541246
305,0.01528579807174455,0.7381973522866602,0.20252824313484394,0.003956792281414625,0.040031814225336915
306,0.007007496501834554,0.5310368346157217,0.400529834497241,0.006344909429056451,0.05508092495614612
307,0.009295876868776365,0.5654863912335686,0.3887650848572157,0.005616943335627485,0.030835703704811965
308,0.017313071131095543,0.02794415716490759,0.0012564085346740191,0.005202172333910116,0.9482841908354127
309,0.020775155425289314,0.032443168148679875,0.0018176884406788329,0.0032019381709326015,0.9417620498144195
310,0.12206450471345699,0.32529975174797887,0.0020683619367662825,0.025374177180698575,0.5251932044210993
311,0.15917095373152998,0.47853386528659564,0.03214154959161347,0.026486710530735424,0.3036669208595255
312,0.0025058348869713473,0.0027961864988211163,0.0012721613696436334,0.0004443991478004495,0.9929814180967634
313,0.07084588724590773,0.07534256808925341,0.0003041319714271606,0.011462402642721536,0.8420450100506902
314,0.017327812466373594,0.019513181097503378,0.0008199136109296991,0.0029899046728419205,0.9593491881523515
315,0.4298259492903798,0.16071637504470457,0.0005820316828581502,0.015117937759880485,0.3937577062221769
316,0.004706315042148031,0.015641664878859023,0.002876078812201683,0.0009283482974339583,0.9758475929693573
317,0.0007159017407764426,0.0010074758008879775,0.0016620002503193413,0.00033834408333481103,0.9962762781246813
318,0.10443445738446998,0.031210870377879268,0.0001412713036313678,0.0025677885706137903,0.8616456123634055
319,0.15042962912260216,0.14039037073569696,0.0006033586824987274,0.0033661295164704227,0.7052105119427318
320,0.3814138376325832,0.28325771555868934,0.00012454944308142523,0.0042698313907386645,0.3309340659749074
321,0.23116594020704068,0.6405694089316738,0.00029817378731012914,0.03738537492227047,0.09058110215170494
322,0.08962844468274168,0.8453661334572432,0.0006026126323290255,0.03654433642556755,0.027858472802118436
323,0.19288005089841398,0.4963078085348782,0.0006491419653743503,0.14548594909834223,0.16467704950299122
324,0.1612225235494386,0.44160078415727794,0.00027713918515731437,0.29964890587869436,0.09725064722943183
325,0.08804841451863611,0.6119285075173291,0.00023778321488528804,0.2457104614431104,0.054074833306039016
326,0.10916837874697985,0.6863774021853177,0.0005443796060565134,0.18045427997344224,0.023455559488203593
327,0.14597248841988963,0.49258267008254814,0.00031924078429763995,0.31813115140144044,0.04299444931182427
328,0.1533230089813041,0.4363293071422501,0.00015601865607285556,0.35228237558542164,0.057909289634951115
329,0.12166026386933908,0.6901800721108933,0.0008397359394704107,0.16071906648772274,0.02660086159257442
330,0.1171218128779651,0.7148407674389512,0.0006624273639807051,0.1406080508125948,0.026766941506508088
331,0.1632602066970725,0.46698488426861756,0.00026734662242652385,0.3254705842887688,0.044016978123114656
332,0.09830557849242187,0.6835286852103493,0.0005656504314476282,0.08820872139000935,0.129391364475772
333,0.16077507633795823,0.6440397610829739,0.00038853183352447417,0.1289442814513265,0.06585234929421682
334,0.1344698780845216,0.7271028723034061,0.0002856824255623573,0.0996712837858732,0.03847028340063676
335,0.04187108514686079,0.10574236913369109,0.0003871799097011574,0.02397509078669308,0.8280242750230539
336,0.29154056152809155,0.3370320345306628,0.0006977036459333689,0.029547225253058043,0.3411824750422542
337,0.6665458094534101,0.16672435479107503,7.04370115972782e-05,0.07231795932844527,0.09434143941547235
338,0.4074355605720123,0.47596475919105224,0.00017347797312262302,0.04441875969276267,0.07200744257105031
339,0.03175960793873054,0.055160544969206166,0.0006690416380444869,0.007934272053491731,0.904476533400527
340,0.7184441797257111,0.15299584130849875,9.252122446422985e-05,0.05779146112780092,0.07067599661352497
341,0.445373522162818,0.4437655702685851,0.0003971680009777746,0.056045405812969344,0.054418333754649946
342,0.10275255178760155,0.8485962520470866,0.006631606685446577,0.004685438294646175,0.03733415118521904
343,0.14718860489947394,0.8228733920950018,0.00015246753444218033,0.02003022592104404,0.0097553095500379
344,0.11226681296056783,0.8162253070934254,0.0005599946152814767,0.05464949947858405,0.016298385852141162
345,0.013231967873139953,0.9665249355620364,0.0012736438719344054,0.012949966753597324,0.006019485939291775
346,0.3364415734743723,0.4255172353277003,0.0028119217085623366,0.04793205355836571,0.18729721593099935
347,0.17121528953214923,0.7389996158856886,0.0020186423576098525,0.016616039567410472,0.071150412657142
348,0.18722453704970893,0.7582315663818282,0.0002548899318615743,0.025841040488154464,0.02844796614844688
349,0.0830027598626715,0.882660710429037,0.0028914433332518927,0.006194615102916537,0.0252504712721232
350,0.13374158069248376,0.36694506901409996,0.004418226914792614,0.009507867100210182,0.4853872562784135
351,0.04949227057380204,0.9187239265359943,0.0006871836702511002,0.0028539608357394932,0.028242658384213068
352,0.01889922716481785,0.9074667762656824,0.047330155150908375,0.0024799663689073887,0.023823875049683814
353,0.03374841009237521,0.8123657667054822,0.001235604213145227,0.010068890382193996,0.14258132860680334
354,0.11156058524060752,0.07817547351494401,0.01329092018044028,0.009063255032333316,0.7879097660316748
355,0.2872464244211808,0.23204578486064392,0.0004467122548245883,0.01846946206348424,0.46179161639986654
356,0.2883808565745378,0.40201385757481467,0.0006691143424901519,0.08121016958178799,0.22772600192636946
357,0.29231408010117194,0.4412833399804626,0.00016593813582222293,0.12439205286382286,0.14184458891872034
358,0.20812557167484427,0.06778864517850201,4.762345982552451e-05,0.2935978650152892,0.43044029467153894
359,0.21498536637372334,0.09845596788228404,8.827334522975993e-05,0.5227483912846229,0.16372200111414006
360,0.12035401509754748,0.020613649350535976,3.185068412212465e-05,0.33176637728936936,0.5272341075784249
361,0.10268588245446517,0.01353859259440097,3.524914444548304e-05,0.2815539760199974,0.6021862997866909
362,0.20079978526096584,0.03459778611225049,3.7722080303170515e-05,0.4690928804454138,0.29547182610106654
363,0.04308908408978163,0.007403367666569095,2.1557504012928642e-05,0.2803428870946782,0.6691431036449582
364,0.18010632309314098,0.013837447520047227,5.823981840772984e-05,0.3085027061844956,0.49749528338390847
365,0.08727931241626447,0.01877719121301674,3.788819523389047e-05,0.3457870180194185,0.5481185901560663
366,0.08799983158725222,0.018947743940918454,2.2625120367405365e-05,0.19492076714730713,0.6981090322041549
367,0.29771527758387534,0.044663329433266036,3.3692542800535234e-05,0.4778595460990355,0.17972815434102254
368,0.17187399816733495,0.037549398528951096,1.638907714951293e-05,0.4613658023321138,0.3291944118944506
369,0.1338990625540644,0.028136360000650278,6.6260312412717e-05,0.7401656212254648,0.09773269590740777
370,0.04797465055814894,0.014592108312521664,4.0357041405936005e-05,0.4615751025793526,0.47581778150857096
371,0.03229000350343453,0.011503690293474918,0.00030382990922578866,0.06702325458320856,0.8888792217106561
372,0.1205941603231715,0.019309051850029416,3.412618394674145e-05,0.13444749869610217,0.7256151629467502
373,0.29720518438148036,0.02744443769002319,4.057848833039469e-05,0.2810954243971582,0.39421437504300794
374,0.3334126870969036,0.03032771510521753,4.157338901360273e-05,0.394443649659703,0.24177437474916236
375,0.17223449075841352,0.034947853981374254,6.526088212861277e-05,0.6731047809649694,0.11964761341311439
376,0.0567371886340366,0.012383068029477338,1.5461110342585187e-05,0.8957442224842695,0.03512005974187374
