epoch,N1,N2,N3,R,W
0,0.04949575351696058,0.0014603524453290697,4.834651112404874e-06,0.004387482749767835,0.9446515766368301
1,0.0562760855820862,0.0008622504997021404,4.104630150230079e-06,0.0043398590418011595,0.9385177002462602
2,0.03871678230907267,0.00043512784474131666,3.1034695262200962e-06,0.0030773714358689965,0.9577676149407909
3,0.031288756534990296,0.00043803679887387443,2.7480122209162695e-06,0.002980199780923247,0.9652902588729917
4,0.24476023001382954,0.0010784633664251517,4.378954587059821e-06,0.006517639972734096,0.747639287692424
5,0.3851304941297563,0.006694525156824786,1.8135308799419346e-05,0.051466367496529934,0.5566904779080897
6,0.3686682950228573,0.012288669674444589,1.3783658148630582e-05,0.12107176308718909,0.4979574885573602
7,0.2031760773634941,0.046053192128506955,1.7837056374765054e-05,0.5301169020114356,0.22063599144018844
8,0.24311149090648893,0.03088830789646239,6.153377271246638e-05,0.5657365079589616,0.16020215946537475
9,0.14227318793346397,0.028605189037306453,4.5229405222277395e-05,0.16430688663942947,0.6647695069845778
10,0.09226136578297967,0.018200430091683206,3.288924604618077e-05,0.174981493396438,0.7145238214828529
11,0.24633030235233386,0.03775072837675895,0.00015617395929722977,0.22072698028571544,0.49503581502589444
12,0.1822159733863799,0.24220272221275504,0.0004263284728633498,0.16131233397476225,0.4138426419532395
13,0.023281669689958977,0.018173801759983087,2.388840714272229e-05,0.024804573040684702,0.9337160671022305
14,0.12709006246524937,0.06572922302402506,0.00034093348825528096,0.042015226574493456,0.7648245544479768
15,0.0015875193318871824,0.00043934333107262084,1.2154030749080529e-05,0.0015188206266407763,0.9964421626796502
16,0.15808386542649383,0.0025428190003429184,3.0182706229465238e-05,0.009150445685363435,0.8301926871815704
17,0.03158960703840441,0.001148792073374789,1.0549693958665523e-05,0.001863932077260685,0.9653871191170014
18,0.0003901875545415726,0.00011951412205538822,3.061332045345805e-05,2.910451982481579e-05,0.9994305804831248
19,0.0013359793402141567,0.00021464021164176495,8.126351685649854e-06,4.164843344637614e-05,0.998399605663012
20,0.0013325787673739336,0.00010228468487614423,1.9113001023746308e-06,4.648523307636974e-05,0.9985167400145712
21,0.029509490759077918,0.00025438034317444894,4.585205915250657e-06,0.00010639818800466493,0.9701251455038277
22,0.08108347745009495,0.0011324051293694938,5.494735788260141e-06,0.0004973648317002549,0.9172812578530471
23,0.5107542106204297,0.007733914840204771,1.003397514655761e-05,0.0030644099669633862,0.47843743059725563
24,0.6847854837735543,0.10041902817691925,3.919503035633321e-05,0.03238705980411558,0.18236923321505455
25,0.4055566501486102,0.1891665265008911,4.320234503845293e-05,0.08623061611095596,0.31900300489450417
26,0.2065014800659962,0.6378769439812483,0.0003446951773611879,0.07539492522035228,0.07988195555504214
27,0.08713063068625632,0.7661632082483,0.000365529731229763,0.06451616157736886,0.08182446975684524
28,0.19153201782415613,0.6245398485122232,9.41714816651212e-05,0.11369427059401271,0.0701396915879429
29,0.44938977638132516,0.32893525824378345,7.2208893149338e-05,0.09280790064412081,0.12879485583762135
30,0.12438834584083831,0.8298435991631993,0.0003441435196888269,0.028866539149742756,0.016557372326530706
31,0.05695309604206686,0.9281474353558606,0.00035549750453518525,0.004721752355726282,0.009822218741811018
32,0.025987711630620892,0.9650107376733078,0.004628261472978424,0.0013515646547432284,0.0030217245683496585
33,0.04723701418832193,0.9236387055269666,0.0010429569341564298,0.021179083543898285,0.006902239806656965
34,0.015922523009421635,0.9692824882923903,0.0025774492716783455,0.00497868451342534,0.007238854913084341
35,0.0013585929033906187,0.9847628861227377,0.011644341823348012,0.00033539825740359,0.0018987808931199487
36,0.008003330683556159,0.9824952045266366,0.0028569287107954927,0.0014488024769145906,0.005195733602096995
37,0.006766991627977568,0.9788727761355881,0.008692860060789379,0.0012752714948250266,0.004392100680819911
38,0.006483582120407533,0.9743405782119408,0.00841766506417106,0.0010413593290157551,0.009716815274464944
39,0.0017506345478542676,0.6022871227904968,0.3894502013621434,0.00014448393933123778,0.0063675573601742015
40,0.006487374258603053,0.9173710740211336,0.06423758148320098,0.0005673952535669061,0.011336574983495516
41,0.004023410701019377,0.8949390160607299,0.09282157005605467,0.0013201523497850453,0.006895850832411009
42,0.009234021984717743,0.7906779766491622,0.1860960081320775,0.0039309425503962075,0.010061050683646345
43,0.019570911028878483,0.948754277048677,0.008287901499913266,0.004674562435118381,0.018712347987413017
44,0.003767815292545229,0.5702976955263706,0.4172940265096149,0.00116579020131137,0.007474672470157947
45,0.01726409873742831,0.8332137203262502,0.13242836447159603,0.001723763529772795,0.015370052934952506
46,0.5443909713678475,0.2446909797817276,0.000500921835189922,0.013507240927921686,0.19690988608731333
47,0.32441509331562907,0.6459049843768588,0.0018263442405973256,0.003906552397284996,0.023947025669629616
48,0.08405081833516242,0.8978207990315941,0.005279943477391237,0.0019370998310089223,0.010911339324843432
49,0.02708027593868176,0.9284397799093601,0.037965605272292105,0.0006947532437422406,0.005819585635923735
50,0.009621044041796532,0.9519141191372213,0.02947892250179231,0.000839189682506585,0.008146724636683327
51,0.008618704134132486,0.963716710088737,0.013431730081789292,0.0023055466265506563,0.011927309068790682
52,0.00636292210617134,0.878396797711545,0.10727767487559217,0.0007407006077273639,0.007221904698963993
53,0.005178531642669958,0.8422011834141209,0.14557000331191786,0.0003642444076642818,0.006686037223626973
54,0.005461013320615167,0.8770705186302421,0.10409851839683888,0.00029797204628064823,0.01307197760602319
55,0.20430042084660127,0.77030737255713,0.00543364574331919,0.0019084229665570984,0.018050137886392332
56,0.012549452815891371,0.9685034812205418,0.012427059318271426,0.0002676440641304335,0.0062523625811652765
57,0.0028353004371363478,0.6918393058790994,0.29861208375180376,0.00012268274560983797,0.006590627186350518
58,0.0153588247912412,0.9301399128899207,0.045594794711179394,0.0002494722851171032,0.008656995322541635
59,0.005949707572869697,0.7597534141771877,0.22340158347984523,0.00022587046933529104,0.01066942430076196
60,0.0032894780727339558,0.8377946462941709,0.14731371506902813,0.00015468248853034206,0.011447478075536725
61,0.003305827695544757,0.2931296588354133,0.6808862490561116,0.00013258006756535282,0.02254568434536495
62,0.0077227668891759246,0.894112490162288,0.08129274065941956,0.00037486322762781603,0.016497139061488742
63,0.00944449500449977,0.4516723987101297,0.5246420512031379,0.0001851163685079315,0.014055938713724545
64,0.04981921608732567,0.8779046102996043,0.046461153335278275,0.0005575436770587606,0.025257476600732787
65,0.003964871215280662,0.7766790197978686,0.20365353723742852,0.0002561673788237475,0.015446404370598351
66,0.005557120560386776,0.39081445961598404,0.5852787898089837,0.00012006158436771287,0.018229568430277652
67,0.003037621056315909,0.5238057912201255,0.4524754356228375,0.0002080658333146907,0.020473086267406463
68,0.003835932498721893,0.34959549320433775,0.6353219363817768,0.00014358575498754286,0.011103052160175974
69,0.004160750343215792,0.43027655688327615,0.5440358542937049,0.00018852915940340096,0.021338309320399804
70,0.010876201714564552,0.817131620541568,0.1561936704405424,0.0005664022537589023,0.015232105049566212
71,0.19372641045428424,0.7254350611742294,0.025098557962342293,0.0021048713577024583,0.05363509905144157
72,0.015945295847984837,0.9593580596741483,0.014659714344494925,0.0010954776201654154,0.008941452513206532
73,0.0064589972238387,0.9165878668886108,0.06409228923710372,0.00042355051707862907,0.012437296133367947
74,0.002621138835767151,0.416918011607613,0.5719011012474057,0.00022695847743798672,0.008332789831776275
75,0.032935122506349696,0.8813767819252747,0.04338544592485507,0.008896597237898873,0.03340605240562188
76,0.0071872785327085935,0.3827615710502832,0.5503763774144119,0.0006833360878773048,0.05899143691471899
77,0.043926729050359055,0.6209963711155166,0.10327767196360427,0.0025291092513829803,0.229270118619137
78,0.008034923284539393,0.37471385648295535,0.4106236214850316,0.0007441262808778194,0.20588347246659588
79,0.0024644552641464937,0.007969182853698383,0.001636688388613316,0.00014480208054170734,0.9877848714130001
80,0.0003576853873125739,0.00043373751531332577,8.461732449949798e-05,1.8516763945762363e-05,0.9991054430089289
81,0.0011028398203496207,0.00021722497663887035,1.3803075101679148e-06,0.00014404917492762465,0.9985345057205737
82,0.0028959284447043383,0.00022116431807095576,6.497743391193707e-07,5.992777489983166e-05,0.9968223296879857
83,0.00793062065210594,0.00038497427942667966,1.674662537766742e-06,9.003183218333296e-05,0.9915926985737462
84,0.0251712309548824,0.001805716517372619,1.7919756650483353e-05,0.00020890088865871512,0.9727962318824357
85,0.044187823859220966,0.011091606351465335,5.239342657535895e-05,0.0006071716669078594,0.9440610046958305
86,0.06613050135018865,0.011956366654324608,3.302985090848389e-05,0.001053018552900974,0.9208270835916773
87,0.009350159358447036,0.006021560095649027,4.245727672250018e-05,0.00031090745262046517,0.9842749158165611
88,0.008453502508199488,0.001408556590644479,3.3209872366140446e-06,0.0015211410006838791,0.9886134789132356
89,0.38015297898987177,0.007674276802825327,1.763812788879635e-05,0.005674095875870374,0.6064810102035437
90,0.3668786184345385,0.006856515703259975,1.9021517085270347e-05,0.0034071543650942117,0.6228386899800219
91,0.310657812745619,0.011843236645997119,3.912422403577085e-05,0.023284830983295514,0.6541749954010527
92,0.5905293153541824,0.01612726599035438,5.259643177554976e-05,0.044444078274040635,0.34884674394964704
93,0.6126614427404555,0.0402013649616481,6.470559614124006e-05,0.12654231040776337,0.22053017629399166
94,0.5576835109772857,0.06628933696117013,0.00024208545793005492,0.1998667576260461,0.17591830897756794
95,0.156126838906588,0.21941568394239871,0.0013538000572558438,0.4828963552418378,0.14020732185191961
96,0.1364413856601638,0.055576262548732686,0.000341574120521964,0.603566519377462,0.2040742582931196
97,0.0864942780801217,0.12529459718034006,0.00024371896327039528,0.6074414289879524,0.18052597678831553
98,0.03434748280992682,0.01918357529403032,5.9087295013647766e-05,0.06031135310081208,0.8860985015002171
99,0.3975422050748382,0.09243974715753017,0.00024776318553814623,0.23776026646057885,0.2720100181215146
100,0.33265271927140855,0.22514086539896308,0.00037749041376183525,0.06428630754096516,0.37754261737490136
101,0.653079296224679,0.1372797067922981,0.0009443419392971659,0.06425502021928405,0.1444416348244418
102,0.28387200866319834,0.13963838533414455,0.00038201997466942784,0.11939317178117186,0.45671441424681575
103,0.13727830166412122,0.04438862685577543,0.0001406959540975615,0.06534963643183125,0.7528427390941747
104,0.1313578452521515,0.09657159652935578,0.00012639008269328247,0.12557767670868822,0.6463664914271112
105,0.3553707280408982,0.06151076560130323,0.0001212773159297164,0.2709367526780746,0.31206047636379414
106,0.1670108135785414,0.5408589708808839,0.0016047788346566954,0.2122675170547947,0.07825791965112337
107,0.14727833300265375,0.07931189886179094,0.00017883062085520326,0.11664136992099232,0.6565895675937078
108,0.15087341110478206,0.1724715908576943,0.0011379495396394964,0.6219174577947713,0.053599590703112945
109,0.1372939116194718,0.19684555830817632,0.00018592805340717842,0.17187020091092275,0.49380440110802204
110,0.37499538457667525,0.04602266469064718,0.00019550084067108904,0.49239202683235916,0.08639442305964742
111,0.19384089339869695,0.38108019972979645,0.00011130833085469688,0.1601285773940698,0.2648390211465821
112,0.34591290064606245,0.37803535088530016,0.00016577918337360166,0.1043209091842548,0.17156506010100894
113,0.18613155181259422,0.6111604547959634,0.0002832260634470096,0.07190118300218981,0.13052358432580569
114,0.31058478287564395,0.45530820076182066,0.0008859631121887547,0.07067274578535591,0.16254830746499072
115,0.08142087591703293,0.7048086946098406,0.0011758911312659936,0.07271124595631535,0.139883292385545
116,0.020747628930132343,0.7329880795790837,0.0005859915365929872,0.004283133348912327,0.24139516660527857
117,0.0005450347387420994,0.0005404706193639587,7.885211228141694e-06,0.00017421715622135449,0.9987323922744443
118,0.00024909896884861104,0.0002668188541669319,3.569242160591687e-06,4.404761486766124e-05,0.9994364653199562
119,0.0004908098142473769,0.0003241172572108553,5.859330744875017e-06,0.00011904124876403282,0.9990601723490329
120,0.0052242727246925285,0.0006185061394976028,6.325423905498176e-06,0.00012898455196571203,0.9940219111599388
121,0.0015578477174853645,0.0006138678016902629,7.988907446655596e-06,0.0006282049594612576,0.9971920906139166
122,0.004733220433181715,0.0006014819256063296,6.319332118917213e-06,0.00041734906667330817,0.9942416292424197
123,0.0014109281927833694,0.0005011330830259262,1.6133314923246442e-06,0.0002701409694179021,0.9978161844232806
124,0.002138808134681201,0.0004594460935429015,1.797251127860976e-06,0.00045841944169787885,0.9969415290789502
125,0.03513052211168855,0.0013598938965749257,1.2505898000971245e-05,0.0009915816890976074,0.962505496404638
126,0.05329686459450687,0.0017879185880359445,2.8901069947171353e-05,0.0013965870556588707,0.9434897286918512
127,0.004262953646408142,0.0008365235855899424,1.0033875849636529e-05,0.0008239365554240079,0.9940665523367284
128,0.0020850102559944773,0.0002745059056887328,4.485508728242754e-06,0.0010707368710824495,0.9965652614585061
129,0.009127743442789302,0.0003267803654291138,5.866347354075629e-06,0.0009592167919856566,0.9895803930524418
130,0.32716037386055397,0.004890633766855352,6.113519145559942e-05,0.004877250646745079,0.66301060653439
131,0.011744699352274863,0.0022179953712844537,2.615096826988382e-05,0.0007412686755566498,0.9852698856326142
132,0.0055108965581761515,0.0014043178541281994,1.9664387114745685e-05,0.00031495175681755546,0.9927501694437634
133,0.0016670645113967427,0.00043426104280002624,1.9993333257379666e-06,0.0007501676832920072,0.9971465074291854
134,0.004109184055415804,0.0005565124912817175,2.6195970327039535e-06,0.0008134456585807391,0.9945182381976889
135,0.054557679665409316,0.0018655013166531613,1.0514101344930152e-05,0.0019804862360587507,0.9415858186805338
136,0.05663367301557159,0.002266068812019602,1.2585046284148271e-05,0.008403915200749894,0.9326837579253748
137,0.004739497811608489,0.0006174049499547573,4.826292618542418e-06,0.001322944378740199,0.993315326567078
138,0.0031226086869106644,0.0004600829280421381,4.4127065812186185e-06,0.0012477068898154213,0.9951651887886506
139,0.141983752297115,0.002981866148568025,2.0672096795488533e-05,0.005006485654932882,0.8500072238025886
140,0.003313533060737794,0.0004306600707161913,5.950731694957252e-06,0.0007256758252179964,0.995524180311633
141,0.0066479937060999654,0.0005625924059979863,8.995615215099594e-06,0.001328016334886534,0.9914524019378003
142,0.0035737790116567377,0.00047245699410021567,5.5487838210030965e-06,0.0007866387683319447,0.9951615764420901
143,0.08308555432658865,0.0018774361426942437,1.4017822863843392e-05,0.0029405660111293465,0.912082425696724
144,0.005283163839894185,0.0036934956193624973,0.0001710170158409116,0.0014018066899544562,0.9894505168349479
145,0.0022231203655142715,0.0005828536001931358,1.132600979177898e-05,0.0013204654909819205,0.995862234533519
146,0.0018134416383889392,0.00040934613602287644,1.0444342333776317e-05,0.0013328217674635659,0.996433946115791
147,0.0022583014679681615,0.0007188626378395461,1.466575313767318e-05,0.001190545360788249,0.9958176247802664
148,0.06949093708973374,0.0011453067990765129,3.9402895725863436e-05,0.002683648569452533,0.9266407046460113
149,0.0021909566113373674,0.0002976371005135069,7.00991437515312e-06,0.0005864281608866603,0.9969179682128874
150,0.0021547142501028823,0.00025261075688308215,7.177656524226755e-06,0.0005841314420838632,0.9970013658944059
151,0.005136039251395601,0.0003536632162983922,8.735923699709513e-06,0.0005575333746219293,0.9939440282339843
152,0.04694670539447225,0.0006100865890661757,6.281943863066198e-05,0.0013802130311317319,0.9510001755466991
153,0.004705473352725003,0.00031307106352043744,4.113470346507122e-05,0.0009068932403123341,0.994033427639977
154,0.00027100122341182825,6.833514565971751e-05,4.490972806926871e-05,8.691621922253675e-05,0.9995288376836367
155,0.0025358527735700235,0.00025553812772081144,6.367652424932228e-06,0.00040559358391472635,0.9967966478623694
156,0.0011409052644041667,0.00011016822355313421,7.693826181283921e-07,0.00041067089003768436,0.9983374862393869
157,0.005427620897000601,0.0003119253779632586,2.280506072263628e-06,0.0019711301547490076,0.9922870430642149
158,0.004056945393580782,0.001459449541854353,1.332929980252842e-05,0.001038903383502415,0.9934313723812599
159,0.004859234274293619,0.0003109904964701165,4.7848182029645826e-06,0.0011969583976536376,0.9936280320133798
160,0.1915829384324782,0.003015826152488502,0.00014731195868499626,0.009452143795838865,0.7958017796605094
161,0.039477148905200515,0.001749483275790875,1.243785209036791e-05,0.009602624998066018,0.9491583049688522
162,0.7278785781822457,0.0161240041301372,5.5206115337199914e-05,0.09949156430718889,0.15645064726509122
163,0.56378547238066,0.026344221056418184,7.545037574588188e-05,0.26990776360022495,0.13988709258695095
164,0.5886916542151074,0.0466895351702133,4.532227418309403e-05,0.29403990881540315,0.07053357952509301
165,0.3015382797098324,0.4562202885660949,0.0002544314198311999,0.22582887599737433,0.0161581243068673
166,0.11214324413448493,0.8143204799343741,0.00040437551429029514,0.06544474240103174,0.007687158015819028
167,0.07015945690164661,0.8182613399765024,0.00039391618989801193,0.10755404748873763,0.0036312394432154787
168,0.02166893050597459,0.8331204896088015,0.0008888595030327202,0.14223945793359874,0.0020822624485923357
169,0.030631512826964642,0.7714197024503003,0.003932664418938648,0.1899236227974591,0.0040924975063370865
170,0.020848074604467925,0.7678937934372234,0.003502278383615523,0.20292716773283448,0.004828685841858482
171,0.025606063537754898,0.6322005891785278,0.0017903770235154705,0.3373034162978131,0.003099553962388693
172,0.030648256572046156,0.8614245266736986,0.0006854836020124804,0.09737912933243402,0.009862603819808746
173,0.07475361569428281,0.3848767983575558,0.00035279774436407804,0.5263464555604519,0.01367033264334537
174,0.020916544347603806,0.8641361406693828,0.0020269028361267058,0.10319142537743929,0.009728986769447417
175,0.07352429520377529,0.09051503452332471,0.00015980929750549806,0.6994552392285278,0.13634562174686654
176,0.05372988538372723,0.02595025346086484,4.7038960051030705e-05,0.9025032578826401,0.01776956431271674
177,0.06871005922044489,0.045634148865166424,4.643021930910499e-05,0.7934841786019593,0.0921251830931203
178,0.07041086324810204,0.03353446806565845,6.115917971011653e-05,0.8548120851485731,0.04118142435795633
179,0.0377098480264837,0.009469135010748413,5.208591768254651e-05,0.9067626778685078,0.046006253176577645
180,0.031318715067180036,0.006052754029436827,5.1941358214477594e-05,0.8962798390465224,0.06629675049864629
181,0.036278728710516676,0.0044145611404473985,4.677773593113896e-05,0.9182132366113587,0.04104669580174623
182,0.028031534486011842,0.004226552003940815,3.629749294700025e-05,0.9284344279727382,0.039271188044361964
183,0.018246354724006302,0.002190635341691293,4.032673291884662e-05,0.9263075053644312,0.053215177836952336
184,0.02227903985970416,0.0035580970985406744,0.00013313484293247545,0.8883001221994145,0.08572960599940806
185,0.024602297781993847,0.0015421943763508595,0.00010783576395470889,0.8433587565315801,0.13038891554612053
186,0.040471456710399915,0.0018564778366120956,5.494950151834476e-05,0.9214948154084304,0.036122300543039214
187,0.05192910479008876,0.0017499444799883527,8.516812599758915e-05,0.8730796945018325,0.07315608810209287
188,0.026378137093755225,0.0021190794885082146,8.32929095401751e-05,0.9110980274118123,0.060321463096384045
189,0.021794449488529703,0.002202478528813862,8.465523349952899e-05,0.9448286643012306,0.03108975244792641
190,0.023543598282309966,0.0029579444481171984,0.00010452870481197647,0.8759485292715806,0.09744539929318013
191,0.02432009555691244,0.0033404528620810795,5.9747256675536635e-05,0.9297302840655601,0.042549420258770725
192,0.02746624788949112,0.0037410813629555157,8.367456786274802e-05,0.9364206894977005,0.03228830668199008
193,0.03711949305345883,0.00261099214079653,3.8580427298539854e-05,0.9427946444028887,0.01743628997555728
194,0.022163844119892428,0.0026869374150473627,5.254809385655729e-05,0.9515951068763157,0.023501563494888092
195,0.024666763410771262,0.004206523283161973,4.8840656722739374e-05,0.9406370944648048,0.030440778184539278
196,0.03136418092055529,0.004812348109870871,9.330674724271554e-05,0.9180956841744153,0.045634480047915774
197,0.02118308976854148,0.002931178586368122,8.430871574113786e-05,0.9540031773112551,0.021798245618094264
198,0.023557069993401725,0.0021452494335144887,8.155603164479577e-05,0.9537902441075065,0.020425880433932692
199,0.036842279263365564,0.003393210325829755,0.00014406242163655662,0.9099632641867964,0.04965718380237162
200,0.025960322130899802,0.0023240152280445815,0.00012623047030539518,0.931777080462541,0.03981235170820917
201,0.020515936680791536,0.0020941085111721345,7.93775635844675e-05,0.9589807530349566,0.018329824209495194
202,0.019117656952213125,0.0023785562104998745,4.7116555679116776e-05,0.965267307247337,0.013189363034270858
203,0.03542482403298487,0.0042433569978027,9.426464092101493e-05,0.9403251664507889,0.01991238787750244
204,0.053481301209988674,0.0060420835101304415,8.352384221246044e-05,0.9073804256080203,0.03301266582964823
205,0.020626758927267546,0.006055120862466107,3.0163023894217922e-05,0.9062885781184624,0.06699937906790972
206,0.03498989092310559,0.004367240858984298,5.627640626932859e-05,0.9157280548348028,0.044858536976837914
207,0.05830395430549159,0.004240218984057172,3.615176954473414e-05,0.9136979715772684,0.023721703363638103
208,0.07365679934332468,0.012451550342247446,3.304867718882699e-05,0.8912632893561094,0.02259531228112959
209,0.08063971172895391,0.006017562450389247,5.4309424708782665e-06,0.8868061515380391,0.02653114334014703
210,0.12034135646803348,0.027607223432681047,2.8243581535232496e-05,0.84064272907506,0.011380447442690303
211,0.0808505092075237,0.013370316489905882,2.2039204499692872e-05,0.8901096530624294,0.01564748203564134
212,0.11099451568916784,0.09710621632708187,5.7131914114240844e-05,0.7295646906110147,0.06227744545862135
213,0.1455192666338356,0.10482054355518235,8.563123772753341e-05,0.7349665435707659,0.01460801500248856
214,0.19258497102811536,0.15193990900153076,6.186401767620595e-05,0.6352570625806501,0.020156193372027464
215,0.16345220410625794,0.5356596747559134,0.00018634165095668978,0.26699916860959766,0.03370261087727426
216,0.08070426852632373,0.7130925028724454,0.00016890236676803566,0.2017727006229458,0.004261625611517066
217,0.15595623837466463,0.6295454274592093,0.00019485384919222683,0.20416945877685547,0.010134021540078371
218,0.06660854828774403,0.8599400367267813,0.0005575974259473964,0.06731832582625569,0.005575491733271657
219,0.06472617047140018,0.8229770493054258,0.0002181757703573606,0.10936160755596844,0.0027169968968482933
220,0.024337148146687342,0.9288991042466754,0.0002745182090598469,0.04461950402721548,0.0018697253703617502
221,0.04899001943858644,0.9097651720109264,0.0003605224063342391,0.038588677160331555,0.002295608983821176
222,0.006150712819646787,0.9860022370748178,0.000261963564478751,0.005993759465496646,0.001591327075559894
223,0.010848991655093171,0.9792734391594831,0.0013100528488507103,0.005733544093211503,0.0028339722433615706
224,0.00497937183574623,0.9868656111033719,0.004017894961731399,0.0016469127648282577,0.0024902093343223217
225,0.002513200408294533,0.9751375547405844,0.01898480468377539,0.0008846142401919679,0.0024798259271535473
226,0.010428670966220221,0.9745687211738243,0.006677819678618432,0.0048290708258754535,0.003495717355461535
227,0.007876852960755494,0.9829859853260204,0.003331100192584724,0.002155497831267773,0.0036505636893715953
228,0.004472442915059679,0.9596253620224034,0.03123437973757293,0.00046047406930275234,0.004207341255661024
229,0.0074048681220390536,0.9590359778589949,0.029954734296123324,0.0007868120246353223,0.002817607698207454
230,0.0018943017964558927,0.7145549019049942,0.28021111666291404,0.00045470333819619445,0.002884976297439845
231,0.012787544979663891,0.954452646243445,0.026500659395941,0.0005942482672481749,0.005664901113702053
232,0.003663194006652933,0.8176896264334482,0.17560252928809633,0.00021213806170000427,0.002832512210102364
233,0.006433568697211542,0.911628627197409,0.07546676998398495,0.00042024001424725344,0.0060507941071472615
234,0.003371960227597534,0.8445071697713101,0.1455549567433626,0.00047244302532628324,0.006093470232403413
235,0.007656587841307582,0.8650654206994873,0.11958743590888105,0.0008863244942970201,0.006804231056027132
236,0.0031426278963694087,0.7111106159811845,0.28010581614759605,0.0005097367697160181,0.005131203205134144
237,0.023316952447039317,0.904687109672404,0.06099995264938741,0.0016036266646656287,0.009392358566503667
238,0.007595066843122227,0.9167752374812759,0.0692419902306872,0.0007790297413610667,0.005608675703553864
239,0.0065287411786283805,0.5960192881421749,0.3914322573711025,0.00034447904775625573,0.005675234260337869
240,0.004149124403640619,0.9063346947782266,0.08197776062860539,0.0005291036637670165,0.007009316525760374
241,0.003111250703780393,0.43418310095008816,0.5533013535323411,0.0003245694403991424,0.009079725373391159
242,0.005972618227229555,0.652451152163761,0.32555709479191997,0.0005564636036085577,0.015462671213480633
243,0.005921323360269088,0.7811073421252139,0.19682132875396394,0.0005117729346708985,0.01563823282588196
244,0.001682144121591226,0.21458454045493622,0.7724881211643182,0.00013816105630545342,0.011107033202848917
245,0.004440430738806851,0.7141577999106465,0.2703143386948301,0.0004582744210314222,0.010629156234684942
246,0.00183293410381175,0.6591692367731252,0.32859443689196016,0.0003703447587494055,0.01003304747235351
247,0.0021926892115989565,0.49666532978821565,0.4878758131770417,0.00030508910383168856,0.012961078719312062
248,0.0024259775303081123,0.380970253050793,0.603466456766529,0.0002831232224155286,0.012854189429954341
249,0.0042081257399110925,0.3612382061398257,0.6206523745709163,0.00039216565533222163,0.013509127894014714
250,0.009652854185361603,0.8598942981610881,0.10835087443477598,0.0009131761418745697,0.02118879707689974
251,0.001611803574507638,0.13098066814085585,0.8622247374110449,0.00012051970862563539,0.005062271164965858
252,0.007299789923964461,0.5725752814628355,0.3990144320388444,0.0005820832719128848,0.020528413302442722
253,0.0008095895915805259,0.09372493431762366,0.8987076172168501,7.13961626576118e-05,0.006686462711288118
254,0.001312821625001387,0.07967716950022298,0.9086919818535396,0.00012138764622419577,0.010196639375011881
255,0.003240912883355545,0.39002819895497215,0.5800710937083988,0.0003466617042026856,0.026313132749070718
256,0.001287758334839901,0.1283337598930754,0.8551704281779452,0.00012505076158028316,0.015083002832559074
257,0.00210969864334745,0.2547044686238961,0.727728341881019,0.00016637848125070355,0.01529111237048675
258,0.003285482237759026,0.41270277725575016,0.564899148287129,0.000344651845097266,0.018767940374264745
259,0.0019334528495998679,0.16171417511537786,0.8237872279322541,0.0001386372207383118,0.012426506882029857
260,0.002406442459707821,0.3291737585155029,0.6385069786851257,0.00036751835893959853,0.029545301980723877
261,0.006413413112192041,0.4982029979585591,0.46684790193107406,0.0005665657300952505,0.027969121268079572
262,0.001220366425964611,0.06582598250466513,0.9259661604166627,8.82021473316016e-05,0.006899288505375903
263,0.012222372836245816,0.808178645292819,0.15110855473030077,0.0005798745109484852,0.02791055262968598
264,0.002135415809134778,0.131439347650957,0.858177942945755,9.368876505976984e-05,0.008153604829093549
265,0.005566433404484997,0.5598957516139155,0.40959161977666214,0.00033514373026789996,0.024611051474669576
266,0.0020302561615876775,0.15998605391731646,0.82117172654996,0.00012183706335219069,0.016690126307783548
267,0.005579919241675954,0.3058436881858,0.6510722140475134,0.0003839748782256822,0.03712020364678497
268,0.00309213149694408,0.24211867840398152,0.7417858866980953,0.00012947491079343565,0.012873828490185497
269,0.0019530311888920568,0.12273023839395845,0.861482702937881,0.00010408437654015401,0.013729943102728407
270,0.001197521654227985,0.08721125217289652,0.8929293665852263,7.9271941673231e-05,0.018582587645976163
271,0.0014991482090582137,0.054870086247539654,0.9254372553935718,6.454660938745943e-05,0.01812896354044287
272,0.007372207207636243,0.5120438949318575,0.4338313015265497,0.00046888038305525784,0.04628371595090139
273,0.0011603715360110766,0.08289929952990607,0.9013517711703608,8.628697546207102e-05,0.014502270788259981
274,0.0014471330958088086,0.24550862918459368,0.7439821098687353,0.00015205317112400012,0.008910074679738441
275,0.0005726606099239604,0.06523638557300782,0.9275104102598533,6.16528255507498e-05,0.006618890731664158
276,0.0030919740020076162,0.4465624634865202,0.5368542237843676,0.0002333817260149725,0.013257957001089563
277,0.001274957465324923,0.13594910192067083,0.8488318934704551,0.0001243627518974183,0.01381968439165173
278,0.002650742312035982,0.3421112259821535,0.6335267797566564,0.0002522109541977922,0.021459040994956314
279,0.0089932866128399,0.376655049725979,0.6042009351047318,0.0007011734432664918,0.00944955511318281
280,0.002366282099221233,0.21461690594282937,0.7741590782171949,0.00031717600530526644,0.008540557735449303
281,0.004534053326797928,0.29951459380374706,0.6816096326830848,0.0004612292173173506,0.013880490969052847
282,0.004041753087876456,0.2619046727120663,0.7158077917651059,0.0005691133839412621,0.01767666905101015
283,0.004426398426031507,0.22989557078358375,0.7552316862463715,0.00046140503449598237,0.00998493950951714
284,0.00909552970952075,0.7135047640681863,0.25043947533661126,0.0013023429716131237,0.02565788791406843
285,0.12404341673903749,0.18304107108335127,0.0057438159056094375,0.0038844166775914113,0.6832872795944104
286,0.4557827193156272,0.4348715163245664,0.0012988675235507605,0.01459313573687647,0.09345376109937922
287,0.46898183530001064,0.4924176527158504,0.0022721607231888153,0.005229442595724152,0.03109890866522592
288,0.6635172112293453,0.30255898851833646,0.00333709884100622,0.007361808713972349,0.02322489269733969
289,0.02877976951915742,0.9641314351111224,0.002978486719404677,0.0022603242202701114,0.0018499844300453989
290,0.026107688381298913,0.9496393928579153,0.017611036276022927,0.00268164975826201,0.003960232726500654
291,0.02899303235286307,0.9445267761370242,0.007100943962617774,0.001389043496735749,0.017990204050759424
292,0.20107123816946804,0.7679710856170668,0.0036476614621305694,0.01622169989143019,0.011088314859904585
293,0.04045533897800173,0.9475581206337448,0.005176587040937112,0.002795773346633008,0.0040141800006835236
294,0.11268533245647995,0.8739273193296984,0.00578902182728216,0.005191316396560124,0.00240700998997948
295,0.019773796059669245,0.9548918993187627,0.01944033085571221,0.003551969486236318,0.0023420042796195115
296,0.029925652012328077,0.961665794727385,0.0018692091990859627,0.005181874486079829,0.0013574695751210626
297,0.011271899416614798,0.9788679188937889,0.003526403342547995,0.004859819429227288,0.0014739589178209655
298,0.0050693370419771545,0.9750407085608578,0.01498188404042518,0.0036253328071104564,0.0012827375496295178
299,0.0028852939791851177,0.983492431964289,0.009078122144714602,0.003431750910847147,0.0011124010009642556
300,0.006372934251319073,0.9669195332371391,0.022537722085248724,0.0026329789272429064,0.001536831499050187
301,0.005705794994687022,0.9712692500928821,0.01952572601147638,0.0015991464886675032,0.0019000824122871107
302,0.0043960437252032695,0.9765779956647911,0.016662858414314627,0.0005122733357152694,0.0018508288599758606
303,0.0016795889663838344,0.9428396968545492,0.052972521842058924,0.0003072376673714421,0.0022009546696366376
304,0.008381746052617866,0.9517976450571521,0.033562182657338305,0.001295555943125708,0.004962870289765673
305,0.0028331346147635692,0.8962300190955443,0.09652569192918141,0.00031979250815140545,0.0040913618523592725
306,0.006359152409087154,0.8838423052111448,0.1044404654269936,0.0006950502027859439,0.004663026749988334
307,0.008802498671304762,0.9328843766637303,0.0519212907458395,0.0008680048486551462,0.005523829070470509
308,0.0013878361720584332,0.7974623606547455,0.1946133740161928,0.0004002002636147764,0.006136228893388649
309,0.0043155308816606956,0.8580078357709807,0.12984041419039624,0.0010069898320279901,0.006829229324934154
310,0.003860690753295097,0.774324391729324,0.21680045407911736,0.0005589489902917452,0.0044555144479717715
311,0.00559464320097091,0.6724493363309434,0.31236581744572894,0.0018065079242040058,0.007783695098152878
312,0.0048903268977739745,0.8458141208294612,0.13344774754025104,0.0008402472484067613,0.015007557484107025
313,0.0028379024023375207,0.7673265752944713,0.22338654586124673,0.0004554449765506597,0.005993531465393752
314,0.00916163137449967,0.9121328533368874,0.06863461674833005,0.0012351898930990357,0.008835708647183842
315,0.005088196951699174,0.8250013369987655,0.16144303853892777,0.0005055096008723765,0.007961917909734972
316,0.004417166374645974,0.7483256816975059,0.24183152369054534,0.0005695455636330341,0.004856082673669773
317,0.006919739742102094,0.8866338105573653,0.09397437171117796,0.0015146064538957308,0.010957471535458703
318,0.0007079845705355157,0.161362741249092,0.8306580184996156,0.00021841941649795014,0.00705283626425891
319,0.005452543867882004,0.8434347899655651,0.13876098950075272,0.0013922156648318745,0.010959461000968378
320,0.0022693121030015846,0.4994764251933494,0.4911420118891959,0.0004911981135411038,0.006621052700912096
321,0.0017560703441972575,0.7842078196199871,0.20623573387869004,0.0002449681412259858,0.007555408015899684
322,0.0010650615818104988,0.5336769132323924,0.45941607723243755,0.00019785595061452122,0.005644092002745025
323,0.0015511009197428944,0.2647959769395314,0.7282223591548082,0.00015891096588828074,0.005271652020029224
324,0.0025151040485781972,0.6570448655652221,0.32612757924615626,0.0003272470851052057,0.013985204054938156
325,0.0022777762991006375,0.6221702792761686,0.37013088643078046,0.000534911611815092,0.004886146382135162
326,0.0032918988885797594,0.6066961321069638,0.3769621856836494,0.0006152596926010768,0.012434523628205893
327,0.0034054516628759285,0.6036174468556383,0.37911008283508174,0.0005364764864359204,0.013330542159968109
328,0.0021136709419080405,0.7077814379809143,0.2823596877992398,0.00041484907086675643,0.007330354207071189
329,0.003074523617094291,0.7180226964305026,0.2715729066677045,0.00046548906688230636,0.00686438421781636
330,0.003482416698822215,0.6464266567335372,0.3448165587334931,0.0005492483247383328,0.004725119509409285
331,0.003700455516242929,0.5523848343918291,0.42983288361323524,0.0004609753686463794,0.01362085111004641
332,0.001785161686730829,0.42729291813370646,0.5665116678347187,0.00031561020038087446,0.004094642144463017
333,0.004692582376989813,0.5773995063734281,0.41010924522196424,0.0005065267217973968,0.007292139305820462
334,0.0061592942915257715,0.7334279188445484,0.24907042539155275,0.0008932175799970899,0.010449143892375886
335,0.0077577172219746434,0.7840568271782535,0.1943649157472778,0.0012822345313361371,0.012538305321157855
336,0.0026485217758067626,0.3062499025790243,0.6844803194017504,0.00035272724315859027,0.006268529000260081
337,0.003036764578652448,0.5303219852778097,0.45409230955589575,0.0006653865191804984,0.011883554068461631
338,0.0008687432276761021,0.332936996020875,0.6566081812111457,0.000344953945792785,0.009241125594510402
339,0.0022820391723959196,0.34905744675914957,0.6434990526812973,0.0004856531170424662,0.004675808270114836
340,0.0045136070590959644,0.7193899225677279,0.26016524023061666,0.0016910132545207663,0.01424021688803864
341,0.0055474395008040965,0.23562200855351223,0.7367314399924701,0.0017427559200854262,0.020356356033128072
342,0.16676088973526185,0.7225621369424905,0.06661935818102681,0.02007035381273194,0.02398726132848891
343,0.05203971342153293,0.9297892954200361,0.010742429422311739,0.003222326092169698,0.004206235643949586
344,0.02098219556168949,0.9371803817994044,0.03221514245615629,0.002514737749545164,0.0071075424332045474
345,0.010548915146787265,0.9798052671613444,0.006402322037359134,0.0014103440689338682,0.0018331515855754684
346,0.0046473640275797295,0.9593753208816355,0.029851572289850012,0.003247036837464238,0.002878705963470488
347,0.013789777226707281,0.9194150018495988,0.05797031604326986,0.0028824068795828615,0.005942498000841151
348,0.024180671340937064,0.9300266598568698,0.032974621681516186,0.005979117483575323,0.0068389296371017035
349,0.054619506676297024,0.9185334459852282,0.0060151091681457354,0.017179936795161943,0.0036520013751670595
350,0.02290472434333862,0.9650587270430235,0.007991331353355816,0.0027376583654692486,0.001307558894812752
351,0.011147184957445034,0.9851852738648499,0.0009291312507016769,0.001694434003511275,0.001043975923492055
352,0.0021455062420909364,0.946028998777156,0.04984136337219707,0.0006591378473437913,0.0013249937612122378
353,0.0028537627813080145,0.977290107612438,0.01780659467684344,0.000825821940947212,0.0012237129884632137
354,0.0077425909698142096,0.9703738967667725,0.017966195734056205,0.0016619910631101979,0.0022553254662468643
355,0.0024935069217396286,0.742471224008734,0.2504211767741786,0.0016596326327697158,0.0029544596625780037
356,0.0947411366026003,0.8496695680783122,0.023101389875129538,0.014186679162078423,0.01830122628187961
357,0.02338600406053713,0.96794595808079,0.0047698672446792436,0.0018541082250974354,0.0020440623888962105
358,0.0383805995923505,0.947610723961518,0.008845736847466338,0.002442783749686858,0.002720155848978363
359,0.003951885414001134,0.9914849605404806,0.003066188600457117,0.0006989615633278577,0.0007980038817332719
360,0.006710216227461679,0.9713693339059933,0.016809626427135484,0.002795904949923533,0.002314918489486087
361,0.015304946257336688,0.9302252633431802,0.046686362959637975,0.0030957633949340486,0.004687664044911038
362,0.0025585380415585513,0.979208896431523,0.0165314117358353,0.0006906347624644243,0.0010105190286187643
363,0.006694444474044895,0.9681281909633449,0.020704175132234246,0.00158730180162297,0.0028858876287529136
364,0.010921435674664179,0.680509920173949,0.2985184154237467,0.003041344395512356,0.007008884332127786
365,0.008727240713259627,0.975155165843216,0.011616014391388003,0.0016588845841205443,0.002842694468015768
366,0.006725726717901756,0.977859810570389,0.011675279496617518,0.0014291849011498251,0.0023099983139420375
367,0.0124064535670164,0.9724138186255502,0.00930272125859488,0.0030185284595691166,0.002858478089269304
368,0.005969287624383728,0.9582882190386167,0.030022953368793126,0.003036282715315003,0.0026832572528912636
369,0.002662245669343692,0.95757943339081,0.0360495112287061,0.001540423837850652,0.0021683858732895844
370,0.005852660894422419,0.8831685292000699,0.10243721592340954,0.005275664988647401,0.00326592899345061
371,0.004374924334991793,0.8807418278826582,0.10440287692461456,0.007903988111798021,0.002576382745937385
372,0.0043449217842117084,0.6624093164016599,0.32109581619847055,0.0074182262092465584,0.004731719406411372
