epoch,N1,N2,N3,R,W
0,0.020845863200496025,0.0037797895381901855,9.945613484789322e-06,0.0026452165009998208,0.9727191851468291
1,0.02988373756106602,0.00821732854589419,2.5748073190523918e-05,0.002382642507811989,0.9594905433120373
2,0.023053154383587026,0.005108428710400283,1.4432280710008432e-05,0.000283410263518273,0.9715405743617844
3,0.34906895984918895,0.02398061100119432,4.681302557648457e-05,0.00797154111747966,0.6189320750065606
4,0.02170181322236115,0.003971531477790839,1.1896235858575091e-05,0.0002138021405500438,0.9741009569234393
5,0.036910281473302636,0.025027701226259722,0.00013240585681056395,0.001285996023550743,0.9366436154200762
6,0.18066217708561194,0.022824546346454058,3.071849718586504e-05,0.004845701753778489,0.7916368563169696
7,0.2815479671687945,0.017981354732147056,2.674331516552379e-05,0.00459915247030201,0.6958447823135909
8,0.40336354337350855,0.03720472053003111,7.046011926015111e-05,0.010780430704802139,0.548580845272398
9,0.008436579477649251,0.0022182372610170067,4.7973561411852434e-05,0.00012863541390602273,0.9891685742860158
10,0.5186956332795255,0.019407967300966292,8.228898002951743e-05,0.0033102207416670264,0.45850388969781164
11,0.5733347141952505,0.03549152578697142,0.0001682222500891894,0.00371310465717438,0.38729243311051453
12,0.8005093017401541,0.03450134078648867,0.00026316868640635947,0.003961729054692567,0.16076445973225834
13,0.040868087514649605,0.036124164344614254,0.0006476553047727033,0.0023172565628178377,0.9200428362731456
14,0.2862213916209297,0.09587478452005012,0.0012895115699294918,0.04778561271515668,0.568828699573934
15,0.0471636194491182,0.016796112025569358,0.00047441447402045824,0.001361149202768555,0.9342047048485235
16,0.161391259254748,0.07428045556870494,0.0017320510295768378,0.04261157866133258,0.7199846554856377
17,0.23305342925179642,0.11396023955975873,0.0024746923855223472,0.05285518008587169,0.5976564587170508
18,0.115047427018287,0.04136635656020777,0.0001297299270472859,0.01218565856790176,0.8312708279265562
19,0.3585985318639328,0.42943007164274716,0.007587232233980908,0.04204009854835179,0.16234406571098733
20,0.325516561623289,0.43724020726147717,0.0056344693504175765,0.022153220978270223,0.20945554078654613
21,0.30193521232839327,0.33553763861236824,0.0020087540804117556,0.012876136562838727,0.3476422584159881
22,0.08113224201301653,0.847058138628037,0.020091454414350517,0.01372362156253913,0.037994543382056836
23,0.20617736629812997,0.13246852195749106,0.0016126891371189259,0.012119641767037606,0.6476217808402225
24,0.36892571136442626,0.49258833193523577,0.013481507511715816,0.024009141656923364,0.10099530753169875
25,0.10430003135704927,0.8139597272545384,0.01736601497926367,0.02588544224147479,0.03848878416767386
26,0.42871575772322024,0.31029673719347595,0.0020193236509879896,0.026773241404673968,0.2321949400276417
27,0.10063784281019957,0.4650804667637697,0.0016031359269934326,0.005105245737871451,0.42757330876116567
28,0.16519081198760469,0.07165837130121007,8.242988556400225e-05,0.0025407606392589014,0.7605276261863624
29,0.44449723378422656,0.38398688645861645,0.0008039212681484598,0.005242730370764351,0.1654692281182442
30,0.25502207006206845,0.512232936515401,0.0008648468721156196,0.004151585025361157,0.22772856152505372
31,0.60242331579934,0.2872047193722519,0.0007710165826514819,0.017392725903096876,0.09220822234265971
32,0.3024094840014759,0.25284183072266153,0.0005410581501162879,0.006176251797269807,0.43803137532847636
33,0.24386086381437183,0.6387301123875408,0.004370506863784819,0.008715203157206714,0.10432331377709575
34,0.37377732590122525,0.24711607291778534,0.0021830432678962316,0.021435901073988517,0.3554876568391047
35,0.3460708409338826,0.4079956117075656,0.013976104596135653,0.004713877709719945,0.2272435650526962
36,0.3355200577107199,0.5841173459867482,0.011599061491050486,0.020281285787820545,0.04848224902366075
37,0.46948648823741546,0.42268994452972036,0.013520000700978432,0.011684837695695121,0.08261872883619062
38,0.13424286302490634,0.7577796199931743,0.052878811178620845,0.010048204254136328,0.04505050154916222
39,0.08008022145219033,0.8603961871096305,0.026035360840887305,0.020116517326538196,0.013371713270753498
40,0.05254373031964612,0.8270531887035631,0.051315410127795266,0.006639705300375208,0.062447965548620296
41,0.03860088168448556,0.9050956680033374,0.026597923778569003,0.005718312043860856,0.023987214489747187
42,0.07535062342526652,0.8482298942958857,0.023996221936448552,0.013334662773129202,0.03908859756926995
43,0.1105567574745389,0.8121617641248813,0.007223578481994876,0.006447994898913101,0.06360990501967168
44,0.08610370330971567,0.8697886125997102,0.02587690078015382,0.007806030261489376,0.010424753048931054
45,0.09229853970930421,0.8832221986244453,0.01028279511512282,0.003220592123675236,0.01097587442745256
46,0.07084383858992685,0.8500255691734446,0.05215143805310308,0.003159001500134415,0.02382015268339084
47,0.027559719126232864,0.8747973812791814,0.08146877802398465,0.0028283059339315915,0.013345815636669459
48,0.14320980499311553,0.6868652321879477,0.018604402719215016,0.003960944746268424,0.14735961535345318
49,0.1461464465538358,0.28319806740269043,0.004112951489753121,0.0011664660325565533,0.5653760685211641
50,0.1336296165596213,0.7961881414067187,0.045373316983897606,0.0030477661204084375,0.02176115892935384
51,0.15271993322801858,0.7599483591424377,0.01621055409680527,0.001863762611628843,0.06925739092110954
52,0.3445249527247875,0.6035480142445467,0.010320407946040236,0.008518622385707811,0.033088002698917665
53,0.08816964567856976,0.8630038597204724,0.020265232880064175,0.004530524874634782,0.024030736846258744
54,0.08282933155190378,0.8415052035093394,0.03799503793729185,0.008866885705234775,0.028803541296230403
55,0.2703880195512812,0.5095975030440805,0.008102602697260054,0.002988731452997538,0.2089231432543807
56,0.16991282439236677,0.7793494928481122,0.013741371847804811,0.010538610799538417,0.026457700112177924
57,0.3248934655485988,0.3207905138628053,0.0042640136179591765,0.002499827484095929,0.3475521794865409
58,0.17737941115847103,0.775550259750511,0.02444089786524127,0.004522413707944859,0.018107017517831964
59,0.09808266744854781,0.8616469049039145,0.011665053763417052,0.00460777426307019,0.023997599621050487
60,0.30465576118407217,0.6505861411229095,0.004717497909042305,0.026784405582703986,0.013256194201272187
61,0.18453968344598254,0.7419114073517108,0.004620457000660756,0.009738779994950968,0.0591896722066949
62,0.1408381056675079,0.8351133799156172,0.0038644389310318276,0.013858772343136275,0.006325303142706928
63,0.255090260494156,0.7263664890035298,0.0020069325885151376,0.0051339283215034535,0.011402389592295658
64,0.16087858113360323,0.7495986395940141,0.0030494538594495633,0.002010211502118125,0.08446311391081512
65,0.30424559191096,0.6673862886786407,0.0027773302937820093,0.007273965579443197,0.01831682353717401
66,0.04223182197700298,0.9124434269622455,0.020484518968412205,0.004363480535063675,0.020476751557275675
67,0.232886936292536,0.6217999472528801,0.003489985586901069,0.011199372622191117,0.1306237582454918
68,0.1398886480600039,0.6807758184237809,0.008073651254292253,0.01799380199081757,0.15326808027110556
69,0.39774388606594535,0.16300576983439669,0.0015992714264597213,0.006841817243631691,0.4308092554295665
70,0.12544758001398712,0.09202210459793576,0.0008684029680457434,0.007369622104964368,0.774292290315067
71,0.007749265443375695,0.0036047457668346235,3.587023156466844e-05,0.00021044341138229042,0.9883996751468428
72,0.06636796884322715,0.009893660203689716,1.7815196708004494e-05,0.001013122379393954,0.9227074333769811
73,0.6968751590317419,0.010497493607438794,7.815481986491098e-05,0.001462556146945745,0.29108663639400867
74,0.4486285277552016,0.011673078947060274,5.497057427797514e-05,0.0006348227771395741,0.5390085999463206
75,0.5921119675977019,0.3121821806663515,0.0011045682885557557,0.016838556612333053,0.07776272683505779
76,0.4980785884014032,0.14739627075913478,0.000879972692861586,0.0828250467434244,0.27082012140317596
77,0.35354500053106774,0.4636232722167651,0.00262045848921071,0.14702857930014482,0.033182689462811665
78,0.12350785749147451,0.05723906163890741,0.00032724256641016215,0.060198773457049715,0.7587270648461582
79,0.3894053255314955,0.36871258736349716,0.002320299183260742,0.200491928899687,0.03906985902205952
80,0.33948318989828496,0.3350851856137908,0.003358741506937457,0.22919245074945885,0.09288043223152805
81,0.10735653345052781,0.136210697838944,0.005783197870093779,0.01125755338257095,0.7393920174578634
82,0.2293549728961387,0.48319391571357356,0.012639628870716138,0.10187456567393827,0.17293691684563328
83,0.09282233884920746,0.018028350674598424,0.000875461953695299,0.006098698514546587,0.8821751500079521
84,0.023424941484251904,0.0037947340157499575,3.618492551609932e-05,0.0022387899120586544,0.9705053496624234
85,0.05841572617289016,0.0028189915024138196,3.8735489322482084e-05,0.0021833626224039083,0.9365431842129696
86,0.013401188339772063,0.000594346498529651,2.0519939859668913e-05,0.00016264181468752492,0.9858213034071512
87,0.05858145475933738,0.005054844293757629,6.775458537155014e-05,0.00029444534933118947,0.9360015010122023
88,0.014302705337629413,0.0030109742686495983,2.6324800392809997e-05,0.00014942047090889542,0.9825105751224192
89,0.276053872618161,0.0038909567667756314,2.932935585956598e-05,0.001653143654484858,0.7183726976047189
90,0.11070208338078176,0.001313984331531989,1.1251394587341764e-05,0.0011181618111039192,0.886854519081995
91,0.14212469484033438,0.004316372620907589,3.356505227731126e-05,0.03048163176904254,0.8230437357174383
92,0.2214065940180236,0.002991742776321008,1.6420684054649854e-05,0.04494725545827187,0.7306379870633288
93,0.25113186549311856,0.007735157668312271,3.9115678054616104e-05,0.18564009369964468,0.5554537674608698
94,0.223823797239338,0.01021570982239388,3.2936591665913005e-05,0.3443650884933296,0.42156246785327267
95,0.4113250844005277,0.02014712842643855,4.958164240439463e-05,0.4098592629349324,0.15861894259569703
96,0.19134885548271877,0.013663595483943197,2.5708867454630657e-05,0.12213225755396413,0.6728295826119193
97,0.330356734718138,0.011254464902233396,3.0361408999101483e-05,0.12186401264093528,0.5364944263296942
98,0.11863363366490537,0.023302232357223784,0.00011370590227027749,0.01406422506536503,0.8438862030102354
99,0.5625861879912608,0.027751157261070563,0.00014302495310374754,0.08916180898417445,0.3203578208103902
100,0.613418521263615,0.10511233235909759,0.0008354361160753423,0.22835363094623845,0.052280079314973645
101,0.1519927382341212,0.21927599882340093,0.0006481941736684942,0.5799909661710769,0.048092102597732285
102,0.06884512936947286,0.1931231697610826,0.0008376055818277568,0.6823708020950608,0.054823293192555855
103,0.09911127998463055,0.05962820893918218,0.0003339533784019192,0.5122887785356903,0.32863777916209497
104,0.046085790123026944,0.013758481813843062,0.00016086702828357438,0.03512727226931894,0.9048675887655275
105,0.22631021377559044,0.04296975885026492,0.00014809630589229585,0.2605238205625524,0.47004811050569995
106,0.18298699431458748,0.01489025533863554,6.072189989813652e-05,0.09867499090896166,0.7033870375379172
107,0.43964879776073984,0.08358458595608458,0.0001719656055705811,0.16945024451381946,0.30714440616378574
108,0.12852881081784506,0.022767150373692556,0.0001178494771990648,0.044018973016136664,0.8045672163151267
109,0.49740318552017193,0.11579315565195705,0.00013257767807176452,0.1835988717126194,0.20307220943717982
110,0.39834248802213107,0.23479992386143939,0.00045336527181486793,0.23106574816865708,0.13533847467595772
111,0.35729891717138546,0.04692513948566714,0.00012108999068170757,0.5008049174615183,0.0948499358907474
112,0.19301905936692212,0.03695110552397259,6.085549890070837e-05,0.20054243150526668,0.5694265481049379
113,0.5705310812027499,0.04051148991855969,4.7747536610895606e-05,0.33140525897808265,0.057504422363996936
114,0.5530290802045755,0.06363004024326004,0.00010550950604824649,0.30549095323042574,0.07774441681569053
115,0.10312142571641167,0.01932115679656052,9.075016807474142e-05,0.03155674296941138,0.8459099243495417
116,0.44136408712904845,0.025654067854054764,0.00020129194392202502,0.47003888044350095,0.0627416726294738
117,0.5601324735324066,0.011301974186827686,4.503029432458704e-05,0.1449037096263092,0.283616812360132
118,0.6256202506041189,0.13219205076302196,0.00020320857295324217,0.20635285539873724,0.03563163466116859
119,0.30675074969125365,0.0709035580332563,0.000219993902688452,0.6001583168647047,0.0219673815080969
120,0.2963444212017942,0.04343774781360537,7.510007137631538e-05,0.5865490083347137,0.07359372257851035
121,0.4269395742941964,0.2894869101964642,0.002928972618552729,0.14576156771895785,0.13488297517182876
122,0.3714807613210759,0.07792580008645004,0.0001032744135299088,0.19597417152066487,0.35451599265827916
123,0.5913221829972536,0.08518521761335751,0.0002541102602514079,0.22608079770510825,0.0971576914240293
124,0.40240534371499354,0.3840933108768658,0.0008084539912716973,0.1909559518705065,0.021736939546362532
125,0.6359580145316127,0.13370135216474952,0.000385061395231964,0.15497473073196547,0.07498084117644041
126,0.2095053999692613,0.5305023318031903,0.00041927575739085645,0.2523350666153647,0.007237925854792829
127,0.09454747226185534,0.7223932770148928,0.001494129402884939,0.17625112073238078,0.005314000587986001
128,0.3158018552559586,0.5261911650296279,0.0012709300332090217,0.05252471321637235,0.10421133646483205
129,0.059356351931916594,0.9016064080924094,0.006045172264642516,0.027437028942030667,0.005555038769000778
130,0.20597031657826603,0.7020627992704745,0.003578650390445238,0.03791092004172316,0.05047731371909104
131,0.1322013338385881,0.8140851852529876,0.002806897003805654,0.012728034936337744,0.038178548968280906
132,0.4325568845751107,0.4706992152907537,0.0024299993665582303,0.06478732247826757,0.02952657828930995
133,0.46433385627962787,0.48931722215142864,0.0006293218512191906,0.007390466017462912,0.038329133700261336
134,0.33725712238891875,0.22488273498704628,0.0012973119293000716,0.0021313421842016375,0.43443148851053315
135,0.0665006792339673,0.9207603150896154,0.007409364781487065,0.00232996783890471,0.002999673056025597
136,0.07782050791043722,0.9048143485785562,0.009361802726326673,0.004065517880781078,0.003937822903898813
137,0.11379096265237484,0.8433308140421114,0.010405252160276155,0.005528808891123432,0.02694416225411414
138,0.10024980078895983,0.858532637789969,0.007296968850035598,0.02699437843697386,0.006926214134061681
139,0.15818295017334966,0.8183101472931837,0.0039688412742394956,0.008948961661826257,0.01058909959740106
140,0.37576787860977423,0.5910751776038506,0.0012831732873949007,0.008605919016556,0.02326785148242421
141,0.08768497192760591,0.8925162571107788,0.010867021929566243,0.00420977885953271,0.004721970172516445
142,0.10204131809341202,0.8759616874325827,0.012206404394773359,0.0043275171362654585,0.005463072942966401
143,0.06542939526473292,0.909734654298896,0.016512057162289373,0.0024909611589883896,0.005832932115093572
144,0.01782712507355166,0.9114875504705192,0.06242269973852003,0.0024681460007720192,0.005794478716636903
145,0.0736182688714424,0.8828802592987897,0.029129885944119704,0.003922089811345079,0.01044949607430322
146,0.13209298675072492,0.7598618262967735,0.06149772721255448,0.009290606396773685,0.03725685334317333
147,0.05763815957025588,0.8787219096247071,0.03116251897993589,0.004105900780849343,0.028371511044251785
148,0.1856481085742504,0.7657717459508336,0.021105894311569232,0.01325401334670047,0.01422023781664615
149,0.15663163807668,0.7989793631353489,0.01761097788383679,0.009726710042225792,0.01705131086190851
150,0.11011643363892756,0.8589176953023601,0.016346670724782943,0.00742639393172893,0.007192806402200344
151,0.12034657041724904,0.8372336522321534,0.013206145648516871,0.00926264502197945,0.019950986680101153
152,0.08886512075865864,0.8513667582772485,0.019100060889723176,0.002954724780861976,0.03771333529350781
153,0.12729957025490005,0.8410563868331441,0.01916616437877805,0.004677729300225706,0.007800149232952115
154,0.12365730422629824,0.8416150250423151,0.0072648721803579295,0.003997695979286271,0.023465102571742363
155,0.0936242660284881,0.8479916124728148,0.03595300104415838,0.0024768359184997118,0.019954284536038966
156,0.12557442966008628,0.8484385916902729,0.013766793788524235,0.006504850222227668,0.00571533463888883
157,0.03402516346601425,0.8874105567619381,0.06853663040727952,0.003882581316447539,0.006145068048320462
158,0.03981550774990265,0.9404243385671571,0.010146608581597804,0.0026267511829296446,0.006986793918412918
159,0.026286199491495122,0.9206681462832306,0.043017008415441475,0.0025269996338716963,0.0075016461759612185
160,0.0645988541870159,0.8964914466429978,0.018283794088412637,0.01491746149939404,0.005708443582179541
161,0.04426849679229025,0.9126345444606855,0.017253815525509877,0.002208430603016346,0.023634712618498224
162,0.07917195958985998,0.8507704833723037,0.044051592862011615,0.0064964200259901425,0.019509544149834745
163,0.18810148673966892,0.7839089318632931,0.006478271038363019,0.006235266308993273,0.015276044049681777
164,0.09279682532679455,0.8452114768846017,0.03774166955877723,0.007443451917711327,0.01680657631211519
165,0.19282846929497532,0.7607297680534508,0.020341473277402763,0.015642705602015385,0.010457583772155702
166,0.08439646709239466,0.8881218511193745,0.013729062766799085,0.004529835679795604,0.009222783341636266
167,0.022901806813251838,0.924147818186425,0.0435311112258484,0.004272792830870947,0.005146470943603671
168,0.1784036080099236,0.754693092567946,0.020153555952468823,0.015616461493529651,0.03113328197613192
169,0.017509769978012454,0.8631807698121131,0.11139933400839154,0.003326887720418403,0.004583238481064475
170,0.16825733317682193,0.7429961032951965,0.036337062139070946,0.026628726192314534,0.025780775196595912
171,0.040207355703757074,0.816419728759459,0.11907535866369763,0.009157753596473493,0.015139803276612745
172,0.13600974850975267,0.7497974525678,0.020917334120752293,0.04752491209779734,0.0457505527038978
173,0.05401186827197611,0.9024219755617586,0.019504998407115462,0.008204071110996356,0.015857086648153332
174,0.08486981187179082,0.8497820830284943,0.026855122279557043,0.021106787001962987,0.017386195818194818
175,0.29683332822059494,0.3546797940352115,0.004238410149034817,0.03662855210566606,0.3076199154894927
176,0.4769465195590853,0.2581355987550272,0.0013405184515751741,0.09615790326924321,0.16741945996506916
177,0.396476703126986,0.1463386425278052,0.0009450460293919671,0.0937458432189928,0.362493765096824
178,0.37809031765797,0.09213153280474207,0.00016526108822925654,0.021114725580571002,0.5084981628684877
179,0.5723881360298095,0.20615103028873016,0.00026483573517318177,0.19396011848428926,0.02723587946199778
180,0.31529571820048014,0.3209149885911689,0.0008582127030608339,0.11933331422635898,0.24359776627893123
181,0.40236533389327556,0.11508369366893856,0.00024582286514077773,0.4445679226633107,0.03773722690933432
182,0.09032797749405155,0.07030828941128729,0.00016434177680212827,0.39491733290956327,0.4442820584082956
183,0.3634545327637446,0.13139345662709698,0.00022593930706503196,0.4405088030925637,0.0644172682095297
184,0.25680650184361753,0.15410158196852708,0.00030920161102707274,0.479291532196105,0.10949118238072338
185,0.34981818326279845,0.19127398774604587,0.0003421593231833588,0.4262881421908233,0.032277527477149015
186,0.15745658620772846,0.1394409631137083,0.00027819300037438795,0.5908943766961516,0.11192988098203738
187,0.19978016537121832,0.15781076337184424,0.000493922813840202,0.4895781878534889,0.15233696058960838
188,0.2227835488785513,0.029529141765320305,4.850360991117286e-05,0.7188272582052047,0.02881154754101257
189,0.1724228950600949,0.06537120653985541,0.00018613922085495137,0.6517695306420795,0.11025022853711526
190,0.07585500835277403,0.03096408988010152,0.0001821981036620488,0.8594007646964327,0.03359793896702959
191,0.15717237181086532,0.03953275114097891,0.0003119879018037363,0.6286856894723307,0.17429719967402132
192,0.07979916355011216,0.02394104311974234,0.0001619599593075835,0.8788248779643991,0.01727295540643887
193,0.08837779709160959,0.038162620167131435,0.00028820590366532495,0.8172035280287634,0.055967848808830295
194,0.1920363781875366,0.02919605058354981,0.0002812661718950002,0.6389520806136637,0.13953422444335492
195,0.04463042239442523,0.021154687389926572,0.00010903590485823882,0.9265079141377887,0.0075979401730015385
196,0.024990719623808475,0.011691366836283813,6.210769311674238e-05,0.9506149805991129,0.012640825247678166
197,0.07061575548304092,0.008660306412108432,2.8658500596287773e-05,0.9049419939865347,0.01575328561771971
198,0.07969763071249092,0.019840077404920234,8.6277963902583e-05,0.606880849705742,0.29349516421294436
199,0.12429756872013349,0.024709397256965877,8.456623147285335e-05,0.672923720815818,0.17798474697560973
200,0.568433603786482,0.03458983427247293,0.0001180912826974638,0.31521040032968095,0.08164807032866665
201,0.16438833025909588,0.0445627933768807,0.00010060205494516068,0.1084556271887502,0.682492647120328
202,0.3742433548471399,0.016989002340295965,7.723307456894856e-05,0.13699572500698923,0.47169468473100606
203,0.468087784206632,0.011493244985084519,3.744151763138167e-05,0.2143142587004567,0.3060672705901954
204,0.0036127060576491036,0.0006001334301297152,1.87912582854597e-05,0.0009742919065225211,0.9947940773474132
205,0.03240812928724626,0.002010657942653232,1.2365364519998112e-05,0.00268424223659347,0.962884605168987
206,0.25360972083017175,0.015997681722936894,2.840984774406478e-05,0.008087621562462548,0.7222765660366847
207,0.07934737721930754,0.005075745366358357,1.5233435629313636e-05,0.0053928288259661545,0.9101688151527385
208,0.10546742784127272,0.004458959955063666,1.7257123598938038e-05,0.010701967664652865,0.8793543874154118
209,0.30943364918407357,0.004400320662288635,2.2203710091937233e-05,0.15998769132600726,0.5261561351175387
210,0.11014926442907819,0.0030913835440573158,1.294697749011531e-05,0.12322790950003809,0.7635184955493362
211,0.12165604440408445,0.009728091657185056,1.5370201826583238e-05,0.43383258609721803,0.4347679076396858
212,0.12833901461884437,0.005665832175224174,1.386141455890237e-05,0.6477986928725628,0.21818259891880978
213,0.15630975039411535,0.006392627710688183,1.4734487719590564e-05,0.3880681610173615,0.4492147263901154
214,0.17354311111102638,0.005190167636113971,1.1873416526565078e-05,0.525076421773963,0.2961784260623702
215,0.2408755663548361,0.003147759297841003,1.111153326036969e-05,0.3547255726748641,0.4012399901391984
216,0.2352753586437489,0.0045897174236163634,1.1428358054465847e-05,0.36139094815669554,0.3987325474178848
217,0.10455809247702616,0.005822136964349182,6.309915719415355e-05,0.56590435850498,0.3236523128964504
218,0.1589670434669682,0.004531484045413613,2.740739419164193e-05,0.7526908919694303,0.08378317312399625
219,0.13632006339851602,0.007536788967115559,0.0001391826833698281,0.24634496465802636,0.6096590002929723
220,0.048351696682896746,0.003384159022733184,5.025813423181233e-05,0.17398485189404808,0.7742290342660901
221,0.06491298582001687,0.0036521420690750475,8.478137077742977e-05,0.10935812491313832,0.8219919658269924
222,0.09938285358012976,0.0034709339554523065,8.958751718351274e-05,0.09257022001592573,0.8044864049313087
223,0.015419380758138927,0.0023948463899134244,0.00010789589966098378,0.03466426102146959,0.9474136159308171
224,0.03828606242489346,0.0019285117434264744,6.897966309779316e-05,0.05583808655094735,0.903878359617635
225,0.09133256412914224,0.0010249497018058533,7.807190079696185e-05,0.0641963003273576,0.8433681139408974
226,0.11923817469181872,0.0016631799561441093,6.508091371368668e-05,0.2632899594213994,0.615743605016924
227,0.006477188487507454,0.0009706952063296061,6.62705896789249e-06,0.005467836171523311,0.9870776530756717
228,0.0032432526278311892,0.0003214833825078091,4.0340350667264305e-06,0.002824750048772668,0.9936064799058215
229,0.0163344527646054,0.000348783575372793,6.38130198451213e-06,0.0035401013364440717,0.9797702810215932
230,0.031163575302596152,0.00021122444863538796,9.356934991463105e-06,0.0035843931615674647,0.9650314501522096
231,0.07932231307639358,0.0006147278606404277,1.3048967765922619e-05,0.011667785944843617,0.9083821241503565
232,0.018518190576226667,0.0017309771617720169,2.9810161769534048e-06,0.0021170961792043278,0.97763075506662
233,0.005966544785506675,0.0005558927931572382,1.0857094763745715e-05,0.0007468319477664932,0.992719873378806
234,0.0225746554643595,0.0012206105814330664,1.5256487212183012e-05,0.0028130117386561265,0.9733764657283391
235,0.005358749443227591,0.0004384467364320891,5.04637490999239e-06,0.00046854150645773285,0.9937292159389726
236,0.009148530971541984,0.0003255018208188073,1.16605538119707e-05,0.0006980103872625513,0.9898162962665645
237,0.002886673688870132,0.0005393679992277433,4.480374608895086e-05,0.000374922067270887,0.9961542324985424
238,0.022202055761884464,0.0009819342190640176,5.631236167818117e-05,0.0007564290683953448,0.976003268588978
239,0.047392298655168585,0.00285083395274221,0.0004469316682793812,0.0019620401881120567,0.9473478955356976
240,0.007312705761675574,0.001766838385880838,6.130234351389244e-05,0.0008640925690401393,0.9899950609398896
241,0.005519414682552361,0.0005360045388296883,1.4326674179782128e-05,0.0005684443774861365,0.9933618097269521
242,0.019901027147212202,0.0012488479640220315,1.9935236118082925e-05,0.002020888553988418,0.9768093010986594
243,0.010386520027340949,0.0007640134016254238,1.856561881826944e-05,0.0022689085996762046,0.9865619923525392
244,0.04117109782885132,0.0014927793679476882,3.305499088742284e-05,0.003286420555622969,0.9540166472566906
245,0.031919931570648985,0.001413752922465061,6.568145254553822e-05,0.0030741657801494717,0.9635264682741909
246,0.007877169197855343,0.0019523056972473307,0.0001369787928922766,0.0008547981542840402,0.9891787481577211
247,0.0015775239081997827,0.0005517854196445556,4.833153369196923e-05,0.0008169588832618915,0.9970054002552018
248,0.04597972092093363,0.001728677799285697,4.088539778934097e-05,0.00418237337249708,0.9480683425094942
249,0.06033983364316798,0.005686523750796112,8.075171043411959e-05,0.013480603092007942,0.9204122878035939
250,0.09853996193150456,0.003922083697440092,0.0003060425127058157,0.011908853452185371,0.8853230584061642
251,0.004898911720032145,0.0013221499726835744,1.6598057942098476e-05,0.004945372109285749,0.9888169681400565
252,0.019188786537791866,0.0016449939907762952,3.417255165781451e-05,0.01311903137919801,0.9660130155405761
253,0.0391015626797389,0.0012184123047717875,2.1791192407366442e-05,0.006590464115011954,0.95306776970807
254,0.0332666861766887,0.002438113939505112,2.4784045841013255e-05,0.00748108237379297,0.9567893334641723
255,0.04897212629130789,0.0020998314893925347,4.204319534834236e-05,0.013210798422238306,0.9356752006017129
256,0.0351498774452674,0.0016702689776951082,7.122626932508192e-05,0.011613955342606848,0.9514946719651055
257,0.0918654470858244,0.008585423775382229,0.00026537113272067536,0.02363431750193113,0.8756494405041416
258,0.18249495207110286,0.0031691771331448042,0.00010032122116976602,0.003766285821006922,0.8104692637535758
259,0.10404726025394297,0.01522380456640214,0.0003037586233430637,0.033086968700016955,0.8473382078562949
260,0.0038714014341225548,0.002634685720332469,9.998215108882947e-05,0.0003723041866804529,0.9930216265077756
261,0.0013623810749359424,0.0012202763155663519,3.704732485685959e-05,0.00022885549137335173,0.9971514397932675
262,0.008429386818428112,0.0014710113505104526,0.0001266369433518963,0.0001665075779176545,0.9898064573097919
263,0.33466961422058394,0.010404178766838112,1.8565340840397944e-05,0.0013543173278855582,0.6535533243438519
264,0.7439105273163729,0.0026318672184117253,0.00028757344472637867,0.013148618398852879,0.24002141362163606
265,0.03543411839525955,0.0014872481562374184,5.4723962097339145e-05,0.0029555224726087077,0.960068387013797
266,0.02658516224476595,0.0008440077941069173,0.00013127035882102715,0.056124706393644225,0.9163148532086619
267,0.04195085484631361,0.0008364755086320543,1.0907429702081708e-05,0.031444604134833715,0.9257571580805186
268,0.002916651733560637,0.00016078708151652938,8.835730491241778e-07,0.0005152739759551741,0.9964064036359186
269,0.00909095926912602,0.00040882756553491063,6.836886380446979e-06,0.005046094078470879,0.9854472822004877
270,0.02636289787175593,0.0033817984108096676,9.409271231705986e-05,0.05192847311396,0.9182327378911573
271,0.0989382148977662,0.0032135415595253613,0.0001696097074171524,0.049098357284245296,0.8485802765510461
272,0.13039199230860934,0.005064695746763599,0.0003877007278505905,0.10132689103966476,0.7628287201771117
273,0.05022268953104834,0.012083668657648613,0.00037966959989463994,0.03725220999245034,0.9000617622189581
274,0.007047939449332694,0.0010015606262454954,5.8072611114272924e-05,0.004042951325398611,0.9878494759879088
275,0.021857050415609786,0.0011458712220767042,9.32434333191925e-05,0.011837859061417742,0.9650659758675765
276,0.046350948161179274,0.0016513492493751133,0.00011586078329038625,0.006759863791088829,0.9451219780150665
277,0.07967541046679984,0.005060927911934038,7.435922307389941e-05,0.021319610940090165,0.8938696914581021
278,0.11245032362234206,0.007984315822114335,0.00013607161462630493,0.026300026479908527,0.8531292624610087
279,0.17609899097767076,0.01256801590953048,7.412012156438062e-05,0.021700990879551803,0.7895578821116825
280,0.0055328810148780275,0.004088812182726056,0.0031183788261641278,0.0011453430006203528,0.9861145849756114
281,0.1736080575059933,0.03131637756830197,0.0007558916942635273,0.008636117573428448,0.7856835556580128
282,0.43457978006767906,0.012879730360179358,0.00032710688800401203,0.017424939425664424,0.5347884432584731
283,0.31232998340361,0.021119642589054962,0.00044775699960368086,0.02722189815719319,0.6388807188505382
284,0.23194968666122556,0.014131670643331783,0.00011544442837300103,0.1488450071198553,0.6049581911472144
285,0.20125616428962897,0.05608840460245563,0.00024544117650102126,0.4193083154832133,0.3231016744482011
286,0.02851790299257569,0.0048758908948431535,5.3347241080466146e-05,0.05487183072674337,0.9116810281447574
287,0.106381076714899,0.021052807099932347,0.0004783881190310889,0.38803746025225205,0.4840502678138855
288,0.02134037765794946,0.004592420511469198,0.00020493168679005356,0.012273285325029804,0.9615889848187614
289,0.13438913176011985,0.003550816603768307,0.00018753243551701155,0.0969660638006113,0.7649064553999836
290,0.08562711048839945,0.0032617520333934344,6.349876060167574e-05,0.12897893669714997,0.7820687020204555
291,0.36619911541709826,0.008482897020785432,0.00014183883230461396,0.270839792373409,0.3543363563564027
292,0.20884173798847416,0.012054495376795017,0.0001767198460517569,0.5337925230740478,0.24513452371463126
293,0.10242532089074406,0.005342672546997165,4.800963338946372e-05,0.7810818161434249,0.11110218078544447
294,0.09819446543625622,0.003837103010394617,0.00010395166623160284,0.4746641628077336,0.4232003170793839
295,0.13932023399251905,0.0050523493841018565,3.603303450020055e-05,0.7695462924221852,0.08604509116669376
296,0.19555824316066361,0.011222670789126794,7.449644917970648e-05,0.6227845949052002,0.17035999469582958
297,0.07993067773063532,0.004478671605745426,2.201508474583149e-05,0.7918790360954309,0.12368959948344264
298,0.09317230407004698,0.00782076478597349,4.0398437212332265e-05,0.8581514863457657,0.04081504636100159
299,0.07582266885259525,0.004708928338172852,4.197510581421503e-05,0.8638419888048309,0.055584438898586774
300,0.06467830021169303,0.005108819984962043,2.9776786445453557e-05,0.8304170733381735,0.09976602967872596
301,0.058612416644174305,0.003187596318714672,2.5868050500474157e-05,0.8678802053994273,0.07029391358718307
302,0.07770419364619094,0.005433910061661563,2.6975854237736935e-05,0.8166391701215489,0.1001957503163609
303,0.09297457338266728,0.019197461363991582,3.473785030236186e-05,0.8115447718155347,0.07624845558750411
304,0.12558054718455883,0.012246451310473121,0.00013560688908678144,0.5354247827248119,0.32661261189106944
305,0.08148146631628707,0.01831615207899467,0.00016289024986311979,0.12220025578860404,0.7778392355662511
306,0.2996757017829312,0.03437100517047304,0.0006749150925789783,0.2060259060334545,0.45925247192056234
307,0.17938634673337833,0.08825894370319619,0.0036135142010284343,0.19388429694614892,0.5348568984162481
308,0.016191631207943424,0.02038334192968931,0.00035990849043904347,0.0084535301829754,0.9546115881889528
309,0.004152392829634912,0.003555194789153518,0.0002506869064447254,0.0022792367602797346,0.989762488714487
310,0.0009634910252334624,0.0011798703341875684,0.00146024345364595,0.0002396078491688046,0.9961567873377642
311,0.0060184909843598216,0.0016993952795977514,9.401041250923742e-05,0.0006897173839136656,0.9914983859396195
312,0.016347928303479725,0.0017814578773233986,7.23259350526923e-05,0.0008126504980885741,0.9809856373860556
313,0.0011435333365121087,0.00021757797340315365,2.4624678862449402e-05,0.0001498501327715118,0.9984644138784508
314,0.005609954750520081,0.001110208922646085,4.158252910341537e-05,0.0005728521505922053,0.9926654016471381
315,0.016827097383330093,0.0015748273753094038,7.230359789747859e-05,0.001290675907449916,0.9802350957360132
316,0.002514576217187828,0.0012748772677278507,2.0970726802402714e-05,0.00040893152338565314,0.9957806442648962
317,0.013863950543064009,0.0028221283643919777,5.402335680608586e-05,0.0032966292749330058,0.979963268460805
318,0.021745932616300763,0.0019177972937546855,6.420262234871288e-05,0.005504618113846711,0.9707674493537493
319,0.06373243323474052,0.002090740698115699,0.00012717465287085455,0.02245544650592447,0.9115942049083484
320,0.08521362252713321,0.005433381111200639,3.252810638952715e-05,0.08071920482123704,0.8286012634340395
321,0.15275811033867442,0.012577052584470153,6.727307945133125e-05,0.11518201648797108,0.7194155475094329
322,0.16132188444589254,0.006672623045429586,5.913563818820333e-05,0.38135042537297387,0.4505959314975157
323,0.30719515080630094,0.008048017328276189,8.66936757307753e-05,0.35444101271795486,0.3302291254717372
324,0.14581968991395233,0.004250498165253696,0.00010089076828434285,0.33759183899445305,0.5122370821580565
325,0.10591169187510104,0.002444110054708867,4.190472994710665e-05,0.1580788946214893,0.7335233987187537
326,0.0700843414021671,0.003690717530963023,3.375153464890805e-05,0.2512534607124076,0.6749377288198134
327,0.053656486719782744,0.003921944464902455,2.9520302325653758e-05,0.09703529816551722,0.8453567503474719
328,0.15019790700490662,0.004800055031684587,2.919230445038551e-05,0.1545229851265028,0.6904498605324556
329,0.26033219831434246,0.00749556469466494,3.278955091445857e-05,0.46915594213662176,0.2629835053034564
330,0.051901923198280075,0.00864676902859177,9.610899218824551e-05,0.09418495323720517,0.8451702455437348
331,0.030070696257398558,0.001874075867611677,6.373665636731693e-05,0.05717144478563681,0.9108200464329858
332,0.19355673513728303,0.0024688702810217924,0.00010019205271705936,0.2395883136388088,0.5642858888901693
333,0.20465440414804073,0.0054637828836748,7.245281270803122e-05,0.6132014323567312,0.17660792779884532
334,0.15135788172179723,0.00560214516269126,2.0556757653604607e-05,0.34431181218026896,0.4987076041775889
335,0.2513905702013981,0.007625088542705603,2.935753394609227e-05,0.39605318902213327,0.34490179469981685
336,0.22928918973597082,0.005647854956987119,2.7681853708359093e-05,0.36232294795529174,0.40271232549804203
337,0.13551279023000992,0.01420397544928256,0.0001592163777293456,0.09491577408134666,0.7552082438616315
338,0.5844025243238875,0.009905596511149714,8.281700994404959e-05,0.15517688499173204,0.2504321771632866
339,0.6281106308904111,0.008809875976694824,5.2957332208154054e-05,0.1436192972371625,0.2194072385635234
340,0.7755361004907106,0.017390526576003634,9.542984093476343e-05,0.16087000116132671,0.04610794193102423
341,0.26235483660955167,0.11515883670007945,0.0005400223291438803,0.5920696978872839,0.029876606473941074
342,0.36531448296262636,0.17010206799406322,0.00031493566865002214,0.43856462050580014,0.025703892868860323
343,0.0817325210249738,0.7267266845545378,0.0009105197572160861,0.185102990441802,0.005527284221470319
344,0.06950860995396065,0.5267762294012207,0.0008577634728468699,0.3907455307878024,0.012111866384169459
345,0.3577023619448951,0.3112603275148439,0.0018990615204162089,0.12470621329976146,0.20443203572008328
346,0.06287260200973727,0.7792134462827225,0.004334742346444948,0.14551282055690334,0.008066388804191912
347,0.41334476650649715,0.33375893772824766,0.0009577755097977287,0.20810397594217508,0.04383454431328234
348,0.0717499909659223,0.7340357973151559,0.004185530643992144,0.1787762771188957,0.011252403956033892
349,0.1575616086645905,0.4497506063144509,0.0013357691953331413,0.3588827970364211,0.03246921878920415
350,0.2352635646815882,0.4811459111422984,0.0009335578701949595,0.2649154669270701,0.017741499378848512
351,0.234696247337249,0.6177403783032144,0.0006041557730034461,0.10513002991040736,0.041829188676125666
352,0.1710918817374204,0.6465856875026491,0.0006171376152844561,0.1741605993261739,0.007544693818472218
353,0.07445347548004123,0.817203256220785,0.004678966060515407,0.09465348748298819,0.009010814755670091
354,0.027001958190552514,0.9214535141675998,0.006195626212317373,0.04057350986006319,0.004775391569467339
355,0.07403252178789739,0.8670602952588738,0.005471217247859022,0.039775871722828655,0.013660093982541024
356,0.057861849173270766,0.8888023688007327,0.004542698484972977,0.041800275259157055,0.0069928082818666235
357,0.013459332285611067,0.9449418672540085,0.00697438064784185,0.032348606815017,0.0022758129975215162
358,0.0900161294489344,0.8738465778568109,0.002417959525241972,0.025165272631525352,0.008554060537487475
359,0.01556278277106922,0.9402731222543855,0.018499750888347884,0.022832963664999973,0.00283138042119734
360,0.015323133772792694,0.9325380930025181,0.0279561625233622,0.020670570033162854,0.003512040668164216
361,0.0541612819928946,0.8759476493632478,0.018668307221660352,0.04360844790502223,0.007614313517175044
362,0.13007227657869994,0.7877957658502408,0.0056705019248847865,0.06017843431375163,0.016283021332422928
363,0.058562094155027056,0.16491740942287342,0.007827033310584063,0.0023727594800545,0.7663207036314609
364,0.44503508357162763,0.5276778865126097,0.005446273137856193,0.005042322882200697,0.016798433895705758
365,0.10984697595973579,0.8741544197084319,0.008306098592850043,0.003076157847369923,0.004616347891612599
366,0.09174351580684323,0.8782583377630727,0.020659726189924586,0.00492902672232491,0.004409393517834505
367,0.027594901133114132,0.9293363661391002,0.019639187806875954,0.020671203809298735,0.0027583411116109597
368,0.035519559771259,0.8966998003932511,0.033407657352767746,0.03034255216823238,0.00403043031448972
369,0.014050554702143421,0.9566928223223592,0.019969317114264605,0.008027599964275682,0.001259705896956973
370,0.006337049868293949,0.9139042078374933,0.07179172004543002,0.006407959728972725,0.0015590625198100936
371,0.0386654374702821,0.9133523002043057,0.02255332648698505,0.022765368655355153,0.002663567183072224
372,0.02287402104372589,0.9176924733243423,0.04658230654778548,0.00982941072523434,0.0030217883589120065
373,0.07181144008635837,0.8744671985907376,0.025523844395072676,0.023133139701104432,0.005064377226726943
374,0.009298771706352866,0.963578098780583,0.024406143850934637,0.0012768698758391782,0.0014401157862903747
375,0.015905965862538212,0.888036999545297,0.0919218989766847,0.002011711263757255,0.0021234243517227864
376,0.007760712868790844,0.9174718449224055,0.07020351369002568,0.0017944419969070232,0.0027694865218709053
