epoch,N1,N2,N3,R,W
0,0.00180968912220839,0.00017730628832197804,1.6965385140132072e-09,0.0001180199807149479,0.9978949829122162
1,0.009420231547867263,0.015393374629734823,2.344381169106359e-06,0.00033803053197451876,0.9748460189092544
2,0.00269027372801278,0.00018495897839965506,1.4222297288696072e-06,0.00016775532660206571,0.9969555897372566
3,0.04450753287533605,0.02706184963929088,2.767667513617087e-06,0.0010393747673973783,0.927388475050462
4,0.0013627165573010258,0.00017693901178007288,2.294815277259717e-05,7.964508770100335e-05,0.9983577511904452
5,0.054271234662956615,0.13946222192226382,4.6125538549028916e-05,0.0037955362350478054,0.8024248816411828
6,0.002879162536167173,0.0008733459416351324,5.8755883851438946e-05,0.000529494461756083,0.9956592411765901
7,0.009739716459442995,0.0020814834304738136,1.9838543287499507e-05,0.0011380360963906748,0.987020925470405
8,0.2829781644837337,0.02206936130850136,5.137684821792917e-05,0.054521386726022546,0.6403797106335245
9,0.2776645723392541,0.021035282164680643,5.67436740433135e-05,0.04203639901972416,0.6592070028022977
10,0.004766508795355845,0.0019721105633344897,1.787539649059908e-05,0.0017162448813674701,0.9915272603634515
11,0.02751123405422569,0.003945354355995661,3.339223206215407e-05,0.005142807229762479,0.963367212127954
12,0.06346383169718159,0.013160566555264647,2.144537733461568e-05,0.02632488311317167,0.8970292732570475
13,0.04671013237081823,0.007978916901852184,2.2212857392010325e-05,0.013408162380745017,0.9318805754891927
14,0.002873590487699955,0.0015341201654356026,2.5730543147855897e-05,0.0006807092269769882,0.9948858495767396
15,0.02672673548481512,0.006743840739577567,4.107238779164618e-05,0.00755159195588297,0.9589367594319326
16,0.17631961393954282,0.036689968976890835,7.93633034100401e-05,0.043646814481016344,0.7432642392991401
17,0.020599646579396332,0.005966870886418028,1.8891765417774707e-05,0.002880689779000806,0.970533900989767
18,0.3124252911588892,0.04689658502871474,6.950323742249082e-05,0.1323904669243646,0.508218153650609
19,0.14404817574535558,0.12886274705080186,6.434304193598946e-05,0.048556526974970524,0.678468207186936
20,0.06263773859336709,0.06233218637651322,0.00015681478525367986,0.013136762284652092,0.8617364979602139
21,0.0396315395211777,0.020144959459901742,0.0003826366139585969,0.005830495196665582,0.9340103692082964
22,0.21039723557748272,0.1189587386853374,0.00017294472620924266,0.019036083874189393,0.6514349971367813
23,0.013304197220502747,0.002133695378037419,1.2965591476706486e-05,0.0007785374664667767,0.9837706043435163
24,0.031839013666188326,0.009024400253701942,3.0650183883338325e-05,0.0011421230469284272,0.957963812849298
25,0.4719540242274123,0.06516927878349964,7.54836410792115e-05,0.03630229833394041,0.42649891501406845
26,0.3279191370521446,0.06472432738321446,5.223141449826009e-05,0.019174709191159794,0.5881295949589829
27,0.014648294708670849,0.0061131378683064765,1.9299861047674177e-05,0.0016963093542789096,0.9775229582076961
28,0.17755031202937815,0.017081307022716995,2.571618340826368e-05,0.006649201931361221,0.7986934628331355
29,0.001650922013593303,0.00045778700865746366,8.772305431801963e-05,0.0001001305080630091,0.9977034374153682
30,0.07015031027979254,0.005508131968586468,9.149734667834863e-06,0.0011144379613048582,0.9232179700556482
31,0.5111371792579366,0.016992864886693985,3.936571225875719e-06,0.0034539067164590796,0.46841211256768456
32,0.1335407588814101,0.02187393614871575,0.00016475544073742672,0.003015992643738498,0.8414045568853983
33,0.13050613680224082,0.022751782008965098,1.123595858998837e-05,0.0034377920055663983,0.8432930532246377
34,0.33808960935890775,0.2665239255016527,0.003957814873837497,0.02312105803427446,0.36830759223132764
35,0.025788882741295954,0.009199685128478895,0.00012257471743473886,0.0019526658687433382,0.9629361915440471
36,0.0665578285941491,0.022442211651970925,4.7885665087848984e-05,0.0035364277267863837,0.9074156463620057
37,0.1956590734826513,0.524256818254218,0.001993994539452213,0.038590014061934276,0.23950009966174426
38,0.10031644128666369,0.028178701183954227,0.0017332444502925989,0.00332673668984284,0.8664448763892466
39,0.34390849084508623,0.05402579640157691,4.485827816808536e-05,0.03866533970378257,0.5633555147713862
40,0.10727517151515469,0.18412551452298728,0.0016685095656602908,0.01694033395498029,0.6899904704412174
41,0.19692960743393842,0.5642131878833777,0.022641246169823236,0.016529388828892086,0.19968656968396847
42,0.0523662577608503,0.5893607750561448,0.08702727117507528,0.0033662430008496425,0.2678794530070801
43,0.009072847838100723,0.013161373141621642,0.0001526543171044378,0.0011014839085171507,0.9765116407946561
44,0.08914510919123149,0.04327206449676635,0.0001733306055049005,0.010136969419201532,0.8572725262872957
45,0.040166549563222465,0.04742583481016988,0.0001024026600733816,0.0034294804655319653,0.9088757325010023
46,0.005800038403564836,0.002229350630549976,1.2884654293547875e-05,9.778714052254991e-05,0.9918599391710691
47,0.0009271471298551644,0.00046541964795077177,0.0001876117293177502,3.180948632351457e-05,0.9983880120065528
48,0.002373146919067871,0.0015678080871548974,7.687368584694314e-06,0.00010789061481843371,0.9959434670103741
49,0.005905262401447681,0.0007581032609033957,3.289252874246846e-06,8.328175767450847e-05,0.9932500633271003
50,0.09429049610026097,0.002789600138076242,1.2635251124278283e-05,0.00025694459740598156,0.9026503239131326
51,0.0552569378028216,0.005696857411006667,4.015306473212169e-05,0.001170063251949414,0.9378359884694902
52,0.07870851068274783,0.019608424854749448,7.29381629773383e-05,0.0021137438446347393,0.8994963824548907
53,0.1328271020207042,0.03635761399228068,0.00012819705708019304,0.005069202150495647,0.8256178847794392
54,0.597563459416253,0.09534486019084654,8.638255913851045e-05,0.00463981920749896,0.302365478626263
55,0.711922585667355,0.15042134558876696,0.0001274524315165638,0.004664135248482003,0.1328644810638795
56,0.3709148888418794,0.4808050820630929,0.035823097112818704,0.0023910640105622204,0.11006586797164689
57,0.24767480321466379,0.6149698736566204,0.09435529486284934,0.0014853314137795095,0.04151469685208702
58,0.060853245292541096,0.594999238963679,0.3100669472675794,0.000537317197549502,0.03354325127865096
59,0.015135104472914142,0.41329435835486994,0.5556936996228393,0.00048627229978941356,0.015390565249587236
60,0.011432192095128238,0.5202833609546991,0.45925499507781764,0.0003480627198857471,0.008681389152469151
61,0.0034104139122655545,0.27434359952328313,0.7163073576574918,5.0297161988326395e-05,0.005888331744971237
62,0.0035467569194013353,0.24808811490944446,0.7355233440753783,9.654587575841145e-05,0.01274523822001754
63,0.0051679600805088575,0.3702596671380296,0.5925097941034798,7.177854298175567e-05,0.03199080013499995
64,0.0015709744756607293,0.08478213479089325,0.8959823013113987,3.238901686383978e-05,0.01763220040518355
65,0.0010380000398527874,0.0702425086447819,0.9255607877188161,3.892901022106567e-05,0.0031197745863282282
66,0.002425998144598991,0.1618582883419534,0.8308177418455939,9.572911581785013e-05,0.004802242552035901
67,0.0011153951167704901,0.07406873917453762,0.9212826268226763,5.053413336741396e-05,0.0034827047526480854
68,0.0021780771485704143,0.07997741752635786,0.912589234083745,0.00010592595501069635,0.005149345286316064
69,0.00207607564308887,0.10013895872292998,0.8902989076446797,0.0001054592642947365,0.007380598725006718
70,0.05201049224978068,0.5844256378575897,0.31846251672700754,0.002040051016441061,0.043061302149181094
71,0.015889084034692493,0.34438462461343816,0.6263467697972482,0.00023579916659208547,0.013143722388028918
72,0.0017277297474031425,0.11433058403988178,0.8791059447880492,7.470308216548357e-05,0.0047610383425003115
73,0.003495442026749813,0.1392329460836928,0.8511932384928794,8.77667681625106e-05,0.005990606628515345
74,0.012127126029391186,0.24402093639182382,0.7322755232814679,0.0004199630000096974,0.01115645129730742
75,0.001013208372932452,0.041926084514289974,0.95360664489899,3.910212836596627e-05,0.0034149600854213977
76,0.0005096968824450762,0.03590074659673987,0.9614413705066116,3.287067770130304e-05,0.002115315336502332
77,0.0004322372337533873,0.04056868163035721,0.9573096548524367,1.9189791952042386e-05,0.0016702364915007096
78,0.0003355959987656337,0.027605633876295114,0.9704861138390656,4.014024197435454e-05,0.0015325160438993406
79,0.0005924414265005122,0.04124010373930969,0.9565209228212395,4.383225309144374e-05,0.0016026997598590786
80,0.0018565042168411682,0.04781717506947869,0.9448038935083525,5.523516841917048e-05,0.005467192036908439
81,0.00024651849335799333,0.018008052890537352,0.9801755012960335,8.196357126758668e-06,0.0015617309629444092
82,0.00012963015283032174,0.010966195965769122,0.98761404584089,5.852727756708393e-06,0.0012842753127538572
83,0.000428490355789674,0.02128738105293157,0.975433801705798,1.2156884835455259e-05,0.002838170000645576
84,0.00032132971080954574,0.019310560255111103,0.9759400040445324,1.789039362196622e-05,0.004410215595924792
85,0.0005793932233232712,0.021263719997565936,0.9745698070910584,5.715044559102486e-05,0.003529929242461197
86,0.000247745093970171,0.019295063321662462,0.978037664141346,2.4593128719169055e-05,0.002394934314302172
87,0.0004518495675102565,0.02880799600743874,0.9680730786052176,3.206343599426034e-05,0.0026350123838390018
88,0.0009011224576023216,0.06574148785271897,0.9304197999519374,6.754133485996586e-05,0.0028700484028811473
89,0.0006900867486937749,0.04242640563352032,0.954845536881929,3.442425424594742e-05,0.002003546481610907
90,0.0008373474030071613,0.04645314144981991,0.9493590746423678,5.1303806124420044e-05,0.00329913269868072
91,0.000518083379816338,0.05599782357098618,0.9394154433866854,3.5366987718082366e-05,0.004033282674794169
92,0.00022408860611833909,0.02963920198026063,0.9686025105466551,1.4195911227479769e-05,0.0015200029557383339
93,0.0009255985251888471,0.03176734969661136,0.9606984753917366,3.421955685376904e-05,0.006574356829609483
94,0.08176658073675021,0.10708001652455403,0.6528810503417507,0.0004522634215410785,0.15782008897540398
95,0.004040318020597607,0.05053446114877607,0.9120022243384708,6.840128581565563e-05,0.03335459520633992
96,0.020493197078748276,0.08421760583782072,0.8470168694269324,0.00012728300382040076,0.04814504465267826
97,0.0007749373812004644,0.027227326134695452,0.965377630794428,2.2764600995300402e-05,0.006597341088680945
98,0.002138671144747311,0.046534638592662006,0.9403612580787036,6.549490909640632e-05,0.010899937274790605
99,0.0039602640014730055,0.07223112168296071,0.919646315407539,6.273657578144782e-05,0.004099562332245884
100,0.0007104366981474026,0.03251851493421256,0.9643463008765258,3.753468285081641e-05,0.0023872128082632555
101,0.0011499340016841318,0.033377298021816715,0.96267403667595,4.116110758176635e-05,0.002757570192967357
102,0.0005324922836418796,0.024467805230299587,0.9736957800138616,2.8117608553245213e-05,0.001275804863643814
103,0.0012269092624921834,0.03552892343921701,0.9609347630963666,4.564326322492621e-05,0.0022637609386994217
104,0.00028860849230999874,0.009524238695629877,0.9895209849213346,7.373683925320591e-06,0.000658794206800307
105,0.00013698271139784765,0.013927418893618902,0.9849063766002873,5.372199588733559e-06,0.0010238495951071288
106,0.0001450910708131498,0.011079230957786653,0.9879381383462392,5.4964288578877324e-06,0.0008320431963032048
107,0.0002634635862190279,0.010208107540101118,0.9886507805863005,7.288367709015459e-06,0.000870359919670453
108,0.00012047554463671825,0.005377024384657776,0.9940462002998802,2.227469093485689e-06,0.00045407230173170746
109,0.0003983580736013672,0.013607097469076753,0.9851785792032711,1.750051196971184e-05,0.0007984647420811932
110,4.5001056497534676e-05,0.008797698959082442,0.9907310725619851,4.646367630647273e-06,0.00042158105480422987
111,0.0005443179771995388,0.01620673535124134,0.9821855498600907,1.874466413461645e-05,0.0010446521473338511
112,0.0002994507671919549,0.015245494482941047,0.983194770642826,1.823643866405924e-05,0.0012420476683767312
113,0.0005023161235277613,0.011386168337367296,0.986708462519228,4.8746005637434994e-05,0.0013543070142396708
114,0.0013051981895106691,0.02367168748600149,0.9708889098767125,0.00011056877357332453,0.004023635674201946
115,0.00302019895284787,0.06223237794907559,0.9127055623588481,0.00030605082287473746,0.021735809916353682
116,0.2670918952392883,0.3256999006076236,0.06955679686216465,0.037937627200775585,0.29971378009014776
117,0.28184360102412914,0.22265605667756114,0.02077150073650247,0.06100207224139072,0.4137267693204164
118,0.07776314041766001,0.059511821916796145,0.000380706576649979,0.011982582883504896,0.850361748205389
119,0.13227369959092097,0.06881733325092917,0.0007066772098883372,0.011157574617148898,0.7870447153311126
120,0.6008567362143356,0.04547754805277487,3.63620018784377e-05,0.02001935924346425,0.333609994487547
121,0.6801826765629766,0.07270654614899583,4.6301256812883e-05,0.018317505445482912,0.22874697058573165
122,0.7196470325680921,0.09851246504726907,7.207186609446525e-05,0.04325600511969305,0.13851242539885117
123,0.35589218521082466,0.17860096212361115,0.0002954250599415102,0.04153409586640273,0.4236773317392198
124,0.30089072417156454,0.060697756716567845,0.0004418992606368912,0.030743573756526265,0.6072260460947045
125,0.028188176924471297,0.07040631056720807,0.0006927082753312287,0.0037849201380035905,0.8969278840949859
126,0.0008507250239426146,0.0005251997376658752,7.976270106353384e-05,8.841824444707939e-05,0.9984558942928808
127,0.0025502059123718914,0.002041289070264498,0.00015941086054159522,0.0001541165933789989,0.9950949775634431
128,0.0038136702351695877,0.0014485560669761084,4.8342728243359385e-06,0.0004950529895294941,0.9942378864355005
129,0.00937299490996118,0.0018921112206001023,5.091479902156288e-06,0.0004949544697111643,0.9882348479198254
130,0.017553566653315346,0.0028889310656039103,1.3626950243212487e-05,0.0016831462430204876,0.9778607290878171
131,0.3831318194193529,0.01591015450590255,1.7357995262426753e-05,0.006297005396027184,0.5946436626834549
132,0.32485557521770253,0.02257311293235234,1.9135342413126982e-05,0.011571783387421578,0.6409803931201105
133,0.06661971377915027,0.018175046403534043,0.00011740148247349159,0.02644059081428416,0.8886472475205579
134,0.04842510848747381,0.005038959950460104,1.231617835274121e-05,0.029680649854046035,0.9168429655296674
135,0.029980411481680177,0.004767079289325749,5.621261907331856e-05,0.018528751713364468,0.9466675448965561
136,0.018351168586070263,0.002587187789988833,4.687306255568995e-06,0.0059222036886143045,0.9731347526290711
137,0.35716547969496765,0.026295751651950253,7.964863613505322e-05,0.028095004414942,0.5883641156020051
138,0.32483312472294573,0.020590542891593344,3.6253705961543753e-05,0.07184584214334519,0.5826942365361542
139,0.06411409241807285,0.028291361845914853,5.9326662589232085e-05,0.046643496951588044,0.8608917221218351
140,0.01513802213397547,0.0012744309390022583,3.963676498887805e-06,0.012318669087564899,0.9712649141629586
141,0.041554268510699134,0.0026592258743437904,7.712071013035118e-06,0.009896559824837396,0.9458822337191067
142,0.40679177995740023,0.02077232772419484,4.670136601793722e-05,0.037225822127079505,0.5351633688253076
143,0.16072507063216018,0.02086236422082441,8.257815403962811e-05,0.03030907860574023,0.7880209083872355
144,0.3008464049626665,0.0821059027171871,0.00021545149770105113,0.07321365446069089,0.5436185863617543
145,0.06455630837589028,0.026929666043510693,7.240284564268903e-05,0.0652549695063579,0.8431866532285984
146,0.315155675716153,0.048695670308358245,0.0001242785337450066,0.2749909562734439,0.3610334191682999
147,0.004990577236877694,0.0019932822666438054,0.0006955819406882193,0.0039292492523176166,0.9883913093034725
148,0.009244351166453233,0.004283124018464064,0.00013491858165175965,0.00799695282520263,0.9783406534082282
149,0.015616825332333256,0.005317619749960557,0.0010353722959296917,0.017842687757823335,0.960187494863953
150,0.007452239182689403,0.000778546751082828,1.2565381225492576e-05,0.0069092148281613185,0.9848474338568409
151,0.08341882496251035,0.010316586343920643,3.518334827810554e-05,0.06677046947843246,0.8394589358668584
152,0.015224553827647222,0.0013483062091780129,1.4904564972590453e-05,0.022705013033184084,0.9607072223650182
153,0.14821191435896666,0.02048926213149073,0.00017751274220038595,0.06701030117418748,0.7641110095931547
154,0.18171890111429928,0.023355164127449722,5.010451662752505e-05,0.09847672835372849,0.696399101887895
155,0.2718338100579511,0.02353115957142983,6.32266090198714e-05,0.2666014016051928,0.43797040215640637
156,0.26419857112140793,0.03602530388548932,6.785473307192962e-05,0.2740372586394064,0.42567101162062426
157,0.06487555858229256,0.008598460662484295,2.0564600820703053e-05,0.060585627649722154,0.8659197885046803
158,0.335631363577529,0.03484597412515554,8.29290440688346e-05,0.23164670517278577,0.3977930280804609
159,0.24449079163613321,0.044855737179748924,0.00014200910170672663,0.2292932874438857,0.4812181746385254
160,0.20569359238958992,0.05275625041296621,0.00029608304000683914,0.25227122407464075,0.4889828500827963
161,0.05768640492419228,0.014676580352744273,2.5387095505005047e-05,0.1098057581824097,0.8178058694451488
162,0.0033194028162142055,0.005630119450479478,0.0004816805747172979,0.005837777110435775,0.9847310200481534
163,0.0037046838067182515,0.0009467143181582799,3.4321296240870217e-06,0.0037801645846608995,0.9915650051608385
164,0.006033182996577294,0.0004501374015631246,7.892217789709874e-06,0.002123904373307324,0.9913848830107626
165,0.01567042945217032,0.000965121188673561,3.9366272278173795e-06,0.0033361399368288737,0.9800243727950995
166,0.0731981479969056,0.010760751145220264,3.511482559418715e-05,0.005882397271647499,0.9101235887606324
167,0.08034166444433471,0.007575259315985701,3.923710019532947e-05,0.016869774529340634,0.8951740646101437
168,0.0072996011583865575,0.0026691280025037054,0.00011808164994863953,0.01004636071438312,0.9798668284747779
169,0.005347200342679686,0.0016143595795840135,5.956147095894402e-06,0.00763842874029378,0.9853940551903466
170,0.06155299821800408,0.0032665725922832005,8.09872555957291e-06,0.019527080029440987,0.9156452504347121
171,0.182720604804349,0.022131588470594776,0.00012600937083199037,0.04285581581379421,0.7521659815404301
172,0.18772556072722946,0.0402024275280637,0.000662072374793049,0.03597793055529359,0.7354320088146202
173,0.11289873614856015,0.017147426083619757,0.00010120557077958632,0.08159667598429234,0.7882559562127482
174,0.4707392317932332,0.07013405238022,0.00015856524732678177,0.25149105002428707,0.207477100554933
175,0.3137776546139109,0.1363047001314917,0.0006640534034303652,0.42706240518722816,0.12219118666393862
176,0.3008719112325141,0.10140010650692319,0.00026648117842043153,0.23950633002745728,0.357955171054685
177,0.5924061749189614,0.11006596874554031,0.00010714472184120514,0.15159856754226633,0.14582214407139077
178,0.23419498096190916,0.5462023714607716,0.015114720487486353,0.1316372592164574,0.07285066787337564
179,0.4777281301822999,0.36105680155906267,0.0008940768547140847,0.1154492091593597,0.044871782244563604
180,0.053184000260438014,0.8646068788528538,0.02063842619409091,0.0454931459966493,0.016077548695967888
181,0.10252837803517928,0.7570146543705336,0.003739527887569158,0.1164921618786808,0.020225277828037232
182,0.04326469557778415,0.7987168279209121,0.11758298490801058,0.028196441120093108,0.012239050473199994
183,0.06607780539930798,0.8130678030724895,0.02924014676545057,0.07425594790970187,0.01735829685305006
184,0.15123619591050264,0.4996296746402111,0.006137911532071049,0.04730440397198038,0.29569181394523475
185,0.2522926767801872,0.6363306131207794,0.0005750268014418861,0.07651885698546712,0.03428282631212437
186,0.13179916155614624,0.794252823849197,0.03536915110931866,0.028094128234193237,0.010484735251144758
187,0.23917066425932765,0.6623919629402146,0.01213201943679017,0.04853527732790469,0.037770076035763
188,0.02923712233631011,0.884542898843167,0.01609801720005998,0.057864579203306864,0.012257382417156208
189,0.05506926573221795,0.62205165400764,0.07548050960481746,0.06642627977858649,0.180972290876738
190,0.15894251765469072,0.15372122957975873,0.0008136914118143061,0.057507096524681466,0.6290154648290548
191,0.1644089199613058,0.5275505126347839,0.0034628248625214746,0.0570084554334567,0.2475692871079321
192,0.36468546228267207,0.5233342909956629,0.0009714439103062424,0.04422144848883622,0.0667873543225225
193,0.2602194238999106,0.6742090087369307,0.00954604343314743,0.016597772310708983,0.03942775161930234
194,0.11687611748327956,0.5083877905963601,0.026424651703512568,0.07252623819188367,0.2757852020249643
195,0.22321223249669608,0.5573024158047593,0.007219257214284989,0.14441826982642625,0.06784782465783344
196,0.12749218816301805,0.5930574461774586,0.0018479795729658963,0.10344919051427763,0.17415319557227982
197,0.04238541848741969,0.746384436014444,0.03727981952231145,0.037372366214760006,0.13657795976106482
198,0.04312183646971497,0.11824259719788667,0.00697197238340208,0.019966009444271408,0.811697584504725
199,0.01586729856176272,0.0050914440421688635,6.956789549391784e-05,0.005253081679319319,0.9737186078212552
200,0.37261766091395365,0.05632293867154625,0.0003019599547512943,0.15664255665233395,0.41411488380741485
201,0.0068711164466828244,0.002069748113158457,3.224171043779874e-05,0.0035210627762365175,0.9875058309534843
202,0.05679119187009568,0.008255007617034025,2.207804684194082e-05,0.012752744113330388,0.922178978352698
203,0.4657726073824413,0.026725298003606877,9.628992697155099e-05,0.04168868467244246,0.4657171200145379
204,0.6603357476385637,0.08976228861449154,0.0001821715202955903,0.09091402922374378,0.15880576300290544
205,0.03054992324647221,0.019582452929897923,7.422053061355604e-05,0.014417692253413685,0.9353757110396026
206,0.4467607692725734,0.15773199656416284,0.0002807896344123976,0.1212988590472816,0.2739275854815697
207,0.33608806618291726,0.3991628970464327,0.002672511600765073,0.08106284041145363,0.18101368475843121
208,0.20543500368334092,0.36026654908466943,0.015154471895315836,0.11430347371887158,0.30484050161780235
209,0.023783147860295988,0.845427906045425,0.07110884268340024,0.03650648666423703,0.023173616746641937
210,0.08875111463630221,0.21081970000476027,0.023276447641494013,0.07391528542200816,0.6032374522954352
211,0.16872536381561026,0.06782088693802896,0.00031992723570385977,0.07651224474287349,0.6866215772677834
212,0.23840667211645342,0.27128044339996443,0.0006445223881139726,0.14185627940906861,0.3478120826863995
213,0.026415085146274633,0.014605529828414576,0.00015734418503200512,0.026784518526662998,0.9320375223136157
214,0.5270623833522265,0.028196177682555983,4.695321989203363e-05,0.052842786667510896,0.3918516990778145
215,0.012800011255610737,0.005392122930752496,6.77305628699607e-05,0.007542463946743292,0.9741976713040235
216,0.4704246840150947,0.034387834342268594,3.745730016463925e-05,0.05792163203042227,0.43722839231205
217,0.44959468812032755,0.06372332442850256,0.00014397393765010116,0.0803293219968995,0.4062086915166203
218,0.04619317769232861,0.0331704377491894,0.0002824188047936607,0.03431518543410808,0.8860387803195802
219,0.03268514545944115,0.01015718924493748,8.90808648860542e-05,0.020856790064231953,0.9362117943665034
220,0.01772529305627267,0.00798275801982872,0.00018230877530860213,0.015323841499074679,0.9587857986495154
221,0.01631870453694113,0.007154789596908029,0.00013986463437570346,0.011068817564210687,0.9653178236675644
222,0.010219243415981873,0.004568939311354872,0.00031779100398232683,0.009934195380875718,0.9749598308878052
223,0.0019359352555013332,0.0008069304780361949,1.6377156061517895e-05,0.002404502059624667,0.9948362550507763
224,0.017329450434724752,0.004166638019003246,0.0001054516062735054,0.006042829449261146,0.9723556304907374
225,0.01086752902811783,0.0009535580536412826,5.364270965375811e-06,0.0043847858928504875,0.9837887627544252
226,0.018677753379494535,0.004551061947265408,0.00013407644659491747,0.0058676969800599815,0.9707694112465851
227,0.01033814117279703,0.001753832902973623,4.935588002455234e-06,0.0020954379370205895,0.9858076523992064
228,0.00926438353079312,0.004527529558464905,2.1236626681387716e-05,0.0019205865355789744,0.9842662637484816
229,0.011883189450772328,0.004688553415499561,0.00015236730605949986,0.004278097732350952,0.9789977920953177
230,0.01047359693718687,0.005659208905744261,0.0006008328980503615,0.006371970923391045,0.9768943903356275
231,0.016488093773889538,0.004824105860879701,1.2767706611272522e-05,0.004747525375440866,0.9739275072831787
232,0.02434883362760679,0.002587352474728842,7.504953921861606e-06,0.004469595934842507,0.9685867130089
233,0.048062953333326476,0.004310327380775829,2.6343508413978193e-05,0.005830604633576742,0.941769771143907
234,0.03028938049907144,0.003512115740225813,1.1932855936797495e-05,0.005573777398158163,0.9606127935066078
235,0.03301382309535473,0.004465642701106178,1.1037796957815848e-05,0.008257289437107568,0.9542522069694737
236,0.03959839088858239,0.00430803365427586,1.1715245488281601e-05,0.013898144028175227,0.9421837161834783
237,0.32052205297573494,0.015855626954649843,6.696574084282093e-05,0.07263247455755623,0.5909228797712162
238,0.11885057131819678,0.02193926010955606,6.654864918450768e-05,0.08596966512307454,0.7731739547999882
239,0.31283130599290465,0.02168888954273237,0.00015360588122655827,0.1625381054510905,0.5027880931320459
240,0.3987067123131256,0.0522859743548728,0.00010807620112699726,0.24309347896190947,0.3058057581689651
241,0.3892952378975167,0.10342344218521497,0.0003144433407368386,0.32880353160363474,0.17816334497289676
242,0.13823583917088172,0.07178896701877191,0.0002677304974726778,0.24206928686237225,0.5476381764505014
243,0.5592508058233882,0.10120724878173205,0.0001549171294240849,0.17292449111731556,0.16646253714814013
244,0.3075335939788418,0.3805413146259957,0.0005863724798407245,0.25158348639340067,0.05975523252192116
245,0.15039183428859654,0.4485318726327492,0.015599303506929008,0.15813221660488347,0.22734477296684183
246,0.06291664538119901,0.7940164273664286,0.02842025329152449,0.08881464213521237,0.02583203182563567
247,0.07538843635295532,0.10647667514675607,0.005311832175118184,0.08835633010802856,0.7244667262171418
248,0.37385054848317156,0.2822609393442012,0.00016985208426334103,0.10948197879774747,0.23423668129061648
249,0.6372240715081408,0.2523754640875154,0.00031237953385380475,0.0274279400084421,0.08266014486204781
250,0.5512401872662674,0.41393197498288326,0.005785081563812376,0.0065170316193432325,0.02252572456769376
251,0.2876944555419885,0.671112003466635,0.0100083015031531,0.012545414870289895,0.018639824617933582
252,0.03320330075308537,0.8610545144453042,0.08538685775677429,0.01339408640362002,0.006961240641215941
253,0.030394500691200383,0.8924488241132434,0.03400128131752117,0.03899631055545533,0.004159083322579715
254,0.026274404312241012,0.7821575649881127,0.1325734583465989,0.05079455066347497,0.008200021689572463
255,0.00783364967156991,0.7643539641255115,0.18021577084660442,0.0426307210744744,0.004965894281839768
256,0.04193361229309206,0.7767177673932947,0.11451119179503187,0.019964827610128213,0.04687260090845318
257,0.3645475078008853,0.33862525551347855,0.0026768130175324053,0.022692596398002415,0.2714578272701013
258,0.09592259528204113,0.8467883182339749,0.03459258261652007,0.010391400452918536,0.012305103414545484
259,0.2440756166889553,0.7080441829818098,0.00908708443953885,0.001965913675091069,0.03682720221460463
260,0.12385045433732408,0.7872899519650047,0.08054553620780146,0.002179458944926674,0.006134598544943065
261,0.027204582524158277,0.7431423884119192,0.21935494968345984,0.002592023701659857,0.00770605567880303
262,0.01858254593763765,0.7653288856178454,0.20184815321311153,0.005306868291678403,0.008933546939726773
263,0.031847285641397285,0.7343944558822453,0.1828548444482249,0.040269789831162445,0.010633624196970084
264,0.009943191879885939,0.6042669734047929,0.37668021685550807,0.0065937975908038245,0.002515820269009134
265,0.009907608003570321,0.6777318304089459,0.30279220526366324,0.0030612532814225145,0.006507103042398037
266,0.011700632871875517,0.6025811484601512,0.3766902979938978,0.004203947742011183,0.004823972932064305
267,0.008099036024220952,0.5021940106448276,0.4836305439518583,0.0022985866697943255,0.003777822709298786
268,0.007789197076959289,0.5724585800989387,0.41222492858812065,0.003786864346402271,0.0037404298895789244
269,0.003714410080812822,0.23506554707101562,0.7564725596619292,0.002173303701487049,0.0025741794847554014
270,0.043247778917193856,0.81708521083139,0.11353245313770144,0.013363098176236488,0.012771458937478183
271,0.0033603732437950977,0.3475181049293853,0.6451357306828409,0.0007358508766305271,0.0032499402673482384
272,0.0016640706668252625,0.21071669774163101,0.7857347444015155,0.00035097929631482377,0.0015335078937134495
273,0.0026567310621360136,0.2964970689895989,0.6983736833712526,0.00027760955839209656,0.002194907018620247
274,0.0007028419813518869,0.0824528391254624,0.9155500978567942,0.0001125228607187549,0.0011816981756727764
275,0.001654626800862221,0.12760359824967538,0.8687257777512961,0.000261241948468923,0.0017547552496975283
276,0.0017470948018624283,0.12601558701521406,0.8706541675762741,0.00017065561793670067,0.0014124949887127007
277,0.0024852476186909447,0.09904444840713225,0.8962792295796012,0.00028758590701334174,0.0019034884875621812
278,0.000792603443438802,0.07593277861772708,0.9220947982742805,8.219293691203315e-05,0.0010976267276417186
279,0.0004066835031404776,0.04952602410821405,0.9490439976001339,4.694585610477462e-05,0.0009763489324068267
280,0.000662633704272036,0.07772554547386802,0.9206033295140881,0.00011073065322069056,0.0008977606545513076
281,0.0006241582380274885,0.07787747919464558,0.9201253751770528,0.0001718774661769882,0.0012011099240970382
282,0.0002292973155708441,0.04118330571865514,0.957998998016613,5.033182849749347e-05,0.000538067120663192
283,0.00041150444807088214,0.03283821194675483,0.965748793552374,3.205822591843974e-05,0.0009694318268816156
284,0.00029585362544666636,0.027493565975851942,0.9717070386122694,2.1100239849317756e-05,0.0004824415465826074
285,0.00046267118771365295,0.033304906266597774,0.9653823067166423,2.151424413901597e-05,0.0008286015849073465
286,0.00023797090287838274,0.0213533807463831,0.9775972414986098,1.479697123971477e-05,0.0007966098808890198
287,0.00034495328877744917,0.022675021572157207,0.9758414118211868,1.6497687358745068e-05,0.001122115630519836
288,0.00012768880160108503,0.01804588893816819,0.981339643274963,9.000756715730416e-06,0.00047777822855186764
289,0.0004068076536683784,0.04028863565414822,0.9582209225089215,1.814658565333358e-05,0.0010654875976085418
290,0.00043299938217774403,0.025813385774869108,0.9724306796907578,1.8785392839422224e-05,0.001304149759355879
291,0.00021157562283370874,0.022165674205576923,0.97666387119578,9.367290146241475e-06,0.0009495116856630514
292,0.00030973447689613113,0.016323437627534604,0.9824215259512243,1.0648571861439422e-05,0.0009346533724834075
293,0.0005544177881455207,0.02907239631247628,0.9691944949641877,2.1296282588087293e-05,0.0011573946526023011
294,0.0002796555477933901,0.021283951180119717,0.9775192768782733,1.245102504285893e-05,0.0009046653687707795
295,0.00011158972702935893,0.02130331240992181,0.978056986215309,9.768351009268808e-06,0.0005183432967304717
296,0.00023228267133101064,0.025806589293975207,0.9731478392625328,1.1212095264226719e-05,0.0008020766768968061
297,0.00023416119084524703,0.021370760313330753,0.9775046090655014,1.2503182202945474e-05,0.0008779662481197823
298,0.0005051042258597201,0.023386543225046214,0.9749945282132243,1.5342535276434647e-05,0.0010984818005933998
299,0.00014941496273587944,0.014813400294621032,0.9844420722194474,6.304130123144998e-06,0.0005888083930727422
300,0.0003938265280298656,0.020801170863386217,0.9778222087393871,1.3433211052187401e-05,0.0009693606581445762
301,0.00044873428331047307,0.02523613754484763,0.9729009142422497,2.609964347403557e-05,0.001388114286118039
302,0.00028534299393421527,0.01746852985017231,0.9811724782451675,2.4761804160214285e-05,0.001048887106565874
303,0.0010392024905139287,0.02881234797698203,0.9680063811578304,5.39515708911719e-05,0.0020881168037824647
304,0.0007309093257183992,0.043902785844016426,0.9528921366724431,0.00014997935092442126,0.002324188806897489
305,0.0004400506269318339,0.013543018916050727,0.9844204437152971,7.02541514782083e-05,0.0015262325902420926
306,0.0009721214945775608,0.022583964453297082,0.9737135932818035,0.00016525458609322944,0.002565066184228639
307,0.1550545405169139,0.13867729348333263,0.1019434904570096,0.01800702232470047,0.5863176532180433
308,0.2262563204960568,0.6325469059464931,0.02006880499161391,0.023121480606667136,0.09800648795916911
309,0.2573969137165668,0.5197216662509011,0.14951771775779063,0.013966870178030237,0.05939683209671134
310,0.12854155639348536,0.513510162855996,0.33304949597859507,0.006859761504931607,0.018039023266991996
311,0.05672836909962874,0.37662082595230284,0.5537330827576075,0.007274362836949713,0.005643359353511257
312,0.010298035428512355,0.015507068321277673,0.004665984284527711,0.004294351300386208,0.965234560665296
313,0.3405881470609253,0.2747577030786845,0.0009657797150661113,0.06923298727441234,0.3144553828709117
314,0.2003616009570266,0.27401998239756287,0.014028245042039629,0.017617458081418295,0.4939727135219526
315,0.3178193542296943,0.19034437764732345,0.001322775353612414,0.007622169038002215,0.4828913237313677
316,0.49762792113219917,0.39785683433021307,0.0004128347640267541,0.05326576771504089,0.05083664205852014
317,0.25095729143867046,0.37298037734581374,0.03418618672668515,0.23040923004321442,0.11146691444561642
318,0.1635767060428262,0.25731852766424734,0.0007756460573443291,0.5401054680778496,0.03822365215773251
319,0.18282697687369284,0.1017331314711438,0.0004334416717334098,0.6694738044803961,0.045532645503033896
320,0.05522416359305151,0.22242861399684413,0.020686786445690167,0.681976250013469,0.019684185950945305
321,0.11296387633331337,0.13389237797416675,0.010537768055238652,0.7036896315164045,0.038916346120876626
322,0.2856259162917751,0.2844379797037349,0.0010025410275608113,0.3144005943336767,0.11453296864325253
323,0.2514962439028708,0.4259599618720931,0.0024366076823575515,0.2930951229172656,0.02701206362541303
324,0.10885086041112205,0.8108167808397827,0.013945040992183706,0.05618245937023558,0.010204858386675945
325,0.1319254425529003,0.7764923616484738,0.0613050200431528,0.019024871124928372,0.011252304630544682
326,0.018269356073839522,0.3860941756965501,0.5705583716460674,0.022534074077088684,0.002544022506454469
327,0.04990769666404598,0.41434086678155163,0.472338394209661,0.04943724334907584,0.013975798995665553
328,0.03137944334624012,0.463517168540837,0.4788077066940736,0.01298861881174144,0.013307062607107739
329,0.05455564510873687,0.5171577465136409,0.3749795609675357,0.014574474631354766,0.038732572778731794
330,0.10443993850491962,0.49788214103243406,0.31396741509016185,0.01738670978910953,0.06632379558337491
331,0.04284407005868452,0.043248233439396995,0.021543277555984574,0.006656841086738607,0.8857075778591953
332,0.2769416644441465,0.047375064730718355,0.003715847294194663,0.01711983657934341,0.6548475869515972
333,0.748895307207819,0.1320867489950493,0.004716412273639458,0.02873988333314358,0.08556164819034859
334,0.15293229805885658,0.03411152320368398,0.0025960779221887637,0.004037262028413841,0.8063228387868567
335,0.4335007759071973,0.05735372289050274,0.00023379484252368963,0.0034076343004544613,0.5055040720593218
336,0.6518809673451427,0.1961241095228194,0.007714772492642703,0.02701962345030944,0.11726052718908561
337,0.2427868793932657,0.5310271383166759,0.13964095117566278,0.02292299068438003,0.06362204043001564
338,0.05473734611833497,0.5465518337313939,0.3769428081320402,0.015588834861306432,0.0061791771569245394
339,0.022451387298958056,0.8123057102470375,0.12867374633548714,0.0282260735886995,0.008343082529818076
340,0.08182077215443402,0.8495445279341566,0.014806074639390066,0.014100046601758362,0.03972857867026105
341,0.028998921562627702,0.9098337610040858,0.05022775572727605,0.00601215413914385,0.004927407566866564
342,0.01704479272893272,0.8246493563803392,0.15221080424275668,0.002404278028571051,0.003690768619400319
343,0.010121148622023108,0.7035826561697577,0.28207508864089853,0.0016156126065554894,0.002605493960765184
344,0.011209424052190454,0.6436765409290471,0.33586709095894807,0.002330991201905133,0.006915952857909135
345,0.011770124727573508,0.5725640346419136,0.4061151900196059,0.004745111640227678,0.004805538970679413
346,0.00824159760617076,0.44342431321138315,0.5438350332983043,0.0012283816694980583,0.003270674214643679
347,0.008947559110522403,0.4055827821266445,0.5799075690887506,0.0013819982921513404,0.0041800913819310895
348,0.009442692215726854,0.4402920273978685,0.5460584720507959,0.0011694531303256038,0.003037355205283063
349,0.010569018557887297,0.6272800377392364,0.3470059604628387,0.0009663722220955086,0.014178611017942022
350,0.0037988693394805095,0.3390146441475843,0.65498395996567,0.00044916692071891694,0.0017533596265463917
351,0.007045154356027093,0.2212627000346545,0.7662105999059298,0.0006168164048300212,0.004864729298558599
352,0.008774006444152594,0.19954669663814284,0.7818413031006717,0.0011378065693760397,0.00870018724765692
353,0.001960738641440642,0.16549294218848234,0.8292027427052032,0.00043028317906443293,0.002913293285809211
354,0.005062749120102283,0.20584397082501546,0.7844406476512716,0.0003453509049795932,0.00430728149863114
355,0.010745665235088173,0.19626209143270962,0.7763108420409568,0.0010856374100515472,0.015595763881193934
356,0.004209242488283406,0.17262889843489485,0.8188863950865641,0.0008200300538050362,0.003455433936452637
357,0.007052380636065353,0.271705117852682,0.7124951339934397,0.0018432908493101847,0.006904076668502713
358,0.01660017680460915,0.2454428971947907,0.7115861654370342,0.003454266827431537,0.022916493736134476
359,0.01429236094869185,0.4351009369701474,0.5212552642697006,0.0050148708207345925,0.024336566990725526
360,0.11619901061722308,0.5774506170590773,0.02002762787929105,0.048537202964127946,0.23778554148028067
361,0.26311350387559956,0.6653929360453789,0.0017174874788317238,0.03300714165162857,0.03676893094856128
362,0.1216045489404042,0.6093451814401104,0.22931909810307308,0.007392479761371395,0.0323386917550409
363,0.41088971763273885,0.35509631559306193,0.003559682518916359,0.05954909770770745,0.17090518654757547
364,0.11555090141764418,0.721448038024758,0.06464471236456495,0.02475619595459652,0.07360015223843627
365,0.11203842687292848,0.6744091136482138,0.14450431733922608,0.032976784435436654,0.036071357704195055
366,0.1753445005529172,0.5860282350295684,0.02473869011944956,0.043474604833060024,0.1704139694650049
367,0.10673817668242085,0.852303077437563,0.0010405363111030675,0.01618562170380786,0.023732587865105258
368,0.02958795175241172,0.8161450913285054,0.13576376197956122,0.007531128223532188,0.010972066715989446
369,0.015014612649815283,0.6341231692961931,0.3446956250407846,0.0029311333714391982,0.0032354596417677487
370,0.07069964871461416,0.70079399380006,0.19261705397393863,0.012827501918286747,0.023061801593100492
371,0.07726009327790549,0.6833045300843728,0.20098325563212888,0.011733878634586558,0.026718242371006277
372,0.01587520629586893,0.5167394713739991,0.4564113961303414,0.005986798496698423,0.0049871277030922164
373,0.016063439355491534,0.576222402535669,0.39629895984611196,0.004429939791483726,0.006985258471243812
374,0.004536844985113835,0.43316117584421243,0.5568376967214722,0.002327150311883689,0.0031371321373177864
375,0.10386820981519601,0.5421726677842342,0.04030082378136835,0.01270077710798179,0.3009575215112196
