epoch,N1,N2,N3,R,W
0,0.09508407687459638,0.004858639400969836,1.1204213166678346e-05,0.011051267890780165,0.8889948116204869
1,0.07058145887923656,0.011306479921088412,2.159500096869856e-05,0.016211893175570837,0.9018785730231355
2,0.014034902924572741,0.0009513465473812065,1.1272532359502287e-06,0.001528163801459495,0.9834844594733506
3,0.010470123055562617,0.0007889870460922826,1.1712958754203537e-06,0.0005812648958436976,0.9881584537066259
4,0.08096812375389183,0.002395897974740357,4.09625403905914e-06,0.0025466749534119844,0.9140852070639167
5,0.09889425324357086,0.0035822445003338256,4.14452672751677e-06,0.0026930190869650615,0.8948263386424027
6,0.07786556424356808,0.0019966124192759573,2.943055189416843e-06,0.0010796673170191998,0.9190552129649474
7,0.1360701279846727,0.0032834559169904135,6.609430327859773e-06,0.0035031672772969846,0.8571366393907119
8,0.2848062360061807,0.01997534388993561,1.6897583261710578e-05,0.027299346486383595,0.6679021760342383
9,0.3956266061472668,0.028088346918672725,4.3829527648942846e-05,0.0643012466093814,0.5119399707970301
10,0.2529965765055175,0.043254805466653015,4.453715531707228e-05,0.10260159860683508,0.6011024822656773
11,0.340263195481111,0.033456186165016555,4.265189354150935e-05,0.17295891553905615,0.4532790509212748
12,0.30642001258224605,0.06560690646409209,0.0003371037643540465,0.08145901949219118,0.5461769576971166
13,0.15018111006431162,0.1172130894389206,0.00011749399545469819,0.08080843725801787,0.6516798692432952
14,0.2434304041673689,0.1542611152907928,0.0005051727524681924,0.13021775718034337,0.4715855506090266
15,0.2077359140055835,0.060067613850492696,0.00032052267418363145,0.01539889790084796,0.7164770515688922
16,0.14327686459709196,0.1546558069793215,0.0004691900413644041,0.018031259862305894,0.6835668785199163
17,0.06495156502724804,0.06666950855566064,0.00030817812283267967,0.003255601989111883,0.8648151463051468
18,0.08853714488424626,0.04387346707137256,0.00012286884217165733,0.002131267381420766,0.8653352518207886
19,0.11050679331407448,0.07331708693087988,0.0002637249700031854,0.002338675025514142,0.8135737197595284
20,0.08915906430577944,0.01729246088208911,0.00012737979566815924,0.0006458762937105642,0.8927752187227529
21,0.15188538483301156,0.03509680336845925,0.0001951332650593124,0.0025542317686018234,0.8102684467648681
22,0.008582206832932239,0.006709673487970275,5.7330366101906374e-05,0.0001365433926948013,0.9845142459203008
23,0.07518597701033974,0.015631292404471534,9.458881099109809e-05,0.0010000967804244224,0.9080880449937732
24,0.13850246207695024,0.014033925527166518,8.780974588665433e-05,0.0004963283740923503,0.8468794742759043
25,0.20799033590540972,0.038495500948468736,0.00019427593428729056,0.0014381274447603698,0.7518817597670739
26,0.1650370661495888,0.05671637887339037,0.0004319635381735993,0.001649258588617028,0.7761653328502303
27,0.076888996933718,0.03684346506801254,0.00013081069050973623,0.0009926817933807435,0.8851440455143791
28,0.1599657742180783,0.02802538933534755,0.00013722478086534843,0.0008554365393640657,0.8110161751263446
29,0.26191170516645096,0.054968647886784565,0.0003227780986320935,0.0006554301586868671,0.6821414386894455
30,0.16397661389871987,0.02798193197786557,0.0002426685743948577,0.0008938584651836024,0.8069049270838361
31,0.5565222024294219,0.19064361640432553,0.0006185028580478839,0.011499980902377176,0.2407156974058275
32,0.18335002922568236,0.06297432365826933,0.00014509658798395473,0.010701529987247275,0.7428290205408171
33,0.12357783460751824,0.0635168669837281,0.0001401664731755418,0.0062414470927820145,0.8065236848427962
34,0.07505835086424163,0.03517263158137194,0.0002933478735946563,0.0014854119476127494,0.8879902577331792
35,0.1902561541836865,0.03028158797133142,0.0001980614701009737,0.001884422403653221,0.7773797739712279
36,0.012462641888398676,0.011631141415837952,0.0001834511917298728,0.0003542201822534306,0.9753685453217801
37,0.02162356523828001,0.004073517466029777,3.941068955141877e-05,0.0005199471506702869,0.9737435594554685
38,0.0002645037014148576,0.0004204719945718369,0.00011206717475278835,2.7396646572743645e-05,0.9991755604826879
39,0.01297356960111812,0.0026281139642714696,1.4439643642276514e-05,0.00038626828776522544,0.9839976085032028
40,0.013174400658941475,0.0006549221191143579,1.7293921633238316e-05,8.350166071120668e-05,0.9860698816395996
41,0.011747695448001094,0.001213879726688428,1.6632976989801336e-05,0.00010209148520851811,0.9869197003631122
42,0.0539829987449691,0.004208048547447085,1.9123727776533973e-05,0.0007337886588119368,0.9410560403209953
43,0.2856501664132586,0.018644395997171707,0.00013537508800339675,0.0016431795040910172,0.6939268829974753
44,0.17179541580587093,0.016909016631457264,8.649188455076362e-05,0.0019077165622564986,0.8093013591158644
45,0.5742679412037878,0.010980213243063497,2.282085105478513e-05,0.005448695056176147,0.40928032964591776
46,0.5728160718376832,0.05039440541889021,6.724407249593158e-05,0.03145119270103366,0.3452710859698969
47,0.32381931751169934,0.3145685102282487,0.00035089559192473155,0.06884324293494536,0.29241803373318176
48,0.31181226188874167,0.3542766973132103,0.00013977949945568615,0.10165722867368833,0.232114032624904
49,0.22485337297720218,0.4633487738150049,0.00021252053269845631,0.09884001145417341,0.21274532122092102
50,0.22204535857525534,0.4150824909338117,0.00038880029208361323,0.15195209015542688,0.21053126004342246
51,0.21368855993404623,0.0802045962388609,4.632307913711405e-05,0.11392132261146412,0.5921391981364916
52,0.3600306496435538,0.15414365851856457,0.00011935889919760845,0.1730243336626207,0.3126819992760633
53,0.3482604980998386,0.09056189013179919,0.00010750604713695135,0.12649365921876837,0.43457644650245697
54,0.3501165804667766,0.22001577239709355,0.0001471821516655734,0.05865510691300037,0.3710653580714639
55,0.029164543577833393,0.01707208312077957,0.0004072767359840911,0.005435336767098274,0.9479207597983048
56,0.3734867126777049,0.009354544795286598,2.2610212992997844e-05,0.01656064074521502,0.6005754915688005
57,0.4910827599433773,0.030861948754295918,7.38312072638505e-05,0.02689553732533459,0.45108592276972825
58,0.3001530695419208,0.0072804906029757185,1.0738150967639089e-05,0.00607198161454547,0.6864837200895904
59,0.4866330918041638,0.04274971616473821,7.953643248133437e-05,0.021746949990736925,0.4487907056078796
60,0.32012304540715936,0.011258477718501811,1.7522415609880986e-05,0.028438220116028718,0.6401627343427003
61,0.5854407066877001,0.07064141668609114,5.5972873506350286e-05,0.08088667797582588,0.26297522577687643
62,0.14029042980621126,0.15169455995992948,0.0010815379255100753,0.03198347382790473,0.6749499984804445
63,0.468842028000372,0.057074344323824,0.00017840123745118213,0.07157319067662489,0.40233203576172794
64,0.1434469746702973,0.10048785291495328,0.000409999489912037,0.02223196029387637,0.733423212630961
65,0.22834342728367177,0.0432951315127654,0.00023146795300936263,0.009574033347744013,0.7185559399028094
66,0.6948948013882248,0.1736782374999844,0.0002627628117433458,0.03311374873443642,0.09805044956561125
67,0.6137969887193335,0.2806085657821174,0.0006675450519611234,0.039625322516451594,0.06530157793013647
68,0.4883221179176976,0.2658055006026539,0.00022014579273647424,0.04586070114733018,0.19979153453958198
69,0.17953275147164055,0.7445439422167299,0.0010345190576663474,0.016662292521239228,0.058226494732724024
70,0.07014262810171365,0.8669791253035931,0.012494908461127427,0.011066287164835509,0.0393170509687303
71,0.12378325431276059,0.07407488834060467,0.00020462529662493707,0.0669804613774113,0.7349567706725986
72,0.19579413467842663,0.4271514227557308,0.005229045635650631,0.07680985668016228,0.2950155402500297
73,0.08120969309543119,0.0686806691454838,0.0010499056255836767,0.01167897533185076,0.8373807568016506
74,0.002255296985428348,0.006290835429997125,0.00445844805905486,0.00015567143838123522,0.9868397480871385
75,0.06125830905263097,0.008417344851481573,0.0001643875202351402,0.0021116428622081768,0.9280483157134441
76,0.25630533757120993,0.023870627967279193,0.00017034862251271948,0.0028264753941620157,0.7168272104448361
77,0.40257137268068127,0.024312386411244287,8.516477883072062e-05,0.006540800742221486,0.5664902753870222
78,0.5990996811385766,0.18589436948881619,0.0010292171385252375,0.012427864771580656,0.20154886746250125
79,0.41287110525909276,0.23974195405927387,0.0026217242263145814,0.05229941280475181,0.29246580365056707
80,0.24956339524075624,0.1487894519180629,0.0004951235335250441,0.41017834840300066,0.19097368090465514
81,0.10722815757655617,0.11793836255764392,0.00052339764034648,0.04437153647460805,0.7299385457508454
82,0.49827510428176547,0.16067711874874294,0.00033865266987973496,0.11692677016997988,0.22378235412963202
83,0.6043212467404073,0.18102017233628545,0.0003893720303666684,0.11559123954274494,0.09867796935019574
84,0.2899991479152138,0.25953982674094184,0.0018921217732494786,0.07552287902841084,0.373046024542184
85,0.3517408733833778,0.21598423183890914,0.0017484635748766131,0.10618677949872446,0.324339651704112
86,0.27740421275750654,0.20284631465389624,0.0014045286763455303,0.10850390453557408,0.40984103937667765
87,0.0907838385013534,0.6667586141353687,0.023525805724274824,0.012657446070134408,0.20627429556886867
88,0.33912934031707337,0.30573638602109443,0.007792020523571092,0.04386385341718352,0.30347839972107765
89,0.10014338064988774,0.5877556848154671,0.01928930569538602,0.005199783265061422,0.28761184557419767
90,0.25513656428482206,0.21434436930596043,0.004168406006643854,0.012502037868559992,0.5138486225340136
91,0.3703513993680526,0.37689056350359673,0.004407299274639868,0.002709818876640364,0.24564091897707044
92,0.22342121631448905,0.7040950296790607,0.029003549962672688,0.0034491231105582753,0.040031080933219367
93,0.1233178341608338,0.8080271536639243,0.03135926910584126,0.0017970990034080693,0.03549864406599266
94,0.10861465451261657,0.8089037006402595,0.06426501736690435,0.00252363011807029,0.01569299736214927
95,0.03961537459594477,0.7701216919326376,0.1675334580207641,0.002201663643166703,0.0205278118074868
96,0.014205180184731698,0.6414443313847618,0.31978179410790375,0.0008464991626040901,0.023722195159998745
97,0.006164477881441892,0.3604622155012912,0.6230797186093332,0.00033423594472388473,0.009959352063209938
98,0.02011544352202421,0.6822559676043289,0.2758051018817388,0.0003069562213545765,0.021516530770553568
99,0.005023693313234344,0.22524736553037586,0.7633529399710964,0.00015072885203932306,0.006225272333254018
100,0.010759337714578942,0.3753385377223175,0.605000641651252,0.00025212815490286214,0.008649354756948634
101,0.004610525750330505,0.17141815594404516,0.818123505005782,0.00017924520811527303,0.005668568091726982
102,0.014077240348520903,0.1791782482990597,0.7946588302744982,0.00022360950480588516,0.011862071573115267
103,0.013463785428248424,0.2546373506022596,0.7217311982332248,0.0003447007549620043,0.009822964981305131
104,0.004118298620731922,0.17968191455276517,0.8107372080488985,0.00013172335510123613,0.005330855422503225
105,0.001816773603731666,0.12815801098684185,0.8665495848417734,9.467063704866671e-05,0.0033809599306044453
106,0.006097529608686935,0.31336856770332766,0.6745318849480836,0.00015859840347025425,0.005843419336431529
107,0.022554939712403695,0.6671849481604671,0.2987592260350694,0.000602106682329941,0.010898779409729931
108,0.03938809057394176,0.6141469236902529,0.33596481336077616,0.0016233431355438292,0.00887682923948519
109,0.02688681772487609,0.80201361505905,0.16345799213837456,0.0005492170287262107,0.0070923580489731675
110,0.015059860865484642,0.7844598657764495,0.19089254053274057,0.0002993927029120634,0.009288340122413297
111,0.00898061703145137,0.3736972684499483,0.610988409090539,0.00019980221213294948,0.006133903215928247
112,0.003899776028899399,0.23885485605341522,0.7536366400802966,9.316978380595771e-05,0.0035155580535828424
113,0.001972584427541693,0.11950166131655227,0.8724151914768401,8.869386280251816e-05,0.006021868916263379
114,0.002651589958068433,0.13349558942201306,0.857240808733523,0.00035457438500754047,0.006257437501387857
115,0.002400571006037816,0.1487346374519703,0.8438258043697524,0.000226337933304949,0.00481264923893436
116,0.0011867859640133148,0.06529994731197095,0.9308421588791063,6.0417823104938437e-05,0.0026106900218044195
117,0.0055266255389619144,0.14167144687494312,0.8168049221258911,0.0006953983506069402,0.035301607109597045
118,0.0022993919074091127,0.07420738938732047,0.9177651476171527,0.00021166509862933356,0.005516405989488487
119,0.0038034884341082813,0.12119976305385426,0.86672733240405,0.00025232029790938547,0.008017095810078288
120,0.005257951794023387,0.1899110706471109,0.7969674843234258,0.00019955982517333247,0.007663933410266648
121,0.0008575161986143982,0.04432523271122762,0.9486597569299908,0.00011694578049150302,0.006040548379675732
122,0.000938311754805147,0.07117962369936316,0.9248752295171001,8.319823610158814e-05,0.002923636792630016
123,0.0041475397793930445,0.1513779614013969,0.8367489733149918,0.00025887040034460335,0.007466655103873769
124,0.002496874126993821,0.08552477459489348,0.9078275648793794,0.00013302251979329082,0.004017763878939996
125,0.0025949770974369474,0.10520867507861945,0.8865584386967359,0.00017841605603814082,0.0054594930711697135
126,0.002158059390032742,0.058110666364190725,0.9356757453245946,9.42218737166824e-05,0.003961307047465281
127,0.003412446193390531,0.11828193286562012,0.870816656572663,0.0001506717191505017,0.007338292649175867
128,0.018115325812075974,0.6461397844847723,0.32758676716866314,0.0005654636246462623,0.00759265890984245
129,0.01270203174794842,0.5236606565468978,0.45232584396021597,0.0011613140591642018,0.010150153685773705
130,0.026459287495057493,0.7001189323309028,0.26277957314318173,0.002134651149913299,0.008507555880944609
131,0.0365751854255213,0.7324922927048179,0.19628919595954572,0.002445838758655624,0.032197487151459626
132,0.029378879048943127,0.6504974526482723,0.309157223120085,0.0023579954113694484,0.008608449771330176
133,0.04487134651700911,0.8742821276952782,0.07117253457502716,0.00481993725243154,0.0048540539602539515
134,0.02546912978393664,0.8547501925869353,0.09585482138512949,0.002958017993803217,0.02096783825019536
135,0.2532603040339283,0.6891937020788077,0.010238396645107287,0.02693792420480449,0.020369673037352213
136,0.11107621635494982,0.8287766390994971,0.02989471829581131,0.00826229084715837,0.021990135402583433
137,0.16810565257583918,0.7963269738438665,0.018683646031436112,0.005420963295880197,0.011462764252977944
138,0.1754662876923114,0.7710868236889215,0.0142967016714363,0.010828911362180511,0.028321275585150407
139,0.11480957466534433,0.7945208651593785,0.06259709391213136,0.00890844361940813,0.019164022643737753
140,0.16745694315540285,0.6823504075602407,0.04218868830242287,0.015766320995174478,0.09223763998675909
141,0.08438624968452968,0.7964191407192062,0.04880190962003275,0.014307851498467248,0.05608484847776438
142,0.07919387741415529,0.7711576825307154,0.049813623813358514,0.02430866509299884,0.07552615114877176
143,0.03217035420029625,0.09672409582173179,0.01222669111946469,0.0029378442674619157,0.8559410145910453
144,0.12057781908155635,0.06996472039491483,0.004093036014019788,0.009959133748704494,0.7954052907608046
145,0.3065382055652462,0.18951658745265423,0.0022114048714193457,0.06073195172789159,0.44100185038278855
146,0.0680856808717056,0.17986425946294615,0.02434188548885892,0.008731182205612266,0.7189769919708769
147,0.439316953193338,0.10062362463629852,0.0007012822580875266,0.037987944691336296,0.4213701952209397
148,0.070783278745101,0.02649362811417739,0.0007354398328043539,0.014390379246505691,0.8875972740614116
149,0.18643098857092605,0.5033963161299726,0.009103981934154324,0.07464840851255596,0.226420304852391
150,0.3744238732796171,0.22261341286146732,0.0011381966545204697,0.21446907031652837,0.1873554468878668
151,0.005541824246674959,0.015337174787036532,0.003624552661181725,0.002522691020547695,0.9729737572845591
152,0.27291409961222307,0.091080404477652,0.0004096099860239253,0.028388984546515745,0.6072069013775853
153,0.2918401390553673,0.18599699184163876,0.0012564682966158293,0.052647888320189525,0.4682585124861884
154,0.17733686823612174,0.11909729457467363,0.000730298810831166,0.03727840866894035,0.665557129709433
155,0.1424243696214373,0.25218185865573994,0.003658386751135526,0.14152105795541425,0.4602143270162729
156,0.1679570303588499,0.09081147083435603,0.0023054054757454968,0.034830839998605964,0.7040952533324426
157,0.5148435857548126,0.19449482790341457,0.00045554474810237383,0.18243743030625298,0.10776861128741753
158,0.18415998969973602,0.3638637321229833,0.0020803231400000543,0.22775436258839754,0.22214159244888318
159,0.22742008979831224,0.4621177795738272,0.0015618595572519179,0.25398311554153585,0.054917155529072885
160,0.11868048700789678,0.10482471684447722,0.002145935268719113,0.08039688496746734,0.6939519759114395
161,0.12403814079647162,0.17323324307496862,0.001175335000480289,0.13881556583804572,0.5627377152900338
162,0.5536710394482003,0.08750407023941004,0.0001884479437990955,0.2580818975365419,0.10055454483204858
163,0.2624460167734404,0.4196070749083384,0.0007117243784998329,0.11997400526113595,0.19726117867858536
164,0.20914012591899864,0.25125632552894067,0.001820442948340118,0.1687416689433383,0.36904143666038225
165,0.08491483635134969,0.06348208837210459,0.0007321296647778107,0.0510698735028108,0.799801072108957
166,0.00588807192505617,0.0074674749110572635,0.0013636385264078619,0.0011158318052818886,0.9841649828321969
167,0.07216581313563186,0.00832533054062366,5.612620182676741e-05,0.0051872319565331075,0.9142654981653846
168,0.06818082137066189,0.009861929606631202,0.0005500914391470465,0.006656673391287684,0.9147504841922721
169,0.09384713559442696,0.01321709654442245,0.00040532776095185484,0.008528103278317494,0.8840023368218812
170,0.07493180753272699,0.009141384211190833,0.00022940380635541873,0.006253578339184167,0.9094438261105425
171,0.05776568825557844,0.024273739588751207,0.00041923949114594977,0.007935427965184374,0.90960590469934
172,0.00277880206048364,0.0035678736940140273,0.0011152251638661102,0.0007428549535532636,0.9917952441280831
173,0.06949487481543236,0.010563537737821078,0.0003865535524038941,0.004396041899016226,0.9151589919953264
174,0.0821736594248121,0.012170694104870967,0.0003791695224888812,0.006479537106563421,0.8987969398412646
175,0.05237541488289217,0.011611987035943187,0.00013251604737275665,0.011130814772837555,0.9247492672609543
176,0.06536537604210015,0.021274431072826106,0.00043219615756324444,0.011602491517423092,0.9013255052100875
177,0.06339849917665315,0.007406971479018684,2.7722750390904484e-05,0.008125752225063431,0.9210410543688738
178,0.03517465192964805,0.006893104898938049,4.962365851960185e-05,0.002477320436031472,0.9554052990768629
179,0.04256017926648439,0.013692937831489272,2.2391623579035352e-05,0.004245497485399259,0.939478993793048
180,0.08037271618080329,0.0031693529682972226,5.894645032817586e-06,0.002353802610108829,0.9140982335957579
181,0.010350815944853771,0.009292114668790272,0.0004982130754844801,0.0036032219084240237,0.9762556344024473
182,0.00374824841817542,0.0007798472352097599,8.246059732707946e-06,0.0009862563851504177,0.9944774019017316
183,0.019230387840017807,0.004932209318462651,2.0137888334123584e-05,0.006002405887780811,0.9698148590654045
184,0.25467675906747206,0.0339253029839723,5.827659771781509e-05,0.017327252950347802,0.69401240840049
185,0.6041808206168661,0.04346380699565317,5.4757136513715375e-05,0.03087854527447221,0.321422069976495
186,0.4938837869694165,0.03429195792407137,1.822028197000119e-05,0.07772872451960208,0.3940773103049401
187,0.31440829628734007,0.09860041070038776,4.955998710924176e-05,0.41535126065753364,0.17159047236762937
188,0.3017516010707391,0.07138803758898253,5.336275347047089e-05,0.48149550335779806,0.1453114952290099
189,0.211747893489533,0.11139687727085053,7.805654960384492e-05,0.6319931083293134,0.04478406436069917
190,0.18473136127983897,0.15300338219501436,0.00013989654140232751,0.635112324245531,0.027013035738213256
191,0.15562615010008835,0.3905500695335482,0.0004780246569105745,0.4226339222404389,0.030711833469013832
192,0.1392077217935703,0.4751185539500706,0.0005427020175645027,0.3601430465788903,0.0249879756599044
193,0.09668030889327718,0.4189886325794228,0.0003233061646117038,0.4701614813902351,0.013846270972453398
194,0.10164180189456709,0.3527228345493414,0.0003408082133709378,0.5312092619988187,0.014085293343901939
195,0.16914488679145015,0.6039106587246613,0.0005356889199259436,0.19983383381537012,0.026574931748592295
196,0.36947218812442834,0.3572790543441656,0.0016430240803393624,0.0581412361056211,0.21346449734544556
197,0.2020663330039444,0.6784900191098642,0.000978140369461255,0.0914394989437435,0.02702600857298659
198,0.4835295493289126,0.10811349041608403,0.0001408829219329665,0.35241542395356396,0.05580065337950659
199,0.24333492344710356,0.6346945601189861,0.0005055389151970252,0.08742638474775846,0.034038592770954904
200,0.2054899189185467,0.675298998354939,0.0008479960332226299,0.08932571828085382,0.029037368412437863
201,0.057604707284843584,0.9243433573180855,0.001816629657008632,0.010410201561643937,0.005825104178418374
202,0.1116338181049945,0.7947293778869811,0.0008583611512631965,0.07819560311684437,0.014582839739916894
203,0.016747142769830737,0.9384621375240285,0.013146331438572635,0.027763266161121566,0.0038811221064466387
204,0.060215084272149215,0.47313293415487157,0.0005382673550162634,0.4503558683752428,0.015757845842720147
205,0.0109091649139326,0.8525192221246344,0.004002336752870625,0.13046235521345834,0.002106920995103879
206,0.048103622126762606,0.1132408326634842,0.00011533688619532733,0.2844329809918188,0.554107227331739
207,0.19566873275359606,0.22051533235356874,0.00016861034040117825,0.5646768612535471,0.01897046329888694
208,0.113851652263694,0.4202900914962767,0.00040828947255518134,0.4531162761567669,0.012333690610707233
209,0.21922523693997695,0.4456654573100373,0.00028225517670115054,0.32278768297838095,0.01203936759490372
210,0.11452676482754189,0.24401431104284252,0.00036734112083032944,0.6322543715443272,0.008837211464458095
211,0.030602257017428865,0.472006189423862,0.0007102472199838578,0.49256279273232934,0.004118513606395731
212,0.05716692896989228,0.26827343990253266,0.00026373457079841803,0.6605069037943373,0.013788992762439212
213,0.0394537646383834,0.0875189333970207,9.362602723247523e-05,0.8672563893140075,0.005677286623355955
214,0.04395188937620858,0.1005485367108715,0.00012625692076017608,0.8259620984298367,0.029411218562323063
215,0.04026962168964447,0.06365552840286785,0.00011419167346396482,0.8905023118612974,0.005458346372726233
216,0.03557220220765339,0.11147587690619906,6.778277098188843e-05,0.8354855217746215,0.01739861634054404
217,0.027351656366386735,0.08346291908845833,8.885788843738287e-05,0.8834081731892655,0.0056883934674520605
218,0.02648843005796986,0.01624233354896235,2.3196190014722624e-05,0.9323682485564447,0.024877791646608305
219,0.07457494084555281,0.01829011688496199,2.4137430833694952e-05,0.8250225269136675,0.08208827792498384
220,0.03342275835122771,0.028430369256860863,2.7537198775141916e-05,0.9279493529745915,0.010169982218544706
221,0.11209256838154433,0.06574533529336145,2.32183654513972e-05,0.6320265769703098,0.19011230098933307
222,0.10872355742343848,0.036330817512512735,1.9986437107007265e-05,0.8119060197630784,0.043019618863863414
223,0.07937008309019476,0.01984842687963371,2.2063737961158322e-05,0.8835124992388964,0.017246927053314036
224,0.06328426504523427,0.037302534181851206,6.128676634179808e-05,0.842631649575104,0.0567202644314687
225,0.05042979836624602,0.04059028271391803,3.682216755566542e-05,0.832333210410225,0.07660988634205519
226,0.03837252230309201,0.06294997937368706,0.00011277131143815392,0.8609790700880089,0.037585656923773816
227,0.03702273675383159,0.017758815938510798,2.6688191785104527e-05,0.909021591182526,0.03617016793334636
228,0.1112804157605604,0.016401776540721846,4.150666781035114e-05,0.8489675652685144,0.023308735762392972
229,0.05820271565067825,0.020417993964548745,6.248372728563168e-05,0.9145639827697799,0.006752823887707506
230,0.05743450373177592,0.028481487261250025,4.085827658616241e-05,0.9065255394418302,0.007517611288557863
231,0.044699589744469734,0.0157506305830613,5.9419858272317794e-05,0.9313682045838688,0.00812215523032769
232,0.10354886328730982,0.03739840612362519,0.00016791312600840413,0.7985465228752471,0.06033829458780945
233,0.07583260281472123,0.019280142613402936,5.2468891764801434e-05,0.891839075329135,0.01299571035097612
234,0.06902570711489846,0.09472993086645355,0.00012886518288951523,0.7577351471328619,0.0783803497028964
235,0.10566758318465559,0.09541461826527001,0.0001454618943306614,0.7242204558299338,0.07455188082580995
236,0.07343970617392198,0.0886824984516977,0.0001325062033837831,0.7687704284294581,0.06897486074153847
237,0.08707969978492221,0.05517346687107825,0.00010293479339755401,0.6728403411454664,0.18480355740513552
238,0.08794926522877125,0.033644272935424,6.866348517419925e-05,0.8481474809310062,0.03019031741962439
239,0.07879567265051683,0.024300069360934026,4.160949464516764e-05,0.8765553325667154,0.020307315927188447
240,0.0936616607410898,0.019146449348053006,3.955654937839917e-05,0.8574907623194334,0.029661571042045184
241,0.0568622973299975,0.030140089044751833,5.3567205723231037e-05,0.8697347344159028,0.04320931200362479
242,0.05664944714250885,0.015823454965512386,2.8150598863213454e-05,0.9062734315926665,0.021225515700449116
243,0.07938934888876048,0.014658532092692198,4.120099156481322e-05,0.8805574886762838,0.02535342935069875
244,0.08610573440355535,0.013766874269173526,2.4350534133015828e-05,0.866301198778717,0.03380184201442122
245,0.13497506567116244,0.016204253199079564,4.7730172328333365e-05,0.8136101821237541,0.035162768833675466
246,0.08576633296280914,0.00915600886503826,4.124860376081869e-05,0.8934958066773769,0.011540602891014908
247,0.05407114531938834,0.010466178489979345,3.995223465373323e-05,0.9217757518424844,0.013646972113494209
248,0.03688938659438718,0.025435855491859567,3.418142497109536e-05,0.8410568690465813,0.09658370744220099
249,0.08552765537432525,0.018142773355972343,7.084888787407943e-05,0.8851101782849646,0.01114854409686368
250,0.11687752143813805,0.0418169519053639,7.857232259500611e-05,0.7428033622585511,0.09842359207535194
251,0.24244355559053882,0.03532943230379986,7.51730117664124e-05,0.6531758577601983,0.06897598133369667
252,0.11629034712840279,0.023699549845153014,3.255682632270974e-05,0.8247853526850254,0.035192193515096025
253,0.23533586450674565,0.0243765706463133,3.657494336126345e-05,0.6541129200982234,0.08613806980535636
254,0.18654103781420994,0.03641168336329391,7.821798162809344e-05,0.7570340400527251,0.01993502078814303
255,0.06902657104914357,0.03464840489655486,7.797310388101401e-05,0.8861713929513108,0.010075657999109786
256,0.07334881708182414,0.03977724758733494,6.93052779513596e-05,0.8256772038403715,0.06112742621251815
257,0.06605041974316296,0.031064996433926167,5.549332458320653e-05,0.8534584941603854,0.04937059633794239
258,0.143976700808815,0.04265854440894052,4.80053560162323e-05,0.7670885244503638,0.04622822497586445
259,0.26525247419739983,0.08013187884711225,0.00011114610744641377,0.6123191208522063,0.04218537999583524
260,0.20047109486132653,0.12259723640056196,0.00019047517222824854,0.4310967970172737,0.24564439654860956
261,0.18037121251361535,0.21926179464596113,0.0002390111709861185,0.3075830022410291,0.2925449794284083
262,0.41150752799049173,0.09140190702811883,0.00018119899618847566,0.3952185637884283,0.10169080219677264
263,0.26674293723360015,0.1604900781949757,0.00023466953710522373,0.31419084871266006,0.25834146632165883
264,0.1802631868918489,0.555954527828889,0.0009042149812291659,0.2307141419081804,0.03216392838985255
265,0.22121675012313607,0.177237422676338,0.0015926597034071626,0.26992727679308337,0.33002589070403554
266,0.5204561410269133,0.22766555021088827,0.00030954828648068416,0.21523311350922564,0.036335646966492066
267,0.27295012294277365,0.48840018020275394,0.0006389118055409456,0.21748709347354922,0.020523691575382186
268,0.11239972164194464,0.8154334268143855,0.006677404732664201,0.015590468677954926,0.04989897813305076
269,0.18688232878732258,0.6728297874988665,0.0014197329523914328,0.13038743583620088,0.008480714925218673
270,0.16561476413807608,0.811930418585491,0.005495619545691544,0.007688496847967458,0.009270700882774041
271,0.063448207052084,0.9000671928400349,0.019982758592061303,0.007170725109639719,0.009331116406180097
272,0.11931578756341679,0.8350349034370319,0.00701215682133551,0.024999910549053896,0.013637241629161759
273,0.031540363975375345,0.9413996036415397,0.019753214629267494,0.004004859952789961,0.0033019578010275033
274,0.12933719817304745,0.5769408767707727,0.0875101196778635,0.0033508957379151717,0.20286090964040135
275,0.3297974956947444,0.6364645839961218,0.00567783670869619,0.011812693013122539,0.016247390587315155
276,0.30027307066553477,0.6404470996417285,0.013229408313597807,0.004306558510142024,0.04174386286899675
277,0.09443997766083884,0.8700032600538311,0.029190942830810356,0.0011885141854985303,0.005177305269021212
278,0.13959841318637056,0.8297249499693024,0.018820418704203274,0.003359116603452917,0.00849710153667095
279,0.04635412401520853,0.8985667514254415,0.045713004938023855,0.002485860048316973,0.0068802595730094165
280,0.034819064060297646,0.8644059749423941,0.08290749629653996,0.005678709566605837,0.012188755134162186
281,0.05025194709256718,0.8899456365667213,0.04991729530771472,0.004510949825945232,0.005374171207051558
282,0.036676004440075925,0.8357043472703662,0.11514975086837727,0.006053569901373587,0.006416327519806868
283,0.021767066757852623,0.9452976501902871,0.02773383527705294,0.0025642591067204586,0.0026371886680869525
284,0.06615477547306635,0.8580160166610307,0.058328743704416056,0.008654980152575587,0.008845484008911325
285,0.02393321123976724,0.9447846662781363,0.02606147956035121,0.0030694410517588346,0.0021512018699861224
286,0.04662366111041072,0.8880077019276353,0.05349655681701199,0.0068574367334530125,0.005014643411489025
287,0.02306520856396637,0.9367471887304738,0.03468917360042493,0.0028814876619423163,0.002616941443192512
288,0.03597234441746485,0.8527796433614512,0.09650121673269914,0.005101695196057622,0.009645100292327246
289,0.046889387647482426,0.8088554147548646,0.13561863353005985,0.002012683723054928,0.006623880344538192
290,0.0632838154593159,0.7076734351066472,0.21318930787191412,0.003793957802546897,0.012059483759575827
291,0.03339303584609779,0.6460129084714593,0.3128498900982293,0.0012052332638459297,0.006538932320367676
292,0.02986124553059174,0.7844584359118149,0.17906577498192044,0.0017314836360956634,0.004883059939577279
293,0.06362935836278481,0.7491783928979466,0.1704749595423883,0.003083753298077768,0.013633535898802536
294,0.017564537708528283,0.5399650830642122,0.4087902629012489,0.0024005678474451914,0.031279548478565476
295,0.011847916135338735,0.5574188672346834,0.4146458075530221,0.0028357487584465403,0.013251660318509245
296,0.09526404197906409,0.6644083720788418,0.1817923347336041,0.007350821677526559,0.05118442953096353
297,0.046531955965772094,0.8569616886388125,0.0786322525696357,0.003301329975972594,0.01457277284980718
298,0.5059268587638278,0.35809730156836317,0.0032922641834887533,0.009921589939364598,0.12276198554495557
299,0.14409301613766912,0.8078191736744958,0.029395340571295992,0.006035590591551794,0.012656879024987164
300,0.19075385090094948,0.727388995416696,0.02569033773005776,0.0059079860554738465,0.05025882989682289
301,0.0451809663134684,0.9165252194046071,0.027105434530788293,0.00209679011199701,0.00909158963913924
302,0.09567191758428419,0.810059520344925,0.06691631088362827,0.003659864347786219,0.023692386839376307
303,0.03176208431079412,0.9285389558435865,0.02687410902429363,0.002424730544977362,0.010400120276348524
304,0.02256748903933082,0.8607718348861891,0.10808007517369089,0.0016087014064127333,0.006971899494376574
305,0.04187674540819012,0.8546627611586496,0.09031901967825276,0.0036966472565342504,0.009444826498373141
306,0.06439968552967858,0.7890593855999773,0.09575886617223103,0.0050621570396175465,0.0457199056584955
307,0.06001246079514491,0.8713547814557906,0.04880442412900539,0.008227481542220838,0.011600852077838104
308,0.10130829723427061,0.7375750810518418,0.012531665694378231,0.00363112372802878,0.14495383229148057
309,0.09075283661901852,0.8206188899076623,0.06934061669731278,0.004750486911885222,0.014537169864121456
310,0.1292766312398334,0.585973860391649,0.01882208797092654,0.003394507859022261,0.26253291253856886
311,0.7373027135538123,0.1417800926455923,0.000509694813893577,0.008042671381506045,0.11236482760519595
312,0.24997463766888034,0.6636938322900447,0.005213569268096608,0.01031886281472675,0.07079909795825164
313,0.5163152422408622,0.38895715821771176,0.003823949410538489,0.0058537460077827145,0.08504990412310481
314,0.15172397633246182,0.7855143581288216,0.017186696868370425,0.0062421362262811,0.03933283244406494
315,0.6405018007022306,0.2030181431477231,0.002310365570715491,0.005375433629879372,0.14879425694945153
316,0.2191210727391439,0.7207762262414606,0.011105141292486048,0.0038340609591006832,0.045163498767808785
317,0.2265670673251179,0.7339354055016092,0.007521269455281012,0.007528883999433257,0.024447373718558672
318,0.0928626851298828,0.8203909477187082,0.0600619967792853,0.0033684141093493817,0.023315956262774228
319,0.2870276897248344,0.6587768104551942,0.01556880967742038,0.01255838098743297,0.026068309155118066
320,0.12509190967870354,0.7695278378089269,0.05407035533804005,0.006129334304560474,0.045180562869769104
321,0.09349095798448895,0.828319342126768,0.049160359465716105,0.010137157385479717,0.01889218303754728
322,0.046379712651030934,0.9058420690495108,0.03733884254136811,0.0035903490845598275,0.006849026673530432
323,0.07392999212102087,0.6506710038135874,0.12456582202305329,0.0015054381089704128,0.14932774393336798
324,0.34032163718653863,0.5719381103605491,0.011550779497348194,0.011159310612065316,0.06503016234349875
325,0.18639028544222355,0.724850638304474,0.050217987317164633,0.003537328957667806,0.03500375997846999
326,0.5448966958416991,0.3880485930824836,0.014889525039367786,0.0028513579763380964,0.049313828060111496
327,0.27150969173203965,0.6225591622728683,0.0474289436016425,0.009801000283245926,0.04870120211020366
328,0.12628774963587128,0.7702232226909468,0.07813753845142857,0.006493158990309643,0.01885833023144364
329,0.45148726741572476,0.3029933226541603,0.010297230418070184,0.005602214522511594,0.22961996498953327
330,0.12948648381914263,0.8030531440180064,0.033781026497270085,0.005521107341598594,0.028158238323982388
331,0.1934233693945126,0.6886612405044364,0.036007419288422146,0.01239862129081855,0.06950934952181013
332,0.1567254753090247,0.7787919764349567,0.02767326710609709,0.004401029003213145,0.03240825214670837
333,0.15532119211284093,0.797544515862666,0.019583385922866348,0.012560502579188917,0.014990403522438044
334,0.09457636337691114,0.8026086060473534,0.08638622316443775,0.0038232583157114877,0.012605549095586215
335,0.14322574732257512,0.8240431338564016,0.011285851190045992,0.011479414628502658,0.009965853002474587
336,0.03844325975803124,0.9238755556374127,0.028064187722042656,0.004055044346330158,0.0055619525361832785
337,0.17092849084465156,0.7466732444934749,0.03958739828152245,0.009183020656140682,0.033627845724210355
338,0.06760540626683631,0.614601336973352,0.02415723341317075,0.0032707680028654837,0.2903652553437755
339,0.5286839321356411,0.3210429242486396,0.0008688118145296427,0.006047540102096262,0.14335679169909346
340,0.5797817335809002,0.3963099901709723,0.0014018087360443553,0.0018022784457891808,0.020704189066293874
341,0.2411495142480736,0.7327637537159053,0.00861829484168345,0.0019771133708269763,0.015491323823510721
342,0.09718081356321359,0.8781564911732881,0.018798900933549266,0.0020536926171416245,0.0038101017128073737
343,0.023594696964869634,0.9050172156018564,0.06480086422866085,0.001545237493677687,0.005041985710935489
344,0.009260465259806724,0.929838279746057,0.05790043831905907,0.0011632924582101259,0.001837524216867216
345,0.005743584599116282,0.8446770271000977,0.1464473102725569,0.00159224927784085,0.0015398287503881431
346,0.006712088871270015,0.750758290258202,0.2390239199838508,0.0012966568740893345,0.0022090440125878664
347,0.0122372312436853,0.8046967607734795,0.17718658455786945,0.00219333375588503,0.003686089669080558
348,0.005486813684028329,0.41944658290613646,0.5708412520157323,0.00041017199798951663,0.003815179396113376
349,0.006549440737969423,0.43609022245916185,0.5547321407862853,0.0003724247192034542,0.002255771297379922
350,0.0025860459673913063,0.156571947670144,0.8386650522394068,0.0002572070924136215,0.001919747030644383
351,0.004276009836205023,0.1818764047260106,0.8108752971884917,0.0004204519133843859,0.00255183633590833
352,0.00335805199496261,0.32968578609470667,0.6639292648278353,0.0005717061144375011,0.002455190968058079
353,0.0014730761372927933,0.1427823517465284,0.8530028296984014,0.00040036630156231633,0.002341376116215112
354,0.004473311326990562,0.10670562248721596,0.8825692020534247,0.0012392567734061165,0.00501260735896265
355,0.0028575083036548343,0.10515541768137067,0.887967989800492,0.0006947769277182726,0.003324307286764286
356,0.0046361456360128365,0.1274875417886261,0.8605795221236873,0.0011232169004112415,0.006173573551262481
357,0.0026380940124645673,0.1669444074159915,0.8256319244113914,0.0004960290984402956,0.004289545061712308
358,0.0024904936865279,0.08274577882105778,0.9076160981853382,0.0006267059845621809,0.006520923322513859
359,0.004704207367264079,0.17967629259559945,0.8063293018747519,0.001222149108692981,0.008068049053691578
360,0.0017360267030166853,0.16920862869599287,0.8232271616928485,0.0006134709120920248,0.005214711996050049
361,0.0010588751982153453,0.0641849278226028,0.9300375835266163,0.0004924103202703064,0.004226203132295314
362,0.002780749271564659,0.1072355582973803,0.880527578919424,0.001107289415785908,0.008348824095845165
363,0.004481350527951467,0.08606988879230162,0.9035731944867296,0.0009071472183525529,0.0049684189746647366
364,0.0029606024527018115,0.16955084620613406,0.8225212401185364,0.0005671716267872158,0.00440013959584051
365,0.003171564697460702,0.07254020690581048,0.9200305546248664,0.000492046225121921,0.003765627546740439
366,0.0019000850046761023,0.12282522014279845,0.8725322910123533,0.00035889003238211934,0.0023835138077899698
367,0.0039601194357210745,0.12864253840142212,0.8617141806492963,0.0011223513791326634,0.0045608101344279586
368,0.0017798939324593839,0.05655797494570869,0.9372190025189799,0.0005606316030933062,0.0038824969997587016
369,0.004106470216115039,0.20907962170225788,0.7790160991919489,0.0014677722060220946,0.006330036683656134
370,0.00573228940971217,0.15435294555979748,0.8268982972721745,0.0018673731606309836,0.011149094597684856
371,0.004979407989688481,0.12853446045809638,0.8596739391008046,0.0006580972031840759,0.006154095248226463
372,0.002473702563649065,0.07954858766767191,0.913573383247541,0.0003973591297643346,0.004006967391373863
373,0.004227073235930109,0.15198979177421046,0.8321160142509592,0.0009469838507107344,0.010720136888189527
374,0.0037817500697609418,0.16590367265285463,0.8233480453689447,0.00095949320833999,0.006007038700099691
375,0.005690096938624456,0.25169218768565443,0.7323428109881391,0.0013047307886314937,0.008970173598950408
376,0.0015661241315877868,0.07698972740184722,0.9181571962831799,0.0003701175594800344,0.0029168346239049387
377,0.002770108097392078,0.18660863007940373,0.8052522446003384,0.0007362319050273386,0.004632785317838419
