epoch,N1,N2,N3,R,W
0,0.003979800373675567,0.0008549761585385402,2.2407907788873336e-05,0.0001529542108735227,0.9949898613491236
1,0.006462913836030297,0.0011363014726886653,4.6157438307184356e-05,0.0001476872288675646,0.9922069400241063
2,0.012876235184798347,0.0015788558822162448,1.2160323464705896e-05,0.0003879862522362476,0.9851447623572844
3,0.0021959718170469025,0.0004663163553291247,2.4056890667411973e-05,3.215423708658486e-05,0.99728150069987
4,0.019163404769188718,0.002823242350209562,2.1843686382035336e-05,0.00029516286794311713,0.9776963463262766
5,0.0022221833075098635,0.0005205460911183395,3.462131431237811e-05,3.178532978873221e-05,0.9971908639572707
6,0.31853052865087206,0.011361533674602093,8.102263355559287e-05,0.0023374820180096915,0.6676894330229606
7,0.0006450872353443485,0.0002481938583665516,1.8342390463918507e-05,6.509391534053825e-05,0.9990232826004847
8,0.26597901702057913,0.005440429349190795,4.633328420159569e-05,0.0009846962758764447,0.727549524070152
9,0.5030523216252931,0.014285824543172638,0.0001277687613776417,0.02308961913729589,0.4594444659328607
10,0.4192481901509898,0.013409349104268919,3.55119276609275e-05,0.005852193769707131,0.5614547550473732
11,0.23081538462483409,0.034604995545514314,0.0006376222871520567,0.0037057441623937724,0.7302362533801058
12,0.2605138889859162,0.030183717584954677,0.001731227859705824,0.0036095941454155132,0.7039615714240077
13,0.11131331964365461,0.027926368849263545,0.001613912522969234,0.014040243046010146,0.8451061559381025
14,0.2791369494513986,0.202440615742538,0.0016266683721264897,0.2927562421682429,0.22403952426569404
15,0.3594196306755454,0.21468700180336014,0.002892184468764299,0.10414172856341769,0.31885945448891256
16,0.2202337552919516,0.6070512606068665,0.007450096011845905,0.04664467782287052,0.11862021026646555
17,0.06900253464317099,0.07962846840183697,0.013264052419044565,0.0229930626336775,0.81511188190227
18,0.1341589886566662,0.0932356389227678,0.006705656880832641,0.018341175742197836,0.7475585397975356
19,0.24475163083288903,0.23498334981286548,0.0059406660767298575,0.013309710016030962,0.5010146432614846
20,0.30955992366124513,0.5694850551978091,0.00904218202410668,0.018886060920009468,0.0930267781968296
21,0.20607926333108395,0.6410932542473565,0.0027768909136022747,0.011724455540979298,0.13832613596697804
22,0.12687761972294084,0.6190818728889873,0.004931666535176372,0.004374105555874227,0.24473473529702136
23,0.47816797720268045,0.3649487017204488,0.0031226662598853516,0.004258816859298768,0.14950183795768682
24,0.0943010470546324,0.7343610152418382,0.01257069234769129,0.0010293721449694683,0.15773787321086868
25,0.09064247720081946,0.857335694863919,0.01289496960827317,0.0020269035297744518,0.037099954797213994
26,0.0934508037902537,0.4766549485500328,0.023497161094715124,0.002122006305460147,0.40427508025953807
27,0.06206461126132112,0.8377321334384153,0.020300983503689907,0.001161183964861557,0.078741087831712
28,0.03234128407784161,0.800067056214175,0.053551501705211786,0.0015434251583658477,0.11249673284440584
29,0.02289109882447878,0.8822141952531006,0.05749289053437788,0.00052523926736939,0.036876576120673396
30,0.053598148600279796,0.9074050571598198,0.017667199322096157,0.001937288080520082,0.019392306837284202
31,0.05737318349603541,0.822898096860121,0.03775875696963754,0.0012170933950184446,0.08075286927918768
32,0.030725072207082635,0.8450124027036704,0.08180197360627701,0.0005218892627436354,0.04193866222022634
33,0.014787518680709566,0.49955611232766106,0.4605037757732285,0.0003721714803345773,0.024780421738066223
34,0.033577950304126615,0.5654979947803047,0.23368659185667742,0.0028474275009934408,0.1643900355578979
35,0.0026721006828099984,0.658922773296288,0.31628748047267036,0.0004537744387950407,0.021663871109436454
36,0.004112267899451453,0.7189501220340722,0.24579883631279265,0.001003859666510353,0.03013491408717339
37,0.03420888871398525,0.04515069544136536,0.006029693003181547,0.0010067286255688273,0.9136039942158991
38,0.4181419228646661,0.1483709691575488,0.0007433252387086568,0.005247687777804365,0.4274960949612722
39,0.3366841793425703,0.21773262648851827,0.001463046659807375,0.0030580189428045593,0.4410621285662994
40,0.30529170158827945,0.3992977748353972,0.00334944481886574,0.0023698103225516065,0.28969126843490606
41,0.18950871365544872,0.3148435055175795,0.0036035977400456567,0.008690736557032114,0.4833534465298938
42,0.02199074901276675,0.12442159488806522,0.004808857260093327,0.0035969890964408966,0.8451818097426338
43,0.12206614879962181,0.08890292747469784,0.0002401829240235958,0.0024461073945820856,0.7863446334070747
44,0.19212697615355798,0.056228713036682934,0.0001941445251416508,0.005695453089135779,0.7457547131954816
45,0.16654076392794015,0.46031577429610315,0.003344899680284431,0.003335236155960567,0.36646332593971176
46,0.05365186384366428,0.05931928981249543,0.0033748447319211887,0.00019958323211921619,0.8834544183797999
47,0.03574346982671399,0.012821055628455869,0.0009246324624591328,5.3470783780182915e-05,0.9504573712985909
48,0.11821840787825355,0.04003588685539004,0.003093425960388104,0.0002481008314402946,0.838404178474528
49,0.5192361906400659,0.287845116097968,0.002251463116987319,0.0010738073646837066,0.18959342278029503
50,0.09623430385153499,0.18492789197638618,0.005927593049763887,0.0011660504780187846,0.7117441606442962
51,0.09456462633248805,0.18987300244041716,0.0016689413751278988,0.005711795858418405,0.7081816339935485
52,0.00315716926538443,0.021972489405942656,0.01437448581236971,0.00015306761380714934,0.960342787902496
53,0.0018629148486715074,0.0030436189353522723,0.0010136489771088292,1.4511262472641458e-05,0.9940653059763948
54,0.0052212602580286255,0.0016519605981428506,0.000882737452662995,5.333076757925592e-05,0.9921907109235863
55,0.45100225049589016,0.04440114162935669,0.0005649299151097741,0.001539703205610621,0.5024919747540328
56,0.2742828611338397,0.3139624173488678,0.0017921369087539056,0.0011289474789342605,0.4088336371296042
57,0.16342527341725813,0.5228352368322768,0.004014123305803915,0.001553077865780403,0.3081722885788807
58,0.1304622863283508,0.20159890959075025,0.0018828249971080651,0.00354024150145722,0.6625157375823337
59,0.385796959620733,0.44085148923690776,0.00454190300905804,0.0037693352277600313,0.16504031290554122
60,0.0777807266136826,0.8480613746201182,0.0021633563607939134,0.005060228224817931,0.0669343141805875
61,0.07952875468678346,0.8916943303477975,0.008789170579200638,0.0004165733176892034,0.01957117106852908
62,0.047722993831858504,0.9293249374483833,0.009438332884590638,0.002130193085863305,0.011383542749304214
63,0.013453633406440292,0.9424991189929658,0.03718469291725269,0.00024093200728174486,0.0066216226760594295
64,0.0027781336285013906,0.7872612327563474,0.20659409923624042,0.00017897088972129884,0.003187563489189701
65,0.0013584434004964261,0.8541838946666691,0.1407158566260548,0.00015838238041402639,0.0035834229263656445
66,0.005370645848855041,0.7909134704812468,0.19805537673244888,0.0001357852650155634,0.005524721672433755
67,0.002546811745745429,0.792859845259101,0.20116689875594782,8.133579394603373e-05,0.0033451084452597265
68,0.002577776865783667,0.6051328662602665,0.38900882493631245,4.4717620743152096e-05,0.003235814316894287
69,0.005899020970960957,0.6603388770747203,0.32881681048178046,4.773953207380938e-05,0.0048975519404646645
70,0.0019934647340334156,0.4047601354650896,0.5897077837138439,3.9408824140625806e-05,0.0034992072628922902
71,0.00033692211087421316,0.15439589442793644,0.8442915616342362,1.965007513328179e-05,0.0009559717518197957
72,0.0027854367848048887,0.49932051428807384,0.49486285874368074,6.797698966465502e-05,0.002963213193776042
73,0.0007388662146353723,0.22875171862663743,0.7691912877271763,2.0579568155429144e-05,0.0012975478633956402
74,0.00034720303403954064,0.11454020137558495,0.8843367008234215,1.3944080713759705e-05,0.0007619506862404065
75,0.000249160929978999,0.11318778360928151,0.8854710193108077,1.201078966975804e-05,0.0010800253602621615
76,0.000299194541189404,0.08254285779727005,0.9159160748406393,1.824125969151124e-05,0.001223631561209714
77,0.00020141861113578312,0.06331109943253758,0.9356293773011983,1.8565628643206314e-05,0.0008395390264851532
78,0.0004078146673143892,0.11222117383547553,0.8859197868852738,2.65077911698821e-05,0.0014247168207663092
79,0.00013648154897086365,0.04792129734251125,0.9513105531759617,1.0874413061586874e-05,0.0006207935194943427
80,0.00027128130847160775,0.08935534838647417,0.9088615909757544,1.2715513192936492e-05,0.0014990638161069578
81,0.0001756821460305719,0.024227253704099675,0.9745871048831917,1.751891313317421e-05,0.0009924403535449728
82,0.00011718671622819025,0.03442122834260745,0.9648386014466754,1.2348030047364552e-05,0.000610635464441464
83,8.8999124152557e-05,0.028762900752936294,0.9704953290202663,5.866939622003944e-06,0.0006469041630229668
84,0.0002067505398796726,0.04853791372517116,0.9501772285844772,1.530546366995579e-05,0.0010628016868021407
85,0.00020454046805282595,0.03150942108460676,0.9673877303424955,6.996862026405651e-06,0.0008913112428186966
86,0.0002937930652095336,0.041692773514527014,0.956425775360596,1.0465245068885242e-05,0.0015771928145985072
87,0.09924192876061204,0.04908253210013841,0.849599855429146,3.254058370176854e-05,0.0020431431264016624
88,6.266403635567403e-05,0.013159341611865634,0.9860548578020947,4.724067137967726e-06,0.0007184124825461577
89,0.00015129229484560223,0.028708075708964324,0.9695966005852559,1.0054663611603071e-05,0.0015339767473225476
90,0.00014207203391728674,0.028930444508795828,0.9693808350702953,1.5189565459957471e-05,0.0015314588215315193
91,0.00023781279709027015,0.03789250608558225,0.9608103564622191,2.2293047149398065e-05,0.0010370316079589936
92,0.00014112395165546444,0.02217146827224216,0.9764275914378947,8.387845165372052e-06,0.0012514284930421862
93,9.369237670734611e-05,0.02114785531039701,0.9780520726839226,6.4715101924613555e-06,0.0006999081187805824
94,0.00020803909321161603,0.027413588093212714,0.9715013095142159,1.3450523698283701e-05,0.0008636127756615988
95,0.0003715671226290321,0.031898071261970785,0.9670300876319788,1.901184106153915e-05,0.0006812621423599268
96,8.453153132131426e-05,0.013272385196111895,0.9862764812313346,4.560408613398695e-06,0.0003620416326188702
97,0.00034124682328446135,0.03305545898308662,0.9656153664130557,1.5427253956289754e-05,0.0009725005266169002
98,0.0004114110327303891,0.03197544450654818,0.9669130423353469,1.7606637569034708e-05,0.0006824954878054606
99,0.0001651226499524291,0.01210245612050505,0.9871806326452305,8.77766761721619e-06,0.0005430109166947166
100,0.00021889827530065755,0.029961789659316052,0.9690604511575684,1.2993186736594582e-05,0.0007458677210783958
101,0.00011691771103752842,0.014069804626454662,0.98499006070477,1.4102104211261306e-05,0.0008091148535265359
102,0.00020573393687197514,0.01730210391421067,0.9816813185357045,1.1967023507376246e-05,0.0007988765897055686
103,0.00011740536836631029,0.015455948447225254,0.9839165539203711,6.187210233575719e-06,0.0005039050538037364
104,7.349310130817497e-05,0.011847215288993209,0.9874903355575234,5.196156894943143e-06,0.0005837598952801249
105,0.00020381778293725785,0.02256155554111669,0.9763010922902469,1.3392685194115883e-05,0.0009201417005050175
106,0.0005220762660090878,0.0359917780763504,0.9625181030608471,1.5668666305480103e-05,0.000952373930488058
107,0.00015806719225882617,0.020589592645248084,0.9786115530195848,4.819012940135577e-06,0.000635968129968255
108,0.00010977414423256767,0.012391471451876582,0.9867996928032388,5.061153073230504e-06,0.0006940004475788437
109,0.00015743142797036862,0.023549116198577323,0.975197173117622,7.106632566260621e-06,0.0010891726232640573
110,0.00015781827839468195,0.019990359505683952,0.9789267469760292,1.0200169792498089e-05,0.0009148750700997304
111,0.00023937692252578574,0.015030330306250722,0.9839195048306681,1.2062583578868117e-05,0.000798725356976263
112,0.00011234713241291412,0.019920054551640767,0.9794258552343502,7.892132805896688e-06,0.0005338509487902358
113,0.00022274862608207143,0.019733838357645257,0.9795209542458276,1.0000811143253266e-05,0.0005124579593017473
114,0.0001005242209926421,0.010876356880412072,0.9882320529789245,4.542318145348261e-06,0.0007865236015254976
115,4.295849739005908e-05,0.011942457703152476,0.9874382306889061,3.4939394561256735e-06,0.0005728591710952561
116,6.167342986950912e-05,0.014820219418058386,0.9846297231898118,4.4514915537860845e-06,0.0004839324707065541
117,5.858907576149948e-05,0.011045788162981648,0.9883403123888537,4.971247492967992e-06,0.0005503391249102256
118,7.647041521435639e-05,0.02439023026923475,0.9749555172509862,7.167716775509102e-06,0.0005706143477893245
119,6.3442016661719e-05,0.014939854218123778,0.9843554054514843,3.956877954381437e-06,0.0006373414357760778
120,7.407170325729275e-05,0.011793766460772223,0.9872151501152145,5.595707940284688e-06,0.0009114160128156634
121,0.00014008435447500432,0.015609299840538798,0.9835340248881219,1.5282232083432398e-05,0.0007013086847807909
122,0.0001397522507799445,0.02253505661019842,0.9762064127102745,1.7759061799323014e-05,0.0011010193669478499
123,0.00022356917336254826,0.015476370939381883,0.9829105725906353,1.620561775414736e-05,0.0013732816788661526
124,7.619636177919281e-05,0.006521641271731151,0.9921311271174431,8.070202564623741e-06,0.0012629650464819982
125,0.00013292239061687757,0.011026873509231448,0.9882015006112782,1.341306209218292e-05,0.0006252904267814003
126,4.881717290208409e-05,0.008741946192494467,0.9905954795809755,3.945369872982816e-06,0.0006098116837551625
127,0.00028847628159031267,0.021516667540850774,0.9772871750675172,1.7183016174899187e-05,0.000890498093866736
128,8.60047064336502e-05,0.011859062908471399,0.9873916802817949,6.257303967518007e-06,0.0006569947993325289
129,0.0006780497392586924,0.04254185832744765,0.9558317297133477,1.782212788462602e-05,0.0009305400920612862
130,0.00011787308982605914,0.016910578180952544,0.9823453633342307,9.153308644708787e-06,0.0006170320863460673
131,0.00031610272783181773,0.021549039532264953,0.9771539481288879,1.2105088168276138e-05,0.0009688045228470899
132,0.00028233145980318764,0.0217780996754226,0.9765590660805282,1.8419760191506153e-05,0.0013620830240544076
133,0.00023171148091742075,0.01933286964507856,0.9797625030132512,1.1842615587186182e-05,0.0006610732451656037
134,0.00011907436525420602,0.017829861246293086,0.9811737079251034,8.591702122201152e-06,0.0008687647612270724
135,0.00010767473599214056,0.025794644697341596,0.9734547569297521,6.012554995380879e-06,0.0006369110819187974
136,6.097490924298937e-05,0.012143233153827385,0.9872396820130482,5.857063595850052e-06,0.0005502528602855468
137,0.0003950260138949467,0.025159394497255808,0.973920734956165,2.3321766643619297e-05,0.000501522766040724
138,0.00020104263640246067,0.020563597054180018,0.9788828899110841,7.279299682479319e-06,0.00034519109865083187
139,9.173506290730883e-05,0.013501439044909323,0.9859612361094579,9.616279717419417e-06,0.0004359735030082241
140,0.00015762742777956768,0.013455955719859792,0.9859588137189795,1.3294474975886986e-05,0.00041430865840530115
141,6.130761788799801e-05,0.008168837093071346,0.9912262805942066,4.328524447862423e-06,0.0005392461703861457
142,0.00021474408944998515,0.017916155580551398,0.9800666606476095,1.8550475049353513e-05,0.0017838892073395863
143,0.00014716001554878312,0.011442304574125078,0.9870166293131483,1.5341086285129694e-05,0.0013785650108928474
144,9.142226467115316e-05,0.011991841069976214,0.9871162261533255,1.2146979326256161e-05,0.000788363532700952
145,0.0004479062327234128,0.021886473161911734,0.9756729568901676,2.2625407594103418e-05,0.001970038307602984
146,6.001606207335978e-05,0.007687523162015772,0.9914856640894595,4.146370000034611e-06,0.0007626503164513209
147,7.510283551844705e-05,0.01113104987751229,0.9880937258464565,1.0891409915702335e-05,0.0006892300305971138
148,8.064419883472181e-05,0.012426007738798735,0.9866492587778061,1.0139384095388837e-05,0.0008339499004649998
149,8.937017241904762e-05,0.019254002377528803,0.9798777720530877,2.0411299147656467e-05,0.0007584440978168481
150,0.0005330479443467331,0.03395912687948869,0.9645758849305645,2.9549007490945995e-05,0.0009023912381091063
151,0.0001379437526225751,0.018790635414802026,0.9800729536179168,1.926559157138893e-05,0.0009792016230871685
152,0.00021645698991217997,0.023063732456960626,0.9754337404660062,3.1934283255678817e-05,0.001254135803865542
153,8.644748207139706e-05,0.007154974052912974,0.9904837260481043,1.5204153373128216e-05,0.0022596482635383747
154,0.00014229481115433394,0.010952306178523311,0.9873799884376993,1.5090676749316494e-05,0.0015103198958738618
155,0.00012513366150501188,0.013977283526484587,0.9849571054876461,9.635421367631183e-06,0.0009308419029965137
156,0.00015017856053024844,0.014899385839460055,0.9837489083063413,1.7833469672456668e-05,0.0011836938239959734
157,0.0002587438427008447,0.012025049719585294,0.9866631130088319,1.587057935173717e-05,0.0010372228495303404
158,0.0005368169370387277,0.02928980947020769,0.9681785467328086,2.7027256324386847e-05,0.001967799603620471
159,0.00027582443658553246,0.020607746076522028,0.9777419750467411,3.8097129475280626e-05,0.0013363573106761624
160,0.0002717029127457685,0.011850093524478859,0.9867447046125404,4.798190898483513e-05,0.001085517041250116
161,0.0003838040858525571,0.01990744634741368,0.9784472124360021,9.610855298613079e-05,0.0011654285777454442
162,0.00028938624128369055,0.015777289380289685,0.9816987828240705,0.00015535352317388058,0.0020791880311823116
163,0.0009730824883363291,0.02192289845069118,0.9751956346443674,0.00030828221390847714,0.0016001022026967706
164,0.0020342533959896575,0.06787927563082956,0.9259105595823116,0.001852672770720161,0.002323238620149183
165,0.007709047677374779,0.0596736195017358,0.9251360221318929,0.0026748110534325123,0.004806499635563812
166,0.01462000784398614,0.047708690192844315,0.026021178409902836,0.01594158966304118,0.8957085338902255
167,0.4137980600312402,0.31667249984134216,0.09485656659039458,0.0053889762060809615,0.16928389733094198
168,0.4482452492738528,0.2101014063552726,0.005340172964928894,0.003915111050387958,0.3323980603555578
169,0.3699824556480593,0.5604799280472622,0.02698244808151069,0.0023407868748555427,0.040214381348312254
170,0.130161750220996,0.7969697933102313,0.04777681965654229,0.005119042826373362,0.01997259398585677
171,0.10212650924564624,0.8167703839010111,0.02432096521732549,0.00944745575514338,0.047334685880873716
172,0.22645614499062494,0.6337122871644729,0.037068856259876506,0.011973269690792047,0.09078944189423362
173,0.06774220761698155,0.8727494616820674,0.022870032573143777,0.022273202832455905,0.014365095295351274
174,0.024195873764135876,0.9170657615966968,0.050313180367974865,0.005355034625322277,0.0030701496458700023
175,0.08048315590083485,0.8419767494192708,0.05040099095251915,0.009176716977449623,0.01796238674992557
176,0.010437883990504826,0.8669076319115474,0.11219741791186032,0.004800412799045108,0.005656653387042386
177,0.019805567339045625,0.9072518150361298,0.0565621070072254,0.007435336385560198,0.008945174232038892
178,0.0939019438436371,0.7653019415759797,0.10817601981440962,0.0169172138344102,0.01570288093156321
179,0.07539479242866631,0.7009726255363673,0.20361442798555088,0.010216360443073743,0.009801793606341798
180,0.03480987809160116,0.7524827267436035,0.1779890641041503,0.017240042202058138,0.01747828885858693
181,0.05827571518620624,0.6132991874133338,0.28433910320414446,0.01575032969158478,0.028335664504730834
182,0.0913935335831289,0.7540387561237668,0.08465375968601267,0.04026645086799859,0.029647499739092985
183,0.011581851758983753,0.8620822385472475,0.10449833403769951,0.01697017418682817,0.004867401469241075
184,0.011830586859697784,0.8331847735438916,0.11774424953473604,0.031124366625505898,0.0061160234361687296
185,0.16482897516159464,0.42942645358579284,0.014983355803060035,0.01114633443920691,0.3796148810103456
186,0.2719914846982902,0.641210350096297,0.0020013814680872096,0.004889549080017094,0.0799072346573084
187,0.03678464862367578,0.8723286092295662,0.08919703710833153,0.0005854485350379059,0.0011042565033886757
188,0.036722936793407254,0.810443727445098,0.14442884301397388,0.0006435137327683737,0.007760979014752521
189,0.043483995650936746,0.8106858893196294,0.13427445900555715,0.002303457020328455,0.009252199003548234
190,0.031045451713276447,0.8930051642917232,0.049964435106314584,0.01860190683694703,0.007383042051738793
191,0.00774222551325131,0.8860182045726483,0.08459726128642338,0.01721564916137945,0.004426659466297296
192,0.007551940140686736,0.7713561674377816,0.1838872414809856,0.034109867754827015,0.0030947831857189878
193,0.018712184300664604,0.8970374984790905,0.03574830586753902,0.03600178472996993,0.012500226622735824
194,0.0073075636188831596,0.8559823341892587,0.11013302352347733,0.022533024336710245,0.004044054331670495
195,0.019683494375213616,0.9104528310343418,0.007008015125195124,0.05842763545063574,0.004428024014613525
196,0.039183255481197714,0.8927057517675901,0.0018358749293985374,0.0603205705690276,0.005954547252786147
197,0.057853774516757495,0.7248625718157713,0.003116137346674298,0.17436198161662944,0.03980553470416757
198,0.06571403948931027,0.7129957032057573,0.0022182260228229096,0.2036701376032228,0.01540189367888651
199,0.04270919777761011,0.6814467999055086,0.0011468739533411828,0.2680500631121429,0.006647065251397202
200,0.04361333003323359,0.34525389417341124,0.002434241619795091,0.57921668877229,0.029481845401269968
201,0.033676682622774984,0.06002387043126399,0.00011770575348681743,0.901916994117381,0.004264747075093145
202,0.12201403163362204,0.06459559127641107,0.0013525417353778245,0.7201282576746925,0.09190957767989649
203,0.08750627925401748,0.039470618252039714,0.0001892302290271929,0.8667751592598363,0.006058713005079357
204,0.11253295393669893,0.017241597301829933,9.554031789430208e-05,0.8632013198544838,0.006928588589092997
205,0.029172162756793366,0.0188802563557567,0.0003305523290338928,0.9243429902705647,0.027274038287851333
206,0.031772284277783475,0.025127751069400246,0.00014496494057581412,0.9323837649373438,0.010571234774896748
207,0.0964458863078118,0.026080997455463238,0.0006681274704289142,0.8435759843552085,0.033229004411087455
208,0.009966904629170487,0.00639069685950812,0.00013415088961774745,0.9770900689824692,0.006418178639234498
209,0.012632706306729264,0.019159972808106822,6.409448154605874e-05,0.9642548565513835,0.0038883698522342914
210,0.11253195808724882,0.09107266021964668,0.004523762318604612,0.4983710871908209,0.293500532183679
211,0.07166344904194863,0.0537620762290503,0.0007096204217786559,0.84458789442456,0.02927695988266249
212,0.14584188744086493,0.056876133009886476,0.002540293157123081,0.6022156489863137,0.1925260374058118
213,0.019266005655348018,0.014644454494430945,0.0015709348433861044,0.056631467304837764,0.9078871377019971
214,0.08805838497886058,0.030726392045067642,0.0007685077081835649,0.8327025990925147,0.047744116175373504
215,0.15372265257723497,0.09742991777695398,0.007018022941064267,0.5135727707776356,0.22825663592711118
216,0.4966101281371124,0.055783379323632476,0.002314147378413374,0.3890705915909978,0.05622175356984379
217,0.03293004385833134,0.02303611668739356,0.0009100890854617981,0.8293112752430859,0.11381247512572734
218,0.08622914314796942,0.04318018847937278,0.006483108554610829,0.7197718780003239,0.14433568181772313
219,0.01371024114538379,0.010746874114557443,0.00132619687677332,0.053053098058306374,0.921163589804979
220,0.5566565871968406,0.08377564977455408,0.0009378687578423493,0.2887552949160101,0.06987459935475283
221,0.35531581460999084,0.2686006490093935,0.004590916014472119,0.2034257204562302,0.16806689990991328
222,0.28088496974891214,0.13475869556433986,0.001645971632862167,0.1155218056684017,0.46718855738548415
223,0.29571913129788696,0.1569152631552063,0.0009192866496606385,0.3413611208509745,0.20508519804627168
224,0.061942436073380056,0.04781042045823604,0.017208342646328083,0.10092294033414058,0.7721158604879153
225,0.18931509083884734,0.041931685028014365,0.004033129672928655,0.20585698896900026,0.5588631054912094
226,0.232912595494779,0.03887117162029577,0.002785066927654831,0.42886229042518986,0.29656887553208044
227,0.37294044902819207,0.039747763807285064,0.002698205893894565,0.3065710100988966,0.27804257117173176
228,0.039139679052544736,0.01589748020988508,0.003087192614587526,0.8834740737654436,0.05840157435753912
229,0.07052618972742629,0.014910897053454393,0.00020771612851643796,0.9059892085840302,0.008365988506572797
230,0.02141070169313031,0.013017175733013298,5.994167262255711e-05,0.9608076515297336,0.004704529371500255
231,0.10341407478899917,0.04536584780848538,0.00024543500539995653,0.8450064568378387,0.005968185559276791
232,0.08703189254879087,0.04510709669612077,0.0005710221535116064,0.825592008388645,0.04169798021293177
233,0.1000489534931293,0.02836993689653564,0.00013110259146809457,0.8636315241245496,0.007818482894317516
234,0.1057938146565911,0.08432388461065178,0.0006768374657071996,0.7533929902150726,0.05581247305197743
235,0.07176293618901795,0.042424025996635646,0.001999213671475272,0.8437366474212684,0.04007717672160267
236,0.0357614742569627,0.08248602092881258,0.0008255555527531388,0.8604265800403151,0.02050036922115649
237,0.07524626048077383,0.04668876149263308,0.0009365006565312206,0.8270858634280261,0.05004261394203574
238,0.03616269616379492,0.03159972740191513,0.00022186728987435496,0.922565581142393,0.009450128002022577
239,0.16363115077308069,0.0974879143450814,0.00022089906661552434,0.6753326887464385,0.06332734706878394
240,0.08979927475050492,0.12198122234454949,0.002090815453635234,0.13883874976626134,0.6472899376850489
241,0.3951021767305597,0.14620939075396602,0.00047925124571202574,0.4315842635930136,0.02662491767674874
242,0.17312685010963552,0.537552579359327,0.001181969891046283,0.2790290406557088,0.009109559984282376
243,0.04446739841127981,0.7471198785544162,0.002097833224798716,0.19390374515264064,0.012411144656864671
244,0.05148652967189961,0.2116214869256433,0.000803043461858946,0.7225949280393937,0.01349401190120444
245,0.028650826295713284,0.17087582014436542,0.0011187785078725862,0.7917494152706226,0.007605159781426107
246,0.049331153640990506,0.11672089664623903,0.0008452601007124202,0.8077219366360955,0.025380752975962612
247,0.02437060951845209,0.06127221531001106,0.00015173776393700693,0.9089936015938854,0.0052118358137145035
248,0.04611102793873623,0.059513058422586314,0.00022270892463742921,0.8874458433013729,0.006707361412667179
249,0.046710793740538326,0.05151001159360351,0.00020954900577779104,0.8920790594193067,0.009490586240773645
250,0.03454187438422196,0.03644686150253847,0.00022668090572955772,0.9230559642009534,0.0057286190065565
251,0.03167973998023387,0.0303540917516932,0.0005833662917600448,0.9260446925407142,0.011338109435598744
252,0.022486484326949666,0.019907432542969613,0.00033454015133205234,0.9431460796963737,0.014125463282374974
253,0.012589529414577513,0.014530017897510263,7.360034930202829e-05,0.9703504859519572,0.002456366386653
254,0.032765926341984504,0.015573511826100629,0.00010953040525947352,0.9464684017358527,0.005082629690802788
255,0.03536027660169395,0.021807855822493373,0.00023063238257288598,0.93181011487891,0.010791120314329675
256,0.03183239183349037,0.022051355511580675,0.0004457955984134121,0.9295888699953124,0.01608158706120306
257,0.06336916924461494,0.054587180494583436,0.000716927406113735,0.8661939134901906,0.015132809364497157
258,0.062273124228806466,0.06321181324299933,0.0003651545574943679,0.8616813572845695,0.012468550686130226
259,0.1053529032213163,0.05171322969590278,0.002203904785239513,0.6722220504811512,0.16850791181639024
260,0.193112904016393,0.16587850031653478,0.001088237905995459,0.3619583077057561,0.27796205005532065
261,0.41661352567669047,0.20554507258440335,0.00033838369972126106,0.3529665522146067,0.024536465824578132
262,0.48281833053596285,0.30917496791603716,0.0005236468723871112,0.18765301617782634,0.019830038497786504
263,0.31287022850872054,0.34660385150007006,0.002727535652652028,0.20716133309422927,0.13063705124432806
264,0.08186631902663029,0.7157495644825924,0.002478328193827101,0.18454088479318373,0.015364903503766285
265,0.05427543348556665,0.6659228686913945,0.0017352611852700245,0.2671902569698807,0.01087617966788817
266,0.10567791445240526,0.39446422397919373,0.001826114182028721,0.48264907764804466,0.015382669738327517
267,0.031328493093090264,0.8235737643429228,0.004017892338092146,0.11083579581929809,0.03024405440659664
268,0.06888939389162166,0.6114425165947387,0.0015522863806256496,0.29831591900329746,0.019799884129716557
269,0.07488621945217305,0.7422025900587742,0.0007968870994966802,0.16557629762224377,0.016538005767312163
270,0.021436584949738283,0.9348905420169275,0.0009678689888644245,0.038826658558272074,0.0038783454861979236
271,0.0312986059966359,0.8833911047021391,0.001295314459324589,0.07998064678591146,0.004034328055988693
272,0.009224754555607608,0.9692692689496223,0.0012819901640684138,0.0176004726867181,0.0026235136439833966
273,0.14345601534343985,0.7624450527010558,0.0015961228984707329,0.044056676717191996,0.048446132339841755
274,0.16318331793018048,0.6168654111655606,0.0008882389423898617,0.20866295246730765,0.010400079494561397
275,0.07621961360512007,0.65085508334131,0.001204501627640776,0.2624153691472091,0.009305432278719957
276,0.08084994182235646,0.8177362695543113,0.003763070264765885,0.08787336669195626,0.00977735166661013
277,0.017870233160927906,0.8672888859473099,0.0014056673249647927,0.1095636570835699,0.003871556483227411
278,0.05242276817657526,0.6984985629303779,0.002457258547765388,0.23933637534278698,0.0072850350024945484
279,0.04069375481889001,0.689759415320489,0.0016504364828746777,0.2625246368869771,0.0053717564907691225
280,0.06265496367772684,0.7685951132042246,0.0008337727624997472,0.1628517124779928,0.005064437877556064
281,0.009008384966395683,0.9574959710190275,0.0062216533375354975,0.025358385445257557,0.0019156052317838583
282,0.047778313460853254,0.7896848941880781,0.0008982724001273985,0.15662410514716474,0.005014414803776516
283,0.0071098145421633775,0.9678470692382719,0.010049286491239165,0.0137256294609208,0.0012682002674044856
284,0.017449706368614117,0.9534952472122015,0.0016531549588717602,0.024742414233774976,0.0026594772265377702
285,0.011675836480480286,0.9754699916531752,0.0016506994066606568,0.009815327117041908,0.0013881453426417734
286,0.02507726638168683,0.9621030838615166,0.0006106267871385866,0.009323644671188572,0.002885378298469307
287,0.014187308880046871,0.9732119411882038,0.007914359823030084,0.002455196199858938,0.00223119390886042
288,0.01007812485264391,0.947435397850049,0.03204477179723884,0.001957462988369533,0.008484242511698796
289,0.09577485219406719,0.8558107091771145,0.007009825367147953,0.010423862049478315,0.030980751212192098
290,0.08280696858990316,0.897785294004308,0.005635642096857271,0.011034885605775539,0.0027372097031559363
291,0.02362830210983312,0.904027022629289,0.04990965900842665,0.012582697435493131,0.00985231881695807
292,0.09310878735125433,0.8915667297806606,0.002927926689583625,0.006707892139040494,0.005688664039460679
293,0.008176552344530803,0.9697816278878028,0.018452669792634102,0.002321960302953176,0.001267189672079166
294,0.016152336112665422,0.9161674574071494,0.05874162150245903,0.004596883520511646,0.004341701457214432
295,0.011098722206781311,0.9790786035629109,0.004021735420623204,0.003716619854122782,0.0020843189555617503
296,0.002375087430758507,0.9906889677786085,0.004634228911629408,0.0018186548461770955,0.0004830610328266191
297,0.006254378748183745,0.9883379898419694,0.0008665785669427811,0.0037677567718755562,0.0007732960710285624
298,0.0036014322851182896,0.9912715929562904,0.0032075131010064453,0.001163600765239191,0.0007558608923458876
299,0.0010625774678629388,0.9682675028032165,0.029443610354396004,0.0008993264679412755,0.00032698290658335176
300,0.002989389000939541,0.9805310795350076,0.014304711644709728,0.0015776567282638103,0.0005971630910792166
301,0.0007995544593078213,0.9066486765265392,0.09187503021891259,0.0003063695978197952,0.00037036919742055755
302,0.013977721295401726,0.9487858806867283,0.02797156496586833,0.0032850434133772496,0.005979789638624281
303,0.004752300657801414,0.9624865100266977,0.029930617832178853,0.0007522527885440148,0.002078318694777935
304,0.01414124130421109,0.9431753393997125,0.03289284964718261,0.0025623493726348234,0.007228220276258823
305,0.0060125262746444945,0.9206133326752411,0.06586113733377447,0.001566260793486894,0.005946742922852873
306,0.0024833447451868594,0.9032326285833984,0.09226715687094211,0.0002873464544875783,0.0017295233459849646
307,0.020507520355511847,0.6852096392606041,0.13426783835141645,0.0011347382891992858,0.15888026374326816
308,0.01411439655128203,0.0230602721709824,0.002153626536470369,0.0011307843083178059,0.9595409204329474
309,0.46604763242983543,0.08394406035004452,0.00029158531425596085,0.0012024225261602366,0.44851429937970394
310,0.3921749134703897,0.5719486979604999,0.0077519608062003925,0.0007693501107857065,0.027355077652124443
311,0.1679165685942812,0.8111670140836346,0.0023968945203476414,0.0015758176358009386,0.016943705165935578
312,0.12209461991672005,0.843432355755626,0.02543209912192266,0.0012323302398184236,0.00780859496591294
313,0.02349017146740856,0.9371103891906354,0.0269798603936339,0.002908964124520546,0.009510614823801602
314,0.006192585197413522,0.9602882629302613,0.028398165419802793,0.0016529488995021963,0.003468037553020219
315,0.019692723693438795,0.9220219297465531,0.04901122829779253,0.0052072751270341895,0.004066843135181476
316,0.0038393925014260557,0.9243937565854312,0.06935493325976193,0.0014015455754906143,0.0010103720778900887
317,0.009477257032926527,0.9591453257902762,0.02179946712250084,0.004960002809594576,0.004617947244701974
318,0.016351866229924062,0.9792829183203852,0.0014358651672306967,0.0021137159594176074,0.000815634323042349
319,0.015168569812455495,0.9626980817402327,0.01817097952661648,0.0027791842061033792,0.0011831847145920538
320,0.023195340251225268,0.8934917994047209,0.07222461919264521,0.005656047727586828,0.005432193423821758
321,0.008535713373172384,0.8414567646400297,0.14586958036603984,0.001928971325538096,0.002208970295219799
322,0.007594615175229354,0.799122737376525,0.18794317784089976,0.0029681216201780467,0.0023713479871678845
323,0.011691851575526225,0.6578601464291055,0.32209652560770213,0.0032652062715813777,0.00508627011608478
324,0.0067771146963878336,0.892961504228069,0.09462313222515836,0.002002076133295293,0.0036361727170894525
325,0.004588491131526807,0.6359609725626999,0.35551023717524133,0.0022437039755534727,0.0016965951549785072
326,0.008032240407052613,0.7173982720172446,0.27012585869560124,0.001956359082879905,0.002487269797221461
327,0.01900592205107661,0.6593594856512871,0.3086295206364481,0.002491972983976967,0.01051309867721102
328,0.00733668699278217,0.5629371260789674,0.4262821163767406,0.001748027055953707,0.0016960434955559955
329,0.015504016886220965,0.7934213560461513,0.18534484033886972,0.0023584939508826505,0.003371292777875308
330,0.01587562980219957,0.6810538165599569,0.29552011327892597,0.0018972214210387355,0.005653218937878874
331,0.03638531211585981,0.8519673239351451,0.08993109582851506,0.011372698018327104,0.010343570102152918
332,0.004812806866060016,0.8601437994726854,0.13081262658581883,0.000865911185473768,0.003364855889962016
333,0.007387049516670204,0.9096643907210504,0.07968381990380709,0.0013383664734140936,0.0019263733850582027
334,0.0008410987043119901,0.5855585490876025,0.4127453675853436,0.0004323684105966235,0.00042261621214503614
335,0.016045678895599783,0.7692019484677742,0.20872626412051415,0.0018262654076917656,0.004199843108420086
336,0.0021018233405353864,0.6265306145862827,0.3705621129706206,0.00019552133232448145,0.0006099277702368002
337,0.0010639045106314074,0.3243950766568485,0.6739031130227597,0.0001225764975565166,0.0005153293122038198
338,0.0037493429470770432,0.2528133183877347,0.7420402824957416,0.0003952991405609577,0.0010017570288856734
339,0.0019078447419865127,0.21268960029704354,0.784499777159812,0.00036404204826948956,0.0005387357528884116
340,0.00015754727441819218,0.08402788837411096,0.9154505946195632,8.772061426220205e-05,0.0002762491176453653
341,0.006365677162555273,0.4128287093966496,0.5764078428468267,0.0008344932809550414,0.003563277313013461
342,0.0004804881715079505,0.10468321894691036,0.8942452043729462,0.00016655723015404026,0.0004245312784815187
343,0.0025008456946723884,0.13921934024070215,0.8570617498470443,0.0005494050890181536,0.0006686591285631388
344,0.001735543139129387,0.32524213222714055,0.6716259974494584,0.00018889391819721082,0.0012074332660745272
345,0.000983523971176672,0.09672105164078318,0.901618708881061,0.00015514421841144978,0.0005215712885678597
346,0.004742053503229781,0.14454731832614776,0.8493694281767562,0.0002897732244202594,0.0010514267694458354
347,0.0003067216235130191,0.07307689209335617,0.9262448324341599,5.4924014634197145e-05,0.0003166298343367375
348,0.00030358684587563815,0.05692252149220417,0.9423997169570869,6.59571349681901e-05,0.0003082175698650817
349,0.0006757848981917481,0.17297468548871892,0.8255313826961818,7.489137219232228e-05,0.0007432555447153285
350,0.0012977871286358107,0.07342535230203491,0.9242089140230957,0.000255786938628237,0.0008121596076051037
351,0.010052148923025531,0.330001166206963,0.6571709137956221,0.00025261961766502426,0.0025231514567243267
352,0.00012369884351589333,0.053864963932021635,0.945826945435478,2.9470178995500002e-05,0.0001549216099889676
353,0.0018367859251898636,0.14705014431800106,0.8501543777508007,0.00014350475381396063,0.0008151872521944722
354,0.00015010235490095657,0.10537493610456883,0.8941963789610954,4.687095754005359e-05,0.00023171162189494887
355,0.003477245311737238,0.2106250086774438,0.7845689273773736,0.0002863812118511023,0.0010424374215941177
356,0.0017373352432600384,0.12641709730864828,0.8709852701725972,0.00022657752074337217,0.0006337197547510615
357,0.0011402830938125766,0.22482951178182675,0.7728916776952603,0.0001588846400595737,0.0009796427890406765
358,0.0005516180243880854,0.11197205575513808,0.8869094557424586,0.00012783949341742737,0.0004390309845978253
359,0.0020967431522483666,0.103711394838168,0.8928989276445741,0.00036604230319021487,0.0009268920618192045
360,0.002571720146246691,0.21919231336243633,0.777017593754347,0.00034048015978925317,0.0008778925771809897
361,0.0017769826576583283,0.1978772629641383,0.7987430991695508,0.00036997014442187025,0.0012326850642305923
362,0.0005305859871099209,0.24857390978128546,0.7497547108288691,0.0003155951804769244,0.0008251982222586076
363,0.0021948778904733123,0.12995468785101136,0.8666607564517097,0.00034744566396718277,0.0008422321428385423
364,0.002915425066066129,0.08248977483190931,0.912274826504211,0.0008857012450844994,0.001434272352729177
365,0.00033821852105490007,0.11007199872519823,0.8890950360922654,4.3148376099247314e-05,0.00045159828538229526
366,0.0002190780196022583,0.09132904153164235,0.9080120078758493,4.3945573761057424e-05,0.000395926999145091
367,0.0007781605279377186,0.07773418469015576,0.92083581551917,0.0002188647111592641,0.00043297455157714933
368,0.00019213607870895277,0.04400409237874072,0.95554986244596,4.201740840553577e-05,0.00021189168818477514
369,0.0007039895483000263,0.08654630523425812,0.9120870993815643,0.000163949448936299,0.0004986563869412228
370,0.002731853481453702,0.038120132555373734,0.9576276605440704,0.0004983625460691062,0.0010219908730330902
371,0.0013806882801882983,0.036685781358108745,0.9611171447924015,0.00022449910463544456,0.0005918864646659845
372,0.0001576818695202873,0.029679661094638897,0.9697779186655238,6.114792624231354e-05,0.0003235904440745489
