epoch,N1,N2,N3,R,W
0,0.0005566145509700325,0.001371305196867798,6.602515535527122e-07,3.184366467453723e-05,0.9980395763359341
1,0.00033418826958000444,5.066816927804312e-05,4.405996389623097e-07,2.6795688859068424e-05,0.9995879072726438
2,0.00026197619646542544,8.376622729624045e-05,1.0650641191287285e-05,2.5877296761908097e-05,0.9996177296382851
3,0.00045427402308060135,0.00011359641640265917,4.999828830051716e-07,3.42044476864706e-05,0.9993974251299472
4,0.0036157002883976776,0.0003081178577356224,2.505777158963447e-05,4.1722416737643734e-05,0.9960094016655394
5,0.0006355901206317383,0.0002036414042966361,1.1803234659403078e-05,2.8047022650705202e-05,0.9991209182177615
6,0.0011496699592807016,0.0002264502630431384,5.300420130729524e-07,5.996924180833687e-05,0.9985633804938548
7,0.014882416135998961,0.0008029680227377077,1.6078372763289048e-06,0.00014679524397541563,0.9841662127600117
8,0.12812982341758078,0.0021505135214316042,3.2352917617848707e-06,0.00022811979245043488,0.8694883079767753
9,0.08877639275327323,0.0015654447466681735,1.2029358852863482e-05,0.00045569366727097325,0.9091904394739347
10,0.09702307437112778,0.002871452108075663,2.0561161641399967e-05,0.0017721769971795612,0.8983127353619756
11,0.1939796841770437,0.022542052133384952,8.088701054338e-05,0.041999149294319936,0.7413982273847081
12,0.20283910618066778,0.0366347259959574,3.894994126414051e-05,0.15211309217223873,0.6083741257098719
13,0.024142386335423136,0.0013330102577151911,3.2711067983418974e-06,0.0030219795732675165,0.9714993527267958
14,0.0393484283065245,0.0015529397599376717,2.807261129269117e-06,0.0038342435289457763,0.9552615811434627
15,0.7339106537209458,0.03824116035903349,1.1169991098908253e-05,0.05471682823163695,0.17312018769728502
16,0.6302110131036264,0.02551844840003111,6.4781399533518146e-06,0.021169040160436248,0.3230950201959529
17,0.2087659200661199,0.6441355047253235,0.0006563342746431462,0.03407180474507941,0.11237043618883408
18,0.05854236346039016,0.8174164008282131,0.0002912403076051012,0.049655013773390426,0.07409498163040124
19,0.04361610005153297,0.8690112280179844,0.003984596390531025,0.03230818805568252,0.051079887484269136
20,0.11553217829827349,0.5643113608637105,0.00184102192983276,0.13442674838002577,0.18388869052815746
21,0.026023275114276736,0.9029046240822673,0.004255681771818484,0.019382683425292438,0.04743373560634491
22,0.1342891423871324,0.6573683026291501,0.00043260910970549846,0.07161300448746422,0.1362969413865478
23,0.23808579865608562,0.3131489704032895,0.00012704476055971843,0.04113182854994064,0.4075063576301246
24,0.1258761595019516,0.8297936847746096,0.0003108655984252812,0.01056126357288227,0.03345802655213141
25,0.14186461806130496,0.8222934652602266,0.005901417510617877,0.003437226658892761,0.0265032725089577
26,0.05406389639929251,0.9218008441587222,0.007791528749996225,0.0012226110435475466,0.015121119648441664
27,0.040417286206766344,0.9245501323284662,0.0080729306359893,0.003838582327336467,0.023121068501441595
28,0.042464433064314105,0.8839848571825399,0.037032627266329346,0.002266558321183397,0.034251524165633124
29,0.1027988762477912,0.8205281488044692,0.029860463273875554,0.0035329022948575456,0.04327960937900657
30,0.02526348183546449,0.883084685298116,0.07350418529279307,0.0010438453227837896,0.017103802250842726
31,0.031158740030196745,0.8567226693466237,0.08853852723716338,0.00043165156210187055,0.02314841182391422
32,0.028253891319714123,0.8215341210399028,0.13176126112402725,0.00022805511950194562,0.018222671396853976
33,0.02772971694248566,0.8253582143971533,0.12335289943162742,0.00018527479244761626,0.02337389443628585
34,0.024850462449609766,0.6278133912541162,0.3206761722138655,0.00031294635762717666,0.026347027724781414
35,0.03476177116434154,0.42340534453030837,0.5023517972908736,0.0006290331576053087,0.03885205385687119
36,0.013796419267834514,0.408480681902953,0.5531977394120551,0.00043250313446944013,0.02409265628268795
37,0.0821674898010405,0.8427002797372277,0.04478917127147385,0.0016861422008574958,0.028656916989400292
38,0.015350581958616405,0.8666547113550188,0.0967586165423357,0.00019514386233446777,0.02104094628169449
39,0.026969946616467084,0.5905484207739334,0.3480035276849409,0.0006406508606299221,0.03383745406402869
40,0.017838202014449744,0.6085530086398169,0.3564224514935837,0.00020046042366956088,0.01698587742848002
41,0.01846579551222462,0.5928721606447259,0.3621674818702109,0.000469129659324142,0.02602543231351428
42,0.008928401992518596,0.4130526530197211,0.5559599403461776,0.00021407292098471343,0.02184493172059794
43,0.037063613412775254,0.6106852007345503,0.308995002522791,0.00033468395344834155,0.0429214993764349
44,0.007260292542075286,0.23653629884038715,0.7427289968738703,0.00018266413659452925,0.013291747607072774
45,0.02970480607482819,0.6294390247840599,0.31301805947179245,0.00019966648355923097,0.027638443185760194
46,0.0059961505780795855,0.22024011041612832,0.7575037071939603,0.00010521838633990092,0.016154813425491726
47,0.0012791382287334657,0.14362142086646268,0.8492880419060211,3.362078222086827e-05,0.0057777782165619445
48,0.000818834929631822,0.09800165197042085,0.896215082092916,2.5905091369847533e-05,0.004938525915661411
49,0.000419511181627983,0.07294924062551375,0.9226333355449978,1.8494222374124942e-05,0.00397941842548626
50,0.0019951721060360353,0.31576336857191717,0.6741806012960643,3.60631999547368e-05,0.008024794826027717
51,0.00048736911799653857,0.06369968584491088,0.9319475396257808,1.759182413498611e-05,0.003847813587176712
52,0.0008188893274281297,0.18029823559989938,0.8093195325830037,4.614868090043862e-05,0.009517193808768528
53,0.0007096210334544068,0.08103698906428454,0.9148057540161321,2.2600582895143693e-05,0.003425035303233722
54,0.0004113838973799302,0.11541127478211208,0.8792621273389811,2.9601198993461866e-05,0.00488561278253338
55,0.0004649614475764518,0.06532611001756894,0.9301429421164927,3.572912578352187e-05,0.004030257292578299
56,0.00045948085273075413,0.08821524803304168,0.9074341879172652,3.5600510555296524e-05,0.0038554826864072218
57,0.0002522653074252996,0.05323110781335592,0.9446030128091415,2.131914764806017e-05,0.001892294922429134
58,0.0003668383692514416,0.052965131559673966,0.9441247600437741,1.2882398628473493e-05,0.002530387628672055
59,0.00036581363700376185,0.06135168365480891,0.9351396911286026,2.151505331915443e-05,0.003121296526265548
60,0.0009022697343546,0.08327274069414319,0.9102811960664762,3.311432167874242e-05,0.005510679183347399
61,0.0006315535348749469,0.10228210277123322,0.8925538706394501,3.621204510535157e-05,0.004496261009336326
62,0.00026540172692164155,0.058314108768671304,0.9375721154564346,1.7685418785619993e-05,0.0038306886291867626
63,0.00026099472164321975,0.039252616980049795,0.9579146783618148,1.4967535463785304e-05,0.002556742401028338
64,0.0010517287810989512,0.14552894572007324,0.8425066172357873,3.4323309327658265e-05,0.010878384953712744
65,0.00048594754608278714,0.08048973202862625,0.9130745277618835,3.021777772881665e-05,0.005919574885678588
66,0.00037556453054660074,0.05188174321155454,0.9444826596247933,2.6361847358649566e-05,0.0032336707857469533
67,0.00028726396648109877,0.05181862845038663,0.945088545943498,1.3549985049108402e-05,0.0027920116545853894
68,0.0004094807759814871,0.03942897280650894,0.9578966354146702,1.9741000140367877e-05,0.0022451700026991516
69,0.0006948687735378929,0.05737086020784596,0.9373697557854086,2.4352128566624787e-05,0.004540163104640747
70,0.0010118989143653116,0.061353741235735726,0.9322682194703718,3.3292813161031734e-05,0.005332847566366015
71,0.00032670447359651637,0.04017918954256662,0.9580625631575822,1.5071105947543644e-05,0.001416471720306974
72,0.0007689519578862341,0.07568206932390982,0.9191759427946123,4.188985135383553e-05,0.004331146072237719
73,0.0006589733891788552,0.15162684011287436,0.8436096525025094,4.782810305620711e-05,0.004056705892381066
74,0.0004773604719375896,0.04788470798624864,0.9494539622381061,2.226978925638406e-05,0.0021616995144513092
75,0.00017121165275108425,0.031197483857706876,0.9675301894172855,1.4215985536425782e-05,0.0010868990867200841
76,0.000493781654223127,0.06574286783643508,0.9313559748991641,4.173872251181447e-05,0.002365636887665869
77,0.00019087380686929408,0.029904414574162177,0.9685762642093889,2.142075826925867e-05,0.00130702665131021
78,0.000186131435397905,0.03217334742328875,0.9667272875330254,1.8618211761968235e-05,0.0008946153965259774
79,0.0001225925862677744,0.02098700710647117,0.9782036141010086,9.622036927330587e-06,0.0006771641693252333
80,0.0003293659915482688,0.04821443011103858,0.9501163005248562,2.587195523559878e-05,0.001314031417321254
81,0.000742304987852766,0.1118417689322254,0.8837517956170294,6.258675215783248e-05,0.0036015437107345736
82,0.00016062118916993596,0.019544941163316724,0.9796086100295209,1.1602151002176132e-05,0.0006742254669903359
83,0.00023731144823280607,0.04191299091506915,0.956556899737529,3.296385576216388e-05,0.00125983404340687
84,0.00018901910783484236,0.03698687845769827,0.9616969302794885,2.1206512608404464e-05,0.001105965642369933
85,0.0001858721554768857,0.027252276656056177,0.9711294967401065,2.1390981649619522e-05,0.0014109634667108016
86,0.0008223205310843919,0.17980018107968768,0.8143594699506099,0.00011177433777444229,0.004906254100843488
87,0.0005959206213870527,0.0858995585785487,0.9118750489140457,5.602004836965103e-05,0.0015734518376488182
88,8.080575568216209e-05,0.014096973203785263,0.985185182596778,7.566084954786766e-06,0.0006294723587999234
89,0.00042272589654973657,0.07402405521597995,0.9233236909342816,3.300104003692512e-05,0.002196526913151875
90,0.00012133938579432183,0.02063477743202403,0.9784385548615312,6.982105353921931e-06,0.0007983462152965087
91,0.00024891663833300306,0.043306363551576695,0.9545631761344414,2.0918462058594987e-05,0.0018606252135903696
92,0.00029987487256412853,0.03882796558329038,0.9597474095432523,2.8486427846015796e-05,0.001096263573047107
93,0.0006452596469812067,0.09574164555141007,0.9011541318555759,8.624037740541993e-05,0.0023727225686276075
94,0.0005084463278660909,0.06660073895072487,0.9314395266143138,7.198924006578133e-05,0.0013792988670293877
95,0.0003405486551472986,0.05647493556774048,0.9416745517863958,4.863477111679901e-05,0.001461329219599524
96,0.00013428030864795655,0.024026503965388482,0.9752669792361357,9.308724416675177e-06,0.0005629277654110655
97,0.000485175778866612,0.03817800570090967,0.9596896262791689,4.888964047230133e-05,0.0015983026005825258
98,0.00026160101173572614,0.04151059377651994,0.9572636278899754,2.830397875494622e-05,0.0009358733430140291
99,0.0005149446539809941,0.05544646301384438,0.9426861657982297,3.733599148353019e-05,0.0013150905424614118
100,0.0008959565931391276,0.15858527373035863,0.8373053563317705,8.991000717984327e-05,0.003123503337551919
101,0.0005125057958362465,0.08308524084933666,0.9144561863970406,5.6656811880202486e-05,0.0018894101459063584
102,0.0004612637167856962,0.08005147394261883,0.9175505328079908,7.614954669107512e-05,0.0018605799859134416
103,0.002481757680410971,0.2731277635596388,0.72049597347124,0.00037009218720118184,0.003524413101509058
104,0.0007696074550634055,0.16280944453155877,0.8333578203556377,0.00014282815598296071,0.0029202995017571383
105,0.0004635497467083007,0.06560603248675005,0.9323376279076206,9.961391964156772e-05,0.0014931759392793516
106,0.0004310381257808942,0.07300725633537608,0.9240128881898614,5.610547774859946e-05,0.0024927118712330843
107,0.0004163578790643878,0.060422460299830553,0.9375757910079999,4.304010023775522e-05,0.0015423507128672397
108,0.0005050731875468734,0.05451863238190041,0.9432329271750436,2.9705969964235804e-05,0.0017136612855449527
109,0.0012327849314038065,0.20735654523118358,0.7872687978442364,0.00013654900170842024,0.004005322991467921
110,0.0008117279672756896,0.08843546079133965,0.9086870461460292,8.655094125428109e-05,0.0019792141541009386
111,0.000881309684195217,0.059710223643919105,0.9365119303090094,9.998984962740906e-05,0.0027965465132489204
112,0.0002038194140511738,0.024127575886217063,0.9747854335597187,1.5470694142143812e-05,0.0008677004458708901
113,0.00031788832657001826,0.03195255122550336,0.9665216842786186,1.7397170157476775e-05,0.001190478999150737
114,0.0023718357085208155,0.523229072309987,0.46879591464301995,0.00029586203902794904,0.0053073152994442055
115,0.000321413500296796,0.03844466595985451,0.9597823808434848,4.133462017036871e-05,0.0014102050761934186
116,0.00024158070547984653,0.054905543064436575,0.9428679755971534,5.3937278354257804e-05,0.001930963354575978
117,0.0002096751665934527,0.036105322008617394,0.9627813396292787,3.814342997372299e-05,0.0008655197655367656
118,0.000308748347915161,0.03185131180218203,0.9667134541518306,2.8707607844727004e-05,0.0010977780902274982
119,0.0013958898359175801,0.22318173902380214,0.7714450894428553,0.00014865407215847547,0.003828627625266651
120,0.0001741652969715928,0.01817457788910551,0.9811888005749618,1.9104086257429742e-05,0.0004433521527037822
121,0.00026030258476338595,0.03530748410752405,0.9625626604136531,2.3579246191486054e-05,0.0018459736478680779
122,0.00022151994145567516,0.021708013135549174,0.9773857998604573,1.231225640990752e-05,0.0006723548061280603
123,0.0011669391879781596,0.05753995918209841,0.9384338585365615,9.768624036811716e-05,0.002761556852993909
124,0.0006082055443216695,0.0786101492204613,0.9189838371975474,8.448262374491033e-05,0.001713325413924513
125,0.0010440450431725623,0.09619673747191915,0.9005918654805892,0.0001431529763851808,0.002024199027933916
126,0.0004655882452568606,0.041849415259844605,0.9566830583613338,6.805483164513253e-05,0.0009338833019196172
127,0.0018985148804977505,0.11752965153727819,0.8759844793716582,0.000291088947663915,0.00429626526290185
128,0.0029503037981277154,0.14211257319214754,0.848648982926357,0.0004058337771104927,0.005882306306257185
129,0.014148847370998913,0.32661953816461353,0.6388437009653845,0.002235214275289354,0.018152699223713792
130,0.003164838623761955,0.10720863890723772,0.8816784244008294,0.0004151547410277897,0.007532943327143035
131,0.03152532789389787,0.5938721648097289,0.34026110658593406,0.00294530969290503,0.03139609101753404
132,0.02541624722532868,0.3465025427172755,0.6031853979827428,0.004221870501533207,0.02067394157311982
133,0.08416544668076428,0.5691042268794727,0.1819673630537714,0.05716636489695481,0.10759659848903683
134,0.1667128120299798,0.35836799500418154,0.001381319476931519,0.38209649563907955,0.09144137784982766
135,0.0502992906884266,0.11458292471142877,0.00040689377671705826,0.8010608873360542,0.033650003487373306
136,0.04944277928001481,0.043999837049911276,0.0001496548665072607,0.8975603484964751,0.008847380307091582
137,0.0479102657649881,0.03594408707548407,7.771886774119718e-05,0.9049171781372813,0.011150750154505383
138,0.03749633653258427,0.05315799660619532,6.31974737809098e-05,0.901721027075568,0.007561442311871467
139,0.019243919824609237,0.037358353245363296,4.535237721238834e-05,0.9381727335883886,0.005179640964426596
140,0.01701254866546756,0.028390657309147617,4.839988169672365e-05,0.9492369592497095,0.005311434893978497
141,0.007712995701245278,0.0091415232564011,1.5638744412995478e-05,0.9797359655932681,0.00339387670467247
142,0.009701546935722576,0.013129106347147975,1.3987812736604652e-05,0.9736284374886434,0.003526921415749523
143,0.011509667202812103,0.013889853358412368,1.795912367729416e-05,0.9687950060326269,0.005787514282471304
144,0.018459152671950085,0.05653180440917253,3.910200217395339e-05,0.9184798835065998,0.006490057410103555
145,0.013031823604822683,0.021263654657651898,1.578301162052155e-05,0.9613596662720604,0.004329072453844558
146,0.007250082473783079,0.013808430635688809,1.8162708848543532e-05,0.9768341103328256,0.0020892138488539957
147,0.01662878879457157,0.011208799839660092,1.0395727761936561e-05,0.9616525334702076,0.010499482167798682
148,0.018124407006957468,0.01748452159465818,2.0711084382920043e-05,0.9601495829276538,0.004220777386347613
149,0.0312997830744326,0.038483463994000724,0.00020577976327532764,0.7145949869254861,0.2154159862428052
150,0.1557321112234933,0.024721502466812064,1.3469961880129104e-05,0.7871542767182143,0.03237863962960028
151,0.20543335470805946,0.04410241008070717,2.511059845808077e-05,0.6642474229591121,0.08619170165366316
152,0.19609874988400128,0.015741315949818684,2.0017820821314355e-05,0.7680060094210999,0.02013390692425875
153,0.09418064710532531,0.021465135367003816,2.191895275396252e-05,0.8683898364785843,0.015942462096332807
154,0.0665704116958058,0.027241177094575405,1.7598664232720106e-05,0.8992372878845108,0.006933524660875315
155,0.06111300048558496,0.06484205302824497,4.022304698401704e-05,0.8541351343451568,0.01986958909402919
156,0.02151576736459719,0.02476500022126862,3.4370032509746886e-05,0.9489274680817915,0.004757394299832867
157,0.012048698994368662,0.013269734553629182,1.6055880171929913e-05,0.9702681102623731,0.004397400309457177
158,0.018579443932398652,0.00906371551038025,1.3432346093672165e-05,0.9564044972391891,0.01593891097193833
159,0.020422265049108837,0.02682407785068747,2.538886645640383e-05,0.9339897229489043,0.018738545284842926
160,0.028017412492038436,0.029983528875109446,2.9497144742086947e-05,0.9371282665135752,0.00484129497453499
161,0.05866631732610087,0.019596439867833163,3.626260204737221e-05,0.8974133509401898,0.024287629263828835
162,0.048274800825086,0.03332623237183524,3.592766882361597e-05,0.9019863751909598,0.01637666394329525
163,0.03942292849885718,0.030889882507047828,1.910700576187752e-05,0.9171290978445417,0.012538984143791461
164,0.02466681959375414,0.02739779773629347,1.6957813946922493e-05,0.9412289290323808,0.006689495823624829
165,0.10040234706060377,0.03353153162270726,4.66142299347608e-05,0.6703181745439475,0.1957013325428068
166,0.162554343072747,0.04326823120070667,3.913602419327732e-05,0.732619390268107,0.0615188994342461
167,0.143963543895835,0.15389239257027207,7.189661613298041e-05,0.6446956887312105,0.057376478186549326
168,0.346310169253413,0.08607663851844634,6.431153892888726e-05,0.5402584679885821,0.027290412700629596
169,0.061391568467533644,0.07492028596177597,7.075609398384706e-05,0.8189042883768213,0.04471310109988528
170,0.04221399337383234,0.08182054429621557,0.00012706214253612458,0.8603068817373156,0.015531518450100382
171,0.03382113305186428,0.07526773470360613,7.627788180484693e-05,0.8667328929297072,0.024101961433017533
172,0.034200916096291265,0.13092294143102987,0.0001368897166611841,0.7856044186307332,0.04913483412528442
173,0.0940137945235036,0.19793027252500534,0.00018360686315716456,0.645240655197618,0.06263167089071593
174,0.10750116619127942,0.3311865122292861,0.0009845886927502081,0.42032317974336153,0.14000455314332277
175,0.12083857964947226,0.41464127497699066,0.0005350521213424422,0.33247021019179024,0.13151488306040443
176,0.07444434602179134,0.64392162256947,0.0007977106545915671,0.15356360260761764,0.12727271814652938
177,0.08907102501864964,0.7740774271314051,0.0011732558128641948,0.04886764246809376,0.08681064956898722
178,0.08758060513275392,0.8245747914878685,0.0005162113369759065,0.03448816042780973,0.05284023161459184
179,0.11734358387784213,0.7024988773208605,0.000877459275242087,0.04973287561754533,0.12954720390851002
180,0.07112682966378488,0.8693026878691288,0.0010064414286704525,0.02307169491208209,0.03549234612633379
181,0.09485024999966327,0.5912535784671644,0.0004335137360384977,0.05749510080157743,0.25596755699555634
182,0.08212291697209831,0.8325394167436957,0.008044256591280401,0.01965925015952513,0.057634159533400675
183,0.008564120772188186,0.9513317916405202,0.0013208564327476134,0.006838026574606799,0.03194520457993718
184,0.014773766277097136,0.8805066675422295,0.001896428042654451,0.008308832616319982,0.09451430552169894
185,0.06520643011421937,0.8951862161942963,0.0020798512365049564,0.013342437646880376,0.02418506480809889
186,0.05664807884779252,0.8855847317450385,0.0006914415443161715,0.00893036080919008,0.048145387053662655
187,0.030729747769665,0.9451900949226266,0.006523378785295962,0.0032225962955366757,0.014334182226875642
188,0.020433820720446826,0.9661595115798098,0.0018888977865580872,0.004417166834636589,0.00710060307854872
189,0.010086657884682482,0.974919028933691,0.003122941683707184,0.0029056806404510345,0.008965690857468312
190,0.019961303261942908,0.844141210609567,0.08826368814465899,0.004760671615357126,0.04287312636847401
191,0.07103178860952358,0.7445529567396191,0.0017554606219536307,0.007888101645505102,0.17477169238339857
192,0.05483046057855832,0.8842257137334374,0.0005618255823767166,0.006940340930016101,0.05344165917561146
193,0.021107597006043744,0.9479743491315796,0.0014698744749904046,0.0017158487640373888,0.027732330623348907
194,0.22777511434532938,0.6924565894367263,0.0036219250881092064,0.004860081364022115,0.07128628976581314
195,0.04729496810899632,0.9354663783398167,0.002349298949516424,0.0033225669649391155,0.01156678763673109
196,0.014181203386944402,0.9698919009984042,0.0040267500381114315,0.0017090423911703516,0.010191103185369648
197,0.06461010162435002,0.9108238769426082,0.0022384024083920966,0.00968572008336702,0.012641898941282708
198,0.016293857229908205,0.9485839735179883,0.027619576827222565,0.002599379600865854,0.004903212824015119
199,0.01686130331866477,0.9642343300987366,0.0076971100213337,0.001835676177025456,0.009371580384239566
200,0.058104544354989955,0.9112321074562997,0.0075607811893985905,0.007869915673844116,0.015232651325467668
201,0.0137408652147265,0.9698327293798741,0.006669239830041466,0.0019098309674735468,0.007847334607884636
202,0.015193520295703589,0.9414813631938836,0.03402339995128187,0.0018931583870997473,0.0074085581720311836
203,0.01355718005890883,0.7966888268832641,0.17437233461652507,0.0014322578584691648,0.013949400582832781
204,0.008389101759609273,0.6093569285183915,0.37432952107525846,0.0014691960910319325,0.006455252555708777
205,0.007485101637222694,0.9690292746596152,0.015518425805605172,0.0016431239798185716,0.006324073917738482
206,0.006059353780213834,0.24010325429868828,0.7432715658777044,0.0016797523048860516,0.008886073738507465
207,0.01843060528215593,0.8809953957054562,0.08671122673088844,0.0027234701928244426,0.01113930208867496
208,0.01506071816868803,0.9371113423145925,0.03700612035021301,0.0018932100235093013,0.008928609142997219
209,0.025126354519508877,0.7557478216682282,0.1963311687335524,0.001444141181370433,0.021350513897339968
210,0.031072137692319608,0.9001752541947576,0.05608472566712277,0.0016358490439825973,0.01103203340181742
211,0.03179675507645883,0.9074297670444589,0.05195236464425503,0.001182797372535087,0.007638315862292065
212,0.01095379653363195,0.7487157009836615,0.23408404906530328,0.001085954462816137,0.005160498954587159
213,0.01880135945379703,0.5477888878215177,0.4237002062295335,0.0011803831098119082,0.008529163385339968
214,0.014769744534256541,0.5228350717415842,0.449063587564826,0.001030204474816544,0.012301391684516686
215,0.0072205050190124916,0.3265458962410593,0.6517244359475796,0.0016727721818602947,0.01283639061048825
216,0.038126162893826136,0.800288543601107,0.14687090082828644,0.0032362797782141722,0.011478112898566262
217,0.010943092101223802,0.4203008982824102,0.5580185684868508,0.0027140489717418863,0.00802339215777327
218,0.011350384638449916,0.5765520323051423,0.40195668009803104,0.002417989431683062,0.0077229135266937525
219,0.00893825355312352,0.4185883141653699,0.5585366189008582,0.004021762591083682,0.009915050789564553
220,0.05406045714564839,0.8695668079146981,0.04961589301671315,0.0069812773485654804,0.019775564574374866
221,0.04050739774184736,0.816554640717283,0.12303952367970959,0.004612493219065333,0.01528594464209482
222,0.02514776347061028,0.383040285893726,0.5741187353523972,0.004012405147676673,0.013680810135589864
223,0.12590530890582183,0.8184719877316697,0.020781070866496085,0.007344742083357769,0.027496890412654736
224,0.014438538076563067,0.8321523629499469,0.1394670402165519,0.0015462624302536344,0.01239579632668467
225,0.031501456188013734,0.8824439412081742,0.05887000128826585,0.0029563359423898056,0.02422826537315643
226,0.017723715303725206,0.8068773035591176,0.1650866220841579,0.0015670212932087034,0.008745337759790509
227,0.018519164381743683,0.7333478487718509,0.2331624628970896,0.00128790957096391,0.013682614378351918
228,0.03425083370561023,0.5533754899413533,0.40098850851841356,0.0024634463864584098,0.008921721448164357
229,0.00818324489434327,0.2317684112069266,0.7519353623346835,0.0015919544826419045,0.006521027081404842
230,0.016126526408752645,0.3279061592369009,0.6478758825527131,0.0012782532556840228,0.006813178545949211
231,0.021537981033818376,0.6465192081769223,0.3199941015635336,0.0013399264633976679,0.010608782762327915
232,0.024406134764826462,0.9077240880560943,0.05529202657782246,0.0028499518765014186,0.009727798724755482
233,0.007784012603511035,0.752534616370878,0.23363912937150955,0.0007059206051987854,0.005336321048902654
234,0.009257994977932286,0.40599159552787445,0.5781107554661641,0.0009415499961861748,0.0056981040318430055
235,0.009161371058139892,0.4719135936750284,0.5112355075551068,0.0013495584040825054,0.006339969307642504
236,0.009875515973065557,0.6398053451055118,0.34492481424447674,0.000817595863416279,0.004576728813529738
237,0.006516227397456367,0.38986246294869237,0.5981000029468068,0.0010322941722022785,0.004489012534842156
238,0.005021592892450469,0.2864066111647507,0.7038370305814687,0.0006154427095121233,0.004119322651817945
239,0.0033988381376497687,0.362898844106321,0.6294338294661838,0.00046150358012018446,0.0038069847097253187
240,0.0034114864679536156,0.2699652527735099,0.7231146350649397,0.0006884492028527585,0.002820176490744086
241,0.006050670875388726,0.4295758022394186,0.5589895255778106,0.0007903904653403248,0.004593610842041703
242,0.0014539165097617742,0.1929553751388785,0.8035458211757628,0.0004532701601487308,0.0015916170154481677
243,0.002034557756355405,0.20681875981378006,0.788592094914553,0.000505978817565746,0.002048608697745826
244,0.0005641417037951594,0.08300006746789027,0.9152213311796282,0.00017845522436494811,0.001036004424321395
245,0.0009612934209912396,0.2969702737882338,0.7002405585870716,0.00031806076601064814,0.0015098134376927501
246,0.0005731436935750016,0.06320654387628356,0.934846813572733,0.0002706329396126598,0.0011028659177955572
247,0.0015265892277840113,0.24386122136066404,0.7528926103150022,0.00034171083626882535,0.0013778682602808227
248,0.0006575004959264285,0.08760200360041583,0.910701851903334,0.00020797302368850696,0.0008306709766351944
249,0.0005228929924636761,0.054497691984231586,0.9436446434507841,0.0004167103199354208,0.000918061252585321
250,0.00042448586073876753,0.0394481984440913,0.9591883402524082,0.0001417172072035529,0.0007972582355582116
251,0.0018897161489242135,0.06575346604096696,0.9305295741783295,0.00047835037026214847,0.001348893261517151
252,0.002069875369376919,0.11229562411801906,0.883041407602973,0.0008033736181768179,0.0017897192914540887
253,0.0010801251590166314,0.08002823796992577,0.9162174840622295,0.0005921200542577147,0.0020820327545705234
254,0.005516047349307039,0.2288371882992187,0.7583440685584888,0.0014826154451560263,0.0058200803478294545
255,0.024818110910445407,0.29171324972355117,0.6545598221476036,0.004075751729404721,0.02483306548899527
256,0.226895364764253,0.6947161662067164,0.02796371029538747,0.015589127202928056,0.03483563153071513
257,0.02079320942821281,0.894034066820129,0.07449809842499304,0.0015808448302822055,0.009093780496383019
258,0.024492256039837172,0.732045305682065,0.23154682011148078,0.0022652958058141577,0.009650322360802838
259,0.0028559870723873803,0.39826529859439225,0.5925948602416371,0.0008638450199636498,0.005420009071619621
260,0.04342687593900113,0.8708629202758863,0.06596140133722277,0.009440557920063652,0.01030824452782635
261,0.043302454245840005,0.823791063232595,0.10025472143354541,0.019046477546846553,0.013605283541172864
262,0.009235555300440868,0.4777505374671918,0.4949225506974916,0.010061388378180878,0.00802996815669484
263,0.06062623933248217,0.884607334468974,0.007232231996129008,0.022401708885809574,0.025132485316605384
264,0.02601533503794908,0.8040208901559633,0.08504697685369475,0.06485024451592428,0.020066553436468515
265,0.08467433674201429,0.5450162030232023,0.0010903640122691754,0.15523661285221227,0.21398248337030204
266,0.12846061000302672,0.16326547374996295,0.0002265659486756407,0.6849938910430721,0.023053459255262525
267,0.06021235331564644,0.12389995346552139,7.897246920994454e-05,0.7657575917154441,0.05005112903417801
268,0.09861555029238826,0.038636235146885786,5.1899603209365404e-05,0.6749989939955054,0.18769732096201122
269,0.22105062951983095,0.025191371653333048,1.6990148385445985e-05,0.7047119718626113,0.04902903681583938
270,0.288966288807938,0.03735424770788406,3.7132299204966755e-05,0.5589422013871149,0.114700129797858
271,0.1517522641903949,0.016346348276906127,1.2728800865385032e-05,0.8168913941458317,0.014997264586001972
272,0.11044342764798451,0.024466118820695285,2.3672784169071193e-05,0.8558561852525262,0.009210595494625029
273,0.02526694537280745,0.014357309648624845,1.3103534222840645e-05,0.9537410023320076,0.006621639112337211
274,0.025475972777147284,0.004301710386942878,6.6064342688075334e-06,0.9646295738497818,0.005586136551859213
275,0.016903524024089994,0.002728470795217095,6.711289785094247e-06,0.9771296310796959,0.003231662811211932
276,0.023984111043260117,0.003774695999618184,7.110734139442809e-06,0.9662643148965474,0.0059697673264348635
277,0.028691062722374042,0.0020293433133081093,2.4663934365705103e-06,0.9646210262965981,0.004656101274283163
278,0.015231612224918572,0.004148429108063458,3.096664117476283e-06,0.9757093306712279,0.004907531331672746
279,0.012182143344008743,0.003501252108012799,2.546160556595628e-06,0.9814115568218642,0.002902501565557755
280,0.006984559563027227,0.0012443584236641022,2.37195922344604e-06,0.9877593115147069,0.004009398539378476
281,0.009598495079633439,0.0024006958431796515,1.329106565174836e-06,0.9845841677866655,0.003415312183956181
282,0.01196877704515862,0.003076139162248873,2.687956291678432e-06,0.9767191149934354,0.008233280842865343
283,0.014889713117112268,0.0038755314947781882,2.3633901386953633e-06,0.9767264680458223,0.0045059239521486796
284,0.017140795463844782,0.003619750450511091,8.144658555127645e-06,0.9738875545538499,0.005343754873238979
285,0.01797978526322081,0.004982963265571699,1.1243177250362217e-05,0.9700934317967022,0.006932576497255005
286,0.017340430013917742,0.004040114065239684,3.1884634717201667e-06,0.9715190854467954,0.0070971820105753865
287,0.05430208823956285,0.0048026421857488,1.9054976793674893e-05,0.9002150562646847,0.040661158333210046
288,0.11624667780594741,0.004671902993465634,1.2545789713858774e-05,0.8464313112978965,0.032637562112976574
289,0.16349235021810224,0.008535204574052992,2.4665947200150717e-05,0.8126518852170501,0.01529589404359449
290,0.15326606934018233,0.007920877395078345,2.0419414334440942e-05,0.8223285669160294,0.016464066934375396
291,0.04026137180888618,0.004109842365990058,5.335338374389557e-06,0.9401564801615591,0.015466970325190345
292,0.015038575431928507,0.0022793099010782994,1.6002228510203767e-05,0.963237695385983,0.01942841705249995
293,0.022187631849280964,0.004813755617070876,3.896909042901308e-05,0.8936924018342084,0.0792672416090107
294,0.04556078937850453,0.0031134442317088083,1.8804151735589606e-05,0.8243375410356927,0.1269694212023585
295,0.03331458268473539,0.0015589783657682793,1.0927698649020583e-05,0.9452004454620111,0.019915065788836235
296,0.07019495605523896,0.00656500787161334,2.8664839848764537e-05,0.4923215272714485,0.4308898439618504
297,0.4937172299489987,0.008377130523466463,1.7093264481237394e-05,0.25279466714721605,0.24509387911583763
298,0.36078809652339594,0.01017316720584849,8.953392234894652e-06,0.5407782374220945,0.08825154545642627
299,0.37657509749221785,0.006807776906674389,6.472161804582035e-06,0.5462675588540512,0.07034309458525188
300,0.0803952997033507,0.0057630324958462004,5.640739196934278e-06,0.8857701992852929,0.028065827776313227
301,0.025967087421052037,0.0023899790264484883,4.003568438284138e-06,0.9556018109120824,0.016037119071978814
302,0.02892907964285824,0.0011085468456807973,3.2579695513702134e-05,0.7804957939439445,0.18943399987200257
303,0.02196033490608159,0.0011058560040079237,1.309707080282724e-05,0.8934873691118306,0.0834333429072771
304,0.016448096761044154,0.0023276709052769836,1.1880672749933005e-05,0.9353025649787123,0.04590978668221665
305,0.01793149134972849,0.0010965634026191616,1.225914310180132e-05,0.947319375460777,0.033640310643773444
306,0.010172725042360789,0.00129026198327208,1.9159472892231242e-06,0.9766096156280258,0.011925481399052062
307,0.008515209241998431,0.001359542409591054,5.4698220562784164e-06,0.9792079974235623,0.010911781102791913
308,0.013623766497418246,0.001902332709768885,4.7398698392199614e-06,0.9797472784628928,0.00472188246008083
309,0.01047900561365577,0.0041504795396238615,5.594572829291396e-06,0.9816725490885072,0.003692371185383867
310,0.009132399914115729,0.002984256109780368,4.9853876393751e-06,0.9856536535065262,0.002224705081938303
311,0.008969795665240431,0.003836959323653562,5.861386749987248e-06,0.984843310198783,0.0023440734255729427
312,0.03017126702038428,0.003929794141508352,1.7054297102736903e-06,0.9584121678502251,0.007485065558172135
313,0.03973192077313508,0.004683772946265013,4.910046155915661e-06,0.9496385007950429,0.005940895439401109
314,0.04065312964955077,0.005453887259099156,5.328666065457645e-06,0.9400540623752045,0.013833592050080291
315,0.058770956800207,0.0031385120521160476,3.2370217206463794e-06,0.9307941325199455,0.007293161606010876
316,0.022943422855869207,0.002567623723326088,2.604233938016934e-06,0.9709993558732112,0.003486993313655519
317,0.02007179754053071,0.0026888856277875427,2.5017776090486916e-06,0.9720529569671551,0.005183858086917667
318,0.03039239002814435,0.004216441229496738,3.6393126388249774e-06,0.9583714173056738,0.007016112124046144
319,0.01136989219290103,0.005308351906352941,2.700506199912667e-06,0.9811394029535995,0.002179652440946672
320,0.010872199921294476,0.004488575129344234,3.6914229578257666e-06,0.9828448857870332,0.0017906477393702437
321,0.0045339985473192845,0.0035463784417667445,4.936717669049516e-06,0.9902205772391057,0.0016941090541393996
322,0.005785193327246169,0.0058184850357502925,9.288469009821604e-06,0.986311064171424,0.002075968996569612
323,0.0078074311668597665,0.003088560795035133,6.736096714535515e-06,0.9874874225847637,0.0016098493566266484
324,0.021337449946899595,0.00645572791871407,6.190433491978155e-06,0.9678978895735159,0.004302742127378584
325,0.01236758761137863,0.005304640097888723,1.0101176611637762e-05,0.9805672075197187,0.0017504635944023716
326,0.027027286309335433,0.026165816484292267,2.5021046702333576e-05,0.942523128314059,0.004258747845610861
327,0.030732279551882354,0.01761798716854544,1.818650328706018e-05,0.946347356482733,0.005284190293552163
328,0.027295800147516567,0.03137419471616419,2.4458275868170862e-05,0.938325140904055,0.00298040595639596
329,0.030973940673641884,0.10195383692043837,3.1936547196906175e-05,0.8630567583084466,0.003983527550276132
330,0.03044801607907251,0.10498335992556944,0.00021974836092656053,0.8573734035767755,0.006975472057656081
331,0.023797611006359385,0.05996966959292527,6.35596806149629e-05,0.906195764417119,0.00997339530298137
332,0.020790359356844847,0.0238568247028481,5.3723195441467345e-05,0.9477940335930185,0.00750505915184716
333,0.015140897637791103,0.0252315548687389,3.894795547913452e-05,0.9560924903938554,0.003496109144135499
334,0.03160612931363307,0.01125922578007982,1.5796234678252426e-05,0.9487832185473566,0.00833563012425235
335,0.033675900815228234,0.0837084513784583,0.00014583734844931482,0.8659802133100923,0.016489597147771762
336,0.021773319211426077,0.03182068734631828,0.0002237595854108584,0.9401481649691027,0.00603406888774204
337,0.023100474361372827,0.0252281880278749,0.00023541176519072007,0.9468231800696553,0.004612745775906283
338,0.04563821905640157,0.20587110255108887,0.012297342268365522,0.668044708286428,0.06814862783771591
339,0.04338378304733806,0.05695716261052288,0.001338498356345951,0.8434187680064995,0.05490178797929362
340,0.04846857577921758,0.03564365101740475,4.727119157598434e-05,0.9062109811350936,0.009629520876708118
341,0.07662940356532308,0.02878912924768792,5.970247250788231e-05,0.8662529479738367,0.028268816740644506
342,0.03621510692567898,0.3790257453418469,0.0003349273759928954,0.5675887522331845,0.016835468123296716
343,0.03738155389565783,0.157793049783665,5.25001423809193e-05,0.7957798875690072,0.00899300860928914
344,0.03937856725857515,0.21039165290651293,0.00012562831592803796,0.7361764645779658,0.013927686941018145
345,0.07554844256668954,0.12951851412196397,0.0003824367100275299,0.7544485374753297,0.04010206912598928
346,0.2352837239109627,0.22641958696655,0.0001026177824713937,0.48869311818399613,0.04950095315601989
347,0.1545849827051854,0.6711413421575809,0.00018437337351466927,0.16800736574303066,0.006081936020688432
348,0.3695748689830972,0.4437575739485561,0.00019695336612108723,0.17366086483914028,0.012809738863085394
349,0.044980341903163336,0.8939074314690786,0.00040709459478038146,0.05709512766130046,0.0036100043716771942
350,0.09121926569004656,0.7654093264927518,0.0009357899518656428,0.1314652742545136,0.010970343610822324
351,0.0986198181899102,0.7506676816236049,0.0007058432182105427,0.1344991241116843,0.01550753285659016
352,0.10049946268585692,0.8267484229679922,0.002378337612206366,0.0573876605101773,0.012986116223767285
353,0.0852911298997415,0.8660566155216439,0.002406889398624437,0.04006356226628369,0.006181802913706541
354,0.14181486702375506,0.8104839914661857,0.0009004716209328432,0.03131377332461863,0.015486896564507776
355,0.015864831343719944,0.9723233694166108,0.002160533827715411,0.007334671470640169,0.0023165939413138333
356,0.04317659097676538,0.9161822323880943,0.011581981948788275,0.01712746353922518,0.011931731147127018
357,0.017359674623816126,0.9384555649816642,0.031714866964906885,0.004790069020043855,0.0076798244095688875
358,0.17706198904711867,0.7638949514038152,0.002402768940066584,0.029817919227071006,0.026822371381928573
359,0.020489340584636532,0.9688796407331842,0.003779242244129482,0.0028019580790134314,0.0040498183590364405
360,0.02711469141419473,0.9352086954613945,0.026184959464476482,0.001226201817964777,0.010265451841969503
361,0.06984845831087119,0.9107387474842095,0.005143432172607158,0.0035976032589300124,0.010671758773382167
362,0.008685493008029356,0.9748743300891868,0.011232816126950958,0.001353911503747245,0.0038534492720857347
363,0.008584427761964344,0.9853784067097722,0.0003772488128324541,0.0012470848743781333,0.004412831841052876
364,0.027231321764003617,0.8918274831801443,0.05763135962246475,0.0050219898576698025,0.01828784557571745
365,0.04506418651797624,0.890352183421242,0.009763277418860225,0.012140251692773224,0.042680100949148404
366,0.033977947138635806,0.9185144091324215,0.01599456954275124,0.013569285569120125,0.017943788617071296
367,0.08426300338428734,0.7630846147390503,0.018223001570376648,0.032584235749727845,0.10184514455655781
368,0.02188604943593321,0.9251936901759401,0.009109321945037923,0.017896071181542208,0.025914867261546556
369,0.019958146841894755,0.7404133877122756,0.03747485237828185,0.012977813290249534,0.18917579977729837
370,0.011890292127544324,0.00999637954304644,0.0005975487632636555,0.004991975528406071,0.9725238040377395
371,0.05693219100595741,0.01140027122017624,0.0001171521315442389,0.007286947845797387,0.9242634377965249
372,0.04619172581533849,0.015487524698675828,6.294919948345373e-05,0.004778280224754344,0.9334795200617478
373,0.12256890939040539,0.05495177583985405,0.00013504094165077313,0.0068827517640558415,0.8154615220640339
