epoch,N1,N2,N3,R,W
0,0.0002879088296404396,0.00024875221317041506,7.516213217301668e-08,2.417672011017397e-05,0.9994390870749468
1,0.0011693218966407316,0.0001394519449317666,3.22343312713729e-05,1.286657338065878e-05,0.9986461252537755
2,0.0013654172536816847,0.0001392009128118713,5.431979821396067e-05,4.238658287620357e-06,0.9984368233770048
3,0.00044630139360511223,9.012360570620666e-05,6.641055760325092e-05,1.442333462407213e-06,0.999395722109623
4,0.00013168310099613315,9.893922088801926e-05,0.00019631455361470755,2.186100169909724e-06,0.9995708770243312
5,1.5060862375664736e-05,6.4022976646002e-05,0.00018011027731015114,1.780713904189787e-06,0.999739025169764
6,8.218848964918756e-05,0.000415589301623765,0.0005362229605911406,1.8750981798204373e-05,0.9989472482663377
7,0.0018539126205420313,0.000759928361677355,0.00028431463695827603,0.00015497527174166128,0.9969468691090806
8,0.0024957846830221037,0.0025998990406716498,0.0005745711272065643,0.000123316599316839,0.9942064285497829
9,0.0014836376137105337,0.0027132664328765187,0.002123953570181436,5.145479364226547e-05,0.9936276875895893
10,0.00032169568917918853,0.0005399458934659915,0.004968488603039385,1.1683441069144378e-05,0.9941581863732463
11,0.0004179214281831768,0.002292630250772513,0.00988863339436017,0.0001391062534949191,0.9872617086731891
12,0.0002619924740242821,0.001612063250028565,0.0426427618957949,0.00010920513222016015,0.955373977247932
13,0.00017656613240445292,0.0034445361610924226,0.003466751226114076,3.935444709468998e-05,0.9928727920332944
14,0.006802366992719925,0.01058564379923296,0.0025065918802911224,0.0005677411669729606,0.9795376561607829
15,0.016181798219925454,0.005934321982115888,0.0009628072428704154,0.0005525967951952063,0.9763684757598929
16,0.0003827615893040467,0.0004242787904232501,0.001096494620154079,3.653328406371666e-05,0.9980599317160549
17,0.0006419716999077607,0.0013530154075818844,0.0032931247598711006,0.0003754689439287319,0.9943364191887106
18,0.0006074120721173857,0.001503250412201387,0.004007314681959382,0.00046460517368435925,0.9934174176600375
19,0.0132345126252288,0.006454653037178023,0.0021151650357505484,0.015599251377878412,0.9625964179239642
20,0.03231664035786549,0.002148325324280273,9.736217639982198e-05,0.012014530832098304,0.953423141309356
21,0.13346672495374443,0.005936118161513417,0.00012869277461461002,0.0036988544468141496,0.8567696096633134
22,0.031006227872640665,0.0011962065523690832,2.9428059524021776e-05,0.00037892555563490523,0.9673892119598314
23,0.1024511175131347,0.0038202420266218303,2.7180084943253556e-05,0.007306431386559996,0.8863950289887402
24,0.20643102421897191,0.016453994607537048,2.0952447072185054e-05,0.008789175228186709,0.7683048534982321
25,0.007340622398799286,0.004288204176048527,6.640239551461419e-05,0.00033367650231389483,0.9879710945273236
26,0.2885296643847905,0.03755355169021028,7.196946252281242e-05,0.027902629790777983,0.6459421846716985
27,0.30799800485042844,0.026742376011446658,5.4911537961253855e-05,0.045819714762214483,0.6193849928379491
28,0.3595922705113118,0.04355236999795482,0.00012252655023567538,0.04822164505477146,0.5485111878857262
29,0.07752736436228568,0.019552612668346278,5.323475915228579e-05,0.01496234366568465,0.8879044445445312
30,0.6014087716388423,0.04124758498408669,8.517162603635558e-05,0.12672633252057813,0.2305321392304566
31,0.47982526652672003,0.019564222608465673,1.4527645392165217e-05,0.053605279793982163,0.44699070342543995
32,0.742236780725387,0.05998913072122835,4.990146363883154e-05,0.09285988545551396,0.10486430163423179
33,0.2974738235021019,0.05508686742560847,7.646740713322664e-05,0.5066454021171866,0.1407174395479699
34,0.49391153154074324,0.09720487588036683,4.8135880143788816e-05,0.34260892781576524,0.06622652888298093
35,0.24750308612398841,0.26560367175025146,0.0005295945857505417,0.4008731639723998,0.08549048356760967
36,0.15311058173213804,0.5562080520892062,0.0012787715758440733,0.2332905761152234,0.05611201848758837
37,0.12885712512641412,0.34267984683516833,0.00022786430516637338,0.45860031686163594,0.06963484687161518
38,0.11998173323065782,0.3992947727419148,0.0014347719495007042,0.23577513959432975,0.2435135824835969
39,0.15817536083395672,0.42943934748650153,0.000157701510311139,0.3291273912981161,0.08310019887111457
40,0.21625986709886405,0.5283482587793402,0.001056237776390098,0.13102051457905783,0.12331512176634772
41,0.5842423140904345,0.1603206794410041,0.0001220654671567059,0.20375096283309238,0.05156397816831227
42,0.2194547864922498,0.6814890201552433,0.00044894703409281727,0.0459137390288679,0.052693507289546304
43,0.2604896564228742,0.6434702682842807,0.0014917521485745457,0.06530486105626049,0.029243462088010208
44,0.053038211506618194,0.7883427042213923,0.08606412038928275,0.021408216973222427,0.05114674690948443
45,0.20085283978983023,0.36661447790303975,0.00043339651780400725,0.34794169477222386,0.08415759101710212
46,0.2147169285005796,0.5191099277483631,0.0010527427299501719,0.21838163795901983,0.04673876306208712
47,0.15806643588343164,0.746317174375379,0.009763034452753332,0.02940474510272812,0.05644861018570798
48,0.09140096729757144,0.8163384580318078,0.03197142330301528,0.010111183139912504,0.05017796822769272
49,0.5393804884543901,0.23721801577693483,0.0009566729550638301,0.12432118174514813,0.09812364106846304
50,0.2683479695366087,0.5848507782614204,0.01524430686867166,0.0076651215636385495,0.12389182376966057
51,0.3276141031250202,0.5495012789353723,0.0377246355527238,0.00803348415694079,0.077126498229943
52,0.13353850528182853,0.7827312649877661,0.03430812153762135,0.0021374665493163665,0.047284641643467656
53,0.38392321399338003,0.5318981907809823,0.0007633141984228838,0.010642765237038254,0.07277251579017668
54,0.026607040021695748,0.8922680928264946,0.0658116541867538,0.00032384443503966493,0.014989368530016228
55,0.04989185170518238,0.8255174146229683,0.09277095750497041,0.0006442437095954441,0.03117553245728322
56,0.18101753433651444,0.7375561038932756,0.0286762756810618,0.003342165381492127,0.04940792070765586
57,0.08352433645582015,0.7082335072442164,0.12084756074704846,0.0017637057027580405,0.08563088985015688
58,0.07565429429420438,0.7200406131028002,0.14061449705732648,0.0013739300082783081,0.062316665537390487
59,0.0629296255058662,0.7561121197440331,0.1554456324179448,0.0005298831585931024,0.024982739173562928
60,0.012001667320669072,0.6965987303280421,0.2784134120840362,0.00048645517286751593,0.012499735094385008
61,0.02481223862477108,0.7361731459193719,0.21608858508085094,0.0007695529351686635,0.022156477439837417
62,0.04057551028568859,0.8688548726220275,0.0697158158309735,0.0009793099133910495,0.01987449134791918
63,0.03597454138868271,0.7931154657926812,0.15268518884231466,0.0005781137382975789,0.017646690238023878
64,0.026285029356550974,0.5990957244823909,0.3508669225407494,0.0002608534312303281,0.023491470189078215
65,0.006663554997049444,0.4587311443810443,0.529245090498117,0.00013766043366432058,0.005222549690125121
66,0.07054431734999926,0.5641730624754128,0.325706396908062,0.0007845927401056218,0.03879163052642036
67,0.02088182468511147,0.4769929996417653,0.48576624061373286,0.0002510526758466853,0.016107882383543774
68,0.0035075248757660067,0.28739129904906574,0.7050096666531672,0.00010033442490823798,0.003991174997092723
69,0.006156174358423495,0.3221631342754572,0.6626386648329937,0.0001422590819463029,0.00889976745117934
70,0.022303461299742876,0.4542803249020568,0.5024834923993965,0.00046299711103049696,0.02046972428777346
71,0.0034948810978111125,0.18857414811671552,0.798169787015167,0.0002458891863779236,0.009515294583928318
72,0.013278720814017595,0.5184586464587568,0.44978070021240085,0.00029629795187805663,0.018185634562946713
73,0.03277784539227248,0.6219171024734539,0.32663513245960013,0.00034358765095527467,0.018326332023718174
74,0.0064059731895055715,0.33405802179181865,0.6517095320708122,0.0001506825202194664,0.007675790427644162
75,0.0016180323034868513,0.13780784426881873,0.8583745677019051,3.3203455189335064e-05,0.0021663522705999494
76,0.05487361168236332,0.6151191526184699,0.258241966908179,0.0004250370971559413,0.07134023169383168
77,0.009270876967735578,0.3195019129407105,0.6498284302754115,0.00031615258710699994,0.02108262722903542
78,0.004626116740609685,0.3027035074775455,0.6856172128415152,0.0001816443242868457,0.006871518616042635
79,0.01741236136851108,0.33705215919475445,0.6384633090703044,0.00020512094229628713,0.006867049424133786
80,0.0032751112126637514,0.3138007410133429,0.6772219594922801,0.00019062450444614612,0.00551156377726699
81,0.007275895570097244,0.2659089677257908,0.7155550846897315,0.00016939195167558983,0.011090660062704786
82,0.010089620424751552,0.2785116779119113,0.7030559079293734,0.00022848587775643796,0.008114307856207174
83,0.004220364980646399,0.10487131327739323,0.8765445467176042,0.00015046224839305889,0.014213312775963109
84,0.00045444204095112633,0.049843457365700325,0.9473958472679341,3.2673925159447e-05,0.002273579400255027
85,0.0004380792736871475,0.05979412048577033,0.936064358199912,3.3130142597216915e-05,0.0036703118980331772
86,0.0003093141954568545,0.047991585783295466,0.9484584834359581,3.23748993383642e-05,0.0032082416859512586
87,8.078802401278526e-05,0.02470635221504182,0.9737413321310642,1.9435549161952918e-05,0.0014520920807191446
88,0.0001165173983761689,0.03336857791274618,0.9637946675386793,1.8458210800554643e-05,0.002701778939397905
89,5.972295854053626e-05,0.019911547649519357,0.978929891779948,6.800776652970619e-06,0.0010920368353389766
90,0.00010362709401377086,0.02266319884358703,0.9751764343570671,7.715654019755065e-06,0.0020490240513123133
91,3.92024606191809e-05,0.012315732549112394,0.9865175574662961,5.259942558289234e-06,0.0011222475814139199
92,6.364608026316827e-05,0.013295080709075235,0.9845720180068892,9.636052543505598e-06,0.0020596191512289564
93,6.933169022015899e-05,0.011916442166967568,0.9859571872408782,7.3346217278197676e-06,0.0020497042802062144
94,6.5421561144897e-05,0.011806011327246204,0.9856270536599475,8.596703373666603e-06,0.0024929167482879992
95,8.315925012339401e-05,0.011228232115778959,0.9871173061548676,9.794426031262485e-06,0.0015615080531991257
96,3.469162400212797e-05,0.01170076671674296,0.9872965364727522,5.4068879952911375e-06,0.0009625982985076211
97,5.2225306253529666e-05,0.013421894717632199,0.9849866969241224,7.922805918443117e-06,0.00153126024607335
98,0.00010271905158898047,0.01048719884130444,0.9844769054442657,3.69274409504052e-05,0.00489624922189042
99,0.0001205114385589257,0.01056150737976649,0.9868349659225828,1.5193952260489858e-05,0.0024678213068314576
100,6.723227452407567e-05,0.007689641895744395,0.9909988513682226,6.638710504073905e-06,0.0012376357510047481
101,7.19960562173431e-05,0.00554328887528909,0.993284711660496,6.688062615899796e-06,0.0010933153453814223
102,7.369849003541062e-05,0.007613520734587046,0.9905327026599535,1.534494663308244e-05,0.0017647331687908959
103,9.57596170246134e-05,0.011250363465019822,0.9827425530229489,3.216419418152474e-05,0.005879159700825305
104,0.00011612650801492507,0.01090209472226151,0.9831980974777504,3.39152436133195e-05,0.005749766048359919
105,0.00017281154323193888,0.01693268409779852,0.9780615740954549,2.972667551899721e-05,0.004803203587995526
106,0.0004027911645051263,0.02131822925839124,0.9747169048858702,5.815380647763654e-05,0.0035039208847557476
107,0.0053462961153058885,0.03447894647505752,0.06111144109834763,0.0014162986125894044,0.8976470176986995
108,0.032788706880788956,0.08653075276235143,0.11376361708471065,0.00046423504852980487,0.7664526882236191
109,0.10647936977728525,0.42665173971967724,0.1462627368169142,0.001141330709321718,0.3194648229768015
110,0.13784077028442804,0.3784888411720724,0.161738834750129,0.00022443753747962826,0.321707116255891
111,0.07211990690509114,0.6820560954807755,0.21595009925417114,0.0009152829341532736,0.028958615425809013
112,0.04832588792935507,0.8578954549374566,0.07358769493085503,0.0011526781341557526,0.01903828406817746
113,0.013958631458710425,0.796064752725188,0.18239443926358273,0.0004925158664173182,0.00708966068610177
114,0.014036328176218568,0.9655520050293679,0.01608962878243439,0.0016280804133693473,0.0026939575986098837
115,0.035794910786338,0.743046678653621,0.21255755439338475,0.0009373992172050491,0.007663456949451136
116,0.0215775436316158,0.944372166117612,0.027468826349225494,0.0021558703551373313,0.0044255935464094145
117,0.022657241328338507,0.8785388888713788,0.0907362584719336,0.0015329233835325463,0.006534687944816617
118,0.004711453612490277,0.7262297383342419,0.26378846718864796,0.00029721458835791384,0.00497312627626197
119,0.00391411684318786,0.4902324096067233,0.5002188848019112,0.0003761820934486807,0.005258406654728814
120,0.003474493865495855,0.5835721407762934,0.4064974596044064,0.000890134426048607,0.0055657713277557875
121,0.0070782219894149215,0.4546673559087113,0.5305645666240234,0.0006248123250514941,0.007065043152798884
122,0.0018723504203003386,0.2640664757559991,0.7305053350870997,0.0002087592409114702,0.003347079495689378
123,0.004884789702137992,0.2710631023975039,0.7128337853405455,0.000496640763848694,0.010721681795963774
124,0.0023579397833672524,0.1321670549471418,0.8574211800381221,0.00026667635932919317,0.0077871488720399505
125,0.02387487738017002,0.11982866145908254,0.08186768623423452,0.0007471857002667161,0.7736815892262463
126,0.05407288560030515,0.370431329630755,0.10730883222657721,0.0007254109339618059,0.4674615416084007
127,0.07155228276014106,0.69626810907792,0.17200064866435968,0.0017226990815469515,0.058456260416032337
128,0.03160570465001717,0.8572760791490024,0.0809288591779344,0.0010289292631474245,0.02916042775989858
129,0.0570493237580145,0.35895619892236047,0.006361716121332727,0.00048224849053272767,0.5771505127077595
130,0.10292484446723477,0.5859799799076847,0.10023004577720442,0.0006855985836954138,0.21017953126418074
131,0.039365005743652766,0.7648301226152943,0.14987512667788058,0.00022820274205304127,0.04570154222111916
132,0.16900877889788957,0.759465211807934,0.029911483848615007,0.0006866828648557185,0.04092784258070574
133,0.04413331472364442,0.5716694585998975,0.3685478284445468,0.00034710882373573576,0.015302289408175523
134,0.014044862176626559,0.8202056604682094,0.1590051171013499,0.00022209828454816612,0.006522261969266013
135,0.05835364500649877,0.9028327166582494,0.023959039614240608,0.0014765356501042163,0.013378063070906934
136,0.0024192819793464808,0.4869219970031651,0.5066919104283947,0.0003118809813463687,0.003654929607747368
137,0.004244447842919317,0.5454609511835363,0.4395060569092818,0.000625099259164564,0.010163444805098036
138,0.0008420600142865872,0.2835222838112147,0.7129021402109972,0.0001660891550456185,0.002567426808455922
139,0.000610061803678346,0.2269618459840103,0.7703784766389878,0.0001232686309108399,0.0019263469424124619
140,0.0007462623022054248,0.17994471594910322,0.8165676262006507,7.326952695350846e-05,0.0026681260210871484
141,0.0019137984674179496,0.24068802032136177,0.7525162323965604,0.0001430399114213107,0.004738908903238401
142,0.0004196452839074008,0.07189830818475813,0.9267165705356183,7.835714590892731e-05,0.0008871188498072067
143,0.0006766386714821761,0.06262428648144011,0.9345936733218485,0.0001607013619283142,0.0019447001633010213
144,0.0017531756332808677,0.16199123074974883,0.8306306563401084,0.0008601486205034253,0.0047647886563584
145,0.0008897220171946471,0.056401966258943656,0.9369779531430189,0.0002763158501932056,0.00545404273064976
146,0.0068357981569817745,0.04533543688622244,0.05372402539347568,0.0009648392256443587,0.8931399003376757
147,0.08665803818481467,0.28828259315539695,0.15457196322858574,0.005949258024059145,0.4645381474071435
148,0.10307090074240333,0.5466841987153208,0.20540660833614788,0.005318463085307736,0.1395198291208202
149,0.09742404913695361,0.7430496091384708,0.08038730871586328,0.0076468376110309585,0.07149219539768151
150,0.03353394356586796,0.19068611896249363,0.022017505546440885,0.005937805843594468,0.747824626081603
151,0.03643602251069265,0.688775544546526,0.055600454658148425,0.004785408186660409,0.2144025700979727
152,0.06356825946350306,0.8451741625012356,0.01851209339362488,0.028308857642297704,0.04443662699933877
153,0.02867008698692657,0.06032471669847495,0.010991954587653443,0.003943224751394867,0.8960700169755502
154,0.25097341142584195,0.6906964235109867,0.005202004082895413,0.006637435451958454,0.04649072552831741
155,0.2311262556728201,0.7153270540727423,0.006456759270010277,0.00601585543171798,0.04107407555270924
156,0.20135642112731686,0.6759014594518925,0.045925093678826016,0.003567345333668284,0.0732496804082962
157,0.03355808827043059,0.8913369339358479,0.06097874687917875,0.0032243375091565545,0.010901893405385958
158,0.19905347675024182,0.6497854204595666,0.005826222847828595,0.020906091578428463,0.12442878836393462
159,0.19170416859201245,0.6206902087248647,0.028355051458904695,0.019531547232523105,0.13971902399169508
160,0.03234830024323534,0.8204372366306578,0.13704553125098778,0.0035496734364720756,0.006619258438646902
161,0.060185141018311565,0.8908850565046251,0.005766878065436374,0.030807365635363244,0.012355558776263877
162,0.03599112376352159,0.9081062523142023,0.02212373382705158,0.024364648068423825,0.009414242026800582
163,0.014383799076294553,0.9203429533817925,0.04031497622525554,0.018040872749062492,0.006917398567594855
164,0.05604671377522521,0.8264196124633827,0.0036947201875102676,0.09947554442615462,0.014363409147727357
165,0.06980431570011844,0.817567972624232,0.03575053062519447,0.05497333956431461,0.02190384148614045
166,0.10143054168911159,0.5840854092364666,0.02143446261409566,0.24807396060144343,0.04497562585888283
167,0.03298720424614957,0.790203679899608,0.016214009844217864,0.13523576685284056,0.02535933915718402
168,0.02234174611137624,0.07167986654595214,0.00011536812317985817,0.8971861909745283,0.008676828244963299
169,0.03153421901727786,0.07476712781709334,0.0002696019601101876,0.882932322172839,0.010496729032679649
170,0.011295823192313665,0.0064999730721143,2.5886807926474846e-05,0.978634093043508,0.003544223884137626
171,0.028488080118432606,0.009428253150467473,2.1381743016310914e-05,0.9568756065721219,0.005186678415961766
172,0.048043871384863664,0.007350955374378037,2.0381669969915463e-05,0.9338269105920348,0.01075788097875367
173,0.03675452175433329,0.00273469772070618,1.729221911636155e-05,0.9474975552582294,0.012995933047614733
174,0.10498521411620192,0.008404074976922367,9.98693743783097e-05,0.3551958161857841,0.5313150253467133
175,0.27952042555348006,0.0047485900392123795,1.8642322855987762e-05,0.6483200701007769,0.06739227198367478
176,0.22934200491881662,0.007237902715459652,1.8211944780128767e-05,0.7415301056474379,0.021871774773505652
177,0.11520734458949689,0.01024658670269158,3.1948899883493534e-05,0.5979669261607042,0.2765471936472238
178,0.13419227871678266,0.015222124396273351,1.8707046993954727e-05,0.8268412237098899,0.023725666130060104
179,0.02861357795753721,0.03781110880283944,4.2236446698987573e-05,0.8936387945710154,0.0398942822219091
180,0.05152783720078796,0.029117473999455818,9.397789050572284e-05,0.7418519597420946,0.1774087511671558
181,0.08559421394260791,0.02976343660839673,3.761959758838056e-05,0.8649100134626049,0.01969471638880209
182,0.11187585615871623,0.029845047268509076,3.88913593346172e-05,0.7467604503338248,0.1114797548796154
183,0.19931740278802834,0.03013091232728827,2.9691578311519506e-05,0.7098671826406747,0.060654810665697216
184,0.08406336950774203,0.0344243401969649,0.00020229935218095592,0.5722610585422413,0.3090489324008709
185,0.14844232809339628,0.009064758795660866,2.8453625866675922e-05,0.8256527219270833,0.016811737557992933
186,0.14238264442007575,0.012467230597081274,2.2773214544738997e-05,0.8054793585522657,0.03964799321603248
187,0.22927934338966438,0.021763346123303762,4.642660275934165e-05,0.6820530511347547,0.0668578327495179
188,0.22891641844595884,0.013359414411394188,2.167915027143909e-05,0.7008168548086597,0.0568856331837158
189,0.21137763472550455,0.025019046390155134,3.710057894118015e-05,0.7257595791926976,0.03780663911270149
190,0.15476855182526067,0.03765687856949603,6.43872900115717e-05,0.6676120608637348,0.13989812145149694
191,0.13905627741001145,0.013932259734617737,0.00012005480995216674,0.7166673167952528,0.13022409125016587
192,0.1050846037940209,0.0445727025057363,0.00019175220000591185,0.4542536954883234,0.39589724601191345
193,0.12544561892280598,0.052713095236447086,7.991582870435107e-05,0.6655898233267475,0.15617154668529504
194,0.0600939758460184,0.03330603999802866,0.00013872838679888677,0.3402704862391979,0.5661907695299561
195,0.07861288434164987,0.030436193130403213,4.784112028709108e-05,0.8413996913320834,0.04950339007557645
196,0.06120264508049582,0.10047923006652455,0.00026449674527444613,0.5375943113773736,0.30045931673033155
197,0.11291703460912839,0.13381760234225704,0.000175847024817622,0.718703509361171,0.03438600666262593
198,0.052683936290818356,0.10099597956757944,0.00031062110721196453,0.7821744221507058,0.0638350408836846
199,0.08585833890722928,0.06670339797647268,7.025067170416676e-05,0.815117064348975,0.03225094809561888
200,0.0746339451030268,0.329583355481968,0.000432206395920596,0.5678611271759156,0.027489365843168957
201,0.021531803958701166,0.8990342995603019,0.001021096725274722,0.06941673201095498,0.008996067744767048
202,0.06954898048880193,0.6043465588431024,0.0005807011805410196,0.22890904842249485,0.0966147110650596
203,0.042271568861173454,0.691625373536231,0.0031891542043196164,0.07143576179972272,0.19147814159855334
204,0.07334120253827409,0.7366365623748299,0.005758835142247039,0.0309980167689309,0.15326538317571822
205,0.043076859448048704,0.6971320758530632,0.027787381766103195,0.004928271814306589,0.22707541111847845
206,0.015215655061933323,0.010165433926681311,0.00010977251480641503,0.0013774667949311631,0.9731316717016477
207,0.008133049568938051,0.0037734266860863794,0.00013742403676413623,0.0006621358373821198,0.9872939638708293
208,0.042353705433192106,0.007120649314977543,0.0001573988702764227,0.0017222057599302549,0.9486460406216236
209,0.0023548824162321668,0.0022073107088273164,2.967048237750805e-05,0.00025448016628840293,0.9951536562262746
210,0.009367973192141998,0.005258108657951161,0.0014755573520927885,0.0013511224365788295,0.9825472383612353
211,0.009177894326948478,0.013851820230125218,0.005146483507986014,0.0016632759536687398,0.9701605259812714
212,0.002389285678993336,0.006533266708900969,0.0004748718242605793,0.00018062227766462233,0.9904219535101805
213,0.0017038722198249193,0.004641813206897382,0.00035714436032872497,0.00014149570064850018,0.9931556745123004
214,0.0002540833037734006,1.6178030787082722e-05,0.9995013580415737,1.6401038581908495e-07,0.00022821661347986294
215,0.018358297862247838,0.0006026464900770235,3.0188444800798703e-06,0.0005278535528230469,0.9805081832503719
216,0.06332299494667366,0.001633658588524874,2.0518794779438008e-05,0.004579262193933761,0.9304435654760883
217,0.3583308091240786,0.004044535179933093,2.5492550062347622e-05,0.010808096719065968,0.62679106642686
218,0.8243845850313821,0.013128090499870293,5.564547330837362e-05,0.023672775407881194,0.13875890358755813
219,0.5627311381189527,0.011331100628921068,3.2792869663987404e-05,0.09185158713936808,0.3340533812430942
220,0.5107861304453338,0.007714602386726785,4.9936071770493375e-05,0.17451920041998661,0.3069301306761824
221,0.31262786248332963,0.11725877187661825,0.00017615905920267058,0.4520284558061994,0.11790875077465011
222,0.13335697344253294,0.14945673408028126,0.0003764971217467858,0.6778258349644377,0.03898396039100121
223,0.0843146058438789,0.317356987244707,0.0003258396365435446,0.5821075216774179,0.015895045597452823
224,0.05548379877503948,0.11112224688587186,7.563393864499589e-05,0.8294882481781148,0.0038300722223287872
225,0.03496180598808533,0.5109620961699486,0.0020479634354955657,0.4401093938957711,0.011918740510699456
226,0.09996238368954109,0.401760693333073,0.0046883165719097,0.33973176227652474,0.1538568441289515
227,0.05380082808581477,0.602476249910184,0.0005481515224776915,0.3303409138242549,0.012833856657268617
228,0.06189980695852032,0.7123530136065066,0.000354218996418339,0.21476381686153168,0.010629143577023015
229,0.009056497975191629,0.9526242412931728,0.0043654652015760916,0.03087614280742617,0.003077652722633274
230,0.07429929533079185,0.7303245457842873,0.0009083063108722711,0.1866113800747152,0.007856472499333345
231,0.15528203847279776,0.5608134818124303,0.002463945985099058,0.18462079115026478,0.09681974257940804
232,0.02578375547490426,0.9355773519661094,0.0012334531647703025,0.029108235040471706,0.008297204353744234
233,0.03824180991292154,0.9337847509401139,0.0027209438673783835,0.015040336112616081,0.010212159166970112
234,0.12414509811493385,0.7720159238673986,0.0008491031399774449,0.08793885206939817,0.015051022808291941
235,0.16329508196208387,0.7251216158170422,0.0019384070609520276,0.03750451588235206,0.07214037927756982
236,0.06378650742618666,0.8527700399256466,0.02268764063008576,0.007950618616887922,0.05280519340119308
237,0.07920734433090569,0.8794187552046001,0.0008469942853719435,0.019415088096536526,0.021111818082585606
238,0.2232227382916154,0.42842603302559745,0.020729083246455175,0.015316726419664034,0.312305419016668
239,0.058747210693749774,0.9048149895434492,0.007937319105236774,0.01599889350320215,0.01250158715436187
240,0.03623835797507152,0.877774904921395,0.05919843578957274,0.0036469624521667508,0.023141338861794116
241,0.02071236116791624,0.9655875755006978,0.0008912848004576803,0.006772958456994428,0.006035820073933877
242,0.07731083943861386,0.8831182043022098,0.0031352559929222366,0.02178281480526804,0.014652885460986179
243,0.09818511631292151,0.8030152896089474,0.03164069892968616,0.010936326413620455,0.056222568734824355
244,0.07656152738244695,0.8829880085723711,0.0038713860692282296,0.024465484092436558,0.012113593883517059
245,0.058481834976695124,0.9208833296147725,0.001714893383292857,0.010304854112833942,0.008615087912405527
246,0.052143073374420285,0.902870754665952,0.022751758985325228,0.009555655976319796,0.012678756997982486
247,0.033510086105788615,0.9417877224643253,0.0055406479328538516,0.010351069316115003,0.008810474180917486
248,0.05913357697227109,0.9062276977148105,0.0018402945304732126,0.025128805485932826,0.007669625296512359
249,0.05151222449918127,0.9135087450891831,0.01358314597561113,0.006875220179510491,0.014520664256514118
250,0.14567864123917046,0.8001630878335785,0.004366295715764645,0.026428170017250723,0.02336380519423581
251,0.012115262572169615,0.9794755159216996,0.0003737366938125887,0.00451583782238991,0.003519646989928505
252,0.02720143628109377,0.9534759632387878,0.010427831180995857,0.003881536824948324,0.0050132324741742175
253,0.011016348938297036,0.9799662296851347,0.004482983066076478,0.0017871884833123824,0.0027472498271793196
254,0.017128352399601945,0.9576052838353478,0.01539308616380598,0.0035886448718920874,0.006284632729352027
255,0.008056178626965525,0.8779410636695144,0.10642102375358954,0.001899004412183899,0.005682729537746575
256,0.01817374785353497,0.8462799526501597,0.11562122035017482,0.0020468625457636365,0.017878216600366974
257,0.0036446884187327387,0.49516462088313035,0.4952239041576512,0.0015237948620152647,0.004442991678470277
258,0.005830279839429188,0.8423810346631002,0.14143059112524076,0.001657752553023162,0.00870034181920668
259,0.004405625142173517,0.7983288821425527,0.18972758681343213,0.0014452608513234244,0.006092645050518209
260,0.0022837918582722994,0.44011923733536235,0.5521152937035005,0.0004936053644875598,0.004988071738377269
261,0.0027626778727269175,0.4042670933425666,0.5865884452545375,0.0004026866970063119,0.005979096833162725
262,0.004638010085148678,0.4326518763930685,0.5552034220880498,0.0005482454100063697,0.00695844602372652
263,0.005314348120804991,0.5579207169095802,0.4220119561100228,0.0006702474807707456,0.014082731378821272
264,0.00218162512742961,0.46884797179379,0.5212892418722739,0.0005428393298323569,0.007138321876674268
265,0.0018708068239931676,0.34563768056749106,0.6488474828388532,0.00036604244514245574,0.003277987324519978
266,0.003544683324647377,0.5006971197770074,0.4881811587200056,0.001231414980193666,0.006345623198145886
267,0.0027051594592713197,0.18278137011161885,0.8080758929691296,0.0006144091463000322,0.005823168313680081
268,0.08400460735525579,0.5082131060660172,0.2528006985707404,0.003062725886496426,0.15191886212149017
269,0.05902557769662018,0.7800557487625505,0.14073947040427948,0.001861451486102792,0.018317751650447002
270,0.012942982469499273,0.7191560547532292,0.2563000601951983,0.0008722204156376008,0.010728682166435641
271,0.026528236275991154,0.8695151508315284,0.09106423908689346,0.0010326001525256946,0.01185977365306148
272,0.004793691322702817,0.4840240973255887,0.5048755478843503,0.0006007905974496118,0.005705872869908639
273,0.001544601209782403,0.18161428159459445,0.812645028498556,0.0001599409878035109,0.004036147709263737
274,0.002294323031637408,0.16385767098103585,0.8296584301962343,0.000156128165838668,0.004033447625253729
275,0.0012680888439403804,0.1694617112671928,0.8266789264010446,0.00019494524622961233,0.0023963282415925212
276,0.0015996584587738812,0.17305881271539042,0.8103166629826233,0.0004923360368260486,0.014532529806386375
277,0.0009981644340838506,0.1919784585890137,0.8033514425935,0.00029544916679208344,0.003376485216610429
278,0.0010169598629911315,0.15969117125705107,0.8372614284840026,0.0001417143567292633,0.00188872603922577
279,0.0008205672886617567,0.22206744286272978,0.7741708813335437,0.00022027668217651392,0.00272083183288814
280,0.00024224671386159595,0.08860699409983813,0.9100175163513365,7.33291539669088e-05,0.0010599136809968574
281,0.000296239816684644,0.06860214346839537,0.9300705665606928,0.00012040610747312034,0.0009106440467539389
282,0.00038789035975279586,0.0417662326716925,0.9569726778807627,9.238358092762614e-05,0.0007808155068643281
283,0.00027271562648948906,0.04169357243163644,0.957008153419468,9.71919734670077e-05,0.000928366548938994
284,0.0006202505612866051,0.07495087890760409,0.9227365802382568,0.00015395144686720295,0.0015383388459853564
285,0.0005167027341373186,0.04888779904838318,0.9487173468141529,0.00018180392434484317,0.0016963474789819164
286,0.0015654138363276387,0.10368616965441199,0.8894354600057112,0.000955002609544452,0.00435795389400491
287,0.0006677428096626809,0.06341443583263542,0.9342906489597534,0.0002631861914276183,0.0013639862065208466
288,0.00028814122012243,0.0452223550685094,0.9534041101602341,0.0001068578507685512,0.0009785357003654319
289,0.000466152457967876,0.05532964004737694,0.9431048312865361,0.00020460179997619775,0.0008947744081429236
290,0.0009408971833098538,0.1141391068906717,0.8822270047256545,0.0006392585542099358,0.0020537326461538526
291,0.011596243981576135,0.35123896611504857,0.46549243390170775,0.007190944112085179,0.1644814118895824
292,0.012936605107270868,0.19655212512902837,0.73288647906131,0.006250885824771323,0.051373904877619385
293,0.010262447909037698,0.21498659529901268,0.7667598040007082,0.002110835803334404,0.005880316987907039
294,0.002458995098346806,0.19771200687376989,0.7961653266241024,0.0006312510076774511,0.0030324203961033694
295,0.0019304335415643685,0.19955922549000382,0.7948519688573542,0.0006274665885565523,0.003030905522521221
296,0.0003099672263527775,0.09798235410140213,0.9006114432211655,0.00017651747805236202,0.0009197179730273216
297,0.0007016036300838944,0.06291448284597283,0.9331769803072459,0.00046820710671741745,0.0027387261099799777
298,0.0004590537127645649,0.0526926646412127,0.9453654671897025,0.0003338764914856509,0.0011489379648344535
299,0.00015654628684233434,0.04604390403460231,0.9531292119347188,0.00012199550669160359,0.0005483422371449741
300,0.00044048458330038005,0.0562062725540581,0.9415373969799715,0.00030241384960896117,0.0015134320330609402
301,0.0003215930078073811,0.03418707568892244,0.9646656370416359,6.356197823459147e-05,0.0007621322833997626
302,0.0003987577904939142,0.049296225090410616,0.9489856670094422,0.0001405907273482284,0.001178759382305186
303,0.0001898259227540987,0.03599504289553049,0.9628963265221141,7.834891700790307e-05,0.0008404557425934158
304,0.0005813610890608901,0.05262202917093836,0.9451588744143495,0.0001682882045460846,0.0014694471211052188
305,0.001382392188095111,0.13948984293754305,0.8546263233836567,0.00040940193796158486,0.004092039552743639
306,0.0015558033525999865,0.11683362447339618,0.8746509262202024,0.0004139855829679788,0.006545660370833641
307,0.0006047648443468862,0.06398819956095635,0.9318365291440747,0.0001681947309125138,0.0034023117197095063
308,0.010867876920986856,0.26243383456151376,0.702113572522663,0.0018059836038620191,0.02277873239097431
309,0.004751153219593851,0.179661352495508,0.8108760904917012,0.0008111949501245184,0.003900208843072563
310,0.003104236056775583,0.20559972606859084,0.7874107188542305,0.0004998116707404268,0.0033855073496625583
311,0.005609958999827718,0.14486703680030705,0.8420871818439931,0.0012563366375174948,0.006179485718354457
312,0.0010993753905663886,0.07753320195791125,0.918228413741507,0.0003672298462118398,0.00277177906380377
313,0.0003839055510081505,0.03956984330121567,0.9582791637803243,0.00024412303779515704,0.001522964329656791
314,0.0007089526278099199,0.031862167596009336,0.9639922258453316,0.0003535485917866456,0.0030831053390625476
315,0.0004573762999676776,0.027107818190889338,0.9708670301575657,0.0001719800297293004,0.0013957953218480127
316,0.0038533710709533326,0.12784246908365707,0.8452592916252065,0.002545679735562925,0.020499188484620033
317,0.0017849104918725674,0.06750649736008174,0.9259444507139316,0.0007656423018694734,0.003998499132244578
318,0.0014811259799790602,0.04585968432645382,0.9480950595637782,0.0008618793905983689,0.003702250739190463
319,0.02052978428219564,0.13193728386201972,0.39107626914202837,0.005522359851300021,0.45093430286245617
320,0.020653864504675476,0.20250414913281095,0.7261659535165335,0.005596590121608924,0.04507944272437114
321,0.010579728033346154,0.33407321610987606,0.6350031377670691,0.00107827577200583,0.01926564231770282
322,0.07988297624997864,0.2239163682921087,0.04216528058829215,0.005269529240981749,0.6487658456286387
323,0.060525552483317424,0.7194926873546742,0.19785280293451624,0.005018843594325026,0.017110113633167025
324,0.01578565071441165,0.6009222976964896,0.3719298534909924,0.0029838619791913747,0.008378336118914958
325,0.06040905548321037,0.7986988752434597,0.1230006606344604,0.007129192401116496,0.010762216237752894
326,0.014012047705903545,0.8055696010536324,0.1736457212360417,0.002790599716395481,0.003982030288026844
327,0.012068232270247423,0.9119404771284055,0.06813020784893932,0.003393408649327888,0.004467674103079764
328,0.010281952369950675,0.39590452054465514,0.5853942107774762,0.003468891093399567,0.004950425214518425
329,0.03804181436385669,0.2837220608339868,0.511034916069222,0.007741413309762663,0.15945979542317162
330,0.05286074518865765,0.36853628145443645,0.5432489161133657,0.006368877924039008,0.028985179319501165
331,0.04896702567484451,0.7461385604381919,0.15638175635875784,0.006520078851195376,0.04199257867701037
332,0.12045679650400666,0.2966855169468185,0.04485679005958721,0.005533768605981403,0.5324671278836063
333,0.0478616542824439,0.44414893574375836,0.4205960403603089,0.006902158196687144,0.08049121141680167
334,0.39727699044234416,0.22632230571398468,0.04245073124374432,0.018179483673815063,0.3157704889261117
335,0.20276851776639218,0.6516883904081634,0.03399352820648254,0.05889808715628584,0.05265147646267601
336,0.07811604700156284,0.17818618675580095,0.08151656935338597,0.015429307557026286,0.6467518893322238
337,0.06312412650310692,0.6252492983289816,0.2014220923473099,0.0570676059151664,0.05313687690543519
338,0.016686027730464275,0.7222881187100612,0.21532303152988277,0.03644753485506321,0.009255287174528493
339,0.05375850675779563,0.723289297782514,0.06216806379889591,0.11951981278242035,0.04126431887837407
340,0.01885924683356307,0.12764746859814996,0.0006065276178046374,0.8425924555585697,0.010294301391912666
341,0.012988323891080353,0.026118868112820576,9.561796754639737e-05,0.9566004513264642,0.0041967387020883755
342,0.04060694326450079,0.024464060564763357,5.037739036904671e-05,0.9279771851970631,0.006901433583303837
343,0.09180938542646626,0.030926052015704343,4.2677397256976424e-05,0.8629320724227556,0.01428981273781684
344,0.04223234911237705,0.05201421538963968,9.678251087216346e-05,0.8986943641725385,0.0069622888145727075
345,0.010409219948840236,0.017248169539344934,3.6021716596803814e-05,0.9686372151509169,0.003669373644301074
346,0.01502667006147809,0.02043926217797837,5.0497051564052955e-05,0.9613118678296746,0.003171702879304783
347,0.008965118450161826,0.021929814180325864,0.00012444250863457294,0.9628347026700231,0.006145922190854663
348,0.047099774719409404,0.03877503115815585,0.0008419890832919486,0.8479826377653219,0.06530056727382087
349,0.019989529831275894,0.008843409246270322,3.702223626644608e-05,0.9654036840830887,0.005726354603098589
350,0.011491093334402144,0.015933785359178252,3.0367487100509774e-05,0.965528106157521,0.007016647661797944
351,0.060404107488061756,0.02015773990497332,3.480464999666078e-05,0.9140486552637558,0.005354692693212457
352,0.05027254033870799,0.03911312145516488,8.373155090999026e-05,0.9050125496996636,0.005518056955553676
353,0.03831978015719587,0.012840736200812488,2.413803737752998e-05,0.944525723807781,0.004289621796833254
354,0.03644676697042303,0.04226449824403826,0.00011403693805403541,0.9169469714401076,0.004227726407377015
355,0.015434431497103013,0.020950093106289487,9.925239045457476e-05,0.9407393957610914,0.022776827245061408
356,0.05011378276387583,0.023191194431015208,5.5911366536561804e-05,0.9195769542142357,0.007062157224336636
357,0.06234481278298108,0.030545664659476644,5.6870658785912706e-05,0.8862482171570647,0.02080443474169145
358,0.06235861679043364,0.023457138282046357,5.373590642746507e-05,0.9069333137435677,0.007197195277524879
359,0.06067606248685867,0.04455830471587748,3.600709224895312e-05,0.8838700747978551,0.010859550907159858
360,0.07033927803936044,0.03762595848564381,3.825736536598232e-05,0.8842034037284616,0.007793102381168153
361,0.06599264839434107,0.018124802392591885,2.8748688894656872e-05,0.9100443371512384,0.005809463372933821
362,0.11832614024976709,0.020394194918866668,2.8553612656782608e-05,0.847550555925315,0.013700555293394373
363,0.0967160661137863,0.08286740607258541,0.00014802696912977033,0.7661111294540608,0.05415737139043768
364,0.09828730335373519,0.09606279935321042,7.069380018911225e-05,0.7973025561111526,0.008276647381712653
365,0.0882027996419365,0.022145783698606175,2.7213127193670322e-05,0.8675136044345193,0.022110599097744266
366,0.0708044890153423,0.01741234522536364,3.68088498561906e-05,0.9028469429513468,0.008899413958091
367,0.0425079640289846,0.007542781962428054,3.325948026915391e-05,0.8817112385108412,0.06820475601747694
368,0.20592181921910058,0.009043340055442405,2.8938200624004775e-05,0.7326848469402483,0.05232105558458485
369,0.1545404128534239,0.027880103490436653,5.383730870092783e-05,0.7790998984334355,0.038425747914002904
370,0.14864059973655422,0.025937420144560196,4.8571231852618836e-05,0.7598387238606202,0.06553468502641276
371,0.04138828430187697,0.019269070063759598,3.0127981776494166e-05,0.8846442694152202,0.05466824823736665
372,0.06329166217826915,0.01166453174593319,2.7473367285815944e-05,0.8787501526376198,0.04626618007089196
373,0.029174872851511168,0.02835774305916922,0.0002423625148577557,0.5862298258533456,0.35599519572111626
374,0.04373373073560341,0.01630542986088532,0.00017193278435471545,0.5662954920612115,0.37349341455794505
375,0.12361767388458407,0.025176871405829252,0.00022807089926143762,0.5072253285961728,0.3437520552141526
