epoch,N1,N2,N3,R,W
0,0.005951340992841512,0.00043562631451631126,5.28684886825322e-07,8.99511024905334e-05,0.9935225529052648
1,0.0003365417907850447,7.663509838722373e-05,6.955706244034243e-05,3.375241309666596e-05,0.9994835136352906
2,0.0003989524203268851,0.00014836212262063912,4.3825505465524045e-05,1.9404141766178233e-05,0.9993894558098209
3,0.019062658363641915,0.003614841780102168,1.806174910901871e-05,0.00016553607568605617,0.9771389020314608
4,0.01394259202789831,0.002390063071070597,1.5267530590240226e-05,0.00025399827949149713,0.9833980790909493
5,0.024472311351154647,0.0027511098015840047,2.4026257153919354e-05,0.0005769175046297976,0.9721756350854777
6,0.09934778176854325,0.006709832744090356,1.3371758176759972e-05,0.0021985685698299273,0.8917304451593597
7,0.3052631205798516,0.0359650057790784,4.444670257361732e-05,0.0051350386036436765,0.6535923883348527
8,0.37499742773033934,0.06813126137341527,2.9971105541572154e-05,0.015027091367830243,0.5418142484228736
9,0.08181728790690554,0.014870612972298967,7.301380598174574e-06,0.00708902460316863,0.8962157731370287
10,0.08450937826552625,0.016213484607200578,5.258671756898847e-05,0.02045225054939984,0.8787722998603044
11,0.31730108789202627,0.07315012442395283,5.051944132384698e-05,0.18484228249406687,0.4246559857486302
12,0.12490879416504044,0.054374094487607404,3.071115198226077e-05,0.20308563593651308,0.6176007642588568
13,0.14678784410758786,0.03681719668190573,9.597893152545297e-05,0.517715337004512,0.29858364327446885
14,0.14381924683574085,0.02676070359311799,3.9274134342717374e-05,0.6476009371565085,0.1817798382802901
15,0.17508635389771107,0.03667029389402925,0.00010501115606846401,0.4656982573697324,0.32244008368245886
16,0.08612907260955524,0.03445276267391363,8.130175552085008e-05,0.5418751391918072,0.3374617237692031
17,0.050194874723001146,0.02326524680071999,6.119377693345267e-05,0.5428728576981552,0.3836058270011902
18,0.057444330456560756,0.015314310337463447,0.00011463011475363225,0.09236323036615317,0.834763498725069
19,0.25064013423202985,0.05208634316853488,0.00015502671148098527,0.37570076367806987,0.32141773220988434
20,0.36466075448233637,0.03230399417509895,6.73515051143338e-05,0.4247102791954575,0.1782576206419929
21,0.45844622719060846,0.04644304423722659,0.00013855408932672285,0.30329637871058884,0.19167579577224944
22,0.21817036427245629,0.04725506897216476,0.001022537103482981,0.08521431484038411,0.6483377148115119
23,0.15325067581451818,0.12222647090188618,0.0005496718393573185,0.36640383809599847,0.35756934334823987
24,0.19296599670088982,0.01984754735296399,4.7876507603441986e-05,0.40456189443551904,0.38257668500302355
25,0.03698431933695726,0.03023222797161417,6.254267024234285e-05,0.0796643770475166,0.8530565329736696
26,0.0638831056244906,0.07818150848077789,6.188752136252763e-05,0.14735758784153946,0.7105159105318295
27,0.15845374100289836,0.011098719722853843,1.6793931576006704e-05,0.10870631733703592,0.7217244280056359
28,0.17206811339740802,0.0354339811560286,2.4777074881918025e-05,0.29063739136761013,0.5018357370040712
29,0.174361862808814,0.02328100185857418,1.3226837828471189e-05,0.14900619142572274,0.6533377170690606
30,0.05133163239473298,0.01018145374994164,7.130784888194376e-05,0.025783033369246554,0.9126325726371969
31,0.06308657181988554,0.023108824195986807,2.847268341549699e-05,0.10867120176207809,0.8051049295386341
32,0.11217546226825299,0.050345939323761385,2.5533453301365348e-05,0.12130198662184193,0.7161510783328424
33,0.15865497047300614,0.059781481263410076,7.571433035551793e-05,0.3780329242237313,0.40345490970949704
34,0.24147048116080777,0.2878866848320145,0.0002714987530679166,0.2888429839887427,0.18152835126536712
35,0.14969862904615563,0.11560889031291427,0.0001560864533470231,0.21102689310305253,0.5235095010845305
36,0.1691929953521712,0.24611528532326418,7.032398774934106e-05,0.24343414961590135,0.34118724572091397
37,0.5623762895611645,0.07631295002826093,6.727201107829063e-05,0.20528227134715393,0.15596121705234245
38,0.3047335322174645,0.428868200267609,0.0003909022927823629,0.11397492226478415,0.1520324429573599
39,0.33530055309291323,0.2876179254446672,0.00026861614551475726,0.23502468672138643,0.1417882185955185
40,0.29829104021334557,0.19313552307479678,0.0001445689087763242,0.3495200208727047,0.1589088469303767
41,0.21757945998809877,0.34742280827997596,7.883406915031885e-05,0.33364305470452915,0.10127584295824581
42,0.3150002379923944,0.2839611860979694,0.000311587343118084,0.20999491947285168,0.19073206909366633
43,0.12934472674529093,0.07858057362403488,0.00010129171496152061,0.0561974776283064,0.7357759302874063
44,0.6165373153583827,0.07466737854483729,4.336906188352671e-05,0.16351769969457017,0.1452342373403264
45,0.5556826027441922,0.04705485125388602,4.0177758456271704e-05,0.1360069978752815,0.2612153703681838
46,0.6836648185765918,0.02222246748824116,1.836102013779598e-05,0.08218030206992906,0.2119140508451001
47,0.4889707160535186,0.17321269765210962,5.88320156463025e-05,0.06115209548548378,0.2766056587932416
48,0.6107555994635402,0.24880572783200475,6.521232688042184e-05,0.028939810994354134,0.11143364938322049
49,0.20623154410423025,0.6308927587273623,0.000260060021897892,0.049143800580886084,0.1134718365656234
50,0.06565289601429206,0.11675053250502834,0.0018981987750502087,0.019025595027952306,0.7966727776776771
51,0.11654809321873184,0.07822618370573398,3.7561948595422164e-05,0.024022026784418622,0.78116613434252
52,0.5707237993788589,0.23440180933573554,2.7985709239340486e-05,0.012917349030841022,0.1819290565453251
53,0.31372985291647965,0.5919757671116815,0.00027463712716005613,0.0014629090146548928,0.09255683383002399
54,0.1796221204907466,0.7965896488334459,0.00039016277610330277,0.0004889073299752896,0.022909160569729047
55,0.1235836187384022,0.8573500058745761,0.0006008875220022302,0.001266094898938642,0.01719939296608088
56,0.010625181534712596,0.9829490185463283,0.0017875132136875426,5.8429538675121516e-05,0.004579857166596592
57,0.010239973053178919,0.9821650108846789,0.002358522948479216,7.656188852270515e-05,0.00515993122514028
58,0.00720186204646867,0.9264635141182938,0.06320708974457856,3.4609801072235415e-05,0.003092924289586731
59,0.003965537018485482,0.8953727144590866,0.09850852644754142,8.102548472571605e-05,0.0020721965901606405
60,0.002308653050618359,0.6594251041009968,0.33336518033659707,0.00015856437496838155,0.004742498136819335
61,0.002801343413148006,0.9292183927586748,0.06383582305472864,0.00036836943366983784,0.0037760713397787353
62,0.001762013746218983,0.6357131806926968,0.3591056371207518,0.00015914997850969786,0.0032600184618226517
63,0.0013585808231362346,0.672660109695502,0.3203022913421317,0.0001499141865815581,0.00552910395264843
64,0.001752228988661744,0.9067922176919808,0.08803668736799565,0.00018348348566539266,0.0032353824656962274
65,0.0006475559276302869,0.48702638586225716,0.5085645560384356,6.89720394188551e-05,0.0036925301322580295
66,0.0012961270594206513,0.24299908047798507,0.7433060324462986,2.093131319714211e-05,0.012377828703098614
67,0.000919552925977917,0.3550210051228626,0.637347933819073,3.706754948388562e-05,0.006674440582602674
68,0.0014165122425177984,0.31768032523618717,0.6738875322238486,4.3255877075547334e-05,0.006972374420370923
69,0.0006458298729195412,0.11662260441110746,0.8807363827873669,1.5133052959754577e-05,0.0019800498756464722
70,0.0002782130947591158,0.09752303531121813,0.9009096860912305,1.2719452809694191e-05,0.0012763460499825125
71,0.0003358202720959007,0.10986448533958494,0.8882525733580725,2.041536424621976e-05,0.0015267056660003958
72,0.00028033066153111707,0.12111360303089695,0.8766227028883785,2.1395397971787446e-05,0.001961968021221404
73,6.30356284522506e-05,0.03746937324062116,0.9617777412783541,7.498465632539085e-06,0.0006823513869397837
74,8.623808214310284e-05,0.046254184328601795,0.9531695541323891,7.548437667638013e-06,0.000482475019198302
75,7.225438597340558e-05,0.02079012913327255,0.9786579679347848,5.3832287727461345e-06,0.00047426531719681105
76,3.441374779925721e-05,0.008611377764089722,0.9910931984742641,3.835903590361984e-06,0.0002571741102566026
77,3.18240453718525e-05,0.010555580499453238,0.9886552119859908,3.960803891930805e-06,0.0007534226652920581
78,2.514336733491526e-05,0.010120609079410012,0.9896251350541954,2.957248096220546e-06,0.00022615525096356847
79,5.160814649691916e-05,0.017957767583971225,0.9812363278296676,2.946959052991856e-06,0.0007513494808112783
80,2.3986521602543872e-05,0.00948444129982344,0.9902684241823947,3.578862078507699e-06,0.00021956913410093744
81,2.8101325656004957e-05,0.012250099837658988,0.9872713679857186,3.6331464653439596e-06,0.00044679770450113644
82,4.1239143562211e-05,0.014903458346327836,0.9845223258737116,7.713421812363249e-06,0.0005252632145859056
83,4.5544336977133605e-05,0.011500797642673677,0.9880268097581801,5.5003284684710876e-06,0.00042134793370053955
84,4.953518311064258e-05,0.018979302826081065,0.980461104324267,6.81681326080766e-06,0.000503240853280514
85,7.082615466885546e-05,0.00957254776514017,0.9895984991651529,5.1288925191631375e-06,0.0007529980225187833
86,3.747762719809992e-05,0.01413964115481321,0.9852040771420134,4.042616555560348e-06,0.0006147614594198517
87,4.529474365869445e-05,0.019506277397085745,0.979975673544337,3.966019538250441e-06,0.00046878829538035986
88,2.8908683311991986e-05,0.0080872741180005,0.9914706541965623,1.700480657179991e-06,0.00041146252146803425
89,3.3560521588639566e-05,0.007446790576600276,0.9920858684244068,2.8834181478969694e-06,0.0004308970592564259
90,2.334109919365574e-05,0.0071140578492609515,0.9925897554892988,2.4632794860688813e-06,0.00027038228276043833
91,2.6690800356407505e-05,0.006629168842203825,0.9930319300584721,3.6677346366719855e-06,0.00030854256433081073
92,2.1938318033855767e-05,0.007033314994121386,0.9925477984426198,2.29833754775644e-06,0.00039464990767736806
93,3.053440533463271e-05,0.008132628109348686,0.9914612305674237,3.753733100375781e-06,0.00037185318479268626
94,3.498452762131662e-05,0.008569244492319507,0.9910136164769213,1.983041139316876e-06,0.0003801714619985127
95,4.198416311731046e-05,0.007891254104838973,0.9915005239517285,2.581521044806999e-06,0.0005636562592704822
96,1.605332247618096e-05,0.006588798365870371,0.9931944247523978,2.2739430127769203e-06,0.00019844961624273765
97,1.7629997264771235e-05,0.009769525978878833,0.989862175418367,3.852242996642042e-06,0.00034681636249286337
98,2.1663888095124373e-05,0.006068961679456233,0.9935967089873026,1.981827204451063e-06,0.00031068361794170683
99,2.6823763274289395e-05,0.004771171019850101,0.994873965246461,1.6772857494040583e-06,0.00032636268466535345
100,1.841635591148616e-05,0.00885775620629207,0.9907568887025766,1.970467207564779e-06,0.0003649682680124149
101,4.1911993712737604e-05,0.004224030583896477,0.9950811259840512,4.701173406549157e-06,0.000648230264933112
102,1.663860282502574e-05,0.007642683584551424,0.9920897633574706,1.6528552407791226e-06,0.0002492615999121563
103,1.6323671439936328e-05,0.006926035900801238,0.9925743408856017,2.12799579094886e-06,0.00048117154636618224
104,3.0851914983586205e-05,0.006904241076395657,0.9927858855759671,2.1970231336962605e-06,0.00027682440952017017
105,2.526091346640099e-05,0.005116650546132772,0.9944621908067838,2.290772823820324e-06,0.000393606960793334
106,3.5425318957316736e-05,0.006914044439478347,0.9925897212518775,5.332826421008674e-06,0.0004554761632659721
107,2.512208620767222e-05,0.006302996260098619,0.9932374794317068,3.5766049851001985e-06,0.0004308256170017815
108,4.924513260287636e-05,0.007307005895848639,0.992065274914189,4.3912026095301435e-06,0.0005740828547497888
109,4.8968082246902203e-05,0.008458597928378863,0.9910887066000414,4.617610835154267e-06,0.00039910977849765445
110,3.854608406546106e-05,0.005057122373767879,0.9944282197664764,2.3065809013780123e-06,0.0004738051947888795
111,0.00031993526224934917,0.04028710111867242,0.9556140614487573,1.2017117548647078e-05,0.0037668850527725253
112,0.0001152628841716799,0.02882304678447479,0.9705571161836573,7.65445224796438e-06,0.0004969196954482812
113,4.611301370402337e-05,0.019727251153245154,0.9799602194209518,5.384295569368779e-06,0.00026103211652969227
114,0.00011558758043978549,0.035353160446063764,0.9641836355086055,5.690329695608057e-06,0.0003419261351953296
115,8.383790471978942e-05,0.03412306594249295,0.9652881627717425,3.956658909717139e-06,0.0005009767221351553
116,3.174013935437198e-05,0.010926197525902686,0.9888414571849546,4.474591912484782e-06,0.00019613055787588617
117,3.053504867609139e-05,0.015485333728609715,0.9842192849914243,5.826640350405945e-06,0.00025901959093964507
118,2.7731533500965674e-05,0.008293971726444358,0.9910279988720361,9.072717609395816e-06,0.0006412251504093226
119,4.2818874592792525e-05,0.010212869302972157,0.9893763888331959,8.732342031368826e-06,0.0003591906472077949
120,8.908848329365005e-05,0.015127858479534725,0.9841181300585146,1.1150081951381e-05,0.0006537728967056192
121,5.751927034598285e-05,0.012446954386387571,0.9871452968365813,7.420104908081884e-06,0.00034280940177696306
122,0.0008758088510146972,0.05151232467729344,0.9440984526654284,3.92682091938004e-05,0.003474145597069711
123,0.0006089743628889288,0.09829256106717786,0.8993027911531721,5.11998291699452e-05,0.0017444735875913366
124,0.0001483663586011226,0.06693538098016885,0.9325395157149701,1.2412029850474518e-05,0.00036432491640935044
125,6.794658009864175e-05,0.025450152894246642,0.9742144789297286,7.833731282579848e-06,0.0002595878646436235
126,0.00010510183408414617,0.037544493592005734,0.9620257026694712,8.56626625029418e-06,0.0003161356381886959
127,4.8674499146526265e-05,0.027094466559286573,0.9720176416651363,3.991297411661998e-06,0.0008352259790189078
128,6.331734072567461e-05,0.023023454075763443,0.9766734311882437,4.036085849107464e-06,0.0002357613094180523
129,5.236630039910201e-05,0.0271057923865136,0.9726355162992475,2.4442917481585313e-06,0.00020388072209155447
130,2.2089329380043956e-05,0.009916095908916931,0.9899098021894875,2.3145916662393053e-06,0.00014969798054921332
131,5.2552339771740726e-05,0.014662038563033756,0.9849905040140211,7.276741042284802e-06,0.00028762834213114335
132,2.7064021863362785e-05,0.007691810107452599,0.9920658578552449,3.197014313090699e-06,0.00021207100112612934
133,3.060454409580922e-05,0.010782845256037128,0.9885598010640078,3.541209133887597e-06,0.0006232079267254868
134,2.7854269149546774e-05,0.01151098722825171,0.9882573117536363,3.6848657724253037e-06,0.00020016188319007419
135,4.092269281389377e-05,0.00939256429334777,0.9900999460297532,8.097645206473317e-06,0.0004584693388787395
136,3.867152393360262e-05,0.008721719091915174,0.9909720928722862,7.010730305503401e-06,0.00026050578155942917
137,2.998474423062005e-05,0.0114763612470444,0.9882082353142362,4.968574641662145e-06,0.0002804501198470448
138,5.693364586068652e-05,0.01063493956458797,0.9889692759525249,7.021393909657212e-06,0.00033182944311677137
139,0.00011649597343764501,0.013803424346692834,0.984149806480917,1.344702122699805e-05,0.0019168261777258585
140,3.636421855757895e-05,0.010372370320026218,0.9892096766656505,4.61393519918511e-06,0.00037697486056663155
141,3.462266219795941e-05,0.017976058322008413,0.9815581377893433,6.133915021961809e-06,0.0004250473114283028
142,6.155694709285163e-05,0.011766925378242048,0.9873409891085734,7.4049094623239976e-06,0.0008231236566294576
143,0.00011525414971075674,0.015952476551203826,0.9826814566411469,1.3208229728611337e-05,0.0012376044282100156
144,0.0009568726058789301,0.02750649407079934,0.9669874003978282,4.0761966075774376e-05,0.004508470959417858
145,0.00013602449583006155,0.018986031178758557,0.9795082811128576,1.1094404887914263e-05,0.00135856880766585
146,5.9856593941053475e-05,0.01857144285036402,0.9804046836459422,7.853994623568253e-06,0.0009561629151293102
147,0.00011694578186142769,0.01636237198039056,0.982309250744273,1.1898530322342105e-05,0.0011995329631527482
148,2.3756230604465923e-05,0.01014824805661309,0.9896389738296374,4.887382675885423e-06,0.00018413450046931957
149,4.316901722433582e-05,0.008146672158407349,0.9915341289295299,9.562055306265158e-06,0.00026646783953209895
150,5.6654913108201446e-05,0.009604166708402823,0.9898345198402224,1.1265804466020264e-05,0.0004933927338006906
151,3.770425790628838e-05,0.009290249970086723,0.9904510420806986,9.727497537254961e-06,0.00021127619377101861
152,4.572582842760991e-05,0.013687190724975014,0.9859443396079567,1.6584719381893802e-05,0.0003061591192589236
153,9.156714834886841e-05,0.021599275043366284,0.9779958882997167,2.239144217315224e-05,0.0002908780663950935
154,0.00036479181633729366,0.0390160273821939,0.9600858890460944,4.053199917769748e-05,0.0004927597561966927
155,0.000501785192412964,0.05448339855561235,0.9442534433145849,4.3066956099221107e-05,0.0007183059812905164
156,0.003107267192560601,0.8292267214574847,0.16339794301287736,0.00048778645145800676,0.0037802818856195104
157,0.0004990300511033402,0.6186204914486059,0.3788537597175889,0.00011002086196246663,0.0019166979207395252
158,0.00039123577910844787,0.28447403214766953,0.7139780500221399,7.505684181766074e-05,0.001081625209264444
159,0.00055490404311316,0.3279697637631435,0.6698486254534906,0.0001300312477901781,0.0014966754924626352
160,0.000357258117239714,0.14974353744510954,0.8490757719692377,5.045018140945413e-05,0.0007729822870035863
161,0.0004277474776212144,0.21618806729761245,0.7817091589475765,0.00011127569773842148,0.0015637505794514508
162,0.0004087209789898184,0.21303143406727384,0.785232289529805,0.0001804657951623345,0.001147089628769091
163,0.0003532088793088645,0.06694332010297835,0.9317516929810634,6.345129674846468e-05,0.000888326739900787
164,0.00024243796065689826,0.07134437692860106,0.9274366138597026,9.502824327139051e-05,0.0008815430077680244
165,0.0003843839753282111,0.09316347697448796,0.9053666457017794,0.0001673818936219939,0.0009181114547824446
166,0.00047534552119362765,0.08787653096880088,0.9099746727682811,0.00024069083556415996,0.0014327599061600587
167,0.021624880292189053,0.1620203021391776,0.7356361229920723,0.0016470678058957738,0.07907162677066533
168,0.12461730068120415,0.5382211308842582,0.1818405134012833,0.0022501732466152944,0.15307088178663894
169,0.04464703570536157,0.8191117731235864,0.12499376852606466,0.0005519540021414394,0.010695468642846054
170,0.013934278376001625,0.8724862440004475,0.10934272599209162,0.00043887274610251406,0.0037978788853565842
171,0.008653535060237309,0.3492517889949868,0.6381828413855961,0.0015975308686183992,0.002314303690561444
172,0.0014511579490285409,0.44403949623860867,0.5467206117373912,0.005195119602635735,0.0025936144723357974
173,0.0015943510717310338,0.4229446415794987,0.5488607124947529,0.023893836975351083,0.002706457878666187
174,0.005870628076859615,0.6695326120370246,0.2720623604338018,0.03643398743853939,0.016100412013774476
175,0.014065930952788033,0.6101453589750305,0.25898239074316615,0.10380699640087244,0.012999322928142857
176,0.011963831188957745,0.9044079186020465,0.023333994709314895,0.05351759508269659,0.006776660416984034
177,0.019189260721325586,0.6578764591154586,0.0023052666014671454,0.3082666227470148,0.012362390814733807
178,0.01836326393249114,0.1512516127191962,0.0001480002894729841,0.8235693140604285,0.0066678089984110326
179,0.015518003603803256,0.08348108700824211,7.657855749810475e-05,0.8897341291520509,0.011190201678405643
180,0.040300416769768865,0.08965377346086124,4.987568378766813e-05,0.8603321043678333,0.009663829717749008
181,0.05700019559520428,0.24710471534937736,0.00020166225162570822,0.6804746555986225,0.015218771205170211
182,0.05511888961769097,0.12230956684021209,3.590023891375105e-05,0.8060807392412495,0.016454904061933714
183,0.041576067208748076,0.09769990339572333,5.887780396839852e-05,0.8480561500571512,0.012609001534409017
184,0.06736895984066815,0.09823381091240395,8.325955016515354e-05,0.8240313086152632,0.010282661081499583
185,0.06450216948483185,0.06112367716631229,0.00018163589406913422,0.8634612620996492,0.01073125535513753
186,0.03823163522813341,0.04561586736335656,5.471193241148165e-05,0.9083855231949887,0.0077122622811098916
187,0.055171705673766405,0.5153195378142106,0.00037897536230821716,0.3957281830352227,0.033401598114492156
188,0.0722987378500787,0.10354986915118043,5.073938073971721e-05,0.8015960652640051,0.022504588353995988
189,0.09735077410458706,0.2863726850045951,0.00018467643407498547,0.6033516698111089,0.012740194645633952
190,0.21510916173418376,0.34042138043445735,0.0012595529020852226,0.10241448575482583,0.34079541917444783
191,0.37753183989945066,0.47151072740532923,0.00023614920761424863,0.06656610067689189,0.0841551828107139
192,0.09153210260833693,0.8414816059149939,0.01012074955595603,0.04116446692106048,0.015701074999652734
193,0.10819226606456939,0.6800303736974745,0.043695039573629225,0.04337001830048987,0.12471230236383687
194,0.08142450601126498,0.47679822778255543,0.0013964953761855204,0.4062745377820407,0.034106233047953266
195,0.03596774073466923,0.517603385718587,0.007489565344649279,0.4209696176227288,0.017969690579365705
196,0.011751874125354916,0.22517483560780716,0.00030563388701536066,0.7519425702117448,0.010825086168077857
197,0.0059734064719558526,0.037353337698166185,5.645387753482483e-05,0.954106020401767,0.0025107815505760927
198,0.004623026018616335,0.058086783191430263,4.4873357772969374e-05,0.9348006381410322,0.0024446792911481806
199,0.010882434028230246,0.013709112862669513,1.876932996370122e-05,0.9721640505160141,0.0032256332631225497
200,0.019198660332912062,0.03085831306413015,1.9718146933930406e-05,0.9458011198034272,0.004122188652596796
201,0.026592876378503865,0.04955533727876468,2.9198939822951397e-05,0.9202559175411007,0.0035666698618076866
202,0.057200061949721714,0.025016617981030005,4.309173786802765e-05,0.9080195480929188,0.009720680238461525
203,0.112496346727978,0.2734126849643459,0.00016191885354171232,0.590090405813776,0.023838643640358374
204,0.18053402995732737,0.1021891252268669,6.563499519608175e-05,0.702688575142864,0.0145226346777457
205,0.19687179049496623,0.3688523568442192,0.00015764850889113684,0.4153598639295383,0.01875834022238529
206,0.2909134816393694,0.27584585634624015,0.00027152256778487403,0.41562793850249224,0.017341200944113195
207,0.2334131532823155,0.42419649926005537,0.001476216427828859,0.20718603951900566,0.13372809151079476
208,0.30943760671344595,0.43515893097425484,0.0003373554257983606,0.16250612468140083,0.09255998220509999
209,0.026426484174255513,0.9196585578586803,0.015127916106804248,0.023108437855969038,0.015678604004290622
210,0.0634926128997458,0.9017297016178356,0.0014892502857418192,0.015780339519574735,0.017508095677101997
211,0.07152361365093633,0.8984580525183989,0.00024407758465374492,0.01440321390373606,0.015371042342274769
212,0.028158631000006054,0.9458698697455931,0.00016571384694865333,0.016759509494076664,0.009046275913375576
213,0.02933513949402586,0.9602086311734115,0.0010283381601488694,0.003646826580900959,0.005781064591512806
214,0.02913388971718419,0.9432681164498581,0.0060387867187059446,0.004810579867505281,0.01674862724674638
215,0.0716848182375947,0.8798744586248103,0.0016999660621879555,0.014303622139203944,0.03243713493620324
216,0.010645441569784253,0.9763106704851353,0.005974080810815794,0.0017473725486969248,0.005322434585567639
217,0.03297975642710609,0.7715405984299705,0.0672904873533353,0.0014375204188766314,0.12675163737071157
218,0.03270496102654515,0.03897995294080447,0.0012705240613260882,0.0009269909414974135,0.9261175710298268
219,0.15422947534671047,0.5297349451401792,0.0017975651924535074,0.001963949473333177,0.3122740648473237
220,0.2091630532623278,0.3370865692500539,0.004551695672690582,0.0011098779194004139,0.4480888038955273
221,0.16264545007715772,0.7755476451321934,0.0015842939601329725,0.0005359413051503166,0.059686669525365374
222,0.08849202902344179,0.895738462983089,0.00047128596168984625,0.0014414736897670063,0.01385674834201244
223,0.03330230571484687,0.9321871104600952,0.010381625958748749,0.0017567460190871583,0.02237221184722198
224,0.007085279148580684,0.9807363654680528,0.006427051748165468,0.0009707951959115689,0.00478050843928947
225,0.017600915805951863,0.973593048629653,0.0014645213445556758,0.0037908872455438007,0.0035506269742954038
226,0.007930094179015868,0.9771919979189764,0.010130777629413282,0.002009437645614278,0.0027376926269799995
227,0.00460791512896099,0.9627955182006893,0.025673377797048307,0.0010929719375895523,0.005830216935711877
228,0.006520591664338604,0.9724911058260358,0.01750982163480489,0.001424171222338886,0.0020543096524817898
229,0.02046516827487144,0.7490684767400996,0.22275868980961439,0.0018522956372344717,0.005855369538180235
230,0.005704031293545497,0.8721644764879714,0.11793165004718387,0.0008639928969157204,0.0033358492743835962
231,0.014115225586432653,0.9394682920677043,0.04144386818446029,0.0018885474515718096,0.00308406670983088
232,0.006747429615158869,0.8001448226012086,0.18945175168118034,0.001593102472187761,0.002062893630264371
233,0.004666434227506467,0.9219208612184009,0.07062756124142566,0.0008777705308139802,0.0019073727818530136
234,0.0015704384446175179,0.6993094581319612,0.2963994364357959,0.00032253426450063415,0.002398132723124764
235,0.0016370658101265887,0.5393264364301269,0.4525696891280871,0.0004101298113561129,0.006056678820303289
236,0.0013310127577781591,0.2922081236146223,0.703946948658216,0.00028023478108636407,0.0022336801882971748
237,0.00119933339307394,0.33638455790311655,0.6604976362775499,0.00037315390563255705,0.0015453185206270434
238,0.0012642333515214474,0.22874966965105262,0.7673804570094257,0.00048584304316944704,0.0021197969448307923
239,0.0019693638332392476,0.2952278567060175,0.6945850123730407,0.0019102700674528165,0.00630749702024963
240,0.04282995462112008,0.3509985652219917,0.3069057466988951,0.010311152597981172,0.28895458086001197
241,0.057905389312820146,0.03283129296924084,0.002031429640504974,0.006933635822032334,0.9002982522554017
242,0.1570797148339775,0.2771290518945946,0.013547188518169818,0.0020184364616608534,0.5502256082915973
243,0.2205964041566923,0.7004584843507046,0.005132507228858118,0.004772681099630962,0.0690399231641141
244,0.12410847515002624,0.8096842927022707,0.028534261356078186,0.002058791602377091,0.03561417918924762
245,0.1063394089324724,0.1516635615999839,0.01629503193539376,0.005478067789707087,0.7202239297424429
246,0.0790652650508797,0.8762553314421948,0.00967049839230351,0.007279713407970038,0.02772919170665189
247,0.02247867053036512,0.9212743868991097,0.04489971161034483,0.002809900488222717,0.008537330471957776
248,0.11281751295226485,0.8745323832899914,0.006285670569392223,0.0022276532205458095,0.004136779967805788
249,0.005434028668583045,0.9424770617471881,0.04554800899716484,0.004436200236895786,0.002104700350168137
250,0.005715664118380269,0.9655373246338509,0.022480914688044754,0.004885301391638783,0.0013807951680851712
251,0.006103879150984803,0.5314295389578807,0.4562174464465989,0.0009412374953179705,0.005307897949217687
252,0.005467447698354532,0.5605534187506099,0.42431994190030364,0.0029229678363344403,0.006736223814397232
253,0.013785567297525654,0.9663776082380466,0.014650870644354972,0.0022733030990994443,0.0029126507209735605
254,0.010914032029717,0.9677343833384419,0.017909979460803676,0.0010661351547709855,0.0023754700162665534
255,0.010239985054197886,0.9726753935054302,0.012974886957180014,0.0017030881002110378,0.0024066463829810407
256,0.003687888882703979,0.7527215912657759,0.24050910296202607,0.0007999886163565174,0.0022814282731376235
257,0.0021125460124066654,0.46264159636806407,0.5340333123775899,0.00031513808528663075,0.0008974071566526901
258,0.002020641072857699,0.9014155666058162,0.09380723617907531,0.0012284184856213023,0.0015281376566293617
259,0.0019601879857513013,0.8362627800902729,0.1585201999390453,0.0006934492924542152,0.00256338269247607
260,0.0013994260606135013,0.6306517017510377,0.3653364997184666,0.0009060209871100479,0.0017063514827721491
261,0.0010910123076359399,0.8577660731832947,0.13952431531560502,0.0005039864482576634,0.0011146127452065571
262,0.0009680055631931544,0.6927848621223441,0.30338229105075315,0.00046467191284778136,0.0024001693508618406
263,0.00042181729156584856,0.24340513424285623,0.7554169926801653,0.00018310298420636485,0.0005729528012063632
264,0.0004884428123674553,0.5784608555788222,0.4195374918454113,0.00029692458015499377,0.0012162851832440685
265,0.0008181513945886585,0.30174514796212254,0.6952992876291807,0.0003040808775565659,0.0018333321365515442
266,0.0016019984798259952,0.40276406225614436,0.5930003181257113,0.00047398925374469975,0.0021596318845735923
267,0.00047834326313572664,0.25511559617202506,0.7432081326965987,0.00023449411310664622,0.0009634337551339364
268,0.0035484223099783363,0.30368132293597544,0.6844324356045839,0.0016830436617495184,0.00665477548771286
269,0.0026105121385419663,0.19058300388146612,0.8014750883539915,0.0006932381756952805,0.004638157450305041
270,0.00548467796805539,0.4752418942137058,0.507377023888749,0.002096597665981497,0.00979980626350839
271,0.009510479667352028,0.8184838772411421,0.16679850627673207,0.0015239206215908114,0.0036832161931827758
272,0.002103580334796232,0.22812701703951765,0.7676140674084752,0.0008370316686449142,0.0013183035485659594
273,0.00333700910716572,0.49352170510856236,0.49866133205709645,0.0012610141032611396,0.003218939623914344
274,0.002311499281436332,0.7122466330169871,0.28076874765389365,0.0016627946665231845,0.0030103253811598093
275,0.002661570429814391,0.7402731429658934,0.2499190562543677,0.002389857181192018,0.0047563731687323306
276,0.019416527680203327,0.7284507408739909,0.16955540967376911,0.0015297007946065758,0.08104762097743022
277,0.02942810599741843,0.0759576050635663,0.016229302263171878,0.0023393149455226163,0.8760456717303208
278,0.10304051577614562,0.7421232480060751,0.03221586323882668,0.014342188672087496,0.10827818430686485
279,0.08768254205697226,0.10829204170038241,0.004569730806030947,0.007934103685235575,0.7915215817513788
280,0.15643117271571408,0.7131898074684826,0.003719552471134808,0.008585323101481034,0.11807414424318742
281,0.2783152739523654,0.6541171988572014,0.0011557046927640775,0.034978883332418206,0.03143293916525086
282,0.17734999573529178,0.6535963254169324,0.02057377633704921,0.0053269838610311695,0.14315291864969548
283,0.09072451890293912,0.8116270417369595,0.0407036459180993,0.005931621426315409,0.05101317201568656
284,0.04175611697026279,0.8907704068914594,0.03401700646741092,0.004521310937143239,0.028935158733723626
285,0.026159391580661474,0.93509695976374,0.024355279868733246,0.003808570196440014,0.010579798590425162
286,0.025238431742374612,0.955637363543163,0.0036534406334879674,0.007801615263913197,0.00766914881706112
287,0.0366633383243443,0.9257822488786874,0.014045749052854056,0.015055607331482566,0.008453056412631646
288,0.010463115678216015,0.9483358680827075,0.03315992762543918,0.0035635228317019486,0.004477565781935241
289,0.004695115169753239,0.6579901021300564,0.32638695497996556,0.0010044156525804355,0.009923412067644258
290,0.008934724835119097,0.8738973925368275,0.06848070320935747,0.001714881205716309,0.046972298212979685
291,0.01816627795085292,0.20846560407468775,0.022359324452731724,0.002717924830080288,0.7482908686916472
292,0.10081986355793876,0.515780438029073,0.005343355269116859,0.004221148616797858,0.3738351945270734
293,0.2031284270804443,0.6417236755691414,0.004137960382771077,0.005262352681994317,0.1457475842856488
294,0.34816176919982594,0.5780387236443119,0.0023207261136954094,0.005507580189962307,0.06597120085220437
295,0.2959625932647651,0.39127403267780675,0.02544463724227639,0.009302114090416024,0.27801662272473576
296,0.14195522772373145,0.19679560866022883,0.004853339791761995,0.002113195257370738,0.654282628566907
297,0.08607954396591223,0.8505050572650268,0.010302895833034828,0.0019961694131321018,0.05111633352289399
298,0.05456294898232212,0.8836412963816218,0.020491938806029477,0.004228706646861531,0.037075109183165256
299,0.0225781089949787,0.9296564120976201,0.0326599418086556,0.0027655510922360723,0.012339986006509441
300,0.012052637475407198,0.9609665675898791,0.011951026787143562,0.009957410904990135,0.005072357242579711
301,0.018284415039133254,0.7490608647239894,0.18304477365006624,0.0036000005735186123,0.0460099460132925
302,0.049578371918563686,0.4819302511483528,0.26673951560541015,0.007837228386440341,0.1939146329412331
303,0.06052584587869429,0.762331889732326,0.04666519548932366,0.0037100264995302674,0.1267670424001259
304,0.0832090480636495,0.3880062631198104,0.027242364239857705,0.0019179870688325095,0.4996243375078499
305,0.1411624040748266,0.5688874800072397,0.00612707830749371,0.001991535701900559,0.28183150190853956
306,0.043194733637885924,0.7166143415177977,0.18175867707926383,0.0011630020470817686,0.0572692457179709
307,0.16321353635755667,0.7169351273025368,0.026492243499586163,0.004890531977418931,0.08846856086290139
308,0.027485159959158675,0.7348963813018716,0.21826432530856874,0.0021636948601177403,0.01719043857028323
309,0.1127319308658082,0.7541421451461316,0.009735115319249288,0.008089173073508132,0.11530163559530274
310,0.036042316670027885,0.7292207000967584,0.19245251108210532,0.0023938488862437937,0.0398906232648646
311,0.01890285420224487,0.9514471167069571,0.019398195227318612,0.002469700862000839,0.0077821330014787955
312,0.08916361151981143,0.5752253229774531,0.03664370260618818,0.006107881051349664,0.2928594818451977
313,0.14817909277831848,0.25940103707458634,0.001859847895363839,0.003972161276320257,0.586587860975411
314,0.07606607261904262,0.8978718445675524,0.004850576696124746,0.0015189831402785832,0.019692522977001654
315,0.21891059558629727,0.760437723087558,0.000548155911711444,0.001248032263517494,0.01885549315091588
316,0.10420475778760735,0.7330824002958917,0.11831170772598326,0.0022305883707539526,0.042170545819763795
317,0.06113908479066125,0.8683380764542198,0.015159078670471275,0.011811812056670038,0.043551948027977606
318,0.04640577637457919,0.8980854766109014,0.032469040921373704,0.0109759680178746,0.012063738075271089
319,0.14073876059773335,0.7426781706647398,0.046640716333549145,0.02139522460785304,0.048547127796124655
320,0.1482160905553623,0.7544762435709869,0.0445920783396007,0.014190758033079714,0.038524829500970435
321,0.15996362555097182,0.7416922265640863,0.06854846991223393,0.003523984741794976,0.026271693230912985
322,0.10779309038369989,0.8678630594851343,0.013802624831079295,0.0034809605979216006,0.0070602647021647666
323,0.08265730925534259,0.8545605121432726,0.04727443796718546,0.005654149356699901,0.009853591277499414
324,0.02764550163441183,0.7346193159044728,0.22226783534736214,0.00373222532221764,0.011735121791535633
325,0.033194839347752574,0.9059047830065854,0.05335350641270484,0.003373777595049828,0.004173093637907449
326,0.004068679528232891,0.4066231841675471,0.5847451279511898,0.0018210573964124257,0.002741950956617792
327,0.02063014774761158,0.854169326101886,0.1141337446624496,0.005975414584509414,0.005091366903543299
328,0.008454142711289534,0.7854269020729218,0.19125003744678395,0.00598952977336371,0.008879387995641003
329,0.0043888275030741185,0.5452226474015301,0.4452456892050973,0.0022949858920413317,0.0028478499982573357
330,0.0032617337677747172,0.5772119721367236,0.41579635067132553,0.0018425939662214564,0.0018873494579545068
331,0.003563407975417391,0.5099678195701962,0.4797097931785964,0.0025160276406083694,0.004242951635181589
332,0.0016656426621078407,0.7967850500875842,0.1980956347201605,0.0016035238386004362,0.0018501486915469504
333,0.0015871060817440185,0.8839986381388835,0.10971586135749246,0.0020021633360385108,0.0026962310858416193
334,0.0030371891491051024,0.27860113794583063,0.7135831067440648,0.001868196167748643,0.0029103699932507706
335,0.0030376010821232214,0.4050174025488926,0.5821608314255323,0.0032515602028769315,0.006532604740574931
336,0.014526125155810978,0.9342899789809136,0.04070411997075912,0.006272146421059596,0.00420762947145687
337,0.03747805417678358,0.5336771075534954,0.39197295262238224,0.004749258885191756,0.03212262676214715
338,0.04485166260902597,0.6906761970361649,0.08053777981329177,0.0024975304494484056,0.18143683009206882
339,0.029737296217728304,0.9210236652215359,0.028875772731600767,0.0007239589780677519,0.019639306851067573
340,0.028201219711544837,0.9061488978502991,0.0562686398730703,0.0009688907558785749,0.008412351809207179
341,0.015234809880643626,0.9378292270890399,0.03329688263216625,0.0007916410343736518,0.01284743936377637
342,0.006274522604644741,0.972083398997801,0.018260471475881508,0.0008570040040784602,0.0025246029175940514
343,0.0038361744406900326,0.7733929572752529,0.21952640466163292,0.0011554833155448284,0.0020889803068792536
344,0.00894273931116938,0.9444373737493744,0.040843456057167396,0.0024343932462632485,0.0033420376360254554
345,0.021600462093613687,0.9213829201483252,0.04575367389843447,0.004475463745484041,0.006787480114142715
346,0.018658980775638417,0.8463845893746949,0.12258706397735154,0.005072310946678108,0.0072970549256370755
347,0.0051402215843970095,0.4503804048935496,0.5360824324543506,0.004396181987057088,0.00400075908064576
348,0.007888713745025231,0.6786605261978033,0.2991451375177807,0.011175600912680517,0.003130021626710377
349,0.028838319308204442,0.6024031374038098,0.3191244161950862,0.02525799882296519,0.024376128269934415
350,0.011901406948818683,0.8228892285722544,0.14441500011393774,0.014266101535792225,0.0065282628291970235
351,0.03299025419347022,0.8247767514040065,0.11069310637212125,0.0153366432226126,0.016203244807789372
352,0.08919081478750883,0.6172947920847669,0.20209058592733972,0.012210270709167515,0.07921353649121705
353,0.02301137238139269,0.7529184696586899,0.20852937727469925,0.006584546235060225,0.008956234450157977
354,0.0455596837761946,0.8621131256272149,0.08364420181061628,0.003885716675469139,0.004797272110504923
355,0.020055611406931434,0.8483768882686705,0.1209202216109311,0.007442156430919715,0.003205122282547239
356,0.012206798856641634,0.7690722684505447,0.19679141809129921,0.01888552000566983,0.0030439945958445455
357,0.010428605413532636,0.31761750981925646,0.6617790613299764,0.006193849636750469,0.003980973800484068
358,0.005050637459529698,0.26024709102566945,0.7267942387413324,0.004559642210916903,0.0033483905625516603
359,0.11042911443774947,0.7185932798555,0.08716089807831667,0.048923338694901404,0.034893368933532384
360,0.0985921940521486,0.604974040874,0.24681782930409413,0.028635943055156685,0.020979992714600652
361,0.11548219920196841,0.7635289831058087,0.052551990236363665,0.013858830620725762,0.05457799683513353
362,0.47306757818435924,0.3882801513417229,0.003204309540443642,0.029269602555203843,0.10617835837827036
363,0.09668632793464892,0.7740376603131128,0.107197638423187,0.003807986019014898,0.0182703873100364
364,0.09144703492455752,0.8362914261459905,0.051503893088752487,0.0030768031016495134,0.01768084273905004
365,0.1938171948526756,0.7505659765379632,0.022029338040283862,0.013656607189761466,0.019930883379316106
366,0.0195260076870137,0.8703673081001905,0.09946059736760023,0.007120512452500169,0.0035255743926955263
367,0.011518769304089741,0.9661594290084651,0.014875550339302813,0.004512522470971239,0.0029337288771712315
368,0.009640464023264742,0.9600089595193426,0.01983571375570499,0.007238991857264174,0.00327587084442366
369,0.01230591479351897,0.9588886190495101,0.013788777801809982,0.010372392125725778,0.004644296229435215
370,0.01896409325164263,0.9057140179091534,0.04199633557087008,0.018336168622311525,0.01498938464602235
371,0.035365850293842586,0.9257859489286298,0.01798477237161505,0.014018067202459942,0.006845361203452708
372,0.04900736097858496,0.8856648470852275,0.006047801378491709,0.0500904486457636,0.00918954191193208
373,0.0479842134943619,0.8742688397936894,0.009016192257130524,0.04755206390209463,0.021178690552723655
