epoch,N1,N2,N3,R,W
0,0.005742576915171568,0.00023030087960414138,1.0150784904070698e-05,8.728306357596028e-05,0.9939296883567442
1,0.0036185999064740383,0.00020026719779045566,0.0001577966598917309,7.505142527877438e-05,0.9959482848105651
2,0.007642960284309312,0.0007071549675260835,5.130008624996805e-05,5.049590946691991e-05,0.9915480887524478
3,0.0099615166075048,0.00102335407107556,1.543985531465224e-05,6.126842669895706e-05,0.9889384210394061
4,0.010375330837110492,0.000947791819920877,5.167981327824768e-06,5.706491968651198e-05,0.9886146444419543
5,0.0019694504479868167,0.00021137801917682156,1.6333823736529614e-05,4.0869400099421006e-05,0.9977619683090003
6,0.010898202592648934,0.0008268583961540754,0.00016226426529431857,7.308925563439851e-05,0.9880395854902683
7,0.007811737634706932,0.0004428240452791841,4.579802622921668e-05,2.539896825073085e-05,0.991674241325534
8,0.020627098150659533,0.0018326300215114237,2.9864928268470504e-05,6.670342574035549e-05,0.9774437034738203
9,0.06082010002408583,0.0030150721609449433,7.637916525202747e-06,0.000266822365113531,0.9358903675333304
10,0.07910612959773608,0.008891153156403247,0.00017302205637125431,0.00048694365205344226,0.9113427515374359
11,0.051322377744475275,0.0061173847052782395,8.509771904610437e-05,0.0006386881442777346,0.9418364516869228
12,0.07463770732103986,0.002212483877562019,7.801317177884536e-06,0.0015540706309448962,0.9215879368532753
13,0.005750601623959897,0.0003492251875632432,1.738443857374559e-05,6.733376405826936e-05,0.9938154549858448
14,0.18543559580613814,0.010470518517869227,4.167008736198869e-05,0.0017802277330757539,0.8022719878555549
15,0.0057554605985231854,0.0007385480844647521,0.00012474687434426606,0.0001158689778918423,0.9932653754647759
16,0.012539127620053967,0.000673699385136932,1.335773356518841e-05,0.00010354743069249929,0.9866702678305515
17,0.013372171817426098,0.0007430789542378763,4.1305220370925255e-05,9.004866847326404e-05,0.9857533953394918
18,0.07844154904949283,0.009367738297297975,0.000214439595825008,0.0005324657003860977,0.9114438073569981
19,0.26222726684071057,0.036488935661773476,0.0054785285722624266,0.004129484335973648,0.6916757845892799
20,0.4661481032359894,0.0228268585463992,0.0005763464118137951,0.11349860536320402,0.39695008644259344
21,0.39204589096855286,0.06267967924799707,0.0010195938959681873,0.15889444424395108,0.3853603916435308
22,0.1784880880000509,0.07032271037265235,0.0018521212036420192,0.10398255891536876,0.645354521508286
23,0.09333698532318238,0.009853783696056637,0.0004808031010791671,0.06522464699913993,0.8311037808805419
24,0.201822621802888,0.030673588524045392,0.0016039382243324346,0.16621822799428623,0.5996816234544479
25,0.0527987358760892,0.010059408669509383,0.0004411692761519075,0.08329229450588618,0.8534083916723634
26,0.02272226927282984,0.009022218759616634,0.0006826080714224781,0.07586836030652358,0.8917045435896075
27,0.06139350512207107,0.030763675495356402,0.00045555099577255435,0.2594637248231798,0.6479235435636203
28,0.05890468406327325,0.02568032915297344,0.001954510941281385,0.08713205688197181,0.8263284189605
29,0.01440880233748005,0.006216264851980062,0.000233521799348155,0.08298129839530721,0.8961601126158845
30,0.013430844791680965,0.008935534560313985,7.191602502350561e-05,0.07264199128592234,0.9049197133370592
31,0.030898929727302852,0.002994336139416878,0.00022586848506802215,0.054400461396328766,0.9114804042518835
32,0.03378904212574242,0.008095753689152586,0.00028884430579174703,0.06724213277857952,0.8905842271007338
33,0.04984904139369955,0.005515724398115073,0.0002792929526961462,0.024907761076088115,0.919448180179401
34,0.015083481922331022,0.0020673644254408743,0.0006728757724411647,0.004634718471996466,0.9775415594077905
35,0.09036325319230003,0.003597946448632998,0.0014518362543854133,0.003567132953914133,0.9010198311507674
36,0.010200170531445282,0.0026751984568274827,0.00022851964244670084,0.002405473350100501,0.9844906380191799
37,0.02370091092886795,0.0021448791946462203,0.00016032532985163692,0.002891140699936721,0.9711027438466975
38,0.052753602258506754,0.00352606535021944,5.1726470220988075e-05,0.0037012898256855928,0.9399673160953673
39,0.004259282530952269,0.00017804218239409977,0.00015212520338696094,2.3813733098258674e-05,0.9953867363501685
40,0.005929615429446717,0.00010654755586524894,4.119465941207004e-05,1.3490299655237746e-05,0.9939091520556207
41,0.0328305208560436,0.00036585315325555454,3.2287345079224244e-06,5.40504728666703e-05,0.9667463467833264
42,0.05424850708033457,0.00030143432668198854,2.5357508078885027e-06,0.0002440636418827163,0.9452034592002929
43,0.027953790641025118,0.0005560187479241249,3.651846320488665e-06,0.0006615246884789837,0.9708250140762512
44,0.1518291772092631,0.002175442797437484,2.571453000647857e-06,0.0005867024027601564,0.8454061061375387
45,0.12676948069302169,0.003456626867849125,1.3435588886618498e-05,0.0008475748891222199,0.8689128819611205
46,0.007798144569652755,0.0008037991239198346,0.00013769815515629722,5.8224760656351325e-05,0.9912021333906147
47,0.1953242328885702,0.003260221253751521,5.633959080181929e-05,0.001509872612787539,0.799849333654089
48,0.8026253784055133,0.016486913333244903,0.00019077634424904244,0.006603392059530543,0.17409353985746231
49,0.6707486502982531,0.028673622527320808,0.00019064919942173402,0.022222202180436808,0.27816487579456745
50,0.7331490776660291,0.10929420196445358,0.0002831027750697264,0.024162677862036158,0.1331109397324115
51,0.7652982869635152,0.09530459303085088,0.0001437777529861583,0.06475911337555726,0.07449422887709042
52,0.5251674405905514,0.24358803014688407,0.0002881755712749991,0.1617908567328601,0.06916549695842933
53,0.32563944198109823,0.5229717663246831,0.001714788644961698,0.07532478418923631,0.07434921886002067
54,0.2758907123893873,0.6358868559091594,0.006269019126117649,0.04205026404528737,0.03990314853004821
55,0.36300867881584176,0.38288932200145864,0.0029862404583514694,0.1970988319071199,0.054016926817228396
56,0.20343011498239028,0.710414347936879,0.015658200225315673,0.03449363958894309,0.036003697266471964
57,0.2942267913774416,0.6577492650838578,0.007102099509694236,0.01582099572798887,0.025100848301017404
58,0.03679737382762924,0.9306754653836334,0.026734713910921297,0.0020289245703012902,0.0037635223075147203
59,0.01263183982431994,0.9005972656674183,0.08306853901223732,0.0008233607137447555,0.002878994782279726
60,0.015212603382797112,0.9664793388487969,0.013716565826698552,0.0012845192442630887,0.003306972697444497
61,0.012877852441393728,0.9341532156872816,0.0479962448340334,0.0008502922603332814,0.004122394776957752
62,0.013524030383897857,0.9379737186597586,0.04405230258113928,0.0008178457206709063,0.003632102654533643
63,0.016139671588925496,0.9752737825485658,0.005007942047161611,0.001633037616414783,0.0019455661989323373
64,0.013912796518282946,0.9510181635467069,0.03169933524184441,0.0007363689800675572,0.0026333357130983604
65,0.027151018955236896,0.9230829927081812,0.03620240081487873,0.0008905582178304829,0.01267302930387279
66,0.10593149904443849,0.8228440390877223,0.011589250305123115,0.0013038100173075517,0.058331401545408786
67,0.027073167343595193,0.8101540266035114,0.1566747142628099,0.00038110125282790695,0.0057169905372554735
68,0.06529228781155517,0.8562310548537025,0.04008138233901974,0.00037498100978363926,0.03802029398593878
69,0.14617667585635735,0.8372030934525843,0.008610204152648154,0.0003647846687271897,0.007645241869683141
70,0.03079409734794386,0.8823354632113065,0.08307464732140693,0.00013491952465220027,0.003660872594690392
71,0.0057154295795757495,0.90732899772173,0.08436332258351646,9.02280897490532e-05,0.0025020220254287576
72,0.00569727421469476,0.8826252310227358,0.10946165801104002,0.00010972366351770994,0.002106113088011501
73,0.003416799960237433,0.7674641350225067,0.22477761136610958,0.00012171957517499286,0.004219734075971413
74,0.004779712725054086,0.704408164494587,0.2882012843489041,0.000137256745555671,0.0024735816858992513
75,0.009439555268355665,0.7910995959130823,0.19659431004461947,0.00037073914765557546,0.0024957996262870894
76,0.0030496879498404014,0.3907315832386064,0.6044685700198573,0.00020347272264859104,0.001546686069047298
77,0.0014910456032418908,0.3718578001661397,0.6255369794265747,5.0312753277172994e-05,0.0010638620507666023
78,0.0044302099544629775,0.44057786241102603,0.5479982505221075,0.0003184660703995403,0.006675211042004008
79,0.001853981471579123,0.23908531362438015,0.7574065511203746,5.409460311748327e-05,0.0016000591805485694
80,0.0015893248022733847,0.13881678986835078,0.8581007019792857,9.979400682811608e-05,0.001393389343262163
81,0.0007441822515587216,0.11991843059787308,0.8781001423077797,4.3432932823375815e-05,0.0011938119099652378
82,0.000501170196575426,0.08329862172448783,0.9153707632112027,2.8903827759725904e-05,0.0008005410399745208
83,0.0005189298276445115,0.09215047874447457,0.9063275973351308,3.417558380480789e-05,0.0009688185089452035
84,0.00038857831644585817,0.04243665775079708,0.9562609029336857,1.872877602764913e-05,0.0008951322230438274
85,0.00013757244692313086,0.027476176630093763,0.9719786331797017,8.607734349048647e-06,0.00039901000893255006
86,0.0005397894974020526,0.03611461569137925,0.9626865279103799,1.1168226958960091e-05,0.0006478986738796407
87,0.0003023721792313943,0.03158879335441819,0.9671814316566528,1.5693608277284994e-05,0.0009117092014203992
88,0.0001739357822740387,0.03270615924598189,0.9664523756006606,7.695390941945681e-06,0.000659833980141475
89,0.0001327628947529212,0.024559384070777925,0.9749051998665182,6.7312143420415865e-06,0.0003959219536088668
90,9.174763108265014e-05,0.023560156440921392,0.9758166717181282,4.413791899876268e-06,0.0005270104179678247
91,6.775679397940262e-05,0.015271713221628737,0.9843392650738402,4.91146411453199e-06,0.0003163534464372864
92,6.7383924828967e-05,0.01214398441053389,0.9873673079595947,8.635282003709892e-06,0.0004126884230387278
93,5.735861804906099e-05,0.013816039634561685,0.9857328000849688,7.845964256089733e-06,0.0003859556981645415
94,4.799213651295568e-05,0.01235158389011227,0.9872721507821455,6.425471691638919e-06,0.00032184771953773543
95,9.283112551895342e-05,0.025162008253023744,0.974225937637397,6.923837331961632e-06,0.0005122991467282345
96,3.558879441419249e-05,0.010474908378616806,0.9891744181475254,4.0233523595658705e-06,0.0003110613270840252
97,4.780954420317062e-05,0.01336488504357576,0.9862615058824767,4.17258724765321e-06,0.0003216269424967123
98,2.6995527300336795e-05,0.005343401379090333,0.9944157495089111,2.5432970925243484e-06,0.00021131028760583927
99,3.544955190209483e-05,0.012242247257595134,0.9874861285359482,3.8118700168651556e-06,0.00023236278453768938
100,2.543914345424395e-05,0.005932059979792245,0.9938960858994538,2.825584141979425e-06,0.00014358939315785627
101,5.810163032180895e-05,0.003533766143215222,0.9960869218855851,3.49949952357925e-06,0.00031771084135408804
102,4.0159877986136484e-05,0.011224877560652062,0.9884906246934679,3.395866578021564e-06,0.0002409420013159678
103,0.0001311953201252855,0.017396520382715146,0.9821320975685449,7.230215670487067e-06,0.0003329565129442745
104,0.00010419629332542438,0.014259077725336418,0.9852439053116543,4.662789823228e-06,0.00038815787986056085
105,0.00020808578527872705,0.022234214526358993,0.9772213655570863,8.840888375871312e-06,0.0003274932429001533
106,6.124034324257815e-05,0.011381481391264757,0.9883205494328942,3.4084638322791526e-06,0.0002333203687660201
107,0.00011551019550839765,0.014274809383826293,0.9852858328727983,4.177522151518944e-06,0.000319670025715619
108,3.8843961515242914e-05,0.006946016652314699,0.9928654203222791,1.6525040757489907e-06,0.0001480665598152514
109,2.6756537677693404e-05,0.0043332066768953575,0.9955133499421703,1.559260840471856e-06,0.00012512758241614938
110,2.5712263597295945e-05,0.0029826252808915817,0.9968892529907544,8.097513974886715e-07,0.00010159971335935608
111,2.9468121638985315e-05,0.0015268639041071648,0.9982473602935098,6.824125689969531e-07,0.000195625268175052
112,1.5166616975551054e-05,0.001574606481383201,0.9982839327067452,6.415093942043394e-07,0.00012565268550189326
113,1.1919231045853577e-05,0.0014314309263675406,0.9984276985761602,8.094275328886703e-07,0.0001281418388934837
114,2.4445396794225804e-05,0.0015461427427381448,0.9982206774476363,1.0027395403620492e-06,0.00020773167329080747
115,2.3898945720370604e-05,0.001272905646070373,0.9984565016958512,1.1545740101027308e-06,0.0002455391383479958
116,2.4376327494135877e-05,0.0012378419829517499,0.9985369989493323,9.93476859482681e-07,0.00019978926336239376
117,1.406082696249682e-05,0.0027308282110396257,0.9969982125582475,9.739520773142255e-07,0.0002559244516729771
118,2.4940624597713348e-05,0.0012629875837085144,0.9984678169630092,9.385801489646653e-07,0.0002433162485353827
119,3.7471635920352266e-05,0.0023722289589506057,0.9972965829485883,2.186824864104085e-06,0.0002915296316767521
120,2.4236578274439943e-05,0.002411220440793077,0.997308640787743,1.5055032779336594e-06,0.0002543966899116751
121,5.237555909321327e-05,0.003136625569561857,0.9964337647146871,2.1992171460786887e-06,0.0003750349395118852
122,3.158251206580282e-05,0.002433819346559151,0.9973012443562663,1.620920745721966e-06,0.00023173286436316262
123,0.00020901269918160065,0.007157283800352191,0.992093170792814,3.762316548709685e-06,0.0005367703911033915
124,0.00017715912069142149,0.005939125065369921,0.9928384610221364,3.248793727139678e-06,0.0010420059980750904
125,3.347963445757113e-05,0.0023961428077814567,0.9973642900398664,8.002797710803728e-07,0.000205287238123586
126,1.668142789186024e-05,0.00181881093192008,0.9979845118595646,5.997015768553941e-07,0.00017939607904647478
127,3.978451795604402e-05,0.0028523028848780403,0.9968747619829978,9.202226811965096e-07,0.00023223039148701229
128,2.5015776145640386e-05,0.0019457427617534475,0.9977954310631013,1.3466940600950574e-06,0.00023246370493956007
129,1.336172115135672e-05,0.0013106026233551005,0.9984620500979092,1.4964337765875881e-06,0.00021248912380765012
130,1.898694559698656e-05,0.0016159379116902621,0.9982200167819698,1.0459352505102378e-06,0.00014401242549242035
131,1.7812775818407782e-05,0.003311059020865926,0.9964339524258299,2.0151376120271644e-06,0.00023516063987380085
132,1.9088092638569268e-05,0.0016662496863297882,0.9981163396574393,1.1460117881468915e-06,0.0001971765518042205
133,1.4152617200804375e-05,0.0025316541686313276,0.9972760851216468,1.5836120977969738e-06,0.00017652448042324042
134,2.4370242644875816e-05,0.0031178530594705854,0.9966685179493423,1.2868770586508503e-06,0.00018797187148351385
135,1.4787275672895841e-05,0.002691291848509739,0.9970593267067367,1.2664425479988172e-06,0.00023332772653262442
136,3.049905925217078e-05,0.0019790860951413806,0.997790263057513,1.2430502461045763e-06,0.0001989087378473364
137,1.80011956389588e-05,0.0021889747875408734,0.9976671872132621,6.672197248003461e-07,0.00012516958383321702
138,2.0394313491442744e-05,0.002645269309185388,0.9971353188903288,9.618879611533465e-07,0.0001980555990332531
139,1.4678795788472871e-05,0.0021183647332865207,0.9977330138275022,1.0743738895224218e-06,0.0001328682695333272
140,1.179251094258677e-05,0.0015603870252453116,0.9983402420048063,6.233081605682938e-07,8.69551508451524e-05
141,1.9137300845263113e-05,0.0016965088773300498,0.9980194786389273,1.4642673825196136e-06,0.00026341091551485447
142,1.6528220676673947e-05,0.0020226757878231967,0.9977815587224763,1.8311575261086566e-06,0.0001774061114977511
143,1.4461670292455581e-05,0.0019536190981745112,0.9978591055807676,9.615230792659501e-07,0.00017185212768616113
144,1.4466291968876344e-05,0.002052037519867253,0.9977741410943667,1.140578316031732e-06,0.00015821451548122842
145,2.4442119510541973e-05,0.004629777853548503,0.9951417881878327,1.3808270541672503e-06,0.0002026110120540909
146,4.307421358634124e-05,0.004641692418821745,0.9950885378712304,3.158140905259302e-06,0.00022353735545624777
147,3.3791731232662375e-05,0.0031657456372599186,0.9966066566531359,3.518428844584384e-06,0.00019028754952703307
148,3.4981708327487873e-05,0.0037177880144783674,0.9960409160556523,2.210873521614497e-06,0.00020410334802050276
149,4.5709190011823034e-05,0.005992801621817846,0.993701961533414,3.4142041597102725e-06,0.00025611345059683733
150,7.260177628709642e-05,0.008714023891837489,0.9908619997872279,5.580502979910174e-06,0.0003457940416674536
151,9.976484264015703e-05,0.007363285812939855,0.9919802169685379,5.2794126921349185e-06,0.0005514529631899355
152,0.00020412582159090955,0.007968302039020285,0.9911707708687468,1.0852360387549998e-05,0.0006459489102543833
153,0.00017506304314591307,0.005824083638093488,0.9911274885535785,6.142870039421749e-05,0.0028119360647879147
154,0.00017024367789460464,0.006640905537114176,0.9918784467671975,6.307635220315091e-05,0.0012473276655905294
155,0.0005547663323122836,0.03373502706207697,0.9632695020555302,0.00015875118167025734,0.002281953368410432
156,0.038499242106321094,0.08698610161805047,0.20121685992212987,0.0033766086253502153,0.6699211877281483
157,0.08484251793874074,0.30060203571415417,0.4279191143892404,0.002321379444458319,0.18431495251340652
158,0.038354699268653175,0.5183312630601603,0.4193113742803674,0.0013797133815669105,0.02262295000925225
159,0.1821723239693953,0.4338098926796168,0.05543355748332966,0.0006627790716167822,0.3279214467960414
160,0.055696296126387636,0.8557603021837048,0.07421374980704679,0.0005497000467254919,0.013779951836135137
161,0.020674011680338993,0.5391447975210102,0.4308440304853644,0.0004155352814091919,0.00892162503187716
162,0.03074661370738531,0.6736844328826177,0.28803363459900616,0.0005547738479785221,0.006980544963012258
163,0.008178017227293293,0.7678744835252483,0.2188599836993919,0.0008543571353080053,0.004233158412758518
164,0.001948287761416511,0.7861262031953253,0.20869012882195911,0.0007362628740537223,0.0024991173472452433
165,0.004703747498451639,0.5607922521377232,0.43132687321973107,0.0009732851970361886,0.0022038419470579956
166,0.006406311880522285,0.7557344349413737,0.23207400253418772,0.00158945349278817,0.00419579715112805
167,0.01874767497491272,0.9132873550513543,0.06085792655382764,0.0023763420248153863,0.004730701395089929
168,0.005260586060417364,0.5407085621486777,0.449200535097291,0.0022612650091574493,0.0025690516844565354
169,0.014751609506202048,0.5104128488077251,0.4694319989259134,0.002415661616236111,0.0029878811439233407
170,0.008832865939464321,0.5344068208462261,0.45148397877253743,0.0019174254143134112,0.0033589090274585057
171,0.009172668220957676,0.6696960789229779,0.3126124756395917,0.002621868491528548,0.005896908724944193
172,0.0026382869677443804,0.42958490793093435,0.5625292975990054,0.0032866116552688457,0.0019608958470470877
173,0.02001781164944127,0.7995391567293951,0.1718205760898796,0.004831577872045048,0.0037908776592389553
174,0.023603643736081537,0.644931794982778,0.31157787125122915,0.013017515411445097,0.006869174618466084
175,0.05541646763440649,0.8212371544943748,0.09169840068408511,0.020103989865644097,0.011543987321489285
176,0.01936107928764859,0.8273633471287428,0.1180516751922276,0.028389174643311327,0.006834723748069573
177,0.04169704893743838,0.806542412777466,0.08342125835905917,0.05906080440795922,0.009278475518077402
178,0.053670908203971836,0.8131641586401451,0.05293247343287785,0.0650264265692998,0.015206033153705356
179,0.08650407608870682,0.36306366681992297,0.007432610846775054,0.5224823420910141,0.020517304153581092
180,0.05650393168018297,0.5529905678946244,0.00828673314831981,0.3707633404909781,0.011455426785894694
181,0.09440603789198046,0.4811799455691215,0.005279216320644849,0.40412869085724873,0.015006109361004386
182,0.09521101548739762,0.46763677560134764,0.0017484452367636898,0.4138967620692491,0.021507001605242045
183,0.04372097419708165,0.1967108256574221,0.0010187374483468612,0.7500606709260559,0.008488791771093627
184,0.10682222574107424,0.5500656836759602,0.025394199076008334,0.303692102014049,0.014025789492908225
185,0.0901274643252613,0.2529935332785026,0.0035823432753033188,0.6369483642275873,0.016348294893345505
186,0.12701959930104498,0.3478997095163414,0.002764954254603055,0.34232776238193846,0.17998797454607207
187,0.23596831767357113,0.14463508565174796,0.0025219304441221097,0.2712018423600127,0.3456728238705462
188,0.5956400980408603,0.2529087448523114,0.004638955746645651,0.09500909425519817,0.05180310710498452
189,0.6142457262686758,0.2760676914586109,0.01857682243241248,0.06888640853036539,0.02222335130993549
190,0.22969201584969368,0.3429906171060602,0.0028881376424601205,0.3964263582365936,0.028002871165192452
191,0.03722348432386098,0.05787422556375758,0.00018220360463739113,0.8925016587101859,0.012218427797557926
192,0.02631028943107998,0.1355941289318431,0.00024981641562256434,0.8221253710784895,0.015720394142964837
193,0.08711282746126751,0.1802655997821607,0.0008265303169292861,0.7049089909651455,0.02688605147449699
194,0.0922004093663427,0.10146148254565744,0.00042123508024334637,0.7810467055035529,0.024870167504203632
195,0.07290910081745897,0.2254170520212186,0.0011161059180853868,0.6607414985463065,0.03981624269693056
196,0.10142977062451844,0.18596069953193758,0.0008593240422236768,0.6206368297509239,0.09111337605039634
197,0.07500028301275782,0.1027572585147417,0.0002929751007925195,0.804711663616758,0.017237819754949788
198,0.08683235468324504,0.0766946581109193,0.0002870555064994644,0.8145591628284092,0.021626768870926922
199,0.10208835516271028,0.1113352730170699,0.0004610225736689829,0.771142299609925,0.014973049636625815
200,0.05882476741544392,0.06659644810027567,0.0003845492407119871,0.8635618951457951,0.010632340097773394
201,0.03593142161971126,0.0552985390130454,9.725869874461697e-05,0.9000249917045016,0.008647788963997106
202,0.02931813702027125,0.037941524693309574,8.969385572444688e-05,0.9286775298173221,0.003973114613372458
203,0.03093755256057803,0.01739461585247078,0.00011826028394981326,0.9444887058336949,0.007060865469306345
204,0.013180643481861395,0.017710582711140354,8.342686441532546e-05,0.9655204815152441,0.0035048654273388555
205,0.017096736265345452,0.018064768499475338,6.460743294199119e-05,0.9596678619714352,0.0051060258308019526
206,0.0651861024659643,0.03676613270361152,0.00020299671911707393,0.8868879723365335,0.010956795774773575
207,0.056342895267514015,0.06457458057230646,0.0002553592080811217,0.8659169698481509,0.012910195103947381
208,0.05058147983707473,0.183132653478764,0.0006487593691530677,0.7383674555833929,0.027269651731615118
209,0.03611798064257709,0.10622377937071185,0.0006623771855634876,0.8405175501484002,0.01647831265274735
210,0.051733925006747825,0.6399169434797616,0.002235988041878561,0.29233398183283693,0.01377916163877509
211,0.05305459133016372,0.7999334895075255,0.003766615054785421,0.13623313188582387,0.007012172221701462
212,0.040266028564242135,0.8039570462308266,0.0022283625415216914,0.1499523300818264,0.0035962325815829897
213,0.03328854355219745,0.9152990559231184,0.001071044495046793,0.047263093300799114,0.00307826272883802
214,0.028970486602129978,0.9117660700123453,0.0022340951368918075,0.05567565039293563,0.0013536978556972423
215,0.021764043815680718,0.9289500879362836,0.0013933072204672906,0.04629830639591521,0.0015942546316532527
216,0.013600319450546542,0.9681831274367825,0.001029448290383245,0.015830196084099357,0.0013569087381883151
217,0.010673877614104096,0.9729145116678504,0.001390900904685112,0.013657385978109676,0.0013633238352508718
218,0.027707090155085434,0.952576891062074,0.0019220415428860232,0.015568387005818023,0.002225590234136637
219,0.014469988281801053,0.9743608919591247,0.00470822055066451,0.002535906095715668,0.0039249931126940675
220,0.38078624942643907,0.271765263001207,0.0017188954036297455,0.004627233467658248,0.3411023587010659
221,0.031943716202595375,0.9542717473555353,0.009437571476951758,0.0006662554264709018,0.0036807095384464323
222,0.07879185529579134,0.9096083822586295,0.00356384507749454,0.00115493231612407,0.006880985051960487
223,0.06474550995592165,0.9282298342214599,0.0038526615917393735,0.0006409218681177882,0.002531072362761251
224,0.008560830317784362,0.9778086295518552,0.010591691238052838,0.0011552845269950753,0.0018835643653127144
225,0.004005535273658225,0.9630179629451411,0.030436336251897195,0.0013508224510746123,0.001189343078228861
226,0.0031590697731736367,0.9790822162150269,0.015304730741910287,0.0013235754588525864,0.001130407811036492
227,0.011896116014257302,0.9788669431248607,0.0019477089505012535,0.005049858407345196,0.0022393735030356004
228,0.013928810661915777,0.9757269837243203,0.004721398096457327,0.0030649282019045644,0.0025578793154017714
229,0.009851962352154695,0.985183467166036,0.0028219661153249726,0.0010786680663913372,0.001063936300092989
230,0.005646504387368738,0.9760951900893998,0.017038016927771293,0.0004915852563279584,0.0007287033391320849
231,0.01462353410915475,0.9710435181751282,0.011282161692322233,0.0017567665707182187,0.001294019452676502
232,0.005863155877508828,0.951610111262153,0.0405219677528798,0.0005650650902073626,0.0014397000172511108
233,0.004053501974007474,0.9796521965684687,0.014983301168688538,0.0005897084297044123,0.0007212918591309121
234,0.0033866828540337203,0.9442296641704301,0.05068997303835404,0.0006454890743834172,0.0010481908627988602
235,0.003663330478017704,0.9858228294850682,0.008995275132736564,0.0008072275728504695,0.0007113373313272957
236,0.0027491179438686813,0.9699358463971016,0.025940666012989597,0.0005826070982468053,0.0007917625477936055
237,0.0017438360900230922,0.9652499902084744,0.032074847876398895,0.0003740044593963357,0.0005573213657073476
238,0.002667367889825261,0.8679686612669075,0.12809109697193174,0.0005174604817200928,0.0007554133896153714
239,0.0019492060892538582,0.7774663745558635,0.2196076590387203,0.0004904971542360588,0.0004862631619261444
240,0.006909284473230005,0.9861959470493777,0.005712879086193651,0.0005827685338805709,0.0005991208573178564
241,0.002663705758399678,0.5982324326039554,0.3981081618598706,0.0004440680001356452,0.0005516317776387752
242,0.004752254386814608,0.8707892968461616,0.12252349182617202,0.0007495366205092843,0.001185420320342469
243,0.004233151856258038,0.8438889346611826,0.14932400479626803,0.0008901366933623367,0.001663771992928903
244,0.010265354631201718,0.825029160805037,0.15905569941135358,0.002747972833120326,0.0029018123192875284
245,0.004724804508737143,0.9321875651980749,0.060673225381604516,0.0016653322255086778,0.0007490726860748175
246,0.005872570505005841,0.8132044653531666,0.1776393300359542,0.002146793538649948,0.001136840567223399
247,0.0015903690837038899,0.8751444161957139,0.121325403635093,0.0012865171573478778,0.0006532939281411887
248,0.006682097324384993,0.7315887822460688,0.2581554610658272,0.001859310808269939,0.001714348555449077
249,0.014640017970767333,0.8043151659244763,0.17021716952743526,0.0013400249230663488,0.009487621654254883
250,0.021039849834145866,0.9365363593857893,0.03507419556772787,0.0023758676269977023,0.004973727585339245
251,0.019797796296760914,0.776131683114676,0.19653940571827136,0.0023044990622004056,0.005226615808091556
252,0.07514725417132691,0.9093540093187561,0.00698236294739237,0.004771373677006068,0.0037449998855184326
253,0.007608398878219824,0.8977496676964456,0.09138012581287414,0.0009190150885994747,0.0023427925238611418
254,0.04064487503418625,0.08027790492506146,0.002100492921705395,0.0008494020662662563,0.8761273250527806
255,0.12800009037565283,0.8168768947416573,0.044198232328707183,0.0010651425157274569,0.00985964003825528
256,0.0725827293836272,0.8667489245894517,0.05212264640105452,0.0009249771828479668,0.007620722443018532
257,0.2087596025456865,0.7766339315493602,0.007887169507778052,0.0010481048707806301,0.005671191526394597
258,0.011916385143542834,0.8254966633008413,0.16003281033715402,0.0009798390515883772,0.0015743021668734327
259,0.0019596838542713354,0.7170923083903252,0.27975571839181457,0.0004390603957657236,0.0007532289678230575
260,0.0029073671109744494,0.9798246058431526,0.015307323736293005,0.0013376102870742259,0.0006230930225057753
261,0.003441476790625176,0.9422108365891476,0.05144832989131344,0.0017061439103725957,0.001193212818541356
262,0.003451792540231213,0.7355008418542732,0.2589623771541246,0.0010698231965991407,0.00101516525477184
263,0.0037179022216326987,0.9304731420598659,0.06316717645457634,0.0014743904004836438,0.001167388863441373
264,0.002920706755459268,0.8114871954329058,0.18351392437366665,0.0011159442539718561,0.0009622291839963425
265,0.026534517018438813,0.9557307536197107,0.010142396006370616,0.0046982451707533995,0.0028940881847263475
266,0.012689681725317136,0.9138900864760039,0.07035186964097281,0.0018565587296372513,0.0012118034280688746
267,0.006009462089940233,0.9615670421851513,0.03025024537721308,0.0011346140887753039,0.0010386362589199615
268,0.007522134263796947,0.8607961022231485,0.12883770081996104,0.0010152532538943374,0.001828809439199342
269,0.002991680614211134,0.7570031211508128,0.23709971332396526,0.000835570122155874,0.0020699147888548885
270,0.00327479096227372,0.8214112563828531,0.1725799124722454,0.0009511292054180942,0.0017829109772095294
271,0.004360824007224801,0.652594121678324,0.33869078205820097,0.0019833300185299794,0.0023709422377204553
272,0.004407818602482177,0.8135544333263324,0.1781668431628663,0.002311535255334423,0.0015593696529849058
273,0.0025803129403704395,0.6700534804300186,0.32411837104845903,0.0008725205002771874,0.0023753150808747373
274,0.0036684066751751943,0.6675363664169592,0.3254091225173808,0.0009691474261617373,0.002416956964322992
275,0.0028712885169664367,0.7800942642370599,0.2131442792479027,0.0006727390975881743,0.0032174289004829287
276,0.010289724361708438,0.6805517411990956,0.3035091474182822,0.0020695274509937153,0.0035798595699198777
277,0.0028457956305098448,0.6542294433078922,0.33978783250264427,0.001213884465831923,0.0019230440931218144
278,0.006641677846489384,0.8348780517493998,0.1527235035278428,0.0019650764623898452,0.0037916904138779574
279,0.004556369030756267,0.8210502967613992,0.16972573230123308,0.00139366585233581,0.0032739360542756953
280,0.010718979338096294,0.8704713426812856,0.11354663869913531,0.002179607595491108,0.00308343168599177
281,0.007450818329862554,0.7949972685741362,0.19247302618159048,0.002036632724666301,0.0030422541897444726
282,0.24699770515803104,0.2112256343446205,0.003195951499084494,0.002148987063983736,0.5364317219342802
283,0.057583745149328715,0.8948437906518059,0.04347491357162949,0.0007074108929679618,0.0033901397342677884
284,0.037298164600847394,0.8947341398303418,0.06397897836455985,0.000510557553402473,0.0034781596508485237
285,0.1467015456120328,0.8304963138883104,0.016704873258611752,0.0006878205770945242,0.00540944666395055
286,0.005149878920783454,0.9129248052177665,0.08028329366017502,0.00033864589826658806,0.0013033763030082955
287,0.004145992432128754,0.7449827345208057,0.24901502592485278,0.00030545517832885385,0.0015507919438837703
288,0.005886344394917325,0.9034443667491087,0.08897645564930236,0.00040258530661355525,0.0012902479000578785
289,0.0023624434263456347,0.8378272918814587,0.1585493809181845,0.00012135743368413146,0.0011395263403270474
290,0.004775317061959076,0.8257699132476805,0.16719031873413842,0.00025016309462721825,0.0020142878615949365
291,0.002215006276570724,0.6239411591103814,0.37244838782665785,0.00019131861915417221,0.0012041281672359374
292,0.01718235934406832,0.9533740380320326,0.02549254451641766,0.0003954275038605708,0.0035556306036208505
293,0.004312236441569027,0.8029028416196409,0.1907856210631321,0.00031721756740885407,0.001682083308249196
294,0.0035606155348447298,0.8048466579233967,0.1892859931813257,0.0005265595245458238,0.0017801738358870878
295,0.006861582593450442,0.9452471762679808,0.045299863746625466,0.0006156573870635765,0.001975720004879606
296,0.06803537891878729,0.24233012006561283,0.0364275955271687,0.0028956054137709727,0.6503113000746603
297,0.07666975423172716,0.8636672244218065,0.03764098964018282,0.0008076107365600838,0.02121442096972335
298,0.029052877259627952,0.9044233077156831,0.05873917161049979,0.0007127713115927614,0.007071872102596235
299,0.02969149668590923,0.9067229546861071,0.05730165590637492,0.000252543759159335,0.006031348962449546
300,0.029941273237338077,0.9180630756557767,0.04430145316646359,0.0022896867235030934,0.005404511216918322
301,0.00562465590787671,0.953955433654154,0.0366500724905275,0.001485740530015724,0.002284097417425843
302,0.12293123592906978,0.4786333559749202,0.04050264938777429,0.003886579693445825,0.35404617901478996
303,0.02270094444913958,0.9031967622653165,0.056875308397271104,0.000622637787353323,0.016604347100919292
304,0.04244454700485537,0.8971886613207586,0.0496366582465416,0.0006214884250551631,0.010108645002789391
305,0.048701343231093194,0.880770322316306,0.03898192354490825,0.0008505404141745152,0.03069587049351782
306,0.021505337579672597,0.933277339072238,0.027186119926917347,0.0010962646652717917,0.016934938755900457
307,0.05022794779487053,0.8557034205551258,0.019808409592686666,0.0007879480773188744,0.07347227397999807
308,0.023413455592374864,0.9648270576001242,0.0035177952314717864,0.0004551517386396353,0.007786539837389586
309,0.20884171020215975,0.4983842812820589,0.009809064119327604,0.0020769710671041668,0.2808879733293495
310,0.15972673962640327,0.755169837415848,0.0387434392099405,0.00048493350151721307,0.04587505024629092
311,0.04708046558068179,0.9145478697728688,0.023238556717903387,0.00033397562775943046,0.014799132300786595
312,0.07095514452781573,0.8648783069556801,0.006515593359679792,0.0003221244776629449,0.05732883067916133
313,0.056288030014083626,0.9175207572232482,0.011360280547174775,0.0005698883543044705,0.01426104386118896
314,0.019870612439245396,0.9732714872350057,0.001814051327781067,0.0003433288786968101,0.004700520119270957
315,0.03410724636005903,0.9227661883694885,0.02822409160218685,0.0003449703083083464,0.0145575033599571
316,0.015449983982699261,0.9742334221681578,0.0072345276740557,0.0005321612953143373,0.0025499048797731293
317,0.009718584731247006,0.9807183526022797,0.006555008467210871,0.0005504640749898121,0.002457590124272646
318,0.009085162413275123,0.9830288510081471,0.0047676412476942605,0.0007796742751163553,0.0023386710557671765
319,0.0018610946351122334,0.84316971243574,0.15380895232717734,0.00025313701197004,0.0009071035900003596
320,0.0024316709789750637,0.9428641597016204,0.052857066363093494,0.00034046505950915745,0.0015066378968016498
321,0.002123163192395291,0.8375644500773776,0.15847815908914153,0.0002479626252852985,0.0015862650158003104
322,0.05668850798095003,0.8475841452869228,0.016915701408685927,0.0009424555769185786,0.0778691897465226
323,0.1999412560052573,0.5056926349632982,0.006402074790428767,0.0005746997300956809,0.28738933451092014
324,0.056932335765220526,0.8869993154727575,0.049980517437363946,0.00011963747866992147,0.005968193845988065
325,0.04755158434751565,0.8731662992565106,0.05694137028760883,0.0001963695632829657,0.022144376545081907
326,0.027547953585592276,0.8505876731056137,0.1094740602331312,0.00017803552830177713,0.012212277547361
327,0.0107683993876469,0.9110304948740434,0.07329538574452654,0.00021269078574601648,0.004693029208037068
328,0.01776346950825444,0.9215775585289665,0.055705476090602675,0.00027012460489972157,0.004683371267276772
329,0.01451641812440108,0.9117055818929685,0.06934579718599543,0.00030129021002920096,0.00413091258660588
330,0.012283940972107733,0.9521517991810711,0.03131978643396496,0.0010044034965012816,0.003240069916354855
331,0.00451900569819869,0.8693803880811591,0.12425076671546126,0.0008034327280963761,0.0010464067770847535
332,0.008325758034643433,0.9777770704385205,0.01179250795570733,0.0006379798300658371,0.0014666837410631844
333,0.003551847389569671,0.884573990466709,0.10972664885810109,0.0006555367784451773,0.001491976507175128
334,0.0026637335043101134,0.8413983458052563,0.1542595196178606,0.0003750992118646518,0.001303301860708344
335,0.03352335447759862,0.8867365467730474,0.07459087778475097,0.0011501146634519406,0.00399910630115089
336,0.012982357999294347,0.8991597713951737,0.08567242290253632,0.0006094408147555914,0.0015760068882399857
337,0.007642641028203414,0.7244383105508398,0.2653056166827586,0.000566314865978674,0.002047116872219412
338,0.005550499786368911,0.8781936060103003,0.11494720092899241,0.00044165368182140486,0.0008670395925171351
339,0.002860369055064323,0.6085519166220699,0.3871666959779066,0.0002418011118831837,0.0011792172330760415
340,0.010787274133897056,0.7603684224890368,0.22552246365971865,0.0011124930927081424,0.002209346624639085
341,0.00143244936799533,0.692828838813859,0.30429858199114235,0.00040251934070275,0.0010376104863007594
342,0.004391195669300783,0.8578555262710251,0.13588781130685784,0.0005599836763035245,0.0013054830765129616
343,0.004283257181952813,0.7414199585028036,0.2512339557608673,0.0009291578991487622,0.002133670655227564
344,0.010033860741581,0.7152299264800921,0.2729195421717212,0.0006281615616059319,0.0011885090449998514
345,0.006220515186814009,0.8444954637312855,0.14761237307793248,0.000356836700761971,0.0013148113032059906
346,0.012196207354996175,0.973197338157506,0.013052055447499288,0.00039052011605961417,0.0011638789239391423
347,0.004982126769083803,0.6592208082242522,0.33336656676065257,0.0006438017693799566,0.0017866964766312986
348,0.010058484465779267,0.9297534828424635,0.05717175865997819,0.0009773412582637492,0.0020389327735152794
349,0.0033728137340457934,0.7554315640049805,0.2400372193343251,0.00036262169045135195,0.0007957812361974447
350,0.010714988760982676,0.8864829029159057,0.09919956839402551,0.0016521861096367564,0.001950353819449376
351,0.006236306038112215,0.8711653339174534,0.12018208986907383,0.0008149265051056447,0.0016013436702549066
352,0.004151034087950167,0.8200264164114923,0.1738618784351835,0.0008947857463771284,0.0010658853189968326
353,0.003333457086418087,0.9036967941779522,0.0912213336141857,0.0008026251574638018,0.0009457899639800366
354,0.011345070897820131,0.8879612446086097,0.0977887860995778,0.0014554921323250895,0.0014494062616672938
355,0.0021839329675863405,0.9186642999901271,0.07715338117180105,0.0010316628228136074,0.0009667230476721594
356,0.0029879577102878752,0.6201578915038423,0.3749527930972899,0.000642675341170891,0.0012586823474092723
357,0.0023735538751789836,0.7899163409563711,0.20556372508376153,0.0007654260496012649,0.0013809540350870411
358,0.0033001444819358394,0.606341737821246,0.3840885248215644,0.0005560736583535536,0.005713519216900157
359,0.003116579430205741,0.4841824460043518,0.5105044921959001,0.0005794914772238105,0.0016169908923186725
360,0.005409114553004035,0.36439579312664894,0.6277483541495708,0.0008559642014674024,0.0015907739693088768
361,0.0033577029905465447,0.6168970076220376,0.3764000508011567,0.0014613380036167865,0.001883900582642515
362,0.004759088716790031,0.7177982072204298,0.27420832549356666,0.0014066802231946446,0.0018276983460188457
363,0.004500874398021005,0.6318414966367403,0.35986995840171193,0.0013834848158380192,0.0024041857476887972
364,0.00140187247120293,0.58681451258678,0.40992367344327607,0.0006299466071839985,0.0012299948915569744
365,0.0017336948416409952,0.7639330830198717,0.23200418368201484,0.0006678947446898725,0.0016611437117825183
366,0.0013751434353915027,0.8365999779630858,0.160568405889738,0.00030478743242257056,0.0011516852793620209
367,0.003088189799151092,0.6076344532650636,0.3865980257987625,0.0005378263671970129,0.0021415047698257346
368,0.0009391117295396979,0.4872120090673683,0.51067533018867,0.00018589899140377135,0.0009876500230183612
369,0.0015715492281350833,0.5415492211365757,0.4547201613706578,0.0005239815661078963,0.0016350866985235088
370,0.003889488864169669,0.4636101911120323,0.5305279081646379,0.0004800515210474738,0.0014923603381127512
