epoch,N1,N2,N3,R,W
0,0.0030345031672123573,0.00013281710457178098,9.13209465873006e-07,0.00022722448687349691,0.9966045420318765
1,0.004608539206652965,0.00013204201617830882,5.656958401936222e-07,9.960051725870899e-05,0.9951592525640698
2,0.008493669674353804,0.0002591448432675421,5.933721563258996e-07,0.00012471731578163732,0.9911218747944407
3,0.017431816129169313,0.0004583011399390148,1.0401493858227285e-06,7.972269272992871e-05,0.9820291198887758
4,0.004501736349794363,0.0001979851476124814,4.6034725166109375e-07,0.00010054748033328944,0.9951992706750082
5,0.005619083636166067,0.0004303961936684359,1.176224746964569e-06,5.6082174849146815e-05,0.9938932617705695
6,0.005969745629164502,0.00028478451579823225,1.3174759039697649e-06,0.00011975113246255934,0.9936244012466708
7,0.007409524724359301,0.00022497891822463424,1.175195037161308e-06,0.00010500640361706629,0.9922593147587618
8,0.017355158783902636,0.0003992952773178743,1.6012000613728075e-06,0.00015718633771671497,0.9820867584010015
9,0.012783935435106985,0.0018020504603517562,9.736340723533241e-06,0.0005017622148485469,0.9849025155489691
10,0.006177680219776206,0.0008175638845780822,1.3414394323606282e-06,0.0006176277097026331,0.9923857867465108
11,0.018420191358137508,0.0014260081155053202,2.6025180708382515e-06,0.003398484722801399,0.976752713285485
12,0.03320766154893196,0.0016216634672435878,2.8679587320103437e-06,0.0086822327987185,0.9564855742263738
13,0.08340364363015552,0.0020464678800822937,5.403572241434769e-06,0.004143619662958809,0.9104008652545619
14,0.43793124652149223,0.02034728423877851,1.3904400174693165e-05,0.019133537522840804,0.5225740273167138
15,0.4415175987794599,0.08753115378011035,2.2959295683244905e-05,0.024250683416657436,0.44667760472808915
16,0.14786301357006298,0.5346377074425308,6.574841724832916e-05,0.15904293250318163,0.1583905980669763
17,0.07375600536300869,0.49794238750923103,0.00012995582332712386,0.06302101125391207,0.36515064005052095
18,0.13109482092362942,0.44079204172358294,0.00017628476009707563,0.15473088673242652,0.27320596586026397
19,0.10692950533908063,0.1917618132361102,0.00010542440865969166,0.1863097237644915,0.514893533251658
20,0.039747623620293056,0.814822879152672,0.002281270522799238,0.0335567589424555,0.10959146776178023
21,0.10951429000818379,0.34332276082844,0.000420879807676375,0.18391276520223382,0.3628293041534659
22,0.10299966695750618,0.4242494476818728,0.0017023372368692,0.06003137226914387,0.41101717585460795
23,0.07954552271306213,0.15415636913664163,0.0008344052063027378,0.12794188312015228,0.6375218198238412
24,0.10398101227485138,0.07735963872086185,0.00014056680361483706,0.2690561017307317,0.5494626804699403
25,0.22442162622335396,0.20671598017372497,0.0005300266173514901,0.07172944485648329,0.49660292212908635
26,0.18122702487536074,0.11708190661988596,0.00011162453332535022,0.022859527593762696,0.6787199163776653
27,0.3169284597968652,0.48450879485363385,0.000163645673087881,0.01891147619538575,0.17948762348102734
28,0.06073252043764,0.872062344868804,0.00016290103001025664,0.016952843505479438,0.05008939015806635
29,0.11808481396598536,0.7091668881268891,0.00011077161532045865,0.00718605713180467,0.16545146916000036
30,0.04063806291557424,0.8791472544867357,0.00035823950512925797,0.0028378367168850325,0.0770186063756758
31,0.01931794448424774,0.9520117837454911,0.0019977617267464927,0.0006762433209076173,0.02599626672260715
32,0.0893938381001692,0.8572160654092105,0.0002694605629716612,0.004621589951818658,0.04849904597583024
33,0.014260992507786783,0.9382640090880936,0.007279734850814742,0.0010424053939928398,0.039152858159312076
34,0.3515912316103799,0.35425278288814843,0.00050766903340351,0.03208127557546617,0.2615670408926019
35,0.04052072333152317,0.8789066858775832,0.0006772019139410062,0.0022057473231797383,0.07768964155377295
36,0.035899924090582194,0.9339666431793792,0.0008254384762524234,0.0025370410001704386,0.02677095325361569
37,0.05757607464997114,0.18527244542124244,0.0006244821222969645,0.007026165116905795,0.7495008326895838
38,0.015309769862970665,0.9463461385928047,0.0049801836608862355,0.0028762177437849307,0.030487690139553443
39,0.010064566173960633,0.009408737472627538,3.771156625926318e-05,0.005090508697403382,0.9753984760897493
40,0.15314740859869283,0.02219149508237012,9.44558795397597e-05,0.03181020628225489,0.7927564341571424
41,0.044949050348035875,0.008522653372603453,4.1578613484528586e-05,0.013451830452188689,0.9330348872136875
42,0.39400060066116877,0.03612390333744081,2.720745716249489e-05,0.003968893856127638,0.5658793946881002
43,0.1326704955074025,0.017182822980301573,6.039274585452855e-05,0.001987491518641984,0.8480987972477995
44,0.4470404356558192,0.2785658764527428,7.273617694581015e-05,0.013074312375360577,0.26124663933913156
45,0.20249935935170177,0.14371888330509153,0.00010742224495888028,0.050562908735006115,0.6031114263632418
46,0.11508192087287784,0.18611524898076412,0.0002038547764158564,0.04300470772408956,0.6555942676458526
47,0.15557946543853168,0.43003134546707883,0.0001752147324283523,0.05371405614054049,0.36049991822142075
48,0.22585068381036844,0.15617103867271515,0.000124985878410982,0.011738272965484391,0.606115018673021
49,0.13064666436399688,0.8444545314508846,0.0010807689791936523,0.002335968787222874,0.021482066418701994
50,0.1943566252210742,0.711872457612442,0.0011797595433081219,0.004113772018613225,0.08847738560456264
51,0.05120987718929871,0.9283895140537717,0.0005506036835932949,0.0013621158189102247,0.01848788925442595
52,0.0038320660750762554,0.9893621865959134,0.0010740065269170156,0.0001665779073268732,0.005565162894766608
53,0.03559811508197881,0.8984942758468756,0.001213653572061421,0.0002531640154077324,0.06444079148367629
54,0.03785617204603218,0.8843121264791491,0.00031165035422009505,0.0004981679539523132,0.07702188316664617
55,0.009942990746092312,0.8479571578751806,0.012571833050597971,8.61393020763975e-05,0.12944187902605275
56,0.1842368892066735,0.6434592251508697,0.0015544130724134174,0.0011511372690410017,0.1695983353010023
57,0.015307730840806413,0.7983124910857435,0.005204490459091537,7.813580081154784e-05,0.18109715181354702
58,0.014258277859637198,0.7669435802942751,0.00495318926422093,0.0001586409775812657,0.21368631160428553
59,0.034124555277724046,0.4468719101877526,0.031483185035940706,0.0003913779832953173,0.48712897151528733
60,0.018646680541268428,0.887842214064274,0.001981314977426856,0.0003980944227320229,0.0911316959942987
61,0.013865069455078583,0.7749789183486709,0.0025260064477266113,0.0006722757458892521,0.2079577300026346
62,0.13953827076974934,0.5044628192763488,0.0018115995982307899,0.0012680894857413061,0.35291922086992983
63,0.004097574781354326,0.9587810149707002,0.011696206163584485,5.387068032649853e-05,0.025371333404034465
64,0.08007311976073904,0.6328183076813115,0.0013825784950067354,0.000378068020818462,0.2853479260421241
65,0.010041439506306179,0.9626315792784795,0.00485323127623771,0.00014900981840944348,0.022324740120567253
66,0.09420702579471768,0.8634038765703692,0.0013780835735218483,0.002910478536494654,0.03810053552489654
67,0.005642193723376423,0.9695475660253585,0.013601627451677268,0.0011968584678971252,0.010011754331690539
68,0.023665166626814747,0.05909262821876724,0.00022702007748008225,0.004003768188851316,0.9130114168880866
69,0.4336735760161876,0.4415148423088031,0.000566108669223382,0.01730801263987779,0.106937460365908
70,0.41318977652180455,0.40564117313943987,0.0006676355082636333,0.02009221980203422,0.16040919502845782
71,0.19288565419951662,0.7498104313988818,0.00014843287158070864,0.007389538657958089,0.04976594287206288
72,0.06377103637337618,0.8781439887674111,0.0007534597326823353,0.007949384122865675,0.04938213100366474
73,0.3716766989861868,0.1811969355269471,0.00039366445912410636,0.05187377618515013,0.3948589248425919
74,0.3447462870092158,0.12608145197198295,0.0012856826561891675,0.0036705229151880255,0.524216055447424
75,0.3160287696164116,0.49093312010250495,0.0004687294204910189,0.003993800525541005,0.18857558033505142
76,0.09292739743479612,0.8444785513294996,0.0014827853742966697,0.0006588314552275356,0.060452434406180054
77,0.27456188563617306,0.6612604861459853,0.0006751268743429942,0.0021942692847167658,0.0613082320587819
78,0.028271039898577932,0.9547119420800072,0.0013475153937320928,0.0005809232175731029,0.015088579410109772
79,0.008178545013286624,0.9787600363640505,0.004800652847752565,0.0008331564069651838,0.00742760936794503
80,0.012281888058041231,0.9248293698354065,0.052034129673139765,0.0015978760277137378,0.009256736405698802
81,0.006037761434532234,0.9682031399521613,0.0013928352034583552,0.0034082064720738735,0.020958056937774427
82,0.04111248543458319,0.754499887218698,0.0030614319442399773,0.012461071010696285,0.1888651243917827
83,0.011705675821187386,0.062284167038628414,0.0022680220838028438,0.001022595130112175,0.9227195399262692
84,0.013609733658626564,0.00601667449287507,4.307357033604498e-05,0.0010126119240924077,0.9793179063540698
85,0.11145963909780886,0.012114201533723912,9.08526187664876e-05,0.0031297303382521045,0.8732055764114487
86,0.2062841636440741,0.011650560645959726,6.295485437362478e-05,0.005703261268117277,0.7762990595874751
87,0.4280857916190021,0.37904080785974265,0.00021137569279772013,0.021991823866300955,0.17067020096215652
88,0.2589602499533231,0.164697853188729,0.00021041619907110026,0.18567149547409117,0.39045998518478564
89,0.10736836931239793,0.1816907886432975,0.0003401315803999235,0.13048203337646996,0.5801186770874347
90,0.01652511166086495,0.03125400043605817,0.0014841013145821353,0.010205731404188215,0.9405310551843065
91,0.1396332340601597,0.031842255534773344,0.00012900446178256973,0.07076507393050256,0.7576304320127818
92,0.1993013414220886,0.08853301146202863,0.001554733111398618,0.0073675950211878755,0.7032433189832963
93,0.2633681165712997,0.4463191687417404,0.0013118283534048413,0.01243906408913151,0.27656182224442355
94,0.09367318131221603,0.37075876947946185,0.007762518190113872,0.01067815586981406,0.5171273751483942
95,0.11482534632258032,0.2704577066988355,0.009095776727169783,0.010719881810132042,0.5949012884412823
96,0.39113943794833533,0.16815049824750297,0.0025059542158870508,0.04431140084148956,0.39389270874678506
97,0.164316481259592,0.7299185211996035,0.005781196954836766,0.02685014287677495,0.07313365770919286
98,0.3205571959604775,0.3807446961664954,0.005956566530469615,0.02784320268745077,0.2648983386551066
99,0.04062314014355186,0.8742915543302637,0.04794320338588237,0.00887689802102477,0.028265204119277187
100,0.11399087832358205,0.26372070859583996,0.00736144567581379,0.02742052606889234,0.5875064413358718
101,0.18273499840007307,0.6938974775792078,0.00995261131958497,0.051908862030235765,0.06150605067089837
102,0.09905688336275074,0.7723293837233854,0.023806063505388844,0.021100653975997627,0.0837070154324773
103,0.09306066158410316,0.8407351936254086,0.03689365515023253,0.0032510424230140604,0.02605944721724172
104,0.019873918426338337,0.7774725102881839,0.16170363406616806,0.001753404866431861,0.03919653235287779
105,0.027070293395964784,0.8768056164964841,0.022538041241969557,0.001883641113017905,0.07170240775256354
106,0.057736242998530536,0.8052832783554411,0.0367490633246474,0.003776578945149425,0.09645483637623169
107,0.08498832811721019,0.5754712218117493,0.05728369981014089,0.008134826799999832,0.2741219234608998
108,0.06751901449131813,0.8428847766075065,0.01032067663457783,0.002998672761971275,0.0762768595046262
109,0.03493955919976402,0.11444542520076292,0.0022786140738541936,0.002561640162665219,0.8457747613629536
110,0.270926579791836,0.2649656073518201,0.0017537809102601569,0.015057183331734832,0.44729684861434904
111,0.09107994835465656,0.26544650014045634,0.003979340084450776,0.009058328993310522,0.6304358824271258
112,0.048751737231088395,0.11990252441182092,0.0010794115960430753,0.003000956985458204,0.8272653697755895
113,0.006173769350888933,0.00749101050271916,4.281786330586094e-05,0.0005826974472215085,0.9857097048358644
114,0.02894795462123145,0.005223804359057459,6.244445557259831e-05,0.0017376256421357044,0.9640281709220028
115,0.19083184555687963,0.017130162064872112,0.00048609307566282756,0.0037592724420064273,0.787792626860579
116,0.15946640604545778,0.029563033206004362,0.0009097556533319682,0.008045232111651588,0.8020155729835542
117,0.0671419129165936,0.0859678682203637,0.006087012042838821,0.017546784750315014,0.8232564220698889
118,0.12170056490944377,0.2646203747421809,0.006144751268873502,0.017295001590848392,0.5902393074886535
119,0.14660536386551942,0.36922067088771776,0.02874503618525376,0.019817373259176537,0.4356115558023325
120,0.10350564658849432,0.4285885571873279,0.014909957788497963,0.01898225776375616,0.43401358067192375
121,0.08048211595461661,0.5827038173790892,0.013596598726562943,0.01662002676656055,0.3065974411731707
122,0.26197545788649573,0.37567105363700654,0.012162635382461344,0.009840107385474979,0.3403507457085614
123,0.30464329144190355,0.3044144158312819,0.006379955869756594,0.014584155539576475,0.36997818131748156
124,0.06656791779434848,0.7977412814099151,0.01895441790113746,0.0028412806456376348,0.1138951022489612
125,0.12810510525665636,0.7798151752125511,0.011729520245068412,0.0023719790390871885,0.07797822024663706
126,0.031428284256646614,0.824139459011423,0.047805019140565376,0.002475471611667318,0.09415176597969775
127,0.04012772141005681,0.6905624137621417,0.07225013134150711,0.0024421054979141283,0.19461762798838012
128,0.05881238479104613,0.43467355712463845,0.3096296427502422,0.002170005291208196,0.19471441004286494
129,0.08852820840043749,0.4861393979796525,0.18778088786122693,0.0012030052148424364,0.23634850054384055
130,0.017987896211057664,0.8227980009387988,0.08646736436635444,0.00046670422934689057,0.07228003425444204
131,0.011813924128270092,0.3452913395538816,0.5834324625973379,0.0005286773605410839,0.05893359635996925
132,0.019882484389390036,0.5901796068094182,0.24895731911700683,0.0004263397652397839,0.14055424991894533
133,0.002893002460267635,0.17975047777171035,0.7831359029138002,0.0002161358786795219,0.03400448097554235
134,0.021456493534842472,0.5956768519547158,0.3115317930828611,0.0006529004826591945,0.07068196094492143
135,0.0068275906555035695,0.5424036989959499,0.364619358743628,0.0002119217571049309,0.08593742984781345
136,0.006499694082284187,0.6368303693666193,0.26103074812832244,0.0004598707232174448,0.0951793176995565
137,0.0011456114148618631,0.19216441307641027,0.7891589136377904,0.0001378411055666699,0.01739322076537075
138,0.0012160860417443642,0.12635739690556197,0.8616396693404742,0.00019066876218963623,0.010596178950029754
139,0.004792542451657086,0.37681061833950497,0.5819696333987535,0.00041083508960524246,0.03601637072047915
140,0.00027011046481007964,0.043807745584046175,0.9480075043216264,6.960574768810335e-05,0.007845033881829166
141,0.00022621342516061392,0.03202063781961452,0.9638291711524292,6.118585593789035e-05,0.0038627917468577085
142,0.000241796092424344,0.04341540328913294,0.9539014161574716,6.515868110144785e-05,0.0023762257798695154
143,0.0005750657600869328,0.09927595609567108,0.8950281596274255,0.0001230241356358513,0.0049977943811805444
144,0.0001858664911267639,0.05008775630976803,0.9457899418228498,3.708987703683866e-05,0.0038993454992186515
145,0.00033923392869100396,0.07420678683749216,0.9155404415145654,7.797642074173445e-05,0.009835561298509673
146,0.0002351294272413141,0.04438109241102701,0.9535636783106132,3.805207845949805e-05,0.0017820477726589133
147,0.00027023273961864413,0.10047327451785712,0.8965701731794189,3.959903149586759e-05,0.0026467205316096183
148,0.0005522001211625668,0.09612165000345302,0.8987613615319371,8.749484242159801e-05,0.004477293501025803
149,0.00023038888855957414,0.0636606107318552,0.9344469663176116,3.8283057001471013e-05,0.0016237510049722354
150,0.00012136163621282197,0.04103503958365386,0.9574176693345902,2.7762652858352197e-05,0.0013981667926846752
151,0.00018098794585129336,0.07102838868367511,0.92713975160826,3.78319325405185e-05,0.0016130398296729355
152,0.00022226724779251226,0.068696298966472,0.9293741443884919,4.271460161463163e-05,0.0016645747956289087
153,0.0002560851016182019,0.07712380373773732,0.9212712777260615,3.112645492224401e-05,0.0013177069796606953
154,0.00018698785662989926,0.052434621012607735,0.9463750349461127,1.9880674877591375e-05,0.000983475509771994
155,0.000332676942350516,0.083136758674719,0.914575934864433,3.306694655402892e-05,0.001921562571943463
156,0.0005432908717499457,0.13387399819517648,0.8627000361872937,3.382828852395023e-05,0.0028488464572558533
157,0.00016935476682030184,0.0643813829248082,0.9334679962508072,1.1275141169900593e-05,0.0019699909163943736
158,0.00027926172639217264,0.06664402739936519,0.9314619613125795,1.2575046354696666e-05,0.00160217451530841
159,0.00017138747304928852,0.06363829022970188,0.9352985947948774,1.6152392324024817e-05,0.0008755751100475942
160,0.00012943705868853736,0.04661038854190837,0.9526094024270878,9.851628545714966e-06,0.0006409203437696832
161,0.00014588799213668987,0.04466520863849233,0.9544602311700758,1.197726447157908e-05,0.0007166949348235098
162,7.823306783783878e-05,0.029627082110067933,0.9697194375241934,6.263389802651563e-06,0.0005689839080982014
163,0.00012024371786060427,0.04228120897837162,0.9568710386858215,1.1047138246658544e-05,0.000716461479699687
164,0.00017306144666370154,0.08041862953478654,0.9180923757771747,1.2184266240824631e-05,0.0013037489751340032
165,0.0001340362341776828,0.03270715003648309,0.9664636895036182,4.9867095912155765e-06,0.0006901375161299447
166,0.0002778958513900679,0.055748135064884304,0.9430302532366809,9.355680870352804e-06,0.0009343601661743337
167,0.0001607718194320363,0.11825163832332086,0.8802295404649766,8.88078117668818e-06,0.001349168611093713
168,8.150335812125483e-05,0.0293119907617298,0.9701655829464391,4.0187806738060374e-06,0.00043690415303626774
169,0.00023657844553186193,0.13950072271737302,0.859011190845579,2.0078902064301792e-05,0.0012314290894517572
170,5.099584441630858e-05,0.025426853734409696,0.9740083536231713,3.7389316200312134e-06,0.0005100578663826057
171,0.00017364376735521918,0.041364766565457116,0.9576564494274089,1.0778196389430515e-05,0.0007943620433891606
172,7.918157861331937e-05,0.03182444062776518,0.9675542471283345,9.456630824994668e-06,0.000532674034461958
173,0.0001580168034398466,0.0307072208645661,0.968571047047107,9.255805749603812e-06,0.0005544594791374747
174,0.0001105495419617051,0.034274545375513846,0.9650580947187825,2.3904693103224296e-05,0.0005329056706386802
175,0.00042541347784573523,0.17956371818981906,0.8166814045006693,0.00041106865341522904,0.002918395178250711
176,0.0003480834758594755,0.06250492394081242,0.9347833918892099,0.0003545296838982325,0.002009071010219917
177,0.04598037908952755,0.4577923766524414,0.3032826209431799,0.013799478911931076,0.17914514440292
178,0.004687558076890166,0.005217497154588504,0.0029454940766043794,0.0012260536521958732,0.985923397039721
179,0.10900289121277423,0.011684292058604417,0.0002732384395637002,0.005922756656287605,0.87311682163277
180,0.6634218378866426,0.021930593549258665,0.00011831693754684251,0.006941756861508035,0.30758749476504393
181,0.7847567523756882,0.06843969405143849,0.00041582913402583345,0.008086042747521824,0.13830168169132573
182,0.2922747888999674,0.18932827784587977,0.0002559103150591902,0.04512596534423754,0.47301505759485607
183,0.20403009168370284,0.3354133165045402,0.0003978854534912247,0.38167805775737473,0.07848064860089107
184,0.130844422056606,0.3650791101508697,0.0005259671167154922,0.373010791901166,0.13053970877464285
185,0.08268623546950128,0.7350798336390821,0.05186238950416979,0.08759449963731006,0.04277704174993663
186,0.06747176143681645,0.05545658240003355,0.00033134413207971616,0.8410948179267995,0.0356454941042708
187,0.18133967710831247,0.6185720929014739,0.002273450654809732,0.14210857546647335,0.055706203868930604
188,0.06504527526134514,0.8196473081499798,0.0015244670185755463,0.0896126558879104,0.02417029368218921
189,0.2276442943167371,0.30069288240088754,0.003720845022807635,0.3956000422521479,0.07234193600741988
190,0.02898158353717262,0.9250923581139286,0.006266666433435935,0.02496755424846186,0.014691837667001037
191,0.09241751506550498,0.8087335764635722,0.001806457114438304,0.06677466130980692,0.03026779004667752
192,0.08898011756618644,0.856521962869009,0.0031026913043825806,0.022708062429576934,0.028687165830844744
193,0.19680103335019125,0.678376021204476,0.004617470484845342,0.04609580902761433,0.07410966593287295
194,0.03544912236748744,0.9268176799312371,0.004103600094007833,0.00948745855670496,0.024142139050562988
195,0.09461080234047217,0.8618839814164404,0.0025141010637462,0.010342586449032574,0.03064852873030858
196,0.02075242322747803,0.8736707887409871,0.08284978390498471,0.001960359285039312,0.020766644841510952
197,0.06909643854362524,0.9106550792430107,0.0031695175901623155,0.00862026439295586,0.008458700230246032
198,0.039865800641867594,0.903872733211315,0.02772050951034966,0.005081526682242958,0.023459429954224932
199,0.05723518164200749,0.9254514562991415,0.003937625908399425,0.0066388266559090185,0.006736909494542538
200,0.01486748798230839,0.7737416744153469,0.16345493347198234,0.002253225475646783,0.04568267865471549
201,0.05563738725407547,0.9228637532393855,0.0019370041473255179,0.00356674702846327,0.015995108330750334
202,0.013437016033655992,0.9602242706763353,0.002239766245500304,0.0017388005409099657,0.022360146503598303
203,0.07116334485037024,0.8673014580868802,0.0011061892566975747,0.0037994623112789015,0.05662954549477314
204,0.03911378077645863,0.940455552407525,0.0010942315967882696,0.001845511872889856,0.017490923346338474
205,0.016971294817798372,0.9731761599308074,0.000415851019653726,0.001098946881420511,0.008337747350319722
206,0.08784995852223383,0.8745711398865871,0.0008563559387742915,0.0037990305555378806,0.03292351509686707
207,0.25408778530827064,0.47254693462132186,0.0024570637465501062,0.007234371879532745,0.2636738444443247
208,0.061467715300974474,0.9223216481618999,0.0013722901942166115,0.0021145432934407135,0.012723803049468437
209,0.014410293936789385,0.9765417932017919,0.0056033296818668215,0.0007422798564892562,0.002702303323062626
210,0.2884929433436187,0.3311577036632677,0.001156473326433655,0.005842279398073899,0.3733506002686061
211,0.04280578005874395,0.9378308142021793,0.0035877231606268145,0.0056449424382054815,0.010130740140244643
212,0.3229183409907066,0.29488642723096303,0.0006210777238943016,0.012989425588705795,0.3685847284657304
213,0.09321903234425952,0.8241240378705528,0.008225464134684961,0.0014264958517034838,0.07300496979879914
214,0.1464621097063638,0.7593415184268167,0.0022619217627239544,0.005958031203323918,0.08597641890077158
215,0.02571716580613752,0.8848073803314855,0.019342353623353875,0.0006681901538100714,0.0694649100852131
216,0.018930292156362844,0.9162041326266191,0.04613078711315387,0.0011121507391122075,0.01762263736475193
217,0.15115999178465708,0.6228389653250017,0.0026447213368292087,0.007154638964864289,0.21620168258864778
218,0.037815542817237154,0.8000693654776031,0.053437330717894096,0.0023408419021319197,0.10633691908513382
219,0.057249568921365436,0.8972781974981899,0.0021764020622474555,0.0023590637305849565,0.04093676778761243
220,0.038788618443312065,0.6770300897863917,0.027152208165281033,0.0006829968799825955,0.2563460867250325
221,0.07310687066666487,0.8773988572058921,0.00717140916215447,0.0034769586558299074,0.038845904309458806
222,0.02299624829148225,0.8393491040120178,0.04723810506909502,0.0019293982933338096,0.08848714433407115
223,0.13074435098535978,0.8148412628217961,0.0020290791230702498,0.008684823118134528,0.04370048395163927
224,0.007809746078213482,0.9608933409661431,0.019460957148222328,0.0011603014704303334,0.010675654336990897
225,0.11195527071278533,0.4135352849534716,0.03405234787746791,0.008704495577659675,0.4317526008786155
226,0.010268453931620855,0.9503967217062689,0.02450131707701174,0.0011386811157417403,0.01369482616935683
227,0.12295525426242988,0.7637908279135098,0.007022780338224864,0.012990179151959193,0.09324095833387613
228,0.0349557886144122,0.5080988702155961,0.08403031998758767,0.0038024475650986762,0.3691125736173054
229,0.07917948691420458,0.8683091011953963,0.005881753574948598,0.011218060454558506,0.03541159786089214
230,0.02621721824822599,0.06464901618307864,0.0031591740466101427,0.0010531171318909215,0.9049214743901943
231,0.1105108869169723,0.8198658821088581,0.006539589962671075,0.004227264989999088,0.058856376021499325
232,0.2632591411231716,0.6418027588842518,0.0029603787818542676,0.016217401629810845,0.07576031958091149
233,0.08104109551403994,0.8511133134936586,0.00858727762947319,0.0029200934307657004,0.05633821993206261
234,0.048386019831274045,0.7857164245967513,0.0923237589309938,0.00260298939090286,0.07097080725007796
235,0.16832629541856042,0.7571277651868786,0.005706525251456089,0.021199222548772226,0.04764019159433266
236,0.03151139041706006,0.7600373691451516,0.014408856796396436,0.0038904432911190685,0.19015194035027283
237,0.14785943115308076,0.7711297574950674,0.0015670757673198778,0.007906607955183598,0.07153712762934822
238,0.022713760714624845,0.912784726958483,0.006750401484423153,0.004708020345295902,0.05304309049717306
239,0.02093038158860648,0.9715188674213623,0.0006000463419078433,0.0032097041927629777,0.003741000455360337
240,0.016286709307760574,0.9504389738009564,0.014917381491372849,0.0021890390828971846,0.016167896317012865
241,0.012740915667867803,0.9573275691399816,0.006403956752843873,0.006354630563874289,0.017172927875432405
242,0.010458804514288704,0.9643576314367459,0.010689023835664103,0.0035022443559855373,0.010992295857315806
243,0.0418510025099137,0.14545409220739824,0.0027643472582470495,0.007521717214076531,0.8024088408103645
244,0.20452664885643976,0.5026902111342414,0.0031266302281322635,0.015541737468574906,0.2741147723126117
245,0.31882478937521236,0.5995085707586976,0.0013376731891291342,0.009883420951197324,0.07044554572576354
246,0.18629715613769848,0.7386498569130091,0.017451573984915775,0.004011342328005402,0.05359007063637114
247,0.011683273479187285,0.9767579889941547,0.007217297432812527,0.0006846934091571727,0.0036567466846883947
248,0.07879844342393766,0.635387569370458,0.018847132618736412,0.004959991650020619,0.2620068629368472
249,0.04750104740632731,0.8850182043468341,0.005652942856083159,0.007260494644216232,0.054567310746539234
250,0.11017265493375014,0.8170656721107791,0.002564631605986734,0.015265556276708427,0.05493148507277561
251,0.016845659848285215,0.8968342054025742,0.017608151585743307,0.001536606512576572,0.06717537665082074
252,0.019201093700174067,0.9430795910882888,0.021744848654015266,0.0016887943156825172,0.014285672241839104
253,0.02746984694406599,0.9116351869741226,0.009754012076426559,0.002555071142438503,0.04858588286294632
254,0.035708104912853894,0.910630044494973,0.01895423431261475,0.0033893095002531216,0.03131830677930536
255,0.0654231632990822,0.7879980841317066,0.004894163101359714,0.006282234392079497,0.13540235507577195
256,0.008651211293799987,0.9282275060108952,0.045905742344616036,0.0008756256249264262,0.016339914725762263
257,0.13888346185494782,0.5323170345568339,0.004312403414929851,0.008763582507246313,0.3157235176660422
258,0.024063634768940592,0.8215650424319254,0.03376251205702612,0.0014578413661024965,0.11915096937600561
259,0.011392964992890128,0.9758183340994774,0.0034849676410129145,0.0008509151238847228,0.008452818142734877
260,0.058324481329997305,0.7959555546963256,0.010623657243275943,0.0028131701314607353,0.13228313659894034
261,0.0491482686420634,0.9115838487464841,0.004473052980177237,0.003042082304749488,0.03175274732652573
262,0.021193482504234976,0.4998466758298839,0.027946768148118445,0.0029703851389493796,0.4480426883788132
263,0.026734331004580326,0.9607904448038815,0.0010453725843616014,0.0014244850643359926,0.010005366542840552
264,0.026982391029223545,0.8867478137809086,0.00555590639755443,0.0024546881689245627,0.0782592006233886
265,0.0457678502116271,0.9222230223579662,0.0028083941957712877,0.0022437565870043114,0.02695697664763094
266,0.013071210959375607,0.9538300706650115,0.007747064111436862,0.0017027164930330933,0.023648937771142943
267,0.004106737611425583,0.9291520622368906,0.03316085779921057,0.0008011199659583475,0.032779222386514734
268,0.08248455589130216,0.35472355576746883,0.010152466791545602,0.00938510245226066,0.5432543190974228
269,0.032145489795569755,0.8999251998135567,0.01810397011779666,0.0036639997134222933,0.04616134055965467
270,0.12324404352609632,0.200814503032633,0.004288950467434262,0.007578387923821439,0.6640741150500149
271,0.034904366947337374,0.9477315800432831,0.002059837109327342,0.0024944253279871363,0.012809790572065157
272,0.1506948155067916,0.41088090283258144,0.012508039386469376,0.012533443799568363,0.41338279847458936
273,0.03950374754144652,0.903536445155538,0.003793570135473586,0.0021946093781121567,0.05097162778942972
274,0.16260603324320463,0.4140870112363041,0.002965363388913601,0.03258197725015082,0.38775961488142685
275,0.0389211306677179,0.8784744959495592,0.03593792051565886,0.0026902300239561396,0.04397622284310789
276,0.1394146732838393,0.05431916923324897,0.00015265545074133404,0.005231990182406827,0.8008815118497636
277,0.10329197390595131,0.8697993953290255,0.00023305662508853197,0.0025536622761321752,0.0241219118638025
278,0.1942283342349596,0.670202159099181,0.000515026220753111,0.011576577703183164,0.12347790274192319
279,0.12939641502467564,0.6029828059185871,0.0019033547153446087,0.013621987074961615,0.2520954372664309
280,0.28315808460647185,0.10345772439482857,0.00021805694467279442,0.021756349038954625,0.5914097850150721
281,0.04351906504529178,0.908318879732247,0.002656606038938581,0.005795445472027792,0.039710003711495044
282,0.3611495495403031,0.3262748520200051,0.00022527133847076515,0.04872987694140451,0.26362045015981656
283,0.08781212019454805,0.6029661597258237,0.0011826809453167096,0.015476815646038538,0.2925622234882729
284,0.022368867804009682,0.02221132318550826,0.000484766402966657,0.0040774453098190834,0.9508575972976963
285,0.3597407979099708,0.04312205592799764,0.00019533355454209015,0.011047529389054784,0.5858942832184347
286,0.6530294290476621,0.08391468677204665,0.00015121704337211733,0.019734021231044587,0.24317064590587448
287,0.5630393180447876,0.36138031467058995,0.0006666078632059623,0.019456216974490487,0.05545754244692607
288,0.36820566165953145,0.34219416796519897,0.00022862556989142416,0.08465278026963048,0.20471876453574764
289,0.05446473337969488,0.884386593602824,0.0009717466890927042,0.041624544956436714,0.018552381371951684
290,0.029073669819854594,0.8996321476056236,0.00034366641201486256,0.06209631642035548,0.008854199742151353
291,0.15147994771012288,0.41082008113101276,0.0007898724686055859,0.19832385819637532,0.23858624049388347
292,0.026292374494137717,0.9073567553126666,0.0005715417797456787,0.052666766961497184,0.013112561451953015
293,0.07847332455703077,0.7662794282980753,0.00051371868381377,0.06077445592308508,0.09395907253799501
294,0.02562483590363292,0.9620394049465392,0.00022723962281236034,0.00800838516183617,0.004100134365179527
295,0.08472493334637257,0.817857462170619,0.0010247744122524943,0.0334550825152581,0.06293774755549768
296,0.010026880611340808,0.9715450606670661,0.0009619586322869662,0.012976009483836188,0.0044900906054699844
297,0.06699213791272221,0.710937920449295,0.0014978095517198307,0.026627403219897993,0.19394472886636507
298,0.0076875724167042485,0.9810607933039184,0.0017880143635863063,0.006530987119107618,0.0029326327966834914
299,0.06558070881518073,0.5692325435440216,0.0011632468275271893,0.047396148120056575,0.3166273526932139
300,0.032542605478935,0.9315562481448801,0.0002991741239749355,0.021305036808064864,0.014296935444145021
301,0.046459750117444826,0.8533576930311599,0.001423493894208223,0.04529993298217153,0.05345912997501546
302,0.04436889466541303,0.9038650798346224,0.00028543193391408956,0.032306031936810344,0.01917456162924023
303,0.08678256801588044,0.478668189686116,0.0007558911001257083,0.30903831600593595,0.12475503519194184
304,0.03647825963784553,0.5756298363457467,0.0003006160271798578,0.37446255905895554,0.013128728930272213
305,0.044633577144185525,0.22146068965204874,0.001051757564829149,0.5807188394063858,0.15213513623255093
306,0.05062763402052898,0.5595895718090047,0.0005187274732595133,0.37200696342899464,0.01725710326821215
307,0.08701468210612898,0.3383590147834274,0.00869957566435315,0.44014852250973735,0.1257782049363531
308,0.05201950672056574,0.3533556311908565,0.003406983708557133,0.5343857170973285,0.05683216128269207
309,0.023896642640832664,0.03985547037979001,0.0010071412604358428,0.8714143527753111,0.06382639294363042
310,0.04637112148661039,0.03625869469347872,0.0007759036204277838,0.8458595614803347,0.0707347187191483
311,0.049699026168180546,0.024190623059231114,0.00030648870739756424,0.6225620604818372,0.3032418015833536
312,0.05624212539306856,0.011380044477666152,7.66670077952515e-05,0.8393873155141122,0.09291384760735788
313,0.021715714974394673,0.009239075688384711,0.00019287765648098838,0.6595639485474213,0.30928838313331825
314,0.034335714890329834,0.005406235622093873,4.724738024353555e-05,0.9233844868046004,0.03682631530273232
315,0.016367800211768296,0.004339023915471451,0.0001537475655990555,0.7129941966866461,0.26614523162051507
316,0.0273275461588454,0.005340366817099339,8.838319638622133e-05,0.7022420982435282,0.2650016055841407
317,0.025660418731063752,0.005366608532563701,0.00013205685829495892,0.32829978584535463,0.640541130032723
318,0.11511868191521388,0.0031440046516825657,6.144903118941704e-05,0.7068784430109858,0.1747974213909284
319,0.044818654721261085,0.00466681147041879,0.00016467935898241951,0.49854171457399027,0.45180813987534724
320,0.03664406203182583,0.005010793960047806,0.00011957264899144605,0.8295703014807735,0.12865526987836148
321,0.011044614669581456,0.0024156949995400544,8.080396768261627e-05,0.8244798792277482,0.16197900713544774
322,0.020810419374501593,0.00649220155313795,0.00019811155860940103,0.9014294528172194,0.07106981469653163
323,0.01197217289818183,0.0074288487524496365,0.0008035709331175659,0.9015884689070538,0.07820693850919726
324,0.015125948130058653,0.004757772966313209,0.00018309978233977973,0.6129901626630679,0.3669430164582205
325,0.034530565816078614,0.00646655174577049,0.0004825555654512947,0.5779221858673381,0.3805981410053615
326,0.04307728591450902,0.003970612015055865,0.00013974198092363407,0.753236260991434,0.19957609909807755
327,0.06508215225480202,0.0061560231156851,0.00013115341972115148,0.7824358643284428,0.14619480688134898
328,0.04887057013384812,0.005597670060986853,0.00012327912242218465,0.8210182498746555,0.12439023080808728
329,0.06655406993315477,0.013904014894192898,0.00029911041187719224,0.7329345863066874,0.18630821845408768
330,0.040286491410878006,0.007416838325640191,0.0002515139092921604,0.8296051111560451,0.12244004519814461
331,0.02591556244797812,0.010332850988801254,8.49558837586381e-05,0.9266377134834972,0.03702891719596478
332,0.011752575964288922,0.0029173550875240305,9.350181183598122e-05,0.9361298853696425,0.04910668176670876
333,0.038184862544735,0.00976347398015979,1.2324291648365449e-05,0.8327555036934673,0.1192838354899895
334,0.04355169403867297,0.006339228552153105,1.1707257431779302e-05,0.8766253789651773,0.07347199118656483
335,0.08899183320557223,0.00802223585510182,1.6867391493911026e-05,0.6917630287228584,0.21120603482497366
336,0.23158035756400075,0.04040472400100788,4.9357253296646334e-05,0.6287830074261372,0.0991825537555575
337,0.0765473144841417,0.029162587343827207,3.729570256690701e-05,0.7898247095548836,0.10442809291458063
338,0.118611357539748,0.02565027496807998,2.5471983228648866e-05,0.8246959805769849,0.031016914931958444
339,0.0771176307269919,0.06524309140486248,6.859637137305616e-05,0.7342835616474878,0.12328711984928473
340,0.058455271204129515,0.141331929676242,3.708514406959552e-05,0.7920762926588761,0.008099421316682726
341,0.061876693505171984,0.2137318873111958,8.545579144492526e-05,0.6813297087209519,0.0429762546712354
342,0.10552348673682263,0.09105766752951142,0.00010842998199171829,0.7097596597085025,0.09355075604317174
343,0.061423016909371166,0.2893396520028412,0.0002938193331384692,0.561613596294379,0.08732991546027018
344,0.26532230537301676,0.43835999392416247,0.0001630471083469638,0.22558835865877547,0.07056629493569844
345,0.07972251387387726,0.7931892737993067,0.00019302977156357133,0.10251205192662091,0.024383130628631473
346,0.2533286615836179,0.35851750900296503,0.000260860395437199,0.2051404513882524,0.18275251762972758
347,0.039207797114910625,0.8980115506298412,0.0002334838934687155,0.0515617657485192,0.01098540261326039
348,0.13904014129768688,0.7039221554333,0.0003573347864633642,0.04667323467704236,0.11000713380550753
349,0.026668214277178855,0.9635904574790661,0.0003696681822037888,0.0035963166849568,0.005775343376594462
350,0.056748095320133446,0.7513338072667051,0.0009512679655950146,0.04168543488794325,0.14928139455962308
351,0.00572444316279397,0.9838960108593762,0.0014684121918268963,0.005051287088801106,0.00385984669720186
352,0.04003921802686257,0.2330112915257516,0.0028950257029532,0.010780390426218086,0.7132740743182147
353,0.013749661848213891,0.9681974989367733,0.001765922330408415,0.0025078711145230695,0.013779045770081374
354,0.036896398140783,0.22973903621451425,0.0009096084206224138,0.020300793803185162,0.7121541634208951
355,0.009896270322308335,0.9597607159444088,0.001903639476842685,0.0038961751819108024,0.02454319907452935
356,0.10533778163631757,0.5529526137731922,0.0016278266830421799,0.04772869929247734,0.2923530786149708
357,0.09809198168039328,0.6043719659664343,0.0014173295127351613,0.027814756788567416,0.26830396605186985
358,0.28428474389072744,0.5212112441925671,0.0019585280276016082,0.060249008163915034,0.13229647572518882
359,0.08636412556805713,0.8136514240389685,0.0006518399031059676,0.012883200846882051,0.08644940964298625
360,0.04657879316189216,0.9234803993776504,0.000641749913517471,0.008930794568965414,0.02036826297797454
361,0.15542184336376177,0.2615814625316961,0.003178858168091817,0.029166606755187754,0.5506512291812624
362,0.009037514897128406,0.9552146588334609,0.0045873986130798485,0.0038514025427561723,0.027309025113574786
363,0.0981551505659788,0.4892865723533008,0.006059882330364627,0.005034291786825617,0.4014641029635301
364,0.050574168258622904,0.8351544783851134,0.006825316535076632,0.003399957647821077,0.10404607917336606
365,0.0932396645870352,0.3406384855133687,0.001231262662179707,0.006387953213689959,0.5585026340237265
366,0.028392112667445308,0.8901242872855964,0.0015462376289893328,0.0013146461038412813,0.07862271631412765
367,0.05507832808660423,0.9354326120256845,0.0003767743270935288,0.0011163944070557666,0.007995891153562041
368,0.03201790027271614,0.9204686776122958,0.0010121593446652795,0.0016747494661675383,0.04482651330415512
369,0.14823932220413336,0.2656752498200806,0.0010868939972870284,0.0014439887310667286,0.5835545452474322
370,0.014180898672965472,0.9721847813417379,0.0013302324112047512,0.0003631481009652818,0.011940939473126785
371,0.09662595916145615,0.8220197652335169,0.0005712574966438576,0.0017648895587523761,0.07901812854963074
372,0.02796465111982198,0.8345491223199063,0.0006476729082362927,0.001619030514015045,0.13521952313802033
373,0.01012964184220102,0.982066937287765,0.0006393621873758122,0.0008431304524502933,0.006320928230207899
374,0.027583888965538452,0.9521031971960187,0.0004920536474989481,0.004692300959605957,0.01512855923133814
375,0.006434992139198712,0.9857593108069362,0.0005340518979712495,0.0019912870667357393,0.005280358089158098
376,0.04888341578084642,0.5069598806230599,0.003316128861855734,0.0038358334259953183,0.4370047413082427
