epoch,N1,N2,N3,R,W
0,0.0003021040319050836,1.9512475283930318e-05,2.849117731514519e-07,1.82377243521936e-05,0.9996598608566857
1,0.0028206723589932945,0.00019789312009185187,3.4043629491640196e-06,0.0002648897188220065,0.9967131404391437
2,0.05639260879844678,0.0021989527054893905,7.550497217389153e-06,0.001291250518534611,0.9401096374803118
3,0.018332607945966858,0.0007757275740786094,5.293584494318614e-06,0.0006397436248722799,0.980246627270588
4,0.06749623355328309,0.002022076273545561,1.1636808461488764e-05,0.0016360752602356916,0.9288339781044742
5,0.19891384744470125,0.021431618259254565,5.7649938032212455e-05,0.017620470271444505,0.7619764140865674
6,0.022510066681818826,0.007435229347005028,6.590400226820151e-05,0.0012360086792733052,0.9687527912896347
7,0.19527366580521907,0.0571909986936611,8.190727813939296e-05,0.09089963591778455,0.6565537923051958
8,0.08697980990864675,0.11457505517694913,9.186306329324185e-05,0.024545866073669792,0.7738074057774411
9,0.18245476660615648,0.34517619367097496,0.000508885427600777,0.04588032715874477,0.4259798271365229
10,0.0938001285013851,0.2695282245132039,0.0002718978664473738,0.0037074480719002495,0.6326923010470633
11,0.0976706994255467,0.29928620750435037,0.0004572896803837501,0.008614089152660665,0.5939717142370584
12,0.1008698059612188,0.6781590619054777,0.00608729789129138,0.007027127387795645,0.20785670685421653
13,0.0893358024267068,0.7900384045843335,0.0019766026304926915,0.03537138231965423,0.08327780803881268
14,0.061784369436547366,0.5302551604530479,0.007146162491829517,0.0038839776892901313,0.39693032992928506
15,0.06649812790116018,0.8794222590181007,0.0054968368683316355,0.0040361513362893835,0.04454662487611824
16,0.0015399578747518953,0.004514961407697396,0.00016838426935823937,0.00019556935751074343,0.9935811270906816
17,0.028983080667436868,0.004742121750123152,1.0045321504041786e-05,0.0031768996783594545,0.9630878525825763
18,0.10454723624207733,0.03229112727139902,3.274999830519575e-05,0.005511385921477114,0.8576175005667414
19,0.28559546268498476,0.29703141685508044,0.00011185921670966019,0.0015846229820900282,0.4156766382611351
20,0.0778775159547276,0.08615230904744808,4.60163795149192e-05,0.0009719347764898192,0.8349522238418196
21,0.09811294053364429,0.4406970342046538,0.0012908925505072364,0.0016613439026696446,0.458237788808525
22,0.09853201634485162,0.763249011196642,0.00012976853714930805,0.0033238623080544803,0.13476534161330259
23,0.07241134513925747,0.739805582636149,0.0023099286895782926,0.0024693078349584258,0.18300383570005685
24,0.03727078441975283,0.888616246625617,0.002586399995746725,0.0009360872333932518,0.07059048172549003
25,0.0837059826967287,0.8233709843619155,0.0014335735406059533,0.002968620516674476,0.08852083888407554
26,0.0315043763104762,0.9403123730719765,0.002281287671116713,0.0010363461117083017,0.024865616834722357
27,0.028304660899037694,0.8719122391329048,0.021264788367488265,0.0004336839363432817,0.07808462766422593
28,0.143184208192348,0.3188930127256869,0.0006139424798020645,0.0026533134333233035,0.5346555231688397
29,0.035118158996297666,0.9432312294135996,0.006669590261023886,0.000294155989437299,0.014686865339641277
30,0.032574555122750884,0.8903246966629217,0.009426233442223807,0.00043217545118379066,0.06724233932091984
31,0.013757551637845295,0.9469798507161256,0.02253598891007001,0.00013091603169639067,0.016595692704262834
32,0.03646620079833704,0.948810241811339,0.0015076289437508219,0.0007732282942814044,0.012442700152291838
33,0.010417333804114678,0.9794020442971132,0.004687020668806091,0.0002281476796454465,0.005265453550320765
34,0.011226622746499762,0.8863110670776382,0.0876929627906818,0.00013209234248377593,0.014637255042696572
35,0.0900282431945355,0.8896918709357744,0.0005092788565258009,0.002227630013773154,0.01754297699939126
36,0.015137956442392258,0.9095379816194273,0.06366234650274775,0.0001979029661608358,0.011463812469271866
37,0.01805908912650281,0.8031157437580001,0.1688196099466536,0.0003381128609190012,0.00966744430792462
38,0.013513149388906983,0.9585933400978737,0.02297880726975159,0.00035706813032642884,0.004557635113141368
39,0.04405544740184503,0.883639511015512,0.047158993148803015,0.0009335203838333481,0.024212528050006604
40,0.015301093222736767,0.7853740174224645,0.18612533503552556,0.000550475932850643,0.012649078386422598
41,0.04740954800232152,0.8185928774809982,0.07586178440273968,0.0018072337705728131,0.056328556343367794
42,0.10949755635748164,0.4396445498052623,0.04334049442193862,0.003299172941187284,0.40421822647413025
43,0.07676355941466063,0.3807496948016375,0.06941792125129218,0.003720250242939119,0.4693485742894705
44,0.16575344230511296,0.6019478987832566,0.046798062352324005,0.0008502217626131441,0.18465037479669327
45,0.15825069415509618,0.5818815637159748,0.07065198279123178,0.0012593107500445343,0.18795644858765284
46,0.06520880623926106,0.7362709907513494,0.1692542670403402,0.00026243725171021855,0.02900349871733913
47,0.05910008314829183,0.7791912826561805,0.14748251067468104,0.00042352684684522217,0.013802596674001338
48,0.029299504025865303,0.6889772627267587,0.264488892713862,0.0003005088149063828,0.01693383171860754
49,0.03293590488048826,0.8128704543440104,0.11348252481690185,0.0004406115218678948,0.04027050443673155
50,0.1629399305791905,0.5585815573737022,0.09013157042721007,0.001880598721174035,0.18646634289872321
51,0.034334750208335776,0.7966701332121291,0.11688077490454529,0.0002484061968348182,0.05186593547815508
52,0.0691151741045696,0.6705377402701066,0.08889628025686114,0.0012633052713358168,0.17018750009712683
53,0.0359853459011904,0.6329926591892676,0.2255893373568624,0.0007570184136746229,0.10467563913900481
54,0.1157025858736634,0.7350902357342173,0.038925637074938645,0.0011228307881589396,0.10915871052902178
55,0.027624296106211456,0.6487778726640488,0.2897927197303872,0.00025835761953084185,0.03354675387982163
56,0.03478595276066389,0.5515221699163008,0.37705348613540407,0.00016528625538064293,0.03647310493225068
57,0.004681412886800497,0.22624546599396692,0.7529527592356138,6.848634896091359e-05,0.016051875534657926
58,0.005613491326136909,0.19762232902963286,0.7791121168760861,7.961938859703588e-05,0.017572443379547237
59,0.006553598363699809,0.20720924615108485,0.7509640213617577,0.00012166552330953367,0.03515146860014798
60,0.04869475294724504,0.2927672698599488,0.543700755521125,0.00040372856869085163,0.11443349310299025
61,0.039242971139807105,0.1455134334818757,0.7180725493138388,0.00027263245063392923,0.09689841361384444
62,0.046140527640649354,0.26325150374435236,0.5092740716323527,0.00045487493320973407,0.18087902204943573
63,0.04932864071785674,0.3144477182120912,0.3891905765556162,0.0005174712531322418,0.24651559326130368
64,0.009725427923441278,0.10805752351371918,0.8273660654950475,7.938431502318893e-05,0.05477159875276881
65,0.014944331540535425,0.2560650854623321,0.617336106996325,0.0002262455918199792,0.11142823040898747
66,0.01137441616533033,0.14913770892273062,0.7878914653249435,0.00023878774559810367,0.051357621841397506
67,0.011396514324903148,0.11102151710706196,0.8326077574777433,0.0003811413327921129,0.044593069757499625
68,0.03620359379422534,0.4540195229731611,0.45940300413687973,0.00023098376560623784,0.0501428953301274
69,0.006941444782306905,0.2256522713281742,0.7512043387806417,0.00017757375621339883,0.016024371352663838
70,0.01395008133762284,0.33805444723168565,0.6348475609736433,0.00020729933103639934,0.01294061112601194
71,0.013597838575012709,0.30342973672586865,0.6652646446946703,0.0002470207489351414,0.017460759255513266
72,0.030257705074675637,0.16276352349782483,0.7177181846078529,0.0011508061061844064,0.08810978071346232
73,0.09557236165551083,0.44384394336339705,0.3778366476734645,0.0020516326112392843,0.08069541469638818
74,0.03195532351775192,0.3066078651800224,0.6464088900436212,0.0002557227573113307,0.014772198501293002
75,0.09983861982044269,0.4677273851872004,0.2941198609075687,0.0009840932329722946,0.13733004085181588
76,0.01559533923413716,0.20340562093514278,0.7714894541669846,0.00010086670734357371,0.009408718956392108
77,0.027915003445785708,0.31020266311837624,0.5930396945523996,0.0004648424652663363,0.06837779641817215
78,0.0012198281897097282,0.07122860488007324,0.9245624131195372,3.139827328031337e-05,0.0029577555373995297
79,0.019039990223944897,0.3099918743508654,0.6375710426573021,0.0002608505480783313,0.03313624221980932
80,0.0185458766954592,0.19028910867103305,0.759939914059562,0.0003419064867387189,0.030883194087207248
81,0.05298174137664083,0.24523482851396622,0.6399711256875443,0.00021152937688480636,0.06160077504496374
82,0.052206623264195944,0.2906793021692915,0.6408307489562044,0.0003541202676080186,0.01592920534270031
83,0.04869992383382647,0.32390496933362717,0.5336502707126831,0.0006351726346897908,0.0931096634851735
84,0.03713257363057581,0.22311802584570356,0.6673337966922438,0.0005165544379418605,0.07189904939353489
85,0.02389734973956494,0.1170737150858565,0.8176081621879991,0.00026169904000281487,0.041159073946576516
86,0.022956983856719897,0.1310030947161335,0.8120186154889723,0.00020231460931503329,0.03381899132885916
87,0.007349367002950337,0.10828252471728429,0.8665152654454668,0.0003620813956218374,0.017490761438676786
88,0.04674515650668921,0.4015550009268003,0.4036522423547892,0.0015130094174891286,0.14653459079423206
89,0.02981823620525132,0.3797055087628602,0.5201064157095774,0.0018787336021417905,0.0684911057201693
90,0.056218951219174265,0.38871229802712554,0.333054736818014,0.0015865524886779535,0.22042746144700828
91,0.026808963925217658,0.39417267234881237,0.49864223886019193,0.0004236159359515356,0.07995250892982664
92,0.023775117754275744,0.5544400993645708,0.3860920675450042,0.0008276111620894076,0.034865104174059865
93,0.02979731425250654,0.8006392910618289,0.1388672076054709,0.0012563123409747579,0.029439874739219028
94,0.04260190318262354,0.5804939556015483,0.36383270161633324,0.000653542017476467,0.012417897582018538
95,0.15153799007382124,0.5064767812036695,0.23092321865347726,0.003959836335785324,0.10710217373324675
96,0.059714064159910464,0.23118322500761287,0.673906178285443,0.001160066425444774,0.03403646612158905
97,0.09741945768717468,0.4727396560554979,0.247988145756513,0.0036871341770139837,0.17816560632380046
98,0.12406447120828203,0.4699647214000879,0.1102820902884252,0.004266193665803936,0.2914225234374011
99,0.07139861188248736,0.602188901082746,0.28117845361018495,0.0009711058991821307,0.044262927525399655
100,0.07817547854953541,0.707007403836458,0.19912869261299443,0.0007791358299918074,0.014909289171020378
101,0.03202028984759422,0.5660432241411794,0.38783180598581163,0.000721146943104599,0.013383533082310209
102,0.05822685234129026,0.5619752677509153,0.3569309725164861,0.0022353832550434977,0.02063152413626489
103,0.019619206016574305,0.4534933190114632,0.5112145297751621,0.0011984991160024767,0.014474446080797851
104,0.08658227442624034,0.5889861238455427,0.257573132991078,0.00419173298525223,0.06266673575188679
105,0.02378216872379185,0.4648735868996352,0.4970992367038636,0.00039599694268620576,0.01384901073002311
106,0.03613417674021591,0.5381803318814801,0.4052258051630908,0.0011184105311664461,0.01934127568404682
107,0.02524938312708307,0.7282526416328479,0.23076638135557612,0.0009242278781019251,0.014807366006391098
108,0.011704269895139431,0.45346485838991757,0.5309304585790386,0.00017456832342739568,0.003725844812476993
109,0.008840106518076402,0.2655179509587938,0.722682400381705,0.00014682929400089883,0.002812712847423807
110,0.003977478782332121,0.27803124029956516,0.715352408556112,0.00010676460274829992,0.00253210775924244
111,0.019896063883961645,0.3385216813252826,0.6231202911674938,0.001374117970160792,0.017087845653101147
112,0.01242686468137477,0.15214574604258696,0.8266234792658286,0.0005231548579284856,0.008280755152281065
113,0.02336356652572482,0.3602642381765929,0.6014937374009821,0.0009242448349758884,0.013954213061724235
114,0.007794097854996548,0.1571360279632321,0.8188473008185596,0.0005766179831698367,0.015645955380041984
115,0.009958849894797932,0.2666662748375352,0.7157924752679674,0.00032864792677608155,0.007253752072923534
116,0.015605676770054453,0.25285701230732344,0.6950808355015464,0.0012722903639212492,0.03518418505715433
117,0.014837190817067965,0.2842479546677283,0.6715373021078577,0.0016491688941449923,0.02772838351320117
118,0.10404020044365182,0.44564708956796734,0.05972779586003918,0.00399950801070332,0.3865854061176382
119,0.0421347176216902,0.6343310476778584,0.29000956054578947,0.002574728461355296,0.030949945693306755
120,0.04355289011257576,0.7664007293181533,0.1599672302620648,0.002879727339447019,0.027199422967759304
121,0.07065915947308862,0.7291298022435243,0.15632013544352477,0.0035188803854091263,0.04037202245445329
122,0.18663194371121442,0.5963296093206045,0.04200848948616476,0.006847945583329542,0.16818201189868673
123,0.06529396561953993,0.771217253481118,0.09385722293004449,0.0047959304208139595,0.06483562754848368
124,0.06627985855983465,0.6374625136338125,0.08378542735967473,0.01138747935413708,0.2010847210925411
125,0.01397436644313891,0.013384645831856768,0.0009392309147596195,0.002392423476622445,0.9693093333336222
126,0.1952043291822589,0.08870481380872712,0.008689904413010784,0.014462526074778269,0.692938426521225
127,0.31202513510291957,0.14332890182814878,0.00842562375625113,0.011710864210204392,0.5245094751024761
128,0.21937347530469145,0.3887029207916878,0.003303986940513146,0.02388988512871446,0.36472973183439317
129,0.12437000824927773,0.5022145540758945,0.030695315528394846,0.02579687124786941,0.3169232508985635
130,0.008314367039777778,0.015467528247436326,0.0007791600573760037,0.000963341683130689,0.9744756029722792
131,0.450685640629972,0.1880417404571082,0.015788791366690397,0.017664044274323287,0.3278197832719061
132,0.17898251901030127,0.42145868975666884,0.017632996016562423,0.023641827127378133,0.35828396808908924
133,0.4625752201295763,0.29644386860450717,0.015208067922896478,0.012239565200504326,0.21353327814251585
134,0.1164725295768129,0.13953758397196844,0.00814089188177799,0.03172033591199494,0.7041286586574458
135,0.1150547466453178,0.1270380849278965,0.009693325209880421,0.014972498241514092,0.7332413449753912
136,0.20116463619567365,0.5795219936804187,0.041559103753966944,0.02706725337076936,0.15068701299917128
137,0.18779428536838064,0.6899127562268612,0.035119655618275875,0.01759319183548215,0.06958011095100022
138,0.32543307709348346,0.5770080114206265,0.02305018964896551,0.024271027764749133,0.05023769407217534
139,0.23321313277348443,0.5116000565416209,0.03715319927169897,0.05967056269465976,0.15836304871853607
140,0.07655955482255616,0.7947399788294603,0.051767581103422625,0.01736126783742304,0.05957161740713802
141,0.09875466234636189,0.690966471800903,0.07583835536761244,0.024867420333931953,0.10957309015119066
142,0.03301359840886031,0.8550359689361436,0.02730828524834384,0.04144930764351918,0.04319283976313311
143,0.04921980422957756,0.8213521062744508,0.015277671217447723,0.05363162264691677,0.06051879563160698
144,0.05665385989132443,0.7893110316051035,0.0052383145766467425,0.12389203793140527,0.02490475599552002
145,0.12745820964636215,0.0676410942828964,0.0002050539578167452,0.7495532604504332,0.05514238166249132
146,0.15612750823116617,0.07070596310579319,0.0011390735413942712,0.16715810440869408,0.6048693507129522
147,0.10795281737719997,0.038062526855909495,0.00016070389906940204,0.7953478609251032,0.05847609094271806
148,0.09413593546237034,0.03890018244589188,0.00012492269363274382,0.7793535930115076,0.0874853663865975
149,0.07286879482711206,0.01902265433626561,7.158586420380761e-05,0.8320863018882622,0.0759506630841563
150,0.11194083629348307,0.034146551819715,8.456961107877075e-05,0.7064676304647365,0.14736041181098672
151,0.12390598893288733,0.048124737123697525,8.953031332084436e-05,0.6865612627018508,0.14131848092824362
152,0.03123249686932492,0.014828027073162161,9.254123862325216e-05,0.17000450032679806,0.7838424344920916
153,0.05835421367754484,0.014375876426155523,4.243035273263553e-05,0.2910048661482914,0.6362226133952756
154,0.17139090972484677,0.025187271282003446,4.843342755096782e-05,0.47571361075728996,0.3276597748083088
155,0.18077664077091,0.03111776226836642,4.046204449820946e-05,0.5206105817153115,0.2674545532009139
156,0.08553781765523467,0.01917724447721033,0.00011751438387941041,0.453357766703666,0.4418096567800096
157,0.017982303239281253,0.005824322918154701,8.774728550291538e-05,0.047062932049288984,0.9290426945077722
158,0.16531595802682722,0.03475343297351642,8.464153561252274e-05,0.38714299900790305,0.41270296845614085
159,0.19495154279190618,0.18233594648570206,0.0008925704443819286,0.29751192657955416,0.3243080136984557
160,0.1383137052038606,0.022179202128494235,4.526205723993863e-05,0.6096393615361644,0.22982246907424086
161,0.0732532311322238,0.05011894020887808,0.0002415243016025022,0.6523030072809808,0.22408329707631475
162,0.0333061192501531,0.013222497704847087,1.8211865197727968e-05,0.910782776830636,0.04267039434916597
163,0.06286698778060128,0.016021938614056857,5.87920314951914e-05,0.5735034303413501,0.3475488512324966
164,0.03612287678872345,0.014692587167245441,5.2442495392638665e-05,0.21199146495093593,0.7371406285977026
165,0.08320363150313913,0.030068689242187193,5.432698583299674e-05,0.7775202544186741,0.10915309785016647
166,0.050048889392383895,0.02117072641268808,3.711519668203658e-05,0.7950317186452326,0.13371155035301335
167,0.06650710548584267,0.018290230416346583,3.918886777733896e-05,0.8304024687447265,0.08476100648530702
168,0.04248433495832812,0.008678421284340009,6.318524506429755e-05,0.6912806062067072,0.25749345230556053
169,0.05464184836576855,0.013454889054245469,4.9190706883816355e-05,0.451852621416814,0.4800014504562883
170,0.05024575049037095,0.01314521702626697,8.50850871163507e-05,0.28949779059579467,0.6470261568004511
171,0.08986759623373893,0.013237544154879209,2.9663938099863998e-05,0.6264298062312788,0.2704353894420031
172,0.11175357212775798,0.015679944107365108,4.053621289925322e-05,0.6413810125919117,0.23114493496006594
173,0.12188056003518098,0.0276411084209391,8.825041174831555e-05,0.5007708134836615,0.34961926764847007
174,0.10950881755969542,0.012901877391065105,5.784073142481267e-05,0.6556877924030524,0.2218436719147623
175,0.08344489027222331,0.021853654329814298,0.00015282337706470426,0.628193259359218,0.26635537266167963
176,0.06868052095762939,0.012974034224183775,8.593386746351619e-05,0.6537005038994935,0.2645590070512298
177,0.02786495372895052,0.008471429711911983,0.00013490252116236527,0.20750537674226835,0.7560233372957068
178,0.107840781273604,0.017274685351089683,6.148357425638482e-05,0.7044376064978973,0.17038544330315253
179,0.16751805227219196,0.04043499518007749,0.0002650641194979386,0.3339464719030676,0.4578354165251652
180,0.0839673565532712,0.016863688969516333,0.0001559528919377195,0.7276553655755269,0.17135763600974785
181,0.06987996288738944,0.0187713766872265,9.017674001572312e-05,0.7835906953826669,0.1276677883027014
182,0.060986434049843795,0.01375597429152051,4.4161881948301e-05,0.8360944781323405,0.08911895164434672
183,0.0402519070729594,0.008257758066837123,3.076573387166131e-05,0.8871672890289132,0.06429228009741876
184,0.02622242503297339,0.01556177923326467,0.00021181702540685522,0.10793516014105743,0.8500688185672975
185,0.024671873301968548,0.005037020110172118,2.2896188306822245e-05,0.08007915931720082,0.8901890510823517
186,0.2120520558592962,0.019469708774203214,7.732666305077899e-05,0.3023025709374448,0.466098337766005
187,0.19216081797165757,0.030206073179462944,7.803499124867679e-05,0.31044424657750586,0.467110827280125
188,0.18347214199505849,0.01557565172421924,5.734273070539071e-05,0.4583226934161288,0.342572170133888
189,0.10299022211757224,0.011496726111679177,0.0001374653381830129,0.6650031658395377,0.22037242059302792
190,0.009068698305263625,0.0031111799572493192,0.0003874432976942974,0.010892505579194722,0.976540172860598
191,0.07249924553255778,0.014004309281277468,8.636193057886647e-05,0.5077646143431085,0.40564546891247727
192,0.17178633569248444,0.01941491933289131,0.00010856546764353497,0.6459883341166018,0.16270184539037888
193,0.02123473825371021,0.016329664472964023,0.0006516698777051088,0.021263696852539926,0.9405202305430806
194,0.026400520732218376,0.033537230361927545,0.0005809313825768588,0.10307907023922154,0.8364022472840557
195,0.15452192262684006,0.04856120922167812,0.00034555878575179077,0.46271545744339915,0.3338558519223309
196,0.009723616640893811,0.012601411790523338,0.0005517276314169264,0.10744983050729014,0.8696734134298758
197,0.043030173169672656,0.011015788801477036,4.9982473417226465e-05,0.748453208570238,0.19745084698519513
198,0.03170270473801606,0.00524582083509996,2.707671647454118e-05,0.7784257026887604,0.18459869502164894
199,0.023302603662393978,0.0053687283778228855,4.832869612681991e-05,0.7512484053861757,0.22003193387748057
200,0.0289866529817183,0.006032473609249347,2.1042360003439622e-05,0.8948573472299023,0.07010248381912669
201,0.05381664264264274,0.00966027264356714,5.279154695894524e-05,0.5725044597149243,0.3639658334519069
202,0.01897494385524926,0.00563896633283874,0.00023689842868193704,0.03947820934501101,0.9356709820382192
203,0.26742430953118207,0.01997864707482135,0.0001300609441806472,0.4402503248926372,0.2722166575571788
204,0.1865162361704056,0.028046938865596095,8.858095824857125e-05,0.5904191085548445,0.1949291354509052
205,0.2933428263953051,0.030031364144560466,9.348188866554479e-05,0.529906063384421,0.14662626418704783
206,0.10396341044445634,0.033972647962716374,0.0004263834522806841,0.11746247280457082,0.7441750853359758
207,0.06684045254987063,0.009641975233493786,3.8718686361183564e-05,0.11211144324573523,0.8113674102845392
208,0.052804909886944904,0.024949550668550154,0.009691844692460788,0.13524324570773766,0.7773104490443066
209,0.11431756469008397,0.07336373342692055,0.024648887316912973,0.18280216392894946,0.604867650637133
210,0.09840249058243355,0.2186337193844672,0.013501496329388787,0.10383807239335226,0.5656242213103582
211,0.039962600455310734,0.04774203450008047,0.004367211638789654,0.027504425334936997,0.8804237280708821
212,0.06432268754007141,0.2766196729560397,0.022900638993693285,0.054207994563846965,0.5819490059463487
213,0.006484057535419744,0.02553543542478692,0.004442091830305314,0.00488044072978388,0.9586579744797041
214,0.022831110282124725,0.0503227035209852,0.010977773764743407,0.008472642623300846,0.9073957698088458
215,0.04272472269640041,0.03651636141139387,0.015212245654775865,0.009784286916837543,0.8957623833205923
216,0.05514859138594119,0.13625448218413408,0.011914162532181579,0.015903803859300434,0.7807789600384427
217,0.05539270132522714,0.32186198881262257,0.012283975012876381,0.03913432136368504,0.5713270134855889
218,0.042071636638786145,0.043215899019034186,0.01271655459419026,0.0161379763712222,0.8858579333767672
219,0.06444911815407242,0.1255191748617517,0.010589143477557576,0.036437526973946095,0.7630050365326722
220,0.07357028887165593,0.1409980846417513,0.010250187791241705,0.023298560837203105,0.751882877858148
221,0.019727582523892,0.04223960606694287,0.009645631510751675,0.006455264669712869,0.9219319152287005
222,0.1414866087690357,0.17075564444846206,0.0052885895043013045,0.033972767602523095,0.6484963896756778
223,0.228432675336485,0.4478153510934854,0.01567972296532689,0.043198172742118277,0.2648740778625843
224,0.14796116406710078,0.47266294391964525,0.028760714033863325,0.04486733617332891,0.3057478418060617
225,0.13470131519501705,0.623772614154196,0.03275090416386427,0.08586617355253869,0.12290899293438398
226,0.182221941949796,0.38077031551536283,0.10451674066618337,0.0744203181728381,0.2580706836958196
227,0.07156587668320405,0.680996326454861,0.06128459522919097,0.05438650005179652,0.13176670158094753
228,0.005661780411508427,0.005634620507795287,0.0013438089081115475,0.003945874298029721,0.9834139158745551
229,0.004207074005843188,0.0034157661387425667,0.0018040402826485554,0.001549589309862453,0.9890235302629033
230,0.18049068500347332,0.05513382316783158,0.007476638735603247,0.03999954301524136,0.7168993100778505
231,0.34080229675550666,0.07168253156683578,0.026871873426663508,0.056649054124391654,0.5039942441266024
232,0.23279149407128502,0.14764768505725645,0.036048054218617905,0.060916354338934026,0.5225964123139065
233,0.2249635534925608,0.16596449271353145,0.02701546649924355,0.19890161541267426,0.38315487188198993
234,0.11084780617878069,0.14993293636820937,0.016777636744101765,0.04597799503626716,0.6764636256726411
235,0.10821972415220772,0.4270053377318934,0.060929079459191064,0.05888629671513671,0.34495956194157096
236,0.09716355538399417,0.7820373861618538,0.027828020028139826,0.06128226122507672,0.03168877720093549
237,0.1073898570413821,0.8118678519855913,0.04186119049793944,0.023512365424170623,0.015368735050916531
238,0.16902320093450995,0.6414499463448852,0.05146404303926616,0.07279758386671377,0.06526522581462495
239,0.04562078230456289,0.8789686471874373,0.05783603592950087,0.01219812086103818,0.0053764137174609076
240,0.020229725249956382,0.8764411548711446,0.08618996562613129,0.009951526064398978,0.007187628188368828
241,0.09475421627768409,0.8524619811871142,0.032348074955309246,0.005034023405361067,0.015401704174531449
242,0.011246464025093569,0.8876582541688948,0.08761114844217362,0.0038269265082047726,0.009657206855633158
243,0.006175217130279625,0.8695335470584257,0.11449160662812957,0.002778246073481662,0.007021383109683706
244,0.009410206192091921,0.828104894095258,0.15945316975365648,0.0010615860066736016,0.001970143952320039
245,0.011809903634857254,0.8837050543421986,0.09768962197424017,0.0019549266083830437,0.004840493440320929
246,0.0377717286526778,0.7296872890498721,0.21754512762505968,0.006831860985096982,0.008163993687293432
247,0.016809323946221474,0.65884490591547,0.3186459808177842,0.0005739429649407426,0.005125846355583552
248,0.001874033832875558,0.3259327138982059,0.6688368436844521,0.0002963304909960561,0.003060078093470471
249,0.002168367256419106,0.3713341105264473,0.6217440375703065,0.00019393359079555617,0.004559551056031584
250,0.0013230532221566863,0.2906821606990025,0.706009171695166,0.00010206994448919206,0.0018835444391855506
251,0.0059152640888400715,0.6191559091415816,0.37033422054829157,0.0003077683654363084,0.004286837855850463
252,0.011046848296992264,0.6462501750521745,0.33803416689752247,0.0003618414072066329,0.004306968346104011
253,0.001912288140836955,0.21923955736098996,0.776213671981709,0.0002716107024987654,0.0023628718139652827
254,0.019124359379551502,0.3666515579895262,0.6089413685420033,0.0005441631632710057,0.00473855092564808
255,0.0010876611681332742,0.24651851653726545,0.7510875672756032,8.709621810590304e-05,0.0012191588008921685
256,0.005729334074030724,0.14354635443040464,0.8492030475472562,0.00020417489917935394,0.0013170890491292172
257,0.018016431670843908,0.2509081182380439,0.7039932501828416,0.001886028489335832,0.025196171418934883
258,0.0009351179351109002,0.06900350100676553,0.9283545842615999,0.0001338309250013141,0.001572965871522336
259,0.016089389182475097,0.3168266738239373,0.654510845393338,0.0012044263909521428,0.011368665209297359
260,0.0005580588004723037,0.06252003604203826,0.9354072003267361,8.062123187521674e-05,0.0014340835988782053
261,0.004650007815005906,0.20443853783187255,0.7877487022939208,0.0003497814062238769,0.0028129706529770823
262,0.043977142241667516,0.4712233331939629,0.4383851276219261,0.009143926277972824,0.03727047066447044
263,0.007515250513768971,0.26611902626711714,0.7128902371124399,0.0011642219190994491,0.012311264187574545
264,0.017710615354621283,0.33188693342074455,0.6371912006191007,0.001989341737103792,0.011221908868429671
265,0.1447688422884023,0.321064223223249,0.026650941282350606,0.026563957243314625,0.4809520359626833
266,0.1260236567500438,0.39876139098344127,0.018221235125706167,0.01371659275286158,0.44327712438794714
267,0.06330318825926533,0.037299443926244055,0.0010935763665187415,0.004593711182968515,0.8937100802650033
268,0.21923945857908708,0.7009873957032711,0.003686897380951014,0.0021311811836175055,0.07395506715307334
269,0.1222244790802054,0.6342612866127626,0.03164757836245435,0.0031748427112120456,0.20869181323336553
270,0.09252459054594103,0.7624743862977185,0.032476508194837404,0.006250945813852386,0.10627356914765082
271,0.05526883195452564,0.8493026307341041,0.021812231483736663,0.016938292529310846,0.056678013298322866
272,0.017089559487232526,0.9303358760306791,0.043608392924585015,0.00499048098426713,0.003975690573236219
273,0.03472429220352687,0.9331425729808136,0.00812516531318944,0.016184563027643605,0.007823406474826372
274,0.1797608832027186,0.580997837953254,0.011604093587455712,0.0425261170274519,0.18511106822911977
275,0.032777972861725096,0.9263846219376588,0.023633371648536395,0.008961901679976765,0.008242131872103002
276,0.08402843537761441,0.8634167551383626,0.03380280232552673,0.009378650495807505,0.009373356662688534
277,0.05973556696788587,0.8857082255359131,0.019992504905586687,0.010193890499959052,0.02436981209065512
278,0.11100363363585089,0.8007341019589853,0.00808519091392984,0.040482858461619635,0.03969421502961432
279,0.04570826812089089,0.8360852627417769,0.03057352615827715,0.015241005688894093,0.07239193729016097
280,0.3678361309421892,0.08335761656390128,0.0005969294706123014,0.031069204078976443,0.5171401189443209
281,0.14208766607340642,0.7680419542522261,0.012383103369080117,0.020139563128272597,0.05734771317701485
282,0.10243572295341132,0.8190240642902251,0.020374719534334278,0.026476020746908545,0.03168947247512081
283,0.03599808773004344,0.8374086576404197,0.01416680553621318,0.010359370316718642,0.10206707877660501
284,0.031193902277165834,0.8886150009275251,0.031920455170322916,0.02300704395082178,0.025263597674164372
285,0.04672757472756757,0.278942812251489,0.007238195239313208,0.010674620941386046,0.6564167968402443
286,0.17139085084164626,0.2788857653030382,0.019769121278836895,0.014872477171210612,0.5150817854052681
287,0.35525671352134813,0.5594340548266529,0.006731113590341861,0.017346834882758465,0.06123128317889871
288,0.04144036738595945,0.8773432136517461,0.04596928326527796,0.0019847095460336223,0.03326242615098289
289,0.04237855256177963,0.9138286311285193,0.02266977027061262,0.0061801819752352,0.014942864063853372
290,0.035155258577617074,0.855093592262589,0.09208913911554226,0.007656822032513004,0.010005188011738492
291,0.0279107715073934,0.8307618486708979,0.12613521075450085,0.006928557243730721,0.008263611823477028
292,0.06016432927295799,0.8570304085121658,0.04447265436121262,0.015489222275522638,0.022843385578140994
293,0.055803702421032775,0.872342182490235,0.04407694695569836,0.01064819569871196,0.017128972434322046
294,0.033792916286665614,0.7345938488438155,0.19227922830334376,0.011187325437743147,0.028146681128432025
295,0.03089411009441315,0.07592893273317675,0.006053029052502782,0.005464220656589398,0.8816597074633179
296,0.08902932882574241,0.57328252024734,0.1683134196499236,0.007416095274619688,0.16195863600237415
297,0.12288685877836102,0.6055561156407387,0.1989005695508825,0.004907511034680289,0.06774894499533739
298,0.14646528492983205,0.6955826049252861,0.10170292327574779,0.008704233099098065,0.04754495377003597
299,0.030323861760005236,0.6544919006369222,0.2830804203959621,0.007816536763630897,0.024287280443479664
300,0.06672561974218275,0.7553011445270661,0.06615881800833144,0.04172986097681657,0.07008455674560325
301,0.022983071712624634,0.8807734638712833,0.07048083929396026,0.012211006129137374,0.01355161899299447
302,0.13848413594187867,0.7506193417340711,0.016086616178364262,0.0491170645408492,0.0456928416048367
303,0.014141592133230532,0.9396256864465794,0.021547217358382196,0.006944494009080145,0.017741010052727768
304,0.21011772304230047,0.5650177768085807,0.024135692292627048,0.029531074423821604,0.1711977334326701
305,0.27814836457010456,0.14181899884728777,0.0013263961401991432,0.03626320656519665,0.5424430338772119
306,0.08525850172013927,0.8459267650113518,0.03063651979456056,0.023880707804371883,0.014297505669576546
307,0.08147218158326835,0.8075099314556633,0.019049990447142,0.010049566843330566,0.08191832967059584
308,0.04730318111683199,0.8462604713646076,0.016877015319519274,0.020576562510870196,0.06898276968817094
309,0.029167941317763325,0.02647356271675926,0.0032386542557452888,0.00800178442547357,0.9331180572842586
310,0.047259004407555344,0.0213742280523293,0.003475075948651873,0.021656145051552157,0.9062355465399112
311,0.13915869727893115,0.09027003643975409,0.008630255768020147,0.06177972845448302,0.7001612820588116
312,0.11694945357953923,0.03762203621417379,0.0055510568080496,0.05091085260812316,0.7889666007901143
313,0.024900428783885185,0.03844230060573829,0.0009616597355878816,0.006781120528255724,0.928914490346533
314,0.056737577553041575,0.01944203621717864,0.0011938348116386198,0.010595140281008112,0.9120314111371332
315,0.009404423380503882,0.011820324393526545,0.0018362170743874962,0.0024149347432857217,0.9745241004082963
316,0.1952187428605393,0.18141691616610112,0.012646335086761223,0.01441210069017143,0.5963059051964269
317,0.1791303044953439,0.749797310032495,0.044226014614961895,0.006637721196360545,0.020208649660838705
318,0.06297275632056416,0.7911591368253562,0.08504061083696557,0.0041410328178601435,0.05668646319925384
319,0.08216000961982889,0.5748067868802392,0.03458749222529825,0.12142382824152609,0.18702188303310757
320,0.11214501857073308,0.6609370932141215,0.008343259549602194,0.06334248178397606,0.1552321468815672
321,0.0337678557717971,0.7352413881852919,0.08327385907264319,0.017486913591091224,0.13022998337917654
322,0.14594956964331313,0.6974637659903289,0.029509442648153278,0.02982442774666982,0.09725279397153484
323,0.009398583452753408,0.9731020608318312,0.006667188287489197,0.00643235193080634,0.004399815497119875
324,0.007545216307533215,0.95200940945696,0.02325015115756437,0.0033678418377489747,0.013827381240193485
325,0.07235340723015804,0.09252372749344132,0.0009306033219469575,0.014278917841573053,0.8199133441128806
326,0.1704456151380292,0.4493835868964742,0.00692563032211209,0.05534209550273622,0.31790307214064834
327,0.15933564357154598,0.7961731616752987,0.0018407898637735787,0.01669267814074524,0.02595772674863658
328,0.15576788816970868,0.7321444009389659,0.005000701456625365,0.01702412167535865,0.09006288775934138
329,0.07707502208466886,0.7612063042958503,0.005077684656893459,0.03804319947093017,0.11859778949165724
330,0.05500483821390295,0.9026315358304958,0.0021004591956009554,0.0218626874977633,0.01840047926223714
331,0.03294851210007075,0.9024295904143308,0.031931675869786215,0.01119738668928768,0.021492834926524564
332,0.009064205281354189,0.002847355595573154,0.001057408276860525,0.001941256422571717,0.9850897744236404
333,0.03841847688352356,0.007114111154728024,0.0002329111746490929,0.00504103593027981,0.9491934648568194
334,0.28699966364621093,0.10666688411184175,0.0023996254391770388,0.013856884626913509,0.5900769421758567
335,0.726209441914756,0.20827108138028275,0.0004037380140235868,0.008077977498376179,0.05703776119256132
336,0.1362489804870307,0.8068911311622706,0.013233395514291223,0.007413904738904674,0.03621258809750286
337,0.04324319793037041,0.9253243741392575,0.008427897912771886,0.011833147105467191,0.01117138291213288
338,0.017233565536464174,0.9341977275186765,0.031229499833196138,0.011199793778395866,0.006139413333267463
339,0.1456479538237552,0.5961361288411005,0.0023899289065290644,0.15270707040124146,0.10311891802737398
340,0.011187791468878234,0.9773670626890982,0.0023032731288071388,0.007558343988861597,0.0015835287243547136
341,0.00498841373882342,0.9884927177556829,0.002347787877201721,0.001275128570982925,0.002895952057308802
342,0.08055688541037961,0.8828701248667957,0.0036408719260377807,0.022576120233532657,0.0103559975632545
343,0.02025442816768975,0.9194541564541233,0.015295801266140767,0.002058481618305696,0.04293713249374044
344,0.3590408553489362,0.30529833248019445,0.005610798184284163,0.01045397193181812,0.3195960420547671
345,0.0641690828069258,0.907026627855155,0.016664530233686352,0.0021203623714362266,0.01001939673279681
346,0.033108118574565616,0.905007690196368,0.04601129231803285,0.00293222450393522,0.012940674407098502
347,0.06479132625219418,0.8702824626742723,0.050201539345493554,0.00610230039230878,0.008622371335730919
348,0.014212638755408732,0.9061348638461793,0.066655919839749,0.004200788623340396,0.008795788935322587
349,0.01589891902970329,0.976044884183371,0.0022583426575952695,0.0027124084610964036,0.0030854456682342215
350,0.0059924578618434955,0.967955782804997,0.023219626729745323,0.0009772662002748543,0.001854866403139299
351,0.003489197446052455,0.8937453001878755,0.09927499030817302,0.000699094646114623,0.002791417411784399
352,0.005079881356836826,0.8648149876646855,0.12482403717267163,0.0014408716926806822,0.003840222113125361
353,0.004723262359943625,0.8121540277550205,0.17782388783508496,0.001591190944965956,0.0037076311049848926
354,0.0018647992689533649,0.8498364802820554,0.14583785343332228,0.0015954604557913649,0.0008654065598774741
355,0.0038586563649035234,0.864745865903428,0.12483356584419797,0.0027906279737635537,0.0037712839137071324
356,0.0014123012481749733,0.6147555347332687,0.3819444075487028,0.0007985501539395965,0.0010892063159140205
357,0.004934788729726728,0.5491484098111922,0.43755051477205453,0.004039974984245425,0.004326311702781065
358,0.004949204038286799,0.6420121593470549,0.3457518530190961,0.004074658549923682,0.0032121250456385517
359,0.023440992722299162,0.08943002537761793,0.008668962594347964,0.005180685092080571,0.8732793342136544
360,0.14438010014778418,0.46994325528420516,0.002383061032692177,0.007097489751706497,0.3761960937836119
361,0.08979950000267926,0.8248447899074566,0.033431527269356255,0.004234778337290611,0.04768940448321721
362,0.06479801478006712,0.9004754717463204,0.0030291561199129913,0.001445439361565112,0.030251917992134406
363,0.01333360902130452,0.9521863559707134,0.028962635516857748,0.000778966562671553,0.004738432928452808
364,0.005202060161490263,0.9743553640032155,0.015379124502867257,0.0011770258620582643,0.003886425470368703
365,0.012702309478474602,0.9478558319670912,0.009471711024802987,0.009048648442062147,0.02092149908756896
366,0.006020347989744743,0.984587728646288,0.0031300755329153416,0.0040195740020691805,0.00224227382898285
367,0.00983996888640069,0.976532665452169,0.001990385347938178,0.0087137114337449,0.002923268879747298
368,0.015051670468253954,0.9525906287244826,0.008370518551890237,0.008475139499680392,0.015512042755692929
369,0.06124260073551209,0.09344963215514966,0.0035327423685534453,0.012561536958156604,0.8292134877826282
370,0.12661002353103976,0.6854973704623368,0.005390048180670544,0.02126421005426024,0.1612383477716927
371,0.04861282864114027,0.9031926099637918,0.0044053570964182965,0.005573389688709479,0.03821581460994017
372,0.12821002144310928,0.8493692079856807,0.001967187182603381,0.009652744002291878,0.010800839386314726
373,0.0051108767884550455,0.9733161433745845,0.015325772066292504,0.0014482862396784362,0.004798921530989699
374,0.01160736490372207,0.9771831514796984,0.0025358347795136032,0.0031692416074886607,0.0055044072295775785
375,0.008193194256625708,0.9817791225393908,0.0033465184314245234,0.002797784918449156,0.0038833798541097705
376,0.002817592888678611,0.9867898386479931,0.005783885716286508,0.0009121291845583275,0.0036965535624834058
377,0.010174631728106972,0.9725681200304692,0.008390587927997057,0.0021925568782408937,0.006674103435185781
378,0.006575189796161526,0.981347433096434,0.007384531041111244,0.0011754744138440477,0.003517371652449268
379,0.006802649242822764,0.9701636989352874,0.011649782830588627,0.0013625014178223573,0.010021367573478821
