epoch,N1,N2,N3,R,W
0,0.18442142831390498,0.005572516307424288,2.4377812157795057e-05,0.008309614428996819,0.801672063137516
1,0.4049885930669437,0.01602437289028265,4.8517499017058344e-05,0.04216135627940209,0.5367771602643545
2,0.4250388053209882,0.018433722114477268,7.946573880759088e-05,0.12010657955206343,0.43634142727366354
3,0.4241393517254004,0.013168711802586953,7.455763720252535e-05,0.07004390442798716,0.4925734744068231
4,0.4003760253299694,0.019776820388981164,6.483323766710542e-05,0.10129862615941407,0.47848369488396814
5,0.3144048929114729,0.02898400749472118,0.00015029373190919505,0.13176995229500027,0.5246908535668965
6,0.3800717010493186,0.035054339624948305,0.00015848536873926537,0.14221638376010196,0.4424990901968919
7,0.26058441984890895,0.04238250270395016,0.00022499819869358553,0.08962557449449277,0.6071825047539545
8,0.0029067147966464636,0.0012595885590334333,9.942022233182272e-05,0.00041747414218874394,0.9953168022797995
9,0.5530302187136268,0.017751530152833227,0.00018099695231145045,0.025229805121768444,0.40380744905946014
10,0.03734248764187726,0.006904574549317933,7.153910310779649e-05,0.004481216179544769,0.9512001825261522
11,0.2990057482501378,0.01201794773035325,0.00010239694561112812,0.010017819777530175,0.6788560872963677
12,0.05934812372313829,0.03052725242466251,0.00041724167859453955,0.005312191764682556,0.9043951904089221
13,0.02254600061550313,0.002422040487108351,2.06692701391747e-05,0.0027920330459613343,0.972219256581288
14,0.10455851374661204,0.0028429583217284256,1.748544861644728e-05,0.013503661569653443,0.8790773809133896
15,0.20316635256581006,0.004600867927002948,5.728591047808313e-05,0.022338215443377628,0.7698372781533313
16,0.48304871711508157,0.015715447238278276,5.642959082041696e-05,0.056557458921970304,0.4446219471338494
17,0.46886251163208403,0.00590580935045789,2.7791113662444195e-05,0.015286733517605908,0.5099171543861897
18,0.11441386331016123,0.02010314415435099,5.4275806495825185e-05,0.008105593836477666,0.8573231228925143
19,0.039470951650767014,0.010719322524651883,7.91787802776292e-05,0.013718487563679922,0.9360120594806235
20,0.037288379803391,0.0017503337698015378,2.1445282159060506e-05,0.007523750864882321,0.953416090279766
21,0.06908060574487536,0.0034063474009487353,1.9777815614805844e-05,0.009334014447564746,0.9181592545909962
22,0.16392945463553701,0.005881648985539265,4.948699453818402e-05,0.011273825991207699,0.8188655833931778
23,0.2865827034205481,0.006485497330592497,9.639030452971086e-05,0.010594896111358732,0.6962405128329711
24,0.09264263472753599,0.0012059443296601599,1.7027576328437683e-05,0.0025144985961832052,0.9036198947702921
25,0.08881024162988367,0.003143932140893001,1.655951294297836e-05,0.008109894640861254,0.899919372075419
26,0.2795084203967614,0.009974129665600306,4.0583761743052154e-05,0.018402418891864822,0.6920744472840303
27,0.2600528234224862,0.0071355424877354,7.510180025137229e-05,0.010689669362116664,0.7220468629274105
28,0.2390260808268189,0.013847970792078263,0.0001025118598508244,0.020297844669093817,0.7267255918521582
29,0.25021272218468116,0.015840959198630697,5.874107723988116e-05,0.059034892989263614,0.6748526845501847
30,0.3329943053663948,0.03531858530291234,0.00010152265660875562,0.12977186774060265,0.5018137189334815
31,0.3673884093490981,0.03952289318049823,0.0001982029052144723,0.03039980018631416,0.5624906943788751
32,0.4000100330584085,0.07322648506605065,0.00012652182741316464,0.09957453540779418,0.4270624246403335
33,0.3353088634633188,0.06389411070802938,0.00017836386537825762,0.16544913314636148,0.43516952881691207
34,0.42521941514150413,0.13943613282517425,0.0003846585878694488,0.09997998953321069,0.33497980391224147
35,0.19398145937891073,0.4040366446922571,0.0010534978118268595,0.08467881175841817,0.31624958635858713
36,0.2758854210308896,0.29413815404100757,0.000978609253869593,0.18488087909961368,0.24411693657461964
37,0.1547255790342672,0.4562679144166351,0.0005636341923787756,0.10531927674349705,0.2831235956132218
38,0.21209195678007603,0.23757757060082757,0.00023713240186274038,0.34320898147166945,0.20688435874556424
39,0.20513741507966893,0.27423576251412873,0.00018960248049799632,0.48003495817123126,0.04040226175447295
40,0.14124940020709936,0.6678072326672553,0.0005837054301291107,0.14455027731430706,0.04580938438120921
41,0.4375214937798154,0.3465795431707181,0.0003521029894848631,0.15030344751090957,0.06524341254907205
42,0.22043499651053336,0.6493132058226355,0.0007014868906531103,0.10114710334159786,0.028403207434580302
43,0.12309476971321685,0.8146521556441779,0.001561471346785806,0.03945893406712258,0.021232669228696835
44,0.23279716113491422,0.6998777011257624,0.0003144069570328952,0.014733448870797644,0.05227728191149292
45,0.16890625872927506,0.7818957418337742,0.0006885215419095897,0.009427576180707418,0.03908190171433378
46,0.057480132506494905,0.9341213164492914,0.0037126914250670932,0.0006493036845532923,0.004036555934593158
47,0.035592207043279374,0.9595706259854037,0.0010335184394031874,0.0005212001331443124,0.0032824483987694397
48,0.008299904528480437,0.9859975558112142,0.0039062985324921345,0.00024825098331734627,0.0015479901444959083
49,0.009159209769199112,0.9450679308615704,0.040477889182497374,0.00035623457183403377,0.004938735614899107
50,0.005864992822562178,0.9834152390925083,0.0076347114209278045,0.0001844181544814712,0.002900638509520284
51,0.007623496979487041,0.9624204287764497,0.02484657606736312,0.00011716229661419367,0.0049923358800858
52,0.00648428705849234,0.9896695095940551,0.0011049249733192804,5.629714243414082e-05,0.002684981231699481
53,0.0062359072683177245,0.9792744041191699,0.010555640979927883,7.17349956762566e-05,0.003862312636908432
54,0.002705391151968556,0.9460988360999537,0.04467874962657119,2.4610054432203607e-05,0.006492413067074188
55,0.0037270350570163973,0.9263040911492046,0.062390363863617286,3.18717523757352e-05,0.007546638177785827
56,0.010049623409366885,0.9525472634385765,0.030659081881104465,0.00011335261119893674,0.006630678659753545
57,0.002166588930206898,0.9538741126226199,0.034110798773646936,3.977138416425167e-05,0.009808728289361995
58,0.003841276172159532,0.9761337056948937,0.013385586365096281,7.251901408646038e-05,0.006566912753764203
59,0.0018021581361632967,0.9107041524367616,0.08053152518274093,3.9001684832492996e-05,0.0069231625595016855
60,0.008762888214547649,0.9790181143867472,0.00902734744593564,0.00026316303661068634,0.0029284869161589153
61,0.0008624202041371607,0.8132016114992036,0.1830405159874564,2.5283969382219642e-05,0.0028701683398206033
62,0.001315196228891975,0.6763551854556056,0.3049703594843144,0.0001549386380003197,0.017204320193187676
63,0.004285206357191382,0.6965146039622747,0.288088295378991,7.432063795541276e-05,0.011037573663587421
64,0.01961492775228784,0.8740195084247746,0.07959949456284365,0.00011495530179902268,0.026651113958294843
65,0.005037793096531007,0.7753370923490098,0.19880288905988758,4.947780566547519e-05,0.02077274768890606
66,0.002848258440362476,0.8747505189694722,0.115884963049418,3.6440963035809576e-05,0.0064798185777114785
67,0.0008828395688914746,0.9532080925470968,0.040696376336273064,1.916710790939813e-05,0.005193524439829266
68,0.0004745342789821162,0.41003560850612863,0.5849680729048946,2.020399867099775e-05,0.004501580311323624
69,0.0004331708247776175,0.3003292091375427,0.6918014956990786,1.6527721708937922e-05,0.007419596616892229
70,0.0010920237483098539,0.4266864191220191,0.5631888884307762,4.083097978302814e-05,0.008991837719111917
71,0.0006398874168102441,0.2076561959523083,0.7663632803781234,2.760087117286552e-05,0.02531303538158519
72,0.0012652856921495023,0.1873288130369456,0.7825606542263795,1.970573217726147e-05,0.02882554131234807
73,0.010254925204595469,0.7082474884696173,0.22028463315490857,8.465940888814469e-05,0.06112829376199068
74,0.01639518835380009,0.8480967271002106,0.07966966422128083,0.0001615183696684022,0.05567690195504018
75,0.005305975464859196,0.9421883511763874,0.01011464626904745,0.00011061964208350719,0.04228040744762241
76,0.0009674188478087656,0.5559811669855418,0.42775776671897775,0.00015876635801470812,0.015134881089657014
77,0.0008286150458832561,0.3934365620005838,0.5573170165146475,8.447492319308383e-05,0.048333331515692274
78,0.0009096397622039623,0.22426118547381504,0.7440311665669855,2.115744746846299e-05,0.030776850749527115
79,0.0004166213127282268,0.13913168893294398,0.8126129196277224,2.4330787531241994e-05,0.047814439339074026
80,0.000687323105504002,0.11392683857365693,0.845046196713423,9.672763888797425e-06,0.040329968843527506
81,0.0007724462388747053,0.2003115107504702,0.712512764036308,0.00019256971277476116,0.08621070926157226
82,0.0007844077718423359,0.12129673598587379,0.792876914469658,5.196074116843346e-05,0.08498998103145744
83,0.0001845061510255373,0.03230992574702487,0.9584540584785435,2.4998306347403933e-06,0.009049009792771413
84,0.0010302546451407026,0.17882094411451455,0.7068292965955462,7.703259627993258e-05,0.11324247204851882
85,9.552417439993006e-05,0.0242205818706042,0.9676053510989746,3.2008539904449607e-06,0.008075342002030842
86,0.00034286299920187736,0.0482620713387631,0.9321241229985887,2.210227518184418e-05,0.019248840388264545
87,0.001633467171492805,0.0759245674713703,0.8835401714441846,2.7482963753270147e-05,0.03887431094919902
88,0.006418079018315807,0.36433985104666433,0.4979798895387417,0.000296349539494229,0.13096583085678393
89,0.0010631439784218565,0.2009547247284141,0.7482088433885467,5.830488576587891e-05,0.04971498301885159
90,0.0002918809736934643,0.08370495325446425,0.8880554805666385,5.4506160287465026e-05,0.027893179044916207
91,0.0005072900697460365,0.10911637312989407,0.863055610094021,5.023289674979136e-05,0.027270493809588837
92,9.714556906741046e-05,0.02382920161227176,0.9672131118293967,2.5493899948352566e-05,0.008835047089315809
93,0.002797518169977769,0.09919010795521767,0.8510821856553524,0.0001948201188768496,0.0467353681005752
94,0.2359584240182398,0.6458572702579723,0.05807866174322265,0.010648370933494366,0.04945727304707074
95,0.024916728722848384,0.8378706802906679,0.09763612780439815,0.0007061488716361098,0.038870314310449475
96,0.09673811751802319,0.8332383665010552,0.00994794342275,0.0035358916851532026,0.05653968087301838
97,0.09874269531623656,0.8669953415261121,0.003209837673393378,0.0009688127872381762,0.030083312697019828
98,0.06438532724607221,0.03143513742394723,0.0039131757159751555,0.002190267370263272,0.8980760922437422
99,0.002407991502780791,0.01627787269080206,0.9449108014840708,0.0008246968366857638,0.03557863748566054
100,0.0013652301631954897,0.009157985914029013,0.8348488936939569,0.00037891957969741347,0.15424897064912124
101,0.0016701313411166463,0.010551336806924778,0.8349695143440946,0.0003476211894743463,0.1524613963183897
102,0.0007707309051084901,0.005545250366573117,0.9075765355325924,5.905176603364114e-05,0.08604843142969226
103,0.0005114887632916464,0.00502810177018666,0.962731632416103,0.00030276752014156736,0.031426009530276966
104,0.001990211366619573,0.020884708801802196,0.8517447642223368,0.00031587106746999277,0.1250644445417714
105,0.0018160703570654965,0.02711558907512557,0.920161029282519,0.00027137881009248085,0.05063593247519744
106,0.0003275779133803529,0.00370757949914261,0.9750539863241626,8.426015132029348e-05,0.020826596111994167
107,0.0005968284730169144,0.0076778376196973384,0.9413565219191872,3.0616871089909846e-05,0.05033819511700872
108,0.0012480704521380377,0.020436895043684792,0.8287960176006103,5.3092868152536993e-05,0.1494659240354144
109,0.0018193485239412542,0.054829369658219454,0.7837434895463401,0.00012130979059792365,0.1594864824809014
110,0.000324647447810208,0.00875994506483763,0.01750697785362745,0.0003985484283767798,0.9730098812053478
111,0.0016945807801699792,0.0028700373276642705,0.0011366809083134138,0.000730118863861129,0.9935685821199911
112,0.06506541159413994,0.019073732476037924,0.00010113596397676312,0.005437479038863009,0.9103222409269824
113,0.06297323114772216,0.0025930273626826625,1.7167728587515955e-05,0.005969061839563334,0.9284475119214443
114,0.06066036337893214,0.0017445564743621734,3.095766834511624e-05,0.0030724413855248126,0.9344916810928356
115,0.006590982840886926,0.0007315884613900667,0.0009219658003006285,0.0002471112408572349,0.991508351656565
116,0.01142153097463233,0.0027740435246227267,0.0002679834274166078,0.0009165972606886769,0.9846198448126396
117,0.003884974401738033,0.002332636461130852,0.0002649270258918399,0.0010163119090793107,0.99250115020216
118,0.008308810424954986,0.0016505940101884666,5.803497819380352e-06,0.001442367335213666,0.9885924247318235
119,0.0706957276932022,0.0006705898181864055,1.7883146218632106e-05,0.0011940308446042206,0.9274217684977886
120,0.04020220785019988,0.0016456926911132277,9.881163601533067e-06,0.0012354436440006292,0.9569067746510848
121,0.023705645077524606,0.0007230451404375694,7.815000827439968e-06,0.0014110901190534251,0.9741524046621569
122,0.07126939826529677,0.0018150255898558335,2.4931036478690957e-05,0.0023738152700748453,0.9245168298382938
123,0.06958277842634114,0.0018191220263840552,1.4973947499397388e-05,0.002204313554882944,0.9263788120448926
124,0.051144552866564,0.0026148995915613233,1.1016322440636987e-05,0.0056945818446820515,0.940534949374752
125,0.5169247733376164,0.0035262114138022295,3.200756671807781e-05,0.03191126990078265,0.4476057377810805
126,0.24246809420023605,0.0016504653651586698,8.289677089881717e-06,0.01011429389772411,0.7457588568597914
127,0.23585035699275644,0.0017694188640864637,8.054808661659781e-06,0.0053283295261693005,0.7570438398083261
128,0.2661189714599761,0.002484310366876478,1.1175147563303442e-05,0.006782896812530285,0.7246026462130538
129,0.09078790203355105,0.012363684331443216,2.1445844632478324e-05,0.006953913735724235,0.889873054054649
130,0.38107586119451126,0.004928485643068132,2.0940636740497113e-05,0.006453230088912116,0.6075214824367678
131,0.08227076161704762,0.0030219983221958526,1.0652890032766902e-05,0.017182090289437846,0.8975144968812859
132,0.027520070669777675,0.0011609825263114012,3.2913542332721685e-06,0.0072295050940444465,0.9640861503556332
133,0.11800288683921716,0.0019200533351377983,1.0020704465263732e-05,0.00559250187931025,0.8744745372418695
134,0.4201211852999894,0.003313398004929531,1.611798047136923e-05,0.008542271980263165,0.5680070267343466
135,0.4263557600803009,0.0021052969941879984,1.9689988435048095e-05,0.005334607510545763,0.5661846454265304
136,0.2468868475907715,0.003203460376837591,1.832057679813986e-05,0.020052682677789622,0.7298386887778032
137,0.6142528825041489,0.003917228691531494,1.7044825498644134e-05,0.02100964728336181,0.3608031966954591
138,0.8292128667607113,0.009720870211432918,3.393903527081719e-05,0.06356972171733224,0.09746260227525294
139,0.3743550577487763,0.0227764689755411,0.00016543895602851808,0.3355110864564113,0.26719194786324274
140,0.29155117699370725,0.014512331943312213,2.8757531344386312e-05,0.6592425828903274,0.03466515064130862
141,0.14641098063809488,0.018683602451022286,3.887087995291174e-05,0.8094078388899875,0.025458707140942418
142,0.12397122120200883,0.038152433145816685,6.460394437071508e-05,0.8213141503644885,0.01649759134331518
143,0.1505234689159142,0.3521285981107435,0.0003165752858352738,0.4811672993360251,0.01586405835148196
144,0.05533019882777803,0.3411522169959656,0.0010052295703907798,0.5955097448743569,0.007002609731508686
145,0.05711275732982981,0.13484227578721908,0.00017654171965754076,0.7839288329441052,0.023939592219188375
146,0.03368858257655719,0.17113491172042997,0.00024099880410366896,0.7858564913506967,0.009079015548212568
147,0.03252516422746055,0.5494529327951333,0.0008892871423251666,0.40761610306928736,0.00951651276579368
148,0.03406448508262902,0.03092775004680668,3.47663943999637e-05,0.8921979719670319,0.04277502650913236
149,0.03465265861056225,0.04281847790956307,4.8685555370566625e-05,0.9135673838500682,0.008912794074435886
150,0.08996460807793842,0.03134027667238277,2.1336157549831017e-05,0.860788207895167,0.01788557119696216
151,0.6458517660715025,0.0592545465381875,3.881487042487182e-05,0.2788495435071723,0.016005329012712816
152,0.2592539037377406,0.22432075832125828,0.0001955022889808538,0.5030575004633869,0.013172335188633269
153,0.23399269606921735,0.5639207025716987,0.0001637417482747151,0.1687690528705108,0.03315380674029859
154,0.23255672239810615,0.24854535098733987,0.0003479275714207928,0.47959117944180824,0.03895881960132482
155,0.06021333994209119,0.8517877684313931,0.0011217574607328981,0.07410220957904966,0.012774924586732964
156,0.07024401916212487,0.8343015861122036,0.0014613732714770429,0.06757164343038236,0.026421378023812073
157,0.05492832148946246,0.8417095271304286,0.0007264518323750805,0.08041790520691579,0.022217794340818157
158,0.03780311244566231,0.9010422041510576,0.0011760219543920634,0.05190931012103366,0.00806935132785438
159,0.007231438516391126,0.9786956814467893,0.00326827365223361,0.005010863754805644,0.005793742629780267
160,0.0823571957436605,0.784930940322256,0.000878730339953313,0.10457954357522725,0.02725359001890312
161,0.06247229777092836,0.8559960903579399,0.00041337500704078067,0.055889515860890436,0.025228721003200574
162,0.20102693425646628,0.6151762375623446,0.0005563812681071989,0.13938359018227317,0.04385685673080875
163,0.029612349395822433,0.9461826684120189,0.0005379854525608695,0.021206978343973146,0.0024600183956245965
164,0.09246841733782428,0.8369691292193202,0.00026778600538439557,0.0468843871982297,0.023410280239241393
165,0.21450042565227917,0.6211911504620622,0.00036201098261338835,0.11976974242337583,0.044176670479669396
166,0.17393874191511666,0.5536544175974267,0.0005770867844971122,0.25082044370187184,0.021009310001087682
167,0.09251935481914389,0.8117282390343301,0.0007934610762619091,0.08395548752480154,0.011003457545462536
168,0.15369704733531078,0.1402904929232415,0.0002158096052286531,0.6872310628519595,0.018565587284259614
169,0.08731990407328631,0.4699339042832924,0.001366847784080987,0.42733568379336345,0.014043660065976843
170,0.04705346192969052,0.6962434525459426,0.000998419914258689,0.23327133763298333,0.022433327977125002
171,0.072303091478271,0.19001740136416143,0.00013842609209464715,0.718749988576714,0.018791092488759008
172,0.060674844315568445,0.22182189585158876,0.00016327867800279084,0.6734759600202386,0.04386402113460138
173,0.1882332115620287,0.1026307061187312,4.216941938783055e-05,0.6246326675463061,0.08446124535354617
174,0.3983547775649117,0.14709358078348678,0.00012436254217350478,0.3943239503728847,0.060103328736543206
175,0.695436872349776,0.07556562453407295,5.173400409849986e-05,0.14177605025214862,0.087169718859904
176,0.5954095286916128,0.2695649521555176,0.0002076814799496908,0.11805884007937985,0.01675899759353997
177,0.17150723261444764,0.7159532490094446,0.00022645964420404637,0.08408352157909187,0.028229537152811738
178,0.08183954804999985,0.8770702704183695,0.0006422496295374173,0.0181872224301633,0.022260709471929898
179,0.09159789246633422,0.8622588909122794,0.0003989139059719601,0.03478392529187734,0.010960377423537188
180,0.018617063124180475,0.9716741023054536,0.0041140703615987735,0.002012756602601313,0.003582007606165943
181,0.010881258683647662,0.9841755823055854,0.0015443732417638066,0.0011920192884096832,0.002206766480593458
182,0.011651344597236457,0.9814496508013749,0.0036088669023105783,0.0011884933175881239,0.0021016443814898473
183,0.017582516848631727,0.974822502808962,0.002462763830653696,0.0021106604549205195,0.00302155605683207
184,0.004217155977764059,0.9838658276595075,0.010390811020313057,0.0005163727829228891,0.0010098325594924847
185,0.005602297711425237,0.9637169013508294,0.02804738716584285,0.0009796806805356865,0.0016537330913667905
186,0.03346584537072431,0.9570272159753288,0.0013437414614980343,0.0046979753975986745,0.0034652217948503987
187,0.013606576970103266,0.9794028683536263,0.0020507161825752233,0.0016612073908995582,0.003278631102795543
188,0.010148408008388517,0.9854553347853159,0.0022419702751451023,0.0008564987340469292,0.001297788197103644
189,0.02072127641380181,0.9737247384218669,0.0021927902388772296,0.001416736094951243,0.001944458830502645
190,0.012620729017817082,0.9813329338990333,0.002588944056131551,0.0013724310431698394,0.002084961983848224
191,0.004906853292222314,0.9837679636929143,0.007973294308469669,0.0014117322794909603,0.0019401564269028097
192,0.0678131825494299,0.8856363511838695,0.0015758297110049547,0.034763917542863385,0.01021071901283209
193,0.008710559567929335,0.973446549173528,0.00753377945281551,0.005335939787108172,0.004973172018619099
194,0.005485507230020523,0.01595019889214703,0.00412360932862356,0.0018024635696451232,0.9726382209795639
195,0.7367119652224207,0.09115456844712273,0.00040901946246327205,0.10840894791575975,0.06331549895223375
196,0.8105403640036973,0.07130232930646113,0.00032010621687580124,0.07296090534108608,0.04487629513187955
197,0.8552986337929115,0.06017895827776931,0.0002285253441239755,0.026324659791168808,0.057969222794026345
198,0.6756410216739859,0.07699977005768664,0.00029840189928509464,0.21830865670236915,0.028752149666673193
199,0.3446296569061361,0.1893825092157161,0.001404969530089213,0.12338567604428201,0.3411971883037766
200,0.22372796116559868,0.07545874697586931,0.023392675556568012,0.09229738457706113,0.5851232317249029
201,0.030988499213661494,0.0325392064101782,0.024699622957348386,0.0217236441639898,0.890049027254822
202,0.13003830473470868,0.12380989450447989,0.22461854724384503,0.08126550028837583,0.4402677532285905
203,0.0019427077061964072,0.0005669892288061813,0.0005446033470656883,0.0024080817740883376,0.9945376179438433
204,0.2388949355557794,0.05206141292122268,0.0006673314978382791,0.26310848641523776,0.4452678336099219
205,0.322202197131304,0.08699751787129692,0.002132937958961827,0.407498435491624,0.18116891154681314
206,0.2803132390373761,0.01815565341104172,9.491181735157194e-05,0.6379593625056535,0.06347683322857696
207,0.3789091844994322,0.06228483863030906,0.00021510072621398432,0.515599636922416,0.042991239221628785
208,0.1450217707869898,0.16773118726928285,0.00015715492715806813,0.5981524870299448,0.08893739998662437
209,0.07875226840798027,0.029980090889009627,9.649180765068819e-05,0.32187946571331133,0.569291683182048
210,0.08881924364468714,0.008537556924917365,2.3130067789813043e-05,0.37624292791324576,0.5263771414493599
211,0.27398652855710987,0.009629139172610516,2.3213298945098635e-05,0.33178996841160796,0.3845711505597266
212,0.6106745909654814,0.03551320818929488,4.883927879833202e-05,0.2718938780858123,0.08186948348061313
213,0.33509015509051826,0.021738645286433232,4.232111600122331e-05,0.4764640886551239,0.16666478985192357
214,0.2583871670672223,0.005120734693113625,8.572637221020306e-06,0.18800323266149857,0.5484802929409445
215,0.41360372367773507,0.02248649956732691,2.2802704416011865e-05,0.43151944152572763,0.13236753252479416
216,0.6222923368161215,0.029027259331289346,4.859053550476805e-05,0.25115438026512554,0.09747743305195877
217,0.43714110884730906,0.10054573383389444,7.662355041283379e-05,0.2663429218225134,0.19589361194587027
218,0.09497710693181376,0.03171992801867578,0.00010408484095956056,0.19782440161747833,0.6753744785910726
219,0.18235091068562534,0.012967994764988996,1.8503351264581016e-05,0.05095076755341323,0.7537118236447078
220,0.5692905953501478,0.027209200202942704,6.2495631904852e-05,0.0314478585342487,0.37198985028075593
221,0.17239553620904668,0.0037587306002517563,8.864188404030716e-06,0.008071093943837255,0.8157657750584603
222,0.8143125672224356,0.03259908765674599,4.904410272824919e-05,0.023108351338321197,0.12993094967976884
223,0.7357072821599183,0.043146480762062865,0.00016428316179404746,0.08943934496922906,0.1315426089469957
224,0.7574196849952943,0.06009650521247455,0.00013799379314907042,0.05800534581112702,0.12434047018795488
225,0.0013810150979023947,0.003109132197648097,0.0007464700372526124,0.0004608625889002025,0.9943025200782968
226,0.002993473412208099,0.002477056145225013,0.00028134450602704123,0.00026464148968587136,0.993983484446854
227,0.007975131402803587,0.022279058745193307,0.004949892973376389,0.0015577058354577522,0.9632382110431689
228,0.03463585273129082,0.15894483306326168,0.08444950092519073,0.005884515499928815,0.716085297780328
229,0.06724959313815548,0.32536133826758346,0.15155997727058648,0.01545579941784076,0.4403732919058339
230,0.031682058033439466,0.5441631055726524,0.19292008071486885,0.009605961724087926,0.22162879395495144
231,0.02896288996589322,0.5189475877486435,0.3672770768933391,0.006243200519193437,0.07856924487293081
232,0.04067425825632324,0.4103443194119646,0.3425733161745709,0.01142133380261877,0.1949867723545227
233,0.0434515065029757,0.6314125661010227,0.2638119543133911,0.018108661470716773,0.04321531161189369
234,0.05511160828216971,0.08356893689716739,0.03454944742042218,0.0047246392737124365,0.8220453681265282
235,0.3359250078049189,0.33826247528506415,0.002622457616274153,0.2692171221086004,0.05397293718514242
236,0.05077377186511096,0.880134848394885,0.00807315018457072,0.04719056541513596,0.013827664140297265
237,0.16151712325295453,0.7298818907148138,0.01227559333863192,0.08092726859068188,0.01539812410291792
238,0.09023276978230087,0.4797659647567368,0.00034085402458354134,0.42016366022530793,0.009496751211070843
239,0.055474399259934803,0.06170788058229257,0.00010195990629656428,0.8717825241300331,0.010933236121443004
240,0.05068886286096727,0.04823874800124713,0.00017368439302393516,0.896968156068326,0.0039305486764355255
241,0.2381447194150046,0.2244035805989254,0.0010824083451863946,0.43478031889791807,0.10158897274296545
242,0.3741709245003373,0.07273105398560255,0.0003695072231088035,0.4265765517225431,0.12615196256840835
243,0.2838342127796237,0.05294193499200789,0.000265204803474955,0.6184525558018953,0.044506091622998206
244,0.4483609765349588,0.11323801694192513,0.001095791827730073,0.3892657582964087,0.04803945639897734
245,0.2991172919179983,0.048787581763563556,0.00019939103282569538,0.6405842001439316,0.011311535141681067
246,0.3295188776264757,0.16277020290094782,0.0005169991709233967,0.48996595890370265,0.01722796139795044
247,0.3190522163881653,0.2068798569534895,0.0011342076321577922,0.45775486752576827,0.015178851500419206
248,0.15208368135594605,0.5649112575965045,0.0035113257519325545,0.27157914149628737,0.007914593799329482
249,0.050446813008411605,0.879670947571953,0.010378656849511,0.05424728331777506,0.005256299252349241
250,0.017400676518054978,0.9565118880397483,0.009998413127355023,0.013432586800363652,0.002656435514477999
251,0.008454222935243326,0.9866431279088196,0.0019098163346614608,0.0014974719272075586,0.0014953608940680948
252,0.007497555449924724,0.9735322132381381,0.016250412407761178,0.00108669939227166,0.001633119511904294
253,0.016446677949571744,0.9622234551020651,0.01780251071893711,0.0010439605477380323,0.0024833956816877945
254,0.021516627087116737,0.9705203537167542,0.003151808139692821,0.0011829880951718962,0.0036282229612645293
255,0.015432690797695896,0.9782749179011178,0.002861951431982945,0.002008085914943319,0.0014223539542601357
256,0.005113470456401283,0.9924887740396082,0.001136886159633722,0.0003239965882953576,0.0009368727560613331
257,0.005894587731788487,0.987271257842187,0.005499382006338055,0.0001823507231574229,0.0011524216965288978
258,0.009727960548929868,0.9693736261622616,0.016579330053185206,0.0005672760172140067,0.003751807218409446
259,0.024975709510165436,0.9657760981515241,0.003505936491606442,0.0006390409708483371,0.0051032148758554515
260,0.010993888463870494,0.9866136630670256,0.0011236946907396044,0.0002536138435807416,0.001015139934783501
261,0.004631399509736245,0.988562792111392,0.005363693567923538,9.717935038861825e-05,0.001344935460559643
262,0.013764482254561856,0.9648387651047339,0.018331321749191328,0.00027951585907562697,0.002785915032437326
263,0.015538867877614335,0.9784858162588441,0.0032262517883657714,0.0006758159131247623,0.002073248162050909
264,0.006899849016817433,0.9526789980635019,0.03624416157858886,0.00041803639587807543,0.003758954945213852
265,0.016957851788368842,0.9772267706666229,0.0023865153360876743,0.001559980019521157,0.001868882189399318
266,0.008368069696963597,0.5854391698819778,0.3485774912809357,0.004839907598990591,0.05277536154113234
267,0.29251561830118394,0.6368377065160459,0.001352451303233405,0.01719649670824606,0.05209772717129068
268,0.018592940923020506,0.9747659847696541,0.001794791851444311,0.0008393949203469935,0.004006887535533822
269,0.019609004057644083,0.9742410646178895,0.001093309024077924,0.0006105672586636314,0.004446055041724821
270,0.008041221892748468,0.9881320328852848,0.0023624633311561056,0.0001443760649204254,0.001319905825890231
271,0.011426868467645067,0.9803086227163931,0.003962718800198072,0.0004591977797372479,0.0038425922360264034
272,0.003208178166752684,0.9912478318810727,0.004268994612182172,0.0003138861245826846,0.0009611092154097837
273,0.004836890338192382,0.9808152782226037,0.009289297023403038,0.000697728922748794,0.004360805493051944
274,0.2536710482531001,0.6900154933665312,0.001040631880938421,0.021362912658674287,0.03390991384075598
275,0.014529577218741478,0.9822187401182647,0.0008432630474169794,0.0011555554991702058,0.0012528641164065134
276,0.009790921722779676,0.9850946316880851,0.0032044490948770488,0.0005846822893165687,0.0013253152049418119
277,0.00377360199967624,0.9937606823398031,0.00029101465572410384,0.0005487901539266347,0.0016259108508699602
278,0.016954224025654385,0.9734085148675993,0.00042561568594406653,0.0030673362487973815,0.006144309172005161
279,0.04219530532279291,0.9462314734197605,0.0010825102557703793,0.003939643517953695,0.006551067483722333
280,0.019624427716730355,0.9717374169841839,0.001239977469982074,0.00128556985949589,0.006112607969607757
281,0.00728282771313182,0.989702902442382,0.0010091703752587759,0.00024624275774212364,0.0017588567114853017
282,0.003209156082995657,0.99464986992871,0.0007809703456658795,0.00010330000769910969,0.0012567036349293262
283,0.0023822483261634565,0.9954343854753872,0.0005115181256006468,0.0002795202569617551,0.0013923278158869618
284,0.0028108056596539478,0.9844619344657228,0.010016392956336212,0.00023950003217010528,0.0024713668861167546
285,0.00497028968131007,0.9861142948820071,0.006381816131541806,0.0003810209846628451,0.0021525783204780287
286,0.0014295891664862575,0.9950278760143162,0.002204929725519148,0.00022225680817108785,0.001115348285507301
287,0.021642217754540068,0.9645398132747427,0.00037974179032452296,0.002718972722570697,0.010719254457822019
288,0.2771063975964788,0.5843022729952755,0.0005356594103363197,0.10862569685045452,0.029429973147454987
289,0.05675806508990022,0.9216282747312046,0.0007760430932662709,0.013142162294033621,0.007695454791595265
290,0.15206643383941232,0.06482081681498877,0.0013358963490933975,0.015945654512677584,0.7658311984838279
291,0.6403965834203411,0.2746537828293833,0.0011219524840956844,0.03273044954902499,0.05109723171715503
292,0.1505710035993201,0.37598180286070465,0.0036527355268328246,0.004759323682393271,0.4650351343307492
293,0.31703129511100064,0.5597711872054731,0.0033932508653137655,0.005625412282644107,0.11417885453556845
294,0.15335183396420027,0.8120578897783025,0.005143072393502166,0.008461881992324227,0.02098532187167071
295,0.007041076657345432,0.9773002562475656,0.012291748843883005,0.0002422825464403889,0.0031246357047655295
296,0.0026090878414203374,0.9318958356689525,0.0627342683213412,0.00017730460259232932,0.002583503565693563
297,0.0007376058171573091,0.9018171081402527,0.09541864410459118,0.00022646940848248135,0.0018001725295162044
298,0.001152708798387075,0.9704535770569476,0.023543146469996282,0.00028151322661293496,0.004569054448056175
299,0.013853502030665567,0.8365028165695556,0.14094964532698667,0.0006106203195160128,0.008083415753276186
300,0.026464645199163757,0.6609628635824342,0.2691822484932185,0.0008083574355646802,0.042581885289619
301,0.059064016330394056,0.9230030884716253,0.008147313991914974,0.002046473640993878,0.007739107565071689
302,0.008507370082334676,0.9769189812468188,0.010160225965186618,0.000668156947729688,0.0037452657579302344
303,0.00699034437973331,0.9688363545162456,0.019798974597616,0.0008774597663761133,0.0034968667400291364
304,0.006765217262019901,0.9761962949559951,0.014464952999411515,0.0005512107612418549,0.0020223240213315904
305,0.019375804904743606,0.9727403789895362,0.0032558026012793587,0.0010659176754782352,0.0035620958289626506
306,0.010134902172795585,0.9745567513942311,0.01272895638438812,0.0003249617465513482,0.0022544283020338265
307,0.05739038109302582,0.9092269980918759,0.024066681376636354,0.002307650832713311,0.007008288605748846
308,0.016966033095727175,0.902007375409232,0.07738569254850376,0.0004150375304176657,0.00322586141611915
309,0.031387111588086894,0.9433488297466058,0.019509415432188378,0.001346747714242262,0.004407895518876649
310,0.0095408186111326,0.9360677166500037,0.051370621950702584,0.0014235466917763902,0.0015972960963848593
311,0.12381940676243187,0.5575676686792019,0.20605313060153024,0.037224526103425096,0.07533526785341091
312,0.009827108983161763,0.9046265399049318,0.07718417770887578,0.004809374885802685,0.003552798517227871
313,0.04349985428148348,0.6046792479647931,0.08228851923173972,0.027025689664942974,0.24250668885704066
314,0.13207636039506626,0.009257767337714605,0.0003541224936235129,0.07169874257741915,0.7866130071961764
315,0.5576899114578803,0.027926904382903444,0.0003264619552456201,0.32694390202018253,0.08711282018378812
316,0.004137497904824376,0.0009611762368300903,0.00015165882535218256,0.004525814547861865,0.9902238524851315
317,0.2127481097469565,0.0024882910522180295,5.833522583364673e-05,0.049366027221369804,0.7353392367536221
318,0.49065177487489103,0.006255715214636292,0.00022483715284069228,0.10570352393360193,0.39716414882403006
319,0.1761969486431795,0.00134153786684482,3.636161344948872e-05,0.033100773926453844,0.7893243779500723
320,0.2808604294765331,0.0169382971282989,0.00023379448042479178,0.09996576968764458,0.6020017092270987
321,0.4233542889286767,0.02005477548100451,0.00017996657717875847,0.19786576739839215,0.35854520161474773
322,0.44339225860457054,0.017116571743193157,0.00024949820975097333,0.2026285218171625,0.3366131496253228
323,0.2942669922568197,0.008920140046299653,0.0001977913422316997,0.1926453402434251,0.5039697361112239
324,0.1339413217741568,0.021443349304521544,0.0004313752082827761,0.2627572932047454,0.5814266605082935
325,0.03745391853109871,0.0037319317138071774,0.0009588142682313641,0.1056531224541089,0.8522022130327538
326,0.2553372138539444,0.008202960778827833,0.0003633250957800052,0.10588383498106466,0.6302126652903831
327,0.26761011319015465,0.011189822479313325,0.00023504556643611023,0.11203551761777451,0.6089295011463215
328,0.0759938443234913,0.005388260687909959,0.0002143873661158081,0.04225230778485494,0.876151199837628
329,0.06203059274306045,0.010831332508210712,0.0020374182987909547,0.06161777939623736,0.8634828770537005
330,0.008170345678700848,0.0009071694536203158,0.0039412969718378476,0.00825442360003421,0.9787267642958066
331,0.0029698400464404366,0.0006981487287433097,0.001221551097209664,0.004203579992725993,0.9909068801348806
332,0.011756213107853467,0.001352181898020311,0.004281607087302411,0.004877065708889803,0.9777329321979341
333,0.02952817099788907,0.004487885705626801,0.006696911650561494,0.013718349406662207,0.9455686822392604
334,0.05564634684531345,0.024350830850278102,0.009948743617155604,0.03728104718109082,0.872773031506162
335,0.20278196689649797,0.03121966836769738,0.001550962958213785,0.19646718968126273,0.5679802120963281
336,0.298077834437999,0.03868234842587282,0.002979993605982928,0.09082965652284963,0.5694301670072955
337,0.004401026705151504,0.0005138156068362679,0.00047932337162269576,0.001055083902879839,0.9935507504135097
338,0.07618371720026437,0.0035350114592629417,0.0008153833431888989,0.02479779399042644,0.8946680940068573
339,0.018526320726417245,0.0020752624311185163,0.0004167738772978673,0.009267407898391191,0.9697142350667752
340,0.2756190705849039,0.010099254603571375,0.00015664197045147562,0.08123159331463299,0.6328934395264403
341,0.37276289473709456,0.016083644461299795,0.00013471841987477807,0.04355151674883136,0.5674672256328995
342,0.3369712193105529,0.011650206017856667,9.789813809765446e-05,0.08738301070313627,0.5638976658303565
343,0.44508831198281884,0.020231614788025386,0.0001261759610982613,0.1211604353441995,0.4133934619238579
344,0.2087137275781427,0.031185019287459512,0.00014348312402486394,0.09536625220718634,0.6645915178031865
345,0.018548834983147695,0.006568319692164954,0.001889866505199781,0.0038188043239900213,0.9691741744954976
346,0.4767802585729799,0.015829669881343766,0.0003555541348057428,0.09796921271571198,0.4090653046951587
347,0.5398359862500212,0.022781283161629758,0.000579556875472045,0.21499193386625529,0.22181123984662177
348,0.511953937270501,0.048360372232749055,0.0008415751500908107,0.3329923854876494,0.1058517298590097
349,0.25392576627999497,0.022288967033910992,0.0001991723525828127,0.5433766353909065,0.18020945894260473
350,0.19166515817603727,0.03077157129994973,0.00020639098936098366,0.7413685763004179,0.03598830323423411
351,0.25146562994511185,0.046275740891501944,0.000239225639932241,0.6407778677713009,0.061241535752153145
352,0.0909325168551512,0.048473393494800815,0.0002366861226721346,0.842235502847297,0.018121900680078823
353,0.055413562607684104,0.04196726247022184,0.003408650239998406,0.8798999750020357,0.019310549680060005
354,0.013735765803118197,0.002759054359063894,0.0014238638488182642,0.030580528554645818,0.9515007874343537
355,0.21103817737729105,0.028185073698154157,0.0015278223217805728,0.41348509605485045,0.34576383054792387
356,0.32022094340683194,0.02462976411649318,0.003163755782575513,0.5082496894172627,0.14373584727683675
357,0.39146435957472736,0.024149514331793416,0.002293143717868412,0.39096507897354915,0.1911279034020618
358,0.1604009233715889,0.021397051182026706,0.0006347081129723605,0.7250574420170377,0.09250987531637438
359,0.16259210401371038,0.029272556773702833,0.0006552235672009371,0.7280237324727878,0.07945638317259798
360,0.22561503588351764,0.026508920237995986,0.000693862699030684,0.6616407720947167,0.085541409084739
361,0.2407928849878102,0.02428465678158654,0.0005551362140647459,0.49226222193323377,0.24210510008330474
362,0.01790389385996402,0.009947912723406085,0.0010230384163979365,0.30344443018249806,0.6676807248177339
363,0.03686463672064588,0.04923739978165479,0.044628932894502725,0.04973598832881676,0.81953304227438
364,0.5231658312998803,0.012794859883888648,0.00019303013018822244,0.10821095934490661,0.35563531934113646
365,0.3521497477644731,0.01600731094838603,0.00023630738881337196,0.5437832362268031,0.08782339767152425
366,0.38712851548653726,0.03264712928677586,0.0003744862318872186,0.5355688176553564,0.04428105133944338
367,0.11920527279686613,0.009886356403334177,3.4234982371621785e-05,0.8617607208603534,0.009113414957074559
368,0.04769959194076705,0.03228721230692363,4.6684958218340357e-05,0.9173978991002071,0.0025686116938839335
369,0.06074859978180472,0.03622842507164546,4.177799983525251e-05,0.8993587211642221,0.003622475982492524
370,0.05038285918545058,0.036248972796799776,9.071764725276406e-05,0.8874355563486017,0.025841894021895136
371,0.03589269167533465,0.04196917713534291,0.0001696364441642946,0.8885768654882913,0.03339162925686688
372,0.04942561350153857,0.10653243174061766,0.00037048380639559197,0.8294665999635336,0.014204870987914626
373,0.09912517505577513,0.3746198343170169,0.0011212687291106231,0.49391371695741354,0.031220004940683884
374,0.06150542677873652,0.21248193328306877,0.0011739178782683773,0.7026205509044057,0.022218171155520706
375,0.03382626622214835,0.0212355486597511,9.576456765677761e-05,0.775241160278955,0.1696012602714889
