epoch,N1,N2,N3,R,W
0,0.026559375494973173,0.00765234960640986,9.723029292112123e-06,0.0006289039706734118,0.9651496478986513
1,0.0879105430609056,0.00720943427266236,8.560829286932537e-06,0.000811218980305856,0.9040602428568392
2,0.0995150643884644,0.006636172096298374,2.4974340842714785e-05,0.0007427127372568752,0.8930810764371376
3,0.17785898527529118,0.013399208693030714,0.0016057769289242033,0.0011534952439932519,0.8059825338587607
4,0.4855204769414747,0.030759580762142115,5.916960270665278e-05,0.003843586789733596,0.479817185903943
5,0.2778588962442076,0.028854161893918342,0.00012786182314907595,0.003263869931799487,0.6898952101069254
6,0.5609572626362884,0.0318638909982408,5.2054035470390405e-05,0.0038565536273467674,0.40327023870265366
7,0.9195779089280349,0.027112638323608634,5.096690526562326e-05,0.00216439439970468,0.05109409144338603
8,0.36870009636243734,0.43361467696421996,0.00168569633254171,0.007694669356357661,0.18830486098444332
9,0.3744279413406698,0.2836451985716456,0.0007777387302229238,0.011431109214370893,0.32971801214309066
10,0.1606818539669408,0.5145398651316342,0.005290342282928045,0.008435499849900205,0.31105243876859673
11,0.24514065380161432,0.5036399542162225,0.015705611939644294,0.016261879620450982,0.21925190042206785
12,0.06080351796454661,0.7907491882316459,0.021909159142304548,0.008901181458114225,0.11763695320338881
13,0.0666653064567635,0.6078016871663942,0.03334399238952208,0.006766301532282467,0.2854227124550377
14,0.09122015856701819,0.6991088666353917,0.009367179186111949,0.01057075232426319,0.18973304328721496
15,0.026113321922485982,0.8561555480961973,0.04288083622826583,0.0021291609651355784,0.07272113278791525
16,0.019920022485004296,0.7759092313193068,0.10994678941893195,0.0027584154217090763,0.09146554135504797
17,0.013357225946763683,0.816036676131549,0.074888345350085,0.005100179796319737,0.09061757277528247
18,0.029431628054853828,0.6015134356072294,0.10451630901550188,0.0017223904962609042,0.262816236826154
19,0.01872816877268077,0.6628618813935887,0.2362248501279844,0.00243218323774949,0.07975291646799663
20,0.010959978258364284,0.8369270798364612,0.09396061414392974,0.0012709819689995015,0.05688134579224538
21,0.013706817156446898,0.7562937148853914,0.1382568205592059,0.0031338317721535535,0.08860881562680202
22,0.019110618655499914,0.7901588840457119,0.10220228155531903,0.0006668265829583866,0.08786138916051055
23,0.02837262866514725,0.5939693651635259,0.22637577003619677,0.0006295477357638079,0.1506526883993662
24,0.017016280600201855,0.7818096233218015,0.13207639535827317,0.0002009441046139462,0.06889675661510927
25,0.009955780224835942,0.8755859232696932,0.07658780218351913,8.421545642535281e-05,0.03778627886552651
26,0.004062922223547746,0.5315256655181799,0.45176191204930916,9.137727311026856e-05,0.012558122935852805
27,0.006426093797391596,0.5889909200884266,0.375520723702982,0.00013001076790998688,0.028932251643289955
28,0.005648228088735882,0.5442591984459564,0.4144206540103128,0.0003831497642358614,0.035288769690759135
29,0.0010845535771342454,0.16363842773743612,0.8290696849641013,3.7918429467026596e-05,0.006169415291861151
30,0.001556823810161865,0.22302421582280882,0.7690488627012202,9.514236559899934e-05,0.006274955300210185
31,0.002087108771231119,0.1229995663515201,0.8644650859530557,2.5713356397899734e-05,0.01042252556779511
32,0.0009325003076188722,0.11549936912947006,0.8765739583408697,7.72214069704427e-05,0.006916950815071133
33,0.002090990138717778,0.10811275718462701,0.8784265337556626,4.5943537462564116e-05,0.011323775383530146
34,0.0020116023922061577,0.10991065021551699,0.8822373736441365,2.325778311568236e-05,0.005817115965024519
35,0.0007798654625940689,0.09437490068043784,0.9004247839736907,1.3853876866399824e-05,0.0044065960064110015
36,0.0014198562361348126,0.10443784867290831,0.8849586771726563,1.5687448673288597e-05,0.009167930469627238
37,0.002168821870162603,0.0855652628984444,0.8989691856837191,4.449475904221191e-05,0.013252234788631826
38,0.001094408600705122,0.102573632967031,0.891330556175899,6.516957019723039e-05,0.004936232686167559
39,0.00031598366734964737,0.04382491264211062,0.9503901187215337,1.524020014612405e-05,0.005453744768859798
40,0.0004585553465913894,0.050122845072493635,0.9469015046820927,1.9897024885051362e-05,0.002497197873937401
41,0.0003833309898986743,0.03852458232426678,0.9550651134195298,1.3785136013908037e-05,0.006013188130290758
42,0.0006939393596356895,0.04328408122663195,0.9467762410806783,2.2047733196805018e-05,0.009223690599857181
43,0.0005810933202421536,0.04100156688790603,0.9519578649660836,2.4146780244995985e-05,0.006435328045523236
44,0.0002791103872219842,0.033485970652155805,0.962690783385794,2.1167415617985187e-05,0.003522968159210357
45,0.0005702688252078677,0.04575641429464522,0.9477403269397271,2.907953964598847e-05,0.005903910400773748
46,0.0003022110366681156,0.039371235974948085,0.9573056258414823,2.1495653225737756e-05,0.0029994314936757907
47,0.0004486011438607164,0.04102595296158934,0.9546463005063552,1.3520137123301506e-05,0.00386562525107139
48,0.0003209947309084038,0.02729354372410718,0.9662855800437139,9.545208106954333e-06,0.006090336293163555
49,0.00012074422296481811,0.016243506836148024,0.9820300499255517,1.046501364643111e-05,0.0015952340016889622
50,0.0001634014036993919,0.0198687237005675,0.9777856499511556,1.5515854323019893e-05,0.0021667090902546563
51,0.00020404078196345339,0.016951094904996602,0.978109389058664,8.102325374223868e-06,0.0047273729290017745
52,0.000201580306905442,0.01819817157402388,0.9796136938623452,6.828692873150893e-06,0.0019797255638522655
53,0.00015919877571183742,0.028532661886182503,0.9668280596454784,6.2038505974698266e-06,0.004473875842029705
54,9.25427766362229e-05,0.01842130857849476,0.9789923478144965,3.8053969074836197e-06,0.0024899954334652295
55,0.0002186582296259326,0.03676039987048709,0.9599086828720306,6.789828907085247e-06,0.0031054691989492993
56,8.51000737439444e-05,0.01941185037018089,0.977997151524932,3.037194323831087e-06,0.0025028608368194037
57,0.00016649311822697593,0.035407493001215644,0.9615966318216462,7.944161656026326e-06,0.00282143789725507
58,0.00015556885982193232,0.012570755565758283,0.9851184610789213,2.579309489253242e-06,0.0021526351860092227
59,7.757912638996292e-05,0.016441107206654672,0.9819023620876184,3.6250578373732676e-06,0.001575326521499412
60,9.92485089385378e-05,0.012211134872345254,0.9859352863406684,5.5040649388193765e-06,0.0017488262131087383
61,7.761341316915662e-05,0.007859449339474215,0.9903507386286012,4.212023764759815e-06,0.0017079865949905587
62,0.00011761870691611821,0.015724631462763008,0.9815612752812297,5.8312837829863896e-06,0.002590643265308157
63,0.00014547349105855669,0.02175988531311477,0.9727333517795343,6.25088946601006e-06,0.005355038526826428
64,9.11263832154019e-05,0.014546605949716292,0.9838604628983847,5.266911036055963e-06,0.0014965378576474644
65,0.0002968520154946331,0.0315903997926809,0.964165524125652,2.0853178123672813e-05,0.0039263708880487354
66,0.0001351028007521385,0.024296302653001763,0.9725235304797183,1.0995042522712128e-05,0.003034069024005031
67,0.00013496063654021281,0.0273752659185748,0.9689251866947471,1.5021474620180877e-05,0.003549565275517645
68,0.00010602380327010372,0.021695653443960093,0.9759887142409204,9.74221683830934e-06,0.002199866295011072
69,0.0001905782400901563,0.019867752054001694,0.9780741449938164,8.152798198633557e-06,0.0018593719138931368
70,7.757748311684096e-05,0.007642388316388424,0.9911505939626265,5.6633220020220225e-06,0.0011237769158660613
71,0.00010548901232401882,0.01998246223958096,0.9785404039528875,1.2968859771678584e-05,0.0013586759354356857
72,0.0001338678803733248,0.020058608474041416,0.9767872507277806,1.3188105960265584e-05,0.00300708481184455
73,0.00012945320928499767,0.01229259256156848,0.9854770717621375,9.554133400821966e-06,0.002091328333608194
74,7.394621729829299e-05,0.0072985758582366275,0.9912265541911001,7.980667018264225e-06,0.0013929430663466764
75,6.69646243792552e-05,0.005976634020599391,0.9928114445445313,5.6513409560237156e-06,0.0011393054695341494
76,0.00012358561165046108,0.009433186272352585,0.9886970440752275,8.46845186740464e-06,0.001737715588901785
77,4.8181624982272686e-05,0.010559080436544509,0.9883852656098276,8.943641941071527e-06,0.0009985286867046981
78,0.00014065797273448558,0.01370152807546147,0.9839829849551631,1.7610681792894808e-05,0.0021572183148480125
79,0.00019529668936276454,0.012124901824263805,0.9829555780650746,3.360722377300665e-05,0.004690616197525882
80,0.0001718022619046288,0.008660622335662322,0.9879762449946159,3.392244721812087e-05,0.0031574079605989685
81,0.0006208088438433082,0.03945862439502509,0.9343163738186205,6.91842333412167e-05,0.02553500870916976
82,0.0005673693834013599,0.012808962224896771,0.9746397543559028,6.013796853917607e-05,0.011923776067260014
83,0.0005392072330147853,0.030237419284074436,0.9230451557581535,0.0001031557008884789,0.04607506202386875
84,0.043862990861572734,0.19340882162551723,0.2853191727408598,0.0006533898892188447,0.4767556248828312
85,0.08113795600424241,0.045563113827091654,0.008699444884650834,0.000936847151656997,0.8636626381323581
86,0.169588205976978,0.3822047326235747,0.20153204472014224,0.0019800102971961097,0.2446950063821091
87,0.09216674450244469,0.4803347852824813,0.2403007645763094,0.0005296482806491463,0.1866680573581156
88,0.09651447459574,0.7521848187304182,0.0493699059828208,0.0017812679085576542,0.10014953278246326
89,0.033817285441529274,0.6926991041653514,0.2553949798191765,0.0004672546988325012,0.01762137587511028
90,0.05171794370441474,0.9065387868379918,0.032761343845298864,0.0009957608730459635,0.007986164739248555
91,0.019913646480585512,0.8947422191986288,0.08095447127053422,0.00021700447644434998,0.004172658573807107
92,0.016312246556547637,0.7412335816168177,0.2379983497618555,0.0002105147354189346,0.0042453073293603006
93,0.0236987306774704,0.842908623823452,0.1147934680630302,0.0002867986645002653,0.01831237877154739
94,0.016674681084442783,0.7413475561145905,0.2341568282542425,0.00027849737641881544,0.0075424371703055266
95,0.003646486372682116,0.551342172952887,0.44219261020972106,0.00015697849113736323,0.00266175197357256
96,0.004777283965429876,0.42798916147665383,0.564509907882208,0.00016020816794543933,0.002563438507762976
97,0.0035461537704135383,0.3018936255368453,0.6924696562092737,0.00017769341253302958,0.001912871070934579
98,0.003488630826460921,0.23181240264329167,0.763274859198189,0.0001771341699532134,0.0012469731621050722
99,0.0026943086298188076,0.23695004913561793,0.7580245222320745,0.0001085557176279182,0.00222256428486084
100,0.00563464463400153,0.26575221742608673,0.7257819449220503,0.00015041239307001878,0.002680780624791558
101,0.0015080326068370275,0.15401107508361572,0.840476202398364,7.477667918257779e-05,0.00392991323200067
102,0.0033942802588029903,0.17591985255122852,0.818978773071599,0.0001594278183172405,0.001547666300052244
103,0.0010816879932431117,0.11040167648531941,0.886421995810373,7.392613652064582e-05,0.0020207135745439423
104,0.0015959418881288346,0.1461067063772729,0.8450291469542545,9.19142052557566e-05,0.007176290575087896
105,0.0011660297513408386,0.18130005474424896,0.8149344239752425,8.989894354475331e-05,0.0025095925856229257
106,0.0025901072826929393,0.20067324903842104,0.7903584904222416,0.0002601457696080028,0.006118007487036438
107,0.0014354245976276425,0.15678979535545565,0.8393333231259915,9.056412353346913e-05,0.0023508927973918516
108,0.002324727871114162,0.18236177908917897,0.81067058808615,0.00010603652807039815,0.0045368684254863964
109,0.0011107356031317902,0.12593452061904006,0.8713954328984558,5.408824841056502e-05,0.001505222630961774
110,0.001224186230649608,0.11224166396288089,0.8820597102194336,4.430060267742541e-05,0.004430138984358326
111,0.0008745009386661054,0.07599980929194547,0.9208286416975127,4.291870094188975e-05,0.002254129370934008
112,0.00033318732456543164,0.03177716512050023,0.9666692984201996,3.076342564102546e-05,0.0011895857090936887
113,0.0004136504065011157,0.059961587988888176,0.9377224944253084,4.515025938228619e-05,0.0018571169199201733
114,0.00039008927436979434,0.07015546910381454,0.9269296536653783,4.541080545510809e-05,0.002479377150982383
115,0.00020516874043195862,0.01651734240230645,0.9828094123598755,1.8415905295421593e-05,0.0004496605920908157
116,9.190240448101803e-05,0.017338764766680212,0.9820437152569975,1.0009741427500123e-05,0.0005156078304136165
117,0.00040853916320572994,0.022410198939012943,0.9762602077243797,3.3767030188015936e-05,0.0008872871432138265
118,0.0002290251211049219,0.021991287443640494,0.9766849307644943,6.038000478057138e-05,0.001034376665979805
119,0.00016103958741870282,0.022757499327457173,0.9764782621770279,2.9766574222292023e-05,0.0005734323338739264
120,0.0001258591009690837,0.028066797438868134,0.9709270240355453,3.946158581314832e-05,0.0008408578388042615
121,0.00018306122624050397,0.01946958540770981,0.9792948344323326,2.5328811617151052e-05,0.0010271901220999379
122,0.00011024352859000263,0.021834841253591197,0.9772363473508754,1.7576172449946222e-05,0.000800991694493547
123,0.0001660302614164999,0.021718919982264523,0.9772871677059715,2.5257112148866747e-05,0.0008026249381988676
124,0.0001699595461006622,0.04173982818620937,0.9559859882013969,3.614051779416621e-05,0.00206808354849897
125,0.00019457071004028842,0.014703477346876583,0.9844946718395345,2.413853833407979e-05,0.0005831415652144243
126,0.00016871308232928946,0.016956553840546715,0.9819881295523111,3.6836449103956156e-05,0.0008497670757090299
127,4.905017677509059e-05,0.014219115270797214,0.9852296320112535,1.1471963750915973e-05,0.0004907305774234276
128,7.074439718044703e-05,0.01100967000278541,0.9880943731553734,1.5715339682767385e-05,0.0008094971049781084
129,8.938395842419588e-05,0.009105421621516127,0.9900177223979696,2.5435228759315418e-05,0.0007620367933305659
130,8.868508533492216e-05,0.015808076215753124,0.9830569107540208,1.904053906007608e-05,0.001027287405830903
131,7.897033889046422e-05,0.008989687262474627,0.9901285481219148,2.0672379852263777e-05,0.0007821218968680142
132,5.113150879314512e-05,0.008032342358194035,0.991453132869759,2.177175326822568e-05,0.00044162150998561863
133,5.950553138395263e-05,0.010614155709843372,0.9887620139301929,2.5092330691651376e-05,0.0005392324978881098
134,5.4828562772501056e-05,0.00803363974021725,0.9914370446302863,2.321270070173709e-05,0.0004512743660224269
135,0.00029195539430796165,0.02045837480810995,0.9781687202742694,6.093770572987746e-05,0.0010200118175829676
136,9.299882742683944e-05,0.007342565258314772,0.9921346065814657,2.0950656263537305e-05,0.0004088786765291603
137,0.00034231035222589544,0.011644636289308282,0.9871353593585268,8.95534134145657e-05,0.0007881405865245922
138,0.00036781563167110525,0.032454217243069586,0.9653528466228842,0.00017124378291379942,0.001653876719461374
139,0.0007355563710029073,0.031708614367347634,0.9631696597171213,0.001146750830635283,0.003239418713892862
140,0.0007721559147337818,0.03584591882002618,0.9611470937613613,0.00032116081016883395,0.0019136706937099115
141,0.0034449255478447498,0.04443339572367201,0.9457288562005058,0.0008068459150706506,0.005585976612906864
142,0.01397774661963749,0.12535932423528529,0.8301478848990829,0.0013609747018875622,0.029154069544106802
143,0.031039868503984522,0.07172847328267361,0.8547324121022175,0.0049658846529381205,0.03753336145818627
144,0.14963647221120407,0.39932095036820264,0.10068208704224857,0.1874067712086931,0.16295371916965173
145,0.1155358854498054,0.36053270487161715,0.010568880222325473,0.3450932537242429,0.1682692757320092
146,0.08599952451647402,0.5650510212395605,0.046345848215592,0.20694480595085168,0.09565880007752181
147,0.03654421633992779,0.6301206583292139,0.0025442099784778894,0.27594862685558136,0.05484228849679908
148,0.05499778297090204,0.6549964513245597,0.009119306513095908,0.21612598443612413,0.06476047475531818
149,0.026158813135462346,0.2550393354798563,0.00533770262663419,0.6365688081540665,0.07689534060398075
150,0.02712235668200884,0.3189686252999467,0.001514741559765638,0.5294910052104237,0.12290327124785512
151,0.11070373716416695,0.6025815221329761,0.11231693984354908,0.05425583816399321,0.12014196269531449
152,0.05372557949855206,0.2865893405415812,0.0009544415947955226,0.5891289866887733,0.06960165167629793
153,0.06591632802774432,0.20080382857481158,0.002994258571565712,0.650131724473301,0.08015386035257725
154,0.1098888112231305,0.2711725558720491,0.006945910438810626,0.5539979511913039,0.05799477127470594
155,0.05345045553024177,0.2589014748897756,0.00074514965197418,0.6307476261889148,0.05615529373909363
156,0.08356315958795546,0.3333547021672361,0.0029565342068865953,0.40091605404300207,0.17920954999491986
157,0.07515536548669899,0.43008387577365437,0.0013975897880880673,0.38153824486886967,0.11182492408268872
158,0.07390271682026758,0.5184214007957406,0.004317030071837335,0.2333067413318265,0.17005211098032785
159,0.07401104133524278,0.5095922106808854,0.000512046457612734,0.3983138721268336,0.017570829399425458
160,0.03407849201499453,0.731039580206864,7.0624257905854e-05,0.20909592753442804,0.02571537598580784
161,0.07144682115589852,0.6228469960298517,0.00024217404457602338,0.2578641677900174,0.04759984097965649
162,0.03344304215916818,0.7964349689233976,0.00036723728904716513,0.1494482112160304,0.020306540412356515
163,0.052506946640510595,0.8365946219176982,0.0009475796798700768,0.07012747130636379,0.03982338045555752
164,0.044399235999433795,0.8165375067353143,0.0031281542740624244,0.08783699138075524,0.04809811161043427
165,0.05570078045731734,0.32977476032774944,0.00028684862703847955,0.5712336906290811,0.04300391995881356
166,0.04203763274319113,0.8657295575014361,0.013943401863849157,0.038748210794899964,0.039541197096623446
167,0.04815803083758174,0.7833584298174834,0.014979440419988853,0.0694699686967299,0.08403413022821601
168,0.07226296509716576,0.8117191332937118,0.005518942889643931,0.07526703943633993,0.03523191928313863
169,0.012522504781121211,0.9111968876533185,0.04757311432979337,0.02265902500674692,0.006048468229019853
170,0.026731581720086196,0.889088346362599,0.03489563989771723,0.03276198083804036,0.016522451181557127
171,0.013491021737169227,0.9365247826071014,0.014209486829393483,0.03330242547423649,0.002472283352099385
172,0.013118559650711518,0.8951035174173505,0.07341231085484427,0.013941172628381128,0.004424439448712512
173,0.1082435913825915,0.8424886849874238,0.027644258158901633,0.016725736902246133,0.004897728568836978
174,0.014440242552110677,0.957743877303809,0.0050392332960885805,0.00943192401122968,0.01334472283676197
175,0.012453108711328292,0.959051760217788,0.016430854816715714,0.004220726556465871,0.007843549697701957
176,0.030974514138649385,0.9345466652834536,0.013160317729167616,0.004677090192265699,0.01664141265646367
177,0.011996624499888945,0.9470116806620421,0.03431775141204146,0.0031295885752650387,0.003544354850762565
178,0.014051910919883741,0.9467541197807942,0.022872207763413418,0.004378998975128371,0.011942762560780106
179,0.013933346057064453,0.9438235969136359,0.02611349443434992,0.0060133229020511636,0.010116239692898476
180,0.015132604934302463,0.9497634058954629,0.020033096421158275,0.0059797451839781685,0.009091147565098054
181,0.02661878612354153,0.9372106132483988,0.019811060545702957,0.008249267875207737,0.008110272207148841
182,0.09933433308071983,0.8034253496149433,0.012528463628854559,0.019595501973434678,0.06511635170204765
183,0.04331784395156337,0.8616260846180265,0.02727420841786975,0.016520957946601605,0.05126090506593896
184,0.05325151746133144,0.8419257996708068,0.0206208142481226,0.014253880246672184,0.06994798837306689
185,0.14347939432426635,0.7538135064619935,0.006020339535571927,0.04039454994044926,0.05629220973771898
186,0.03591123785846477,0.8584835104743267,0.04180997731176106,0.010242107953956615,0.05355316640149112
187,0.04171837005499344,0.8463911559581399,0.024950811248016628,0.00885715573239525,0.07808250700645487
188,0.05898115620420115,0.8678279247933762,0.04218173191819355,0.007098266525955462,0.023910920558273572
189,0.022943465892827218,0.8545013137400225,0.0736438768381044,0.0029179537059124917,0.045993389823133675
190,0.0357366970102042,0.8525033056053023,0.03981596776471688,0.002442140615452166,0.06950188900432444
191,0.039887280681380886,0.8053873194064752,0.08502746453925202,0.0022471295751165282,0.06745080579777546
192,0.013165548083051678,0.9008356669719226,0.07129409157221224,0.0006970969967840351,0.014007596376029479
193,0.015468029124761608,0.8514133266863412,0.1196573439334111,0.0002524850122094184,0.013208815243276639
194,0.012011874476592563,0.901483334199645,0.07013018984156409,0.0007050331379746569,0.015669568344223846
195,0.019207797167682623,0.8464978436994361,0.11871420277824894,0.0007444165636929062,0.014835739790939375
196,0.020909749207002594,0.8491127516832038,0.11278713680517277,0.0018690731793857913,0.015321289125235229
197,0.00848601341581315,0.8697565184096558,0.11203739310501783,0.0016490112893818162,0.00807106378013131
198,0.023564920165242115,0.7760495857390782,0.1726867026973684,0.002402629344308187,0.025296162054002917
199,0.009239064988696243,0.7504472136221748,0.23168237989381188,0.0019794837066464894,0.006651857788670418
200,0.0193342269802996,0.8451364795871013,0.12077683948540809,0.004115109049925083,0.010637344897265946
201,0.022886485292659364,0.7561400863999685,0.2072413771007902,0.004816194359906322,0.008915856846675368
202,0.01790219577820137,0.6937342847141862,0.26466391684827956,0.007970292457894485,0.015729310201438546
203,0.016547853737132374,0.6277879824471267,0.3327916900679104,0.006257821260078561,0.016614652487752107
204,0.05729168858710975,0.49225179275519726,0.391178842661219,0.011261642986065825,0.04801603301040812
205,0.498247314925435,0.16356488158497126,0.03791457692247213,0.002851035336183704,0.29742219123093794
206,0.3016879866646638,0.5841797949725652,0.0799844339084399,0.011466329520806468,0.022681454933524477
207,0.14925791159739013,0.7525597622100999,0.06464099640633612,0.004266989635749874,0.029274340150424058
208,0.07819094773978541,0.869067441808191,0.03608672587649855,0.0015606008178698008,0.015094283757655397
209,0.06776662789581828,0.8794222285313053,0.03179222290000745,0.005984584356869219,0.015034336315999744
210,0.06939321858942739,0.8556012806256547,0.04605178272250876,0.004150361575870382,0.024803356486539033
211,0.03255128999315674,0.9023486213284692,0.05668246975692876,0.0017455090902654129,0.0066721098311799155
212,0.00957671249654307,0.8542455208785498,0.13139899247323816,0.0007289986377558316,0.004049775513913188
213,0.018631668558719377,0.851717519594907,0.12369921154042005,0.002372961435958135,0.0035786388699954935
214,0.03890138479293305,0.8226345533981243,0.12511367143394425,0.003449726700388232,0.009900663674610224
215,0.006703438606814742,0.6940269609058198,0.29162232810884936,0.0006665962963591823,0.006980676082156889
216,0.053822635848537144,0.7377000201615482,0.18866738020629129,0.004907003088646333,0.014902960694977166
217,0.12967039977290742,0.6628012538360544,0.17820807957538093,0.004346526497047915,0.024973740318609328
218,0.07373296756060733,0.6773804257517646,0.17670579283962584,0.026007192544727362,0.04617362130327479
219,0.08868806595674135,0.7258090370435336,0.07963897442779867,0.02201163024531457,0.08385229232661158
220,0.14900285714554365,0.6872610148945676,0.0581991128055975,0.06361773468033012,0.041919280473961054
221,0.06298288407108639,0.8093672504483621,0.02693469255748782,0.09149348905081833,0.009221683872245309
222,0.09002364808941521,0.7995361563631472,0.019886191192127475,0.06040147581041887,0.030152528544891376
223,0.11528488194577094,0.7316729366403958,0.0046182975450525165,0.11946725084366816,0.02895663302511262
224,0.17742081220153147,0.6485542486592778,0.017456332175532416,0.056853026820749955,0.0997155801429085
225,0.12514436825047812,0.7937329866756834,0.02342110998670484,0.03303769802132726,0.02466383706580649
226,0.09588803430742726,0.7871569226268533,0.05827624826487316,0.017267815498967786,0.041410979301878564
227,0.05114412454867551,0.8738122357376743,0.040614423541564734,0.012885471869120799,0.02154374430296468
228,0.045526126335852644,0.8289415477760936,0.09928891504324851,0.014864186536112697,0.011379224308692391
229,0.03178166727709746,0.8534749479661842,0.08689051623772635,0.01073548397322897,0.017117384545763052
230,0.016893720970833005,0.8732370424632352,0.10055091288915567,0.002257014769338294,0.007061308907437895
231,0.015977183889423038,0.7956630672206864,0.17703302151390346,0.001796684078081185,0.009530043297905954
232,0.024979575464208918,0.8271953509954417,0.12366909801924283,0.0028871299359332706,0.021268845585173057
233,0.012952149920073664,0.6667065959256478,0.3061587687242464,0.0011061613501301623,0.013076324079901976
234,0.026063080911800793,0.6038626009215706,0.35951733714188144,0.002103356081013222,0.008453624943733914
235,0.014612273154062879,0.6298197007949821,0.3473232796667359,0.0013975189742212678,0.0068472274099979575
236,0.03503433562808168,0.6420862291373113,0.3090110034511931,0.002734045795329808,0.011134385988084246
237,0.013595695639973118,0.4974181929322089,0.4833684066747857,0.0013688221840908955,0.00424888256894132
238,0.044887660142242526,0.5786187945287475,0.3482704915179235,0.002346967784485541,0.025876086026600978
239,0.027992835498574606,0.6220349003387785,0.33307511537290774,0.0026355984909903715,0.01426155029874885
240,0.02272033850429901,0.5542963763715546,0.40717481751713447,0.0030302792796927185,0.012778188327319246
241,0.015083307906885614,0.503296623026467,0.4543570964233904,0.007166856363161883,0.020096116280095028
242,0.005651581869590838,0.40924419134519996,0.5650343756001854,0.0025459145088551666,0.017523936676168632
243,0.009327742309324337,0.22590614140264445,0.7210629237146123,0.005174347546993861,0.03852884502642506
244,0.01458182661056957,0.015777531196026026,0.002997302653139453,0.003041569215269767,0.963601770324995
245,0.03863470402363877,0.030229029810798582,0.003976185259474882,0.006717171315626414,0.9204429095904614
246,0.3453326193745618,0.24177173537232258,0.06238457330124774,0.006666126375994292,0.3438449455758737
247,0.13610180354435222,0.5555155134566365,0.15557950430334683,0.002412832215508889,0.15039034648015556
248,0.18512781696636538,0.6313561639075308,0.08309970932994543,0.00701113285488577,0.09340517694127248
249,0.05368828573860141,0.8203815128863514,0.030282514337532047,0.01794657593056641,0.07770111110694858
250,0.013199193599260072,0.897340829394515,0.07723273436429146,0.00238168671833301,0.009845555923600568
251,0.03902047651035622,0.9105014085218016,0.026471239501739973,0.012520944475718235,0.011485930990384046
252,0.02662509213050766,0.9182167659461441,0.042969902243149415,0.002589685770654319,0.009598553909544614
253,0.010964183984178486,0.903040132014055,0.07958540090877318,0.0003741737814818818,0.006036109311511446
254,0.01265693824638925,0.9028242539296931,0.07728673047706874,0.0005253785361309071,0.006706698810717837
255,0.01127246648939371,0.867682768772739,0.11160939869611798,0.000568028257492706,0.008867337784256668
256,0.0074140160216763715,0.7639264675152064,0.22429528053846684,0.0004842286573467424,0.003880007267303846
257,0.02141692170619586,0.8281211835790614,0.14343045551379982,0.000987826707022851,0.006043612493920173
258,0.046356998358134976,0.8033243766486904,0.08595587701541235,0.0022957144090154317,0.062067033568747
259,0.02540922238219557,0.891389052334035,0.0705771812012672,0.0020075077307036213,0.010617036351798599
260,0.026072843131062222,0.8740234634204316,0.08911687242092321,0.0006601420046799436,0.010126679022903116
261,0.02267600938661968,0.8668454087457538,0.08594938306540155,0.0015326392302139266,0.022996559572011153
262,0.03253598454039767,0.8429048341209462,0.10251497586377958,0.0022109346758625746,0.019833270799014112
263,0.016667282869178394,0.8941113718331921,0.07369249682406821,0.0012256540015640894,0.014303194471997247
264,0.023975724671325162,0.8755645662102947,0.08484259890978055,0.003469173240595787,0.012147936968003937
265,0.015011009598041102,0.806639001012769,0.17294693907202274,0.0021643179317933094,0.0032387323853739223
266,0.05706929040052297,0.7248121832019759,0.20701522548976659,0.0030138341509787854,0.008089466756755736
267,0.035560602805506374,0.5740045536684735,0.3816308853759717,0.002959095406299092,0.005844862743749409
268,0.009841522530567977,0.5383163797004898,0.44624617134860667,0.0017661431041116088,0.003829783316223914
269,0.008907876098087431,0.737478441373938,0.24157470403220682,0.0020449360678376272,0.0099940424279302
270,0.008205784445933116,0.4685120514152399,0.516324504355412,0.0008980211483862521,0.0060596386350287995
271,0.009047092730837033,0.4614364511434617,0.5197844191231934,0.002064818703279846,0.007667218299228127
272,0.021506880271797993,0.40735356673479,0.560872418968886,0.002144284976380186,0.008122849048145893
273,0.004888872502218033,0.21780733105069697,0.7707438259602533,0.0009082921021319013,0.005651678384699969
274,0.014765191937742889,0.3138131884150411,0.6580080371062611,0.0014584705826065673,0.011955111958348584
275,0.005316696085830578,0.3422972714873673,0.6387807251684131,0.0011844453935075305,0.01242086186488161
276,0.0029202125336381017,0.21255585884966197,0.7795807763134573,0.0020729470907445316,0.002870205212498193
277,0.0016078386711638579,0.18461021421729398,0.8116228083414231,0.0003879077242140538,0.0017712310459049052
278,0.0023781614494100454,0.1901491567664372,0.8041019398594625,0.0004728273150984727,0.0028979146095918363
279,0.001584165090412451,0.16840509444077295,0.8268252923758033,0.0006028060948306598,0.002582641998180758
280,0.0023646464946328037,0.2923728752685033,0.6987726817169564,0.0006268192320469322,0.00586297728786056
281,0.0016970150927667548,0.12719243590615262,0.8657251996932163,0.0012768879609702808,0.004108461346894122
282,0.0003060352724052906,0.06838652502608719,0.9285236271656666,0.0006355270365411193,0.0021482854992996387
283,0.00043493954641376527,0.03856111115694922,0.9577503622090698,0.0009473933782436188,0.002306193709323653
284,0.0007760984618324112,0.041283863633954095,0.9502167270016914,0.0033776370218621247,0.004345673880660067
285,0.00041770043341370815,0.02673014704364755,0.9657184667442065,0.0024177485605684683,0.004715937218163525
286,0.00046487781404028206,0.02599579746928966,0.9638960949864744,0.0017181614732418797,0.007925068256953513
287,0.001519728015243954,0.031677630089912055,0.9452863744380526,0.010393339276442084,0.01112292818034937
288,0.016621539122443543,0.02940491470386707,0.02952757375000048,0.020536998934272462,0.9039089734894163
289,0.15567665470680447,0.43607101886591737,0.12959052803999085,0.071948698205923,0.20671310018136432
290,0.12369966311413821,0.46324997689193326,0.24430980287493606,0.02107095287959859,0.14766960423939382
291,0.12046855263540816,0.41079923335085083,0.41668944245153294,0.004640096796585313,0.047402674765622786
292,0.037731820128067715,0.8074997881604808,0.10311004982152684,0.02443677731439371,0.027221564575530682
293,0.05119398570610104,0.7502284028573748,0.13748748203191205,0.019715695174176723,0.04137443423043548
294,0.05460128719796145,0.4972601015575957,0.18161535313642002,0.0747548922119885,0.19176836589603433
295,0.01949304633445451,0.22164451322958095,0.7157672330921022,0.014578720688951073,0.02851648665491124
296,0.016961627525170043,0.20030477940232166,0.7583815093033183,0.00903120942555379,0.015320874343636263
297,0.047540984367424995,0.5299146987990573,0.3737860255309666,0.012164087716252159,0.036594203586298925
298,0.05338429880461182,0.4339383913470337,0.48276658500051467,0.011762095707751184,0.01814862914008864
299,0.08234590353384394,0.6766450627582549,0.14938887412334062,0.022099366314989252,0.06952079326957128
300,0.21020215999886377,0.637529049516263,0.057610069248454576,0.04062604888886235,0.054032672347556196
301,0.028636934907682453,0.7902918461854942,0.15838225334294131,0.010168275229431725,0.012520690334450352
302,0.024879746063979778,0.8218925407259221,0.11700035297798127,0.020095044321923446,0.016132315910193255
303,0.03217881463032288,0.7791969820885758,0.11371620192363036,0.03778013214852568,0.03712786920894536
304,0.03217739082275672,0.6854507105704061,0.18768522089387984,0.029839356438089687,0.06484732127486767
305,0.026084525160229993,0.8098769502962847,0.1417581996111814,0.013314080373522698,0.008966244558781322
306,0.06047222358493858,0.812571961843293,0.06764888356301854,0.03179433534939905,0.027512595659350787
307,0.05043888766666772,0.8147095201798371,0.07813384777087846,0.025243407257017382,0.03147433712559942
308,0.06327322081439087,0.7532298669033507,0.12542744988993149,0.031116575861074074,0.026952886531253006
309,0.08243219437695057,0.7805949728297176,0.09148933651177281,0.02713719472063646,0.01834630156092263
310,0.051064270218156536,0.7658717310661799,0.15402405462356877,0.010894769199805072,0.018145174892289694
311,0.08146821873557078,0.5329553599250388,0.3266776177321729,0.049249397979349845,0.009649405627867789
312,0.030563844231133917,0.5500051931187856,0.3805773473388852,0.02010867279847243,0.01874494251272289
313,0.0202042679104381,0.6344946887849172,0.31236576353217255,0.016835171673285507,0.01610010809918647
314,0.057907760421607106,0.7453991255185695,0.12281249253139262,0.05421878765405329,0.019661833874377452
315,0.09237700091552702,0.7870137128996663,0.08863317676512024,0.012777635926061204,0.019198473493625315
316,0.015119565326912153,0.8486924607650912,0.13224727365651978,0.0018768893604087166,0.0020638108910682107
317,0.1240656263121484,0.8100403825199498,0.028956986676905414,0.007579422829828148,0.029357581661168267
318,0.023076612796075445,0.8912634408974849,0.07948340935803141,0.002543467456986929,0.0036330694914213472
319,0.014222650215557032,0.8750102705275494,0.10466764690621758,0.0017130467631586855,0.004386385587517243
320,0.04016616671108347,0.8567490156502342,0.08979559951892788,0.0030389686123911143,0.010250249507363439
321,0.00963338829557371,0.8748921000055004,0.1098801734174397,0.0027809652610369965,0.002813373020448988
322,0.003319616832458199,0.6576082500038386,0.33594710775572867,0.0010717217362174068,0.002053303671757123
323,0.004466694631872373,0.5265145727091076,0.4655908187605193,0.0010702724539697547,0.0023576414445308784
324,0.013702802991307642,0.654179480101306,0.32449766457608237,0.001833366628303193,0.005786685703000647
325,0.011791987913893345,0.5176659367354793,0.4608028232878679,0.0016108368760922344,0.008128415186667062
326,0.004017811032792665,0.2956959751208719,0.6953118461509905,0.0015959737429154478,0.0033783939524295115
327,0.005348439478702821,0.2629238806405497,0.7274772591857087,0.001675216545330522,0.0025752041497082664
328,0.003972358776610856,0.30194457670323915,0.6869008712232276,0.003270760990124161,0.003911432306798218
329,0.006201108138795295,0.3017031226375557,0.6791987833512345,0.00486801206124263,0.008028973811171847
330,0.006867411733067433,0.26611499554766643,0.7108568404354716,0.007971433247305568,0.00818931903648906
331,0.022137738560650957,0.25929885006481873,0.6935764186393623,0.02003234163733035,0.004954651097837756
332,0.02705347042559542,0.603632304498221,0.29828464904637036,0.04941200228408656,0.021617573745726693
333,0.022343358998319983,0.6202584122728257,0.3128914228068824,0.028495184619300052,0.016011621302671756
334,0.06299089466709189,0.6270200039749679,0.1878173482631547,0.09701563259656198,0.025156120498223536
335,0.0514950802927815,0.5369997070580151,0.3486174777353282,0.05346443366978012,0.009423301244095007
336,0.01923251406055687,0.4666666010811023,0.4827592017790245,0.02716392008343275,0.0041777629958837876
337,0.018075495119464772,0.6619198978352488,0.2686364889255715,0.047472324951561284,0.0038957931681534276
338,0.03836369409453567,0.6590182754104559,0.2372991207833813,0.056095618177835586,0.00922329153379152
339,0.05556836690237499,0.5994758527653609,0.24535350261719982,0.06820524648557173,0.031397031229492535
340,0.02499881066915609,0.5245575485723443,0.4157936966478177,0.02723657856986218,0.007413365540819783
341,0.019540672398405085,0.6345789668196568,0.32474662773660934,0.016604672698623577,0.004529060346705413
342,0.00949592725206945,0.5496030172613656,0.4165993609826263,0.014447580754734183,0.009854113749204413
343,0.08769107852932566,0.40454281280401483,0.35664763584873516,0.12957030177886553,0.021548171039058775
344,0.018193687851292818,0.4210759446910327,0.50967867995769,0.0355821646164674,0.015469522883517082
345,0.10142858234480244,0.6113951698812685,0.1084060076367052,0.09282507730129293,0.08594516283593091
346,0.16981107123371567,0.46941055164123874,0.3025152560738228,0.03760532377882256,0.020657797272400122
347,0.025900332833620157,0.3813994551102599,0.5550957638215767,0.03172026487256803,0.005884183361975299
348,0.05379879358507037,0.44056388937749197,0.35194450699149976,0.12945231913486813,0.024240490911069723
349,0.08220298956451987,0.5186542321598365,0.29258514767219596,0.10198744617217105,0.004570184431276732
350,0.021505621671619735,0.5383537952212915,0.37493415070081243,0.05824841214729411,0.0069580202589824254
351,0.056445925984730624,0.7415668306853485,0.15204635699910898,0.04503403200423609,0.004906854326575709
352,0.08098326598491509,0.8426225961376084,0.05249130576935549,0.006912378627504667,0.01699045348061646
353,0.016263190939508627,0.8842281754369336,0.09234153271718348,0.00416230638847657,0.0030047945178978287
354,0.043092142911244954,0.870918691867585,0.05696766602838126,0.003102910218665599,0.025918588974123212
355,0.00688535857912598,0.8973314230652033,0.0918542909670851,0.0009770648612727314,0.0029518625273129593
356,0.00635336612922056,0.8662092527962764,0.12438597621870107,0.001489184728660422,0.0015622201271416364
357,0.009687192619602205,0.9383986079079117,0.04808895146003815,0.0011851609104675254,0.0026400871019802556
358,0.014635951949216304,0.8622860822177908,0.11963714328464435,0.0013649599527097297,0.0020758625956389673
359,0.012947925558424023,0.946669310949163,0.030290558430856526,0.002903865246403534,0.007188339815152828
360,0.01239830818688699,0.9182227895024789,0.06459023542690548,0.0031160923358404713,0.0016725745478881648
361,0.043558188484807726,0.8989547933067674,0.04247460491496841,0.008406395197214646,0.006606018096241808
362,0.02103780224848119,0.9288969298393663,0.0286853780142837,0.009139293263301703,0.012240596634567155
363,0.029342340820655944,0.8761174855405797,0.08078032898883321,0.010929741226652488,0.002830103423278903
364,0.025118223881844218,0.8292333232061544,0.10380430137920459,0.030263686783166467,0.011580464749630162
365,0.04695597795349334,0.7028762359703851,0.19610362717856156,0.041787863901967516,0.012276294995592603
366,0.018048558024899023,0.681525696895536,0.1998637296787407,0.0888093627678111,0.011752652633013162
367,0.04436664435636348,0.45457415758975817,0.22410648608861267,0.23969496436893334,0.037257747596332276
368,0.04634527466197939,0.384279830116191,0.010692494204000945,0.4925541578708125,0.06612824314701611
369,0.028804634699964724,0.7611971532444546,0.07004541425510873,0.12956565199803907,0.010387145802433084
370,0.07532139493592806,0.5902806984404185,0.0017988180825330852,0.31321957507325676,0.01937951346786351
371,0.014311404875905345,0.06718198763266578,0.00019253413237921163,0.9137102466315743,0.004603826727475343
372,0.011890749761399259,0.09015071044623174,0.0002446200800121776,0.8924393575523536,0.005274562160003201
373,0.003228809906536285,0.007441567610382914,4.8623662335668426e-05,0.9880684903426001,0.0012125084781450103
374,0.002743839993647273,0.005796109729521154,4.393903211602729e-05,0.9907671021299417,0.0006490091147736434
375,0.0034813827737871458,0.005103391861336475,2.1794114477990484e-05,0.990556363164322,0.0008370680860764217
376,0.005414444432551351,0.0041152316667664715,1.625364728151772e-05,0.9893528719172264,0.0011011983361741934
