epoch,N1,N2,N3,R,W
0,0.03424318245514127,0.0011731411469645362,9.21881226689586e-10,2.6645083755587816e-05,0.9645570303922573
1,0.004404726300104779,0.000343194290739399,0.00021039088094791685,3.484551614123993e-05,0.9950068430120667
2,8.79413524422094e-05,7.223901539959497e-05,1.2022384801100939e-05,2.4152225430958624e-06,0.9998253820248141
3,7.315111981340723e-05,8.052786267070417e-05,1.2579075499657608e-05,2.5231196776100333e-06,0.9998312188223386
4,0.00025443120286251,8.094280564903773e-05,4.0981219497490885e-06,3.0746712801428356e-06,0.9996574531982586
5,0.0007690257913301165,0.0008237609132596425,6.538811448932751e-06,7.167345430895081e-06,0.9983935071385304
6,0.04889002788289659,0.007916740467963071,0.0004461415982089624,0.00019583693140863304,0.9425512531195227
7,0.08597726866627814,0.06004541462138547,0.0009905453429829487,0.0010697633535604696,0.851917008015793
8,0.04501868036564685,0.09646002947790286,0.0009777233577579986,0.0012249980141585653,0.8563185687845337
9,0.07016533384235775,0.022204406390909436,0.0011483075891532944,0.004975044246052679,0.9015069079315268
10,0.031679871690487985,0.022716322770865917,0.0021824771919567256,0.006227667248809405,0.9371936610978799
11,0.01714976178147528,0.004726314801245772,0.0005041035465974547,0.0004843523015298203,0.9771354675691517
12,0.005234184022496165,0.00158728095287769,3.755367923265463e-05,0.0004684710620237813,0.9926725102833698
13,0.028776233430983397,0.01690705828677208,0.0022714211276005803,0.0023090576401261294,0.9497362295145177
14,0.11576005277992474,0.015064974813080799,0.0007064552658168406,0.0022332944886850237,0.8662352226524928
15,0.11217996955613839,0.04591536752457808,0.013205632778013697,0.010749202205619847,0.81794982793565
16,0.11091068943996411,0.045539170883929156,0.018895182119758953,0.05442163586446182,0.770233321691886
17,0.053090166898973695,0.039120728810270095,0.006492459954938655,0.06434713046593515,0.8369495138698824
18,0.011909972967421573,0.014630438218613106,0.008248097656720988,0.003035063636458041,0.9621764275207864
19,0.001095162653356539,0.0011035056578224491,0.00020162810227812895,0.0001020949083153805,0.9974976086782276
20,0.059704474869108376,0.031607998065226614,0.006142465552086175,0.001878658267230089,0.9006664032463486
21,0.07574878278234662,0.02874143608543354,0.027707028617580225,0.003699641120057359,0.8641031113945822
22,0.05680867182203561,0.007841256985880184,0.00035670080120831014,0.0008279620155066676,0.9341654083753691
23,0.0030643871145132956,0.0002715638600792005,1.7436768497681325e-05,0.00021691680132617422,0.9964296954555837
24,0.13302034414212022,0.04986287649207121,0.00205215560725712,0.002115110415285785,0.8129495133432657
25,0.23012169095987262,0.06187461557958243,0.0008989133940391894,0.007501743615904189,0.6996030364506015
26,0.2089475679759916,0.026788245386560605,0.00021829394562619382,0.024639478930605984,0.7394064137612156
27,0.37259785271938733,0.02794464535937517,0.005972797600000428,0.006594587221304272,0.5868901170999328
28,0.45310398640814553,0.11450803517230411,0.016304469969969725,0.021541704218263808,0.39454180423131685
29,0.44102973105758175,0.10251604503258938,0.027590015322040546,0.034930414532747256,0.393933794055041
30,0.3694995192751764,0.13949067002130464,0.03042695133033331,0.04501278294342545,0.4155700764297603
31,0.35792529387799565,0.11208333654129585,0.009652803896396549,0.029667838408171814,0.4906707272761401
32,0.4076672644046134,0.2545686308966344,0.01907818721466112,0.015108413750983658,0.3035775037331074
33,0.02494305982262688,0.023375303240478453,0.0013372501861524221,0.0029297254660426214,0.9474146612846996
34,0.034896835282414634,0.008681249644152076,5.9574851973233406e-05,0.013660424152261527,0.9427019160691985
35,0.6348368430069562,0.030313056669301713,0.0039861885270397685,0.008014488097650785,0.3228494236990517
36,0.06397051213384992,0.0062677558603400916,4.973504533881651e-05,0.0017596035080802413,0.9279523934523909
37,0.12836896125546324,0.012608113777149585,0.0018087919165300696,0.003118251909109124,0.854095881141748
38,0.09287792598788369,0.028443225910517515,0.00045845763622345587,0.01617621344847144,0.862044177016904
39,0.13614489915668476,0.032480597708370744,0.011638133808810526,0.019958275793351635,0.7997780935327823
40,0.13635721047740107,0.06193397041849403,0.002010021521076522,0.019794513878448484,0.7799042837045798
41,0.2205481308934266,0.3936685770518861,0.012899378712348695,0.02727981878931363,0.345604094553025
42,0.16496173874986722,0.27819294070412515,0.0068166526200501365,0.021901421606423138,0.5281272463195342
43,0.10710559574355093,0.1835922540308764,0.003874476313667478,0.013940618745779433,0.6914870551661257
44,0.38233933194305697,0.16389735355448648,0.0037394205121810097,0.023296323164019125,0.4267275708262564
45,0.1319558348350236,0.06227173400942827,0.0019579894422599225,0.0031915496331988424,0.8006228920800893
46,0.21104179732444922,0.04233201700407709,0.00019891382939299262,0.00250544983311298,0.7439218220089676
47,0.5007208697683422,0.26825453976081215,0.026625127089906726,0.004976911908520899,0.19942255147241808
48,0.5405808601879799,0.2003746886438702,0.0017619523734626519,0.01556776626638443,0.2417147325283028
49,0.4323620126230489,0.09129086766032517,0.0010227653363976727,0.02570226113636834,0.44962209324386004
50,0.09288715208599899,0.29158908607013373,0.032399090269742546,0.02011946854878323,0.5630052030253415
51,0.16296447218099921,0.14720648135183598,0.00313747319228922,0.013494989606641625,0.673196583668234
52,0.05790574690548926,0.03672485055709379,0.00020699018190870107,0.001674186898537479,0.9034882254569708
53,0.03469321374745255,0.011056899857371622,0.000101992366245739,0.0020708408700625754,0.9520770531588675
54,0.3242945494432959,0.048355059293797645,8.869827635015603e-05,0.0028508480910668507,0.6244108448954895
55,0.1068860930413219,0.07923477303954798,0.0011187380360555953,0.0028523940058840292,0.8099080018771905
56,0.6138611149944575,0.061444155202783485,0.0005764860620819951,0.00361127199562075,0.3205069717450562
57,0.2042807065782432,0.43410868847546574,0.021086220836767727,0.008944740774448172,0.3315796433350752
58,0.4327258372766339,0.19807501895841795,0.009545159234309007,0.021976332166676413,0.33767765236396274
59,0.12065103250064825,0.5486239394188999,0.00876732527644479,0.025875787501812533,0.29608191530219435
60,0.10720623834602615,0.8556086480138921,0.013108080108432478,0.00878329149819252,0.01529374203345667
61,0.05012699636786976,0.9137619902048922,0.01271656277278935,0.004602159378586219,0.018792291275862273
62,0.05377747930412996,0.8451047369022296,0.038284581322132825,0.003010897578837033,0.05982230489267052
63,0.009665906302821815,0.9312745216563513,0.03769661211823718,0.00358221702323545,0.017780742899354194
64,0.041726039223367005,0.8296467127065186,0.008992858482239355,0.013521702778164505,0.10611268680971048
65,0.03354716216649055,0.04692569875874241,0.001435092060558486,0.001389445080729203,0.9167026019334794
66,0.17845843645285744,0.1448690128523963,9.876972121491582e-05,0.016123639759770585,0.6604501412137608
67,0.24212770775440123,0.5171031598132114,0.008467167918647246,0.0050948177342661815,0.22720714677947387
68,0.3591315415149149,0.5212138599016115,0.006245263385764109,0.0031156928507182556,0.11029364234699121
69,0.036804996284376286,0.9212958922621122,0.011993077838085732,0.004667732374099068,0.02523830124132666
70,0.27668064655106067,0.1759533282481826,0.003426174594931843,0.0053924523755668734,0.5385473982302581
71,0.18143474719308336,0.7514042277200799,0.0076240023265158495,0.01463514288678134,0.044901879873539524
72,0.21976279196183696,0.7116325045162128,0.012433964394181183,0.008342155096325484,0.04782858403144352
73,0.17498695413009752,0.5324531901298939,0.050926482411243035,0.005891775601117736,0.23574159772764763
74,0.5149989606128156,0.3101545465141282,0.02174840991672919,0.00943902812393333,0.14365905483239355
75,0.09897653883493415,0.752912760329419,0.1198422007461502,0.002702396166189783,0.0255661039233069
76,0.1754613887742554,0.7468398541378898,0.013824318021638603,0.010062592554645351,0.05381184651157075
77,0.06471393539396242,0.7967455847625332,0.06084401010339133,0.009370491482226557,0.06832597825788647
78,0.08705780477589808,0.03536693370484086,0.0015327940736649726,0.0013490708894212517,0.8746933965561747
79,0.2629394841277965,0.1026180469906388,0.00032615983028010803,0.008532951572675024,0.6255833574786097
80,0.1555740040838313,0.05951075058020987,0.0012803544391005704,0.0011613211662516657,0.7824735697306066
81,0.3380256509721303,0.3341028069243435,0.003436906591816683,0.003917973289853112,0.3205166622218564
82,0.27111959202207997,0.40627334883408694,0.01034315499882983,0.006767685617291319,0.3054962185277119
83,0.38293058946478953,0.42033958416047945,0.004772598807505962,0.004558464300330818,0.18739876326689414
84,0.10519395657234995,0.793376949501128,0.01680169499700526,0.004527999007832134,0.08009939992168466
85,0.07729650671223197,0.6191016831659252,0.0075253003755581345,0.006462804180579375,0.2896137055657053
86,0.11997641818953401,0.10721818265590609,0.0015506148815227366,0.0009407270396397452,0.7703140572333974
87,0.258509460742717,0.4390956628477635,0.014538006421278872,0.003243457139456183,0.2846134128487844
88,0.2715330683827054,0.613022729094611,0.005506307718271186,0.0014587185413657449,0.10847917626304651
89,0.12942596969284678,0.8152500088617052,0.010115397486280805,0.0040894371955361485,0.04111918676363101
90,0.045202451673996176,0.6149371793101397,0.019738569982581274,0.005798914834568663,0.3143228841987141
91,0.16718127735858296,0.291253272203292,0.0016108771461070949,0.0049312781149005985,0.5350232951771173
92,0.027857216477592338,0.9387646299542469,0.02025518038167872,0.003047689595350229,0.010075283591131818
93,0.42977345304217085,0.3297349381505333,0.002662785424623187,0.0028726356518090006,0.23495618773086377
94,0.15007569407074187,0.8014016845400856,0.03518592103851771,0.0018892848928189969,0.011447415457835864
95,0.042461738146203847,0.8769560316259883,0.05765613342429781,0.003811309294915231,0.019114787508594903
96,0.095763376040625,0.8520735691708625,0.030277816466294166,0.00510217200759456,0.016783066314623868
97,0.08362921037486815,0.8683096954804735,0.02777202170982233,0.00616533524213692,0.01412373719269902
98,0.01151902352472066,0.9017584560738149,0.07809065928409281,0.0022188042184593257,0.0064130568989122045
99,0.05797962134451183,0.8910365962689438,0.04036251226359655,0.0026631122152782354,0.007958157907669388
100,0.009994521148155086,0.9338656257687366,0.05323096255998276,0.0011831307119828753,0.0017257598111428598
101,0.01270705190683183,0.9544451200493647,0.025566112393338943,0.001700610578702834,0.005581105071761894
102,0.0715769585480702,0.81789797451411,0.057662823770990516,0.0023835963783683045,0.05047864678846099
103,0.015375852082640997,0.9336738793398779,0.03864268160771579,0.00209358215933562,0.010214004810429528
104,0.058538645997905314,0.8609411024583291,0.0263736121670223,0.0037140146500592823,0.050432624726684146
105,0.027232307647334964,0.8959623031300593,0.048137840827181616,0.0055633522145317575,0.02310419618089247
106,0.029660866874515843,0.7061662261789987,0.06063926831734025,0.0036020278694227606,0.19993161075972227
107,0.08682723459863641,0.453373119595474,0.003072422971078054,0.011849881596746895,0.44487734123806477
108,0.05974851375886016,0.801497882609797,0.06453918587592981,0.00689765542684103,0.06731676232857212
109,0.036865107615140634,0.6022907606732586,0.0665408332154242,0.0017649055766330503,0.2925383929195436
110,0.01330806524004558,0.004241082532850385,2.044804078020649e-05,0.001025878245417982,0.9814045259409059
111,0.07131708085181707,0.03660131743832577,0.0007513294113612788,0.0018969545798442687,0.8894333177186518
112,0.13740658616496984,0.0416654843651209,0.0007544280757111958,0.0030842740991676295,0.8170892272950304
113,0.20401633562547994,0.13833332918692398,0.0013389022239489385,0.003105298077511794,0.6532061348861353
114,0.07618523684339376,0.036843995337975284,0.0005933074737850517,0.0035477952353791644,0.8828296651094667
115,0.21449920721009627,0.21749360336032603,0.00847282045005511,0.009834546712788985,0.5496998222667336
116,0.12625935066568852,0.41928334031390035,0.019281875347666025,0.0026461128956518326,0.4325293207770933
117,0.006568355470248455,0.008382251044832027,0.00039132947464749936,9.307421388621443e-05,0.9845649897963858
118,0.47567516599540854,0.2222209212170213,0.008169910787081288,0.004791888770359948,0.2891421132301289
119,0.31812422220618336,0.5343208624802068,0.009332482015001529,0.002673517071250256,0.13554891622735812
120,0.24599380878536523,0.5955949558776273,0.010430551923841803,0.0047654831165840125,0.1432152002965816
121,0.0652884988374252,0.8434851504388282,0.03567186254684819,0.007628406206332218,0.047926081970566005
122,0.24416629450359634,0.3878704902966326,0.005659055819655155,0.018929676235843684,0.34337448314427227
123,0.17620873885613744,0.750413240324274,0.004980151992186374,0.035897103725273445,0.03250076510212862
124,0.054169964789017006,0.8137409228984884,0.013444791589936651,0.015329748804185373,0.10331457191837246
125,0.13352018132451637,0.10232863267831666,0.0005687534301598366,0.003436383199329422,0.7601460493676777
126,0.3653690564326263,0.3371507286022185,0.001529787189373999,0.015165966241184024,0.28078446153459724
127,0.2645726703544122,0.6855965389588282,0.015329829065775074,0.001587720271860632,0.032913241349123955
128,0.15893234750684407,0.7827581359914099,0.0470016948808504,0.0032496081648714006,0.008058213456024152
129,0.04736094922138752,0.8296582595162623,0.10533573165354251,0.010370005771925355,0.007275053836882281
130,0.021300078305101083,0.9078016401186606,0.05191909733508666,0.013372219450691095,0.005606964790460541
131,0.0058465038417332684,0.9656995464888367,0.024834846113955412,0.0021737722381695457,0.0014453313173048996
132,0.0168235042945955,0.8314975591049473,0.14214325375104528,0.0020498624915265594,0.007485820357885294
133,0.007524840940946616,0.9055726887916911,0.07881068857394288,0.0032332472306933935,0.004858534462725944
134,0.007994924616649426,0.7123555570890068,0.2761267499974326,0.0008134835334764244,0.00270928476343496
135,0.004872779940583405,0.8969806001781114,0.09510995390037026,0.0008568327809984097,0.002179833199936552
136,0.003087734957699472,0.8887898069689546,0.10129671763365336,0.0032171407147032014,0.0036085997249893738
137,0.007861059933994595,0.7316438673556588,0.2511421230312466,0.003649836470846496,0.005703113208253725
138,0.04745248851064664,0.5309999031518086,0.30345258290172034,0.003401155675380092,0.11469386976044448
139,0.022629762416547405,0.8287465136989706,0.13491234393782892,0.0018450388391164402,0.011866341107536569
140,0.01867745948360618,0.7763409635020803,0.19228484927985526,0.004375521735404674,0.008321205999053548
141,0.0479996190398691,0.8894829183223844,0.047632308361110175,0.004088922744922562,0.01079623153171383
142,0.01078525084014251,0.8072816957649831,0.1687511901569822,0.008247900402853586,0.0049339628350384915
143,0.013666797459511716,0.7730451287903422,0.15347455542933844,0.0042997534320277165,0.05551376488877986
144,0.06764444578351218,0.7943815420274747,0.027545860143063865,0.01937254165892,0.09105561038702938
145,0.02502173971839637,0.886654180495499,0.041176881364658975,0.009579784039405825,0.037567414382039845
146,0.04232338692820164,0.24487330512722247,0.007115552927297582,0.002854800384857584,0.7028329546324208
147,0.08414182817543032,0.06069894567084739,0.0007455756999871216,0.0019278004697762835,0.8524858499839589
148,0.28595081788191345,0.3797791303137642,0.01925466414954071,0.004448667670612408,0.31056671998416924
149,0.27998890607477556,0.5040057193772588,0.025525884603435904,0.002968899121887062,0.1875105908226426
150,0.04233878150857029,0.08798679767819893,0.0025648118237882596,0.008178544955353813,0.8589310640340887
151,0.12250362892732765,0.6997508097131941,0.039520188145135936,0.018886830316657503,0.11933854289768475
152,0.0384382885477472,0.7665089065911438,0.034593785554037214,0.004219420604634328,0.15623959870243734
153,0.09695839177235019,0.04362496735709189,0.0001952896652410738,0.019525156427797254,0.8396961947775197
154,0.17607067146179425,0.3500700191665314,0.031147467862933577,0.01613867244193423,0.4265731690668066
155,0.04327274089044154,0.04188588677338953,0.0031766939452972666,0.0025668817548339324,0.9090977966360377
156,0.34579481641631615,0.301754046870966,0.026983451799034736,0.009110091538527387,0.31635759337515573
157,0.1670849143414654,0.3135015202277144,0.0279805185879264,0.012886255959627934,0.47854679088326596
158,0.09731828127570129,0.16763875801557246,0.06710740668296634,0.005525856625582001,0.6624096974001779
159,0.28850796978451887,0.1155826651128403,0.009060254129166265,0.008582681812060674,0.5782664291614139
160,0.46716914058806136,0.35179295828704016,0.0481768635049832,0.011178806874672275,0.121682230745243
161,0.27391469245862277,0.31928704443526473,0.024667593247269498,0.016266425263751997,0.3658642445950909
162,0.29375934785425,0.5646017518447193,0.04106079428403975,0.018968909128924086,0.08160919688806688
163,0.07927523483379494,0.8088081936811159,0.026590903540564398,0.023484698028710047,0.06184096991581457
164,0.247359420117517,0.28845244603624465,0.016074390709927732,0.02052415940850815,0.4275895837278026
165,0.0754399996978163,0.8365765461626116,0.04400389323320906,0.008883625931607566,0.03509593497475555
166,0.18185652947776057,0.635358788666905,0.029667666140838503,0.005176994227831891,0.14794002148666408
167,0.1885855023865618,0.7379527895255634,0.026737527152348433,0.0015259611766201954,0.04519821975890626
168,0.0288977297421987,0.9341656144443184,0.0182816591098172,0.001225549948666518,0.017429446754998943
169,0.11816259539996836,0.7166520667781353,0.013474577187149386,0.0035413829478873385,0.14816937768685956
170,0.036931276779248436,0.9228970303352235,0.022182547777017073,0.003959342146264875,0.014029802962246096
171,0.014414958966739017,0.9483602710673479,0.021107000666929342,0.0058644213751869075,0.010253347923796872
172,0.026163317950751035,0.05283206452878471,0.011495849177946407,0.0028567020575382468,0.9066520662849797
173,0.1434273879593373,0.7630272709712328,0.020792047785300197,0.014638957092222203,0.0581143361919076
174,0.061872082794626714,0.7879616598337925,0.023006548468334304,0.0065362364190946765,0.12062347248415167
175,0.08185866759663452,0.863734338821286,0.01228653129136563,0.007095608382762825,0.03502485390795093
176,0.013740955587671777,0.913193229718403,0.04477477972347096,0.009742919463553868,0.018548115506900265
177,0.013164576972728192,0.04169127755123973,0.0035206152485714936,0.0019846871079486944,0.9396388431195118
178,0.18808492903992566,0.6818652479269159,0.011720988788021029,0.012598648966505147,0.10573018527863219
179,0.18437692114468016,0.3019288125318241,0.00085488317883971,0.005027028505419316,0.5078123546392366
180,0.1547142202501841,0.804937912825052,0.009033518040265975,0.000504561711525087,0.030809787172973068
181,0.2017860870115197,0.4893722133404954,0.004055708633900114,0.006129654852827077,0.29865633616125775
182,0.09064657567883867,0.8596142199591559,0.018493676715263658,0.0006458287595163393,0.03059969888722542
183,0.03426248141898754,0.863558325828451,0.062067064848538384,0.0008923318525869608,0.03921979605143628
184,0.25618937725885305,0.6436935159419577,0.01070153157310825,0.0039036512440766146,0.08551192398200438
185,0.0589405946150063,0.9145047090175165,0.0167604984495296,0.0011175772031897782,0.008676620714757763
186,0.052685555961305953,0.9093283871436101,0.02156113554097234,0.004512464537401319,0.011912456816710295
187,0.05667130229125468,0.8617188284492178,0.024976710782765504,0.024612783965213075,0.03202037451154887
188,0.03397577502294672,0.7836611523086771,0.07056755066590718,0.02028268295110598,0.09151283905136304
189,0.11389342233125722,0.5280741299876023,0.03918301776104697,0.1558793991647152,0.16297003075537828
190,0.02836772442182269,0.7109070857896437,0.11698173926369032,0.11792390208735873,0.0258195484374846
191,0.12448706471526809,0.2776973563331154,0.009865908295037336,0.35274594529373654,0.23520372536284267
192,0.05016317824275182,0.7016090311660284,0.015303110975659673,0.1753787732272553,0.05754590638830492
193,0.15062441025704928,0.18636203865172468,0.0159544649686401,0.3396153369539922,0.30744374916859374
194,0.08117416697425965,0.10026949366834288,0.0008808450549573727,0.740162542187602,0.07751295211483805
195,0.13224072297172262,0.02856831382977661,0.0009695057680294884,0.12327157629007846,0.7149498811403928
196,0.3151664141986095,0.04748405520268395,0.0007627926434439721,0.46898003884146233,0.16760669911380005
197,0.13675645050480267,0.0993411540465749,0.009039154815785481,0.03645914823011259,0.7184040924027243
198,0.3249665792201101,0.15899105086704135,0.006014720447830158,0.062473759660639755,0.4475538898043786
199,0.2013723324787687,0.1616447926330665,0.03672388559426829,0.32777487102438796,0.2724841182695085
200,0.10895232498930264,0.05257886598090941,0.016577551873399154,0.10874826240915346,0.7131429947472353
201,0.07046347628900589,0.05919249231996644,0.0009756422715369255,0.7858521498635441,0.08351623925594662
202,0.05611273967968696,0.05915113454382593,0.003550890088846431,0.47560657171628107,0.40557866397135967
203,0.1497318297422745,0.06929581158038128,0.0110268369592323,0.6630579270476035,0.10688759467050848
204,0.07703808758633818,0.018960197729268345,0.0027275500194159394,0.7881415420482015,0.11313262261677601
205,0.07248272649182311,0.020310526608120712,0.0032783146243582635,0.4232824347594061,0.48064599751629183
206,0.0846032146660033,0.014826522803398032,0.002327002618388214,0.6607881524382556,0.23745510747395476
207,0.04333333717364018,0.011915150377637875,0.0011411579062340063,0.3637431979668215,0.5798671565756665
208,0.04170979489157681,0.020251290136470784,0.0002456427762044483,0.7485578223762916,0.18923544981945628
209,0.015900774320504272,0.003360236659924999,2.5470433266188445e-05,0.9607313282880403,0.019982190298264226
210,0.029920222595793133,0.0076695416607248405,2.800648268351849e-05,0.9480874472121813,0.014294782048617383
211,0.03425280107861633,0.011995959214212513,0.0003811987377898124,0.6687838893457128,0.2845861516236685
212,0.04056260402635465,0.01119439623554608,0.00029780310336330264,0.3609539758446055,0.5869912207901306
213,0.03367311583906379,0.006290863631894769,5.644524705190443e-05,0.913920170492265,0.04605940478972444
214,0.061940978123593324,0.015763088292802725,0.0004586959632849307,0.47923711083174275,0.4426001267885763
215,0.024326790565720496,0.003906885346079512,2.9288206452268026e-05,0.9449440434776601,0.026792992404087525
216,0.05657708308951209,0.01189038477886056,1.9577768621349994e-05,0.8867068548133035,0.044806099549702674
217,0.18873410988282405,0.014959557911983399,0.00013955741040648877,0.6990024770058327,0.0971642977889533
218,0.05382634730881975,0.01281411100691636,0.0004139691319802967,0.839802247760278,0.09314332479200547
219,0.054624185661752776,0.040667700268685276,0.0003775611395498202,0.813273911904748,0.09105664102526434
220,0.017980682024250513,0.010851157541028751,0.0004058394245661771,0.5548742339756422,0.4158880870345125
221,0.04610781810010041,0.03780734627983005,0.0009552645813723512,0.6896662867944372,0.22546328424426007
222,0.02796662118571695,0.01455541273085697,0.00032252284399921096,0.35016179754917764,0.6069936456902493
223,0.051056518565132894,0.011725268261313286,0.0005029036367623587,0.4041959228479696,0.5325193866888217
224,0.06180853268114539,0.00757016627687285,7.354267108595309e-05,0.47120417142187104,0.4593435869490249
225,0.01132710083375859,0.001699557444956004,0.00011972360585018121,0.04733644921330513,0.9395171689021301
226,0.006347281061464787,0.0017152708906302365,8.092565771032228e-05,0.011015824829082099,0.9808406975611125
227,0.05657101007744058,0.002594563611955097,3.240935049013766e-05,0.7049500991700313,0.23585191779008294
228,0.041222814486822405,0.011313308059458323,4.554480464597253e-05,0.8023460267360862,0.14507230591298703
229,0.03201936306871913,0.02244901242963248,2.8128637136917165e-05,0.7542468045488305,0.19125669131568085
230,0.1812890368937352,0.09268170296250948,5.933755368004951e-05,0.2148898739844505,0.5110800486056247
231,0.13489524167070333,0.043811823158282984,0.00012385103147515765,0.5804836850998789,0.24068539903965971
232,0.18338846619558444,0.032612394058412285,0.00047295403034804335,0.5732395799973031,0.21028660571835203
233,0.13697675319540126,0.06603861178542274,0.0017147065396750554,0.5703756750350871,0.22489425344441386
234,0.08782044796517345,0.017810988950366133,6.932610762255993e-05,0.8084316400468141,0.08586759693002378
235,0.12480355386185038,0.03535637589909669,0.00022089729458156786,0.732104395644085,0.1075147773003863
236,0.24058465966930526,0.11090172052457058,0.001902349304087962,0.5599810137160274,0.08663025678600894
237,0.08920435254367128,0.04101558045836633,8.631262531006649e-05,0.7316844212263527,0.13800933314629973
238,0.18420287644739214,0.14445099120699692,0.0038289294685598008,0.544311733833585,0.12320546904346617
239,0.18730552780325807,0.06585948666611624,0.0019445744881745484,0.6515147863816072,0.09337562466084409
240,0.2482330260351101,0.11899977579955692,0.004746917227056251,0.5112452486349818,0.11677503230329497
241,0.1054025615089427,0.03698053457774164,0.0018912012423679325,0.6906380706333185,0.1650876320376291
242,0.08895777095056515,0.06730244689755696,0.005637474487383788,0.6029567362307704,0.23514557143372383
243,0.13982752779352525,0.1531248494472958,0.001840950491401816,0.5637582247386401,0.14144844752913688
244,0.174977053423244,0.08138027591286591,0.0038419950371569958,0.5499299749253482,0.18987070070138484
245,0.1584894948747165,0.6669970483342983,0.041350163511757326,0.08319196269907447,0.04997133058015331
246,0.1725651125044643,0.039460219507288695,0.00023907049974668558,0.23310443101737144,0.5546311664711289
247,0.33185161853000184,0.46939631315958696,0.012094246103426066,0.10540116983704406,0.08125665236994105
248,0.13064760358537233,0.05352378499259306,0.0001276668030454876,0.10940505898148767,0.7062958856375016
249,0.1795158022662953,0.19520230777905737,0.002864631716589645,0.2069849440805724,0.4154323141574852
250,0.19668034133734436,0.3645757862331463,0.009447113201717988,0.23052719669594607,0.19876956253184522
251,0.216615674865073,0.2543842440076386,0.0036642560886825676,0.16377933049830412,0.3615564945403017
252,0.16536390212694146,0.42456737100092484,0.026464045323420587,0.03419104807507955,0.3494136334736337
253,0.1108718676197897,0.24656206637820688,0.0073798422608865955,0.018086357011245342,0.6170998667298714
254,0.06213877485958852,0.033147655749179716,0.00044756777376017296,0.010282006926231227,0.8939839946912403
255,0.22690598255688282,0.5970616018203058,0.012220981176945063,0.03651444414616979,0.12729699029969654
256,0.30272418709605947,0.052440499289883175,0.00016115483196152457,0.021749297835745227,0.6229248609463507
257,0.05781189028392693,0.02477999082675273,0.00034800172817470425,0.0010367458524304493,0.9160233713087153
258,0.23450425386037177,0.7159838916467277,0.006705444422915221,0.007954323768799235,0.03485208630118613
259,0.30602572301024006,0.6436978938264877,0.00436192843191702,0.010663318700498544,0.035251136030856604
260,0.056668630127448286,0.9177668260801688,0.01782010024731166,0.0024735830178818376,0.005270860527189495
261,0.08925217032006727,0.79624724146968,0.04089435641868783,0.03659670318192757,0.03700952860963744
262,0.03881669873731319,0.8551501057976371,0.08834979488566846,0.004861146744472652,0.012822253834908684
263,0.11281579975483633,0.771833309311026,0.02735755893310133,0.018291451338798292,0.06970188066223806
264,0.08157530523971383,0.8548072314647392,0.04959036996271052,0.0029445698430527883,0.011082523489783506
265,0.2040739196227349,0.7252384739957389,0.019356278661796324,0.003402215801225919,0.047929111918503874
266,0.04734887668351066,0.8970235676715951,0.04873107787697435,0.0008283392449873995,0.006068138522932692
267,0.2051703203296615,0.32336434345038334,0.012225993905220925,0.004682143807024763,0.4545571985077095
268,0.23730117770338943,0.7177896598946232,0.016309793857606964,0.0016147354089430144,0.026984633135437412
269,0.06552984713225504,0.6683290157656268,0.07697526455752234,0.0023423273418618387,0.18682354520273414
270,0.18728692687607826,0.7334331706322521,0.02675488163331279,0.007906323012997034,0.04461869784535997
271,0.026006281906715546,0.8855552126103392,0.0801746899179281,0.001013854661627938,0.007249960903389212
272,0.0065321302693970434,0.3927769789339848,0.5716096592137322,0.0008288066702579194,0.028252424912628017
273,0.037357798806639426,0.6330726717056855,0.304991441879056,0.001985878063263896,0.022592209545355242
274,0.03961863816031111,0.8012518277089468,0.1333657304509581,0.00162970944305524,0.024134094236728965
275,0.13435395383632054,0.763025255287192,0.05136930477208793,0.0018801882354292081,0.049371297868970224
276,0.026477998058697945,0.8970436938315514,0.07154323751274007,0.0005364036518183506,0.00439866694519227
277,0.03464307054457067,0.9126815547494261,0.04831598989458322,0.0006303181800321816,0.003729066631387917
278,0.1183158947741925,0.7803864406775446,0.06632517919486172,0.0032044962158351647,0.031767989137566136
279,0.16756884883244128,0.7201260380313514,0.04308163902939335,0.008661760795541554,0.060561713311272365
280,0.03206370299277374,0.9098888589087729,0.04855332992687167,0.004017091095515964,0.005477017076065669
281,0.10323880615644394,0.7860267907613714,0.03740462217928009,0.00898266906520712,0.06434711183769748
282,0.014356174077460308,0.9581258032840602,0.01809665821337048,0.00250579144927554,0.006915572975833583
283,0.02797892682005186,0.8799663453556361,0.0509685373914739,0.0036632114868667986,0.037422978945971526
284,0.20524735527265103,0.31302634254668193,0.0024320860799487446,0.010463256192496917,0.46883095990822143
285,0.12095726952433464,0.5451815165378792,0.005779168452923412,0.0041919399693199026,0.3238901055155429
286,0.23553503421340513,0.7078131361000574,0.00831771247131104,0.00273223317554043,0.04560188403968616
287,0.0846692383391504,0.8871041076175523,0.016505109909119742,0.001633083635491014,0.010088460498686481
288,0.13231836262966074,0.8050747735179513,0.003496151903281133,0.013519746279161814,0.045590965669944965
289,0.0317588097930087,0.9218436893271601,0.02981644447174256,0.0041729730726219405,0.012408083335466533
290,0.06742216294416928,0.8978272790410459,0.0124425746860794,0.005900262886124145,0.016407720442581403
291,0.023313979386773553,0.8435174978922418,0.0899821615335388,0.002009185267092137,0.041177175920353505
292,0.12878193095732315,0.8196358952204931,0.022910888353674004,0.004125724168012422,0.024545561300497277
293,0.01145509776846111,0.8259316384608232,0.15767442924433325,0.0010219704927599963,0.003916864033622539
294,0.05886238431388496,0.8688224328243068,0.0487332010462861,0.003508197985341457,0.02007378383018076
295,0.019151520064477897,0.8425496830352757,0.13009536504839186,0.0011829803345832193,0.0070204515172713885
296,0.1629861293812508,0.674465595279332,0.03814821398548789,0.003415258812823047,0.12098480254110626
297,0.04175178148593472,0.9355068982299082,0.018569164217271034,0.0008504314786448272,0.003321724588241206
298,0.07882574713126976,0.20068801434483893,0.0447911674807857,0.004309118322944475,0.6713859527201612
299,0.16600670158649888,0.7760910190334436,0.02009502267032907,0.002616739522028356,0.035190517187700256
300,0.016421638634691163,0.904333347433357,0.05477299323837422,0.0017168568247839485,0.022755163868793456
301,0.2110573999782176,0.6976705654235145,0.02490613299706109,0.004396832047945053,0.06196906955326168
302,0.030180695810122265,0.9047990867042206,0.057238942848085464,0.0022871371410782735,0.0054941374964935855
303,0.033982629049561765,0.07212245163878105,0.015062000424296493,0.0028738431007000434,0.8759590757866607
304,0.20656496941482014,0.7068552188419629,0.012104709867362255,0.010024833271487432,0.06445026860436733
305,0.05445507404180814,0.8222563532416879,0.015875368348882226,0.001347560475402901,0.10606564389221886
306,0.34563128595059195,0.4197221629441884,0.006179282776296451,0.0018767624103933507,0.22659050591852978
307,0.054560503301822834,0.9210889593704278,0.009500471277482847,0.0008950387641542111,0.01395502728611237
308,0.04413043491779766,0.5985947838686111,0.03730076642811266,0.001856333780886917,0.3181176810045917
309,0.098337261609606,0.8122321346040338,0.012305687932778402,0.013098670884233094,0.06402624496934886
310,0.07047614624751052,0.7548589005012547,0.019365341067134195,0.005098122200365049,0.1502014899837357
311,0.08740885003859955,0.05830007859607975,0.0005424383692709774,0.0037176889736288228,0.8500309440224207
312,0.081230893668609,0.8760189900825059,0.012450321008762944,0.008809138874084198,0.02149065636603786
313,0.2873629106254689,0.16142333724058858,0.0012145816434789988,0.026043140828488624,0.5239560296619749
314,0.14885900685986617,0.8027127389758456,0.013862277317875893,0.011812913757202906,0.022753063089209692
315,0.01642746642409627,0.03128020519423646,0.002849777543737662,0.0026725289441999305,0.9467700218937296
316,0.03313654733375916,0.9230158441715636,0.015439453657449885,0.0027245327674354147,0.025683622069791946
317,0.052265639823079184,0.10642482279469082,0.006086141304196763,0.0029976893289414353,0.8322257067490918
318,0.3922185482517941,0.3999663787978096,0.008061385214002854,0.004793375225135219,0.19496031251125825
319,0.2278450496573523,0.5712315583589441,0.0391245051349408,0.004751550722786927,0.15704733612597582
320,0.09829715624990605,0.8528095466970207,0.040648366342812596,0.0005840459321528072,0.007660884778107918
321,0.05299913368007747,0.82481575889929,0.10612793075552954,0.0025480025016550245,0.013509174163448065
322,0.05380691926193026,0.8675682263456163,0.07282404445294448,0.0016365021695763356,0.004164307769932791
323,0.008078193378315847,0.7124592786806678,0.2740171218996524,0.0016926426177536944,0.0037527634236102
324,0.010561077335244754,0.8837242865360064,0.09549674557677747,0.0024543121664961877,0.007763578385474984
325,0.013438734516745796,0.8158207019004664,0.16483778106162975,0.0018959957199712867,0.004006786801186594
326,0.05296074438918934,0.8860721238117111,0.04961755916441015,0.0034645657222693027,0.007885006912420157
327,0.0036494844479528937,0.8764035272168402,0.11365032141623652,0.0012369583422039117,0.005059708576766406
328,0.14890115294560094,0.7658380498981554,0.03717791266883766,0.003517548448896977,0.0445653360385091
329,0.02830082547273954,0.889463665837675,0.07639828213312871,0.0011132445488943508,0.004723982007562388
330,0.05465154579697384,0.9013391318357997,0.028684217563940604,0.0024963283782350122,0.01282877642505089
331,0.014313074724006428,0.8653779781248805,0.11216882894875663,0.002386858079691015,0.005753260122665298
332,0.07375700092396995,0.8329068168952994,0.02796293325666825,0.008608384493414221,0.056764864430648036
333,0.008175800202042515,0.9241847797981666,0.05789297183295692,0.00395592626243162,0.005790521904402473
334,0.07940118549573665,0.7409954655305031,0.019263600013306313,0.005778413492980451,0.1545613354674735
335,0.10938755492499189,0.7794108629171018,0.04795563917924068,0.007820705662176533,0.05542523731648909
336,0.020634134706103868,0.8391785343244221,0.12360941371417267,0.006226281970993583,0.010351635284307699
337,0.16765943185274929,0.6611798238148088,0.04243170880272358,0.05505271207338912,0.07367632345632938
338,0.047252488612321675,0.7044480934370111,0.16554086924325495,0.05727483584888174,0.025483712858530544
339,0.03330339919835366,0.07863783260948748,0.007841159728549985,0.005923744113188224,0.8742938643504207
340,0.21915926786949053,0.7034701496396336,0.008739568876250681,0.018889044968776525,0.04974196864584858
341,0.22167679048005026,0.35843301012384055,0.00592021487186684,0.011860959962212186,0.4021090245620301
342,0.3929059306450269,0.46057695321693876,0.00655233779535894,0.05571593654195299,0.08424884180072245
343,0.02062591495653697,0.9520051649629291,0.012529988684477768,0.005996319916120412,0.008842611479935675
344,0.23377929652476642,0.6541453099865546,0.007410920895572047,0.03158382002846138,0.07308065256464553
345,0.01763650492399082,0.9346134279535497,0.037502865942182856,0.004749219525302432,0.005497981654974248
346,0.10692323432378978,0.43181178527933267,0.03059088497589032,0.0183062016846985,0.4123678937362888
347,0.18556611237250262,0.691820166453546,0.020054989849605423,0.006359684488973266,0.0961990468353727
348,0.11090852118744576,0.8398076344204931,0.041927064123896664,0.0007876116888120039,0.006569168579352365
349,0.15866291900250748,0.7758547896114875,0.05257203595621031,0.0024620790339267493,0.01044817639586809
350,0.011794810826090567,0.5719543180232295,0.41286736044939865,0.00072887169178076,0.002654639009500679
351,0.006955462411332477,0.2990035566893672,0.6919316124889068,0.0008043901044893959,0.0013049783059040255
352,0.006012803391611008,0.2843327099470065,0.7060667934252864,0.0012933385197632793,0.0022943547163328144
353,0.005540483226214538,0.10653512448245013,0.882394151348479,0.0029784808091466537,0.002551760133709624
354,0.006068317661928632,0.10174193003298986,0.8878507307964182,0.0018819345745640168,0.002457086934099428
355,0.0052162156715738405,0.03533601406856209,0.9515652705306111,0.002978225380988382,0.004904274348264479
356,0.026765101699016896,0.1712205287794698,0.7590882921172125,0.01732782506584122,0.025598252338459603
357,0.07782442781527821,0.17277419006502334,0.1329188786312159,0.035965971852407366,0.5805165316360752
358,0.07128722837314982,0.6866078463907941,0.20650006781253358,0.0161809742181278,0.019423883205394624
359,0.014408294156415575,0.030837952681576835,0.004367029536461935,0.0016728438330703766,0.9487138797924753
360,0.34799093257572783,0.5719469906614618,0.030479598929260526,0.004272124462747933,0.04531035337080201
361,0.1533316063660807,0.16529705716894758,0.012406586303376417,0.006814417727995596,0.6621503324335997
362,0.3960084437500753,0.44957248565381225,0.02400240782709604,0.0050511512871010186,0.12536551148191546
363,0.04138602049369396,0.8442469067313066,0.09012291763294857,0.013943418297205284,0.010300736844845493
364,0.05605581857020734,0.871448551404903,0.02574790327622657,0.03692935392860929,0.00981837282005374
365,0.016410162076022482,0.9102587722126936,0.01970925756413071,0.0428738508676272,0.01074795727952612
366,0.01121319444992773,0.884180301050266,0.008025096570153465,0.09082361929039187,0.005757788639261025
367,0.01453931801925326,0.8571754162544987,0.046798787366343735,0.07596771297830701,0.0055187653815973675
368,0.052630775306702945,0.438809097286067,0.004639313896992601,0.457597978410391,0.046322835099846464
369,0.03724714137190907,0.16788243054420085,0.014844703751071844,0.054324357971059965,0.7257013663617582
370,0.2960336289034448,0.16605170051129578,0.00031311256835748374,0.09269721133865544,0.44490434667824663
371,0.2826032547034173,0.6591974080511863,0.004304139496612086,0.020518770509998455,0.03337642723878588
372,0.089393137790476,0.883821318196737,0.009330997217119295,0.004256501709005723,0.01319804508666205
373,0.06306792623765821,0.9128269084695643,0.004720103278098732,0.0072309755369511525,0.012154086477727697
374,0.012763863695297634,0.9226908149255931,0.03962239625968823,0.01475932216558906,0.010163602953832089
375,0.0058418162437480275,0.9641579157249818,0.01993209702006049,0.006025927684863095,0.004042243326346599
376,0.03624557563880495,0.13186313373478972,0.015523366392502803,0.00439485413935191,0.8119730700945507
377,0.03579528543728894,0.2458183914860277,0.006115551037922863,0.0009379416693435033,0.711332830369417
378,0.0956772892177245,0.6658694407279526,0.01523570161424752,0.001390938826111116,0.22182662961396418
379,0.1602548690787292,0.7615642579314863,0.01065324518482756,0.0005561494572249106,0.06697147834773216
