epoch,N1,N2,N3,R,W
0,0.14660883762585405,0.014330028380200296,1.0807615858570949e-40,0.0020495688452316007,0.837011565148714
1,0.27396800793283843,0.023012797431396483,6.595765611786788e-41,0.005571234240541775,0.6974479603952234
2,0.15097328076378103,0.016893356574296508,6.664689474203649e-41,0.004774393023149927,0.8273589696387725
3,0.12055587793730617,0.014064644106290878,3.885671046618863e-06,0.005794152424128029,0.8595814398612284
4,0.04986094527022145,0.0197572916296408,1.0455576211607065e-05,0.007961487575906739,0.9224098199480193
5,0.017428867418598407,0.002059789902399064,1.3669508743686085e-06,0.0007853336802725358,0.9797246420478556
6,0.058010152988386195,0.0036158280927295183,1.7454084798810576e-06,0.0013714891876961757,0.9370007843227082
7,0.5256324270254236,0.014654594002498668,1.570905149753076e-05,0.0073549818544727495,0.4523422880661074
8,0.5353423372236868,0.018233690975909322,5.894237730970636e-06,0.012065704967631086,0.4343523725950418
9,0.6145981588394765,0.019878892603150296,1.0382948000077407e-05,0.017203785677863157,0.34830877993150994
10,0.40906222404528914,0.05491032646268515,5.740937027546527e-05,0.08898903614551988,0.4469810039762305
11,0.42325012089134345,0.04933446638275855,9.371024991030412e-05,0.09980166683159769,0.42752003564439006
12,0.2762149381269744,0.07073179421505826,7.43019933763336e-05,0.2594539698492231,0.393524995815368
13,0.3809149618565929,0.07108433935739956,6.98123575686742e-05,0.2625082962485942,0.28542259017984484
14,0.3542157584845346,0.05659175081830108,5.4468124691930244e-05,0.2449320567389162,0.3442059658335563
15,0.5755255884261082,0.08960199666609044,4.77643720070413e-05,0.11784243137007823,0.21698221916571594
16,0.625787705571544,0.07710845279828984,8.646461779524337e-05,0.18920388136679547,0.1078134956455756
17,0.417596880998755,0.14903577541488294,0.0001823251400966604,0.3560175301849508,0.07716748826131459
18,0.33941883830047526,0.15729437672179494,0.00021267456418850222,0.37937186167536224,0.12370224873817903
19,0.22587961199565879,0.3420238453326508,0.0006159537744040936,0.2990157254267261,0.13246486347056022
20,0.1961051695666734,0.34358460366332666,0.0006091494591909136,0.2659416523022841,0.1937594250085249
21,0.15056002638514307,0.28483224084247377,0.0008259154159333571,0.20333752871465768,0.36044428864179207
22,0.048731088599324096,0.2622281915026917,0.0013231102180000871,0.0467761541196014,0.6409414555603827
23,0.23011859481718533,0.11372873834924496,0.00027710053558737015,0.11781214506838895,0.5380634212295935
24,0.036542880446759594,0.011616811454306646,1.889593939794452e-05,0.011991978550968424,0.9398294336085673
25,0.07096672672176817,0.01759034305169713,1.8870881747929588e-05,0.01091188545328761,0.9005121738914991
26,0.731321970323409,0.029156880325176705,1.6216009743009546e-05,0.016448520520270363,0.2230564128214011
27,0.8218067792047382,0.02266216888906602,1.6511335044471217e-05,0.020879494867470927,0.13463504570368032
28,0.33674590014455485,0.07096245876918142,5.345394576552128e-05,0.021266271496241083,0.5709719156442571
29,0.7221835446068255,0.05612732382250083,2.7457715797839673e-05,0.0369473428794213,0.18471433097545445
30,0.534356421097553,0.29221251196161424,0.00015664332722504032,0.09581413552752861,0.07746028808607913
31,0.47756080536311774,0.37323166127503654,0.00033630239999448005,0.07459784379393977,0.0742733871679114
32,0.3215986500133891,0.5544341859939268,0.0011894108333468014,0.05037353052773635,0.072404222631601
33,0.1766832958755656,0.7563637563011646,0.007990933396167818,0.007890357928579752,0.05107165649852237
34,0.14473325946937776,0.7967676786345438,0.008733599686627761,0.012546922971006468,0.037218539238444356
35,0.38595328157064196,0.38479291000571686,0.004835929092630821,0.03240359686397357,0.19201428246703667
36,0.2988380965794166,0.5571634857809566,0.002728531705496583,0.05757248721385601,0.083697398720274
37,0.12635869380272913,0.6383829843798114,0.006654083954484251,0.005593544287328041,0.22301069357564718
38,0.09215050102614597,0.7189021132601744,0.005076826593937833,0.0029437592068127386,0.18092679991292906
39,0.3266797830300801,0.20571663419598485,0.000855212215577381,0.005248098903708508,0.46150027165464924
40,0.4283327558830571,0.30237207853574544,0.0005995815168797442,0.01404142311165871,0.2546541609526589
41,0.2843806497857206,0.6362890518749068,0.01197116010880401,0.006558349105938424,0.06080078912462995
42,0.42324119529784926,0.5336795700303789,0.005449838253159596,0.005153990204478244,0.0324754062141342
43,0.3004059248679819,0.6405139360347412,0.007146601168739402,0.012484337969955702,0.03944919995858168
44,0.07930495994757569,0.895597609722521,0.009260010898242643,0.003412383405698807,0.012425036025962056
45,0.050556941716131724,0.8975570187976311,0.03770642755092106,0.0014352333343716703,0.012744378600944703
46,0.26226807594314105,0.6713639125591505,0.020483985779943918,0.009046320572013183,0.03683770514575144
47,0.08575276704584041,0.8324790179241056,0.06324369491946745,0.0025771149983571965,0.01594740511222918
48,0.03686140344667489,0.8063810572202909,0.14286216090024637,0.0021429577179873914,0.011752420714800602
49,0.10280786288422285,0.7674959169975969,0.10389047732767424,0.0034392116119267863,0.022366531178579296
50,0.09750674949680052,0.7883715694357558,0.08927213805389768,0.006657677499985528,0.0181918655135605
51,0.08620893626814842,0.8611787860579975,0.02633184557119127,0.0059018066983611926,0.020378625404301593
52,0.16598539242136096,0.7733256943444514,0.029122850096287817,0.005598113323944025,0.02596794981395578
53,0.019541980587104088,0.8673525263513197,0.09943514844363283,0.004299500691194653,0.00937084392674875
54,0.2853908194714524,0.56963139214908,0.007913701476184547,0.06481116090437242,0.07225292599891073
55,0.15777276947415858,0.590247120146607,0.015508470450610778,0.0038197051998158887,0.23265193472880769
56,0.3965794915785904,0.3983975132952793,0.003425136436277963,0.02131148125170853,0.1802863774381437
57,0.31855130709447926,0.6099530845354761,0.005283829200891858,0.00414392356981611,0.062067855599336696
58,0.6427300306331908,0.29678943110564643,0.003086651950154264,0.011437832219724678,0.045956054091283866
59,0.19812002750402183,0.7655409751127745,0.012721896943226979,0.0015670714839833687,0.022050028955993166
60,0.14352288382278047,0.7910074084333683,0.02945358881805252,0.00391774855275307,0.03209837037304571
61,0.2905354944908608,0.6195814265747324,0.015705046918093785,0.0030929074884982807,0.0710851245278148
62,0.31360230503187364,0.6110180346041715,0.02114340111019014,0.02695582873964034,0.027280430514124425
63,0.04684351032178188,0.8598972401299417,0.06746131123218911,0.0036458784262595402,0.022152059889827654
64,0.15750002119397483,0.7016385123128711,0.08562304657696375,0.018164393906474056,0.037074026009716314
65,0.042237014590673215,0.8509089359422505,0.07940525401639088,0.008972580180594634,0.01847621527009081
66,0.3654537016393383,0.4887199234367663,0.038418630583338706,0.05422081060145325,0.05318693373910347
67,0.17303864589920193,0.7398445225254596,0.04743252243996233,0.009423494837426206,0.030260814297949804
68,0.3373308900221217,0.5295546950671227,0.02896525482875017,0.013272622134204038,0.09087653794780143
69,0.09228391861118342,0.7861772157694854,0.04599678939211626,0.004210381368879498,0.07133169485833564
70,0.3967063473462296,0.41872733984873284,0.009139760069054674,0.024334592430565707,0.15109196030541705
71,0.4244511871524848,0.5045350069382115,0.01746037381268811,0.0033050397194763857,0.050248392377139184
72,0.464413770479068,0.4287748250895799,0.019963123231703406,0.017186320949970208,0.06966196024967848
73,0.21520355945366837,0.7270356405780587,0.03196059775560165,0.007046145591458646,0.018754056621212642
74,0.20636195162054166,0.711764056279536,0.04346921267367766,0.008587047395468604,0.029817732030776218
75,0.18060026106310295,0.6529579955169726,0.028900572992216263,0.004339867652224785,0.1332013027754835
76,0.11529958274869152,0.7149225834787756,0.12994768274566906,0.011490685643763527,0.02833946538310034
77,0.29789539940776244,0.5051857685540606,0.01639346262799296,0.006102682203765309,0.17442268720641874
78,0.5546169389951799,0.3016572920650469,0.009550469641704777,0.05928071652167463,0.0748945827763938
79,0.14438047854176597,0.755385703928277,0.0594281640969013,0.012465525285090921,0.02834012814796493
80,0.42315811983609125,0.48772784690699134,0.024579455158298166,0.03359910666889076,0.030935471429728578
81,0.10438978845821448,0.7930595319809424,0.058455148904843934,0.005339280746985839,0.03875624990901345
82,0.26422232854055716,0.6612543264039599,0.025480686393408947,0.02096520121349955,0.028077457448574504
83,0.021679040890005573,0.8490266772138217,0.11462284463477193,0.004125958245356614,0.010545479016044197
84,0.5940552403485061,0.2503889033255618,0.008388308483078684,0.020084010976292165,0.12708353686656124
85,0.16005480338783243,0.7629744490967181,0.029264557464259464,0.010931313095239257,0.03677487695595071
86,0.3955431268682563,0.519571835562464,0.029432836603997117,0.018431923403517948,0.03702027756176462
87,0.5538799813197205,0.39818920475049147,0.007698970827756408,0.010207927186043082,0.03002391591598856
88,0.1433418645569662,0.808752548349978,0.024259260316369987,0.012184636329803891,0.011461690446881978
89,0.12677463351838694,0.8246032105834444,0.0268287870600705,0.0048915541478567,0.01690181469024162
90,0.15512032017840885,0.7786995425515603,0.029238815213411984,0.023998590221365225,0.012942731835253641
91,0.24482345756525137,0.6541347237693443,0.016550159411689965,0.06845261315155704,0.0160390461021574
92,0.2574305924113713,0.5347361246873135,0.01069814947577548,0.15827740833479514,0.0388577250907447
93,0.13687006839773047,0.7887302344039907,0.016459196617297958,0.03667115693968365,0.0212693436412974
94,0.2300255684085233,0.3469770685167174,0.0036155995882092315,0.37344695215016727,0.04593481133638286
95,0.12730488944122326,0.7908901745366471,0.007152062719050914,0.036162893386857485,0.03848997991622112
96,0.21702527090232182,0.06912099198696807,0.00015004483978602536,0.073174393354446,0.6405292989164781
97,0.5268321518932778,0.140554983134876,4.9499659307208277e-05,0.07847404306552243,0.25408932224701664
98,0.6312719477708211,0.2013504399463083,0.0002048177371948509,0.08216988163517912,0.08500291291049655
99,0.7747748372686667,0.10416439613374694,4.294549301460562e-05,0.08301395554867978,0.03800386555589199
100,0.555852740258943,0.18123591634320532,0.00013234578338652036,0.19393248248580355,0.06884651512866156
101,0.3823342685106262,0.3405794437416338,0.0007173082501716218,0.2558866708965177,0.020482308601050696
102,0.14743999506696964,0.7891057882679862,0.0010256484546246434,0.05297975058410522,0.009448817626314387
103,0.11873363446449996,0.7618836930613835,0.007998295321262266,0.09890105407787161,0.01248332307498259
104,0.15849133835758064,0.6076322989585801,0.017907499000642608,0.19421580809017905,0.021753055593017493
105,0.13297870063670236,0.49902994648416776,0.011948441865134812,0.33988477962701996,0.01615813138697508
106,0.09109241310741444,0.6535282712501581,0.01403793347240882,0.2200754760582718,0.02126590611174697
107,0.28411834241634754,0.24876164486715055,0.0031132671685905047,0.38424980200265696,0.07975694354525448
108,0.3909673978427508,0.42597847530553345,0.004134243600535971,0.1500530577210371,0.0288668255301427
109,0.26596419473290484,0.6468498709165915,0.005191372039910302,0.05911974676460331,0.02287481554599013
110,0.14383257578670955,0.6960747702150275,0.004467179806933732,0.1498049823516081,0.0058204918397211725
111,0.35295036702450694,0.39707262040756097,0.0019284358765820863,0.20289358732818155,0.04515498936316852
112,0.10644328736948362,0.7285635600052708,0.005972599194202218,0.15126882492238608,0.007751728508657177
113,0.22413952954280786,0.2951343456511898,0.0017512778527042886,0.4627271406380784,0.01624770631521983
114,0.34397137230193103,0.4243595912392432,0.0021153288249068348,0.20844104775749428,0.02111265987642465
115,0.23741578192127552,0.26397582959276217,0.0008898772627660891,0.4765189429196411,0.02119956830355505
116,0.109681762144945,0.7659300881677545,0.001738943222888067,0.11704488420517246,0.0056043222592401225
117,0.14071349712611894,0.5386200503834264,0.0023860608400372127,0.3023057888852904,0.015974602765127136
118,0.13837723556639686,0.5318533587972647,0.002906493649584587,0.300380190600785,0.026482721385968848
119,0.13345611833606896,0.5506139218910002,0.010344001847666559,0.29408214203282607,0.011503815892438207
120,0.32695811338252523,0.22339177104549257,0.0007453536775845183,0.36569896875821134,0.08320579313618626
121,0.2569629778384072,0.5725869096845948,0.0009634744461366083,0.13592567117503246,0.033560966855828926
122,0.4253277222477502,0.37339990189222466,0.0006155345448034654,0.1517899508713742,0.04886689044384756
123,0.21222719264525278,0.6345813247947432,0.002492820122854608,0.1329372815139336,0.017761380923215688
124,0.6087489637041462,0.15494518291578555,0.00090222080460453,0.08986751157742726,0.14553612099803642
125,0.5990932990544029,0.19701187874292447,0.0005088003793990798,0.16132307952218797,0.04206294230108564
126,0.4628337068387937,0.26074892604199085,0.002253126397812254,0.16350239757232432,0.11066184314907895
127,0.45605990818308967,0.35835434173949005,0.0019518455304043097,0.0886300146948198,0.09500388985219617
128,0.08715457343157539,0.8284322806082421,0.003649330066756226,0.0687645588011565,0.011999257092269577
129,0.10320214690138413,0.09181848850305481,0.0005727098158943795,0.1507883362479603,0.6536183185317065
130,0.10841487055303446,0.022737195979932533,0.00012297263602931851,0.04996537374067458,0.818759587090329
131,0.03149467810643773,0.007821805719968279,1.3454763220808822e-05,0.03367494545340727,0.9269951159569658
132,0.11056923929375082,0.010918243146300962,2.4335156188980284e-05,0.02591544062713711,0.8525727417766221
133,0.08969016201574319,0.011424955380487326,9.744675144330492e-05,0.02491761010264975,0.8738698257496763
134,0.2709219877120445,0.014066192551792296,1.8327941016785035e-05,0.012876470993923061,0.7021170208012233
135,0.4013080188039208,0.014805170033762478,0.00012057452914617608,0.08159229023905525,0.5021739463941153
136,0.10200447697930518,0.055250746827162404,5.6387238904673145e-05,0.040855956604511676,0.801832432350116
137,0.29051193454138163,0.021594948754586517,2.0070809271478348e-05,0.10724353271936676,0.5806295131753936
138,0.5309777909962909,0.03038532387413865,2.386918476273883e-05,0.1428069884585246,0.29580602748628304
139,0.21787593281478682,0.05589379939473475,0.00013010320483443735,0.168010811522659,0.5580893530629849
140,0.5189035304328,0.02684179045658661,3.412375017849379e-05,0.15207278930277024,0.30214776605766464
141,0.787498485512003,0.03510566943975554,2.9928624473659495e-05,0.09171895134067458,0.08564696508309338
142,0.8764004922548372,0.040081592848743734,2.5105552058615345e-05,0.04669790299680525,0.036794906347555015
143,0.6311105578044699,0.2682983256583791,7.607933968075717e-05,0.08720113327546423,0.013313903922006038
144,0.6094274361370949,0.23428947022037402,0.00032519164493381155,0.13869814404685168,0.017259757950745615
145,0.10750801993962163,0.7947156289263355,0.0011524457301998682,0.08593761686242486,0.010686288541418131
146,0.1210081528028465,0.738346787531857,0.003454629765667111,0.12887689659937546,0.008313533300253912
147,0.18415581533122022,0.6779349809077089,0.01011540458391782,0.11163588006847136,0.0161579191086818
148,0.2763844592238474,0.5273318424443978,0.004898698655297521,0.17006003721510543,0.021324962461351845
149,0.21173786141817796,0.7205719893994763,0.006934574442939485,0.026018210102876024,0.034737364636530356
150,0.330098025187253,0.13855495870124826,0.0002759441886665996,0.04375813245247914,0.48731293947035315
151,0.3815887382513578,0.5194198243552519,0.00255517974649127,0.07476940735310968,0.021666850293789317
152,0.6235380486998825,0.27062560580184364,0.00042909659412797,0.030951778542552794,0.07445547036159302
153,0.3414661414093386,0.624994134105485,0.0012719449460958988,0.021432972988102657,0.010834806550977917
154,0.42830124900310307,0.4131435112408244,0.0011976288506296057,0.11228553144954734,0.04507207945589564
155,0.13455135327210282,0.8371635437695252,0.0032551046125182306,0.01994831513127869,0.005081683214575066
156,0.0644236872054197,0.9142708098533778,0.010460173306400002,0.007633263670495733,0.0032120659643066272
157,0.07121321111991422,0.888726069120446,0.027942232026193618,0.00838024604752196,0.003738241685924339
158,0.11921442129576486,0.829992928010047,0.027187725543016756,0.018360428542361893,0.005244496608809345
159,0.07737507492747979,0.8556589042529583,0.04538997699109609,0.017715860730796337,0.0038601830976696563
160,0.03995429049504703,0.8857647431058321,0.06124805629073381,0.007968741215967646,0.005064168892419424
161,0.009930965505803465,0.8476578492515223,0.1309708733118434,0.006942516577046205,0.004497795353784623
162,0.1143557198816456,0.7465049621262606,0.0666702627893257,0.05933890464237052,0.013130150560397567
163,0.166538230201954,0.7360845566215825,0.025420956012866334,0.05500015972082924,0.01695609744276809
164,0.22892367973132705,0.3479006473992748,0.0019383056138428361,0.3360597571178936,0.08517761013766181
165,0.1651599362648246,0.4572528833891114,0.004179217783489412,0.02316118090996866,0.350246781652606
166,0.512012820806239,0.23767223763372705,0.0013645663284198608,0.11494096521832282,0.13400941001329114
167,0.3753255468780443,0.5191952386390303,0.002236637608362161,0.050513045509119926,0.0527295313654433
168,0.5491574533878273,0.25605516888847757,0.004332337501125379,0.05546874122430745,0.13498629899826234
169,0.16507862621169075,0.6512538745822759,0.0014194792486869972,0.026292669869238606,0.15595535008810768
170,0.22454455547007623,0.08420333154698835,0.00025968531626089974,0.03317702759797699,0.6578154000686974
171,0.5678251514924483,0.10305971807062297,7.635618606298967e-05,0.039480101550402866,0.28955867270046287
172,0.5696073848133323,0.08649738426953427,5.7985492133992915e-05,0.09218269332669077,0.2516545520983086
173,0.6474865783177727,0.06605380037207007,0.00014180579234298316,0.05656227574091884,0.2297555397768954
174,0.5344178231104626,0.24485222351047695,0.00025713420676625284,0.1572232578412866,0.0632495613310075
175,0.5044691170768656,0.1855184923260708,0.000254238276590044,0.18444666471829085,0.12531148760218278
176,0.05290940991185115,0.025223279038819255,0.0003044219840044768,0.007807249417504055,0.9137556396478211
177,0.44612966484815436,0.03042058351702885,4.4791814257504425e-05,0.017530664180616124,0.5058742956399431
178,0.8395636895294452,0.03989078922016443,3.473033350799284e-05,0.013545233655933681,0.10696555726094875
179,0.864437332220864,0.04807020756218925,4.3976535269100684e-05,0.007382051854830384,0.08006643182684713
180,0.7646775657277907,0.13178086453774576,0.00010332506014498085,0.04351152815347452,0.059926716520844074
181,0.6388092932449073,0.20493240767524604,0.00027958045250392726,0.13938947673563057,0.016589241891712306
182,0.10461770808065708,0.6309780516869044,0.000959002065267367,0.25754944880857955,0.005895789358591647
183,0.08063455955255683,0.5457781196454493,0.002052117076494609,0.3626860169475995,0.008849186777899757
184,0.20854905414651362,0.3657355152459567,0.0016810939169061361,0.41136900084778355,0.01266533584283999
185,0.12105179096398794,0.7416902288852036,0.008462594502076436,0.12138074503129365,0.007414640617438238
186,0.04358487720441544,0.7136929355953103,0.021003439676597454,0.215926012311417,0.005792735212259816
187,0.1820526904236323,0.19001802478388388,0.0010853335885267692,0.6108377192354038,0.016006231968553143
188,0.26211316271135937,0.23822498297331077,0.001394061400785163,0.47062627377649485,0.02764151913804993
189,0.20023306005313096,0.47979547610310463,0.0011559567892124717,0.27877460196220955,0.040040905092342434
190,0.34569338298840463,0.4741997321852255,0.0008992193305773307,0.15706967723152201,0.022137988264270405
191,0.23849490390067654,0.5794400872280875,0.0017905224901901824,0.16673812601960425,0.013536360361441577
192,0.043906363470901,0.8986200895632568,0.013771790753424749,0.03826394112939923,0.0054378150830182385
193,0.17727148135040852,0.7656678111061302,0.0028299768806763406,0.028868388070408958,0.025362342592375953
194,0.3354965473005308,0.5866076210448463,0.0029117110771675727,0.026556862394089907,0.04842725818336537
195,0.23387722456973348,0.7131772150284791,0.003346417147170554,0.00920752457607039,0.04039161867854656
196,0.5281116981217624,0.413715483717743,0.001456899510231196,0.016816850168267734,0.039899068481995675
197,0.31426019312365544,0.6307847924137704,0.010323943281257797,0.023894328906160694,0.020736742275155515
198,0.4957331140148033,0.1365290905072464,0.0006044479270954347,0.08190971330827786,0.28522363424257713
199,0.30839161525742464,0.5806000635846812,0.003846516028170859,0.08308295721354116,0.02407884791618221
200,0.6172000351448782,0.09073200907294308,0.000136758921977144,0.14842100499286856,0.14351019186733302
201,0.4447907520686345,0.4712921689773439,0.0007364203964546378,0.039106896290966045,0.044073762266601056
202,0.6362517122569674,0.11189019898567616,0.00013054864392829838,0.01924973185542805,0.23247780825800007
203,0.7679393529355282,0.1602745354602962,0.0004005969524489101,0.028085997238911985,0.04329951741281486
204,0.6332094290542183,0.25026608233088615,0.00012727064186681547,0.03862518109463296,0.07777203687839576
205,0.4757174146862225,0.492042444060481,0.001544038381721341,0.018302587981608116,0.012393514889967067
206,0.055241848826193436,0.912927610258353,0.006566805420208385,0.021623558781159857,0.0036401767140853644
207,0.15751696679933896,0.5876069281137275,0.0037153027031849107,0.2444592516697399,0.006701550714008652
208,0.0818961394865081,0.4233166178403748,0.004521036201949593,0.4826740198757628,0.007592186595404834
209,0.11657609893215311,0.17811467966542702,0.002468635317702459,0.6857830483671961,0.017057537717521352
210,0.21551091476517914,0.44169931853752775,0.0018756329795409632,0.3249034215282786,0.016010712189473385
211,0.17627674443972985,0.5207944926218527,0.0009498460288144914,0.2623696059800653,0.03960931092953753
212,0.23263089733547365,0.46608882042169264,0.0029913822409714445,0.2785827644175681,0.019706135584294255
213,0.3259627402354833,0.47862166181499893,0.0013867998698395094,0.14942397868951526,0.044604819390163065
214,0.28816032778368605,0.5115169456040644,0.0009039651366998431,0.177730382046165,0.021688379429384834
215,0.2776830433892774,0.5505337942597861,0.000609478706398076,0.1568114467770161,0.01436223686752222
216,0.2986646061772279,0.5515965578357819,0.0038292310332860404,0.09954448270476084,0.046365122248943444
217,0.15021173331618298,0.8124346130483192,0.010047351033151793,0.018533357662632765,0.00877294493971312
218,0.17603188879771428,0.7529804661694032,0.01848153616560623,0.022612313599892714,0.029893795267383536
219,0.035565975211860064,0.8218399116213103,0.05390661367336245,0.035537059472002225,0.053150440021465045
220,0.521982490651098,0.026876968976097072,0.0003031922941176884,0.024244226142464635,0.4265931219362226
221,0.3313779268242878,0.05065990366194752,0.00015570821554450836,0.052488033589618975,0.5653184277086012
222,0.7864629221740543,0.05164867928097992,0.00017670855710570895,0.0295654911589073,0.13214619882895276
223,0.6408632277080281,0.3117327993104209,0.001481836193234694,0.012708948819127833,0.03321318796918867
224,0.6244830113409334,0.2222051096666796,0.0018557425608811604,0.014524629628585074,0.13693150680292068
225,0.5279924817273693,0.37470195530627604,0.002145033162127922,0.0646635890195306,0.030496940784696138
226,0.2604298013824544,0.6651899864172028,0.019498110100590632,0.03007551683552866,0.02480658526422345
227,0.12227434818021066,0.8174055341957227,0.04588436733053417,0.006604036748376979,0.007831713545155295
228,0.05432608244006532,0.8830963545538285,0.05401470607591502,0.004531417864432114,0.004031439065758852
229,0.038593380993628044,0.8578777276676885,0.09477539994435823,0.004252370077339013,0.00450112131698603
230,0.008933580966718237,0.7511901196987918,0.23693806037776344,0.001022005914842879,0.0019162330418837077
231,0.017208792762048612,0.8238225357876083,0.15428122761075788,0.0019139536803489052,0.002773490159236377
232,0.016880894440212943,0.6967945165348536,0.2827625578154889,0.0017147864819560316,0.0018472447274885415
233,0.005633099813515091,0.641618432433389,0.3485043788666015,0.0008666267889452802,0.0033774620975491245
234,0.004680927945641209,0.5525317543290406,0.4394449490559699,0.0006031482690806369,0.002739220400267613
235,0.004356276002853401,0.6557678052884791,0.33619200766701646,0.001506319839383349,0.002177591202267676
236,0.0517101478709552,0.764092377512216,0.16931742946401745,0.00814183711674764,0.006738208036063561
237,0.061428099662597054,0.7201517055167761,0.08899630138395448,0.11968779821476967,0.00973609522190272
238,0.05316897245298476,0.8259571019162102,0.044535616554732024,0.07060618150511157,0.005732127570961627
239,0.22575386385261345,0.6514659190054044,0.022001799833190068,0.09099164720773,0.009786770101062084
240,0.2308654145201847,0.6976303220403769,0.010548260092051199,0.04892129166701785,0.012034711680369407
241,0.23507291458108495,0.6007467855080195,0.00988260611458201,0.13622993436490086,0.018067759431412728
242,0.2081071294965063,0.7105077130844807,0.005334646440643447,0.05553353459646635,0.020516976381903217
243,0.2345059636755703,0.6852161566091386,0.005065369560466282,0.06565164327386046,0.009560866880964494
244,0.053720661982045205,0.9208358041307848,0.008225871704485379,0.013438147622077349,0.0037795145606070667
245,0.23050396544165197,0.6080229044337704,0.00733492098245199,0.13453305523825437,0.019605153903871343
246,0.0672495341148395,0.8692930087501534,0.015085576047213745,0.04107288341476006,0.007298997673033262
247,0.23919366365742764,0.6045646671684618,0.00864327877725995,0.12386944531348193,0.02372894508336852
248,0.1587678307239042,0.7976090036108109,0.009612355835873068,0.02533675662448396,0.008674053204927945
249,0.06682904488201626,0.8995959086107581,0.019420538630983905,0.008502930012164343,0.005651577864077366
250,0.09370856236497369,0.8497523727933136,0.042436065033452576,0.008585307785403718,0.005517692022856346
251,0.053204984960324976,0.8894619318811194,0.042842307863558526,0.010375413032289815,0.0041153622627072145
252,0.014353688152265658,0.8358143266423977,0.1386068870786065,0.005628407769146938,0.005596690357583206
253,0.007872123190878747,0.7886875989252168,0.19051537654207096,0.006846597670245736,0.00607830367158761
254,0.059745436385870355,0.8034246858757762,0.10320340725683025,0.023741738594660486,0.009884731886862662
255,0.0293928094771938,0.8468765201412509,0.10587233311967115,0.010150804973681482,0.007707532288202538
256,0.10276689761697984,0.7474521878620567,0.055125394174753324,0.08047988222046047,0.014175638125749696
257,0.11238543354446176,0.7909518285006222,0.04158823644712488,0.03616134462467096,0.018913156883120112
258,0.2352273437219164,0.45405510837055874,0.0014050200064466048,0.20350633053847555,0.10580619736260279
259,0.08510036277442158,0.8912287251769466,0.0078066248717381945,0.011079944837125082,0.004784342339768341
260,0.43226260170037534,0.45561121502133284,0.001861828581309061,0.05685105692537856,0.05341329777160415
261,0.038016399699287044,0.9378886946453147,0.007583737733388669,0.012931912701036736,0.00357925522097294
262,0.23705920591194357,0.36779740937360084,0.0029923449082814462,0.11025855125749405,0.2818924885486801
263,0.32607726175019003,0.5533202472760737,0.0035534215372612908,0.05723244369467952,0.05981662574179542
264,0.1246420430985243,0.8127393880062909,0.016533042123185748,0.036248162542284426,0.009837364229714892
265,0.0921144876116671,0.8473603681621896,0.03032379711953032,0.02292160640432376,0.007279740702289072
266,0.031826738579201715,0.8429035539605463,0.08788178860458817,0.026312420033897135,0.011075498821766819
267,0.03779571327526192,0.7956273948058522,0.11177715819720292,0.047038481827646465,0.007761251894036456
268,0.06728780560406937,0.7474510746562253,0.09910326056518445,0.06876035948426479,0.0173974996902562
269,0.20411106951541794,0.6233560459161911,0.030235868869601574,0.12262317117382679,0.019673844524962687
270,0.3640333074388745,0.3641283643688827,0.008750817402350421,0.03925758074023459,0.22382993004965773
271,0.34467924419417995,0.4590585118718676,0.0072592824704566595,0.15797116967320582,0.03103179179029001
272,0.3495898012493449,0.39876573604327037,0.003838212545460918,0.17767656521183123,0.07012968495009253
273,0.09599160527153174,0.7755147614018323,0.010896052836464599,0.1123815566173196,0.00521602387285178
274,0.11981343118743137,0.2961054570594407,0.006810734815777378,0.5555588813961677,0.02171149554118289
275,0.04719818029920448,0.19144059227312524,0.003788664594470234,0.7466513215692004,0.010921241263999668
276,0.11467280114406618,0.0327727531515561,0.0002271674051722794,0.5166015404445639,0.3357257378546416
277,0.5824453628011157,0.11706795515955128,0.0006882487916859286,0.21278189157720384,0.08701654167044338
278,0.608962677195404,0.16854786382997927,0.00043285475288787134,0.13015408150429106,0.09190252271743785
279,0.7620209362738299,0.04622897610300762,0.00014028482046932932,0.03609620952841734,0.15551359327427602
280,0.3845283293681574,0.4860718944661679,0.00030108364561539784,0.09919040977008758,0.029908282749971742
281,0.15696939120919232,0.6960113719118407,0.002520630197794013,0.12416941486335287,0.020329191817820134
282,0.2669681926646992,0.46003365101332205,0.0015438570319161024,0.2123070350990568,0.059147264191005834
283,0.3325051873259707,0.40272872403910703,0.0015970957323935074,0.2269916312000278,0.036177361702500854
284,0.19368420727058422,0.6683691240470232,0.0014380405599476007,0.11998573826380145,0.016522889858643437
285,0.26837476799673343,0.5827172125679884,0.0028755355434632317,0.13580727988659483,0.01022520400522025
286,0.0939214246364577,0.8041968964414125,0.005289787854618008,0.09174892756401812,0.004842963503493895
287,0.21894851344613847,0.3760264215613744,0.0028344103165946107,0.384713020801138,0.017477633874754383
288,0.22332182102075335,0.44680185408606377,0.0010938105269312293,0.28020214017996603,0.04858037418628565
289,0.11904700089688919,0.7846536069273646,0.006568595443700215,0.07880403955891166,0.010926757173134226
290,0.28973232286735545,0.5741642767644198,0.0022616884070953834,0.11288813200281606,0.020953579958313304
291,0.25897627364128556,0.6242427838162581,0.003493023021136007,0.0889995839258095,0.024288335595510798
292,0.05605284129457443,0.9129502712716349,0.017869092960289355,0.009168808132886818,0.003958986340614422
293,0.07238048762038095,0.8860039506185653,0.011365334265003368,0.02667549478844594,0.003574732707604547
294,0.051804247362813576,0.9155004795233006,0.010714679748184368,0.010893554089380033,0.01108703927632153
295,0.10409533908142261,0.7557211076977534,0.03715261704554812,0.09465700528618683,0.008373930889089113
296,0.23129577109612912,0.48938987737721046,0.011288685236839456,0.22934987845376845,0.038675787836052355
297,0.06494254445629553,0.8130596771688152,0.027301923329819976,0.08511574121259463,0.009580113832474587
298,0.18960331068460085,0.6156637689215655,0.005463758839660841,0.16829854851630593,0.020970613037866966
299,0.12540528307985685,0.74374070267225,0.009417982270574608,0.11264538211356534,0.008790649863753308
300,0.1691328824068815,0.690217542810808,0.011433883394966739,0.11152249255694047,0.01769319883040324
301,0.05934170888192286,0.8819358026681774,0.01677346508762747,0.037353298653678445,0.004595724708593771
302,0.15611785415493265,0.6119205061878957,0.005438283256876196,0.1989148276026369,0.027608528797658575
303,0.1556763119987805,0.7188789879343124,0.009532430964915815,0.10247246307825757,0.013439806023733703
304,0.17731768907500164,0.7624639738073432,0.007427540217353135,0.03241743068316084,0.020373366217141194
305,0.07869117254204172,0.8740727515299636,0.019279404971669363,0.021549527377973398,0.006407143578351991
306,0.23962532226819105,0.6138379172870911,0.01079443535253137,0.11669739417178396,0.01904493092040253
307,0.0937277639846152,0.8205164334304592,0.0169940949761216,0.06069560113889257,0.008066106469911651
308,0.31409359861943825,0.53015118874898,0.006474055774315946,0.0648438057168821,0.0844373511403837
309,0.15781038025514574,0.7671531852140159,0.006171300876103856,0.05936050218142973,0.009504631473304714
310,0.1704552531518566,0.7333642002951454,0.011724417412613812,0.06967929056145857,0.014776838578925576
311,0.13061871870105912,0.8151857819343868,0.01251285349773801,0.031064095035023463,0.010618550831792438
312,0.1988963632296319,0.704981855087467,0.009888556314225397,0.05622239701693908,0.0300108283517367
313,0.07131614679821537,0.8718299106980597,0.007404283294457558,0.04552983928652378,0.003919819922743544
314,0.12492962428307683,0.7685944037601609,0.00958586833628877,0.08564813025049076,0.011241973369982656
315,0.10145678346666825,0.8311454025186622,0.007605886271360206,0.04844728077423833,0.011344646969070987
316,0.12936935672535194,0.7531875663521738,0.012527403001836784,0.0950251117279994,0.0098905621926381
317,0.24646211691196476,0.6177943723493567,0.007847698283720426,0.0859429793140718,0.041952833140886166
318,0.233314156860584,0.6037920175866164,0.005311052628444865,0.1297247425255141,0.0278580303988407
319,0.3136335461623062,0.5942945315015769,0.0066820529136085915,0.07047667836194597,0.014913191060562209
320,0.3660565024822389,0.5238808133214081,0.005306606522028675,0.08054600167725406,0.024210075997070105
321,0.27080165971929887,0.6124292466600799,0.0009229322340291465,0.06729782865240617,0.04854833273418591
322,0.5536308746088522,0.36575394755168555,0.0008474240197939438,0.059259363169424456,0.020508390650244002
323,0.22367738843996515,0.5299086807383756,0.0008721930277517313,0.22608141394540257,0.0194603238485049
324,0.07886057225115595,0.5296509674891866,0.0007091369002254442,0.38283749715139764,0.007941826208034488
325,0.07756095893457063,0.2697310402441132,0.00032899868351125215,0.6186541501689551,0.033724851968849764
326,0.05842446793722424,0.25340406748657845,0.0003546216076128807,0.6671837494064098,0.020633093562174576
327,0.08076433403842606,0.29134132280885977,0.00029949559288770176,0.5932233381848709,0.034371509374955415
328,0.2027365063697781,0.06621571034841847,4.248112258361529e-05,0.5591209603136482,0.17188434184557164
329,0.24293977489547477,0.19140445501676095,5.838190207425241e-05,0.4661277304922712,0.0994696576934187
330,0.3747798692333534,0.15235915753110643,3.3077493877975424e-05,0.4277162006753752,0.045111695066287066
331,0.3495294444317369,0.23334991109082573,4.2399405915327126e-05,0.3716986393965073,0.04537960567501471
332,0.12449467309495445,0.267225084082601,0.00018142491423342436,0.5239091966320266,0.08418962127618455
333,0.10758835965977981,0.131149499613699,0.00012624880975752853,0.6923188671026984,0.06881702481406529
334,0.08285726501200548,0.11008156688161182,0.00010198080910437564,0.6761089227285549,0.13085026456872328
335,0.13558188000534274,0.27685147657502857,0.0016167253311908227,0.54309744078272,0.04285247730571779
336,0.07744551936599701,0.08333351374612262,0.00015862345103006441,0.8042019126219859,0.03486043081486436
337,0.0999901009711285,0.06560952258887172,0.00012102006536264137,0.7824290315125613,0.051850324862075914
338,0.07346394343121745,0.15122047233702307,0.00013766022242066124,0.6841518573840151,0.09102606662532384
339,0.06598852470684086,0.03011103973992513,7.61767778175002e-05,0.8470179535003225,0.05680630527509404
340,0.06407336059870983,0.019062523265866372,9.083170271558205e-05,0.8527384257112032,0.06403485872150504
341,0.07070663328320259,0.009595119802929411,7.158053446367148e-05,0.8762833339076129,0.04334333247179148
342,0.06600339538427441,0.014548078183821632,1.909392596814519e-05,0.8700054532900187,0.049423979215917235
343,0.05488964706699126,0.012559815224400781,2.1260479896237416e-05,0.903786706368523,0.028742570860188835
344,0.04979774779036155,0.00964815327595922,8.800079594546101e-05,0.8747892625130462,0.0656768356246877
345,0.2178480301868658,0.014861631075029176,0.0001352911116729433,0.7287306902066262,0.038424357419805814
346,0.08498220154390318,0.013256589145052212,2.9311490500929767e-05,0.8572457531381866,0.04448614468235701
347,0.08179150568487163,0.013038895531526404,2.9557112134711173e-05,0.8616654525296502,0.043474589141816906
348,0.09711289680194729,0.0342210908672085,4.229219571357244e-05,0.8263391454304152,0.04228457470471558
349,0.06853413800770623,0.026854938734501097,1.662581012946873e-05,0.8379460261871754,0.06664827126048778
350,0.06813498903819101,0.04106036172479514,3.4845425148299184e-05,0.8600705085888131,0.030699295223052533
351,0.06338364847775453,0.062282391826447965,3.393390661501816e-05,0.8498291869590183,0.024470838830164137
352,0.04581359827245302,0.056831213883225457,1.7865815496356556e-05,0.855551099206616,0.04178622282220931
353,0.07369012818038587,0.042580222423101985,4.208684241421635e-05,0.8467147602269172,0.036972802327180976
354,0.10506948302740983,0.08824846426082308,4.1376734936365134e-05,0.6812859377746238,0.12535473820220697
355,0.05230869788160882,0.040701156332742995,2.814158189332538e-05,0.8183557291865223,0.0886062750172326
356,0.02684696286543999,0.01450466219162117,2.526181863124579e-05,0.7037119221411045,0.2549111909832032
357,0.05018722835238803,0.024816604338745014,4.4698935133258736e-05,0.8367021242461601,0.08824934412757361
358,0.09058748135975392,0.05355901916056828,0.0002899986373693649,0.7235383727341704,0.1320251281081381
359,0.11633635686713438,0.015569306150623331,0.0002125414604619725,0.8287684286935209,0.03911336682825938
360,0.12766232355221324,0.02239148577656688,3.9898194804222324e-05,0.7383377667170715,0.1115685257593441
361,0.21189357683861643,0.031570935421000604,2.760855378418975e-05,0.5426323264911416,0.21387555269545708
362,0.21375555732240148,0.04137902287872962,3.334030256238948e-05,0.6797143435523685,0.065117735943938
363,0.2633078057685963,0.0543802542044782,3.468327237393352e-05,0.5401807324379062,0.14209652431664532
364,0.09354985226211558,0.10091528134943432,7.602960000926666e-05,0.5883561491517905,0.21710268763665036
365,0.10179399427165878,0.11646495012400784,0.0002790993212962117,0.7629693228410879,0.018492633441949284
366,0.11371472192899133,0.05793367648780126,0.00010360225303905884,0.7943632375065749,0.03388476182359342
367,0.08671577143849962,0.06926183635334053,0.0001500784546665563,0.7006507309206491,0.1432215828328442
368,0.0606581367797239,0.07338498580171485,4.746585956855052e-05,0.8241327107484667,0.041776700810525966
369,0.10637384253912927,0.06685089920355713,3.6764558009963576e-05,0.7327810243707713,0.09395746932853233
370,0.16233975509266083,0.09075062305783343,3.0680499695927375e-05,0.6937989807074963,0.05307996064231345
371,0.12399809497904744,0.015692874110711415,4.0800158584197866e-05,0.7888858177834958,0.0713824129681611
372,0.15534510843167013,0.021673725051115304,1.2969397874992348e-05,0.6541138109641642,0.1688543861551754
373,0.1098944373296128,0.07020898078618558,2.590679180083422e-05,0.753477448233832,0.06639322685856874
374,0.11431341265363454,0.01988281394328966,2.7852025518301617e-05,0.8056024995922614,0.06017342178529606
375,0.11699975853441595,0.05010310803670687,3.433058323568555e-05,0.8003721494252104,0.032490653420430955
376,0.0917114172936685,0.03524638500897178,5.5592765756603044e-05,0.8169044012911543,0.05608220364044887
377,0.04860212466112677,0.021638032627658954,1.2555508771233977e-05,0.7655401173931891,0.164207169809254
378,0.1026350516412143,0.1313884451239196,5.0356838307464214e-05,0.6871887094547993,0.0787374369417593
379,0.09787884927741926,0.06551767275823982,3.1054939498020875e-05,0.5825645774229986,0.25400784560184425
380,0.17744259162842987,0.04886428565958067,3.896076816289727e-05,0.6120160729477778,0.16163808899604887
381,0.1324747653822032,0.15247526093813404,3.5114388119552274e-05,0.35021221730199537,0.3648026419895478
