epoch,N1,N2,N3,R,W
0,0.0007224723189800101,0.0010326527372355413,0.00014241009652520893,2.679217563450596e-05,0.9980756726716247
1,0.0007584489488232641,0.0015907507932202969,0.00030571686695274466,0.0002319546486189843,0.9971131287423847
2,0.0002680730852818253,0.00033940306229157186,0.001001807327867582,1.3133795379948694e-05,0.9983775827291791
3,0.03413051996886094,0.0018957520174886396,5.4896470179956056e-05,0.003718421635480978,0.9602004099079895
4,0.07679436090690409,0.002752401649419489,4.359454340077145e-05,0.005208891898470091,0.9152007510018055
5,0.1431844577093574,0.014240593736256362,0.0001241267703464119,0.032903923105477975,0.8095468986785618
6,0.10897861109725533,0.0026885582721764925,1.9037637309194676e-05,0.002119669743626108,0.8861941232496329
7,0.10562084118094367,0.0014332853387391566,1.7404474966099316e-05,0.002005604589165973,0.8909228644161851
8,0.1025045544896111,0.0016759136855659512,1.8540308180465917e-05,0.002838804353466852,0.8929621871631757
9,0.1999706446060376,0.002299651263701442,3.44721979721012e-05,0.0034094854650260037,0.7942857464672629
10,0.19503969939762494,0.002773187874820714,2.2455771129386956e-05,0.0035516061982177032,0.7986130507582073
11,0.3479512743605391,0.004931424608065363,2.1543009379482688e-05,0.00667223390949729,0.6404235241125188
12,0.2324056907714618,0.004990149986079761,4.339572269866002e-05,0.005097640965836137,0.7574631225539237
13,0.3575684573420955,0.039453590745466637,5.6098325365015255e-05,0.01004280471647635,0.5928790488705965
14,0.13327078628692526,0.005148761757089492,2.3924216913462916e-05,0.001743588977207386,0.8598129387618644
15,0.5632034109484926,0.013770199623503943,4.5151040677106074e-05,0.0037751514913512796,0.4192060868959751
16,0.7746107278682355,0.01527681010944572,9.046538848932321e-05,0.0028547366404622944,0.207167259993367
17,0.7782892514712009,0.08074808078664396,0.0001419799628543408,0.003939829080843481,0.13688085869845731
18,0.2797545465966503,0.6074715790957387,0.007048101652956427,0.0019369650295882853,0.10378880762506619
19,0.18915551936615976,0.6936322149175341,0.014533133836944772,0.0009034210313054175,0.10177571084805598
20,0.03650614328426772,0.8441336147996142,0.07229891271667432,0.0014221540485675002,0.04563917515087623
21,0.059703643367044056,0.8848245962516064,0.02666712426134983,0.003844776995545936,0.024959859124454028
22,0.05761168917452249,0.9011742624462767,0.012322954540210103,0.004598946360113625,0.02429214747887706
23,0.02145677911303651,0.9420860508954632,0.02724564765922819,0.0008065721605231245,0.008404950171749123
24,0.04289580364469738,0.9062375508137841,0.01602186212490427,0.002502144149024955,0.03234263926758935
25,0.00949798457407066,0.9115760288238771,0.06707590905466186,0.000604791967486017,0.011245285579904445
26,0.047559840378021564,0.8963111318482463,0.027276281476613488,0.004029584017484964,0.024823162279633732
27,0.033679105005444,0.2432068389735867,0.14402418919659649,0.0005622053670551937,0.5785276614573177
28,0.10914628828247405,0.025035127183084607,0.00022371487502880743,0.004248983046192752,0.8613458866132198
29,0.29543590954163274,0.06021126828566411,0.0003935199936925784,0.0038156885992897786,0.6401436135797208
30,0.16683726959803025,0.061201369624231255,0.0020392375155688903,0.0010901220517811018,0.7688320012103885
31,0.30921638546814106,0.009543074913711563,2.3934516265562427e-05,0.006368523003419757,0.674848082098462
32,0.13739201322547484,0.06338426128132511,0.00033219034712233424,0.008400127064879089,0.7904914080811987
33,0.34198168612995494,0.02062204338938051,9.237545979354686e-05,0.02541685928707015,0.6118870357338008
34,0.5389591247637294,0.13637392273065785,0.00023284013441890884,0.017587511476668816,0.30684660089452487
35,0.14296949282505753,0.03611748354066939,6.377284309113897e-05,0.01186718934242374,0.8089820614487582
36,0.07119005467568142,0.019351674475266145,6.635645020707363e-05,0.003015064318843568,0.9063768500800018
37,0.16896405721947855,0.02549455797912673,7.761220726755918e-05,0.015693340621686844,0.7897704319724403
38,0.11076925919673061,0.009136760870893698,2.764830099032848e-05,0.0037792498897018354,0.8762870817416835
39,0.07295672815399809,0.004691996560158382,1.6851956372769727e-05,0.0009415558120607218,0.9213928675174101
40,0.12204430481519135,0.00567617099784681,2.2331144655573175e-05,0.0034078909164777555,0.8688493021258286
41,0.3680296485189994,0.022973122824441364,7.730088938976134e-05,0.012897869760285896,0.5960220580068837
42,0.06535558342126926,0.010156133758185389,7.768599262056253e-05,0.006153228956321914,0.918257367871603
43,0.1662175965618262,0.009749471510413867,5.819945507575476e-05,0.008633768484373288,0.8153409639883109
44,0.15714643868966324,0.03893102235190312,7.951110751454659e-05,0.018744878100205267,0.7850981497507138
45,0.08185224604430077,0.0029106299570799857,2.7803523221170984e-05,0.005174221250145418,0.9100350992252527
46,0.20881025836719672,0.025046212915091112,0.00011349877306207792,0.02363259886698888,0.7423974310776612
47,0.1535320119237232,0.005297635376641382,2.3398130421451666e-05,0.0027331588074953122,0.8384137957617186
48,0.14908578968487649,0.035154654576034644,6.550826719330131e-05,0.0030491407330885734,0.812644906738807
49,0.4639705915400334,0.05940746496454519,5.862053017204095e-05,0.013014358400301657,0.4635489645649477
50,0.10773962641387469,0.1498938495351332,0.0004577958635749208,0.011274486370709437,0.7306342418167078
51,0.03044731269563851,0.00411622748855319,4.891238748004177e-05,0.00883703225417119,0.956550515174157
52,0.22652198371697083,0.00680995588269299,4.524622076993334e-05,0.01254783438518442,0.7540749797943819
53,0.4261323815320164,0.005507971164944154,3.232447967457239e-05,0.0029297528554905446,0.5653975699678744
54,0.9011896321275651,0.015017679382697127,2.5231149055107527e-05,0.0012216295490600436,0.08254582779162253
55,0.7763215986971754,0.16496310700962594,0.0001033584646171877,0.0037354539160321942,0.054876481912549346
56,0.5060391211517963,0.432420529426704,0.004981921942106259,0.001479996223532718,0.05507843125586061
57,0.5619983157012846,0.27968855569312556,0.00046061108702718476,0.08149237079107569,0.07636014672748699
58,0.20060777684497694,0.7312040672848272,0.01713062112148128,0.0070937646341166895,0.04396377011459781
59,0.019380352316146925,0.7838197754319075,0.16615873203470374,0.003037987606848592,0.027603152610393533
60,0.20600071277676577,0.2224940525983866,0.00039511528273043154,0.1216980793976917,0.44941203994442547
61,0.36291988865081193,0.24789076117536574,0.0007200778777891314,0.11172866077109392,0.2767406115249394
62,0.5001778498455975,0.16092676793895033,0.00021814857025262654,0.03741832313881933,0.3012589105063801
63,0.34036808050135453,0.5624689164708087,0.0023019597492474476,0.004773097642491144,0.09008794563609808
64,0.645667667190322,0.14235659318469682,0.00014071569003746263,0.008442700208532595,0.2033923237264112
65,0.5971585207600947,0.2598515730872492,0.00031867605225815695,0.01580207445512066,0.12686915564527715
66,0.5320893823528957,0.4087369809412083,0.000250953358829176,0.00612267762591179,0.0528000057211549
67,0.49994917088668817,0.4653726702996428,0.0005073573461849027,0.0009904984154317875,0.03318030305205235
68,0.1652974798190916,0.8030465333333711,0.014855757733197915,0.0004064500554816453,0.01639377905885782
69,0.03249997976382555,0.8647382754995305,0.09652811264191659,0.0006835904347713465,0.00555004165995611
70,0.015611735462376783,0.9034041281098777,0.07546659988755317,0.0011641777339564303,0.004353358806235802
71,0.003996647509082859,0.6972190904180078,0.29479598201905827,0.0003296910694822812,0.0036585889843688017
72,0.00409626612138389,0.5868562857323839,0.4034819827968105,0.00017360343731827503,0.005391861912103409
73,0.0015350132322874653,0.6544282094613315,0.3397891914283275,0.00012057149030600895,0.0041270143877474574
74,0.0023776476801158036,0.5434308178292957,0.4478159823763924,0.00014244462672617384,0.006233107487469857
75,0.008792617127772979,0.7270487712649063,0.25116725258019706,0.0007085711860232777,0.012282787841100316
76,0.00442882203169415,0.23964579172757902,0.7507745524552457,0.0002653723739598231,0.004885461411521188
77,0.0275274761251715,0.436293809928038,0.4485406053482608,0.0014750332481159284,0.08616307535041377
78,0.09370754975721786,0.6638457957229558,0.03721708312672509,0.004637313308628877,0.20059225808447248
79,0.03682203466337148,0.8237098516123407,0.0725296296275344,0.003904052576534847,0.06303443152021859
80,0.13671703322063944,0.7716440822181918,0.013664293659476906,0.008860747281875437,0.06911384361981644
81,0.07252374808942008,0.2810157380360614,0.025758249161600973,0.0010665771316549764,0.6196356875812625
82,0.17425356669386913,0.022627554996557598,5.126491342185547e-05,0.012010418339115585,0.7910571950570359
83,0.26861141186310283,0.43226182617699266,0.002190254643618024,0.008283917680114942,0.2886525896361716
84,0.1582498090095155,0.08836940733445657,0.0009166644107236351,0.0020838813992494713,0.7503802378460548
85,0.45376592025780793,0.3679458046843664,0.0023110816775342045,0.0037025256401421167,0.1722746677401494
86,0.23195845349657523,0.7103312421965325,0.004968035598090125,0.011938790208466313,0.040803478500335826
87,0.11785207392767788,0.7776823977608815,0.0038798273555264193,0.008574879386418465,0.0920108215694957
88,0.19721842336765713,0.506406604882692,0.007933337228690383,0.02027200318937392,0.2681696313315868
89,0.3003021859673968,0.3586200959450774,0.0003419478648012399,0.017734154985349974,0.3230016152373745
90,0.5192286616923281,0.42197180739646656,0.001741713846687885,0.010819622533552344,0.04623819453096523
91,0.20743905116815783,0.7558849847212832,0.007848970816842098,0.002522740598550582,0.026304252695166362
92,0.3720170365780819,0.6040973121866859,0.0016863250256457676,0.007167708615089815,0.015031617594496678
93,0.027893053004379716,0.9336765328695885,0.02951310882028828,0.003346177526047352,0.005571127779696145
94,0.05737093008316042,0.9131727559566046,0.014271684151898213,0.0020072941037800884,0.013177335704556658
95,0.04927162125453576,0.7628662362368354,0.18193476174807144,0.0009047910000224987,0.005022589760534816
96,0.13653709893423352,0.8387478217943167,0.009774310141874094,0.006630650839739298,0.008310118289836554
97,0.042117265724745,0.9117106041694512,0.04072296121538532,0.0004123705718461207,0.005036798318572517
98,0.012991174849739197,0.9320623393998129,0.05042621766408376,0.0010375998967581952,0.0034826681896060183
99,0.03917148462664351,0.8889176128475388,0.06272293029532393,0.0012046412050377802,0.00798333102545598
100,0.009271915061312348,0.6801097412886381,0.30598661442954433,0.00046401667214711237,0.004167712548358129
101,0.019195360317254568,0.9228192547791474,0.048183879388753466,0.004471880354656062,0.00532962516018851
102,0.0415805818871684,0.9086331972004988,0.03970061460257272,0.0023587842655168807,0.00772682204424324
103,0.02253770594767746,0.9281598893112587,0.043301329757901845,0.0019738207545693864,0.004027254228592598
104,0.05278329705864393,0.9235812807345501,0.013876951399959751,0.004361334836359037,0.005397135970487024
105,0.015172677326717909,0.5878919816889404,0.3915499154583082,0.0011669757366480887,0.0042184497893853964
106,0.02740187286977711,0.8795244889137988,0.07835457583740599,0.008372374978855276,0.006346687400162692
107,0.1039242060248484,0.8665796791480525,0.005558674447882948,0.0046781300980372,0.019259310281178846
108,0.08488436672847174,0.8879930789171013,0.011295659424222232,0.0046400345128941416,0.011186860417310682
109,0.11176616939314231,0.8717022335868143,0.005694974662191487,0.0026275342964392624,0.008209088061412564
110,0.03431878965664176,0.9259536127116468,0.02868262710326397,0.001377598157643482,0.009667372370803982
111,0.17525301066457813,0.7862930241106677,0.0027060444968822063,0.006925827718938828,0.02882209300893323
112,0.27954819771650635,0.667477117357627,0.0010421864935330196,0.020619146490401093,0.03131335194193247
113,0.11345931188504897,0.8517431036828724,0.022691880788736938,0.004401459378042539,0.007704244265298942
114,0.07774139219141425,0.853061159153766,0.03247704932025399,0.014339077255906836,0.022381322078658856
115,0.024908983951125,0.9056184913533778,0.04887294838589201,0.00862777013675426,0.0119718061728509
116,0.11137700804045533,0.5926318715507988,0.0008928513250421533,0.0398669313166569,0.25523133776704676
117,0.2981464100608795,0.5039239996928048,0.001574107102356723,0.11007878973320132,0.08627669341075783
118,0.35623791729435905,0.18952224016029862,0.0003095378058253693,0.09126523187799465,0.3626650728615223
119,0.4324390880448383,0.038201889110443456,9.039216190437235e-05,0.05264811079819441,0.4766205198846195
120,0.46023306220852706,0.17024459875012696,0.00026809248172618476,0.06185838440942945,0.30739586215019044
121,0.20181406910726904,0.19216230691768293,0.0003106896275235146,0.030985701147400214,0.5747272332001243
122,0.04733650663212543,0.005848903902149593,1.6913813844015565e-05,0.011098603281087208,0.9356990723707939
123,0.03794112445394939,0.004776486727062718,2.527470882662791e-05,0.014575157859004834,0.9426819562511564
124,0.3200594432346731,0.012656742125561483,2.2028580274107265e-05,0.007702073258290766,0.6595597128012006
125,0.8505514722338707,0.018869449199638795,2.787594937143973e-05,0.005629066748761316,0.12492213586835758
126,0.8123873057484634,0.04578852159367604,2.935639831474303e-05,0.008309584463835604,0.1334852317957102
127,0.5486816178889026,0.2992688859149771,0.0007362148429657164,0.01948644397308789,0.13182683738006665
128,0.6258761211593954,0.22388595029314867,0.00027731971029641293,0.05508264604415567,0.09487796279300391
129,0.3348800118898663,0.5100649719591857,0.0005247786826298409,0.049552268855636426,0.10497796861268163
130,0.044916070266258795,0.9405423910693024,0.004784615300733922,0.0024597802312625802,0.007297143132442096
131,0.24199192026717872,0.6584614428406697,0.0007872955006310106,0.07697344163263448,0.021785899758886052
132,0.04086621407841655,0.9352750457326026,0.010931052969521104,0.0031040203493537945,0.009823666870106143
133,0.27554749469126893,0.586085626911932,0.0010343449366036308,0.11375069405941957,0.02358183940077588
134,0.17953572037058016,0.7748589554997536,0.0011548598709963968,0.027056369770097455,0.017394094488572286
135,0.3455245480895865,0.5620155494351913,0.0008109247359040175,0.053676923306653246,0.03797205443266502
136,0.4613013998520387,0.5059549097694277,0.000897243562969677,0.007227450299939369,0.024618996515624585
137,0.2139337024269206,0.767880267024111,0.011393492495275355,0.0020747313276025603,0.0047178067260903785
138,0.1379779495014327,0.8155082656657238,0.03267791580077407,0.00459345273290572,0.009242416299163569
139,0.018780389104954196,0.8702020708716628,0.10488841945449158,0.004002595793283635,0.002126524775607774
140,0.12173382883970287,0.8358217800301656,0.00487786951688604,0.014968697182939266,0.022597824430306238
141,0.033571919601065,0.9117793280244287,0.04676504880897294,0.0040134894020775495,0.0038702141634554673
142,0.20944978270432577,0.7682763753894686,0.0026898301656419488,0.011580608644965655,0.008003403095598065
143,0.02165255978204878,0.8560014783430594,0.11888299483820661,0.0008250122798679852,0.0026379547568170787
144,0.20085001509883146,0.7649606318522624,0.008510737952128165,0.01754742399596638,0.008131191100811666
145,0.03901634235339652,0.8596204597219643,0.09641718407919785,0.0015530895500466431,0.0033929242953946786
146,0.05240937653206604,0.9262273625249359,0.013643177409035121,0.004182463151140928,0.003537620382821943
147,0.02969324951419674,0.8869140583530454,0.07747494302996896,0.0009816086306494959,0.004936140472139275
148,0.06746075379714281,0.8873820838381693,0.031008333872119858,0.00973019067381645,0.004418637818751437
149,0.012921225065591955,0.7732447067447236,0.2102255633093006,0.0008282322638786791,0.0027802726165050474
150,0.029585070253834472,0.9116215919945005,0.05445703802666667,0.0018814660206375518,0.0024548337043607104
151,0.0100111163407238,0.7478911647462322,0.23721167991794925,0.0005996068183399983,0.00428643217675479
152,0.03525874107148112,0.9313033207750852,0.029486479952609505,0.0020702199166560222,0.0018812382841679523
153,0.018019970724113567,0.8608941394105126,0.11773988165340604,0.0006010465952278134,0.002744961616740035
154,0.00485432869413934,0.9444717165240832,0.04873328851870657,0.0003332370978769537,0.0016074291651938621
155,0.015156838087803791,0.8134018408936396,0.16731381770802775,0.0005215465447649889,0.0036059567657636933
156,0.0025423428606721884,0.6788773015352972,0.31719380826115073,0.00033780130955433956,0.0010487460333253817
157,0.0087817912533419,0.6554276014068829,0.3328455397747656,0.00042374696306604913,0.0025213206019435654
158,0.0012168829732302927,0.25057924155412836,0.7474338688075017,0.00018956482023034556,0.0005804418449092379
159,0.014581247590900329,0.7734417036817546,0.20652075512343604,0.0008677770098414891,0.004588516594067587
160,0.005505564485553569,0.8290187594995096,0.16296455997054757,0.000625514160672565,0.0018856018837167757
161,0.009774309953027093,0.7410793363859834,0.24505020907503122,0.0007649909459437995,0.0033311536400145
162,0.002889148371763341,0.3478957880931278,0.6481253119732829,0.00010966130286789871,0.000980090258958038
163,0.007281471735220164,0.8052516699995518,0.1850798168680169,0.0003277347990060389,0.0020593065982051234
164,0.0009131881496341027,0.09811843239013784,0.9005310475296481,3.06661939985473e-05,0.0004066657365815404
165,0.02374416563275948,0.5845714072858599,0.3873294531528915,0.0007151725629470762,0.003639801365542065
166,0.002355206184642307,0.154307784825033,0.8424505284198667,8.186700253257762e-05,0.0008046135679256306
167,0.006834423737819466,0.6071833213990837,0.3816441084784108,0.0005412414474677003,0.003796904937218321
168,0.002341137286477037,0.18586086977730384,0.8105005182014297,0.00011258616252890377,0.0011848885722604509
169,0.018381298552076125,0.5499319162788756,0.4230136549551172,0.0022924060175893283,0.00638072419634159
170,0.011134314484543533,0.32703721576046685,0.6569060039775447,0.0017911585265973687,0.00313130725084748
171,0.024975885190763016,0.854241509972569,0.08436588962211115,0.012895771095732226,0.023520944118824574
172,0.09637790052303162,0.821963097939687,0.03439748143377051,0.03321703259917059,0.014044487504340425
173,0.035388684947653445,0.7698599397697319,0.15455117559754164,0.01867373128274817,0.0215264684023247
174,0.3190099577050377,0.37311171602114257,0.0014894506097084643,0.204948864848917,0.10144001081519427
175,0.11955088455294142,0.3393596913106615,0.0011605953265788917,0.4711960014049309,0.06873282740488733
176,0.08179689345318177,0.17292071392343233,0.0005493067154135221,0.6904856596935037,0.05424742621446861
177,0.14436954165885454,0.12433756338823009,0.0002850250931953298,0.6316895943159266,0.09931827554379347
178,0.04848209261744992,0.06390549678864538,0.00014700465329733062,0.268298814358023,0.6191665915825844
179,0.045338403277817525,0.04357779585388676,7.378194384595065e-05,0.09945631959272233,0.8115536993317274
180,0.2523716288279123,0.2671832208236047,0.0004263403555607115,0.3769210660905174,0.10309774390240492
181,0.25628655347199913,0.05099428520813439,0.0001045630531216748,0.4943773053249175,0.19823729294182726
182,0.23503498881086807,0.15762856453671734,0.00016838829756339984,0.4867665683070205,0.12040149004783078
183,0.11892535935523835,0.07137404181065947,0.00014073176905997307,0.4589119830030473,0.3506478840619949
184,0.20715461934438226,0.1647032175013,0.00019432456064305903,0.424127268761133,0.20382056983254163
185,0.2029688755010785,0.09082631113930778,9.331251180294691e-05,0.5327294024796264,0.17338209836818438
186,0.2211368745369874,0.08931130326647536,0.0001014855791756671,0.6021946711204984,0.08725566549686312
187,0.1149070544939425,0.09646268987528854,0.00012632826526617463,0.5046106523400369,0.283893275025466
188,0.23843170733783042,0.06829433335877474,8.527121012333462e-05,0.5407259342510143,0.15246275384225721
189,0.03721114575240179,0.01042419495128147,3.7976092387899946e-05,0.15285756988142057,0.7994691133225081
190,0.16995548131196486,0.09295573904278763,0.0001394183228092264,0.3396594711131595,0.3972898902092788
191,0.2223177880255276,0.05768387684370595,6.974156208768195e-05,0.48340527425480884,0.23652331931386977
192,0.19237062396633803,0.17357425413685335,0.00018568412387264468,0.2726801721912718,0.36118926558166425
193,0.1730420969006577,0.05046216590176129,9.444142858444934e-05,0.33526260263526425,0.44113869313373233
194,0.042506093975898364,0.01573952634787846,5.9551367283975056e-05,0.05684676996763089,0.8848480583413082
195,0.11115214787857955,0.004475138088351151,5.944027283771347e-06,0.038009702943143236,0.8463570670626424
196,0.09815204213211154,0.004581892232390367,1.1130212928407398e-05,0.012745885322085473,0.8845090501004842
197,0.4061440334173299,0.015296789040207986,2.6149069760285896e-05,0.030459027498930914,0.5480740009737709
198,0.13926320470876843,0.003462735022705865,1.4763187184585368e-05,0.008965270656455492,0.8482940264248857
199,0.32816529212036355,0.006969476465361797,1.750722072971823e-05,0.020289660061940454,0.6445580641316045
200,0.23501757503187165,0.006214373568063577,1.6971661768637326e-05,0.01861935485591907,0.740131724882377
201,0.4737959021805833,0.016362195140958102,5.534388561074392e-05,0.021975553688977346,0.4878110051038706
202,0.4304575226522564,0.1325190496309657,0.00017434593802788948,0.10320986227732214,0.3336392195014279
203,0.3819341364519666,0.049943752604429056,6.168310887981292e-05,0.06859403447247178,0.49946639336225274
204,0.09759005944826271,0.06135661564237152,0.0001913206673466881,0.01870355295056486,0.8221584512914543
205,0.10549248022744731,0.0061410578737685715,9.742491940057266e-06,0.03238920673888717,0.8559675126679569
206,0.3091845997880074,0.0373436658271697,1.823192658712573e-05,0.03469756977524586,0.6187559326829899
207,0.5533521817083462,0.02248234684266888,7.730063772630224e-05,0.07987205658715392,0.3442161142241047
208,0.37277079020771664,0.13131897107009619,8.363170786106643e-05,0.08795428283686164,0.40787232417746455
209,0.07764387744203578,0.045405865209790744,0.00016897711165899008,0.0717637150601781,0.8050175651763364
210,0.03092052235292784,0.024307103796706732,2.54840539724484e-05,0.024008457147996855,0.9207384326483962
211,0.04030121122707463,0.0017358051291285954,4.105335187555455e-06,0.014237177329455238,0.943721700979154
212,0.08292625302359735,0.009467416428444918,1.556954087579765e-05,0.01396587719862869,0.8936248838084532
213,0.01968853038344387,0.004648008850017353,4.831279287054216e-06,0.0062380567150292126,0.9694205727722226
214,0.3177456103882829,0.010888703870226935,3.086429044356968e-05,0.02180920333346289,0.6495256181175838
215,0.16458546167145646,0.00820867650937036,2.25973228497545e-05,0.023540198168680627,0.8036430663276428
216,0.14448084906962952,0.0060182426063410096,1.3366740662756215e-05,0.032578805972296294,0.8169087356110705
217,0.06909827378772893,0.003331701186850953,1.3607783402273076e-05,0.010210858713501943,0.9173455585285158
218,0.04087863451818872,0.002199404626118914,5.315443986705837e-06,0.005202004070223061,0.9517146413414826
219,0.15640258857788766,0.0028964539348077818,1.2649554024927013e-05,0.005027108339786124,0.8356611995934935
220,0.5735471665129314,0.015584633474277427,4.516285460229905e-05,0.027942924750379537,0.3828801124078093
221,0.8217317147983141,0.027060837263002475,5.653800250034449e-05,0.03283486846838918,0.11831604146779388
222,0.6423805312116184,0.02390307750094401,6.168580459060659e-05,0.08030974287663917,0.2533449626062077
223,0.2614135447949582,0.34221887010679974,0.0008853176990156244,0.18868713549525543,0.206795131903971
224,0.36362285727381966,0.23691091903782982,0.0001464717231556283,0.2904748565543129,0.10884489541088177
225,0.4497654585453404,0.20075842207800004,0.00024266702399878813,0.200516118946804,0.14871733340585694
226,0.19433499461044093,0.3183668929853426,0.004205778611406461,0.06292202451515565,0.4201703092776543
227,0.3033944929241725,0.025426765249404685,2.903932125296389e-05,0.03460052802456196,0.6365491744806079
228,0.6685007675804507,0.1642785211572598,0.00017087056930076275,0.019951128057697765,0.14709871263529095
229,0.4675929150677277,0.44494612620805296,0.004488331850840089,0.03190694392161695,0.0510656829517623
230,0.642865176656126,0.29489099912901484,0.0006057564227983411,0.036752363918413945,0.02488570387364688
231,0.024688879407939218,0.9485790879206614,0.016618488272820513,0.004998017797339329,0.00511552660123969
232,0.012412270285827292,0.9223685274438614,0.05136606255296945,0.009081201320086565,0.004771938397255245
233,0.037014104656154026,0.9207541281029468,0.01961443757783695,0.007521655874027781,0.01509567378903461
234,0.036249775976417126,0.931523648458091,0.017869409117857744,0.005571382693043568,0.008785783754590746
235,0.05416013068174295,0.9145596657184499,0.016158263768254095,0.0033643014564894128,0.011757638375063717
236,0.10193647026018077,0.8818949968324988,0.006541424162492763,0.0043253020299616265,0.005301806714866245
237,0.07469902869985497,0.9094605861106597,0.003083256941262326,0.00674343640003986,0.006013691848183208
238,0.051050332224585805,0.9338592459064756,0.0075091528388024735,0.0030222584320650212,0.00455901059807105
239,0.19246512209291894,0.6471171459110592,0.03464146645785779,0.007177745180402832,0.1185985203577613
240,0.2623107788127001,0.6958632244831862,0.004917099892095904,0.020801998982431676,0.016106897829586277
241,0.07807218911593103,0.8938012323638255,0.009813252888044055,0.0046292857701010805,0.013684039862098507
242,0.0793624014680755,0.887345982760053,0.01322501369310264,0.009660612314316717,0.010405989764452062
243,0.1902538690317229,0.7938917632262589,0.0005730920002764826,0.00433999202572492,0.010941283716016699
244,0.05104755525117597,0.9141761527056633,0.02829366246274852,0.002324386121435646,0.004158243458976624
245,0.07707559972767844,0.904749126929811,0.009333802562780881,0.0032784369922680564,0.005563033787461492
246,0.03085430338555002,0.9555923487382828,0.010726978016412184,0.0009019719605516713,0.0019243978992032442
247,0.040751590662408084,0.930589093870097,0.020837495050031674,0.004087933326865175,0.003733887090597867
248,0.01195068225767956,0.8907543835131504,0.09451358048274067,0.0010028302808041212,0.0017785234656253492
249,0.009623846912027473,0.8529739130536511,0.13263270420557904,0.002269810679293762,0.0024997251494486023
250,0.0051705875649397616,0.7589306153710923,0.23177211215204713,0.0023877823832466455,0.0017389025286741494
251,0.03062496146319401,0.921200990892288,0.038686754566381744,0.005251420087956662,0.004235872990179503
252,0.008264783840128121,0.8582460778790136,0.13072988815134542,0.0010761798021498511,0.001683070327362998
253,0.040194459077894804,0.9168552853377743,0.03787858121208635,0.0019993996709883636,0.003072274701256074
254,0.0050614238713559264,0.8743742769928067,0.11869828860530678,0.000750242533003642,0.0011157679975270808
255,0.013158482633434916,0.8853169675677107,0.09766371546560547,0.0017081355363031093,0.0021526987969459235
256,0.00425312904364739,0.933459597049032,0.05977001540011156,0.001287580526223176,0.001229677980985783
257,0.00840544467664186,0.7248982659936613,0.26167995267037536,0.0012828386565319006,0.003733498002789775
258,0.007964035029693712,0.9261290792010316,0.06272072083514041,0.0012968228835451346,0.0018893420505892362
259,0.028007827148066253,0.8643613519173954,0.09893906429594036,0.0013390857411624605,0.007352670897435578
260,0.007133474634818406,0.9299245267364694,0.06006036666887595,0.0013841646580626844,0.0014974673017735015
261,0.030032319890483907,0.7777484559799888,0.18280435306733744,0.0030702358126444484,0.006344635249545238
262,0.014573849939458811,0.9000743378039295,0.08079474447761865,0.0016659926754020876,0.0028910751035909924
263,0.0084196585028365,0.5262700234694994,0.461777354023508,0.0011602023670979331,0.0023727616370581477
264,0.03358274801635905,0.8444496110513282,0.11499915740384273,0.0031501860767634,0.0038182974517065858
265,0.008844095759408789,0.5177446105136836,0.46959228526760605,0.0012311504712918125,0.002587857988009768
266,0.04278867831771258,0.8433271694690937,0.10410097530890837,0.003063586909487803,0.006719589994797663
267,0.016739243058390873,0.8715242155900246,0.10115098818047835,0.0021059068555272635,0.00847964631557891
268,0.011626913353774701,0.6142767352245981,0.3688021740420211,0.0010132604320797342,0.004280916947526302
269,0.0065350109924377986,0.7826964378156143,0.20819572517333026,0.0006328181140128345,0.001940007904604907
270,0.0037275562850517603,0.4919736463283938,0.4994282712493059,0.0004891833188840465,0.0043813428183645435
271,0.0029004842031833053,0.3689399831875967,0.6254749111037409,0.00034407383819793735,0.002340547667281192
272,0.004762658814449785,0.4558956711404441,0.5359220058359601,0.0004742966652312856,0.0029453675439147092
273,0.010344825159879268,0.8192926944982721,0.1652127015954066,0.001244082017051837,0.003905696729390081
274,0.001917968031328004,0.1752186946854425,0.8215891157258256,0.00016959065598823347,0.0011046309014157887
275,0.008826291105474279,0.3451979227360343,0.6401759645263311,0.0005888737721598481,0.005210947860000568
276,0.0064868448717574755,0.41124095691826335,0.5782922594497127,0.0008989398584307174,0.0030809989018358
277,0.012936049747454872,0.4989817260995598,0.4780401586131386,0.002094798761031724,0.00794726677881495
278,0.0016110796396529676,0.25005601904198604,0.7466825764769005,0.0003264811095177631,0.0013238437319428127
279,0.06420500400109949,0.42789717197941496,0.06059756466796781,0.0027366536392457045,0.44456360571227205
280,0.03576847858409291,0.7897195774671677,0.1667064708104464,0.002017465041276202,0.005788008097016758
281,0.2670611106779046,0.6071956138077831,0.050384373599765234,0.003939745231747711,0.07141915668279933
282,0.05085849328423374,0.7124429534005106,0.2310355966867244,0.0010271619172212186,0.004635794711310169
283,0.015562556608717356,0.6302819160816625,0.34971529575960364,0.0007327204922895181,0.003707511057726851
284,0.005757642359892481,0.49675508804602575,0.49539714174499405,0.00030153360170632874,0.0017885942473813473
285,0.004207743494724548,0.3037078813099178,0.6890607737939448,0.0002928011425010769,0.0027308002589117556
286,0.0025605402246899524,0.37433332270624387,0.6212617576264532,0.00034269566366236547,0.0015016837789505403
287,0.0005809139015800332,0.1790499625388066,0.8193375596866654,8.891837573121887e-05,0.0009426454972166724
288,0.0006390625356626253,0.17138707971314338,0.826967199690204,0.0001485982187928828,0.0008580598421969339
289,0.00016636219955638143,0.038802718434037944,0.9605805218134884,7.676166825653373e-05,0.0003736358846607419
290,0.00011879348253211645,0.01850344091662915,0.9811575827885167,1.0348807602304848e-05,0.00020983400471987526
291,0.000113846061869608,0.011800349579450309,0.9876691283037804,1.0586700669615831e-05,0.0004060893542301127
292,0.00019082943710990412,0.012451366590436223,0.9869821374290639,1.0419971184093505e-05,0.0003652465722057383
293,4.0724408566215804e-05,0.004255945968514637,0.9954974739433827,2.84417661922775e-06,0.0002030115029172216
294,0.0001487008371456168,0.012946607137825989,0.9865663144427389,7.167674786744339e-06,0.0003312099075026577
295,9.363190806354345e-05,0.004109621121704991,0.9950877223786267,1.2243149892506567e-05,0.0006967814417122677
296,0.0002793758570015371,0.009486226803716786,0.9888360294769319,2.618008204786904e-05,0.0013721877803016833
297,0.00017256048128413103,0.010946293927574255,0.9884215674603504,9.468825438680538e-06,0.00045010930535253115
298,0.000200927091314241,0.0051158879447640365,0.9938124667429004,2.6930682376884325e-05,0.0008437875386443847
299,0.0002656150728191894,0.019024499051528823,0.9795613041122541,2.7786635446780235e-05,0.0011207951279513112
300,0.000394038677333077,0.014050826443496967,0.9847110634636429,2.6321319414438225e-05,0.0008177500961127166
301,0.0015484779473867645,0.0338405804663059,0.9626037195412411,0.00011726608197369451,0.001889955963092756
302,0.00021807124098122986,0.009493266256481706,0.9893096297265956,1.8711311050063582e-05,0.0009603214648913341
303,0.00019199962701205885,0.006937474243174871,0.9918419367836981,3.519727716914584e-05,0.000993392068945957
304,0.00015262385865594407,0.007083293732519032,0.9916921708995293,3.711886655614895e-05,0.0010347926427395754
305,0.07326395068370173,0.2734508923917909,0.2035221274892976,0.016749108778069916,0.4330139206571398
306,0.08512231267191614,0.3010910426712212,0.544994486237407,0.015173930752257602,0.053618227667197954
307,0.011583510424829723,0.2871839550600163,0.6887702207154297,0.0012268608496264232,0.011235452950097717
308,0.039227275987980585,0.6726731024228468,0.26830481564787595,0.003094782287988571,0.01670002365330804
309,0.0011582892946441236,0.12653999969986898,0.8705723104694285,0.00021596049063631336,0.0015134400454219848
310,0.0010757684295162014,0.062136012811950705,0.9342162202675325,0.00040218726367282514,0.002169811227327704
311,0.001371873158514081,0.17424055683127815,0.8226857427761408,0.00025222277983897966,0.001449604454227978
312,0.06271801550821418,0.5032412894700063,0.12933862146029682,0.008300808016851501,0.2964012655446311
313,0.12901055765948385,0.785424988458504,0.060881167216008336,0.008354373142071124,0.01632891352393278
314,0.008428502527201195,0.2310247452889828,0.7582349839482444,0.0003839724283433029,0.0019277958072281053
315,0.018356569684498145,0.5546264367449089,0.41980960583595833,0.002671725797007645,0.004535661937627071
316,0.020380382826280522,0.78892439525237,0.15782534122271996,0.02557414755623474,0.007295733142394821
317,0.03591053530202298,0.5685160638340405,0.3046664619807147,0.07465033026456207,0.01625660861865957
318,0.04762919161257803,0.7461843377122197,0.08726499458835306,0.08840159199452022,0.03051988409232912
319,0.10017615482042548,0.4338058707114778,0.0034342328300713044,0.41938850212219475,0.043195239515830555
320,0.07789198200054973,0.057964015908683914,0.00024928063412622494,0.7904202614300812,0.07347446002655891
321,0.09183702011267494,0.045709657882417494,0.00011330767371141516,0.8441770600711636,0.01816295426003263
322,0.27532604376325015,0.06155967856760381,8.212897099153487e-05,0.6418894335475018,0.02114271515065259
323,0.19735544957030357,0.06041452239694802,0.0004753623764189773,0.7097220434094504,0.032032622246878896
324,0.14714433616746833,0.01585433220228066,7.394014728472105e-05,0.8168205698951959,0.020106821587770336
325,0.04910794417076919,0.019109662050200656,0.0001233233497254223,0.9199117927307485,0.01174727769855602
326,0.022524817478197824,0.009554503090740733,5.689644135030361e-05,0.9551335218908126,0.012730261098898561
327,0.036547740742667624,0.007961905066894768,4.860864163340641e-05,0.9322709789487053,0.023170766600098945
328,0.031344504157631126,0.013457656131677527,5.215522965559283e-05,0.9401662485346579,0.014979435946377911
329,0.02867532850830633,0.027799728451774603,9.853619606189569e-05,0.892384515999664,0.05104189084419301
330,0.012030070782901567,0.01514922289398319,5.7262991370759636e-05,0.9561618834323043,0.016601559899440035
331,0.035717750277863614,0.01685385558960313,7.75863800027526e-05,0.928492842979827,0.018857964772703475
332,0.05663655483524323,0.02148716487959283,6.207569953305589e-05,0.9021371746678072,0.019677029917823823
333,0.041300013361326444,0.00799437974104624,5.2397749370813605e-05,0.941365313530188,0.009287895618068552
334,0.04687736987686103,0.012892776731214025,6.390509591982591e-05,0.9292349978099428,0.010930950486062302
335,0.03242531435470968,0.012063035542440623,9.328488298488208e-05,0.9273051258432865,0.028113239376578326
336,0.03679077620854077,0.016627208800616956,0.00011211245780870994,0.9328173251366347,0.013652577396398795
337,0.024821196894822584,0.01594638506284962,0.00017407247792490337,0.941465617932916,0.017592727631486844
338,0.015410783633991747,0.0061524862483628515,8.646764667099571e-05,0.9658149058843246,0.012535356586649688
339,0.01555750395153126,0.00847829577704522,8.103364172292008e-05,0.965736149014043,0.010147017615657441
340,0.013448684343128917,0.013500118162589518,9.390898050769031e-05,0.869717961003677,0.10323932751009667
341,0.03600582466091873,0.016228874478625987,0.0008447746308764614,0.9162607162170726,0.030659810012506148
342,0.02193538589028961,0.01898705224644896,0.0007512022945865388,0.7258343741757511,0.2324919853929238
343,0.021931567320802568,0.02519044090086811,0.0013665314870516254,0.8482914769487386,0.10321998334253896
344,0.06573635594415875,0.023884754717138253,0.0016161651339175898,0.7370556920880355,0.17170703211675
345,0.027793831531379536,0.019742683049535005,0.0005345838956173561,0.3942449117975326,0.5576839897259354
346,0.13025974504611915,0.05497134510663234,0.00032406028820848733,0.3790693104437724,0.4353755391152676
347,0.6367906725433986,0.040123274201070015,0.00019183156481670437,0.20591193422921023,0.11698228746150464
348,0.24605715386799745,0.05460712624293004,0.0003569150570404608,0.12026187595776834,0.5787169288742637
349,0.17867215654631483,0.012565675883618071,0.00023144842118667848,0.36309004922990906,0.44544066991897124
350,0.36613239216728255,0.07692588880498498,2.869033136751534e-05,0.3921686137685045,0.1647444149278605
351,0.4827005100003765,0.028118880141839678,3.063990245676741e-05,0.37081717420425575,0.11833279575107118
352,0.5855646558640516,0.014924142585963664,1.7119631420891213e-05,0.15510162458228904,0.2443924573362748
353,0.319230048379266,0.39871489343500677,0.0002735475248566029,0.20919210551019776,0.07258940515067279
354,0.4867581695944438,0.08548733100524619,0.00010762682833510412,0.2977893259650247,0.12985754660695023
355,0.13085819974012836,0.05369701854966106,2.1273184717295206e-05,0.03758848374889303,0.7778350247766002
356,0.36321077802938784,0.33337854195133043,0.00022483030212112922,0.13503420539495095,0.1681516443222096
357,0.6016749848527333,0.09550223057149548,9.375175120891897e-05,0.10252546951318112,0.20020356331138117
358,0.4780200074625661,0.32948827174513867,0.00022296803828946587,0.07869953661776374,0.11356921613624184
359,0.46096290652896454,0.23821855237248804,0.00027876335638409244,0.21143259217724994,0.08910718556491336
360,0.10665723536200002,0.044620995049217384,0.001817491943005533,0.06921541845207027,0.7776888591937068
361,0.36939987672279156,0.22534261823444873,0.0058612184714926414,0.17164934959418224,0.22774693697708498
362,0.05307874954446621,0.017963833459486628,0.0004345497364928147,0.03177029775364547,0.8967525695059089
363,0.686924616636808,0.02875428927827651,7.961668152024233e-05,0.059269726282185214,0.22497175112121
364,0.242011103769008,0.03417267794353548,0.0002818023410583099,0.0623438677045532,0.661190548241845
365,0.23805631288696716,0.20956191689526651,0.002118659115690001,0.055011194114117104,0.49525191698795923
366,0.4410673862829375,0.14666719048223184,0.0010680052012178377,0.22848169194626586,0.18271572608734687
367,0.11503112947764127,0.1579935239764829,0.0005575244240221104,0.09339882309938162,0.633018999022472
368,0.21039771332960636,0.5457339431365724,0.001477385983797729,0.1283605894869907,0.11403036806303285
369,0.43161538223056056,0.2118305223497885,0.0005093445023581156,0.20789491465301244,0.14814983626428044
370,0.38346368675030834,0.48128892399358225,0.0021613257346417432,0.0788174919972367,0.054268571524230924
371,0.16885651874271657,0.734134292082727,0.0011775076473975667,0.08163840924406408,0.014193272283094806
372,0.1179247843397889,0.8273934434741264,0.01021923175979725,0.017691378389010713,0.026771162037276537
373,0.12900354275421866,0.7690668251549263,0.0017604399531671825,0.09192703492830806,0.008242157209379599
374,0.12124894433604647,0.8181671313305215,0.0007636153819739618,0.044285717670460814,0.01553459128099723
375,0.168338037063978,0.7743599451424991,0.001192456016342125,0.04753246580259153,0.008577095974589223
376,0.12978595009888969,0.8325690433985479,0.0007172753498447003,0.03165646716090472,0.005271263991812893
