epoch,N1,N2,N3,R,W
0,0.0016146778952391546,0.0004461007004507797,0.010428319631187056,0.00011232466326181212,0.9873985771098611
1,0.023442425090751118,0.010704541211244162,0.03843793089469961,0.0014536077650654942,0.9259614950382397
2,0.0017877482767341532,0.001105534299450856,3.3597318038718886e-05,6.59253195232743e-05,0.997007194786253
3,0.002747576427029647,0.0011868122527208481,8.411323068324184e-05,9.805417126831722e-05,0.9958834439182979
4,0.012669722179966116,0.0019257441994566232,3.339614022773862e-06,0.0013784253120716734,0.9840227686944828
5,0.008474592276724325,0.0033475749176422884,1.0021494179002464e-05,0.0008001622825888266,0.9873676490288656
6,0.09861556295711875,0.12179690922588703,4.1649265285385124e-05,0.009742860100717605,0.7698030184509912
7,0.003370349647032913,0.008884104994526002,2.1445128083437894e-05,0.0001980903685250105,0.9875260098618326
8,0.0671828055491284,0.015238844841367363,5.903480625331223e-06,0.003531863855800124,0.9140405822730787
9,0.05196825990471118,0.027724108650819496,5.293163695175798e-05,0.001284783712666718,0.9189699160948508
10,0.15823591063521342,0.4715456796043903,0.00019190984693286266,0.00766898315243993,0.3623575167610236
11,0.053691346311734105,0.4588795090776322,0.000598237432874605,0.0110181371264059,0.4758127700513531
12,0.04747940333590335,0.5368625939216736,0.0026461420778541647,0.0064392323363613784,0.40657262832820756
13,0.011185706180708176,0.24005596783718713,0.0011479463270157538,0.0039715119056929656,0.743638867749396
14,0.041951017353968764,0.5270219823933194,5.5763406512384364e-05,0.02497066422850659,0.4060005726176928
15,0.040307494786180974,0.6907686386596834,0.0016650334071938268,0.0023180573358287,0.2649407758111131
16,0.01789717892284422,0.7696475752627291,0.004246502828061483,0.003376421323627939,0.20483232166273718
17,0.012774212796339692,0.20763382195886118,0.0005986542317788281,0.0021369322041598464,0.7768563788088604
18,0.010953025062000663,0.7912365587902462,0.0007788016825377467,0.0017509334083627012,0.19528068105685267
19,0.016761122585709488,0.8492173668283459,0.0005686700829897296,0.003611184307404885,0.12984165619554996
20,0.09288421945550691,0.34733696263757297,0.000324509683488662,0.009268446624381562,0.5501858615990499
21,0.03260298246435583,0.7371288583458452,0.014032017730512714,0.00275863742401359,0.21347750403527258
22,0.028591725520617402,0.8225019261739129,0.0021821875600408045,0.0020438300677790206,0.1446803306776498
23,0.04200279639182728,0.796088302776661,0.007143864655106462,0.002307161820073967,0.15245787435633126
24,0.028130031702751523,0.8459211752145325,0.010686086029971231,0.006597720381172727,0.10866498667157201
25,0.024868508202564116,0.5852387139216062,0.025955168338371252,0.002217633094015949,0.3617199764434424
26,0.035247542902573446,0.15653852570343774,0.0009171904757364137,0.003035476421481389,0.804261264496771
27,0.08207643139485299,0.43774022468139906,0.0020691455790163545,0.004129381880364459,0.47398481646436696
28,0.05115879424953352,0.2810122625173485,0.006804126213852123,0.0012860878377393744,0.6597387291815264
29,0.058481706982602466,0.10764725751910516,0.0019456313212018331,0.0011886773822808625,0.8307367267948097
30,0.01802679629292535,0.10904554080309077,0.0014326923571499665,0.0005080040639089544,0.870986966482925
31,0.02143357424397142,0.09548483463936594,0.0009239663610495461,0.0012234275186086962,0.8809341972370043
32,0.017594373147966826,0.1974642878637525,0.00912115945614724,0.001239880225976135,0.7745802993061572
33,0.0038460957847480243,0.005757665993556138,0.0007902427582568366,0.0004950637749581795,0.9891109316884807
34,0.004119021972235481,0.0038142305004026707,1.743544430344152e-05,0.00024513947165464135,0.9918041726114037
35,0.00015378143340335826,0.00015713647445525261,1.8499889329447758e-05,2.603469384374367e-05,0.9996445475089681
36,0.0012221734661356236,0.000249723993738218,9.776191328512803e-06,0.00012935947187747704,0.9983889668769201
37,0.028095071479753195,0.008512969566759846,5.8334866458107405e-05,0.0014184433391158074,0.9619151807479132
38,0.003362958384078562,0.001620777405027355,8.440542701129045e-05,6.618063048602211e-05,0.9948656781533967
39,0.004276275763932808,0.0016685853839428966,4.011839655267629e-05,0.00014599377210252148,0.9938690266834692
40,0.003529868743236742,0.0011851346560314442,5.303238102910086e-05,7.307506267362687e-05,0.9951588891570291
41,0.0023478636851033494,0.0005306110059646859,7.974258842304185e-06,6.364488270658539e-05,0.997049906167383
42,0.002924855632915086,0.0006974444230305639,0.0003516078302120604,7.664093248289363e-05,0.9959494511813595
43,0.00981301918360034,0.001522028675406738,3.6617492783681684e-05,0.00012843717210662658,0.9884998974761027
44,0.007664868372176743,0.0008581638386444996,4.57822904443909e-06,8.623503831084385e-05,0.9913861545218234
45,0.029129363792873435,0.005915422220325545,7.197029215101381e-05,0.0005169986958147277,0.9643662449988354
46,0.004861666049002132,0.0017487912135667615,3.419756244836091e-05,7.482279203127089e-05,0.9932805223829516
47,0.0011413377392502577,0.000579779291737556,0.00029717197256691333,5.990555223252429e-05,0.9979218054442127
48,0.0005850775250788934,0.0005730888268906968,6.687301285185736e-05,3.950574098566073e-05,0.9987354548941929
49,0.0002534019164348388,0.00027061636290043816,2.0167130426363017e-05,3.856393907020196e-05,0.999417250651168
50,0.0008718921013137182,0.0002792086743218334,7.958514033728822e-06,5.467022965308806e-05,0.9987862704806777
51,0.0034010748344736217,0.0003167102311435725,2.522273922544934e-06,0.0001403834940503765,0.9961393091664099
52,0.020430091220711506,0.0026513487497313803,2.545446162434342e-05,0.0004952992790721441,0.9763978062888606
53,0.03596940707959932,0.008455370920800934,3.520172461558549e-06,0.0004421575992524677,0.9551295442278858
54,0.009241589474435912,0.005428602103048999,3.7087866185925897e-06,0.0005547258668864144,0.9847713737690101
55,0.004017458161481524,0.001049157457294077,5.465602663294635e-07,0.0008155723439729038,0.9941172654769852
56,0.021127029506473483,0.0011687571100256451,2.32949955067752e-06,0.0008978697007397582,0.9768040141832104
57,0.1013958615705855,0.008022312799352355,4.914634699213694e-06,0.0034073121992384283,0.8871695987961246
58,0.4829149696709154,0.04100408647286653,1.906625148268367e-05,0.009287445863713464,0.4667744317410219
59,0.08721775104007141,0.06114767365403027,0.00018350785193725283,0.002340967955890075,0.849110099498071
60,0.18436886402607516,0.030306903545684674,3.7125960085600425e-05,0.03007457917581157,0.7552125272923431
61,0.11532406308240908,0.06347770082267347,0.0005666317282543676,0.007018052145001783,0.8136135522216613
62,0.055863572464797256,0.19970687171841833,0.00354478112286623,0.002851730448129827,0.7380330442457882
63,0.08598902235677704,0.0543247001997894,0.00046667415576499355,0.003991109181534606,0.855228494106134
64,0.14879420923791947,0.37757543579150976,0.007479442082837115,0.03195957106034222,0.4341913418273913
65,0.17475268326908344,0.04111185026053331,0.005815077034985569,0.009481363742306676,0.768839025693091
66,0.17688947017240836,0.4030217757497425,0.0069529358322720156,0.019155581241209023,0.3939802370043682
67,0.02561447341464833,0.08460328928065829,0.002196113003021037,0.00212241927993239,0.8854637050217399
68,0.008493798728107016,0.0047529912017943024,0.0005470063176921458,0.0004009303011911698,0.9858052734512154
69,0.026029555134806176,0.008189244157169793,3.940734216766861e-05,0.0013176413110332788,0.9644241520548231
70,0.0680791354832658,0.02639791126830952,0.00011895157317953787,0.0019230951298524013,0.9034809065453927
71,0.24522048359914828,0.12650698893444526,0.0009526646474403963,0.0026154275338881815,0.624704435285078
72,0.07500909686868631,0.03706541672248859,0.00014951421943054159,0.0014588233393817082,0.8863171488500129
73,0.09379315987399305,0.09582649678305064,0.0007708303100340963,0.008950925233435771,0.8006585877994865
74,0.13203883971037536,0.22342897309547835,0.0007565936189224559,0.02253896452583659,0.6212366290493873
75,0.11621551465972169,0.7131949262515315,0.01176557969564031,0.023113617205258126,0.1357103621878484
76,0.16986765587619118,0.36000984114650036,0.0033296616968109443,0.02301542545589313,0.44377741582460434
77,0.18787443365869294,0.48947064358825293,0.009941005042108271,0.045323831040858874,0.2673900866700871
78,0.061467855883576734,0.7083719504667932,0.023251016328297215,0.016443682057564375,0.19046549526376857
79,0.004798766971377991,0.016364267117516356,0.00029595929137517235,0.0002535539388207217,0.9782874526809098
80,0.039195973194399686,0.01239758249327329,0.00013942680851946324,0.004288107597333919,0.9439789099064737
81,0.024700851881841696,0.012197246802356152,7.263742294397082e-05,0.0008572093565596425,0.9621720545362985
82,0.003521060262277041,0.0019113144165444987,7.946208131260542e-05,0.00012219259561731228,0.9943659706442485
83,0.0045199522950291685,0.000788867960869335,7.631882760467254e-06,0.0002622323012909338,0.99442131556005
84,0.012837796878813668,0.008399239660278435,6.870960957024222e-05,0.0008950813827198074,0.9777991724686179
85,0.0014283240260236612,0.0009903507129184056,0.00046018654048787046,0.0001748647275509738,0.996946273993019
86,0.0006189404230766449,0.0020855413786036335,0.0007926070443928388,5.0657336393189386e-05,0.9964522538175338
87,0.0016323117141802943,0.0002471772383669695,2.750877286744838e-06,0.00014147495936085955,0.9979762852108052
88,0.0033179389128666767,0.0003201243147677042,2.2029074051788385e-06,8.791480831749186e-05,0.9962718190566429
89,0.007119743130490708,0.0015031825574937775,4.146101900762556e-06,0.00032551727958484144,0.9910474109305298
90,0.01188260418047809,0.0012887699648640766,1.7868571126349493e-05,0.0013407477527513595,0.98547000953078
91,0.07188947530137257,0.005098509015148265,8.503284026012807e-06,0.0017311304463404331,0.9212723819531128
92,0.03825015659028554,0.012012136017557244,0.00022569352603245938,0.0018056907612755164,0.9477063231048493
93,0.1372339270706395,0.02326126089456064,0.0005342736589917425,0.0047163872602759395,0.8342541511155322
94,0.24916062243070122,0.2017683447152213,0.0036106473770827073,0.04446725503131464,0.5009931304456802
95,0.1272360061388072,0.40602799445371596,0.0026130941303245054,0.034916814785528015,0.42920609049162434
96,0.12280232253726746,0.30772001133958016,0.013809797629952533,0.02310950476946384,0.532558363723736
97,0.08749798578107468,0.6489453760643187,0.005641412454581265,0.04556035220694862,0.21235487349307672
98,0.0381962151447356,0.8962527579496997,0.008178592252281826,0.018639409283848628,0.038733025369434425
99,0.029136748123648172,0.9162510304410552,0.016304262771866338,0.013711948307091488,0.02459601035633867
100,0.021414411619097594,0.9418880801737318,0.023735678383515268,0.005589857226529311,0.007371972597126116
101,0.05911762202450331,0.6231009651581617,0.06474573042376258,0.03467144147494229,0.2183642409186302
102,0.11047152183706806,0.6797376159734243,0.0019072835923205967,0.10276004159926115,0.10512353699792588
103,0.041728785212852525,0.9276783383483364,0.00796404217642589,0.011344577457318485,0.011284256805066775
104,0.06913676731541944,0.8993257219779499,0.01386817162695932,0.00923386334480676,0.008435475734864606
105,0.14169355697874697,0.8004270439290858,0.02726458591920082,0.013178117258605033,0.01743669591436128
106,0.07092680431319681,0.8647319199948801,0.029157510084424666,0.00998217563939074,0.025201589968107858
107,0.11159237951178726,0.6539520477155171,0.015356194825117547,0.10216263380206483,0.11693674414551333
108,0.06280838911915408,0.8400594469337338,0.05369476977601165,0.010116920293552318,0.03332047387754815
109,0.14652515346269912,0.652188273771176,0.024713720353393732,0.0073371038005819525,0.16923574861214924
110,0.43500273981255655,0.3747053648597292,0.004073088593516265,0.006305914774655791,0.17991289195954227
111,0.1841463987610156,0.7379315917731097,0.033535276954920125,0.0015231893455704502,0.04286354316538399
112,0.13486749628352632,0.5605330013367805,0.2769753258243727,0.0010180020674590336,0.02660617448786147
113,0.06206706843689711,0.8082168998270609,0.11694275768596371,0.0033572528271986106,0.009416021222879921
114,0.03958700577955561,0.7972217776238975,0.13462749420928075,0.003895039277841581,0.024668683109424758
115,0.022439999038655366,0.8389404628878979,0.12233206079733815,0.0032404990475329346,0.013046978228575739
116,0.020040895484365308,0.6230609420949155,0.3475303353765779,0.0034665974583414326,0.005901229585799816
117,0.03198066125834972,0.6995725996191999,0.2593077650912955,0.001758877777886518,0.007380096253268342
118,0.02236734516311009,0.45826664001126444,0.5103965009664002,0.001927141073399336,0.007042372785825917
119,0.018567699458422317,0.447025602287062,0.521848193098892,0.005151597163904807,0.007406907991718912
120,0.033267923558811,0.38517743642391483,0.5672402733511354,0.0011577560637554283,0.01315661060238333
121,0.010014065215097567,0.18451575726895042,0.7908820601524753,0.002545397285977723,0.012042720077498787
122,0.0011795751176387735,0.07689857524558584,0.9197337882040437,7.665487109032556e-05,0.0021114065616412324
123,0.0008167207002297482,0.04490982528776502,0.9533639636687199,5.8826320126617654e-05,0.0008506640231587801
124,0.0007613012224764008,0.03934107458501607,0.9582049443470572,0.0002057017967173291,0.0014869780487329564
125,0.0008206284495271256,0.022698077250375325,0.9755076989046059,0.00014479383320874196,0.0008288015622828004
126,0.0003141855427692424,0.010176356974712624,0.9884392829190215,0.0001401659969010758,0.0009300085665955738
127,0.0009071376907890522,0.01658788319610791,0.9813939905449798,8.771334587174667e-05,0.0010232752222514108
128,0.0008089132611547705,0.01855056344535338,0.9800842936450547,4.0693226696584876e-05,0.000515536421740638
129,8.461516123155953e-05,0.0022370147432024313,0.9973848740853789,2.1741470605362436e-05,0.0002717545395818786
130,9.468061045440485e-05,0.004214677257519364,0.995285767784543,2.330613328472987e-05,0.00038156821419841296
131,0.0001365136016393401,0.006362554225518263,0.9928596250888196,4.5834759804459355e-05,0.0005954723242183984
132,8.463535314347204e-05,0.0026736010842587613,0.9966075977742508,2.6804468772572364e-05,0.0006073613195745047
133,0.00021747986828941324,0.006560782431310401,0.9925571162707348,2.230186264469179e-05,0.0006423195670207008
134,0.0006423869013599478,0.009556183588294303,0.9892101223562945,2.0725443487575875e-05,0.000570581710563552
135,0.0004565119005106044,0.004545463251406438,0.9944404225441488,2.194872206745087e-05,0.0005356535818667169
136,0.00012306846341535196,0.002445651178481465,0.9970244331813194,1.4701584510902132e-05,0.00039214559227283776
137,0.0001753770119586784,0.0023032661984708856,0.9972384728126553,2.482581231873775e-05,0.00025805816459647217
138,0.00044094789625183877,0.0033537488030590387,0.9956312886019272,0.00010374659434058627,0.0004702681044213727
139,0.00106341434470452,0.009302188286879167,0.988149638784748,0.0001486946140519877,0.001336063969616168
140,0.001559423964363174,0.007879722860325246,0.9890692448983499,0.0002621278724970433,0.001229480404464727
141,0.0055525553714009515,0.013470993013401093,0.9784689546922942,0.0002833441701464083,0.002224152752757135
142,0.020441158226847174,0.0671122851337053,0.9060652595208474,0.001667254180139748,0.004714042938460378
143,0.08316808802105596,0.5574933137076209,0.28419122237585726,0.00311621471462768,0.07203116118083816
144,0.01431617586862489,0.5984038420025105,0.3758027129857108,0.001883500326074604,0.009593768817079136
145,0.0131932142606942,0.7158160301212529,0.2591705799101134,0.0014951550454263718,0.010325020662513071
146,0.010807154667242441,0.8589809760267226,0.12381307205764874,0.0023049676050647585,0.004093829643321497
147,0.046888348238241596,0.8316055914322354,0.09902064549343753,0.014956875048819917,0.007528539787265273
148,0.06191467221644769,0.8562141204837359,0.05370305576836522,0.0065690122298916066,0.021599139301559368
149,0.040541729309774906,0.8033960822224139,0.13300969553816464,0.007772208593158192,0.015280284336488488
150,0.031281539610004426,0.8054902077573513,0.15402583753575702,0.006112891217032701,0.0030895238798547744
151,0.0182430875260821,0.8752628546210488,0.09711792040234891,0.003796511970189898,0.0055796254803303046
152,0.020302685700012122,0.646183051730523,0.32703158309965075,0.004284578442683432,0.0021981010271307434
153,0.027540186041115234,0.8103782124743313,0.14544995904496325,0.008660444935997361,0.00797119750359288
154,0.05407470220649063,0.7618759576608598,0.15626423556484223,0.02483416440526839,0.0029509401625390963
155,0.04932282547068984,0.6990550987007403,0.18257775352205738,0.05897456725009092,0.010069755056421624
156,0.009566746493258187,0.5907149222965482,0.38396274817686066,0.009556429967862979,0.006199153065470154
157,0.03896342102099195,0.6977497372169026,0.23243127266031527,0.024162709072659872,0.006692860029130364
158,0.010846961075873685,0.5949014790549731,0.3873520235714309,0.003521798274493888,0.003377738023228179
159,0.020621932511267968,0.5724053607157301,0.3931568266239543,0.010232820785907074,0.0035830593631405254
160,0.007814018647095246,0.39673889146487634,0.5913084449862135,0.0028903959662715684,0.0012482489355434153
161,0.021391142893261824,0.5155587402303429,0.451930183556122,0.009046156509978568,0.0020737768102947044
162,0.0027775251777244765,0.3144273860289145,0.6799001508954888,0.0010576492014192646,0.0018372886964530594
163,0.011763505009987806,0.4572439384977645,0.5221289889462815,0.007124524877915962,0.0017390426680502608
164,0.0030368196838421006,0.21329002123260316,0.7764066633613607,0.006101030642758538,0.0011654650794356276
165,0.0074758003279474985,0.22353788992281745,0.7586884866470602,0.007344291737592566,0.0029535313645821406
166,0.003329409166200221,0.30453620441196055,0.6829782524545147,0.007556493547312913,0.0015996404200116206
167,0.012171489721515565,0.31283386444743355,0.6626800212598657,0.007897751054311232,0.004416873516873838
168,0.006202767737104091,0.25946798226763435,0.7204301162390662,0.010280442140887861,0.0036186916153074
169,0.023619206912543694,0.676063359011923,0.28040868353837045,0.010697812619395102,0.009210937917767798
170,0.018434749095595133,0.6368584727833367,0.3030695822377293,0.025875825401975975,0.015761370481362884
171,0.016613512734071918,0.8026699777384558,0.15811745662304386,0.009262551536688693,0.013336501367739628
172,0.03802575930666387,0.8218279814895683,0.10352867718812538,0.02194761968926297,0.014669962326379501
173,0.03682502882823113,0.8251015276272315,0.11405876755135254,0.01045069948079088,0.013563976512393867
174,0.008915116065507952,0.7141445991245257,0.24063030600127727,0.017376230767207023,0.018933748041482165
175,0.008325774493604573,0.9096086781756408,0.05631812948557805,0.012339447793259743,0.013407970051916794
176,0.0035342863339176372,0.010596564722917892,0.006220098971818725,0.006050774142446052,0.9735982758288997
177,0.023960463296201603,0.043175955485995454,0.0007413166584010592,0.006268174551603525,0.9258540900077983
178,0.050044902227150585,0.056523227528335905,0.0017453903039430752,0.005077766554757296,0.8866087133858132
179,0.24571145053925414,0.15715729622515917,0.0027235616711969637,0.013905333676830955,0.5805023578875588
180,0.10171712487756636,0.5398526173322711,0.006784582297766671,0.012865282755140749,0.33878039273725513
181,0.0795836789605948,0.6768861642631739,0.012323947745596859,0.005672800780027289,0.225533408250607
182,0.05893336753547754,0.8491245882924874,0.02237402448152449,0.009927154987284978,0.0596408647032257
183,0.07683860859788919,0.6052810473046761,0.056047329450204054,0.02034807714759298,0.24148493749963762
184,0.08185180231041397,0.738554763107798,0.05897713324810453,0.007130574927067988,0.11348572640661554
185,0.08443628240567855,0.6475762385215189,0.04690477902461764,0.03271608371677324,0.18836661633141166
186,0.05558905481574239,0.7785185373298525,0.1560774236630247,0.003982581970796717,0.005832402220583559
187,0.07491668369023789,0.8561059963924077,0.012451493947140077,0.02461128752770253,0.03191453844251189
188,0.06693296331812275,0.8482625831057446,0.03590519181863177,0.023231787912072078,0.025667473845428657
189,0.018021222148199813,0.8652278483719795,0.051407413454312885,0.01118046015633421,0.0541630558691733
190,0.017950131500066212,0.9272502927357396,0.03076577480830126,0.015908420570143914,0.00812538038574912
191,0.00648873666254009,0.9622134550937169,0.021613248246176886,0.00704235445699491,0.0026422055405712973
192,0.0107225293570303,0.9226224617745974,0.055648747892864496,0.005325156330905254,0.0056811046446025295
193,0.021935368100676606,0.9013720200391382,0.04103115160211535,0.028793335815444094,0.0068681244426259825
194,0.022852030612910097,0.9110567887489477,0.026482517396373386,0.029158161731147464,0.0104505015106213
195,0.02457953336919007,0.8935464436348889,0.01547185993613423,0.04993430851259784,0.01646785454718913
196,0.26984128383797285,0.531982300136084,0.01667165809329782,0.1209840317173553,0.0605207262152899
197,0.11965967590549663,0.5091414969578527,0.005498750726388134,0.20403624645625656,0.16166382995400594
198,0.0249557059885939,0.03183832754906854,0.00013352184132246506,0.9369809845509256,0.0060914600700893076
199,0.06385679720075658,0.1670091084673966,0.002473766106495422,0.7112798014344764,0.05538052679087502
200,0.17502589233607285,0.2770712582439323,0.004232569129629877,0.4378181385855988,0.1058521417047662
201,0.0400686799966648,0.03617778731771666,0.00021421663359500509,0.8025457735597705,0.12099354249225307
202,0.039416769491510795,0.03746948094055351,0.00021276354667768756,0.8655195350897673,0.05738145093149062
203,0.06562400560008846,0.06091190614925631,0.0007248282138808641,0.6703794695199641,0.20235979051681025
204,0.056262223003302865,0.06686525036350983,0.00022940772040684694,0.8455333304398157,0.031109788472964868
205,0.013529217644324036,0.009272921674918163,2.9772427558979614e-05,0.9669549532810812,0.010213134972117581
206,0.10277794176347539,0.0333142903112097,0.00024181832519020664,0.773035923329502,0.09063002627062276
207,0.025811501534436492,0.05557974113357529,8.89262349950147e-05,0.8779407371127421,0.04057909398425118
208,0.0638691217844575,0.08550252530637495,0.0008711496048864923,0.37198579484133865,0.47777140846294247
209,0.0334106620966701,0.016668191794396832,0.0003359627636640603,0.057597213246203184,0.8919879700990659
210,0.05867195455636073,0.015394223682577089,9.124879320461277e-05,0.2690567274310078,0.6567858455368497
211,0.07400301014532808,0.06944396384080079,0.0006404606362992764,0.109845943848537,0.7460666215290348
212,0.18947644693738608,0.05980499054562452,0.00036151896834484676,0.11451633660189231,0.6358407069467522
213,0.18426305043690522,0.1342588304418614,0.0009815180185633195,0.4280586729357068,0.2524379281669633
214,0.05547517237673199,0.014636791872532823,0.0014993410563910394,0.06921515468136047,0.8591735400129837
215,0.1792628206301524,0.13573011160116788,0.0002687565332602317,0.38588758996437195,0.2988507212710476
216,0.3584631675481185,0.3062948242598522,0.0005391450722463558,0.21840752397483962,0.1162953391449433
217,0.06447384321516823,0.661332346906925,0.015497696411867332,0.03624118946329636,0.2224549240027433
218,0.03958252322722809,0.8624217623098225,0.0027103118516132885,0.04084103499143098,0.05444436761990522
219,0.05098244856354724,0.8563564359054021,0.020618757022301048,0.0212335223415326,0.050808836167217056
220,0.20167413723147548,0.5871526529691343,0.009620324355216698,0.11480201537375041,0.08675087007042291
221,0.10687544446169724,0.8254631723876812,0.022524743818853686,0.023156494000726287,0.021980145331041746
222,0.0507480766207438,0.867600766062958,0.04276208711822149,0.028296039405507664,0.010593030792569064
223,0.08822938464586272,0.7656878636689939,0.10168911555425711,0.04088547000285645,0.0035081661280298125
224,0.07618263586202317,0.7022117797893788,0.12245910931462685,0.08752959150945215,0.011616883524519051
225,0.04333287333195932,0.7149158095263553,0.1694519654549606,0.05489972328731589,0.017399628399408906
226,0.05262735061760209,0.787000300684086,0.09363619026258052,0.06146680004328116,0.0052693583924503015
227,0.06386729984534968,0.7843746455864566,0.11099254189552024,0.03487782815593348,0.005887684516740009
228,0.0528837285586857,0.5776297279123108,0.3514142826295245,0.01358524571780762,0.0044870151816713945
229,0.07579275556816234,0.5954839445615069,0.3064380509256465,0.01296080538726719,0.0093244435574172
230,0.012505148054819958,0.4212752982828297,0.557230640600521,0.005800307475085705,0.0031886055867435307
231,0.013249089346053617,0.529943801755798,0.44752712662234073,0.007174699172872973,0.0021052831029347526
232,0.00262987051230707,0.28946293402704176,0.7054870445958508,0.0015351169580876778,0.0008850339067127302
233,0.006431378096960768,0.277472319577496,0.7129413600452001,0.002042889804766417,0.001112052475576648
234,0.006228471198948845,0.2033254831718068,0.7883206618613046,0.001012067715404864,0.001113316052535008
235,0.0012539576798994,0.06757568477866654,0.9300118574097662,0.0003143052167119119,0.0008441949149558767
236,0.0005539147122026104,0.03420397633949301,0.9642875167157559,0.00033466292635942174,0.0006199293061890917
237,0.0006665311194242782,0.0151292743624378,0.9836790452144832,0.00012176157434288787,0.00040338772931176783
238,0.00031063328375935384,0.00910771842942599,0.990272181490331,5.012214103587903e-05,0.0002593446554478469
239,0.0001329097039335213,0.0035367370165852543,0.9961183164189935,1.65565147833519e-05,0.00019548034570455544
240,6.944040799838609e-05,0.001615209876671188,0.9980651748217578,1.1316702810632553e-05,0.00023885819076195828
241,7.108642530250982e-05,0.0014184352178337523,0.9983784033534486,5.80767687804975e-06,0.00012626732653705052
242,9.855571632343017e-05,0.001965221352529885,0.997644663940524,9.801764123478916e-06,0.0002817572264993703
243,7.227978185781344e-05,0.001500446085194268,0.9980451714853964,1.0050768076821251e-05,0.0003720518794747881
244,5.4080654918033525e-05,0.0011314439273684223,0.998559952603924,8.996564150283409e-06,0.0002455262496391114
245,7.197304537109411e-05,0.0017154639728323188,0.9973955546788987,3.002214185255587e-05,0.0007869861610452422
246,0.0001644048677064942,0.0027306887402631743,0.9958691713773218,7.9798984538299e-05,0.0011559360301703263
247,0.00025444097715884335,0.004228020665226743,0.9943074798176659,0.00016966811613247423,0.0010403904238161944
248,0.0002829680832404246,0.007056643943641901,0.988582697192644,0.0004559588820387006,0.0036217318984351436
249,0.0009427991513476267,0.01741977965325298,0.9780516515394531,0.0008852264441748431,0.002700543211771483
250,0.03183115602068574,0.1820956684559729,0.6971635277483045,0.0019489177396944887,0.08696073003534237
251,0.007286452890583593,0.04268722597070263,0.9472985110925319,0.00038246001356589065,0.002345350032615924
252,0.046249350526635334,0.6029894932405133,0.3252535385463725,0.004166179578531298,0.02134143810794742
253,0.024092136529517943,0.619824957450204,0.3467077510866684,0.0018029417842086294,0.007572213149400938
254,0.03516431259153735,0.6905580087515499,0.25875569316618996,0.009896075938010227,0.005625909552712681
255,0.024391697948606475,0.5358261002582927,0.4317807342021586,0.006614673979997774,0.0013867936109442853
256,0.020697346707103652,0.6996210114837458,0.2610897261288142,0.012392532443988911,0.0061993832363475545
257,0.034626893799158294,0.8348739247224022,0.09719934954423338,0.029625618139385114,0.003674213794821026
258,0.00853858934613794,0.6754085849244407,0.30388414476034703,0.009670234367520984,0.002498446601553356
259,0.049705090163607045,0.6882381578923037,0.24162544359215712,0.016971806304711148,0.0034595020472209886
260,0.049647871294655456,0.5858754542461051,0.33680477961518024,0.022117476758681986,0.005554418085377294
261,0.06198803748954965,0.5008864798598166,0.41140402442768625,0.021601194387050666,0.004120263835896938
262,0.01836694124543697,0.16349395991021748,0.7976830733689785,0.012689887512510765,0.007766137962856223
263,0.02164672313884416,0.21150695170697068,0.7497853681271222,0.011219904055974048,0.005841052971089019
264,0.017657221125583992,0.351591190733896,0.6198377246637491,0.008081858681265717,0.002832004795505151
265,0.01849518086201645,0.5362840151736554,0.4319485805764248,0.009915779020250782,0.0033564443676523817
266,0.0079935057471589,0.37719602963975507,0.606347639378489,0.00579789505624007,0.0026649301783569957
267,0.016436523820947017,0.5657501526496598,0.40118942321222734,0.014064417863578168,0.0025594824535876653
268,0.03267558622844337,0.6115155201687728,0.3410326077039227,0.01311008842121973,0.0016661974776414445
269,0.011667967893338302,0.602779167813846,0.3678449809131581,0.016035500396215045,0.0016723829834425347
270,0.014840496691693942,0.6787900446010213,0.2881540035889007,0.015135620650611003,0.003079834467773079
271,0.053947842781222693,0.6752398733196824,0.2488628318917081,0.019658777223403274,0.002290674783983421
272,0.01894164792686901,0.6868257069444822,0.27131271125112194,0.01809214257709804,0.004827791300428874
273,0.08227734645266316,0.6508569846018303,0.23371232317494436,0.029229230715938595,0.003924115054623586
274,0.02178754798263292,0.6063010910658945,0.3603101744157041,0.00952517125607009,0.002076015279698363
275,0.030043230285451198,0.5240392448063667,0.42483534087216523,0.014283535379444483,0.0067986486565722775
276,0.012785319499625462,0.31584976593577174,0.6569075048297645,0.009267361089413336,0.005190048645424974
277,0.027740501506350976,0.28406497241996775,0.6766953465097493,0.006681774763837298,0.004817404800094585
278,0.020533951274841408,0.22590934065750118,0.7469074816534456,0.004564439676593612,0.0020847867376181804
279,0.0005029652603178794,0.007993309350551502,0.9902093940815496,0.0004783266321664583,0.0008160046754145496
280,0.0025872832822263505,0.05912528011319205,0.933928199126862,0.001243829521551943,0.0031154079561676266
281,0.001831490387364624,0.07080779259501334,0.9257121310508717,0.0005891600820659601,0.0010594258846842975
282,0.005745743374905956,0.07275676217570144,0.9165748765991701,0.0008293219809323573,0.004093295869290153
283,0.006694747992258464,0.20828711565051616,0.7817016145620939,0.0011547210287480476,0.0021618007663834434
284,0.01026485692117163,0.6669057252177543,0.3170262588912659,0.0029593409299464753,0.002843818039861735
285,0.006223281882956097,0.520687390746228,0.46937401706237775,0.0023948967544423433,0.0013204135539958014
286,0.015116443133146293,0.5129824292920013,0.4624230558495176,0.004953418304465807,0.00452465342086903
287,0.01088724888716509,0.5890488936525563,0.3938554587331731,0.003036322936753762,0.0031720757903517015
288,0.013173107975388022,0.38730584196719303,0.5930758017289482,0.005025456314339102,0.0014197920141316657
289,0.018990776225560634,0.6845411426344105,0.285228909111864,0.005392225884254654,0.005846946143910363
290,0.006184825406562423,0.7096580181655531,0.27799255195145756,0.005159248107893066,0.0010053563685339087
291,0.0066884288324262145,0.5377899904085791,0.443947244518559,0.01049754363428064,0.0010767926061550253
292,0.0038717858007392995,0.5576450762733162,0.4298190616067402,0.006614722634127413,0.00204935368507696
293,0.023329083582113476,0.6912746380878155,0.2635767627245093,0.01927039096370464,0.002549124641857174
294,0.03936328168051736,0.7136638056603788,0.2210031283040161,0.022560174531608166,0.003409609823479526
295,0.043445847462407046,0.637754440453076,0.27145867013118646,0.045224980026348775,0.0021160619269816635
296,0.011559916850784393,0.55155102452319,0.3814414505108538,0.05339827846042351,0.0020493296547481827
297,0.010192304009734397,0.3550455918891689,0.6075167197607334,0.02496173995028031,0.0022836443900828857
298,0.009731471391085584,0.2095143315501084,0.7506633222895792,0.025652101604845063,0.0044387731643817565
299,0.019117522712413525,0.40514289418004884,0.5562861759750005,0.01617316737471834,0.0032802397578186077
300,0.004154653947347682,0.44674944189866167,0.54463131352823,0.002380617368313252,0.0020839732574472673
301,0.007183144588262164,0.4706686867568105,0.5191480559274716,0.0018957735897785321,0.001104339137677246
302,0.012691506883723313,0.6162022317671948,0.36472055592418623,0.004391194713233004,0.0019945107116625025
303,0.021573474610746893,0.5740578581763308,0.39604824057166366,0.006470943237586325,0.0018494834036722892
304,0.007350717651067693,0.42046138780639086,0.5678077491451066,0.003329757314650735,0.0010503880827840615
305,0.018044464751576235,0.4705935478196961,0.5014958097980508,0.007415634016036321,0.00245054361464065
306,0.007603077194614636,0.171051213859651,0.8120028072548336,0.006270408226866928,0.0030724934640336656
307,0.003540396199907009,0.06979658384055329,0.9198902074040837,0.002422619242006725,0.0043501933134493164
308,0.012616778558882666,0.19030900888627839,0.7906200686425572,0.003182225880275161,0.0032719180320066404
309,0.0046077295890540075,0.20491131425832096,0.7825305052574201,0.0018293964769615148,0.0061210544182434415
310,0.022000661270781804,0.5075340870982384,0.45532025226220757,0.005524852778964386,0.00962014658980787
311,0.010528944908538071,0.659560501318802,0.3222633884254066,0.0018514008497002338,0.005795764497553129
312,0.010285006678772293,0.6502762902408832,0.33170002717968444,0.002801408963438012,0.004937266937221961
313,0.11729838680930098,0.34360745344383054,0.03769921397039784,0.007013913199411382,0.4943810325770591
314,0.144255788521059,0.6712092241503126,0.06246042088260426,0.0063933036869614265,0.11568126275906271
315,0.05522169187328025,0.8932686191759801,0.02997962513710432,0.0043157891189702004,0.017214274694665074
316,0.1592438828631654,0.7938417151994528,0.01906245218105284,0.005600071083547821,0.0222518786727813
317,0.022017499497435224,0.9402070433895302,0.03270843168164868,0.0029586557583316025,0.002108369673054273
318,0.027631506972400747,0.9413297516482207,0.010657128702378942,0.00820604666207247,0.012175566014926946
319,0.010100465413696165,0.9618938593687409,0.022926172104118837,0.0041492564159857715,0.0009302466974581597
320,0.009699499191042526,0.8863246481150622,0.10018266748399178,0.0015032072820440692,0.0022899779278595274
321,0.04524665985828166,0.9151669890326289,0.02461413666828359,0.003988450153781674,0.010983764287024158
322,0.01882017799065452,0.9019051250099245,0.07432597157695092,0.002825433371521507,0.0021232920509485485
323,0.02376791002111681,0.8455903356286659,0.1251422293505562,0.0021360232813951684,0.003363501718265892
324,0.015145218753125906,0.8225331198224202,0.15375706115230903,0.0035749014946335404,0.004989698777511292
325,0.008773755944866667,0.8256097447902704,0.15864797352558513,0.004283025708782957,0.002685500030494791
326,0.018512003932689133,0.8178085865969329,0.15638929665973003,0.004930257075134706,0.0023598557355132333
327,0.010381955851547739,0.8382597242936523,0.14306117691930578,0.0029910034544259534,0.005306139481068526
328,0.01500093284760188,0.6926583963946518,0.2846979454407637,0.004001959004780114,0.0036407663122025305
329,0.037986057717128714,0.8132312490325223,0.13959010792155888,0.004251848002495516,0.004940737326294717
330,0.004846771991420626,0.8232638640782881,0.16809713329808904,0.0014428145293318053,0.002349416102870661
331,0.0030861097047245965,0.6049647857328555,0.38778204524854964,0.0030900552920951328,0.0010770040217751244
332,0.004067170046913221,0.6844488098925302,0.30571193654551543,0.004353752671711014,0.0014183308433301047
333,0.00902799452132371,0.6460764791475677,0.32276492724161737,0.017781760705497435,0.004348838383993732
334,0.01442221346341503,0.7368347834225941,0.1912646897213372,0.03966281942962976,0.017815493963023874
335,0.013190821299231652,0.7779683662210897,0.15285979176678186,0.04754461621453676,0.008436404498360138
336,0.00921999065417975,0.7539148828606578,0.1910136798398657,0.027109763953157045,0.0187416826921396
337,0.043479244282550844,0.791664398990676,0.043481176700648,0.07831343563030548,0.043061744395819834
338,0.04838034671814201,0.2971225084719485,0.005019837795328102,0.6098160979828398,0.039661209031741744
339,0.04395477521720729,0.06169276765902921,0.000881719295334428,0.8453226703076396,0.04814806752078929
340,0.06411580994130797,0.14506024103232396,0.0035509577191284196,0.7795292440899748,0.0077437472172647405
341,0.08557278799779397,0.08047406902477379,0.0017165763145061638,0.7850693161868292,0.047167250476096885
342,0.057181160238054814,0.05650829042022376,0.00046614182281755546,0.8770947500869944,0.008749657431909374
343,0.03332243494595409,0.030917344868952125,0.00038785864699579183,0.9178319248876171,0.01754043665048075
344,0.09009137781925221,0.037480889627232936,0.0026142865787312,0.7524712842476448,0.11734216172713882
345,0.06946870970463874,0.041384082485449766,0.001777834676287554,0.8247972125810646,0.06257216055255928
346,0.04412959001013624,0.034147008355108165,0.0035870154599889673,0.8946355543432781,0.023500831831488458
347,0.09954246841265851,0.08080130798712404,0.006309539418036211,0.77653879261749,0.03680789156469116
348,0.10771691921773412,0.05700894740286558,0.001933518397553763,0.7518592607311607,0.08148135425068583
349,0.1040362131073888,0.03740481101167787,0.0014005944245166204,0.6958270920224404,0.16133128943397623
350,0.285879685920681,0.1774490277221091,0.005538298893956397,0.394972426991419,0.13616056047183456
351,0.17128498765329966,0.11615059822104858,0.002204879449733583,0.46609804700483765,0.24426148767108063
352,0.07071813240852623,0.04750318708244009,0.0011220683268150244,0.7845980273710074,0.09605858481121124
353,0.062267676853635316,0.039051276604263926,0.001611828584005698,0.8528277415314175,0.04424147642667747
354,0.11934831693052798,0.05743584426239619,0.006890226122001812,0.6646917654387771,0.1516338472462971
355,0.11287743792615869,0.11999482805629606,0.008818210484350162,0.6234671781516328,0.13484234538156228
356,0.06246022240938054,0.07338359953743873,0.005193349298543722,0.7405636448433164,0.11839918391132061
357,0.08444753936163478,0.11149581920674977,0.007896387802097515,0.6870743966145983,0.10908585701491977
358,0.07394445934208378,0.026221503283116815,0.0008309030502274223,0.8906850857658734,0.00831804855869879
359,0.013727058944103365,0.009734448625999292,0.00041524813295680334,0.9564104742983401,0.019712769998600436
360,0.047804914511746115,0.020302029091793766,0.00023999283613527104,0.9129792361347471,0.018673827425577667
361,0.06322953620068437,0.018009548235524794,0.0002143407576420396,0.8901740172689857,0.028372557537162935
362,0.7453190297103665,0.062270846783422706,0.0031422185613293146,0.16011025471611195,0.02915765022876943
363,0.04775849485137778,0.04168343090923171,0.0019203062559537483,0.6779766381827745,0.2306611298006622
364,0.29693388658838316,0.2896307430010059,0.010564842037350185,0.21608528814781816,0.18678524022544257
365,0.23197435020166898,0.03126416126538138,0.0008836949792856763,0.11495111275159892,0.6209266808020651
366,0.12261235883520501,0.08944347264698307,0.003599161414080093,0.11678590698257683,0.6675591001211549
367,0.18099927221120918,0.3674219176701877,0.025744069792989564,0.07059129636924502,0.3552434439563685
368,0.17809760063297303,0.36174753415286875,0.0025829644452887543,0.1480130826084791,0.3095588181603904
369,0.30361651368662246,0.27614852784322114,0.005526546354642072,0.06049209221989593,0.35421631989561836
370,0.12386488568771026,0.5942430095987699,0.02569693216114487,0.05655695180135757,0.19963822075101734
371,0.047060770069115174,0.4217780525026615,0.01280064556654381,0.013411354845431964,0.5049491770162475
372,0.032339128261416064,0.8348894565499609,0.06158129191863916,0.011815047404835384,0.05937507586514829
373,0.1266727926258876,0.6600334156725685,0.0032792056388664063,0.1688212646949126,0.041193321367764865
374,0.0855394032953004,0.6556935473297897,0.006824891075854149,0.02419499957009185,0.227747158728964
375,0.06675636698634847,0.8210617322645318,0.00774397128973422,0.03561561933347019,0.06882231012591546
376,0.07770828836836265,0.8780161595084787,0.008040311216807284,0.02665907705507257,0.00957616385127907
