epoch,N1,N2,N3,R,W
0,0.0012184590813144294,0.000748248855706625,5.89374213348135e-06,4.172852916397013e-05,0.9979856697916815
1,0.001555172133843233,0.0011113484184466658,2.305889776741596e-05,6.28549112977099e-05,0.997247565638645
2,0.00149372917302856,0.000880958022454578,1.2437339663804663e-05,5.207036950320613e-05,0.9975608050953498
3,0.00043441627938431844,0.00023819423484400305,7.3089813388292805e-06,1.4737872991974545e-05,0.999305342631441
4,0.005373728701073639,0.0007507541301627203,4.187893378185524e-06,6.298711979121847e-05,0.9938083421555943
5,0.000978458453217122,0.0001804091414427729,8.833401607505386e-06,2.849139469334043e-05,0.9988038076090392
6,0.0011499305963443955,0.00022064479631650624,1.1056413048820486e-05,5.2620624529627924e-05,0.9985657475697607
7,0.09443112791906438,0.005114395936382898,2.075105246409354e-05,0.00018775561802304545,0.9002459694740654
8,0.028115869947493644,0.0011539523033845998,5.278086629097662e-06,0.0003791440694593918,0.9703457555930332
9,0.11475094450509497,0.003932553681914998,1.6659723057431065e-05,0.0009462530615276745,0.8803535890284049
10,0.005433203380316861,0.00013904343641812854,1.7296025094715136e-05,5.265619244205487e-05,0.9943578009657282
11,0.005169492649326527,0.0003018167622751261,1.2581646264029007e-05,0.000154399572842073,0.9943617093692922
12,0.024157888634750154,0.002993219790999395,6.00967268002878e-06,0.00020153019265116358,0.9726413517089192
13,0.6822501504915697,0.010454101931012177,1.941568076473759e-05,0.0008696239785369629,0.3064067079181164
14,0.3670786936079641,0.100485894942126,0.00021109926532158463,0.006033872439179242,0.5261904397454091
15,0.20653947393246636,0.2411739866227658,0.00018616774134023578,0.009513069592228926,0.5425873021111987
16,0.32906148613316444,0.29115497345671565,0.00029231648197271265,0.06134909701789244,0.3181421269102546
17,0.22151420183560716,0.649342991127226,0.002722141292787962,0.01461592068026779,0.11180474506411107
18,0.13272571984670511,0.7419679906250142,0.0026476861739317616,0.006914667231733111,0.11574393612261583
19,0.04719197229096028,0.8683809358074436,0.03494689586946055,0.003550012489006481,0.04593018354312916
20,0.071318731906674,0.851154040841465,0.0048258604937416955,0.006606098288176929,0.06609526846994254
21,0.030950370561068793,0.8369429245674991,0.059874152877850036,0.0027895643260050992,0.06944298766757694
22,0.06557064743612902,0.18312625949950484,0.05252004288672424,0.00157842931494343,0.6972046208626984
23,0.1374518304540319,0.18265851442728717,0.013866739086564692,0.0018326962852541178,0.6641902197468621
24,0.10770475895222525,0.7077705289953427,0.025877134651803392,0.0030245178806251184,0.15562305952000346
25,0.1462404804593425,0.7400304673379986,0.009275212425979548,0.0009215941227784932,0.10353224565390086
26,0.16854146488260405,0.7731663251962807,0.004888119904541826,0.004001821013200224,0.049402269003373155
27,0.03851208124014354,0.911606552420208,0.03604317005568288,0.0009797523164349492,0.012858443967530778
28,0.011853209346495676,0.9063042619336988,0.06612494347124395,0.0006016808613731896,0.015115904387188435
29,0.0157395926433215,0.8379798385899419,0.13532239906038354,0.00058186945111606,0.01037630025523706
30,0.00801236639936938,0.8163540629612167,0.16847159356379046,0.00025489302992762447,0.006907084045695736
31,0.013241266561507956,0.6445251893936035,0.31638098148144356,0.0005776352518580565,0.025274927311587016
32,0.012534423433726625,0.7595425963044388,0.21711118438847826,0.0002409410403512343,0.01057085483300518
33,0.01326225569922646,0.7984445058608306,0.17444617166183107,0.000699701949488795,0.013147364828622993
34,0.014400316499165476,0.6158009835444537,0.3554813867325992,0.0003813649066480149,0.013935948317133611
35,0.01059245990383862,0.5234767612807779,0.4531057329992462,0.00030108424159195653,0.012523961574545352
36,0.0074908850949972315,0.49608869838028863,0.48249509694891796,0.0001532229857298981,0.013772096590066101
37,0.00682120266099539,0.2450983007328994,0.7375873593755072,0.00016538801522390255,0.010327749215373895
38,0.003272618649668428,0.215546693253681,0.768120258054529,0.0002446976360525513,0.012815732406069003
39,0.0029668307313585173,0.28712361377347845,0.7012380911707589,0.0001654008621324817,0.008506063462271663
40,0.0012965199871384663,0.1270943882432206,0.8663385302842435,0.00011693958482891835,0.005153621900568371
41,0.002486338077535976,0.11019382740472942,0.8818979380586935,9.76304418396364e-05,0.005324266017201559
42,0.0006763353483073157,0.115467540193112,0.8804226274153865,4.821034841992031e-05,0.003385286694774278
43,0.000829120139260694,0.09109664301989297,0.9056049980170943,3.153690798550175e-05,0.0024377019157666986
44,0.00048229161663433846,0.07164461818489606,0.9256445410324564,2.2067257453334334e-05,0.002206481908559779
45,0.0007564367669353206,0.07648815756983082,0.9206196462941943,2.378160288722194e-05,0.002111977766152174
46,0.0004841796807788697,0.06972732014342929,0.9278137781601576,1.8880392091199463e-05,0.001955841623543011
47,0.0004933937238957215,0.055574782399191544,0.9424471590416823,1.0024775073583627e-05,0.0014746400601568469
48,0.0009876238658618442,0.11028604502627957,0.885025750496738,3.058147602150548e-05,0.003669999135098935
49,0.001122457259028616,0.16074785897996022,0.834097412403128,5.377204068488059e-05,0.003978499317198392
50,0.0005354604860561672,0.05608479641641802,0.9414375612117222,2.505165562609637e-05,0.001917130230177353
51,0.0007454695176624109,0.12599527907493596,0.870144670473347,4.7581384055574e-05,0.0030669995499990155
52,0.0009303349978956628,0.1882796342561135,0.8070125537476999,4.7366481914731747e-05,0.003730110516376166
53,0.0008532930713231334,0.0806934829288644,0.9149943074729203,3.734140076519293e-05,0.003421575126127101
54,0.0005782133193376542,0.08219532842294233,0.9151202894932965,3.03831340105479e-05,0.002075785630412843
55,0.0005262255125897887,0.07495708653624876,0.9225989686394426,3.0185673792615726e-05,0.0018875336379263448
56,0.0004313333030495746,0.08823158263078684,0.9092804455800648,2.650797481278144e-05,0.002030130511286111
57,0.000581481340880241,0.0749507265136516,0.9225167507592454,2.0316000461864637e-05,0.0019307253857608433
58,0.0002991800153363658,0.04783490619008441,0.9506773153064234,7.4437515162341695e-06,0.0011811547366395504
59,0.0006930926363706994,0.08977359486050021,0.9053911102521373,2.2996466634355456e-05,0.004119205784357383
60,0.0003743422342225776,0.06623127692886298,0.9315764305080917,1.3253345419448905e-05,0.0018046969834033793
61,0.0002851945202648561,0.06209078674185747,0.9356330209570555,1.646824978846471e-05,0.0019745295310338103
62,0.00018659300345442892,0.05689687961197938,0.9414215139928852,5.737926992141641e-06,0.0014892754646889973
63,0.00032533475816450057,0.05441586225333607,0.9433256329601719,6.4788906806068525e-06,0.0019266911376469057
64,0.00017709021228374793,0.0452248519144827,0.9527124366303961,9.211019679581944e-06,0.0018764102231581064
65,0.0002328827707325258,0.04350389867080097,0.9548452545742514,1.051336676238324e-05,0.0014074506174526003
66,0.000488593467718583,0.08217391705518601,0.9137590740166205,6.352720856475325e-05,0.0035148882519101137
67,0.00019804824259929928,0.03389658319192544,0.9644803923588127,1.6969268691237906e-05,0.0014080069379713593
68,0.0003189399094707316,0.05080460950968802,0.9469312326378311,1.8240163047652448e-05,0.001926977779962648
69,0.0003164487422294124,0.05061073316480383,0.9465989501622515,1.4514768442553588e-05,0.00245935316227273
70,0.0002765357273438888,0.054100889422209066,0.9441229498582073,1.884927162238934e-05,0.0014807757206173314
71,0.0005217172741631371,0.0665816931488061,0.9312099345368948,3.4898174324265645e-05,0.0016517568658115137
72,0.000543940257471792,0.057474969387292275,0.9390301665664734,3.0848748723289483e-05,0.0029200750400393202
73,0.00031282621183796974,0.07998508541700114,0.9179672106028112,3.1554902938863506e-05,0.0017033228654109462
74,0.0005446122760943084,0.058895337147635306,0.9388612071477755,2.1713544363755987e-05,0.0016771298841311345
75,0.0002782925251920525,0.03007585214640555,0.968467721130773,1.225959505567048e-05,0.0011658746025738338
76,0.0002137683008247985,0.03878641461580028,0.959754593251546,1.4796492843508785e-05,0.0012304273389853531
77,0.00033005576864281514,0.0407392030654892,0.9578077826764343,2.4538755670588862e-05,0.0010984197337632164
78,0.00037893408439027026,0.05418741901093537,0.9434929455640205,2.741304414799662e-05,0.001913288296506053
79,0.00022519809420732865,0.044504805408957245,0.95408615612943,1.594569265273088e-05,0.001167894674752693
80,0.00020992187335691127,0.0464896469552268,0.9522059154284006,1.810687365063267e-05,0.0010764088693651303
81,0.00023520079580254558,0.05740316396565325,0.9406182915020265,3.116138262475765e-05,0.0017121823538927986
82,0.0001359132980339799,0.041520697591793075,0.9574640259262498,1.530521892765028e-05,0.0008640579649954617
83,0.0002202185581507923,0.04136219373687974,0.9572082414033696,2.4342394531876287e-05,0.001185003907068101
84,0.0002376237701474262,0.03834258977951402,0.9600329206706929,1.5054724184236492e-05,0.0013718110554615034
85,0.00029290026122521194,0.04299578147880289,0.9549953517799261,3.3007558063169675e-05,0.0016829589219824832
86,0.0007347729757702404,0.03700342853791327,0.9582975307455096,5.9095801032753457e-05,0.0039051719397741815
87,0.001519616880175549,0.054010318536749605,0.9379545028075778,0.0001521403750117576,0.006363421400485482
88,0.002822586460945531,0.06658904366114797,0.9186364754154466,0.00038614034974165034,0.011565754112718384
89,0.003809557575812903,0.08589658821397761,0.8815251425748735,0.0005592069023657972,0.028209504732970375
90,0.023676322753648983,0.02078089166362027,0.0005324142672898227,0.000827987729354275,0.9541823835860866
91,0.002733315777159209,0.002318575013664662,1.280950889808817e-05,0.0013182001555337361,0.9936170995447443
92,0.004876743947032223,0.0025549442025670646,3.434149747016909e-05,0.00037868895707108847,0.9921552813958595
93,0.043913063662037524,0.004338686240093349,1.5778635487964186e-05,0.00036532465997028533,0.9513671468024109
94,0.07538469466122293,0.003338540257011639,1.9872498046717812e-05,0.00042943325638904124,0.9208274593273298
95,0.20881789205790177,0.008704540854801187,3.108751623544206e-05,0.001405122589181086,0.7810413569818804
96,0.7946046960536668,0.06730669476389622,8.098462653197086e-05,0.008293509628049305,0.12971411492785578
97,0.6207572506783442,0.2920623160493402,0.00012497437914588957,0.033364095373033385,0.053691363520136294
98,0.5696952296007912,0.17205703906958367,8.391575562262769e-05,0.18905004644884543,0.0691137691251571
99,0.25129972026264125,0.5169216201196238,0.0003931175126225622,0.1856934582456119,0.045692083859500465
100,0.20648467953269667,0.5403084469118941,0.00024328811122041152,0.21437150347806627,0.03859208196612245
101,0.3664995698846859,0.28809246145257433,0.0001915128330735415,0.29423583244522866,0.05098062338443759
102,0.10106484390563211,0.809885220875762,0.007654404679570633,0.06106813845171906,0.020327392087315946
103,0.18439808291337403,0.6423630158713747,0.00532486931408543,0.138970447095301,0.02894358480586488
104,0.054443911557626734,0.8355532614479778,0.022640554603450398,0.07392805573724841,0.013434216653696717
105,0.03864461812222183,0.7611877760030215,0.0032190106262072575,0.18749909040231552,0.009449504846234018
106,0.11169253959743715,0.08952110865254297,0.00022560224319369653,0.2520019419759281,0.546558807530898
107,0.19799379816644055,0.6861494176491484,0.009398237975439365,0.08518485170126355,0.021273694507708194
108,0.12166066038992358,0.8257412034928752,0.016254570341797187,0.010888979856548558,0.025454585918855518
109,0.2813336123345867,0.6422484692838475,0.012426674223776774,0.0067832336583031555,0.05720801049948597
110,0.2989858974571242,0.6215123107594154,0.007899623120245235,0.015590093679323425,0.056012074983891776
111,0.12847390011867546,0.8418922025241898,0.007603425967473774,0.00985692797120036,0.012173543418460676
112,0.06495137851632672,0.911055160620995,0.014743999945741883,0.004135912452421149,0.005113548464515073
113,0.023860200401912963,0.888398620724522,0.07541254963006101,0.0023745880604936777,0.009954041183010418
114,0.18023075726083035,0.7558785808692515,0.011476698477717819,0.015012867474679824,0.037401095917520236
115,0.09161315913487807,0.8173180125153651,0.07072100956460046,0.009632302233975334,0.010715516551180974
116,0.18677846977261636,0.7688206035881552,0.0028494675704166667,0.031406086168995165,0.01014537289981635
117,0.06506811692486802,0.8499212410967641,0.07222410534945355,0.00684891046719746,0.0059376261617168505
118,0.05784943398920768,0.9026651596153624,0.02288130941347821,0.00558472996968022,0.011019367012271472
119,0.1156964302181693,0.8619152994696297,0.006543802736234757,0.004800044622883773,0.01104442295308222
120,0.10263377736333804,0.8668221175852997,0.017137494124637886,0.004857512632985103,0.008549098293739173
121,0.14650408377446997,0.8308036536254462,0.007089535754654762,0.006890954678988352,0.008711772166440701
122,0.07727166263923727,0.9077902260195154,0.003650514567596998,0.0019246108174439916,0.00936298595620639
123,0.05780994632322757,0.8773935680430455,0.05766552372867341,0.002167193102740394,0.004963768802313232
124,0.02653639469798728,0.9554825271654337,0.013024832255545175,0.0011410458161150907,0.0038152000649187257
125,0.02268311267615086,0.9291889435040049,0.03540872168049827,0.0016838502316795182,0.011035371907666396
126,0.03069591136016837,0.797949469065253,0.12844602873534725,0.002319977339976926,0.040588613499254446
127,0.061540576985471565,0.7872166365337936,0.10597904930921355,0.002587732202609369,0.04267600496891183
128,0.07302806702095412,0.8566655241785334,0.02107634764847063,0.005710375127080897,0.04351968602496084
129,0.07663438953661374,0.871046926514228,0.033049031059937214,0.004695307944486654,0.01457434494473436
130,0.1277904755456975,0.14875930684516964,0.005859733583334116,0.0061513954109291575,0.7114390886148696
131,0.3935537117670751,0.5412073756252125,0.007861637524193431,0.02075621707676939,0.03662105800674964
132,0.1029135770373508,0.8525631053816284,0.028536756837175735,0.006102665571789065,0.009883895172056031
133,0.06541600038104299,0.8404162550739745,0.06375469213940312,0.006491150279828576,0.02392190212575067
134,0.058916671724463104,0.864488732544761,0.019243950555576865,0.01583135761597296,0.04151928755922599
135,0.03515183373955047,0.856648416741178,0.045595649140489226,0.011081664617126896,0.05152243576165549
136,0.03767889140111146,0.8831715594063522,0.031877273955066884,0.006021661184020116,0.041250614053449576
137,0.0036223622674640583,0.006093970429610977,0.00045237641342770683,0.0004962133419772588,0.98933507754752
138,0.004321039913203394,0.0012168316151860358,6.325598267651789e-06,0.0009799895581419492,0.993475813315201
139,0.014156154618371108,0.0015564047189901798,1.057496797159239e-05,0.0009688639666972562,0.98330800172797
140,0.013841340280684712,0.0026756686907002535,4.998731921639924e-05,0.0005245749532176211,0.982908428756181
141,0.18595623250826906,0.031055206910549707,8.038245157846011e-05,0.005840734402567288,0.7770674437270354
142,0.2766746044595127,0.4247175761893637,0.00025326535556164737,0.013211026161433237,0.2851435278341287
143,0.05025291565814502,0.01987471918820595,0.00013073429524935066,0.007593191603289318,0.9221484392551104
144,0.018032744427860892,0.006898665462792553,1.4943642545869897e-05,0.0069117934433055,0.9681418530234951
145,0.09034815180958602,0.020936052491113296,3.726518491330286e-05,0.010677569458386734,0.8780009610560007
146,0.013413025907546516,0.001970583557999198,6.348762908795948e-05,0.0011455802617091582,0.983407322643657
147,0.1877271610548571,0.01635232278929759,0.0001684329912665253,0.010285787234192276,0.7854662959303865
148,0.4820425262985748,0.29451713004401414,0.00027546407966039493,0.03358993521847682,0.18957494435927377
149,0.29512734494587484,0.22580833504310657,0.0016234871190470835,0.03952380779488136,0.4379170250970902
150,0.20862516738793388,0.6043070953774726,0.001899371865454484,0.06971265738009502,0.11545570798904399
151,0.07219855803908991,0.04075014288485267,0.001455198526001116,0.02230975313181991,0.8632863474182363
152,0.2004521327379938,0.2122436386895275,0.0006097501804984345,0.05708551809847214,0.5296089602935081
153,0.01512072200104761,0.0068533739955732795,0.0003113995783188716,0.006524805000032896,0.9711896994250273
154,0.005701950635583631,0.003876490236982295,0.00019746806591817133,0.0016136943838434873,0.9886103966776725
155,0.007393295301626405,0.001565572907037951,2.8641522010298576e-05,0.0016304271633040528,0.9893820631060214
156,0.17452389671797142,0.007987587688251202,2.321334583875705e-05,0.0035530573754168735,0.8139122448725218
157,0.012843717138532376,0.0046765405752906926,0.00011529965003177731,0.0019145132617801324,0.9804499293743649
158,0.20887714423972228,0.023550940331518343,8.741068253812726e-05,0.018132346369584506,0.7493521583766367
159,0.01954912572869078,0.0037565104002521203,2.2055639894196114e-05,0.005761597150911713,0.9709107110802512
160,0.006321698811367358,0.0012966097015509543,1.279771339743298e-05,0.0018712046725377998,0.9904976891011466
161,0.6186777684996643,0.040076178273997905,6.406851114462382e-05,0.03139426143920596,0.3097877232759873
162,0.34654643995900497,0.2770646450984083,0.01256814021013757,0.03424225203249005,0.3295785226999592
163,0.4381368211542834,0.06948937869006999,0.0002472073144247498,0.0695566545579972,0.4225699382832247
164,0.4776056819298394,0.2417159000825015,0.0010508214259466037,0.11402003039301878,0.16560756616869365
165,0.0758086013780252,0.032749611950902875,0.00016378817827566398,0.02457210911561221,0.8667058893771842
166,0.6045535074872551,0.3131655521062012,0.0011637828525822272,0.030589139492475836,0.0505280180614857
167,0.27877681474015736,0.636914143430291,0.0032753724823176046,0.042024599150777935,0.03900907019645626
168,0.4780318561158069,0.31039570626106355,0.0005654659828373483,0.11173607830480288,0.09927089333548922
169,0.12053719487414793,0.7601606668685651,0.016159402016250542,0.08812993957872979,0.015012796662306689
170,0.0965766968666311,0.8010979234201961,0.014706124083557311,0.07613311626256458,0.011486139367050794
171,0.04874786242948714,0.9100274141121434,0.004120415149841544,0.02767808177431886,0.009426226534209107
172,0.25970157945699257,0.5800778922757924,0.0030503037388028872,0.13259679627226134,0.024573428256150814
173,0.06155106929959796,0.8875309700334773,0.006176505000989251,0.04021897730065063,0.004522478365284761
174,0.033049835714553534,0.932445665273719,0.024828396793418743,0.006494259836854147,0.0031818423814546468
175,0.06159279237202412,0.9218110542234815,0.002745640179309016,0.006735312215154149,0.007115201010031164
176,0.029662663379345634,0.9531328023025415,0.007821754264314635,0.006267470692237973,0.0031153093615602697
177,0.012742159447107061,0.9373821069644924,0.045216500491885595,0.0012448626604285285,0.0034143704360863917
178,0.05348657049873984,0.9241681803900065,0.012897336301397897,0.0025951690333125737,0.006852743776543261
179,0.01065613661730903,0.9780036248106946,0.0034617745363931815,0.0026283681390198987,0.005250095896583185
180,0.06631608366588335,0.7429331480517138,0.016635345247591596,0.0019884587707007413,0.1721269642641104
181,0.3640270454835695,0.39857289217132136,0.0004671814831592855,0.012986701510878164,0.22394617935107178
182,0.08689072171215084,0.8658555756756897,0.0030767085798040533,0.007963723168041618,0.03621327086431385
183,0.04655915335781394,0.9283311921192358,0.0027867817762381513,0.005335589087984801,0.01698728365872753
184,0.18055836611563564,0.10864373193453948,0.0007553721344282821,0.021101335494617155,0.6889411943207795
185,0.0647473460482852,0.04214790579788688,0.00010549376746819028,0.019103238485191874,0.8738960159011678
186,0.6868516214303889,0.14820436583027458,8.900797619965251e-05,0.036267563854496386,0.12858744090864035
187,0.2920502769639612,0.6553683202161741,0.0019445524565636777,0.008483086017103549,0.04215376434619743
188,0.04569584818359603,0.9110486535333667,0.002884516339316828,0.021525299164950735,0.018845682778769614
189,0.26732112348903336,0.050932014938532714,0.0005891114871554036,0.07296552223165173,0.6081922278536267
190,0.20391909384622384,0.6259695842045587,0.001752369944564773,0.1382347081962703,0.030124243808382363
191,0.06140862331053867,0.892907313827728,0.00911303157183084,0.020905106881369706,0.015665924408532785
192,0.025484623106968765,0.9492916648388503,0.0036196393538634095,0.013768261592577151,0.007835811107740337
193,0.08382990241111742,0.045588643789216204,0.00048102303437939204,0.019089461421013657,0.8510109693442733
194,0.34185919320790487,0.26035761099153093,0.0005246795395376286,0.05881866545871959,0.3384398508023069
195,0.29233239776685616,0.5710614510450205,0.0023909634098524986,0.013277205976813113,0.12093798180145772
196,0.5055212552431086,0.46846202917114443,0.002321683997256618,0.009324323506480953,0.014370708082009237
197,0.09637947014059768,0.8837310893019827,0.008291358624876398,0.006157815353633748,0.005440266578909458
198,0.11121401787421863,0.8352925712900436,0.03636387893408254,0.007786389460664684,0.009343142440990503
199,0.008081237602013635,0.8943724025100437,0.09371970825440354,0.0015470255987218167,0.002279626034817427
200,0.16707931507752716,0.8071356489429373,0.002046913994203847,0.00787013863687315,0.015867983348458306
201,0.03351326456454968,0.823324185585371,0.13386019505475166,0.0021885724941746545,0.007113782301152754
202,0.025269757617208906,0.7478181771772092,0.2174964331561993,0.0018879130621253766,0.007527718987257016
203,0.049525758344899744,0.9378050687040033,0.005800442451087756,0.0024331602343136104,0.0044355702656956155
204,0.026532177690466865,0.9163886107673584,0.05007063136920697,0.0016167879373150836,0.005391792235652777
205,0.030581559776642644,0.7342720422270255,0.22095143610153603,0.002118381815215489,0.012076580079580481
206,0.025825232789041443,0.930951970789407,0.03415700060328674,0.002130792167108283,0.00693500365115663
207,0.037969770343541584,0.7794648690701786,0.13876667345094962,0.002914277206527072,0.04088440992880307
208,0.02840771959612144,0.8382368043085209,0.12038691320635383,0.0024161847323800737,0.01055237815662379
209,0.03399958352064015,0.9398814153504169,0.009489877326046097,0.002440591392645985,0.01418853241025068
210,0.09345134748720371,0.887201274464048,0.005350444354046113,0.007203705873582957,0.006793227821119267
211,0.07213353590921286,0.8861137764224595,0.02148510323980096,0.005234365449584526,0.015033218978942416
212,0.06777655923290553,0.8622978628322445,0.04431690473417969,0.009030673830039982,0.016577999370630363
213,0.05702777691927198,0.8672167709081886,0.013448266318855677,0.04687684936052867,0.01543033649315505
214,0.1065203941908583,0.6830532759595086,0.025230513916291917,0.11064500397950364,0.07455081195383767
215,0.18060615563034227,0.3806081265187087,0.0010589433526756583,0.19699884953669108,0.2407279249615822
216,0.13765903817194955,0.5014317987773822,0.000657909643633976,0.2663557689178358,0.09389548448919847
217,0.12804106581610206,0.1234143090858257,0.00016392628205027376,0.7256443386993798,0.022736360116642
218,0.17988104691998294,0.43893267401756547,0.0005659717716960239,0.31699654043196895,0.06362376685878664
219,0.09918721820530305,0.3309812506107923,0.001008330138728498,0.5255172948727672,0.043305906172408884
220,0.03551317709693891,0.26051819485993494,0.0016893338985336666,0.6763580299685057,0.025921264176086735
221,0.032656515030419137,0.05340787370845051,0.00011533189402084188,0.8938768511098762,0.01994342825723318
222,0.0452580110443185,0.03277170626122488,8.464889720597489e-05,0.8304582098558531,0.09142742394139747
223,0.08662666668287407,0.05781341062580412,6.936129528004202e-05,0.8102370378854067,0.04525352351063492
224,0.2568673254019913,0.08615219586161604,0.00015594815362265533,0.5626468418677436,0.09417768871502626
225,0.320198041079427,0.07509450438984774,0.00015727375209725113,0.5416626519186659,0.06288752885996211
226,0.08108957659670989,0.02872226673329593,4.678401777454295e-05,0.8640745247991238,0.026066847853095744
227,0.07008581523655164,0.019414904686367963,4.966933569882283e-05,0.8647224818837896,0.04572712885759194
228,0.04863511127615828,0.029268754047096297,2.1520458576280346e-05,0.899842720773568,0.02223189344460107
229,0.0670836033969173,0.043944227759708486,0.00037156951513706433,0.6257343328444174,0.2628662664838197
230,0.05828108070295034,0.04652363885496107,0.0001290518814470211,0.4658720253384794,0.4291942032221623
231,0.10862211747185493,0.057826079300973235,3.784251694300722e-05,0.6991483276438756,0.13436563306635338
232,0.19470599835448993,0.026307722485556403,3.529399377382708e-05,0.6410405556353101,0.13791042953086974
233,0.24180999859814506,0.02598834844396609,4.519525805997628e-05,0.6058005306240888,0.12635592707574012
234,0.15341608696261416,0.05873465453467082,9.584327075172124e-05,0.7362573333739265,0.05149608185803676
235,0.06810272364801824,0.013088354343910745,1.8831591107444455e-05,0.8907306057055027,0.02805948471146078
236,0.05610300963454545,0.016836392063268726,2.8346655561176117e-05,0.7982364489454115,0.1287958027012133
237,0.03904005944270774,0.016925037171393854,1.0651759740509087e-05,0.9050575862288215,0.03896666539733645
238,0.06092345705661629,0.016566828497407454,6.942320066819935e-06,0.8902438506853023,0.03225892144060698
239,0.10662092621245622,0.016729115422293998,8.894174963155554e-06,0.7999293845205223,0.07671167966976435
240,0.04976904163495478,0.040399781122511885,9.738718188573771e-05,0.7779641800729267,0.13176960998772097
241,0.08100008681136875,0.029020074533676127,3.4213594925651304e-05,0.8612182183467054,0.028727406713324143
242,0.13130978097883744,0.032109259754923306,9.18102960246469e-05,0.7303840412517419,0.10610510771847263
243,0.03931608125766363,0.025979696625878262,0.00010799030376704376,0.5029357769853684,0.43166045482732257
244,0.13660583290822764,0.017285031236523384,4.7423827870286325e-05,0.6670899377686558,0.1789717742587229
245,0.06000496874561501,0.019308933577420476,3.205994690369387e-05,0.8853040689767264,0.03534996875333431
246,0.11624601408360052,0.016915488675672465,1.4574929575557117e-05,0.7808994491881807,0.08592447312297079
247,0.077737150856632,0.00810820698022328,1.6925331365075944e-05,0.8425820684311744,0.07155564840060524
248,0.03881963258894926,0.008039004740837212,1.3890429763401311e-05,0.8998218249686981,0.05330564727175196
249,0.0250221561948345,0.006967422106616838,7.530639276460407e-05,0.30671484138976457,0.6612202739160196
250,0.11922831535828143,0.008564189647871917,4.04094933752744e-05,0.5324382912086966,0.33972879429177477
251,0.13629761405222246,0.017742630992012655,2.4122191956141534e-05,0.6370770818975607,0.20885855086624802
252,0.19719171036298636,0.011165956449321973,4.655885022255383e-05,0.639080554611557,0.15251521972591217
253,0.056261581267110464,0.019838012661653255,3.991579452728299e-05,0.8864595866863003,0.03740090359040864
254,0.046492650023627576,0.012274081634093116,1.6903690154348666e-05,0.8723182802871319,0.06889808436499323
255,0.026314689713810985,0.015260774731704225,5.843362972105362e-05,0.8866804671902415,0.07168563473452212
256,0.0292899413076665,0.009318829856325444,1.0124754096340864e-05,0.9431660741347836,0.01821502994712809
257,0.016121109212303888,0.009567605378475475,7.26030623315372e-05,0.8958141937350536,0.07842448861183558
258,0.02820256106393636,0.0070114504423091665,2.721162205662766e-05,0.9370600985797116,0.027698678291986377
259,0.037557600078055906,0.006333740641887692,3.278548751471679e-05,0.9003918036562844,0.05568407013625744
260,0.04164184126708027,0.010626668270182065,2.2632217027637147e-05,0.9221504656754413,0.02555839257026869
261,0.05417049340944963,0.013952412439693525,1.2643598749078305e-05,0.8928541745892032,0.039010275962904746
262,0.07339529649196082,0.01197667775141273,6.009169932523272e-05,0.8754405021892158,0.039127431868085524
263,0.062245845198972874,0.01541257281855592,4.177289632957365e-05,0.8992901325180108,0.023009676568130775
264,0.03652393954615149,0.007059127069284999,3.331889625929864e-05,0.9420241380999692,0.014359476388334935
265,0.01691284684708542,0.0063821602418180435,1.3671074786710558e-05,0.9714601540172902,0.0052311678190195806
266,0.011570478537011831,0.004447612233393481,1.17736049155836e-05,0.9751603214537703,0.008809814170908946
267,0.016034730699391715,0.020485857489516278,2.047980395483557e-05,0.9542874948202575,0.009171437186879619
268,0.029447914240843677,0.06373087191571247,0.00011393581408514566,0.888158828626398,0.018548449402960715
269,0.01447138993730986,0.011518798637041054,2.8622692574871935e-05,0.9674678434746528,0.006513345258421432
270,0.022238785946671554,0.017017256587831243,2.287228802240593e-05,0.9163250806474256,0.044396004530049216
271,0.019534343840866927,0.02099208017441765,3.73475594854536e-05,0.9457999296567825,0.013636298768447486
272,0.05870986639786915,0.026135805870905752,5.002427347206558e-05,0.8009133981058904,0.11419090535186267
273,0.06286969886408293,0.026280147334470018,4.6547598257042776e-05,0.8784734614326051,0.03233014477058495
274,0.08862908878709799,0.04189593421701399,9.76002694665245e-05,0.7273587588543781,0.14201861787204337
275,0.14375527083091114,0.02780453314948416,4.377042808377449e-05,0.7147421464032968,0.11365427918822406
276,0.10520747564846128,0.04687206236686315,4.8022892988387366e-05,0.7587795326600145,0.0890929064316727
277,0.19507148224747528,0.04100544510404104,5.904201290656165e-05,0.6982887193992947,0.06557531123628242
278,0.21126792531198427,0.09619862813584555,0.000157121172951844,0.6340373854725242,0.058338939906694136
279,0.21089054331189902,0.08030394889753939,4.8922847745429984e-05,0.6426801981852905,0.06607638675752557
280,0.14578594202148437,0.2448305382295043,0.0006595060258786766,0.5670016065185373,0.04172240720459545
281,0.09727979271870738,0.18196538308088236,0.00023188327211117103,0.7075274703254695,0.012995470602829658
282,0.06957778273031952,0.4558697154371355,0.0006598898605884377,0.45534096539718655,0.01855164657476981
283,0.04811687034322704,0.5457479560592778,0.0016622308129295555,0.37668181521504795,0.027791127569517494
284,0.03616366426684552,0.7201323727898506,0.0013607284319889902,0.2227394893421577,0.01960374516915708
285,0.03797122881084547,0.789851743679943,0.001668348899349618,0.15527593146820703,0.015232747141654686
286,0.0384648128277365,0.8779225141335663,0.0014674768149745875,0.06721027494164346,0.01493492128207922
287,0.057155737941079345,0.828155270145708,0.0034485382279096518,0.0980641406306898,0.013176313054613255
288,0.0641091253733148,0.851555478710082,0.002564703287400407,0.07356267523179282,0.008208017397409935
289,0.12148542035942876,0.8151783727382771,0.0007404577170892693,0.05254277087379511,0.010052978311409526
290,0.014503887515182237,0.9590740626741006,0.014531917286213683,0.005901698003889891,0.0059884345206136546
291,0.015121464192944694,0.9714754487441313,0.005277344847176075,0.0056304008841052515,0.0024953413316424083
292,0.02817582505208011,0.9613067991659701,0.00048013081237499204,0.0072700384338388055,0.0027672065357360765
293,0.013653030386864835,0.9722617157442659,0.006418488351790998,0.004769968621501348,0.0028967968955767786
294,0.02010933431744563,0.9479076384689235,0.01889090509764359,0.007337625565346347,0.005754496550641265
295,0.036162128711905654,0.9418688634374554,0.009672304209133977,0.004878704087441587,0.007417999554063353
296,0.03766261692326346,0.9509420363941626,0.001788961840673387,0.005032580309882911,0.004573804532017464
297,0.021823948213619798,0.9155400557156333,0.054234611388897645,0.003491256979468451,0.004910127702380843
298,0.01583121400872203,0.9693552307359022,0.0050282568662930556,0.005324660703438572,0.004460637685643964
299,0.012840856459625263,0.969143234980402,0.01184601349295861,0.001789841631307998,0.0043800534357062
300,0.005400872540378425,0.9082238897209708,0.08184540294256099,0.0012749230744395611,0.0032549117216502427
301,0.0041899216682977644,0.9608787558393835,0.03170389142435428,0.0007295082831384254,0.002497922784825956
302,0.0031392079106145956,0.8913541887079153,0.10304112319789749,0.0006091081105510538,0.0018563720730217427
303,0.008471754044246965,0.8921314605473245,0.09127205620945858,0.0012013596470075065,0.006923369551962434
304,0.01010196988753402,0.8370674413938748,0.14876391358039037,0.00048050006300565703,0.0035861750751951184
305,0.013071992416025089,0.6932987208908072,0.28704237250043174,0.0004368205312521718,0.006150093661483776
306,0.005202382503530518,0.2494993250681678,0.731094385684763,0.0006423232267211554,0.013561583516817593
307,0.010026690432590014,0.6007780911197138,0.35947836319829085,0.0012298613138740182,0.02848699393553144
308,0.006631589753857688,0.2357838187109846,0.6974770270008006,0.005067661328803765,0.05503990320555336
309,0.011827438552401887,0.1706994358410456,0.6156347424942461,0.004481433380323028,0.19735694973198345
310,0.002966218534353432,0.014869900772673748,0.001750107821171751,0.0005113013419227115,0.9799024715298783
311,0.0006569477184520157,0.00048146909545788194,1.5107408277944828e-05,0.0004115577180376047,0.9984349180597747
312,0.0005457424612789718,0.0003604586263870733,1.0089132542729819e-05,0.0005032755551675469,0.9985804342246237
313,0.0022153083622108443,0.0006923874234677056,9.750549040395542e-06,0.0002540672715153969,0.9968284863937656
314,0.0027740120646637923,0.0006932515063717934,2.2867896579333687e-05,0.00030969529790766763,0.9962001732344774
315,0.010145252863635913,0.003260490980523379,0.0006500568919685302,0.0016340919333852502,0.984310107330487
316,0.00321275109266831,0.0020197498673268505,0.00012474906531142945,0.0013086635975220128,0.9933340863771715
317,0.005949329520714015,0.0028585118165944394,9.270902622023754e-05,0.0013857384249642598,0.9897137112115071
318,0.0032102891682642253,0.0015274612894938704,5.327968489908926e-05,0.0014015088875037477,0.9938074609698391
319,0.017616027132703996,0.00455422482903831,0.00011254166836469722,0.0029583158806920163,0.9747588904892011
320,0.014800355840209386,0.003012965565737647,9.262871903701601e-05,0.001813052482424088,0.9802809973925919
321,0.11942833560684989,0.012591687326692323,0.00014342399192294233,0.004636806736931949,0.8631997463376029
322,0.06832282194592323,0.009089371461579733,0.0001381598900545903,0.003919965692257151,0.9185296810101852
323,0.39719110957202247,0.032899084801100376,0.00030224955005925334,0.020084928384681785,0.5495226276921361
324,0.39823635595484197,0.4872034248043878,0.0021434757969403936,0.05788725618122969,0.05452948726260025
325,0.1688273216278983,0.49342725110822955,0.00328376418782385,0.12201839084530693,0.2124432722307415
326,0.1712851766132571,0.4607721715031204,0.0015291828543706114,0.2901142226314435,0.07629924639780841
327,0.048706870686918535,0.37304280517638705,0.0008849893243088386,0.5455841233325065,0.03178121147987921
328,0.061422902100131925,0.20475026568848936,0.0008067429389716875,0.7095377885190298,0.023482300753377174
329,0.08804342625785073,0.5099076878609686,0.00469133670844683,0.3601705088446063,0.03718704032812753
330,0.146604171472104,0.06570684176923247,9.867517961703504e-05,0.20324834964720329,0.5843419619318433
331,0.621258088211343,0.2789793009698404,0.00023761668922599223,0.07587136105934192,0.02365363307024874
332,0.18214501097160815,0.7661155343842618,0.0018143975427152965,0.03809920131529615,0.011825855786118592
333,0.2105840595309952,0.7344966285979976,0.01092100698468518,0.027022287214312872,0.01697601767200922
334,0.07388713195468395,0.8870050012418965,0.01476884070222509,0.017208168227357854,0.0071308578738366575
335,0.032642502346423054,0.9324081409212913,0.014684319906297271,0.015408414216975981,0.004856622609012335
336,0.02933729789554842,0.9224502960372548,0.03500334959075678,0.00944784756354244,0.0037612089128976284
337,0.024991787358195208,0.9484156205235063,0.004581186653574005,0.017127166779394992,0.004884238685329621
338,0.21691505388748192,0.48447092058077224,0.042802055046406724,0.012355841936804267,0.2434561285485348
339,0.2393462352605461,0.7291748081462329,0.0023040840741250855,0.018191312531594908,0.010983559987501198
340,0.3163716268136739,0.622951062608438,0.021875575520443922,0.014757948442764457,0.024043786614679784
341,0.22510718946683927,0.7423368559622996,0.006300435321519114,0.010951103916183674,0.015304415333158496
342,0.2974695401214197,0.6418789869789165,0.013164069807748618,0.013828463748184965,0.03365893934373023
343,0.11003635101900885,0.7785159030144821,0.08941708674778914,0.0020856702280854433,0.019944988990634453
344,0.08737804484038213,0.8890336779648297,0.008823475690788597,0.004317122715832909,0.010447678788166846
345,0.04956238624029104,0.7893669351125191,0.15195121321158653,0.0017996037269321545,0.007319861708671171
346,0.20424701391468197,0.7608361100865846,0.009396917220283017,0.015230538698342087,0.01028942008010821
347,0.038770494800577586,0.8137281084922855,0.1345210333710422,0.002689583742532568,0.010290779593562237
348,0.04763039053867521,0.8632053410772706,0.07690565400514385,0.0031594871764773127,0.009099127202432906
349,0.07515714613239984,0.8590284825332132,0.05454143958792682,0.0023700960290540724,0.008902835717405959
350,0.01820826029360858,0.926157880111113,0.04972342932278844,0.0006659623112060069,0.00524446796128383
351,0.01782040235146233,0.8424993779117219,0.13206398617880372,0.0003629782572305869,0.007253255300781366
352,0.023369979626956403,0.7561610935969039,0.21442563564012512,0.0008834072420385431,0.005159883893975861
353,0.01370947774790916,0.7930707682299867,0.18522462777574838,0.0008097399318427758,0.007185386314512858
354,0.012283886317179794,0.7349983323536953,0.2451750569629282,0.0010208153205028424,0.006521909045693983
355,0.02005694443941373,0.5254958454510044,0.44594040999671125,0.0014617565835086926,0.007045043529361836
356,0.02480052130554113,0.797721338173178,0.1671296975370383,0.0013614169699186773,0.008987026014323751
357,0.006272704589282207,0.5302041116446765,0.45336127743498494,0.0009994970131316683,0.009162409317924763
358,0.0263022930171445,0.8019075718903472,0.1654094193624071,0.0012133527090501513,0.0051673630210509304
359,0.004752010707339487,0.3857875575310534,0.6049816163146622,0.0007580958821743189,0.0037207195647705115
360,0.00555260110336032,0.48725372819448864,0.4994894883588929,0.0007915464258536268,0.00691263591740445
361,0.008218661784475046,0.4980129424973384,0.48457997705397543,0.0014897665150180907,0.0076986521491930375
362,0.009715451782616546,0.528850774186404,0.4539073855127206,0.0012828683483989169,0.006243520169859947
363,0.0034006179140480355,0.29315027183931586,0.6971438003281643,0.0007613813456444459,0.005543928572827409
364,0.004175293100392466,0.4301354996033146,0.5606355035533933,0.0008998312599777224,0.004153872482921789
365,0.0011727012551599257,0.10027518864047684,0.8961582214731829,0.00015601248748993145,0.002237876143690371
366,0.002269101558991082,0.21291678958647337,0.778873800842341,0.0005174805282255997,0.005422827483969072
367,0.0013383278208785243,0.08225006202577072,0.9117641311085709,0.00048656135540959823,0.004160917689370287
368,0.0032659770241453673,0.1673155986920003,0.8136482211695876,0.0019822268943692723,0.013787976219897545
369,0.014192266275989891,0.25143284458040244,0.34741397906686494,0.005381072705537483,0.38157983737120527
370,0.001956304558555959,0.003119222053498135,0.00010249598177639438,0.00039033489816591246,0.9944316425080036
371,0.013513221601496652,0.004730231654037508,7.584159684168752e-05,0.0013204007481962775,0.9803603043994279
372,0.014460549247418518,0.002686559933483059,2.477516451043297e-05,0.001005858152067436,0.9818222575025205
373,0.005215687554233504,0.001958521451291357,6.837785453165586e-05,0.0006941806950570519,0.9920632324448866
374,0.2097196773521623,0.016635185395920047,9.951209057011947e-05,0.0061558363108969155,0.7673897888504505
375,0.37102123810034854,0.046826046278459356,0.00025127817284562054,0.013523826570733687,0.5683776108776127
