epoch,N1,N2,N3,R,W
0,0.18393081781995174,0.044317859025075276,0.000889615055582005,0.01295158582269763,0.7579101222766933
1,0.1368651523505207,0.06823568994592244,3.8522215519039194e-05,0.010454527490358504,0.7844061079976793
2,0.04247865661234087,0.19939599971691374,8.810726206116719e-05,0.008861490198052097,0.7491757462106322
3,0.022715321164632006,0.014742872831974944,4.302951957069991e-05,0.002327035707335751,0.9601717407764866
4,0.015733540772466352,0.07326904629260052,0.0003855930837060122,0.012233021514578574,0.8983787983366487
5,0.043440592958841194,0.016445207854000075,2.5621826698029393e-05,0.009409813458339649,0.930678763902121
6,0.117535395996946,0.009797936847882929,0.0001508455280307122,0.002941301891522383,0.869574519735618
7,0.12415259075844716,0.03291528860233493,2.5095078253099428e-05,0.008692681606571814,0.834214343954393
8,0.12490915219223907,0.012569379196913063,3.7667086501514496e-06,0.006921600679641295,0.8555961012225565
9,0.1013048347314688,0.01796797126407885,6.016884490553467e-06,0.010017599581659592,0.8707035775383022
10,0.10397283622216313,0.016199177835850984,3.5469818874553193e-06,0.008267619676664707,0.8715568192834336
11,0.005379325481175035,0.0010685751275304135,9.123202009538306e-06,0.00011855061911274361,0.9934244255701723
12,0.044361257292854395,0.010860519569150713,9.883186646263293e-06,0.0014475234564340857,0.9433208164949146
13,0.18037399490536107,0.009386669088389653,4.3409857859602745e-06,0.010130934268371153,0.8001040607520922
14,0.08350880646911799,0.006024783972197344,4.116333736059556e-06,0.0055581628217101975,0.9049041304032384
15,0.030052950196106862,0.008689033972285052,8.546994169800787e-05,0.0008899150446560626,0.960282630845254
16,0.1325087962306266,0.004433619037148232,1.246954010442193e-05,0.005084858732163272,0.8579602564599574
17,0.01907655645988564,0.011108494247882295,1.5942176270376812e-05,0.0005039667867444623,0.9692950403292171
18,0.07257980117719937,0.028039468633554287,1.3601614763448466e-05,0.0017427770629574392,0.8976243515115254
19,0.13583037119764446,0.035980687659336284,5.504157995011821e-05,0.0017982957455914053,0.8263356038174777
20,0.032927423433795906,0.011687684022192427,4.686089599946873e-05,0.00045783571969574974,0.9548801959283164
21,0.14976901521262467,0.03578228591554937,5.568332737394452e-05,0.0071261254453276225,0.8072668900991243
22,0.0859425151914587,0.014971286974567398,0.002314991048859126,0.0007679703959384534,0.8960032363891762
23,0.2268693450416296,0.09006369924341776,0.00022872857338507324,0.005187737579385545,0.677650489562182
24,0.10858959672593903,0.2535806708858674,0.0010111959962130796,0.0020509339191431414,0.6347676024728374
25,0.09735356384624927,0.44217134180318485,0.00022717523288402777,0.005309640954556803,0.4549382781631249
26,0.016377189578444563,0.0817157722987023,0.00015161619642223712,0.0008966298876926686,0.9008587920387381
27,0.08277426289772828,0.654530152118699,0.0003749238705921571,0.0038535359744284433,0.25846712513855213
28,0.033410830001800756,0.239950109752479,0.0004854566036926071,0.0014632987176150713,0.7246903049244124
29,0.0746522142051036,0.24458195469394511,0.0011035260414403324,0.0025723377855064217,0.6770899672740046
30,0.0953635013373174,0.404522651794942,0.00025001581135096474,0.004039392245362014,0.4958244388110278
31,0.07317309884254906,0.44382038987444816,0.00024673560389571673,0.00743433861973812,0.47532543705936897
32,0.11608102554085528,0.41194313534451277,0.000353352370239325,0.005883556001822932,0.4657389307425698
33,0.11285340235595046,0.4657792215485763,0.0001772369581025843,0.004097791335051189,0.4170923478023196
34,0.02207989048417768,0.5852272280418916,0.0003263022157499672,0.0008215513833082182,0.39154502787487244
35,0.027198694139861004,0.22305346589726585,0.00024931878910117546,0.0009380702819908586,0.7485604508917811
36,0.01246847013911211,0.7703956911572813,0.007008428313600096,0.0016322395173883817,0.20849517087261804
37,0.022374040933976855,0.7105622622934419,0.0019200627028072856,0.0042161506855827886,0.2609274833841913
38,0.030543085089650826,0.5920451989680316,0.006330243392618341,0.0020442820572320855,0.3690371904924671
39,0.0689454593149056,0.7746881465040468,0.036822012982939,0.002161638484448945,0.11738274271365952
40,0.02587824507315652,0.8597968963940553,0.014347312596008093,0.0010935534852954622,0.09888399245148449
41,0.03465419595019871,0.9264945661848772,0.018587421780109983,0.000770498222431119,0.01949331786238314
42,0.08127912990583264,0.8670552042531093,0.032943583795106264,0.0011091337819872686,0.017612948263964485
43,0.02320561200577074,0.9299549296905366,0.029591444029272586,0.00023106452456024808,0.017016949749859765
44,0.05304947187956204,0.9119571568735394,0.022069193791502403,0.00029381497817533944,0.012630362477220988
45,0.11478784858857927,0.8213755938375439,0.05619118396433202,0.00017618013843776463,0.007469193471106881
46,0.05989871564539684,0.8449470018574727,0.08839791051599326,0.00017853346655192996,0.006577838514585189
47,0.06589594723140031,0.8740977882906884,0.05059867803012704,0.00031342649161599114,0.00909415995616831
48,0.04138033254541159,0.8600722997371185,0.08744658343552374,0.0006512430834616857,0.010449541198484381
49,0.07682356768753304,0.8228713386851846,0.08405155999272294,0.003387526964571774,0.01286600666998742
50,0.05993782941618316,0.8009609728951668,0.11805952575307224,0.0007972792089074366,0.02024439272667052
51,0.028705761888054657,0.6587339499252646,0.3071384400011855,0.00037986961953505804,0.005041978565960231
52,0.015743842317237036,0.45275383387845286,0.520656224607154,0.00028494771759111475,0.010561151479564794
53,0.011561027988440642,0.3525586789642002,0.6271557987693864,0.0002073191464288121,0.008517175131543856
54,0.004635840040660888,0.2800842461174372,0.7010966778251229,0.0002657386864292973,0.01391749733034967
55,0.012913125884473775,0.280925815410482,0.6969396901809676,0.00038170460635927265,0.008839663917717398
56,0.009134695074282157,0.26449047121178226,0.716098035384115,0.00048564449282970546,0.009791153836990888
57,0.012710360747994113,0.23510192439735278,0.7449823972036517,0.00039694784928293904,0.006808369801718466
58,0.004372992413281704,0.12076598217376554,0.8701175743225513,0.0003700851207654313,0.004373365969635853
59,0.007304647311464924,0.17168411306296524,0.8160534592465092,0.00019618240882305772,0.004761597970237441
60,0.004210235618320626,0.09821383828364647,0.8952230817755853,0.00022325616372250026,0.0021295881587252963
61,0.004042673202403526,0.08764963636076721,0.9044855936715492,0.00032080039097488034,0.0035012963743050866
62,0.005378058711716448,0.09184589821105024,0.9012081500330621,0.00021686873624529633,0.0013510243079258787
63,0.0048851396928401986,0.06456408669155327,0.9277822616217304,0.0007941638714946635,0.0019743481223815453
64,0.0035219066495978876,0.05766822265201763,0.937419256926437,0.0002853251838976411,0.0011052885880499209
65,0.0028623783365905827,0.05484177781764242,0.9392635319100872,0.000553777006285616,0.002478534929394352
66,0.0013156268605435306,0.025813271125863967,0.9697735140240489,0.0011077896471594077,0.0019897983423841706
67,0.0023122092993102636,0.031979981337554655,0.9621933824662153,0.000997411809483107,0.0025170150874365116
68,0.0013189487392946378,0.014212570938978668,0.9820603898900839,0.0009075217770908811,0.0015005686545519286
69,0.002180157022631607,0.02210766191619163,0.9725493908997833,0.0005069143681751763,0.0026558757932181698
70,0.0010590053199891203,0.013810086163596719,0.9839547932314012,0.000253076700500008,0.0009230385845128474
71,0.0021985682302977315,0.03081833911099326,0.96371019366423,0.0006705061739060001,0.0026023928205729002
72,0.0020172232483162043,0.020555282313780128,0.9754511735498641,0.00019692582967180256,0.0017793950583677878
73,0.0039196909288433555,0.04160468882141024,0.9457140205508998,0.001708653643874553,0.007052946054972038
74,0.0024931766039364978,0.034237900116807614,0.9576236294243441,0.0005808906370570979,0.0050644032178548985
75,0.0022697812993727993,0.02317030687748897,0.9725896101087091,0.00024060077385334988,0.0017297009405757284
76,0.002666973911234069,0.04070693795498349,0.9538878836674608,0.00041347605485068446,0.002324728411470801
77,0.0020503616187367087,0.040550307851311064,0.9559985603646988,0.0002526546848965187,0.001148115480357007
78,0.001995466542352036,0.042884155777653366,0.9531434467849537,0.0005215320420250478,0.0014553988530160696
79,0.0026710891837003906,0.07455443707494556,0.9173556385987389,0.001279642124886896,0.004139193017728483
80,0.002503858359291405,0.018033249497297506,0.9777934722167363,0.0003680711378772378,0.0013013487887974763
81,0.0016924243958963507,0.027264391860218014,0.9690767241142041,0.0007873169615236907,0.0011791426681575965
82,0.0032610765743082597,0.032772441283102464,0.9573028735480416,0.0028125289461927027,0.0038510796483550154
83,0.00397244787559116,0.031735662812830905,0.958823962308284,0.0022060388958058184,0.003261888107488112
84,0.0035967406444324373,0.052036872753102835,0.928030334090848,0.004821220778822219,0.01151483173279438
85,0.007665698027147143,0.05306487810656481,0.9299969971550625,0.0015955530459964686,0.007676873665229085
86,0.005797939993348487,0.05029299633668723,0.9347213031748859,0.00340186989148443,0.005785890603593999
87,0.011580775109042268,0.07772397083878976,0.8695162325115432,0.008439778702336968,0.03273924283828784
88,0.027893423626010563,0.12325130920130868,0.08714569848059989,0.008197947223610325,0.7535116214684705
89,0.2526694439829429,0.2630511268188721,0.20966931093136518,0.011618151713343072,0.2629919665534767
90,0.2044015586506083,0.24569989221624058,0.13224389138573206,0.0014115217448843074,0.41624313600253465
91,0.16529674488101864,0.18843660587353472,0.08906532701662342,0.0021412690086908,0.5550600532201324
92,0.21705428759516618,0.30899848134022245,0.14865631773721086,0.0054118604369688345,0.31987905289043167
93,0.2012808530527432,0.30656437743526865,0.16857636600345868,0.0032794322736154477,0.3202989712349139
94,0.13816752854789724,0.21431755078782586,0.09143119604212947,0.011284021013098845,0.5447997036090486
95,0.12430816278124568,0.3225677677125445,0.022226391788983977,0.0012895449991475406,0.5296081327180783
96,0.07733924111604043,0.6955204472434424,0.04064509929286451,0.0015699934850254488,0.18492521886262722
97,0.2862581376690839,0.5774879868029331,0.017120236775786408,0.004460955358578139,0.11467268339361837
98,0.1449028710252574,0.746840327833562,0.015668025245149843,0.002822029953424018,0.08976674594260664
99,0.10307664040384794,0.7944566544106882,0.01051977495848812,0.0023000625251186793,0.08964686770185692
100,0.10145067384963848,0.367828963945213,0.03063004822980536,0.001592389826748839,0.49849792414859423
101,0.3253664822334867,0.5204916992969187,0.01302903280165876,0.0012169224093616534,0.13989586325857417
102,0.15099385003687577,0.7393512126540339,0.013901354056572113,0.0017593917612285534,0.09399419149128956
103,0.14308934766146156,0.7627397316135092,0.0214996243158631,0.0014759466818856746,0.07119534972728057
104,0.19332827772888167,0.7471307847697483,0.01014715764769447,0.004550628210058833,0.044843151643616797
105,0.1189751475018567,0.8192025672226736,0.01618438708071511,0.0033941439742122474,0.04224375422054225
106,0.15681049140553466,0.5424859269812973,0.025812707375212258,0.008263848220292636,0.2666270260176632
107,0.0973471097950064,0.8465474089414435,0.0270165896282794,0.003333513965795964,0.025755377669474736
108,0.32084835552341456,0.49149445342231707,0.04010807284456341,0.007098864623393782,0.14045025358631114
109,0.17649739907387743,0.7252870452991086,0.04776362852782078,0.0022152773735583204,0.04823664972563484
110,0.12675574280963608,0.816972631246047,0.031804257032258636,0.002670838714961459,0.02179653019709678
111,0.07030156616736431,0.8654589993083968,0.03658350350159092,0.001969663739936478,0.025686267282711537
112,0.07168119046912759,0.8867849169552942,0.021258192652060512,0.0029551762292171066,0.017320523694300687
113,0.060164572074658855,0.8565064802767756,0.03286490843429354,0.002916823013821918,0.04754721620045033
114,0.1119865120839907,0.8036122169424919,0.024832370143364323,0.00433699172187565,0.05523190910827759
115,0.16563214537403947,0.7062353969631417,0.052223384467235144,0.011719234219300897,0.06418983897628262
116,0.21015037309602855,0.6351126798633645,0.08478757654565758,0.005797970459578459,0.06415140003537093
117,0.2714374617990334,0.5636814746482233,0.04000119901768077,0.00970178256674716,0.1151780819683155
118,0.11655817570359314,0.34779335250802806,0.024733241186250716,0.005671426980158185,0.5052438036219699
119,0.15493735949998058,0.6998960196492487,0.08349508236776466,0.0020218589476550305,0.059649679535351045
120,0.15303850131476662,0.6494350676392652,0.060592733353356173,0.0034626978483109153,0.13347099984430127
121,0.2667636551145629,0.6560719192904824,0.05167369637710157,0.0011880233633039597,0.024302705854549175
122,0.19286069537041353,0.5377805842741511,0.10003922326182194,0.019725706763719666,0.14959379032989378
123,0.3396847354849839,0.4483384108500352,0.19384566044525403,0.0059094848155906285,0.012221708404136354
124,0.09052121408241177,0.6396647316966384,0.2579351043923059,0.0036313346092993353,0.008247615219344428
125,0.136374105200369,0.6423360001733988,0.17560723276650983,0.01825100826297147,0.02743165359675102
126,0.04872647144996494,0.4888382538923383,0.39858076132114734,0.03156952884405223,0.03228498449249726
127,0.0717385101925963,0.6318064520821322,0.23042290682379182,0.025618539312382966,0.04041359158909659
128,0.06655246214882402,0.5248601314232948,0.3583293896136321,0.007416339239115012,0.04284167757513398
129,0.07971458826766986,0.4871760425506362,0.27184107264569174,0.02806647463140099,0.13320182190460142
130,0.03224738183048409,0.4516203687385701,0.48413481728941676,0.006729920140839765,0.025267512000689128
131,0.11625613704657237,0.5580779584232274,0.15116876280795352,0.030961890463307287,0.14353525125893943
132,0.1301458999501456,0.5442772326983781,0.21630808456702375,0.018586305368484764,0.09068247741596777
133,0.14391716385525366,0.33491553721444184,0.1096023709563175,0.004063054917645855,0.40750187305634106
134,0.4037977016601313,0.433147527686173,0.04116498804332503,0.0006784514749126696,0.1212113311354579
135,0.5287295157226684,0.3766854705596546,0.06971415466209457,0.0020069761362526937,0.022863882919329708
136,0.4184086225382391,0.5128257971245203,0.051585962868233394,0.0014150249188874134,0.01576459255011982
137,0.17222700470119778,0.7668694507340104,0.048872511246501736,0.002134272132337191,0.009896761185952915
138,0.061328374121127294,0.6613268651517663,0.2673212535720401,0.004999690169489808,0.005023816985576376
139,0.030162832877900756,0.8034353717532526,0.15672981616333628,0.002938262720368542,0.006733716485141724
140,0.047912151290722925,0.7135883975008388,0.22420163029750292,0.004710546797267004,0.009587274113668259
141,0.03676335641682837,0.5260565764871254,0.42792020493066607,0.0025147174355315497,0.006745144729848475
142,0.07073771535130298,0.593848972992573,0.32443470949680214,0.005055978151636036,0.005922624007685802
143,0.0675830878855885,0.44057146244167616,0.4830977789994617,0.0033418016344367316,0.005405869038836807
144,0.02910110335340807,0.5234703758940996,0.40031605831553524,0.015381055065998626,0.03173140737095833
145,0.13342036396000498,0.5388252386796046,0.19629786323751638,0.009205881983046301,0.12225065213982772
146,0.08921095552709365,0.6771005162961801,0.20990689057601988,0.011498348624257384,0.012283288976449036
147,0.04317506187711978,0.41668396359085824,0.5326034068787247,0.0025841844725903876,0.004953383180706992
148,0.06861163740587937,0.6663686793101802,0.25836419776858455,0.0019076534071064714,0.004747832108249477
149,0.0343004518153057,0.5306115564877635,0.42738798030068176,0.0029056677390692422,0.004794343657179929
150,0.016655163711847585,0.6798430570651276,0.298075655407037,0.003153838924378868,0.0022722848916087823
151,0.03332814387693793,0.66223989406143,0.29330410665547485,0.0063606594669153365,0.0047671959392416976
152,0.037150220372406485,0.7768976442112843,0.17214223574401216,0.006779095843249657,0.007030803829047585
153,0.011926178124101008,0.532417404426656,0.45281063869909555,0.0009219107964711029,0.0019238679536763574
154,0.026753209176332594,0.2487080128441994,0.7196570332976442,0.002719736604539027,0.0021620080772848643
155,0.02105622655366202,0.2362061690592697,0.7387190806666215,0.0027705169452196666,0.0012480067752270944
156,0.015227522681904774,0.31958665060758507,0.662932235734771,0.0011813508516398425,0.0010722401240992776
157,0.0058344852306747574,0.30072521205907393,0.6809991255599345,0.006796575145835512,0.005644602004481214
158,0.003045561754317163,0.15281594007893906,0.8349486048485264,0.004992182774456702,0.0041977105437606575
159,0.0057629570594403354,0.276854208702533,0.7075202902041082,0.005197646321572225,0.004664897712346141
160,0.013667941035518872,0.26039952032141866,0.7082706077665216,0.008673814505605872,0.008988116370934919
161,0.0032872317376743815,0.09931207069210198,0.8932089949388348,0.002243726806912487,0.001947975824476322
162,0.0018118355188750834,0.06576008492501702,0.9294981165378456,0.0011476811668681285,0.0017822818513940487
163,0.004493277158379883,0.07666961625582416,0.9120521489022804,0.0031364329632034772,0.0036485247203120767
164,0.0006316449237624221,0.036990419397915614,0.9615214123451247,0.00036060933823097585,0.0004959139949661693
165,0.0038139074471497713,0.10694814582242346,0.8844222305707728,0.002401539335244235,0.002414176824409777
166,0.0026872856160627388,0.07127770888202027,0.9185575415966822,0.0034058688670998184,0.004071595038135044
167,0.0008663990784546026,0.0297799229474293,0.9664880653415688,0.0015899705646033435,0.0012756420679437784
168,0.0009862609616001056,0.03740784193896767,0.9599304094149129,0.0007211592976235675,0.0009543283868959278
169,0.0014002526412452327,0.03487398659570166,0.9590651750252546,0.0024091963701449834,0.0022513893676535486
170,0.0009301794393200425,0.017157148173509627,0.9802928495709263,0.0006721196378500959,0.0009477031783939008
171,0.0012794529100742496,0.019531037114492125,0.9737416556244747,0.002749587517230858,0.0026982668337281945
172,0.0019282514958274286,0.04574536813283433,0.9445542780543379,0.003818226710456098,0.0039538756065441594
173,0.0010931470874848725,0.050837388825402556,0.9450715634681626,0.0013504823143135098,0.0016474183046363835
174,0.001073668320910618,0.03982750580776073,0.956808988270745,0.0008891430741647938,0.001400694526418904
175,0.002107962443386399,0.03410862433680433,0.9570458137902501,0.002935835603643715,0.003801763825915486
176,0.0037345804142402826,0.04328271154060256,0.9457068898827138,0.0025402010246818388,0.00473561713776164
177,0.0018334919570039995,0.03699325082755659,0.9549326601245076,0.004087341817063428,0.00215325527386842
178,0.005149280955638749,0.06376444483894374,0.9138996062539582,0.008279250991784818,0.008907416959674772
179,0.009043588797403721,0.1658769934174691,0.8132309369656044,0.005373884824744019,0.006474595994778736
180,0.011656406534381533,0.09539843162230373,0.8666692253334637,0.01790416884272491,0.008371767667126268
181,0.01268692973568051,0.03200628229504027,0.9357286359560536,0.0073892267525294516,0.012188925260696353
182,0.053692089612288475,0.056198036839441655,0.052383126598356936,0.015385953316199522,0.8223407936337134
183,0.16353932413091696,0.23841547416078354,0.09449687587764422,0.011541514151978186,0.4920068116786771
184,0.3331211118335263,0.428982693636195,0.14201119013314187,0.005056990757826721,0.09082801363930997
185,0.3773725865228941,0.46291542762040344,0.0659736826136569,0.0067968248127074325,0.08694147843033821
186,0.16685449839925698,0.5488235171571059,0.13817261413367216,0.019520740223911016,0.12662863008605404
187,0.0862157962986317,0.5911821769529976,0.1993104379408001,0.06122004493756515,0.06207154387000548
188,0.17168036948056037,0.5769927419417822,0.19277210190758912,0.013943705774765714,0.044611080895302455
189,0.11996021356433836,0.8286143797263681,0.03434178881880664,0.0019830481361081276,0.015100569754378762
190,0.14698755950673134,0.7807924154737382,0.05047786422576404,0.005859569874407214,0.015882590919359327
191,0.15428031299381134,0.7695833096018287,0.05872729024679053,0.009617997917056682,0.007791089240512861
192,0.19150360004754818,0.7372959303649624,0.061905392157500794,0.004127588230874615,0.00516748919911384
193,0.043390345163908293,0.7469064852060106,0.19268355714874058,0.009322775038110572,0.007696837443229851
194,0.06285285579120692,0.7536537250398263,0.16370365888809568,0.013437236146661818,0.0063525241342092705
195,0.06519679480430403,0.8103852580674596,0.08904862076246117,0.02506813496832667,0.010301191397448534
196,0.10443272743863044,0.6215885888813962,0.15935262939843356,0.0990394100347776,0.01558664424676211
197,0.06925244427089101,0.6580877808110542,0.260785895926395,0.009885570189376056,0.001988308802283644
198,0.02709887642499485,0.7388518093750244,0.21758790241029236,0.013221469329316466,0.003239942460371989
199,0.0652144759637125,0.7769187171609946,0.13539121475185523,0.017977914329390953,0.0044976777940467
200,0.044676570371463005,0.8272446833547755,0.1160344075272298,0.0085278387169954,0.0035165000295363197
201,0.05024495498272565,0.796793602814656,0.12144730199457598,0.02716806886080376,0.004346071347238689
202,0.016487369417655228,0.7188064565956472,0.25823234687252217,0.004995801148922648,0.0014780259652527154
203,0.03958893807585472,0.8127755294498219,0.1386445518922289,0.003495818285527561,0.005495162296566884
204,0.03079781297397146,0.7569531850565425,0.12132371351250268,0.07720689509558175,0.013718393361401586
205,0.056821986116041806,0.8188457042656,0.08600117281554875,0.032154710779632625,0.00617642602317691
206,0.011705029354463587,0.7961290965778122,0.1744290000207916,0.01284913366208728,0.004887740384845564
207,0.0344086003380608,0.5766196664020942,0.32410791227301505,0.05543417604961844,0.00942964493721144
208,0.0533053938390565,0.6997880302141728,0.1445847116164523,0.08617202499538655,0.016149839334931755
209,0.08176246891578891,0.6571672106617854,0.1759587509994487,0.07520966490331928,0.009901904519657497
210,0.03939006851378741,0.6107086230601398,0.2781734657641684,0.06214781743729568,0.009580025224608739
211,0.056084703939716325,0.6783874649571446,0.22935993487817266,0.024301829979135797,0.011866066245830526
212,0.055736532926037495,0.4245320657210259,0.28965657665991706,0.06533356875232622,0.16474125594069336
213,0.12840600852144615,0.536753683692245,0.09276455655527455,0.034667569628319524,0.20740818160271482
214,0.20751825767012133,0.42738194812538527,0.06183947095869011,0.03662627551135316,0.26663404773445004
215,0.07492585065568429,0.27506488175636845,0.03552081762049638,0.01559128454176197,0.5988971654256888
216,0.15022672792702815,0.40925242917089677,0.07229828008583092,0.015694316443744083,0.3525282463725
217,0.31279025072811323,0.39544157686309056,0.06170183266822223,0.014677286174641004,0.215389053565933
218,0.23505142952821695,0.5157050230814576,0.04771959294601071,0.014979779990425565,0.1865441744538891
219,0.09911203367383455,0.31250412054716925,0.12361093915739546,0.02241440029328663,0.44235850632831414
220,0.10678796700658807,0.34007422371426455,0.09020052172959561,0.05722726886526891,0.40571001868428297
221,0.13539275252355898,0.36401920626145107,0.0864397279106036,0.09238355663537462,0.3217647566690117
222,0.1817615336933739,0.4240619607789134,0.0554455288381741,0.05409843209860593,0.2846325445909326
223,0.2832928519205281,0.5653558854980745,0.029375257899518177,0.03749704684260364,0.08447895783927561
224,0.2709100781067715,0.6312622983649571,0.05351373292900379,0.018885194937419372,0.025428695661848508
225,0.24421519947200807,0.6369298665563514,0.03784808139502298,0.05489223544172346,0.02611461713489398
226,0.060958237240413285,0.5105334288056934,0.10457828960976641,0.20887475495151153,0.11505528939261525
227,0.04430638024582006,0.7045531240517383,0.16262471209716786,0.08223775304484447,0.006278030560429281
228,0.05069707308607921,0.8035001911493325,0.10316876244292003,0.03490996506950214,0.007724008252166209
229,0.032153693629163475,0.6481469650600993,0.11935509191032392,0.1692105359359828,0.0311337134644306
230,0.07744575325869713,0.7671071562196631,0.10579765685213455,0.042773476736692385,0.006875956932812701
231,0.04889072734421497,0.6073179644505735,0.07936972729221972,0.09541482798770719,0.16900675292528466
232,0.08571142244933466,0.31063193132892564,0.04544321073694246,0.20871315463321577,0.34950028085158147
233,0.1330460073426469,0.7193969047855314,0.08061327298300917,0.019381622245658182,0.047562192643154325
234,0.13648873503225134,0.6537086126860596,0.09638462146007533,0.027179777714411938,0.08623825310720165
235,0.1376711275952982,0.6604459618290374,0.12243354230532906,0.0291114456439209,0.0503379226264144
236,0.20688107232716985,0.6733391401062884,0.0783622783646742,0.02731276883224596,0.01410474036962162
237,0.11043601658982115,0.654716589878725,0.10588395747964745,0.08191113014095652,0.047052305910849884
238,0.11748478770729184,0.5712150897598207,0.12138998344468746,0.16180790105119608,0.028102238037003957
239,0.05997464454689641,0.43187111968628883,0.41997020634391585,0.07937809632224647,0.008805933100652223
240,0.051373570045142584,0.46923955630483144,0.35318739115258635,0.11316991420327556,0.013029568294164054
241,0.029950581372267016,0.39729725041334335,0.5619245479025345,0.007916048715057048,0.0029115715967979313
242,0.04612228111362918,0.5460237129092034,0.3836183632998901,0.020342693974862564,0.0038929487024147616
243,0.013780287994683414,0.6388399114111581,0.3375359968852943,0.006440525551699336,0.003403278157164723
244,0.02343460676975859,0.7373880048972492,0.1913443906521993,0.03531457632441404,0.012518421356378658
245,0.040243706332785595,0.6459125313911875,0.2948695381828119,0.014368750406078292,0.004605473687136822
246,0.016509643498519886,0.4858815741500148,0.4927942117885326,0.0033435011073658064,0.001471069455566738
247,0.14310571979631753,0.44673434001003437,0.15067245313974514,0.01638590703227034,0.24310158002163265
248,0.037426841222055966,0.8603157952856748,0.0943679149648743,0.003021048053372458,0.004868400474022461
249,0.0727689685918573,0.8610156234469202,0.053372187334939834,0.005769592615445524,0.0070736280108371595
250,0.17094392977207545,0.7660816680637993,0.05281883979065723,0.003616197208681466,0.0065393651647865
251,0.048025493316910584,0.8477158713831198,0.07694893526816475,0.015743318392654894,0.011566381639149963
252,0.01914671960041412,0.8542796248210678,0.10931770755299182,0.010279691771916089,0.006976256253610229
253,0.018415581303648964,0.8606794025420462,0.10657080219166115,0.010838093617842182,0.0034961203448015316
254,0.04903141633636341,0.8086833814012776,0.11361678391988327,0.022497822631859996,0.0061705957106158
255,0.11535310192348176,0.8251468936585125,0.037078830717126636,0.01979737087252022,0.002623802828358975
256,0.12261625734629664,0.7850763948259414,0.06305433431365438,0.024935471268444497,0.004317542245663039
257,0.11346017270973191,0.766636764143144,0.07605100386826058,0.041473948602242114,0.0023781106766215835
258,0.13496327264443275,0.7759721282808862,0.0492669422578921,0.037225225144812225,0.0025724316719769624
259,0.07501359859153768,0.7771710446179407,0.028621761029826477,0.11067229424681141,0.008521301513883625
260,0.05921590957284237,0.8621474525306168,0.05912700233621068,0.0176312506305008,0.001878384929829501
261,0.09875155873242042,0.7601089053993694,0.03835515948932076,0.0927625564177351,0.010021819961154279
262,0.056834971578697796,0.7804280672199072,0.11373098356437922,0.04287730997292591,0.006128667664089719
263,0.06637331687926093,0.7856320595433374,0.0764940786391733,0.05568389320125577,0.015816651736972595
264,0.0663673587135933,0.8291693319958288,0.06067950323966929,0.032840716940816854,0.01094308911009185
265,0.13239017455513882,0.7874028268876897,0.03921662485818433,0.027678192065651527,0.013312181633335604
266,0.04792570111153455,0.9191442296371791,0.015889613735670112,0.010157847582581118,0.006882607933035125
267,0.08795022478281726,0.8659407944650748,0.02343237365924028,0.0072017041492970875,0.015474902943570658
268,0.09827372311248403,0.850637829389773,0.035857415607622574,0.007275403742629057,0.007955628147491432
269,0.03749452133943169,0.9091253908739801,0.026385189631795813,0.014990160532941218,0.012004737621851183
270,0.08246060546155562,0.8867241594256652,0.017266120197902197,0.006274186569045628,0.007274928345831214
271,0.027992226087390323,0.907571522904279,0.04970475267585125,0.00851635918281389,0.006215139149665612
272,0.06959374001410397,0.880128122588099,0.029682485536604273,0.009664382593259111,0.010931269267933648
273,0.04189849900875836,0.8462554929225526,0.024171924443227348,0.016479952209049777,0.07119413141641193
274,0.06725621129034982,0.8826321966811845,0.021406220375798448,0.017256976586536115,0.011448395066131014
275,0.0453810015036326,0.8854629466499607,0.016452856740037044,0.034182554870527807,0.01852064023584188
276,0.03254018279467953,0.9183812414302881,0.028731629784550808,0.012363120626937884,0.007983825363543872
277,0.05465875722705774,0.8774019696798112,0.022469863777717217,0.03328690671042072,0.012182502604993298
278,0.0512255427001488,0.8546157651831698,0.026864284796593786,0.05425495511264743,0.013039452207440263
279,0.0287796805083862,0.890182038160618,0.016388525866479528,0.054773149703802336,0.009876605760713784
280,0.026587016745831867,0.8812813867491107,0.05347105697661741,0.0249142963132752,0.013746243215164693
281,0.14173577133722448,0.554596135125307,0.0170379147359402,0.19958880882143037,0.08704136998009801
282,0.05194368150110181,0.05346075309107065,0.0015338767720464329,0.041416130236214856,0.8516455583995662
283,0.14433207140411006,0.43970045309272887,0.017936339670291474,0.178988649872894,0.2190424859599755
284,0.32646544856870213,0.3159845692330462,0.010158560409086413,0.16189509983673106,0.18549632195243418
285,0.38255365833267435,0.2927032128745813,0.006894367489969839,0.1543594644097292,0.1634892968930453
286,0.0647083545033913,0.23753004270570863,0.009874002586332645,0.48130924766648825,0.2065783525380791
287,0.07842428810159803,0.48970090411423134,0.00665911630626797,0.34940355616414837,0.07581213531375412
288,0.057508204196752656,0.5504476542481294,0.010783496429134244,0.26896174108884846,0.11229890403713531
289,0.10916130569007464,0.29171679345102713,0.0007900113604447686,0.5176789605052008,0.08065292899325277
290,0.06851328239370495,0.42735302300429184,0.0003184587806392327,0.3846655427933342,0.11914969302802986
291,0.16294444370970967,0.48257151111525903,0.0005451414839434393,0.22049805187782504,0.13344085181326273
292,0.28397478598662307,0.21700167097627746,0.0015565447373652986,0.3486988385166943,0.14876815978303995
293,0.12103437632608928,0.5956128163419795,0.007425714514006794,0.1832529623341936,0.09267413048373078
294,0.1634530372995976,0.28164238396621316,0.0007462781851720216,0.46500444484668446,0.08915385570233278
295,0.15227237661007206,0.36934637782630214,0.002751521652701383,0.21779953044886552,0.25783019346205877
296,0.16971483334140003,0.2169629578983781,0.0011066020709970892,0.4864231457388467,0.1257924609503781
297,0.20861082540943124,0.1581734496710979,0.001188276154747349,0.4910104571090996,0.14101699165562395
298,0.21937242437649845,0.26109121158460974,0.0010008457076262217,0.38779599699020606,0.13073952134105937
299,0.21649385741167773,0.1152181026648363,0.0007277334394535156,0.5569209568413137,0.11063934964271858
300,0.12236696926589812,0.2871405401579329,0.006997923074051668,0.37626098827936305,0.20723357922275437
301,0.21600495472304476,0.22062240997960894,0.00115911333076648,0.43017746791966244,0.13203605404691737
302,0.15372592028452073,0.25955448199054515,0.0027908819221606966,0.4070202764236214,0.17690843937915196
303,0.12373520925568339,0.11980357412981296,0.001295181309496691,0.6052666211888615,0.14989941411614546
304,0.1078797914279619,0.2158911889742433,0.0011388268521885566,0.5427002692046814,0.1323899235409248
305,0.22601135642789533,0.19161217505438263,0.0007299286850750934,0.43384069706511774,0.1478058427675292
306,0.2657308534401437,0.37025851899538953,0.0006495093056628277,0.2768434617441091,0.08651765651469485
307,0.23248154894140094,0.09263441059091619,0.0005425244759263916,0.5402641210677603,0.13407739492399615
308,0.17248349814563677,0.18532707378383595,0.0006666273355284927,0.5334686626351747,0.10805413809982409
309,0.12337347310080314,0.4203087980096959,0.0030459388181451044,0.31111804669218046,0.14215374337917538
310,0.14434422564148108,0.22709249584736796,0.0008471469478495898,0.5078549083308844,0.11986122323241702
311,0.18601348930385225,0.15694764744367948,0.00046754225486714566,0.5572277251013394,0.09934359589626164
312,0.10760919351211079,0.367751532247141,0.0008311825485600025,0.4128262380689766,0.11098185362321168
313,0.09465363638451933,0.3116428069803402,0.0010478876544628272,0.4360591672510005,0.15659650172967698
314,0.12617180922943763,0.2579734917995307,0.0005562936736429754,0.5104754460706935,0.1048229592266952
315,0.1282818543192854,0.30275005429731494,0.001073479952333738,0.4631454635643561,0.10474914786670975
316,0.17703516387381757,0.11944203848727517,0.000894159393090334,0.630750655079484,0.07187798316633302
317,0.10282063260460408,0.21970175665979777,0.0005311603063788155,0.6031942914440634,0.07375215898515591
318,0.12856048635004064,0.41252262166004844,0.0005771522504490792,0.3963569032428395,0.061982836496622326
319,0.14262044563201326,0.1687963498072441,0.00045619304547569035,0.43024088479562717,0.2578861267196398
320,0.08578528385515057,0.2121916440319371,0.00033539620224705446,0.654048016604175,0.04763965930649025
321,0.2332623651613751,0.11125112079368923,0.0004808476674938316,0.5227987771916156,0.1322068891858261
322,0.17032122745360218,0.3066735252329909,0.0018122437219617517,0.3949056638934214,0.12628733969802386
323,0.2479361999720377,0.22082889190436464,0.0014122443197005083,0.34413806906152383,0.18568459474237328
324,0.12846892477795052,0.23656620284159177,0.002211828522511793,0.49693811977175106,0.13581492408619467
325,0.16106640700924887,0.11326312336444401,0.0012004050834141487,0.49987139911323125,0.2245986654296618
326,0.1688134207894544,0.19137644931883394,0.0011639751186269794,0.5040910403778297,0.1345551143952549
327,0.179772356541364,0.295986963818154,0.0010119468973650353,0.4143791560085211,0.1088495767345959
328,0.16407202157484446,0.2518925334677275,0.0015856383654797204,0.194908409442597,0.3875413971493513
329,0.1625809529359544,0.23144565182548713,0.0028097396494230088,0.4029953591210721,0.2001682964680634
330,0.12683212958185527,0.3029321422325247,0.0038085048595833146,0.3193941282237263,0.24703309510231033
331,0.18663589465587543,0.20773988322246803,0.000792653635754337,0.27122457275666156,0.33360699572924074
332,0.22523611949752428,0.2669770892715532,0.0005596981416791985,0.3474509177596429,0.15977617532960064
333,0.03494720009634028,0.08351726333880961,1.4520762448201608e-05,0.0845033880373377,0.7970176277650642
334,0.03351495703554112,0.0749846842920551,0.0005751789491024462,0.06708174520299015,0.8238434345203112
335,0.11156888785322526,0.272984613452219,0.0011443255075877406,0.5343898203158287,0.0799123528711394
336,0.16342799373515013,0.25689935738956493,0.000371883520419499,0.48540580561852326,0.09389495973634217
337,0.148369914620445,0.09376407708060337,0.00045593351727867714,0.6228316575580998,0.13457841722357328
338,0.062366933073322084,0.24788540916868518,0.0006904860383560499,0.6081091576620908,0.08094801405754583
339,0.11051190265270609,0.16854904648396596,0.00017688309663140862,0.6409950857062339,0.07976708206046276
340,0.1639427774904041,0.469967756109069,0.0007133946739403728,0.28791931442547114,0.07745675730111554
341,0.07251200262584209,0.12938958885211502,0.0007972433704729092,0.7041950198342652,0.09310614531730463
342,0.12911347235044884,0.09621391826787426,9.376047508694499e-05,0.6635695150786293,0.11100933382796083
343,0.19682592600455878,0.17183639694700212,0.0007104287407316322,0.43177955858469325,0.19884768972301423
344,0.26153176777804266,0.149503401684474,0.0009027753422867549,0.44291522110259635,0.14514683409260015
345,0.18548997914404944,0.09974492449168784,0.001548992475533796,0.557722901193893,0.15549320269483588
346,0.250621684857856,0.217469470130829,0.010760383031756037,0.3708621379922482,0.15028632398731082
347,0.22202843095941854,0.1844651197333841,0.0036344319192582325,0.5056492763182266,0.08422274106971249
348,0.14969304492261926,0.6728562961072465,0.030772364346887248,0.1230715216376459,0.023606772985601068
349,0.04803461280844882,0.8140649154560413,0.013121472263278961,0.1115072973931416,0.013271702079089318
350,0.11660713628450445,0.5983576071970591,0.005444745532749101,0.18143710266389793,0.09815340832178944
351,0.10651734596584547,0.6710355847381843,0.005912028454245183,0.15007301881643056,0.06646202202529464
352,0.09801744617877631,0.7526956984550961,0.004955467716081181,0.1300812833249802,0.014250104325066258
353,0.11688898086479292,0.7082471312237936,0.012669649080544479,0.04994014364682467,0.11225409518404422
354,0.07744131352239249,0.8508474172102606,0.004284089347700816,0.04850493351833904,0.01892224640130707
355,0.023849333263981247,0.9357831587910006,0.00901697143065771,0.026096170967389767,0.00525436554697056
356,0.11807736690703528,0.8276994742584147,0.0054633375014087075,0.04051847807931281,0.00824134325382846
357,0.0611510315527115,0.8533572558987262,0.00812366315794411,0.06059413128813352,0.01677391810248466
358,0.021403937576095496,0.9420821707064854,0.011031126143582995,0.021161401606775952,0.004321363967059925
359,0.0394619553303799,0.9030159292222004,0.012477464307469604,0.03923271585594766,0.0058119352840023935
360,0.14334182557633796,0.7555895806158779,0.007258930581728379,0.04464676916667983,0.04916289405937591
361,0.054987717773125666,0.8881893991763941,0.01575791773263937,0.03524330047349494,0.005821664844345751
362,0.03753780229611354,0.8811801483196231,0.011776788135744336,0.06595731107396648,0.003547950174552537
363,0.04011476434283524,0.9090045520530413,0.008188201041779093,0.03806398900605345,0.004628493556290984
364,0.08111042437730452,0.7783410573846493,0.015318590790556018,0.11980489774133449,0.005425029706155765
365,0.0365883118434818,0.8859934828772865,0.011192703974155206,0.06103200990030531,0.005193491404771354
366,0.04966158573077622,0.8368167020821293,0.010707358823993362,0.09720906955681777,0.0056052838062834
367,0.06961902325622427,0.8379956469571115,0.027939718061598815,0.05750082376615676,0.00694478795890863
368,0.03878963831193374,0.8876535466286086,0.02002961933225077,0.04858020746941272,0.004946988257794149
369,0.03882733165802993,0.8510547213864206,0.01727158982072724,0.08567978922975956,0.007166567905062613
370,0.06252136682921564,0.8377345367477205,0.03363944044439968,0.05778648082052838,0.008318175158135939
371,0.07256081937806515,0.8520431497994049,0.022879068355061493,0.04573003227798313,0.0067869301894854005
372,0.06964465479671818,0.8548199994941504,0.015430056058116842,0.0559954808748556,0.004109808776159103
373,0.06622263523654738,0.8707832419726795,0.03202250836825327,0.029035586607371253,0.0019360278151486893
374,0.02380303853931246,0.9235418312902275,0.03746621733504506,0.01414086117770695,0.001048051657707843
375,0.05105202987234332,0.907147165441325,0.029131398132323273,0.009140633568775515,0.0035287729852328245
376,0.16511588407118968,0.7763767606526143,0.038903633374590074,0.014194184667073532,0.0054095372345322485
377,0.0590345223641676,0.8854341893660765,0.03449020114030301,0.01552969195281413,0.00551139517663877
378,0.055995468483972674,0.8817065275720093,0.047195810243729784,0.01094747527219735,0.004154718428091036
379,0.026122202928325008,0.923450401849515,0.028324164683065173,0.019529708999806338,0.002573521539288665
380,0.07970122263377283,0.851744370614527,0.03559646376671869,0.029317777668574983,0.0036401653164063693
