epoch,N1,N2,N3,R,W
0,0.017034879849575812,0.0024734986534395223,1.77759263907418e-05,0.005303896976963391,0.9751699485936305
1,0.02687639733135463,0.0029621001813164576,2.6104203273846197e-05,0.008600288561418087,0.961535109722637
2,0.020725424289695604,0.004177199670377192,1.9279812348459062e-05,0.008735969947006466,0.9663421262805723
3,0.0006597116346026581,0.00038770465287171773,3.415117141189954e-05,0.0005617161979072023,0.9983567163432066
4,0.001088169536917434,0.00020991100529511278,4.007504788609818e-06,0.0006235928132026813,0.9980743191397962
5,0.011550907461890029,0.0008416768860520219,1.0696209052891e-05,0.002852713221659604,0.9847440062213455
6,0.01499404102730552,0.0004102075197479202,6.467634444468377e-06,0.0015710460920853621,0.9830182377264168
7,0.20008512442400156,0.00768155637100294,6.57899045780466e-05,0.013288724206485435,0.7788788050939319
8,0.134858575278698,0.018600199622891923,8.214270070137802e-05,0.010242318646078337,0.8362167637516305
9,0.3366853047158565,0.03490872793479264,0.0001392673091510235,0.041559317559696364,0.5867073824805035
10,0.15966692997755533,0.042604789349287533,0.00029385232132299744,0.005548076954213849,0.7918863513976204
11,0.3685453787805753,0.26506830876760246,0.0004184753100551459,0.05115610788573325,0.31481172925603373
12,0.19425169098707712,0.514834659658345,0.0055977266940644655,0.029004523757031657,0.25631139890348176
13,0.17967305449836357,0.4120472814828247,0.0007393974647171336,0.0256312625158099,0.38190900403828465
14,0.07480370412446896,0.8384220010118675,0.010057357558925981,0.005963100881283822,0.07075383642345368
15,0.06569271935833876,0.7288461093314886,0.0059853736846634245,0.00995074334832361,0.1895250542771856
16,0.07800679685212189,0.8569665876168934,0.0033636298778519824,0.01841780055392052,0.04324518509921204
17,0.014622891104386509,0.01919204662741636,0.0006441706379054916,0.0014464003418035243,0.9640944912884881
18,0.06744574715449146,0.03570490961726978,0.00014006548757540825,0.00907609690410054,0.8876331808365628
19,0.012010021695316864,0.005885759540593211,9.095810119684175e-05,0.00020352337252550794,0.9818097372903676
20,0.012622527988734731,0.014077803002118621,0.00023387520604444196,0.00047888266479002427,0.9725869111383122
21,0.0038579518767443773,0.0015786473256524036,5.443932610026655e-05,0.00024174475373360787,0.9942672167177693
22,0.017057260369415995,0.0017881928883680936,6.239127774901231e-05,0.0005716273747189385,0.980520528089748
23,0.0063649853997844565,0.001284124661718254,1.7196907442942592e-05,0.0010239358358963163,0.9913097571951581
24,0.010914329340405739,0.0024183962877261495,0.0006342750402471126,0.0013854965100751164,0.9846475028215458
25,0.024871488978202745,0.00718821925434126,0.0014626110758455243,0.003786505499969259,0.9626911751916413
26,0.004849796854504537,0.0012000659553327033,3.122485245921408e-05,0.00022105408065567885,0.9936978582570478
27,0.0013021524947490289,0.0005808709313633134,0.00010426739391649371,0.00012582925581997246,0.9978868799241513
28,0.000621428734400692,0.0009297825276453565,0.00032056212952796126,0.0001099807817377594,0.9980182458266882
29,0.002251442081685272,0.0008165818264460997,1.4719912084735979e-05,0.00017512718356446256,0.9967421289962194
30,0.020443182284715672,0.004134240055582366,0.0015628821881648826,0.0007130064545164531,0.9731466890170207
31,0.007172864292663316,0.004707798371950732,0.001625719641990224,0.00016148036276016067,0.9863321373306355
32,0.00040839807965208975,0.001290351502173365,0.0008574640022648889,4.2865004042045484e-05,0.9974009214118675
33,0.0012251082271296852,0.007104557820390906,0.05588133438286942,0.0006796600871831152,0.9351093394824269
34,0.00033360703223724703,0.00042668747235276376,0.00042193220262422076,5.852787305120151e-05,0.9987592454197346
35,0.0008328168081197995,0.0007137890991404834,0.0001649488364455964,0.00010009561428378874,0.9981883496420103
36,0.003987723535940424,0.0029660018143408736,0.0005099242267735356,0.0002806109852238003,0.9922557394377215
37,0.0025163864726149656,0.0013591496016752342,0.0013923040051127618,0.00013634737632881453,0.9945958125442681
38,0.06638256700383956,0.01147161385673529,0.039473863667888416,0.001247555590110372,0.8814243998814264
39,0.0013885636785907793,0.0019113088585287776,0.0005299099587972318,5.799774398738526e-05,0.9961122197600959
40,0.002716426875603259,0.003413849930789047,0.004706167472982332,4.4323672629628064e-05,0.9891192320479957
41,0.014709265076648562,0.026007708940860155,0.027944152509526535,9.826522475205041e-05,0.9312406082482126
42,0.026036601746188787,0.04963922956349868,0.05259578901543499,0.0002967550605822863,0.8714316246142954
43,0.07421222669455121,0.21655321876462863,0.240644858685682,0.0005474621479184337,0.46804223370721976
44,0.03380458339191543,0.1442515252957252,0.48398936787033325,0.0010541937684118627,0.33690032967361416
45,0.045979770643814616,0.13650862960642818,0.44356669346662175,0.001268059287693566,0.37267684699544185
46,0.03556034839152661,0.16783123536421654,0.3558539088880717,0.005248896479449018,0.4355056108767361
47,0.02083147368682707,0.08530669870842901,0.20275972981558815,0.0031706276023286046,0.6879314701868271
48,0.04202233247455692,0.09983811873096601,0.21016295764260104,0.004327702932027694,0.6436488882198484
49,0.01155305714968929,0.07405553899557316,0.14997914766080936,0.005158967851936917,0.7592532883419912
50,0.007654507596995129,0.09905316618001463,0.20074996166433176,0.005368389413712984,0.6871739751449456
51,0.005012933170294055,0.04427662913797252,0.11188059128970901,0.0006872522954749522,0.8381425941065496
52,0.017678328967035247,0.06613802580024793,0.07540335639689177,0.0014225675615037684,0.8393577212743213
53,0.004098285981935714,0.011446835772095737,0.00468895785502027,5.577813266370024e-05,0.9797101422582846
54,0.003901415321418853,0.009586322513484905,0.00386095889106714,0.00011811455078675757,0.9825331887232424
55,0.0033015412875834634,0.0018606934551032058,3.178234684677889e-05,5.1533906720605265e-05,0.994754449003746
56,0.017775879358231224,0.0049350986904088305,7.915745812068313e-05,0.0001355575412252364,0.9770743069520139
57,0.01544174944628408,0.009533637241826822,4.892178747571761e-05,0.0003919816945966615,0.9745837098298168
58,0.011333373673560326,0.006067357884155024,0.000271777142192031,0.0003297728539158775,0.9819977184461768
59,0.011382705981924007,0.003271325494001419,4.0287725803908256e-05,0.0001923742551175022,0.9851133065431532
60,0.0029754347438014847,0.0008928004252662449,8.746521697427502e-05,5.482600252004035e-05,0.9959894736114379
61,0.005610185892300861,0.0017191851087291579,0.00021011559898003547,6.730088507218389e-05,0.9923932125149177
62,0.004712379141081234,0.00036468984605293183,9.954598813705081e-06,4.1729301693342204e-05,0.9948712471123587
63,0.0057559740843253415,0.0004201933324651825,7.994522132898525e-06,4.9624832490538464e-05,0.9937662132285859
64,0.006575216176838229,0.0003678372827317799,2.2816648221129307e-05,7.00759962289349e-05,0.99296405389598
65,0.013204129253099037,0.000995598890077938,0.0002615976932626986,0.00019875099992583932,0.9853399231636346
66,0.001759249158348894,0.002063221455620872,0.00211570374762469,0.00011147242480969367,0.9939503532135959
67,0.000752860764638812,0.0019038767726978544,0.0017174151254395655,0.0002985089756162965,0.9953273383616076
68,0.0024390191706336792,0.0006982019343228811,0.00010333346199592407,0.0006943830886950876,0.9960650623443524
69,0.0026760144248548687,0.0004537303355689199,9.171520316298479e-06,0.00028540026236550226,0.9965756834568944
70,0.008490657838778413,0.0002627880822778947,6.640722678450334e-06,0.0003863772661943549,0.9908535360900709
71,0.003796002569154881,0.0005958463562167702,3.2765888998845414e-06,5.6097832779525815e-05,0.995548776652949
72,0.003339844275388097,0.0006354574191479474,1.1269323245802841e-05,0.00016681202456974981,0.9958466169576484
73,0.018247144194312576,0.006272907120196266,0.0004031230752385111,0.0007530773544084358,0.9743237482558441
74,0.001974228619053649,0.0037467930423061837,0.00034456383973423575,0.0005566579039547503,0.9933777565949513
75,0.0057944697345689794,0.0053164494760566975,0.00011489947781588384,0.0010904737159998475,0.9876837075955585
76,0.001127639555668518,0.0013769550002183208,4.5769875291908474e-05,0.00019444386310215974,0.9972551917057192
77,0.001875306675974464,0.0015166839244693873,4.8904349812434395e-05,0.0002628285033935351,0.9962962765463501
78,0.0382142510291344,0.015150889221266709,0.0008412588766354655,0.0010228352177285229,0.944770765655235
79,0.017215352737453275,0.004027251390865951,0.00024090458389595433,0.00028832730247063226,0.9782281639853142
80,0.03877311266194268,0.01422863422997926,0.0006958378121215084,0.0009512020881818755,0.9453512132077747
81,0.024677299949988615,0.014896573746294923,5.016528753724227e-05,0.00037563854201539114,0.9600003224741638
82,0.025877497720143607,0.010472389773362472,0.0003514019137872216,0.0003192720992146151,0.9629794384934921
83,0.029711945912842885,0.06029629650475786,0.005595730821030517,0.001350544822533678,0.9030454819388352
84,0.028815015575346773,0.031105992363125317,0.011012507580571821,0.001172159765955654,0.9278943247150004
85,0.025375503886133743,0.09453565717363205,0.0015315060565426301,0.0008442217308701512,0.8777131111528216
86,0.024815987995162624,0.054905309383249286,0.008647719106244392,0.0007957981366470754,0.9108351853786967
87,0.02841363486882797,0.04143728366609927,0.0051284526310224395,0.001517602944695203,0.9235030258893551
88,0.019857009452211638,0.08973147200506398,0.008050595119373841,0.0006948248674298592,0.8816660985559207
89,0.011680713454723608,0.02468485422104204,0.0010416308893695944,0.00016034281357488777,0.9624324586212899
90,0.049986896449386635,0.029308969600537395,0.0022749305522953176,0.0005090051728205266,0.9179201982249602
91,0.036466809579509964,0.048638292669618784,0.004008665297861652,0.0006323511727492813,0.9102538812802603
92,0.018915855592851152,0.039474806790389866,0.00040965017198740653,0.0005064087839245132,0.9406932786608471
93,0.008133231767694272,0.050091183886027124,0.04999074682571146,0.0006647655167610036,0.8911200720038062
94,0.016425846455454276,0.11704917362176395,0.08448967921696571,0.0035587449502908425,0.7784765557555253
95,0.006159186421995772,0.01917794132402354,0.00036437426312252316,0.001237592481924775,0.9730609055089334
96,0.006512979970987305,0.012776170879206667,6.157829535731814e-05,0.0007585509363921347,0.9798907199180567
97,0.008370032637182445,0.03486817016173923,0.0003183496227676202,0.0005696335365120824,0.9558738140417987
98,0.00915471962794196,0.01659643558536752,0.00011376520744822344,0.0003799799771087367,0.9737550996021336
99,0.0029970793073198646,0.009057540524840452,0.0001361506231884356,0.00018557039597700694,0.9876236591486742
100,0.004437196857031721,0.0029849660109637203,7.461548392059445e-05,0.0003835027892501229,0.9921197188588339
101,0.0021458413760874506,0.004429886032636615,8.282707699435989e-05,0.00013529474257475673,0.9932061507717067
102,0.005922972650764922,0.008618038505240268,0.0001076789301975212,0.0008868431836717461,0.9844644667301254
103,0.022008322280511385,0.009941703707796642,0.0002931638878572364,0.00085810417885202,0.9668987059449826
104,0.0422562421878201,0.010648635200294734,0.00024194966976190467,0.0026514394508041104,0.9442017334913192
105,0.009221542904870764,0.02181916966998012,0.0024070144174172274,0.0006116001555615636,0.9659406728521703
106,0.005011580848801991,0.00602524992141578,0.0002660785452130734,0.0012842925839718629,0.9874127981005972
107,0.008737187513373164,0.005010742392205298,9.83292837526473e-05,0.000953516082043633,0.9852002247286252
108,0.005688497727344759,0.0032669063743730694,0.0005109412379001284,0.00021636336302712983,0.9903172912973549
109,0.03637259365835555,0.006028326053505177,0.0005718878578517762,0.00031869781025173154,0.9567084946200358
110,0.08264365298405821,0.03235769274673822,0.005127464432278134,0.002896276598179071,0.8769749132387463
111,0.011050618457768757,0.006771286247926556,0.0010194914119683153,0.0009362721358948651,0.9802223317464416
112,0.0056902055639211115,0.007410703588534787,0.003230968275757035,0.001587116614807844,0.9820810059569791
113,0.002162479381522683,0.0012962529058641518,0.0005599007330925333,0.0003301789532508379,0.9956511880262698
114,0.014325472276711848,0.0035512098793419942,5.719889001429208e-05,0.003052290438343576,0.9790138285155883
115,0.0037300513646225547,0.0011744663049829903,0.00018246665238223672,0.0004805043093854507,0.9944325113686268
116,0.005276662782321485,0.0007806682459420659,0.0002330840443783227,0.0003588881572086515,0.9933506967701494
117,0.010645019666065344,0.0049084989415506975,0.0013227707047314768,0.0018603392835200665,0.9812633714041323
118,0.009075535461311715,0.0013313787278634109,1.633093900833408e-05,0.0028667458182729377,0.9867100090535436
119,0.09686415074067828,0.013765223978596032,0.0003536599807250602,0.0078068789999546275,0.8812100863000459
120,0.0318740495565347,0.01098934607456208,0.010450205005397579,0.0027988374296506976,0.9438875619338549
121,0.13458910293619003,0.039623056045275745,0.0003510771735633543,0.007474051795279831,0.8179627120496911
122,0.02149740766972709,0.012689357882769302,0.0020882580780996365,0.001397260363812068,0.9623277160055919
123,0.016255522919436525,0.003026888372661632,0.0001904333803040136,0.0015703964821398688,0.978956758845458
124,0.0065604878947675745,0.0013269828277423683,0.0003459613491622086,0.0017181455178374198,0.9900484224104904
125,0.07635438667006661,0.054684292553842245,0.009524793546045782,0.016554043197476574,0.8428824840325688
126,0.00615736940886492,0.011009953933404227,0.008304661965813401,0.003642321741385772,0.9708856929505317
127,0.007730524854194133,0.002451132166447892,0.0005645649097489571,0.0020832509139684908,0.9871705271556405
128,0.004392960875404667,0.0012605707549476267,7.587070913093396e-05,0.004095011583263264,0.9901755860772535
129,0.0044746442256012545,0.003263901214955266,0.0001593304790959536,0.001967953332609547,0.9901341707477379
130,0.028559145425890723,0.0021781631011141287,0.0010070806220533616,0.004022903790288229,0.9642327070606536
131,0.01022936516718231,0.0031371294687116288,4.861990831236587e-05,0.002704872543312862,0.9838800129124807
132,0.011549320107570456,0.003438678819494316,0.00025116533620360166,0.002357464869632895,0.9824033708670987
133,0.011467762479180958,0.0033831072615802676,0.00013203966338207047,0.004179766677190818,0.9808373239186658
134,0.002975239247753776,0.001296462790060899,0.001184475144070558,0.0006299895362827433,0.993913833281832
135,0.003399482805898988,0.001749859884500849,8.046038075752306e-05,0.0017279155271428428,0.9930422814016998
136,0.006100229571419484,0.004335985805532874,0.00031199358386426075,0.0012514690257514813,0.9880003220134319
137,0.00528664551685969,0.003352989961761386,6.897575451449253e-05,0.0008619940236175365,0.990429394743247
138,0.008154320767649667,0.003866905378884306,4.012772600820353e-05,0.0011398908259747527,0.9867987553014831
139,0.011017743211565494,0.00435712785594198,6.691641359905456e-05,0.0007873345970101462,0.9837708779218834
140,0.010934634497014477,0.00604310819238759,4.926512162616225e-05,0.001265893872589336,0.9817070983163824
141,0.015864788144492728,0.011837335490501356,0.0002518979002005069,0.001303973950793268,0.9707420045140122
142,0.019170929289573688,0.0054046470041825044,3.391272484454217e-05,0.0017705714109282655,0.9736199395704711
143,0.03201193473026137,0.13690240737220835,0.026633368692501196,0.005182547713843006,0.799269741491186
144,0.014221531524616457,0.14945808795937618,0.02049869726045599,0.001818630627482065,0.8140030526280693
145,0.008891801286385288,0.050751548206602576,0.002419142954348872,0.0011721572821848907,0.9367653502704784
146,0.007528070075033903,0.03724921441619514,0.02894588721774813,0.0008468415631118779,0.925429986727911
147,0.005241582328752987,0.045257150403902796,0.006106240263560531,0.00045007134501185255,0.9429449556587719
148,0.02679609499824989,0.04585442124300355,0.011762553901952282,0.0031426397406628006,0.9124442901161315
149,0.004240236611539228,0.029300575112076527,0.00712069511407126,0.0011674999939092084,0.9581709931684038
150,0.0041092162254570295,0.009299605167889129,0.005677905252702736,0.0012330579134113982,0.9796802154405396
151,0.009087382126672015,0.055700678124012123,0.14132700341595453,0.0034762006545123307,0.790408735678849
152,0.007953535721011026,0.06721982675004355,0.15661563247220472,0.0018374980284429742,0.7663735070282979
153,0.0055700057488910675,0.03809144995733971,0.036607236858230814,0.0016449662589286312,0.9180863411766098
154,0.002461019697489019,0.024635589288991303,0.015531388548765939,0.001947423122548223,0.9554245793422056
155,0.01026999319108469,0.011353263999430806,0.007379511052127477,0.002543832564025263,0.9684533991933316
156,0.005321798757291003,0.018720886280481828,0.015916821279714215,0.0025146518041469536,0.9575258418783659
157,0.0048149735804267225,0.0065403002116336175,0.02671874935043333,0.006511806676060317,0.9554141701814461
158,0.000703258796801629,0.0009379926135319178,0.006037217303108671,0.00032310587275334086,0.9919984254138045
159,0.0020932742443659875,0.0034870578681404554,0.003960659348755341,0.0004083028075819686,0.9900507057311563
160,0.012550488425908196,0.020614883079114004,0.005762137988578357,0.008551660994941463,0.952520829511458
161,0.018623080522065474,0.09088682004889446,0.016869384788969558,0.006014012739172392,0.8676067019008981
162,0.009769906426124736,0.015501237673618811,0.001460267921737861,0.004142299306096166,0.9691262886724225
163,0.058876374779032875,0.030585393899609434,0.00017938578540554142,0.017366424397326895,0.8929924211386253
164,0.05660931619324341,0.028542123763205904,0.0005112102990980932,0.009042355661286621,0.905294994083166
165,0.017634070658822127,0.004696716504755606,1.653471254974435e-05,0.003029248394587787,0.9746234297292848
166,0.08477548397122626,0.008386291201414953,2.2552622025903103e-05,0.0074602158900940385,0.8993554563152388
167,0.034948103244290124,0.0014939229197006773,3.231195471409098e-05,0.006227300583876624,0.9572983612974185
168,0.006254451205164439,0.0005209005655491785,4.6533668085194706e-05,0.000828168218868233,0.992349946342333
169,0.09905704763866599,0.02113557511849955,0.000526847642991592,0.03931529679700591,0.839965232802837
170,0.12432854450136585,0.02518619938999499,0.00041043430081761615,0.025562126873399305,0.8245126949344221
171,0.060716434777481676,0.04158520849373532,0.0002977857244265822,0.004343210406108204,0.8930573605982481
172,0.13892698308382032,0.11144529847622277,0.00023644134749057459,0.009291504793286444,0.7400997722991799
173,0.05978767023306787,0.04443357055661218,0.00030027843341008296,0.005943168039762411,0.8895353127371474
174,0.01510850078567033,0.02004074898463971,0.0015379914723704757,0.0023054927443841894,0.9610072660129353
175,0.0048399471492559356,0.005385461511054664,0.003647991439641839,0.001248596401531467,0.9848780034985161
176,0.009728406895749478,0.015157165058039001,0.007957993746862521,0.0032166643047891992,0.9639397699945598
177,0.008590953861219358,0.008332436887674757,0.01429114882764527,0.0006557619022637885,0.9681296985211969
178,0.00395192294269173,0.0028590543700006826,0.0016609841242610393,0.0009360916735503277,0.9905919468894961
179,0.005027976568271487,0.009735306649293833,0.005198381378261526,0.0005492150897999303,0.9794891203143732
180,0.01917617363663654,0.07165058888641862,0.02772515065195876,0.0018908809314196946,0.8795572058935665
181,0.022864388163947896,0.03388975439172518,0.0052172494608735765,0.0017486640270382942,0.936279943956415
182,0.01318542661036873,0.063923569727704,0.018590579103603386,0.001209337107050607,0.9030910874512733
183,0.0016107460091767175,0.0009070809524831924,6.23653966245557e-05,0.00032830872258641657,0.9970914989191292
184,0.005948068115920412,0.007313643473440985,0.0013540269958679178,0.000534064769819506,0.9848501966449511
185,0.016162571345325824,0.009384698670032941,0.0009502564256994439,0.008722184333244716,0.9647802892256971
186,0.021818613595027646,0.03929661701421878,0.02810068093512291,0.003988044672019793,0.9067960437836108
187,0.01780619113356577,0.05755745289669944,0.010200958102614276,0.009233437918674318,0.9052019599484462
188,0.01087716043398141,0.02326080755557218,0.010447496037343301,0.0041158592196833665,0.9512986767534198
189,0.006478563391595399,0.01949302178370017,0.0028497254300875064,0.002264982466461023,0.9689137069281558
190,0.013962712470428495,0.02956800701096408,0.026521420913405067,0.004844753363800846,0.9251031062414015
191,0.0026641372106679263,0.02152350264751193,0.007192973260131415,0.003156775080276772,0.965462611801412
192,0.0025763257098520686,0.010746549359488544,0.00608627728832837,0.005006016095991582,0.9755848315463395
193,0.007469661707278945,0.03630141132980159,0.0017895324946435743,0.001649425248061202,0.9527899692202146
194,0.0006321364822027788,0.007278332980175715,0.0007507035400560457,0.00026643663238249863,0.9910723903651829
195,0.0016592333459860208,0.002340442366355678,0.0014082481190895498,0.003933840846042204,0.9906582353225264
196,0.0009361848268534788,0.0032037111687379916,0.0002680433968207672,0.0008156938012280332,0.9947763668063597
197,0.0019858229240728572,0.00345910100514,0.0006618712473669728,0.0012793048742656648,0.9926138999491544
198,0.006724985873373825,0.003892880476280455,0.0008560633916188243,0.0031914377873102032,0.9853346324714167
199,0.0035550082800147567,0.004844765753566893,0.0016343475351116106,0.0010544185828327913,0.988911459848474
200,0.0034241020333914125,0.012873386049196774,0.0018882260770311874,0.0012348629475456938,0.980579422892835
201,0.0016839932322712525,0.005713445414896186,0.0015277216647292887,0.0006655310938357558,0.9904093085942676
202,0.002135650560943316,0.006180827925307784,0.0025798422770482517,0.0006548335519831528,0.9884488456847176
203,0.013924755362518332,0.031307165839930894,0.02537925732696365,0.005977199384877073,0.9234116220857101
204,0.008614616953764014,0.014872043209307248,0.00024287406167507498,0.016350825871889692,0.9599196399033639
205,0.006418373909736926,0.02452873456929949,0.0029486882580283987,0.0010460196527737405,0.9650581836101614
206,0.024797652970841407,0.20889414111572657,0.015281134428081803,0.011882622919337156,0.7391444485660131
207,0.020731525230401147,0.07976126648884797,0.04595797689362481,0.01282645560404458,0.8407227757830815
208,0.0068472096140742835,0.046443377897223324,0.018476071717536926,0.0034154427441880288,0.9248178980269773
209,0.017852953129775043,0.0791528170334377,0.00701401840935819,0.009844945739108171,0.8861352656883209
210,0.00937065615903823,0.010652368924162915,0.0008752741727891778,0.004765110852675336,0.9743365898913343
211,0.02396327859216758,0.0254902166474044,0.014149504266984067,0.016557133290489585,0.9198398672029544
212,0.007839050796345226,0.006552728511281362,0.00014615488991054687,0.0016207561666975383,0.9838413096357653
213,0.060211599121310196,0.011666547432539292,0.00027464364227264797,0.00281243352306603,0.9250347762808118
214,0.0619161115424391,0.050727122250254365,0.008492804173629853,0.010074750775507336,0.8687892112581693
215,0.07919470214648205,0.0484915581054027,0.0012735091624672412,0.014052177177415113,0.8569880534082329
216,0.07398318536218654,0.20499840485566748,0.024297462307041315,0.021589347753499678,0.675131599721605
217,0.050675510894754874,0.07092280274026107,0.0018560706008912185,0.02596326320837328,0.8505823525557196
218,0.03458931496608701,0.13249630261259449,0.009622353038078497,0.02373553970106045,0.7995564896821795
219,0.17373318699243576,0.13812509749949878,0.0003449150031528368,0.07170454059131094,0.6160922599136017
220,0.03478675292991989,0.22082967777071097,0.0019350220696279525,0.021994836405814514,0.7204537108239266
221,0.0029778270688675165,0.03513115365756483,0.0008774649529313331,0.005921240632702147,0.9550923136879341
222,0.0013041969518455686,0.007021200548566483,0.00030146218030458014,0.0035404598040730253,0.9878326805152104
223,0.001588211105521322,0.0035034392794202197,0.00013187432248689302,0.00329470796080443,0.9914817673317671
224,0.004291820970303228,0.027156433367562724,0.0008649193762042933,0.004065168089978056,0.9636216581959517
225,0.00810610572689723,0.007903128409567113,0.00136633069102327,0.004081007675910804,0.9785434274966016
226,0.007494082790317068,0.006230087354417186,0.003309737549111064,0.004345517891858193,0.9786205744142966
227,0.004817229364050375,0.02070764772902703,0.004250932131165407,0.003717097566500271,0.9665070932092569
228,0.008173571120027956,0.01168061468986376,0.003923063191449692,0.010019676187774626,0.966203074810884
229,0.007579109581441216,0.044661450275824896,0.004350374637567089,0.010403436508971842,0.933005628996195
230,0.002126638972862197,0.0121189668390541,0.00016417279093653534,0.0014084896467497934,0.9841817317503974
231,0.008030761677344631,0.057505178510255474,0.0028001849318998917,0.013542634128795744,0.9181212407517043
232,0.011463296234685973,0.020704464884466183,0.0009670906909186867,0.007488016426743921,0.9593771317631853
233,0.006429157845612662,0.007933848623529315,0.0018808089283904037,0.01114316618887833,0.9726130184135894
234,0.0026895872488465343,0.003056481318844287,0.00030981145432754835,0.002885117373993958,0.9910590026039876
235,0.005208482740401218,0.008999908286695392,0.00022640626546194497,0.0014351905781411494,0.9841300121293003
236,0.010109201126957418,0.009531882951552304,0.0004918622454872099,0.0019352132852684572,0.9779318403907346
237,0.016119670464242758,0.007317054214720305,0.0002982802388795641,0.0021765261145531073,0.9740884689676043
238,0.012363651013405431,0.013930106518605455,0.0036171878786651576,0.007264041813607099,0.9628250127757169
239,0.016242960944585653,0.02333757369327302,0.002339961933217326,0.014485217238743088,0.9435942861901809
240,0.020821720512805928,0.05943992805209258,0.0026478953077447454,0.016188853556051236,0.9009016025713056
241,0.01874965364328851,0.05284892785401093,0.015315955690138092,0.029303567888985256,0.8837818949235772
242,0.009327278911900412,0.010828185699491538,0.001298051062522059,0.012491953568063038,0.9660545307580231
243,0.010228533175566526,0.012456729410621505,0.004877004585038239,0.017531327509097718,0.9549064053196759
244,0.027690914436641605,0.013647830615916857,0.00041794663736791424,0.007721121853896008,0.9505221864561777
245,0.1606237424442279,0.01937790060214325,5.4684936739791936e-05,0.00946019135689109,0.8104834806599979
246,0.3484434687391688,0.26916483272857505,0.00024794439975514207,0.010805415004549799,0.3713383391279512
247,0.27504216762971506,0.6231388310855211,0.00042453883881298464,0.012789208677679846,0.0886052537682711
248,0.1516442525394687,0.789104072787995,0.0004107508478744204,0.015531987797806965,0.04330893602685494
249,0.013585952685730554,0.9756673378926719,0.0009167523797412759,0.0015256924890992647,0.00830426455275668
250,0.0018107457305897316,0.9873614355629452,0.0018955827779296873,0.0006542876627646222,0.00827794826577059
251,0.0033818968768046767,0.9860260259756823,0.0023608821319767506,0.0004857969054830657,0.007745398110053337
252,0.0026610323564601615,0.9882715994069148,0.006865802267116148,0.00035493968512428486,0.0018466262843848183
253,0.0017265390092283549,0.9794825265556597,0.017410566195706682,0.00025424716834114233,0.0011261210710642065
254,0.0027965771109193243,0.961975826717582,0.033648332065812796,0.00010907989980275077,0.0014701842058829956
255,0.006982720377790475,0.9843578592340251,0.006869808861768247,0.00018774556850609958,0.0016018659579103507
256,0.0013104571972878832,0.8615922825508099,0.13626622319447562,9.544198014761271e-05,0.0007355950772791835
257,0.003949663650196343,0.9008332569727044,0.09242664562905303,0.0003697823993716941,0.00242065134867474
258,0.006062976969671674,0.9556108292551737,0.036828165600693664,0.00021078010656282327,0.0012872480678980207
259,0.0029058387108748525,0.9166044578329552,0.07868235702384134,0.0005160327487034353,0.0012913136836251483
260,0.003417933295150379,0.9217209624048148,0.07143203395741482,0.001082437750397266,0.002346632592222703
261,0.006528063564397893,0.968799217031347,0.01914716780890326,0.0009810958568823613,0.004544455738469476
262,0.0030529028050054487,0.9776584720761244,0.016399006166756405,0.0018403402218714255,0.0010492787302424133
263,0.01819169419690165,0.9384403795360934,0.009842220604068306,0.026967793904274846,0.006557911758661747
264,0.037488382523410455,0.7791969283180121,0.0020060780732690923,0.15695303803318425,0.024355573052124057
265,0.09675819022142614,0.38999045356871603,0.00033515659649761153,0.3650473207767148,0.14786887883664537
266,0.11410421325603456,0.17035021012629512,0.00021931945689088606,0.5894864547061854,0.125839802454594
267,0.12860995969889127,0.21867885041154186,0.0003635416254835497,0.5613585111739874,0.09098913709009596
268,0.03926311946811665,0.041780448984088565,0.0002213306139984627,0.8369203834842374,0.08181471744955908
269,0.03450552121635023,0.03474685971729273,0.00015261989780684243,0.8856581008351244,0.04493689833342583
270,0.052956909673968065,0.041608208748778054,0.00034792398518214423,0.7643133466071979,0.14077361098487398
271,0.03041668758152693,0.015607331924120041,0.00011022971262446065,0.7566077195030584,0.1972580312786703
272,0.05319305732059906,0.040176922207270836,0.00024494140458681813,0.6263473899803588,0.2800376890871844
273,0.056672478457135675,0.023397117619983702,8.759469176345593e-05,0.8184110345425947,0.10143177468852263
274,0.04641174089577789,0.017258569753685643,0.00010311991352876384,0.8348178453296522,0.10140872410735552
275,0.07983997549974484,0.05843573770885502,0.00014992516049586096,0.6645979071080816,0.1969764545228227
276,0.05646440679880958,0.03060500524975284,0.00014729894953371042,0.6964752800934465,0.2163080089084575
277,0.06974066394448095,0.04192043597093902,0.00015153742511634977,0.7006705433231993,0.18751681933626424
278,0.06111207449779018,0.01450876475972121,0.00014453349360882392,0.7911127797764272,0.13312184747245243
279,0.06625618289344459,0.06553742545422371,0.0003387809200645847,0.6343391797136974,0.2335284310185697
280,0.04651108404751192,0.024799398503977766,0.00016501180285173505,0.855374857356545,0.07314964828911348
281,0.02945484927497296,0.047989725632166545,0.00014774741466229289,0.7519525262587853,0.1704551514194129
282,0.022840727396158316,0.020948698779375035,8.848480053570721e-05,0.9111138269102038,0.045008262113727104
283,0.03399467687875276,0.03008158364143985,0.00018986545097938833,0.8065140022335934,0.12921987179523456
284,0.03886169403200758,0.012567842850598495,7.520315961725697e-05,0.8134337051064194,0.13506155485135726
285,0.03699286099356505,0.031138954097963734,0.00014153242899961745,0.8703660280299073,0.06136062444956441
286,0.034735766524139705,0.007819772205878782,5.5434577047180836e-05,0.8169147149681772,0.1404743117247571
287,0.050462040160149386,0.018959341249078623,0.00011070179572323056,0.7356300951509455,0.19483782164410327
288,0.03462523004973481,0.024410743088255353,9.257775012354782e-05,0.9160667015513262,0.02480474756055998
289,0.043831814642270546,0.031049078667275107,0.0002321303205303642,0.7669146466731424,0.15797232969678168
290,0.025778222354179228,0.022859617389603706,0.00011838358611788174,0.9029615117183003,0.04828226495179887
291,0.0257219583667776,0.013973420503861828,0.0001031782616750373,0.8721782490120802,0.0880231938556053
292,0.020638008674245378,0.012629340894058122,0.00010311119450012392,0.9262040593721778,0.04042547986501854
293,0.036695315204504114,0.013483638921887201,0.00011104632499034348,0.8818204784728058,0.06788952107581268
294,0.049467213354569016,0.041246641751299495,0.00025475558400437785,0.6944459113574968,0.21458547795263033
295,0.03796644601908462,0.01571788670249693,9.928411267853693e-05,0.861778665678935,0.08443771748680486
296,0.02454688078987441,0.01284661385094862,6.650614992591141e-05,0.9110697582514938,0.051470240957757235
297,0.029209173725013454,0.009850435229769005,0.00010106042385655403,0.8530832107643144,0.10775611985704654
298,0.03580409664078223,0.025439766998862853,0.00014587475290786203,0.8825195175631887,0.05609074404425836
299,0.05213367219589748,0.02710538388167645,0.00015387652390848395,0.8389089580811244,0.08169810931739332
300,0.06245902669262481,0.034245797013018414,0.00016300805594930345,0.7912355962839432,0.11189657195446412
301,0.07094863399202077,0.036920278560237385,0.00021429690967409226,0.837848293431231,0.054068497106836776
302,0.06149577828885674,0.04276263846872943,0.00013457232666467088,0.7973190980843832,0.09828791283136591
303,0.06855941542433151,0.038550880618675926,0.0001331145787408571,0.8234449632145782,0.06931162616367348
304,0.03719809226401075,0.03309696423663671,0.00014395616785862513,0.8687171012108488,0.060843886120645244
305,0.046085647598288676,0.022901426637153954,0.0001806097234595909,0.8767698188635996,0.054062497177498205
306,0.07551910040049384,0.0466564170237567,0.00023310865206138817,0.726652454392792,0.15093891953089605
307,0.08620545464641995,0.0736284687556275,0.00011390861541304284,0.7945807612109911,0.045471406771548525
308,0.09217247503298781,0.10897491944825786,0.0001850478366657986,0.7064911136872559,0.09217644399483262
309,0.04005997437667917,0.35836623991084693,0.00027057018243938286,0.5587728474979546,0.042530368032079956
310,0.03818394791090141,0.15328160886823577,0.00018987220130221695,0.7463669779329672,0.061977593086593355
311,0.10073689896056437,0.10429166091823178,0.0002695098729068343,0.5782372041116847,0.21646472613661233
312,0.0960839144330056,0.21694973060733047,0.00021033155552095654,0.6028945067848039,0.0838615166193391
313,0.04348140826316345,0.6143047681778533,0.0002654451579272961,0.3116863637146511,0.030262014686404923
314,0.02106633657141179,0.8122450954045575,0.00040120110328639616,0.14484766962547363,0.021439697295270833
315,0.020831881489948082,0.7478577032755829,0.00037999344373752445,0.21096925144212206,0.019961170348609367
316,0.09945719764228927,0.395956771507669,0.00039831992108203134,0.44656647799500054,0.05762123293395909
317,0.05677123265901825,0.6928595635187654,0.0002940677859809846,0.23042705349146683,0.019648082544768474
318,0.09282991538034063,0.671138224494155,0.0006155678450607975,0.21056598324153014,0.02485030903891362
319,0.1290958505689942,0.7852548475974818,0.0006048241917169858,0.06102917286326519,0.024015304778541968
320,0.08829987592436143,0.8714623064681838,0.0005805399185349233,0.03231739320685473,0.007339884482065069
321,0.015928446137517243,0.97343526172129,0.0012194953633768294,0.00465626047101203,0.0047605363068038585
322,0.007576301235872392,0.9852370461148158,0.0014992887521587729,0.0016556221953198068,0.0040317417018331655
323,0.012394684045220419,0.9785760573651956,0.0021349550250765884,0.0025402532967321494,0.00435405026777542
324,0.021917784362749028,0.9662299703848859,0.002032030890635322,0.002052273058313108,0.007767941303416534
325,0.01712870067217546,0.9733108038296145,0.003697528171288837,0.0013640635230013532,0.004498903803919997
326,0.013532225334802599,0.9738715512707096,0.005412605970649574,0.0027397229298165133,0.004443894494021777
327,0.01406413408147099,0.9732293339903945,0.007851267468424473,0.0010938473738832735,0.003761417085827022
328,0.018050099498901486,0.9684616034713179,0.007134263131860887,0.0019378412815499529,0.004416192616369754
329,0.016600396804328454,0.9566239285187853,0.021073430735617647,0.0014791777468140732,0.004223066194454598
330,0.014772962959786222,0.9395686904338059,0.04084212797029301,0.001971222315313063,0.002844996320801548
331,0.0075311470816099265,0.8500027453962139,0.13706715468337172,0.0012699108360797946,0.004129042002724463
332,0.01201016633138195,0.9566040485388116,0.02762827706081516,0.001372894168137015,0.0023846139008542743
333,0.009189238337686128,0.9218079869137212,0.06496327783089506,0.0021657011410675764,0.0018737957766301677
334,0.012756196115763077,0.9628820440733938,0.0208207992233509,0.0014436895957644135,0.0020972709917276753
335,0.008118517575990289,0.7294843457304239,0.23809800438674217,0.001127640880761606,0.023171491426081978
336,0.0028827962508224413,0.9062785728987546,0.08856222031892136,0.00042330495329471037,0.0018531055782072398
337,0.0034249633954087006,0.6047108175730783,0.38968313487178136,0.0002464086241218818,0.0019346755356097658
338,0.004436508892173243,0.7965322977563195,0.1958708392042452,0.00045184319818263686,0.002708510949079338
339,0.005354281886977506,0.7884068577494671,0.1999929388431254,0.0003224174036715967,0.005923504116758458
340,0.003971311313561575,0.6584017056084198,0.3334883014233844,0.00016729603825070883,0.003971385616383417
341,0.004363655870788422,0.8413806285024731,0.1506125519723252,0.0002215342153466215,0.0034216294390666314
342,0.0016073517128591698,0.6318497636548485,0.3617036779065601,0.0001775212715845329,0.004661685454147649
343,0.0011066243400509673,0.6192980867491774,0.37601278621273065,8.908416274450109e-05,0.0034934185352964837
344,0.002046966402051329,0.7484319517359505,0.24304869942328047,0.0005126247308176247,0.005959757707900002
345,0.0017547021690903547,0.8438206968444552,0.15134220627990314,0.00028049036078002656,0.0028019043457715147
346,0.0021214564381133705,0.5266629290233008,0.4643484383965281,0.0003234673167634524,0.0065437088252943195
347,0.003693952951143001,0.4455721721875546,0.5473873403070355,0.0002586263982227401,0.0030879081560440894
348,0.0011716355716160224,0.4013831354058485,0.5933476219486736,0.00016957000001945163,0.003928037073842346
349,0.010356173537754766,0.8330685011989117,0.1505164467761077,0.001264571608983039,0.0047943068782426304
350,0.002385346790908678,0.7553238132716357,0.23921737769727494,0.00020010406777005047,0.0028733581724107015
351,0.0031247488645344515,0.66669163732798,0.3234006520248064,0.00025210877780274703,0.00653085300487645
352,0.007077085779935184,0.6835690785112706,0.29619836255341747,0.00023161032276904165,0.012923862832607599
353,0.005091625942414244,0.7499279052522502,0.23807639148998333,0.00039982725796666366,0.006504250057385686
354,0.0023693681555990156,0.38931542095158034,0.6057222667090667,0.00020859523443319088,0.002384348949320705
355,0.006742114572572554,0.6831349487527411,0.30452975932215887,0.00027444702113436963,0.005318730331393125
356,0.0016229105745740509,0.4584825451342485,0.533309407935402,0.00023953116530549102,0.006345605190469813
357,0.004384264124400115,0.7988996764733856,0.1932481663701781,0.00032145119948287634,0.0031464418325533854
358,0.0034550307352186668,0.8239625828699692,0.1696826803967569,0.0002085125306940597,0.002691193467361112
359,0.0018577881806456052,0.45598930323523496,0.5402363288778823,0.00014560018635400898,0.0017709795198831181
360,0.003034694456158329,0.8035723894362138,0.19094876661753452,0.0002991045291383135,0.0021450449609549172
361,0.0035476138179693184,0.7160303948535564,0.27733237499505414,0.00027337159979236726,0.0028162447336277127
362,0.002059223439899017,0.553554033100506,0.43961343374448847,0.0002867075900628685,0.004486602125043684
363,0.008374468506164733,0.9433608060337617,0.04090613333770819,0.0005103549468775545,0.006848237175487842
364,0.002736890174328685,0.502485112989485,0.48986678245575177,0.00020461549728474808,0.004706598883149838
365,0.0033293605024938546,0.775834739558789,0.21534589650840827,0.00031388722791694606,0.005176116202392033
366,0.001514769412569377,0.42636901702456126,0.5690495869261952,0.00012580646124954578,0.002940820175424463
367,0.0023408314856850176,0.37697891410385725,0.6137373758370889,0.000268039251370789,0.006674839321997988
368,0.0038766651885755996,0.7503975683830633,0.23744896678693594,0.00044072586003596334,0.007836073781389235
369,0.0020346947428319076,0.4319652619533331,0.5566218964679158,0.00025409319058622887,0.009124053645332943
370,0.0019065190541926395,0.44879686092177007,0.5357926454010232,0.0005092083898140518,0.012994766233200002
371,0.0020910152807005625,0.6325101831232077,0.3556156417704048,0.0008445001281044407,0.00893865969758247
