epoch,N1,N2,N3,R,W
0,0.020431756781247062,0.0023047605701471594,3.0603882526110776e-05,0.002040727346168439,0.9751921514199111
1,0.00950399162355648,0.0012078075749113381,2.5803312319675717e-05,0.0010782611081087581,0.9881841363811037
2,0.013252275788324143,0.00160977417421958,3.4037285192091523e-06,0.0014919938974140886,0.9836425524115231
3,0.042382147192142554,0.005191727615464931,5.883693680464757e-05,0.004873465935562314,0.9474938223200255
4,0.029366027367408908,0.005156774605328103,2.574451816275471e-05,0.006738483004741697,0.9587129705043587
5,0.07747836192076814,0.019657082533163776,0.00013160344074888473,0.026397553964214105,0.8763353981411051
6,0.028710950912111902,0.007990208769780592,0.00014535940083947084,0.029783143724494983,0.933370337192773
7,0.018685155668631208,0.003992679809782105,0.0004771211316474315,0.00227152839429181,0.9745735149956474
8,0.009812891650118926,0.005470498114623146,3.705311541913244e-05,0.003996991354562524,0.9806825657652763
9,0.021412649341018504,0.0047911401333448345,1.832654700165435e-05,0.006981226405370816,0.966796657573264
10,0.020421051262572418,0.01889320845020927,0.0004126731417082763,0.003688588674801839,0.9565844784707082
11,0.015998259001967,0.014889944018968194,0.0004160562967180393,0.004692054946246251,0.9640036857361005
12,0.01284694926116872,0.0158271222978566,0.00011940274357466468,0.0025589327538988625,0.9686475929435012
13,0.02106884061542339,0.04924219066162582,0.02316792654537201,0.001591345093678234,0.9049296970839005
14,0.027196399360332774,0.011853869425134904,0.0005531050792132373,0.0017042523105621245,0.9586923738247569
15,0.024124862278897725,0.06836391850690014,0.04009731288445558,0.0012768524425540472,0.8661370538871925
16,0.02976190156950351,0.04497236192419994,0.0029893487727124988,0.0028886815666733304,0.9193877061669107
17,0.017952959678022577,0.05422967084987204,0.016371253170843796,0.0010998019780149525,0.9103463143232466
18,0.05509212306589361,0.21500802470773664,0.014391875177363041,0.007162446166765412,0.7083455308822413
19,0.01990696423360325,0.18315146505307453,0.09031278263561246,0.0018314193725794791,0.7047973687051303
20,0.04809602530653897,0.19961144041054213,0.0009419335158504356,0.011735225544072405,0.739615375222996
21,0.0631260664723253,0.31277587771942517,0.006450795241845581,0.005326859440430966,0.612320401125973
22,0.021781311676698466,0.020105928059578636,0.00021922619765072534,0.0008397627471963808,0.9570537713188757
23,0.09040249652643098,0.657988846936381,0.048816488287577765,0.002509039187871261,0.20028312906173876
24,0.11665873581036522,0.6767342104938442,0.02727170360078997,0.00229988106867392,0.17703546902632672
25,0.053349232026163776,0.6614881443424958,0.06519126285179688,0.001392824351759654,0.2185785364277839
26,0.019491375130923614,0.80354288143089,0.09712274971391942,0.0011281654704352296,0.07871482825383157
27,0.28678107914077916,0.3340512662804796,0.014966056351800684,0.003654620414082728,0.3605469778128579
28,0.04307007745762728,0.6938245859708208,0.06404609909134867,0.0017232775443878983,0.19733595993581532
29,0.03228419611678253,0.6293857770467476,0.2253470323321256,0.0032654111453695985,0.10971758335897465
30,0.28622235752967606,0.29297798597259966,0.011964572364067734,0.003218359254682698,0.4056167248789739
31,0.020368514917228728,0.4171124006487602,0.4578080058317775,0.0019452353197541592,0.10276584328247944
32,0.24521913913463678,0.6536690707521039,0.007758204334426087,0.011161311712897705,0.0821922740659355
33,0.04127507719204448,0.6461235563651563,0.21239854172368505,0.0027471920203845563,0.09745563269872956
34,0.09908171214518284,0.11301373738870273,0.0010612957591337427,0.003677850476006726,0.783165404230974
35,0.24659001012714024,0.6862780409172564,0.023417286032140508,0.002287029327662819,0.04142763359579993
36,0.11541769253378219,0.8351952761014778,0.002967281650077775,0.0019446159848640614,0.044475133729798076
37,0.04412044188339164,0.5601060698058649,0.3635485554173598,0.0008177435877640037,0.03140718930561961
38,0.0842461406152694,0.7939411558744497,0.04784172021091537,0.0016323728988456914,0.07233861040051981
39,0.022377516367796012,0.8868181355467404,0.05607580566863187,0.0005350349572703605,0.03419350745956122
40,0.01795097190090583,0.6069733839069963,0.1039346409562048,0.00072726869434017,0.27041373454155293
41,0.04339911715545455,0.6121000541578498,0.03234963310897738,0.0008246530487090373,0.3113265425290092
42,0.02123604007393916,0.8512127457145203,0.1019873077428998,0.0007736000695433759,0.02479030639909742
43,0.017631996331697694,0.5258628838896113,0.4192042053191679,0.000673460432270899,0.036627454027252135
44,0.012528982167748741,0.6972865241774371,0.2639166009208179,0.0002297866849323308,0.026038106049063783
45,0.125824354507623,0.6976157885729282,0.03711148076471788,0.0005774019268047868,0.13887097422792613
46,0.006672877623049241,0.5481502158056549,0.3855619439777159,0.00024187994985815347,0.05937308264372176
47,0.1287998885291292,0.5154395600597649,0.11700155451785786,0.0014701388626285974,0.23728885803061958
48,0.05849001333822074,0.5378509928105735,0.17152189019274616,0.0008980965410032315,0.23123900711745624
49,0.07596450469744588,0.5690371761683738,0.13160505297009412,0.00189830454911186,0.22149496161497448
50,0.09656069046989246,0.4867791971935258,0.06073540476305106,0.00538351630936853,0.35054119126416217
51,0.15585389498618538,0.21724500403389388,0.008384180148245872,0.0015330673050315072,0.6169838535266434
52,0.03530307633991728,0.019537301289263263,6.532139894076182e-05,0.0030168679258894783,0.9420774330459892
53,0.2709345232808827,0.04294413660567773,4.291323267593791e-05,0.029824063741657407,0.6562543631391063
54,0.023119192656318024,0.005033225333892782,8.954655313583007e-05,0.000537490306141023,0.9712205451505124
55,0.4028058858648081,0.08027726769513888,0.0007882761050899172,0.0057545077181548245,0.5103740626168083
56,0.35547054753094126,0.01430480179985108,5.6902464183446656e-05,0.005678821377573561,0.6244889268274505
57,0.5259389455766795,0.09341023605810485,0.0010830592722646682,0.009280991326266044,0.37028676776668495
58,0.567166500821432,0.17592324075752522,0.000878705165272887,0.008322250067113093,0.2477093031886568
59,0.2879759803940452,0.473268908494041,0.015084825992201196,0.002946199229829682,0.2207240858898829
60,0.059379855472616705,0.8977731192365797,0.002785094085466286,0.0013549261238524062,0.038707005081484856
61,0.11507114820647223,0.8466606621790712,0.006669768910417068,0.0013121806232719402,0.030286240080767475
62,0.03287581046212031,0.6981370093983255,0.13678964238268737,0.000969839565699044,0.13122769819116778
63,0.018568653661898735,0.5242816976576555,0.41063834804616733,0.0005990939529739341,0.045912206681304635
64,0.09751156943951755,0.7052071087292427,0.056996170057218236,0.000625939931685592,0.13965921184233576
65,0.02783424856136433,0.6925298146237678,0.2506049654406052,0.0006243625764074067,0.028406608797855233
66,0.0071722788131254045,0.5217787102694745,0.43651842951164077,0.00013144595100496366,0.034399135454754294
67,0.010706423480286545,0.5264074382145482,0.4454258108936431,0.00030384066725924037,0.01715648674426297
68,0.004443120596175923,0.47167598108376174,0.5064723219005991,0.00014422154900604596,0.017264354870457275
69,0.03770463996903451,0.4562301769727916,0.4214543626935349,0.0003889299410291181,0.08422189042360997
70,0.0065379639374057805,0.5342863709718941,0.4443574620810752,0.00013557950181572839,0.014682623507809078
71,0.004550185295719921,0.26612609214469224,0.7206446041666543,0.00012554018790712196,0.008553578205026323
72,0.0021145630145212604,0.28152817876975694,0.7026563265958694,0.00010437991313383844,0.0135965517067186
73,0.007708055510964214,0.31362014602696336,0.6302030417998091,0.0002107625509162353,0.048257994111346965
74,0.005906646570516461,0.22468054674691293,0.7035455438645968,0.000349274693046335,0.06551798812492765
75,0.0332578344435701,0.267820266879299,0.6615777515226343,0.00012315791403755104,0.03722098924045893
76,0.1027248825710922,0.1973871462758319,0.6397170903580232,0.00015565053819659053,0.06001523025685622
77,0.11070486483989272,0.4426136739572688,0.26132692641942845,0.0024916642980939794,0.18286287048531616
78,0.6061609813964054,0.2944008201299649,0.021324094088943122,0.0021570428893754046,0.07595706149531123
79,0.0990693321201716,0.6549075113723836,0.09675120847241057,0.0014381653561925643,0.14783378267884173
80,0.2617487437262226,0.6515837705844415,0.006127292500939994,0.0035428583044311555,0.07699733488396474
81,0.19800445012910187,0.6560558738139657,0.012944708431514806,0.0034077292519490905,0.12958723837346856
82,0.16239196825095856,0.6350678477831923,0.07585227755346526,0.0017974776867712768,0.1248904287256127
83,0.3158773543164001,0.5192486824030078,0.019260841139742385,0.0010941942048960217,0.14451892793595358
84,0.14044073619994782,0.5423787883971405,0.19228239514888348,0.0007237061718869258,0.12417437408214123
85,0.26614039485891433,0.46113366999362154,0.1753239939159957,0.0010328268939119767,0.09636911433755628
86,0.20049534057378163,0.5243818252294652,0.18331694928375733,0.0009299930554154819,0.09087589185758028
87,0.038994273591296445,0.45347982256797814,0.45517311280821726,0.00046683337080262227,0.05188595766170568
88,0.2525151084765024,0.5835589174820149,0.09699783208304055,0.0009736869702003341,0.06595445498824173
89,0.008406149501024933,0.48800968582282783,0.4750818713974482,0.00030892899442524336,0.028193364284273843
90,0.24469982658128414,0.5140484407371211,0.13336430760831164,0.0014623940856002438,0.10642503098768287
91,0.0032235548679049055,0.3270563848505228,0.6494388697861779,0.00023257752746941388,0.020048612967925056
92,0.007710496016513776,0.31863505874258763,0.5891904924680628,0.0006207093366939084,0.0838432434361421
93,0.433782267565754,0.32201258474578187,0.006235480412592282,0.0024438779873887546,0.23552578928848314
94,0.06583134371545447,0.9062909567347178,0.009954340584044125,0.0006133657892859339,0.01730999317649764
95,0.06462449101165847,0.746362201941734,0.1446080018289587,0.0006164518729616885,0.04378885334468732
96,0.020062916658600147,0.7237809898292108,0.22761154812070408,0.0004724816358389808,0.02807206375564589
97,0.006122089488134313,0.5558335677423669,0.3922677589634784,0.00032838651975449694,0.04544819728626594
98,0.011345165916018965,0.5039822679912039,0.38734855816123775,0.0010451003313545592,0.09627890760018468
99,0.0965657568437293,0.8414793323775374,0.01148019108090191,0.003949497927954565,0.046525221769876585
100,0.016531962858104533,0.72370927933157,0.24406065418473544,0.00040393878147449856,0.015294164844115436
101,0.11420681106049498,0.5705342306693548,0.20915602107396894,0.0003757142129859019,0.10572722298319538
102,0.024346357407481433,0.7973447852323062,0.06382417625218438,0.0004256111402203503,0.1140590699678077
103,0.09966203086929992,0.6456247050753939,0.18538839776479724,0.0003690787887274622,0.06895578750178152
104,0.19522035686085992,0.6117715257859185,0.12160238442939528,0.0004715861392429398,0.07093414678458322
105,0.007417842524339471,0.18188469546208477,0.7924598621004542,0.00014617681359893882,0.018091423099522698
106,0.01236851055968365,0.34071409620875553,0.5582502479914551,0.0006185078782917111,0.08804863736181412
107,0.0027483899495108605,0.18913844675903013,0.7884445614408256,9.505302384765333e-05,0.01957354882678562
108,0.015876830000676346,0.24530086160607642,0.6863699250375609,0.0003796972443881103,0.05207268611129819
109,0.016634692872628407,0.1207993925670953,0.8230274582902694,0.00014509163571665518,0.039393364634290336
110,0.014765648957652417,0.1257198264461129,0.8334621282207402,0.00029194715905329156,0.025760449216441203
111,0.0011132098525858363,0.09346378929968491,0.8915583383061494,4.521875458054938e-05,0.013819443786999184
112,0.004854018629215857,0.12047001462429319,0.8426601880728998,0.0002491334608052219,0.03176664521278617
113,0.011412986136343336,0.08188205961066773,0.8641364905995917,0.00010067682527160978,0.042467786828125555
114,0.004276022591775089,0.13782415276543236,0.8322666824944672,0.00010005810164483362,0.02553308404668065
115,0.0007739666021161009,0.05989737379713375,0.9285265301317973,3.4069940698800616e-05,0.010768059528254064
116,0.00938212489070061,0.08661658064667146,0.8784344456124992,0.00017115538741356226,0.025395693462715124
117,0.00214539876314403,0.05933345841567237,0.9318480207276268,2.301078059331188e-05,0.006650111312963442
118,0.013478337333469693,0.11434773257760877,0.8341385870636143,0.00016973034878927577,0.037865612676517925
119,0.017299536309948717,0.19561708893618637,0.7279016838023776,0.0001283704868002516,0.05905332046468698
120,0.00884945331846263,0.23311963830821464,0.7298790006705209,0.0001747541707281699,0.02797715353207353
121,0.020306051516992118,0.10106762324530873,0.8626121035408923,7.947921218679022e-05,0.015934742484620002
122,0.015220122319564829,0.27768249602434736,0.6907899625454988,0.00017942286536739343,0.0161279962452215
123,0.02584328334098417,0.15646786197436055,0.80123117141688,0.00010649185815623175,0.016351191409618854
124,0.0026472850660588104,0.08547507672307542,0.8737597161435139,8.950051913443224e-05,0.038028421548217645
125,0.0015065590115977028,0.0703668259235024,0.9171597073436927,5.502945622985179e-05,0.010911878264977337
126,0.01719129060833115,0.09898083690625313,0.8238143039763924,0.00021219760789818054,0.05980137090112503
127,0.032232109507970695,0.19329991703441798,0.5718797397943368,0.00029529848452353603,0.20229293517875085
128,0.004762718639859099,0.10535897234028198,0.7896720221896577,7.484572844695561e-05,0.10013144110175433
129,0.009857138790622558,0.09357404956725911,0.7983600012897552,0.00011485863925866275,0.09809395171310452
130,0.0013508276572842374,0.07455811702574106,0.8962310300367535,4.742584756977559e-05,0.02781259943265126
131,0.0016696005128777512,0.05126028390290784,0.9157709747392826,7.887920917213843e-05,0.031220261635759753
132,0.009414269957553387,0.2610591185595427,0.6278699497412167,0.00042207327667716287,0.10123458846501003
133,0.009460569228809832,0.1355040237231085,0.8122364224977899,0.00014351928038139228,0.042655465269910514
134,0.006037428970507504,0.08862599164330931,0.7429362058094198,0.0002760200000943388,0.16212435357666916
135,0.005638402758155724,0.09218199885763606,0.7665704563819347,0.00012889229418883554,0.13548024970808478
136,0.010564579253259286,0.09884809346634879,0.7271206069811865,0.0003249266050901651,0.16314179369411524
137,0.014705790347990392,0.09198665371581871,0.8162729839545371,0.00023010095249971098,0.07680447102915419
138,0.0180994969942015,0.11823613208650041,0.8086348149745454,0.00031837806617601635,0.05471117787857677
139,0.004128617886983961,0.15834214876558786,0.8010980645285675,0.0001949765254676905,0.03623619229339312
140,0.0032607065091507736,0.24585409910531408,0.637856788145917,0.0005176772415471149,0.1125107289980711
141,0.023184691194353648,0.08637019237320495,0.7840705210215577,0.0004663564688795436,0.10590823894200428
142,0.03329672179966983,0.11874892054753136,0.7716237851974945,0.0001672970825139478,0.07616327537279023
143,0.020230896359219073,0.09640393918762806,0.8058043864504086,0.0003686435449165317,0.07719213445782791
144,0.003279301314660464,0.08078584954943822,0.8288616165301456,0.00017428750389641672,0.08689894510185932
145,0.007207781924916322,0.0746077066169224,0.8840528851623312,8.741881092665782e-05,0.03404420748490349
146,0.0009545152363212211,0.0540150393685373,0.9360442558410325,8.62164511352909e-05,0.008899973102973843
147,0.007189603187958877,0.05943756994407978,0.8999072706234325,0.00030316579687069453,0.033162390447658285
148,0.013170248907522612,0.10792043815136722,0.7670559021664581,0.00029663005842895507,0.11155678071622302
149,0.016968477377864385,0.0877450282197733,0.7378463681159758,0.0005582370715114037,0.15688188921487498
150,0.01198811402124897,0.08650187363440708,0.8518959582448057,0.0003381397404936051,0.04927591435904482
151,0.03565350072160945,0.10646680188100856,0.7518513739802616,0.0006129394104246458,0.10541538400669584
152,0.005608169611437872,0.23621822501055498,0.7242752729852022,0.00027952662667582245,0.03361880576612916
153,0.008041900975658331,0.07954963934302897,0.8757832613131717,0.00022496064767920867,0.03640023772046162
154,0.029737501495026145,0.13976417259495563,0.4655772685802413,0.0006270693965581976,0.3642939879332187
155,0.005174074823767061,0.058537095221492384,0.7303914485813193,0.0002869572231684838,0.20561042415025282
156,0.03333832081026781,0.19168866414567165,0.6717772608616546,0.0007571345321699004,0.10243861965023596
157,0.020782869774947862,0.19022666824895765,0.5965821578178672,0.00032916733543774513,0.19207913682278946
158,0.006546692115322209,0.07066510333068085,0.8828709569149522,0.00019597199800343426,0.039721275641041366
159,0.00919519991128201,0.25805131279167476,0.5600772958943221,0.00036690747278967024,0.1723092839299315
160,0.01557280241130895,0.10924415540767544,0.6153131161498583,0.0002801962980194164,0.2595897297331379
161,0.0005809282766132881,0.04109362988350331,0.9421678228043372,5.838475471719254e-05,0.01609923428082907
162,0.002037507419704216,0.05869523094494101,0.9202151566606551,0.0001248382052589797,0.018927266769440784
163,0.005814537073818918,0.08231267614182308,0.8636002452148706,0.00019772041265522742,0.04807482115683224
164,0.017524974776635876,0.10488065959357892,0.7801192638252656,0.0001269829865557578,0.09734811881796375
165,0.012870637694817888,0.06258951597598401,0.8467576121185809,0.00015293903522350607,0.07762929517539362
166,0.06600342800777424,0.1602643163878466,0.5589719862587751,0.00022132378823445988,0.21453894555736952
167,0.022559947931481212,0.14033890057902013,0.7630729086944968,0.0002174916291877535,0.073810751165814
168,0.03038973944859089,0.14219574883426236,0.7403112481557408,0.00036912676171102087,0.08673413679969506
169,0.00896713138680849,0.2967709553740829,0.4337933579708927,0.0006064118329792606,0.25986214343523667
170,0.016813621203326173,0.1062626468846854,0.7930318139121324,0.00029292425808813486,0.08359899374176802
171,0.009486069646081816,0.058255993782042804,0.9123930471743901,0.0001607758977332507,0.01970411349975206
172,0.023529782893896605,0.08948169527012645,0.8273921859826103,0.0011935295210867807,0.058402806332279684
173,0.027703173109826357,0.239111440528012,0.6700690298263049,0.0007591786306730971,0.06235717790518347
174,0.0017011626673107633,0.1688460316604195,0.7472622604990067,0.0004208290091576648,0.08176971616410555
175,0.04181428313829128,0.11211895838568786,0.7723941373178571,0.0009249155879616195,0.07274770557020203
176,0.025287232484252915,0.13092422104112417,0.8265709544484214,0.0005903976344083457,0.016627194391793065
177,0.031520794764334684,0.2349222923914346,0.6748472214026631,0.001004326054903305,0.05770536538666435
178,0.010066038490009414,0.12473855819629408,0.8162619344265895,0.0005729751433463903,0.04836049374376075
179,0.08841419169578348,0.3807939279222343,0.430651485252856,0.0005353361406208774,0.09960505898850529
180,0.012280144838439856,0.07003009061795862,0.8252715008849726,0.00031830345533844233,0.0920999602032905
181,0.025291146964098246,0.15376621977813976,0.7550462269935498,0.000346584677015473,0.06554982158719667
182,0.01191732932457217,0.1292089366852145,0.6633287964621957,0.0007639869114613083,0.1947809506165564
183,0.040720939886111196,0.09615585967113675,0.8191855793996344,0.00020665026393178342,0.04373097077918581
184,0.026302724189368822,0.391208655182792,0.5248705084622807,0.0006785898480321819,0.05693952231752626
185,0.054458053951012525,0.14742752838581946,0.6964234044211786,0.0018327510172747724,0.09985826222471478
186,0.025256289585529636,0.09467522456115914,0.84924745803615,0.00037983340269990055,0.030441194414461414
187,0.013232522838801199,0.04866578202762234,0.8959221992709122,0.0003016329745852111,0.04187786288807905
188,0.029175630631199035,0.09726814556827913,0.8490328149468295,0.0020144310093677498,0.02250897784432476
189,0.08137945093279692,0.17031901773903405,0.6555272488721984,0.004569382059279269,0.08820490039669143
190,0.06538874993953199,0.3546985970129052,0.524685564327401,0.0037710668775417493,0.05145602184262014
191,0.02608621498563884,0.16514233863543337,0.7200019604473933,0.006953940886615946,0.08181554504491863
192,0.0035853358572785253,0.11246486171958839,0.8632775596855408,0.001709765445264045,0.018962477292328424
193,0.02830797930047065,0.11043642499749726,0.694694954916602,0.0063568724713654115,0.16020376831406477
194,0.0036298696972791532,0.1062877742917085,0.8536490610614258,0.0006810659442819442,0.03575222900530462
195,0.009619341441679136,0.25776019304238584,0.5981230926557027,0.0024165467037912426,0.13208082615644107
196,0.1555025145196605,0.583829420522252,0.03938344454565631,0.03999514045843818,0.18128947995399292
197,0.23183113766712032,0.6383550426894212,0.030002385249433196,0.04773033798075403,0.05208109641327131
198,0.18839349036860836,0.6544155809667493,0.03806457937689364,0.03068015585869944,0.08844619342904919
199,0.1856369388392522,0.6602162417126126,0.02734445660346347,0.0831724801424262,0.04362988270224552
200,0.09698870331916794,0.4935279245425236,0.008057762683629172,0.37155368157796886,0.02987192787671034
201,0.05877397786809722,0.4885594944481967,0.022291831101970635,0.3958055196562155,0.034569176925519904
202,0.10214831000929737,0.38161191742438666,0.03004443382132067,0.4030838868321431,0.08311145191285206
203,0.1362449124661545,0.23727047542173632,0.006485323978159618,0.5562918791745426,0.06370740895940694
204,0.054216605692315185,0.24403909452756156,0.019405896042067747,0.6011234019133562,0.08121500182469919
205,0.04521585475733287,0.07757558040949443,0.003490507241265044,0.8363757064275975,0.03734235116431026
206,0.02032389134112573,0.06782814389810475,0.011619415139005471,0.8683389029967045,0.03188964662505958
207,0.03449064585106736,0.10944303776020341,0.013284483801797056,0.7760763083429237,0.06670552424400827
208,0.008425636344333794,0.02920105242892601,0.0006956479939679391,0.9526007561837785,0.009076907048993763
209,0.014429507341618894,0.03527242364962203,0.002129460493581675,0.933267212170706,0.014901396344471624
210,0.013859448149221985,0.022483567843852796,0.001263145490877827,0.9301111193756846,0.03228271914036266
211,0.02317012228080904,0.044753390166893274,0.0017468038073943273,0.9129432453806091,0.017386438364294144
212,0.017593151087984652,0.045231220411247615,0.0013722170575775126,0.9204763928887211,0.015327018554469047
213,0.02039110672473532,0.03492979797549256,0.0017166933087963147,0.9188791900428825,0.02408321194809324
214,0.013261133740031291,0.017994797639945662,0.0005914312196556274,0.9580616279629949,0.010091009437372367
215,0.008386809284413689,0.019600972722454067,0.00017189366917675367,0.9637447193474876,0.008095604976467921
216,0.018908829157073627,0.02396116600326719,0.0005270471954336202,0.946727257377195,0.009875700267030536
217,0.01679286126793261,0.03548794505956193,0.000654458316645556,0.9125893893104449,0.034475346045415155
218,0.013122206030211032,0.013300802998781615,0.0001949357627543217,0.9652240969032475,0.008157958305005679
219,0.010307495702563235,0.018680525712611383,0.0003665933349149379,0.96318267150298,0.007462713746930497
220,0.02682646748961731,0.04135887618983499,0.001430328885672297,0.8529415692581713,0.07744275817670399
221,0.023199599854341914,0.05600036994884872,0.003885415175207903,0.88660632906716,0.03030828595444148
222,0.011570661159624154,0.031592167014053436,0.0005401482235211638,0.9462170613020868,0.010079962300714224
223,0.02095462104292718,0.0345288031992147,0.0009668752002191731,0.9041915350330478,0.03935816552459098
224,0.01618891526160111,0.0218666945631008,0.0012061361201981986,0.857140297778222,0.10359795627687798
225,0.01349379857123829,0.012851963305640816,0.00025328922700351393,0.9542513102281537,0.019149638667963577
226,0.026299752100436107,0.02822647914896473,0.000420597876788128,0.9141258672064215,0.03092730366738955
227,0.012643934065702331,0.025183048834864014,0.00019119405927960453,0.9547980775574527,0.007183745482701298
228,0.016153671472106862,0.02274783005584007,0.0004980468723794759,0.5691318911347204,0.39146856046495315
229,0.021072876633441606,0.013266246040018677,0.00016219686520693673,0.9433570656081942,0.022141614853138453
230,0.011919689600697921,0.029022975242269596,0.0003715012950727442,0.9467272851584134,0.011958548703546243
231,0.02244733950713476,0.02407877264284154,0.0004897126920353564,0.9340923507387384,0.018891824419249897
232,0.010304097882378604,0.011187828408757337,0.00025130747172227364,0.9676355840355022,0.010621182201639549
233,0.008362510004070806,0.007573217247018749,0.00023863546796901495,0.9789000406388524,0.004925596642089099
234,0.007555476688280375,0.014730315208640302,0.0004033647479928964,0.9709116114196705,0.00639923193541582
235,0.009567365495985152,0.009033698979120049,0.00013499134747472195,0.9737731253964842,0.007490818780935919
236,0.01217150806430245,0.008831691895837148,0.00011423955636324276,0.9696014400604884,0.009281120423008701
237,0.007030971001946015,0.014487537279113992,0.00010149593237568476,0.9728659562089543,0.00551403957761004
238,0.009038067526475365,0.02273285400189294,0.0002358158713218056,0.960414758246391,0.007578504353918753
239,0.007672492197202416,0.007517783300397705,0.00010519043347984905,0.9770523576769644,0.007652176391955556
240,0.011587438697291338,0.016767045503456306,9.447461123846912e-05,0.9580154498255867,0.013535591362427185
241,0.035449943094846864,0.04206344316823466,0.0003510661583020842,0.889620977218348,0.03251457036026852
242,0.0953642705486268,0.02378248587188484,0.00015598605497415784,0.8349965538399815,0.04570070368453276
243,0.10857123751833568,0.14073696497233204,0.00024555786499204894,0.6341265981754989,0.11631964146884138
244,0.10195355760141371,0.1355895505093194,0.00015705458433455603,0.6825222340107412,0.07977760329419117
245,0.11372783421535196,0.23815007816995365,0.00016369505383134815,0.5976273994593948,0.05033099310146817
246,0.11700125521541778,0.19582832801332714,0.00031471520257660005,0.6591170972604592,0.027738604308219308
247,0.10285641159055578,0.6568971560567349,0.0030898887752601766,0.19452112697341145,0.04263541660403771
248,0.11404743213373557,0.5647210477478724,0.0034199051562977703,0.17823417566925773,0.13957743929283659
249,0.2556857761665594,0.14060902688245608,0.00031775859385546943,0.4920051483436683,0.11138229001346066
250,0.21286851447086833,0.44792717946043015,0.0007542465212935428,0.26250159531655015,0.07594846423085791
251,0.21383716139480344,0.5563139534599395,0.005205875561918649,0.1409256779395213,0.08371733164381699
252,0.28649499626499897,0.33524847346755937,0.0004140932316184087,0.30676855122537156,0.07107388581045158
253,0.12263504427026177,0.724949289379048,0.0015396464846684694,0.13627686911141812,0.014599150754603642
254,0.22888808213484504,0.5586884392391068,0.00044829883885145355,0.18805262947800125,0.023922550309195344
255,0.17025018434772726,0.47541604064780746,0.009392306031183132,0.07436917849336741,0.27057229047991455
256,0.2144155071865766,0.7255928731767565,0.0016442590981795887,0.041646484185092585,0.01670087635339478
257,0.19322504085611644,0.565023225815741,0.0062522940672171635,0.02766925542430078,0.20783018383662458
258,0.048413904333703794,0.8982003649699367,0.0032079716952492475,0.010368866787420791,0.03980889221368937
259,0.17721768096991627,0.7406473615349938,0.0031423062128094212,0.03880775251652825,0.04018489876575233
260,0.12012332361708664,0.8111639674501772,0.0007285559721814618,0.03152221874792393,0.0364619342126308
261,0.13714846179173765,0.7891868180111026,0.0007312300700524851,0.029803501681367237,0.04312998844573998
262,0.14478299380804013,0.800239130046665,0.0015172831110262825,0.030470553926480008,0.022990039107788806
263,0.06334012749013326,0.4813848492008564,0.013474521186367402,0.027242261647976107,0.41455824047466694
264,0.2348595635769664,0.22381378097386964,0.0033976971177067604,0.02981869077393197,0.5081102675575252
265,0.436981300753098,0.4465691647389181,0.0008887440707428711,0.04123639575067736,0.07432439468656374
266,0.1787815679129239,0.7023515317934858,0.003219416854328379,0.015544211232485004,0.10010327220677694
267,0.2292285048164305,0.6964648582915959,0.0031660978883204976,0.026466136794611544,0.044674402209041494
268,0.07548124744237575,0.8558381965989709,0.0009288553739139131,0.05321742995017251,0.014534270634566974
269,0.026527994033582473,0.9363404498722193,0.0038792128035497037,0.01821127522579042,0.01504106806485835
270,0.10517497304010866,0.8042036146620276,0.003038150119414282,0.07352533192115131,0.014057930257298196
271,0.01631438360496508,0.9373542854311202,0.02344999529285407,0.014864267224723518,0.008017068446337
272,0.06507871084316673,0.8860514789465787,0.004216810877804711,0.026722611304739814,0.017930388027710048
273,0.10146491297765489,0.6899540142953025,0.08471729434896076,0.028854204275458015,0.09500957410262367
274,0.26694423764390934,0.6305365505740331,0.0012588063428372299,0.03531983511642547,0.06594057032279477
275,0.03929617857223494,0.9414230308312896,0.0023604922098210196,0.004722423867229905,0.012197874519424426
276,0.12359181447485579,0.7768968501130028,0.004131855645316214,0.012742025092627054,0.08263745467419793
277,0.01922056643109415,0.920755321521024,0.04591509110516725,0.0026230072872619904,0.01148601365545246
278,0.07875949262285366,0.8373709038144499,0.0027971507231827125,0.03544463453847884,0.04562781830103506
279,0.024556402812521458,0.9585225922771423,0.001381906799019976,0.008121818261339196,0.00741727984997682
280,0.027273754402588897,0.9334931013366643,0.016727400487131724,0.005335135244832747,0.01717060852878256
281,0.017464135148182337,0.9046680098734425,0.054115676344099285,0.0044110944303433494,0.019341084203932605
282,0.026203992626194866,0.9176526220154487,0.01774362515586807,0.004357953883532789,0.034041806318955585
283,0.02189788296737771,0.9527308947701889,0.01036974769026496,0.003918212499375939,0.011083262072792546
284,0.012055732015678337,0.9508350128266887,0.027318119667329544,0.001838731502040337,0.007952403988263012
285,0.025897242247681983,0.9216914433727306,0.029845391831124637,0.004379053965920881,0.0181868685825421
286,0.02017761360392018,0.9596137192655855,0.00807256571111203,0.002470789193820404,0.009665312225561848
287,0.056524013539791675,0.8964962870359449,0.0051286503479552065,0.008138252127417804,0.03371279694889039
288,0.0177420452963317,0.8762447519082959,0.07713353520300037,0.005257879600792529,0.023621787991579508
289,0.05499375135677473,0.8993869592709632,0.00711453914850898,0.004593357908238104,0.03391139231551488
290,0.006872963919597001,0.7782894162184658,0.20100814668438893,0.0021437816000313943,0.011685691577516871
291,0.013151114592659071,0.9641800388432193,0.007479926006611053,0.0037891524810677348,0.01139976807644288
292,0.008517197771332379,0.7156331688901786,0.26367351424687957,0.0018546760128483161,0.010321443078761252
293,0.017315489021566616,0.9062893620650155,0.009920555423652963,0.00777328352684309,0.05870130996292188
294,0.009733928586948057,0.8137007398186262,0.12850243584037802,0.011704133907020256,0.03635876184702728
295,0.003709837732154357,0.6344950419997428,0.3211804457623305,0.010663861854828772,0.02995081265094352
296,0.005893937018623417,0.6696067637109625,0.24324886488356126,0.010344232723379114,0.07090620166347374
297,0.008148273214747297,0.597703959173743,0.06020835357488275,0.029687878761075166,0.3042515352755518
298,0.004984028845128644,0.6215261398425155,0.12434359428949192,0.014811567508695495,0.2343346695141684
299,0.006909244314584694,0.04009309770259657,0.007625639539273278,0.007919980604881692,0.9374520378386638
300,0.006019250088962614,0.0036135815057136292,0.00018663150610428582,0.0071977393646654704,0.982982797534554
301,0.0077078417966829115,0.010877076087095684,0.005229786380580997,0.008916311698529081,0.9672689840371114
302,0.015600149833300552,0.008820233032172562,0.0013420348247059006,0.007407966786522543,0.9668296155232984
303,0.0052722137191388825,0.00269565350550449,0.0003783470306921957,0.0016779340622026077,0.9899758516824618
304,0.009659928821398453,0.0043872791707167584,0.00043779498800363976,0.0019410900770302792,0.9835739069428507
305,0.03932843757588715,0.00576051476353928,0.00010595145298241619,0.006411256445059788,0.9483938397625313
306,0.039800402555857824,0.003525897094097856,0.0003697223649766216,0.006298586701496933,0.9500053912835708
307,0.016756017713032187,0.0031461371153258706,8.022806187744336e-05,0.00864542760650364,0.9713721895032609
308,0.02871841551990339,0.004500100427004662,8.399005002683722e-05,0.016372357124854686,0.9503251368782105
309,0.4916966017608956,0.02112160740220661,0.00025999858682542414,0.08159663379046508,0.40532515845960726
310,0.21589242277674903,0.04961671692434407,0.00040706571253975416,0.4857496889272613,0.24833410565910588
311,0.14845337045269053,0.12388257885243949,0.0010267319348402522,0.6180717168566379,0.10856560190339182
312,0.011081588436598242,0.0065222805487382485,4.8262680553170655e-05,0.05997470764916717,0.9223731606849431
313,0.17236332435568635,0.03050116891548599,0.00013716804935404427,0.7740952380192698,0.022903100660203825
314,0.1925095373534106,0.0552105375215551,0.00019738771537683016,0.6580957619804354,0.0939867754292222
315,0.2092588624125435,0.06401089763154635,0.00010076547857635623,0.7025745459092714,0.024054928568062395
316,0.08696240059433516,0.2483002108790176,0.0004095444442387991,0.6485075118451279,0.015820332237280604
317,0.10287630005791103,0.2865362024454065,0.00038468387005835547,0.4966019624604586,0.11360085116616542
318,0.15752434223032274,0.11453030911627544,0.00019449974727006678,0.6067940636619636,0.12095678524416795
319,0.11725527114174537,0.42741895908383004,0.0004002910870292488,0.4162011574200885,0.03872432126730678
320,0.18458930832236026,0.17350993650920074,0.000820859296091633,0.529690765303305,0.11138913056904244
321,0.23046383574230583,0.18384430469003515,0.0001521992889303489,0.5380469110287555,0.047492749249973105
322,0.07201257592370763,0.683840893539027,0.004177339023941058,0.22757658879710072,0.012392602716223604
323,0.08779359236468658,0.05483557007973267,0.00010515810196709934,0.8354126591173363,0.02185302033627746
324,0.09323436346983854,0.19767500192242102,0.002795170459427409,0.6763039201481895,0.029991544000123393
325,0.04673282024718471,0.08862765326777212,0.00010314479696604813,0.85233033009674,0.012206051591337133
326,0.1775211073447272,0.3785513227829114,0.0010267195965664325,0.36400955898761417,0.07889129128818068
327,0.14076723603349914,0.09747000145618293,0.0001965212491260835,0.7316179038043231,0.0299483374568688
328,0.08461708617658266,0.6237619255920841,0.0002746954279483968,0.28037179419917463,0.010974498604210287
329,0.07535079978220009,0.5841632835060512,0.000494851460016625,0.3209265667565427,0.019064498495189344
330,0.08358313656708645,0.674002932758169,0.02474797773521459,0.18782060152339933,0.029845351416130598
331,0.1778091505964152,0.23459545355777917,0.000495986482278112,0.538369755025341,0.048729654338186615
332,0.08260726469113601,0.6482715779357403,0.0002778381060967608,0.24920056006034186,0.019642759206684873
333,0.12492100040921948,0.32059889244455586,0.003547483626144308,0.282142235965257,0.2687903875548233
334,0.36057528743906875,0.22453315398066284,0.0003295056405882313,0.37187549585038254,0.04268655708929757
335,0.18433025081982127,0.38612574700616403,0.0007223865526978731,0.14742213293915724,0.2813994826821596
336,0.2986894618042152,0.4406889296637648,0.0003281382231121069,0.1933431075325882,0.06695036277631984
337,0.07124398074855967,0.8169218655758927,0.0024559227954551468,0.0839500533439737,0.025428177536118823
338,0.26543476119252657,0.29118449661498313,0.000174287710962102,0.3153951240365517,0.12781133044497647
339,0.07367816592799432,0.8206127839371767,0.00018010966139779942,0.09062656229683548,0.014902378176595451
340,0.16213896863692334,0.6289530851838154,0.0005920458810800566,0.15721988237294904,0.05109601792523214
341,0.09890541149331504,0.7364591408223587,0.00025086611704763296,0.15065514940840063,0.013729432158877907
342,0.15301512123805863,0.5761631004093023,0.0031072431741182584,0.12711836367065307,0.1405961715078677
343,0.38462760789513584,0.20700271722610453,0.0003934194504051628,0.27222775437176716,0.13574850105658728
344,0.20236877514675716,0.6525273158157677,0.00023338143856330485,0.11101890813431056,0.03385161946460139
345,0.14776211102891224,0.6190147897565054,0.0007325196128042742,0.02386252563982836,0.20862805396194978
346,0.06971950304460733,0.8878354381556964,0.0008328270813248955,0.014471250234917311,0.02714098148345409
347,0.17894389378738337,0.7286629189921597,0.00035736838055177623,0.0500345923594065,0.04200122648049855
348,0.07688685728116221,0.8547718700977628,0.00047392922310314094,0.020098507201762105,0.04776883619620981
349,0.287714128048979,0.5824614246052503,0.0002955400589950963,0.07724306692594607,0.052285840360829464
350,0.05255970569719756,0.9266236559016846,0.0006041436063037548,0.006554176445596728,0.013658318349217404
351,0.045643088422219515,0.9329973163057053,0.0016784294618100255,0.006636011412162607,0.013045154398102592
352,0.09255749947551417,0.865619025002769,0.0009170852081729418,0.016154876818587873,0.024751513494955975
353,0.041000944763425376,0.9410312762057798,0.001126316707031104,0.00845047552960739,0.008390986794156223
354,0.025436342616141222,0.9614621003390427,0.0037407451446619215,0.003462493084827687,0.005898318815326577
355,0.01578951987367177,0.961614808938528,0.01135690707308195,0.002251042421146608,0.008987721693571567
356,0.07900138348317665,0.8907407949930626,0.0006818174531666484,0.010129327696882736,0.019446676373711506
357,0.0283823294198684,0.9491399508856708,0.008683591524033108,0.005775318681496399,0.008018809488931198
358,0.15685109743481196,0.774083477855572,0.002078314044206581,0.026299585669253597,0.04068752499615586
359,0.031173865288658974,0.9535451268238162,0.00185841667878667,0.003737378965209378,0.009685212243528848
360,0.062487786452636335,0.9070879645415747,0.0005622792589899949,0.006456174406895557,0.023405795339903286
361,0.01570953004937375,0.9615129807150309,0.01343960745686205,0.002534782522187913,0.0068030992565455495
362,0.06444221643340314,0.8870242108167672,0.0002475829150511308,0.01604097656274968,0.032245013272028875
363,0.013364624437360802,0.9639110022487797,0.010784874162717804,0.001670825785455696,0.0102686733656859
364,0.0481228476591401,0.8885773491160249,0.02380163941019054,0.00664109840124389,0.03285706541340058
365,0.14694938977730893,0.8121548198122929,0.0006975820872966778,0.02412389778352439,0.01607431053957736
366,0.03973649004860156,0.9266159569790003,0.0010247815861779378,0.018896637387812193,0.01372613399840817
367,0.03580705760972354,0.9459288365217918,0.0010596372246516603,0.00849962136599004,0.008704847277843033
368,0.07209779890335755,0.8942678243624703,0.002164525996340517,0.012570042998391392,0.01889980773944023
369,0.03657599861544599,0.9225862599859026,0.014401569415364107,0.011878664354689813,0.014557507628597135
370,0.02112954729929496,0.7688682456355767,0.14539571377678992,0.014191471422885002,0.05041502186545338
371,0.10775040320916804,0.790310445928603,0.002997493488269022,0.020533779363367276,0.07840787801059268
372,0.05827332807815036,0.9078777624395878,0.0014228098576774004,0.013339143268267222,0.01908695635631728
373,0.03516719640093226,0.9406267815249558,0.0012688734102810208,0.006934996088840197,0.016002152574990706
374,0.021985482664068513,0.8386653971195116,0.12441190140746453,0.003859168092761296,0.011078050716194023
375,0.36074581319206284,0.5330219141093769,0.0011273501128892876,0.035964091718026926,0.06914083086764401
376,0.046583264478292384,0.909553242744111,0.0006056505401759582,0.006904284044784845,0.03635355819263576
377,0.0358800478168237,0.928989662687039,0.003506535542524653,0.0035884137708772695,0.028035340182735527
378,0.04864628846421085,0.8374620127461677,0.08579205988348522,0.003634150155038862,0.024465488751097313
