epoch,N1,N2,N3,R,W
0,0.09250097347889917,0.014223103817696193,5.100186831112311e-08,0.0023684002125966136,0.8909074714889397
1,0.19278963486317113,0.018476767998998427,0.00031243529061098657,0.0036845755917256457,0.7847365862554938
2,0.1532363596043026,0.03182226777828009,0.0012021470632822531,0.0035345345514723354,0.8102046910026627
3,0.022584153598272642,0.00600078435979207,0.0006930479336099631,0.000744948551973094,0.9699770655563522
4,0.09392254434620285,0.025027668059673856,0.0006878015556152708,0.0016151893943289193,0.8787467966441791
5,0.04128837664518911,0.021277808904017717,0.0016721920729671884,0.0007263845592478148,0.9350352378185781
6,0.08386511725474609,0.012839231553984176,4.48496743923931e-05,0.0018019092573868217,0.9014488922594904
7,0.0639707715902132,0.007245256079479945,0.00021197745889332565,0.00231698208891222,0.9262550127825014
8,0.04633223636885896,0.003730398311603354,9.840975703954853e-05,0.0030682912986062304,0.946770664263892
9,0.6775897432917628,0.017285107191168825,0.00010661446816379859,0.004330719761281241,0.3006878152876233
10,0.3331797174446491,0.014503511363521508,5.871686058344408e-05,0.006755012553713851,0.6455030417775323
11,0.1781130317625389,0.007045564762285869,1.0976354092808952e-05,0.015945224468729043,0.7988852026523533
12,0.13425063713307656,0.012113027978357714,8.35842157142256e-05,0.009371154772403488,0.8441815959004481
13,0.20355327949346547,0.009756402962350775,2.0851031077726795e-05,0.006199898922630601,0.7804695675904754
14,0.2581803470113616,0.010953530647555004,2.007391763107001e-05,0.008844693056163042,0.7220013553672893
15,0.354025180583616,0.0219315401244845,6.190743818343451e-05,0.01809435177279619,0.6058870200809198
16,0.24311065590036327,0.026614224771628784,7.339961199868635e-05,0.010157403360820402,0.7200443163551888
17,0.12916587851845357,0.028359260918376428,3.50893533482691e-05,0.007460069267298836,0.8349797019425228
18,0.02221109049901099,0.004512985415886924,3.17519040315979e-05,0.0005183205490310593,0.9727258516320394
19,0.17873836802282347,0.02075522876670341,3.725756413398444e-05,0.0047103979185497465,0.7957587477277894
20,0.2006802752456766,0.021510498030437503,9.267548409733264e-05,0.0036803875954342165,0.7740361636443543
21,0.27433149207321994,0.008923369594785574,3.4882595780843235e-05,0.00668212090704865,0.710028134829165
22,0.06851890601067102,0.02318041589881826,0.0002562000989865114,0.016587186819429067,0.891457291172095
23,0.16435900378191873,0.06541009704130515,0.00048809001157919485,0.053061922921443835,0.716680886243753
24,0.04478882081002675,0.03133805268611342,7.316352186416518e-05,0.008834084187533764,0.9149658787944619
25,0.0659794083342095,0.023278345818270856,0.00014543729948581416,0.018461147699811775,0.8921356608482222
26,0.01373347307935927,0.020324386943935284,0.00015482991475493745,0.0029406364453612305,0.9628466736165894
27,0.010538476127192727,0.011453492958728806,0.0004300431508211763,0.0006904177204519177,0.9768875700428055
28,0.16752557792100964,0.05862362779052199,0.00025158567971770386,0.004101223562966888,0.7694979850457838
29,0.11596179512778412,0.13873705270083278,0.0010652509693530397,0.004367116735501236,0.7398687844665288
30,0.16356018612293619,0.10917985351925955,0.00041338820501125064,0.0029593811164033237,0.7238871910363897
31,0.1931841716113683,0.06631157243299923,0.0001945205436840256,0.003978987879535943,0.7363307475324125
32,0.06320489617882152,0.05286638781619511,0.0001865193246798311,0.00152461467175786,0.8822175820085457
33,0.025875065797713533,0.04868220043747608,0.00013080364689597326,0.0011335151499094163,0.924178414968005
34,0.03006322831296199,0.04416835696198834,0.00015354685793749818,0.000683566709316938,0.9249313011577953
35,0.07245159325853655,0.08439047168450785,0.00019480892542877434,0.0016076977307612867,0.8413554284007656
36,0.03725388584969807,0.24871581581625105,0.0010659043558589253,0.0036927193376715896,0.7092716746405203
37,0.07057045147668893,0.16102717846232437,0.0008285728984209758,0.005595404613740765,0.7619783925488249
38,0.164523818325767,0.2489509144890492,0.0006372598353092441,0.006963570933488507,0.578924436416386
39,0.07110974688201686,0.3964296508094611,0.0005312695699071179,0.009582705233656785,0.5223466275049582
40,0.12513455051490815,0.22534686890550676,0.0007305865558982971,0.006651200210203021,0.6421367938134838
41,0.20863632114377667,0.34524229909806714,0.0006365140415637246,0.00953893910010416,0.4359459266164882
42,0.037954626227068314,0.8595377363084509,0.00600388236234295,0.0032653210567498495,0.09323843404538813
43,0.06669386948049746,0.19834584530257368,0.0014694483378708371,0.0017241584141264694,0.7317666784649315
44,0.0998405276320822,0.6087108736251575,0.0009116873556731163,0.004658469503046802,0.2858784418840404
45,0.073520224281146,0.643256545980061,0.004033382052161617,0.005722104739793155,0.2734677429468382
46,0.04546265980296815,0.4286457116079429,0.0005980721213491641,0.0006708067576254205,0.5246227497101144
47,0.015694535340004277,0.04807487895694758,0.0011238911451427682,0.00018659565045300007,0.9349200989074524
48,0.06039004320582277,0.7458954058368504,0.004646842028544202,0.0008805311917751715,0.1881871777370074
49,0.05529182778595686,0.7363847831640581,0.09243938479458809,0.0024215227813305213,0.11346248147406644
50,0.053265771181708624,0.23404650263016508,0.0013430625069780976,0.0014181109138754321,0.7099265527672728
51,0.02027358043406616,0.196916234124059,0.0010292239745301659,0.0004990368028185049,0.7812819246645262
52,0.053774496344343524,0.7017340320855924,0.0011324486350179257,0.00033436946082667125,0.24302465347421945
53,0.0746062664279126,0.705504953653037,0.0020406888316762866,0.00012842363254303118,0.217719667454831
54,0.13251484735982433,0.6630246100287214,0.002722700256849808,0.0002550772320299711,0.20148276512257443
55,0.08911565881731491,0.7144603097148826,0.0028932739768579487,0.00013452852441028275,0.19339622896653436
56,0.04173469547467794,0.8193209005134701,0.11319974668150072,0.00018647273021895006,0.025558184600132296
57,0.028667003998931025,0.925344057076171,0.03172009977970996,0.00028146522189284454,0.013987373923295365
58,0.013267591769337088,0.9605739871769917,0.01486060495573425,0.00013572508026305318,0.01116209101767404
59,0.005163940822530637,0.8826125808849099,0.09256018173870757,0.0009054555374597552,0.018757841016392225
60,0.012454700119513891,0.6549963003213916,0.3061785725079626,0.00090939130102241,0.025461035750109502
61,0.042268810044441885,0.6797646017319873,0.1601632391991818,0.00027251047050374594,0.11753083855388534
62,0.028785207285553043,0.8432161639493759,0.08891245556636353,0.00016261859264646742,0.038923554606061055
63,0.015395539706935324,0.2721788055786251,0.6920711507873842,8.031621801506745e-05,0.0202741877090403
64,0.03431378958173575,0.2833296600002194,0.6435939509546107,8.25682006634431e-05,0.03868003126277089
65,0.02940667934012849,0.34000187436132484,0.6020841970035532,0.0002707479908661611,0.028236501304127335
66,0.0073041523092033395,0.1382374839063574,0.8355112530543608,8.882013925993177e-05,0.01885829059081864
67,0.005456965826205389,0.10098005068974385,0.8748126818887823,3.920936235544349e-05,0.018711092232912858
68,0.006065784916590572,0.20942806712680184,0.766149975320228,8.221252410394902e-05,0.01827396011227563
69,0.003849410609041508,0.3338555174880282,0.631917624738896,0.00012350666650112985,0.03025394049753313
70,0.006150379362653498,0.145141857204528,0.8328014774628121,9.196394090698514e-05,0.01581432202909921
71,0.0011907276995587503,0.08467838371725563,0.9104844827976494,3.6347937439221175e-05,0.0036100578480970204
72,0.0035812177389451523,0.1257230305720212,0.8631953142692308,4.7155489750664765e-05,0.007453281930052062
73,0.0013389284850776411,0.07480562686568797,0.9173587937695643,3.926536484566115e-05,0.006457385514824543
74,0.003631438100569107,0.14484548404956898,0.8330990830371187,3.062927485951424e-05,0.01839336553788397
75,0.0005154310413672405,0.045432533049986186,0.9514295141744393,1.0222908282878147e-05,0.0026122988259243436
76,0.0012326227891580038,0.09042645203796654,0.9021413119099533,2.8766085847513687e-05,0.006170847177074883
77,0.0009980403328385392,0.07638155541849923,0.919386559699583,2.1246200597825534e-05,0.0032125983484811993
78,0.0002501440641739338,0.032255937987647205,0.9654236970703233,7.759248223717663e-06,0.0020624616296319493
79,0.00020600267403454093,0.026722047330388736,0.9710540497693753,7.633147579008922e-06,0.0020102670786224467
80,0.0011699794148142312,0.054071980558821536,0.940692864075581,1.9948505244071935e-05,0.0040452274455394
81,0.000314838259127345,0.02913561050097303,0.965789285568811,1.0795548843305902e-05,0.004749470122245264
82,0.0006573542587265506,0.040670841881613407,0.9558696561334138,1.268213395915271e-05,0.0027894655922870468
83,0.0007339096043204561,0.06027853960276165,0.9332885373048434,2.6847917378378753e-05,0.005672165570695932
84,0.00032070806650025713,0.021391235002739924,0.975058732200654,9.503704832440975e-06,0.0032198210252732864
85,0.0007533996077875061,0.02851808878755367,0.9661158576141924,1.9452005280909925e-05,0.004593201985185521
86,0.0005046714275315778,0.026480288923715622,0.9703642207442789,3.977689826057515e-05,0.002611042006213368
87,0.0009576263051478441,0.03433050046710768,0.9579468008564999,0.0002585673226553317,0.006506505048589305
88,0.0013558508438037545,0.09143830516169232,0.8988911164772699,0.0003542414245891615,0.007960486092644718
89,0.0005749083466017138,0.03240316213502801,0.9582844774076119,0.00037754003791443504,0.008359912072843957
90,0.0023826744178660894,0.05391167068546983,0.8920833258797827,0.000883022631014793,0.05073930638586657
91,0.0004188715883994637,0.016786370560765554,0.13350167939601473,0.00010688007837720324,0.849186198376443
92,0.0012207278929709364,0.0030916057217533492,0.011858502948851104,0.00011030049412222463,0.9837188629423025
93,0.004938710593631245,0.006024005866304505,0.0021418769405104534,0.0004136965342104468,0.9864817100653434
94,0.002643571025732548,0.010884604932139639,0.001655459550177708,0.0003118034145780025,0.9845045610773722
95,0.02720126224584894,0.02496542493794306,0.0011269005752920856,0.0006852666644542846,0.9460211455764617
96,0.01910620388202552,0.10209852663801544,0.00591439068261546,0.0008844353950905739,0.871996443402253
97,0.02274135230168024,0.04976002109610403,0.0014145540439540745,0.0011220543612907915,0.924962018196971
98,0.01451229891362802,0.05152138369436396,0.0005276625922377811,0.0009169103299752801,0.932521744469795
99,0.01066810508167748,0.0137644246696516,0.00018114120719143535,0.0013873677889205526,0.9739989612525589
100,0.14488175931570813,0.025882434074546264,0.0007277529963101896,0.0033239699915882963,0.8251840836218473
101,0.20245983938169107,0.021263795551257077,0.0012884163888381617,0.005677515246004002,0.7693104334322097
102,0.12742388432725948,0.03187415196649573,0.0011216503539006983,0.006980308849993046,0.8326000045023509
103,0.06266345398142756,0.016279588508706623,0.00022720769091416648,0.004398928652515325,0.9164308211664363
104,0.06121276013145081,0.03153195590526898,0.0010397255961180657,0.007941257132806101,0.898274301234356
105,0.07672758523944163,0.02787497572224459,0.0005131879177581279,0.008999536740819209,0.8858847143797365
106,0.04747900865274367,0.009260603318123683,5.1204561377541844e-05,0.012131875445468893,0.9310773080222863
107,0.1534908944514535,0.013180708645836665,0.0001858269870491047,0.016723646023022887,0.8164189238926378
108,0.21903813125679572,0.028405997700070205,0.0001023177725376247,0.018611517812651062,0.7338420354579455
109,0.23373521856119925,0.029295770586764826,6.498652130626402e-05,0.01021745332462459,0.726686571006105
110,0.15693728829814124,0.06152657519445835,0.00019847056124596625,0.019731915129210836,0.7616057508169436
111,0.07683326954123053,0.05766695823874141,0.0007779005825948191,0.018609625716015835,0.8461122459214174
112,0.031729529092860545,0.06635807359099544,0.00021501215025650125,0.009862998821745787,0.8918343863441418
113,0.008959798279158222,0.006664571305976036,0.00011145296290599604,0.001660087276628994,0.9826040901753308
114,0.002543469447751095,0.001821344144392227,7.054916249456101e-05,0.0003613387099431318,0.995203298535419
115,0.18171959340497787,0.007690526062189573,6.23598587680953e-05,0.0021339622687357265,0.8083935584053288
116,0.04263440824772021,0.005480784412341747,0.00010098165825725437,0.0005827203158490071,0.9512011053658317
117,0.005981068208592511,0.0030060637148820583,5.058836179271938e-05,0.0005354957835898605,0.9904267839311429
118,0.024744263833364206,0.0084015564257542,0.0003261277817909737,0.00384993994251296,0.9626781120165777
119,0.023060545756920858,0.0098598411930353,0.0004525593892284419,0.0014190423829069825,0.9652080112779085
120,0.05239057246555115,0.005435518922547695,5.091579175513372e-05,0.00206669401340879,0.9400562988067371
121,0.010958943926864775,0.0011785918172194188,3.286832922753909e-05,0.0005848625075666942,0.9872447334191217
122,0.28444321858931415,0.007758951065852143,9.196839668782703e-05,0.0020013129387436274,0.7057045490094022
123,0.006160966898876356,0.00271225833854741,0.00022930043681725532,0.00024289019362165007,0.9906545841321373
124,0.011233755276380483,0.0024974700962787097,4.0003233223479676e-05,0.0007604479976538616,0.9854683233964634
125,0.010128073130607288,0.0035715359227633837,3.251653508723103e-05,0.0008430657288323271,0.9854248086827099
126,0.014072051085696013,0.0033126122810199733,4.025068193013756e-05,0.0008511561439267469,0.9817239298074272
127,0.12475254705418926,0.007115079397387996,4.531085413383829e-05,0.0016442808987788202,0.86644278179551
128,0.013993726220846062,0.004003866823608172,0.00015968384540215728,0.0009559814609692695,0.9808867416491743
129,0.05882677109577585,0.007189852207200448,5.1829250588923616e-05,0.003215663307023928,0.930715884139411
130,0.01142123283193656,0.0036421075657376593,0.0003481861829460929,0.001205727127603262,0.9833827462917765
131,0.045158286975960506,0.0030394661974007284,2.5115270931539796e-05,0.0032805063679182006,0.948496625187789
132,0.4471743850864268,0.023904412078657813,0.00014818016853503907,0.009860757338989088,0.5189122653273912
133,0.10186804185209151,0.029452553125125687,0.0006061983140414283,0.012699735448360554,0.8553734712603808
134,0.2023053220912317,0.05104334535414265,0.0003155768773341538,0.05917281204585259,0.6871629436314389
135,0.02470491380529296,0.020752209001370023,0.0008890830098569285,0.014293353486954685,0.9393604406965255
136,0.022843823486512784,0.0035454818380904617,0.00036569977818812677,0.0021669421588980733,0.9710780527383105
137,0.011915531697056909,0.0012383564038496331,0.0006158598517138741,0.0002156084789501796,0.9860146435684295
138,0.41607336429719144,0.0037605680474444604,6.857715575485962e-05,0.0024524568612605126,0.5776450336383487
139,0.5427157789895509,0.010702427055788744,6.591808486216465e-05,0.008423704539094074,0.43809217133070416
140,0.6161196317974912,0.01588668033265486,0.00023193123802306057,0.04041127919379202,0.3273504774380389
141,0.2447064010664955,0.05200365051628204,7.308704778960944e-05,0.4519249824777053,0.25129187889172766
142,0.16454488632003525,0.18114321343190368,0.00019615009019863537,0.534174484461563,0.11994126569629958
143,0.10948662988174462,0.244314112273647,0.0018993461380392986,0.5394600793184374,0.10483983238813176
144,0.12111158522604286,0.3701195618839137,0.004300334816427563,0.34165758830024223,0.16281092977337358
145,0.09426913321728979,0.04147587976646232,0.0002914733681200316,0.10640654757125563,0.7575569660768722
146,0.07482746133443331,0.6837133195206827,0.0035275665359381894,0.13210668439572582,0.10582496821322022
147,0.22563154958712597,0.3041749550732548,0.000473624414112447,0.24225380602668647,0.22746606489882018
148,0.10558640728132271,0.556449027107407,0.0014488438744697067,0.11702935199735752,0.2194863697394432
149,0.005970918178041161,0.022583905564809777,0.004274459694360576,0.007305088381722569,0.959865628181066
150,0.003195469460111405,0.0015317832463819217,0.0003429601503716366,0.0005217997053765108,0.9944079874377586
151,0.033680212289694776,0.00606770510563551,0.00012039979376758192,0.004725887639465783,0.9554057951714364
152,0.05424741133871172,0.006550031047353021,0.0009841747955539584,0.0025750573557431424,0.9356433254626382
153,0.3468124231140087,0.0034448995382979535,0.00016665373904535668,0.0010843896141120512,0.6484916339945359
154,0.3724687089997467,0.034164731331760394,0.0004416186977564734,0.005756739789712001,0.5871682011810244
155,0.5453971221496698,0.08292895578675645,0.0008845157668778016,0.13652133825427246,0.2342680680424235
156,0.27966994857867744,0.23274647835307613,0.0019799262463292373,0.3447716994875361,0.1408319473343811
157,0.09446033696732832,0.07497775984835628,0.0003142583145697057,0.5902506153334524,0.2399970295362933
158,0.0674999130705425,0.21045737830796873,0.001072552809919954,0.6192071405386197,0.10176301527294918
159,0.11874142882858398,0.159812560407391,6.781624251060772e-05,0.6196925651550218,0.1016856293664926
160,0.07674551526056522,0.6844210528868335,0.0024717176407692914,0.15573443832534448,0.08062727588648742
161,0.07807419302541392,0.17806657526565994,0.0005040389007741121,0.040170979987275125,0.703184212820877
162,0.17552703973358644,0.43306857110616037,0.00010964874494242517,0.15224757710336456,0.2390471633119462
163,0.08184070502141047,0.7591925558948969,0.0013000112254942953,0.09773325619942011,0.05993347165877824
164,0.1957671474327393,0.43377115841060726,0.0004932466419867264,0.11436061978025557,0.25560782773441126
165,0.05500705114291444,0.2560919819739764,0.0011202888505233125,0.043801488951837685,0.6439791890807481
166,0.17754975912536508,0.3684097708602111,0.0008616968974073292,0.05889287124900405,0.3942859018680124
167,0.30707829901944245,0.251851564686668,0.00026644670091651465,0.016370475862518885,0.4244332137304542
168,0.2410153680717177,0.6888133246101164,0.0010410171503120037,0.020680299400580412,0.04844999076727357
169,0.24291055278296214,0.6625186548239335,0.00011009320383797058,0.052106242329740954,0.04235445685952547
170,0.2532389672611941,0.5705475818071131,0.00018452613998509845,0.11093082489136023,0.06509809990034751
171,0.04089979991154687,0.8645049695295782,0.00019705051991476588,0.07993846248454821,0.014459717554411874
172,0.03725242635010245,0.9003069754481033,0.00030016303197845574,0.054244020553381296,0.007896414616434545
173,0.03902430696229847,0.8829980499550711,4.8461099259381966e-05,0.06569634852115445,0.012232833462216307
174,0.020934198635125405,0.9237821268488081,0.00016702531450517164,0.049222576678931804,0.00589407252262953
175,0.05957519539384775,0.8122345326055574,0.00025563538039624325,0.11667538001499758,0.011259256605201095
176,0.038722585430849395,0.9120414964772133,0.0005351118804458825,0.034123211851088284,0.014577594360403205
177,0.26827778459897456,0.43134404121169356,0.0001819475737208258,0.10898498077650295,0.19121124583910792
178,0.3566666545502454,0.30407304200767254,0.0009772192923935598,0.14779102352589102,0.19049206062379756
179,0.33497394640549727,0.41112261088353624,0.0009263470929491576,0.11239030566489065,0.1405867899531267
180,0.215493853903178,0.6991487704407939,0.0007730684989012455,0.03601675500746247,0.04856755214966431
181,0.048755925193983404,0.8777361122409365,0.0018322170188486383,0.04155471744114511,0.0301210281050862
182,0.08115493863279459,0.7832772790274146,0.0034796645195905814,0.06610401852225006,0.06598409929795009
183,0.11053231568718327,0.642472124797422,0.0024753041360131203,0.07156345252109052,0.17295680285829096
184,0.03944020249982261,0.8897937940236206,0.0005193548585157165,0.041674991842717196,0.028571656775323955
185,0.043132513281887636,0.19026343486095534,0.0033550935579366235,0.01468550855268453,0.7485634497465359
186,0.14806650882839367,0.13036031403169754,0.00032282876085431157,0.012260711293274025,0.7089896370857804
187,0.13274563770884798,0.7447946442233125,0.0008409809467398169,0.09571862208935208,0.025900115031747484
188,0.18113305183839787,0.6064629680046053,0.004524207421985848,0.09608972115386258,0.11179005158114845
189,0.3177167909284285,0.27840925899907043,0.00016435474704774416,0.1224537159954136,0.28125587933003976
190,0.2010569897985529,0.3948514810318024,0.0001772586379409783,0.3183054118980606,0.0856088586336431
191,0.1214962912940715,0.7315822010541072,0.0011932194397559735,0.11440034919669363,0.0313279390153717
192,0.06103925529660619,0.8105697720358608,0.0011808407297239617,0.09169071018776652,0.035519421750042586
193,0.12884346156432208,0.24204121492967562,0.0001374302679438884,0.5746552763019208,0.05432261693613768
194,0.05269731219818591,0.7084632224015287,0.0003880157194287723,0.21540871608808235,0.023042733592774377
195,0.10246685778975198,0.41008537795935185,0.0022401007526317218,0.022862452795361567,0.4623452107029028
196,0.13497409129195037,0.7698723230934819,0.000446035289122178,0.07121075638676097,0.023496793938684608
197,0.20025862142957662,0.6768481532102198,0.001612272787701025,0.07881427181587253,0.04246668075663017
198,0.20216486447812596,0.7130161510756118,0.000835060554385639,0.05045571023407113,0.03352821365780541
199,0.09328078938600468,0.7970487176136791,0.001353713095477431,0.08399652426235873,0.024320255642479877
200,0.03338484104347871,0.8468671684927345,0.008048667387670728,0.057772265334201746,0.05392705774191429
201,0.09686433257152502,0.7242528918551157,0.00013207883772342873,0.15509229827372742,0.023658398461908474
202,0.0764382825030006,0.8177384082864052,0.0036318518154691286,0.0717515780776045,0.03043987931752045
203,0.05916924914487634,0.8879428860558827,0.002234402945420591,0.032444398797085675,0.018209063056734656
204,0.06460634244270005,0.8685488009024427,0.0011208499175145267,0.022670851655855816,0.04305315508148695
205,0.1425677380632914,0.7826745808133648,0.0007297494965801861,0.04137542670210745,0.032652504924656114
206,0.11435999552500944,0.7485582457357647,0.0021241635793024876,0.005232454585061507,0.12972514057486184
207,0.23892776581395694,0.7244783362323153,0.002449279407142387,0.012730089088113508,0.021414529458471974
208,0.05807923218102683,0.9317208055399778,0.0004145431261790157,0.0040507999991564025,0.005734619153660061
209,0.017689915806330822,0.9768956621501219,0.0012033302395539035,0.0009029122084193213,0.003308179595574057
210,0.00677953113525695,0.926853259705078,0.05524561190029491,0.002197375424513011,0.008924221834857082
211,0.024925825736149026,0.9421836616227063,0.008436216170905264,0.010896473899011553,0.013557822571227908
212,0.010143756231676503,0.9739540873722847,0.0012448601257021368,0.00536484420592633,0.009292452064410442
213,0.03709317984492316,0.8947587352141814,0.011492539131001893,0.03371658704478447,0.022938958765109048
214,0.03814716186631633,0.7202182398588616,0.0015524200401356972,0.22069684472358006,0.019385333511106283
215,0.07990866085974628,0.7282808052089116,0.008916585438431908,0.14670639622118356,0.0361875522717267
216,0.03706318237678475,0.878970516636815,0.011182465118655198,0.04496522247200496,0.027818613395740027
217,0.11162836059380393,0.7360247702506727,0.0007441139204698661,0.08325582128000457,0.06834693395504911
218,0.02904582372832254,0.8807185571129346,0.0036829944809608148,0.06185696728412416,0.02469565739365796
219,0.03602167986963135,0.45058718235413076,0.009088176805304557,0.00947815465997221,0.49482480631096104
220,0.25616429255550427,0.3282456779746075,0.002273462551874508,0.008267041227951513,0.4050495256900622
221,0.2723249634157688,0.5639049660076662,0.005249658924094728,0.014212366140897627,0.1443080455115726
222,0.25357459038012325,0.6752665937227866,0.0013826690323862924,0.025598853606987205,0.044177293257716535
223,0.057013573558943,0.8438102616598457,0.00814644199032754,0.029570040394685658,0.06145968239619804
224,0.05587673397017428,0.2299306419995247,0.0012489747693293623,0.02017670972136989,0.6927669395396018
225,0.1429107647861197,0.6848133304117736,0.0012495635602760814,0.05062277521616519,0.12040356602566539
226,0.17361442854749598,0.5968609985455737,0.0006608626930035159,0.1428252318191782,0.08603847839474865
227,0.17683387680412313,0.6733987185174957,0.0017216393182956067,0.057235858434246625,0.09080990692583897
228,0.047395259046953006,0.2295780288745012,0.002886710931543692,0.011822851805015985,0.7083171493419861
229,0.16680997079409507,0.5542747115161508,0.0002631717705742684,0.022120991987606812,0.256531153931573
230,0.16676653271758526,0.7597803770269019,0.002526900551025738,0.029447440293979714,0.041478749410507394
231,0.1455602994786847,0.7614706448686835,0.00016301999320946157,0.067448179226169,0.025357856433253372
232,0.10897980819617048,0.5163706324657389,0.01329289691576779,0.14759935325455145,0.21375730916777147
233,0.21372884070134643,0.4666325457704691,0.000623879432864006,0.0903824448552184,0.22863228924010204
234,0.1983803441016443,0.6062546761993497,0.0025565871783155524,0.16283445318395678,0.029973939336733677
235,0.27435995890513676,0.5871561912064848,0.0005222067719700034,0.11192884090028382,0.026032802216124598
236,0.14533780840630015,0.8076443175060272,0.001406405824742436,0.025476444700357093,0.020135023562573233
237,0.025791142325825762,0.9511950498423193,0.000931060642384799,0.015905710571913364,0.006177036617556859
238,0.014443206867506763,0.9507479164243305,0.001994426869419665,0.01687040314436722,0.015944046694375838
239,0.004393259298681231,0.9712880260290442,0.01338215046576056,0.007189141684338645,0.003747422522175207
240,0.03883228719960177,0.8396857739427341,0.048770873478551496,0.04476968342628486,0.027941381952827818
241,0.033871657331834754,0.8490736830738748,0.001585767222638842,0.10653806428329694,0.008930828088354787
242,0.057018231356160826,0.808152516936513,0.00035431522106287836,0.1206394052602726,0.013835531225990676
243,0.010204314307632937,0.9365138416161611,0.02264496761996173,0.02474913451226294,0.0058877419439811824
244,0.0605900126501905,0.690111052334392,0.00031659976968488964,0.23932292169544336,0.009659413550289452
245,0.029161316425634937,0.8451389051008255,0.0009445378580365629,0.11293151815812812,0.011823722457374886
246,0.04092440404540303,0.7454564508927894,0.0007570524705463973,0.1930562034810115,0.01980588911024962
247,0.10714796186572745,0.4513251578366536,0.0018976878663121322,0.03777373987213338,0.4018554525591734
248,0.2508566481890703,0.4057496670675905,0.0019225841889622343,0.029839269448200895,0.3116318311061761
249,0.2392013344237096,0.6602372479541165,0.0008766380097173503,0.01978061448404164,0.0799041651284148
250,0.08375802617314694,0.8954311271442239,0.0004714868375195126,0.013439535350659412,0.006899824494449852
251,0.11653011494991278,0.8159668330399344,0.002031926239106093,0.055775660333244,0.009695465437802645
252,0.015254135834370236,0.8421096491193002,0.10943588922487914,0.009483719614868505,0.023716606206581965
253,0.04218117125452708,0.8185820749547204,0.001193039388380176,0.0907048568582838,0.047338857544088585
254,0.027802031332033256,0.907764720438111,0.005419415691931553,0.03370327196230964,0.025310560575614587
255,0.04025359007139573,0.7468423066535215,0.0644300599602799,0.036969478382783305,0.11150456493201964
256,0.031415225671835606,0.025138526664664197,0.00016894889851136338,0.004384926879867857,0.9388923718851209
257,0.12971392935621462,0.04755923500043297,0.00010692179067550726,0.004286137308872113,0.8183337765438048
258,0.3131709468999079,0.3624155789511844,0.0005043107187532197,0.013447374727779519,0.31046178870237495
259,0.58252967279764,0.13246785330616262,9.500035367939842e-05,0.05210988626227024,0.23279758728024771
260,0.15093294701450818,0.12218056486730748,0.0007984275798259208,0.12001616779291482,0.6060718927454435
261,0.037109460244340906,0.014127723781985619,0.00010401627717032501,0.025484070905024466,0.9231747287914788
262,0.3196070245045879,0.23307707836758132,0.0004326886018472307,0.22470088863747795,0.22218231988850565
263,0.27574817209337266,0.2924546704614792,0.0005727815818425616,0.27180562171432865,0.15941875414897677
264,0.12810113516751548,0.27750101530121857,0.0010832458926302694,0.3565251389747442,0.2367894646638915
265,0.029540458577452317,0.6605624204716449,0.002051551665746789,0.1890950959096972,0.11875047337545885
266,0.027028766658151633,0.06037712018216221,0.0020044831065501533,0.03106242200487087,0.8795272080482651
267,0.10838958583990466,0.02790867463076904,0.000324829715415349,0.03760408665754511,0.8257728231563658
268,0.668337735522521,0.027927941244971558,0.00037973251018550027,0.016266821508194036,0.28708776921412793
269,0.7141279510127735,0.036918018484069635,0.00014371362101248735,0.021612550530124064,0.22719776635202035
270,0.33806618944938877,0.1199853111067565,0.0002053613825445033,0.05119378502183373,0.49054935303947655
271,0.23950408244825327,0.3758444071825271,0.00026460611566676807,0.24285275073457138,0.14153415351898144
272,0.1959651035402457,0.34323917004140225,9.33320560452752e-05,0.3835870091849123,0.07711538517739437
273,0.08944028522410032,0.46902809347573365,0.00040621456710997845,0.35006316325010794,0.0910622434829482
274,0.09062571643475394,0.1094195279732614,0.001624621314416976,0.06371868384351616,0.7346114504340515
275,0.4228655462806642,0.19250352700786363,0.00012071235398874994,0.2207086739094383,0.1638015404480452
276,0.1547214650912654,0.7049126135141632,0.0030682388105832,0.06970071880561443,0.06759696377837379
277,0.16321169252953735,0.727482945804495,0.0055981555817859515,0.04166626156716836,0.062040944517013294
278,0.037906129007961,0.7844457943931737,0.0004629571526825445,0.14941263062834437,0.02777248881783829
279,0.12126897146976269,0.43431267849721084,0.001160962253189766,0.3746710392564342,0.06858634852340258
280,0.06291341028913655,0.8010810670630222,0.0011405392468672169,0.11864556234860921,0.01621942105236479
281,0.043909609288506145,0.9138164254372083,0.0005525218110771209,0.027007128018135224,0.014714315445073237
282,0.11968471903373284,0.821510798417185,0.0017160993834394046,0.03238005972831461,0.02470832343732804
283,0.12360815077507976,0.8280067994468049,0.0025180036377996638,0.01572629826215023,0.030140747878165227
284,0.18297581243695918,0.7459214038570761,0.01141595446746559,0.011877138185606331,0.04780969105289295
285,0.2309063955809141,0.7372350739081719,0.0016420542544289057,0.016925875435160925,0.01329060082132412
286,0.007784588469035849,0.9667674040268031,0.021639056099573253,0.0005490599934101254,0.0032598914111778917
287,0.031023455110744013,0.9083104119034311,0.05322062648258147,0.002093061474571911,0.005352445028671503
288,0.09176205601565897,0.8922643651823124,0.002014536735626729,0.005888135662347486,0.008070906404054348
289,0.015943225204410216,0.8639025189164484,0.10832560973304173,0.0056422697798275455,0.006186376366272063
290,0.03950397695628614,0.9017275631586519,0.002000719046512521,0.01932603797596804,0.037441702862581604
291,0.01620802540147295,0.9514361248103239,0.017705468783763643,0.006346792879672197,0.008303588124767326
292,0.010609120822400167,0.5541006219356146,0.409456751800862,0.014116066088535845,0.011717439352587417
293,0.058882048801517456,0.7801211141474856,0.05408820779946657,0.08216050056106267,0.024748128690467636
294,0.04067368073214363,0.6710994531653727,0.1882789835554612,0.05761769254069078,0.04233019000633179
295,0.03272218750871186,0.19971554321294224,0.011016625526514003,0.0035906516378352384,0.7529549921139967
296,0.35257138016321427,0.44475720585198447,0.006775336771824681,0.003105042472650818,0.19279103474032572
297,0.22040533725079023,0.726905525808235,0.03349170151750969,0.002145506198368536,0.017051929225096595
298,0.3076855460582651,0.6579412970154523,0.0011391488832710691,0.0009081117284007815,0.03232589631461062
299,0.06876764291693428,0.9026950575660353,0.0005532261421182516,0.017465071558468607,0.010519001816443493
300,0.005999499615237894,0.759319051639615,0.20375087403026407,0.025543002557570842,0.005387572157312335
301,0.04573916538971002,0.8934093301046687,0.00654012271491379,0.04239557892738257,0.01191580286332502
302,0.06954085760872535,0.649056712656495,0.02529410442863417,0.0038557466081873804,0.25225257869795825
303,0.07215230226302997,0.8642247558628036,0.04236987178011028,0.0034945430493084563,0.017758527044747743
304,0.015707090426972662,0.9072109291641333,0.07235078846938522,0.00046418352389978,0.004267008415609219
305,0.020509091169017744,0.9355369678185909,0.0386203138639116,0.0004902939757531973,0.004843333172726728
306,0.05359282851607553,0.6454250952587551,0.28582677263920114,0.0042920174790582145,0.010863286106909963
307,0.04692298626337745,0.8492699222757262,0.0836993617149317,0.005721417254437248,0.014386312491527171
308,0.03570940441284785,0.9146948345099184,0.03726441394500991,0.0034337175518985323,0.008897629580325226
309,0.02337704078737048,0.6213770654773757,0.3335152014835964,0.004554791514812762,0.01717590073684447
310,0.05748246057567253,0.6306483982518557,0.27188066401289734,0.007789628373540012,0.0321988487860345
311,0.18073311047589005,0.7573549437111581,0.02437007375182992,0.025864005364815063,0.01167786669630671
312,0.11292460964756904,0.7268476431428713,0.10078465332796825,0.02230388967940935,0.03713920420218196
313,0.051718662554915716,0.8898253714422457,0.028271369561370455,0.007839316149720148,0.02234528029174828
314,0.07868210202034584,0.5121215432833077,0.07527317537456131,0.010971577672941135,0.3229516016488439
315,0.06712856886285459,0.806996098798313,0.08297931587711009,0.007248471354064326,0.03564754510765797
316,0.06155469467033713,0.8567357104557914,0.042510720839810334,0.004252511645671185,0.03494636238838996
317,0.13042543668319972,0.18733235076401542,0.02655966219153613,0.000631330699803986,0.6550512196614448
318,0.29879626803655374,0.6362445600561748,0.0019368483689988969,0.001377182931220137,0.06164514060705244
319,0.19281869377473287,0.7790488576900093,0.0026927863362049827,0.0010516005941383119,0.024388061604914458
320,0.15382060363939373,0.7305300487020178,0.0777055426803983,0.00041548653773868606,0.03752831844045144
321,0.03291576486212967,0.9564191410751567,0.000550452081896756,0.0028184501140996014,0.0072961918667173225
322,0.00914106228095897,0.9840409748968748,0.001833092543146639,0.0015204534366743694,0.0034644168423451386
323,0.029090333240818417,0.8838661783510332,0.07408503654025984,0.00206855564306871,0.010889896224819756
324,0.027460714674909698,0.8064130811204165,0.1469553104478965,0.00260474105836348,0.01656615269841387
325,0.03529093484809617,0.9485059401394823,0.002668942026112371,0.002986106188700623,0.010548076797608552
326,0.10015728108982988,0.8549843230390137,0.025296797751887944,0.004467367775313226,0.015094230343955234
327,0.010230252883017384,0.9580076819644947,0.028957967120107238,0.0011182381812651727,0.0016858598511153068
328,0.061699554923032085,0.9183698048157612,0.008746916039367393,0.003112181670753567,0.008071542551085588
329,0.016593091223768234,0.8685241025239848,0.11012710944971076,0.0008516519480250776,0.0039040448545111664
330,0.00523657427701454,0.810964902010473,0.18172734990575995,0.0001598619413962918,0.0019113118653563141
331,0.0018636003601839666,0.2932733027496669,0.7011670388030606,0.00010383413357382196,0.003592223953514632
332,0.002673010563870111,0.19556818407047266,0.7998078021052851,9.044994625391035e-05,0.001860553314118177
333,0.0013659090743631552,0.06529106698926108,0.9304032718125768,0.00015783392662072095,0.0027819181971781536
334,0.0027529904275874497,0.17192770949478273,0.8220292742316481,0.00025983012304794093,0.0030301957229338745
335,0.0030644298791198048,0.07200718905857097,0.9229774624471873,0.00019869211018036108,0.0017522265049415321
336,0.0005267716141651998,0.03436644495038777,0.9635428543884211,6.438938920510122e-05,0.0014995396578207287
337,0.0025956342263179356,0.11759371984954793,0.8596067171405839,0.00027397228198991393,0.01992995650156023
338,0.0020383743355040593,0.050048452024775515,0.9452794200868773,0.00014853447795113123,0.00248521907489212
339,0.0012954304207286572,0.03719562472456334,0.9597487423407616,0.00012025529017408683,0.0016399472237725728
340,0.0038354196106663734,0.07832924882666961,0.8840175099107817,0.000200717434906993,0.03361710421697519
341,0.04203253770149571,0.5551686578802789,0.383500802439681,0.0013850236250706163,0.017912978353473732
342,0.006921170177471812,0.3029102668580638,0.6862473104146171,0.0002947842090204649,0.003626468340826835
343,0.0048349942404115765,0.0937370499943864,0.8935800273740256,0.00029891897464402663,0.007549009416532443
344,0.0124276749747851,0.6589110103251629,0.3249023583205835,0.000254134475730394,0.0035048219037383315
345,0.003597316727096103,0.43844277620353733,0.5554992368027399,0.00017909857274574158,0.002281571693880725
346,0.017467283073283133,0.593986312699699,0.3826601654973525,0.0007961180899393852,0.005090120639725932
347,0.0026206472404230294,0.3064442552899323,0.6885447807054291,0.00017665067705297413,0.0022136660871627154
348,0.0031482835489403,0.17724316036483515,0.8147017264369587,0.00030232882965747286,0.004604500819608477
349,0.004389383583823112,0.11718000690467943,0.8452359456466934,0.000650300218238024,0.03254436364656614
350,0.03834802750293499,0.4388859607325735,0.5089294947104899,0.002191129310566874,0.011645387743434692
351,0.059147365415185865,0.47176203241846604,0.4512438189789712,0.0022533299675945805,0.015593453219782224
352,0.029568857985901816,0.6846466087323034,0.2795489348253685,0.0010070600259929736,0.005228538430433323
353,0.005893924596493394,0.6201441622026393,0.3703923372110406,0.00022751981617325317,0.0033420561736533707
354,0.0038173318786884373,0.27044424245521237,0.7208921812952767,0.000442430017089976,0.004403814353732471
355,0.014211436034202614,0.19963237026074684,0.5079865003769316,0.0019796067712704217,0.27619008655684857
356,0.028142499635880506,0.6756126437519946,0.27342957366678705,0.0016201042532174306,0.021195178692120308
357,0.017779967821002635,0.4587378684755841,0.5121568248132589,0.000520179400233382,0.01080515948992092
358,0.021879819011767384,0.4847314407962343,0.48384219924296507,0.0006921887736129375,0.008854352175420263
359,0.0024958248706375397,0.13289699750009798,0.8612968815639858,0.0002968157855123504,0.003013480279766444
360,0.01392736126166898,0.4981914937000818,0.4782911792070362,0.0015303021244527863,0.008059663706760175
361,0.004768444646579524,0.18603329081558245,0.7870535555836914,0.001151608277944234,0.020993100676202362
362,0.025526909340616646,0.5418275301106897,0.4142774043302639,0.0038775320672265906,0.014490624151203203
363,0.009347649259424122,0.32597518683843524,0.6577263490972732,0.0008851413916140131,0.006065673413253458
364,0.03344991661488521,0.6317323549864055,0.32280011791906893,0.0017360293886804444,0.010281581090960036
365,0.009376161539290969,0.33844392316410205,0.6239260508623228,0.004436604836860763,0.02381725959742344
366,0.09189965875875847,0.675868458203122,0.16239485879965773,0.023312506109564136,0.046524518128897616
367,0.0938704569680612,0.6557767516340129,0.17055023856717755,0.03022385477747244,0.049578698053275944
368,0.08463416436184346,0.5978796444799186,0.15086293472380818,0.04509069080789692,0.12153256562653279
369,0.13082186905214557,0.7347503086152215,0.04238639340883984,0.03727454064977814,0.05476688827401512
370,0.030665062135308823,0.6764501631375842,0.19432705074627182,0.012586319679896058,0.08597140430093918
371,0.0268403585582606,0.04082255309597744,0.00864192172677028,0.0064745908709521,0.9172205757480395
372,0.19794831827589784,0.42482262737078125,0.008449138357594164,0.01905731634596607,0.34972259964976077
373,0.0367854021904502,0.044381571237988665,0.005165484768504443,0.0024585546991944688,0.9112089871038621
374,0.27200831557319805,0.5181831711945493,0.006550940428883574,0.004999378989477168,0.1982581938138919
375,0.13894010384896066,0.7654311270304057,0.02559763094212594,0.009348679138963532,0.06068245903954406
376,0.20302066435501107,0.7270673501692158,0.010903757469211075,0.00904485715776652,0.04996337084879563
377,0.028727168758973347,0.7286418977975117,0.2048825867749172,0.02144802503660728,0.01630032163199048
