epoch,N1,N2,N3,R,W
0,0.006465246365172152,0.005160510111980051,3.1214722394025786e-05,0.010287726659073822,0.9780553021413799
1,0.005850416523298409,0.003094392259457881,2.0641384461776865e-05,0.008662403548496195,0.9823721462842858
2,0.03508092941249399,0.01561051874387826,4.59436378455805e-05,0.005438092596142878,0.9438245156096392
3,0.11953057337685948,0.283428499234669,0.0011155187785194744,0.01026307872597171,0.5856623298839803
4,0.18425204399185624,0.27237969272455703,0.0031943445145413913,0.016870079689010466,0.523303839080035
5,0.2095343304294693,0.5489204748398961,0.00501345951361846,0.034791339179416944,0.20174039603759905
6,0.1316671622863082,0.5848166588202502,0.0513540188300809,0.0298851961649351,0.20227696389842562
7,0.007678974728295322,0.007228582105906826,3.359423496519578e-05,0.016153784532752166,0.9689050643980806
8,0.20506809241715682,0.0775900989010395,0.00012866208871301546,0.09171395182056284,0.6254991947725279
9,0.1499977621176772,0.6237595513280899,0.015641756796388014,0.014697214972282395,0.19590371478556237
10,0.0686625746251182,0.7497002351840947,0.10693253831268094,0.0030939743724284117,0.07161067750567776
11,0.0031214462254229515,0.00644239901739768,7.131192394959525e-05,0.0005414918561172886,0.9898233509771124
12,0.34452941754106925,0.3236913462989664,0.0010379490445598894,0.005791952291023787,0.3249493348243806
13,0.0979682050423448,0.8194284771666608,0.008235563680773796,0.0013818721385266605,0.07298588197169406
14,0.07074815659874543,0.8359320988801493,0.028968051767981385,0.0014139363564368587,0.06293775639668703
15,0.0576605216338196,0.704257689093368,0.1947133803220035,0.0005877824085714771,0.042780626542237396
16,0.04820445615005376,0.6312498334804247,0.2570330033626318,0.0009395314433539256,0.06257317556353573
17,0.07947738637833825,0.7023080105241006,0.08432890930435402,0.001530899693783309,0.1323547940994238
18,0.03837213342897176,0.5399139439425995,0.35657069932130686,0.0007489096826966535,0.06439431362442517
19,0.06582998975255985,0.5681175397022181,0.2944778685618625,0.001236075692672298,0.07033852629068726
20,0.021846056571338052,0.5487541849899631,0.39064583433330635,0.00043003518242398987,0.03832388892296855
21,0.043055040451529976,0.5866164837362229,0.33271445803383093,0.0009174098290032733,0.03669660794941296
22,0.020173488768308708,0.5170808725428472,0.42549189847774105,0.0004895069213258908,0.036764233289777154
23,0.024944969640245555,0.47946620061426526,0.4428393691202057,0.0005841288321756256,0.052165331793107866
24,0.01695613757775428,0.4627867687208962,0.4552656831751559,0.0006587281635112959,0.06433268236268236
25,0.04352890708923618,0.8285116172130637,0.09065740495980137,0.0008322869330339901,0.036469783804864625
26,0.019155128446332242,0.42763972136652045,0.5089004040777004,0.0004803978443815494,0.0438243482650655
27,0.01449133623241529,0.38529501528873666,0.5591170998671326,0.00048619977754522687,0.04061034883417016
28,0.025976408668248595,0.5079494460158274,0.4186782069067453,0.000501529383354726,0.046894409025824
29,0.03274899357210987,0.36196253124389144,0.5188196668775127,0.0005037179446589036,0.08596509036182713
30,0.027306124946140764,0.3369166715802554,0.5947579608334798,0.00040263139165083283,0.0406166112484732
31,0.01761624739036836,0.2921009555216007,0.6689501623456292,0.0002777236839364289,0.021054911058465315
32,0.020290904466871058,0.28737392599852857,0.6658792221612169,0.0002477237446614111,0.02620822362872204
33,0.016821884623625133,0.21305961576686516,0.7492954904430493,0.00022090455422489518,0.02060210461223535
34,0.009190892069575726,0.12690218534237932,0.854155754070317,0.00011309059529976812,0.009638077922428294
35,0.02044218461736426,0.2563111296286754,0.6803257488854655,0.00027666066301420243,0.04264427620548056
36,0.01779141892923449,0.24893343273131263,0.7130427322859598,0.00026554485777003576,0.019966871195723088
37,0.012170138724095838,0.18132126262159692,0.7936829590341318,0.00015767098346958244,0.012667968636706108
38,0.007220689319959647,0.12236945157109395,0.8582453803408125,7.813996438016416e-05,0.012086338803753613
39,0.017858885302955794,0.17322324523839977,0.7966662937735465,0.0001915366650283715,0.012060039020069508
40,0.0399483530176543,0.34762394468618824,0.5938008269782226,0.00044761592387620406,0.01817925939405865
41,0.008661529297647633,0.18384669102736217,0.7991000914259582,0.0001031049830042258,0.00828858326602782
42,0.007938075875677242,0.1400639332129582,0.8465797442646299,0.00012625643905308463,0.0052919902076813165
43,0.004581651440490348,0.11312406891733426,0.878570112283783,5.293661572422212e-05,0.003671230742668045
44,0.018590574696996456,0.23391781501524878,0.7380044499963053,0.0001897477565610567,0.009297412534888477
45,0.015647806500181518,0.138204220812254,0.832250492425516,0.0001751962393131488,0.013722284022735348
46,0.008661482435773176,0.09573470811289196,0.8888381709187578,0.00011870886273965268,0.006646929669837271
47,0.010788865940261808,0.10272259531621779,0.8780431653257649,0.00013270876431592163,0.008312664653439685
48,0.006793115569612098,0.09628562267621422,0.8895095510531685,0.00012028135925228447,0.00729142934175289
49,0.002957681969318705,0.05869005574043108,0.9266026944433149,0.00029724951019266586,0.011452318336742654
50,0.007987654737296793,0.094973626468369,0.873245971374641,0.0005084453713864143,0.023284302048306716
51,0.005321143906959343,0.05167206411934387,0.9310782926670255,0.00035051162605388036,0.01157798768061727
52,0.004889795915510299,0.06498637985507304,0.9161868922305861,0.00042304783118358557,0.013513884167646898
53,0.004576525314303491,0.04515642382687381,0.9387452290694785,0.0002870485341090511,0.011234773255235067
54,0.0035667588322822207,0.046774933232455046,0.936235791207138,0.00040666969454094366,0.013015847033583836
55,0.014397695788251291,0.15416126159717886,0.810035419357177,0.0008986644643672903,0.020506958793025686
56,0.03426332974446097,0.15131248330974825,0.7972588597621358,0.0007611227166031809,0.016404204467051643
57,0.03574403808121678,0.10952893607770951,0.8393041228241312,0.00048771333970995447,0.014935189677232633
58,0.033077787346253947,0.20051387851646885,0.7148963595611378,0.001558691149279224,0.049953283426860146
59,0.015050560850524041,0.019934216669326446,0.002215242838916698,0.0006021299607575592,0.9621978496804753
60,0.01606703029515251,0.017086373165304685,0.0002871083649364899,0.0016358554957748468,0.9649236326788314
61,0.003861288112509127,0.003931127946366316,0.0009527785812755263,0.0006705352807837667,0.9905842700790652
62,0.0036390689003459498,0.012118685725768612,0.0014712344037311911,0.0003471709113979654,0.9824238400587564
63,0.0014677819027708284,0.0030346495268088183,0.0006902266785377874,6.26557583218631e-05,0.9947446861335607
64,0.00678813660367784,0.003222697245966878,0.0003749303245444745,0.0001251329413412062,0.9894891028844697
65,0.02366058209833802,0.008130751746303367,0.001006590172102867,0.0003721929146709759,0.9668298830685848
66,0.0011175528507534976,0.0005321654928641255,0.0001146679784163372,2.1368944510911346e-05,0.998214244733455
67,0.004326454445162892,0.0018417681800707412,0.0001910583618256583,4.1317344469089684e-05,0.9935994016684717
68,0.02788626962784957,0.030616670662721186,4.83665149478903e-05,0.0006312827605076401,0.9408174104339737
69,0.04894900955120762,0.00735321107065394,0.00017924895083104851,0.00023972516429677048,0.9432788052630108
70,0.017479155840755906,0.0020701819650650157,7.494444245724915e-05,0.0003204095657588216,0.9800553081859629
71,0.0155757813880337,0.004149448216306,1.3448477490981734e-07,0.00013454416870154284,0.9801400917421839
72,0.007814049997272317,0.004574607919527407,0.00047610305090356177,2.9715354282927e-05,0.9871055236780137
73,0.00039158759751967983,0.0001842226418860229,2.5230275877936327e-05,8.3357366375802e-06,0.9993906237480786
74,0.00147839452869909,0.0005505668639011053,3.051484301851642e-05,4.098881233157729e-05,0.9978995349520497
75,0.0007931917901152783,0.000663528084178347,7.556545929104034e-06,3.500542177259607e-05,0.9985007181580047
76,0.0006831818576632055,0.0009131695163016479,3.914142914585494e-05,5.7145392959226074e-05,0.99830736180393
77,0.0011449779691676363,0.0041062432148954425,0.00032586055689721397,0.0002523735847129194,0.9941705446743269
78,0.0010173223623981427,0.018862797839983826,0.0001622871931520424,0.00022624153151698352,0.979731351072949
79,0.0010486524580885553,0.0029505342458146636,2.7389125702977095e-05,0.0002112861924383298,0.9957621379779554
80,0.0017371186201913464,0.007766299506207305,0.00022710685896654392,0.0005039792138162486,0.9897654958008186
81,0.0015132627156573236,0.005851448258890932,0.0003046158681073813,0.0006429873067732765,0.9916876858505711
82,0.0018710402941783224,0.006155663065872363,0.0004953859437644122,0.0008653512374107739,0.990612559458774
83,0.001452532370824521,0.005653366594004424,0.0005256074311871245,0.0009454752621654251,0.9914230183418185
84,0.001904460769236605,0.006496898843499699,0.0006830653384076021,0.0006847575413037214,0.9902308175075524
85,0.001202090345242172,0.0045838376089966165,0.0002696634156674921,0.00044729211725118637,0.9934971165128426
86,0.001685795039371028,0.004927435185168573,4.731890238707422e-05,0.0008957612793406013,0.9924436895937327
87,0.0013463732385061307,0.00345682698610797,3.5230398141640926e-05,0.0008934867778314441,0.9942680825994128
88,0.00098240690797488,0.003332746136472025,2.0359521615151398e-05,0.0006982263311631223,0.9949662611027749
89,0.00102134126696572,0.00394745118266957,4.760915788067324e-05,0.000729278163621364,0.9942543202288627
90,0.0013464187660217136,0.003736230336408429,3.915306295289615e-05,0.0006047027536413602,0.9942734950809756
91,0.0007350340559737515,0.012650862629589053,5.891586856333586e-05,0.0003026508740121607,0.9862525365718617
92,0.0007516756697953236,0.002043136576596958,2.4551686588189947e-05,0.0002557169141549814,0.9969249191528646
93,0.0009007725187358093,0.002406607480474108,2.126570146077818e-05,0.00025344597932728846,0.996417908320002
94,0.00223409051892366,0.0035171140771071826,4.914313756386909e-05,0.0016502128693031202,0.9925494393971023
95,0.0010301930754822713,0.0021363354681310713,1.3040634372158198e-05,0.0004145530644237674,0.9964058777575907
96,0.001969661783399706,0.003102018145936035,1.0143756524494204e-05,0.0007505947592694255,0.9941675815548703
97,0.0017153037774710294,0.0021165245744183795,5.23583295158785e-05,0.0001165116150515992,0.995999301703543
98,0.0016902289659290442,0.0013955319597648637,0.00015561420440395114,0.00010101773446509657,0.9966576071354372
99,0.0014198917270964633,0.0010560903405338175,0.0001798144421282779,8.724482017856785e-05,0.9972569586700628
100,0.0011582627555377443,0.0012865696990499622,3.801632920352898e-05,0.00010207199420560118,0.9974150792220032
101,0.0008402277930500872,0.0013244908485390285,4.812079028741017e-05,8.234887289528263e-05,0.9977048116952281
102,0.0007152830909052432,0.0010548941356695657,0.0003172051264988485,7.736155573400467e-05,0.9978352560911924
103,0.006371439467882795,0.0042430904562781825,0.00035427665486814175,0.0003663827983654064,0.9886648106226056
104,0.001571363198180893,0.001155618586871066,0.0002488664236616047,0.00010763324429105415,0.9969165185469954
105,0.005327427919006609,0.002237611892686666,0.00021877732822770218,0.00017651339721632504,0.9920396694628628
106,0.007402701398921663,0.006203337031859609,0.0002605045895600812,0.0002606042650715099,0.985872852714587
107,0.027706138784757257,0.014861841500505332,0.00013337389042402027,0.0008917946010709138,0.9564068512232424
108,0.001026968913603344,0.00118347838416827,3.392728999956621e-05,0.00017026608779703383,0.9975853593244318
109,0.00044302861682658275,0.0008945815600786296,1.9979716063573853e-05,6.194082720927412e-05,0.9985804692798219
110,0.0010765012096663124,0.001609040422376583,0.00011703762255506785,7.444926586421383e-05,0.9971229714795378
111,0.0011064757487536515,0.0022626589486183513,2.9181165594923486e-05,0.00014423862726139187,0.9964574455097717
112,0.0005183147693852051,0.0016658667602190412,7.163639598197004e-05,5.46765128587465e-05,0.9976895055615551
113,0.0006819521083037898,0.0023304927998293204,0.00010293578834921467,0.00015718243494611313,0.9967274368685716
114,0.0008906446785993655,0.0013354391864008569,0.00010778923053929795,8.914668853735688e-05,0.997576980215923
115,0.0006514396059875587,0.0017925915269561986,0.0002089412078924067,8.828249031064534e-05,0.9972587451688533
116,0.001143011906488328,0.0020331566329259455,9.215883556128332e-05,0.0001464075751607793,0.9965852650498636
117,0.0007629124036907732,0.0021231838136345172,8.94776061586426e-05,0.00025051414880329913,0.9967739120277128
118,0.001032995251300043,0.0016920404609314056,1.1408032797377913e-05,0.0002796700043836546,0.9969838862505875
119,0.0009498415351544063,0.0043121133643126835,9.227892546338107e-05,0.00041585905276195017,0.9942299071223075
120,0.0012129696798292215,0.004383782256537202,8.835461729322928e-05,0.0005780567538265327,0.9937368366925139
121,0.001626966236785761,0.005674465327540966,3.98184213314752e-05,0.0013486407898446757,0.991310109224497
122,0.0010452422211133419,0.003271629567380293,0.0002523495980908561,0.0009340488928353817,0.9944967297205802
123,0.0013826813351016417,0.019396574375426093,8.273893396074292e-05,0.0008315123726526412,0.978306492982859
124,0.0007692832880978907,0.01866727833768552,0.00013769644555271934,0.0008737893736172535,0.9795519525550467
125,0.0012235353419686999,0.018171145780411298,4.930224663667448e-05,0.0007805258743108504,0.9797754907566725
126,0.0009298603502817744,0.002250092754896303,0.00012842645256051693,0.0007263988409345139,0.9959652216013269
127,0.0034813256912918284,0.007512869961863777,6.351362975517182e-05,0.001447352726831374,0.9874949379902579
128,0.0008641890293467512,0.00430754097027247,3.3729549549308636e-05,0.0005476003659604444,0.994246940084871
129,0.0008111396611052371,0.0022059910683522254,1.9538486203558197e-05,0.0004719786742340006,0.996491352110105
130,0.0012285194219566092,0.0040566346934873595,2.8352491487871007e-05,0.0005289456281941897,0.994157547764874
131,0.0006667181366702631,0.0015267419536077846,0.0003574474489544361,0.0002465472060281354,0.9972025452547394
132,0.0009533502606487362,0.0037272295631741123,0.0002895399859688102,0.0001307843255447055,0.9948990958646636
133,0.0016002337675375489,0.0018748359915813713,0.0008358551192826996,0.00017595624429791,0.9955131188773005
134,0.0011469840968347412,0.0010684869407661995,4.0848635469931375e-05,9.6870843105606e-05,0.9976468094838234
135,0.0012274250365195607,0.002198572183393717,1.5769327215943923e-05,0.00019830535691847749,0.9963599280959524
136,0.0015667233671392555,0.001701632145004287,6.230323019865237e-05,0.00020101444294626832,0.9964683268147115
137,0.0011773109051034293,0.0020411609155998453,4.522755860620095e-05,0.00016484526913393475,0.9965714553515567
138,0.0018694569059864877,0.0024495128381211905,1.2218715942001739e-05,0.0003173986507401238,0.9953514128892101
139,0.0015155040436157718,0.0030698835640681136,2.208825592951634e-05,0.00029703032172312215,0.9950954938146636
140,0.0007867301006726829,0.001049867957871822,6.750734673763073e-05,0.00017519155895666388,0.9979207030357612
141,0.0005241841582136283,0.0016009764168613409,0.00030423851154328264,0.00032556569141663786,0.9972450352219651
142,0.0007766550033038365,0.0013754901982950527,0.00011507272562473059,0.0001455963420005833,0.9975871857307759
143,0.0013159298021394434,0.0010372157987084984,0.0004460262298264915,0.0002560898601840015,0.9969447383091415
144,0.0010927499521812196,0.0010388912018034905,3.0708769323637156e-05,0.00010329827798832954,0.9977343517987034
145,0.001144165858994898,0.0014047005687418915,1.5431133122186782e-05,0.00020191548905604614,0.997233786950085
146,0.0006759794276081098,0.0002821596806864369,0.00012718030006679803,8.343147842522562e-05,0.9988312491132135
147,0.0005076516447345136,0.00019860046973372593,7.5757673549011705e-06,8.487603527615537e-05,0.9992012960829008
148,0.0013365575606197966,0.0006358611495503906,5.73134811454417e-06,0.0004088147244057352,0.9976130352173095
149,0.000547319352855493,0.0004320047550196473,2.2433680911455926e-06,0.0001325199443776745,0.9988859125796561
150,0.0003546897435272477,0.0011457946283305056,5.634504385730775e-05,0.00036742751857073977,0.9980757430657141
151,0.0008721811651522332,0.0025322223195910765,0.00021177403778359236,0.00046604517134419393,0.995917777306129
152,0.0008783719075091554,0.002132541475798815,2.56998534839509e-05,0.00048761285177257484,0.9964757739114356
153,0.0010586749986168712,0.00296405191701498,0.0001154628387823581,0.00040958673020965016,0.9954522235153762
154,0.00183477241568014,0.005790932949604457,3.1405085379933736e-05,0.0027610478606664556,0.989581841688669
155,0.0036868537262084245,0.011243041373512149,3.057689476966686e-05,0.00728159068060873,0.977757937324901
156,0.0019768891051641802,0.006170901034501232,0.00010263752042735158,0.004124003299828225,0.9876255690400791
157,0.0016404743822741434,0.009892666444515497,0.00010287879273510183,0.004163613941741716,0.9842003664387335
158,0.0013658001086333678,0.005840441896841902,3.282592117996119e-05,0.00297619701623793,0.9897847350571067
159,0.0023046362003486726,0.009443279690966696,4.418632447296022e-05,0.006523228118677246,0.9816846696655345
160,0.002044844179485391,0.004815929419452625,2.8000406501848353e-05,0.005626560672357083,0.987484665322203
161,0.006505790755848955,0.011167615177224564,8.628515202959282e-05,0.006144512900761845,0.976095796014135
162,0.0049293001690995835,0.008771309073408645,3.45483040180529e-05,0.007463984634779673,0.978800857818694
163,0.0021341021543696474,0.007584734980987845,2.1707429999846135e-05,0.006254601343010491,0.9840048540916322
164,0.0013245428878883993,0.006400084082497871,2.8749823696875998e-05,0.004591404405059472,0.9876552188008575
165,0.0036611484205844435,0.00574627528504673,1.689872395881958e-05,0.005297404000739799,0.9852782735696702
166,0.001564173882733521,0.0042463235181509915,1.9928541079934675e-05,0.005097183097115193,0.9890723909609204
167,0.0018134196879025536,0.004729995789197436,2.2551291405408546e-05,0.0027871157759904166,0.9906469174555042
168,0.0010251328800606973,0.003994887894419549,3.357282104957526e-05,0.0018714375017157246,0.9930749689027544
169,0.0016443072631219628,0.004691966708759624,2.1940986038446545e-05,0.0033813639818573702,0.9902604210602225
170,0.0016047050431713277,0.004266164825621157,3.117463331688252e-05,0.0023469782514986956,0.991750977246392
171,0.0008239997479230335,0.002844315229071171,0.0002243889133405472,0.0016513363357011678,0.9944559597739641
172,0.0011619594706127672,0.0024975701011721177,0.00014975477631081448,0.0017746084842730706,0.9944161071676313
173,0.0010192979286447678,0.0030454629528307215,2.6527574102916802e-05,0.001276910235804949,0.9946318013086167
174,0.000974816414039415,0.0026907821959690145,1.9168268743117814e-05,0.0010413113239942033,0.9952739217972543
175,0.0008015003630761778,0.0023027696100303427,2.8737326622984823e-05,0.0019212458338236209,0.9949457468664469
176,0.0009211568145843558,0.0031354211759902773,3.250327681483061e-05,0.0025183221493441264,0.9933925965832664
177,0.0016986432317714032,0.0044246896497514045,1.9216507129932957e-05,0.004420039308378623,0.9894374113029686
178,0.0016880891962304959,0.00482481686094442,1.8487980900100834e-05,0.004461244931018585,0.9890073610309065
179,0.0009275624639593516,0.0039530564725988575,9.114598383856683e-05,0.0031496532120811214,0.9918785818675221
180,0.0027603035056159675,0.00676199419996966,2.701138057124747e-05,0.005329529456787603,0.9851211614570556
181,0.0024799188134344654,0.004607263912355091,3.559717716185403e-05,0.003763987411357876,0.9891132326856908
182,0.0017740316334395837,0.0036143727765588878,1.5149489510480668e-05,0.005923403892582578,0.9886730422079085
183,0.003561159348508887,0.004121004930174895,5.4174687133687955e-05,0.00863832877578466,0.9836253322583979
184,0.002917471484348934,0.004985297305566405,2.997351854594144e-05,0.008877598746457724,0.9831896589450809
185,0.0014815400801213344,0.004295874780169065,2.247935210387308e-05,0.005285280697027605,0.9889148250905783
186,0.004103160624780138,0.004962321282871365,2.4168826856881707e-05,0.010848614339969436,0.9800617349255223
187,0.002985252733591972,0.0072376268035758895,2.0485965699655754e-05,0.0077378260718314225,0.9820188084253011
188,0.0016703888867240812,0.004960924199108265,1.2529368516960359e-05,0.00753801424575663,0.985818143299894
189,0.0008905117305951892,0.0021142885333763502,7.339266410892731e-06,0.002500277022152857,0.9944875834474646
190,0.0014499259907055642,0.003541217137999396,1.2193899009112322e-05,0.0038790282262670985,0.9911176347460188
191,0.0007989609230800253,0.0019616870392279466,9.947853697454607e-05,0.0019959111305636796,0.9951439623701537
192,0.0008436496004178038,0.002259844579521033,1.4141775474781122e-05,0.0016758303418738848,0.9952065337027126
193,0.0009553688868402226,0.0027347539030446568,2.7513886943989047e-05,0.0017339098671983813,0.9945484534559729
194,0.0007977055710949736,0.022127404917763882,4.069506682536028e-05,0.001183348534220322,0.9758508459100954
195,0.0019956132508553524,0.003622214920224195,4.450147284974129e-05,0.0017493732954585353,0.9925882970606121
196,0.0012567022512451529,0.003501851044149959,2.7529543316224835e-05,0.0012230797459320728,0.9939908374153565
197,0.0015641414437528938,0.005579639208710516,5.893071790565756e-05,0.002403629443937242,0.9903936591856937
198,0.0038492833703024725,0.0061090667037263105,0.0003711012622940186,0.0007135197221978852,0.9889570289414793
199,0.0036507770293195655,0.0023837295188164154,5.785628139346352e-05,0.0006219531322595372,0.993285684038211
200,0.0018469753003501083,0.00358164069994258,1.1074155783649689e-05,0.000802345150254151,0.9937579646936695
201,0.005561775672641637,0.006001117360823887,1.669788056053687e-05,0.0029380499442615174,0.9854823591417123
202,0.0019108002577673537,0.002421865646238402,3.169277307553096e-05,0.0011414549139216845,0.994494186408997
203,0.016054846134802264,0.008031177996988884,2.3305375843267032e-05,0.004867022231964341,0.9710236482604013
204,0.0027997771077191195,0.004983055500258994,6.67662157673098e-05,0.0014057927349185348,0.9907446084413359
205,0.005666920455871947,0.007208748979457775,2.2670092968464387e-05,0.0021056238732652926,0.9849960365984366
206,0.007924817637670034,0.01302676380597299,2.4673372190102196e-05,0.005103934397513007,0.9739198107866539
207,0.005564146459556014,0.016883277707493493,1.7863695570974372e-05,0.005261791728018902,0.9722729204093606
208,0.004573504687677817,0.019728728976724143,2.172570563587541e-05,0.00797249997678705,0.9677035406531752
209,0.0028974049783250504,0.017137085166291973,4.069491117952935e-05,0.006947266264776319,0.9729775486794271
210,0.004372404116985679,0.019164514979908072,0.0001442580066272919,0.010607521086744206,0.9657113018097347
211,0.015759376806743927,0.020294145165791394,0.00038073352232123245,0.009302211000289077,0.9542635335048545
212,0.004901733304383019,0.015047067525348306,5.851743125329531e-05,0.008175582669659717,0.9718170990693556
213,0.002090981867025018,0.009828302758366367,7.1211954531092e-05,0.003228520173235283,0.9847809832468423
214,0.0015257751792616381,0.007640721185146054,8.45317630019074e-05,0.0056110217364096285,0.9851379501361807
215,0.0018763734878705233,0.004643332003039112,3.7121995585609416e-05,0.002846367951650361,0.9905968045618544
216,0.0021294351259133976,0.005941065310475909,4.2568742496777186e-05,0.005032259800461058,0.9868546710206528
217,0.0017817006427166835,0.005519005668557215,9.494810565570982e-05,0.004523814383072652,0.9880805311999977
218,0.0017561121504764481,0.005890242081004321,2.2748791358312457e-05,0.005102278957228199,0.9872286180199328
219,0.004040455006722794,0.009926474098371243,3.641448693774972e-05,0.006931493926789063,0.9790651624811793
220,0.0032871209720307755,0.006789993714132078,3.855427983116137e-05,0.005923262414955634,0.9839610686190504
221,0.006362231527997712,0.009825324854238714,2.570107176532622e-05,0.0092436042774996,0.9745431382684987
222,0.0034168308831469246,0.010555988556554622,0.0002688027732125373,0.006933048842467893,0.978825328944618
223,0.0031300472267323694,0.007654094034947625,2.666388924302312e-05,0.004424550553602024,0.9847646442954751
224,0.005505312177058038,0.005996687818162806,0.0001326118901760583,0.0024422581171924655,0.9859231299974107
225,0.010989901396116572,0.012043535038182646,5.926694227829696e-05,0.00892162279709216,0.9679856738263304
226,0.01372891476113678,0.01077051499483745,3.9777941740865136e-05,0.012129638241949518,0.9633311540603353
227,0.0019454891787903921,0.005628496098717202,5.324665241508752e-05,0.002390548549980987,0.9899822195200964
228,0.0105920815351852,0.007694204484069592,2.8978433060900504e-05,0.020126030620530047,0.9615587049271543
229,0.024339423184098295,0.012481774064691413,0.0003985100320569378,0.008810601350579251,0.9539696913685741
230,0.005138758586506391,0.0033833086475777373,0.0006274984058678631,0.0019261665592488915,0.9889242678007992
231,0.030919244221997218,0.07591686697679505,0.00011578140692979712,0.018623021794272318,0.8744250856000056
232,0.017107922795822808,0.0508472334257223,0.0026372703128052207,0.013180867876058872,0.9162267055895907
233,0.008510417301324756,0.016129469404277508,0.0024096440815168335,0.010548015349224957,0.962402453863656
234,0.003565305110732672,0.05429721759779604,0.0006694620749297358,0.0034927728233744722,0.9379752423931671
235,9.008901871821369e-05,7.727755561296207e-06,0.9993270803981554,6.457303787635178e-08,0.0005750382545272687
236,0.0046083998518483766,0.00036213827215268176,2.1574476389960084e-05,0.0008851476018121422,0.9941227397977969
237,0.006892571424152558,0.0013852489592418341,4.202296086963785e-05,0.003041008178017092,0.9886391484777189
238,0.0017248030640714745,0.001049109633668462,6.04259716840314e-05,0.0008518581840037807,0.9963138031465724
239,0.0036246681919587763,0.0077365058095708655,4.6704711015957034e-05,0.0033882830386757086,0.9852038382487787
240,0.0035471743929466953,0.007760064570145624,4.7557350621081884e-05,0.010401666058226748,0.9782435376280599
241,0.0010379853064680466,0.004698427302570988,3.6599693533430385e-05,0.0034176970932703232,0.9908092906041572
242,0.003416003858556876,0.018736657709187456,4.046843580507376e-05,0.03643746242060452,0.9413694075758461
243,0.003269295176806665,0.02045188810271975,6.25871477376018e-05,0.028123959356618336,0.9480922702161176
244,0.0013976810909826674,0.011115798416344403,5.894061483527442e-05,0.011744188517080688,0.9756833913607569
245,0.002501664171612089,0.01626809705119647,3.9328650611401315e-05,0.02360978603012414,0.957581124096456
246,0.003777841948923396,0.011424056377804323,3.063436224621292e-05,0.02330603946324309,0.961461427847783
247,0.01054230662418243,0.024635674139845576,5.564950767489449e-05,0.058549014708255714,0.9062173550200413
248,0.008380959494982547,0.015264968433557433,3.686823617246201e-05,0.05236630545952859,0.923950898375759
249,0.004406489144238788,0.010739568427209498,4.389053756818664e-05,0.03776932725705226,0.9470407246339313
250,0.002964149613608518,0.007776811815083021,3.2112959824785115e-05,0.01757760149554342,0.9716493241159403
251,0.0032364236782914113,0.009013749892195968,3.107408424786872e-05,0.020200120400767352,0.9675186319444974
252,0.009508639466841209,0.01241540396557992,3.933708787717709e-05,0.020021734470530954,0.9580148850091708
253,0.0030426287108974255,0.011510883366727892,3.054546909061828e-05,0.015269148885260483,0.9701467935680236
254,0.003481085990420574,0.006845564236155107,2.3101392162328837e-05,0.00845318542320799,0.9811970629580541
255,0.004517530661798932,0.009285434161661702,0.0005463141871848656,0.010940973321133514,0.974709747668221
256,0.005167584880158888,0.005038259692391139,2.7027686537199077e-05,0.005989987539436346,0.9837771402014766
257,0.00217157007008032,0.005997362182935905,2.6437417464353597e-05,0.005080470004677119,0.9867241603248423
258,0.01227986834362361,0.018086052262083843,3.2819129715799576e-05,0.005361625516249553,0.9642396347483272
259,0.0017030096750467862,0.01274016546597035,4.8840100824738735e-05,0.0013993321885629453,0.9841086525695952
260,0.0028616728759759194,0.011067188168080987,0.0007711957680895145,0.0025853675630277974,0.9827145756248259
261,0.002890359650178049,0.008626818993451593,0.00016941458436862015,0.0021299029879314267,0.9861835037840704
262,0.0015933451232759642,0.004921324764594347,2.1117150952019308e-05,0.0016820210643283002,0.9917821918968494
263,0.0018374545107872036,0.0036704917733735966,0.00011146317475140744,0.0007892411914668561,0.9935913493496209
264,0.0038378885456851865,0.006811333933539777,4.578945629195879e-05,0.0005354087923858394,0.9887695792720973
265,0.002276098190691333,0.008526395722666698,8.082732078709455e-05,0.0007104478717687913,0.9884062308940861
266,0.00234004032476669,0.006880955104318769,0.0001858382069613058,0.0024503424550102564,0.9881428239089429
267,0.0011635605126324633,0.005284693147684797,8.390850370515058e-05,0.0005594182273791874,0.9929084196085983
268,0.002982806226995446,0.008861332824991477,8.28526449951745e-05,0.0013836585537976291,0.9866893497492203
269,0.0028071319298210535,0.00979855403270736,4.941923011514958e-05,0.002869923419838145,0.9844749713875183
270,0.001756055649489565,0.007049244439371319,6.270400123125883e-05,0.003745421656169313,0.9873865742537387
271,0.002123596139776523,0.006047221877734978,3.380496374931995e-05,0.0022097631222422805,0.9895856138964969
272,0.0036291654923150934,0.007566091172441357,2.7516144047811916e-05,0.0037012460824513154,0.9850759811087444
273,0.0032231528666839698,0.0388201013487315,4.071851419560548e-05,0.003620901045005739,0.9542951262253833
274,0.0025613627901043897,0.0483811244351466,0.00011284688060415014,0.0018414664211462027,0.9471031994729987
275,0.0019583301410937256,0.006823251638487868,0.00015489083798122472,0.0010691782105439855,0.9899943491718933
276,0.0033586531155441854,0.009141896482803846,7.605276729525078e-05,0.0013418681554983154,0.9860815294788584
277,0.0013684476288031194,0.0025033656342191095,6.504112543877292e-05,0.000720804999980323,0.9953423406115587
278,0.0025667699564628586,0.002819102500277495,0.00014041282693074997,0.0007327019980044554,0.9937410127183245
279,0.010929224832052366,0.02831887107192808,0.002982314923431781,0.002061060727325813,0.955708528445262
280,0.0032733159038396643,0.001406890049744739,0.0003936785401783038,0.0004763511760971683,0.9944497643301401
281,0.0011152285097803278,0.000784837836265876,1.9304280939226113e-05,0.00036320925074249835,0.9977174201222722
282,0.0014712189061621148,0.001682009283962787,3.4232534666740176e-05,0.00038481539745411383,0.9964277238777542
283,0.0017504536313436188,0.0035432437190741728,3.1119878861497336e-05,0.0005927306998566816,0.994082452070864
284,0.0007661737840162695,0.0034867489408927175,0.00011384620073097532,0.00027041600975709194,0.9953628150646029
285,0.0010605908933484602,0.004341261790833347,0.00012213750004236808,0.0010975733295268963,0.9933784364862489
286,0.0017664762073063567,0.003888974072197764,0.00018537654058202978,0.0005329010724482054,0.9936262721074657
287,0.0024342876112488057,0.0050606317580127215,9.433494627224091e-05,0.0007484149624535948,0.9916623307220127
288,0.0018027582923478634,0.0033284357132383332,1.9462987321015378e-05,0.0007767305433885184,0.9940726124637043
289,0.0013476201163183528,0.0054060915643125,2.5066081066481158e-05,0.0006923344170010102,0.9925288878213017
290,0.0020037735904224964,0.0056726705884169466,0.0007474176412447236,0.0006355852514098965,0.9909405529285059
291,0.0018214356601656651,0.013745996391940437,0.000986003416930704,0.0016592387555361134,0.9817873257754272
292,0.003675201793984812,0.014482290226834083,0.00035472424460288016,0.0014416460850756971,0.9800461376495024
293,0.0024603949399802567,0.006699099378159352,8.895290797759499e-05,0.0008587640516911307,0.9898927887221918
294,0.0025378567025371914,0.005766971078449385,0.001082037554411968,0.0017090581620008473,0.9889040765026005
295,0.0020143008565193733,0.00482566131504191,0.0002424204217807995,0.001033213220938455,0.9918844041857195
296,0.0021855637800737965,0.002533240324142787,0.00026833119839821085,0.0004680722718101031,0.9945447924255753
297,0.001917518623741825,0.0009820593151559896,0.0013664263553855847,0.00011117784559006726,0.9956228178601265
298,0.001540245244301293,0.0014104534674732072,0.00040374234919092814,0.0003515277249641021,0.9962940312140706
299,0.0020976772316478385,0.0022286566278264495,0.00028698692456856627,0.0003845188220778229,0.9950021603938795
300,0.0023226864101366504,0.0012139967605305868,0.0003087572806008179,0.0002567282434015566,0.9958978313053305
301,0.0016439727937144033,0.003290467355677835,0.0016529943158415737,0.0008428158603943315,0.9925697496743718
302,0.00251603405985106,0.0033539118295860546,0.0016040605017410507,0.0003350195555072252,0.9921909740533147
303,0.001932965734200469,0.0021439602577179822,4.047666740806887e-05,0.00037489836159988553,0.9955076989790737
304,0.005381785390728475,0.003092899721592741,7.052474147047086e-05,0.0008653350185499085,0.9905894551276583
305,0.008555504213866114,0.0030592593722148444,9.229839483577637e-05,0.0013405896511476875,0.9869523483679356
306,0.006240190714541858,0.0115371875433372,0.0001276356536464807,0.0023117298712247523,0.9797832562172497
307,0.011068101398404978,0.011412036830498514,7.218912624310856e-05,0.004102035291290499,0.9733456373535629
308,0.048113369396233216,0.03704287595414468,0.00020961966039085702,0.01627512662210682,0.8983590083671243
309,0.11997353148506569,0.11206620967315767,0.0005452260269260153,0.12133986101375312,0.6460751718010975
310,0.07017197131296711,0.05913499646494494,0.0001907418657508216,0.11740409376432275,0.7530981965920144
311,0.06259883557537195,0.07410076621852708,0.0003279829182845733,0.15078352149724344,0.7121888937905728
312,0.35329412368505075,0.13144306500678624,0.00026850112979885703,0.31582117804854043,0.19917313212982363
313,0.1727815960588084,0.4167941622279454,0.0020736570038374117,0.1415639361643126,0.2667866485450962
314,0.15290704019394508,0.6215735214343542,0.02709795618618529,0.16933600059561707,0.02908548158989832
315,0.15164162482497484,0.6915435874772244,0.006291622402803157,0.1263242255947143,0.02419893970028328
316,0.08650806928068369,0.7721842919473462,0.03477036975141599,0.08367212059232991,0.02286514842822436
317,0.0651746322404653,0.7917499972017649,0.0594600751335664,0.062174470113455074,0.02144082531074829
318,0.055799932954844866,0.8314591899007342,0.011332165291025827,0.09123343584416323,0.010175276009231852
319,0.04528456502566582,0.8834592661499914,0.027295098210337928,0.02896114882420567,0.014999921789799338
320,0.04050965418409479,0.8505522407559017,0.07258459067413091,0.023283448255140105,0.013070066130732359
321,0.05860888619805182,0.8920841169085484,0.01591198964223707,0.021858037882360334,0.011536969368802332
322,0.06530791539363928,0.8783072851639115,0.015166152476330854,0.030937135602504284,0.010281511363614104
323,0.06583240066059362,0.8792845926128174,0.02044100651728059,0.022322582770858707,0.012119417438449787
324,0.0402098998689453,0.8455370652263383,0.0913404273322891,0.016692572453744777,0.006220035118682499
325,0.0665196591370943,0.8598252073850208,0.03967899553758038,0.013106853473740796,0.020869284466563602
326,0.02782270734767458,0.8795577210492986,0.08276166496138522,0.00395574255284734,0.005902164088794165
327,0.06501012120232902,0.865127710104619,0.05423110655017191,0.008585422257143899,0.007045639885736036
328,0.0503634174708659,0.8842948142875595,0.04917850079007701,0.006838366151357074,0.009324901300140605
329,0.05807629066543085,0.8645925972030208,0.05287787489467117,0.008444794642237049,0.016008442594640144
330,0.022747018220174095,0.7616033121776973,0.20624975784581948,0.0029750633230554,0.006424848433253819
331,0.01734115898294886,0.6910606361830506,0.27111719385427113,0.006899005203253774,0.013582005776475682
332,0.026447831553057105,0.9364620612614584,0.02575185953069875,0.005007960360085951,0.006330287294699946
333,0.03673820957313334,0.864734919061856,0.07950055504455668,0.010623412227138862,0.008402904093315088
334,0.019566022047379082,0.7021886610050478,0.2575980348755073,0.008179188926219522,0.012468093145846335
335,0.04406145368549504,0.8939846649561051,0.04126008654456753,0.01180318691447077,0.008890607899361679
336,0.04126748496020813,0.8804138179094677,0.06461528626160881,0.004936842212425786,0.008766568656289473
337,0.03787778453872939,0.5377777555992855,0.37737596712016463,0.022494540482053106,0.02447395225976743
338,0.03142357430707877,0.8328925046132111,0.11787571331715914,0.01077158644345584,0.007036621319095208
339,0.007225631055547701,0.4680866449334477,0.5124642117963196,0.006378508835606399,0.005845003379078462
340,0.024149849980443876,0.5678963931586969,0.3914830836291888,0.007267733486559205,0.00920293974511123
341,0.021377122589800086,0.5472487457441946,0.40252574123910956,0.013822122335629726,0.015026268091266122
342,0.042127810575878,0.5962793564706304,0.33477571290919345,0.01646352002985386,0.010353600014444419
343,0.023478141475515354,0.5113317477775897,0.4541630175576741,0.005601283675056162,0.005425809514164578
344,0.020923262830401548,0.5635171737158606,0.40477868049582844,0.005309662596021707,0.005471220361887758
345,0.009415358989539158,0.39679694487531597,0.5870086074116433,0.0026824465978152667,0.004096642125686309
346,0.01811040804927073,0.4472112050957272,0.5189489094838922,0.004569986643605996,0.011159490727503853
347,0.02200839154484114,0.2760238590905684,0.6910396301736289,0.0042274166544780615,0.006700702536483529
348,0.01239876218805241,0.29376909498944687,0.6859613187124298,0.002179453252079371,0.005691370857991613
349,0.007239918013581975,0.2287822593057842,0.7594336515363987,0.0012026835740494366,0.0033414875701856593
350,0.006438987857029854,0.5576399845919043,0.43099863863847726,0.001096423697165883,0.0038259652154225636
351,0.004562162840312515,0.19977624597685745,0.7914834530175969,0.00084378426998324,0.003334353895249828
352,0.01065668191429812,0.3528048736668853,0.629532811085141,0.0017272782363220503,0.005278355097353491
353,0.006716974266826169,0.22633509688521167,0.7630243128258503,0.0009276686618733354,0.0029959473602385726
354,0.008159160471839953,0.1850265526679937,0.8016949080513078,0.001410384974536245,0.003708993834322239
355,0.010771810320683172,0.18771856566905082,0.7976405002586417,0.0011966682866971748,0.0026724554649271075
356,0.005537014193733974,0.1751387795984337,0.8156203229687847,0.0014169648569283802,0.0022869183821193017
357,0.006429505277810489,0.22591913081957718,0.7616750195812901,0.0012109383962657459,0.0047654059250564285
358,0.007648173672511653,0.19374182864147904,0.7933925700449609,0.0017636502290108791,0.003453777412037512
359,0.006105098762984708,0.18052847991097998,0.8087371206917526,0.00129825306631833,0.0033310475679642734
360,0.01128782920600325,0.26047661952114554,0.7185643507238239,0.0027691605741102087,0.006902039974917132
361,0.004333080686368361,0.17784287680325012,0.812081163861534,0.00240759712996786,0.0033352815188796244
362,0.011683334868604303,0.2600138122341831,0.7170367137341791,0.002426615599396411,0.008839523563637321
363,0.014543105190033257,0.2114620415586414,0.7510646318885644,0.011135766770399522,0.011794454592361196
364,0.021589152038381024,0.33240760663709146,0.6140786495356305,0.023133244895078457,0.008791346893818412
365,0.07118249235403909,0.7134147835845417,0.10648661129403873,0.025748301602695912,0.08316781116468447
366,0.039544364930605785,0.05131527544374835,0.0002592856657970294,0.015048821040759188,0.8938322529190897
367,0.34591392044193287,0.32081483966243324,0.0016264183666449218,0.0598282678825319,0.27181655364645696
368,0.42798289059234507,0.4581261666583412,0.0005964836622112555,0.08302117432042042,0.03027328476668207
369,0.2065234511417996,0.6110561679560674,0.013115227482735671,0.12280413466453714,0.04650101875486013
