epoch,N1,N2,N3,R,W
0,0.010247961669719882,0.0016460947718212598,6.063810478804561e-06,0.0010124693226380747,0.9870874104253419
1,0.01006206295818068,0.000548453843348744,1.999787898927743e-06,0.00039578332508295706,0.9889917000854886
2,0.006907735087945681,0.000530270358272859,2.4265986071494305e-06,0.0001284970962859662,0.9924310708588884
3,0.0029809927375767245,0.0007066402718871222,1.230415703787614e-05,9.555322247067816e-05,0.9962045096110276
4,0.008912491508300457,0.0002056845767689427,1.8264049454630442e-06,0.0002831611956149971,0.9905968363143702
5,0.03245091934183242,0.0005253925283550465,2.810977657295724e-06,0.000388730163407205,0.9666321469887481
6,0.016856667908902563,0.0008745571890031663,2.438527721219349e-06,0.0007133695902595729,0.9815529667841134
7,0.317195274139602,0.004102391796012261,1.1341342486616706e-05,0.0005545872495827928,0.6781364054723162
8,0.3816868753287129,0.01036717789646332,4.069868655231839e-05,0.0009990868190406902,0.6069061612692307
9,0.7041390479582295,0.041325375876352044,0.00011749075090207315,0.004873695463691581,0.2495443899508249
10,0.547057528240482,0.1079206563806199,0.00011805334346061157,0.026523811477694694,0.3183799505577427
11,0.33234748667994995,0.3663366675937259,0.0004654772926330569,0.06074830729847389,0.2401020611352172
12,0.17202642243704352,0.470258076356483,0.0005733459112286542,0.2518362190103001,0.1053059362849448
13,0.07750599140544404,0.5757101334691004,0.0058410738706715145,0.11886451798323147,0.22207828327155268
14,0.05383486251189909,0.10073559032979928,0.0002719852030471095,0.5520912187776463,0.2930663431776083
15,0.058900464133321034,0.27931643152893715,0.0008106162986457107,0.10957113578795462,0.5514013522511415
16,0.04701902583403315,0.08773103681036439,0.00014181646458131841,0.4012379597346885,0.4638701611563326
17,0.05596892686848053,0.009775419088037843,4.4483454365992755e-05,0.05147090036387642,0.8827402702252393
18,0.08053339777590175,0.01414434099900355,5.129594614588992e-05,0.022924548899794523,0.8823464163791542
19,0.3418572091260615,0.015574466992556876,2.4851518559667743e-05,0.015091778569786834,0.6274516937930352
20,0.23379377583477157,0.028588696325540373,1.4028514679560625e-05,0.019345888519367554,0.718257610805641
21,0.07723935680060352,0.014074639000643869,1.8476868769827668e-05,0.026812677003913345,0.8818548503260694
22,0.1091207986036896,0.039230043229516946,2.8189756544053726e-05,0.04163649765206612,0.8099844707581833
23,0.025887818081017904,0.005562697207224408,1.890596238726884e-05,0.009236713808900347,0.9592938649404701
24,0.07611025643856925,0.015859349832439626,3.199448733824877e-05,0.016059023818193168,0.8919393754234596
25,0.10178899386831636,0.028447397814244876,3.879742789457179e-05,0.030684003132049546,0.8390408077574947
26,0.06331895211982459,0.015703148292406,2.136829489896382e-05,0.017675244148730125,0.9032812871441402
27,0.056316956559133734,0.03081234585129027,4.78839829473482e-05,0.03356155729213992,0.8792612563144887
28,0.06418126908629888,0.040468577707869824,7.760515243782999e-05,0.04798823547310778,0.8472843125802856
29,0.05712616873876279,0.04290661415275022,9.426377318199234e-05,0.04686197822789975,0.8530109751074052
30,0.058783923154275934,0.05942024004599924,9.618487101916914e-05,0.04938154239809515,0.8323181095306105
31,0.01902440865884826,0.0079774821583377,2.9250850069989646e-05,0.019041349031291364,0.9539275093014526
32,0.052408105792298786,0.01706613056362395,7.537784680960423e-05,0.025849071008364973,0.9046013147889027
33,0.07793631993930561,0.026259398445418965,7.64361381372341e-05,0.01731776388101084,0.8784100815961273
34,0.0712027938884737,0.02195546105750397,5.560250038496381e-05,0.024209284436090953,0.8825768581175465
35,0.053755864363212065,0.015191077364845373,0.0001014198009625141,0.007698956643089332,0.9232526818278908
36,0.13703265359570452,0.08147287905804994,0.00018464770251663687,0.10611380755119594,0.6751960120925329
37,0.04952254420762133,0.0244778124932162,0.0006627106177077727,0.014065660738395417,0.9112712719430593
38,0.09883055490624937,0.022696652723137364,0.00021105527440250834,0.024267291520526528,0.8539944455756843
39,0.06967889353047739,0.012315380437516357,4.664241031555284e-05,0.041736706045555044,0.8762223775761356
40,0.09799564686193976,0.03697591626611467,8.27815412477314e-05,0.03629450455671856,0.8286511507739793
41,0.05399792053236616,0.021436092900428687,0.0003298648889021036,0.01576963950837877,0.9084664821699243
42,0.02906045885227324,0.0063212788650788875,2.32383578732299e-05,0.016223103758860283,0.9483719201659143
43,0.011626298617294497,0.002034292103814669,6.501353950548661e-06,0.004715832097792102,0.9816170758271481
44,0.039657948787556255,0.0020209174472794692,1.4395156517062154e-05,0.006513078219050459,0.9517936603895967
45,0.009819676065887739,0.004893106510947565,5.105810972704838e-06,0.0007947286840080016,0.9844873829281839
46,0.024631679351676043,0.0026712379755955695,1.5321585736253887e-05,0.0015868752720704566,0.9710948858149218
47,0.2137608316138578,0.0202875581746885,5.88715536310545e-05,0.006555050366803945,0.7593376882910187
48,0.11130602836496294,0.0075804369468650094,2.7500095207521555e-05,0.01227094285787406,0.8688150917350904
49,0.05475644193092006,0.01206652342265672,2.512584163004413e-05,0.01711848152257245,0.9160334272822207
50,0.045894948791320375,0.017581593131660477,3.3252496476102254e-05,0.05780394418944463,0.8786862613910984
51,0.04938027919028733,0.016914539968478307,2.93659838722303e-05,0.04526658757228712,0.888409227285075
52,0.09981679934440774,0.03473639830166419,4.244471181742473e-05,0.06697060347366882,0.7984337541684418
53,0.059046353167989736,0.029981258975186883,2.3733394714625058e-05,0.046052693437790414,0.8648959610243184
54,0.15820195998660805,0.04518451465075076,4.441667677822825e-05,0.07120565952251763,0.7253634491633454
55,0.06988554485065561,0.05078410553231802,4.2644294004677565e-05,0.06710902468612874,0.8121786806368929
56,0.0640930912297112,0.019307509501517252,2.6341593366034103e-05,0.022940591388178375,0.8936324662872273
57,0.10794701918983998,0.022593081828318054,1.258208347246682e-05,0.02410893854812787,0.8453383783502416
58,0.1210220477426755,0.047765298624364384,2.2404586186577e-05,0.022831416525236063,0.8083588325215375
59,0.2551336356393445,0.1332639846283763,5.208177110342721e-05,0.029195831439411186,0.5823544665217646
60,0.07376312043368397,0.04832342714118232,4.2656554489030794e-05,0.04863704224299679,0.8292337536276478
61,0.08812514335984094,0.031253128132653546,6.211713822667138e-05,0.051946189883463285,0.8286134214858155
62,0.1459499475621622,0.06571831324950794,9.516012194220616e-05,0.14707179776085091,0.6411647813055367
63,0.05147181743177764,0.02560630734855351,4.474720593573412e-05,0.020557427461560664,0.9023197005521724
64,0.14290633543329104,0.06634740782544377,9.046955914823028e-05,0.0597208114881293,0.7309349756939877
65,0.16176596737968088,0.09749156012864854,9.413043713214439e-05,0.07395991139976563,0.6666884306547729
66,0.1125382093083962,0.1292864808661421,0.00020545461400398957,0.05044230635973238,0.7075275488517252
67,0.0944446044535871,0.07440229673918818,0.00021630534479376295,0.13503286546966697,0.6959039279927639
68,0.10399461063458437,0.08440321443410559,0.00023972203535005773,0.2415468724524576,0.5698155804435023
69,0.12723900174618216,0.057478433806582824,0.0002364069089870148,0.13877779596204107,0.676268361576207
70,0.14439602402594878,0.10239924835503778,0.00018609436535209112,0.11437540097464302,0.6386432322790184
71,0.0819910170029111,0.045983172018593234,0.00013336688726694858,0.1134313710181617,0.758461073073067
72,0.1475833267221509,0.15367265729756338,0.00033510431819013767,0.06052031564839698,0.6378885960136986
73,0.19884725442976584,0.09837368728529376,0.0001998444815769586,0.3145008547454652,0.38807835905789834
74,0.04004089586242813,0.013419504642899796,0.0001198251192883942,0.024215743257899953,0.9222040311174837
75,0.43894330593959224,0.07613118754847238,0.0001670406209702824,0.19762097050216215,0.2871374953888032
76,0.34735422150751116,0.2529149185114952,0.0002095816076069274,0.09177517907001091,0.3077460993033757
77,0.6136498762019501,0.0924878851956329,0.00017142691126088922,0.1551602669475949,0.13853054474356116
78,0.29527748163230094,0.2831868865452212,0.00019000044043805352,0.30807102293304345,0.11327460844899645
79,0.3555131958708195,0.2854079507601826,0.00046681271135840804,0.31092740070688635,0.047684639950753345
80,0.32272461532244123,0.3959390577466921,0.0006304887553780986,0.16707551872246829,0.1136303194530203
81,0.24564672778512775,0.556874150766006,0.0005399230349575975,0.13428326524949294,0.06265593316441573
82,0.24714016486564683,0.6406544645932594,0.0006826555549166728,0.0687059081398638,0.0428168068463134
83,0.1848976587258914,0.7584459562683417,0.0007758702675557936,0.03501859437321752,0.0208619203649936
84,0.246101813042201,0.7198689841891026,0.0024726166903816936,0.015269032712235722,0.016287553366079115
85,0.029224594417143406,0.9636961944398377,0.0018264327145464832,0.002031213590477903,0.0032215648379948026
86,0.04030762048029215,0.9360097106006655,0.010670716983449345,0.0012182297617032434,0.011793722173889635
87,0.022013436098935236,0.9694882102522177,0.0036973904044103724,0.0014880205683745513,0.0033129426760620064
88,0.04813096875577112,0.43345014340044363,0.010221962859136565,0.0008951758568234249,0.5073017491278253
89,0.22058196094781082,0.7232023958494241,0.0008529306014502282,0.014640209856664891,0.04072250274464985
90,0.02544826214939047,0.9587730455750881,0.006150071010437771,0.001285803986462509,0.008342817278621073
91,0.031873677338656516,0.9520487816249507,0.008588579613095127,0.0016705638535179416,0.005818397569779882
92,0.029593568914185332,0.956340160249849,0.0026550720663822327,0.006417985541204601,0.004993213228378928
93,0.010686187189943446,0.04201139192815094,0.0033705783638610888,0.0005727803604667563,0.9433590621575777
94,0.44938171154585854,0.3128715330806312,0.0006229526731109208,0.016474124361167013,0.2206496783392322
95,0.6444451222257207,0.2356491970915039,0.0004506915593798599,0.0050326156058337545,0.11442237351756183
96,0.5905259188340806,0.37677295986742404,0.000742765413369487,0.0010971873722471208,0.0308611685128787
97,0.16361236595463763,0.8141198360621932,0.0009222028083638021,0.00406004654367493,0.01728554863113046
98,0.021499825247224182,0.9657782545897186,0.007154188801377323,0.0010246394052406905,0.004543091956439406
99,0.1484196534720521,0.8247151126027932,0.005784372077862089,0.005751054501724584,0.015329807345568134
100,0.034134733226651066,0.9544130917272658,0.0039018898529527674,0.0019515426270692963,0.005598742566061099
101,0.019693699098582228,0.9631324655767245,0.012022161055337786,0.0016019951919678235,0.0035496790773876063
102,0.00850176230459027,0.9281909981910506,0.05996572683897967,0.0003197806431607456,0.0030217320222186476
103,0.022493392257861955,0.9471249228977189,0.02627401414055173,0.0006131048816429052,0.0034945658222243947
104,0.005253557916783098,0.8793243209842,0.11153225669901785,0.00016660787031978305,0.0037232565296792903
105,0.0023309192029958388,0.6477592061694274,0.3469384127779833,0.0001772262630848834,0.0027942355865085648
106,0.003424681243710191,0.8724229875039133,0.1190591674512354,0.00020953810768126448,0.0048836256934599795
107,0.003785161691082789,0.615843252486156,0.3761552560286769,0.0002143245044226308,0.004002005289661811
108,0.002642208621390047,0.3508316696862544,0.6423566844799901,0.00016394796368636674,0.004005489248678924
109,0.0012345305458872123,0.8082083823199347,0.18794338993437157,0.00013563654096214754,0.002478060658844235
110,0.0021263084879744195,0.6340284605533096,0.3605341966905728,0.00015822501181575664,0.003152809256327494
111,0.0016680066862737005,0.5332298286795085,0.4623891932796983,0.00014414754672048834,0.0025688238077988847
112,0.000734839003705794,0.456372682414211,0.5411925878955836,8.896290401145484e-05,0.0016109277824882424
113,0.0006773684935070687,0.272707721807876,0.7248225708702826,8.028385529147132e-05,0.0017120549730428646
114,0.0005591530505424285,0.222161522257247,0.7758621125964607,6.550376271172327e-05,0.0013517083330380274
115,0.001552435393647868,0.7165471389318676,0.2786267492556751,0.00025759540888732596,0.003016081009921979
116,0.0005335603151165768,0.42469360859243677,0.5725500554808032,0.0001244813902095762,0.0020982942214339355
117,0.0003361325732655093,0.3765188400727674,0.6219491471950106,5.615018149131697e-05,0.0011397299774651914
118,0.0014388357292510006,0.5401976123709035,0.4548724987755632,0.0002277099243412701,0.003263343199940996
119,0.00037809600647664194,0.1021642998284329,0.8957426396709683,7.347876608868885e-05,0.0016414857280334265
120,0.0004456021747903872,0.4522223351807827,0.5444267079477006,0.0001308215577850836,0.002774533138941125
121,0.0005526612197837298,0.18320840618580617,0.8132974168882768,5.444239143294003e-05,0.002887073314700319
122,0.0009267943729399218,0.41908227761107075,0.5751142856540814,0.00020836823299173187,0.0046682741289162406
123,0.0005973989893878187,0.31126742288090103,0.6849641049264603,0.00011569551337113659,0.0030553776898796328
124,0.00048592348711346597,0.11770284434028144,0.8795589240511019,7.377147798253144e-05,0.0021785366435206014
125,0.0031855032528427816,0.40370696605228135,0.5878445146683953,0.0002554865930309053,0.0050075294334497545
126,0.009203612062014473,0.8284888285606418,0.15563209565481265,0.0005558279028003374,0.006119635819730757
127,0.002691548346952853,0.7854348077798532,0.20852373849139377,0.00022311794808866378,0.00312678743371138
128,0.0013342313842101983,0.620717388578407,0.37546859121213677,0.00014173201700831654,0.0023380568082376958
129,0.0035670144907881947,0.5766511932628012,0.41673172617241855,0.00035424121076700014,0.002695824863225008
130,0.002673084904899117,0.7064562465713224,0.2871502314923392,0.0006091624615307351,0.003111274569908398
131,0.0012861191161756462,0.35445255939530224,0.6407515483521757,0.00024612148930346664,0.0032636516470428097
132,0.11073236804689833,0.5607442684857041,0.017850326798890113,0.0026763700084698016,0.30799666666003755
133,0.08115579468508842,0.8566517654208076,0.05370856890547615,0.0014833030788793107,0.007000567909748639
134,0.052043333661300255,0.9076794388354723,0.03587300743480767,0.0005313767113291652,0.003872843357090745
135,0.021434628925875273,0.8301105464981772,0.14542864246894666,0.00023615775984145817,0.002790024347159433
136,0.0036685941350055326,0.8385277493726655,0.15488677429773468,0.0002067042371322268,0.002710177957461975
137,0.0033842313181775634,0.7622239898011456,0.23180159744351844,0.00025233609578653574,0.002337845341371936
138,0.0022160342714407292,0.39216451686524717,0.6019255400802698,0.0002743982416128451,0.003419510541429441
139,0.0036702196758039976,0.6674799466282907,0.3265069096157073,0.00017365556947041566,0.0021692685107276657
140,0.0014541399565822268,0.5671143165152623,0.4293871022835366,9.926208744668817e-05,0.0019451791571723225
141,0.0012265707820373268,0.6482174776232507,0.3473519261242383,0.0001151877804546413,0.0030888376900191205
142,0.0004297771496222865,0.19882132349360992,0.7982795684890694,6.997917751882222e-05,0.0023993516901796084
143,0.0010058872972560696,0.5550421183316835,0.44175791483089893,0.0001567855416407309,0.0020372939985208475
144,0.0002295506300940648,0.09213340858632955,0.9063455646777682,3.71162276298859e-05,0.0012543598781782396
145,0.0003160734549354683,0.20601346790815894,0.7921537923884476,5.434955843221323e-05,0.0014623166900258337
146,0.0004672353942432333,0.2202180811353492,0.7774327841729671,6.41274381501257e-05,0.0018177718592904237
147,0.0004507012594924469,0.1713031238081237,0.826211195501216,5.359083687689792e-05,0.0019813885942908125
148,0.0013834839669890054,0.33969100407844643,0.6555515840678112,0.00012461958774262648,0.0032493082990106984
149,0.0003406139247159424,0.3102559188447019,0.6872755066669028,8.371152535104988e-05,0.0020442490383282873
150,0.0006932661052184928,0.39558983895368705,0.6014103227351675,8.06657908162409e-05,0.0022259064151107597
151,0.002755666434452518,0.5758244392082343,0.41588616020970803,0.00027235336344381684,0.00526138078416134
152,0.0006626717621938735,0.11104580452874424,0.8852201194896397,7.508234692053876e-05,0.002996321872501589
153,0.001222059897609375,0.1802747370093868,0.8137874098640829,0.00018252681881634081,0.004533266410104529
154,0.34861959687703203,0.3802348817150398,0.12197157261706688,0.0026517678016427376,0.14652218098921868
155,0.05201293826674826,0.8124280858146575,0.10397618856273282,0.002915861884407686,0.028666925471453584
156,0.015138570456900516,0.6280424923138943,0.3361322884886363,0.0013416128691781176,0.019345035871390734
157,0.028113116345055145,0.7262289462526194,0.22706565288117864,0.002401381594789169,0.016190902926357817
158,0.0031705318218162638,0.3019671611346487,0.6865762858137667,0.0007220796782923659,0.007563941551475807
159,0.054821925913534866,0.33750507390898854,0.01759328313477604,0.0031111869016707317,0.5869685301410298
160,0.2758407105156375,0.6882297521657832,0.0017317355264571677,0.013836238894508943,0.020361562897613088
161,0.3238114083037501,0.6360123042035125,0.0025893207337522673,0.0019118063490716497,0.035675160409913344
162,0.17207759553014557,0.8132681065144696,0.005105031301776646,0.00118656875304492,0.00836269790056347
163,0.07165738027254086,0.9032989470055013,0.017120759652526175,0.001661839183420135,0.006261073886011626
164,0.024491002680336858,0.9061786421495377,0.06189061113261972,0.0021322438043354743,0.005307500233170024
165,0.020983738250543102,0.9525966739784616,0.0157462698207398,0.0037744942108861547,0.006898823739369408
166,0.02343061282676905,0.9240594022711907,0.039646151435403246,0.0041708750447365375,0.008692958421900368
167,0.04265378301349811,0.9340477786705577,0.01563738020808786,0.0025951616784393628,0.005065896429417164
168,0.01991112595675514,0.9635634656367199,0.01138599069417558,0.000798464983761542,0.0043409527285876515
169,0.010289520042189642,0.923047568324644,0.06289575299717853,0.0005468501184747456,0.003220308517513143
170,0.016701116044425767,0.9337062958255783,0.04544447132573697,0.0004034726205535097,0.0037446441837056567
171,0.0015943823508113492,0.8751403125802422,0.12034885131050901,0.00020086997284623104,0.0027155837855910854
172,0.004715965608419468,0.8467276707968218,0.14392272328053973,0.0006678788710268627,0.003965761443192219
173,0.0038930546484455875,0.48727889346317044,0.5037166638423582,0.0006060122881252029,0.004505375757900446
174,0.05106536801033038,0.7498667581511944,0.15626568593904944,0.0029467598474863382,0.03985542805193946
175,0.023365440284009845,0.8719827660905698,0.09871247089880282,0.0009035634751664404,0.005035759251451038
176,0.012634377307175265,0.905251666029676,0.07793417843597059,0.0005666415775994503,0.0036131366495786243
177,0.03204032616190949,0.9494935504974937,0.01516432261649227,0.0010832660515968525,0.002218534672507656
178,0.038185087103313815,0.8412968459064545,0.10551709892384172,0.007795449909923217,0.007205518156466715
179,0.009301183542580185,0.8816217918001082,0.0999511213236561,0.005820623655423575,0.003305279678232128
180,0.010185819032972032,0.7098083011621481,0.26967367490288396,0.004952469379129067,0.005379735522866805
181,0.02416116937854667,0.9004000774984231,0.04427422973216223,0.00840940253084792,0.02275512086002005
182,0.2789519182351258,0.49866598011946994,0.001758659740672945,0.034546536368340396,0.18607690553639103
183,0.22170724798238614,0.6807113301518183,0.0012919948799919668,0.011020236481197878,0.08526919050460581
184,0.34301219080156603,0.6326715826361303,0.0012375844893300972,0.010552221924186242,0.012526420148787345
185,0.14330400636018412,0.8318395193482027,0.001104961822957734,0.009370124964949945,0.014381387503705498
186,0.059295962239585165,0.9179692237240208,0.0020073718588858045,0.013138185774613629,0.007589256402894499
187,0.04460544134971218,0.9281062207013397,0.005612710181041577,0.010836449613902554,0.010839178154004217
188,0.07646765773961478,0.10778348656362757,0.0007491820329163213,0.0044757689103517235,0.8105239047534897
189,0.3797048107851917,0.3005757530204633,0.0009424948565291777,0.010713594068648866,0.30806334726916695
190,0.4776361256985312,0.49784972280524575,0.0011117767281137601,0.012166798690619141,0.011235576077490081
191,0.3713383072837951,0.6083395888048557,0.0009136992625300818,0.005847067230997506,0.01356133741782177
192,0.08240519377323934,0.9001381762073972,0.0015439921800722363,0.007965691287172382,0.007946946552118958
193,0.030477676970214262,0.9564842817425591,0.00316627697708023,0.00523337367101621,0.004638390639130235
194,0.04031726322937558,0.9429061859529204,0.003320433106580133,0.009896079076472063,0.0035600386346516647
195,0.0417009077690936,0.9291879167702725,0.004442809202982785,0.01421292145693999,0.010455444800711037
196,0.0486279481180085,0.9221794720870395,0.0031569994363385445,0.01840576482344883,0.0076298155351645506
197,0.2538691410346968,0.4957035438825724,0.0016521175211825132,0.010662498437443076,0.23811269912410504
198,0.10541556966413651,0.8835824349804172,0.001658783958003842,0.0020301621136208496,0.0073130492838215
199,0.15363970878536418,0.8287100122815735,0.003086581340175457,0.003720989495553529,0.010842708097333472
200,0.05935970066025665,0.9324959129099125,0.0015044645598756361,0.001487139140866065,0.005152782729089274
201,0.2781134460215727,0.5998373732847313,0.002357455883176618,0.005255493457343057,0.11443623135317638
202,0.0795850527280666,0.9131123224040831,0.0017565737429582774,0.0021274241935463293,0.003418626931345774
203,0.05129606234597885,0.9285300858228128,0.011550940364479454,0.0016256675300087677,0.006997243936720144
204,0.04020843898355684,0.9450513357088199,0.008906564815306335,0.0010558443858007414,0.004777816106516281
205,0.0731311228894394,0.9056299064556748,0.005601157580439595,0.007832765944395283,0.007805047130051021
206,0.015252525408034002,0.965077180483246,0.013610553758931016,0.003408794078379546,0.002650946271409276
207,0.050706603444755194,0.9213302981109704,0.0065792531172508,0.012857562075128427,0.008526283251895073
208,0.11043742336249596,0.8047843435466427,0.0020664838422231138,0.007966964416100323,0.07474478483253781
209,0.14757723605233486,0.8086268274025822,0.000360452806227599,0.02133807843453024,0.022097405304325114
210,0.2299158110008846,0.7401169225559332,0.00026383152152020226,0.013103532550048614,0.01659990237161334
211,0.1612829136918895,0.8258326580049897,0.0008466048968386254,0.002893228756533996,0.009144594649748131
212,0.17191992043467863,0.8020195652387703,0.0014379093745797268,0.012744669074881334,0.011877935877090132
213,0.05602604355725467,0.9268869204350858,0.0024167233329051526,0.008971566430256546,0.00569874624449777
214,0.058568009044425016,0.9204839237954451,0.001168654835532727,0.007857058594241774,0.011922353730355228
215,0.09776578883346017,0.8720751105365371,0.001734378964176539,0.02032290362727861,0.008101818038547617
216,0.061424678461322456,0.9196990349941513,0.003413881106960347,0.0077125323338556396,0.0077498731037102
217,0.04861971570585634,0.9404123560071027,0.002741631547051376,0.0025912361968315227,0.005635060543157922
218,0.1317322684158993,0.8262885996106893,0.0038154172580964632,0.018224993972087867,0.01993872074322684
219,0.08315228368040356,0.8950683645465465,0.00411888390947395,0.011283915841527655,0.006376552022048221
220,0.06790668959482321,0.9195080125810136,0.002601600745488571,0.004346748774803614,0.005636948303870967
221,0.022357986566058204,0.9577120187577579,0.008460265608536506,0.0054759178060720184,0.005993811261575422
222,0.01172497704128805,0.9584161708561336,0.022992324374971815,0.002855709274902012,0.00401081845270449
223,0.02793221655866491,0.9548151515756685,0.006328844411475562,0.005204853427129581,0.005718934027061477
224,0.10021269983445863,0.870900689890204,0.0015213175657266154,0.020442671929361597,0.006922620780248968
225,0.015527957110811267,0.9657150422503885,0.010077152831026247,0.0035394804210011894,0.005140367386772753
226,0.010000061624742776,0.9748824894364824,0.009230131419504984,0.003132172522893035,0.002755144996376845
227,0.0299174527144526,0.9561704267541258,0.005246326290802463,0.005292635155988833,0.003373159084630286
228,0.027673487176630596,0.9381950876196911,0.017750241637457236,0.0071295684360844274,0.009251615130136755
229,0.03007186893319938,0.9336466902171175,0.0234203016567225,0.008251018293152237,0.004610120899808314
230,0.0977077878351166,0.8814310607582959,0.002960435116699049,0.012924573276919916,0.004976143012968266
231,0.02465431412039493,0.9576780606488615,0.008893465387354832,0.003700539203025655,0.00507362064036286
232,0.35765160222472286,0.4718714170840444,0.0020936970120280164,0.005705238666166482,0.16267804501303837
233,0.08623249476741662,0.9034445656399984,0.003102151422773215,0.0013502010134188959,0.005870587156392826
234,0.08102548603674288,0.9074634574861158,0.003394905798644225,0.0010882841257128738,0.007027866552784131
235,0.07696163583128256,0.913238516362478,0.0032955453707516676,0.0016150385022591055,0.004889263933228724
236,0.012872457928486979,0.9499666447516015,0.02811862056854882,0.005168511439924458,0.0038737653114381382
237,0.008865836613085659,0.9581589703813091,0.021764773641797096,0.007903883322836678,0.0033065360409711498
238,0.008893377525660048,0.7235965342481173,0.23581725865914666,0.024523995882484596,0.007168833684591335
239,0.08137874266513075,0.7326647006823194,0.00290770332795294,0.16269143463869612,0.020357418685900745
240,0.06812213450067978,0.7028608584964107,0.0013436599006921934,0.17950024825454453,0.04817309884767286
241,0.21916955921407152,0.31448982051672053,0.0003530370920255164,0.15546210545457084,0.3105254777226116
242,0.17679779957313466,0.23084790808311484,0.00030556982731748866,0.5540077150412474,0.038041007475185594
243,0.1393294953314781,0.20234069467233973,0.00012394591906052737,0.6383589294546219,0.019846934622499767
244,0.17283265673590945,0.12402024396528029,0.0006393785319871338,0.5987426128305948,0.10376510793622822
245,0.19895386125915265,0.07588412979148731,8.813759939237128e-05,0.6779819504287746,0.047091920921193
246,0.17970360071258598,0.0823649389747354,7.973127776213665e-05,0.7018482478240803,0.036003481210836165
247,0.29389654871414184,0.05021601935650866,9.350531148492999e-05,0.606552303112287,0.04924162350557753
248,0.15463455135819412,0.05676957357757529,6.459405929631742e-05,0.740830022682104,0.047701258322830384
249,0.07276344796952032,0.06137907462108292,4.863645667992012e-05,0.8563251115462543,0.009483729406462508
250,0.03786706992745491,0.010827757351113264,3.439914050314017e-05,0.9406264436485557,0.010644329932373133
251,0.03257643237185237,0.029692665378066797,0.00012216817078665413,0.7656033174877743,0.17200541659151972
252,0.11130306619505477,0.04276706792015299,4.007894037434084e-05,0.7611322376660873,0.08475754927833062
253,0.2614183772789495,0.04634747029915514,9.01480514322741e-05,0.4979635698124317,0.1941804345580313
254,0.3385395374973543,0.05238883441425042,3.462967658471737e-05,0.49858922315291787,0.1104477752588928
255,0.13457488756950722,0.04965271210178092,3.789162854491304e-05,0.7451065624751482,0.07062794622501882
256,0.12157841067418801,0.025559936171753842,4.194040380691088e-05,0.8052937599567579,0.04752595279349321
257,0.10538284645881074,0.0389411756026431,4.7153201617246655e-05,0.7583169530165939,0.09731187172033506
258,0.05623603455300939,0.02344653507337105,3.700676603609351e-05,0.8913531863315397,0.028927237276043738
259,0.051815835256384356,0.02066140353653242,1.4040233548337256e-05,0.9038161769322887,0.023692544041246356
260,0.09712887161485698,0.043199131349188125,2.818207313203779e-05,0.6216156461247067,0.23802816883811634
261,0.2029939052317255,0.027566039904795392,3.384630775151425e-05,0.7135040750694105,0.05590213348631712
262,0.1623981956940424,0.07391968905596129,4.378908234992388e-05,0.708988146549244,0.05465017961840235
263,0.07939571472462205,0.02514210662119525,2.1126394907555388e-05,0.8507248320283718,0.04471622023090325
264,0.03382717108173083,0.042228207713490354,4.09719377577468e-05,0.8964488491227415,0.027454800144279572
265,0.07903010367722153,0.03842186416478722,0.00017467274041691103,0.7427067819562148,0.1396665774613595
266,0.14924708801217984,0.03769298131753534,2.6056180760987317e-05,0.44161724051107953,0.3714166339784443
267,0.24152897734548068,0.031481723269308357,2.3636809755701777e-05,0.635381666150326,0.0915839964251292
268,0.2648619709112786,0.0537587443698923,3.477699013417404e-05,0.5436031594792634,0.1377413482494315
269,0.07906269532723423,0.05696345039278396,3.0564170152771675e-05,0.7992317794906241,0.06471151061920496
270,0.05894951708061151,0.022868703674934338,4.475739817422891e-05,0.8333705015641979,0.08476652028208218
271,0.053869435588776486,0.04107785513719648,2.3054986910373197e-05,0.8752398109257008,0.0297898433614158
272,0.09406902645256272,0.03770029916235157,5.651101623904286e-05,0.7322365382714622,0.13593762509738455
273,0.11352347975107331,0.02383416522807,2.9379850486291823e-05,0.8349512021139437,0.0276617730564268
274,0.1251338254279767,0.028585070887621702,4.158957397634814e-05,0.7696544640609883,0.07658505004943704
275,0.18016115065665292,0.01979654810655624,4.827460831736833e-05,0.7607130993617898,0.03928092726668373
276,0.06265624227549951,0.014089662366019716,2.1464919891738513e-05,0.9065420017722,0.016690628666388863
277,0.03659133682194306,0.015183991348643983,1.6524056309107608e-05,0.9337528314452009,0.014455316327902857
278,0.02723290675696528,0.02136694891329287,3.460319989494331e-05,0.9288009653364928,0.022564575793354184
279,0.04698054798709669,0.016694770989840436,2.469616096184261e-05,0.9175880402371639,0.018711944624937128
280,0.07953356590603232,0.026370445516396,2.731596844426914e-05,0.8647457740125307,0.029322898596596803
281,0.09894547499908678,0.028454597856051755,4.584349821330509e-05,0.797463411405422,0.0750906722412261
282,0.11993228171195643,0.034149560775821694,4.47756465339754e-05,0.7928921341821422,0.052981247683545736
283,0.09965688165692489,0.09490038008874793,4.274245998642745e-05,0.6468084862122417,0.15859150958209906
284,0.09785343547076455,0.042014580438980854,3.947001517809791e-05,0.7789809351904389,0.0811115788846377
285,0.1199543670973355,0.04602968414064531,1.57686779425807e-05,0.5247729115193427,0.309227268564734
286,0.13590433399644736,0.05923932481256693,3.4618622088459704e-05,0.6885093116618566,0.11631241090704067
287,0.08144929035146628,0.04971312467552843,4.9038715363579246e-05,0.7575343855731931,0.1112541606844485
288,0.059533931801511786,0.03799689877964864,0.00011009036427549528,0.09587729396565799,0.8064817850889061
289,0.2980498960271229,0.08949913502702857,5.6084565832810044e-05,0.4660535207989964,0.14634136358101926
290,0.22228683433168056,0.039155391657553384,8.17618365186126e-05,0.38634529398620443,0.3521307181880431
291,0.26581185182535333,0.022566508241212976,2.510617329499732e-05,0.0819646258700815,0.6296319078900572
292,0.6026675183299041,0.03807613024980536,3.700836762086933e-05,0.2738059676471099,0.0854133754055599
293,0.6605031227419116,0.07972434592121354,5.627745315708443e-05,0.18627876140395075,0.07343749247976687
294,0.3675803019981208,0.3838111871145536,0.00011853564177273778,0.17463878286466322,0.0738511923808897
295,0.2192688040377399,0.17450869572056232,0.00015279901637848078,0.5237071333637721,0.08236256786154722
296,0.12270584512223474,0.3392991485470296,0.00011266055923375529,0.5145169826897078,0.023365363081794144
297,0.10676103930988083,0.21681059604808056,0.00015277619237872474,0.6171655740807617,0.05911001436889822
298,0.2475445243664569,0.20520779847221812,0.00018608530732325937,0.4988745213220199,0.04818707053198176
299,0.12763121313148923,0.5670555980295999,0.00017349215975687122,0.28537720228522456,0.019762494393929332
300,0.16665293968817027,0.48976818868190464,0.00011308498412446132,0.3254468281319632,0.018018958513837387
301,0.2506985290468048,0.2739096274968333,0.0002134473715641196,0.4193449636717743,0.05583343241302367
302,0.14477517764217832,0.7019603439064795,0.0002229091541892039,0.12263187131613638,0.0304096979810165
303,0.13840468165888734,0.7788585865744015,0.00019923793376387647,0.06846459684666532,0.014072896986282066
304,0.08578579182979548,0.865127981631441,0.00016458327331068235,0.03782309843740485,0.011098544828047927
305,0.05509815363480357,0.9033720935576666,0.0002612920373451824,0.03328093592782416,0.00798752484236055
306,0.07441051437869887,0.8775301091908319,0.0008152045092636776,0.03911418653769379,0.008129985383511824
307,0.06310633395203856,0.9113174983305908,0.0006623861898511315,0.012338374820878576,0.012575406706640768
308,0.06164372007070976,0.9139606774079275,0.0003771763531132161,0.012894558267904574,0.011123867900344848
309,0.05163987937907057,0.9294300067885655,0.000658742622208279,0.01491880649800339,0.0033525647121523854
310,0.12705774355203395,0.8395552282439815,0.001582859418534436,0.022858584542805843,0.008945584242644323
311,0.01778421694107215,0.9719692965933849,0.0003870876834581275,0.007178806525681632,0.0026805922564031998
312,0.049996936219085124,0.9309663425890167,0.0012320772692709443,0.01505234609212375,0.0027522978305034294
313,0.04800692311930601,0.9381045960129202,0.0012175825073123413,0.007391565898910977,0.005279332461550673
314,0.04144737548935781,0.947155774749834,0.0015276266311753006,0.0045054081441640755,0.005363814985468754
315,0.02101438944770862,0.9659662021304258,0.00635852615152349,0.0017963423802601357,0.004864539890081995
316,0.032227400325173065,0.9526396845390184,0.004514349428281716,0.0031287840723253817,0.007489781635201573
317,0.011392342159227423,0.9733358021022811,0.007552747076383675,0.0010717347103160614,0.006647373951791766
318,0.07294515354618974,0.9038679049828239,0.007789270041962964,0.00724891131887326,0.00814876011015022
319,0.0236262705236136,0.9256970161632729,0.03971079267824086,0.004460543679422017,0.006505376955450604
320,0.020794403620392407,0.9643727102778413,0.008005623787359214,0.0017160451729689478,0.005111217141438253
321,0.02834274936024476,0.956598484261907,0.00965079898652918,0.002055398986074306,0.0033525684052446146
322,0.02222141961038251,0.9493307580446874,0.02428749371372077,0.0017336901600259426,0.0024266384711835154
323,0.01320713698602736,0.932175098571381,0.05074933844864146,0.0008857197920034134,0.0029827062019466936
324,0.005470418129034162,0.8831292950908233,0.1091319856318369,0.0005177253600250675,0.0017505757882804657
325,0.018952971595148298,0.9146701770611467,0.0625004556766531,0.0012955274355304902,0.0025808682315214583
326,0.0067808672366153795,0.9161405304718322,0.07459896347715357,0.000660172371907417,0.0018194664424913693
327,0.008739597699073008,0.9018306246274941,0.08695319763999615,0.0009745999269142141,0.0015019801065225909
328,0.005854985931484601,0.9004472912160981,0.09138831379928038,0.0008081188305019979,0.0015012902226348656
329,0.0024089255973490493,0.9033654093467021,0.0918365069171459,0.000572520040295199,0.0018166380985077943
330,0.0029111353281708824,0.8105424785976836,0.18375931985404895,0.000665618002607275,0.0021214482174893917
331,0.007823642403321783,0.871222209811557,0.11761720552704671,0.0011361002683792105,0.0022008419896954157
332,0.007211323680065294,0.8858588692506466,0.10397744243264935,0.0009546501295116187,0.0019977145071273035
333,0.0036505084915822573,0.7903662079770057,0.20294981214148666,0.0007641872225368748,0.0022692841673885573
334,0.009841393680581706,0.8954464878008189,0.0919565668782205,0.0006941221291692351,0.0020614295112094494
335,0.001824979995362099,0.6176488575916058,0.37870615916676204,0.0003119766862778212,0.0015080265599921802
336,0.0019610343822209645,0.5945900097994242,0.4011796415997867,0.0005326194407216246,0.0017366947778465647
337,0.0011549025974002612,0.4818710164107724,0.5147169143118645,0.000521116642414947,0.0017360500375477321
338,0.00244152927972765,0.6057476577110512,0.3883332342436419,0.0008137098303511305,0.0026638689352281356
339,0.0019635800942735563,0.5197196631601925,0.4746002320338801,0.0008118324807835652,0.002904692230870369
340,0.00716102395146541,0.6821485276947444,0.30542567897484724,0.0015205852145831545,0.0037441841643595835
341,0.006655989228291266,0.6482074683043126,0.33734881228458186,0.00128337987850679,0.006504350304307252
342,0.012226721114573054,0.7605050858996059,0.2184221389558549,0.0018038839677005883,0.0070421700622654805
343,0.002047798635930408,0.42012292094769266,0.5733528821651072,0.0008812695774074039,0.0035951286738622667
344,0.005083620069209877,0.800522446292727,0.18782749375448268,0.0026565941270912216,0.003909845756489234
345,0.004940016084449325,0.6732798021956444,0.31387626032024346,0.0023256245501564483,0.0055782968495063714
346,0.12929350648192361,0.22434595302978208,0.0010096160997353438,0.004175704815305548,0.6411752195732533
347,0.07231756871438132,0.8990844027711475,0.004453475771183969,0.001263829715445255,0.022880723027841745
348,0.13440112108041266,0.8365007533751159,0.01325841815587526,0.001128503120975342,0.014711204267620733
349,0.1064793708262081,0.8733848457419293,0.00990331439702314,0.0008721014407044351,0.009360367594135126
350,0.013360849148505263,0.91557474422253,0.06720838072563322,0.0008551591095260248,0.003000866793805686
351,0.0033523082595203475,0.614702433330181,0.379218842111702,0.000539460327741919,0.002186955970854804
352,0.0064426870707683746,0.7522773486969373,0.23726087345412708,0.0011493563517993488,0.002869734426367888
353,0.006612895136764019,0.8025735023236318,0.18776862934205332,0.0009343588283548171,0.002110614369196229
354,0.001087138009603319,0.3945119864224471,0.6025673636798562,0.00024005360277890218,0.0015934582853143326
355,0.0008920792923828102,0.23909424867851853,0.7583482291343113,0.00025901728420544206,0.0014064256105820174
356,0.0010517468578713652,0.4773096298149276,0.5192204773624435,0.0002950901034999434,0.002123055861257647
357,0.0004999615395702426,0.12403283467167858,0.8729388389597416,0.00017033686237719753,0.0023580279666322707
358,0.0010763341056016452,0.13644342539967186,0.8590710144319916,0.0006641805111363293,0.0027450455515984507
359,0.0005396403732980814,0.08640625980354634,0.9105321285242611,0.000559083871424952,0.0019628874274695315
360,0.0012586728580910173,0.10040800112004318,0.8940904108282018,0.001168684970009789,0.003074230223654233
361,0.0008934381405642889,0.14667082988691973,0.8482458256960854,0.0006316836824727472,0.003558222593958021
362,0.0007591937177472179,0.12760652706575312,0.8678431748513594,0.0007176682129049079,0.0030734361522355234
363,0.0007517605345829389,0.10805767723464624,0.887803154041985,0.0005665361661275323,0.002820872022658405
364,0.0005422059817870489,0.0688168273678064,0.9274210584915562,0.0006836056970666753,0.002536302461783786
365,0.00444563712268242,0.1954516251780921,0.7929110303712104,0.001571813059611556,0.005619894268403536
366,0.005330182483534033,0.21459457414093994,0.7707937133344833,0.002447707710390092,0.006833822330652491
367,0.0011832597698473038,0.13227414793705006,0.8602395554667426,0.001677865472217018,0.004625171354143059
368,0.0012863694591754517,0.18424329339668064,0.8064112865279662,0.0020699109244128513,0.005989139691764851
369,0.0010001181888781173,0.11158187465358252,0.8793166987178945,0.0026291758514829094,0.005472132588161854
370,0.0012766745183751189,0.13354971734959767,0.8574448068204022,0.002275078524071508,0.0054537227875535495
371,0.0008679531219661524,0.09927089730490925,0.8949062179255378,0.0011951698773834992,0.003759761770203296
372,0.0018635669186808698,0.22310521886501306,0.7622872796895818,0.0027073158189090335,0.010036618707815243
373,0.0015150065593575214,0.1568118304026439,0.8329276878153187,0.0018122659134695172,0.006933209309210322
374,0.006014617809761748,0.2628219645108097,0.719135294573387,0.0015487607498784,0.010479362356163207
375,0.0022628178852030427,0.09272287375589862,0.889271164347123,0.001986964547063434,0.013756179464711898
