epoch,N1,N2,N3,R,W
0,0.02426764318813052,0.0024241939535271637,6.215350820299244e-06,0.000800060190777105,0.9725018873167449
1,9.27884658622561e-05,4.5396228064826997e-05,6.633257003700755e-06,1.302049075688455e-05,0.9998421615583124
2,0.006637620870431652,0.00035367630210610915,3.926290652769025e-05,0.00011925333431794309,0.9928501865866166
3,7.240490580451576e-05,1.3458426474746972e-05,2.4194401930464066e-05,4.04641506807163e-06,0.9998858958507221
4,9.725839106054546e-05,7.219294293726118e-06,7.205464738942703e-05,3.496428823953613e-06,0.9998199712384324
5,0.013008094252708345,8.450116831217642e-05,1.545683580022381e-05,2.0526521746723618e-05,0.9868714212214327
6,0.02886841410930951,6.443228780148701e-05,2.38182072704275e-05,2.255693644249651e-05,0.971020778459176
7,0.05806791741148968,0.0006214616759139712,0.00013321874953973117,0.00018529235544781237,0.9409921098076088
8,0.0006690229825522166,0.00012870116966902452,6.631254575799446e-05,3.877205885534222e-05,0.9990971912431654
9,0.008503720632922275,0.0006062077290331997,5.20273439504316e-06,0.00022956506070070145,0.9906553038429488
10,0.011086257711268383,0.0005627149853985568,1.0054619111321899e-05,0.00014087383239739146,0.9882000988518244
11,0.1350746449121353,0.0033945433475222296,9.352482143488933e-05,0.00037944139340529527,0.8610578455255024
12,0.0038353372044625414,0.0006298360499061362,3.7262437462299543e-06,0.0005300137089824115,0.9950010867929027
13,0.03495907128409427,0.002356507723015068,5.1401983094221596e-06,0.004313624585706475,0.9583656562088748
14,0.07621754203702007,0.0013934724428632768,5.905022494460228e-06,0.002846101684430765,0.9195369788131914
15,0.1490676589976129,0.0031623986190378204,7.278216365829988e-06,0.005057506248170345,0.8427051579188131
16,0.006322665475177279,0.0010277298050157934,1.7145478609030587e-05,0.0003504686203172663,0.9922819906208805
17,0.2929293828532818,0.0028715109637374105,2.2782562982720846e-05,0.0037446229754450346,0.7004317006445531
18,0.31852410989323504,0.015048603440519743,0.00010743925613680732,0.00779439546371388,0.6585254519463946
19,0.4316044652153612,0.008315109209503912,9.352522524611757e-05,0.006176348456805565,0.5538105518930833
20,0.6857552574356948,0.03831213923609715,0.00013174059560832382,0.006777291035197339,0.26902357169740243
21,0.43852350580226185,0.31272697788872694,0.0022398848395485285,0.006461776596673957,0.24004785487278882
22,0.6595449678697096,0.1330582495617727,0.0006280177644625417,0.018828720774980417,0.1879400440290747
23,0.27755889768278497,0.49651900575725016,0.0003753583243387356,0.06099734708272977,0.16454939115289635
24,0.43884363579884306,0.30364498082767455,0.0005159755982749964,0.033705676865723636,0.2232897309094837
25,0.04301987453176079,0.04558438152845603,0.0005474884090595401,0.02342874101871018,0.8874195145120135
26,0.41339365510571807,0.09963790151479354,0.00016277654617625944,0.07366628667044378,0.41313938016286833
27,0.3322756963238804,0.362499543001468,0.00108836607737299,0.014569517060813936,0.2895668775364646
28,0.1317885947074137,0.34274934004457797,0.0002965971253833579,0.01582091238033074,0.5093445557422943
29,0.2079003703438191,0.22554427356238838,0.00014065444327570402,0.005423812982947592,0.5609908886675692
30,0.27890592512912743,0.37204720879443876,0.0004628487654770968,0.01245359605551102,0.3361304212554458
31,0.2631600907766459,0.38705963060200865,0.0001663248040037285,0.013576760796706226,0.3360371930206355
32,0.008504360027236021,0.0035102821562189176,0.00012108974615820978,0.0001390870167315747,0.9877251810536553
33,0.20999532328368642,0.033677310647348704,0.00010073422887599815,0.004555095378774451,0.7516715364613145
34,0.7593391874089187,0.02365404272398967,0.0001540227944800371,0.005624335416443841,0.2112284116561677
35,0.7845737721867463,0.05690476953635532,0.00043207782275842357,0.003712601624660465,0.1543767788294793
36,0.6210532830347189,0.17509748818289006,0.00018289552901186207,0.009885381140338337,0.1937809521130408
37,0.33405141785108977,0.47391262377749,0.0004426680131643579,0.011880740170582611,0.17971255018767343
38,0.6115596443714472,0.13918794703999804,0.0003379659501016807,0.019589378293543576,0.22932506434490948
39,0.5734913867519137,0.2795446420993267,0.004237417037737107,0.016869996417037212,0.1258565576939853
40,0.7903451890836192,0.07370222205025123,0.0002207463894578859,0.015478583632729444,0.12025325884394239
41,0.24328131642240078,0.6500746788559434,0.002961048809794182,0.018496767467332895,0.08518618844452865
42,0.2894527080657981,0.6027953928602054,0.003777771638011539,0.008700122836231661,0.09527400459975333
43,0.3847507706994008,0.5573820651335195,0.006041770972037507,0.01110973610877903,0.040715657086263374
44,0.2864133497732727,0.49552598487840616,0.0033048417909049945,0.010995355541660838,0.20376046801575523
45,0.2989123009778767,0.3882087304124419,0.0031078077574908944,0.023048879304030975,0.2867222815481595
46,0.5553454335831374,0.24991216204790834,0.0008826727134200453,0.031091954490192145,0.1627677771653422
47,0.5159291953541886,0.3615054127201499,0.006098944532146932,0.010818846357063802,0.10564760103645088
48,0.25085445007303414,0.6275317864385594,0.015154991644367606,0.017387388294214302,0.08907138354982451
49,0.5325492436139702,0.28568523148187547,0.006537529801958047,0.00493472798350192,0.1702932671186944
50,0.5064986749131325,0.1480574337559597,0.0064083978258081655,0.006183251013585758,0.33285224249151374
51,0.16221397573881827,0.7303163882510136,0.05167339430229264,0.006839175342213356,0.048957066365662084
52,0.20795343994534154,0.6270117795212327,0.02382058084222779,0.02548783944801151,0.1157263602431866
53,0.18335371459032662,0.6112275539348183,0.017602570759050567,0.04698286412553798,0.14083329659026667
54,0.09714248690404295,0.8427380231173546,0.009914372384873773,0.010434089763543056,0.03977102783018549
55,0.08159189263363588,0.8364025028937442,0.042589700437521076,0.003534298755537164,0.03588160527956168
56,0.6077830161924741,0.255929157172743,0.0014527457944117383,0.011472273009827309,0.12336280783054396
57,0.09691613158337614,0.7312336836138876,0.15165748156142428,0.0014724454576858792,0.018720257783626067
58,0.16472152145129673,0.5330763140077419,0.09901064345024295,0.004712779287169433,0.19847874180354896
59,0.34857557507219683,0.3554894880407645,0.09617494006414908,0.004513729936640801,0.19524626688624888
60,0.12333654110248458,0.44538962992931086,0.2993654397660682,0.0028067475060456317,0.1291016416960907
61,0.137084779039767,0.5129366107289688,0.2811568268167123,0.002048676101274427,0.06677310731327749
62,0.046436147981416764,0.4768023833258626,0.3046430323413046,0.0012379074281375349,0.17088052892327854
63,0.07268104468922314,0.1832392755814953,0.6109477623075426,0.0031448183174086724,0.1299870991043302
64,0.0700598270986324,0.29717125867995775,0.4940531668561303,0.00291348529507969,0.1358022620701999
65,0.05721085632857419,0.20687694710262755,0.6441556279295549,0.000554699523302645,0.09120186911594058
66,0.0063492727472821975,0.13156666924204388,0.7951593572531417,0.0005790811074351143,0.06634561965009732
67,0.011112724351362437,0.13424498037891192,0.8051876897331824,0.00048752477510132614,0.04896708076144195
68,0.03647833808175545,0.23247027146533483,0.6923554060416011,0.000673481952696886,0.038022502458611815
69,0.013596943279303974,0.29363283154930614,0.6602180308797427,0.0005128721608101063,0.03203932213083703
70,0.007066874856243016,0.15029527686559907,0.8305979848328164,0.000818852098322302,0.01122101134701912
71,0.00783473929288078,0.18022441981362547,0.798263813333946,0.00028988804677213003,0.013387139512775679
72,0.003967949978444745,0.10887817158616586,0.882148081840485,0.0002416915673471644,0.004764105027557065
73,0.004095372179273219,0.09700069317833813,0.8900680857902372,0.00031522320813246146,0.008520625644018868
74,0.0038909688772844463,0.07829347658362326,0.9103448738441307,0.0005458730679743778,0.006924807626987354
75,0.0028303958816227777,0.07828884046373857,0.9091548805911148,0.0003478797923012875,0.009378003271222514
76,0.005981823702812788,0.09348992032234803,0.8892760862249429,0.0007695571319751472,0.010482612617921326
77,0.005214303794335186,0.1344280396483436,0.8505091547111842,0.0009146562361629239,0.008933845609973989
78,0.00961435411323257,0.17419034464204738,0.806855835070105,0.002417211085172346,0.006922255089442751
79,0.03026244121252139,0.27519534194422846,0.6736307388007162,0.007254888777874967,0.013656589264658856
80,0.02156929778951251,0.24963100136675867,0.6662849704315038,0.007735800763917016,0.05477892964830795
81,0.030785913230725742,0.011318001869109735,0.0016779028993851347,0.0009159256704283394,0.955302256330351
82,0.3342605337477362,0.21248735788669804,0.0077930521199357115,0.012411101987069129,0.433047954258561
83,0.8041914295036141,0.12189957612129088,0.002530827604367815,0.0023464994491579436,0.06903166732156935
84,0.3843726597808084,0.5428546199746628,0.011194956298871482,0.001861436398994971,0.059716327546662326
85,0.21965978697532307,0.6987137315758499,0.010115754490156746,0.008018472436509548,0.06349225452216055
86,0.09172717047213941,0.8395151270060142,0.03628503473158722,0.004724770741557515,0.02774789704870186
87,0.06831653416039626,0.7839879334444432,0.03579975992481944,0.0042905151364777475,0.10760525733386349
88,0.10685168167990387,0.7931485066825613,0.044438299927168176,0.011269173176484628,0.04429233853388209
89,0.11933717618452507,0.7828149642857613,0.033266924354465134,0.011472480471154001,0.05310845470409455
90,0.04142768455894887,0.8219773013012125,0.05098982143966916,0.002092044386436483,0.08351314831373285
91,0.04635021754901017,0.2963890760158316,0.011901833648336243,0.0015316488778574502,0.6438272239089645
92,0.05413254033507989,0.06324993021709258,0.0004441782863145711,0.0005355106415521748,0.8816378405199607
93,0.3407198250462714,0.24548774840653534,0.005902946572954611,0.0013400596999533095,0.40654942027428537
94,0.25239358047768906,0.33403528919799097,0.01178851456493391,0.0008775787458170122,0.40090503701356917
95,0.27343211052554867,0.4142350772872298,0.004649156323122643,0.002548836428458581,0.3051348194356403
96,0.26304479966885314,0.12987576950062404,0.019454908980824553,0.0031384097292100656,0.5844861121204882
97,0.06236293590625175,0.09028964627925516,0.0027623543118700886,0.0007646923754561252,0.8438203711271668
98,0.3328512188459581,0.36518645025887986,0.03563612838822797,0.0020904614067945946,0.2642357411001394
99,0.1299996580293208,0.5911473169387599,0.13877002239362857,0.004502178772386374,0.13558082386590425
100,0.20003691102318283,0.5733267837327595,0.052191549232878644,0.018471587530444214,0.15597316848073473
101,0.14081386453223835,0.6602451529579328,0.14750592923439224,0.010680446678809762,0.040754606596626705
102,0.0601487113418717,0.5127292860431885,0.39305884475334707,0.005263901506565021,0.028799256355027742
103,0.08741519962129163,0.49889584635234085,0.3627658360567134,0.007965282736922494,0.04295783523273164
104,0.040406978681128164,0.443825655915651,0.4559907663782641,0.0030612119265837606,0.056715387098373045
105,0.04375984986801739,0.04275611175119361,0.024258729993303668,0.00039560434153427366,0.8888297040459511
106,0.23780577259886249,0.0756874382156962,0.0013216852063503567,0.0004453959153823048,0.6847397080637087
107,0.6116185797061334,0.04965927147204994,0.0008753442198148229,0.0006168699257127204,0.3372299346762891
108,0.3282909159215336,0.5709710858224543,0.017185733818012663,0.00038793934994026596,0.0831643250880591
109,0.32758271317447935,0.5975399558465216,0.04041645404990555,0.000642607887602476,0.033818269041491156
110,0.15512710454134332,0.7193611200011428,0.06069013972958972,0.010256751103300545,0.054564884624623444
111,0.047601814464579166,0.612669830395594,0.2880114742817518,0.019941272185769455,0.031775608672305666
112,0.027741079075389915,0.8003532678469845,0.16078153789588626,0.004515870272898732,0.00660824490884076
113,0.025925275972055108,0.7146215704809353,0.23984906159980704,0.001530504083402737,0.018073587863799923
114,0.051830403591407136,0.6151751527183884,0.2420417569726638,0.00417843028191844,0.08677425643562199
115,0.05278780412605626,0.6247625332996163,0.11091289597699501,0.009026435517829426,0.20251033107950298
116,0.0549570026590239,0.735171748112073,0.16916320123944195,0.00591106298153566,0.034796985007925316
117,0.0329215975389178,0.6751766887397019,0.25714114709063585,0.001411102641146124,0.033349463989598184
118,0.018528698649601657,0.5045570743862957,0.466957066524475,0.0005194720240301046,0.009437688415597474
119,0.014212708379789699,0.44118759340787556,0.5317161420669062,0.0008186950097338211,0.012064861135694615
120,0.05288253993413627,0.43224899370463915,0.41575257974551405,0.005163764919963906,0.09395212169574652
121,0.007535678860097076,0.15820159290899816,0.8275208062034817,0.0007614935166798135,0.005980428510743406
122,0.010802146404241389,0.4701013738476083,0.49674674779127176,0.0010591948430211157,0.02129053711385755
123,0.00876817986770856,0.19453671299947828,0.78716662736201,0.0003142777089099946,0.009214202061893082
124,0.001965844144073761,0.09674386788836639,0.8978868218612569,0.00019594483367581318,0.0032075212726271913
125,0.009867843282558623,0.11612078549475788,0.8640456328722022,0.00022328281174800635,0.009742455538733139
126,0.005961153397755923,0.036544315944471085,0.9510326853952971,0.0002885482285057129,0.006173297033970098
127,0.001924069495379966,0.04216750318626261,0.9495177088723359,0.000261228127204399,0.006129490318817161
128,0.0025938353660673193,0.04219751434981088,0.9509106764282477,0.00011064562068150295,0.004187328235192872
129,0.001436187475889169,0.04308928291958186,0.9488336065672692,5.038003546409693e-05,0.0065905430017954595
130,0.004157697469038614,0.03985315302656107,0.9445450864321892,0.000167186591387706,0.01127687648082355
131,0.0044166157411870965,0.038615269168076255,0.9463197966300361,0.00020154951559485235,0.010446768945105833
132,0.002015079607766329,0.022770277824252137,0.964406859866794,0.0001746904256052452,0.010633092275582061
133,0.0008094891368564144,0.015210471119975049,0.9793165538929154,7.544667064547364e-05,0.00458803917960763
134,0.0015280101332025926,0.023118359302433087,0.9653315191324436,0.00018042261654736754,0.009841688815373213
135,0.0007565767990113129,0.017012838005522266,0.9786438505929309,0.00015290687929817351,0.003433827723237282
136,0.0007328526697260786,0.00904506485680627,0.9848094963863043,0.00013926286019803023,0.005273323226965332
137,0.0018902263426660662,0.01666760303121092,0.9782445353130089,0.00011740064478353709,0.0030802346683306016
138,0.0004826817004715913,0.019335795863812483,0.9778379336092546,5.777257614512708e-05,0.0022858162503162074
139,0.0018790561009895776,0.0454470490354077,0.9426459857938724,0.00026373033662086,0.009764178733109299
140,0.0005044072425102041,0.0345089472863054,0.9629410816740531,0.0003385448457876892,0.0017070189513435838
141,0.0002483915085435847,0.01651359896204039,0.9827508864234298,2.5699076981075268e-05,0.0004614240290049855
142,0.00033918543550136564,0.012356542587172645,0.9857821615582363,0.00015069995334459767,0.0013714104657452338
143,0.00017235942836088726,0.00925356566633206,0.9898385491632756,4.576290751476688e-05,0.0006897628345166667
144,0.0002737641817734713,0.007400410628534124,0.9911289589421468,0.00017458925629167682,0.001022276991253771
145,0.0003750499869183294,0.018565288923459367,0.9772251159457002,8.99513829117022e-05,0.003744593761010375
146,0.0002489636367729843,0.008529710331858549,0.9899220131164137,3.469569698435726e-05,0.0012646172179703972
147,0.00016421627591388442,0.00825433857904287,0.9910086352825294,3.676073636315548e-05,0.0005360491261506586
148,0.000854184670008366,0.039817248053614855,0.9539333300963996,0.0003950369988165592,0.0050002001811607485
149,0.00019715843122172268,0.013879436473237786,0.9846590688500898,9.473936888988027e-05,0.0011695968765607547
150,0.0001983041728511746,0.012979988379021031,0.9860179175974408,0.00012584043238819998,0.0006779494182985996
151,0.00023011608422845807,0.017163466754302463,0.9809319334751737,0.0001874874408645624,0.0014869962454309052
152,0.00023580110279258507,0.010720739954567291,0.9883324522071699,0.00010898431310120024,0.0006020224223691206
153,0.0001419910430127285,0.014102531949155757,0.9841104108118404,7.110840607365995e-05,0.0015739577899174522
154,0.0003879550110119893,0.01352916140323529,0.9851580162020378,8.386601664366455e-05,0.0008410013670713509
155,0.0004482424905531701,0.033497589255103495,0.965143380793276,6.502125835913977e-05,0.0008457662027083924
156,0.00021820017391707496,0.009964842184295308,0.9892707614063923,9.293715114695495e-05,0.0004532590842485068
157,0.0005940016903644989,0.013736252177879951,0.9849003764008288,0.00013641107185453485,0.0006329586590720967
158,0.0006151594875442466,0.010041200474024133,0.9887731040242884,7.966126271518692e-05,0.0004908747514279782
159,0.000243839877812212,0.010230134458281047,0.9890220591322255,5.514547701014793e-05,0.0004488210546712829
160,0.0014918582348870623,0.03182116298626758,0.9655496217080911,0.00015059983891985073,0.0009867572318343837
161,0.0019414700894582557,0.031982114338174196,0.9645145146623444,0.0005049186829971024,0.001056982227026071
162,0.003407008024973248,0.04544462995798831,0.9482246081331961,0.0006651489720962211,0.002258604911746046
163,0.0016300802335060258,0.07744346901312606,0.9185229693083528,0.00026151455558946155,0.002141966889425754
164,0.00103161816660802,0.026692690905308167,0.9713472476591519,0.0001313542123166463,0.000797089056615089
165,0.0014045703567149932,0.06504682573671265,0.9260798864688088,0.001056608217926401,0.006412109219837171
166,0.0018173197273243173,0.03745903715780766,0.9548676789153566,0.001616286853220006,0.004239677346291516
167,0.0004913076453183482,0.02456071767160772,0.9736151960369434,9.70477850713912e-05,0.001235730861058976
168,0.00023034550127452866,0.019474201969186155,0.9786759598857234,0.00011300502059417053,0.0015064876232217155
169,0.00018914324573368277,0.016949336663469698,0.9812452623169734,0.00010508323212867042,0.0015111745416944537
170,0.0003165511942982812,0.025566955208488285,0.9715290195717394,0.0001643542202009428,0.002423119805273019
171,0.0004519481501297873,0.026470733887028,0.9685742314744268,0.00017242340007749617,0.004330663088338033
172,0.0015180087626267083,0.0680121973667985,0.927391804857431,0.0003808524881040532,0.0026971365250396187
173,0.00023642743672532758,0.008545535980120903,0.9898803750082008,0.00018169072033494876,0.001155970854618049
174,0.0006312191600518185,0.03563797780582439,0.9620524693755418,0.0001601506058077225,0.001518183052774229
175,0.00019683470280395257,0.012314140897354662,0.9866761122827561,6.62317397647214e-05,0.000746680377320488
176,0.00033436999347936583,0.021052444915712246,0.9765244477545456,9.230462402943285e-05,0.0019964327122332943
177,0.00023388943836977896,0.018972400381691398,0.9790894057600876,6.938166756942717e-05,0.0016349227522815474
178,0.000661928458700703,0.022958815369851632,0.973133209854019,0.0001577674781094133,0.0030882788393193457
179,0.0004180939332405753,0.03396611194534318,0.9634544806405407,0.00014066642306424814,0.0020206470578112965
180,0.00011919792837040172,0.014025293707246232,0.985015911433364,4.689193122114956e-05,0.0007927049997980499
181,0.00026635384076773597,0.020592714016002513,0.9777243062238242,0.00011593487373272573,0.0013006910456725511
182,0.00021685703130690579,0.025314905905392367,0.9732669130943561,7.963843908486615e-05,0.0011216855298598258
183,0.001066524668420845,0.06778231071145223,0.9274279708450588,0.0005566588252966521,0.0031665349497714827
184,0.0008061370331301945,0.03762032607859572,0.9589438199708444,0.0007569157136636936,0.001872801203766005
185,0.001092614445869886,0.029004999527449796,0.9660358102981893,0.0016902885772411772,0.002176287151249855
186,0.0030450695865474556,0.044012168906519024,0.9482224579009598,0.002002330271503586,0.002717973334470269
187,0.02271483004644442,0.16199477501407697,0.7841079239035802,0.022458929069455857,0.008723541966442426
188,0.03597823020314396,0.5854377496844555,0.2913261472353009,0.062199220416682396,0.025058652460417292
189,0.16172895864955647,0.3975508046529179,0.06297726883056061,0.31479160888281205,0.06295135898415301
190,0.16859714178600674,0.21378464872341185,0.011914688121180534,0.4802959692839881,0.12540755208541277
191,0.12556803030470318,0.17043198419221176,0.0032243544711779513,0.6765567619955047,0.024218869036402274
192,0.16248700676708291,0.1412380897472217,0.002104089606066923,0.6835463826418847,0.010624431237743684
193,0.1147267030869071,0.07532530271206545,0.0038245971575144085,0.7904585434230321,0.015664853620480815
194,0.10901031921075133,0.13335383755859756,0.002006253897435754,0.7455673108105332,0.010062278522682148
195,0.1813229781395451,0.13142749508907894,0.0018062183629311429,0.6625794576183599,0.02286385079008496
196,0.13113646523040312,0.15344302701946785,0.0008962614579703075,0.6965721854363693,0.01795206085578938
197,0.15161018654858316,0.11686935377589727,0.0024066141174849905,0.7008366827310046,0.028277162827029873
198,0.1855639693971668,0.11206951371345862,0.0017249829159508637,0.6679675968394831,0.03267393713394074
199,0.1631444685603972,0.10325223400007631,0.005480402631262191,0.7074362831580422,0.020686611650222092
200,0.10543317933157442,0.12070284517505676,0.002048759921755371,0.7547885255123955,0.017026690059217933
201,0.06453702829707451,0.06479716207963145,0.00033544470524588763,0.858496009420106,0.0118343554979423
202,0.04599507968738755,0.04516311055890229,0.0014683644260124163,0.8970908180443298,0.010282627283367827
203,0.13345816877321207,0.04508191071136137,0.0009215793175735153,0.793445587972834,0.02709275322501893
204,0.0828494212479682,0.013893150795970777,0.000181201907298347,0.8906713185022734,0.012404907546489269
205,0.08697516712936171,0.014999438536880304,0.00036251119132936905,0.889444314124729,0.008218569017699668
206,0.12417597968795673,0.0601667723225474,0.0002388755726612483,0.8027753369830646,0.012643035433769993
207,0.15412570688251562,0.03241814596618095,0.0003646428333143813,0.7989739934871306,0.014117510830858427
208,0.15498833824378355,0.038988765851123,0.0002961724754310964,0.7934462766564668,0.012280446773195517
209,0.09203511229876599,0.06832156831638898,0.00034352140629852993,0.8028843374254404,0.03641546055310611
210,0.1730341558724328,0.06775221880753403,0.00031546330349411584,0.7271112850072974,0.03178687700924166
211,0.03851532252055241,0.018287724912437305,0.00024199505211175795,0.9233856945326346,0.0195692629822639
212,0.1213881224448231,0.08820663610035992,0.0015433034006042178,0.7499473397647446,0.03891459828946809
213,0.09599040609807015,0.07357518720075845,0.0010439546158836413,0.7959140958668022,0.03347635621848562
214,0.11921275644399765,0.06826624828692432,0.0006568761641006456,0.7980333488358131,0.013830770269164199
215,0.04336733145252311,0.03945711697796641,0.0002845026074945557,0.9033123903719169,0.01357865859009897
216,0.1413240411752475,0.07254256237602456,0.0003940962725872379,0.7730277178573773,0.012711582318763483
217,0.10139156517021812,0.05331393545003163,0.0003293133144388728,0.8333862540346274,0.011578932030683909
218,0.11858244005546872,0.04332571658430581,0.000519685651115807,0.8197850440577567,0.017787113651352913
219,0.05148672811639338,0.04575128332068753,0.0006771763217873539,0.8856977648400982,0.016387047401033573
220,0.03402432013079076,0.016202770736754087,0.0003050510230803008,0.9448899872134623,0.004577870895912649
221,0.08038297607497231,0.027949338010690505,0.00023668387867773798,0.8856495842962594,0.005781417739400022
222,0.05689100225461379,0.021298997520269987,0.00027112668534328777,0.912187216236495,0.009351657303277987
223,0.10927051417541978,0.029214863759654902,0.00018943465376819213,0.8502253580128759,0.01109982939828131
224,0.07873891215968727,0.04478933013556504,0.0003131407769772861,0.8622229120813009,0.013935704846469353
225,0.1135785963893983,0.03153500470390613,9.629268866460889e-05,0.8464363280269834,0.008353778191047663
226,0.15392481134179894,0.06214989355851958,0.0005953289828798071,0.759210667409533,0.02411929870726848
227,0.2584491795848702,0.037666560515704654,0.00016265357991319674,0.6760523819727718,0.027669224346740028
228,0.258223539668029,0.07486475705451758,0.00029244912788826575,0.5981447314427626,0.06847452270680258
229,0.21741294551015392,0.06274085599805797,0.00022747831820978543,0.6993491326561714,0.02026958751740704
230,0.28723200935806165,0.062384364162474254,0.0012272075757095583,0.5171725269738913,0.13198389192986335
231,0.17643231574387624,0.06183207809452737,0.0009592617420169897,0.6771645496433193,0.08361179477626011
232,0.11011356238638557,0.04554259141980229,0.0004974445929018966,0.8099517317683348,0.03389466983257539
233,0.1885155215951629,0.022820192227567655,8.221864039545729e-05,0.7710495629358433,0.01753250460103065
234,0.22217835246182616,0.044803776362123,0.00015837407882762875,0.7013820071991766,0.03147748989804667
235,0.13854066103667526,0.022581863796646888,0.0002487416252960816,0.19573508809020895,0.6428936454511729
236,0.15787685848087213,0.049146284292881114,7.519417986747897e-05,0.7045738390271291,0.0883278240192501
237,0.23910433627821243,0.04961562105214174,0.0003845428721864255,0.4181972861358182,0.2926982136616411
238,0.45712031491137034,0.0807312501124961,0.00043644123830810516,0.2496657990912133,0.21204619464661212
239,0.03416445109208343,0.008783937299566617,0.00017329185059718454,0.9117006821076609,0.04517763765009177
240,0.09671256780787757,0.019009357982416604,0.00032911681647801206,0.8582825228680553,0.02566643452517254
241,0.2420177308977929,0.051391743838970744,0.0015879681525103645,0.6818480141176517,0.02315454299307425
242,0.062393969421044346,0.07272112479851804,0.0007572844494255266,0.8392252950847136,0.024902326246298317
243,0.2776481554365458,0.1676474948119445,0.028930013622102003,0.5165900380272221,0.009184298102185713
244,0.13724250819909534,0.3249689136290719,0.0330259211976377,0.4870872342379593,0.017675422736235923
245,0.27253175592126344,0.32142430899369867,0.04190641755989041,0.30149118859637275,0.06264632892877464
246,0.2769093351587382,0.2698084740401842,0.04597739043416234,0.394192097936524,0.013112702430391244
247,0.13534755930201312,0.5783798220429038,0.018034159679386416,0.25818927452198887,0.010049184453707886
248,0.09797397636100527,0.532809534460675,0.041736511550475426,0.30252808964040967,0.02495188798743452
249,0.14225037572335394,0.5840036354524177,0.054133681416176437,0.20970018463111623,0.009912122776935676
250,0.05873203695342316,0.529945936349265,0.006459151118977705,0.39065536652371563,0.014207509054618515
251,0.18635382341529466,0.3170949514422685,0.02261274153399441,0.46445788819430256,0.009480595414139955
252,0.06778839382370432,0.6422047314591987,0.04223766696093453,0.2391926891691307,0.008576518587031604
253,0.12125641658285548,0.6085426609447923,0.023701082323570526,0.22384413557890998,0.022655704569871853
254,0.08821133619340968,0.3831054317000351,0.008175635923368977,0.5036456856055241,0.016861910577661992
255,0.39435374058715494,0.5232253072001185,0.0074200381286312995,0.06573146188622615,0.009269452197869099
256,0.23136448699768522,0.7114682468210958,0.013496568722026902,0.03748579880397783,0.006184898655214258
257,0.06721649218899158,0.8662051942638626,0.009377758002299893,0.052225521563663974,0.004975033981182095
258,0.41384693461036604,0.4496384906006493,0.006562065252254334,0.09237820787305445,0.03757430166367596
259,0.13264194366625123,0.8388342289908001,0.00832869325551192,0.013193209411876428,0.007001924675560281
260,0.1544493730645427,0.8151262860106333,0.0010360017824817523,0.01906452970122334,0.010323809441118919
261,0.06025682921287597,0.9213140526146011,0.005566887159925812,0.006003967048576217,0.0068582639640206566
262,0.04141971655298362,0.9299956001621843,0.018379383467774846,0.00589435002771581,0.004310949789341458
263,0.15330963246821172,0.8196489429219777,0.019502028321148786,0.003984760716644137,0.003554635572017573
264,0.018442999455119954,0.9139138917186413,0.05742317525801526,0.007379313798942592,0.002840619769280682
265,0.0403361830680756,0.8263145129340151,0.11670999308295411,0.01274903359536898,0.0038902773195861958
266,0.058843266326563885,0.8868290283306902,0.03786227615609868,0.012198419857178051,0.004267009329468916
267,0.0634053620129087,0.8734177320893289,0.03701037656083565,0.021902339239980344,0.004264190096946552
268,0.08877058796627624,0.8449853725084738,0.029493928953359488,0.030368765102719218,0.006381345469171315
269,0.053887769397785154,0.9046238325943471,0.019599264527553072,0.017813865823014193,0.004075267657300347
270,0.06446332078396547,0.731886029454718,0.04485970671532765,0.14836068931391877,0.010430253732070224
271,0.12180668700884084,0.8071191532556664,0.010139227685167744,0.054880887118444514,0.006054044931880464
272,0.21961968463479373,0.6446099512915991,0.025651774062977552,0.09910476932046944,0.01101382069016001
273,0.3443143512441628,0.4202704765868666,0.011769863023026855,0.12048709843968898,0.1031582107062547
274,0.3380849038385754,0.5198049327860074,0.00026828628361604483,0.02852351998597481,0.11331835710582634
275,0.584574592629861,0.16928849121381076,0.0001376556145774341,0.047213380622276355,0.1987858799194745
276,0.24774845097325943,0.7296115304460461,0.002315127364478731,0.008414074241912307,0.01191081697430353
277,0.5365175651172133,0.4484820290335565,0.001256150379918755,0.002762792019248757,0.010981463450062694
278,0.19386554832231295,0.7904339654851842,0.0025483208166952667,0.006197993649782733,0.006954171726024901
279,0.012763336261369334,0.9610229040617919,0.015355183194601876,0.009362221161510207,0.0014963553207266837
280,0.014815459526925834,0.9244722123130933,0.04509305434884265,0.010123439882024457,0.005495833929114001
281,0.048414300801942145,0.9103894503121458,0.01783589761659114,0.018367639072658547,0.004992712196662269
282,0.046183772930304685,0.8363857462907013,0.10413533235310042,0.011381933463141173,0.0019132149627524833
283,0.025047303210119765,0.8496247222430878,0.08739765952182682,0.03355725318598375,0.004373061838981787
284,0.021166489621164828,0.8866513625493915,0.0670838675014765,0.02143577398507684,0.003662506342890224
285,0.02453783364841253,0.8828715595644179,0.0802608387834437,0.00834603936871171,0.0039837286350141755
286,0.033496103425465815,0.9272999010276657,0.028180561886000207,0.006285199686580221,0.004738233974287944
287,0.04163871801730481,0.9022422827195843,0.046835332128801976,0.0031093485224025484,0.006174318611906135
288,0.04523436719275617,0.9019076877350546,0.040929622076718526,0.005090583950213177,0.0068377390452576655
289,0.02568181606806126,0.8994746755224603,0.0688123409135606,0.0027370082221106246,0.00329415927380728
290,0.046569926426337116,0.8353652349181713,0.09244269850137538,0.007101710400490984,0.018520429753625275
291,0.02206995691294554,0.9001212615407843,0.06813021147668304,0.0036638006291954597,0.006014769440391623
292,0.015510513374026492,0.8777716426878029,0.09653103444296285,0.0027596263960122085,0.007427183099195486
293,0.06087346737213368,0.7994213589658046,0.12458981522317933,0.006089705693182086,0.009025652745700366
294,0.03026466026000529,0.8330699779035748,0.12009717820944202,0.004692413987075338,0.011875769639902464
295,0.0033304377635368053,0.005598005538294698,0.0011865983525643652,0.00028580955455037485,0.9895991487910538
296,0.26703203146199117,0.4093492622012873,0.02283839496909075,0.009435075739291204,0.2913452356283395
297,0.2035286330261837,0.5600750874646176,0.1685164874453776,0.004386479186573756,0.0634933128772472
298,0.1274265543725673,0.7993228480758919,0.0409092204290796,0.0016311579482398042,0.030710219174221353
299,0.06155703661840839,0.8220870058930904,0.07745737702215454,0.014645087780501935,0.024253492685844768
300,0.033260563547462006,0.914056567021806,0.04255378728158618,0.004711453319015223,0.005417628830130387
301,0.03811829098896443,0.8432007580577565,0.10630882634069536,0.008911800745989828,0.003460323866593815
302,0.01257669451490018,0.773538366086638,0.20873192556297926,0.0028280853517162834,0.00232492848376624
303,0.06447009916457558,0.8251645245423339,0.0900620806793593,0.014387917434565457,0.005915378179165691
304,0.07866830343056666,0.8294093281794289,0.07920479929817245,0.008352743878938149,0.004364825212893817
305,0.03377726233153185,0.8001410126010206,0.1200818561250652,0.015767307343233204,0.030232561599149176
306,0.06309167937316484,0.7323839051605133,0.19580970730095967,0.005993631481589907,0.0027210766837723155
307,0.05553793535746373,0.7820719195437367,0.14443738155782648,0.007268509118259434,0.010684254422713719
308,0.040807776244512275,0.7383871225735216,0.21461096334239543,0.0024989419947754493,0.003695195844795049
309,0.24556735370555172,0.6994258603352483,0.02931256699085604,0.016979238468665975,0.008714980499677982
310,0.06923095605078668,0.7925879850257133,0.13096579574293915,0.00183780555942339,0.005377457621137541
311,0.0687070473186904,0.8403795029671635,0.08600891399031883,0.0022496358110188058,0.0026548999128086235
312,0.02534470386124722,0.7419552128400813,0.22664195378067223,0.0021228343760604763,0.003935295141938868
313,0.004182440814927341,0.5336588802476029,0.45838537254936546,0.001557128947886823,0.0022161774402174607
314,0.005058749092805408,0.5474182351315996,0.4374496158890747,0.0032599843498829274,0.006813415536637382
315,0.012478259668789064,0.7285547682591064,0.247532834066903,0.0037925219049010374,0.007641616100300489
316,0.03437112750665899,0.7707888969967779,0.18809817132532122,0.002526002015518412,0.004215802155723293
317,0.07644788413502845,0.7781949221943097,0.12973170103102002,0.008520354298183722,0.007105138341458094
318,0.02158057432396525,0.6487476677542872,0.32131439851542903,0.001994576400696952,0.006362783005621719
319,0.0046839730631771,0.3475163947320532,0.6436524842325972,0.0006571510120701446,0.003489996960102302
320,0.008135466220526074,0.35247979202547625,0.631846848005956,0.0025962088764680267,0.004941684871573668
321,0.02086835431062279,0.7272840340702849,0.24534344715635442,0.002407461359744126,0.004096703102993974
322,0.006125190175657439,0.595160999448127,0.3938245439841988,0.0023835092906114145,0.0025057571014053047
323,0.021836254678360034,0.3651757191448627,0.5929518218729153,0.014416212269111203,0.005619992034750732
324,0.019164659931621357,0.8072999312038558,0.16498952504318004,0.004689832014584389,0.003856051806758377
325,0.039676977545177954,0.6053466641234947,0.16402163592095617,0.004788234313056495,0.18616648809731481
326,0.32777146449605077,0.5469161444047304,0.006364371263248176,0.01299060426137204,0.10595741557459859
327,0.30739953953996957,0.6489942659262857,0.025970916287975425,0.00302688584338533,0.014608392402383978
328,0.22403177247289496,0.7023808177959421,0.06679799680164294,0.000922551450551969,0.005866861478968125
329,0.14050737278615152,0.7382074043106526,0.10601966795531682,0.0029679433400940274,0.012297611607784985
330,0.01778160780194766,0.8690573514651763,0.10548784525121155,0.0042266095159137086,0.003446585965750874
331,0.011863417284486694,0.8437311799833866,0.13298718560141987,0.007990833427213781,0.0034273837034930715
332,0.016068614027666035,0.8483753744691152,0.1325689154808174,0.0013467649765573336,0.0016403310458440882
333,0.01485791617895658,0.8534178974913085,0.12271689343655567,0.0030732957282078124,0.005933997164971327
334,0.009650162528075972,0.712895030458104,0.26868852979113916,0.005297318922701422,0.003468958299979373
335,0.027070161743970533,0.8359035603804914,0.12429375901608194,0.004697300837335605,0.008035218022120455
336,0.05143081359520421,0.7958570834085826,0.14327476870098116,0.0028695257181629067,0.0065678085770690415
337,0.04740957067839015,0.7663101779212474,0.1732279478561836,0.007150892381400399,0.005901411162778282
338,0.10756590077803035,0.5769232747085108,0.2934069552195974,0.01146298668256752,0.010640882611293836
339,0.049249803024719284,0.541130912129839,0.3948818770783426,0.0029095564000463457,0.011827851367052753
340,0.027060452598770518,0.28880123223830634,0.6775568899309308,0.002786139360213723,0.003795285871778712
341,0.032909781534032255,0.4593925797096315,0.49675034590096523,0.0023442578430876043,0.00860303501228353
342,0.006748129199618855,0.31169589366215594,0.6798219481780831,0.000600337880121191,0.0011336910800208257
343,0.0035134570847313805,0.1498281130435468,0.8439616655693506,0.0008632400797156121,0.0018335242226558042
344,0.029273690600158036,0.3538848013375069,0.6061824665135147,0.0026666793080150756,0.007992362240805259
345,0.0035113390182686484,0.3469057225895779,0.6448373489372214,0.0006500020708173778,0.004095587384114623
346,0.005367188178713235,0.5390900171650792,0.4493048611484054,0.0008839626557573817,0.005353970852044672
347,0.011525538847359787,0.516884051972224,0.46520671176266565,0.0014361681514975344,0.0049475292662531
348,0.00863667688317142,0.48018032763486235,0.5065478202151869,0.0013400323752650956,0.0032951428915142665
349,0.0031786942434248715,0.593930378584263,0.39864080017210435,0.0009219384995662826,0.0033281885006414915
350,0.0037211276584797645,0.40421126282234804,0.585437700569548,0.0006729926669200572,0.005956916282704071
351,0.0046906312956184245,0.23404750963028817,0.7571736555992042,0.0019472738096511031,0.0021409296652381443
352,0.0035268958634222213,0.18584504529149604,0.8077524575839635,0.0005739597516867079,0.002301641509431531
353,0.001854523606809087,0.10488311789812926,0.890802612482921,0.0007109897993354441,0.0017487562128052372
354,0.001170678047374261,0.16954393524426048,0.8272199008556401,0.00028562553222490354,0.00177986032050029
355,0.0006070391469191036,0.08035573265598457,0.9169076688541973,0.0004988717607115639,0.0016306875821876401
356,0.0008059769111068229,0.08105962350160838,0.9170971176576626,0.0003259283282881923,0.0007113536013340907
357,0.0005779915372156655,0.08989829077717808,0.9074113242080173,0.0006680159117732323,0.0014443775658158965
358,0.0007499040240537929,0.05004949181223224,0.9477669105291826,0.0005085417754007402,0.0009251518591306807
359,0.0005315030766333178,0.05870307056094808,0.9398209867629902,0.00030922064916346845,0.0006352189502648849
360,0.0018757701219179923,0.1259822971948697,0.866383481294011,0.0006533367336246957,0.00510511465557664
361,0.0022320243759212243,0.07596863606204458,0.9180398666497708,0.0008647105497691513,0.0028947623624942936
362,0.002191041415622279,0.10532036680367998,0.8854479155954765,0.0015212510715163854,0.005519425113704744
363,0.0038122870484232334,0.305166771258273,0.6842574774996782,0.0005267446463651196,0.006236719547260398
364,0.0006949523910920767,0.049381709082825555,0.9477072778859846,0.0007308889605361593,0.001485171679561624
365,0.0008840881589809749,0.0676064941803947,0.9300901639910469,0.0002319846424980679,0.0011872690270794061
366,0.0011008418632931882,0.06268318278976756,0.9346044178388228,0.0003156726742430121,0.0012958848338734997
367,0.0008893618600703693,0.0737422813401025,0.92208884025154,0.0004884926711049495,0.0027910238771819773
368,0.00616066858289021,0.17930683776138517,0.8079883681474503,0.0016770062317928598,0.0048671192764812715
369,0.002803578651406571,0.13582817734250874,0.8558909936933041,0.0011555689487683849,0.004321681364012224
370,0.020020110058104404,0.05818687442057995,0.009647070665038872,0.005476783879333874,0.9066691609769428
371,0.34291613697129925,0.2912943180773336,0.02343513897293906,0.052823913767761015,0.28953049221066723
372,0.43716741210587795,0.32378125830599674,0.004822996331314017,0.05235118468745397,0.18187714856935724
373,0.5332220228833691,0.3812113227448644,0.014156468900496353,0.02027846842147575,0.05113171704979449
374,0.21170037700123406,0.5820835274938138,0.05556884563317,0.09621455227200526,0.05443269759977676
375,0.10149216501378025,0.6439976495230241,0.004193806619240243,0.16641253654002539,0.08390384230393025
376,0.0874203602699165,0.7414176144041478,0.024366490515591355,0.02761481971484062,0.11918071509550375
