epoch,N1,N2,N3,R,W
0,0.0001480719434946397,3.9508216979605224e-05,0.0,2.6771288059282392e-05,0.9997856485514666
1,0.0010812416405575251,0.00011365224632385509,6.16803810238463e-06,7.848518528502184e-06,0.9987910895564877
2,0.0009092763687046943,0.00011842050448296987,1.7646746849428167e-05,5.9349688024710046e-06,0.9989487214111603
3,0.027883614990768038,0.001846986862415908,8.807188081634276e-05,6.867947829150189e-05,0.9701126467877083
4,0.007650905302588039,0.0005767092307502842,7.863979010044093e-05,0.00013771293173305845,0.9915560327448283
5,0.1606370408247084,0.006285832370792796,0.0009158827854589788,0.0007103610607720881,0.8314508829582677
6,0.10025224818095997,0.013971618292846313,0.0020519978022303306,0.0005411603509555893,0.8831829753730078
7,0.008957090293662607,0.005900034574669165,0.00023538472715101596,8.710423984846654e-05,0.9848203861646687
8,0.014671583439337202,0.006439845957855869,0.00014187088922669344,0.00020511048094002844,0.9785415892326402
9,0.06285098389647271,0.02613887850046293,0.00023549564700112602,0.0008390316292900833,0.9099356103267731
10,0.024941857986526834,0.009634594266985642,0.00014634137029558323,0.0003084466245096249,0.9649687597516823
11,0.05353859985357755,0.008374727204357842,0.00042423007061942415,0.0006756501563128347,0.9369867927151324
12,0.02513577440068479,0.009803451437210918,0.0010943321415472537,0.002396437764686094,0.9615700042558709
13,0.019099275061171272,0.010453596952888524,0.0006065755404042237,0.00268037418161834,0.9671601782639176
14,0.008987835905660655,0.00822772000107408,0.0002692272871980833,0.0031369088609728073,0.9793783079450944
15,0.019861200244617294,0.009398383742092117,0.0006988845262393961,0.005142736964951363,0.9648987945220997
16,0.0019776037336029285,0.0011635966724660293,0.0011483444549602064,0.0003988478131624587,0.9953116073258083
17,0.0034479987409385443,0.0002895145990188225,7.83728413552735e-06,0.0011085075722903407,0.9951461418036167
18,0.034942763604092986,0.0024565853537175794,2.2497201402145224e-05,0.002020093241157854,0.9605580605996293
19,0.021806114728370324,0.00639188409798459,0.0003532974461481569,0.0016619882144949874,0.9697867155130019
20,0.2052631753129193,0.031194671583357484,0.0005205819745604549,0.004364695925684339,0.7586568752034784
21,0.003945847879349411,0.0026534993396441797,0.0010296949056108164,0.00016007358364029993,0.9922108842917553
22,0.03442266081658094,0.005269942736941577,0.00011025736154444225,0.000985714156847284,0.9592114249280858
23,0.19076513286669897,0.02019728049312803,0.0006030935287955997,0.004122059006598467,0.7843124341047789
24,0.07068999062311776,0.10358735308511002,0.0011313124050609867,0.006691887285514203,0.817899456601197
25,0.18463653998202997,0.17840756612020886,0.0030928073200081744,0.013766347898603074,0.6200967386791499
26,0.16020568636235827,0.06729276169592618,0.004762811912936352,0.007441062117325201,0.760297677911454
27,0.057304076679690896,0.04342001825560797,0.0006259733895063144,0.004208492686109336,0.8944414389890856
28,0.15418991980358626,0.17941751196524244,0.0030350640544519678,0.009327243949772789,0.6540302602269465
29,0.09980432243604939,0.38101763228583435,0.0032381028948956472,0.008761929671180868,0.5071780127120397
30,0.16014382711973985,0.5496690523459806,0.008875036448054676,0.0031466354723230726,0.27816544861390174
31,0.21362738392385947,0.5718679433171981,0.008282375127502826,0.003501492697814018,0.2027208049336255
32,0.09493939975049674,0.6702388433887752,0.02800186697096805,0.004532345658047147,0.20228754423171283
33,0.0322483453303689,0.16172512343169781,0.023504627654832768,0.0004173119041252868,0.7821045916789752
34,0.22483133334360086,0.4162579769375044,0.006701251379590372,0.0015128367225790496,0.35069660161672533
35,0.19313318277811434,0.6163175498192077,0.011173993986213028,0.0005744048608032932,0.17880086855566163
36,0.2199872381799666,0.7077664812990746,0.010186830674033878,0.000500336161144288,0.06155911368578066
37,0.0805955534084436,0.7190035126579041,0.03283884669328225,0.0006747573072510482,0.166887329933119
38,0.040884216620974224,0.7246391471239803,0.07930234180251741,0.0004618495669928838,0.15471244488553518
39,0.03547243190088315,0.8115079576372712,0.08759069444506562,0.00039602943207137515,0.0650328865847085
40,0.10724627350013963,0.826146520576708,0.030359572244479285,0.00048432440331770113,0.03576330927535538
41,0.003544162028312601,0.7073298739829622,0.24964486846220998,0.00018416787247484102,0.03929692765404029
42,0.020249269702748686,0.8761010442007058,0.09291992287398963,0.0002015091337561221,0.010528254088799868
43,0.005641741716092268,0.6838808082935857,0.28951387433412146,0.00011253561473257754,0.02085104004146799
44,0.006255020358496622,0.5750733940087636,0.40188500784607406,0.00023445267366734628,0.016552125112998403
45,0.005569980208455062,0.5705298271330738,0.3675904478080388,0.00040884479195337864,0.055900900058479065
46,0.0037773863426752174,0.5495310742599067,0.4274893279598237,0.00037387177300116184,0.01882833966459317
47,0.005580433023402108,0.610327121568429,0.34904643968411875,0.00037867996652226206,0.03466732575752773
48,0.006655059270035946,0.5016772757851027,0.4669747619389326,0.0004346160090630036,0.024258286996865695
49,0.011572010925429855,0.39663553175610466,0.5534078520830383,0.0006157571440092928,0.03776884809141776
50,0.0946812000322213,0.21513585115054118,0.012087320376056598,0.003038913193477729,0.6750567152477032
51,0.05546166444372448,0.11947314295004086,0.023229733330621113,0.0009548722127476906,0.8008805870628658
52,0.16655052271466425,0.0952881807355795,0.003728188580804178,0.0007373368973202331,0.7336957710716319
53,0.09084358196105563,0.30511437900547994,0.004796079072509953,0.00024085564891037479,0.5990051043120441
54,0.6092023952471963,0.25975269381106275,0.0030520976324393823,0.00042879644528299126,0.12756401686401853
55,0.22092818785665425,0.7162982469605055,0.011165688780958234,0.0007095221244998535,0.050898354277382096
56,0.18264436588636992,0.7602307133760763,0.00924986590774556,0.0007428234777130971,0.04713223135209535
57,0.04762071215391514,0.832968524754368,0.048339927888169175,0.0005346737064534968,0.07053616149709423
58,0.022770207652050616,0.8926410263581046,0.06883004318616365,0.0004990858739383256,0.015259636929742712
59,0.01110725041782517,0.82271125851222,0.15523998395291874,0.0001836422349157957,0.010757864882120253
60,0.05575249724541325,0.8443393108080873,0.032058957346692486,0.0008114583219454997,0.06703777627786137
61,0.2207435186299237,0.34753942915964126,0.006638340562808395,0.003703906460071976,0.4213748051875546
62,0.10958926426873393,0.7902606572959827,0.017657618792136853,0.00377615268286831,0.07871630696027838
63,0.14086597510283114,0.7950064566799806,0.013678557620487999,0.0011842007072532781,0.04926480988944701
64,0.059902790583906344,0.892697654779369,0.022074337399152204,0.0006041637915288847,0.02472105344604341
65,0.05093449204685138,0.8870166857699413,0.030569415476314064,0.0012917880925378269,0.030187618614355285
66,0.12502209822140845,0.6159381107063181,0.01729283883558963,0.005428644764607398,0.23631830747207627
67,0.09833760788866168,0.6770245444459988,0.008496303281114106,0.002688786065448167,0.21345275831877722
68,0.14283697848438887,0.820008768062392,0.007615717146837825,0.002185579170740483,0.02735295713564072
69,0.12086223631489289,0.8072319668553734,0.027636463409417764,0.0016014558772965424,0.04266787754301947
70,0.2514550737613936,0.5592242241129494,0.01798312338951921,0.004467720201764562,0.16686985853437333
71,0.17424575933375924,0.667928563945147,0.04991439181730159,0.0053317566667455225,0.10257952823704651
72,0.13707622254440227,0.08097818839518137,0.006446326024136048,0.0021819581913295077,0.7733173048449509
73,0.21163905607839173,0.6329531585474966,0.02516460316655872,0.0013716575727095994,0.1288715246348434
74,0.15958890588895602,0.7740866688412553,0.020364780776568874,0.0006127934669011459,0.0453468510263187
75,0.06512305982904036,0.8913401788244943,0.025894343024460063,0.00044243224767433144,0.01719998607433094
76,0.008408881014014173,0.90806453562462,0.05989479588667328,0.0015123220499185018,0.022119465424774144
77,0.02223881812077019,0.8648761277535221,0.08912098534420038,0.0008685135616358938,0.02289555521987148
78,0.0827217183372125,0.7781176786536876,0.04673316850050798,0.0029696859792858413,0.0894577485293061
79,0.35186176186362195,0.37014700102889664,0.00750985959580512,0.024014963167428512,0.2464664143442477
80,0.11622189697380637,0.5793207200930334,0.008588176071436844,0.003077328010160182,0.29279187885156327
81,0.3045358109574072,0.5547772165736676,0.006246327055104818,0.004347576926495517,0.13009306848732483
82,0.12065489570866922,0.8244896546951034,0.013631713089852879,0.0025089302921078166,0.03871480621426671
83,0.18988306572679425,0.5156776241609431,0.0028795702827437396,0.010636195573249088,0.28092354425626986
84,0.12696803424779443,0.6247141990813926,0.014322059439613084,0.0023672321072802705,0.23162847512391957
85,0.09051473784585745,0.5786254501136218,0.00907123779652705,0.004785487616106025,0.3170030866278877
86,0.05337363438108069,0.10867480344367203,0.000552485301204311,0.004167855170075556,0.8332312217039674
87,0.0881342401924141,0.3932545596940796,0.0027873588351937156,0.0035829218936797224,0.5122409193846329
88,0.06944750066629862,0.50068981034955,0.006822154511440132,0.0006677093067975549,0.4223728251659137
89,0.36108031110869454,0.04540623938038212,0.00022459567331203182,0.0009371488101839281,0.5923517050274274
90,0.12593856722555638,0.2783575432259709,0.0017365446782125348,0.0017168149597536718,0.5922505299105065
91,0.27882255672359296,0.2910734288684918,0.00047278740120932175,0.0019692670685652744,0.4276619599381407
92,0.047935373462859796,0.46923285377585683,0.00404254132665255,0.001328486052799802,0.47746074538183114
93,0.025890975078860838,0.014435032954133077,4.967243800374101e-05,0.00444505527048164,0.9551792642585207
94,0.2758600487209663,0.44256468360366874,0.00038540379414956207,0.09711497064976202,0.18407489323145337
95,0.03418834663412426,0.6140545017185961,0.0011656636172561261,0.008422030063647456,0.3421694579663758
96,0.08539254189886147,0.4529095870841269,0.0023727405916319434,0.006898915580579273,0.4524262148448005
97,0.1611361869817673,0.4236448503300603,0.002296114549807062,0.035681775586911005,0.37724107255145434
98,0.13842164662224166,0.23453022128863454,0.0036039904187810667,0.03137756877857639,0.5920665728917663
99,0.10873053130571395,0.21424745052474206,0.004891562870449179,0.015720348648850208,0.6564101066502447
100,0.11680680966722798,0.28980012799869703,0.0036136921928192687,0.04558168493830716,0.5441976852029486
101,0.1409151779641344,0.7375538537982598,0.007419807374711155,0.01605443088711449,0.09805672997578023
102,0.16731568322047446,0.6582324211681121,0.0016083245959215488,0.07039356277687608,0.10245000823861584
103,0.17557803103639763,0.5071445749012422,0.008704041401122192,0.039016544189644405,0.26955680847159363
104,0.0775507512239508,0.848687905591525,0.008570155630199213,0.014342225996070174,0.050848961558254795
105,0.15099354082847016,0.578603788867065,0.0033159987094511724,0.011831607796918879,0.2552550637980949
106,0.2591426782775848,0.6769760274524811,0.0033302370150130826,0.009673459835135907,0.050877597419785356
107,0.049240196844726664,0.8757939643531868,0.023717830580175615,0.0025954867191095373,0.048652521502801374
108,0.06330739890762413,0.8754417781503723,0.01556944690432703,0.0012204521565969512,0.04446092388107964
109,0.12014351578845339,0.8194002387898746,0.009164144321612104,0.008324756155226902,0.04296734494483308
110,0.0954754551072375,0.8438995815680599,0.017619990737129332,0.0022873911752133926,0.04071758141235982
111,0.13565724140586344,0.7608698446078417,0.04483952843073653,0.001878009294590309,0.05675537626096822
112,0.13369428487944496,0.7921539326101731,0.018935268353946114,0.004804838386013625,0.05041167577042226
113,0.25164209171070395,0.6127223206637595,0.025399883872530143,0.004264898244617976,0.10597080550838851
114,0.11942251073493004,0.7942761088307254,0.02707046185318643,0.004890531782761115,0.0543403867983971
115,0.24494342495101792,0.660120346534603,0.010700273920048556,0.004016438764194975,0.0802195158301354
116,0.1251747268726111,0.7860046367061634,0.01238578116995597,0.0052499115779641396,0.07118494367330536
117,0.2607059553759435,0.6573864782013439,0.015143821283135189,0.006101064783839297,0.060662680355738095
118,0.12126369148063822,0.7122054295064972,0.01551755593343784,0.003079360050737662,0.14793396302868925
119,0.19924139303744956,0.7098875616368711,0.006181762846297885,0.005681330299921695,0.07900795217945983
120,0.1379016558711787,0.6323117841362332,0.013816582232126994,0.002947895981171287,0.21302208177928983
121,0.08131519982744008,0.7625890948449563,0.0037360769341640626,0.0024408421777469447,0.14991878621569255
122,0.06052482280483667,0.7560587497210473,0.008870256506277372,0.0021194905474999633,0.1724266804203387
123,0.20022449831124003,0.2898117044246171,0.005509737940639968,0.00983733060729556,0.4946167287162073
124,0.2530848338591168,0.6775471890198026,0.0038266602138383684,0.0037185875975495764,0.06182272930969285
125,0.1554792739500478,0.40757568847454545,0.01391069376227124,0.002323483911322465,0.4207108599018131
126,0.19590564972689262,0.7290772381041285,0.013527196059031436,0.003202476246977404,0.05828743986296995
127,0.3967176655898623,0.4548452494658402,0.003090047840210624,0.024900420246119007,0.1204466168579679
128,0.07182693051384374,0.8791737152858722,0.005889667101560363,0.0039484627083953075,0.039161224390328354
129,0.095640774624448,0.8160334880679648,0.010751972717181183,0.017487717449512857,0.060086047140893
130,0.17795214450064728,0.3666122496620402,0.002922218312798919,0.021800775828598403,0.43071261169591524
131,0.2322620479989871,0.42272108414925286,0.004057214755359324,0.015314691015347874,0.3256449620810529
132,0.09834653967712423,0.1876248020813165,0.005068034882578935,0.003676029598805166,0.7052845937601752
133,0.3525299472566029,0.2908919608273389,0.00096701050161028,0.016987304917906017,0.3386237764965418
134,0.11060730531868009,0.6946101270131975,0.0062247318888379735,0.022127034071246665,0.1664308017080379
135,0.022890790232325986,0.04682991349515356,0.0007434248742399435,0.0029925588388345172,0.926543312559446
136,0.15296413228295766,0.6569056380486065,0.0013887700280214765,0.029708461648124983,0.15903299799228945
137,0.002559759877761944,0.0027167597857483553,0.00013363379414486502,0.000456374095579415,0.9941334724467653
138,0.013089010088816045,0.0017392977180386404,1.602917092544374e-05,0.0008894524059864571,0.9842662106162333
139,0.05326320083312885,0.011397443505355305,7.459597100421376e-06,0.005056628763973966,0.9302752673004414
140,0.16751182780035995,0.07793586442298986,4.725703004921731e-05,0.017732491951447757,0.7367725587951532
141,0.016325767489129152,0.00238064822346885,2.2285780032333695e-05,0.0009118864459375881,0.9803594120614321
142,0.13066886224129717,0.06819804995189557,0.00013312379885241387,0.013648688878925409,0.7873512751290295
143,0.035889211542078,0.023047119703812385,3.584932707169864e-05,0.015732355118323334,0.9252954643087146
144,0.16647689531051346,0.7092152429274837,0.0016728690415194086,0.04147946972725721,0.08115552299322605
145,0.15443777198090322,0.46492994985115216,0.0002798655806414135,0.17278491609111307,0.20756749649618997
146,0.40178906909177936,0.19751069369825383,0.00017191786001900024,0.16485250381788213,0.23567581553206568
147,0.1551244289748607,0.14636032114945455,0.00053261633764068,0.08230380205084412,0.6156788314871999
148,0.2432258222773044,0.23965963374303115,0.0005719643830648969,0.20547152670576718,0.3110710528908324
149,0.281387877944788,0.48007579382722204,0.0013555550591781789,0.11242308196050664,0.12475769120830517
150,0.3169549168232653,0.3843454400990235,0.002256551875417274,0.14310296013361248,0.1533401310686814
151,0.19736830780177628,0.21537430101268773,0.0009323469609940433,0.046600853423830225,0.5397241908007117
152,0.04865833163352887,0.6394140492509124,0.0024918071128176736,0.0438849456177991,0.26555086638494185
153,0.15073233043800255,0.6631140001908977,0.001685234914949201,0.0747618041747295,0.109706630281421
154,0.07945304886828544,0.13825327398396578,0.00016784277339333348,0.06687906668330798,0.7152467676910473
155,0.19293989635151598,0.12757135297811717,0.0003125426639073993,0.038721655797695466,0.6404545522087639
156,0.1359529858073764,0.6474462011153278,0.001259285819959674,0.019628909101265142,0.1957126181560711
157,0.240662570784343,0.4189122878597595,0.0014306379188071844,0.04328826094836843,0.29570624248872185
158,0.015761892441937174,0.02026605332088179,8.340154020371298e-05,0.0018572296314636192,0.9620314230655137
159,0.12648689209422262,0.10270759490149443,4.658223363821544e-05,0.013468421205126683,0.7572905095655181
160,0.3692583864830736,0.25733717161118175,0.00017034050519782566,0.02425407929818697,0.34898002210235995
161,0.26130297440548095,0.6526446824298349,9.324242010462439e-05,0.01159220020923541,0.0743669005353442
162,0.06392144379317441,0.8932042841121565,0.00036963941716796836,0.013323074588018352,0.029181558089482848
163,0.07159815593560222,0.7107568877877563,0.00015459254078990987,0.007418868992463836,0.21007149474338763
164,0.011607647273401933,0.9190014530860966,0.0009749053677219884,0.002108553060233516,0.06630744121254611
165,0.09293275323770978,0.8011058745764257,0.0012017816531811167,0.006837006667273823,0.0979225838654096
166,0.01026738978655057,0.959915244348547,0.005708661141032034,0.0015040307941102176,0.022604673929760056
167,0.03259212913840896,0.8738282972322509,0.0014151605855650803,0.003811559801613777,0.08835285324216124
168,0.021650662938650013,0.946038656242642,0.010191806271753846,0.003270861285908721,0.018848013261045498
169,0.0032902007980860804,0.9046242090603407,0.07357702583541634,0.0014466086130815433,0.017061955693075295
170,0.00819083654514551,0.9009084103792908,0.05811819698179495,0.002495592266902145,0.030286963826866475
171,0.14743612227217343,0.26389655973719717,0.005185841547399147,0.010844912485643116,0.5726365639575872
172,0.2734596135818302,0.3577561618103323,0.001038502465477798,0.02008473215190904,0.34766098999045064
173,0.11442686543118825,0.7683170422722597,0.025505798691934624,0.004081715005108918,0.08766857859950866
174,0.3973026867871803,0.48408453725438183,0.0016565982125982235,0.00618218839017117,0.11077398935566861
175,0.11052319800389294,0.760728289462447,0.00581682507009536,0.012769824226668601,0.11016186323689604
176,0.08977542622223385,0.5629321983723024,0.01502360969286359,0.05813381948540829,0.2741349462271918
177,0.13406758062332189,0.5014527282509839,0.0014659645970840503,0.04436660565645151,0.3186471208721587
178,0.04523347445363809,0.8301601371753531,0.0004369514828970882,0.01259353678208427,0.11157590010602743
179,0.1319242041843079,0.40551174772686455,0.0013410746245871312,0.005574749437027279,0.4556482240272132
180,0.2838782934646116,0.5913034721609838,0.0006063080084126265,0.004838279869457404,0.11937364649653462
181,0.06295422720889994,0.8801429728166036,0.006976976064968481,0.004537859798407369,0.0453879641111206
182,0.068850296675095,0.8751799600649854,0.006179844380170623,0.00450117340297734,0.04528872547677154
183,0.03735452985372058,0.9295270910305804,0.004678874308271161,0.004978819399452732,0.023460685407974996
184,0.048991976853759875,0.8540524262700179,0.003126782276737384,0.004557583689824252,0.08927123090966073
185,0.002221415792047972,0.9818986447740617,0.011835458186625866,0.0005819944576813755,0.003462486789583057
186,0.015366421482751101,0.9400746607285765,0.009369223391699632,0.0020428229934286012,0.03314687140354398
187,0.03730839154059049,0.8959696773145451,0.006080875063460663,0.0010827425461421066,0.05955831353526136
188,0.005198751713113804,0.9717723673252153,0.007068021603654036,0.0005585686049317548,0.015402290753085014
189,0.011273003328773715,0.9207356963464367,0.05245828115022846,0.0023553543084761314,0.01317766486608494
190,0.05262499109946435,0.9088201631026837,0.0024195568041673553,0.002259740434081261,0.03387554855960353
191,0.041156317869440774,0.9039571784560112,0.006369812474389975,0.00625930668596219,0.042257384514195744
192,0.031968364007050616,0.8203733534169444,0.003694936922921589,0.002431483661800139,0.14153186199128326
193,0.010914604942415104,0.9583092470182073,0.009206616401713311,0.0013382414529658224,0.020231290184698197
194,0.08774794710930654,0.669425503439496,0.0033060803740360195,0.004528933748917201,0.2349915353282442
195,0.00555389667403589,0.9802068553181238,0.009160605021318817,0.0006231198046079243,0.004455523181913758
196,0.008654954681087583,0.9495073398678221,0.01833014538109575,0.0015997154395197182,0.021907844630474852
197,0.05400139649355985,0.4349353126392901,0.00803797517357963,0.00240688897142253,0.500618426722148
198,0.03441428246396872,0.9252966578612363,0.003416523325197242,0.0020169345705527354,0.0348556017790453
199,0.020805124130161546,0.9178388732633298,0.015091110760482944,0.0024240251304971042,0.04384086671552866
200,0.21791871451818323,0.29379466658390085,0.0007406444470909861,0.0016572788429476458,0.48588869560787723
201,0.25870779343743744,0.6310217228909218,0.00048490759837318235,0.003186616731275063,0.10659895934199244
202,0.03871733256892309,0.9279146634110242,0.0015472761588253387,0.0003276087908235834,0.03149311907040363
203,0.12137120281361363,0.8492024746559655,0.002981676208830591,0.0004796974137032849,0.025964948907886906
204,0.004961214077606586,0.9734641092470976,0.01455444374227976,0.00022620582979063632,0.0067940271032252645
205,0.001420110424852908,0.8195283545955038,0.17334658615731444,0.0001406510429993375,0.005564297779329548
206,0.001179828708728774,0.8225418595633178,0.17321315505912316,9.362383984390249e-05,0.0029715328289862636
207,0.009990638409180337,0.9139841790456984,0.06303691884111476,0.0012825630694172638,0.011705700634589502
208,0.0011888922821807859,0.6791038324020939,0.3153483109213643,0.0005640789811671645,0.003794885413193811
209,0.001622291203311641,0.6803840443871098,0.3144737476669387,0.0008960688537701214,0.002623847888869638
210,0.004007805420880148,0.8183610316999577,0.16777528365661487,0.0008420835040713139,0.009013795718475973
211,0.0022136158625473373,0.862384061720765,0.129887337865086,0.0007917465887355783,0.004723237962866163
212,0.001437687348868492,0.6076218844963888,0.3862657838928707,0.000404660000730321,0.004269984261141701
213,0.002914284667383379,0.6083160308244174,0.38379815987915405,0.0012039839160570508,0.003767540712988101
214,0.002884298981501643,0.5792535562346962,0.40614982707666536,0.0041904024395587654,0.007521915267578148
215,0.13346358472347045,0.6415294242451327,0.11772730611337309,0.028085350809279777,0.07919433410874417
216,0.06030163441299389,0.770375340954275,0.08334831015787453,0.06512067079632122,0.020854043678535442
217,0.012585007501879044,0.8622641992277537,0.07633563594006576,0.015986260555538798,0.03282889677476261
218,0.15538885975205524,0.268741602998007,0.01424640748374662,0.014112798304060283,0.5475103314621308
219,0.053866879428768166,0.9029457090053058,0.0024986314630001203,0.010150151818360403,0.030538628284565578
220,0.1833565755702963,0.7321416857393708,0.01036722976050659,0.01808511345068397,0.05604939547914221
221,0.11155341145122051,0.8338562680099879,0.015335839697011732,0.011168788391926043,0.028085692449853872
222,0.013620006244832976,0.9008245942593888,0.04405476061904237,0.01844319793754829,0.02305744093918774
223,0.02957762755424283,0.8498680792179123,0.02926302829697533,0.01600034347597358,0.07529092145489596
224,0.18739063863322453,0.1581166496355688,0.00592199923901865,0.011589707026207622,0.6369810054659805
225,0.2582286974731866,0.4500510681236013,0.02413606344936627,0.02875570841222454,0.23882846254162132
226,0.3345076873077478,0.5519887483379954,0.0047645019282366525,0.02492315111912169,0.08381591130689858
227,0.047850843721643464,0.9260458638632295,0.0021730382836223096,0.007480491860749247,0.01644976227075538
228,0.07685410241030298,0.8743817007424751,0.01091192886304214,0.007870771914099938,0.02998149607007989
229,0.01174486980959084,0.9744954076255784,0.0018891525197571623,0.005196217294709119,0.006674352750364349
230,0.006610842073730704,0.9567457578082295,0.025242360949521876,0.00345942235151748,0.007941616817000521
231,0.009873997134735291,0.9002318764312958,0.07522682027438174,0.0064163673773686815,0.008250938782218527
232,0.012512062756327266,0.8916855644897972,0.0838522473650184,0.0036141062374219954,0.00833601915143509
233,0.010754787110926234,0.9467844006015264,0.029796612143317833,0.007088754385656124,0.005575445758573645
234,0.010052375606619026,0.9389818234596707,0.03487703568895249,0.008273659239264573,0.007815106005492933
235,0.013413030589392904,0.9129560019552084,0.05999582073280423,0.008856543452726517,0.004778603269867686
236,0.006519945013641884,0.8394783844887777,0.1430751802320968,0.004154640081903011,0.006771850183580689
237,0.0049806533530266164,0.8255954271783914,0.15398762313392675,0.006534161525291309,0.008902134809364137
238,0.026110355128129512,0.7953229490244009,0.10597579246196845,0.026385077531086397,0.04620582585441475
239,0.019871499083682548,0.7969330965008855,0.15280159750571767,0.016786710805241967,0.013607096104472428
240,0.011183921137686934,0.7810661160250363,0.13786307263509986,0.04662000501750451,0.02326688518467235
241,0.01685716804529568,0.7779626772375636,0.08085051946211512,0.05040856226248649,0.07392107299253886
242,0.014810062549984699,0.012149252636996045,0.0002391462811129967,0.0052966939673909225,0.9675048445645154
243,0.18821710619336304,0.06316429710388954,0.00010439024566653603,0.07407765049247333,0.6744365559646075
244,0.14895843617425808,0.03937685022464921,6.158497996031668e-05,0.04854377246980227,0.7630593561513301
245,0.4797974475024826,0.07959304130890048,0.0003839351839377435,0.08460050394763138,0.3556250720570479
246,0.44006462746972824,0.08048379103549932,0.0002891359136255672,0.0842752550160306,0.3948871905651161
247,0.38295890040481506,0.12060997372787023,0.000479098244247273,0.2833269593101202,0.21262506831294714
248,0.05782072485478942,0.04281580333011799,0.00046542954918353475,0.02625352501475504,0.872644517251154
249,0.2960816026147781,0.08660941801478317,0.0007375928124673779,0.05111085157770831,0.5654605349802629
250,0.3022390245388048,0.27452891994306466,0.0028702310386919264,0.06589348824980089,0.35446833622963775
251,0.2558912673874773,0.37282391160159434,0.00021328402463478824,0.10062321188844417,0.27044832509784933
252,0.4197012704543303,0.2616294262792985,0.0006677923710971106,0.12835490917379017,0.18964660172148382
253,0.24137515987464828,0.48343859072585726,0.0015659688475509234,0.05082638958198775,0.22279389096995578
254,0.10415325309909061,0.6855063845825213,0.0013758534877664837,0.03356306783381661,0.17540144099680507
255,0.24036469615234587,0.13679671599274176,0.00017833725343834283,0.05327685629479055,0.5693833943066834
256,0.2375346016687183,0.695909508029543,0.0004056815054301692,0.03634323688170488,0.029806971914603773
257,0.3105948684937869,0.5988439572298405,0.0004722632123660731,0.03436390097649409,0.055725010087512454
258,0.190190015135927,0.7845538288393673,0.0005078912808167778,0.008140424540174988,0.0166078402037139
259,0.016521486531962816,0.9551527867792411,0.007533018315024677,0.007899029996490427,0.012893678377281018
260,0.018556923060348444,0.9204592887930824,0.011890075371469203,0.0041145687832569175,0.044979143991842885
261,0.14013472434662033,0.7217204243181844,0.015419053180623189,0.016294969039735967,0.10643082911483602
262,0.11838269551766102,0.5691454073133698,0.006236952814700782,0.03568207313302732,0.27055287122124105
263,0.041983279179940054,0.8432569566174476,0.023314611152759394,0.011896753104666948,0.07954839994518607
264,0.02572141504020499,0.6846375485607434,0.07537555519761861,0.005553384903964575,0.2087120962974683
265,0.17215477087113332,0.7301212472673508,0.004562208168020212,0.01676732617016555,0.07639444752333006
266,0.12019255375712432,0.4168615998411249,0.005471635812438054,0.006133213729391983,0.4513409968599207
267,0.030885766200292784,0.9071427411457345,0.023934410216236757,0.004465419422971747,0.033571663014764434
268,0.09393602307889028,0.8200392622031581,0.01344789475948824,0.013123447169041633,0.05945337278942183
269,0.025363419726909562,0.9238722295250349,0.026116993921822353,0.0073434734155913535,0.017303883410642068
270,0.04548255800679193,0.8386456089107691,0.018866433626219804,0.03270706360797149,0.06429833584824765
271,0.0403130115852377,0.8098203359768732,0.018710461150027783,0.026742304091389234,0.10441388719647202
272,0.014611338948878979,0.7602718924520623,0.07233954750102997,0.012588717108568934,0.14018850398945998
273,0.010006915565145427,0.013844047393525193,0.0003359936713526909,0.0027254923653617586,0.973087551004615
274,0.18652754522531056,0.05999493596040737,0.0008549947847115507,0.010324634087972418,0.7422978899415981
275,0.2243722622144995,0.14833997924897588,0.0029185615046356415,0.006285214850676417,0.6180839821812125
276,0.40480574218336246,0.2252824305222224,0.005086519947939193,0.003340976850058062,0.36148433049641804
277,0.212018994478668,0.4851520418546245,0.03797415712249398,0.031928828197377294,0.23292597834683618
278,0.04483796518163017,0.8381418312510404,0.07071473863332962,0.011755603707209423,0.0345498612267903
279,0.008674470213549303,0.8571147828743749,0.05385189264275369,0.002631283356023557,0.07772757091329865
280,0.007837879995259053,0.9103518656461493,0.05506559677566852,0.002504364282149392,0.02424029330077369
281,0.011923644087933729,0.8174295632821008,0.10131341311847746,0.0026238017726587103,0.06670957773882923
282,0.011403919653560806,0.8416250915911302,0.0953164381303739,0.0029785911265908984,0.04867595949834425
283,0.005496683755233872,0.8388133116815396,0.08492254228893567,0.0023643595249137604,0.068403102749377
284,0.09096991856780391,0.7581373979189344,0.10568165957157653,0.006004930444965443,0.039206093496719684
285,0.10118016120742329,0.6459659029290507,0.16949053134268194,0.005072795035738535,0.0782906094851057
286,0.11247901848720682,0.421275799131048,0.24577564470766092,0.010907694650136517,0.20956184302394773
287,0.2121612766047577,0.289966272759025,0.07123416720019045,0.018459667988682673,0.40817861544734424
288,0.026344907471631932,0.04824439283546254,0.009991563740043646,0.017824981164873584,0.8975941547879882
289,0.04003627356291219,0.0022599597632360067,1.5435586800962124e-05,0.002450465161062004,0.9552378659259889
290,0.22342736921453774,0.007464213618899904,2.898077511068985e-05,0.02578636757665541,0.7432930688147963
291,0.18244882858769038,0.013353842501733595,6.613186612545038e-05,0.010115301437077062,0.7940158956073735
292,0.4686564418737925,0.2942126798911264,0.00028633484005043277,0.04275945157657399,0.19408509181845662
293,0.05516532520301533,0.018514663085670166,0.0004114775784705951,0.01417627889854393,0.9117322552342999
294,0.41243449821575534,0.15502769963751528,0.0012923634403869883,0.030769105016117536,0.4004763336902249
295,0.4257075558964904,0.2225227339055897,0.0006704569585174504,0.21084070109881695,0.1402585521405855
296,0.3629707378555214,0.3465445583253191,0.00021106147601094642,0.23918524501079805,0.05108839733235043
297,0.1469158867352038,0.4771968329715084,0.0011144930842020753,0.3296707961704546,0.04510199103863108
298,0.055715796218846037,0.5828418487711761,0.0007540611750721769,0.3399634129322553,0.020724880902650438
299,0.08449249231143667,0.24563119914433168,0.000975000036821764,0.27270458459441754,0.3961967239129923
300,0.0775126801513704,0.6461919363307259,0.0007644643758342083,0.24437795008836974,0.031152969053699766
301,0.11572578945845126,0.6637484506955085,0.00018641893631033706,0.1872155034416041,0.03312383746812569
302,0.1394293389102616,0.27070107042175373,0.0007071432375971199,0.07167243799188495,0.5174900094385027
303,0.3497689080199519,0.4167087184638119,0.00018143664335060124,0.15175093975584325,0.08158999711704243
304,0.1569891394390984,0.7902621072417585,0.0003719801595307038,0.040708105830055887,0.011668667329556598
305,0.09743861641832656,0.8189101199126104,0.0006374104397738787,0.06348468075426862,0.019529172475020503
306,0.02418675069777587,0.8987101365431707,0.0004889252539898958,0.05345110056574926,0.02316308693931449
307,0.0070529953970717004,0.9265388604460061,0.0007401824088953277,0.051459067199621074,0.014208894548405987
308,0.008759674789443119,0.9446142406002492,0.001004374582183637,0.042988428716020766,0.0026332813121030755
309,0.08232152288744704,0.6911399181140464,0.0008624902066562516,0.15267814532906482,0.07299792346278541
310,0.09683876501196596,0.33097726257004867,0.00030544756138157537,0.5274293908835989,0.04444913397300487
311,0.047948388589311566,0.7281933735657223,0.0004640045329813488,0.16081030787691364,0.0625839254350712
312,0.055132138696640354,0.5122508986835443,0.016066277021497214,0.356603118066265,0.05994756753205299
313,0.033223274313729595,0.2133524545602237,0.00010563553641556857,0.702754526441243,0.05056410914838804
314,0.04103212318582231,0.35477881220594465,0.00017079424609680666,0.5503844973929336,0.05363377296920266
315,0.01805793886008179,0.38909069574012695,2.3425934730014927e-05,0.5777612221646033,0.01506671730045793
316,0.04734712364074105,0.1279510151498446,4.880875096555197e-05,0.7639965617571285,0.06065649070132032
317,0.08344704243182276,0.2017141548133508,0.00597893323465368,0.3964392939005595,0.31242057561961323
318,0.049592232400766746,0.3625111299497614,4.9272395004980194e-05,0.574833621749606,0.013013743504860922
319,0.06821563388518802,0.1351117747405286,3.409275018547316e-05,0.7468688550856459,0.04976964353845209
320,0.12353043562126446,0.10676194174411642,0.00019729027019436997,0.6627854252269629,0.10672490713746195
321,0.030040436098509867,0.037464342194691753,4.884657305283133e-05,0.9135255698424029,0.01892080529134265
322,0.09323559242368393,0.16047068844777887,0.0001449585348386295,0.6611212437695589,0.08502751682413967
323,0.051539273663027005,0.08414726818354108,8.779725632303098e-05,0.8462919397599714,0.017933721137137447
324,0.021834293065579994,0.030378310705848108,1.0167901364764367e-05,0.8964561450910995,0.05132108323610754
325,0.05034399227667174,0.04590198066236538,4.551475930443371e-05,0.7802959334419292,0.12341257885972938
326,0.07102574621220203,0.039412840936938656,0.001185270213940884,0.7085338070556996,0.17984233558121884
327,0.06510546888700826,0.017985752475495106,4.7798877870927196e-05,0.8934242984839085,0.023436681275717314
328,0.07651325548939275,0.059609691677133536,5.2402309768781526e-05,0.8185761544884175,0.04524849603528745
329,0.06242702969685183,0.05168992489953703,3.5995610407218074e-05,0.7283412294029352,0.15750582039026875
330,0.07130412821715931,0.03585300193898822,2.9916269827658416e-05,0.6442463167994119,0.24856663677461296
331,0.08515228875941813,0.08731766714638942,0.0002347259612643855,0.7624268886910096,0.06486842944191855
332,0.08023009311673507,0.14082602485657877,0.00034043710363178015,0.6588298439015874,0.1197736010214669
333,0.033754618799883084,0.047903801239928503,0.0003481597033158889,0.7378388759706874,0.18015454428618508
334,0.08411644430432955,0.11358305954435027,0.0014906578679975827,0.5587975695313653,0.2420122687519574
335,0.032341379292058596,0.03998866447127728,0.0004338612942788622,0.897208602463824,0.030027492478561454
336,0.027403609333660473,0.045613069525574305,0.001516607733456403,0.8283162722428876,0.09715044116442113
337,0.06353943176489309,0.11606097618973997,0.012239671792536967,0.7204288959893593,0.08773102426347064
338,0.07005531031010707,0.08046492047636143,0.011303477845584154,0.5853332877985179,0.2528430035694294
339,0.022061461465694824,0.021793732501560335,0.002734171813773617,0.8509288181910802,0.1024818160278908
340,0.07856981600408719,0.059424334292352894,0.019641575029019007,0.4688717970388383,0.37349247763570254
341,0.016484908200461928,0.014887012225691006,0.003355119708159558,0.8811803279684024,0.08409263189728505
342,0.018808664009533613,0.013786841117509226,0.0017185304134734233,0.9334810298386771,0.03220493462080662
343,0.017214135096717462,0.011464487922756514,0.00013395533979735226,0.7010207470305119,0.2701666746102168
344,0.0076870163769031,0.002766524523068712,1.2335284198843464e-05,0.9776253936417567,0.011908730174072655
345,0.016775713106380687,0.014481587395335107,5.2958839281221e-05,0.9538522707456535,0.014837469913349508
346,0.04214577091397337,0.019196791087108842,3.858203376044283e-05,0.636931357713303,0.30168749825185437
347,0.03215608488260007,0.01129034132612901,2.1604795134765205e-05,0.8534757154336092,0.103056253562527
348,0.04074281064159577,0.009942140381496163,7.829623903673566e-06,0.8771958462718574,0.07211137308114692
349,0.09159861946676291,0.035966909428505514,1.4840632925503867e-05,0.6103531274509678,0.2620665030208383
350,0.15618392189890815,0.08151277688795885,5.134202196833953e-05,0.6595242594371825,0.10272769975398204
351,0.008834584297268952,0.002451489894591373,0.00013212388340419354,0.05035684551237371,0.9382249564123619
352,0.10247324017055795,0.008034475862197667,6.108513344453673e-05,0.2840146996577678,0.605416499176032
353,0.2594785597117067,0.017182433389265596,4.816641358817162e-05,0.63257894070428,0.09071189978115957
354,0.17924250429826208,0.040413530634917774,6.574906368853803e-05,0.724869129619083,0.055409086384048574
355,0.15187807223205613,0.15179360052520105,4.573038375654735e-05,0.6404610777638399,0.05582151909514641
356,0.07173909334216909,0.37899891261202245,0.00029902733436309385,0.486988881838709,0.061974084872736306
357,0.026757726080057186,0.08179959306074677,9.301607312117085e-05,0.8602489236772989,0.031100741108776177
358,0.008338832809364248,0.10504545603273542,9.534194138603847e-05,0.8751330145109001,0.011387354705614212
359,0.010958298077050795,0.09022307983364411,9.283837944064939e-05,0.8674693005297944,0.031256483180070016
360,0.017606957128225593,0.0562497085410966,2.0135840278237856e-05,0.8533762328170685,0.07274696567333101
361,0.017966913174609758,0.058539504402947765,1.173365024477834e-05,0.8934943485490926,0.029987500223104962
362,0.05800162567288434,0.07563905893172818,1.1738021426729665e-05,0.7023926016303677,0.1639549757435931
363,0.10153833873060096,0.06605421160482643,2.0928156927927708e-05,0.7810711493340948,0.051315372173549714
364,0.12816242851980392,0.12477441532818198,0.00011842648270105681,0.6295073856392707,0.1174373440300423
365,0.10115726019479289,0.07202885281327115,0.00012094954395335265,0.15711736102992563,0.669575576418057
366,0.13016643193264205,0.06275312949002973,0.00021698103289024293,0.1763463133548277,0.6305171441896104
367,0.022080711919839596,0.01951597369028949,0.0003985892792616129,0.010658922630262966,0.9473458024803464
368,0.0007610193168367815,0.00044978803912873347,0.000684982426951413,0.0003510476398545317,0.9977531625772285
369,0.006310649507977764,0.00455424962702623,0.00029617087290944775,0.0015849004052036846,0.9872540295868828
370,0.04539541158076198,0.01162236928039979,0.0002446180845814469,0.0020904580313157316,0.9406471430229411
371,0.1113121788167481,0.011782416082265167,0.0003250153881553835,0.0036277414360416636,0.8729526482767898
372,0.08780193793852364,0.032211489090011904,0.0004916214390418806,0.016396906585212104,0.8630980449472104
373,0.08748450378467484,0.06290035383048022,0.00045000525111923024,0.04414918498298249,0.8050159521507432
374,0.004224741252843636,0.0053174757399822555,9.467871141325639e-05,0.0028043804735470887,0.9875587238222138
375,0.48082332231495356,0.057443060182410084,0.00012412550308844563,0.3168199992250432,0.14478949277450473
376,0.424510047653824,0.06216483912027036,7.278718218660226e-05,0.4383426235937766,0.07490970244994244
377,0.3183036791315032,0.22518412010825722,0.00045504232844238436,0.2693317549418584,0.1867254034899388
378,0.16106297925294286,0.10707726241342932,0.0006068726217610436,0.5792795096332094,0.15197337607865746
