epoch,N1,N2,N3,R,W
0,0.0008124997575916468,0.00013285916075091907,3.589447236683452e-05,0.0009402384899442158,0.9980785081193465
1,0.00283633108022004,0.00042086329790901077,1.7804667954805712e-05,0.0018350817766216105,0.9948899191772944
2,0.0013251704118923578,3.7765136004333055e-05,2.0516183331734176e-06,0.00044788827697891806,0.9981871245567913
3,0.001217178486673588,2.6256425507025113e-05,6.017093515334322e-07,0.00039024483184634326,0.9983657185466216
4,0.01102449268347626,5.282127237385053e-05,1.0246953301268954e-06,0.0003227641753484655,0.9885988971734714
5,0.2721473549625557,0.0003332435843311458,5.421705677470632e-06,0.0008706891114916897,0.726643290635944
6,0.20895163861116503,0.0006545678322502542,7.880860264935685e-06,0.001674515580085066,0.7887113971162347
7,0.5435843520663799,0.0022848383590421528,2.6277523394576465e-05,0.005332225529809601,0.4487723065213739
8,0.24122349060294623,0.006012977829987965,3.754411742190374e-05,0.010113679289844909,0.7426123081597991
9,0.34388805263257166,0.009095726183099808,8.530121793561219e-05,0.023455755421522704,0.6234751645448702
10,0.37498546087624895,0.08666486087833085,0.00025835753528862025,0.09982807974457494,0.4382632409655566
11,0.15310766589462885,0.29830170208391343,0.0013621086909437006,0.12364325676503744,0.42358526656547646
12,0.01904246579915332,0.001778022156283099,1.263993430638352e-05,0.010043599261720352,0.9691232728485369
13,0.08924111869124562,0.004063610329458057,2.0976667246201525e-05,0.010286174744212246,0.8963881195678379
14,0.3580258575645608,0.00672143580481374,2.477799810896556e-05,0.006708539305744619,0.6285193893267719
15,0.6331329003453573,0.018462001010466002,5.4397662251614564e-05,0.005258116140697542,0.34309258484122734
16,0.3603644414300096,0.014794258405333506,4.0429835590395455e-05,0.012051118085469088,0.6127497522435974
17,0.1086469253384635,0.5095980970953009,0.004149983973000135,0.049029148477884664,0.3285758451153509
18,0.01022663028942475,0.001983777942863855,9.848401999567858e-05,0.0025334852387271017,0.9851576225089885
19,0.03449252367183486,0.0009668572392542958,6.8929412576556e-06,0.004269659488171383,0.9602640666594818
20,0.6119070604015913,0.005731090040330089,1.8208599350885697e-05,0.004343659818324376,0.3779999811404033
21,0.9362399955696918,0.013253046263753347,2.0048645508607492e-05,0.002634850066534459,0.04785205945451195
22,0.7448727355188445,0.14346565036368608,0.00039923058999395705,0.02700063095659873,0.08426175257087679
23,0.13153146273453561,0.09358698893299128,6.39348279626288e-05,0.0780773970623951,0.6967402164421154
24,0.14899652831196206,0.6129223878405907,0.0006537470186517121,0.11126812376565169,0.1261592130631439
25,0.18688903226306805,0.4051084120801278,0.00032673966485286915,0.10703870480057863,0.3006371111913726
26,0.20522714712349416,0.6487739201158376,0.0006255855206319749,0.028830227828202513,0.11654311941183378
27,0.12172955943708161,0.5268346089719076,0.00031877176832800764,0.04428055213839049,0.30683650768429227
28,0.03634882469052049,0.007142009072238293,7.036654044643699e-05,0.0031078487849064062,0.9533309509118882
29,0.40477665970669435,0.15830201495680035,0.00015072804762372667,0.004993397868484278,0.43177719942039716
30,0.32556080520408814,0.2339479417840559,0.00016782109925190408,0.0013514341481191698,0.43897199776448503
31,0.14028407224805325,0.7097045462101857,0.00018424271148704096,0.0030584414905401505,0.1467686973397338
32,0.12901409696915797,0.7417721173687886,0.0008954479442277765,0.004874003969922062,0.12344433374790356
33,0.07998923336901903,0.8229679290623526,0.0013850439909998751,0.00500817326748391,0.0906496203101445
34,0.05763600443659255,0.8874264672031297,0.0017305497530959145,0.0031585720985055424,0.05004840650867627
35,0.034000377360135885,0.8874294821374428,0.017850567479326684,0.002691725042133695,0.05802784798096103
36,0.04774277021461458,0.0324447558481955,0.00016438390595166217,0.0017249553033788355,0.9179231347278595
37,0.4293534370380944,0.1991104154872277,0.0003522641271001729,0.00345248704182834,0.3677313963057494
38,0.5763674219036267,0.3467745063063371,0.0004518604370872443,0.0013319344397910526,0.07507427691315792
39,0.4165991258021598,0.5562953198605524,7.436864890061133e-05,0.0005283731966583934,0.026502812491728662
40,0.289516033178098,0.6950014054834779,0.0010768424231096588,0.0010799402249797422,0.013325778690334597
41,0.05446618089449253,0.9257728712475182,0.01614976167531409,0.00021239811264219303,0.0033987880700331037
42,0.04676979626229804,0.9326359351664911,0.01525220138507809,0.0005841109202663682,0.0047579562658665525
43,0.03825959650967932,0.935455988530108,0.020120300096978266,0.001141030764212485,0.005023084099021967
44,0.020153065348924245,0.9454987070496772,0.029535346731729327,0.0014895592002365267,0.00332332166943281
45,0.014216902487748817,0.9254782345149829,0.051555236605433694,0.000345126653946201,0.008404499737888232
46,0.014682668139851111,0.8820821562156802,0.09494931235695131,0.0005056935852824994,0.007780169702234832
47,0.007870503000264598,0.7603662701152591,0.2270944470585125,0.0002854307354071573,0.004383349090556702
48,0.005716540223117306,0.7748165700972147,0.21520254808967412,0.0001514519435636524,0.004112889646430147
49,0.002637179951612833,0.798224136974289,0.19548401311078328,6.918924453804264e-05,0.0035854807187767194
50,0.003992701165134342,0.7683252110252824,0.22046521817860262,0.0001409003961941874,0.0070759692347864556
51,0.004563531859721092,0.8084448740737463,0.18103298689903036,0.0003363864713623505,0.005622220696139895
52,0.001423570708105695,0.6349753622476779,0.36003367643586637,8.549316560866035e-05,0.0034818974427412576
53,0.0021463214363492823,0.44608754461669803,0.5484081804162177,0.00011564545391685856,0.003242308076818204
54,0.005622610208854448,0.6595181880870697,0.3253898072385022,0.0005389387820169863,0.008930455683556486
55,0.004522524562665555,0.42276984360940734,0.5672346087425054,0.0001845094932774541,0.005288513592144206
56,0.004716135178839212,0.5741199447360459,0.4151723231880613,0.00018485112186880084,0.005806745775184876
57,0.004970224828296465,0.5751204762670404,0.4145175540680647,0.0001497941400814585,0.0052419506965169565
58,0.0018955652123238277,0.5113963085757894,0.48318856013777817,0.00010463404176465857,0.003414932032344025
59,0.0004184227031090222,0.24309397921287357,0.7544680584587821,1.791603305433327e-05,0.0020016235921810717
60,0.0006850865463695265,0.2352542343188819,0.7607291369334462,3.469896450995098e-05,0.0032968432367923087
61,0.0014745387967431479,0.4714052493446109,0.522664050733794,0.00011010080645388969,0.004346060318398162
62,0.0009487758413308843,0.25320424305193817,0.7379368932628289,7.380390906850276e-05,0.007836283934833554
63,0.0016654925039622699,0.3060802550770007,0.685450074144431,7.996180314199902e-05,0.006724216471463956
64,0.0027085515118799985,0.12944866238531555,0.8590288219789408,8.006246481600095e-05,0.008733901659047713
65,0.03446883051501933,0.14805560079523863,0.08920282846745853,0.0013434443236953074,0.7269292958985882
66,0.04560730119914945,0.8281502024668216,0.07822394700389748,0.009080664183818579,0.03893788514631304
67,0.5624821112019062,0.1430368609995343,0.0043351881374629544,0.09644483190052737,0.19370100776056923
68,0.11490238731795996,0.7890515455483602,0.026547353996502668,0.04050772818625046,0.02899098495092677
69,0.46101877918522743,0.22581076316235024,0.00169028690358965,0.16287801350431577,0.14860215724451684
70,0.44132648479330505,0.40413459558732706,0.0010494013734194956,0.12253362250978589,0.030955895736162437
71,0.17807843731679412,0.5465950392519684,0.0005292294801549259,0.2637756427253719,0.011021651225710692
72,0.5895555751878787,0.15791119919953325,0.00022037596092458809,0.21731603316023862,0.034996816491424824
73,0.025420962532962905,0.920796841830414,0.0010992173634433633,0.048269898276725856,0.004413079996453831
74,0.4848910572735168,0.15879887601360787,0.0003224298347860714,0.2563555802961343,0.09963205658195498
75,0.08980269479969381,0.8793203938441257,0.0004319895128505358,0.024307783914623602,0.006137137928706238
76,0.13608505314400005,0.7674036308545401,0.0008690682760605265,0.07880595368016836,0.01683629404523097
77,0.03428405578782621,0.9467923844330296,0.0003841921342775936,0.016585798582641344,0.0019535690622252454
78,0.08700877524610359,0.8340258911825901,0.0014343264695724956,0.07147138619693251,0.006059620904801197
79,0.02064360677589953,0.9617593124722522,0.004992143214659406,0.005315096382148809,0.007289841155040147
80,0.30490534743459263,0.5056459038470185,0.0021217647306677316,0.15903008685595493,0.028296897131766148
81,0.017622370764941768,0.9663781869898469,0.007735772951821218,0.0032027783637147817,0.005060890929675183
82,0.15941593568666101,0.12273759261217462,0.0004755222678328446,0.00443932063388166,0.7129316287994499
83,0.7676356697261025,0.12435990733330309,0.0001543927880334912,0.001287620288481919,0.10656240986407878
84,0.3394656171510942,0.6246621625903116,0.0007035723629686154,0.0004779623293168282,0.03469068556630863
85,0.5353605241690924,0.4534224343092799,0.0012171662115384929,0.0004725099942906629,0.009527365315798647
86,0.0707136963778423,0.920687462993918,0.0037608032128944335,0.00021723413028408182,0.0046208032850612564
87,0.029894504747106292,0.9558244474172565,0.009692357733528029,0.0009543541335198598,0.0036343359685896168
88,0.022621227851250137,0.9580063559734167,0.014100300096309129,0.0021226264812549615,0.0031494895977691945
89,0.008556574357285514,0.8900383039649962,0.09578870375834994,0.00280264268520935,0.0028137752341590616
90,0.012482889655558483,0.9289111604266842,0.05091308677814051,0.00495450066727027,0.0027383624723465454
91,0.027988817124008462,0.9156231471668409,0.043823539358582506,0.008436618175493195,0.004127878175075074
92,0.02047357184599171,0.7087782242282417,0.24721031717987674,0.006601440976945324,0.016936445768944625
93,0.01669192171854165,0.8039102050841574,0.16788944929532051,0.0031775667787696826,0.008330857123210763
94,0.13559087390181393,0.4777850203734413,0.002343410689412604,0.005016750287424392,0.3792639447479077
95,0.096677658073333,0.7830218219021463,0.004823863249181761,0.003245538215158717,0.11223111856018017
96,0.11961130223837807,0.7575655041447564,0.010638349670872635,0.0009087617611719461,0.11127608218482082
97,0.2054397892842816,0.7335775912657598,0.0048782015765621205,0.001081724725429434,0.05502269314796706
98,0.10713520123313344,0.8618080175604351,0.01469879868892945,0.0021824491970879444,0.01417553332041401
99,0.0447149035950099,0.7738479189391284,0.02562521149572805,0.0068935637434119,0.14891840222672195
100,0.09649406673972293,0.77952356539894,0.03884021314857262,0.017136970155198772,0.0680051845575657
101,0.024135720300749546,0.8344972343916484,0.10900444925964524,0.004759923082533713,0.02760267296542321
102,0.2088686491061848,0.05210841361332922,0.0008722461775369202,0.004213706151571423,0.7339369849513776
103,0.08605178179141293,0.8916900671236926,0.008523399113876246,0.0020684348622248237,0.011666317108793385
104,0.34200051060190695,0.6402285978083282,0.003737916822970517,0.003604704107419602,0.010428270659374723
105,0.05637296601976884,0.9249069676958487,0.01380749691595625,0.0006738530325552993,0.004238716335870653
106,0.016662114593562028,0.9257734774641191,0.05441049536549492,0.0010932724367326142,0.0020606401400914266
107,0.012896989224917695,0.9498976069231337,0.035236260063725176,0.0006336346747859372,0.0013355091134372888
108,0.012391638409407718,0.9177935940605905,0.06610066722924811,0.0010387279363344008,0.002675372364419208
109,0.016567512150858298,0.8830796196357135,0.09606229590883494,0.001043810438270781,0.003246761866322522
110,0.0022936175347193066,0.4915544193209,0.5039952207855642,0.0002137785546039014,0.0019429638042125985
111,0.0029967165276654113,0.7605426612572206,0.23334547183531068,0.0003483870105868303,0.002766763369216761
112,0.0027073452875461756,0.5965798498772339,0.39774272780705033,0.0003375609447276002,0.0026325160834419705
113,0.0006043153027323459,0.45244937853185246,0.5452176462603628,0.00024168236834729907,0.0014869775367049364
114,0.0013000249302573986,0.5156728494738388,0.4809860299518122,0.00011298592085367852,0.001928109723237916
115,0.0012063104777277104,0.4341777155581572,0.5625919468218638,8.426856390134264e-05,0.0019397585783499911
116,0.00014648974674590553,0.10150966522645997,0.8974337751561201,2.000221211414202e-05,0.0008900676585597956
117,0.00036144837898858634,0.1704277271263585,0.828078291028451,3.31683267591399e-05,0.0010993651394427507
118,0.0005888104512057266,0.35750387509063253,0.6390955333103056,0.0002807899552764417,0.002530991192579693
119,0.00020131696331160255,0.06764395713919767,0.9310333659628057,6.252976595258223e-05,0.001058830168732453
120,0.0023485063807935024,0.5083388123654845,0.48112389714298587,0.0009802126701551307,0.00720857144058093
121,0.00030215186612669295,0.08432936728550519,0.9138626932211585,0.0002228719698650599,0.0012829156573445119
122,0.0012149692805620367,0.32344911405988214,0.671411726471473,0.0008080508673912201,0.0031161393206916924
123,0.06132933228375931,0.2701176635395814,0.024620744182288542,0.009455283531974291,0.6344769764623964
124,0.08347128563465542,0.7185657578475041,0.1655285498317661,0.0043308393140008465,0.028103567372073517
125,0.07803159460647753,0.8685410694807929,0.038115762905325194,0.0022085565431685865,0.013103016464235707
126,0.11932074081263327,0.8105644784128272,0.056396247006136546,0.0006926528926449877,0.01302588087575807
127,0.022095805731881118,0.8269447631787211,0.1382617523892661,0.002584560512359775,0.010113118187771959
128,0.009988281919893692,0.6939989279528361,0.2818842506401147,0.004490784048826192,0.009637755438329216
129,0.02534360409825245,0.5598505326974693,0.3900473771041443,0.014355175771796291,0.010403310328337644
130,0.02699490791265917,0.6637355740681673,0.25361331915858565,0.0410040884830106,0.014652110377577333
131,0.07097700387236003,0.43360182379278006,0.0683806023936466,0.3983074508763508,0.028733119064862558
132,0.06022687852508039,0.11993377035910242,0.005959374302996004,0.7848593187010408,0.029020658111780423
133,0.09917318019850438,0.0818294671711602,0.0007955872522153208,0.6604637543909101,0.15773801098721002
134,0.06871459278974468,0.07335520563226172,0.00012443357975643727,0.8376473306116381,0.020158437386599132
135,0.10993819352456001,0.06036486706396414,5.3719821669700526e-05,0.8196733114730993,0.009969908116706953
136,0.2152971804947895,0.02722831395540963,3.3671530133049374e-05,0.6513114272496436,0.10612940677002429
137,0.16254042184136397,0.023667543926161664,6.863220485476746e-05,0.7745095565717478,0.039213845455871615
138,0.04430784050394854,0.008645526505790691,5.313776482742304e-05,0.46258149414913613,0.48441200107629734
139,0.04272142821904138,0.0036178844751153087,1.3745198527545114e-05,0.6968083301094313,0.2568386119978845
140,0.15408349139635144,0.0033096934874080157,1.230522686867894e-05,0.5999335161930875,0.24266099369628422
141,0.15605995159528108,0.0027195844239878623,9.814901290405033e-06,0.7302254580934833,0.11098519098595734
142,0.22583545566319738,0.0045288165712060666,3.134485345259003e-05,0.33641020656545495,0.4331941763466891
143,0.24890828891877814,0.0071356816434256,3.748270987659587e-05,0.6363193892252091,0.10759915750271049
144,0.14532645739240668,0.005276135487877441,2.4622959434469856e-05,0.6925941884712741,0.1567785956890073
145,0.11147426652864675,0.003836482935108862,6.556240512738255e-06,0.7719739991550563,0.11270869514067536
146,0.061694197895865915,0.0034112024466067497,8.70552870424002e-06,0.7305612316718152,0.20432466245700798
147,0.09787041190836228,0.0027131697198616886,5.771023631268022e-06,0.7795902169681406,0.11982043038000417
148,0.18865018267284084,0.005802355741798196,8.92222263528863e-06,0.699486962486191,0.10605157687653469
149,0.07736594854560268,0.0027967586096161318,1.873558422421973e-05,0.8765407073796038,0.043277849880953026
150,0.12574905907749534,0.004611121574522792,8.179767417752137e-06,0.8043402827638185,0.06529135681674561
151,0.04289101582899033,0.001924089584798365,8.757693266596353e-06,0.9304543340905193,0.024721802802425436
152,0.04405254961654203,0.0017514629901642848,8.049841848589463e-06,0.9446679222204408,0.00952001533100431
153,0.08959874657412953,0.005892674482139708,3.342775587774337e-05,0.8860986108191835,0.01837654036866934
154,0.07975522040251883,0.006363794166481822,4.227135696374286e-05,0.8402144934725672,0.07362422060146859
155,0.07079527866935714,0.005778641935777514,2.2440287445337872e-05,0.856257947945283,0.06714569116213692
156,0.0981607737829841,0.004310926378805833,9.031361163577652e-06,0.8090155241756238,0.08850374430142266
157,0.2045079544149483,0.008532439457170356,1.295921426827567e-05,0.6013955260073334,0.18555112090627973
158,0.12531064444668352,0.005845575072046302,7.450755632397633e-06,0.697711502349149,0.17112482737648874
159,0.12385267690926775,0.00394972137585873,4.506460462147995e-06,0.791111846607523,0.08108124864688829
160,0.048588801309110176,0.00597717296376551,3.920279840987055e-06,0.8231762785559299,0.12225382689135338
161,0.0718308410308895,0.003579362293042654,1.726380126926838e-05,0.2872981265568754,0.6372744063179231
162,0.25286224190474454,0.0027651105048208356,1.2998869895987591e-05,0.6871918548610872,0.05716779385945147
163,0.1629209611560348,0.0062329238379019505,1.855288355968412e-05,0.762618354715434,0.06820920740706957
164,0.1111364072622836,0.0021464068586147223,8.819932996819602e-06,0.7394036816378051,0.1473046843082997
165,0.10838877954184156,0.002702097293408894,5.655184975940245e-06,0.8568979156482115,0.032005552331562014
166,0.09246614985529991,0.0018583128885605574,3.513967788981856e-06,0.8479804199756592,0.057691603312691346
167,0.12804873799907426,0.003603606112676258,2.3839893019929597e-05,0.7936657927740965,0.07465802322113291
168,0.09572306317735994,0.003896374559149473,9.912440716441598e-06,0.8357636943929797,0.06460695542979435
169,0.13147789104930271,0.002317978115022616,1.0791216119920646e-05,0.6965859400754871,0.16960739954406762
170,0.1171639610435922,0.0034552496764561247,8.31884171274434e-06,0.8280662959926915,0.051306174445547206
171,0.14355377004526637,0.003969884003674429,7.193777335822444e-06,0.7655307011962407,0.08693845097748275
172,0.18043104446541505,0.0020366545982284674,4.565607751646895e-06,0.7275751724779029,0.08995256285070204
173,0.1499357413067337,0.003651279906556878,2.316289992830424e-05,0.7990841532087849,0.04730566267799629
174,0.22462662506678716,0.0033852295933568884,3.298937781578494e-05,0.6309463242722959,0.14100883168974437
175,0.15087894052429668,0.004529259061066012,8.153387948453427e-06,0.7905714096347629,0.05401223739192598
176,0.16963751866853466,0.007214867015489209,2.5728201529647467e-05,0.7665643543547235,0.05655753175972305
177,0.17073802881470793,0.009908622886289742,8.337752040937059e-06,0.7745094954200152,0.04483551512694627
178,0.10246632272530047,0.005174209185071236,5.828697853894136e-06,0.8387331743951052,0.05362046499666914
179,0.042175066678120196,0.008866588983507099,2.9229038952190434e-06,0.9238832889986441,0.025072132435833384
180,0.03809247353602663,0.006725508649200482,5.567843615787113e-06,0.9382782287826734,0.016898221188483838
181,0.029930661729270176,0.008901278585844516,4.29340894408838e-06,0.9097739206233784,0.051389845652562875
182,0.12143383544527822,0.0066705340603848825,1.71787115738561e-05,0.7538000303165794,0.11807842146618365
183,0.1800755123505679,0.005018015471604589,2.8797717907230475e-05,0.634911709733844,0.17996596472607632
184,0.2992896697788464,0.005862275011601988,1.4853300325996409e-05,0.35090655907439555,0.34392664283483
185,0.30850163887602305,0.008571970399409904,1.3908512215180215e-05,0.5213041922331458,0.161608289979206
186,0.05035809403297509,0.011573669266187744,5.60696725462841e-05,0.039487645275450824,0.89852452175284
187,0.11251952363617516,0.009463277938803756,2.4948495869283632e-05,0.028914232328567987,0.8490780176005838
188,0.013556703674025946,0.0009858014747960472,3.933934838229447e-06,0.027984713796769475,0.9574688471195704
189,0.28734276988982843,0.005523216450328792,1.8713811044195828e-05,0.04074238482236063,0.6663729150264379
190,0.034252361385416034,0.002115815500377713,6.069338085614001e-06,0.010594472234137304,0.9530312815419832
191,0.7420363064403923,0.003170695319012886,1.942176814976958e-05,0.0943926809257398,0.1603808955467052
192,0.5680383984861368,0.043098956476529934,5.740314374209537e-05,0.3013674096724892,0.08743783222110195
193,0.2588526975561723,0.14703310472143755,0.00022703801967734308,0.5046439881846819,0.08924317151803096
194,0.2066164568498121,0.03858590155062418,7.500764538278329e-05,0.7170068757816673,0.0377157581725136
195,0.1738878309176555,0.27528466320870504,0.00022798211983435988,0.526643656859016,0.023955866894788982
196,0.18709606237341095,0.14399408048894363,0.00010248038499093904,0.6479621128157121,0.020845263936942342
197,0.04485909992323777,0.790662540661165,0.00038921848802572686,0.15692780491771163,0.007161336009859652
198,0.311616743390848,0.20282945959019189,0.00022247752655745945,0.41902820055816664,0.06630311893423596
199,0.020463212724948252,0.9278304384708783,0.00047090939083173876,0.048426272278397464,0.0028091671349443023
200,0.3655262670764276,0.10303984460902013,0.0001463771511288695,0.3153035619357476,0.21598394922767572
201,0.32711364439139806,0.5651892026871379,0.00022680511179584578,0.09524286164992325,0.012227486159744984
202,0.20450982236817453,0.6942019454000422,0.00043101123225712073,0.09240971775051456,0.008447503249011565
203,0.023136350278420578,0.9591806044826913,0.0012971350817304796,0.014494938912622105,0.001890971244535661
204,0.10460211373828597,0.7073736731740429,0.001543306074271531,0.1775525782040009,0.008928328809398572
205,0.1296025737694317,0.7683298170053696,0.002366334244268187,0.06745574982373059,0.03224552515719986
206,0.25176514151211893,0.4326011385554548,0.004737887236829576,0.29139945283234014,0.019496379863256665
207,0.281332338084766,0.5622828552172429,0.0016130811898331875,0.1390782654893238,0.015693460018834236
208,0.2482117516266361,0.5756594338119244,0.004528431083516368,0.1574532557071364,0.014147127770786758
209,0.0362351132251892,0.8780039324461761,0.0058663273888245795,0.07608332503633526,0.0038113019034748718
210,0.3069524413831254,0.1898883002621759,0.0013647090317620394,0.4066193320915482,0.09517521723138841
211,0.07753381025425583,0.8468221801713516,0.009745965195540877,0.05620694108631506,0.009691103292536812
212,0.3064773412849029,0.18118520274713454,0.0016235318190078018,0.4148950008556749,0.09581892329327986
213,0.3505279614489982,0.5444305315719787,0.004031379409401847,0.09279820704433937,0.008211920525281823
214,0.29685770557404967,0.25188516976001035,0.0020277613445092565,0.3866180070749333,0.06261135624649736
215,0.0971780634990485,0.8649512318128165,0.007201018992130894,0.020266329186410876,0.010403356509593207
216,0.42169854336447954,0.3937452855766083,0.0012977414944688574,0.14236584913107894,0.040892580433364335
217,0.49619771135019186,0.40992532411005983,0.001483476152464668,0.0779858029527452,0.014407685434538504
218,0.14268037168991013,0.8052047807395034,0.001806921929949927,0.04634078960037651,0.003967136040260122
219,0.02017926928744112,0.9554319240523781,0.017060777846681724,0.002988591210182945,0.004339437603316034
220,0.3631866511490623,0.6116804432144719,0.0015240053494431876,0.013700366090835069,0.009908534196187443
221,0.017897167871302046,0.966678874821701,0.011088096979569632,0.0020338749617806683,0.002301985365646717
222,0.02951359642036624,0.9517292844785039,0.015015196709344336,0.0019751459343876395,0.0017667764573976023
223,0.007100674840578075,0.9792762827709909,0.011493535355929344,0.0008978808498130063,0.0012316261826888222
224,0.018349434419581537,0.95296374794055,0.018297417401789202,0.008395171461793643,0.0019942287762854667
225,0.024894273979186837,0.9367234582692087,0.028304604035349797,0.007598998468563076,0.002478665247691749
226,0.0173610357462679,0.9423359413752108,0.031681445043275976,0.006471252915442983,0.0021503249198023293
227,0.0032301819595407615,0.9611995211670525,0.03215248501315524,0.0022887637641071613,0.001129048096143984
228,0.03294652235255523,0.8901569361832008,0.06671361754839164,0.0053166717806899955,0.004866252135162247
229,0.007131214011234912,0.9756104247490353,0.01455238913120963,0.0016816682385516293,0.001024303869968483
230,0.024699257547867278,0.9353167752246211,0.03469158397904473,0.003178160232788152,0.0021142230156786924
231,0.0068148809611011515,0.9079140373329682,0.08298796528031396,0.0008830355539789288,0.0014000808716377537
232,0.003720216802671276,0.8714726620976712,0.1223561846247511,0.0006319369005345623,0.0018189995743719113
233,0.0028424453194357416,0.9176544338304724,0.0775172238456735,0.00040101956320241886,0.001584877441215962
234,0.0037818491605543106,0.8557249441464588,0.1365197635503628,0.0009946510651401245,0.0029787920774840483
235,0.02403045554201294,0.8561060320073797,0.11477754048884521,0.0018937254532517972,0.0031922465085103074
236,0.0057836086842559704,0.8876866127163355,0.10318689279102018,0.0009983469471140111,0.0023445388612743532
237,0.002811394925303654,0.8695058970599331,0.1256702233335668,0.0005007459520023531,0.001511738729194207
238,0.003149110058383072,0.8273583577116521,0.16716004891807998,0.0006320996247492902,0.0017003836871355477
239,0.00457883034439354,0.8021297272504992,0.19020844032949144,0.0010022541976144712,0.0020807478780014814
240,0.006402251115686795,0.8117637867168688,0.17786544075893138,0.0007703442049549103,0.0031981772035581555
241,0.029922295197205625,0.8651007977595071,0.09905245713504676,0.0032007524017804356,0.002723697506460046
242,0.0027578285383991676,0.8240631855479376,0.17098936384258995,0.00047348408909105624,0.0017161379819822895
243,0.014341174990527401,0.9429427981507102,0.0391654747316346,0.001323817199911605,0.0022267349272161213
244,0.01917977776483303,0.9231773901889024,0.053740396536597054,0.0017235050523250822,0.0021789304573423315
245,0.009912817788225226,0.9170701324314956,0.06939033586657686,0.0019275510797648076,0.0016991628339376196
246,0.008418274416628131,0.9166629554711238,0.07190381669640576,0.0007088137022136564,0.002306139713628671
247,0.016670988036898253,0.9230483681063153,0.05759005104876715,0.00087610419048281,0.00181448861753638
248,0.005384318015731624,0.7817789165976018,0.2101862191265355,0.0005109662287999324,0.0021395800313311767
249,0.004117934633344373,0.8265234339006975,0.166068353128054,0.0008130415164599753,0.0024772368214442527
250,0.0036168758110512855,0.6647661465524741,0.3281251130487573,0.0010764236893881266,0.00241544089832907
251,0.0036380565392748997,0.7486755842223732,0.24282695248230296,0.0016111223004360556,0.00324828445561297
252,0.004438414176746155,0.8146658592366908,0.1775807397908842,0.0011946883201014603,0.0021202984755773974
253,0.0038193134314413115,0.7850151719849883,0.20749973081814677,0.0014178538947284098,0.0022479298706951753
254,0.0034369783542161376,0.7109456672288325,0.2823229163385922,0.0007778235259421903,0.0025166145524170673
255,0.0073648948117989894,0.7924343855324969,0.19549114388024683,0.0015246225342731704,0.003184953241184216
256,0.011179183279577483,0.7975889822266075,0.18344601487963225,0.00413059321848779,0.0036552263956948065
257,0.028169203523806176,0.8789228002161643,0.07394415377397039,0.012192029454473015,0.006771813031586009
258,0.0131329944955042,0.9032256128709755,0.07317556308932466,0.007657722012133317,0.002808107532062523
259,0.04874634832141757,0.7334340901699474,0.12183174565973556,0.008597751303417552,0.08739006454548195
260,0.1533135052658571,0.7775046933724088,0.03482137982850555,0.02474316503877078,0.009617256494457794
261,0.5675634080310618,0.2736641710535282,0.0030440551230796918,0.03913312722639204,0.11659523856593833
262,0.2914116008317123,0.6834825602306527,0.001553894498474919,0.015229519940653118,0.008322424498507085
263,0.6419342246466518,0.24350170697487075,0.0006907213752083256,0.08100699353550267,0.032866353467766424
264,0.08965604316594979,0.8822393765973033,0.0018408567024214752,0.02025379685741285,0.006009926676912603
265,0.42518122107136874,0.47362732468923874,0.0006352719068800557,0.05642541206187365,0.044130770270638754
266,0.0621556191199393,0.9236089468059073,0.0010924046805844843,0.01106971883072667,0.0020733105628422226
267,0.1560052524406911,0.7699299308580858,0.00622152413082876,0.04001458946363732,0.027828703106757013
268,0.09533685951745215,0.8871814517815048,0.0025970680189050873,0.012083535002484994,0.0028010856796530452
269,0.35351153001239827,0.5951903648176619,0.0013578267072193175,0.038720071101331084,0.011220207361389461
270,0.03092834365013893,0.9636508481363774,0.002614910647962585,0.001926023794771504,0.0008798737707496114
271,0.012230851155460801,0.9701875972973244,0.01446195927283983,0.0010459120121373094,0.002073680262237714
272,0.007779243077172842,0.975045161615534,0.013273003607910474,0.0027826931506242563,0.0011198985487582786
273,0.10056241440431275,0.8465229916257924,0.004744034496532954,0.03537894926225886,0.012791610211102948
274,0.029602367651102118,0.9565316651312229,0.00472524435004824,0.006547921072923468,0.0025928017947034416
275,0.087858478657415,0.8322392272100012,0.0060153930908123715,0.010233437537256652,0.06365346350451455
276,0.14947828602061378,0.8327531017746045,0.001732264994082628,0.008598922890552673,0.0074374243201464265
277,0.098744245900558,0.8743674121817296,0.007856479946819346,0.00499268113707764,0.014039180833815421
278,0.2956490170278105,0.6640247223324857,0.0059299213645857265,0.02227300731326947,0.012123331961848697
279,0.09034863523405635,0.8888784607596354,0.011787753486170512,0.0061316005817539,0.0028535499383836684
280,0.24538143152677414,0.7280288427943785,0.0033204926214370463,0.016508986087799347,0.006760246969611064
281,0.004791546786362774,0.9821560957739397,0.011307115882720013,0.0004552648434019382,0.0012899767135754858
282,0.04839310681202634,0.9284699984946175,0.01280262018036165,0.007722468159355702,0.002611806353638645
283,0.009572190300249325,0.9637645956354695,0.022019800431290645,0.002838970803155971,0.0018044428298346477
284,0.008324992074084561,0.9402665056188502,0.0437606355064458,0.005340679359845646,0.002307187440773872
285,0.012010166347423154,0.93403128455481,0.039539437417500135,0.012544601890316864,0.0018745097899498147
286,0.01829253084846785,0.9378301985705193,0.02754783739244144,0.01322735106804611,0.003102082120525233
287,0.009331770937015241,0.9452689309187827,0.037706166095930416,0.005280145587796478,0.002412986460475125
288,0.044850490479716995,0.8717250198041319,0.01801208774422683,0.008557958948802088,0.056854443023122266
289,0.1445933843118904,0.8082068988059635,0.002868995613269943,0.007884568488729501,0.03644615278014661
290,0.06942960530819701,0.916874895998604,0.005598536145992137,0.0017840250768440355,0.006312937470363103
291,0.023722398283362662,0.9714958058296245,0.0026567249039580283,0.00042974427322805295,0.0016953267098267016
292,0.0426804961885188,0.902371715561039,0.04683835879503543,0.001070054713367213,0.007039374742039786
293,0.03931402959622717,0.9315262154501083,0.022679863044274728,0.0009279512979871549,0.005551940611402744
294,0.03798101266483707,0.9294434683371169,0.027679550617611567,0.002061792102083127,0.002834176278351172
295,0.05644263358560587,0.8918223775746681,0.0461599693217552,0.002450932596815986,0.003124086921154849
296,0.019090018595165698,0.8454949112392216,0.1294077765480736,0.002659086399351124,0.003348207218187783
297,0.009204559288497886,0.8875162894938367,0.09890578465760373,0.0024455309055101122,0.001927835654551757
298,0.006701933377406306,0.8637338952815533,0.12435820316502104,0.0027665879396589193,0.0024393802363603173
299,0.0665550215345109,0.856318417916843,0.05075739307872878,0.020429178467492655,0.005939989002424592
300,0.002399974588650796,0.8914657239320837,0.10140986487457504,0.002794211842486615,0.0019302247622037128
301,0.13147278478400534,0.7851889399321424,0.025456060912127498,0.030945138997216848,0.026937075374508006
302,0.021923204080039404,0.9243992286640338,0.04469323731204372,0.0061109594339457335,0.0028733705099372926
303,0.26116111019762633,0.5713478084697587,0.005574775119334084,0.02719945731439408,0.13471684889888677
304,0.09833936374402426,0.8891587005987012,0.0014879092041079126,0.004542746178438931,0.0064712802747277235
305,0.4781652463977378,0.45580613697800015,0.01562799069528187,0.02000121515289967,0.030399410776080486
306,0.09412230738006276,0.8656177910390526,0.030120484992961515,0.0060331112994668375,0.004106305288456202
307,0.11302998512211943,0.8332655433854482,0.013108528566011848,0.03569556411644352,0.004900378809976915
308,0.05166629830113554,0.8609685167748264,0.06330271147808186,0.02207696775109285,0.0019855056948631755
309,0.0561215159665521,0.8717575224922037,0.015170900602279918,0.052169694851199856,0.004780366087764327
310,0.008498967688364703,0.9452863272068264,0.022294572876719102,0.022709831313714294,0.001210300914375494
311,0.12016175587098778,0.09944731713398501,0.0006977313779142222,0.03993552561036589,0.7397576700067472
312,0.3221423321761706,0.5405525937835809,0.0019789169149406535,0.100038491193524,0.03528766593178392
313,0.33753425092168593,0.5378762756525809,0.0004799197732187978,0.07461051702908651,0.04949903662342797
314,0.5922030332290501,0.29317957884898566,0.0005274861537042434,0.1020255269990997,0.012064374769160188
315,0.044055867610580425,0.8693270960244188,0.003683942433053107,0.0608037468090355,0.022129347122912167
316,0.03921808125975935,0.8529015843297623,0.0021674271347865755,0.08458337127194424,0.021129536003747593
317,0.0331086537793165,0.0449698069424916,0.00022706210803464456,0.012531338959910465,0.9091631382102467
318,0.33374425449637585,0.1281576213464539,0.00015109120657286635,0.1422248452702496,0.395722187680348
319,0.20416829313916326,0.18690867922464052,0.00019517535620001337,0.08112078493674184,0.5276070673432544
320,0.2232750548574708,0.015879972530302055,0.00011675190568556804,0.02233456223519456,0.738393658471347
321,0.6850396093236054,0.12160945320377385,7.360301902409089e-05,0.075250836830452,0.11802649762314474
322,0.5837240906086906,0.31105853716221155,0.00011626785601417883,0.06957466586453723,0.03552643850854641
323,0.0269066476083153,0.949785609948989,0.0011176370068953438,0.016803978673776605,0.005386126762023705
324,0.127643450120163,0.5859740585931134,0.0008350994259199849,0.2640333633576529,0.02151402850315087
325,0.006543404317891722,0.9779482054892379,0.00026233872164385587,0.013327963268763888,0.0019180882024627116
326,0.25962609531652986,0.24465994645838038,0.0001884301699968155,0.4502913572417092,0.04523417081338373
327,0.01241467990123703,0.9659248957266603,0.0005045581521774344,0.020034928875837927,0.0011209373440871702
328,0.16371737820967883,0.6035045614248291,0.00040721171822031914,0.22462655164245524,0.007744297004816416
329,0.017736948359270616,0.9377356354736216,0.0008105106279380429,0.04182203735365465,0.001894868185515102
330,0.07305956498560112,0.09025678610964606,0.00011630702320416093,0.7972446925343221,0.039322649347226575
331,0.07418181754657363,0.07006206277612664,8.275314641085601e-05,0.848993803972111,0.006679562558777923
332,0.0459366660855296,0.04713040822038976,4.2274510784760336e-05,0.8999848212206057,0.006905829962690161
333,0.04960730124655308,0.022079294703173637,4.1108170271912645e-05,0.9239711042909837,0.00430119158901764
334,0.04265739791051021,0.006507956682245399,1.747087490120621e-05,0.9452507413640602,0.0055664331682828356
335,0.08642793545541727,0.010658651530957216,1.513512551763606e-05,0.8759982228368667,0.026900055051241194
336,0.05133753948732711,0.00467368481455595,9.449973040822033e-06,0.9331088031912351,0.010870522533841178
337,0.0470771890522283,0.007578751646901389,1.1569714457227355e-05,0.9105108839273843,0.034821605659028664
338,0.06518772086071022,0.00470230101695,1.3758007676132278e-05,0.9181110370219397,0.011985183092723962
339,0.04903889172497532,0.004172876718165537,2.4440072643847324e-05,0.9399735536753329,0.006790237808882594
340,0.027061972076668443,0.003497086780914517,1.3095723134411859e-05,0.9647554357938559,0.0046724096254267995
341,0.034216294682933426,0.003191288251590352,2.0286039346761616e-05,0.9510732763503815,0.01149885467574789
342,0.023109256795721508,0.004929942268779083,1.5423497559536454e-05,0.9666844762123808,0.005260901225559068
343,0.0704207182935979,0.0037985065138163867,5.9189694692638725e-06,0.881134220852557,0.0446406353705594
344,0.04181402791083782,0.003366834588385958,7.143619162684141e-06,0.9424315923857549,0.012380401495858643
345,0.04825603907363992,0.0037605691702270335,6.527703672236183e-06,0.9365414442757163,0.011435419776744378
346,0.1274434435678056,0.00671552469698919,7.1941153120889486e-06,0.8105135393598218,0.05532029826007126
347,0.11862472943751115,0.007078973149344127,1.4690610333667036e-05,0.8516480770631492,0.022633529739662032
348,0.08812586819581543,0.004714407770956221,6.701634447577628e-06,0.8553369620647864,0.05181606033399439
349,0.1162214730309432,0.005624761771818156,6.959035257264868e-06,0.7902236092665926,0.08792319689538863
350,0.12745285382354393,0.006257119869350867,1.2249280004947923e-05,0.8299840558064858,0.03629372122061455
351,0.1919433559247005,0.007381433196824863,1.0565067445110182e-05,0.7537434364669536,0.046921209344075905
352,0.1715174047927026,0.017729651689294617,8.052965936054299e-06,0.7659614913690801,0.0447833991829867
353,0.13119998458920518,0.005034070398033761,7.07904544295137e-05,0.10961338450392138,0.7540817700544101
354,0.2633264692283422,0.011110311104735676,6.48073716193355e-05,0.5906922554066633,0.1348061568886395
355,0.24137852449752575,0.005687249728425982,4.915167600312891e-05,0.5440858407194646,0.2087992333785805
356,0.15025980477118286,0.007829245037955918,1.178953971767411e-05,0.1891890994242918,0.6527100612268518
357,0.1266964391277308,0.00779600057165383,6.413168256823436e-06,0.7290701541459492,0.13643099298640943
358,0.04135540676235987,0.001836401565868233,1.7456428653974627e-05,0.35236779799862955,0.6044229372444884
359,0.024791920113229435,0.0010956370408739002,2.937393892544042e-06,0.04990977453675947,0.9241997309152447
360,0.2212258243749614,0.0046309302868488,1.115063711814819e-05,0.19243958284910823,0.5816925118519635
361,0.09328221879860633,0.001851258620243884,6.165872265363867e-06,0.026976131741060883,0.8778842249678236
362,0.05510671413671513,0.007919134366364771,3.909942431989856e-05,0.0721773388565296,0.8647577132160705
363,0.07975325970512906,0.004803180152115552,6.164982449437724e-05,0.08507966570102499,0.8303022446172361
364,0.3432372512042015,0.007812618861113556,4.508771029997241e-05,0.3387394581554972,0.31016558406888767
365,0.4505761661532647,0.009462766257603703,2.2431255747186703e-05,0.3497129317020357,0.19022570463134877
366,0.3206426194204641,0.05897123008424599,2.0361119494588236e-05,0.5739965219017967,0.04636926747399862
367,0.09060029513847578,0.14817997237661254,0.0003020094184112611,0.7455125842067573,0.015405138859743275
368,0.10874127000007985,0.33392660092273774,0.00029310723095750624,0.5232594596144025,0.033779562231822415
369,0.17104462185060362,0.02376786292831126,4.933732201031833e-05,0.7467792645071286,0.05835891339194615
370,0.04362938644568035,0.6898826538765653,0.0005812992506383705,0.2609836556580612,0.004923004769054729
371,0.14644753178560665,0.265251777248007,0.00038007176064599254,0.5673622699072544,0.020558349298485892
372,0.10307390687542134,0.10880610025015655,0.00012063623056809436,0.7092869058324835,0.07871245081137056
373,0.062118003921503545,0.024947948039795314,0.00010930552938953535,0.19101943764595997,0.7218053048633517
374,0.12993960295842177,0.17834685467175918,9.741938175724953e-05,0.6286719451361373,0.06294417785192458
375,0.24211799019196714,0.0429055269230313,9.995015946031812e-05,0.6849805774042039,0.029895955321337306
376,0.23548853374835071,0.01619972885940497,6.769243282380013e-05,0.7057961724359356,0.04244787252348501
