epoch,N1,N2,N3,R,W
0,0.0002662097712073382,3.745412794781055e-05,0.0,2.703759991547458e-05,0.9996692985009293
1,0.00011432087239680043,5.196076642767913e-05,7.315764503551167e-07,7.794610393635283e-06,0.9998251921743316
2,0.00018013417957502765,7.331415866594274e-05,5.563325740833795e-07,1.2617361850411711e-05,0.9997333779673344
3,0.000535083915503353,7.001397756858241e-05,1.6198324053700419e-06,1.442718243814718e-05,0.9993788550920845
4,0.000489517298400054,3.854625834089212e-05,4.434644545303909e-07,1.3058956032033613e-05,0.9994584340227725
5,0.0013516653422959283,0.00016608881178765102,2.2709662430402328e-07,7.336679650899379e-05,0.998408651952783
6,0.0006324188228409136,0.00039645615335999853,1.8131649305426452e-06,1.6642493508224335e-05,0.9989526693653602
7,0.020116973618855727,0.0029538162057109935,1.8132707633479186e-05,5.777814707745238e-05,0.9768532993207224
8,0.044926086167961066,0.011716412032709542,0.00010236080030211854,0.00019876669279569805,0.9430563743062315
9,0.011276442717076065,0.0014674307723169231,4.0382369679189025e-06,8.111860663007146e-05,0.9871709696670089
10,0.002355659369013988,0.0014970648475231844,1.7978833101302767e-05,0.0001638924240832929,0.9959654045262782
11,0.03347844039519486,0.004656298764106251,5.546954209410747e-06,0.00040157269409115515,0.9614581411923984
12,0.01402335460509662,0.0009113254693459205,5.471064442450079e-06,0.00010696437252706303,0.984952884488588
13,0.0006373476986291894,0.0001579473668211394,1.904454036524995e-05,4.041820977353073e-05,0.999145242184411
14,0.0003429807176239408,0.00011900309430231269,9.052803552717762e-07,7.890430542049181e-05,0.9994582066022979
15,0.0012423438482269365,0.00031801770847465,3.5703540539919355e-06,9.405420238162125e-05,0.9983420138868627
16,0.037493396066396824,0.003491095110113884,2.617325657218401e-05,0.0002802173007754,0.9587091182661418
17,0.18701009818007855,0.013986255809499002,5.8868552029561005e-05,0.0002527978939614751,0.7986919795644314
18,0.6063912763875564,0.14227842626110335,0.0027719456468781323,0.00017267410986993506,0.24838567759459224
19,0.23600567750810159,0.5602223305361059,0.035572424487988426,0.0010992473062927893,0.16710032016151122
20,0.03407389342008828,0.6901472057005671,0.09314568264589952,0.00031235566426916214,0.18232086256917596
21,0.006252696051429287,0.8053013816364919,0.14416848987278127,0.0001241229528518222,0.04415330948644563
22,0.02162820082104111,0.8610545376131891,0.09087948038088858,0.0006269423243030507,0.02581083886057807
23,0.013213121848957631,0.9021673363557529,0.06089562817186125,0.0003341031860919293,0.02338981043733629
24,0.013726003373672564,0.8026826770369996,0.16360290596570845,0.00026387790695036077,0.019724535716669028
25,0.0049856467037136315,0.578745987779934,0.40492905596665607,0.00014575505028024285,0.01119355449941588
26,0.0026265008157464404,0.38239602203692924,0.60640091439141,8.941889221977304e-05,0.00848714386369448
27,0.0021180643599023863,0.3700949172404545,0.6110085337871133,5.642709570868834e-05,0.016722057516821015
28,0.005711502283257195,0.25531566456384963,0.7087812314663948,8.864416008729093e-05,0.030102957526411105
29,0.005431345577086532,0.6623751966342442,0.30089035571275297,6.48737429154281e-05,0.031238228333000884
30,0.0040901272869371405,0.12206149516884791,0.7950958956715541,5.3804799268293926e-05,0.07869867707339251
31,0.00793966609198707,0.6765349304547885,0.2557183326595383,0.00012421131145002782,0.05968285948223607
32,0.007225039635370411,0.34733755337445493,0.6073445294028327,0.00014913273934059928,0.037943744848001386
33,0.002659908190209599,0.15967782040855957,0.7757093312448933,8.855466143400837e-05,0.0618643854949036
34,0.054527957271531945,0.058618712759264315,0.17547677011733617,0.00019987232774757848,0.71117668752412
35,0.0027650932899041824,0.07376031218403457,0.6888686388218606,0.00012423496356051564,0.23448172074064014
36,0.005627526098208116,0.16542752215001946,0.7440837492628036,0.0001976630263610086,0.08466353946260775
37,0.0037879746064767416,0.1353456309403372,0.7825152465085436,0.0001721416240861966,0.07817900632055612
38,0.0008290657298051437,0.05663993778802999,0.9256750061798849,2.8011078494248573e-05,0.016827979223785813
39,0.0005465859075031397,0.041720323286904046,0.9455778566678874,1.6744858239327436e-05,0.01213848927946619
40,0.0003182488275151708,0.043943517730046955,0.9505836039670746,1.4298641876320202e-05,0.005140330833487065
41,0.0006042076574555025,0.18269023558842362,0.8093153743368171,2.9881546924705825e-05,0.007360300870378976
42,0.00025123275800920206,0.0315675850330143,0.9658523062215383,8.815048299318168e-06,0.002320060939138858
43,0.00022462717533093865,0.031965106573585346,0.9665767812987845,9.304368675548941e-06,0.0012241805836234524
44,0.00032458632969516264,0.02929271112071754,0.9681347772719028,1.4013559189182963e-05,0.0022339117184953404
45,0.00032696173034867186,0.03475532548369742,0.9625806144019667,9.769720265545019e-06,0.002327328663721654
46,0.0005843685712968557,0.054182050032262584,0.9419029863694895,2.2036540897801166e-05,0.003308558486053237
47,0.0005624019681235055,0.030147750440929846,0.9675400046671568,1.3568052191378744e-05,0.001736274871598413
48,0.0001297971838896061,0.020098881015605048,0.9784627553672496,1.2760081293759593e-05,0.0012958063519620995
49,0.0009610269518785496,0.0700860218268023,0.9235198128506458,3.1669990919679236e-05,0.005401468379753672
50,0.0007964577286054462,0.06623615612345586,0.9279777660042974,5.10701664246786e-05,0.004938549977216495
51,0.0015855047600850762,0.08950377422753912,0.9046485511343232,5.05995141333943e-05,0.00421157036391946
52,0.03288915579297739,0.5247046103127957,0.4157102446199431,0.0003364576250821271,0.0263595316492018
53,0.0013804949156330825,0.4143074895012137,0.5788285921333989,5.649026206843432e-05,0.005426933187685822
54,0.0019609985317284293,0.20335550478463169,0.7863271352377631,8.139217752898939e-05,0.008274969268347662
55,0.001616002430994682,0.2677105532578437,0.7248426823073816,8.514498876833631e-05,0.00574561701501184
56,0.0012164061084771523,0.18744714021762338,0.802364505351881,6.42728393873193e-05,0.00890767548263114
57,0.00035954620415599845,0.04550183421390507,0.9517745451228048,1.6044738800641393e-05,0.0023480297203335803
58,0.00023149428544140457,0.028962477180013265,0.9695601124130813,9.315349768819805e-06,0.0012366007716952889
59,0.00023002958865847963,0.02855309814569594,0.9696669692214621,9.470741277861746e-06,0.0015404323029054759
60,0.0006921890643536525,0.056052762089418444,0.9405556691327707,3.2122563543384634e-05,0.002667257149913867
61,0.00013956958342709597,0.016050390595123018,0.9828720367895921,7.207573918977163e-06,0.0009307954579388318
62,5.137756997036672e-05,0.007655489028872753,0.9918590470298817,4.639697761218792e-06,0.00042944667351407876
63,0.0003378933297385438,0.019967062521773507,0.9778927125950658,9.433550500760327e-06,0.0017928980029213368
64,0.00022476342052862408,0.019985457095946683,0.9779932055635625,8.07987407199173e-06,0.0017884940458902888
65,8.525372823023248e-05,0.016190948745362033,0.9829021961625697,7.067384090582519e-06,0.0008145339797474499
66,0.0003061756706018726,0.042300290455038074,0.9554562205382036,1.8592944632782282e-05,0.0019187203915236291
67,0.00014883427570382905,0.015766584286964324,0.9825365323035988,9.020999009131508e-06,0.0015390281347239898
68,0.00017891419652593565,0.02442637803021736,0.9733724822460865,1.0847113713075329e-05,0.002011378413457272
69,0.00025027562510095494,0.03214600362914395,0.9658466871320117,1.5760670652725535e-05,0.001741272943090636
70,0.00018943957213827663,0.012683443156235614,0.9847866196557493,9.618848524538573e-06,0.002330878767352369
71,0.0003017199527831549,0.01178793427719824,0.985912396909554,1.1570090917494537e-05,0.0019863787695470446
72,0.0004916049905002631,0.01188494043783683,0.9856989202488772,1.3042079749724787e-05,0.0019114922430359734
73,0.00030194086441768793,0.014399688531356286,0.9837122847134488,1.1096558978242948e-05,0.0015749893317990986
74,8.829896421778603e-05,0.010072022751096511,0.9888726128795159,8.31740730012648e-06,0.0009587479978694308
75,0.0006241074291584027,0.020815819357995247,0.9768863829568115,2.010321375604112e-05,0.0016535870422788655
76,0.0006303807013617345,0.01755945305965013,0.9793989485089245,4.123254229499977e-05,0.0023699851877686
77,0.001031245070226666,0.1492110165425847,0.8437012275477024,0.000201307681737646,0.0058552031577485345
78,0.0006487207097999998,0.03747309053404448,0.9587861620664524,0.00013730394918473577,0.0029547227405182616
79,0.000817725083262481,0.04070920874710615,0.9546197355334528,0.00021484879890469943,0.0036384818372741314
80,0.002300934200408936,0.04922376353865265,0.9425987843074971,0.0005264144140236939,0.005350103539417572
81,0.015034174888046644,0.39213931789855366,0.5193373549654023,0.004701179565827017,0.06878797268217038
82,0.43584586957436267,0.3546743463923564,0.0022895305548186074,0.01291668650182726,0.1942735669766351
83,0.11835382873310511,0.8279245971427128,0.027052718073394606,0.0011618116478956822,0.025507044402891775
84,0.07661409984505856,0.6747099113938756,0.21715200281526317,0.0005390326132979125,0.030984953332504676
85,0.0764059484712977,0.8055754639464859,0.0549457508587266,0.02128334860446498,0.04178948811902491
86,0.03570894472378087,0.8395176189784551,0.014438193613649229,0.08475171211113214,0.025583530572982814
87,0.027806365632829698,0.848506394410164,0.008925400171955842,0.08442226512585722,0.030339574659193194
88,0.07425765857552198,0.6332609153644523,0.0007740932783518364,0.2535349646057812,0.03817236817589276
89,0.079776712164912,0.5754407123482045,0.0009645732624374342,0.3137609847521043,0.03005701747234184
90,0.29445535252187577,0.09944078061958103,9.340988632398251e-05,0.1675226467655808,0.43848781020663846
91,0.5752439113402273,0.04164057228916524,6.211320431686042e-05,0.2751815080280506,0.10787189513824004
92,0.542371871424353,0.14154624223609674,8.727754453924133e-05,0.15409972724714452,0.16189488154786646
93,0.47490904086278746,0.3119919163173315,0.0008677703189952928,0.08883872471875372,0.12339254778213214
94,0.14989599143915772,0.465954967235039,0.0017733411352111115,0.2511289528198634,0.13124674737072875
95,0.27486926070703466,0.12268624390285146,0.0003246220352891588,0.47089107408985953,0.13122879926496514
96,0.18520628795418137,0.05112398411267027,0.0003659419643087852,0.45738310975741864,0.30592067621142105
97,0.2007136496848933,0.0567193720752223,5.9528820053165574e-05,0.4813067896863715,0.2612006597334597
98,0.29623193226223976,0.07627380511913578,0.00013940357011231312,0.5946109070913457,0.032743951957166346
99,0.20299490666660122,0.0490513556891053,0.00019756504461761908,0.07873795232633322,0.6690182202733427
100,0.2620988606668933,0.09486650949691719,0.00034818085915806654,0.565037337225676,0.07764911175135546
101,0.22007334639295503,0.03496142814352369,5.8494465298767526e-05,0.6685691869965655,0.07633754400165699
102,0.1926069184592752,0.049062964427220405,8.373082752251294e-05,0.7265201992402545,0.03172618704572749
103,0.08291932326371797,0.07633355007433447,6.98898413558157e-05,0.8121588974921466,0.02851833932844496
104,0.10363784492195252,0.03290741786655772,2.265996095990363e-05,0.8325613176521177,0.030870759598412154
105,0.06718211653637136,0.02513696881665425,2.6807415463179504e-05,0.853647299272492,0.05400680795901905
106,0.33287276281879175,0.024336679854152075,2.4165884221839363e-05,0.5437747012063873,0.09899169023644706
107,0.1513687451967276,0.341525613807051,0.0002464103284905062,0.4698840875560093,0.03697514311172158
108,0.24443979036160055,0.02302006646396605,3.957472969942969e-05,0.3130140331969668,0.41948653524776713
109,0.15809585673684154,0.009555447445814194,6.631940382809034e-06,0.3165683647758838,0.5157736991010776
110,0.15852446822990615,0.1712768328376089,6.273620226123042e-05,0.5580897591661161,0.11204620356410748
111,0.24869553116724538,0.09382075487464232,0.00011898075285485394,0.5427183164412589,0.1146464167639985
112,0.14905846194388844,0.051431879160938235,0.00013658781708603045,0.7358054862578206,0.06356758482026661
113,0.056347917232508,0.23995175249948528,0.0007622753089816665,0.6709968438738197,0.031941211085205416
114,0.04258839548764772,0.043235124968159906,8.735182873161783e-05,0.8650379903188287,0.04905113739663207
115,0.10990905163426472,0.035224323820696346,1.2701398840138925e-05,0.5937100460222282,0.26114387712397047
116,0.08688643022938425,0.03891514271473797,6.246925975436426e-05,0.8619836170840861,0.012152340712037187
117,0.15585288252589213,0.11562115490983889,3.8533704321942625e-05,0.6035020509089762,0.12498537795097092
118,0.1832143490267046,0.0368629450966249,3.841225473349728e-05,0.7054254272766332,0.07445886634530378
119,0.04815694110953428,0.0405382434011838,1.5355212930739705e-05,0.881641539102122,0.029647921174229305
120,0.11301029653266784,0.1142525840379076,0.00046153839683471233,0.6177830389584504,0.15449254207413932
121,0.06556538044877794,0.06816237210713216,3.6591713129776804e-05,0.8401012360478533,0.026134419683106983
122,0.035943394922834916,0.011224202146165417,8.279680829345798e-06,0.9346485007163173,0.018175622533852995
123,0.030080744199568802,0.0154951368488455,6.486868744105553e-06,0.9041819332560719,0.05023569882676968
124,0.021115941878947882,0.009669556920980454,9.791336395850339e-06,0.7712035858054757,0.19800112405820014
125,0.07867657674554877,0.015854282461343648,2.5118993648624775e-05,0.7902160238480876,0.1152279979513712
126,0.06209816639456514,0.016603438920501756,2.7855050218823552e-05,0.8532906993247057,0.06797984031000856
127,0.058852752746750024,0.008664332358848437,1.7967335143749205e-05,0.8666674438645988,0.06579750369465906
128,0.0487356231975401,0.024444712677003655,5.002252218722929e-06,0.8809388052529274,0.045875856620310004
129,0.05051205762479174,0.0872781288580995,1.0090157121938364e-05,0.8208459681077976,0.04135375525218921
130,0.1819039051615729,0.25560280915392614,3.415594006853807e-05,0.3473349642250736,0.21512416551935892
131,0.11325276707187389,0.030777545146944998,2.4791237304209588e-05,0.8402248738279852,0.01572002271589188
132,0.06404963973626802,0.025985000725250985,3.709816437657058e-05,0.8964559729818986,0.013472288392205916
133,0.050769162506989776,0.008120428709791586,4.084424907226642e-06,0.9350316251951777,0.00607469916313391
134,0.08882262522113102,0.009480592879693035,1.4481487950500964e-05,0.8919898561687457,0.009692444242479881
135,0.10739425174710643,0.025341939072770034,7.43598187797625e-06,0.8343484248752586,0.0329079483229869
136,0.12890196171356527,0.015632000179009075,9.387367674218147e-06,0.06717475654730527,0.7882818941924462
137,0.3090090180897722,0.4221262530680698,0.00015247200961020045,0.24753000278481,0.02118225404773776
138,0.6277857662426276,0.15779097969714534,0.00026877244614138433,0.1696065670826933,0.0445479145313923
139,0.05678720095024431,0.881929326544446,0.003657290179516437,0.03963654121564126,0.017989641110152214
140,0.051325662472034274,0.6985786980371244,0.0011599155418352688,0.22759058147064049,0.021345142478365456
141,0.021912719804805796,0.9349789966302589,0.014144950866071754,0.01896692512382699,0.009996407575036823
142,0.05283315127820591,0.8796325524279236,0.005324264287245144,0.043296861842912246,0.01891317016371327
143,0.1537270494405028,0.6786812810976585,0.0037020502678779027,0.1459015342406074,0.0179880849533536
144,0.06356661868075783,0.8733638283160658,0.006299754772624129,0.04990148173604063,0.006868316494511601
145,0.1919818236443274,0.7182392041798459,0.0029444682282757343,0.029686644167616006,0.05714785977993507
146,0.4389505010333123,0.11987091354386174,8.565933197350077e-05,0.11176658132685592,0.32932634476399647
147,0.30617835937082455,0.6603040164277969,0.0014163175453444435,0.016959814003373215,0.015141492652660949
148,0.2496008770038671,0.7144930960078221,0.0019864405818417114,0.022760725895584904,0.011158860510884333
149,0.6455540749634896,0.2762692491028841,0.0003896073377979113,0.038935158916064146,0.03885190967976414
150,0.04491832650385388,0.9448463938373307,0.004314835650570501,0.003257544160844524,0.002662899847400222
151,0.019325654364491296,0.9425099972271715,0.03625414591061831,0.0008159367898703292,0.001094265707848372
152,0.01016508586189748,0.9424083548641734,0.04547576571821344,0.0007994121545886413,0.0011513814011271065
153,0.006063986070049254,0.9056763207325793,0.08077493086372578,0.0034378513032447223,0.004046911030400767
154,0.003096343483334113,0.8949543907889529,0.09840543936890983,0.0024595029845896634,0.0010843233742133765
155,0.005810663247211655,0.8498979257595788,0.13975986560887135,0.002453858290123572,0.0020776870942144365
156,0.011364504636112993,0.614740228249223,0.36942353058126454,0.0010658378471504705,0.003405898686249078
157,0.013987365143864963,0.9081997463595979,0.07335540767509637,0.0008016458019178372,0.003655835019522999
158,0.0141724772212977,0.8969979428839262,0.08589491833429264,0.0009172030551941815,0.0020174585052892893
159,0.015223140008167152,0.8434127820428403,0.13617352122220353,0.0015558293978435481,0.0036347273289452646
160,0.0057572094333919795,0.9342132617280482,0.057684665465196926,0.0010841270101995093,0.001260736363163389
161,0.0024799163702293138,0.7048870905018552,0.2885703946451665,0.0015201131854978818,0.002542485297251172
162,0.0026076268633782283,0.7596906974629233,0.23463066619870895,0.0014862686058167013,0.0015847408691727492
163,0.09537159588325915,0.7565171654728523,0.08817638858389473,0.0033875139913416047,0.05654733606865219
164,0.02106143576168717,0.9606919322577974,0.014149398968010646,0.001736506360633121,0.002360726651871608
165,0.02336449388880577,0.8193533774236719,0.1526785536825919,0.0007010927605840761,0.0039024822443464533
166,0.027222927085351834,0.8114055340971271,0.15773636392237186,0.0007128117484139668,0.00292236314673527
167,0.006006354670128947,0.8735490910006123,0.11824078002647687,0.0007469758528202966,0.001456798449961664
168,0.0038005401915770527,0.40905519152555797,0.5858271574257801,0.0002818570754499698,0.0010352537816348607
169,0.0034622395889731487,0.6194509280782718,0.3754746961894943,0.00030409039025093825,0.001308045753009656
170,0.001537798363131545,0.5389704545726507,0.4576314063795759,0.00027023486604692574,0.0015901058185947962
171,0.0016953525463809208,0.5753302448281434,0.42085246784148955,0.00042879633154979213,0.0016931384524362732
172,0.0016399404232992007,0.43450789603007883,0.5623683115351052,0.0003207272711371657,0.0011631247403795049
173,0.0019070236920694396,0.4734716020143001,0.5225585226170337,0.0005671094833907854,0.0014957421932059295
174,0.0047430812884488175,0.5196274051443718,0.47142791046053795,0.0013208941042201416,0.002880709002421212
175,0.0019540489637443884,0.17532009106252844,0.820399938752824,0.0007399687422842258,0.001585952478618997
176,0.005767681347432699,0.34491339339102906,0.6431199429623695,0.003115418918191987,0.00308356338097673
177,0.0022040837553971263,0.21289921165510745,0.7794958783016114,0.0017550070243368412,0.003645819263547367
178,0.008999391207611935,0.17751585561440134,0.8044018899954667,0.0022767160877213075,0.006806147094798806
179,0.03021082433050376,0.03048828674855677,0.0011029709958031602,0.003592308602520374,0.934605609322616
180,0.5298743012341529,0.22541052997547617,0.000709354861976668,0.01223706471110996,0.2317687492172844
181,0.38928953255334586,0.559180656115401,0.005943329873686751,0.0024537051536388113,0.04313277630392766
182,0.21364585433796518,0.7460372450703813,0.015961064187442763,0.0009438676639992887,0.023411968740211512
183,0.08173379125698926,0.87564609525001,0.029478030579319494,0.003209076524274285,0.009933006389407043
184,0.00447008649964542,0.8006901329977758,0.18967466336026165,0.0013226519719700936,0.0038424651703470986
185,0.08498078251450271,0.7997394397561376,0.029958394195259593,0.005958766549340551,0.07936261698475959
186,0.13292808431048397,0.8406407501414426,0.008711110920841003,0.008076881578437134,0.009643173048795224
187,0.07627037633173263,0.9111840764186281,0.007464894928344746,0.0013232162611526552,0.0037574360601418
188,0.022733678748967576,0.8944313177361879,0.07965798641980316,0.0009552079402892832,0.002221809154752087
189,0.11709549772576429,0.7735132737977574,0.09071892310200108,0.00281750327804136,0.01585480209643585
190,0.01171941216880959,0.9446274429724393,0.039289021301151694,0.0019081962925711936,0.0024559272650280383
191,0.009979923595159625,0.6574656680206299,0.3294687722427784,0.0009069257862986951,0.00217871035513338
192,0.00735955476402924,0.9567196720707272,0.03282949746899544,0.0007401926948279213,0.0023510830014201083
193,0.0030991198287252265,0.5329594327120238,0.4614004854340313,0.0008601411196678535,0.0016808209055518104
194,0.0020287316171168014,0.38657788208981864,0.6086690551759911,0.00044956350932830045,0.00227476760774516
195,0.0034579373434658737,0.5698603339331239,0.42335768255849004,0.0006426890813930059,0.002681357083527318
196,0.0002886678621488216,0.08213887823892277,0.9169783911757559,7.275546025187073e-05,0.0005213072629205506
197,0.0005587995485949705,0.18548914064704455,0.8129991543257173,0.00014008222909326856,0.0008128232495499364
198,0.0007972212421011858,0.39692531868865794,0.6010809747401165,0.00014451100536803132,0.0010519743237564344
199,0.0006059448619833396,0.19919345919730796,0.7991778374992115,0.00012833256091885416,0.000894425880578386
200,0.00034798045836087265,0.17491256484173046,0.8236686145284318,7.50801166361323e-05,0.0009957600548407945
201,0.0001386477704906632,0.05750649407097749,0.9417634290921911,2.8548130572157272e-05,0.0005628809357687756
202,0.00022131339109431503,0.04297714083994364,0.9563631838059704,5.1664645772705504e-05,0.00038669731721879016
203,0.0008037068073857,0.04963437526091908,0.9486382755127734,0.00011833001649803489,0.0008053124024238316
204,0.0003050985825841061,0.05113454977901204,0.9477069851855623,6.439473888343158e-05,0.0007889717139582352
205,7.779348317960165e-05,0.02272528730344784,0.9765996995794254,2.81016474477452e-05,0.0005691179864995624
206,0.0007088505103941454,0.0452926476902101,0.9528825363556034,6.522824683624982e-05,0.0010507371969562614
207,0.0005578377531263094,0.09680874688962428,0.901174969297772,0.00013843149515980812,0.0013200145643177035
208,0.00024785423174931406,0.041654595220624854,0.9573418553387352,5.0924237089744676e-05,0.000704770971800866
209,0.00019721182250319314,0.03699478771698071,0.9624527865327472,4.437445114651088e-05,0.0003108394766225821
210,0.0003047698916709735,0.054115933022364754,0.9450748274698021,7.244706282054763e-05,0.0004320225533417379
211,0.00012877631940261345,0.01624958930307465,0.9833321048346485,2.6880779348301894e-05,0.00026264876352588063
212,0.00018088361120073912,0.024676329902193154,0.9747492203500941,6.810185252229982e-05,0.0003254642839898487
213,0.0002646612351914042,0.024715209455517487,0.9741114333635298,6.281274461993964e-05,0.0008458832011413091
214,0.000277654853835703,0.026687581495880842,0.9725198636952295,5.293867712697779e-05,0.00046196127792721243
215,0.00035260919752932133,0.02053589941997745,0.9784758002192151,5.91478548578396e-05,0.0005765433084200866
216,0.0005708569632003488,0.01687305067463135,0.9816763435883095,9.514253729127086e-05,0.0007846062365674719
217,0.00031004137605174155,0.011769700167883269,0.9874597004129336,6.334957964077213e-05,0.0003972084634906372
218,0.0003134050335451943,0.030207062802197607,0.9687275294297164,0.00011076766151105193,0.0006412350730298221
219,7.57711126704268e-05,0.014789185668049735,0.9847182858470677,4.152211861234788e-05,0.00037523525359967855
220,0.00043118865187354217,0.018186994020665287,0.9807196364355978,6.970913319960249e-05,0.0005924717586639047
221,0.00029110235048269295,0.03995273495340302,0.9590764300583349,7.805381426710991e-05,0.0006016788235123093
222,0.0008190424928240935,0.12435443318437805,0.873458639120125,0.00017255460913839692,0.0011953305935344081
223,0.00043804437170306813,0.04614808423324358,0.9526487337398625,6.999696397251924e-05,0.0006951406912184503
224,0.0006875098198714884,0.0372427796684127,0.9612886965419629,0.00012687523565338955,0.0006541387340996186
225,0.0008690203865977304,0.05128137056153425,0.9468327059133836,0.0001261752345149732,0.0008907279039694694
226,0.0005111553538975137,0.04504522239838033,0.9537303806571564,6.407031465902036e-05,0.0006491712759067973
227,0.0009140943020585952,0.03786559727339289,0.9603663845882673,0.00012723827973183124,0.000726685556549447
228,0.0006804511878024407,0.0804383730236891,0.9181963212384225,0.00010708279076953274,0.000577771759316214
229,0.0005163622836945152,0.054065585534028494,0.9443833956992683,8.425275015321501e-05,0.0009504037328555557
230,0.000407605681092872,0.027578507269459086,0.9712204560772976,7.523501421725736e-05,0.0007181959579332078
231,0.0005148838085900185,0.032053697598604027,0.9666705709039917,6.557090217608247e-05,0.0006952767866381778
232,0.0016613513896179713,0.12160156687832438,0.8729369509034695,0.0005960898384185325,0.003204040990169707
233,0.0001387602724806638,0.020278768682186258,0.9791866764081382,3.933755874612648e-05,0.00035645707844892744
234,0.0003883939772772931,0.022069737156684345,0.9769603081475379,4.994026936397163e-05,0.0005316204491366851
235,0.00041971834237816,0.021614760680630642,0.9774570456873019,5.8774086202117706e-05,0.00044970120348728567
236,0.00016642509632644554,0.019325605248000054,0.9801067390857912,3.074039344007677e-05,0.0003704901764423787
237,0.0004280851381314713,0.013684891612946113,0.9851914411863673,7.263290514127811e-05,0.0006229491574139436
238,0.0007282785504957562,0.020424524143054557,0.9779794206570954,0.00011412353503320263,0.000753653114320974
239,4.823012759332411e-05,0.010467555323367284,0.9892559666014892,2.3963219838516417e-05,0.00020428472771151894
240,0.00012798409895615486,0.025298460931305534,0.9740042764488955,4.51298867139737e-05,0.0005241486341287843
241,0.00019216930342486982,0.023099895724001264,0.9763059197745906,4.441900256737776e-05,0.00035759619541589403
242,0.00013999237236414746,0.02114349547854156,0.9782344668120913,4.263355975197339e-05,0.00043941177725089045
243,9.129949679481614e-05,0.008657165939406413,0.9909634115528805,3.620770157871337e-05,0.00025191530933965054
244,0.00047083261797702325,0.015921434535059422,0.982918371554968,9.0392223297797e-05,0.0005989690686976547
245,0.00019963361150403383,0.030506030229506702,0.9687040609319887,0.0001291102052561495,0.0004611650217443744
246,0.0003732804896218962,0.018467114957414484,0.9804165076280684,0.00011382595146101206,0.0006292709734339978
247,0.00022522126053371692,0.024424611602067187,0.9743259075646377,0.00023148877019206108,0.0007927708025692692
248,0.0007457380800938044,0.02464518669173059,0.9728475299622302,0.0003045155190618567,0.0014570297468836366
249,0.01588284653533472,0.16710158033745387,0.7211046526499543,0.0020785160543867454,0.09383240442287026
250,0.01738207100308393,0.38173482583142204,0.5875789328814828,0.0009110748685786915,0.012393095415432575
251,0.037598479155952325,0.8650633259699486,0.0907432424901118,0.000537652397616317,0.006057299986370984
252,0.019899746522087074,0.6516767977826587,0.32574373357058833,0.00016347771569461038,0.002516244408971124
253,0.007405875803885312,0.35949884187469905,0.6314396151832813,0.0001925694296791822,0.001463097708455113
254,0.00297601786676302,0.2782634964150415,0.7165559454640921,0.0004071178988588218,0.0017974223552446314
255,0.0025465457311937335,0.228875127585393,0.7658513449826022,0.0007338459151983198,0.0019931357856128335
256,0.0017022541875845018,0.13889599974522782,0.8568548583681072,0.000567036686042297,0.0019798510130382267
257,0.0027002036408173857,0.28293196363726497,0.7112942619104017,0.0010696395074081988,0.0020039313041076497
258,0.005229447960083166,0.34729023884380855,0.6410420444973457,0.002587927071307997,0.0038503416274545143
259,0.0029495269098142748,0.19209815667142868,0.7970348672818389,0.003107194466714623,0.004810254670203609
260,0.27014626804927283,0.2701022413465833,0.008742022604392356,0.03008674382943131,0.4209227241703202
261,0.3271761074066354,0.6039298353733282,0.00902856743599206,0.02709230500959195,0.03277318477445239
262,0.35843587309756825,0.5965703985373327,0.004529671735943318,0.01643465710911987,0.024029399520035643
263,0.3830176765856547,0.5458101230595986,0.020828002630116797,0.01847547456346856,0.03186872316116124
264,0.08576479550458388,0.596849074081356,0.01026276800560332,0.29789598838264447,0.009227374025812408
265,0.04563702157228649,0.824524216764633,0.00627596911943718,0.11399293634803592,0.00956985619560742
266,0.04865218893383627,0.19665791191563745,0.0002634065688817633,0.7477599348482932,0.006666557733351372
267,0.08837280028532485,0.3126728596346813,0.001172229598079612,0.57429119934329,0.023490911138624317
268,0.0948845094224724,0.1704929495405341,0.00034255510538075645,0.3727274978827287,0.361552488048884
269,0.30670048490351726,0.04850040614155191,6.046461963363401e-05,0.23489042789513181,0.40984821644016545
270,0.3611136061069917,0.3657622736786529,0.0007806327680850639,0.21595388484860545,0.05638960259766489
271,0.48128325121024834,0.26827385218809147,0.0003648839699935732,0.155396985900864,0.09468102673080264
272,0.41811644183030366,0.15303515635315468,0.00013548466533832928,0.337665463771874,0.09104745337932947
273,0.2804822733114571,0.21738178401273184,0.000617304019971846,0.3786305869644229,0.1228880516914164
274,0.08860407025289666,0.03291315581749492,6.180485427017242e-05,0.8522169361613186,0.026204032914019626
275,0.05702792038799463,0.017022032948939708,2.647559220655091e-05,0.9141590343824326,0.011764536688426377
276,0.03450014428582909,0.005684774465270488,1.008502358749381e-05,0.9563427131726613,0.003462283052651627
277,0.025863535058754137,0.0041268319238024695,1.3001069480544492e-05,0.9660724254456348,0.003924206502328193
278,0.019365876611940485,0.00303915233306667,6.0242136464271354e-06,0.9757948320393466,0.0017941148019999928
279,0.03126880202274696,0.005670800449382647,7.384893106438009e-06,0.9550001237947978,0.00805288883996611
280,0.041933030315347335,0.008243148981897793,1.535310464557105e-05,0.9422772817374299,0.0075311858606793795
281,0.04622801828754568,0.004426827465303429,3.5981932159163187e-06,0.9454603786702422,0.0038811773836925742
282,0.0428981905751449,0.009650745361791668,1.2045695275896246e-05,0.9416222508359231,0.005816767531864592
283,0.03503831595268335,0.005531134698345312,3.224775251404826e-06,0.9565008330921156,0.002926491481604345
284,0.04412631937588861,0.006965672436790918,4.407595877287627e-06,0.9431291273050544,0.005774473286388777
285,0.02634735585430654,0.005248455113762382,4.7443574108841865e-06,0.9622317717565912,0.006167672917928888
286,0.03281579854214255,0.006560648331118817,4.645212670137033e-06,0.9553118339855063,0.005307073928562161
287,0.03357566410230009,0.007932670045649336,1.720296682300072e-05,0.9456680384215793,0.01280642446364831
288,0.05065414693700027,0.010234761613161895,1.0787456575722906e-05,0.9227017989976314,0.016398504995630538
289,0.06255096847769191,0.014956680187018293,0.00013824034787613667,0.29955004241564476,0.6228040685717688
290,0.36618786718995433,0.05695211091059456,0.00012149985345083386,0.3722526450638699,0.20448587698213028
291,0.37831300878563234,0.10669756285487007,0.00011434059658151798,0.08053284302228571,0.43434224474063043
292,0.07429064201020574,0.023433736598616695,0.0002951490123766161,0.019156112804447373,0.8828243595743536
293,0.04528620599315405,0.01099044959990592,2.846058463920602e-05,0.021356887491463673,0.9223379963308371
294,0.0045246200023918,0.0070950429819436715,0.00033202477936766594,0.006912562040356846,0.98113575019594
295,0.28212355119997007,0.013183651957773386,3.526045515747725e-05,0.016568549234747064,0.6880889871523521
296,0.7631922047701397,0.047546350621722355,0.0004150154533225263,0.06745227691370104,0.1213941522411143
297,0.2257133566801215,0.5368951072341012,0.0028361377801098347,0.06489007427488971,0.1696653240307776
298,0.008758870456406305,0.004125581362921125,5.915075590066717e-05,0.007109059804195859,0.9799473376205761
299,0.8028588866700334,0.0790540792816768,0.0001227250947530632,0.09207176148711334,0.025892547466423617
300,0.2988510134809532,0.5981561405256296,0.0009750229965810282,0.08051075424193696,0.021507068754899147
301,0.6723351245030152,0.1882990275362093,0.0003686212772455607,0.12785791508957386,0.011139311593955925
302,0.022408931618195554,0.9396236517183125,0.003041153534548142,0.03236548590555624,0.002560777223387603
303,0.015523456949498004,0.9057124407224812,0.003231978594065283,0.07389019874918304,0.0016419249847723404
304,0.05208385326217717,0.6571097246924447,0.0021089980239630793,0.2842076487360623,0.00448977528535297
305,0.031069604168277396,0.7977245509955022,0.0030434209262407887,0.16530535201473476,0.0028570718952447855
306,0.01435371442279745,0.861724119101954,0.020200829104774894,0.10256338397371673,0.0011579533967568014
307,0.06768721426662197,0.7157950547717151,0.01982650481252797,0.17646090962092872,0.020230316528206352
308,0.11535623705098919,0.36516309906601324,0.000370407536480899,0.5099692916974568,0.009140964649059818
309,0.03911776971330863,0.8687476114916974,0.0026805617504888557,0.08669887154566629,0.0027551854988387
310,0.011929990712395576,0.9475369788625161,0.024738400798190303,0.014540469487512513,0.0012541601393856257
311,0.04739565136239061,0.9055521104769239,0.003279996924542735,0.039112545671739336,0.004659695564403425
312,0.011471626750717138,0.9232750514876602,0.027798643539756113,0.03520999494670785,0.0022446832751585126
313,0.014983128450497556,0.9026837664548205,0.02299332278699745,0.05634208188585525,0.0029977004218294002
314,0.020269199940550604,0.9275322660408813,0.010423614418733438,0.037926050742313866,0.003848868857520835
315,0.01371386731126349,0.9284776899230361,0.026664545159289253,0.028612103899117662,0.0025317937072934235
316,0.004693324999162477,0.9482163369282994,0.0369201383170287,0.00933112898152593,0.0008390707739835896
317,0.005830289833460708,0.9346303494460092,0.051493754037631505,0.006769873511423451,0.0012757331714753721
318,0.014661994365907744,0.9479595488302307,0.026374586288064505,0.008876902698769246,0.0021269678170277046
319,0.007347302955077612,0.9770924192030559,0.009459488572765086,0.004682748996604255,0.001418040272497209
320,0.0060423262439389825,0.8850355803042516,0.10362004479613392,0.003747485020737544,0.00155456363493817
321,0.006969511769605731,0.9451850456630952,0.04254005661720387,0.003630432391527982,0.0016749535585672004
322,0.0032634893966272923,0.8800174114440789,0.11252492723117213,0.002730331191220369,0.0014638407369015735
323,0.0033250342664913565,0.4367216410097781,0.5549368772249174,0.0029526761939211612,0.0020637713048920203
324,0.008995119680398305,0.9478850212474691,0.03052827580903834,0.008975533180836012,0.0036160500822582185
325,0.0064617036887665655,0.9741986385919935,0.01459963670818399,0.0023654613371813043,0.0023745596738747247
326,0.011395955077967635,0.9460974034597678,0.035930684416883456,0.0032759401487226464,0.0033000168966585814
327,0.007746975640424261,0.860186493223629,0.1268289374695314,0.0020040051482262634,0.003233588518189436
328,0.014040852375046509,0.9217104154792896,0.052517356365434434,0.004759695892844089,0.0069716798873855085
329,0.012254129214211098,0.9404120624618427,0.02863684508102441,0.007948124182011053,0.01074883906091051
330,0.009009600448428648,0.9318246955002879,0.04390133264333283,0.005819645834020289,0.009444725573930366
331,0.005104720970304547,0.9084383768515952,0.07125173988405312,0.008547221653056073,0.006657940640991158
332,0.1393138631399312,0.6975018314970743,0.016526684756376406,0.016990142445491237,0.12966747816112684
333,0.09311739724405735,0.024643660406309078,0.0006903584843573992,0.008258366978586755,0.8732902168866894
334,0.5019084086111381,0.4159303104175509,0.01039429473995851,0.015274956037604462,0.056492030193748224
335,0.4917615624123611,0.25078218558099075,0.008094369351446916,0.005980672017872042,0.24338121063732915
336,0.44770678014885074,0.4871290661985728,0.02158626140415638,0.002874080504703486,0.040703811743716636
337,0.06325998633230263,0.809589306318584,0.10461390875938194,0.015633560810328698,0.0069032377794029775
338,0.011856484451589011,0.7091437482834937,0.27140715807850585,0.004031283117605586,0.003561326068805988
339,0.06752806972944597,0.7865217971447197,0.081365341193792,0.0536999560124547,0.010884835919587544
340,0.005682566649165419,0.9400536433125344,0.04893764993070609,0.0037660754148284006,0.0015600646927658207
341,0.00948010534774116,0.8910370025871204,0.0882457852022441,0.00890974196135741,0.0023273649015368215
342,0.005079963310192301,0.9869485081823928,0.0054358105471233025,0.001841348800816825,0.0006943691594749115
343,0.0063798508256971065,0.7431246506205517,0.24643079967154904,0.0020208964146391363,0.002043802467563033
344,0.016638861369054143,0.9495027755376068,0.02160270173094799,0.008778581191525697,0.003477080170865432
345,0.004953967100491445,0.8832472571930196,0.1043940612467902,0.006061019201734444,0.0013436952579643313
346,0.005874470219006314,0.5802398306453054,0.3972861263969757,0.011850459968062098,0.00474911277065043
347,0.003319131909548414,0.9424147472700831,0.0415670751361224,0.010090392205163608,0.002608653479082412
348,0.005806364836716606,0.7188699507911132,0.2523838417303842,0.014875718519717052,0.00806412412206917
349,0.005124319486938433,0.9231691066327854,0.04777353112201309,0.02053547324188705,0.0033975695163760964
350,0.36893859070221174,0.5205624874291283,0.02350408375912655,0.02938825854568303,0.05760657956385039
351,0.3515075196068143,0.6360074188016153,0.001288601209268573,0.004009100186764474,0.007187360195537382
352,0.060445529043917416,0.8549051316692701,0.07582553009731494,0.0023717772494110116,0.006452031940086519
353,0.078457115456451,0.9076987276292531,0.009571146860734661,0.0022279153617772345,0.0020450946917839516
354,0.015751722001224034,0.9192415896904027,0.05991609237285671,0.0035131620361262828,0.0015774338993901607
355,0.00711834150701076,0.9008119480367232,0.08243766585316653,0.007510806225768562,0.0021212383773308247
356,0.018354738350164695,0.8479106354157039,0.12510985469434516,0.004304405489333053,0.00432036605045319
357,0.11393022427317795,0.8174114295704805,0.039676269498666684,0.01719548699267565,0.011786589664999188
358,0.006719719680969626,0.9828771054920241,0.008123753594233393,0.001576398633432291,0.0007030225993407326
359,0.023600012529944946,0.9410223377921461,0.032411241868134044,0.0014662204445817198,0.001500187365193154
360,0.003535739147995191,0.9419841064629529,0.05243632949875389,0.0008555295489415951,0.0011882953413566097
361,0.005106789443186351,0.9078489939996567,0.07779888523727078,0.007174981654063219,0.002070349665823122
362,0.004613909343601331,0.9769743200228849,0.01314406628878962,0.00384710298268304,0.0014206013620410786
363,0.002339755273957343,0.9249343804730649,0.06785985037521036,0.0032918303393483454,0.0015741835384191882
364,0.0020373297709584165,0.7057849586866056,0.28906293310058856,0.001746120929553535,0.0013686575122938245
365,0.002867995424888025,0.881004835762998,0.11160830239341678,0.002571430378210042,0.0019474360404872942
366,0.003398717751630894,0.8436111537104831,0.14563956462440755,0.005322786522767148,0.0020277773907112348
367,0.002717459221163762,0.9258117749143789,0.06452351760649398,0.00539857423721612,0.0015486740207472129
368,0.003877220382731542,0.9412224017256765,0.05043896536095939,0.002601363143566683,0.0018600493870659736
369,0.004194548669937036,0.8017584549235565,0.18724398290450042,0.0025449566049256223,0.004258056897080476
370,0.0023603584889416926,0.8463012622486131,0.14851749789543536,0.0014653141184686588,0.001355567248541258
371,0.003489077060560404,0.861698060380948,0.13097764277097412,0.0015768293794395324,0.0022583904080782312
372,0.0016144711278159223,0.7306135480815852,0.2636114805927652,0.002496464724930697,0.0016640354729030391
373,0.001777910597869506,0.8738010115652045,0.12071022813640682,0.001948442870222621,0.0017624068302965672
