epoch,N1,N2,N3,R,W
0,0.0358498260663875,0.01723522587648737,0.0001432245370053528,0.003482993347520751,0.943288730172599
1,0.010644241762643029,0.004853558111259671,0.00020987144674847226,0.0008282464152471242,0.9834640822641018
2,0.00680853081580863,0.0012379203514366079,3.323932951000444e-05,0.0013629601375490024,0.9905573493656958
3,0.006860904604614321,0.0010141960845622322,6.721515003503804e-06,0.0008449517897142441,0.9912732260061058
4,0.006560523280105019,0.004218242523302485,6.118134470470075e-06,0.0020876279329051506,0.9871274881292169
5,0.03389440068258429,0.0035304778114310024,1.3002103457463549e-05,0.003265910043856934,0.9592962093586702
6,0.23405985680460178,0.0022198564927757296,7.572200709276562e-06,0.0017221718898347996,0.7619905426120784
7,0.09295963519126157,0.005890572243240504,2.9795066595438984e-05,0.007088872170229697,0.8940311253286728
8,0.10283948742202648,0.0027253309636293657,3.056325354681228e-05,0.004180086199802157,0.8902245321609953
9,0.22318675291359874,0.005355340911043622,0.0005109703508962979,0.004835605632371908,0.7661113301920893
10,0.03223921990085119,0.00519169057197252,1.0616465784518362e-05,0.0032037688969157956,0.959354704164476
11,0.07453590281509746,0.009520661082447,1.1509368395142514e-05,0.012747054725711646,0.9031848720083486
12,0.1593332348377969,0.024091374549291836,4.3157136462574795e-05,0.009488174167545976,0.8070440593089028
13,0.10932561291031846,0.01488393610821961,4.522482215025638e-05,0.005278178333843512,0.8704670478254682
14,0.03249975865798465,0.0182524192985974,2.8308002691614856e-05,0.011931154851637362,0.937288359189089
15,0.03797993146577235,0.01584651700550925,3.1015763038681393e-05,0.007851699267909688,0.9382908364977701
16,0.034477922091774825,0.03672583823701507,3.075580919815292e-05,0.006948732788604192,0.9218167510734079
17,0.3101586414031791,0.033462713176490196,0.0002001196195770718,0.028760730155210457,0.6274177956455432
18,0.23627098641146368,0.022183171883738202,9.765477718799133e-05,0.013341947043629787,0.7281062398839803
19,0.04702245973962012,0.008175308868567481,3.7669782349645294e-05,0.0028662450641762332,0.9418983165452864
20,0.325043922668702,0.03758297713512852,0.00016802793711713992,0.0045487117311023735,0.63265636052795
21,0.37325706165050476,0.014441900232571728,0.0019798215810021883,0.0067172239350541795,0.6036039926008672
22,0.09961038343992842,0.030198101732172848,0.00014425157613539994,0.004794556872420521,0.8652527063793427
23,0.5613336714373861,0.014368704594830918,0.0032159069761191783,0.00661582000256963,0.4144658969890942
24,0.06532020041623879,0.0066614356730809645,8.312961173210525e-05,0.0020539279054541,0.9258813063934941
25,0.2790274341007712,0.0752589127963353,0.000756833711597854,0.008174933104290467,0.6367818862870054
26,0.09900850144932298,0.016294595542878414,8.585820930132554e-05,0.00529045352161446,0.8793205912768829
27,0.06787938181779031,0.007894093816646103,9.24161761695125e-05,0.0029478147028189888,0.9211862934865752
28,0.1628994054791455,0.014494362336011554,4.152186131197067e-05,0.005542044638236597,0.8170226656852944
29,0.2702429175298716,0.009890263421679098,0.0002105298200980699,0.004232761101148664,0.7154235281272026
30,0.013510731861005291,0.008227349244337023,0.00010041961395842596,0.0016077324587054674,0.9765537668219938
31,0.07596876673257907,0.008601991307974427,0.00012441273629965657,0.007011143420550201,0.9082936858025966
32,0.08018773908779342,0.007398815006530324,5.1522464974190355e-05,0.005149990080747255,0.9072119333599548
33,0.4679225350288795,0.04443212836920711,0.001077979627543395,0.03221704324004806,0.45435031373432194
34,0.04432380603934714,0.0127960434667956,0.00015879608828802379,0.0005642351629258504,0.9421571192426434
35,0.532470709628802,0.07186794611129618,0.0005439306776981594,0.010342356435124695,0.384775057147079
36,0.012198530135048681,0.010661022257127188,0.007304256195374124,0.0011998560756479963,0.968636335336802
37,0.2676128182858805,0.03669422686099492,0.0006638305870569704,0.004627796894706284,0.6904013273713613
38,0.052940620224225604,0.016882374489255496,0.0008471140537871742,0.0010582450017957322,0.928271646230936
39,0.12068593548274427,0.008448316754619437,0.0008640487103515283,0.0019774001024603716,0.8680242989498245
40,0.2672741135356589,0.019475963193287708,0.00013643268882111595,0.004930622875752516,0.7081828677064799
41,0.24854695286431153,0.10317403672872777,9.090850130020158e-05,0.017678847480373863,0.6305092544252867
42,0.19436490504239623,0.05096009970904457,0.00038187543953359257,0.023584579581817474,0.7307085402272081
43,0.5936369013683498,0.03333812905889297,0.00010012152760111747,0.010188717430765234,0.3627361306143909
44,0.08795031509753351,0.028621400981468124,0.0013481409308895036,0.00383682774953978,0.8782433152405691
45,0.34350778977551205,0.17774449008685445,0.00224122936047602,0.005966708210858483,0.470539782566299
46,0.39762979419812394,0.2471959347997561,0.003167757919317736,0.009637825362093835,0.34236868772070844
47,0.3440446991439473,0.2110256452146195,0.010039830624676331,0.008754937932379978,0.42613488708437686
48,0.27961785222375884,0.39780721128174756,0.004090444745484746,0.007194351364407566,0.3112901403846013
49,0.14934514746686658,0.4840924620538438,0.0014610429480916725,0.002332130286893981,0.362769217244304
50,0.17609986689872856,0.7541026010876967,0.008138871442073132,0.005349985576172747,0.056308674995329114
51,0.32960757066705143,0.18868640090573227,0.006635299732978022,0.005837980343420514,0.4692327483508177
52,0.35272586909266307,0.5797160594180586,0.0042853710688725505,0.007588347845444217,0.05568435257496166
53,0.3081020645308677,0.38227016352119025,0.002265597165277761,0.005445177829311893,0.30191699695335245
54,0.4249810124563033,0.49422528039488006,0.011415209297228682,0.009765871551576042,0.05961262630001181
55,0.3048011133966934,0.46667955657197235,0.02123368149375621,0.011041630508896604,0.1962440180286814
56,0.10696617763389343,0.8403345335047996,0.01449792739283886,0.0028988877234470516,0.035302473745021316
57,0.29937121329775274,0.5577074822991728,0.028660777091591125,0.007488745818790103,0.10677178149269329
58,0.29847072114396017,0.32014117240510304,0.039461233869843466,0.0106743377784853,0.3312525348026081
59,0.24292446279062077,0.6360549272664991,0.011433584195455003,0.008882899058918498,0.10070412668850669
60,0.10545721664822064,0.5860838233923428,0.032650032076429594,0.004254396807187405,0.2715545310758196
61,0.08240207306612043,0.7837002235110008,0.09453326786790726,0.0033324456095436667,0.036031989945427896
62,0.22748236086516366,0.23447797879056703,0.026448148177413276,0.006968812068579894,0.5046227000982761
63,0.10323487920251455,0.8271444165006286,0.03947155157919749,0.005337917828045404,0.024811234889613887
64,0.3790116474755565,0.4535493680897957,0.0544087652772427,0.002167862300677801,0.1108623568567273
65,0.40555056571762754,0.43685436620797385,0.04973116619715405,0.0030225643998027583,0.1048413374774419
66,0.23612821205888782,0.681558952671693,0.03705302913085442,0.0025046438239659297,0.0427551623145988
67,0.07356545930438921,0.7580615556227238,0.044673893445918975,0.0006406311503843364,0.12305846047658357
68,0.15122532193523153,0.7192264909832163,0.07005033556583946,0.0023895718250754564,0.057108279690637156
69,0.10639672500729042,0.6179132289908599,0.13167312072320353,0.0028022054424322184,0.14121471983621398
70,0.16872921970590263,0.7181310929878456,0.05462612260702492,0.0020355929492383326,0.05647797174998847
71,0.16533793187390355,0.5365814665462038,0.03768604288226442,0.0012764120773207683,0.2591181466203074
72,0.03153132264222921,0.7260225066404811,0.21745172473183025,0.001022124238905378,0.023972321746554053
73,0.16295431875675212,0.35859235799298983,0.058412123267393236,0.0032957663027158206,0.4167454336801491
74,0.25054464062879184,0.560074887027917,0.09070393890432903,0.001682014198934313,0.09699451924002768
75,0.24931674903391055,0.3530285069556959,0.03969822511186252,0.002090106462911037,0.35586641243562006
76,0.3278146168588311,0.21483964497589023,0.07345796809521597,0.0027069536070600904,0.3811808164630027
77,0.2654743992183883,0.566662974473207,0.12386293447812527,0.002375527132741591,0.04162416469753783
78,0.40643818240573304,0.3090361793970213,0.11016395426127626,0.004085126544765883,0.17027655739120337
79,0.12330769312877346,0.63588210354473,0.1507295096941478,0.0011142631421547095,0.08896643049019409
80,0.30889208046268896,0.35997221306825455,0.012877438023263481,0.005444239143956275,0.31281402930183666
81,0.35971519682376457,0.338549039247837,0.041136176588767386,0.00582109116738941,0.2547784961722416
82,0.2977079718731407,0.34275449061804114,0.019805665756790422,0.002254981381496739,0.3374768903705311
83,0.17949877727773234,0.28263400980655046,0.06375161712811425,0.0067062029765295,0.46740939281107324
84,0.3546253430437907,0.47236758736393286,0.019342578166750935,0.004238047142827439,0.14942644428269805
85,0.1980097397278845,0.6373359135339778,0.07987924963656094,0.002092247166489073,0.0826828499350878
86,0.03934003998701009,0.7816359451426668,0.14322278557871437,0.002518695989656462,0.03328253330195235
87,0.06004434500288616,0.40767909440502914,0.17857876938288075,0.027763764067872797,0.325934027141331
88,0.017532470293926863,0.6522957935513827,0.29108317702483877,0.004047819454390373,0.03504073967546142
89,0.09536060493998387,0.4374705945406869,0.0840101067578093,0.00983894699910488,0.37331974676241514
90,0.10446593343660096,0.7348653336821799,0.08739706741655752,0.003285957749065957,0.06998570771559574
91,0.15019617508985666,0.30872007660712936,0.01908797648209845,0.007129894658970684,0.5148658771619449
92,0.13788091993521318,0.6194199726532966,0.15344057806484984,0.001977657297445425,0.0872808720491948
93,0.14140441995107725,0.6720836142899634,0.05949044536003999,0.003388074892868201,0.12363344550605102
94,0.03874446860510628,0.8100986090567797,0.11122160255237759,0.0019537471427209614,0.037981572643015694
95,0.16464802288509076,0.2507651326801974,0.02837376969917364,0.0027785261763609475,0.5534345485591773
96,0.06703306358788322,0.8080377264808839,0.04221890308216219,0.0011489894594251607,0.08156131738964566
97,0.07629963190319289,0.18573507896377323,0.02557660754378548,0.0060804048672591085,0.7063082767219893
98,0.1036012852866897,0.5120224487157903,0.17342556654820432,0.0027091619160605706,0.20824153753325503
99,0.13117826466901875,0.6403849515107127,0.06565881912680589,0.002852923007573717,0.15992504168588903
100,0.2392666705161725,0.2129663808916997,0.15267372451785244,0.005961403795868709,0.3891318202784067
101,0.20703608697996773,0.663969490673893,0.06659060840047115,0.00550647652847605,0.05689733741719202
102,0.17718254167276914,0.5065749385342484,0.12022588692064852,0.0018939857841342536,0.1941226470881996
103,0.2710035617392474,0.5409230728442246,0.07727666242741575,0.0033187852884674074,0.10747791770064474
104,0.1989731019005314,0.5220039516876959,0.1046388308992022,0.004796482541976192,0.1695876329705944
105,0.12093579897500745,0.6905816744321799,0.14125654751894953,0.003891351503324421,0.04333462757053871
106,0.17117385894136217,0.5053917364947782,0.052863059520039585,0.00438156864414396,0.2661897763996761
107,0.03384548664958505,0.7915535449442711,0.13174076489791953,0.001029531541753669,0.04183067196647061
108,0.14512968486725064,0.4529620315610696,0.04900408040176477,0.004335714379901189,0.34856848879001373
109,0.0698900194633948,0.7424821025011219,0.16100994225614768,0.0014649120556553276,0.025153023723680286
110,0.05423485429794039,0.5763575208994319,0.08068924438875782,0.003503126804244787,0.285215253609625
111,0.06353562105391361,0.7115842314581943,0.1951042628520095,0.002251593882213522,0.027524290753669044
112,0.10678660195081718,0.6113719320680269,0.07588215123327083,0.005522665294037604,0.2004366494538474
113,0.06456516897897532,0.6347742953731748,0.22946641156175335,0.0011155375919437254,0.0700785864941527
114,0.30059221954898774,0.4791061036551322,0.0474848255402173,0.006717432573367615,0.16609941868229508
115,0.35713241083972286,0.3753738787811406,0.08048557736340577,0.005264610002084161,0.18174352301364663
116,0.35131752141279565,0.491964167319321,0.07456297088629368,0.0026336408739601204,0.07952169950762947
117,0.1720097753923084,0.4283175375400808,0.35002683209584684,0.002235130043740872,0.04741072492802284
118,0.3286653156214567,0.5398976341350286,0.07153225762218549,0.00993778776762131,0.049967004853707996
119,0.0831871898721463,0.3447836098080792,0.31222822012455936,0.010465436582352966,0.24933554361286223
120,0.10422849769796233,0.5658198993909853,0.24321423545710327,0.0064067091101308905,0.0803306583438182
121,0.2956513851800687,0.3187233559727548,0.06826419705712565,0.00669097426032671,0.310670087529724
122,0.16048736799945015,0.6595370194595578,0.1203485489680507,0.00771989719089149,0.0519071663820499
123,0.3361542212132092,0.31301080563366734,0.05319336323781337,0.013887297118530406,0.2837543127967796
124,0.17028393589588897,0.6209371303078661,0.08976336646168623,0.007902518961848773,0.11111304837270994
125,0.17184189216659362,0.6883023683797524,0.03048958712111459,0.01408614111548293,0.09528001121705651
126,0.3649242853399056,0.5083768184694625,0.05331970909208063,0.00999519301145162,0.06338399408709974
127,0.19124478966179498,0.6229768731536057,0.07502504480060385,0.007367236045658063,0.10338605633833753
128,0.17853806189127436,0.6577076987817672,0.07478599757992817,0.0035731901693587475,0.0853950515776715
129,0.30714278414301904,0.4806326867381427,0.05080311833840011,0.01785547660910003,0.14356593417133817
130,0.29605902678113993,0.38948397913770266,0.1244481282098105,0.013904796163206525,0.17610406970814044
131,0.07090310068376975,0.803587613832039,0.04378644910899827,0.015464905862673241,0.0662579305125198
132,0.04612135577047847,0.4422764833520146,0.24187712130802824,0.008635581719813431,0.2610894578496653
133,0.22767877372097975,0.6771253261938199,0.01287691627449722,0.03558515188242981,0.04673383192827339
134,0.13396307897667614,0.3237670754214607,0.10274220753084981,0.04047259181438731,0.3990550462566259
135,0.08509373311889844,0.7884646344798437,0.0432864513374106,0.023961582178165,0.059193598885682236
136,0.05955761593687466,0.6190211261315361,0.07042770799729763,0.014067003457210134,0.23692654647708136
137,0.10636868947557034,0.831639343106949,0.029663445105904376,0.008424634920797907,0.02390388739077839
138,0.2053691312525984,0.4877057909669412,0.08129069167605939,0.03671992975271128,0.1889144563516897
139,0.04379581339325188,0.791951077297019,0.11283578990690402,0.02338968188387434,0.02802763751895077
140,0.22083799356145872,0.40887141958900713,0.027055958332763214,0.08158345773053431,0.2616511707862365
141,0.0707627078418657,0.7880365920199909,0.02940672220657293,0.030712939100290795,0.08108103883127964
142,0.2692656639466515,0.17977237109663421,0.015053880392014813,0.04274054506271294,0.4931675395019864
143,0.11045303251122479,0.802189139153567,0.019123129262948346,0.012714766419203698,0.05551993265305624
144,0.24851009079706982,0.5752383940715926,0.009617091591330354,0.05194651390135197,0.11468790963865523
145,0.20398447040734408,0.39525793325796044,0.03186186277252281,0.036681027018127095,0.3322147065440456
146,0.033830606210717866,0.0753749586506313,0.004295941911753452,0.048398719849576444,0.838099773377321
147,0.11566444589141994,0.13392592553146954,0.0016499948946096315,0.09477410639945692,0.6539855272830438
148,0.16906908902453832,0.183752595448867,0.0043474775879772274,0.07137541490078404,0.5714554230378335
149,0.17348827667088035,0.3224002564890647,0.002404837526883245,0.3493229199253907,0.15238370938778106
150,0.5085959801380174,0.13591678118366785,0.00038271796083440155,0.06444158337174465,0.2906629373457357
151,0.11031733841518696,0.6928481295594452,0.014614843530530922,0.03744400267744396,0.14477568581739303
152,0.5828636865468764,0.28318956022506475,0.002954541905693576,0.06626017024739048,0.0647320410749747
153,0.362994788832952,0.3101239594476634,0.004158231059993472,0.01867360979852655,0.30404941086086457
154,0.2636117742486387,0.5981246138405213,0.0020399550964015785,0.06512780725391214,0.07109584956052639
155,0.2230431508235504,0.19055892983415776,0.007299308755996443,0.03906177121228791,0.5400368393740076
156,0.2529081955165781,0.21714619271608587,0.00665934267659522,0.10745082398987398,0.41583544510086684
157,0.14891018718090326,0.06960686299661727,0.00684763760863056,0.0287968974706193,0.7458384147432296
158,0.3889937618990458,0.39574499064108826,0.03953891044889064,0.031518402728991604,0.14420393428198386
159,0.17616748737324078,0.26625851896465913,0.011292026670404754,0.020715430671385,0.5255665363203103
160,0.15549016173357716,0.6495166649066565,0.03570040878930728,0.06882102034783498,0.09047174422262401
161,0.13702287622691983,0.26689893629525696,0.031147788543203585,0.05348594952201763,0.511444449412602
162,0.3750835875347699,0.5171699615398376,0.01017581867647817,0.03274361078223584,0.06482702146667846
163,0.08171940924266616,0.16635502586639028,0.009391517912287744,0.012397221808690953,0.7301368251699649
164,0.24845507945506984,0.6431452799615899,0.01323468860932771,0.03501457630258443,0.06015037567142815
165,0.2713055702765221,0.2044048923381725,0.015043304760487776,0.04099137018690417,0.46825486243791353
166,0.06612044580323222,0.8493011071380455,0.03956533035474177,0.004256333745592834,0.04075678295838772
167,0.11113099483864011,0.35051692963737413,0.020787951067566587,0.007051544643116048,0.5105125798133031
168,0.3686823424806075,0.5496182894871257,0.03457306271326747,0.005343207231468867,0.04178309808753059
169,0.15996596926475634,0.6582284823620462,0.03471085922002673,0.015230330797793512,0.1318643583553773
170,0.2737376222688584,0.6037199228244059,0.06895043304539855,0.0057837080555763355,0.04780831380576085
171,0.35476134466907605,0.4844682475951418,0.031813289365058915,0.018286538653007094,0.11067057971771611
172,0.3062203136000606,0.5284882833699949,0.06808774672835281,0.009630523454453789,0.08757313284713776
173,0.26088439390833645,0.555894469495633,0.06259181401873193,0.0173192046767545,0.10331011790054424
174,0.3601761654484065,0.5348301093516141,0.04722811745440662,0.006649123756610289,0.051116483988962486
175,0.38157669988900733,0.5355902258886124,0.029139934612775927,0.02670654041057097,0.026986599199033415
176,0.18855826974844236,0.6593712772089072,0.057163144694304176,0.017622790144338485,0.07728451820400775
177,0.17140772860496772,0.755007091196179,0.04218954031906993,0.009255975946016834,0.022139663933766537
178,0.18164618721612713,0.6344305074288245,0.018051550708571666,0.006342286449789292,0.15952946819668745
179,0.24301360643696035,0.7019815136103709,0.020186592104793125,0.005527068070832707,0.029291219777042948
180,0.12587231302030505,0.6646213657198661,0.14568555854961657,0.009721300899034651,0.05409946181117781
181,0.23952284169461033,0.6076694627360493,0.027357556803985817,0.012874486008665824,0.11257565275668878
182,0.24395823376582687,0.46205634451039573,0.06569245113955319,0.02665994406719812,0.20163302651702597
183,0.34794220301701945,0.5543278666736696,0.01842034765205353,0.03176865805714474,0.047540924600112514
184,0.13406688766635136,0.7011708462539856,0.05992002188105386,0.015205395952467886,0.08963684824614139
185,0.11296016955635264,0.7387286925589623,0.04373285203632246,0.07524176035308583,0.029336525495276832
186,0.10736893299469702,0.7300931303494927,0.048887237715350404,0.03712833066548077,0.07652236827497906
187,0.11544008945318954,0.7898579718020545,0.019859926106028238,0.03729235935513732,0.03754965328359038
188,0.08595860323496136,0.4824175034818494,0.01826409086383115,0.05304722171350792,0.3603125807058501
189,0.0331042667540143,0.03494246666513295,0.0006972906619631379,0.003115911596716943,0.9281400643221727
190,0.39519577191205907,0.5172549585969459,0.01132768339829944,0.011745239970253379,0.06447634612244213
191,0.2749831543517744,0.35791786620582877,0.01304350945668048,0.012863366990902072,0.3411921029948144
192,0.3885994169203101,0.48561145262563055,0.003181966307145375,0.034707936611849274,0.08789922753506471
193,0.3433020128757639,0.1144100659210313,0.005937333245286395,0.023678727577889414,0.512671860380029
194,0.2469291806141892,0.6870273300658584,0.010200062085752356,0.03334773001164854,0.022495697222551517
195,0.2718214554326361,0.4862368570578632,0.03030027251188839,0.05207744695386991,0.15956396804374254
196,0.10334622380776368,0.7616000594683164,0.02942781272497759,0.084847144355651,0.020778759643291293
197,0.05560972031123841,0.43665654624214245,0.053819496154327975,0.06179785553062302,0.3921163817616681
198,0.09675339626270561,0.7687910226516586,0.026210265269891227,0.08758740295530208,0.020657912860442537
199,0.2265978623783203,0.5917577235278709,0.014450719842454381,0.03736991581999639,0.12982377843135814
200,0.11016125852038591,0.8473199435993564,0.01645391946328807,0.009903515275735643,0.01616136314123392
201,0.23223267495204755,0.6142845727429168,0.01449485403458963,0.02034646667069978,0.11864143159974631
202,0.10664533275158182,0.8453288959676565,0.016842788142657904,0.0030575063116096263,0.02812547682649434
203,0.21989359184961477,0.6580432262110144,0.009958208783597872,0.025520953412541035,0.08658401974323185
204,0.14763871818928345,0.7516622791125229,0.026977065859568324,0.012210168795406718,0.061511768043218645
205,0.18488277644877374,0.7113778751718904,0.020692818499608294,0.026929802655204758,0.05611672722452265
206,0.031596508128698846,0.9008074177914458,0.03157182218247371,0.004836842937272382,0.031187408960109197
207,0.1304843876123534,0.7865018710525166,0.035582571801749105,0.023281688671622655,0.024149480861758384
208,0.07283300064187566,0.8768605830593265,0.0222708756999765,0.00474420859642024,0.023291332002401303
209,0.16467564396931128,0.7485423788803952,0.03582678249343096,0.014648158915927061,0.03630703574093554
210,0.13202387098698926,0.7474219182525157,0.036324876558345216,0.005632040072564868,0.0785972941295849
211,0.34639547697085454,0.558750921005767,0.008232370496573887,0.026784248757344874,0.05983698276945991
212,0.18844846185894798,0.7026707225560415,0.03418894315924253,0.022781269399629243,0.051910603026138875
213,0.12443742505858568,0.8066056198430491,0.02575098606083155,0.031421820840796214,0.011784148196737341
214,0.16126752887987672,0.6851051732354797,0.024478806884889008,0.04069328227862996,0.08845520872112458
215,0.06593325191003228,0.8512026328477853,0.005395608275463384,0.06453025208979653,0.01293825487692254
216,0.22470308506143996,0.631487955541736,0.01419594363152483,0.09270018017075114,0.036912835594548034
217,0.17193917633819422,0.3838009208674413,0.049677289776387884,0.05893682032183132,0.3356457926961453
218,0.32468277913481886,0.551393465305363,0.01574444883253091,0.02656244293248997,0.0816168637947973
219,0.22046282387407426,0.5703019589762888,0.032089661517096066,0.013486795136573462,0.16365876049596745
220,0.4365060517790607,0.4273621982502279,0.028853362522641465,0.009245084639927601,0.09803330280814247
221,0.30012971865556054,0.6367176076024571,0.02186659121474607,0.0026938989088894486,0.03859218361834691
222,0.09047460159041561,0.8667827183454941,0.013540977866548634,0.01082120021743859,0.018380501980102902
223,0.20847352708111827,0.41684631103476755,0.026694224025881376,0.03801446825990361,0.3099714695983292
224,0.1880472642587001,0.6686435543800998,0.008008287198880559,0.022570014504501863,0.11273087965781772
225,0.2909359506959789,0.6112050658774317,0.00915926546085829,0.05124023303076731,0.03745948493496386
226,0.13558998566460537,0.2077338073137852,0.012803710108415077,0.01940531512390257,0.6244671817892918
227,0.33644641980053,0.24365611112202964,0.0038690346281442596,0.05398117481410664,0.36204725963518936
228,0.10071967578299881,0.6569746507619324,0.007897923512510901,0.010341967755639043,0.22406578218691905
229,0.33282498914605174,0.2194264093409719,0.004637467617677479,0.04660634260311499,0.39650479129218386
230,0.13113455740043659,0.6873656140956419,0.017936557318063304,0.07908517020226297,0.08447810098359507
231,0.2596040352208984,0.49166922574021027,0.022424210276918023,0.09003416368508722,0.13626836507688606
232,0.03226099532557679,0.044964096743574725,0.001031607142513048,0.013472636494133876,0.9082706642942016
233,0.23050389758188441,0.1487177874482188,0.003191868161313712,0.1152048384811684,0.5023816083274146
234,0.2662717775726383,0.1905022629823477,0.006742006769236525,0.07869004658354989,0.45779390609222753
235,0.445068340616655,0.3630941993756002,0.019685777375891098,0.057842665362418395,0.11430901726943515
236,0.3546794035353395,0.1607141279017344,0.0049927252981154125,0.1432141852348833,0.33639955802992744
237,0.43068021079687685,0.29598141424348895,0.004018867199040452,0.21047084913831987,0.058848658622274036
238,0.37466216891565224,0.3321359832468747,0.01761341751394316,0.0813174873671545,0.1942709429563754
239,0.14268339794160126,0.7853125323889666,0.016387935921890723,0.03314717097708893,0.022468962770452492
240,0.18924929640916568,0.2900815605737533,0.00795489853879082,0.37197678021704395,0.14073746426124636
241,0.17379267756414982,0.6782035657794423,0.03028528789172575,0.10183544171421488,0.01588302705046722
242,0.17522909040530296,0.19640017471983306,0.003769875301702161,0.32552735131488225,0.2990735082582796
243,0.3749571880563347,0.48651532868577807,0.010692423830941504,0.08849369016110563,0.03934136926584
244,0.17321794116658482,0.5585851751310327,0.006556297747973662,0.21457849436667129,0.047062091587737526
245,0.08124840688850514,0.8525319471983671,0.01974044500604877,0.017287390418340837,0.029191810488738153
246,0.24350486350109368,0.5717952107758856,0.008934046858901392,0.13223875544658986,0.043527123417529553
247,0.1440969051921026,0.8103521923066207,0.009635214523668813,0.015933070173706314,0.019982617803901585
248,0.2513192048482523,0.08516772966436338,0.0018972169615629664,0.05780551231640829,0.603810336209413
249,0.39063019405905036,0.5140611645809832,0.014228186190490702,0.052250149238576155,0.028830305930899684
250,0.2675692633645952,0.2417478828078535,0.004482659409820598,0.040893706118655546,0.44530648829907515
251,0.37160382961025223,0.5543867061708092,0.009042637773739861,0.015915569272637927,0.049051257172560696
252,0.10030427682606408,0.10882993108293158,0.0045881627863579265,0.012214340745381705,0.7740632885592648
253,0.3690675579301659,0.46342671393326623,0.01847820718589277,0.00695619121100488,0.1420713297396701
254,0.5517026193031751,0.24710164388107714,0.0034300176659899594,0.03563440862079901,0.1621313105289587
255,0.2395812099661144,0.41936087235809016,0.01582294236297132,0.03456340361733212,0.29067157169549185
256,0.33599318373502646,0.281316837184246,0.0025351402208047256,0.03358670469612122,0.34656813416380167
257,0.16789842879209155,0.4648017406726864,0.008205358955853833,0.020372149427187135,0.33872232215218123
258,0.2540969275159097,0.09884880806080203,0.004313549310908926,0.013183824214225875,0.6295568908981535
259,0.054295952460342765,0.01925418971257075,0.000656302234137241,0.012604450708147114,0.9131891048848021
260,0.1261994655992837,0.06400775560356728,0.0013032535614728097,0.008929847337436366,0.7995596778982398
261,0.49193985005183194,0.15712660425479696,0.0029704349945032594,0.01087459473469777,0.33708851596417017
262,0.4603447890709395,0.1424169524719253,0.0020201559082850483,0.04645010268604905,0.3487679998628012
263,0.35742393176490317,0.4471528106345223,0.0034169836705763143,0.029407334482858663,0.1625989394471396
264,0.28828608223750235,0.4187633199260233,0.013964729395967672,0.1734335632653335,0.10555230517517321
265,0.1587464267396734,0.4109444688717161,0.0055112855596547595,0.09126153929731468,0.33353627953164106
266,0.1860107101450179,0.5671777133034096,0.014719491888098415,0.14400295435544164,0.08808913030803239
267,0.3153902858661976,0.39081763109795986,0.0052227259802163925,0.17693451502799237,0.11163484202763378
268,0.41024452954780305,0.40589769570617934,0.005514610711087841,0.10926820159998711,0.06907496243494264
269,0.2907662207441699,0.4004346759986864,0.013486484777607785,0.02575097400563946,0.2695616444738965
270,0.4551129133491708,0.42911276085557976,0.020547143321810825,0.013300004099907715,0.08192717837353097
271,0.2930161391460682,0.5039946935194385,0.01821078596105175,0.061981874032819274,0.12279650734062228
272,0.13880836587151646,0.7723074341942694,0.026763641918648835,0.029089612632582418,0.03303094538298292
273,0.21349436248585144,0.29364633269266927,0.01727653334112076,0.044818556905283954,0.43076421457507463
274,0.24372714659470393,0.705029438036251,0.011832210812425286,0.013514087374075777,0.0258971171825441
275,0.22701894462653122,0.5717448614796555,0.015764583834959198,0.039556374735246445,0.14591523532360756
276,0.279804540355203,0.6400300709995624,0.007719120517458849,0.028127898394428964,0.04431836973334684
277,0.22083855274221043,0.31229045052297477,0.012316995646768266,0.028354360320970794,0.42619964076707567
278,0.1674003387352857,0.589810528828612,0.00795428846197452,0.055436299031522696,0.17939854494260493
279,0.16374659743119285,0.45909080400223884,0.029542828971219855,0.05082203242071076,0.29679773717463764
280,0.2502458334878486,0.4032652278115749,0.018609432691817116,0.06623124002537364,0.2616482659833857
281,0.12209329135635102,0.08939554085560385,0.004749675990612969,0.02466635284347747,0.7590951389539548
282,0.0723052185842647,0.6958624490152634,0.060136274641916496,0.03731113076094859,0.13438492699760693
283,0.014835724379627716,0.007228685285276337,0.0002655615614262171,0.004116824584009953,0.9735532041896597
284,0.047841527158675665,0.034568604515340114,0.000651591444732659,0.0024228884864342538,0.9145153883948174
285,0.03765773860056473,0.0068121525508392,0.00019684599338520658,0.004260386905192382,0.9510728759500184
286,0.15134144160625476,0.10087501084725434,0.00324803796966473,0.015813675127046237,0.7287218344497799
287,0.13427135312488292,0.0246770963275632,0.0005621082766490906,0.017136134636006314,0.8233533076348984
288,0.2132015543654891,0.22912080376471256,0.01038577004556568,0.05181552576693031,0.49547634605730234
289,0.05931691027132776,0.013778717480643677,0.0017788635186918376,0.017939917073411187,0.9071855916559256
290,0.1488273433249721,0.2648207428498614,0.031164004109578317,0.020926493796443,0.5342614159191452
291,0.0024928225150906693,0.0011630571062481519,0.0006954586049700204,0.001494745672920756,0.9941539161007703
292,0.0043854073272825795,0.0011839596910821425,6.125166213811403e-05,0.0005963897942709656,0.9937729915252262
293,0.06230108720018871,0.012745030367050054,0.0002661370046347405,0.006298731261754616,0.9183890141663718
294,0.25143813891042677,0.09490785198345494,0.013402912361456128,0.02306602531919063,0.6171850714254716
295,0.04953344831560109,0.014042807089840351,0.00023476507781083425,0.00695388876281544,0.9292350907539322
296,0.009576316246857784,0.0029161229596102165,4.697728957154704e-05,0.0021906474003566246,0.9852699361036037
297,0.02171547879647854,0.004864175992408484,0.00010394280401316335,0.00756096500910421,0.9657554373979955
298,0.019027862746203467,0.006837973233205032,7.142784084260701e-05,0.004011976235200756,0.9700507599445481
299,0.008475747669253056,0.0009812539348096243,3.2393700587581126e-05,0.0020854482930513433,0.9884251564022984
300,0.016889615941076935,0.0038113153104767468,0.00017494473966303355,0.0060083070411332505,0.97311581696765
301,0.045759369458659174,0.021332174171932262,0.0005396666716916887,0.01318304969699776,0.9191857400007191
302,0.22764438374779683,0.026800013997133373,0.00039355787342763924,0.012600956512934762,0.7325610878687076
303,0.21763921231405176,0.1304539112321305,0.0013946249980227178,0.03917560367814455,0.6113366477776505
304,0.28856012749463017,0.13327780288065758,0.003297187334581232,0.04505378431771561,0.5298110979724155
305,0.34727929420713183,0.15310307570115855,0.002643880763738102,0.1005748472643474,0.39639890206362405
306,0.23519038082564614,0.4535148814326754,0.009377582422656692,0.17895103600388187,0.12296611931513983
307,0.2651050509939574,0.44002000304953537,0.01439199745704023,0.15626020847322863,0.12422274002623822
308,0.23498432694829724,0.4722398479774899,0.08642760451970902,0.03744668070710982,0.16890153984739392
309,0.12222345213411648,0.4938986905338857,0.07339421755105892,0.11261696536750058,0.19786667441343844
310,0.18088525680970358,0.43271008657406435,0.05319256725792309,0.03751302904999364,0.2956990603083154
311,0.15948491321734434,0.6028789485221827,0.13616449555417653,0.03669466724535562,0.06477697546094076
312,0.13986598421102947,0.6957531312867868,0.062156493027683224,0.03407444760385249,0.06814994387064782
313,0.07788463179555806,0.7306394218504944,0.1601226438148913,0.015503259677724451,0.015850042861331785
314,0.11904561607004592,0.4898012447841965,0.05319963075236,0.26760192620818346,0.07035158218521405
315,0.03587107093693852,0.7453282004658788,0.07281461579027564,0.11330248161299063,0.032683631193916575
316,0.14973619155409185,0.2415401851581853,0.04524977956509388,0.15255114521797228,0.4109226985046566
317,0.23837511251721935,0.5625797820198284,0.05524147516632289,0.09639721012106521,0.047406420175564054
318,0.2730228532934668,0.3067674741925453,0.04625698346296924,0.09967956954352056,0.2742731195074982
319,0.0690579092234546,0.8165698938106059,0.09818589127247548,0.005626503314579469,0.010559802378884523
320,0.3315264305192204,0.21421722563734336,0.010696023741362986,0.03178516282478243,0.41177515727729086
321,0.37301384986035885,0.38679509794076206,0.07251659134794186,0.03458765314127749,0.1330868077096598
322,0.36555165465228306,0.2974246996740416,0.05014262307652677,0.017862703720497287,0.26901831887665134
323,0.45467206148175604,0.46371283212937175,0.024021503363317508,0.007089680478298323,0.05050392254725637
324,0.16761624714990356,0.1383528750280933,0.008894192189988876,0.008505483831060572,0.6766312018009537
325,0.2408102414881206,0.5687365441977146,0.062373138726473015,0.023226537515102043,0.1048535380725898
326,0.15971855768819493,0.688655290346268,0.017807060981565835,0.02351722232160757,0.11030186866236372
327,0.08868296087107189,0.7952265192055755,0.03683062636863096,0.015714172756928338,0.06354572079779332
328,0.08465186010879662,0.7105367258537679,0.025138839928476504,0.09124029480764456,0.08843227930131446
329,0.947852848598281,0.04619556354790001,0.002247981208486679,0.0013152373161681593,0.0023883693291640385
330,0.07937250960039144,0.7701836199150585,0.09175974105757968,0.008430310759956084,0.05025381866701438
331,0.22091128401693327,0.5552528034028004,0.020888177110723997,0.026445646592881893,0.1765020888766604
332,0.05539404504368118,0.834778584880562,0.029590927104762372,0.011536715926448905,0.06869972704454558
333,0.25488100047845735,0.5594896079748962,0.007806492269254697,0.015899213605983658,0.161923685671408
334,0.0956455629403744,0.6774881255441881,0.028397263890885614,0.007085758338179946,0.19138328928637194
335,0.15225145577276444,0.11728983773474047,0.07491752805360313,0.021828766278101822,0.6337124121607902
336,0.05720544435497029,0.8304712689560695,0.02518257341345698,0.02728565149764142,0.05985506177786189
337,0.013707439042932156,0.014903856489649012,0.002429792375883691,0.0022665247646630016,0.9666923873268721
338,0.1071694510121892,0.03264637443619805,0.0006211766598126882,0.011090551943011675,0.8484724459487883
339,0.2614417931973139,0.2463745656239618,0.008821167481115038,0.04271330512333798,0.4406491685742714
340,0.3493729836558589,0.12172997259216918,0.0019243179389011108,0.022380375311105028,0.5045923505019659
341,0.17165438689887835,0.435942259144516,0.004422785842583621,0.11304431820806311,0.27493624990595894
342,0.31415696052325054,0.27266121238999697,0.004315921599997482,0.17350511057539342,0.23536079491136158
343,0.18860150162014327,0.5542112993966276,0.023188784807594533,0.18156653229974692,0.052431881875887536
344,0.3441997903242196,0.0907117365350669,0.0027525237583919007,0.23887750997869936,0.3234584394036223
345,0.1769077841284377,0.5712553265992061,0.005955559375619527,0.15289854657408886,0.09298278332264771
346,0.22517425142966224,0.47730502398916724,0.004114894243353958,0.2260112923254691,0.06739453801234754
347,0.2895263194781616,0.44707387915648517,0.003505492691292316,0.12018950416800431,0.13970480450605657
348,0.2511791003096281,0.23167280766426657,0.0027860534288711,0.4093804891546598,0.10498154944257453
349,0.12755511546165044,0.1611573909193856,0.0009686991629013319,0.614980056444913,0.09533873801114952
350,0.1542161134754891,0.2815284386605553,0.0020704654515759343,0.535388115301599,0.02679686711078057
351,0.144107870026291,0.4815986434931455,0.002667551814044495,0.3399373838561836,0.03168855081033526
352,0.13480393588868683,0.4015899068464983,0.005122941951319945,0.4321063945347128,0.026376820778782225
353,0.10170762510404162,0.5582817548196107,0.005817352710537769,0.2908307802842939,0.04336248708151612
354,0.17375253543867566,0.2913618098001963,0.002670760444889102,0.45138419159227344,0.08083070272396571
355,0.12476107352737353,0.6077916307572664,0.0076515193233590555,0.21199535986035106,0.04780041653165001
356,0.17863445295055763,0.49068876850022974,0.003782741601956678,0.2602715878383495,0.06662244910890648
357,0.22969675639975265,0.6402891349409422,0.0031386322149779236,0.09010579554968996,0.03676968089463737
358,0.1233759176557495,0.685199463850272,0.00404264253633443,0.1604397608472627,0.02694221511038142
359,0.046345742536930634,0.8999461035507564,0.006547244327967227,0.022903033567283685,0.024257876017062002
360,0.04417420033863421,0.8603809233251457,0.007361258233961023,0.06394274121437557,0.02414087688788364
361,0.04288540753107803,0.8626443550566504,0.005062211433546764,0.05967251406035523,0.029735511918369595
362,0.04999084491633849,0.8471719665920965,0.007144061128633681,0.07819840513409382,0.017494722228837644
363,0.09762975101643943,0.7175179857245999,0.012568637617634567,0.05290053111411504,0.11938309452721117
364,0.1522703602115196,0.7480217433785641,0.008663047461463092,0.06625659895057515,0.024788249997878105
365,0.10899887752313334,0.8107370249006587,0.009201049602579251,0.053300400574012995,0.017762647399615694
366,0.040759710921130406,0.8979899893978606,0.017012395318670884,0.02256810324877081,0.02166980111356737
367,0.07252970766110141,0.8234877774448514,0.012341291764518023,0.06229793513043542,0.029343287999093685
368,0.016489710023835483,0.9119003060559813,0.046853708845461216,0.019095486836704444,0.005660788238017557
369,0.023971385869921615,0.9102949886455215,0.010799765804716983,0.04441999220447292,0.010513867475367089
370,0.005070807986396226,0.9612242405708011,0.022809830657444224,0.006817670519607801,0.004077450265750622
371,0.09578054178040825,0.3221870084671566,0.014733285452164758,0.015659194878047244,0.551639969422223
372,0.031326240727710716,0.9165632234884242,0.01140824310135768,0.014701855591406764,0.026000437091100777
373,0.2575196150706706,0.518903126539879,0.004701250094552595,0.017997984257538478,0.20087802403735927
374,0.10477550754863493,0.86912692095313,0.013725203851817962,0.0061177368171194,0.0062546308292978645
375,0.3475466145790901,0.4342419187625983,0.004760706705422819,0.09389696164693839,0.11955379830595048
376,0.07076334163877833,0.8890065771725251,0.010210536852427256,0.01825466557096081,0.011764878765308434
377,0.18042019316669242,0.5285451113040742,0.001716039538463692,0.23277343023169694,0.05654522575907263
378,0.2796574579951606,0.657000659493352,0.014288768448546837,0.021995703576602934,0.027057410486337516
379,0.09014507858016116,0.261177713841198,0.007329302557621945,0.015726484434453677,0.6256214205865652
380,0.29357413548196754,0.6295815182160356,0.01669046436530878,0.023459850662014663,0.036694031274673466
381,0.1393041200535543,0.8131298301208078,0.01925618455639382,0.010471301738741133,0.017838563530502827
382,0.16500239792311358,0.7386878228611718,0.017009288765075334,0.04556955738623093,0.033730933064408324
383,0.20929495737321782,0.6583721891262974,0.00466390463648152,0.08402862347946362,0.04364032538453981
