epoch,N1,N2,N3,R,W
0,0.002201920370751557,0.0005531134604143239,1.1358587186343824e-08,6.519661462548311e-05,0.9971797581956214
1,0.0023846362736360135,0.000362281330631033,9.259826277766e-06,5.1288021290004435e-05,0.997192534548165
2,0.006426904810028583,0.0008233454185356076,2.5142084291032708e-05,0.00012438919330341652,0.9926002184938413
3,0.006199613275458556,0.0012871838229612806,1.5901185823592115e-05,0.00012418081442533278,0.9923731209013311
4,0.0036113459733265814,0.000606871555398522,1.1632115801197722e-05,9.621929587315542e-05,0.9956739310596006
5,0.014510681104879854,0.0011854233551342075,7.004350021753203e-05,0.00035714917723540606,0.983876702862533
6,0.023284880126946707,0.0008530910453025016,5.279335132112318e-05,0.0003673500801966439,0.9754418853962331
7,0.015787961850319766,0.0016763789357818575,7.775980828942001e-05,0.00035401312623609913,0.9821038862793728
8,0.017486450128801706,0.003443419231456382,0.0001206686891794686,0.0005813347448302885,0.9783681272057321
9,0.009961643342907138,0.005705675865014074,0.0001830358290316431,0.0005939121695959784,0.9835557327934511
10,0.012722873579207955,0.0038624756584275306,0.00017678689701565008,0.0003162350879501492,0.9829216287773989
11,0.014151600176219671,0.00712680147085401,0.0001645091507218564,0.0008602001214596711,0.9776968890807448
12,0.008211758411117216,0.004439716006504256,7.834087486892883e-05,0.0004318644874380821,0.9868383202200716
13,0.010452973981237986,0.0029823542780861453,9.369443032846127e-05,0.00025916889693229146,0.9862118084134152
14,0.0020863300610515717,0.0016410280686871535,3.0386213071715877e-05,2.457552202734057e-05,0.9962176801351623
15,0.0051153913682176625,0.00409315709508284,8.143440622017237e-05,3.372361301786704e-05,0.9906762935174613
16,0.003067670360299766,0.0017437611340182402,7.195579394025124e-05,3.937538823563927e-05,0.9950772373235062
17,0.011015832655003983,0.0051197836454060335,9.826493079101624e-05,0.0001278945920252257,0.9836382241767737
18,0.004667189121378727,0.003342362885930378,3.284921480344741e-05,4.815256837221716e-05,0.9919094462095152
19,0.021106396261139766,0.010797722504217929,5.657004825581162e-05,9.454192767993553e-05,0.9679447692587066
20,0.015291955833970102,0.00931232370212958,3.399860572525256e-05,9.993520388585465e-05,0.9752617866542893
21,0.0180827182593141,0.017322308177141452,0.00014821320937156946,0.00015824074129014505,0.9642885196128826
22,0.009808688940970648,0.00841064148138365,6.124559483817369e-05,0.00016180899497199604,0.9815576149878354
23,0.005669410316474038,0.002929426801692092,1.5665656083202072e-05,0.00011902667940711472,0.9912664705463434
24,0.006648172861709257,0.002542791729046861,2.096212489941962e-05,0.0001165731075868128,0.9906715001767576
25,0.00846601668738589,0.003031249114635546,1.2074499988679113e-05,0.00015442564466458178,0.9883362340533253
26,0.0032414276656960095,0.0006665236236042629,7.839916133926652e-06,6.74556307880645e-05,0.9960167531637778
27,0.002974357042454296,0.0011932078385902154,1.1065448375460417e-05,4.7487458853477e-05,0.9957738822117266
28,0.0037339187334694546,0.001316345235717467,1.669577903306479e-05,8.00047134227168e-05,0.9948530355383572
29,0.0039009399681087325,0.0004859514128803417,4.415712701775459e-06,8.750588562518485e-05,0.9955211870206839
30,0.016101629871301357,0.006978679946986162,2.403977773446066e-05,0.00011728094424526504,0.9767783694597327
31,0.012690880086037689,0.007128481006533602,1.527876373418531e-05,0.0002265339451165329,0.9799388261985781
32,0.02322178636426199,0.022169943212490374,9.36997464175512e-05,0.00024028409221391536,0.9542742865846161
33,0.07156994760349171,0.04857754675563905,0.00011081450701822305,0.0023546172905973477,0.8773870738432537
34,0.11469508627231328,0.1081590705730482,0.00013088034190565233,0.0019478685378976769,0.7750670942748352
35,0.10296636268687315,0.13799916317061087,0.00017995655363339322,0.0011468873548085548,0.7577076302340742
36,0.10163789420537891,0.16653066015345097,0.00036481780547775744,0.002432936305436532,0.7290336915302559
37,0.09464768004549898,0.14891746557638072,0.00021473084230154546,0.005578378786399912,0.7506417447494188
38,0.06236835044047447,0.1370760642256522,0.000555502403299494,0.002323306833377996,0.7976767760971958
39,0.08645973233378106,0.1504149349623526,0.0005663596812567488,0.0025952383632981005,0.7599637346593114
40,0.11643614284535496,0.17989487837948395,0.00026533702482324967,0.004156680118543113,0.6992469616317948
41,0.11907588425466765,0.19164246844260416,0.001131428563906616,0.0016431957225578379,0.6865070230162638
42,0.07585010028605854,0.14175217764393191,0.0005050425704551032,0.0017435171830628893,0.7801491623164916
43,0.10187502831318222,0.22825522405351667,0.0011368677246250953,0.0019720971812437114,0.6667607827274323
44,0.11809506335835196,0.1352922378423709,0.0010075962065953042,0.0021490430803799416,0.7434560595123019
45,0.13768666197537535,0.2617257264705252,0.0010275490496102953,0.00878376165363226,0.5907763008508568
46,0.13215934107818358,0.2391339239039678,0.0007128844173605552,0.004702729383764295,0.6232911212167237
47,0.3011619819118247,0.4244322609194066,0.0021592877858424377,0.00788672153591611,0.26435974784701016
48,0.3951393483301514,0.2515893077382412,0.0006520812733495166,0.009132365350963949,0.3434868973072939
49,0.23768385622265775,0.6613216032627722,0.003760510557413457,0.005788154967023479,0.09144587499013317
50,0.18688750655951017,0.6972060416107556,0.009272523436460749,0.003713089014334015,0.10292083937893946
51,0.22324437359153357,0.7058350177832895,0.0038956167253721657,0.01264584745102427,0.05437914444878049
52,0.2684533530155851,0.6761976738110893,0.01627478767227307,0.005550988711617214,0.03352319678943544
53,0.08559612061518954,0.8500714453112079,0.011622141342661133,0.005022326634310681,0.04768796609663058
54,0.27008051132651695,0.6496045324418209,0.010887614186071854,0.007821672065369462,0.06160566998022078
55,0.05546811246274994,0.9072172378185812,0.016463218492545433,0.002614822688994123,0.018236608537129176
56,0.05158214601747197,0.9012511457416763,0.015526773682071629,0.004843056289672309,0.026796878269107753
57,0.08980437252129735,0.8564975414393144,0.008207481890791618,0.018983170393238363,0.026507433755358103
58,0.06277347047926557,0.9018773129993393,0.008084494933144459,0.009191721517890985,0.018073000070359845
59,0.17278445956928884,0.7801328325768866,0.005422783988453968,0.01108680839754391,0.030573115467826522
60,0.06545220222989812,0.9031925320567392,0.014082831659856946,0.005996834147169067,0.011275599906336664
61,0.12276587311198466,0.8453958400585215,0.006882559307728907,0.0051769842660669895,0.019778743255698044
62,0.12195271448007187,0.8216469791255137,0.026517536010528954,0.013137408652099737,0.016745361731785865
63,0.13220062231669646,0.8162839195420397,0.02303244653040916,0.010860678054647495,0.017622333556207164
64,0.16378994044373354,0.7770330505932515,0.014963071093389466,0.015537106546135321,0.028676831323490387
65,0.09865239317884227,0.8502966601093073,0.032915589251578545,0.006221574544062773,0.011913782916208891
66,0.12846953027582733,0.8045690651992728,0.03335723401098484,0.012970642617906572,0.020633527896008478
67,0.09370622645011101,0.8053356638154093,0.03877905345487843,0.02608210501675702,0.036096951262844214
68,0.06449301952519526,0.8502688414424396,0.06457341459732552,0.00852096856336766,0.012143755871671845
69,0.09974133578841277,0.8095749778245284,0.06272851397278424,0.01241196748310658,0.015543204931167936
70,0.056163236499815236,0.891505472556739,0.037087101654896225,0.008374664018235077,0.006869525270314382
71,0.04758999278499206,0.8820497393546944,0.05466672904031693,0.004676015520720658,0.011017523299275947
72,0.11941878860767753,0.7920575938501322,0.05446756165712575,0.017531000699271132,0.016525055185793294
73,0.07130078223309409,0.802630304868605,0.06250188367132703,0.028924914513812926,0.03464211471316088
74,0.074876051817402,0.8745599254393456,0.0374446512573935,0.007318508666920126,0.005800862818938844
75,0.06514644264589094,0.8525495586625997,0.06877336453993226,0.007096457136240864,0.006434177015336228
76,0.07353868346276594,0.8143646482825909,0.08274760587666571,0.014803665238593576,0.014545397139383923
77,0.06458715351511594,0.8008598895327833,0.10652135440862419,0.012786869626895054,0.015244732916581561
78,0.039922380118471254,0.8117390517025089,0.10508727095238478,0.02233369993082876,0.020917597295806417
79,0.02590049423021751,0.8177280742628192,0.12691837585069754,0.010732827448909292,0.018720228207356415
80,0.03114262876767713,0.8341164653169754,0.07390447848609358,0.026932146955590465,0.033904280473663645
81,0.029219545569509345,0.8522338724850054,0.10328460060456776,0.009289039205146217,0.005972942135771336
82,0.039263750279167474,0.8719418639894146,0.06262833386747375,0.015532289431982803,0.010633762431961178
83,0.03059780959791437,0.8542847162295819,0.07111200417940339,0.025213818373502242,0.018791651619598043
84,0.06933886304441662,0.8030145651840204,0.08944323166281572,0.024095859632773067,0.014107480475974422
85,0.01565629148759721,0.8758292378000699,0.07846790316650556,0.008162729747361102,0.02188383779846636
86,0.01611737323294274,0.8839007681570508,0.08841634466722807,0.004924467894226685,0.0066410460485518494
87,0.027119632901124693,0.8423669807698738,0.10216491439719484,0.01022985325932086,0.0181186186724857
88,0.03358940721725937,0.8365469071477197,0.10553936537064425,0.008899764314458969,0.015424555949917707
89,0.03920478876556667,0.8602248053669639,0.044248708807117704,0.020841053533250754,0.03548064352710092
90,0.03626622075738688,0.8498566337036182,0.06633970497737669,0.012960299267663051,0.034577141293954984
91,0.089250539871096,0.7952039766266762,0.047036585379120414,0.031004925404093855,0.03750397271901344
92,0.067169238992837,0.8136315984937401,0.08129099120931349,0.0241272008781395,0.013780970425969758
93,0.09602897052496666,0.764080231598077,0.06281119788305405,0.04575140261809285,0.03132819737580946
94,0.05546902722821298,0.8362130876025512,0.04753088560823225,0.02892884107374747,0.03185815848725615
95,0.0484449984007424,0.8635667455914746,0.04113396484906289,0.03332143458714445,0.013532856571575802
96,0.05282427856021099,0.7756057533882182,0.09137925897355853,0.061964950767552984,0.018225758310459177
97,0.0983059429937441,0.704022990975354,0.06887866605019012,0.10085653404911639,0.027935865931595374
98,0.04812730006845674,0.6460270806926578,0.24866297485790276,0.029620232107321606,0.02756241227366093
99,0.04926691447928832,0.6288337530724739,0.26292955670478196,0.02985586522890887,0.02911391051454704
100,0.08175567661576844,0.5738243057386446,0.2957070926960522,0.026218865545921646,0.02249405940361321
101,0.11292669527044276,0.531208313902147,0.2882409097674822,0.02481460680130683,0.042809474258621256
102,0.14657013225641774,0.6047925810817226,0.19895993270813328,0.026632746309571402,0.02304460764415498
103,0.16123007859448102,0.6260725614209691,0.13481627032819063,0.03655068398776403,0.041330405668595346
104,0.10066568793595007,0.5470638134094228,0.2939548441195882,0.034268271532932194,0.024047383002106636
105,0.06491515738499995,0.5794278906766204,0.25816259832253174,0.02730848961829624,0.07018586399755163
106,0.17951891376636409,0.5688071569814838,0.19449723974936395,0.02689375155268568,0.030282937950102402
107,0.12881844143724497,0.6244071510274037,0.19912414970250703,0.02732361691893805,0.02032664091390612
108,0.11024585736442986,0.6281544345596572,0.15612190623344227,0.04095496770473201,0.0645228341377386
109,0.13678768294686353,0.5639458633259585,0.23867090259326282,0.016285710746734593,0.04430984038718044
110,0.09962881447793501,0.6831717819697881,0.17266747732362106,0.016030029678747545,0.028501896549908038
111,0.08377529676736166,0.6903220159697749,0.15232909600412303,0.017569732374038843,0.05600385888470162
112,0.0805398665249357,0.6481115711288632,0.2006692209880898,0.018971767311629504,0.05170757404648198
113,0.0654016171030337,0.7290942225580169,0.1540159322343585,0.02064637651168169,0.030841851592909187
114,0.06795271652911218,0.8020152431724857,0.06913430985327293,0.018464618836965742,0.04243311160816365
115,0.08529165166765507,0.6997216528577626,0.13753177404445696,0.02845316969292949,0.04900175173719577
116,0.08508537972123098,0.7286740790944948,0.11619816769355704,0.021415247455415995,0.04862712603530115
117,0.12531800758371675,0.7115228893865281,0.052363319057315165,0.020420553918554744,0.09037523005388526
118,0.11093741348141084,0.6441886320927968,0.10212302420733185,0.020213896336740953,0.12253703388171958
119,0.13440588918282786,0.553795303285206,0.151821189029432,0.05780268545425492,0.10217493304827928
120,0.09303513461206793,0.563574511881197,0.22736129171129518,0.03540495856031004,0.08062410323512988
121,0.10008886346389835,0.6439567285227663,0.08969658960250526,0.040398292133731015,0.12585952627709904
122,0.1157042416278983,0.577940535535118,0.15139039974599636,0.0457962667684912,0.10916855632249615
123,0.1736331944795424,0.5736836383305353,0.13872465946490276,0.03559423459403084,0.07836427313098863
124,0.18995015630673504,0.5325292831205407,0.1716555809198089,0.038891447954259376,0.06697353169865593
125,0.1100770467328981,0.5900852651847615,0.191766255414373,0.04537109584024791,0.06270033682771955
126,0.06939532452020498,0.4826584047267747,0.3673685932350943,0.038319665657338825,0.042258011860587294
127,0.06268822092603907,0.5311330777850505,0.31929972298690507,0.04164377804729063,0.045235200254714635
128,0.038402188141489976,0.31135397606844784,0.5994443870446877,0.026093013785187153,0.024706434960187356
129,0.06486340907323968,0.5830603135892529,0.23881897305671665,0.055506626411811484,0.05775067786897935
130,0.04313637593242294,0.5186938500124494,0.3398865579310082,0.03349696561098498,0.06478625051313454
131,0.07900366471299301,0.5166639259376244,0.28259679176296704,0.0720909493873,0.049644668199115415
132,0.04387114307720851,0.5406830376611285,0.3417212015009915,0.04078935651205994,0.032935261248611625
133,0.04623683988208693,0.43976363588419604,0.44505739338756484,0.0529437754495572,0.015998355396594905
134,0.033337017252318225,0.35816667231454336,0.5184595653095451,0.056016398893938495,0.03402034622965488
135,0.06331463598591813,0.5926382678388207,0.24075378912127418,0.04152617128774287,0.06176713576624407
136,0.08329331118612815,0.560533520065491,0.23257392669625024,0.05056105492179578,0.0730381871303348
137,0.08992792063965295,0.5152554359917907,0.29119568582560035,0.057232547249527324,0.046388410293428765
138,0.08118772412540022,0.4906514077450912,0.3244259334541469,0.05298683695694306,0.05074809771841864
139,0.04444759528133424,0.40500580439300593,0.4513066843646172,0.05244847011038603,0.04679144585065667
140,0.03748213978617632,0.318516805397607,0.5517428089893015,0.040065326888429745,0.05219291893848537
141,0.04677474983099247,0.3647394432386934,0.5276457631624063,0.028769823452221933,0.032070220315685884
142,0.07796984114444232,0.6071635571442658,0.23268347248081248,0.03917649908653244,0.04300663014394688
143,0.0833024685009368,0.5771717823606936,0.24864892458593998,0.04731086816879835,0.043565956383631414
144,0.07591145429618856,0.6154847589087865,0.19406449040660734,0.03812505244178687,0.07641424394663078
145,0.06125669388759783,0.5711853842116296,0.1880716094731665,0.033037487655043905,0.14644882477256216
146,0.08379432024511244,0.4585958346080553,0.24796363017397824,0.056380427409973226,0.15326578756288076
147,0.134809366632454,0.5079411118589671,0.10801950223730115,0.0463779887103593,0.20285203056091855
148,0.13455609675077962,0.4770359629743827,0.13275598188370263,0.14054694192521094,0.1151050164659241
149,0.18164378287000818,0.43973726161627424,0.07703646157523213,0.1515737831448863,0.1500087107935992
150,0.20583730106182282,0.3098063287082553,0.04255143851243353,0.04579318210037743,0.39601174961711083
151,0.3170289675800515,0.3740526617875487,0.08679841422176887,0.03784191227428984,0.18427804413634108
152,0.23388956899277188,0.3339286977081576,0.01103048805136604,0.029404749210171832,0.39174649603753264
153,0.21907401357496184,0.641150640172846,0.02243850111951747,0.035248675144312194,0.0820881699883626
154,0.4958066276297312,0.2617164081920959,0.012422850792595657,0.13411048581914733,0.09594362756642992
155,0.06964437475663754,0.8295659421985263,0.024566091566060592,0.058069949894558145,0.018153641584217374
156,0.07560330430972213,0.6346261353963418,0.0010367781649894782,0.2571911107640234,0.03154267136492303
157,0.09830725139691474,0.7427800120943138,0.0006110098605122043,0.1317663528494736,0.02653537379878591
158,0.05273745060759624,0.8440062704778005,0.0005769794423334277,0.06272654950874966,0.03995274996352019
159,0.15413277195274636,0.5064776777574437,0.0008768182992156968,0.22448457863817584,0.11402815335241842
160,0.10812097652651548,0.6877720414088779,0.0004923932403940768,0.1125741588344682,0.09104042998974447
161,0.1603911612050179,0.21734482262358107,0.0007420026298170596,0.4619680937935559,0.15955391974802813
162,0.11064581888550638,0.4679782298273623,0.0005758501976877131,0.23029289101070552,0.19050721007873825
163,0.17994353711883346,0.4303145322306376,0.001325768460016185,0.2547939778984369,0.13362218429207603
164,0.1070437441100454,0.5074452469258193,0.0005005295029206631,0.25964189898145995,0.12536858047975472
165,0.10011580787933491,0.3952672729725346,0.000505347544120978,0.3609730909852239,0.14313848061878548
166,0.11074692742968961,0.19627221689734964,0.00046262674395912103,0.5424733746042436,0.15004485432475803
167,0.3502761731044115,0.2145185147140322,0.0005487105259991939,0.19315070786311006,0.2415058937924469
168,0.15658489746710186,0.2638766107169469,0.00048158947597997607,0.5103647515326094,0.06869215080736193
169,0.19278678574706792,0.1720118620165218,0.0005186059262604984,0.3848593811224754,0.24982336518767434
170,0.2842722493016203,0.34261651486609424,0.0017188789171610345,0.176877007582647,0.1945153493324774
171,0.19734952590010058,0.1976175297086913,0.0003759267544792209,0.41611263014584043,0.1885443874908886
172,0.09019178732421251,0.08279853941677955,0.00022385206127511681,0.7866150613925884,0.04017075980514434
173,0.27007879596748735,0.3131878109691876,0.0011652331665973409,0.25037612255249775,0.16519203734423007
174,0.12043040674783763,0.24482249278220494,0.0005480990884065606,0.6010329204374086,0.03316608094414215
175,0.3533069244609453,0.2727135978997589,0.0008472395324661731,0.25800625386372095,0.11512598424310869
176,0.24542081401750113,0.21660757270698566,0.0010342785864803626,0.24445035677967653,0.29248697790935635
177,0.11645076886029548,0.23661899828632169,0.0005476483487419374,0.6022390713887729,0.044143513115868005
178,0.3846188240347041,0.2843166990596809,0.0006525020899944623,0.20631069476553912,0.12410128005008149
179,0.1196780655932197,0.19011545550696266,0.00022689750953182284,0.6591377876699915,0.030841793720294202
180,0.11050228437638561,0.5244482829259892,0.0004543785652174646,0.3252667717636564,0.03932828236875129
181,0.2513471706870294,0.24590689670705676,0.0004614452166716591,0.325730653964294,0.17655383342494815
182,0.21868782891206992,0.13796548223389268,0.00016675147178586843,0.47106159241810985,0.1721183449641418
183,0.302641020721479,0.2266401759609162,0.0012892983703919694,0.18036902585967385,0.2890604790875389
184,0.2011005036981909,0.19840093804394668,0.0002877240666659493,0.5444329928275973,0.05577784136359916
185,0.23559854913568967,0.25170089115046324,0.0004931149972762705,0.24852071786594704,0.2636867268506237
186,0.12196926741133261,0.0749497425491452,0.00023353404444408476,0.5683441221120327,0.23450333388304542
187,0.42093435300702703,0.19554944195801427,0.0005573605836759345,0.13468303337234988,0.24827581107893287
188,0.1380207023502292,0.09914450162925806,0.00025664351038448926,0.6636062612649994,0.09897189124512884
189,0.2832625956969269,0.3056638746824071,0.0006832393004811754,0.15134508497401333,0.25904520534617154
190,0.3290576997079839,0.24860625272182155,0.002292896235110604,0.09988523437029823,0.3201579169647857
191,0.0735346290964811,0.5980132046862486,0.0007264089122640166,0.28613550352922584,0.04159025377578045
192,0.2524386343160617,0.2860508611060425,0.0008618232859034054,0.13899456683569714,0.3216541144562952
193,0.19809410131568145,0.29711773355132176,0.0007950151366406942,0.404948308832664,0.09904484116369208
194,0.17693679118712619,0.2274641226030288,0.000516697307592197,0.5418592705185034,0.053223118383749275
195,0.38013717216652737,0.37785242110575906,0.0021679294671156832,0.0718229948846255,0.16801948237597242
196,0.2655808419761113,0.2873771452017114,0.0015873269650488477,0.15225411514334036,0.2932005707137881
197,0.16920473120310772,0.25296141186848703,0.00028955526857564636,0.4416554106804811,0.1358888909793485
198,0.21031497390670867,0.16754425538218498,0.0048729917883354726,0.18627032641534025,0.43099745250743077
199,0.1677866443321395,0.06179524767395382,0.00019090747357944753,0.6583494747573992,0.11187772576292797
200,0.2842113611526077,0.19656481114607277,0.0009664542190129682,0.2700708714523143,0.24818650202999223
201,0.23690718554867968,0.3034836346536507,0.0019301855861425783,0.16549243241414613,0.292186561797381
202,0.17977858240612157,0.11900813793122879,0.00038328429130787703,0.6605729401791426,0.04025705519219925
203,0.22437669929303838,0.3658516849450644,0.0015860155401240647,0.19090353859688397,0.21728206162488908
204,0.10390366651802153,0.11625341470542354,0.0005848293245253231,0.7553231585263182,0.02393493092571138
205,0.18660596599696966,0.23166864527916506,0.0006898862996145268,0.18584095358989985,0.39519454883435085
206,0.2015292674824912,0.2398710304849562,0.0011122790009762038,0.270314080142595,0.28717334288898133
207,0.13455440715710928,0.20408855690219965,0.0004246649387713239,0.37430831854640356,0.28662405245551625
208,0.21235994183473875,0.13806493557695018,0.001005868123018428,0.21421185407149623,0.43435740039379633
209,0.011931081956462895,0.01076641999364854,8.38322351224675e-05,0.02834209102893103,0.9488765747858351
210,0.009164607320333388,0.0016411800984270778,1.1331361482374965e-05,0.02061270091634417,0.968570180303413
211,0.0025944628203795114,0.0009979712059790535,4.569725479110919e-06,0.0015680222701777327,0.9948349739779845
212,0.05585660466148763,0.013745563252998612,4.7934507372395026e-05,0.02103315734737914,0.9093167402307623
213,0.1943893692196854,0.024322744175405184,7.13776863122257e-05,0.058958456606884146,0.722258052311713
214,0.1713065741418565,0.13653589023256585,0.0005861084419691036,0.06214006957782923,0.6294313576057794
215,0.13140267982223547,0.21699841044194204,0.0015620690773625453,0.09847012664111925,0.5515667140173407
216,0.14211635475374515,0.18794434168895574,0.0005100296490816227,0.49683787204520324,0.17259140186301428
217,0.16902156024298634,0.31718526138758674,0.0018391370986199208,0.1987673578865279,0.3131866833842792
218,0.16791457714404026,0.08915733281831237,0.0001466564699669381,0.34724159845405345,0.39553983511362695
219,0.262027401448325,0.25919440029941143,0.0005276014866548737,0.2865006025956177,0.19174999416999106
220,0.1443765535610639,0.3224880473386768,0.00024839016336370925,0.3497678284428314,0.18311918049406406
221,0.11421310837902594,0.14984788225010132,0.00023661955721248392,0.56586426958689,0.16983812022677044
222,0.2582523395280798,0.16478736382693662,0.0006038583901228769,0.3500543835895638,0.22630205466529682
223,0.20779411170399892,0.13354236622340693,0.00025183444020011604,0.5741523605671532,0.08425932706524071
224,0.30998700638340565,0.17454568402249565,0.0005744053209891057,0.19050760402385125,0.3243853002492583
225,0.13825140149131065,0.4861115403791538,0.0011392869777788418,0.22766929526177251,0.14682847588998427
226,0.1865187320757987,0.5350593931556172,0.0024997646709103887,0.1207376497268964,0.15518446037077716
227,0.2147445449087457,0.42144440513464776,0.0014912024158346478,0.23290540822567427,0.1294144393150976
228,0.2801235754745743,0.26712939559706345,0.0005294759556869351,0.33490770137349735,0.11730985159917787
229,0.23007129526534215,0.27891161389387803,0.006489274226140357,0.1400341865563428,0.34449363005829653
230,0.1936735716444392,0.5815859610954328,0.0006846749744792227,0.18945665201336503,0.034599140272283856
231,0.35719121299575257,0.31782493156710534,0.007731843453703172,0.1805694186887036,0.13668259329473545
232,0.24566156475904452,0.25489282870847974,0.0013568231996835794,0.378748994699341,0.11933978863345113
233,0.24873123838666167,0.22714052016640893,0.006915904724213219,0.23903935140071061,0.2781729853220056
234,0.18802634864859652,0.2930156817889048,0.0007749093131304706,0.3630662602243676,0.15511680002500047
235,0.3044568514059786,0.09864042974456133,0.0003339123838367203,0.422474662092636,0.17409414437298734
236,0.18632882020962308,0.1853652239628142,0.01273060601988914,0.08598883657880374,0.5295865132288698
237,0.23116739075519788,0.28849733082399504,0.0014714886619141398,0.45151894606833265,0.027344843690560373
238,0.5695772041349741,0.22425252592906939,0.0031886364716688883,0.07367989238089902,0.12930174108338863
239,0.3307874356240916,0.45796806230972137,0.005049899877634644,0.12369389188471919,0.08250071030383321
240,0.5805652299301467,0.21927073625233173,0.006697784928867203,0.06944587519745772,0.12402037369119659
241,0.39489804452299715,0.26393643509125947,0.018100603978262218,0.054382631335596864,0.26868228507188435
242,0.44684824819206537,0.28947465609462514,0.0022587410142360814,0.07599382370516784,0.18542453099390555
243,0.6168849667919079,0.2740173388778209,0.0034983320152966882,0.033872412200020185,0.07172695011495434
244,0.27324482282121615,0.2040831602801461,0.01955937842626752,0.13251229297991562,0.3706003454924546
245,0.3134213116564275,0.2280462369335055,0.0015983590288702833,0.0658988488372825,0.3910352435439142
246,0.28418990754600076,0.1568858081742096,0.01499467408316919,0.15505872620024436,0.38887088399637604
247,0.32630612678824966,0.46740726084873957,0.0020092558145303743,0.09489060014851393,0.10938675639996631
248,0.31569862149977207,0.3544923167490631,0.008009926234332776,0.07643061538494933,0.24536852013188284
249,0.3293398309010318,0.4270162586183049,0.003969972870871348,0.08197527764782522,0.15769865996196672
250,0.47950603769772226,0.22899749442255363,0.0004865618927133678,0.2061802030725757,0.08482970291443491
251,0.3343025741867441,0.2507819524824072,0.013485592492318158,0.18086767005747048,0.22056221078106
252,0.268274635304744,0.5046301422474103,0.0009730330981842145,0.15509315872387555,0.07102903062578579
253,0.29061152894513764,0.26413775050942384,0.018255022798984027,0.3092236671796018,0.11777203056685263
254,0.26211606021573663,0.3473499766382608,0.007167772323122419,0.07688391548416874,0.3064822753387114
255,0.2877278550236098,0.38826208692848113,0.001232111191497699,0.2732195214283576,0.04955842542805387
256,0.3819091145961603,0.24888585495434892,0.00411778616364455,0.04691372191020273,0.31817352237564345
257,0.41980304993823236,0.2699470493583269,0.000992315392299087,0.10549365723408025,0.20376392807706137
258,0.4087280373809954,0.2821708060795783,0.024830358155695616,0.08032436551556806,0.20394643286816266
259,0.34338114086076865,0.4711067585359816,0.005452102686915681,0.03818349228444516,0.14187650563188892
260,0.472528033649,0.303267195753687,0.0033728664988137524,0.1694890270255829,0.051342877072916474
261,0.5130880820110156,0.3624200492038991,0.009410486539771149,0.045654663978951376,0.06942671826636282
262,0.46854946491279753,0.3963525090776986,0.00870023285559294,0.04464765164363225,0.08175014151027862
263,0.30461042983917236,0.40281861063611557,0.026809878053892695,0.09500187326992485,0.17075920820089455
264,0.18784333918467616,0.5439312727932494,0.0040565350552052935,0.05666005603809462,0.20750879692877433
265,0.28238076027501596,0.5385875391685562,0.002597170658769921,0.036364116883519815,0.1400704130141381
266,0.20456435905819847,0.40675819657992174,0.012813086516629924,0.026982209596212683,0.34888214824903724
267,0.3181865698661492,0.601794487138982,0.005537749559384246,0.02631436664533518,0.04816682679014941
268,0.29476547523685737,0.45663144142050244,0.003900662404883176,0.015191052753975419,0.22951136818378165
269,0.6027272223064746,0.26864151855898977,0.003151781635716251,0.039284628807354095,0.08619484869146535
270,0.3960712531846719,0.41433040272616833,0.015494709864886002,0.04951776497509957,0.12458586924917404
271,0.19186407063745878,0.6034755560744196,0.009299950330379149,0.019433487568143375,0.1759269353895991
272,0.233460582772509,0.6804553219950907,0.005647819442822767,0.009414790026972607,0.07102148576260489
273,0.21220759271530992,0.4077143472322219,0.03322640975451965,0.05891042813870307,0.28794122215924556
274,0.2901976809949796,0.35005617883270623,0.0009547344107016681,0.05579231145065745,0.3029990943109551
275,0.26358303864623495,0.4539403239324075,0.005530286605466811,0.014974473463377254,0.26197187735251354
276,0.3453290436252772,0.5310924216998001,0.009877140553309242,0.015549257908989693,0.09815213621262366
277,0.3709433325732001,0.5424518519830771,0.014664430579004097,0.018370955903169332,0.05356942896154944
278,0.2585461554438826,0.6524698816969887,0.0147822784173507,0.032341615532593,0.04186006890918498
279,0.2209120409221871,0.5013638266115253,0.04258835793228523,0.030419941329067866,0.2047158332049345
280,0.2254300265868016,0.6071720471128024,0.01915772920632272,0.020845379540456656,0.12739481755361676
281,0.16042979835580284,0.5553246731910753,0.05128155047300133,0.04955248077526904,0.18341149720485148
282,0.14778582019113132,0.5596386870274361,0.10577840637268901,0.0513660570889392,0.13543102931980436
283,0.121602027525942,0.7358599727642979,0.011652334226480798,0.04468872112135531,0.08619694436192378
284,0.08855671737498484,0.7700657834744854,0.015367385870443449,0.03681991236861316,0.08919020091147331
285,0.16925546220172324,0.5553298773770297,0.03956217083479996,0.06860495473516748,0.16724753485127974
286,0.18858656993642609,0.6586760513121297,0.02299057458513205,0.010140826050311262,0.11960597811600099
287,0.19553902636246895,0.6932219787424205,0.015406244877883488,0.022029764021714335,0.07380298599551284
288,0.15047026073949032,0.6243367039840556,0.034599823427558865,0.025630859611641545,0.16496235223725347
289,0.23737701654815663,0.6358605362630504,0.0034402210056772896,0.029097315315148045,0.09422491086796753
290,0.2960410642118335,0.4070817200629052,0.03323973311317315,0.04565711852457501,0.21798036408751315
291,0.25959982633847273,0.5792113152038036,0.014098198325309634,0.01090419619389799,0.13618646393851608
292,0.2715663739056089,0.44173210316895545,0.0489224077787824,0.054306899065954345,0.18347221608069894
293,0.26424714071998884,0.284494268321396,0.026348673724568745,0.07840829857892367,0.3465016186551227
294,0.23192609809612794,0.43207016278876054,0.08240283684458775,0.08016305257259117,0.1734378496979326
295,0.08484925375277381,0.5070293113565769,0.015187667231678232,0.06881602493496555,0.32411774272400556
296,0.5110778452718995,0.3862099487912849,0.0033413463041068936,0.056631693950773346,0.04273916568193546
297,0.2580964445292006,0.473010612534194,0.010335218118910909,0.052000252510001635,0.20655747230769286
298,0.2513721066759987,0.4542070008011893,0.014485131777328889,0.04740209069397821,0.23253367005150502
299,0.1656062835098087,0.42472028267416867,0.08611126515849825,0.08012730862011162,0.2434348600374127
300,0.10963702361279522,0.5649918962386524,0.06302547108681886,0.06597413030284709,0.19637147875888644
301,0.2502595182433287,0.6010805058861538,0.02833254187357833,0.02545576360258845,0.09487167039435082
302,0.16804588363571552,0.4076915650446348,0.12535678550154813,0.09423594164172983,0.2046698241763716
303,0.28505612374417116,0.5153725370011315,0.013573096056253986,0.012253675223222755,0.1737445679752206
304,0.22161554960835905,0.5200610265638719,0.012632896153850473,0.01859132352522868,0.22709920414868992
305,0.22864015268828583,0.32222122749559884,0.0253536260242024,0.04030267201860629,0.38348232177330666
306,0.13065012455046204,0.6505646579313076,0.01776650903929111,0.008529903460277082,0.19248880501866222
307,0.21149267167441724,0.4060916938173397,0.02088445081853659,0.04768605557980817,0.31384512810989834
308,0.1398914480183366,0.36434780537542216,0.0100021296094398,0.03893606183021295,0.4468225551665885
309,0.5871096088421885,0.22842411881799757,0.0029973294611526265,0.05936210989954501,0.12210683297911627
310,0.2583612749831586,0.3275118371198796,0.03235025422202411,0.11137080581242231,0.27040582786251544
311,0.2528166071871511,0.6070558465992811,0.003451162940728506,0.021823294298431353,0.11485308897440794
312,0.2818961931590215,0.5014534029044989,0.009440494295308452,0.0334912608862271,0.1737186487549441
313,0.18488744947094962,0.47859031839512844,0.04889067406159325,0.06153491652794014,0.22609664154438844
314,0.1722339498415919,0.5503066582624008,0.021503528228452685,0.03427440586518531,0.2216814578023692
315,0.19136381332441565,0.4065770359501337,0.03802385046474077,0.06102635375545635,0.3030089465052535
316,0.3006136378073714,0.48582105402196274,0.0029131291768348024,0.04371342733828009,0.16693875165555094
317,0.23301567719267186,0.6260908937097602,0.010809999895679014,0.01136284384572541,0.1187205853561635
318,0.3109328925970767,0.4533530477880411,0.02521907690390134,0.03681508808031196,0.17367989463066882
319,0.2976847728566262,0.5234977797151403,0.012567273514015261,0.008064270247823276,0.15818590366639504
320,0.14726090955610832,0.7234976706660484,0.012826642216604489,0.015976788740910658,0.10043798882032813
321,0.22193435745245046,0.5412079977052181,0.045019503869924885,0.019819015092250456,0.17201912588015605
322,0.23387838057859034,0.5496635566988447,0.04015339899353113,0.020494674028453116,0.15580998970058077
323,0.11830722914048036,0.7379579782214593,0.03856327212323642,0.01305555260144494,0.09211596791337882
324,0.11035045553226701,0.6094750360190752,0.09505390129912546,0.031054832144372976,0.1540657750051593
325,0.08318024592478158,0.7443964030028334,0.03438185892990919,0.024393442851066365,0.1136480492914095
326,0.09215207464145841,0.5809296800364766,0.018695404936088223,0.032963403279880926,0.27525943710609596
327,0.07605011311518607,0.844167700223752,0.037322660034983406,0.00404145901877627,0.03841806760730234
328,0.11207262161654272,0.6597287007714807,0.059994275561304024,0.025581006268340443,0.1426233957823321
329,0.08591347831157972,0.5847900383685949,0.024924699317928012,0.022912971878234545,0.2814588121236629
330,0.15275594846633098,0.7132655120282252,0.05594815719176849,0.01297082692047686,0.06505955539319853
331,0.12014149627987364,0.6291456345744603,0.05562835436283509,0.03450605573453098,0.16057845904829993
332,0.12171631737792628,0.6864935857238254,0.0578720423077996,0.011776318393859899,0.12214173619658891
333,0.13922510477143435,0.6959450645607741,0.053020903281701094,0.02262209308996207,0.08918683429612848
334,0.08525605696032104,0.7970827303132225,0.03133111677625502,0.010365908201740433,0.07596418774846111
335,0.14368805739641513,0.7081783519544091,0.046217272488344445,0.021096851640421868,0.08081946652040954
336,0.12899666381364291,0.760161891234271,0.037890382473379725,0.01171479324803731,0.06123626923066899
337,0.08450846429206266,0.6754648595980158,0.15455905289058353,0.034775390233144125,0.050692232986193825
338,0.03494339397647803,0.5818609705300558,0.3022349009710443,0.04111824843929577,0.039842486083126044
339,0.03493066988958202,0.6325672130402572,0.2337671396352935,0.053984117908501036,0.044750859526366205
340,0.026117253159343344,0.3908347847809388,0.4796279620017023,0.07365980244992078,0.029760197608094768
341,0.021168599208696067,0.41835272163404097,0.4453811007565967,0.06222105811682525,0.0528765202838409
342,0.018882140507287853,0.3995314296198236,0.48081878686496554,0.056884220501412085,0.04388342250651089
343,0.021412373791904193,0.31393668295084587,0.5418003171033726,0.06457525962407998,0.058275366529797396
344,0.015146581180653594,0.31381524880130673,0.5845678744260506,0.05706624526007088,0.029404050331918213
345,0.019719072444645363,0.2626209988593294,0.6029097694259036,0.07481163262386217,0.039938526646259465
346,0.017370450748214143,0.3228473702395805,0.5290674220220141,0.07587965225018702,0.05483510474000421
347,0.011339947255939715,0.26016462694323844,0.6296438122665178,0.06704396272878044,0.03180765080552359
348,0.01891711191835322,0.3011851085200481,0.5279625802362466,0.11825750581880587,0.033677693506546084
349,0.012599482746844047,0.2120328042423402,0.6799534668874907,0.0720482531673467,0.023365992955978434
350,0.010650529055435736,0.2594628475409552,0.6215291328690603,0.08590928459406316,0.022448205940485706
351,0.012436509338090478,0.2500766576436719,0.6449073075544871,0.06368710423034288,0.028892421233407687
352,0.029799713831666966,0.5280651477694616,0.23528844169157923,0.1554930821807366,0.051353614526555715
353,0.01984908310638244,0.5951225215239478,0.1668843157854892,0.1609343490988788,0.05720973048530165
354,0.023565148029888603,0.5522965798732296,0.18784973664866417,0.18509569938951292,0.051192836058704734
355,0.030416067178029294,0.5816881127890189,0.18891480512391226,0.12251800927602448,0.07646300563301511
356,0.012756456768852016,0.246829077447422,0.6377263147669446,0.07087618662475434,0.03181196439202709
357,0.017968223194660227,0.3474560184214906,0.5061039915625428,0.0849848860325059,0.04348688078880039
358,0.011177060990942088,0.19645352721054912,0.7037967600273586,0.06411386684494486,0.024458784926205474
359,0.020023278403553786,0.29597616143389455,0.5778024786907883,0.0751839834014012,0.03101409807036217
360,0.021480071184758084,0.2638013386750248,0.6246367416088513,0.053747615644345006,0.036334232887020805
361,0.027846936555643128,0.3809164999148438,0.4473445797840351,0.09346294875406287,0.05042903499141506
362,0.06509029979949034,0.6240689187649701,0.033824247103016326,0.13112370380928312,0.14589283052324015
363,0.11695366305061085,0.6557193962150862,0.03861303033795924,0.06629212002205907,0.1224217903742847
364,0.14506407271432584,0.7029656431540448,0.01754587864446482,0.08332102695065295,0.05110337853651167
365,0.07538215457825238,0.8401376374620115,0.04267150136872297,0.02404843124659244,0.017760275344420734
366,0.11730877643857959,0.7795716052795356,0.031217166057713432,0.03417598794156785,0.03772646428260337
367,0.054315551635029415,0.8367644835438736,0.03416232002938331,0.04810560014194492,0.026652044649768714
368,0.08038890394145407,0.820980943327569,0.03209500880854428,0.03876622894968836,0.027768914972744512
369,0.04903584427871518,0.773603046348947,0.12760671738117196,0.029462076455363917,0.020292315535801818
370,0.03644628287357555,0.7486564730763696,0.1482504114913055,0.044518408059239636,0.022128424499509722
371,0.02518838283102744,0.7526546335731487,0.1689984895385791,0.031380402692928897,0.02177809136431592
372,0.02294030469847479,0.5794680397628386,0.3186440562253647,0.055868074794800535,0.023079524518521313
373,0.02796679450884831,0.6642347083768662,0.2003410529707114,0.07503525449066145,0.03242218965291281
374,0.025451196391059278,0.619568349677205,0.2696085429856927,0.06380047977627644,0.02157143116976656
375,0.013137953791248639,0.3688739465430339,0.5651161585363946,0.03531028886341194,0.01756165226591097
376,0.014784845862246028,0.2917104395303947,0.6420019152682546,0.031807844343072725,0.019694954996031966
377,0.011832732762999218,0.2095017930152225,0.7328108347073363,0.03288496158697499,0.012969677927466868
378,0.03111480889749815,0.505925381589329,0.3272793446777663,0.08838732381582853,0.04729314101957787
379,0.026033503271187367,0.6455647649944287,0.18322005756413115,0.08631854750707284,0.05886312666317997
380,0.02089313475889804,0.5949461323602112,0.25513704647466734,0.047134225253129027,0.08188946115309437
381,0.04331436239116788,0.6941572805626257,0.08649954589775155,0.07799713744547268,0.09803167370298219
382,0.021963364462075967,0.3871530338888476,0.5089331770658411,0.05738156949050446,0.024568855092730896
