epoch,N1,N2,N3,R,W
0,0.0003762540210062255,0.00019941950479142692,0.00046820077955478997,1.8725039292919187e-05,0.9989374006553546
1,0.0002702015042798153,6.997327609758082e-05,1.0632915527302067e-06,2.8680047577950602e-05,0.999630081880492
2,0.0002845130109744789,0.00010966280887773071,5.879725095202407e-07,2.4085405345286207e-05,0.999581150802293
3,0.002249724377792873,0.00016341327157430138,1.6789880037116959e-06,6.074971875581829e-05,0.9975244336438733
4,0.0007651316908488919,0.00013334464010085652,6.157344818956435e-07,5.755776311146364e-05,0.9990433501714568
5,0.000606172542904188,0.00011370204257168739,7.464727375577605e-07,4.593991190811393e-05,0.9992334390298785
6,0.0017592742367369993,0.00016036174428056752,7.705962360570324e-07,4.8595877941695754e-05,0.9980309975448047
7,0.04742530751095385,0.00041422662686897233,2.2365816467079476e-06,9.534674864823565e-05,0.9520628825318822
8,0.12306918036613557,0.004282853813852661,6.70798073334107e-06,0.0006239755760033437,0.872017282263275
9,0.000803891187470233,0.00014827630584192782,3.3160825238731153e-06,7.750107823395892e-05,0.9989670153459299
10,0.001898692066446838,7.380996866785086e-05,3.7942919182919997e-07,0.00011843835522658547,0.9979086801804669
11,0.006558210305618813,0.0005872102956062357,2.859883009220922e-06,0.00012669435536411124,0.9927250251604017
12,0.0008818917610657935,0.00013248854595706644,9.46883548444606e-07,3.501757380695193e-05,0.9989496552356218
13,0.04294736204914683,0.0008174422840398431,2.4024412336005663e-06,0.0003854649224254333,0.9558473283031542
14,0.004198045211541844,0.000224550344130869,5.455953339683465e-07,0.00014255804758914713,0.9954343008014042
15,0.028323148723355982,0.000793280799817371,2.0364785310925045e-06,0.0003515899173040596,0.9705299440809915
16,0.00251640788015262,0.0004663300265411624,3.7447265111295347e-06,0.00013240180460316354,0.9968811155621919
17,0.04260676196287857,0.0005911789449977127,2.279254262978387e-06,0.00020569468096224468,0.9565940851568986
18,0.45682088188789727,0.002529903759873409,1.122324963896647e-05,0.0014533875804743415,0.5391846035221161
19,0.37852557923026986,0.020997227775309196,2.331321587209506e-05,0.0032539657835358024,0.597199913995013
20,0.14836258512471368,0.08763721573828859,0.00031888276011488465,0.007297143475048015,0.7563841729018349
21,0.5641302232263439,0.1082126600755896,0.00014059808568069013,0.03593513572800726,0.29158138288437857
22,0.14342464170896477,0.19069108890957553,0.00036939914587949,0.05856744935037085,0.6069474208852093
23,0.25385257505916037,0.32900648109984043,0.0003781547095329203,0.14698450742999472,0.26977828170147156
24,0.12407246449986811,0.2571349589649279,0.0007470969494915323,0.019296789508785463,0.598748690076927
25,0.25789517962540787,0.33383386669934856,0.0005091281373301419,0.06758080772775299,0.3401810178101604
26,0.17567437566006322,0.16128674744578494,0.0008472677488661758,0.09738810250746946,0.5648035066378162
27,0.07082673273941151,0.35515811745752546,0.00584758205402659,0.00816582159944369,0.5600017461495927
28,0.012374968618132285,0.0021296789076616874,5.291873573639831e-06,0.004525964999979176,0.9809640956006531
29,0.07350494972360953,0.02076236754555323,3.922276864831864e-05,0.009832471337407764,0.8958609886247813
30,0.011774960269711884,0.002160879737795605,1.6026640462187224e-05,0.0008723120321073607,0.985175821319923
31,0.022974524163011534,0.003814861183290771,3.541342076418286e-05,0.001645729011673149,0.9715294722212604
32,0.0017018727757565986,0.0009544139320609209,0.0001314179732038155,0.00010573851474242499,0.9971065568042362
33,0.0005018681477897827,2.3984847897309658e-05,4.5673679711905787e-07,3.0236224727603452e-05,0.9994434540427881
34,0.007870404891680218,7.999171272000479e-05,1.1666357839603898e-06,3.2467627174801615e-05,0.9920159691326409
35,0.09637054828969786,0.0016573144793279324,1.0087111428208503e-05,9.458339860682596e-05,0.9018674667209392
36,0.02589206546837605,0.0009958657579381895,3.888920629179204e-06,0.00023657530124764268,0.9728716045518089
37,0.01880872458556018,0.0007515759810702533,4.205677795476725e-06,0.000495611598905511,0.9799398821566686
38,0.046545317250118255,0.004360540447632798,7.010847372918277e-06,0.0013033830963618406,0.9477837483585141
39,0.07054073481466165,0.004254186365946519,1.0314461934589712e-05,0.0015397642344080482,0.9236550001230491
40,0.11621466312506919,0.00945963011846785,1.7670026327954328e-05,0.00426362980677791,0.8700444069233572
41,0.1907352957832997,0.04276590745540572,3.978331044370062e-05,0.01017360429268113,0.7562854091581698
42,0.1927034364647981,0.05756386752614576,6.886732221414464e-05,0.007334034868952535,0.7423297938178894
43,0.0012664918997408714,0.0017185582629065897,0.0004048331488076524,6.590674509482135e-05,0.99654420994345
44,0.0004914574234644699,0.00040437955205027156,3.834547266441601e-06,5.6922374321972203e-05,0.9990434061028968
45,0.0013227592972241734,0.0006821592676192932,5.2278121067788e-05,9.200061526417484e-05,0.9978508026988245
46,0.002820851897303544,0.0006577296026646334,9.404098086584123e-06,8.229952260440362e-05,0.9964297148793408
47,0.001128825189574556,0.0003977083616359694,6.377716579475931e-06,3.444102409923795e-05,0.9984326477081108
48,0.002140918166757285,0.0003110417409589516,2.081100401862765e-06,4.061280148831595e-05,0.9975053461903935
49,0.24966751681092691,0.002917828813447284,2.0788421927732124e-05,0.0005151615499704884,0.7468787044037276
50,0.26950710434671876,0.005573896705884091,1.901312905406725e-05,0.0012130354389958211,0.7236869503793474
51,0.24905857448101779,0.019965514170038886,8.673304632278283e-05,0.002516846481189013,0.7283723318214316
52,0.06349277002243342,0.019501322095948563,2.51164112551672e-05,0.0020003990610863937,0.9149803924092764
53,0.42533231169473956,0.06717998410117428,9.384466637820094e-05,0.008967072029381263,0.49842678750832675
54,0.30179047350155536,0.10202592671259267,0.00012485807696039974,0.014008360605967211,0.5820503811029244
55,0.22388632455656546,0.1080806902789089,0.00013666452342585593,0.011768103434056787,0.6561282172070431
56,0.09911560740878023,0.101004162975724,0.008004742005210458,0.0011712509752277763,0.7907042366350576
57,0.004736808472107867,0.0028070806615256845,0.002041345931549158,0.00015945734330792368,0.9902553075915093
58,0.0015954241003198672,0.001968797481821954,0.001102899582297615,0.00014148282562710326,0.9951913960099336
59,0.002416304907449075,0.0012588439638107976,9.262917351428976e-06,0.0001764594301249631,0.9961391287812636
60,0.03865117409552263,0.0010858306028682816,8.433854817474387e-06,0.00031719912993921596,0.9599373623168526
61,0.0022910322280499506,0.0007595559253857542,6.334604161554782e-06,8.482382446773761e-05,0.996858253417935
62,0.18453993010629144,0.008023869072807542,2.1396504647314805e-05,0.0008282252368206041,0.806586579079433
63,0.054789560568121676,0.0038697758809669597,1.1263734832803034e-05,0.0007621388617959242,0.9405672609542827
64,0.0007025886658884598,0.00030366929702467835,5.788230397298233e-06,5.894191672938145e-05,0.9989290118899601
65,0.01335487460130805,0.0006337077866013556,1.8106477867587825e-06,0.0003094996785073043,0.9857001072857965
66,0.3691873466091569,0.005199319876574264,2.3564790851295608e-05,0.0008023941819237658,0.6247873745414938
67,0.5050329225002693,0.029895662886548498,5.801938540955885e-05,0.0019957472989678587,0.46301764792880473
68,0.03172446170457833,0.013245902381277782,4.3352082778613785e-05,0.0009791830844597857,0.9540071007469055
69,0.00466141148363922,0.0014358589901806566,2.0968398172036378e-05,0.0005134920521019743,0.9933682690759061
70,0.43997136629945377,0.02613281781237805,8.20722382634824e-05,0.007248969989787162,0.5265647736601174
71,0.32217846484451595,0.02540703534980313,0.00015970669278290596,0.004303270204168566,0.6479515229087294
72,0.001232312355491234,0.0012865089160594503,0.00021099299902954346,8.894258844758396e-05,0.9971812431409721
73,0.012242767736276356,0.024983619894414864,0.0036819295661765492,0.004951268110779861,0.9541404146923523
74,0.000667335451512328,0.00033576240614473067,2.6840190918836713e-06,0.0001071895586104998,0.9988870285646405
75,0.09399023605329009,0.003532533906928439,3.4173973603880554e-05,0.0010706091620561284,0.9013724469041214
76,0.015922375746570523,0.001244692443014046,7.004822735054744e-06,0.0001956162477044053,0.9826303107399759
77,0.002167124237607465,0.0003869214610104632,2.4416924201815796e-06,0.00015031730867587936,0.997293195300286
78,0.17340242069181994,0.003211907662983448,1.6160980901087163e-05,0.0010375249283041646,0.8223319857359914
79,0.16544893542585146,0.004348212528231857,1.8653471638861388e-05,0.0007472691033036298,0.8294369294709741
80,0.2786429905925707,0.03180360983322014,0.00024454219752442357,0.002869761539423435,0.6864390958372614
81,0.030842017127668476,0.01382774975197865,0.00015302221589141922,0.0025901328891356837,0.9525870780153258
82,0.16244098307978236,0.008444617980848976,2.1732823895160274e-05,0.004314250961451635,0.8247784151540218
83,0.15590893977811188,0.22087174218111286,0.00028418908427722996,0.006535248497568403,0.6163998804589296
84,0.030990270421893926,0.009554142118017696,3.489641516458469e-05,0.0014715502644691634,0.9579491407804546
85,0.370435253029073,0.07057775250596778,0.0006648930041363322,0.020262941140819005,0.538059160320004
86,0.024103218588054774,0.04883018113604722,0.006619354233483239,0.0016173787213772713,0.9188298673210374
87,0.003600035001603497,0.007021199913362247,0.004467370514290976,0.0003276978737798783,0.9845836966969636
88,0.004250475795106723,0.002811818307460255,2.5658407286443223e-05,0.0007135365563709968,0.9921985109337755
89,0.020589534303292658,0.005482443771737394,3.753873614740076e-05,0.0015314137576895755,0.972359069431133
90,0.14333458218350836,0.009179507472359863,3.1061793298677074e-05,0.002241137050451033,0.845213711500382
91,0.0037083909335938327,0.003194933258867783,0.0003292447594838562,0.0003280433815434332,0.9924393876665111
92,0.0032970620611075378,0.000490779237282609,1.9591306629817036e-06,0.00015418940628081162,0.9960560101646662
93,0.004610529403176332,0.0013779524886692492,5.73249609000911e-06,0.00021868877203301123,0.9937870968400315
94,0.10537829021695969,0.002713141271808503,9.28522320792587e-06,0.0006773274890106273,0.8912219557990132
95,0.003951393392368942,0.0009896048375010276,6.414085718507357e-06,0.00016743184547091605,0.9948851558389407
96,0.01267775546752849,0.0009855985325717379,4.80856676434609e-06,0.00048790932707974764,0.9858439281060557
97,0.015564083990646713,0.0012455199935286817,3.691735992266352e-06,0.0005948224117423998,0.98259188186809
98,0.2351445430865909,0.007886655549754932,1.861007184820132e-05,0.002104471197770906,0.754845720094035
99,0.6367604861561292,0.013695245748247388,1.558485525476974e-05,0.015755138025473257,0.3337735452148954
100,0.1705368133010838,0.032639835328162455,0.00010264901709350763,0.02747396297284691,0.7692467393808132
101,0.23893618673627764,0.06108706935537652,0.0001651329450318972,0.048914483611838276,0.6508971273514756
102,0.26892397821693903,0.10474252982559787,0.000154980164030031,0.07316673545041906,0.5530117763430141
103,0.1306180855298336,0.12187670563362529,0.0011477717996571017,0.01978880120813004,0.726568635828754
104,0.012040588863754632,0.006434853496158157,5.294145265169134e-05,0.002792194868780764,0.9786794213186548
105,0.07621703812137809,0.037692946609116075,0.00026184107177987443,0.03083247973428738,0.8549956944634386
106,0.04714397456432356,0.02558680117020579,0.0016188242886474948,0.006648529481402433,0.9190018704954207
107,0.031373608705316657,0.009450201135732342,7.461233828595946e-05,0.004883486651244838,0.9542180911694202
108,0.01171483587120849,0.008166744041899507,0.0001576962133246304,0.0016181042594252861,0.978342619614142
109,0.001046545892064367,0.0006116470175228325,0.00024006372916057756,0.00022335479881138435,0.9978783885624407
110,0.005589250203211743,0.0012780675226290047,0.0008200396705789392,0.00019316254407784,0.9921194800595026
111,0.004252018570703737,0.0006731800198103005,8.393143495535006e-06,0.0001230981860700653,0.9949433100799203
112,0.7904068775376126,0.006210377693839789,2.4772741715992322e-05,0.0006479930214028443,0.20270997900542867
113,0.7990481383092182,0.024968816410006537,5.817707314681886e-05,0.0015335805026069306,0.17439128770502155
114,0.5695635211010576,0.2461432902908286,0.000549067232203913,0.0037266150109100927,0.18001750636499966
115,0.5309906298309637,0.3601983587416652,0.032344834497449605,0.006815102485366855,0.06965107444455465
116,0.11723107017670086,0.8347552150489693,0.008867761805942889,0.010320759420841843,0.028825193547545105
117,0.04225924275577941,0.8547787672425997,0.07461244292031914,0.013607767214424629,0.014741779866877271
118,0.029671270663079737,0.8526070013767054,0.07677409806414212,0.028452646254219657,0.012494983641853172
119,0.026943874897715717,0.8533162120715085,0.08186870914184528,0.030833559939560686,0.007037643949369852
120,0.04344968359603936,0.8134592130968312,0.11227588027847482,0.02493407716748535,0.005881145861169189
121,0.03839789376754069,0.8844148257979947,0.05316180057277813,0.017808158602871587,0.006217321258814874
122,0.016358335649883145,0.7248148565575736,0.2445233002972097,0.010009812721403803,0.004293694773929644
123,0.012464921856283761,0.7419160142540344,0.23839554192419657,0.0038998278027097613,0.0033236941627753816
124,0.020398448230241676,0.825581272354973,0.14644402930367312,0.0031367924546064616,0.004439457656505755
125,0.00503885521993441,0.5396058938074305,0.45319434918368146,0.0007504833173432579,0.0014104184716102752
126,0.00442376614312119,0.39708914878875234,0.5964654831809786,0.000349358633442882,0.0016722432537050339
127,0.010048644500150462,0.41076775633857465,0.5752375391748088,0.0005829623404755462,0.0033630976459906726
128,0.004108333167495597,0.35695952590728225,0.6369769502118152,0.0005755124736470124,0.001379678239759978
129,0.0013574828794636641,0.19465432422267037,0.8035233274046693,5.168205653573559e-05,0.00041318343666103217
130,0.0016475437305300826,0.12404321088877758,0.8738233771332945,6.463614687317497e-05,0.00042123210052465886
131,0.0006207742856868909,0.1677587283896807,0.831076470010073,5.645937389475784e-05,0.00048756794066442515
132,0.001216136271866495,0.0783242563042378,0.9197496799411631,4.44052451930495e-05,0.0006655222375394394
133,0.0007566405242616796,0.09002462143240901,0.9086415041385464,5.6823146440902015e-05,0.0005204107583418394
134,0.0007460982370843432,0.06263386112309459,0.9359844343417975,3.2128372145867434e-05,0.0006034779258777423
135,0.0011075698704962108,0.09405631754152738,0.9035204064566511,8.525153524348346e-05,0.0012304545960817005
136,0.0002832299465205854,0.054649279891742494,0.9444828579804381,4.063952087583307e-05,0.0005439926604231417
137,0.0015671009508727923,0.1224093918998329,0.8747419731133463,9.279458998844427e-05,0.0011887394459594843
138,0.0006674043208774775,0.07270492202493095,0.9259535326357446,5.008503587474663e-05,0.0006240559825723191
139,0.0001360593087323384,0.04123217647509451,0.9582394263346958,1.633764278869569e-05,0.00037600023868867736
140,0.0006037687058597137,0.059333633290675,0.9391878707352925,5.710657202449565e-05,0.0008176206961482676
141,0.00039301530445864,0.0538104360463161,0.9451667795177531,3.441192501348099e-05,0.0005953572064586665
142,0.00263547238364499,0.05337667975938279,0.9432100462021462,6.95659557918871e-05,0.0007082356990340769
143,0.0025014103342849764,0.07087982090459209,0.9257454494738742,7.223735229636697e-05,0.0008010819349523875
144,0.000475223181819123,0.030891973348402966,0.967936390409909,6.138199431581065e-05,0.0006350310655531167
145,0.0003047401984011533,0.021116365929878606,0.9778427000114475,4.3562556186582935e-05,0.0006926313040860807
146,0.000517219772219459,0.03674718365752532,0.9617104252182757,8.001221130098115e-05,0.0009451591406784827
147,0.00020977922935634977,0.01776885604252082,0.9814877082702187,3.652069559489943e-05,0.0004971357623092734
148,0.0008282604612129822,0.04988949375330465,0.9479046782665674,9.279690763612825e-05,0.0012847706112788662
149,0.0002028935445633865,0.01846562179193526,0.9808978591707,2.8558477724555224e-05,0.00040506701507673706
150,0.0002898402194012931,0.031189078985260573,0.9673246404668988,6.482357927402804e-05,0.0011316167491652873
151,0.00032786245439313374,0.025259086329845734,0.9736500325885981,6.202001287716465e-05,0.0007009986142858449
152,0.0009444532277082627,0.056985861692661025,0.9411520210345574,6.524685858796934e-05,0.0008524171864850902
153,0.0003714599857808636,0.032736121511638384,0.9661968737770679,2.245936555684516e-05,0.0006730853599561476
154,0.00040631758470118,0.02795098937022622,0.9709111927538397,4.979115210238904e-05,0.0006817091391304573
155,0.00039791348572855103,0.026454606366316687,0.9724410961394163,3.7558588355968365e-05,0.000668825420182459
156,0.001013979047438187,0.028314005953624013,0.9696490396496533,6.98429355010593e-05,0.0009531324137836847
157,0.00015605312119212133,0.008361942649144223,0.9912602877039542,1.0400896736763125e-05,0.0002113156289726409
158,0.0004977007075738557,0.027204845854796614,0.971455014643382,4.690311973649517e-05,0.0007955356745110441
159,0.00022059220448086774,0.014441754655766187,0.984867124520013,3.417250746998779e-05,0.0004363561122700484
160,0.0006352826063858337,0.031132725264666945,0.9676213397994547,5.1617819672573363e-05,0.0005590345098197569
161,0.0003015925056376494,0.019511149411110016,0.9795715234028342,3.270933226143956e-05,0.0005830253481568463
162,0.00028006145612206743,0.019450221401259817,0.9797364499830337,3.278299506140953e-05,0.000500484164522918
163,0.0006687412916173362,0.03223901684136946,0.9660467054977098,8.938869445451538e-05,0.000956147674848963
164,0.0007410237310672212,0.0429074741973255,0.9553259631425598,0.00010265762186935369,0.0009228813071781827
165,0.0008798600890013401,0.038059121495634285,0.9603094940319706,7.153898415168948e-05,0.000679985399241838
166,0.00040885056411957683,0.024777040810216384,0.9737742946135746,7.321441179916867e-05,0.0009665996002903361
167,0.00042260776942430376,0.027606023964597676,0.9715012122372074,4.4037111150147495e-05,0.0004261189176203396
168,0.0004166647969546598,0.026410834242726805,0.9726231892418071,3.909685946121047e-05,0.0005102148590500189
169,0.00025628835921418707,0.024276718391309602,0.9750043735793273,3.271592691532556e-05,0.00042990374323336405
170,0.0004295965064750993,0.03335070629379741,0.9655681260284926,7.419242110420383e-05,0.0005773787501303584
171,0.0013070447043608904,0.04807495702246948,0.9496298257959648,0.00013053978157005376,0.0008576326956347927
172,0.0009148965374718715,0.046113053413321975,0.9518038396146874,0.00011380666756386744,0.0010544037669548982
173,0.0004842913668869928,0.03486131518248882,0.9641136534932145,7.628693877363584e-05,0.0004644530186360284
174,0.00040831942222137774,0.032336210256356995,0.9667933406026549,7.277347721847065e-05,0.0003893562415482537
175,0.0003776644781342672,0.02432487972889862,0.9747861755348497,9.481415280500405e-05,0.00041646610531244815
176,0.0002683681522354648,0.017805466810461575,0.9816279267132662,4.2978043351707465e-05,0.00025526028068521026
177,0.000433563664813548,0.030578609493916532,0.9683142507994348,9.739584322734572e-05,0.0005761801986080051
178,0.0002975868996308281,0.038021506218234594,0.9611152398337167,8.457600595773536e-05,0.0004810910424601409
179,0.00043837648002134904,0.022676304878233328,0.9759675561380635,0.0001239223207647331,0.0007938401829171065
180,0.0005219149792510324,0.03721360000278644,0.9614141186970334,0.00013263078956530884,0.0007177355313638526
181,0.0009884652398466016,0.02920132797018288,0.9689713335047484,0.00012720393892282523,0.000711669346299186
182,0.001047147771206552,0.04577907859203427,0.9523337459563517,0.0001417262888823691,0.0006983013915253274
183,0.0008194788973213757,0.042165112780570425,0.9564310230943355,0.0001035039552344682,0.00048088127253818446
184,0.0005050311619698208,0.03177315704243626,0.9670277531590308,9.329026447410453e-05,0.0006007683720890878
185,0.000967848635473805,0.04170412554699053,0.9561249251205076,0.00019733556658405876,0.001005765130444205
186,0.0009655733601038211,0.03529835258745871,0.963216925894252,7.99601234204478e-05,0.0004391880347651015
187,0.0005591040320861683,0.036643283002221666,0.9621998251844002,0.00011127874964407647,0.00048650903164797703
188,0.0005042568878867346,0.028897986326238616,0.9697709044309957,0.00023803539763621345,0.000588816957242763
189,0.00035223654311003537,0.020083191941550445,0.9790516240917247,0.00012546644296246502,0.00038748098065234665
190,0.0010335757652307157,0.041048336949744135,0.956910959836609,0.0002991227062160639,0.0007080047422000503
191,0.0005715642314723997,0.04628576743993815,0.952287601525366,0.0002608407034573804,0.0005942260997660561
192,0.0005524416458469801,0.04162084067759642,0.9570969861238696,0.0002993869631617939,0.00043034458952535083
193,0.0005310615151784112,0.0299550693697562,0.9688981599593449,0.00018954755251227539,0.0004261616032082584
194,0.0006779051324519858,0.04334086292933168,0.9549660828816214,0.0003274874478216928,0.0006876616087732189
195,0.0003779317475051109,0.027433114114065356,0.9715752258339485,0.00020998021767163592,0.0004037480868093571
196,0.0017366922809845561,0.06850823115448068,0.9279716410002187,0.00086885159676444,0.000914583967551489
197,0.0004331345554814207,0.020709718872749302,0.9781245950831795,0.00027421303743417673,0.0004583384511555512
198,0.0006969464196904956,0.050180730043141004,0.9482862645154517,0.00031333108224746483,0.0005227279394694461
199,0.0009727517081166451,0.08710773066826756,0.9103584847017504,0.0005289457875256713,0.0010320871343397335
200,0.0005878442308343891,0.06544173171377134,0.9327364839616805,0.00054996324306826,0.0006839768506455159
201,0.00037782142909292815,0.0566949928315507,0.9420171692923253,0.00023218777623279944,0.0006778286707985286
202,0.0008827847084224851,0.06567023368199827,0.9323628239185442,0.0003051742016060305,0.0007789834894290374
203,0.0021622949226893446,0.09199252689494505,0.9037645012327536,0.0008178594499818734,0.0012628174996300063
204,0.00405848235956156,0.09373614761741259,0.9005783987576099,0.0009346952992064368,0.0006922759662095976
205,0.011075043956104777,0.16629824079785765,0.8190402435958679,0.001960161290546219,0.001626310359623426
206,0.0014390854445672807,0.04175041680668973,0.9553674622468881,0.0007525768888653649,0.0006904586129896266
207,0.004870259377053936,0.1251637254163484,0.8663762420301879,0.0009296097556205418,0.002660163420789358
208,0.025577717361119284,0.1531661776200188,0.8109183495320604,0.0044423119856005795,0.005895443501201035
209,0.010720119114035616,0.1469935114230838,0.835235985430625,0.002168373673629029,0.004882010358626538
210,0.019829706213789683,0.2165037201433172,0.751320181866971,0.005054864705987747,0.007291527069934209
211,0.2666575365760836,0.30719244726904854,0.058654421902793734,0.22140044370452472,0.14609515054754946
212,0.32333510036786833,0.39652258546583635,0.011202436064823773,0.17449684751692948,0.09444303058454206
213,0.3491983697038774,0.289441152049664,0.0024334253860533598,0.29228045201174474,0.06664660084866043
214,0.28735912807065833,0.19584866703551934,0.0003876923380101712,0.495396362730411,0.02100814982540103
215,0.16321027768964183,0.05996643511906599,0.0002868283458784816,0.7585531965319272,0.017983262313486546
216,0.07912770169747464,0.04835263520925344,0.0001222346470188931,0.8581042033519056,0.014293225094347392
217,0.04451778487526064,0.061424894838616344,8.912187452245597e-05,0.8856948409078834,0.008273357503717054
218,0.04798819606666366,0.021431144940682708,3.631643389324314e-05,0.9189119062309848,0.011632436327775539
219,0.04493243621634249,0.02577197000652685,4.0937135355052224e-05,0.9246492391438721,0.004605417497903492
220,0.04586752752899748,0.028144346800469577,6.88559222372372e-05,0.9092394075421246,0.016679862206170955
221,0.061786259212691576,0.03112645546880697,4.0704575531843587e-05,0.8830640436580847,0.023982537084884906
222,0.026497164543479865,0.02012364881350024,2.663638731910147e-05,0.9486551114584956,0.004697438797205185
223,0.03196451239172378,0.012432024194584505,2.3722110279681523e-05,0.9498706902669114,0.005709051036500765
224,0.03912134934772296,0.019036133460759767,1.7560511526715565e-05,0.9315314641961149,0.010293492483875644
225,0.0725129947169849,0.029846996148470566,4.3693761958772976e-05,0.8838204571514867,0.013775858221099198
226,0.12019732207897649,0.02698577560641958,3.7127030656992426e-05,0.839742016539573,0.01303775874437395
227,0.11541982677948234,0.01815365144490703,4.808118096150738e-05,0.8228335205633837,0.0435449200312655
228,0.13705088800961504,0.03579660582878824,4.050017778065e-05,0.7894181980023589,0.03769380798145708
229,0.09321430006643304,0.032018679087333184,2.7234368687979574e-05,0.8406583341480235,0.03408145232952239
230,0.15176161957055315,0.047789289542578994,5.248980983287319e-05,0.7637205617093635,0.03667603936767157
231,0.19412697924226704,0.04009705295457675,5.3659513399482604e-05,0.7333742229513452,0.03234808533841155
232,0.14212316335877448,0.04004184705356304,2.3967752204183993e-05,0.8057687893418899,0.012042232493568535
233,0.2202685265141328,0.05697426029891477,6.33750528905572e-05,0.625281249346882,0.09741258878717983
234,0.2558181034707348,0.06290536932118145,5.685894809674155e-05,0.6563979012491008,0.02482176701088616
235,0.0949054942064411,0.02908628721092231,0.00033973053043755564,0.06885899788679327,0.8068094901654057
236,0.7377177567656676,0.04962396771160893,0.00012093828273581821,0.13282600141047773,0.07971133582950975
237,0.6143447749928085,0.17504212826823135,0.0006976303681107782,0.1488189898910961,0.061096476479753116
238,0.4590412292726591,0.34185421081131295,0.004609228042234128,0.05607759618273537,0.13841773569105836
239,0.18270334425639614,0.12967723828289976,0.00032038836106789884,0.6714131698245929,0.01588585927504318
240,0.10219465924569128,0.5470724846713951,0.001268945375449373,0.3395179126754782,0.00994599803198579
241,0.07944433279056107,0.6751113411194447,0.005645635529124845,0.2323544541393131,0.0074442364215563704
242,0.08401790320526986,0.3623993066057023,0.00047062597690279636,0.5483919772793064,0.0047201869328185875
243,0.13020815349470463,0.5361151409270271,0.0010677441601780878,0.3212120080329696,0.011396953385120593
244,0.062224695477069984,0.8509963526158575,0.0009944848087039108,0.08229364187031556,0.0034908252280529592
245,0.14955973050997054,0.684321553471676,0.0015545525063276368,0.1564456649545502,0.008118498557475711
246,0.08154988735843695,0.7461420346639329,0.00620861331384843,0.1605594829149422,0.0055399817488395765
247,0.039051347587111,0.9026777392970072,0.004991581890861678,0.04780670471518321,0.0054726265098368875
248,0.04283866085176444,0.8796417926194171,0.005180143990056514,0.06985013938602039,0.002489263152741667
249,0.0570215563845971,0.8447398332964478,0.010499142510006932,0.08339534971362997,0.004344118095318217
250,0.02841207808550413,0.8640322564298906,0.04148878648254589,0.06327138844030636,0.0027954905617532605
251,0.03869953476679948,0.9022551100716,0.0087332823774081,0.04672842144425221,0.0035836513399402506
252,0.04265438958993306,0.9027357186326616,0.009338561307943844,0.04221000944500137,0.003061321024460149
253,0.02710704803191486,0.9098462661543375,0.012246349880696953,0.04832477579223631,0.002475560140814213
254,0.027457386517130308,0.8735726265106174,0.046440351723207395,0.04942723332345655,0.0031024019255884595
255,0.015043876425972111,0.9168791856051427,0.034613362281249754,0.03171696329953102,0.0017466123881044891
256,0.03137973673666687,0.8484868322470049,0.03535145881591483,0.08087691412116449,0.0039050580792486782
257,0.015149328576820014,0.8699186805905221,0.04814486345468247,0.06424667544655623,0.002540451931419192
258,0.014881080567828586,0.8546467723344152,0.0759874008521729,0.052388909576171615,0.0020958366694117875
259,0.013825891751908452,0.9403543715438144,0.023455910882039036,0.020691174560123295,0.0016726512621145352
260,0.018046766159303524,0.9006276763164006,0.0630243734276854,0.016084699544912515,0.0022164845516979195
261,0.024827157743015433,0.8394531288474429,0.12230818017338542,0.008991690121595414,0.004419843114560868
262,0.06059645698970943,0.8640962502434502,0.04525658019445864,0.025067017573040834,0.004983694999341054
263,0.03931844237406034,0.8250863705847316,0.10643205791960915,0.013480567062714043,0.015682562058885047
264,0.03719351843854176,0.887570476557794,0.04540196202372601,0.024073788216378095,0.00576025476356008
265,0.1886328622736038,0.5705670971582718,0.018549579287060296,0.012084508217209933,0.21016595306385413
266,0.09804138745585013,0.8215318901373805,0.06371060535620565,0.006161805308251187,0.010554311742312437
267,0.08995261954742655,0.893731309788953,0.006510195744185419,0.006445893043802793,0.00335998187563235
268,0.08620214159746228,0.8882683977687945,0.017684035584287095,0.00429663348163842,0.0035487915678178066
269,0.009491279793550064,0.9649708150422605,0.018839131050843633,0.0052247276757756275,0.001474046437570101
270,0.019949661608623506,0.9244366734694791,0.03550159806251993,0.016629948768838606,0.0034821180905390504
271,0.009939782681527277,0.9474187497968122,0.030448444101550134,0.01055025773007941,0.0016427656900310868
272,0.010963568438517944,0.9052299323353027,0.07035372094993192,0.011077029857427367,0.0023757484188201205
273,0.03823633089459532,0.8351872280852033,0.112229008889444,0.011460696623206007,0.0028867355075511817
274,0.010430420294847802,0.8142706683416726,0.16945089780116823,0.003704835872258509,0.002143177690052778
275,0.07306309585664492,0.6629482802297185,0.13447335608526306,0.006804878575913489,0.1227103892524599
276,0.038729976472648614,0.9216414907614617,0.031245745584723556,0.0054824249002630035,0.0029003622809030166
277,0.030540175682408487,0.8544242952308081,0.10734208313827653,0.004640015934825696,0.003053430013681189
278,0.04960654295696219,0.7693871514367971,0.16294443875939654,0.011743098493651051,0.0063187683531930475
279,0.01119400294933,0.8820868908779003,0.09645536651544746,0.008070505962154582,0.0021932336951676376
280,0.015807002094856522,0.9096200787749422,0.06375509122982968,0.00868334254146293,0.0021344853589085533
281,0.016855510745302962,0.9173869377126427,0.048762435342786785,0.01425402349669572,0.0027410927025720497
282,0.007203252611572112,0.6611446138984484,0.32359390235324276,0.006537781526970497,0.001520449609766283
283,0.0184739841404573,0.919142049460985,0.0502994820092019,0.010084997570843059,0.001999486818512858
284,0.017021275660627725,0.6448507056442561,0.3281086483225919,0.00730427552833995,0.002715094844184374
285,0.014643738138068454,0.715778851510681,0.26017298514302944,0.004918442966848819,0.004485982241372378
286,0.004822097373722406,0.9164401098217775,0.0744085946589537,0.0026859421759035467,0.0016432559696428577
287,0.012759997934178632,0.792499691175761,0.18918413673106002,0.003676798567433524,0.0018793755915668094
288,0.010214607105002702,0.7211636729282149,0.2637352019472371,0.00298734845140962,0.0018991695681356562
289,0.0052157794418853315,0.7241655812042644,0.2656513535864092,0.003230032414226075,0.0017372533532150453
290,0.01908014532971594,0.6868932508663503,0.28241600367082315,0.009243297671822946,0.002367302461287636
291,0.00655905202806994,0.5973885331859283,0.3906144153471537,0.0038832974973902726,0.0015547019414579272
292,0.005922947633034926,0.705438590326688,0.28290717499200746,0.0043118309907673475,0.001419456057502249
293,0.008108070634342868,0.6456610356178133,0.3341177901988957,0.009786201579721283,0.0023269019692269016
294,0.01707685940284446,0.7891374088239779,0.16364877417191415,0.013108389336526693,0.01702856826473671
295,0.08196224315869684,0.8383476654065793,0.046144531118910294,0.017578866261613212,0.015966694054200276
296,0.026949028211349254,0.8246356661082779,0.13435193010785357,0.008623268659547417,0.005440106912972027
297,0.07084487744115466,0.705873865025337,0.1988486027961428,0.008275953599267865,0.016156701138097758
298,0.10431010600641602,0.8355541244359433,0.04052267793202004,0.006317326216653699,0.01329576540896694
299,0.05424882864749065,0.8900122290995129,0.04118543249528243,0.007059674315260623,0.007493835442453456
300,0.022869908346720768,0.9399268906088899,0.029434831406698753,0.004831573633588688,0.002936796004101741
301,0.02936920745203055,0.8484309926981873,0.10997797616694358,0.009014877294467588,0.0032069463883708208
302,0.00645247182214159,0.927540607289285,0.0615728358721391,0.0022773399837697043,0.002156745032664774
303,0.13093758878443498,0.790240825436155,0.010634524711070027,0.009253496786025614,0.0589335642823144
304,0.15949094975581435,0.799522170597627,0.019198128545072767,0.006423814118326296,0.015364936983159532
305,0.1118123978615185,0.7942703954204224,0.08626737630453203,0.004314139579544388,0.0033356908339828204
306,0.06816006288557891,0.9117563985717545,0.0103406151708335,0.005742793759647186,0.004000129612185981
307,0.03128054993347596,0.9297789868747943,0.029429496508338537,0.006683579475005144,0.002827387208386061
308,0.015925215659382364,0.9071314732887649,0.06763363222151961,0.007931827067377174,0.0013778517629561375
309,0.01902093629839438,0.8607172713959718,0.10014210645694364,0.017787557037894603,0.0023321288107955927
310,0.018443848838680367,0.8306297502818023,0.12602964673977615,0.021808351493261227,0.003088402646479892
311,0.017816823755383657,0.6603027911985148,0.3052375877235511,0.014294758327204926,0.0023480389953454586
312,0.0037963854835745847,0.24183243786729483,0.74824232082131,0.005002173829801978,0.0011266819980186274
313,0.0030863154321508143,0.24735062954669,0.7452695927467066,0.0032632855955865847,0.0010301766788659524
314,0.03467823946996299,0.6926002840892279,0.2480140687010225,0.017278671955200185,0.007428735784586328
315,0.12107086999799649,0.5468975859586221,0.2758321660966078,0.01944365098115195,0.03675572696562149
316,0.05705653649181258,0.5600670956941661,0.352568256421703,0.009194124856312883,0.02111398653600539
317,0.1967618937663123,0.6168522341124406,0.0735533698829828,0.01285267911734983,0.09997982312091455
318,0.11721544363100536,0.6331462994277999,0.22336360909177946,0.013405470246966056,0.012869177602449154
319,0.0419802962989253,0.6595411772509999,0.2689981915115701,0.00921477288304679,0.02026556205545785
320,0.017898642474625318,0.03666499371329057,0.013359990647114798,0.002476354837786502,0.9296000183271828
321,0.16319722483781518,0.7593970409528246,0.011597002266678622,0.013636216231393394,0.05217251571128841
322,0.39589928275472913,0.4899751528670989,0.0015444455995104066,0.010363567769447852,0.10221755100921373
323,0.1717739360517514,0.7816459823372507,0.011237331665860195,0.0036974753163455795,0.031645274628792255
324,0.08040506088993289,0.8705342484564489,0.0037425832269727746,0.02208851753404575,0.02322958989259966
325,0.06706343157370832,0.8960605993176954,0.0024049577378517863,0.024054985524811823,0.010416025845932585
326,0.11803332599980439,0.7913773879090904,0.042248304176049765,0.03093923299698577,0.017401748918069743
327,0.0626822196521705,0.8023500918221401,0.08332186271693158,0.04649801903386874,0.005147806774889043
328,0.22187563860065404,0.0716313616188482,0.006559131046064908,0.02596248756444011,0.6739713811699928
329,0.45552197496429586,0.4767105209732731,0.0014821527676302933,0.010444095739531053,0.05584125555526964
330,0.30213345976717254,0.6602989379999232,0.017123338602480442,0.007799455915237892,0.012644807715185894
331,0.26622318072157003,0.6433219347677106,0.0680817574991041,0.00866838561551843,0.013704741396096953
332,0.025942917733204333,0.949827508305656,0.016372872545245824,0.005722736920497879,0.002133964495395895
333,0.013115009045624657,0.9033198680231961,0.0775417984093618,0.004549432675552528,0.0014738918462651655
334,0.02422568643437932,0.842128127471964,0.12251816149895037,0.008760365055942776,0.0023676595387636273
335,0.016537145654368757,0.8012509699575792,0.168390725705388,0.01126912155204543,0.0025520371306185733
336,0.013659044146426831,0.9213589052438689,0.0484512003176557,0.01404131827987467,0.002489532012173907
337,0.013654023769781986,0.6893657508672612,0.2877561246398315,0.007196977603067069,0.0020271231200581536
338,0.01005657437731111,0.7756441621954507,0.20797472751361054,0.004364204817764621,0.001960331095862994
339,0.006276768261517861,0.7286293326073428,0.2604174928404716,0.0032385073954176854,0.0014378988952500381
340,0.014419193478875568,0.8255520461156072,0.15335397463238135,0.0036601848661865534,0.003014600906949259
341,0.0018132751714806732,0.28004876441088394,0.7169225447179802,0.0006230361191145578,0.000592379580540641
342,0.00404255534739693,0.649011845694545,0.3440186062573037,0.001848256205469132,0.0010787364952853837
343,0.003614790457678081,0.3649785183834067,0.6287142184376179,0.0015038574762107199,0.0011886152450866013
344,0.004320236676179822,0.7246255909077981,0.26813946869292954,0.0014825669288688304,0.001432136794223657
345,0.004472486955018091,0.3116427097364227,0.6809874461102116,0.0016601976917021925,0.0012371595066453926
346,0.0032496939790118036,0.3558229970703128,0.637939452967226,0.0018348116219015493,0.0011530443615478986
347,0.002196958653958265,0.24217104758977545,0.7538580233595444,0.0010278183317387263,0.0007461520649832127
348,0.005579387345991196,0.4039107750626907,0.5870083188295602,0.0019119631408919101,0.0015895556208661932
349,0.0020009874728627373,0.41964366619849996,0.5753663133246383,0.0013215270232748441,0.0016675059807242183
350,0.0019309527697086559,0.38362161108434933,0.6121618519679722,0.001119537919234974,0.0011660462587348452
351,0.0014370544660506608,0.18244502123013911,0.8153407075766739,0.0004193349057555295,0.00035788182138085005
352,0.0017291916588157606,0.2629336836496248,0.7338866306996105,0.0006069432177386266,0.0008435507742103023
353,0.0012030459050034765,0.1717195375491854,0.8261618671682529,0.0004078814865637761,0.0005076678909943196
354,0.003276059422736931,0.37854794533981045,0.6160939960537201,0.0009640359799426235,0.001117963203789838
355,0.0016113847191536964,0.39783527766737276,0.5981628246603776,0.0010981772077465343,0.001292335745349468
356,0.0021377748615378344,0.32873935150928496,0.6667138133946793,0.0010541046844322838,0.0013549555500656026
357,0.002128382315405979,0.262746366341223,0.7337947413923435,0.0004893918691929604,0.000841118081834726
358,0.0013729780155418275,0.21581365538236705,0.7819622298784666,0.0003071654663766878,0.0005439712572477141
359,0.0017460926847031944,0.24269028265510104,0.7543718440709117,0.00031079374532815143,0.0008809868439557781
360,0.0005022990218888195,0.15495796043455162,0.8440456442337336,0.00012330511158988182,0.0003707911982360998
361,0.0018840566457880622,0.19145234580241052,0.8057463686680236,0.00029735275446796284,0.0006198761293098006
362,0.0005538099747466087,0.12752887344164285,0.871422081524097,7.564545237183663e-05,0.0004195896071418161
363,0.0013223896775202417,0.1491342687386352,0.8485777182799944,0.0003076533374508667,0.0006579699663991971
364,0.0015251238080099074,0.1911389900594812,0.8057805204628805,0.0006006003966822197,0.0009547652729461274
365,0.0011312309460499608,0.1256124695278514,0.8725163615003138,0.000262394038374174,0.0004775439874106403
366,0.00044956678488666015,0.13193220387367535,0.8669293731453208,0.0002682518799686445,0.0004206043161483554
367,0.0011353143861767853,0.2626056516330823,0.7344826416520547,0.0006247119547952172,0.0011516803738908783
368,0.0013306857291220232,0.22594398455174045,0.7718272214037489,0.0002820885436639997,0.0006160197717247109
369,0.0006397153500052219,0.1252178585835958,0.8735374258556985,0.00014012683762934598,0.00046487337307136463
370,0.0007019328172554415,0.12454527475117494,0.8742317806623388,0.00012781004323488923,0.0003932017259959284
371,0.0004978993650218323,0.11941947315367045,0.8794350904293807,0.0001898124780470177,0.0004577245738798637
372,0.0009552779199201635,0.19531340828843186,0.8028347745783859,0.0001913100080671687,0.0007052292051948153
