epoch,N1,N2,N3,R,W
0,0.00026920755388098734,9.506055971271037e-05,5.040726999449787e-05,2.7768720623374506e-05,0.9995575558957884
1,0.01698798752129586,0.011213432777192183,0.00020402082054117544,0.0005148820744114213,0.9710796768065594
2,0.010443886421592656,0.006375247661709571,1.8057082213758828e-05,0.0003708575315205332,0.9827919513029635
3,0.011625868012287205,0.014465717596275863,6.243496371770365e-05,0.00014903002238397033,0.9736969494053352
4,0.019594640785397507,0.03270310586643668,9.552119251748132e-05,0.001526477478503627,0.9460802546771446
5,0.06489824201759033,0.09950480293748283,0.0003272986947245065,0.004125560286756569,0.8311440960634459
6,0.08102556387859783,0.10849449394915152,0.0003094041989838333,0.005963797388286936,0.8042067405849798
7,0.1884364143361827,0.10122947168652387,0.0005432645483210803,0.009193322588318925,0.7005975268406535
8,0.19213970545205922,0.038751459891616144,0.00012955581706952651,0.0036129317329326033,0.7653663471063223
9,0.17474091605988404,0.031845040791361016,0.00012018055204283284,0.000930318770217987,0.7923635438264942
10,0.027010906650921377,0.04393600880609923,5.7560387856728455e-05,8.044797474250032e-05,0.9289150761803802
11,0.029703800177002603,0.018101584145556616,5.838171384874253e-05,0.00010237511827982676,0.9520338588453121
12,0.054573336449936144,0.006755728649562986,8.59689538266287e-05,0.00020831607759992803,0.9383766498690744
13,0.022601010924217572,0.011196144962103706,5.2304622939732925e-05,0.0001721604788690519,0.9659783790118698
14,0.042617006702023584,0.031027996675105602,4.199151759528392e-05,0.000508447979736872,0.9258045571255386
15,0.06075792608952175,0.01211364249079338,4.903251485862544e-05,0.00041330460865983507,0.9266660942961664
16,0.04572893889738413,0.18559376900809077,0.004868479711079464,0.0002391701302766087,0.7635696422531689
17,0.09174226280175843,0.1849283135465468,0.0009893672548225943,0.0009734235494043834,0.7213666328474678
18,0.18577254854367148,0.35917426493244536,0.002770040781440683,0.0007783366403093713,0.45150480910213314
19,0.255180643833563,0.21304818571769993,0.002054077948278537,0.0008009659763902347,0.5289161265240684
20,0.40515043343513485,0.34431148131696215,0.0017910487908839113,0.000463852873469253,0.24828318358354987
21,0.5820607262461703,0.23242194823169496,0.0070384980613495025,0.0007577896804130245,0.17772103778037204
22,0.5530098516026599,0.36328192329240444,0.012791221566029676,0.0012474164204227527,0.06966958711848324
23,0.5867169522046339,0.2598620137372628,0.04987291482978789,0.0008993322015760711,0.10264878702673942
24,0.38116808610170594,0.4914528560457971,0.05614733347373064,0.0019600396297696195,0.06927168474899677
25,0.28451373977264016,0.48812091013201564,0.08679753985985449,0.005838574650145896,0.1347292355853439
26,0.13928879127834004,0.5854577359155042,0.16189322744436307,0.010051002076452962,0.10330924328533955
27,0.14093236898906641,0.755863750456076,0.0413607746070916,0.004290998596339004,0.05755210735142687
28,0.08954021969499733,0.702868156380786,0.08581037151910215,0.0039218881903876025,0.11785936421472687
29,0.1464989067542832,0.5673413015991504,0.17536330354331744,0.00546228343503789,0.1053342046682111
30,0.0688600711461009,0.4144328296347498,0.3515973892560267,0.004048698764257014,0.16106101119886546
31,0.08220018401364926,0.33297612049980946,0.4323227539728636,0.004588057396314983,0.14791288411736278
32,0.06564408476955952,0.20316348752712202,0.6501424407537645,0.007601060340450994,0.07344892660910296
33,0.022374938412672702,0.1452310344992149,0.7643368088432462,0.0038573710459949124,0.06419984719887122
34,0.04139228031775393,0.14657241924018327,0.7690646449085163,0.0038839380976519607,0.03908671743589446
35,0.024834220309192266,0.08826378009426017,0.8226767539939458,0.0035978783596130296,0.06062736724298901
36,0.06055652029565337,0.2793735176755848,0.5721017273744283,0.008298334589456778,0.07966990006487665
37,0.02628878701540263,0.1277595011631686,0.7994865482126935,0.00431790075083576,0.042147262857899354
38,0.012894802927506992,0.13445335686473756,0.8316995517667325,0.0028795528525310744,0.01807273558849197
39,0.003389416116824751,0.025795590783307405,0.96365118773833,0.0006653175878897859,0.006498487773648127
40,0.01653537082403941,0.12265283567586655,0.8487847310743889,0.0019999746834799886,0.010027087742225063
41,0.050406906244410875,0.17120606638348582,0.7368759469461647,0.0042584544225797525,0.037252626003358824
42,0.04009361060626936,0.14158077305066355,0.7515074650597945,0.0043005981265910815,0.06251755315668142
43,0.07381976506784564,0.25504614537984843,0.6310760335935526,0.005351234915437072,0.03470682104331628
44,0.02964147448443386,0.09192244325965068,0.8360994722606341,0.002617631202085762,0.03971897879319581
45,0.02836783698111294,0.16709424151977498,0.7701652277791818,0.003061391804435964,0.03131130191549434
46,0.022137164622717684,0.08463744039015338,0.8665271795361035,0.0016843534869082355,0.0250138619641174
47,0.009429254281585807,0.06579822731196916,0.908150114597141,0.001107567497598536,0.015514836311705405
48,0.008506691729391298,0.0938032922759134,0.8796771902813504,0.0014371571544777944,0.0165756685588671
49,0.010936929174220197,0.13573859507021974,0.8281669091343866,0.0019800561727871028,0.023177510448386333
50,0.027704696823585756,0.21095505585977692,0.7016345484633327,0.003588331701628429,0.05611736715167634
51,0.008414994312607353,0.07482382092880632,0.9027508027421564,0.00114054683282688,0.012869835183603092
52,0.03939155044798678,0.23807787945513967,0.635330547275467,0.005404549039907524,0.08179547378149922
53,0.020774413395406827,0.20999379662188147,0.695434148760781,0.004138483226373686,0.0696591579955569
54,0.010653147316590688,0.09597881924305572,0.8602229110651399,0.0021112723384319643,0.03103385003678168
55,0.007568825080272015,0.06483587117933345,0.9124631698754515,0.0012641464753791766,0.013867987389563794
56,0.00630413813633374,0.08595020864781634,0.8964871723891179,0.0010131213135124797,0.010245359513219476
57,0.0038672668663276132,0.03928665617429483,0.949918912989542,0.0009147909111121166,0.0060123730587233765
58,0.003195755625446405,0.0380179766059791,0.9519567832671796,0.0009196124287764574,0.005909872072618381
59,0.0043471900751580255,0.040878562996224825,0.9452067470999964,0.0013884784446247386,0.00817902138399592
60,0.017041073400566088,0.16711694073379996,0.7907428522529242,0.005704998323299856,0.01939413528941002
61,0.012012985457424725,0.11990110576337798,0.8486777190216063,0.003308676428243757,0.0160995133293473
62,0.0031991271394398485,0.025213372665049937,0.9650510275523241,0.0008899441294829937,0.005646528513703075
63,0.008014821722678653,0.056798335638031675,0.9245355452181532,0.0018239198851501884,0.008827377535986503
64,0.020138764822540553,0.10479474550686373,0.8517924910775169,0.004707604870588694,0.018566393722490016
65,0.006073429945457568,0.03506036073599042,0.9506169301457538,0.0014980412039268455,0.006751237968871389
66,0.013090007952241276,0.09273668057379256,0.8771177696234419,0.0028227096246020962,0.014232832225922106
67,0.004155769802884072,0.045307458961268914,0.9427144305186423,0.0014152713741967995,0.0064070693430079385
68,0.0015201534242834276,0.012392128210309324,0.9810947613943144,0.0006058786984652454,0.004387078272627593
69,0.004260524084184618,0.03516231683477385,0.9522791657475637,0.0015161439529518446,0.006781849380525994
70,0.006784884647463233,0.049258063198196575,0.9307343655997179,0.0030200550874554897,0.010202631467166729
71,0.003887251465352183,0.026093758538953765,0.9593218687202368,0.001591822437995443,0.009105298837461601
72,0.0037463726414708677,0.02330284865679284,0.9652843646484847,0.0010473671739290274,0.006619046879322375
73,0.0037373293057517925,0.03351729115249443,0.9541059681103607,0.001363982023922964,0.007275429407469963
74,0.0034559550280260855,0.02508819367137483,0.9624571733405333,0.0011934894211800835,0.007805188538885722
75,0.0017453281084259058,0.015740107449298643,0.9749236122785152,0.0006410713340527255,0.006949880829707376
76,0.009675393960234908,0.0871291573281033,0.8806519672036834,0.005148954790237466,0.017394526717741117
77,0.009767958596268018,0.0796518336928971,0.8893690684445954,0.004257756760564138,0.016953382505675213
78,0.0052065148170893725,0.04379888889469451,0.9313183040277376,0.0026525556685903506,0.01702373659188818
79,0.004020481543107585,0.030878307662222087,0.9534042696611005,0.002272960618791125,0.009423980514778841
80,0.0020018315561214158,0.025055136132868715,0.96098386537385,0.001947841611026762,0.010011325326132893
81,0.00937278970524943,0.09613774821106812,0.8658671736940438,0.007376035406436952,0.02124625298320193
82,0.0011087921866787685,0.019473722130960477,0.9690937270781752,0.001447994153785038,0.00887576445040045
83,0.011612414767742451,0.10049122756657516,0.8565568959253818,0.005865723667394835,0.025473738072905955
84,0.0019050098567920553,0.023797417308375403,0.9671889371372054,0.0013176839898099261,0.0057909517078171
85,0.0034563266391489417,0.03685457993603338,0.9464989907801438,0.0019401089960025043,0.011249993648671366
86,0.005341891634725255,0.0381800404167735,0.942274857751574,0.002788804592399976,0.011414405604527186
87,0.0041518789355473925,0.03047351813947476,0.9486220603162201,0.002275665359248689,0.014476877249509123
88,0.002353617616017379,0.029573721853808643,0.959877591613453,0.001911268970519365,0.006283799946201611
89,0.0026140511117576665,0.032090956983125,0.9570284603863454,0.0031362956923154175,0.005130235826456393
90,0.000989030763860526,0.013804895895730326,0.9786604472992722,0.0012499620989804242,0.005295663942156515
91,0.01611445238700036,0.17119533514455365,0.7778404415256965,0.010379370991052052,0.02447039995169737
92,0.008182594479050873,0.08065540792583949,0.885438573444118,0.006251641726376481,0.01947178242461516
93,0.0019247413121596401,0.019456293511118078,0.9717163805470836,0.0014252100633743955,0.005477374566264269
94,0.00115040125326364,0.01779228127638243,0.9763588319489171,0.0011025589940391691,0.003595926527397732
95,0.001016336172795715,0.017042825804715004,0.976312342197419,0.0011856076102947978,0.004442888214775336
96,0.0032293552463702143,0.031132281088240715,0.9568511890848737,0.002793340913897199,0.005993833666618147
97,0.004525593903299625,0.0508031241496916,0.9313839708866143,0.005843767379026113,0.007443543681368357
98,0.010196697871806486,0.07683388857345785,0.8978848310721875,0.006171016428996995,0.008913566053550932
99,0.01995898597194833,0.13745414894229346,0.815260870010017,0.0133236142603902,0.014002380815350934
100,0.0090675357710595,0.09016633175984268,0.8843087216586524,0.00812147839574017,0.008335932414705297
101,0.005276629295813068,0.03975910688917265,0.94348838151976,0.0036514735363141915,0.007824408758940127
102,0.0052566305913389726,0.028970989641529304,0.9578453787447563,0.0021642907290228145,0.005762710293352708
103,0.0020584645546902714,0.028751982510025052,0.9621102465692162,0.002749750083924174,0.004329556282144491
104,0.006889891894086999,0.05022991950039834,0.9257607273036039,0.008104122288372774,0.00901533901353807
105,0.011278605162186825,0.10438801054658338,0.8587666194083062,0.010448905317332693,0.015117859565590988
106,0.0027548813056796064,0.04081507066583755,0.9423453178872913,0.005549372667855058,0.008535357473336754
107,0.007486092754433327,0.06353981370242846,0.9053679783115685,0.009306424435699564,0.014299690795870212
108,0.007583843376229318,0.06156832310610296,0.90995882231174,0.006986646584086609,0.013902364621841154
109,0.010126414610804367,0.060165050843688554,0.9051633620362793,0.00774502261756469,0.016800149891663257
110,0.013833742855909619,0.09713135577289347,0.8690276064171307,0.009808018512166627,0.010199276441899467
111,0.017332808319714146,0.09116146512775866,0.8692575997436953,0.008617882864295354,0.013630243944536767
112,0.009855020089922006,0.07443363751073463,0.8982664234862313,0.00724113108354724,0.010203787829564867
113,0.01590086541190683,0.08676872237279906,0.8718494279568155,0.009398850660875691,0.016082133597603035
114,0.009010371365424201,0.0754471100312274,0.9004989045151648,0.0071211314092793025,0.007922482678904294
115,0.004979011958520982,0.0427317038271003,0.9371499541407893,0.005374281330904769,0.009765048742684601
116,0.010060689192960614,0.0630315391578141,0.9072720616247967,0.008526648318835015,0.011109061705593715
117,0.003947401699442887,0.03955429378771355,0.9383193606316309,0.011464599118044292,0.006714344763168239
118,0.008170078380296403,0.06255298533900418,0.9067718121408521,0.013734730391862106,0.008770393747985064
119,0.02205501285649103,0.06610989682586227,0.8922815811476562,0.008145835435275698,0.011407673734714883
120,0.014046989630830297,0.06990876254032673,0.8873583208858904,0.014257156469861133,0.01442877047309151
121,0.012365072573874165,0.0726958272577292,0.8818515295932692,0.01441491708634936,0.018672653488777998
122,0.004449011449786177,0.03247985993373481,0.9519397717718379,0.003927333820131106,0.007204023024510225
123,0.005494978043612071,0.061558023638137054,0.9168398945317359,0.006139544402039825,0.00996755938447532
124,0.004973533902779095,0.04667338969951783,0.927969069565551,0.008204215651184755,0.012179791180967247
125,0.006263873971367618,0.053163600357860184,0.919608727259058,0.008946993760861848,0.012016804650852463
126,0.013240437430896068,0.1044333727313099,0.8518960130437215,0.01447433259404126,0.01595584420003104
127,0.005577860586199573,0.05770195858542452,0.9187766543791807,0.00974877207296732,0.008194754376227848
128,0.021286084535250993,0.10638229437782762,0.8353628588842982,0.023907440157179858,0.013061322045443288
129,0.001807885032409372,0.03261469644950742,0.9616107290562899,0.002553007476963392,0.0014136819848300233
130,0.0055205090116679754,0.054548673521003954,0.9226904821778598,0.006483317668625528,0.010757017620842755
131,0.005380972554490867,0.03446675165347764,0.9491613141820017,0.006695921439461441,0.0042950401705684595
132,0.015547846190209253,0.07036895319468528,0.8986746067496509,0.010983167463388328,0.004425426402066151
133,0.020131145070511947,0.08502826743896182,0.86901034435571,0.01586481377087815,0.009965429363938213
134,0.007267090848100323,0.04945161779496703,0.9277224234118674,0.007968408255316096,0.007590459689748964
135,0.0027628601538310484,0.04619463298582742,0.941327137647793,0.005548676569101464,0.004166692643447135
136,0.013170217318634355,0.08883257669455466,0.8683974191367863,0.014467454786308285,0.01513233206371655
137,0.01333334399711453,0.08634002308352116,0.8848010429603735,0.009932883303756274,0.005592706655234391
138,0.004147111576873421,0.034559680283441536,0.9504581123982763,0.005547990523903054,0.005287105217505625
139,0.008091075774455008,0.07687339611706755,0.9043376999269748,0.0056879388748272966,0.005009889306675274
140,0.0191399061046102,0.0786924679816614,0.8827791787359088,0.010025928108414786,0.009362519069404737
141,0.014424032266638864,0.047214158136109144,0.9219513601760151,0.005872712640360213,0.010537736780876694
142,0.018529053469919846,0.08166491466322631,0.87291634052684,0.01380237340162456,0.013087317938389199
143,0.009022147869960558,0.05764961642263837,0.9163658678923701,0.008774941308627939,0.008187426506403132
144,0.01632283221740917,0.054406582454903755,0.9039678538629871,0.012352571177691014,0.012950160287008967
145,0.01079134396907821,0.07194982409151753,0.8921645307576238,0.012818610711090448,0.012275690470690128
146,0.01738782230337795,0.1244210485716171,0.8362441715159199,0.015381810390915395,0.006565147218169691
147,0.014216866309744652,0.07701315316719297,0.8782090217052678,0.01796187736312325,0.012599081454671255
148,0.03257466728736086,0.09290736879699084,0.8524854457020274,0.013869414123517066,0.008163104090103544
149,0.015726784003853328,0.060263439662362236,0.906501672018845,0.010299601317938174,0.0072085029970012015
150,0.021795359080045328,0.14665188681502742,0.7891446048686569,0.02080202690755938,0.021606122328710748
151,0.03258835241698618,0.1175598437630392,0.8239014524038665,0.016534591953818945,0.009415759462289062
152,0.015572623564973215,0.07416228137528633,0.8929277348135566,0.011299056656267027,0.006038303589916893
153,0.009047563833926029,0.05189671521341197,0.9256222199836961,0.009304341251083308,0.004129159717882523
154,0.008938665449765956,0.06530888756957352,0.9137329890244213,0.007661680732733787,0.00435777722350558
155,0.010792586418232768,0.12281358059018975,0.8474741232549315,0.0111021296623526,0.007817580074293439
156,0.005348019085285673,0.07425215860797857,0.908141868623494,0.008117816212840493,0.004140137470401433
157,0.012992083673427449,0.13375705585019376,0.8283247403042896,0.016753900162862333,0.008172220009226693
158,0.005002149572352865,0.06751995551834304,0.9154516763405414,0.00782656327926229,0.004199655289500301
159,0.006591727084971503,0.07466335033808039,0.9022925031308229,0.012413806716285582,0.004038612729839626
160,0.0044418552949243946,0.05764464641080962,0.9235113577841303,0.008858322759949184,0.005543817750186427
161,0.010407000793354671,0.06617923557892172,0.909476236957652,0.009670185604218406,0.004267341065853122
162,0.005818504462809759,0.0486471706132398,0.9318795455187366,0.00763979388537255,0.006014985519841149
163,0.010553297418559513,0.07473813860953263,0.8903572206977929,0.01460694233822095,0.009744400935893937
164,0.016291962472580135,0.11632928779387287,0.8335725615159781,0.023555076822555428,0.010251111395013363
165,0.011264273719774868,0.09419239280972742,0.8562224603127542,0.01691787871701099,0.021402994440732452
166,0.01629629798044514,0.11734503060824406,0.834334432320994,0.014225504880657795,0.017798734209658936
167,0.022695858248256293,0.10268062551379624,0.8268560152545449,0.020992287087460357,0.026775213895942288
168,0.04160678725530206,0.17194312179209847,0.6983420445298487,0.04037011226870234,0.04773793415404854
169,0.0665846480464058,0.3237968785364779,0.5435443716252774,0.04659829310923485,0.01947580868260417
170,0.22889489034311838,0.4362837986486444,0.28392879338748084,0.028449992024769964,0.022442525595986355
171,0.18077880227877166,0.4810650803749867,0.11092665063568342,0.14031844574597754,0.08691102096458068
172,0.23583279900167087,0.513036567926446,0.07547103508765096,0.1301538035121055,0.04550579447212674
173,0.5893555867257866,0.26582527270663714,0.011090076053179972,0.021536676465303294,0.11219238804909304
174,0.48612735179574995,0.4487984240404148,0.01577987076818167,0.02450090565915517,0.024793447736498306
175,0.204070576683832,0.5946754005934297,0.024550777206622482,0.117382218382305,0.059321027133810995
176,0.33730602235753654,0.5506476005712008,0.009221474024011349,0.04878846960857817,0.05403643343867318
177,0.32798888637200924,0.5134847024530124,0.012958311212476273,0.10521856861586155,0.04034953134664046
178,0.20528324508983806,0.5646190507804268,0.008525134192430959,0.14967214550560443,0.07190042443169974
179,0.2232569010327301,0.6319507197427356,0.0033819414024175154,0.0777303473598559,0.06368009046226077
180,0.4929984804846075,0.3524844531564278,0.00312500171998295,0.07483114530457924,0.07656091933440257
181,0.6406458174106328,0.14874925639602454,0.0019137210976593927,0.15277533086910064,0.05591587422658276
182,0.5181198923106397,0.2538431597524383,0.0029056525562699675,0.075465693901103,0.149665601479549
183,0.5607001228823572,0.2069700102696427,0.0018768204217316968,0.1028904494554289,0.12756259697083935
184,0.42890226540785653,0.18808896753587895,0.0018479027613030436,0.17621921051963563,0.20494165377532575
185,0.47835338736689914,0.1643156518680855,0.0013213322023921594,0.22500913949042617,0.13100048907219697
186,0.5192070452167653,0.12512243223525435,0.002021914999863362,0.1977233321395316,0.15592527540858536
187,0.22240135941375005,0.2576083916621006,0.0004968652485740709,0.41820785726499354,0.10128552641058183
188,0.40390409612542577,0.16866491040371503,0.001917990675719069,0.3458223532801316,0.0796906495150085
189,0.5538115480164761,0.13020608651415344,0.0019527534989821598,0.18315637683874053,0.13087323513164778
190,0.6365342579750649,0.08418084771004783,0.0013598249113185453,0.13790128121279463,0.14002378819077416
191,0.25565762720379376,0.04112307456917309,0.0005973336349255297,0.06815644636943104,0.6344655182226766
192,0.47860809274140564,0.14301109072871085,0.002249418207194562,0.12255128791009338,0.2535801104125955
193,0.4090509375806914,0.24282088559184845,0.0023447182024298324,0.10504776250552497,0.24073569611950543
194,0.33791299390489277,0.19312665573941365,0.0018383903634434176,0.2682085525669871,0.19891340742526295
195,0.5254627149825034,0.15767124045288525,0.0030359849941605393,0.19131606333610174,0.12251399623434892
196,0.1827938017382869,0.03103837043710555,0.0001860089300828852,0.07511762461808155,0.7108641942764431
197,0.5653490557952798,0.057734298467167246,0.002243939899975956,0.11675844768984736,0.2579142581477296
198,0.594616693444117,0.2555708598570022,0.0044028801753972545,0.04495622828581259,0.10045333823767108
199,0.9459858419839988,0.029921174588188146,0.0006227256526753346,0.014118718048212546,0.009351539726924943
200,0.33260390567246423,0.46847379820615237,0.008482671513099543,0.08256451096408475,0.10787511364419913
201,0.24466185464609502,0.6713640983186286,0.008809586146668161,0.024193600224837894,0.05097086066377026
202,0.32309050453399757,0.4052113047368848,0.008651236556590438,0.055460875337642886,0.20758607883488436
203,0.7990978086220601,0.17176352813539997,0.0027092310438945693,0.004668560816981315,0.021760871381664108
204,0.31732723798192497,0.4777252025395974,0.01674740080531488,0.04101438334399725,0.14718577532916546
205,0.31212750169962306,0.49786392071266206,0.012763790567379906,0.05088980166558466,0.12635498535475034
206,0.2424972431903859,0.547515271136755,0.01252522172069533,0.027976124608437025,0.16948613934372683
207,0.14925856957201952,0.5197660062458546,0.009362583968619996,0.04105492027140529,0.28055791994210066
208,0.28614245180357656,0.583832269202513,0.011239843030863986,0.027054281390275957,0.09173115457277053
209,0.12852368853492674,0.5987898673722573,0.013670747477133378,0.03251096771534877,0.22650472890033366
210,0.21609396449011398,0.617944047349201,0.02743321015502154,0.040160861882349325,0.09836791612331405
211,0.1675009585066307,0.6730383945769073,0.02485810327882788,0.045663716035288,0.08893882760234618
212,0.2648616526933576,0.6241444198643609,0.020773177596286656,0.01765867830208613,0.07256207154390877
213,0.2071724941876709,0.7346149748398567,0.020835847499749826,0.011228777449033677,0.026147906023689087
214,0.19539525987847783,0.593030003570595,0.017038335121213503,0.040642072214425735,0.153894329215288
215,0.19753136880493127,0.6430936674102928,0.041723206726227056,0.03801267160025648,0.07963908545829235
216,0.2251731167930994,0.5405935568455608,0.029861010981446834,0.10825264830283834,0.09611966707705456
217,0.2692534335159882,0.580982342215448,0.045250811603035145,0.054430639180682444,0.05008277348484621
218,0.2047428315549286,0.5977898250063313,0.029885392612895897,0.10776189888030052,0.059820051945543885
219,0.20941008593793858,0.6316651472012101,0.026446801114267362,0.07231054662905184,0.060167419117532
220,0.2461895368274509,0.5397010206111101,0.049995164935975646,0.10714633566778416,0.056967941957679145
221,0.2441303245150414,0.5920399175962328,0.06092523329535034,0.06964977453980725,0.03325475005356841
222,0.1878054924784082,0.7144272111604099,0.0512633399957915,0.030732636704057344,0.015771319661333032
223,0.2467053642689718,0.606990250725625,0.0784026799642583,0.05266802877871848,0.015233676262426447
224,0.19543599387091745,0.6201663915635979,0.06179501019632367,0.11006631135673557,0.012536293012425455
225,0.1291028257254746,0.778251752848136,0.0459480873754042,0.04172780598842973,0.004969528062555463
226,0.12038723792418184,0.7273095886070239,0.046911995952175406,0.09605718851958991,0.009333988997028891
227,0.11438804732139421,0.78938867271193,0.0450926116496855,0.04443607348341069,0.00669459483357936
228,0.12080342611348327,0.8007932115177965,0.03355756024846252,0.03762291813243071,0.0072228839878271025
229,0.08724763943886943,0.794706938460586,0.04423148981195386,0.0647582671272959,0.009055665161294729
230,0.13801352658604812,0.6986838632525145,0.04407576734014611,0.10897072730629248,0.010256115514998786
231,0.10025313081545939,0.7861754241485811,0.05532168669986864,0.0520009290226102,0.006248829313480591
232,0.1365256546480504,0.7388753994521533,0.08296843634870996,0.029925966031919497,0.011704543519166763
233,0.10207033514496312,0.7912654483896818,0.04456246334215439,0.05143181749855486,0.010669935624645636
234,0.19387982561719708,0.7295571578155716,0.04252686091666177,0.026733596211739995,0.007302559438829585
235,0.11162605360808162,0.8041482754491558,0.04040861944298289,0.03845220360291881,0.00536484789686092
236,0.09753035955265062,0.8090754324108183,0.06486024618108496,0.02145617476854562,0.007077787086900457
237,0.08172727652181645,0.8240211528195903,0.044039755816757946,0.04414089142317135,0.00607092341866373
238,0.09580477302897138,0.7743832304615513,0.07278817678372293,0.047205424131935084,0.009818395593819258
239,0.08966977882580442,0.7181576830919405,0.0990365583483141,0.08058154667642861,0.012554433057512386
240,0.08602514646640758,0.7359727884602296,0.088833006008833,0.08043418591044744,0.008734873154082314
241,0.12086343353131858,0.7367851183001295,0.043602157313463334,0.07614236304370668,0.02260692781138171
242,0.06812243870771884,0.6773168773103653,0.1409154582028524,0.07814636369011774,0.035498862088945767
243,0.10017852445216881,0.6803373885496665,0.10727456188661467,0.08260676271403601,0.029602762397514075
244,0.10048803353230687,0.6098953941965646,0.15800108826443465,0.1116031792266019,0.020012304780092104
245,0.1029079142100773,0.5429067616901795,0.03297567535674873,0.04000478760586127,0.2812048611371332
246,0.1648851331767775,0.15204933220166567,0.013583903655458225,0.3063844220602935,0.36309720890580505
247,0.14457935196007804,0.26249514856662187,0.007048043238450134,0.04628446143818002,0.5395929947966699
248,0.3025052640746592,0.5370732171245588,0.08492796452315039,0.02335680695578771,0.052136747321844014
249,0.1398719621457769,0.32641952074206065,0.11404641759128421,0.05538312023933497,0.3642789792815432
250,0.26976719095063695,0.4839978794808541,0.04252861554221259,0.03468030446677606,0.16902600955952016
251,0.32160217283064885,0.5574068364121257,0.04088011989783524,0.04433245731778998,0.03577841354160024
252,0.1982986970104404,0.5869457114836997,0.09840776395177422,0.04390589880990713,0.07244192874417857
253,0.3240871291485542,0.5645296212696823,0.0668165587298448,0.012195296292421423,0.03237139455949724
254,0.17412130066324283,0.6806737134607127,0.11666373582016892,0.017995346957863746,0.01054590309801179
255,0.21128456230172146,0.544128526598416,0.04994838609754474,0.027157346338618122,0.1674811786636996
256,0.2149248990788775,0.5037609950981761,0.05172149492229397,0.03689835685542304,0.19269425404522939
257,0.4065935005369702,0.4639004573674987,0.035849231686587144,0.039006924362261476,0.05464988604668226
258,0.5207057440443658,0.38224581283666853,0.05650305245569505,0.013000775229723035,0.027544615433547616
259,0.18462625084851894,0.15056719894875392,0.18383085099001195,0.058723765970276856,0.4222519332424383
260,0.25017326743807006,0.23120090281761616,0.14260220065424778,0.04821938330229177,0.3278042457877743
261,0.42941276041334975,0.4530298812879267,0.047251387887599826,0.03656444054631737,0.03374152986480645
262,0.4477844998181959,0.4499531795691783,0.03692719105748222,0.03746385628313673,0.027871273272006978
263,0.17206531642585932,0.6895555214956669,0.09575407595372155,0.0267217869238196,0.01590329920093274
264,0.1955231457898709,0.6547674432169369,0.08576117285533753,0.053506251527804256,0.010441986610050144
265,0.13199414547593394,0.7318573316721493,0.053962099786241446,0.07395525282811574,0.008231170237559747
266,0.12523984048018297,0.7653815459965596,0.02816996107867011,0.06688303518108578,0.014325617263501577
267,0.05866325983832036,0.7751517605024342,0.09641709729399751,0.05557337419392862,0.014194508171319235
268,0.16072027562332195,0.7873277429316905,0.030388402180879976,0.0172365811080443,0.004326998156063328
269,0.12733886268191497,0.7932377963413316,0.03082365485270792,0.04250824923011416,0.006091436893931342
270,0.15148081972412641,0.7791753591006788,0.04059451293240886,0.02364729211656818,0.005102016126217641
271,0.0969902978200842,0.8426968539275973,0.0339492285808906,0.021454331002252337,0.004909288669175524
272,0.107641486735073,0.8393151212166106,0.02349662003478192,0.024063913885451357,0.005482858128083157
273,0.07971684280319855,0.8096396834262094,0.0618678093564464,0.0361499549630066,0.012625709451138936
274,0.06351041043251311,0.8854477454030654,0.029399623901475554,0.0044287157628134476,0.01721350450013258
275,0.1665110346822861,0.7901647883441957,0.02072016540627002,0.011820367604363127,0.010783643962884979
276,0.1062928233219458,0.8240400087571386,0.03896798648533461,0.019795095924733778,0.01090408551084733
277,0.1380330265481264,0.8342153998628636,0.016315045674152085,0.003707654819113682,0.007728873095744065
278,0.1162593549763018,0.8270897459018479,0.025594544381403336,0.019330266989866507,0.011726087750580285
279,0.07743244284027757,0.9021256137465753,0.012884296650191517,0.0038057024692627083,0.003751944293692957
280,0.12748725041757591,0.8100383487349039,0.014939158960160565,0.03162542342469163,0.015909818462667827
281,0.08747190875702715,0.865838407077817,0.030166568753619054,0.011889427170251848,0.004633688241284775
282,0.1746927587447435,0.7793132483599392,0.0218140354273484,0.01741793270227667,0.006762024765692288
283,0.17097668669121938,0.7536091430239693,0.038929186041017305,0.027887222633173673,0.008597761610620315
284,0.12179507243550153,0.8082388242448589,0.04495960049980069,0.02115153898363579,0.0038549638362033348
285,0.11472563413279993,0.828153264240512,0.026732449250275653,0.02353134709935189,0.00685730527706039
286,0.06485087963554166,0.8805925208823722,0.036885405592695146,0.01349471143972791,0.004176482449663153
287,0.1388534753877738,0.7732439700128256,0.03350694219636422,0.038462418931797866,0.01593319347123838
288,0.1601026398537293,0.7766029957122144,0.025640843038901823,0.0278654073829009,0.009788114012253548
289,0.11492735745099823,0.7355053006975095,0.06656723301107209,0.06465567174001458,0.018344437100405567
290,0.17616474426404707,0.698238493454244,0.026845687283975374,0.07308901688068035,0.025662058117053205
291,0.16278667246351575,0.7568755996630365,0.03340632902202908,0.016084094309850333,0.030847304541568206
292,0.13683914699034191,0.7575963062144744,0.04481354333837583,0.04115764148695838,0.019593361969849597
293,0.20992512620120707,0.7092501311815342,0.034490310493774025,0.028531447936595112,0.017802984186889553
294,0.22230372164705783,0.659057163712562,0.051597454932424264,0.04795856173211884,0.01908309797583704
295,0.16716678976804686,0.762342269032746,0.019856135193847123,0.029774571728375988,0.020860234276983764
296,0.3332691254407606,0.5444774511161158,0.019619389964024524,0.0928886318102357,0.00974540166886339
297,0.23376786080000111,0.7050742032319897,0.026124048340486265,0.025722890137511424,0.009310997490011672
298,0.3510128234508726,0.5233436464243597,0.014104291403685564,0.09942602535611267,0.012113213364969589
299,0.2252527061693689,0.6875214753624846,0.01780611957807764,0.03859552069738607,0.030824178192682766
300,0.33160376207812553,0.6289613698842332,0.0101679920461223,0.02155280773669596,0.007714068254822854
301,0.4116174036981279,0.5627376082247335,0.01070683729279988,0.010516112732519392,0.00442203805181927
302,0.33404785230295225,0.52963894347745,0.04635305487507249,0.0705932758488966,0.019366873495628593
303,0.3064952924327376,0.5790458781812272,0.023545258537255444,0.0824014952961707,0.008512075552608994
304,0.07720476452730544,0.8510789093510646,0.029857136518359896,0.036400756650100126,0.005458432953169917
305,0.24486228220341036,0.6728309100133533,0.012263276206195424,0.05600682651344622,0.014036705063594715
306,0.27260208095397875,0.6005205982981493,0.012756388863006254,0.10417284835047706,0.00994808353438863
307,0.12624100608807773,0.819196161001902,0.011189488901888903,0.03600311229199227,0.007370231716139057
308,0.29009203781821197,0.6405764367921715,0.013302481772275452,0.047108174164152736,0.008920869453188193
309,0.2605909236834853,0.6881865912386704,0.02230208374382265,0.0234246470892998,0.005495754244721883
310,0.261153510159827,0.6747402102619976,0.013279318986987983,0.042550457475589096,0.008276503115598174
311,0.1473947657454685,0.7772588464158348,0.03434837821873133,0.03438128163006673,0.0066167279898987266
312,0.3076363526053646,0.5624308093418172,0.028672852701277857,0.0886717871453227,0.012588198206217678
313,0.1433224800378413,0.7777675730300412,0.03639958425399853,0.034757526971073746,0.007752835707045128
314,0.09870415434569493,0.8237834244268663,0.03257436679492022,0.03562934816150138,0.009308706271017089
315,0.05080062983889439,0.9029908281137761,0.032942805648450264,0.0061445322048363496,0.007121204194042779
316,0.12575702431909605,0.84428079751996,0.014573043822181476,0.009028704887730075,0.00636042945103241
317,0.06686671384168674,0.9042759859131658,0.019052049737255217,0.004124737396740817,0.005680513111151527
318,0.11266474645961978,0.7869593396494153,0.04772081048929281,0.030125703954373768,0.022529399447298246
319,0.10419001461610075,0.8287216788941003,0.046541788119096435,0.012680166875938792,0.007866351494763639
320,0.09267117480619655,0.8490246541562313,0.03379803681870506,0.01371409562400796,0.010792038594859036
321,0.15904811064055288,0.7774370371086088,0.03703637142626699,0.017593684900238427,0.008884795924332807
322,0.13915959371297926,0.798064617431675,0.022859103288973132,0.026912683668835286,0.013004001897537178
323,0.1509258665307674,0.8052540513027041,0.020644104144166325,0.01701620618795205,0.006159771834410163
324,0.15270964590376446,0.8056166405404084,0.016441758713388332,0.018659076743897555,0.006572878098541439
325,0.15435914625446956,0.8018874397107695,0.01997129485147652,0.016244292485896938,0.007537826697387756
326,0.07774133480159871,0.8367391127138246,0.038018603541093494,0.03496816571310339,0.012532783230379924
327,0.1443063659586298,0.7551864763577191,0.02291894646894023,0.05815348331658496,0.019434727898125923
328,0.08779078202331876,0.8584792429740475,0.02877350990797315,0.017848465624795102,0.007107999469865334
329,0.12393580151378822,0.7670647891127802,0.02828869283299441,0.0629608629101084,0.01774985363032881
330,0.1737991616959143,0.7642961202788732,0.03371176904993083,0.0185571256723453,0.009635823302936592
331,0.10386347464553666,0.8174114384516719,0.05028821707991075,0.013811138170299022,0.014625731652581755
332,0.19251761140411314,0.7418370280867961,0.028565461577261645,0.024069357935054898,0.013010540996774261
333,0.15068216273559015,0.776871372817176,0.031102445554522108,0.03586555263779337,0.005478466254918445
334,0.12430375311461708,0.8075113383945819,0.027039611245463856,0.034273908784276316,0.006871388461061112
335,0.19625252034821833,0.7133716289349064,0.024084561643418698,0.056395550999724424,0.009895738073732067
336,0.0884204986124462,0.7840738647218382,0.03223281417911439,0.06609650425400433,0.029176318232596855
337,0.17887534226915455,0.7281483486710516,0.026254162544724464,0.05077619959066731,0.015945946924401867
338,0.21481328168433123,0.7258863877651668,0.025267566238860114,0.02578919028771486,0.008243574023927117
339,0.13199110300812633,0.7929127882501907,0.030295111996115055,0.03208517712758175,0.012715819617986039
340,0.23490992086783744,0.6498722810340856,0.01607069388294537,0.06940319611512974,0.029743908100001812
341,0.2617639137426321,0.662300177633139,0.024742124857240734,0.023299393304626288,0.027894390462361914
342,0.1186092306330216,0.7804971135418077,0.040713531794736704,0.05021807605094148,0.009962047979492461
343,0.25346741408973683,0.6945039558699595,0.008076533136102662,0.03884249150245998,0.005109605401741086
344,0.16324101614625408,0.7534988187911716,0.015762334317073624,0.05774383005372364,0.0097540006917771
345,0.18208153051925655,0.6985399915917323,0.015002307185953176,0.08577799937976961,0.018598171323288306
346,0.170653248802043,0.7674512377768383,0.011930014605468815,0.03026759905989798,0.019697899755751952
347,0.1544153519769687,0.7574028123882544,0.008204553096079472,0.054331533024600934,0.025645749514096358
348,0.3897001334171058,0.5296006438596249,0.01319066352642509,0.04972468766189728,0.017783871534946958
349,0.14766671946430834,0.7827850260805573,0.007900042964903587,0.03521389946908559,0.026434312021145035
350,0.05276715461425605,0.5533200058659168,0.02574951186739714,0.023462740854779805,0.3447005867976502
351,0.0686153676381502,0.10503041160112621,0.0012504570958918023,0.038510031221387075,0.7865937324434448
352,0.20220204781312245,0.3971666228681572,0.004016098197692036,0.05744540258367279,0.33916982853735556
353,0.27298259628622845,0.5437984264027225,0.0021746363900486316,0.06215722189369265,0.11888711902730778
354,0.15575526655463054,0.6511823343060076,0.004043253626904003,0.07455990838010197,0.11445923713235573
355,0.24453341787604904,0.3556370080164127,0.003546767995722781,0.21195523798603266,0.18432756812578283
356,0.0811065367931205,0.7463863550622363,0.005637986822005854,0.0966893090511039,0.07017981227153351
357,0.07017556402130905,0.6845369751332863,0.003203597520217968,0.1569416657765327,0.08514219754865411
358,0.1096711801735234,0.6156929291542075,0.0029146021489301313,0.18624734510208454,0.08547394342125446
359,0.11907927952647203,0.3155580183320641,0.0032899833185049115,0.4351472367894149,0.12692548203354403
360,0.13990690305928435,0.21631577588396075,0.005371664842458594,0.5157967295452052,0.12260892666909111
361,0.16482490343740122,0.20964358081434697,0.0016028803060222914,0.4993965527775299,0.12453208266469964
362,0.09689151820621693,0.19415042096959328,0.0008515894099495696,0.5911044229966667,0.1170020484175736
363,0.08466860967789061,0.13370561447959636,0.0010417393352953148,0.7353230245015083,0.04526101200570946
364,0.0815273012170495,0.18607765334210535,0.0009384974109006666,0.5493188456976924,0.18213770233225213
365,0.13640201029364638,0.12785033308085628,0.004727951807927352,0.5157015919830782,0.21531811283449176
366,0.13072717574119627,0.07197510848828247,0.0014222943574551039,0.5230486239010533,0.2728267975120129
367,0.06805664921330515,0.06537953004596192,0.0028069176929499604,0.62701762794652,0.23673927510126294
368,0.1052057634628126,0.1277056833709908,0.0017722532623834374,0.5422278130895984,0.22308848681421473
369,0.07287272778527858,0.05846663333051672,0.00043525767211154934,0.6118117072795771,0.2564136739325159
370,0.1047385165627082,0.07776720314934085,0.0005496744139730649,0.5586262542795067,0.25831835159447103
371,0.11903715394038179,0.059454812347804975,0.0004191736836354336,0.42742757827471173,0.393661281753466
372,0.12077729463462727,0.06043111537280557,0.00021643181450261501,0.3108964618720501,0.5076786963060144
373,0.14504461360645515,0.03359463143509021,0.00038695872801551535,0.283244658669962,0.5377291375604771
374,0.10067550109850665,0.06212806986081971,0.0004952970860603699,0.1620601880193293,0.6746409439352841
375,0.16449993248085532,0.08644880076641616,0.0014160486427483847,0.34011259275117767,0.4075226253588025
376,0.06295543662211502,0.2615236417601781,0.008044640770671678,0.21976719935922392,0.44770908148781124
377,0.10520462519736683,0.19395882541113424,0.00024619213105249064,0.20622722388559964,0.49436313337484694
378,0.11657455495909706,0.15372177782883828,0.0020243009670347393,0.29422424310972595,0.43345512313530404
379,0.15863680565667787,0.18516045978244597,0.0038652905790915186,0.30958252039267464,0.34275492358910997
380,0.14687552348521293,0.23589124667738148,0.001765688526824563,0.3522354625586006,0.2632320787519804
381,0.1591662260857017,0.18511529954931993,0.000819175916119656,0.323604544499384,0.33129475394947466
