epoch,N1,N2,N3,R,W
0,1.7444636316538676e-05,5.3242619177614655e-06,6.301451977957026e-10,1.2669909001783447e-05,0.9999645605626186
1,0.0007668499216683371,0.00011636180848412659,3.8505455521589515e-06,0.00025178256838545804,0.9988611551559099
2,0.0005567989654289961,0.00015573427669926868,2.0468487105844255e-05,0.00014448608077286885,0.999122512189993
3,0.0006191757589416456,0.0001444344818364991,4.5971834649499355e-06,0.00029509171291864115,0.9989367008628384
4,0.0006551508493169669,6.438565741952308e-05,4.368656242477425e-06,0.00012139202320506885,0.999154702813816
5,0.000588011536339835,7.086102988461084e-05,1.6728935045631971e-06,0.00014861102957849855,0.9991908435106925
6,0.001161368197919606,0.00013110927764680753,1.1438786407223478e-06,0.00023668065106959493,0.9984696979947233
7,0.0004906400174310643,0.00010431739001198814,9.09138250185004e-06,0.0001682046510772071,0.999227746558978
8,0.001650828457420631,0.00012586738722685162,1.732575646428967e-06,0.0009320534922501077,0.997289518087456
9,0.002461231668510751,0.00012171986160621612,2.3748683239672785e-06,0.003111109139827073,0.994303564461732
10,0.0024666433174080843,5.6801021941546304e-05,1.569835889357413e-06,0.0003794799525261909,0.9970955058722349
11,0.20190634027825932,0.0005153475480199842,1.1755000945540596e-05,0.00014508156751005965,0.7974214756052652
12,0.6611045871385193,0.0016385354280948352,8.838708143833798e-06,0.00042797423109933,0.33682006449414276
13,0.75381332760289,0.026390153357569814,9.258031283532898e-05,0.0021399905767352017,0.2175639481499699
14,0.31200684898913583,0.13620436216804202,0.0006357796996599994,0.04773648633760235,0.5034165228055598
15,0.04253603719051889,0.4244503153133951,0.0017819986990895431,0.12345562767746981,0.4077760211195265
16,0.009028151235890984,0.005629084486531321,0.00015352982405288622,0.013429419561808693,0.9717598148917161
17,0.01259752960303792,0.002525701884424585,4.623840060230206e-05,0.0036857790436877324,0.9811447510682475
18,0.7564854655723642,0.007409393948888172,5.760095459179118e-05,0.00046876182328299895,0.23557877770087282
19,0.9507094854331053,0.034393286674081924,0.0001428642086302392,0.0009949001044481705,0.013759463579734458
20,0.19218909634520484,0.7443420824360372,0.0038507840664530166,0.003481128741866286,0.05613690841043894
21,0.10903691304639858,0.8159956375344221,0.00808230003043916,0.006957891706386209,0.05992725768235396
22,0.13948631833735942,0.6451160381562462,0.029613775955428617,0.06814378831490676,0.11764007923605908
23,0.03145112393948834,0.02749274160694991,0.0009290611640558502,0.005681184036040476,0.9344458892534655
24,0.20808651980950182,0.44953376189568617,0.0319161810812497,0.07648356145576718,0.23397997575779525
25,0.19592421252551354,0.49216807194927037,0.018211476914586754,0.08799208016212659,0.20570415844850268
26,0.07900459370485027,0.01996147677903295,0.000147559413282325,0.010837255618246317,0.890049114484588
27,0.2348758769741685,0.0747580175641148,0.00033500409610745567,0.11792813464596262,0.5721029667196466
28,0.4711865982850715,0.2554474068213113,0.0005812037953262138,0.20343783350488842,0.06934695759340266
29,0.8278617482118393,0.08754840873100687,3.804432537437625e-05,0.050345753267309175,0.03420604546447017
30,0.18135130778601743,0.6286235605699872,0.0023749900214590147,0.02367490698607654,0.16397523463645974
31,0.0345384578066913,0.015385315848972438,8.88033382491011e-05,0.03172606872489243,0.9182613542811947
32,0.26659673896843356,0.18134320304174487,9.744683693330844e-05,0.11384913109099433,0.43811348006189405
33,0.22453642101288837,0.3107038417174062,0.00011721802814812152,0.04724199955231788,0.41740051968923936
34,0.7634747775283334,0.007060333776476168,1.4782314600667213e-05,0.0022675859901401738,0.22718252039044964
35,0.8485975971202775,0.12374387748889897,6.828898915848782e-05,0.004359285460622351,0.0232309509410426
36,0.8223707591181596,0.14127597083620483,0.00010189567888046866,0.0066753345408901285,0.029576039825865017
37,0.288389155215695,0.7052029110301133,0.0004732359289435752,0.000935067376101842,0.004999630449146225
38,0.020507686688223892,0.9661961768041446,0.006499707654061113,0.003516904576022825,0.00327952427754751
39,0.03501913758405848,0.954571752207041,0.0015995815812282694,0.0033571528653959983,0.005452375762276271
40,0.1961045718706142,0.1617267786421006,0.0008389452431344667,0.001015354624107426,0.6403143496200434
41,0.11757134224777498,0.8727322051406606,0.004436485954248681,0.0002857835458297034,0.0049741831114861615
42,0.022980811871695896,0.9427728548228055,0.02829725409331498,9.609065445481415e-05,0.0058529885577288275
43,0.00728725675225717,0.9823723648663288,0.008412875459722144,9.688998494077122e-05,0.001830612936750969
44,0.01406315550370317,0.9202284379697242,0.05915305402574006,0.0009209103522574299,0.00563444214857523
45,0.017325236068510098,0.9173626144040434,0.0563770137311397,0.0022450563174171425,0.006690079478889611
46,0.008386579007855013,0.9342794938558903,0.05236872720949935,0.0007045224399991669,0.004260677486756247
47,0.036800619299023694,0.9452346291082896,0.01088528329933527,0.0009465996296727234,0.006132868663678751
48,0.18835535484465538,0.7606997114447988,0.012565107266062506,0.0020945011359882497,0.03628532530849513
49,0.06852089146462884,0.9104252719715958,0.009720626794733107,0.002310129845014633,0.009023079924027592
50,0.550945186453545,0.22392495357526496,0.0006846315389690812,0.0014150803532822684,0.22303014807893876
51,0.1337297087907428,0.8557871548614239,0.0034983835951320915,0.00017883705022234524,0.006805915702478861
52,0.026994342546609467,0.968947363422325,0.0018756847003659318,5.931728990432255e-05,0.00212329204079541
53,0.018485936723856733,0.9725652310990994,0.00726894978062963,6.255415414671786e-05,0.0016173282422677164
54,0.009590198222250488,0.950858159916143,0.03636544126766314,0.00010357999866003446,0.0030826205952832774
55,0.12542472622314896,0.8462077706290988,0.00789525670189474,0.0010700850452231272,0.019402161400634475
56,0.4171627297511534,0.5461460477885278,0.005019093565119426,0.001241746671908795,0.030430382223290513
57,0.022655089687666198,0.9627285808058195,0.01249352702321123,2.659174402647268e-05,0.00209621073927676
58,0.016369727704862298,0.9458160339875672,0.034963537080620916,5.953905614370718e-05,0.002791162170805921
59,0.0279589717214769,0.9031884676305547,0.06607790251882927,6.196568030227874e-05,0.002712692448836837
60,0.035589747590151904,0.8308382575624708,0.12913875201342173,0.0001616500441598474,0.004271592789795616
61,0.0400153126056431,0.8605988482483701,0.09455139559603408,0.00047542792868582654,0.004359015621266807
62,0.10495835509680786,0.8402142311013765,0.03195219135718497,0.00165219571726679,0.02122302672736414
63,0.16326400570111949,0.7894301809974136,0.03982417541781696,0.0008627286744751853,0.006618909209174864
64,0.01907795643479532,0.8947833428736526,0.08318874920426682,6.148431926578514e-05,0.002888467168019523
65,0.20857741350748524,0.7677052691360684,0.011536798037171362,0.0002930213995580615,0.011887497919716826
66,0.04013821582657063,0.8680339060003575,0.08815558087049406,8.331968972944724e-05,0.0035889776128484457
67,0.0336772306324386,0.9073252812506599,0.056230409310626145,0.00015441911807802502,0.002612659688197132
68,0.3223179138774518,0.6157877932654039,0.02663369407619382,0.0006910619346390469,0.034569536846311574
69,0.015074862973481224,0.9206979137158385,0.061588607134321634,4.5280629654622794e-05,0.002593335546703816
70,0.01723648814724791,0.9414821614249574,0.03882606679344108,9.75709614490392e-05,0.0023577126729044575
71,0.018251599324650723,0.9039484714908956,0.07499284391973031,4.1686645147052636e-05,0.002765398619576431
72,0.003587331439351023,0.9021529331536944,0.09092607219935343,7.650250247432066e-05,0.0032571607051268005
73,0.0018782214288162412,0.8345015720322126,0.1607315546839033,4.189247005647032e-05,0.002846759385011261
74,0.001798556707128928,0.8629051121761354,0.13310432142658365,5.1887351227905944e-05,0.002140122338924143
75,0.014655031890416394,0.9321445433352515,0.05122140535460831,0.0001221431096568236,0.0018568763100670314
76,0.0012477037004689426,0.7081501625217973,0.2884319462040461,2.8095487491237364e-05,0.0021420920861964557
77,0.002340992309694505,0.8126851539605822,0.17991800008534353,6.179102454759785e-05,0.004994062619832131
78,0.004266230257570214,0.718518825146738,0.262537329169746,0.0001474457072314608,0.014530169718714332
79,0.002636510989443732,0.5241369087300619,0.4607144947883962,9.971655621388575e-05,0.012412368935884214
80,0.06258615877986767,0.7854725972447009,0.08186811997384032,0.0002614983373157566,0.06981162566427553
81,0.004899658158109756,0.7850995016791393,0.19564267469776256,0.00029877688729587306,0.014059388577692416
82,0.17168705354110497,0.6870957172864322,0.10071607313882724,0.00049051073179588,0.04001064530183971
83,0.576187818928606,0.31851287801127565,0.01179492124906913,0.0018506895549940143,0.09165369225605503
84,0.033385610166378255,0.7782787054522534,0.16793230102235096,0.00048358876819444595,0.019919794590822996
85,0.20384550985600036,0.5692976562019527,0.03736129774679981,0.0012420093196970597,0.18825352687555022
86,0.6131598176787613,0.10740270204786274,0.005536173288860666,0.0020203455190919654,0.2718809614654235
87,0.18198857254304823,0.7387503223876699,0.05113256195563669,0.0020559888376998838,0.026072554275945268
88,0.13365874600837435,0.815905051412427,0.03490296954018706,0.0009964868144747138,0.014536746224536908
89,0.17525205702431496,0.7920985292735585,0.007945907698596344,0.003186834540459609,0.02151667146307066
90,0.023298861418807243,0.9161487601247398,0.04717084186347622,0.0016908997581171273,0.011690636834859732
91,0.06092846994614576,0.8615451773410067,0.03429787207084616,0.002191493507416072,0.04103698713458535
92,0.06518754303634074,0.8978847142254037,0.02048698977114593,0.003666038325789778,0.012774714641319667
93,0.02929194971812176,0.9126798328200546,0.043506350967576775,0.0023387470662753016,0.012183119427971465
94,0.2671427627235393,0.5230250327316425,0.0022523212149036685,0.0074619497900038755,0.20011793353991061
95,0.1579956769624503,0.7555985646816953,0.00924808949264517,0.006084176777907843,0.07107349208530142
96,0.4226539549484943,0.16468186923105507,0.0007323512643502183,0.004486940199944288,0.4074448843561562
97,0.6529249058626727,0.263739642255783,0.0005854602329806995,0.0027638114769449164,0.07998618017161858
98,0.2576116525345712,0.648029451464598,0.003627981269901152,0.000813986710788716,0.08991692802014102
99,0.45867220137814474,0.5265626201493141,0.005544511974617218,0.0010834733403378531,0.008137193157586039
100,0.1419359308289962,0.8364124637553418,0.003123092603315691,0.0004930618783737154,0.018035450933972488
101,0.15841934134145702,0.8170931276901642,0.008287822695305145,0.0016605549975805193,0.014539153275493258
102,0.04082300095477706,0.94592433751317,0.008360246839851834,0.0008035606730180449,0.004088854019182959
103,0.2743728903670459,0.6948525118737828,0.007948177898982165,0.005381885158482273,0.017444534701706847
104,0.21866965205284428,0.661813584675772,0.03256941379361773,0.0008112923302474409,0.08613605714751835
105,0.1321163452260244,0.8045048919130672,0.04238060927326374,0.0009281585575812704,0.020069995030063337
106,0.09908524309615796,0.8437442659634923,0.016498164274059767,0.00191209458524225,0.038760232081047646
107,0.22637339564835662,0.7175346650244935,0.025348719023016456,0.003689771817266508,0.027053448486866912
108,0.15236159647553763,0.7969671925708237,0.019895265876686476,0.0016407469586246111,0.02913519811832748
109,0.055476562574866085,0.9135035649725824,0.025903199297750683,0.0008285325073507216,0.004288140647450051
110,0.06830161426725702,0.8846345807845069,0.015489063860848702,0.001002897908990656,0.03057184317839662
111,0.035450332032946855,0.9267512036928097,0.03131712450682406,0.001268220603173968,0.0052131191642454545
112,0.09316796945141514,0.7926166361015523,0.01732299862692202,0.0036572462561340587,0.09323514956397647
113,0.06950590229985716,0.8943126261002134,0.022141245171038534,0.00556310125530165,0.008477125173589471
114,0.3093297124922444,0.5753479341634548,0.020474786909045816,0.009523872042627004,0.08532369439262788
115,0.23414725888673749,0.7089449410042109,0.018960845779411494,0.010779145401498711,0.027167808928141503
116,0.3769311552110544,0.46646063693620815,0.009644136485603498,0.006915580280938761,0.14004849108619527
117,0.361358975375766,0.5235523807814991,0.009464733046626029,0.007422382261691445,0.09820152853441734
118,0.6756050900387552,0.24909777414303988,0.0009381052565419496,0.02014211009882184,0.05421692046284095
119,0.17289763542989542,0.7860188530527892,0.009689712156108879,0.004283027725239132,0.027110771635967253
120,0.6030506932998926,0.23257629152003054,0.0013672302462369864,0.019381908427974343,0.1436238765058655
121,0.06011731694762553,0.9316264858502744,0.001643082144955456,0.0003774022105932415,0.006235712846551456
122,0.23039715242936237,0.7420967938748348,0.007781096572232965,0.009947881819585568,0.009777075303984268
123,0.20255457793734213,0.7731825671618162,0.0032405223205526994,0.006146149152331158,0.014876183427957762
124,0.22791863988065722,0.7322725859954021,0.007042912648611339,0.018256847082722964,0.014509014392606418
125,0.07903150834137801,0.9051078320514142,0.006026583390348436,0.00468290383018644,0.00515117238667297
126,0.3789398349394968,0.49631474783607127,0.0029849451712158914,0.013064548948022716,0.10869592310519346
127,0.3233445793090871,0.6095762682752383,0.002669520449466207,0.012797565873406464,0.05161206609280207
128,0.2376532542431248,0.7244295826249855,0.010010540860983219,0.016987301058321025,0.01091932121258542
129,0.4928938647736533,0.35084831212704937,0.001388496060861609,0.012749910651372882,0.142119416387063
130,0.3560223980741976,0.4214373206671171,0.0050453073465921774,0.025548313904341806,0.1919466600077514
131,0.6000463914490087,0.045235904415814716,0.0013060533919415547,0.06325091273107375,0.29016073801216125
132,0.5721037666201463,0.22248682055057006,0.0006829868865029351,0.1300954179327482,0.07463100801003254
133,0.7609193812558585,0.12582960234939525,0.0009640991846255672,0.021345293511474156,0.09094162369864676
134,0.4486481492386486,0.4646049060854533,0.0017945807155755314,0.03197095657174683,0.05298140738857582
135,0.15194473537967904,0.7764495825383745,0.01615986748211421,0.04304273606685478,0.012403078532977582
136,0.054833609770046976,0.9050281926711299,0.023213832002144167,0.0018737521639641244,0.015050613392714721
137,0.44840933157843826,0.42297057117584824,0.005196075244576142,0.06730503019433155,0.05611899180680573
138,0.028500141914323582,0.947715085652689,0.008066765417944164,0.012239191098368081,0.0034788159166749817
139,0.08474527640240342,0.6221187074650735,0.043045602071958414,0.01491026714931845,0.23518014691124625
140,0.41074948012282436,0.15875657030724474,0.005053773637079383,0.06089832791748352,0.36454184801536804
141,0.28817699472895836,0.11433207389311109,0.001639342034528546,0.03911518207488179,0.5567364072685201
142,0.7212419698970386,0.22147833350586857,0.002324128272310074,0.009677923850393842,0.04527764447438898
143,0.5984561334228842,0.2544505922984274,0.0005307667655198858,0.00723256354310627,0.13932994397006224
144,0.759933647283707,0.12240344688997136,0.0005006774431503039,0.04409564174760957,0.07306658663556184
145,0.1782366178141121,0.7449824279529906,0.002954359431466738,0.040789890327511305,0.03303670447391929
146,0.6309588807567237,0.16435776656277987,0.0010270217814709352,0.08694536679632582,0.11671096410269959
147,0.04702350540787181,0.9301818776683036,0.005119442079689445,0.013690022157212411,0.003985152686922687
148,0.21686887043462366,0.29670986459008064,0.0011319618992338915,0.05499768873874133,0.4302916143373203
149,0.09537943210739253,0.8485501513394919,0.0030911721055772437,0.047415842813790444,0.005563401633748033
150,0.03983001750922912,0.8845310135845095,0.005801274040259746,0.057548735394043316,0.012288959471958313
151,0.31296964014018325,0.12044227593626594,0.0007851644170108657,0.15813656245096186,0.4076663570555782
152,0.06333334902012418,0.7857699392618914,0.0013575571092057594,0.13821802799063407,0.01132112661814459
153,0.11299387329251327,0.3620276482092462,0.0005873501982962009,0.5128620540165563,0.011529074283387935
154,0.18946733643655886,0.0854338816487989,0.0002521393608155392,0.5073863546559579,0.21746028789786875
155,0.09299832482373595,0.05217821711736333,0.00016815945835160775,0.8323726095056778,0.022282689094871404
156,0.12860017244576638,0.06106413588412511,0.00015035825065170137,0.7775977293667965,0.032587604052660264
157,0.08784330702472858,0.06785218332288216,0.00020085219557972945,0.8260348165655146,0.018068840891294954
158,0.04661455825839137,0.0156889231494886,7.530948750304552e-05,0.9061760184006412,0.03144519070397576
159,0.0625016511499887,0.008731169490754752,0.00012071249263179035,0.9079431651640771,0.020703301702547534
160,0.04044200458350777,0.003985027483993807,6.668400623032546e-05,0.9438076258388169,0.011698658087451044
161,0.05779162966199448,0.005579802443984043,1.539044097093064e-05,0.9151703354233481,0.021442842029702397
162,0.019647434441107385,0.0031706907153604908,1.6106155045142345e-05,0.9715904980166761,0.005575270671811073
163,0.024615027046171026,0.002624662041417626,2.052723754018249e-05,0.9617421444525881,0.010997639222283159
164,0.0551601152142182,0.009924952356907612,7.740168629155916e-05,0.8970827046901765,0.03775482605240629
165,0.023870693510413685,0.003596326625682589,1.6311533226770566e-05,0.9456087608512682,0.0269079074794087
166,0.01561749184121044,0.0029434273147401673,3.7985425096056286e-05,0.937474856314525,0.04392623910442821
167,0.006911510571259995,0.002192816157755773,7.998124707946143e-05,0.9587390071746303,0.03207668484927439
168,0.021933726904764164,0.011448094054875414,0.0003639615608979415,0.43226743136217755,0.5339867861172849
169,0.04339252319359324,0.0039905473767649,0.00012234629473398996,0.8318294910806846,0.1206650920542232
170,0.0923483794279204,0.004011985076240376,0.0002041982969365653,0.807254675402401,0.09618076179650176
171,0.11078490624017118,0.0040428942591052095,0.00011963478214563622,0.7104802272439257,0.17457233747465226
172,0.04873467644736517,0.006101507607726692,1.9830757340116494e-05,0.9162332870009702,0.02891069818659781
173,0.03373113612763667,0.0038763327018025923,1.379363278694215e-05,0.9208082404415672,0.041570497096206735
174,0.04530349998708395,0.010424020529488981,9.796179176456626e-05,0.8975516540168254,0.046622863674837096
175,0.03435883324112407,0.003946065886442851,4.0894298204918656e-05,0.9348012816073493,0.02685292496687881
176,0.04347570416296677,0.006047976077768557,0.0002685513333964411,0.8495433409036236,0.1006644275222448
177,0.00821691337156244,0.0008882062872157775,4.8610803689037125e-05,0.9753608448929035,0.015485424644629238
178,0.007853875599521856,0.001024108369331293,2.3016638055774775e-05,0.945390984173955,0.04570801521913615
179,0.038797182419592006,0.0025857743738435667,2.5533137794578252e-05,0.3527810609276868,0.605810449141083
180,0.20009857499631345,0.005267504530096938,9.896031760934265e-06,0.283655792545376,0.5109682318964527
181,0.49921461632087477,0.005284864498845079,1.7340379172579358e-05,0.10173485810892338,0.39374832069218413
182,0.4347103403045897,0.0031257963790310883,1.9783844212875662e-05,0.07660540992560944,0.48553866954655683
183,0.03250592747265074,0.0038453719754189134,0.0001113926059183445,0.010341712854447663,0.9531955950915643
184,0.7863286874182027,0.007834027495987828,3.487380446307782e-05,0.05452900727290557,0.15127340400844078
185,0.8888483791948378,0.024413182982100518,4.519092396178377e-05,0.02735619257885492,0.05933705432024498
186,0.8437947539501334,0.09136617142314629,0.0001790942449432054,0.030575146639350056,0.034084833742427045
187,0.46341076087835087,0.4212068864756859,0.0005461412365657341,0.09319335250215027,0.021642858907247067
188,0.3717929776802959,0.5108181102049717,0.0008441337521822963,0.09958146787639596,0.016963310486154095
189,0.24639343761450677,0.718759933389247,0.0036966282435769086,0.02624485744391925,0.004905143308750247
190,0.19144061060991166,0.7545544086959213,0.005216203087958253,0.03481626091555564,0.013972516690653183
191,0.16131738972623882,0.8055233912945555,0.007434383002343699,0.004349748008041355,0.021375087968820622
192,0.05068091842626234,0.054210010493364984,0.0012600151186610029,0.001406334494887261,0.8924427214668245
193,0.7284521836766384,0.1563254972055666,0.0008507194207137641,0.008537402602397848,0.1058341970946833
194,0.2537134107425529,0.7350516515654796,0.0025995240558062504,0.0026166916632283173,0.006018721972933024
195,0.1708189853041443,0.822240891629504,0.0016336056502088592,0.0007587136417870053,0.004547803774355903
196,0.047081763924352614,0.9473894899725759,0.0029692818762453986,0.0009051531292192116,0.0016543110976067654
197,0.048543948246593915,0.9447362621438036,0.0018501424962584973,0.00196137830150727,0.002908268811836782
198,0.11051193880855135,0.8765990348248344,0.0051930720351644494,0.0052120914716615304,0.002483862859788225
199,0.0219435354301289,0.9689204166545279,0.005909928392208373,0.002022984750601863,0.0012031347725328012
200,0.23513730158391896,0.7505360494191277,0.005332927916307527,0.004965953550503587,0.004027767530142246
201,0.01901617242970126,0.9619059078093816,0.01617234642771679,0.001035920275544939,0.00186965305765552
202,0.008574528919497625,0.9665566356034169,0.022978283296003522,0.00029439005863082394,0.00159616212245124
203,0.04508426156526622,0.9042084418663324,0.04726274208819254,0.0007174193118137105,0.0027271351683951636
204,0.16192145375674985,0.785649586045316,0.032797583466661784,0.0017649328175697956,0.017866443913702654
205,0.025222301805061624,0.9466283450090257,0.026340873021469,0.0002225953151301456,0.001585884849313527
206,0.013098897765986838,0.976551848619179,0.009087158360576438,0.00019768936752539125,0.0010644058867323503
207,0.03276219416046754,0.9543610645397402,0.011375307456424406,0.00022567694574124239,0.001275756897626594
208,0.01900053316537088,0.9102373300285157,0.06765088325577988,0.00027043701458202656,0.0028408165357515906
209,0.007898977868359752,0.9189270009605272,0.07054050882663226,0.00021464772887345865,0.002418864615607223
210,0.06010170413605389,0.8983163856175235,0.03834171233050014,0.0005201709342345965,0.002720026981688025
211,0.025176611616938675,0.953473492295371,0.019941604541198598,0.00019629151475042154,0.001212000031741535
212,0.018669662491034127,0.8384222031413604,0.13383954961055128,0.0010563697392846666,0.008012215017769385
213,0.07054940987905316,0.8946868761801505,0.027250485186833786,0.003948878756155986,0.0035643499978064977
214,0.004148400345539643,0.9428927523420001,0.05013994865966527,0.00037920217995464865,0.0024396964728402686
215,0.007027507501229714,0.929776112177349,0.05829228792322878,0.0004375967251170497,0.0044664956730754895
216,0.010735431288313219,0.9253352137281321,0.061858309026388454,0.00048149965429216,0.001589546302873979
217,0.011048723986161255,0.9335924186783314,0.0527779546385692,0.00032157631873800193,0.0022593263782001863
218,0.010617085267900664,0.9127717200114617,0.07440736383868396,0.00017465025353526013,0.0020291806284184677
219,0.02278228319486966,0.9447284545168577,0.030158997889307083,0.0002808788874157408,0.002049385511550048
220,0.011958640112131103,0.9000586129843415,0.086372894147219,0.00022285428637986736,0.0013869984699283054
221,0.006598859196202328,0.9271599780689944,0.06519296169915133,0.000177017728116995,0.0008711833075349677
222,0.0011428060611642203,0.8259086587401289,0.17117939061405296,0.00019033418751460067,0.0015788103971394697
223,0.002212959934420374,0.797434330219763,0.19878549219288488,0.00016209910235108843,0.0014051185505807478
224,0.004864645596072796,0.9065706887925815,0.08747282154300859,0.0001963128943507602,0.0008955311739861375
225,0.008175399883336544,0.7731883999741309,0.216488510311276,0.0002062809265844741,0.0019414089046719469
226,0.00438877292640273,0.7274260589797965,0.26558562120493007,0.00032860801271322217,0.002270938876157558
227,0.001101022391370693,0.807558555181421,0.19030752727450034,0.00017224779964957084,0.0008606473530583233
228,0.0006505718151463105,0.5709485451194729,0.4276190642227051,6.914258403156902e-05,0.0007126762586439786
229,0.013141077639980271,0.8099868885091829,0.17270995815926843,0.00045846719911686145,0.0037036084924515706
230,0.006229855910277059,0.8323285179404948,0.16004160118268043,0.00015104404153249503,0.0012489809250150884
231,0.003150585946534867,0.9089972254818429,0.08558901801701495,0.00010687513942288059,0.0021562954151843412
232,0.0054585218569090654,0.950220874805095,0.04285768570116248,0.00016826447674962223,0.0012946531600838771
233,0.0026744553642690265,0.8812309487003559,0.11500216325492948,7.562042324708878e-05,0.0010168122571985565
234,0.0008659402026280385,0.8274701737907264,0.17081794188121352,7.82751026358973e-05,0.0007676690227963008
235,0.0007429342519447073,0.7906245053606011,0.20787292528394946,5.53636956921135e-05,0.0007042714078125939
236,0.002065585102937025,0.7561434735821511,0.24086431443255565,0.00010221713943801681,0.0008244097429182826
237,0.0028786056929090103,0.8670656501006915,0.1290325782527864,0.00013879581059869818,0.0008843701430143411
238,0.01192709787138934,0.904091251206505,0.08283159177900164,0.00020759831402456175,0.0009424608290794894
239,0.002984541797141466,0.8188529233678231,0.17701870075777457,0.0002645580415800844,0.0008792760356807342
240,0.0020252229181467046,0.8421801048868399,0.15504078918739353,0.00012799030281594132,0.0006258927048038773
241,0.0017721779771137885,0.8703908156068889,0.12663665227383553,6.782938289964152e-05,0.0011325247592622093
242,0.003949782368493874,0.8300365994605025,0.16496736611949184,0.0001925337298471604,0.0008537183216646504
243,0.002505729828679645,0.7004730662234295,0.2941135727521088,0.00024572336653679467,0.0026619078292452196
244,0.004544484117680066,0.6882346901163767,0.30190484921034616,0.0013225521800031216,0.003993424375593898
245,0.11797656739054242,0.5638613640280108,0.2240240749285537,0.0026301928543560455,0.0915078007985371
246,0.20778616357796584,0.6492654245872493,0.035441267694803276,0.020290005601229923,0.08721713853875174
247,0.5894035203348335,0.1513628429567886,0.0034828614017625857,0.006524670701640667,0.24922610460497469
248,0.4144685416083844,0.44031538425290356,0.004861721566497281,0.05109926173652277,0.08925509083569193
249,0.054400098606075836,0.9250361381636456,0.0034512439246414946,0.0096448584750241,0.0074676608306130324
250,0.30212172813389165,0.6443510591903897,0.004335377335495964,0.02200583519700541,0.027186000143217322
251,0.20294339313404794,0.21274694294690125,0.006000379002202035,0.003122803137553562,0.5751864817792952
252,0.3472218775004126,0.6206113628407027,0.005684594057682724,0.008502839479069001,0.017979326122132815
253,0.3335205571207327,0.6330824651098519,0.011272608183555247,0.004243386701160487,0.017880982884699706
254,0.3099565091654758,0.6685920774531693,0.007545959749791841,0.0022224321875016764,0.011683021444061433
255,0.037645005726780895,0.9471122993038521,0.012113411105705477,0.0010436986905977576,0.0020855851730639183
256,0.039055270401533164,0.9455986884764241,0.011646956278184885,0.001260076482201035,0.0024390083616567665
257,0.013007409193012414,0.9654092977783345,0.019429408040502215,0.0006472595866992348,0.0015066254014515098
258,0.010922563215757531,0.9668026769239998,0.02042197633950994,0.0005134394691280122,0.0013393440516049346
259,0.03118757638313124,0.9492320388634676,0.015241189207390291,0.0011256751202340521,0.0032135204257770526
260,0.08947664622637758,0.893360310470657,0.01048975227551728,0.0025505578384346543,0.004122733189013299
261,0.014549840091716957,0.9468005724207534,0.0362391957221741,0.0004435378449255468,0.0019668539204299126
262,0.008153901514885325,0.9476127236834689,0.04217733954262926,0.0006887140916285089,0.0013673211673879708
263,0.04177051469644209,0.9278123948798185,0.023100857944769324,0.004153121524343285,0.003163110954626639
264,0.07467593041994089,0.8852506960509693,0.020339556978689697,0.012861042108452446,0.006872774441947676
265,0.03962446996354591,0.9071898368160594,0.009804642007763693,0.04008277422336968,0.0032982769892614264
266,0.009680892992619735,0.9565078014514077,0.017298904471181008,0.013627318458341472,0.002885082626450326
267,0.22773654704606996,0.5273073697017984,0.0025547898109164924,0.19540152469133315,0.04699976874988215
268,0.09002483587505525,0.607307298312338,0.006496639249550499,0.287900721989383,0.008270504573673315
269,0.1947330465869093,0.18246815015483284,0.0009389071625480902,0.6091118677293991,0.012748028366310591
270,0.07627304556601258,0.08629761122023903,0.0005345116343404348,0.8326739698773816,0.004220861702026307
271,0.011514167378856457,0.07539375531229028,0.0008065700920377005,0.9100594939798914,0.00222601323692411
272,0.009396805175083171,0.006894914150009762,4.2372670238359855e-05,0.9794612172094359,0.0042046907952327656
273,0.005780438375488191,0.0019157251612139444,2.6204998132757363e-05,0.9906861407515801,0.0015914907135851587
274,0.010494061784024941,0.002092996440909951,2.5614099493391067e-05,0.9849020679503718,0.0024852597251997345
275,0.042265984898941664,0.008876545058407126,3.759283997620503e-05,0.9386241189934281,0.010195758209246788
276,0.024086859307873746,0.005285464060258283,3.463196786074822e-05,0.9658629296780549,0.0047301149859521295
277,0.0210419946489415,0.0058052840253356944,4.84675589799098e-05,0.967304868778602,0.005799384988140935
278,0.021984136883211228,0.004575365778000932,3.0128730759181235e-05,0.9609904071504661,0.012419961457562422
279,0.008030745322791384,0.002311231177705162,1.4803799036599947e-05,0.9814360793472487,0.008207140353218146
280,0.007495934681443815,0.0011970704146280207,1.4205276353651879e-05,0.988476856449382,0.002815933178192565
281,0.016295131586794975,0.001070495783764654,1.186454121487605e-05,0.975299776844203,0.007322731244022508
282,0.031452004607749204,0.0034838675677405016,1.6842981421210304e-05,0.9297947826158718,0.035252502227217215
283,0.06412213564124229,0.004897762645442303,4.3342935350372535e-06,0.9079063203602102,0.023069447059570095
284,0.11627137610739595,0.03200493643281039,0.0001288480732754213,0.3739147858977928,0.47768005348872544
285,0.15964318973040198,0.022199504320551885,4.577945705340308e-05,0.7002352740837039,0.11787625240828888
286,0.32062623020841785,0.024936792178064143,1.2081443144797772e-05,0.4280217005596961,0.22640319561067707
287,0.16002880093289504,0.043398263209558426,5.3411073738976955e-05,0.7486194504386521,0.04790007434515561
288,0.276729289474378,0.031235101707150853,6.031022031291495e-05,0.5799828497807243,0.11199244881743387
289,0.14970844990569498,0.11821661426857524,0.00014351495089206,0.700375437928649,0.031555982946188665
290,0.1238662595324376,0.06086416235170449,0.00017668166352212964,0.6791709835469321,0.13592191290540384
291,0.12138637843508815,0.278358560156898,0.0008648166617954449,0.5820812198585733,0.017309024887645137
292,0.0778502515705026,0.04277725114047059,0.0001358397396135377,0.8400465238226512,0.03919013372676198
293,0.047492337883925054,0.07430872980540129,0.00040508553469224243,0.8522189195528979,0.025574927223083497
294,0.07808898232208299,0.03533919980516877,0.0010362278431764128,0.8100915478081577,0.07544404222141421
295,0.06678792051761372,0.2530874792556995,0.009123385195382626,0.6558451239942982,0.015156091037005994
296,0.08060668168470216,0.05633312721394426,0.0003157235090957267,0.7848367079056989,0.07790775968655882
297,0.07459529565927892,0.2648877682919161,0.0013477572725562434,0.6307649339674609,0.028404244808787962
298,0.14522605547639844,0.032748301969608096,7.753740941972932e-05,0.7645155110610411,0.05743259408353267
299,0.433264921175616,0.11177360202526436,0.00017040721185162204,0.32649617562213795,0.12829489396513002
300,0.5024613452303001,0.07985571740159812,0.00019141405446476337,0.34016275091585424,0.07732877239778277
301,0.2513042196254985,0.5264175334113774,0.00035795828399930966,0.21418114178194336,0.0077391468971812665
302,0.17444230250812184,0.27923997430795416,0.00016333928314578395,0.5270862237187541,0.019068160182023983
303,0.05748170248507202,0.6827533583838199,0.0004449289219610277,0.24667188189069597,0.012648128318451059
304,0.1956274584843445,0.16859192450978744,0.00034619904874008195,0.5200485181941454,0.11538589976298248
305,0.26723661262462467,0.10271984395964141,0.00033186803660273124,0.41821290149582,0.21149877388331106
306,0.28942693986267704,0.06734306699032966,0.0001421507881073451,0.06824300890588757,0.5748448334529984
307,0.42823647837320705,0.4757533970904325,0.00039666064910853793,0.08538885690371176,0.010224606983540094
308,0.31683886829364744,0.1875108141274951,0.00368525962490851,0.27068884826214784,0.22127620969180123
309,0.5357226366122122,0.15135572975780046,0.0008074975073912653,0.2846849200152525,0.02742921610734359
310,0.10871160611119413,0.6375907785343823,0.0009719673840984234,0.09546649972487409,0.1572591482454509
311,0.1865355927174791,0.5796793684061778,0.004979877569062421,0.20658652711429018,0.022218634192990517
312,0.3595164848065351,0.21900632058080546,0.0030585087823439576,0.04749414810283244,0.370924537727483
313,0.5093986565353612,0.16757127862470694,0.0015453165944756034,0.04354998185594406,0.27793476638951214
314,0.3432006118383403,0.43364457498420855,0.001048838760057061,0.20962741735682555,0.01247855706056844
315,0.14084687763899015,0.29332289799537625,0.019992974750382492,0.02981395921966962,0.5160232903955815
316,0.12886782344825337,0.05190025482609062,0.000520981101003505,0.0704111718140011,0.7482997688106514
317,0.19512587573506748,0.03709525465145086,0.0004640938445211739,0.04261490186365699,0.7246998739053034
318,0.5152099271293828,0.2643734605075288,0.003470929303972689,0.14762647482963973,0.06931920822947589
319,0.1601278476003884,0.687610671867069,0.0032312645845638623,0.060460619101428414,0.08856959684655039
320,0.4603593230135534,0.08106681224832633,0.0009421452589272948,0.14665848125616227,0.31097323822303075
321,0.2714757463304531,0.19951318244541844,0.0015158476912166298,0.20161831060374405,0.32587691292916776
322,0.3735755518542729,0.07290749432643216,0.001205990586921032,0.0797307977522669,0.4725801654801069
323,0.6467957865104403,0.06404799523597307,6.850836206889184e-05,0.08897801659865125,0.20010969329286657
324,0.6601006601589141,0.14831192202982302,0.0003515329272890529,0.12314538824923402,0.0680904966347398
325,0.5074202836567494,0.23100567667325508,0.0014771620239583058,0.24225264283555067,0.017844234810486543
326,0.4426864624281979,0.2074468292647803,0.0008639920597198959,0.31469209824677136,0.034310618000530695
327,0.22751464627468776,0.6256726140181194,0.002518294545870358,0.12929954695402784,0.014994898207294726
328,0.3749991568259133,0.2410451936634769,0.004877775593984566,0.2840301203340882,0.09504775358253698
329,0.5083961142821554,0.3406603494937732,0.004849548337630128,0.06836117323087106,0.07773281465557015
330,0.6215175870845715,0.28651359074662397,0.005677265384556727,0.06845037673206714,0.017841180052180564
331,0.3438009229191622,0.37553530370313093,0.004850663248936485,0.031439607271114715,0.24437350285765563
332,0.48739441734887873,0.45058389868825144,0.0007060397414569168,0.04700630472119288,0.014309339500220173
333,0.20669487145343118,0.7613740792700641,0.005703372782722994,0.005173127830277318,0.02105454866350454
334,0.42136139022710406,0.35010006824089607,0.0009874548272478904,0.028714473983958325,0.1988366127207937
335,0.029249525246625944,0.9608596598724195,0.001599676005673908,0.003990442461688533,0.004300696413592069
336,0.038979696827798574,0.9315519849166761,0.016572118884269155,0.00573530354196848,0.00716089582928757
337,0.2281015644795069,0.33481906396531536,0.005125028442331509,0.030217191955749376,0.4017371511570969
338,0.1496069108542228,0.6796867595531482,0.02119857577074415,0.041461154560251644,0.10804659926163315
339,0.03568383107446793,0.03026576683552581,0.00023512723239484015,0.005742553421809027,0.9280727214358024
340,0.43679775530740583,0.29003974837208707,0.0005523719052557725,0.02044286057588133,0.25216726383937
341,0.4641269493804925,0.1829260335689866,0.0004008085554656849,0.05982750945957353,0.29271869903548176
342,0.5574434462508665,0.28373176736801625,8.102474708897227e-05,0.04713960087853514,0.11160416075549305
343,0.09531206195274966,0.8526753847006813,0.00047764884969445656,0.019990624627630064,0.03154427986924444
344,0.00489511089827886,0.0011363948742171882,4.830070856712062e-05,0.002769047357528697,0.9911511461614082
345,0.0811115775301857,0.004040958378283504,9.98614361810011e-06,0.00679559430838471,0.908041883639528
346,0.7732703431263024,0.010541227390728726,2.410746387359829e-05,0.008427579475160863,0.20773674254393437
347,0.890137983817013,0.05041509951641862,4.51572133328301e-05,0.003034602538914665,0.05636715691432075
348,0.1446419543003902,0.8373116248773562,0.0003634503995564811,0.004143840076531424,0.013539130346165676
349,0.7744496751533895,0.12582305564223736,0.0003432291097450328,0.03909462993033817,0.060289410164289924
350,0.11431079078340545,0.8783913672970659,0.0010332248215209974,0.00270488957718067,0.0035597275208270242
351,0.06911232232698465,0.919240864806866,0.0031436420927981627,0.004183746671987977,0.004319424101363353
352,0.14329114943593402,0.8490786798373887,0.0016431972622306659,0.002925818964290967,0.0030611545001557427
353,0.022349215914877738,0.9739589718234088,0.0020352301158557073,0.0006893068620692804,0.0009672752837883714
354,0.020898570694190093,0.9734452403576841,0.003410008410030392,0.0008147084123090023,0.0014314721257866194
355,0.013134297749288499,0.9605169478905182,0.023833786029438784,0.0009891347702267593,0.0015258335605278898
356,0.04295571186986407,0.943313107985329,0.008766491963427613,0.0024031460148617985,0.0025615421665172856
357,0.00954368946265058,0.9714858927207395,0.017468113002019343,0.000450542419573348,0.0010517623950169884
358,0.021508351206558213,0.9583519300604892,0.01791162751229408,0.0007887019532725627,0.0014393892673861255
359,0.0038518032838291832,0.9278722040403441,0.0663052443264623,0.00038842392155748364,0.0015823244278069656
360,0.02620889271893588,0.9570933048165543,0.013432668695628081,0.0014121375794367578,0.0018529961894450135
361,0.016833330404117375,0.9677419368565133,0.0118709724438361,0.0013131699215396704,0.0022405903739935464
362,0.015686300527074114,0.9629550435107629,0.019621474536385172,0.000577741232309551,0.00115944019346845
363,0.027034269106456052,0.9617306475236899,0.009111394951229021,0.0006339872005239266,0.001489701218101053
364,0.011297129438929222,0.9809898899506352,0.006685099537543497,0.0002625064911537361,0.0007653745817383245
365,0.008506560361611026,0.968144232742869,0.022102104076543103,0.00037732250556788793,0.0008697803134089966
366,0.005948035226338834,0.9335862790453429,0.05868244136817282,0.0003628235340730072,0.0014204208260725274
367,0.012106863610926886,0.887716082272036,0.09541162039486357,0.0010045582354429518,0.003760875486730739
368,0.007559163544138301,0.8995937347940531,0.08546812773186437,0.0019403275377716108,0.005438646392172425
369,0.02663105042812844,0.8634491018157592,0.07843361105516099,0.005656157320292904,0.025830079380658597
370,0.41090741155288685,0.17414431990437867,0.003083725478299328,0.008369879602802869,0.4034946634616324
371,0.1522834261475436,0.3181578493405575,0.001251294176194164,0.005811359498313341,0.5224960708373914
372,0.6220844942843821,0.24071544419716678,0.001386270537481988,0.011477601915408153,0.12433618906556104
373,0.17525260337353407,0.2589220326589248,0.0026398746274378,0.002087792143761134,0.5610976971963422
374,0.5142856862413107,0.06187988051626634,0.000670898738977419,0.023252353737420933,0.3999111807660247
375,0.1555866511274229,0.7918132708068636,0.003561448149341777,0.01668923231065897,0.032349397605712905
376,0.25505934527561847,0.14739432815378217,0.001940069906198889,0.03833435339008061,0.5572719032743197
