epoch,N1,N2,N3,R,W
0,0.0029016030043726854,0.00022603111776675917,1.5653638677026638e-06,0.00010215720468904848,0.9967686433093037
1,0.002093258877807936,0.00014671264588276745,1.3675658345340274e-06,5.583630398642823e-05,0.9977028246064883
2,0.004956202336702986,0.00023656211915061828,2.937702811442482e-06,6.859182959607908e-05,0.9947357060117389
3,0.0037010093961649666,0.00023748719481298794,2.754217536130953e-06,6.705916232561596e-05,0.9959916900291604
4,0.07747601562626531,0.0013301092767522141,2.841613390951855e-05,0.00048142265670064814,0.9206840363063722
5,0.26160357415412633,0.0070584960120994005,7.118842778708096e-05,0.0010834159579778551,0.7301833254480092
6,0.27161365825809786,0.08566414766525815,0.0006983920161465994,0.0033490788811169777,0.6386747231793805
7,0.00419857796812405,0.0015179598900953398,1.0033362489755814e-05,0.0013985389180180376,0.9928748898612727
8,0.03717458362534821,0.0060275904925191845,0.00013498945934667508,0.0020394290716859074,0.9546234073511001
9,0.014711917419220637,0.0022207830756920417,2.058140427476806e-05,0.0015053705844312597,0.9815413475163813
10,0.3354915490877631,0.06273665718364836,0.0004503150057004977,0.0028767634705825084,0.5984447152523056
11,0.2145005175070005,0.08258127241937009,0.0005467676532719114,0.0017093515151876421,0.7006620909051698
12,0.2918326674249865,0.2489487431503181,0.003587334294467254,0.009179751569741908,0.4464515035604863
13,0.05589995409960138,0.057804714760164404,0.0019081752232557592,0.00560801508877772,0.8787791408282009
14,0.06768437317198757,0.36150260674975726,0.005599928584268718,0.007992333389168875,0.5572207581048176
15,0.007767914862686671,0.0038910931227527958,3.0744042686667436e-05,0.0020592915999601735,0.9862509563719136
16,0.10406306500356165,0.04800331599900515,0.00021572645311054687,0.010436560894369666,0.837281331649953
17,0.04974182443459574,0.021613207901781985,0.0003003380560329018,0.001149727485546013,0.9271949021220434
18,0.26190372705570447,0.23530829020932548,0.004193462335642919,0.0016747656934592093,0.4969197547058678
19,0.10391828235812393,0.1983480373636605,0.002718426382377496,0.0017569509620075818,0.6932583029338305
20,0.01713506907733544,0.009038379221065157,6.098708023484047e-05,0.0016216627912074423,0.9721439018301571
21,0.04512711232145607,0.06004746003891559,0.0007914935109685465,0.001649258149919003,0.8923846759787407
22,0.013301787172338037,0.012449750847192478,0.0003100961477000072,0.0009578645917415474,0.9729805012410281
23,0.04971419070020248,0.017009350973379498,0.0001220545471973359,0.00101064709994459,0.9321437566792762
24,0.0012774710960146906,0.0007241382862746194,0.00021452375868048808,4.541876898966609e-05,0.9977384480900405
25,0.0006332633845568688,0.0003739986313886429,2.1458325296609834e-06,0.00013468010834679438,0.9988559120431779
26,0.0014865390834003223,0.0003927975648280467,3.0890960826038e-06,8.596487481847034e-05,0.9980316093808704
27,0.001815644383372889,0.00040061112363966734,3.5558879664545516e-06,0.00012874842872786238,0.9976514401762931
28,0.049091008327294926,0.0007200447627355262,2.4489049224979333e-05,0.0001665475361003374,0.9499979103246442
29,0.1522623867381802,0.005714561142154568,6.0395285427249754e-05,0.000299210248813458,0.8416634465854246
30,0.5151823232407313,0.18630111405035263,0.0007395580197120509,0.0012259051499925269,0.29655109953921144
31,0.04569034174962276,0.00935502103256757,3.2368004494342655e-05,0.001418244306228695,0.9435040249070866
32,0.12489492965096284,0.030216037932363656,0.0004742814681499434,0.004838938018541989,0.8395758129299815
33,0.157315545673273,0.6555840531499876,0.0036672607058745653,0.0027723322039665964,0.18066080826689818
34,0.4277346354454098,0.3141406463067549,0.00034477740588687727,0.020429348810377623,0.23735059203157088
35,0.14765209435503227,0.7612275900269857,0.006791657573910979,0.0012712791323448351,0.08305737891172632
36,0.07979105749250759,0.8184750188909193,0.0027438585453681036,0.004515862368071111,0.09447420270313388
37,0.06845685694883465,0.7886777659249102,0.01329473375269355,0.002735179606942593,0.12683546376661914
38,0.16914724313711044,0.06624957774842095,0.00021279972190729152,0.004296277959187858,0.7600941014333734
39,0.2940791815053556,0.560769777050158,0.005607891866261605,0.0012809131193548622,0.13826223645886998
40,0.07897450898820194,0.8620273183970653,0.017956116349977635,0.0014271904556979714,0.03961486580905713
41,0.35480298824758544,0.311503650110628,0.0007558073074277711,0.006183468210482356,0.3267540861238765
42,0.04282473489853701,0.8125650212091162,0.07912662514768985,0.003984090851765566,0.06149952789289139
43,0.11579666159759511,0.7061501937570429,0.03251108027477341,0.015533289220240103,0.13000877515034837
44,0.16895401998138626,0.568279392360375,0.0019492439885898081,0.02788238462403453,0.2329349590456145
45,0.15657083420050164,0.1829065900633951,0.0006451611896769131,0.04689660298608608,0.6129808115603401
46,0.2923956728151171,0.37844751524160947,0.0006356756850800116,0.013229010355280828,0.3152921259029126
47,0.30255059746693447,0.5661256065823429,0.0004663640729323865,0.0018341368395478038,0.12902329503824247
48,0.27964877357178425,0.0890940414103445,7.523544653046609e-05,0.0011703513534159834,0.6300115982179247
49,0.3414211304051185,0.3956298298213904,0.00034015891872926857,0.0014397836302036315,0.2611690972245583
50,0.10852383717653587,0.8468640368199597,0.001677529947853995,0.0008019093189615834,0.04213268673668876
51,0.07917316293689852,0.645307766825539,0.004749816062250046,0.002707173643836665,0.2680620805314755
52,0.03606942493498852,0.7922542308996849,0.009907077711230965,0.0057898757792267455,0.15597939067486896
53,0.01645162554008676,0.09166144249631185,0.002845121840221611,0.0030630579198441155,0.8859787522035357
54,0.018223925536244235,0.017466141814758453,0.0004269755473441305,0.002561222882036643,0.9613217342196164
55,0.007157990568911202,0.005431357600079033,8.177570852260764e-06,0.0014870185649060444,0.9859154556952514
56,0.012349937100263721,0.008955856481303051,0.00022853093037889218,0.0011128018477226222,0.9773528736403317
57,0.004148793257000316,0.0007162446979932692,1.591342056347075e-06,0.00024593432236443154,0.9948874363805856
58,0.0034981650747183592,0.0011365095262311205,1.6143608182707485e-06,0.0003455035397614611,0.9950182074984708
59,0.008228891095376903,0.0013033881406537891,5.7747734499464855e-06,0.0004345469366926855,0.9900273990538266
60,0.025038019453488755,0.0018978829195776105,2.061869975286799e-05,0.0003685858606193173,0.9726748930665614
61,0.005499323860802735,0.0010279224645240246,3.6079579821593e-06,0.0002554431070184804,0.9932137026096726
62,0.011337329330435509,0.0044361382245854345,2.785873735161312e-05,0.0006561039258329677,0.9835425697817943
63,0.0021841772019876586,0.001022938453471981,1.1536142262986052e-05,0.00017088718841941908,0.996610461013858
64,0.00996406851433403,0.002277084405823278,3.102326851910034e-05,0.0003552000606177737,0.9873726237507058
65,0.021110167820523443,0.004719120997131197,0.0006366364826363158,0.00022028707771486693,0.973313787621994
66,0.002352015429216586,0.0007191118594005649,1.8152511886111347e-06,0.0001635957810299089,0.9967634616791643
67,0.018694092142631354,0.0015833928014689171,1.4938144509857853e-05,0.00047031701554902267,0.9792372598958409
68,0.013370361611875443,0.001355672006698477,1.3088394840539449e-05,0.00046424946718855295,0.984796628519397
69,0.005399369651793318,0.0009109870719261049,7.244170922053433e-06,0.0006842105322814885,0.9929981885730771
70,0.00395688534404539,0.00036862626913869797,9.455803440686106e-06,0.00029775786991129047,0.995367274713464
71,0.023427980617449537,0.0015020590566753678,2.4313319436922246e-05,0.0015608910404049132,0.9734847559660333
72,0.0024265142779444694,0.000402239951092478,5.36478851248417e-06,0.00031183862292769564,0.9968540423595228
73,0.0042108007515304,0.0005494084721969706,6.44212961674811e-06,0.00034072093938562737,0.9948926277072703
74,0.009932674242220796,0.0005301780178390979,1.2791090927556398e-05,0.00043950382775988244,0.9890848528212528
75,0.10675822082312597,0.0026570866773297586,9.234009743777588e-05,0.001713035408959821,0.8887793169931467
76,0.15372134182786373,0.004337577834905942,0.00017671115377694284,0.0018311425223405866,0.8399332266611128
77,0.4367728069243869,0.016979810769809894,0.00011313293170671223,0.001461862326333256,0.5446723870477632
78,0.5581449612448339,0.051831424505015405,0.00016550493856864727,0.001237922103784373,0.38862018720779756
79,0.5047736061934528,0.3640708495211141,0.0006000188254602438,0.0004188748442806524,0.1301366506156922
80,0.31947141246340255,0.595999016198625,0.001436616433420267,0.001164737884644186,0.08192821701990789
81,0.043213815754737865,0.8146582244170844,0.044053810142728494,0.0004385063426094456,0.09763564334283983
82,0.028021127012463048,0.8997520089381256,0.02812678321312162,0.002638802204527811,0.041461278631761814
83,0.07196631924796354,0.8675453290153782,0.0024220930847010927,0.012208477182536124,0.04585778146942112
84,0.1786729497702673,0.38691986870843437,0.0019302893382065949,0.00834168321274024,0.4241352089703514
85,0.10755524501997457,0.8120205249701552,0.003406165690653812,0.00238308935410184,0.07463497496511466
86,0.024171220927527916,0.9457003535977472,0.014179820569720463,0.0006077834368121809,0.015340821468192194
87,0.028557912928958776,0.9283885133830453,0.007650042711303074,0.0004695724467396863,0.034933958529952944
88,0.034669575249443765,0.8111165446175591,0.08614712886128534,0.00040604071238390234,0.06766071055932808
89,0.05250843100703309,0.8762789341666452,0.028286746884431568,0.0007595376820026478,0.04216635025988732
90,0.028288332386958208,0.7655251312828188,0.15525005777724796,0.0006645754051206619,0.05027190314785433
91,0.02975887653500734,0.7794492209782174,0.16650918142474086,0.0007002785562298287,0.023582442505804654
92,0.055573496064006404,0.8302122016882768,0.06962379456572719,0.002154012678256292,0.042436495003733296
93,0.038866469355757376,0.9097901806161917,0.013474877892254215,0.001083081261215116,0.036785390874581554
94,0.022721733458032797,0.8839889106186376,0.07350917821689869,0.0006262124130116071,0.019153965293419103
95,0.01779086150225194,0.6528372584296888,0.25996756880344507,0.0009514786352098126,0.06845283262940435
96,0.04586691795353664,0.8973278266012701,0.02977771615016325,0.0009908762092647105,0.02603666308576509
97,0.05355402587755013,0.8651219341543186,0.03970123368579685,0.0029661877361973122,0.038656618546137105
98,0.03440494420603015,0.606075448968278,0.15032231971641005,0.0024763782638692515,0.20672090884541244
99,0.03395609876243705,0.8642611126861766,0.05740816248463836,0.0020747948934174425,0.042299831173330554
100,0.027697268789477217,0.7777786762900358,0.12629595437607655,0.0006511505314533159,0.06757695001295705
101,0.02029833660994542,0.8674383142331253,0.08603598523727803,0.0002841113721339695,0.025943252547517257
102,0.03398409006536445,0.759954407160415,0.11746596154850734,0.000954357158292068,0.08764118406742133
103,0.03309334969956886,0.8485944710043211,0.06786912345294921,0.0007225233749159993,0.049720532468244795
104,0.046166924617438584,0.7948773522815494,0.1009736792355113,0.0008441219608889844,0.05713792190461173
105,0.016375082946411643,0.7670095774365299,0.20102067623978426,0.0003993915912038846,0.01519527178607043
106,0.02259984915728585,0.6891459028712216,0.25873133200430104,0.0005320738160855339,0.028990842151105905
107,0.031544277814983715,0.7751520212038278,0.16324229325502326,0.001821860442697998,0.02823954728346751
108,0.022312227176496068,0.7237641178224067,0.19245932789298822,0.002795721629825925,0.058668605478283134
109,0.030048656298368302,0.6975831347032506,0.2247083158761497,0.0031862058123947965,0.044473687309836585
110,0.02696696451639431,0.7440184975928075,0.11548807481172021,0.0030432307565479025,0.1104832323225301
111,0.050620411629535525,0.8130027211771965,0.06433123260648407,0.005671918948271793,0.06637371563851191
112,0.07609591462517137,0.8404350472618933,0.0050230019326246884,0.004476609445079404,0.07396942673523135
113,0.028539905731801055,0.6244648782532732,0.2421562147060122,0.0009671542561274355,0.10387184705278601
114,0.10748692426313418,0.6600534720661375,0.0031347212771674566,0.0019450801779578434,0.22737980221560297
115,0.06103419818990288,0.8463855245083978,0.060540421064461364,0.0010503643829259475,0.030989491854311917
116,0.03868847603996315,0.8679865152976566,0.04790441726769173,0.000968019958048944,0.04445257143663947
117,0.016098709845936622,0.7905294223387689,0.1493943421808394,0.00024540913782021843,0.04373211649663487
118,0.017216910678219014,0.5457499764465974,0.4020007922329535,0.0006466221128063953,0.03438569852942372
119,0.03569467863311051,0.5305116257297894,0.40495701651153054,0.0008463435838580918,0.02799033554171149
120,0.015360073134450347,0.7915202441851987,0.18676834239764203,0.0005454554560663518,0.005805884826642549
121,0.006888236983871461,0.3640951969004989,0.5927718127146093,0.0005401439095464404,0.035704609491473714
122,0.008480041154765956,0.5644537361003809,0.40394632479981807,0.0003441629476538418,0.022775734997381357
123,0.004523757754997072,0.3779501881927063,0.6033225248176328,0.00023715727589749899,0.013966371958766544
124,0.0044744144124059994,0.46898565874200154,0.5164805198774229,0.00014391699303739766,0.009915489975132202
125,0.004240403275201794,0.41317125182098385,0.5764165591104393,0.00016935160816880176,0.006002434185206346
126,0.005610399359025385,0.30392599532406817,0.6777660074801058,0.00020200683046514884,0.012495591006335453
127,0.013865744642523747,0.6413298735155946,0.3237677453944097,0.0007885680085023483,0.020248068438969688
128,0.014458536273347533,0.5330728727748414,0.44039403049099585,0.000609756306529944,0.011464804154285439
129,0.005528594991631374,0.2985600370070442,0.6819126731439912,0.00024281560532403556,0.013755879252009223
130,0.0026680723440904554,0.27466398807321984,0.7129451179665797,0.00019724235079823324,0.009525579265311668
131,0.006152677522521864,0.4432123992268193,0.5368246536256569,0.0005655063797156913,0.013244763245286307
132,0.004607112963526308,0.5599093214701353,0.42777877527543146,0.00025787787659689923,0.007446912414309886
133,0.007550371541831253,0.5893285187617693,0.39135124048916514,0.00046702294493418574,0.011302846262300126
134,0.00579476149044259,0.4994200230460939,0.4788489426326389,0.0002724719920616016,0.015663800838762974
135,0.015178370707447316,0.6637556107384102,0.3123076765576289,0.0002607887214565474,0.008497553275057206
136,0.004010838565680488,0.35240037658563866,0.6226187189943453,0.00021845119350359096,0.020751614660831936
137,0.0069114083257580524,0.585618213529233,0.4000127269208388,0.00027154551640048725,0.0071861057077696
138,0.011373386668241612,0.5116049903436742,0.46251732360503733,0.0003801935681393651,0.014124105814907507
139,0.009151497079015539,0.5182679582859824,0.45149733494934485,0.0008236136757949451,0.020259596009862126
140,0.007743816487973723,0.4438301953847818,0.5322510602478008,0.0005690274803544884,0.015605900399089184
141,0.007726479307273144,0.42068133364063887,0.5631593684971781,0.0004835784789795647,0.007949240075930434
142,0.011917543488103236,0.6371715181696723,0.3319295129820035,0.0005916994294962221,0.018389725930724493
143,0.005170007490091117,0.49558039090347206,0.47540312493749853,0.00034602542419844435,0.02350045124473978
144,0.018975647383616758,0.6522593589155045,0.300463024999213,0.0010203944921181284,0.027281574209547577
145,0.0060093844137590145,0.6181472760580468,0.37252639227940276,0.0002737503127557025,0.003043196936035851
146,0.004603684940172387,0.24592119275221497,0.7327501173114084,0.0006583032483850335,0.016066701747819295
147,0.003979654605835279,0.3531278982131094,0.6346235445159254,0.0007971986699292421,0.0074717039952005475
148,0.009020350391132973,0.5084118398972525,0.4690958135236306,0.0024459548884883725,0.011026041299495505
149,0.0053560413167883895,0.3232969445136902,0.6592765582337508,0.0010835031590521779,0.01098695277671837
150,0.011043454123760288,0.5786513604819972,0.3964608163589877,0.0017623635051925185,0.012082005530062343
151,0.0023063015203145243,0.3526047249929259,0.6327192921996894,0.00020362173023268117,0.012166059556837618
152,0.005494587751044239,0.4091253258422226,0.5749298093046884,0.000465411659438887,0.009984865442605744
153,0.0044528443318158145,0.26941366268096695,0.7087170598967287,0.0005833633774427578,0.016833069713045833
154,0.006234735777513832,0.35328481024093583,0.6131882887727029,0.0011812435898412598,0.02611092161900617
155,0.00404149684847455,0.33874741789074525,0.6511543007691337,0.0011150485861924808,0.004941735905454104
156,0.006562764446610572,0.4703046563658782,0.5047553360549422,0.000618440352895113,0.01775880277967395
157,0.008249234870986229,0.5131892909775304,0.462258327282605,0.0010229479239325196,0.015280198944945896
158,0.006560823338178531,0.6314964331901991,0.34689826985707706,0.000727491082286142,0.014316982532259126
159,0.013305132841142158,0.8627191456411819,0.1093721471317717,0.0007896098600319746,0.013813964525872377
160,0.009320765542176052,0.7549338246639618,0.20717391351478073,0.0006283540516737762,0.027943142227407528
161,0.012733428818069253,0.7862694892631374,0.15816963070708384,0.0007713013929609454,0.042056149818748445
162,0.025103786262781345,0.6879231352960928,0.20190834391273382,0.0016171999005526983,0.08344753462783928
163,0.029108554921239826,0.7970212648499672,0.1415731196888096,0.003028154464711592,0.02926890607527183
164,0.03782400642783007,0.6477575735893065,0.2491526814477973,0.005256219518948727,0.060009519016117535
165,0.13102781350140283,0.6301144255148408,0.02676870263099968,0.016965024703302054,0.1951240336494546
166,0.04203301098790119,0.46415535995739526,0.21261127135597016,0.009066419208659214,0.272133938490074
167,0.039286390368986394,0.04085458296637565,0.003432551063370476,0.0038679171792066836,0.9125585584220608
168,0.011741710961310213,0.003322274679865901,2.9274238941629755e-05,0.002200124114891221,0.9827066160049911
169,0.03530311004274901,0.0065205654226095046,6.668229630572091e-05,0.009546096839003025,0.9485635453993327
170,0.008457282142247235,0.0030700182056053087,0.00040435661165284315,0.0028052598204531833,0.9852630832200414
171,0.012086109563338955,0.003402746941700407,0.0009212184643895663,0.002831249218842962,0.9807586758117283
172,0.010842237736510357,0.004321065374730934,0.0002696944669096457,0.002096323447050964,0.982470678974798
173,0.0038101103989591654,0.0005930105128794625,1.8630235977981082e-05,0.0014015140723522377,0.994176734779831
174,0.021040432210012512,0.0017761938939727846,5.444829204095838e-05,0.0012454499807423999,0.9758834756232313
175,0.007906945139694189,0.0010607844855257214,9.472014588129026e-05,0.0008266237955894491,0.9901109264333092
176,0.014617387776682983,0.002044198879295509,0.00016707804683970017,0.0008121147437762048,0.9823592205534057
177,0.02965613083807515,0.004902551972389236,6.24022524750804e-05,0.0015583315843791458,0.9638205833526815
178,0.012128394600916302,0.0018491527570203077,0.00030314516014193004,0.0005312932707519901,0.9851880142111695
179,0.0025385095039642067,0.0004321486269730167,0.0001633839204046224,0.0002987042362646797,0.9965672537123934
180,0.007003315136010376,0.0005470728548716868,7.803508579699118e-06,0.0005077318213283648,0.9919340766792099
181,0.014773588684165461,0.0017958699629909074,2.4372005720832807e-05,0.0005393027002985358,0.9828668666468243
182,0.3448241726338689,0.02095387886614717,0.00036062998259428974,0.004230630246844215,0.6296306882705454
183,0.5054287456625924,0.09784252390238113,0.0009190151397357294,0.01107947579170572,0.3847302395035848
184,0.3282675068450098,0.26655722659680453,0.0017895649112454673,0.024706053528269167,0.378679648118671
185,0.23375939381403404,0.30832066840109096,0.001725534240984032,0.19609202798299888,0.26010237556089216
186,0.05668053675827775,0.1380093169292625,0.00041501804370663186,0.7561681845105898,0.04872694375816352
187,0.04678420690271912,0.12982743052886658,0.0004024840757209922,0.7575076341084424,0.06547824438425101
188,0.03024080930742693,0.09457564239884944,0.0004942130467727769,0.8297726101982564,0.044916725048694366
189,0.03149360249893657,0.032763943681481895,0.0003594488236182622,0.888024382933629,0.04735862206233434
190,0.02309592147227746,0.013617666741591062,0.00034455552346487406,0.9181323581492471,0.04480949811341952
191,0.025231837982056207,0.018319743178687987,0.00028060371065998896,0.9105527332073268,0.04561508192126898
192,0.06503114416734951,0.01554631698184082,0.00032558208827481946,0.7885948805801215,0.1305020761824134
193,0.06468859131520893,0.016358069975055144,0.00012288117542433443,0.8270987282988763,0.09173172923543516
194,0.05096854186095085,0.010911631128281434,0.00017032620965796224,0.8653261316831161,0.07262336911799361
195,0.04401398898344489,0.010924363271466658,0.0001264237802635741,0.8475876578060074,0.09734756615881751
196,0.046117197843403096,0.007740189406734649,0.00017802607573497967,0.7808586285496154,0.16510595812451173
197,0.07412506924165256,0.007570454579340983,0.00023440399747045356,0.7018412017327693,0.21622887044876657
198,0.06680748450388801,0.006576370177827031,0.0001928548470776919,0.8455909841376424,0.08083230633356486
199,0.11712367240493746,0.013377026090615415,0.0001577306172162346,0.7509522848703236,0.11838928601690725
200,0.14509588583287666,0.028848782871868088,0.00032510401147620936,0.6267156980904827,0.19901452919329637
201,0.10312894879582443,0.03144713152149834,0.0002832267816000662,0.6503468825572943,0.21479381034378286
202,0.07919861809253549,0.024585888226220973,0.00010745042799375348,0.23658487748906487,0.6595231657641849
203,0.07434193752141469,0.019623923778159177,0.0001413684252605978,0.20243212501744307,0.7034606452577225
204,0.19134681793558125,0.047057388913964895,0.0002575407865570335,0.4565659371035292,0.3047723152603676
205,0.188087849022394,0.0775073270769434,0.0002398200483569389,0.47147427779046186,0.26269072606184374
206,0.0729576084934552,0.04876219504671943,0.00011450363069556405,0.7120869762810188,0.16607871654811113
207,0.11515673987772011,0.03624960216550997,0.0002957068430452645,0.6075410083041656,0.24075694280955914
208,0.06533571617574367,0.03888251850525581,0.00018349640326751655,0.6918815607442064,0.20371670817152668
209,0.06996421910982487,0.016709621344135665,0.00023063509208278771,0.6101122528634245,0.3029832715905322
210,0.1253501519063768,0.024691633922513927,0.00024595430232133756,0.554409604312158,0.29530265555663
211,0.1346513113173329,0.017955778061131543,0.00024910964674825637,0.5239566313205953,0.32318716965419186
212,0.16698530072995302,0.017273464301696025,0.00024784610915844457,0.6590749924382004,0.15641839642099198
213,0.1662041457620334,0.029263674052380145,0.00017559688284775901,0.6521967182993332,0.15215986500340556
214,0.11048318094280092,0.015856327359594722,0.0001430255353293221,0.7253281670165496,0.14818929914572546
215,0.10049262798292347,0.019074829975242992,7.096562878086659e-05,0.7019695116124411,0.17839206480061148
216,0.1655015582741833,0.02527436817865099,0.0001656760430758416,0.5941694224980266,0.21488897500606327
217,0.13197901976775,0.03334591706309783,0.0001118814480379059,0.5802524806378603,0.25431070108325393
218,0.17439677242084628,0.020011989379489867,0.00011186923520807114,0.5699298128179522,0.2355495561465036
219,0.057762841580843174,0.032344469332524106,0.0002735170414081777,0.24744583868285763,0.662173333362367
220,0.12290217768228713,0.023181700160326075,0.00010926960232346893,0.283930368220707,0.5698764843343564
221,0.27556659192802974,0.050567752116357854,0.00010237997110255893,0.29756606981899547,0.37619720616551444
222,0.18183783668233455,0.046104802681026985,0.00011428619709660993,0.4384790224064658,0.3334640520330761
223,0.09924689170223552,0.01957439696288261,0.0002876982771470007,0.7505572189342008,0.13033379412353416
224,0.07040267295328802,0.01768934167350503,0.0002727498227300976,0.736410419933381,0.1752248156170958
225,0.09143980728559092,0.023893372469092605,0.0002655283156063475,0.6704936687360668,0.21390762319364326
226,0.055279317376779526,0.01212995865078578,0.00013564584810365666,0.8135929618681607,0.11886211625617034
227,0.051106032262385505,0.00990695807573274,0.00019409394737538365,0.8262571405649589,0.11253577514954735
228,0.08659454110845766,0.008714369378683282,0.0003574038548518935,0.6462862638543436,0.2580474218036636
229,0.05447191059918739,0.014635821724397261,0.0003908843453346222,0.6542993880906524,0.27620199524042827
230,0.10792785813356703,0.013352707587291198,0.0003349903713491437,0.5657034873269282,0.3126809565808645
231,0.11653758622152147,0.011641249955423734,0.00026634194681997205,0.6042859027795006,0.2672689190967342
232,0.06391097965802739,0.020511349327138727,0.00021990169389244358,0.6866353019291181,0.2287224673918232
233,0.09125888834360547,0.01988977055438156,0.00021020279479091788,0.6926394265202979,0.19600171178692427
234,0.10700031321931804,0.021842356848369836,0.00019130518698760537,0.7378412250924529,0.13312479965287166
235,0.11973080122993605,0.017543136377735583,0.00032853840402112343,0.6319226867170562,0.23047483727125098
236,0.10734187856308357,0.021625038697135116,0.0002571434222542247,0.6949378504010799,0.17583808891644712
237,0.10361940057448321,0.01903158374873792,0.00027728542531977717,0.5334446198914481,0.343627110360011
238,0.13152988584880662,0.025752851037979165,0.00029706497272844227,0.6243558097480119,0.21806438839247388
239,0.1141973373521244,0.020551229315240276,0.0002864988558506617,0.5412160253063433,0.32374890917044136
240,0.14956828018625512,0.025107715419741217,0.00037639676546470343,0.5376651294463146,0.28728247818222435
241,0.05352721000321044,0.02005832095917022,0.0002023270907276398,0.4151121188542198,0.5111000230926719
242,0.1204484834184163,0.015742112762233387,0.00032380396607324083,0.5450399233092353,0.3184456765440417
243,0.08814986912885686,0.022604623673546594,0.00035488163929887917,0.47560601831193816,0.41328460724635957
244,0.11972886258085959,0.03804847448995893,0.00043175246854490864,0.46168583052063755,0.38010507993999915
245,0.11015424295923933,0.018941017129842287,0.00029614396127078326,0.6004746784874367,0.2701339174622108
246,0.10684322993719614,0.01847943472491909,0.00029073651541768053,0.6111376936220972,0.26324890520036975
247,0.1200401903163405,0.025215550686748023,0.0003480741958474463,0.6325927285390761,0.221803456261988
248,0.14258855994248412,0.022839552802301086,0.0002387156528003236,0.5852098828201959,0.2491232887822184
249,0.11551323054942945,0.01563231819399859,0.0003732415940291676,0.5775500050359119,0.29093120462663086
250,0.08216894536787324,0.02639344705996435,0.00028399992827523175,0.6633634163728761,0.22779019127101102
251,0.07738758901616655,0.01124889730594275,0.0002832770202707771,0.7433891598198386,0.1676910768377815
252,0.10459478064133976,0.012481218006115924,0.0003068383013801043,0.7342412333114244,0.14837592973973987
253,0.11149627500193325,0.014969260718414916,0.0002631318204502854,0.7388432943444663,0.13442803811473528
254,0.12968792211773608,0.01533812878598352,0.00022429747231071589,0.6815621332104057,0.17318751841356386
255,0.18063770827776154,0.03555033745322522,0.00024202463187384307,0.47788531542883156,0.30568461420830784
256,0.14969735673855147,0.015576589220930236,0.00012867200883020008,0.42745164834413796,0.40714573368755014
257,0.1979223806551409,0.0661070507689986,0.00019864773160444183,0.5076239959693006,0.22814792487495544
258,0.12236801082233147,0.038541264465648636,0.00019971713925018416,0.5864147435626835,0.2524762640100862
259,0.17680110009442943,0.026905774176998652,0.00029374791715107575,0.5098481480589482,0.28615122975247265
260,0.0868433522991312,0.058997140171062695,0.000246370352587036,0.2887381331318491,0.5651750040453699
261,0.3399764745083661,0.09081103390626884,0.0004634958675881496,0.2461648379628263,0.3225841577549506
262,0.22114666759634166,0.12170465191230656,0.000300997787963613,0.12546230709787184,0.5313853756055164
263,0.3994009710493681,0.10196739950067181,0.0002122365665321978,0.1996053513169649,0.2988140415664629
264,0.42547819492304295,0.12331587237096885,0.0004158928137229137,0.24619039076395596,0.20459964912830933
265,0.4203038703392109,0.1360647971399927,0.0006607416488985567,0.20082901108465925,0.24214157978723858
266,0.3551441879543454,0.3044651998282984,0.0003710165098886173,0.20856311074360467,0.1314564849638629
267,0.3586693642129808,0.31618531409168243,0.0013219706235727605,0.17666816019254097,0.1471551908792229
268,0.4294200544506713,0.3031662058746035,0.0020946935390675427,0.08479692490934346,0.18052212122631411
269,0.23913972591741894,0.6821307066496948,0.0015409819907787877,0.03306316719811179,0.044125418243995726
270,0.17406127506225713,0.7646621501326012,0.0012958149446901913,0.005601677308835563,0.05437908255161576
271,0.2719622820595731,0.6868415496595915,0.0012384084771906872,0.00482025823424954,0.03513750156939495
272,0.02071580476185494,0.9718252514378821,0.00042316067859271485,0.003167483402313176,0.003868299719356953
273,0.25764090228236614,0.5942615563012725,0.001611064543233227,0.03411644419426873,0.11237003267885935
274,0.29487135897214106,0.5968263461106909,0.0017208835442166887,0.031477177569787025,0.0751042338031645
275,0.1848168512268617,0.7008934306819181,0.001559449902160043,0.014352602911811115,0.09837766527724894
276,0.27065311690900856,0.6384642105399089,0.001659153727696838,0.014434934235741699,0.07478858458764417
277,0.13451192232092465,0.8183735079906614,0.0007634368100881204,0.009152431986585698,0.037198700891740065
278,0.3364695675042631,0.46952861913045973,0.001218631703175999,0.030627965324716865,0.1621552163373843
279,0.10120239670519751,0.8463884770074639,0.00115356486796589,0.008453815739017455,0.042801745680355226
280,0.09898782564044142,0.841263205886623,0.0012351687797784742,0.005833403752282763,0.052680395940874314
281,0.16259945212798166,0.7598519668190611,0.0012900681387166602,0.023500653757293207,0.052757859156947313
282,0.14328749742887703,0.7853316805507823,0.0007986255674214638,0.009791281133269004,0.060790915319650224
283,0.16305427138131726,0.7151825966105161,0.0017095143018618449,0.016075103760471207,0.10397851394583373
284,0.18277629187283678,0.7403073598561347,0.0006586190533390148,0.024683456499886656,0.05157427271780276
285,0.3152293025600024,0.6146992640472755,0.0012249024710295753,0.009037817801624845,0.05980871312006774
286,0.09359223707510865,0.8697751304606236,0.003228967902814615,0.003049538078541549,0.030354126482911584
287,0.1364511890149174,0.8195340915613017,0.0027895097689464663,0.003099564229715794,0.038125645425118614
288,0.2244646257824676,0.670496640594122,0.0027643252524021935,0.011503080719988646,0.09077132765101967
289,0.15481997123184738,0.7923025179059572,0.003205892073687442,0.013622399555142262,0.03604921923336576
290,0.04572247126477668,0.9223355160897959,0.003978496644273803,0.0033815221623113953,0.024581993838842107
291,0.11540041185162217,0.8249712110290067,0.009801659483332231,0.01900359849518029,0.03082311914085855
292,0.16244434696804413,0.7409108745772698,0.002384323887260619,0.019634978110764093,0.07462547645666133
293,0.04447129050416412,0.9126336431681518,0.008960152278029605,0.006254989207991045,0.027679924841663397
294,0.04769777935799257,0.911094910414826,0.009835851007219058,0.004334105618964609,0.02703735360099783
295,0.15899491324354145,0.798972593812955,0.0027033925460539696,0.006049214686110298,0.03327988571133923
296,0.07546967097580132,0.4820954004823163,0.02364380564531737,0.006717797235133441,0.4120733256614317
297,0.41679153921199275,0.4552073459352657,0.0019255943726129076,0.03585354289296511,0.09022197758716345
298,0.23650070909770218,0.6193477455492179,0.004131443685688398,0.034504991252420486,0.10551511041497118
299,0.26500734939471265,0.5550179685216396,0.002471132199016771,0.04153585411271491,0.1359676957719159
300,0.31478286419415924,0.5796846547918104,0.001636375594321747,0.047026581981727725,0.05686952343798084
301,0.26751215241567594,0.5594661681614262,0.0015174026468848787,0.015466744869621614,0.1560375319063914
302,0.31430024130247164,0.5852665524231766,0.0022135571241237635,0.016385307864342044,0.08183434128588604
303,0.21861018588662257,0.7296014403854142,0.0008673469426642848,0.025431493903222344,0.025489532882076543
304,0.07501646852578907,0.8986337620128411,0.0007374204599939296,0.00553312911369688,0.02007921988767891
305,0.25412905038951816,0.6434023256553789,0.00603146349111675,0.014863374762085131,0.08157378570190112
306,0.053562139118946986,0.9255834161664337,0.004112269507693251,0.0032943226326986523,0.013447852574227422
307,0.06593477542606734,0.8663214889009244,0.026135029766227606,0.0035601539901034657,0.038048551916677144
308,0.07161384827637506,0.9089735542774354,0.0011491784343235622,0.0024334252166395955,0.015829993795226434
309,0.04479081706547546,0.9156965332668997,0.013007782769926528,0.002386195043772031,0.02411867185392633
310,0.06391643486748733,0.9014411051078944,0.009262732583898562,0.005815783238849516,0.019563944201869996
311,0.1254317343786315,0.8418533736606805,0.001958804006495582,0.006245090086610207,0.024510997867582263
312,0.034909360530389476,0.8856433046512915,0.031153524294331717,0.005361177342118637,0.04293263318186867
313,0.13623119053890995,0.8198513872136629,0.011387770219204167,0.01188580872686675,0.02064384330135628
314,0.06576777355033836,0.8944251394655063,0.013917623630018462,0.006769185150166344,0.0191202782039706
315,0.06422652227310689,0.8937007142532547,0.005190691265272896,0.0039597565212195545,0.03292231568714592
316,0.06411151321246857,0.9025672191070857,0.009706072137771055,0.002837155238008698,0.02077804030466607
317,0.0675632979385186,0.9122895379347364,0.008012182922191184,0.0031156997349723495,0.009019281469581506
318,0.07049334418880565,0.8580373365724036,0.04285229989417424,0.006238854689495094,0.02237816465512158
319,0.0387605809936372,0.7167720352844481,0.05048454784664665,0.011412141687894518,0.18257069418737334
320,0.23882667261872223,0.6033636148518043,0.003660551790724109,0.01684400590563285,0.1373051548331164
321,0.037997236417529834,0.9092086767408082,0.020611497494327023,0.011143502921460095,0.02103908642587479
322,0.14715829829953866,0.7430060214630382,0.007474306857955946,0.015971288952358585,0.08639008442710852
323,0.17510367040196725,0.7827686109249614,0.0027083318701757,0.013910240578569393,0.025509146224326304
324,0.06119226091355035,0.8951719852501421,0.004694950986242881,0.010521016169353723,0.02841978668071102
325,0.1515970352094896,0.76004483992418,0.016024041395830028,0.053133220034004704,0.0192008634364956
326,0.09292111834294586,0.08909904411791066,0.028011060965069362,0.02267192274304949,0.7672968538310247
327,0.5625622633361094,0.13818605015025584,0.006890411003431602,0.05679977552648513,0.23556149998371823
328,0.36725393970518533,0.3570864987095743,0.0007960367357878153,0.036242628922569686,0.23862089592688296
329,0.5483363275839721,0.23648609248877883,0.0007242301080152257,0.033093641207297124,0.18135970861193665
330,0.48329066468402376,0.43855022697059004,0.0008992821623215441,0.02908434297941685,0.048175483203647854
331,0.23334968315259505,0.6538308747095057,0.0018527738888851147,0.03087821210721775,0.08008845614179638
332,0.28089576284404266,0.6279796460379823,0.0015821759661325413,0.05527278763979364,0.03426962751204879
333,0.16325542022527573,0.7328623442749667,0.002420544637085703,0.038145152519903046,0.06331653834276903
334,0.23391694392723347,0.6348072713513472,0.0035007397996673615,0.03401600945942769,0.09375903546232424
335,0.22706460592883349,0.6507928971042335,0.002297613505651081,0.05969743148750573,0.060147451973776155
336,0.1883757806992215,0.7436606224740333,0.002014004971274338,0.026589125563956872,0.03936046629151406
337,0.19220926124061757,0.7736085535519653,0.0008511791278802764,0.007155783670029595,0.02617522240950735
338,0.28008798461415846,0.6768843757714661,0.0015913408297105439,0.014761009957495748,0.02667528882716907
339,0.055513686813175214,0.9176856004770428,0.008674692774226929,0.004063750317195504,0.01406226961835929
340,0.05178039619238968,0.9226123139752921,0.0046982458108698255,0.004283966189691698,0.01662507783175683
341,0.23250937262422944,0.7230955243013518,0.0029456616804896685,0.02286323533056915,0.018586206063359735
342,0.11194674027608185,0.8369367431014498,0.016708822553970604,0.006306837534231545,0.028100856534265965
343,0.07149053733028263,0.8972343540419304,0.013100362265769269,0.0034942524376021904,0.014680493924415344
344,0.1296008648949287,0.8381984900102052,0.005258837691510945,0.006597906577162937,0.020343900826192217
345,0.02746457844325131,0.9124432630194619,0.03597977409861994,0.0027232468267105957,0.021389137611956287
346,0.1054010748891603,0.8469875537794254,0.011407915640484125,0.010250052292465128,0.02595340339846506
347,0.08916728119595481,0.8612569635678264,0.010453945987312018,0.005540934897701642,0.0335808743512052
348,0.14550179516094158,0.7463174485534717,0.018387279812993918,0.012840782091137176,0.07695269438145583
349,0.11740048616049412,0.7967034830717596,0.00509440668419856,0.021535303862407422,0.05926632022114035
350,0.19059126290552553,0.6859813510860607,0.0009089317324761699,0.03786681175014052,0.08465164252579721
351,0.023724610607535362,0.027071124084259365,0.0010850905590301266,0.0012611610444697558,0.9468580137047055
352,0.009179672049371208,0.0024202696254449654,0.00010996712231587413,0.0014989249616530753,0.9867911662412148
353,0.02234849905715515,0.008915620801043588,0.0008592014814475038,0.0006076868358073333,0.9672689918245464
354,0.0038654997754169135,0.0014555992387729761,7.268434405513475e-05,8.029556484020989e-05,0.9945259210769148
355,0.019085878634500397,0.0042140402233075075,0.00017662759359651285,0.00036714083630568953,0.9761563127122899
356,0.01663155941527984,0.003844354377845671,0.001557740920428782,0.0029962700690659033,0.9749700752173799
357,0.004002387712189539,0.0011004159923094158,0.0001574589404509751,0.00031627037712664264,0.9944234669779234
358,0.005113428563110068,0.0011830575056836529,0.0006977183799280078,0.0003153031279253373,0.9926904924233528
359,0.0009052475435102445,0.0005884109208492591,0.00017317176329428033,0.00019894945378065216,0.9981342203185655
360,0.00023367279794318132,0.0008380201824202313,0.0003829581510852495,0.00020548598734811284,0.9983398628812032
361,0.00030639035841873623,0.00048262124398145095,0.0014093449217957533,0.0003226158272003849,0.9974790276486036
362,0.00021006764232693313,0.0005951379591649707,0.0016451609805074336,0.00021106011057331768,0.9973385733074274
363,0.00020143663895428368,0.0009553122574451563,0.0013806035971855955,0.00022920513078478503,0.9972334423756302
364,0.0002646605533082135,0.0010337357576753238,0.0011284186738431473,0.00017671397468679655,0.9973964710404865
365,0.004916087252633762,0.003871560842429706,0.0023060789584323908,0.0005452869477241992,0.98836098599878
366,0.04455566481748366,0.06598460409577538,0.14365129861345907,0.000321326221313866,0.745487106251968
367,0.0031447620761313132,0.0005405657089819249,0.00015370093766775073,9.4770003829711e-05,0.9960662012733892
368,0.001598377601803991,0.0008190912695755642,0.00017082424267275697,3.960392759811008e-05,0.9973721029583495
369,0.01175572013389025,0.0007274060643397105,3.127863957988326e-05,0.00034815762887228317,0.9871374375333178
370,0.004772113299000994,0.0004323426131380337,2.6508550381060457e-05,0.000144069027229826,0.99462496651025
371,0.003139888459727237,0.0005399392007648095,1.2169810048517318e-05,0.00024373092454303114,0.9960642716049164
372,0.005839427763856304,0.0013284796610446732,1.477420892917864e-05,0.0005743851646763476,0.9922429332014934
373,0.00252697990245063,0.0007410345351762808,2.0265547575072677e-05,0.0004909457708549333,0.9962207742439432
374,0.003288484443172455,0.001000572180371535,8.670594423034854e-06,0.0010663382286082727,0.9946359345534246
375,0.0034995806455499806,0.0009993421639492282,4.253919770112392e-06,0.0005568708792112081,0.9949399523915194
