epoch,N1,N2,N3,R,W
0,0.000404533308196315,3.62383302921189e-05,7.554655060285621e-11,9.230559240928477e-05,0.9994669226935559
1,0.0003675582813460128,1.8742127365630376e-05,1.7426177394848364e-07,3.948359112884566e-05,0.9995740417383855
2,0.0018480064275554241,0.00011429297429267274,8.887390802735865e-07,8.048507593498821e-05,0.9979563267831366
3,0.0003174150178180374,3.127805117933617e-05,4.773237388225616e-07,1.0749967089629262e-05,0.9996400796401743
4,0.000525564709143231,2.0689547491961595e-05,4.319985543166074e-07,9.654314564604724e-06,0.9994436594302458
5,0.001614831765451955,4.560691536398851e-05,4.4035368816175167e-07,4.899376259387535e-05,0.9982901272029021
6,0.0018723751602257787,0.0001139152660921872,9.083635860530663e-07,0.00011296755441388094,0.997899833655682
7,0.00047028330171084917,8.74113937883627e-06,2.1535366870851423e-07,1.1594515664631246e-05,0.9995091656895769
8,0.011480828804852803,3.658440451836074e-05,9.261629077553174e-07,0.0002081201841328875,0.9882735404435881
9,0.27159520528728753,0.001456610793095536,1.1220104341400975e-05,0.003101266192094602,0.723835697623181
10,0.05502108348329665,0.000600552874883504,1.0125686074990577e-05,0.0009633920359238307,0.943404845919821
11,0.18191777566222989,0.0045737885037563115,3.3805453695458304e-05,0.024308362381844466,0.7891662679984738
12,0.23801208882012884,0.005714045883516751,2.3276091891167956e-05,0.014367900470803687,0.7418826887336596
13,0.06973276714973661,0.0019930669690259592,5.278401941261113e-06,0.006267493069171871,0.9220013944101243
14,0.04223669555266726,0.007535807756188277,1.012237671448577e-05,0.013032086564288772,0.9371852877501412
15,0.04726291747357755,0.0034674923816777484,5.483148906030194e-06,0.00871823281447496,0.9405458741813637
16,0.09672203286093788,0.006680480267743742,1.1999291019531093e-05,0.005970950799972345,0.8906145367803264
17,0.00883462908297438,0.0013892260052832646,9.348472188997581e-06,0.0018264398618266643,0.9879403565777266
18,0.0014521032578355768,0.00036207265411010366,1.5519783458347106e-06,0.0002365614853341502,0.9979477106243743
19,0.1239215873761864,0.006415129733151332,2.1411298303684897e-05,0.0025488471301618933,0.8670930244621966
20,0.004093419431181051,0.00036983792492432434,1.6700181647732504e-06,0.00022178032572190464,0.9953132923000079
21,0.006441351372788619,0.00024885582385532345,1.159095034744749e-06,0.00010670092190790827,0.9932019327864133
22,0.001610143042162312,0.00011881855254834161,7.060217247746196e-07,8.09098151297802e-05,0.9981894225684348
23,0.07096881303746354,0.0016136226729621072,1.6089529507276308e-05,0.0022564842254515914,0.9251449905346154
24,0.0009698071504903341,0.00012283380197765386,1.956807111453386e-06,9.954363258383234e-05,0.9988058586078368
25,0.0968846041797193,0.00044130024672951957,8.474918475854653e-06,0.0011132767549463607,0.9015523439001291
26,0.05854605632910144,0.0006399986883291499,1.2400526929365746e-05,0.00156942267179134,0.9392321217838487
27,0.05091502193139329,0.00042476321370429453,8.064605815113379e-06,0.0013170766595198033,0.9473350735895674
28,0.2038683429346004,0.002992866640101746,2.0293409302068404e-05,0.007820816809038157,0.7852976802069576
29,0.3041733083451885,0.0037300684932367366,2.6827739992586988e-05,0.029429827743607355,0.6626399676779748
30,0.17672963959992802,0.005369513027754258,2.0369291126404902e-05,0.026965245995647702,0.7909152320855436
31,0.2880260314275731,0.007096018838945811,3.532602143059035e-05,0.05611648131429259,0.6487261423977579
32,0.2826957803810164,0.010042127153426138,4.763691250409117e-05,0.08128988256637366,0.6259245729866798
33,0.42424255075787387,0.027774069205499,9.316151979815073e-05,0.12495229791185378,0.4229379206049751
34,0.3331928945401257,0.031412071097072045,6.980402830630787e-05,0.27585613932028313,0.3594690910142128
35,0.2276973686620664,0.024014142386921074,0.0001224267358709641,0.1644281483052556,0.5837379139098859
36,0.2181997005765769,0.024994086203349333,0.00012529703461972087,0.1444491915229155,0.6122317246625386
37,0.23448598299237333,0.27552342022533527,0.0008007334123346983,0.13190839612171992,0.35728146724823673
38,0.18678478280675373,0.01155712816787868,8.745457326415179e-05,0.13247125216347153,0.6690993822886319
39,0.26545926856553925,0.044777590972061146,0.00043582007998804224,0.15510103892588611,0.5342262814565254
40,0.29868555769295013,0.03075246620105142,0.00011953172317202148,0.05635244891861665,0.6140899954642097
41,0.3952597717375404,0.01641438246007548,4.6758147502306175e-05,0.025663696915029115,0.5626153907398527
42,0.4284099408008169,0.02308039785948075,0.0001378617522761174,0.05005537633507096,0.49831642325235537
43,0.4017575950273313,0.01228615416405599,0.0001367897112564093,0.01600450423474171,0.5698149568626145
44,0.14638465936602765,0.01563075135333349,0.0001172317946248973,0.013881329938654197,0.8239860275473598
45,0.367085727937213,0.009065020739614373,8.065386264172378e-05,0.04810550291382591,0.575663094546705
46,0.5137288737793764,0.08393972126195105,0.0003536948025213781,0.05504374813993396,0.3469339620162172
47,0.33698146455486633,0.02889434770800124,0.0001367522585034713,0.06678705122892938,0.5672003842496997
48,0.11064201110641922,0.046025037955315956,5.977471872868734e-05,0.07314087981895684,0.7701322964005793
49,0.2626652443405246,0.03035706166257196,7.892214134591823e-05,0.13482271406815768,0.5720760577874
50,0.18620474177366683,0.04017292069605367,5.081912610064223e-05,0.07835887124558204,0.6952126471585969
51,0.0670767313313463,0.012081124038793361,9.461861626019596e-06,0.010453575674719719,0.9103791070935147
52,0.21533138018199385,0.019075169543751803,3.008663888816071e-05,0.05034338355522483,0.7152199800801413
53,0.008735100213181936,0.0011766121115885997,2.8797147662228867e-06,0.0023782554876387516,0.9877071524728245
54,0.48515957885987804,0.052028082623585346,6.20230780534209e-05,0.042284589237135545,0.4204657262013476
55,0.532859579882458,0.03107923299499937,3.86853615454021e-05,0.035852278957301816,0.40017022280369535
56,0.6872580122546289,0.05855317371486214,0.00015312055140662056,0.050247712761895144,0.20378798071720725
57,0.27170782285160316,0.11502287584419894,0.00015533101801589244,0.13972659029421797,0.47338737999196406
58,0.009522046154196356,0.002328528219146857,2.1917480821203226e-05,0.002021024428795472,0.98610648371704
59,0.031816985739786405,0.008475164551769986,1.6004145881427897e-05,0.007900278691171063,0.9517915668713911
60,0.356056947324038,0.00902633343675249,2.472725542124553e-05,0.015585983141728184,0.61930600884206
61,0.117352264095238,0.013049224928987463,3.2799089234032404e-05,0.010908821990353944,0.8586568898961866
62,0.3089213049969094,0.008088147857309793,3.935360525520465e-05,0.04380630739914842,0.6391448861413772
63,0.3321382760734391,0.04475501044383881,7.520062451000272e-05,0.109164704043704,0.5138668088145081
64,0.27143416201573967,0.016151081139423394,2.9920104991518925e-05,0.08942834908253919,0.6229564876573063
65,0.5051818921832713,0.006782133908849771,1.405053749531292e-05,0.031429292696448376,0.4565926306739354
66,0.4476360610091547,0.07628384364282226,4.001429624063547e-05,0.04921986514560719,0.42682021590617525
67,0.5153319063082146,0.11818435421211942,0.00011132259016100888,0.26987562469857795,0.09649679219092706
68,0.23333469055208442,0.024367381837205285,0.00011104976004091855,0.1232151470006369,0.6189717308500325
69,0.3233846574727524,0.08165729950213849,0.00033713347457088187,0.5278812155187993,0.06673969403173903
70,0.4713653443589524,0.0410369337798527,0.00019281729180960935,0.3077051373999188,0.17969976716946645
71,0.5056541651379608,0.029777291225679074,7.868063543429784e-05,0.2948156681819673,0.16967419481895854
72,0.3123709434483843,0.04873765538172543,0.00012327171990804287,0.5833525877338614,0.05541554171612076
73,0.6197985689616728,0.1187760615675887,0.00023176279673838617,0.1450822792220638,0.11611132745193628
74,0.4161332463000477,0.19125403866468996,0.00032561171411958666,0.06591905776679317,0.32636804555434956
75,0.22183727738087788,0.4560076295595585,0.0006392707295357767,0.10001313932218757,0.22150268300784037
76,0.15037636920300515,0.41990348176013476,0.0011661705965706503,0.3796343933635887,0.048919585076700786
77,0.2918924623472893,0.2669758776989157,0.00043976604085290365,0.2686998617498247,0.17199203216311737
78,0.13401879651767637,0.5255857996310895,0.005735676839756248,0.3096061245359779,0.025053602475500047
79,0.04517067083778626,0.7136312679644714,0.01890182242811686,0.2043956672479068,0.017900571521718516
80,0.16794325314540354,0.18566292710897275,0.000974832171431578,0.5422617063901377,0.10315728118405451
81,0.26283207319376134,0.1364907737625399,0.00027753978279993093,0.5120607063305954,0.08833890693030352
82,0.6151724960613205,0.1256128443772494,0.00037438597554863485,0.21505183873765205,0.04378843484822947
83,0.31028326515568805,0.6504059695757083,0.0009032801261296368,0.02333037130394368,0.015077113838530323
84,0.5370140605484786,0.4127384083465265,0.003297464200218377,0.033337881958513886,0.013612184946262748
85,0.24310283867138088,0.577074132133983,0.004963180629261208,0.15585960076386032,0.01900024780151463
86,0.024262442026604023,0.913581704944969,0.016837134594276982,0.04205212862086161,0.003266589813288456
87,0.11490004512769927,0.8100301775394266,0.006617007241852576,0.06051553916194465,0.007937230929076795
88,0.09578141271610238,0.8491456458714134,0.013707398554465774,0.03216782248373203,0.009197720374286454
89,0.030759024031467425,0.9331884534307008,0.023845529325119817,0.0056337711821935095,0.006573222030518501
90,0.053436340437271974,0.9171385976149882,0.017824687169599406,0.00680644896031973,0.004793925817820808
91,0.014934426553032691,0.9482876573462792,0.03050986877158923,0.0043920194884138,0.0018760278406851419
92,0.012886589787801214,0.9374026502683006,0.03962600351404411,0.005857163112232874,0.00422759331762136
93,0.1028753324219555,0.8319444541309082,0.0259059219285725,0.019320076670462913,0.019954214848100792
94,0.03442210444100793,0.8973882716801793,0.05218756774578531,0.012382004635489729,0.003620051497537842
95,0.009136532781170758,0.8138772393194829,0.172380843340771,0.002749897605073829,0.0018554869535016985
96,0.012777083159364827,0.7533573660149583,0.22054545606229345,0.009773067571925177,0.0035470271914584124
97,0.038932951544406715,0.8377176619845138,0.04182039659165163,0.07484169197945292,0.006687297899974788
98,0.014556596032975906,0.854090748788023,0.09128842248292598,0.03502495384800163,0.005039278848073435
99,0.09405179339320105,0.7769086425199563,0.010010831809844497,0.09794744941486998,0.021081282862128167
100,0.3222607883319521,0.16804652399721823,0.00032089056718230026,0.14905354435370535,0.360318252749942
101,0.045725189176796,0.0317346279647011,0.00023256078938860928,0.007083761439582387,0.915223860629532
102,0.5097819269883048,0.035433757999203806,8.399426902062175e-05,0.013879462161692113,0.44082085858177855
103,0.6775124409621647,0.036344009038226884,0.0006156027106136337,0.020939529486596983,0.26458841780239784
104,0.1269353509529231,0.044276499144149994,0.0015012660326542996,0.014908036668165706,0.812378847202107
105,0.20741238725527483,0.14431954774531586,0.015974715266570193,0.06483744668523782,0.5674559030476014
106,0.10694409078528849,0.270124394170785,0.0793501451285444,0.02524113061834094,0.5183402392970411
107,0.034476243234422735,0.0017916526476471097,4.7307707082750525e-05,0.005339658873677181,0.9583451375371701
108,0.12458353432652039,0.011867137097146893,0.0003126071394725815,0.011885883024089963,0.8513508384127702
109,0.017659879124752437,0.0011109116832639613,8.603845557147312e-06,0.0011405129269919556,0.9800800924194345
110,0.014181373513296562,0.00034650068179700884,2.8789110452249976e-06,0.0014576019026702842,0.984011644991191
111,0.20406481089135792,0.001655985446415669,4.314953477035566e-06,0.001993358812891519,0.7922815298958579
112,0.782310363795925,0.009641788214143686,1.0705353849392988e-05,0.01170003646303562,0.19633710617304642
113,0.3098927375433787,0.006301789115373531,3.875097780861024e-06,0.015029806642854122,0.6687717916006128
114,0.5665445834434159,0.01841973419151523,4.699772598911016e-05,0.06952235964767486,0.345466324991405
115,0.3095603897236853,0.07176031753496179,0.0001885379988709496,0.15321229572813272,0.4652784590143492
116,0.5689454939748796,0.086613023625413,0.00019712267019501975,0.1472686520898279,0.19697570763968453
117,0.3731316694458554,0.1458344296361103,0.001161289949131607,0.27011801990738143,0.20975459106152128
118,0.42817243544073535,0.11131587584899787,0.0006697917477906022,0.33578777555361516,0.124054121408861
119,0.35535515620179003,0.3340878684431142,0.004466004947853744,0.18779358848162914,0.11829738192561276
120,0.26508044455893576,0.3818871066935078,0.005582893871826678,0.31368135290405924,0.03376820197167062
121,0.07168840837847443,0.6845915409309486,0.016868024395090483,0.20092978521037955,0.025922241085106577
122,0.21610880159987098,0.07798840674450218,0.0007330273272295588,0.18765903347242976,0.5175107308559674
123,0.35763016453727947,0.36495894207014273,0.007800753905283722,0.15239204476663984,0.11721809472065439
124,0.15195106618979404,0.7106131984685886,0.02541658829967768,0.0822364171722734,0.02978272986966644
125,0.49461474954054574,0.09263358066729291,0.0010131336629407666,0.2315894291970215,0.18014910693219918
126,0.40623697325935776,0.15499730809021625,0.005379138578979271,0.28994466531043966,0.14344191476100712
127,0.2334071341918417,0.29366133651423026,0.004168432713923866,0.2825636320489057,0.18619946453109842
128,0.059616253834486634,0.009127693175357046,9.098793613540346e-05,0.010103126745656811,0.921061938308364
129,0.3717304075407417,0.022900600704205545,0.0004609063755328293,0.019583574842892502,0.5853245105366274
130,0.0007245286878415098,0.0006747235666381493,9.058708886490894e-05,0.00016990292945490813,0.9983402577272005
131,0.001677034310465905,0.0002206641508899133,8.441440453867353e-06,0.00014522340472140606,0.9979486366934688
132,0.0011513050201382902,8.388784776469717e-05,1.1419768483834608e-06,0.0001841342650484115,0.9985795308902001
133,0.037520793104369364,0.00041962302449299367,8.466918834249546e-06,0.0006891817897134668,0.96136193516259
134,0.09558060704118722,0.00436819148846734,3.079933468494134e-05,0.0034019398875266434,0.8966184622481338
135,0.013774062938628104,0.0003964729802287596,6.942289040667639e-06,0.0015945985268676433,0.9842279232652349
136,0.009712066952550013,0.0005915309112227975,9.482464130178326e-06,0.002179572509475125,0.9875073471626218
137,0.018269527933831364,0.004637536241258985,1.2092361145950844e-05,0.004207520491805453,0.9728733229719582
138,0.0010338944081742902,0.00038876842106262796,4.038956215670276e-06,0.00019941556501657453,0.9983738826495309
139,0.10695234447739903,0.0014705031012165705,7.412020058727514e-06,0.0027324076920357625,0.88883733270929
140,0.027942011686616846,0.0011549987105516591,5.717297462346725e-06,0.0014821685899040476,0.9694151037154651
141,0.06434208650338985,0.0009476777028488598,8.536351024682968e-06,0.0025745915727806946,0.9321271078699559
142,0.6318675658967836,0.05059891395680754,0.0003608617147349517,0.007826982832204576,0.30934567559946935
143,0.5214014375062819,0.1495143133912429,0.0007402983552610718,0.007585195407429757,0.32075875533978443
144,0.6820281555841623,0.13444123617943174,0.0006387787804125914,0.06755462864270217,0.11533720081329124
145,0.38606851710998275,0.4607503063709268,0.005044033644555843,0.024118986951276525,0.12401815592325822
146,0.16164771479270074,0.7126108697173597,0.09421919188773331,0.008337400232180256,0.023184823370026
147,0.01843451875219831,0.7482334783506112,0.2262989246406225,0.0035471711807476356,0.003485907075820369
148,0.036797236013765736,0.7563243611924105,0.19455078223477798,0.00807704501654224,0.0042505755425034505
149,0.027254518512061916,0.8480616737850607,0.11428195371579142,0.006269177820390535,0.004132676166695505
150,0.0195941446578237,0.9219237174886371,0.05268870008894611,0.0035882067887290344,0.002205230975863947
151,0.018164502361406345,0.9347044301715037,0.04100113525926314,0.003984831933868096,0.002145100273958547
152,0.026997952380327223,0.9380455456998434,0.029240925869004477,0.0029437667959077585,0.0027718092549169474
153,0.0111318294041323,0.9153894401037413,0.06742238770824055,0.004065690762978079,0.001990652020907748
154,0.009159249719600691,0.8498921887979112,0.1366249621271825,0.0025864268958070277,0.0017371724594988436
155,0.03286896616243283,0.8977506133348363,0.059736917126330454,0.006768779682935384,0.0028747236934648355
156,0.01637346265686044,0.8469928369163547,0.131117526099024,0.003502471647762481,0.002013702679998499
157,0.020875331149903417,0.8973639878474974,0.07796758467839866,0.0023061720725293298,0.0014869242516713298
158,0.004599911087692005,0.7834041719797308,0.21056461084590242,0.0004101381591195087,0.00102116792755532
159,0.00687229879634339,0.8188039963478584,0.17248592172101743,0.0005171189667196128,0.001320664168061168
160,0.0011825758529159743,0.5896266621984646,0.4085468257029559,0.00010209008770857778,0.0005418461579550124
161,0.00041500162225690883,0.21246957138561354,0.7865991120387941,8.611494836561508e-05,0.00043020000497004537
162,0.0012294907160982265,0.4364488019853691,0.5615129425150253,7.955869288755134e-05,0.0007292060906198261
163,0.000581373358421914,0.15177270765699993,0.8471617314619962,6.194567924424541e-05,0.0004222418433375478
164,0.0014104263778826403,0.28942622286238007,0.7083667615660698,6.601423138345188e-05,0.0007305749622840697
165,0.00042003549862067565,0.08462171107978622,0.9145199628383864,1.634610179776129e-05,0.00042194448140886074
166,0.0005018763515763859,0.3107009713134126,0.6881198252032644,5.258861359365466e-05,0.0006247385181527622
167,9.75376773478929e-05,0.05660791989435931,0.9430176591392356,8.367097960749036e-06,0.00026851619109620017
168,0.0003054275210861944,0.04632226009008548,0.9527096623295925,1.911060257680172e-05,0.000643539456658965
169,0.00036039913815026024,0.1283923962631856,0.8706778994775853,1.7557204094656284e-05,0.0005517479169842931
170,6.531747184244023e-05,0.06594496828043905,0.9335457667133676,1.001991396742206e-05,0.0004339276203833272
171,5.290847791338129e-05,0.014565042935426736,0.9850244180949507,7.0557059323005705e-06,0.0003505747857768586
172,0.0015044208668782825,0.2117607553449864,0.776293291534143,0.0003164837391673407,0.010125048514825014
173,0.002839689813971556,0.4265257255068292,0.5619482285340687,0.0008441996170367898,0.00784215652809374
174,0.0026822768355919484,0.5777099050646697,0.4167676121370029,0.0005494985519170191,0.002290707410818413
175,0.0028112019274113475,0.5907656467839618,0.4043382005498862,0.00030030558246490173,0.0017846451562758708
176,0.0021498633543007113,0.6078008288691704,0.387399734623757,0.0008164749001421063,0.001833098252629748
177,0.004170170807375846,0.7144982997684882,0.2786838108717789,0.0007951261054707865,0.0018525924468860953
178,0.006003624888652535,0.693358272903858,0.29468170638960817,0.0019300856007004653,0.00402631021718094
179,0.02812557996913193,0.7347043058766008,0.22586209822894646,0.004462660074282277,0.006845355851038471
180,0.0049289689279642685,0.5379380755335609,0.4550249750389043,0.0006234011140393665,0.0014845793855312818
181,0.0036829154799792414,0.6491874115109806,0.34543860293129686,0.00039530961975831427,0.001295760457985083
182,0.0026792145436535307,0.5973986239722399,0.39821604656958554,0.0006202411072403967,0.0010858738072805345
183,0.002016116548614603,0.42936220926152396,0.566879994114779,0.000808955296659343,0.0009327247784232559
184,0.001604456387694412,0.10902763834581668,0.8880916961263243,0.0003037548972474486,0.0009724542429170946
185,0.0030117422760028096,0.4560100292530879,0.5381468694566469,0.0009307281657705829,0.0019006308484917404
186,0.005754434147655036,0.7037210826373769,0.28601583292561567,0.0015526610493440652,0.0029559892400083136
187,0.004911939913595328,0.718184714544859,0.26945108244131405,0.0013828764481303554,0.006069386652101379
188,0.0035965315557008565,0.6523121493930366,0.34068756513576265,0.0006131371177974978,0.0027906167977024003
189,0.002469008676575905,0.7405761645359602,0.2544750536148007,0.0004919757753539032,0.0019877973973092614
190,0.0011197531395433819,0.6421726539327018,0.3554203304311397,0.0002035420223118569,0.0010837204743030845
191,0.0013336384088803279,0.20282767150353126,0.7948083206222427,0.00022012381645702015,0.000810245648888869
192,0.00252861738672011,0.10053237689212491,0.8946730278839052,0.0007492292216858456,0.0015167486155638979
193,0.0551930890506343,0.22502791802919345,0.1970909057573537,0.01798172498620887,0.5047063621766097
194,0.5383577941672583,0.3431522060566898,0.017772228927056783,0.03719024402234745,0.06352752682664776
195,0.13936681315310834,0.7475265259094437,0.05200099216423807,0.007662567634101438,0.05344310113910864
196,0.27652582841905843,0.6513329232717447,0.007749475001601702,0.00450588186001278,0.0598858914475824
197,0.09075660859001841,0.8533669566585582,0.03520642584325513,0.003816023068194466,0.016853985839973783
198,0.0857943605255082,0.8778954756515874,0.02210589065245967,0.008190330293736512,0.00601394287670819
199,0.04372756205625354,0.9129035749685269,0.028022110692627986,0.007694517303463654,0.007652234979128006
200,0.03343272222626573,0.9203590638849819,0.023238743000813716,0.012122707174978386,0.010846763712960259
201,0.05502628397005517,0.8459489971908722,0.041427445656181186,0.052579625326577575,0.0050176478563139955
202,0.047091441340422126,0.9105236084755989,0.018619234342356798,0.014751524982665387,0.00901419085895677
203,0.2626108467636688,0.6368550577348713,0.0023273490150351175,0.034207195101976125,0.0639995513844486
204,0.19361562323837336,0.7364919085977107,0.001993307738555255,0.04273422612257085,0.025164934302789755
205,0.08934895315668233,0.8758166010414278,0.0018955198015494124,0.029018301638374107,0.003920624361966324
206,0.08418846328886656,0.8854869180125584,0.007046336567560469,0.016544797800280578,0.0067334843307340604
207,0.054673444779560286,0.9103124324629616,0.010116408042949126,0.018119506713903364,0.006778208000625503
208,0.020691127455920715,0.9490900208232971,0.010378562329937486,0.012171788152126719,0.007668501238718124
209,0.10499143846694117,0.7080592406207117,0.07777261871836957,0.031408442045445725,0.07776826014853185
210,0.04413658002873573,0.883122954861919,0.014468059948611653,0.012024681811825507,0.04624772334890798
211,0.015483499745299301,0.0332872794189504,0.0006299895211709508,0.0035348250162048488,0.9470644062983745
212,0.4442595262833248,0.1765688673437436,0.0009457712591459065,0.03768541248340784,0.3405404226303777
213,0.5915988760300321,0.2715540607550297,0.0014140225890229771,0.01110278499097801,0.12433025563493734
214,0.5177703341036674,0.3480963174892069,0.0006303952783743135,0.02455760446424675,0.10894534866450456
215,0.21338498716467155,0.611724172362809,0.004785806189487132,0.04096411178757724,0.12914092249545522
216,0.09606940592287574,0.7644256044639746,0.043199724280800954,0.018940972759526047,0.07736429257282267
217,0.15783806325012162,0.2599170607159663,0.0023513052166668023,0.09276700976632887,0.4871265610509163
218,0.02145164189659312,0.0649647616345474,0.002954578944256814,0.0023696789678087473,0.908259338556794
219,0.6617297136069573,0.1121330651317902,0.0006389299801099392,0.050760865493830916,0.1747374257873115
220,0.6816663449277622,0.2634927905585379,0.0013075088458199208,0.008715230198652328,0.04481812546922766
221,0.3226277236732102,0.6325348205976923,0.0076822937425287275,0.0036701732335780346,0.03348498875299068
222,0.2671303130736383,0.6936723683641914,0.02043447165073274,0.007892443870156566,0.010870403041280976
223,0.088287728401784,0.8857968050802824,0.010638526135357212,0.010407941755743867,0.004868998626832486
224,0.086876376906678,0.8436581673321102,0.008892543392854526,0.05400920297046475,0.00656370939789255
225,0.04199318915197178,0.858119136421996,0.0735599169111458,0.023080161750244736,0.0032475957646416745
226,0.006746897141334562,0.9439183958570443,0.037895337757976925,0.008689036893283058,0.0027503323503610933
227,0.018455838007310307,0.9247724838019278,0.027332500687454617,0.02544057471806012,0.003998602785247033
228,0.05105518232862554,0.904376599533533,0.004216174227578275,0.027564326938526788,0.0127877169717362
229,0.24889635196264728,0.3464187119142125,0.0033638354706180414,0.02027170933144683,0.3810493913210753
230,0.4866182482730711,0.4842273570280236,0.009172418685513288,0.008802654465113816,0.01117932154827799
231,0.21100831569277337,0.763491436716261,0.01133308152688032,0.003386438690304527,0.010780727373780783
232,0.1830817924288606,0.793738031574951,0.014123962999252828,0.005818407047676299,0.003237805949259198
233,0.012817004617561427,0.9319309207568419,0.04351072701664774,0.008543070356619758,0.003198277252329061
234,0.01682541571011096,0.9005211311778921,0.06157917627381407,0.018227823496549025,0.002846453341633877
235,0.036133112450128374,0.9054353234570008,0.02669142676122744,0.02703019857556031,0.0047099387560830715
236,0.018712339021169318,0.9312045380573277,0.0361966615631165,0.009413701125671534,0.004472760232714788
237,0.02805499026950035,0.9286403003504891,0.017459233423375776,0.017725004957532976,0.00812047099910195
238,0.011640775801062863,0.018923629338923095,0.00043781740900497644,0.0018138589200697355,0.9671839185309394
239,0.7227916780947822,0.09743574946335998,0.0007698351942461073,0.043185343346262534,0.1358173939013493
240,0.586527176450915,0.3429834148108059,0.0019034141703750166,0.015887405880842767,0.052698588687061315
241,0.4169494427859395,0.5538852338314457,0.003360019871768911,0.009298453227680322,0.016506850283165387
242,0.23466888975696573,0.4008639352012939,0.0031539808369240585,0.33091320800952767,0.030399986195288622
243,0.14047318716762858,0.05407686086618157,0.0005429212468797015,0.1999479257829671,0.604959104936343
244,0.19322711387497055,0.176311272723188,0.0007669822704502712,0.5864432937674878,0.04325133736390328
245,0.13103946669745956,0.5378399953792244,0.017249928970561226,0.2678298649828628,0.04604074396989196
246,0.41011490129053696,0.24287924722223253,0.007764388866332431,0.2696661527084574,0.06957530991244065
247,0.2869592176877463,0.1479149483054239,0.0032741750896097474,0.4440566747213486,0.1177949841958715
248,0.04183918923281406,0.3093360398332848,0.01789979182197215,0.6125454279173883,0.018379551194540746
249,0.10334357222374876,0.37232497820827476,0.028676975797272488,0.47456924163064856,0.02108523214005547
250,0.07689242756875249,0.262484056063476,0.0248239849657529,0.6018841629074156,0.03391536849460278
251,0.09661448580845144,0.20202255182922602,0.0033466479684163028,0.6228966667171059,0.07511964767680042
252,0.2028247722255855,0.31732208083894387,0.00953111220765317,0.38425987357164654,0.0860621611561709
253,0.15695173674562787,0.5557163618595997,0.012380308569455418,0.22074451387852193,0.05420707894679502
254,0.0652455664902529,0.02036579878558085,6.388584970775372e-05,0.011218946779966793,0.9031058020944918
255,0.6868190161128321,0.11001997526702359,0.00026052322150126007,0.10273978678313929,0.10016069861550381
256,0.4405260079306949,0.44476645135036513,0.005817837698175108,0.029087648013415963,0.0798020550073489
257,0.48556336186440546,0.37516469454371715,0.0012792449728408278,0.07981926200929013,0.05817343660974651
258,0.13359185186069542,0.42087471889245415,0.011081194069795134,0.37365886988197333,0.06079336529508208
259,0.24668572663145125,0.07820220496272758,0.0004708187692319489,0.48405475402088405,0.19058649561570523
260,0.36460192972681676,0.18696235414414933,0.0004909315857523898,0.42350929312685875,0.024435491416422733
261,0.16226284940856953,0.3292601767633705,0.0012654067352981164,0.49594064519032793,0.011270921902433974
262,0.17685365473739953,0.7268553194507812,0.007820047600195147,0.07597159166400376,0.012499386547620317
263,0.12882560973659593,0.6079966896466942,0.016433200059818624,0.2248464449490057,0.021898055607885533
264,0.18251549947426998,0.3951326849110642,0.00599275428464761,0.40231407566604,0.014044985663978236
265,0.10591199272700386,0.4517715961191085,0.007008307984476215,0.4231219242965511,0.012186178872860253
266,0.08559192502241572,0.7875321623188362,0.00567466140404571,0.10735978906102663,0.013841462193675852
267,0.13785265825963774,0.6463361618320698,0.01580305785303868,0.17614096859295084,0.023867153462303003
268,0.08957597963790254,0.7670338946661243,0.017481544297555322,0.11119608876794916,0.014712492630468652
269,0.052088704577383266,0.7947027521923606,0.030542824976939824,0.08593800725119971,0.0367277110021164
270,0.021658569568259723,0.0470573934211251,0.0007832658333931316,0.008576659257715386,0.9219241119195067
271,0.004336084714841872,0.0037212033337042597,3.575216204673377e-05,0.0010124610591603419,0.9908944987302468
272,0.7435483506809024,0.029353834355135947,0.00012718733472301828,0.009381599862684152,0.21758902776655448
273,0.5495991041645724,0.3451040756155994,0.0015715589804025677,0.016624512687102494,0.08710074855232307
274,0.47520101164688666,0.45506114378859774,0.0005129999896067747,0.024922401285733597,0.04430244328917539
275,0.32863709255087126,0.5775097068882528,0.0004933266533372404,0.06680677727656668,0.026553096630972127
276,0.158398952040803,0.7467497216020746,0.000645897777448101,0.058924723904231584,0.03528070467544262
277,0.1136799501321613,0.8584252849945154,0.0025775872374277325,0.012551250598013987,0.01276592703788171
278,0.21861702113321557,0.7399135545507571,0.0018737042277174707,0.02785802958479309,0.011737690503516668
279,0.07358321168364741,0.9025291651860978,0.013541787648750827,0.006839235996831712,0.003506599484672362
280,0.03011967760460954,0.9003351831686925,0.05363891445315547,0.012662602446281795,0.0032436223272607097
281,0.013456366543371553,0.6966835835307064,0.27446259988626537,0.012365267399172845,0.003032182640483968
282,0.0334957198385699,0.891245179961649,0.03585171737561666,0.03232791474852187,0.0070794680756423554
283,0.017899279048969534,0.9082129787299087,0.05495334479565378,0.013944203729067609,0.004990193696400336
284,0.041688914269687447,0.9156509572048783,0.025667331896801822,0.012062381712810098,0.004930414915822433
285,0.07515036898567976,0.9015400770501214,0.012084012787991523,0.007598735251146274,0.0036268059250610034
286,0.02144629929372464,0.9495398803759766,0.02313015886246155,0.003346372000235025,0.0025372894676022866
287,0.010917060140092071,0.9175516770022242,0.06642582904981806,0.0029665939843648553,0.0021388398235009888
288,0.01619997868618859,0.9295075899028411,0.04174945318585575,0.00947456095080095,0.0030684172743133623
289,0.0703224475364172,0.8813408193291081,0.023107618071793852,0.0200154466498321,0.005213668412848676
290,0.014644630442214727,0.9346971696026504,0.021317509992949173,0.02683433743404457,0.002506352528141259
291,0.01894629514383171,0.9525247360839932,0.008960178999396514,0.017261370709125066,0.0023074190636534608
292,0.01939606319586782,0.926915005797493,0.012910885669419454,0.032136460843000425,0.008641584494219546
293,0.030908494154038565,0.8580991378216575,0.004899505747608721,0.10140409991156829,0.00468876236512687
294,0.07189561568568258,0.505559356460082,0.0016547215135864878,0.381502903967204,0.03938740237344488
295,0.10172070725585172,0.035180782389127294,0.00046238768799247834,0.09156968203176068,0.7710664406352677
296,0.26504584991976265,0.05693321310699746,0.0002497575593735404,0.6435039508584275,0.03426722855543878
297,0.23144872809375855,0.029120753913502145,9.882758271206036e-05,0.6794060762347837,0.05992561417524367
298,0.35738730277792397,0.025499152962787083,0.00010532365458644997,0.5697662566717047,0.04724196393299776
299,0.06293200871196748,0.013888412549455189,1.5369315181481742e-05,0.8922735776353103,0.030890631788085397
300,0.0361662820146699,0.011754543269943688,0.00043288736906439137,0.40395070142669326,0.5476955859196286
301,0.09556844386182464,0.006489254722579492,0.00010154006721578476,0.5158434981589525,0.38199726318942756
302,0.2825362232304468,0.007696024775151918,2.737013979118954e-05,0.667230005213634,0.04251037664097623
303,0.2288399142946136,0.018659218711850518,1.1470555291342239e-05,0.36665684692155165,0.3858325495166928
304,0.431646436810373,0.006261200037117448,1.4566977089183262e-05,0.49794470661970097,0.0641330895557195
305,0.29687627128785427,0.02081767758071081,4.8264077808090683e-05,0.5837689948474567,0.09848879220617007
306,0.27191121263047957,0.024059529106111675,8.192638900907836e-05,0.6817205543104107,0.022226777563989084
307,0.09425690640862058,0.01787707528076127,5.0876538653429503e-05,0.8500307775087108,0.037784364263253954
308,0.026604144092479787,0.007250692015786258,2.538904479298058e-05,0.9565186522765845,0.009601122570356665
309,0.03559320145972006,0.00585612938992671,2.7446426887702438e-05,0.9532470466727274,0.00527617605073816
310,0.022430323694210285,0.0030192960843545952,1.2598831026848285e-05,0.9722139273209631,0.0023238540694452228
311,0.012473423098023243,0.0017336986264134264,2.7104803196083535e-06,0.9835681294221562,0.0022220383730873986
312,0.02780415858395511,0.0030156666553269843,0.00010519996581462186,0.9567587602785105,0.012316214516392936
313,0.039733794689402274,0.0077117601178825265,0.00026020310953615806,0.9476773351033202,0.004616906979859015
314,0.05844127289541278,0.008719156143325388,0.0009333546373664881,0.5793874518645639,0.3525187644593316
315,0.06719816350214708,0.002116161755032205,0.00027497685290798666,0.9218561625741458,0.008554535315767033
316,0.041429816979391264,0.0019787319226461466,0.00022107632716528524,0.9484412698438642,0.007929104926933217
317,0.047980039666958324,0.00493233544292036,0.00048454823056243856,0.8888428821179022,0.05776019454165674
318,0.028053459823125394,0.004002486533247704,0.0009801132448423813,0.9539678707981596,0.01299606960062487
319,0.004512059009429531,0.002637044370182751,0.0008381925956804769,0.9851651363927967,0.006847567631910686
320,0.0036219975759179774,0.004095362193618146,0.003382250301063687,0.9856784826030092,0.003221907326390952
321,0.0033697799424224064,0.0022492813930365617,0.0017011191746973341,0.9874519993359686,0.005227820153875005
322,0.006156616959298728,0.00279506608785662,0.0019617412772645238,0.9841311804850682,0.004955395190511806
323,0.002817897734004027,0.001781564079262521,0.0004947038064264727,0.9922560068093814,0.002649827570925435
324,0.0029478798104851677,0.0011887900322954787,0.00026287356955158363,0.9915042599143377,0.004096196673330331
325,0.008532469304964629,0.0008022878995645649,4.798033772493372e-05,0.9859309207455438,0.004686341712202094
326,0.014708570808398323,0.002759648512395924,9.11877384679539e-05,0.9735721779209714,0.00886841501976624
327,0.011168013800125644,0.0015938150961376163,4.7570604120198474e-05,0.9769515154922527,0.010239085007363858
328,0.01726878540815176,0.0014526345251882414,8.860082197830772e-05,0.9763525269682639,0.0048374522764177705
329,0.0030835677360914328,0.0014196208352065943,9.725079786056817e-05,0.9819488338443898,0.013450726786451778
330,0.009880623667675762,0.0009913749037214585,3.3960471169197456e-05,0.9791686671039919,0.009925373853441886
331,0.0031702121122085926,0.0008763636885947983,2.578926048086577e-05,0.9862341629548699,0.009693471983845837
332,0.020716662375800766,0.0013415180745838062,7.092436928445527e-05,0.9587242001385018,0.019146695041829233
333,0.03028462200776528,0.0008807077816357892,2.1686101518906802e-05,0.9490403719969802,0.019772612112099686
334,0.016836320715113214,0.0015758046498964878,3.8913884467481295e-05,0.9741588036670991,0.0073901570834236235
335,0.03597898184114937,0.0020603562340456546,4.456787068039381e-05,0.93369369832508,0.028222395729044683
336,0.042320507787693,0.005127683351204423,2.305214369995007e-05,0.9400125748886851,0.012516181828717696
337,0.03260298740067547,0.002579465941259301,1.3068338107418639e-05,0.9544898923075433,0.01031458601241465
338,0.05722623662848127,0.0059873933650663735,5.0824999558606566e-05,0.9291573476078819,0.0075781973990117464
339,0.03836812177971233,0.0029225859543335914,4.12562699353816e-05,0.9560407813620219,0.0026272546339967512
340,0.022473695018250438,0.006878784870434256,6.19010248479797e-05,0.9653173155291875,0.00526830355727986
341,0.019979895573816117,0.004129469645548437,0.0002392872750550314,0.9732094761035841,0.0024418714019963637
342,0.00684596599612727,0.005192137398642977,0.0003069744467227929,0.9864790473649567,0.001175874793550378
343,0.04061390281760253,0.014238734375701657,0.0005560174036090166,0.9390185712183254,0.005572774184761548
344,0.022455685985155807,0.02931835711885251,0.0008897788015681359,0.9452868757593874,0.002049302335035993
345,0.042235857234550055,0.03530668367476107,0.0008800933580956228,0.911226244706302,0.01035112102629141
346,0.0644479372770669,0.1252188754352828,0.006081947424144706,0.7991184158143583,0.005132824049147326
347,0.25791630048765884,0.08003008503793511,0.003834813784781157,0.43503383844906046,0.22318496224056442
348,0.507691297021298,0.06329310412312428,0.0011928298273497257,0.4018231640907702,0.025999604937457774
349,0.22580276155990542,0.1167943926309466,0.0032215848542323676,0.5872494335775642,0.06693182737735141
350,0.362561085909945,0.10903172486805794,0.002331256282003098,0.5085548238872228,0.01752110905277119
351,0.06414476618196446,0.48247344742856335,0.00891507553870604,0.4318095815470488,0.012657129303717457
352,0.13114748349524438,0.5875345172006917,0.0053074773116148595,0.21346341262494484,0.06254710936750424
353,0.3159502730650992,0.1989437007087225,0.0020237191387412197,0.4275446019460716,0.05553770514136551
354,0.3091358109418461,0.1987765034335398,0.003313686963458374,0.33196835003870645,0.15680564862244917
355,0.15517403595580775,0.03320544682607857,0.0010619337070791762,0.07447772957983334,0.7360808539312012
356,0.6033441945100231,0.04865875777109784,0.0026752887202794087,0.08204549980257114,0.26327625919602854
357,0.4599962143653165,0.29439435269286507,0.011160081117892304,0.1625225561486995,0.07192679567522663
358,0.41597505152904846,0.3923766673944519,0.0007214088678152447,0.11132720416761481,0.07959966804106956
359,0.026445357694941024,0.0157244711653954,0.0001042996306587524,0.006247060534431143,0.9514788109745737
360,0.7230236460073357,0.06193526162838622,9.136934249650097e-05,0.02449962510605004,0.19045009791573153
361,0.8254698479259828,0.020789246531575368,3.9077420596168745e-05,0.018378504529353766,0.13532332359249183
362,0.6209796434777705,0.32818368043087215,0.0011219474768770163,0.007069700435563304,0.04264502817891712
363,0.2500286573900586,0.7148788410267177,0.004168640803928339,0.021417875838736347,0.00950598494055913
364,0.1270674635612255,0.8372538536719972,0.004735157331675939,0.020290714130282664,0.010652811304818741
365,0.007181036412043145,0.899882386833455,0.08077677246547482,0.010069791896055271,0.002090012392971843
366,0.006636468604960741,0.8705348388942553,0.1165773620590491,0.0043144168799887275,0.001936913561746061
367,0.027851260490531857,0.9180324416924971,0.042565684305428036,0.004533288886302148,0.0070173246252407786
368,0.010883724231217562,0.9553405115171633,0.03154448696738044,0.00089733767953638,0.0013339396047022678
369,0.0017060934009833718,0.8523192565935832,0.1444138119304699,0.0007258455425294632,0.0008349925324340695
370,0.005819221962722206,0.764990950626839,0.2252070655394565,0.0023563484075214847,0.0016264134634610132
371,0.0019042467463573041,0.8407506933220282,0.15474885474627334,0.0017000926336121613,0.0008961125517290521
372,0.0017382030368950573,0.6908869836639773,0.30473964197469655,0.0016748190063986953,0.0009603523180324738
373,0.003707264267209836,0.5441764572648121,0.4452252261695593,0.005161282029105185,0.0017297702693137356
374,0.02669292921491265,0.9453125452806479,0.02089942621849483,0.003092741794159128,0.004002357491785182
375,0.04279060004139245,0.9335214192933383,0.016349365391248406,0.003797895212520993,0.0035407200614998775
376,0.024072792660593575,0.9438170036890237,0.027173122198584723,0.002926983747400928,0.002010097704396823
