epoch,N1,N2,N3,R,W
0,0.00025406139027112133,2.6837176237999614e-05,4.7333214798357304e-07,2.4754025228867437e-05,0.9996938740761141
1,0.0013191379550696804,1.987295373423811e-05,9.871418355743375e-07,3.0043681959609125e-05,0.9986299582674009
2,0.001810846205302263,7.021640914229011e-05,6.233002059655744e-07,8.475241937446906e-05,0.9980335616659749
3,0.008465037091436521,5.8744950757804915e-05,1.3781400005020138e-06,0.00019599616970853595,0.9912788436480966
4,0.0033647513318995326,7.58874765513829e-05,3.9998179728823474e-07,0.00011948374939451062,0.9964394774603572
5,0.008489985680708257,0.0002302102072830077,6.132183403510394e-07,0.00026348663767664923,0.9910157042559916
6,0.39126404615677385,0.0031470194761897856,1.118909049215023e-05,0.0012593993496583993,0.6043183459268858
7,0.34855816934922823,0.002947164934170579,2.19091285266043e-06,0.0026862037391076226,0.645806271064641
8,0.6632231000514316,0.03159722157529223,9.248709409082107e-05,0.012633316078109984,0.2924538752010754
9,0.2565821500411362,0.004174649327293269,1.6422882061092586e-05,0.005781343108165908,0.7334454346413436
10,0.7345171441540832,0.023856088846459997,6.495694115524347e-05,0.02958259324980168,0.21197921680849982
11,0.6333416428158033,0.04354873367254744,0.00013621762378778754,0.02446088649157298,0.2985125193962884
12,0.668221008156721,0.20557006275071346,0.00033494002839264825,0.01641678334628092,0.10945720571789214
13,0.3919316376152875,0.3872395723407747,0.0011141809426301384,0.09501866887453539,0.12469594022677236
14,0.04566045746020727,0.8792751040448171,0.0018020040331959855,0.021205646246747503,0.05205678821503204
15,0.050946092343013005,0.8862432179264487,0.00394027509211043,0.016866859877315787,0.04200355476111209
16,0.03713127356065945,0.8942987064168132,0.0026225191519887088,0.02204044950446608,0.0439070513660725
17,0.07442776941531469,0.8031417861304877,0.0035337754578826115,0.03111705690896438,0.08777961208735074
18,0.027787454454389897,0.9367133094960005,0.006569535568276458,0.0125076765529424,0.016422023928390823
19,0.3749002716414679,0.13689005759137382,0.00012320434397727293,0.02285383212798996,0.46523263429519107
20,0.7255681762624663,0.1557848410807006,0.0003136861055379538,0.036496818127878354,0.08183647842341693
21,0.41798534139057836,0.5663930470291193,0.0008852406021146902,0.00245762692192866,0.012278744056259047
22,0.28669935373458666,0.7016293099641563,0.0053154348508985625,0.0007061507589948514,0.0056497506913636385
23,0.07581628507186372,0.9105057427223935,0.0037501453540802173,0.0015485152395853289,0.008379311612077419
24,0.02523526331448323,0.9468274065098804,0.017588963187343206,0.0018402049423242568,0.008508162045968963
25,0.15332869183171505,0.8153055593737648,0.00637109657648735,0.007708256637666512,0.017286395580366418
26,0.017684790989626473,0.9642299256022467,0.013456576150328893,0.0005080941688870468,0.004120613088910813
27,0.0531267900970419,0.9226666394380976,0.015064716834030722,0.0013299973859926997,0.007811856244836926
28,0.049375091896972666,0.9324866072128827,0.011984933792322168,0.0007141043148376038,0.005439262782984781
29,0.007814065874935059,0.8644263636613392,0.12323693459086718,0.0004450143715482022,0.00407762150131052
30,0.005490947894911313,0.8743648432721834,0.11459451232450162,0.000281685559000295,0.005268010949403155
31,0.0031001499419792264,0.9102369346133544,0.08245906240355867,0.00020740490795156951,0.00399644813315609
32,0.00449349877201961,0.8267849650049867,0.16501047661365548,0.00014279342133850006,0.0035682661879998462
33,0.0031967105592373016,0.87092858180712,0.12249757924156603,9.234323292547351e-05,0.003284785159151139
34,0.00442202941206398,0.8271895517784241,0.1629832236941464,7.646010812990004e-05,0.0053287350072357366
35,0.00349749727987808,0.7272926589497491,0.2641175055148121,6.385003407413095e-05,0.005028488221486629
36,0.003976973090900792,0.6622739207942294,0.3292738780441467,4.3684393595157704e-05,0.0044315436771279505
37,0.00280357637239578,0.6578145587364794,0.3344110770592378,6.177990531711322e-05,0.004909007926569944
38,0.0012377083798755647,0.4141135208003147,0.5819630134406728,1.5113442541309995e-05,0.002670643936595675
39,0.0013926247353636802,0.3686893038151073,0.627932477042958,1.3721456760316882e-05,0.0019718729498107187
40,0.001111753863920357,0.3163539798403753,0.6805927657100618,1.1129437930983951e-05,0.001930371147711574
41,0.0022486301212586587,0.3920721118362115,0.6013854172164222,1.702477630613931e-05,0.004276816049801483
42,0.0028808756938685505,0.605878652689928,0.3869264211641752,5.0502833581617454e-05,0.004263547618446573
43,0.0037166966729863956,0.5870332593115836,0.4049036488490676,4.397215795370545e-05,0.004302423008408711
44,0.0019917399359055837,0.5335798414781409,0.4611545016231949,2.8059314696203866e-05,0.0032458576480624774
45,0.0016184301948526578,0.46069046690872767,0.5336821274168146,1.8485885494198924e-05,0.003990489594110865
46,0.0016595306350852476,0.4154061257672193,0.5803978829662539,1.575798231699791e-05,0.002520702649124494
47,0.0012418577001126945,0.36635321297696344,0.6300848810042778,1.7454772838854574e-05,0.0023025935458071607
48,0.00452336816681399,0.49826539411364523,0.49266534971347237,4.808015510331714e-05,0.00449780785096507
49,0.0017520434343864751,0.5867755298468275,0.4079397351611833,3.2642440742728315e-05,0.003500049116860119
50,0.0003393572505710409,0.09375323644511635,0.9047672228336449,5.738088040668687e-06,0.0011344453826272597
51,0.0009134682035840258,0.33070104203296463,0.665544432232442,1.3773322075734054e-05,0.0028272842089334797
52,0.0011927708145153216,0.4964946067978216,0.4993681027746835,2.1606757948757024e-05,0.0029229128550307937
53,0.00047771167416910354,0.24400181725543726,0.7538264737649609,7.115360484219264e-06,0.0016868819449485887
54,0.00015264918306685476,0.046138154774036766,0.9528057674329545,2.5483062565441023e-06,0.0009008803036852534
55,0.0010154848752627703,0.4201823442557467,0.5764040588284683,1.271618844429031e-05,0.002385395852077946
56,0.0005586871970594678,0.251248022922254,0.74466634357815,5.156972377927253e-06,0.0035217893301585546
57,0.0006592958461337955,0.2469604867283507,0.7496162059316345,7.1507469854788045e-06,0.002756860746895619
58,0.0005961121056387334,0.25473731773159713,0.7428830576166806,5.624281285579744e-06,0.0017778882647978959
59,0.0003202627623514945,0.031201525325050168,0.9674042236902093,2.471359539742367e-06,0.001071516862849324
60,0.0002701331382914449,0.04338291361685174,0.9549783767827276,2.2083916221117785e-06,0.0013663680705072417
61,0.00020843891126730247,0.055012342400544895,0.9436070645638277,3.3467725846525694e-06,0.0011688073517753842
62,0.0006258213445346851,0.15429357238017588,0.8423070003683654,9.91360204730988e-06,0.0027636923048767327
63,0.00013617034111373979,0.03943642160180498,0.9596245583052813,2.4105767562188337e-06,0.0008004391750438244
64,0.00014768215006934662,0.04738397506657322,0.9514323639323916,2.7403192523156517e-06,0.0010332385317135147
65,0.00022663309791152316,0.05597577271950222,0.9426082300159353,4.871148187049688e-06,0.0011844930184637323
66,0.0023844370578831498,0.4732451849553136,0.5206487655319678,8.004363100110947e-05,0.0036415688238343614
67,0.00043442152728292137,0.109472476299733,0.888152736729001,1.7077032656514794e-05,0.001923288411326786
68,0.0001671511045586438,0.046274315352497056,0.9522883744180166,1.4791099057268164e-05,0.001255368025870249
69,0.002239453421944318,0.4674875443048672,0.5193925559025178,0.00018593962953624725,0.010694506741134403
70,0.0026529717488609794,0.31357070379000757,0.6661558238737532,0.0002407512713404196,0.017379749316037942
71,0.14999845712447704,0.28109920952614365,0.02077292383845503,0.0017530913319804369,0.5463763181789438
72,0.03287758511897295,0.8290773590741862,0.11715589745777626,0.0010870154237331263,0.01980214292533147
73,0.03873719369166418,0.8370879040363943,0.10666847535038497,0.0009427688531668825,0.016563658068389633
74,0.12350355185144858,0.8129191232982014,0.042729310831672675,0.0006424791761467405,0.02020553484253079
75,0.058236078404178805,0.8826652018789535,0.04428121203190026,0.003019415906763214,0.011798091778204123
76,0.030020728964137454,0.8385490361620109,0.09671894104241122,0.0035746443684084874,0.031136649463032132
77,0.012640428163612738,0.8599448030727614,0.11942634620148757,0.0016647409722605967,0.00632368158987765
78,0.10570958736835262,0.8394627796581148,0.031285733873657004,0.007684604797780742,0.01585729430209491
79,0.10403838629650183,0.8722989605885336,0.0051860852305119585,0.000625494507184773,0.017851073377267785
80,0.1122527008271306,0.8543107814765337,0.017878560725796987,0.0013135338464440865,0.014244423124094603
81,0.0664379435544271,0.9118891230244535,0.01763918691319629,0.0007039466490340325,0.0033297998588891634
82,0.32875267040449024,0.658858277740269,0.002339475742030148,0.0002956559019808074,0.009753920211229743
83,0.3822457162055952,0.6030129950681613,0.008653973509651344,0.0016576198789167288,0.004429695337675378
84,0.021659106831736732,0.9449203424944598,0.031064335557437657,0.0006249359638223245,0.0017312791525434155
85,0.11054803004365805,0.8707228130794056,0.015136439118870462,0.001136202236252994,0.0024565155218128926
86,0.0038728535820277844,0.8435882683779529,0.1502027941154463,0.000434503383649219,0.001901580540923696
87,0.00988752196608791,0.8972781335646717,0.08880491126610761,0.0019005409512003813,0.002128892251932403
88,0.026333951819489186,0.9068314919684781,0.06191119396630693,0.0012917434444674662,0.0036316188012582274
89,0.01749263783977101,0.8692452175030425,0.1105767904233574,0.0007714091777644509,0.0019139450560646146
90,0.004610080494480576,0.7591870223747136,0.2336181912970031,0.00025898114370378404,0.0023257246900988747
91,0.007181112727641655,0.8698426722167759,0.12054618785156222,0.00032702296859176165,0.002103004235428683
92,0.009452320862038264,0.8998756570187878,0.08785527888769659,0.00045372941703054626,0.0023630138144467806
93,0.004990812907770831,0.8264349635501859,0.16575961113197418,0.00018778394820086251,0.0026268284618681
94,0.005383584798849915,0.8528858318774658,0.13950136608591754,0.00024947626053723376,0.00197974097722959
95,0.002405398404252803,0.7820306871599637,0.21343837336027116,9.914967563383823e-05,0.0020263913998783798
96,0.005278474759502082,0.7660672965504097,0.22513040171800686,0.00019861167614645134,0.003325215295935005
97,0.003349449177125653,0.5759400938767466,0.41842099450443715,0.00020436067501011893,0.002085101766680466
98,0.0031223065783697814,0.7014997015802478,0.2923970184575969,0.0003956671589530759,0.002585306224832469
99,0.012662583815742909,0.8083508698674177,0.17459612147836745,0.0013191073172733874,0.0030713175211986195
100,0.05502696884782909,0.9053287256792054,0.031665105745126286,0.004678971807600128,0.003300227920239151
101,0.006587191206550206,0.8989790822558745,0.09142472047246544,0.0007154390941617971,0.0022935669709478203
102,0.06371830750412674,0.8945963026605427,0.03486136715078648,0.003368982467034449,0.0034550402175095216
103,0.02003694160925262,0.9298346985173656,0.045975652160926986,0.0013568992817676912,0.0027958084306868147
104,0.06569316623707751,0.9065497115728467,0.013562129983509015,0.010982156319973282,0.003212835886593282
105,0.015927541975023905,0.9402067333895845,0.029819346249759824,0.011685332558150734,0.0023610458274811196
106,0.033863881200945106,0.9241063482581608,0.01864275987224092,0.019823638488053328,0.0035633721805998987
107,0.05240788030031861,0.8651282644529176,0.01332152137107479,0.061002866980276495,0.008139466895412707
108,0.06695718087297858,0.8585561798315443,0.0038735491111355686,0.0620418858212835,0.008571204363058072
109,0.07471680851370224,0.6234673239609525,0.001230194781193651,0.2942575330401541,0.006328139703997414
110,0.2087164600138743,0.24772387184578812,0.0005803620493781092,0.5203007340513436,0.02267857203961577
111,0.25918867008660906,0.2506435263924206,0.00042095240656185367,0.47102876729723303,0.01871808381717556
112,0.33022400541709296,0.13704132816119044,0.0003339656285931247,0.50421773610303,0.028182964690093428
113,0.36874432632577786,0.15522613885271544,0.0006166841886727599,0.41839507040824725,0.0570177802245866
114,0.1937603805157822,0.1732327242399701,0.00013133553188052256,0.5444452102862924,0.08843034942607482
115,0.2548105679648246,0.1918189408607755,0.0006509570677492539,0.5030912586631753,0.04962827544347527
116,0.15287265316399934,0.04522528831177998,0.0002274019375232749,0.7009013887357775,0.10077326785092003
117,0.1996084243727552,0.0724775485060846,0.0002187083798061869,0.6440812563149423,0.08361406242641164
118,0.17315516044355087,0.043203477911270854,0.0003925029955532484,0.6619213718901793,0.12132748675944574
119,0.2477663542694697,0.0471951627968402,0.00013216574013571084,0.5692089001590946,0.1356974170344597
120,0.22903537301953872,0.026242127817257575,4.458523267237793e-05,0.09134600543044948,0.6533319085000818
121,0.3770809629887865,0.14820789977457366,0.0009400586252288438,0.3508175284148314,0.12295355019657979
122,0.47108006722657414,0.02670485981886413,8.50133867617818e-05,0.2407812619974631,0.261348797570337
123,0.46778331701206455,0.09326501613835315,0.00044890178816618003,0.31269589084033494,0.1258068742210814
124,0.2812115909592538,0.036051258709724025,0.00012780230363847308,0.37862256011425677,0.30398678791312694
125,0.22645099155800358,0.2397689500054464,0.00014490510726468622,0.22979761066340207,0.30383754266588325
126,0.03636222468943056,0.008229504247273423,9.271794961139007e-06,0.11583684839016772,0.8395621508781672
127,0.3101201441746085,0.02220894202585242,1.734682065443727e-05,0.13889303257528948,0.5287605344035952
128,0.5044554489728719,0.011993640612200575,1.3511640542761507e-05,0.07619930493099172,0.407338093843393
129,0.5996988404249395,0.028688950257478786,2.23933618604561e-05,0.06628208109664639,0.30530773485907475
130,0.5838663440849696,0.053788425898166736,0.00010457918288926741,0.2521054047741581,0.11013524605981635
131,0.4053902427029143,0.11575734039312009,0.0005986196683414581,0.39727050532225955,0.08098329191336466
132,0.19194773807427667,0.23896265646577877,0.0006871386446285486,0.46458214331665143,0.10382032349866464
133,0.19124977027092477,0.06240577827428964,0.0001585656699302095,0.6147210197682557,0.1314648660165997
134,0.03432494484115639,0.8872643295499552,0.0013372948569052258,0.04888066960539896,0.028192761146584137
135,0.13049655226501303,0.18873086231150546,0.0007133349443043823,0.6072493980893068,0.07280985238987028
136,0.048261699869228576,0.019560467066514816,7.663884287600939e-05,0.05443955600731368,0.877661638214067
137,0.4068783219983411,0.05358624491269673,0.00012035723585061418,0.2871023886155618,0.25231268723754957
138,0.5718042430148601,0.11304359568648539,0.0002800093302420531,0.20656561142913946,0.10830654053927301
139,0.5910401770392331,0.1483880746310777,0.0005694785193856455,0.19837215198440403,0.0616301178258995
140,0.2756086002639513,0.12013733534205437,0.000470750765471987,0.19092636958241127,0.4128569440461111
141,0.5690910377767018,0.035512328873459585,0.00010608388574047067,0.16332037361177093,0.2319701758523272
142,0.5696411756421887,0.2810684105022387,0.0003203693261447627,0.12204773004108922,0.026922314488338497
143,0.4690804600108356,0.4778106747937453,0.00044849282921960546,0.03886465662199062,0.01379571574420887
144,0.491414625432006,0.47778412507884815,0.0008200498542488794,0.023890547525956433,0.006090652108940478
145,0.021587562984085266,0.9740910629345672,0.00092272353961944,0.0021566895684163143,0.001241960973311954
146,0.05140697445914721,0.9415327141580112,0.002017363255294023,0.002682342081210827,0.0023606060463366133
147,0.020107534257459505,0.9734671553525955,0.004853940182591002,0.0007893452922692678,0.0007820249150846688
148,0.008334873498491702,0.9758625814552077,0.013543816211935898,0.0007099578324795901,0.0015487710018852435
149,0.023282824605147547,0.9526899133962539,0.02090002358212494,0.001797142132039998,0.0013300962844338196
150,0.004404401376433771,0.9383996082076576,0.05585914261083673,0.0006024060556430199,0.0007344417494288844
151,0.02974046534754705,0.9415838251271678,0.02374644768034041,0.003268204615212277,0.0016610572297324998
152,0.002757038355867596,0.8648002862215265,0.1309998841375614,0.0006233712286219229,0.0008194200564227902
153,0.006021053209813239,0.7929596322470576,0.19840868590504931,0.0011377669039010132,0.0014728617341787256
154,0.007060757739542512,0.8982586642443203,0.09191143345965343,0.0016504970939115293,0.0011186474625722172
155,0.007278940876365408,0.9023342328713416,0.0837658733227155,0.0049598717412136445,0.0016610811883638055
156,0.019394443430768113,0.9075277777375547,0.047506113396559954,0.022475941367825526,0.0030957240672918303
157,0.010988401566514315,0.8750314839414842,0.09896046078821706,0.012632424782733178,0.002387228921051428
158,0.009710473929572062,0.869308059345435,0.10257945576346393,0.013412606106628392,0.004989404854900502
159,0.006817464886947643,0.8164279872354082,0.1629443256570978,0.007996116883294288,0.005814105337252116
160,0.009586162301547428,0.8369517377280242,0.1337010925717557,0.00997858640684502,0.009782420991827552
161,0.02167855233461503,0.032012148831573856,0.0004961653326591282,0.003352374817574424,0.9424607586835776
162,0.49228152587343815,0.2562948111303549,0.003026158388263527,0.0967379908299762,0.15165951377796724
163,0.6093101572634,0.20090688095380438,0.003477963150356737,0.09066121556891589,0.09564378306352303
164,0.2389495836664682,0.03785291393210212,0.0003349779992699764,0.04227189406283875,0.680590630339321
165,0.4809107926819566,0.11639898939813202,0.00028746166658400515,0.33595312845319725,0.0664496278001301
166,0.525801058513343,0.21233194331500616,0.0009127207349825203,0.22327485569752328,0.03767942173914494
167,0.1784145837845839,0.758879097465394,0.001701416595589433,0.02491125809142425,0.036093644063008495
168,0.3484279547539152,0.49363896768358173,0.0014328096085718907,0.14442830061565218,0.012071967338279147
169,0.08279435882774407,0.8961167402771273,0.002053597002113463,0.015247935452845855,0.003787368440169193
170,0.02944180930869578,0.9512177614749744,0.013884609161975467,0.0037911747611554377,0.0016646452931988283
171,0.010832088122788523,0.8403834512954982,0.14591854521272063,0.000879149413402728,0.001986765955590035
172,0.016650256360429865,0.9036300318939715,0.07590951306487158,0.0018417034307264455,0.0019684952500004086
173,0.014056826048632608,0.8949460241268415,0.08714576804633975,0.001686379892887032,0.002165001885298989
174,0.004718553239854168,0.8558218459367345,0.13696286871760668,0.0008005078112547383,0.0016962242945499815
175,0.008453828618129825,0.8493876551862948,0.14009982059564136,0.000492798585744408,0.001565897014189427
176,0.0026802083018649704,0.8921750379774755,0.10353749414964518,0.00016850647339595505,0.0014387530976183772
177,0.011972449004811153,0.9143337343340815,0.07140605595086037,0.0003754534571739034,0.0019123072530731467
178,0.0032874508314854963,0.8515725866702457,0.14342354341610639,0.0003122482649582859,0.001404170817204157
179,0.0030068419241783386,0.7872059346490936,0.20792548382256656,0.00015886206048441084,0.0017028775436770372
180,0.004137878819280841,0.788281121540514,0.2055373665884557,0.00023926576280136508,0.001804367288947902
181,0.00333816166775024,0.6674118126624862,0.32691960878310444,0.00015994856121504398,0.0021704683254441717
182,0.0018638817766812557,0.49875674736429576,0.49789777926615125,7.234095350604966e-05,0.0014092506393660177
183,0.005717958395720081,0.7921323588259572,0.19938203601699794,0.0004831888365776804,0.002284457924747048
184,0.0013006478247979372,0.6186832161860674,0.37886419928272685,0.00010032767709719388,0.0010516090293106156
185,0.0010071205892691424,0.39506617887147966,0.6026345726291731,0.00013658718083580247,0.0011555407292422317
186,0.0014750444419073762,0.5654278924808224,0.4311817742018969,0.00020517015207381176,0.0017101187232994978
187,0.0027416931982007903,0.4797696384059382,0.5150583691949842,0.00031962323048303365,0.0021106759703938883
188,0.003189813915345414,0.7409999849868325,0.2528666875865789,0.0007315384281415216,0.002211975083101655
189,0.0021929953346282705,0.3828000409432558,0.612814952590506,0.00033028416863786016,0.0018617269629722104
190,0.0038485100040361276,0.5577316601334856,0.4336963305521996,0.0010468444606941039,0.003676654849584711
191,0.0039936128468088875,0.2680698644509367,0.7245077482491432,0.0006563652771398993,0.0027724091759714006
192,0.019008286617487158,0.8486833335944189,0.09652911626513559,0.001854670219736262,0.03392459330322204
193,0.03399645518903713,0.7893033809601967,0.16153857054140783,0.0055173450612019115,0.009644248248156477
194,0.2504610648367085,0.6937730217228286,0.018297215827970035,0.003398688007482672,0.03407000960501034
195,0.14634671755653636,0.828404894757674,0.01929990584013094,0.0007818878291409268,0.0051665940165176736
196,0.08214276618950973,0.8961753673459057,0.016963125190021546,0.0012352386427663198,0.0034835026317968074
197,0.020387406483110045,0.9352044912984104,0.04039923128007866,0.0012596597680696587,0.0027492111703311685
198,0.00642781766671185,0.8696204271912742,0.12107934667465721,0.0006550039340067892,0.002217404533349997
199,0.00782393421928161,0.8777659004256717,0.10794859852925881,0.0020751630884533806,0.004386403737334571
200,0.008340735781666515,0.8855848634689695,0.10142530887937962,0.0017217690657869876,0.002927322804197465
201,0.005903050047680762,0.7365812707043755,0.2531050942432874,0.0005087518350951707,0.003901833169561104
202,0.03540950851135548,0.8443208373975254,0.11670333095776778,0.0010156972689534993,0.0025506258643979143
203,0.010796101067900353,0.8306404105310361,0.15572806471838535,0.00071445964832833,0.0021209640343498835
204,0.010627811054609195,0.6395789217816535,0.3455315837689734,0.00028885581413218677,0.0039728275806315255
205,0.014421505663272098,0.8720557294470882,0.10980779733680514,0.0010977769169727618,0.0026171906358617636
206,0.003040244704185147,0.22098751880057116,0.7731727711478796,0.00033694554770487533,0.0024625197996590567
207,0.005118581784648012,0.789499008070401,0.20124056506485877,0.0005070000887058585,0.0036348449913865505
208,0.0022946228551554825,0.6618426492557521,0.3328650158901055,0.00035570180061550964,0.002642010198371513
209,0.005737876242120748,0.7858286296196167,0.20328967851372706,0.001013702769268764,0.0041301128552666206
210,0.004465249363864212,0.7454798263201441,0.24699443944292437,0.0003551136377951459,0.002705371235272255
211,0.004091632267480209,0.7310081456865181,0.26183454812724927,0.00028642124188765257,0.0027792526768649446
212,0.0018574207843949947,0.6794357760627421,0.3162879759299855,0.0002596400148742202,0.0021591872080033926
213,0.004146973294326941,0.7283214095452345,0.26477407330803815,0.0005624278301013296,0.0021951160222992015
214,0.0019907151539049536,0.6892403238948298,0.30655809286508384,0.00019214535445802753,0.002018722731723116
215,0.002189080835546289,0.4879401648271353,0.5072916263086382,0.0002347785023130711,0.0023443495263671026
216,0.0042265564052791004,0.6790518464784236,0.31406352076434896,0.00041935906027274763,0.002238717291675558
217,0.0030820026143323015,0.46077080601272935,0.5336042265559416,0.00021929509668786108,0.0023236697203087957
218,0.002961730198997055,0.6188356395316282,0.37602120394328004,0.00016665425204971635,0.0020147720740448707
219,0.0029575434109170014,0.6481937314994378,0.3461590934133434,0.0002463529012987494,0.0024432787750029716
220,0.004623836820479359,0.39560630164583294,0.5950871390386322,0.0011841302322422396,0.003498592262813318
221,0.003398656865732271,0.4069668688890144,0.5858019553289425,0.001423609626815809,0.0024089092894951387
222,0.053785556596060685,0.8250165204328842,0.07974034270282129,0.032493215180249196,0.008964365087984653
223,0.01880926268618044,0.7927961468594348,0.10258850403744267,0.07936058726311039,0.006445499153831842
224,0.24960486994789063,0.48864814837870146,0.006547143899899361,0.23824010399681633,0.016959733776692052
225,0.1822512660953351,0.3783284034277671,0.0008961453824527665,0.42502769731834533,0.013496487776099587
226,0.1533121886525891,0.5086375623244929,0.0008229118171605786,0.3297321338996085,0.007495203306148946
227,0.2213946368784612,0.19994276558551707,0.0006753650338972904,0.5670205336750215,0.010966698827103076
228,0.344371830317429,0.06992279030254159,0.00023977174934453703,0.5424883822436876,0.042977225386997296
229,0.23755218345376078,0.06859251591600204,0.00036263068329981784,0.6769932318326201,0.016499438114317314
230,0.16220725021499918,0.08214893199652308,0.0003157705350040629,0.7449872167104442,0.010340830543029467
231,0.13063762152429534,0.08454699710861383,0.00036288673205535636,0.7747675023905977,0.009684992244437843
232,0.08962452539224584,0.03954783942915761,0.00019791242755518316,0.8575945235947899,0.01303519915625149
233,0.12890781593702008,0.10644931490588917,0.00032191184111318266,0.7489218780384023,0.015399079277575306
234,0.14236080824769495,0.1994528080175739,0.0005171113529730008,0.6376520319743272,0.020017240407430914
235,0.2706853482202302,0.11593316661054483,7.807111239332173e-05,0.42510802369561496,0.18819539036121657
236,0.32868592882319453,0.034219350232673924,9.166548960670353e-05,0.5674517851004652,0.06955127035405961
237,0.31073599735119345,0.060128419150543344,0.00033457489623418867,0.5988068628065004,0.029994145795528577
238,0.4095492628119635,0.09508080654413147,0.0004992244050266708,0.4310768952302314,0.06379381100864703
239,0.37837910730497964,0.12043537189957745,0.0008891124345220263,0.42740714798288704,0.07288926037803373
240,0.29247043511399573,0.0764859548115742,0.0005632429311981803,0.5473348415435658,0.08314552559966613
241,0.17607780085994038,0.08235503290021562,0.0005700899327912991,0.6601149568985049,0.08088211940854786
242,0.25745360536047024,0.14369952759467056,0.0003107198327032932,0.43777432872223415,0.16076181848992166
243,0.2659734531983602,0.060347612983437306,0.00018824422825928033,0.5757787118346173,0.09771197775532604
244,0.3356948611681628,0.030341205381625193,0.0001775692361834727,0.5550331794476809,0.07875318476634761
245,0.21929870227572723,0.047161645805211094,0.00026883838791170404,0.4769642029833499,0.25630661054780024
246,0.1708942207495155,0.016713012472087396,1.2576960361824315e-05,0.2583693685172544,0.5540108213007809
247,0.3503719461971278,0.02912936700139763,0.00012555979847636824,0.5456726323552968,0.0747004946477013
248,0.3417944944741975,0.02635910621414461,0.00012063978188706145,0.45578237109007663,0.17594338843969426
249,0.23795382917088592,0.043646548526503286,0.00010371437853676137,0.5158745152463609,0.2024213926777132
250,0.14222078539067315,0.13988502908612363,0.0005545430065277487,0.6198167129428782,0.09752292957379724
251,0.11931566588843243,0.03518273685878393,3.7627856701510185e-05,0.2939147486486824,0.5515492207473996
252,0.2897822594411151,0.01884306653493087,7.767341834594704e-05,0.5785532409507418,0.11274375965486651
253,0.22515166619767402,0.019012829870442997,4.7359917659130614e-05,0.6841294451703568,0.07165869884386704
254,0.3604505862013895,0.04027817087553854,0.00010526929174725434,0.5355010532421308,0.06366492038919393
255,0.15159689222152806,0.018865926351115513,0.00010409267202581444,0.7817997553142467,0.04763333344108396
256,0.1347935977095546,0.013791249153155752,0.00013501811382214573,0.7535745685326405,0.09770556649082708
257,0.10475027495349086,0.0172143219126779,0.0001578811585085848,0.8492231616478191,0.028654360327503493
258,0.1346368806844881,0.027091390718600894,0.00010267328955805041,0.8067534006525334,0.0314156546548195
259,0.09196626244166727,0.012281078585118992,4.2549291715884246e-05,0.7263357399837573,0.1693743696977407
260,0.10820312583368939,0.018593440175657644,0.00014891344344550555,0.844222919795104,0.028831600752103392
261,0.14108843567747223,0.06626065583588517,0.0004161560134374112,0.7550562954629387,0.03717845701026647
262,0.13355608646351294,0.012419490018777124,0.00011279905901127203,0.8282977449254985,0.02561387953320012
263,0.04149870789612021,0.013401420386401205,6.132967439617684e-05,0.935486045577854,0.009552496465228402
264,0.07469631000173972,0.016517107706984543,4.336634322653786e-05,0.8876618959135588,0.021081320034490356
265,0.09754236575048139,0.009187509652158251,5.2193103805296945e-05,0.8617296359094849,0.03148829558407011
266,0.18348356746684674,0.02912994903693764,3.840054047631133e-05,0.7005976986136894,0.08675038434204978
267,0.1463621190543645,0.02087562224138568,0.00011787867511897033,0.8153883948712386,0.01725598515789228
268,0.0645937339742215,0.03356015454071718,0.00021410667983065012,0.8896453000514304,0.011986704753800464
269,0.09028652378363758,0.018266475094720378,4.3023130158866674e-05,0.8669315801301445,0.024472397861338792
270,0.07070006659664063,0.04514285326494975,0.00023476571239260227,0.8685883767711634,0.015333937654853592
271,0.055015000352413336,0.07006913455891459,0.0002826726530941765,0.8439528012613409,0.03068039117423694
272,0.07705199575960563,0.06746786963922428,0.00013905627016062435,0.6933356951593306,0.16200538317167898
273,0.10638937260131234,0.03153646254700492,0.00012861020916221958,0.788958535558066,0.0729870190844544
274,0.13411107223093022,0.025608473975795482,0.00015287957223901767,0.7050885370005079,0.13503903722052746
275,0.14525938200928298,0.06416233857201863,0.00010213773099898205,0.6789802784179853,0.11149586326971413
276,0.041189567817099225,0.020160540304450632,1.6903497485486065e-05,0.12995342074855618,0.8086795676324084
277,0.014532637123560656,0.006249381031790958,4.3608931917669844e-05,0.019065922643396082,0.9601084502693346
278,0.004621629477313444,0.00120135223564756,3.635775936963948e-06,0.006021272591236589,0.9881521099198655
279,0.25433131759290967,0.004181568938782239,1.0243485941377017e-05,0.02190681671026661,0.7195700532721001
280,0.3832638211237365,0.0036337679440231778,1.1633677397279185e-05,0.02762290510966536,0.5854678721451777
281,0.43304433501935113,0.011534723714817082,3.3177343773395375e-05,0.08791417522533844,0.4674735886967199
282,0.3473520605268105,0.012487472122423205,3.7253118454813975e-05,0.1677993785596644,0.47232383567264696
283,0.31631739207376103,0.05248152346362216,0.00017668581040136003,0.5053237779914534,0.125700620660762
284,0.02189082688776156,0.007374954042977793,8.060367274726911e-06,0.06503254391481092,0.905693614787175
285,0.391926983540845,0.01619545173860392,8.160630224546138e-05,0.4484966986176912,0.14329925980061445
286,0.4153776997299749,0.017073316598551696,4.9807010450599946e-05,0.30470801265437564,0.2627911640066472
287,0.6097226336273075,0.048316909824345576,0.00010389881587020852,0.2488699339348823,0.0929866237975945
288,0.3686241258198718,0.23830015139212338,0.00018096820788263352,0.3397318767850406,0.05316287779508152
289,0.5297753925557569,0.0854721479080018,7.636021613127247e-05,0.3287157370446024,0.055960362275507686
290,0.4464558315947192,0.31140916356522774,0.00047818521279949455,0.22630010517480453,0.015356714452449053
291,0.4115501168334589,0.4116462523088983,0.0004102910780470224,0.15458167868820977,0.021811661091385996
292,0.0825769936475752,0.8800390074694749,0.0014656743015319183,0.030744880969355765,0.005173443612062096
293,0.09146171732292427,0.8244115273753736,0.0013760943797036388,0.0794498086659769,0.003300852256021568
294,0.08239890520517773,0.8447221005210155,0.0013468053892050234,0.06839086716350032,0.003141321721101467
295,0.009830937783417404,0.9814636210117693,0.0007151057541940605,0.007135442202989069,0.0008548932476300102
296,0.0505836672147839,0.9137478736177873,0.0017287851650501992,0.031974038796427254,0.0019656352059513895
297,0.044989965385041686,0.9252126337775884,0.0015033704798803119,0.025190953745545735,0.0031030766119436192
298,0.01880040493914858,0.9522318622122151,0.002371130758561024,0.025314229913585777,0.0012823721764893853
299,0.00919626577330354,0.9632815502993823,0.0041598662075388,0.02211966947641248,0.0012426482433628352
300,0.027713560131744527,0.9283304720657084,0.003460969304290902,0.03740662156401476,0.003088376934241563
301,0.03195164438677096,0.8665899805502847,0.0022778518833415566,0.09388044660502437,0.0053000765745785635
302,0.050989952105312264,0.7430280419041828,0.002025869492201561,0.1957688400068637,0.008187296491439608
303,0.08265452878985037,0.6740088386853582,0.001386922277576336,0.21242125871854134,0.02952845152867368
304,0.20659715458339795,0.19068109813033676,0.0004096144619618905,0.32849388660590273,0.27381824621840073
305,0.4630628209079715,0.07462312082732715,0.00017174994678963284,0.42448926577322516,0.03765304254468654
306,0.687090197736025,0.08620617768968498,0.00015558794017305275,0.20100614924568316,0.025541887388433993
307,0.7139038928244043,0.1894118728997055,0.0001561588183020318,0.08208329879252466,0.01444477666506345
308,0.592168455568796,0.1911566165766397,0.00028174099694622544,0.20244459586105268,0.01394859099656522
309,0.1333216889204526,0.8265296806860012,0.0011143388991303976,0.0345600076065154,0.004474283887900451
310,0.043500148736250244,0.9126209144497227,0.0013499714709763642,0.04043949951974839,0.00208946582330234
311,0.037209036190305016,0.9272321486639119,0.001036223452670851,0.03225590615547733,0.002266685537634636
312,0.04145299186409475,0.9432548583891015,0.003491705504994706,0.009908752363455035,0.0018916918783540436
313,0.036785065729557045,0.9537064377508369,0.0037131225481215027,0.003779683584139439,0.002015690387344846
314,0.023012604521618463,0.967842699926072,0.005559609266530766,0.002321643986946373,0.0012634422988323877
315,0.03108186706783014,0.9600754329218438,0.005162374103688719,0.0018791849013529468,0.0018011410052843615
316,0.007937604020672919,0.9732314630883976,0.015564478161099966,0.0022780035783717804,0.0009884511514579842
317,0.0037725765236849003,0.9720557113396042,0.02269723013637393,0.0007673052894570689,0.0007071767108798713
318,0.009336285039272136,0.9503527813870731,0.0379837461841223,0.0012921418573991763,0.0010350455321330755
319,0.0028707525040334823,0.8612179365947752,0.13442587551756324,0.000545957258408842,0.0009394781252190965
320,0.010386805386893008,0.9655975510927949,0.022016584703612514,0.0010872841577309039,0.0009117746589688425
321,0.0032224088661801636,0.8484352109865706,0.1463485559099283,0.0007780799605553393,0.0012157442767656138
322,0.006345975815908969,0.9253566595096785,0.06548927151134165,0.0014637814581545557,0.0013443117049164782
323,0.005330379770835979,0.9139205685589897,0.07878826433275764,0.0010018455698828257,0.0009589417675336014
324,0.007058141867850471,0.8620458411158636,0.1282063728280043,0.0017719437965299288,0.000917700391751576
325,0.009865648877544564,0.934856764138653,0.05272608613180975,0.001374047663279365,0.0011774531887133234
326,0.004337264806272205,0.8414850887655532,0.15181260645901187,0.0007862295027716519,0.0015788104663912287
327,0.004540009182075761,0.8642079276106261,0.12917397544222456,0.000733940093799097,0.001344147671274279
328,0.004467985002583628,0.8773131321505305,0.11626024125358893,0.0004442903339898952,0.0015143512593071588
329,0.004580581278448717,0.9048425233486518,0.08912162171392027,0.00042034341154911027,0.0010349302474300186
330,0.0033605108459324826,0.8919137427044559,0.10311521625273491,0.0003474819322258635,0.001263048264650847
331,0.002152091602521044,0.8441319339029715,0.1523061151001773,0.0003059673266853915,0.0011038920676448491
332,0.004782446268605082,0.7873089335553356,0.20489908023896747,0.00043277384797407584,0.0025767660891178796
333,0.0031613785297678505,0.6974466770399631,0.296440625031601,0.0004265368962018584,0.002524782502466192
334,0.002411380577009432,0.8482607399604889,0.14757831656129827,0.00031731077453310856,0.0014322521266703027
335,0.0016459489938720601,0.7264298039626597,0.2698889339866834,0.00027085727187697883,0.0017644557849079824
336,0.0032996308997614993,0.6445649087951659,0.3496128847502387,0.0006811032160238286,0.001841472338810084
337,0.021451450599425197,0.8483026230503243,0.12287200930831725,0.0031987426542775025,0.004175174387655892
338,0.0026290785764036995,0.6670090263058442,0.3280520440800949,0.0004999957386516068,0.0018098552990053619
339,0.004900545196495364,0.40983732459913963,0.5817256178223169,0.0006351145941388986,0.002901397787909228
340,0.00817523904331751,0.4493447807997025,0.5383425901381406,0.0008526336283863152,0.0032847563904530364
341,0.007344441063264695,0.4506478574797972,0.536091421167371,0.0016089025942590367,0.004307377695308216
342,0.005072271292036047,0.2415877748709271,0.7467823233144886,0.0015694676853322265,0.004988162837216086
343,0.002856182689373895,0.24903457549286706,0.7438619252913337,0.0004909291255114197,0.0037563874009139955
344,0.005032922842654822,0.5644183263091537,0.42391664816334074,0.0013377487920228526,0.005294353892827941
345,0.0547690103135733,0.8008734468768571,0.12421647974496124,0.005150760535905153,0.01499030252870323
346,0.011194991897006627,0.7681976699516087,0.21373017784860904,0.0018556173257144378,0.0050215429770613445
347,0.004004632456195981,0.7080197916431484,0.285080719720077,0.0007462622242242463,0.0021485939563545067
348,0.003681754090502546,0.6000141675994879,0.3940443110450144,0.000284069686818078,0.001975697578177114
349,0.0031720061112610397,0.5923841456004738,0.40087951601033567,0.00038886267763683485,0.003175469600292717
350,0.0010691242404406779,0.6589424170938806,0.3380976137857597,0.00030544504531178205,0.0015853998346073408
351,0.0009893438984626619,0.33958554279182934,0.656790983625332,0.0002270734439525342,0.0024070562404234857
352,0.0008993073443378255,0.1260261759006277,0.8709540405866644,0.00029650673558417526,0.0018239694327858175
353,0.0010706277978255055,0.12337534579815818,0.8726737158693082,0.00039522843924878173,0.0024850820954593882
354,0.0033245024809711453,0.11913227169568212,0.8686628748427433,0.0013185459854101961,0.007561804995193273
355,0.0017174639402262703,0.14546081965756966,0.8490910899865978,0.0009467308888842903,0.002783895526722094
356,0.0012551332612452894,0.17590849649813992,0.8199568336845203,0.00031524360799158106,0.0025642929481027614
357,0.0013683620684133927,0.13346274242963427,0.8623337737890759,0.0003035047918899498,0.002531616920986513
358,0.0011800988810053846,0.10388232723159369,0.8903267570387208,0.0008834010405500687,0.0037274158081300707
359,0.0016628982714631238,0.18741247265412925,0.8074904073460177,0.0005699520245215616,0.0028642697038682627
360,0.0015795146198484926,0.0900845559052179,0.9057775057293123,0.0003985038044636623,0.0021599199411577443
361,0.0011645462151828056,0.10924747920575106,0.8875118804180453,0.00019125064532910226,0.0018848435156916716
362,0.0025425762736353886,0.1525010273755804,0.8413469978972884,0.0006197807884107,0.002989617665085271
363,0.0012814961365091404,0.10349376170530458,0.892442641317845,0.000409860538178219,0.0023722403021632283
364,0.0007529083724989049,0.11819486299423913,0.8772553856995227,0.00018750644086146874,0.0036093364928778014
365,0.0007652183527838082,0.06263659279972847,0.9337053315392176,0.0005464891742511458,0.002346368134018798
366,0.0012151794393321458,0.12087289778975206,0.8733667493184146,0.0006376172871023048,0.003907556165398882
367,0.0028109469441817566,0.43445290575467627,0.5545721062071137,0.0005486843598925618,0.007615356734135648
368,0.0010523829218214214,0.17044165887204774,0.8245010026130174,0.0004329916447962175,0.003571963948317276
369,0.0005409812522250903,0.052948156238931725,0.9435270476044022,0.0004154322209830168,0.0025683826834580004
370,0.0004524553680468528,0.06368047495955013,0.933848271643227,0.00017406276078982984,0.0018447352683861307
371,0.0010094420706638688,0.1417855475756987,0.8533312250460164,0.0002464819248606811,0.0036273033827603565
372,0.0006923126255288514,0.15426128027785713,0.8423107275298762,0.0001759165900181163,0.0025597629767196367
373,0.00035718735189932865,0.037586893443661604,0.9594396732258886,0.00022032439043578758,0.0023959215881146833
374,0.0004813770663069261,0.07744253609305564,0.9194115941866651,0.00029680092900228434,0.0023676917249701294
