epoch,N1,N2,N3,R,W
0,0.00248104089683686,7.200019064366664e-05,3.8830819728152176e-07,9.706841596656199e-05,0.9973495021883557
1,0.0022555659646001256,5.05027273269571e-05,1.6650394249712175e-07,3.955289279725881e-05,0.9976542119113331
2,0.0006149002772637339,1.5234640045718558e-05,2.0579742259240608e-07,4.187887917745311e-05,0.9993277804060906
3,0.007952020722373884,7.190546383459933e-05,1.003326333063828e-06,3.334703751615595e-05,0.9919417234499424
4,0.004838249733195226,8.65738166566871e-05,5.863698519816327e-07,5.053893304155615e-05,0.9950240511472545
5,0.01886285876651295,9.942412544461249e-05,5.094849097223168e-07,5.897139297150122e-05,0.9809782362301612
6,0.003841729957954953,0.00015098143640688994,2.577707894355456e-06,5.821652876985292e-05,0.9959464943689739
7,0.0003221350142668911,0.00022742841852759754,7.445684978823786e-05,2.355254663207635e-05,0.9993524271707852
8,0.002279847422723789,8.47325861120811e-05,2.0582204534844055e-06,8.195251524071456e-05,0.99755140925547
9,0.0016684711497826363,2.7778763930715037e-05,1.0827067313715442e-06,6.543131477570242e-05,0.9982372360647797
10,0.00022786119361460633,4.0095203556888916e-05,1.7461224043861047e-07,1.647329181867697e-05,0.9997153956987694
11,0.0073722323472223345,0.00017427063426759656,1.962721117301086e-06,0.0011089780592377465,0.9913425562381551
12,0.00045294364330847743,2.829308115694844e-05,1.1730354241382003e-07,3.125026161013953e-05,0.999487395710382
13,0.008881395356966271,3.8018861154432405e-05,1.722993990855838e-06,3.091914924918222e-05,0.9910479436386394
14,0.00081735681759397,4.1594812670294864e-05,1.2507319597732722e-07,5.868094266164255e-05,0.9990822423538782
15,0.015326559808737332,0.00011348460923900236,1.6326274555799707e-06,4.397210769713451e-05,0.9845143508468709
16,0.01110679746569312,0.00041364303818584874,5.87585889780323e-07,0.00013871989674052278,0.9883402520134907
17,0.01209462320445276,0.00023720894012162002,7.26856403638225e-07,9.788164926266251e-05,0.9875695593497593
18,0.0006604368829584204,0.00013976000372982407,3.6976577945104493e-06,7.173221987218645e-05,0.999124373235645
19,0.0008270158526424249,3.6169948967653114e-05,2.2574676418316133e-07,0.00015508411861193553,0.9989815043330138
20,0.004491665738182098,6.97812344879664e-05,3.5453410051580186e-07,0.00017060158689287478,0.9952675969063365
21,0.034615492860332026,0.00012403773253702745,1.5752703723462917e-06,0.0002814485372862418,0.9649774455994724
22,0.035643438897289825,0.0001291674612804106,6.327195961267191e-07,0.00047759164504918456,0.9637491692767844
23,0.03487324382968531,0.0007300931161795214,9.280718608819595e-06,0.003761265712644287,0.9606261166228821
24,0.004611470916615057,6.472058526226289e-05,1.9310618773054884e-07,0.00045287533531951764,0.9948707400566154
25,0.01407347598038909,4.785448391920495e-05,2.664767353590689e-07,0.00014094433938889847,0.9857374587195674
26,0.012441108306099465,0.00018944245150561486,6.005083056838607e-07,8.267628547690005e-05,0.9872861724486124
27,0.03332261218161051,0.0008842664412912197,1.1629988574860702e-06,0.00018851498599961136,0.9656034433922411
28,0.024782226584663277,0.0015781061511920237,2.5539204911976095e-06,0.0004564395706356471,0.973180673773018
29,0.0067523024607053115,0.00027057826810615446,3.4629065298144204e-07,0.00015499471427956793,0.9928217782662561
30,0.0036223246532239677,0.0002171144238031404,8.994692242249166e-07,0.00020982092179387435,0.9959498405319547
31,0.06516617616296781,0.00043720687854159975,2.883002023865968e-06,0.00021104956369966905,0.934182684392767
32,0.029090472506895212,0.0005020407749728598,1.188936172890867e-06,0.00010738021926514938,0.970298917562694
33,0.09553806077210412,0.0032318036771337055,8.57354375813512e-06,0.0003481235445774118,0.9008734384624265
34,0.05710142743938179,0.006973812816589719,2.6230178110983398e-05,0.0013599576131089078,0.9345385719528086
35,0.17624394570403804,0.003582711023096509,2.3562375093377283e-05,0.0019226260174654514,0.8182271548803067
36,0.37849660177287114,0.04553540193746274,4.934158654551883e-05,0.028111958859437798,0.5478066958436828
37,0.3199225181994764,0.09315323236002111,8.559888200671247e-05,0.057283939718992725,0.5295547108395029
38,0.5643143784707867,0.020706397043594237,4.103834890256962e-05,0.018511614324631127,0.39642657181208535
39,0.5282494450802026,0.3067540328100769,0.00012725558515034067,0.0857942865108865,0.07907498001368361
40,0.15743486671506826,0.7746604578242345,0.0011882287238580136,0.017826494530820993,0.04888995220601827
41,0.11276620759262163,0.8549567530611675,0.002669569464837345,0.003226720814021258,0.026380749067352386
42,0.09337883915154808,0.8830879853531336,0.001077921015129771,0.006129063618536361,0.01632619086165233
43,0.08975199230734558,0.8766559342767892,0.00044867727129395234,0.0038811912118306476,0.029262204932740496
44,0.10841804509724151,0.879295897006263,0.0008506786874571507,0.00158033023751527,0.009855048971523043
45,0.05431175730964812,0.9402731272315686,0.001543898244469256,0.00030441462501242656,0.0035668025893016175
46,0.0684905636869513,0.9184505896438729,0.004470694019878493,0.00012025608412080582,0.008467896565176549
47,0.012919811229361765,0.9286807327720912,0.053339045856009036,7.911537096287078e-05,0.0049812947715750875
48,0.053550817995487554,0.9212023898537982,0.010077445394991355,0.00020138744897120735,0.014967959306751759
49,0.01308683339927008,0.9688970157414911,0.011438229523467241,0.00020120300559605252,0.006376718330175408
50,0.022267603231804205,0.9395404536567281,0.026418460074525266,0.0004435202141497881,0.011329962822792557
51,0.01578414580203969,0.8327667506917833,0.13981509926307753,0.00018547435540285876,0.011448529887696707
52,0.013154218696254784,0.8469192106306295,0.13072749290450783,0.0002812814687901943,0.008917796299817551
53,0.006985445812001159,0.746763720870508,0.23557823071925002,0.0007116622886102651,0.009960940309630673
54,0.01165089086005123,0.8880614187631476,0.08874653382274286,0.0007826772952510365,0.010758479258807328
55,0.005105503019788832,0.6695500467711575,0.3180690399765659,0.0004171019861686027,0.006858308246319242
56,0.049176922280112244,0.9068587362723364,0.026306824039185803,0.001651775040774747,0.016005742367591096
57,0.017820509427720257,0.8765707778762214,0.09869885203885312,0.00024440015265980394,0.006665460504545468
58,0.010149155832313345,0.7858252358630787,0.19815777259242862,0.0003761083185181542,0.0054917273936611844
59,0.009366958597685816,0.9087963384425396,0.0731083952541679,0.00037220389450881336,0.0083561038110978
60,0.004325290512099598,0.5616809968997497,0.4258822084715601,0.0007864076555736919,0.007325096461016992
61,0.009358985649046248,0.4594383562544003,0.5171779221174807,0.0013786910681479801,0.01264604491092477
62,0.008076938767404439,0.35289629850053905,0.6020773310371528,0.0008014469247943018,0.03614798477010943
63,0.004068044942616315,0.22683269563316288,0.7357418105189121,0.0004627520593904706,0.03289469684591824
64,0.006548638932613827,0.013686499343232367,0.002676335279498303,0.00016617954543752384,0.976922346899218
65,0.07845795053214605,0.03349358439383093,8.424500420798893e-05,0.0013671467530524044,0.8865970733167625
66,0.2022343558574259,0.051002752014374875,0.00010097885139014833,0.0019345899875860232,0.7447273232892231
67,0.002274347138144667,0.0009096207397674851,0.0001884116803485325,1.1116653491770864e-05,0.9966165037882475
68,0.1855646061776134,0.008696870113237526,1.480608560151139e-05,0.0004752029795005833,0.805248514644047
69,0.36774631229398425,0.006148813326683688,1.656899452812195e-05,0.00043969040511474076,0.6256486149796893
70,0.7902903715199422,0.04223472564993106,5.311688784271402e-05,0.0013897280493545498,0.1660320578929294
71,0.6116002109177473,0.32898052463689975,0.00036444697009711395,0.009304353037199975,0.049750464438055815
72,0.42060383020621644,0.5474358443892433,0.0005138581617815872,0.0033979468086257495,0.02804852043413287
73,0.07181563793328355,0.9181590391736442,0.0018427381554222341,0.0008557596147232237,0.00732682512292655
74,0.25115809031246233,0.7238641675450843,0.0005496035633999615,0.01420089298942356,0.010227245589629829
75,0.06461739288990155,0.9238617704369907,0.006027818477871076,0.000805050620871634,0.004687967574365046
76,0.07581440304648163,0.8846940696995735,0.027923995360248983,0.0008371246464364365,0.010730407247259354
77,0.027900813279873402,0.9622658475641133,0.005795070162517524,0.00044555649843315575,0.003592712495062716
78,0.025556368243082373,0.9617391426066381,0.008070801559372866,0.00032237977896036683,0.0043113078119465095
79,0.010907824539328332,0.9034703976653892,0.08260487566613613,0.0002759808324965869,0.0027409212966497906
80,0.007079489476057968,0.7719913736537177,0.21779220063051138,0.00018720907970118158,0.002949727160011703
81,0.00839540918299134,0.918946897698518,0.06936794928732164,0.0001285090650855661,0.003161234766083498
82,0.006669962438492294,0.7371127698880563,0.25320667205279984,0.00019339810792646454,0.0028171975127249766
83,0.00231321706756369,0.6831716907843128,0.3118809411839367,0.00010977019907711155,0.002524380765109699
84,0.0019906502078505394,0.5824234607191454,0.40947607094503613,9.570640655460206e-05,0.006014111721413363
85,0.0010152249227969319,0.14194704114734988,0.8531189974691583,4.491825787950787e-05,0.003873818202815165
86,0.0018731810974026316,0.3566898806445731,0.6378800442665965,0.00011508106858821981,0.0034418129228395056
87,0.002595451296772219,0.203529829391668,0.791046787956091,0.00013092168360021768,0.0026970096718686907
88,0.0004880732742520101,0.08028392918356035,0.9179446818778716,4.8986845252443364e-05,0.0012343288190636472
89,0.0006610302882549489,0.1636498389953308,0.8335343100073155,6.213134899770884e-05,0.002092689360100888
90,0.0006969644195054068,0.2659518170972221,0.7310732420866691,6.625356320282442e-05,0.00221172283340061
91,0.000613555721520604,0.11560099091653321,0.8819614954971295,5.6188676881844796e-05,0.0017677691879346294
92,0.00040812068706303585,0.07311380881377628,0.9255222135175288,3.684139446079436e-05,0.0009190155871711214
93,0.0006596328503877952,0.08764414304219043,0.9103049287421453,5.01238285043009e-05,0.0013411715367720699
94,0.00041091427959149787,0.04518499288656383,0.9532282655903046,3.7576402253296096e-05,0.0011382508412867106
95,0.0008983671487916081,0.10290712082032208,0.8935217689663408,0.00014102749031537446,0.0025317155742299474
96,0.0007658482402653822,0.06592080309276509,0.9312603832074073,5.702757103224465e-05,0.0019959378885301745
97,0.0012064680899944156,0.03680951658785098,0.9599872037779542,7.288886322537188e-05,0.0019239226809750316
98,0.0005152109434330375,0.05808734898839107,0.939646528927712,3.7012680734806975e-05,0.0017138984597290963
99,0.0011684372494978426,0.08608393050969985,0.9107196822967767,0.00015675542287055732,0.001871194521154936
100,0.002663454939668049,0.05903492976076078,0.9365558103386492,0.00018359438028154874,0.0015622105806403627
101,0.001771545985222101,0.1596685921871189,0.8355854351392538,0.00014096157820967122,0.002833465110195441
102,0.0009062284918200941,0.12769881782277484,0.8693240522508116,7.690787775416448e-05,0.001993993556839188
103,0.0020573585908234614,0.19286599808998106,0.8021694650691665,0.0001350297955243891,0.002772148454504581
104,0.0010217802368625115,0.03772310280141399,0.9581951657315462,0.0001273937615034708,0.0029325574686738685
105,0.009848158375560502,0.07826383915465186,0.8965001922690979,0.0005055729796703071,0.014882237221019275
106,0.02501036450388229,0.19933927560588116,0.7139157403410268,0.000873220414414248,0.06086139913479537
107,0.005268459305019159,0.1365826652193575,0.8430832058797523,0.00034505213700839653,0.014720617458862759
108,0.01133271825464809,0.24319532823340573,0.7273212040368326,0.0004637738906446947,0.01768697558446896
109,0.08724678260404752,0.5071532208728887,0.37335903704424717,0.0021167023650220033,0.03012425711379468
110,0.006172489484890735,0.21323817842841836,0.775803791848615,0.0003321898053895336,0.004453350432686315
111,0.3789480729329502,0.5487936172713496,0.027041763457668934,0.0024621675399374545,0.042754378798093726
112,0.20085923085001509,0.7343858672553809,0.04326482035259096,0.002214940944523412,0.019275140597489516
113,0.20174191583155213,0.6868835809964593,0.07909762405572171,0.0031951542998364404,0.029081724816430326
114,0.14401065217652492,0.6799308035031763,0.014058022906998943,0.0031461170499484186,0.15885440436335138
115,0.04649873085346007,0.8556924417693137,0.07689267555358935,0.004077964845410256,0.016838186978226553
116,0.20181326647977887,0.7633919380378377,0.006809262122957819,0.005886791265084873,0.022098742094340765
117,0.06343748218384526,0.9077597877495058,0.015273768128692088,0.0024787072859574393,0.01105025465199937
118,0.03502329758889257,0.9529409057152424,0.006248063200330528,0.0023728732788838715,0.0034148602166508097
119,0.06750868957796866,0.9123598459513782,0.008169739611268238,0.002082997323670964,0.009878727535714036
120,0.02904434851761255,0.9310434268820859,0.03139376852431066,0.0029440644385736706,0.005574391637417255
121,0.058613854142926414,0.9088812025251126,0.01649951285583713,0.006690259353688933,0.009315171122434879
122,0.14574181849323692,0.7891671321521182,0.001989283505512052,0.04842707313187227,0.014674692717260423
123,0.03302857563052246,0.9278155362106526,0.015211683623998924,0.013118251058049073,0.010825953476777088
124,0.1648591438148759,0.46952949520934784,0.0008126731733659783,0.33403886735193505,0.030759820450475168
125,0.2016633138719135,0.4313266283262894,0.00955820394597733,0.1937662167470607,0.16368563710875905
126,0.08830040684884635,0.5711296212083937,0.002183023153489625,0.3093483434739923,0.02903860531527812
127,0.07013422375071832,0.17326298099325696,0.0007410938681192791,0.7125387631359084,0.04332293825199697
128,0.19942969574798555,0.05241888460817129,0.0007563719621537382,0.2582044589006515,0.4891905887810379
129,0.1481900239011428,0.0493805900761295,0.0004166395127509172,0.7286375318742402,0.07337521463573655
130,0.1031010228798479,0.03466303409342864,0.00029518996948463554,0.8033573926924905,0.05858336036474827
131,0.09046596409809562,0.038260551391199424,0.0003146999106003052,0.8344160681188139,0.036542716481290795
132,0.026553868588785598,0.01489807167021421,3.741584873106884e-05,0.9322348176322143,0.026275826260054775
133,0.022678755884823983,0.008321887880735065,2.5015986512090208e-05,0.946134950659761,0.022839389588167783
134,0.03496291915008017,0.01572090588697083,4.849117138109864e-05,0.8777103711637507,0.07155731262781717
135,0.05448698827596553,0.016589667610883953,3.395062669338678e-05,0.8801378015017043,0.04875159198475285
136,0.056402654051305394,0.01979703906951393,6.977752985145712e-05,0.8560113979039078,0.06771913144542141
137,0.04620878762107997,0.033450031824765254,3.9150250252004974e-05,0.9033272077343568,0.01697482256954607
138,0.0750687310687536,0.03506617386393997,6.638134732839035e-05,0.7825338170949401,0.10726489662503808
139,0.051029646623126736,0.02215954966099174,0.00019404818972102702,0.3661920377189145,0.5604247178072459
140,0.171563142422846,0.11345708992130278,0.00026983322438380524,0.5143457150751741,0.20036421935629337
141,0.12763666525312575,0.05651294046926875,0.00010041620933014757,0.7425756066269903,0.07317437144128504
142,0.07096265142731549,0.07186781310540209,0.00022834469378377005,0.7400945243804788,0.1168466663930199
143,0.07820315256612491,0.04624220603283855,0.00011833320415364189,0.7749759258533538,0.10046038234352896
144,0.05778572269238346,0.05063328578889049,0.0001943019643242094,0.8310625607209137,0.06032412883348824
145,0.039334906980211755,0.023082008931259713,9.646199808836349e-05,0.9068190575191294,0.030667564571310785
146,0.04119318048727188,0.04783188564361871,0.00018873416218201784,0.8617511305787611,0.04903506912816636
147,0.02732687067320926,0.009788458109162755,9.534455894723207e-05,0.942048121054333,0.020741205604347737
148,0.028509601337014696,0.023288583300740618,0.0001839814685718164,0.9169246447380801,0.031093189155592723
149,0.032599472206889156,0.04031611018317954,0.00014738755390856617,0.8844076263338241,0.04252940372219853
150,0.06032690602983374,0.012890439543334862,7.230595013574746e-05,0.8272040080944918,0.09950634038220389
151,0.07148896646594413,0.012450668134008,4.4353170098963256e-05,0.877653360009125,0.03836265222082397
152,0.22091294816223628,0.03250586030494094,8.444158599059497e-05,0.6200942381015057,0.12640251184532644
153,0.08893235088617171,0.017031332776888616,0.00021243925170549402,0.14725498082977578,0.7465688962554585
154,0.09180927335158799,0.015193230092097495,0.00012625708979846126,0.5342773714197875,0.3585938680467286
155,0.08692867890143298,0.015566239991768477,7.739289680117932e-05,0.823715317225806,0.07371237098419146
156,0.08301871374214569,0.015786538007395972,6.682941434738574e-05,0.8239947190933903,0.07713319974272057
157,0.0014007156473453183,0.0010541109950708662,0.00021959545408347313,0.0006717217706428146,0.9966538561328576
158,0.2814146118210709,0.01787819513287572,9.492607783863635e-05,0.018739777894086804,0.6818724890741279
159,0.5045267025644105,0.06365504036432804,0.000160143238602658,0.01357173989597775,0.41808637393668124
160,0.7335729298636674,0.13711018937050148,0.0003775709114170099,0.01085219433098222,0.11808711552343185
161,0.5773956085703356,0.3384368705183291,0.0005595865759281179,0.014491570594892512,0.0691163637405147
162,0.08774596507388965,0.8589777729099403,0.005166893656762141,0.010988463021146807,0.03712090533826101
163,0.17300490125706675,0.7629131469350136,0.0006369304325611582,0.043032347377823195,0.02041267399753545
164,0.13782771214112774,0.833970569325712,0.0017175661875339628,0.006544336168058439,0.019939816177567894
165,0.06099775392081796,0.9217673156012344,0.0023259463696997796,0.008254030863829646,0.006654953244418179
166,0.1280100580935527,0.8561034068371921,0.0015424658390923822,0.008219946924657032,0.006124122305505706
167,0.04375215344151474,0.9316572437390429,0.015444456890114497,0.0036189530831172044,0.005527192846210632
168,0.019339663087400562,0.9724883226424271,0.0045710298606004215,0.00154491728404491,0.0020560671255268744
169,0.06622535874181001,0.5898672074095064,0.14288906874215046,0.0006044646107049888,0.2004139004958282
170,0.2625127626319935,0.6990969124308734,0.005963444889126207,0.0019616836308506175,0.030465196417156375
171,0.18357011110645788,0.8054432042800418,0.0025307528563128312,0.0009594784695240546,0.0074964532876634245
172,0.08672887013128984,0.9070664974467482,0.0018571365696110776,0.00038561884359620093,0.0039618770087548145
173,0.022932774120921717,0.9670973754891062,0.006649361586481287,0.0004591376780041905,0.002861351125486459
174,0.014433384595643703,0.9644251652194514,0.017233447297479363,0.0011693300498154587,0.002738672837609885
175,0.012616022299134494,0.9363387692370926,0.044933618548108525,0.001590455717245161,0.004521134198419236
176,0.018208265865480435,0.9323999387380457,0.04199606116696388,0.0024050730730102465,0.004990661156499747
177,0.007734348110022775,0.8561818913141764,0.13007869049843157,0.001646698957695712,0.004358371119673657
178,0.021329061890517285,0.9526074488217341,0.016734710862716794,0.004447556716261785,0.004881221708770171
179,0.022027235746012747,0.8950658313529619,0.06558500861821359,0.008446363540369125,0.008875560742442725
180,0.01862827268633826,0.8116394314093783,0.14645332170155193,0.010991436785213114,0.01228753741751836
181,0.00823252237228802,0.6711944322731604,0.29534009369227027,0.009163984505937443,0.016068967156343723
182,0.01573120534149331,0.7272840124578928,0.19309602972058573,0.013540990975783556,0.050347761504244797
183,0.005604763776306252,0.014729815665334439,0.003004459270583198,0.0031957799268985255,0.9734651813608776
184,0.281811221639989,0.02971021711019284,0.0003975136171294776,0.009089799112470804,0.6789912485202179
185,0.6283329220160058,0.12740529357290403,0.002620474707020654,0.0027112252516643264,0.2389300844524052
186,0.024575746574562483,0.0030633038997760964,0.0001549241583235985,0.00020298510779918983,0.9720030402595385
187,0.3948683064775678,0.013504049702510464,4.9183558391530795e-05,0.0033370219009441053,0.5882414383605861
188,0.8220219079610152,0.11010628650878485,0.0002417967914006629,0.0014267898620525803,0.0662032188767467
189,0.7320573229321063,0.23400748908348906,0.00025017388893006944,0.002497978463134159,0.031187035632340567
190,0.3499463390959886,0.6270483560656263,0.0012066368480440545,0.010647251229525192,0.011151416760815946
191,0.09305604130487488,0.8970319761085811,0.0013313582723335367,0.005249121278838316,0.003331503035372186
192,0.017916188357455867,0.9605422747817819,0.01740498465288554,0.0015966957294793996,0.0025398564783973036
193,0.04405558631308348,0.8816896137874924,0.05448653552751184,0.0043814680747581315,0.015386796297153931
194,0.010941607241814455,0.7894383736622895,0.1929308024988747,0.0010531289624648998,0.005636087634556484
195,0.008715935362587638,0.800673065740907,0.18615750298067207,0.0012356463920021755,0.003217849523830975
196,0.015136828863677306,0.828771509511004,0.15003461514380234,0.0010152742268219623,0.005041772254694326
197,0.006522992190612287,0.639277256131406,0.35030686026103164,0.0007589231809525926,0.0031339682359974963
198,0.015837773831845387,0.8808537862915371,0.09856452008022264,0.000653462535082933,0.004090457261311935
199,0.008859500240760002,0.7650811996818011,0.22285159767952958,0.00034449043743915725,0.0028632119604702568
200,0.002314842475670839,0.3773038383865185,0.6169210020077555,0.00022822223286937953,0.0032320948971859527
201,0.015538246485221664,0.8223314969714869,0.15662243317569524,0.0008040419411624271,0.004703781426433918
202,0.001738087073218671,0.2956806787097245,0.7005625553881932,0.00020412875067175485,0.001814550078191926
203,0.002219107895438815,0.5925215018308094,0.4026384765684464,0.00026484106882682226,0.002356072636478543
204,0.0029976825324453866,0.5996664299296813,0.3930887623067481,0.0004826081845809643,0.0037645170465440527
205,0.0028841662432283425,0.39572192053251604,0.5987777736042589,0.0004744442823949127,0.0021416953376018227
206,0.0020389008828689387,0.2941346686566524,0.7019881976221994,0.0003142145011475828,0.0015240183371316072
207,0.0019578407794533207,0.25506079397282483,0.7412334903203543,0.00033532048546321965,0.0014125544419043208
208,0.0010114821362726444,0.1383942046905923,0.8595711525769947,0.00019757230080299327,0.0008255882953373344
209,0.00046848857495031113,0.05849949526934869,0.9400347191563321,9.078591442720557e-05,0.0009065110849418022
210,0.0004960690187413186,0.15057034192826427,0.8478652978733593,0.00022775611590377838,0.0008405350637314099
211,0.00017671643939620247,0.04591262130755857,0.9533036264807105,9.753140030528702e-05,0.0005095043720294861
212,0.0002297252686858139,0.03610917263081928,0.9628836614861225,7.70389728587855e-05,0.0007004016415135113
213,0.0001388296074852985,0.03294690580852614,0.9662755691968911,4.472608451531586e-05,0.000593969302581991
214,0.00026767411931065145,0.039601461340856695,0.9592819344623951,0.00011199825826320402,0.0007369318191743328
215,0.0003052250475910765,0.04240325069010438,0.9561850148648372,0.00015950560737174315,0.0009470037900954655
216,7.478013974236572e-05,0.017687922594981108,0.9817407377820343,4.167730543361003e-05,0.00045488217780857704
217,0.00016488560273574687,0.03105553223791857,0.9682103420529539,5.48694224125517e-05,0.0005143706839792609
218,0.0002807216302142532,0.04126204229133523,0.9578613920704215,0.00012983014948084233,0.0004660138585481571
219,0.00017372185388037293,0.03399968444870584,0.9649626925072077,0.00010734086666726577,0.0007565603235387122
220,0.00014275386814610055,0.02315836670154256,0.9760880346913153,5.952092715380723e-05,0.0005513238118422143
221,0.001469044188335406,0.24653013972047358,0.7492391795667226,0.0005974940785286764,0.0021641424459398133
222,0.0003447393972047325,0.1062013443311703,0.8926567625417171,0.00020931272410752434,0.0005878410058003273
223,0.00033606862033768744,0.05785467656285569,0.9411507709784681,0.0001105422626049244,0.0005479415757335507
224,0.00024798343054507687,0.04511064270773553,0.9542694334431865,6.836414673567852e-05,0.00030357627179711526
225,0.00033235086064658804,0.0653266473896689,0.9336397921446925,0.00020756768837231626,0.0004936419166197529
226,8.705427969572146e-05,0.029328938319791352,0.9701216141315785,7.645135068560802e-05,0.0003859419182488166
227,0.001061928507132495,0.05831446965131607,0.9392128764784712,0.0003315531960495194,0.001079172167030882
228,0.00041582365740498094,0.05983219665808529,0.9391290457753388,0.0001342343056478682,0.0004886996035228831
229,0.0001309470200621115,0.035694354270595294,0.9638379637860831,5.046367008598639e-05,0.0002862712531734059
230,0.00015211184807867008,0.03457033081311487,0.9649393671227225,6.597310901193635e-05,0.00027221710707192516
231,0.00023655218799479376,0.03934826940766383,0.9599196687308582,0.00010134483937140975,0.0003941648341118937
232,0.0002020204294113933,0.029932877709819353,0.969330894802791,5.9368122246052865e-05,0.00047483893573211657
233,0.0003843497032019481,0.038956336410197585,0.9600557400563685,6.306594395213004e-05,0.0005405078862796594
234,0.00019658718291573797,0.032633756217077196,0.9667544170071469,5.7509581885413755e-05,0.0003577300109748343
235,0.0001859949933757456,0.032386793643291514,0.9669498065201546,4.9943645451527335e-05,0.00042746119772675225
236,0.00030910845265056736,0.044603052798065417,0.9545373602755166,5.890005894044278e-05,0.0004915784148268217
237,0.00026300183929503035,0.04447936023702221,0.9546781864316001,6.956343036817951e-05,0.0005098880617146897
238,9.009297025015443e-05,0.019296824507773223,0.9803187309437573,2.785024199571361e-05,0.00026650133622360553
239,0.001123276452056992,0.08137984889142903,0.9156620933461902,0.00029824280287531543,0.0015365385074483469
240,0.0003018563437277491,0.034813526912051425,0.9643425597816964,4.2778014824963234e-05,0.0004992789476994411
241,0.0001689607357621232,0.029573049673599857,0.9696800872672424,6.606389936994655e-05,0.0005118384240257943
242,0.0003207882664256178,0.04648761535759227,0.9525535154321052,7.258081869607697e-05,0.0005655001251806631
243,0.00025245336306103965,0.03347670408323672,0.9658371694512649,4.480404981663426e-05,0.0003888690526207339
244,0.0009333443351916044,0.05285093952619801,0.9448740910822104,0.00013121850776956186,0.0012104065486303708
245,0.0005143543227996004,0.047523012649529774,0.9513133702939794,8.23907794151137e-05,0.000566871954276029
246,0.0002193562296563516,0.0501261930104031,0.9490053364648685,6.69488214923508e-05,0.0005821654735795856
247,0.0002094042544980153,0.04563009207259273,0.9534662738379042,8.706703159054174e-05,0.0006071628034144718
248,0.0005332888905011246,0.06011639235531643,0.938196403521516,0.00031583353442376437,0.0008380816982427602
249,0.00033258022465328997,0.03163313168906091,0.9672139083941864,0.00014244786934905542,0.0006779318227503163
250,0.00026188279334828145,0.04086773968859612,0.9578086257867988,0.0001994218393666661,0.0008623298918900845
251,0.00017047696602258414,0.03504892858936227,0.9638924278883676,0.0001677156368423134,0.0007204509194052906
252,0.0007385900633902437,0.05735468580642107,0.940538130279257,0.0001948725749654989,0.0011737212759660794
253,0.0009394801560155953,0.05174513294628007,0.9450327923926244,0.00023396487143968403,0.0020486296336404016
254,0.019158701471338645,0.2582227702121779,0.7149893210366034,0.002230961926218346,0.005398245353661616
255,0.15171726393349325,0.7885260785397102,0.017328869924567142,0.010924117866862109,0.03150366973536739
256,0.14621758062422352,0.8210755461206126,0.010958900354702159,0.010096859031064068,0.011651113869397624
257,0.014626549417387698,0.9581019876655429,0.024024341142284494,0.0005810402063397186,0.0026660815684449793
258,0.009573995637791054,0.9163652248260884,0.07077998727359944,0.0005283472124333898,0.00275244505008762
259,0.007734691561294085,0.7452187107711614,0.24398745788210996,0.0005064158813445041,0.0025527239040901662
260,0.0015624873769104683,0.4293071589836016,0.5667356614319428,0.0005979365869079388,0.001796755620637091
261,0.012738389514478407,0.6406976991775224,0.3336589298941639,0.0016677456333081325,0.011237235780527132
262,0.005748812032464822,0.30243408155098755,0.6887086640090849,0.00042259235206378444,0.0026858500553988422
263,0.004602185406076672,0.4970355545890224,0.49537519787787776,0.0007408993296790773,0.0022461627973442816
264,0.002489468699927058,0.25529770300738763,0.740550701789894,0.0004749076122532752,0.0011872188905380787
265,0.0014667198511649263,0.4163766458743604,0.5796346732438178,0.0002478505104945092,0.0022741105201623756
266,0.001396133679363578,0.4614465805741916,0.5355588498600998,0.00029780597587088925,0.0013006299104741147
267,0.0005285975431335762,0.10371319687422291,0.8943845162417489,0.00010599351121434503,0.0012676958296804256
268,0.0005760793974693422,0.18201364838366915,0.8160235619473818,0.00018562735073247724,0.0012010829207472044
269,0.0017313615170053505,0.2608163763429355,0.735716539501111,0.00031781726496316634,0.0014179053739848454
270,0.00028854320016025723,0.08885684892209061,0.9103116635877727,7.319761656348501e-05,0.0004697466734128442
271,0.0004033948139323059,0.12102318372438378,0.8779108661652648,0.0001143765216643379,0.0005481787747545997
272,0.00029679739832107465,0.08447971043200357,0.9147038711438296,5.297096385105839e-05,0.0004666500619946298
273,0.000255852293256374,0.0697780197063868,0.9293757479321946,0.00010610847588742447,0.0004842715922747975
274,0.0001996119444817196,0.07977777195989265,0.9193930764679237,0.0001094514920741825,0.000520088135627802
275,0.0018677319290954337,0.08313096474850733,0.9130465896249059,0.0002896426347051058,0.0016650710627861358
276,0.003202927542186679,0.26141852503883245,0.7308681083859637,0.0008415182379805887,0.0036689207950365683
277,0.0025982831861881047,0.11274258828079992,0.881627459477483,0.00043274641921377114,0.0025989226363151833
278,0.007273434191202783,0.21620792596532712,0.76157624895393,0.007023495478814249,0.007918895410725728
279,0.10463095912990293,0.8457907270566225,0.007591591566945539,0.01299636936731494,0.028990352879214167
280,0.3928196050361376,0.21330393887443205,0.005173276866189932,0.005952958446858404,0.38275022077638193
281,0.7824512546402278,0.10516490106577867,0.00020245239670655483,0.002134263615599413,0.11004712828168765
282,0.2690345467170548,0.7172537189961293,0.001519945611131192,0.0012814175551945069,0.010910371120490318
283,0.2792602942538197,0.7103559110291074,0.0008723308990386243,0.0026929684959080213,0.0068184953221260905
284,0.24519848876212516,0.7199918172160208,0.010377980180554261,0.008748351290644508,0.01568336255065535
285,0.016728479412882392,0.9421685509247885,0.035427781267253426,0.002988825234963986,0.0026863631601116516
286,0.04156773959323602,0.9453664812441807,0.0023758970201438567,0.007146122292480252,0.003543759849959187
287,0.015099823203569703,0.9499971605289029,0.028419338487852885,0.003765512846657482,0.0027181649330169245
288,0.05355692088289469,0.9303723848788104,0.0018310744102363866,0.0044265931239433525,0.009813026704115435
289,0.04285028632314883,0.9381646627650108,0.007577082012235654,0.004638842998177791,0.0067691259014270614
290,0.01610613963673801,0.9752740434363377,0.0025266626057681542,0.004544725909132645,0.0015484284120236371
291,0.17575605349200205,0.7713262867047959,0.0029260650466614506,0.012194238037836098,0.03779735671870458
292,0.0769298109782375,0.8926961399838262,0.0014786641888812546,0.019266613331276525,0.009628771517778674
293,0.044378500274809704,0.9420166916101902,0.0022364979066067468,0.005586555122872682,0.005781755085520661
294,0.4928370498964664,0.25465047878852104,0.0009125118569564689,0.02573554008687089,0.22586441937118515
295,0.1528023637643115,0.8224623361851111,0.000837057674406268,0.01608127617083421,0.007816966205336904
296,0.06282143067678791,0.1495282239244223,0.012816754355523275,0.0011395470083060395,0.7736940440349604
297,0.8061396886293459,0.1676061032410842,0.00019546033868881736,0.00588298412409282,0.02017576366678819
298,0.2547559610377911,0.7338024608369491,0.0009638284700944101,0.005528524977599834,0.004949224677565517
299,0.10445070099855322,0.8898029977453671,0.0020160568495699725,0.0016283564884092977,0.002101887918100557
300,0.019251613211260777,0.9720102855548037,0.0010757325964366707,0.005549737204527619,0.002112631432971197
301,0.0061427677051069446,0.9802312076127642,0.006134297566968359,0.006013709294262995,0.0014780178208972095
302,0.01584715117846231,0.9620191887101096,0.0029581461281119707,0.014023383466308268,0.005152130517007681
303,0.01780365219765479,0.9572549260709129,0.0008548724611963491,0.022304434537583115,0.001782114732652765
304,0.01180750934261171,0.9510490358688656,0.0019018037891350519,0.03103556838131155,0.004206082618076264
305,0.0842623346610693,0.7768554922344637,0.001513339994901873,0.11277637630541003,0.024592456804155303
306,0.032696322376472804,0.8825509880358264,0.00017490705085576795,0.08170643252647386,0.002871350010370939
307,0.24870295168796713,0.405735609955665,0.0028047184871401974,0.10284531042157535,0.2399114094476523
308,0.37441972481435537,0.3842408949786304,0.000329490970685867,0.2164164484233999,0.024593440812928444
309,0.043526440086074515,0.8792400901247881,0.0013323589790208742,0.07180319707677511,0.004097913733341395
310,0.1327094188739514,0.6169226140735747,0.0002136629665328203,0.23478133127413084,0.015372972811810371
311,0.06048508387558432,0.360762203902664,0.00015930355900696397,0.5668051577799648,0.011788250882780026
312,0.03639398851082927,0.470579940806436,0.00037149105037823104,0.4867661692557745,0.005888410376582037
313,0.03867109830834387,0.0622521355299204,5.714494620515506e-05,0.8942716518775201,0.004747969338010502
314,0.03859919976415937,0.06499634443672793,6.0414785698004224e-05,0.8877875257384906,0.008556515274924095
315,0.04538064017851775,0.023716153909784793,1.7514060922552775e-05,0.917072295938964,0.013813395911810862
316,0.09237677991424738,0.11455463908248109,2.9732211920549e-05,0.7849782094339689,0.008060639357382072
317,0.10847853020028071,0.04618660653426259,2.541676226128369e-05,0.8322670380347841,0.01304240846841127
318,0.08529943689970342,0.08550142575601107,4.4083686915217325e-05,0.8175134345677806,0.011641619089589753
319,0.0756448583959795,0.06971900582772972,4.975320786002023e-05,0.8363384170665502,0.018247965501880674
320,0.05730495263043051,0.03994358465524133,3.390204157113335e-05,0.8959801509705119,0.006737409702245272
321,0.05407219884272363,0.04156989259896851,3.995490264385465e-05,0.8958891480108168,0.008428805644847173
322,0.06319663059733249,0.019957618076588437,2.6455030058496833e-05,0.9062655028825347,0.010553793413485705
323,0.006265371082110726,0.025183882026739875,0.005095299786905173,0.013022898273228932,0.9504325488310154
324,0.631299469462893,0.10202983801974554,0.0003853944956546628,0.1840855108572934,0.0821997871644134
325,0.4601801794785782,0.382092443805803,0.0005665447804957195,0.08134316418816642,0.07581766774695663
326,0.3260670938058975,0.5402329283717965,0.0003953819012483232,0.08966782020202185,0.043636775719035854
327,0.08128358563510335,0.21556535142021693,0.00010983629969349051,0.6955639317819013,0.007477294863084926
328,0.059352791916604614,0.09920732291163799,8.540734587914538e-05,0.8319315180513815,0.009422959774496722
329,0.03733152126323431,0.06148773298490014,5.918920597831827e-05,0.8911471501011204,0.009974406444766739
330,0.07253693595514539,0.11886022068460707,6.735343968236105e-05,0.7945589113970647,0.013976578523500469
331,0.08212887373226348,0.09740779850886418,0.00019844220364462447,0.7793286818478443,0.04093620370738345
332,0.04399817651019772,0.05534525425708988,5.63030141504592e-05,0.8943270258050204,0.006273240413541641
333,0.03342031897351688,0.036959857249169656,4.8525616711501684e-05,0.924832372516025,0.004738925644576839
334,0.02525980069714458,0.02918409034053708,5.2354272626812083e-05,0.940044006776821,0.00545974791287049
335,0.022444836114664763,0.0719844148586522,9.711336225388106e-05,0.9008358229548372,0.004637812709591875
336,0.021262865696038222,0.026241683925673203,6.318376688263496e-05,0.9496606687743031,0.002771597837102746
337,0.017947128847996943,0.021789611108308026,0.0001104848513833199,0.9499173780122926,0.010235397180019179
338,0.014255138366632765,0.005957322176379549,3.163182013223492e-05,0.9766028479837328,0.003153059653122622
339,0.009198273612640924,0.0034778063044453847,2.814884249386187e-05,0.983286130600602,0.004009640639817771
340,0.004869169681138449,0.0031798086915620365,2.4706177904903706e-05,0.9902761414984536,0.0016501739509411013
341,0.02136560171054567,0.00984417909062499,2.016523020937155e-05,0.9558609014170422,0.012909152551578037
342,0.052530786567260505,0.02037513983881936,2.0728304622307422e-05,0.9215337382391842,0.005539607050113619
343,0.14917772698727297,0.02944903615211322,2.796169120275204e-05,0.8078353783554791,0.013509896813931846
344,0.18702474064560629,0.025464035128330325,4.355288333738202e-05,0.780245394486304,0.007222276856421867
345,0.08733008095890289,0.011581789705532041,1.954115810228371e-05,0.894487341320347,0.006581246857115687
346,0.04308166298071021,0.013578549903994387,0.00020291625994272225,0.9242909510950791,0.018845919760273604
347,0.04465249640416874,0.009724755748161448,0.0002886555343053481,0.9374715463257897,0.0078625459875747
348,0.027561854007564977,0.003098879496158393,9.800792848792847e-06,0.9640125439414995,0.005316921761928355
349,0.029866559898507856,0.006455194231873617,1.4120293539851386e-05,0.9606534644244414,0.0030106611516373784
350,0.050639075558456335,0.013872730389736965,5.1702422632567276e-05,0.9275238797587565,0.007912611870417528
351,0.06689356345905517,0.07543618258752392,0.00026280524203676554,0.5428674923390318,0.31453995637235244
352,0.09015439796945345,0.043797471451968446,0.0006416268944841162,0.1416686208606542,0.7237378828234399
353,0.731634971587818,0.06547760293424972,6.234629542957614e-05,0.16207939542109595,0.04074568376140685
354,0.7134383061154153,0.11439146972490857,7.373048718734673e-05,0.1253127069968666,0.04678378667562221
355,0.5287479729552644,0.08780765877454591,0.00016467678045086097,0.34283789991477803,0.04044179157496085
356,0.15641131664621055,0.1066591477453872,7.474672388528455e-05,0.7205150952708274,0.016339693613689452
357,0.20920028917901262,0.09361569338324302,8.791761220218264e-05,0.6705098828549527,0.026586216970589435
358,0.24453183267795417,0.1158712723276843,8.206847010060306e-05,0.6162136745798004,0.023301151944460703
359,0.3963327654068095,0.20756645685238262,9.939083237711322e-05,0.3283946539769205,0.06760673293151022
360,0.406283675029214,0.22475857598894522,0.004121708366552754,0.23752845615176627,0.12730758446352175
361,0.34267865046150003,0.5187384407319986,0.0011588543557357037,0.09881772359842336,0.03860633085234231
362,0.20418473170824153,0.6870188520508357,0.0003184366610105166,0.09356010622616448,0.014917873353747781
363,0.17973713688406626,0.7362019126597434,0.00026951091455738115,0.06356855428059975,0.020222885261033344
364,0.09528928212986064,0.8844225147132179,0.0006354265517883674,0.014431270850307872,0.00522150575482534
365,0.05131496008696883,0.9392959435030909,0.0009158046119045526,0.006394377557322206,0.002078914240713745
366,0.04844499495764923,0.9396386647028044,0.0014964821122538424,0.0050036204490992746,0.005416237778193271
367,0.09902379623165844,0.880639134973248,0.001348557354089473,0.010687855060467096,0.008300656380537228
368,0.020262362887228567,0.9729576847498377,0.0019434598784847995,0.0015220058664273941,0.003314486618021687
369,0.052133207718150554,0.9231509642632907,0.0060780282497413405,0.0048665081471072425,0.01377129162171019
370,0.0437579644670392,0.9480568246648717,0.002694825641648366,0.0023024870612969694,0.0031878981651436316
371,0.02398417785581478,0.9548592559491178,0.01120371861894467,0.0033602786256290928,0.006592568950493702
372,0.05534251153841889,0.9229792817492501,0.0017651857458801429,0.009792396481769569,0.010120624484681347
