epoch,N1,N2,N3,R,W
0,0.08575924680660182,0.07178175671317898,0.03930668819432369,0.0019981235407179818,0.8011541847451774
1,0.2582492010922598,0.06883797080422097,0.04058926465544796,0.0009576729235173366,0.6313658905245539
2,0.2868043552223632,0.03288099028526885,0.001366930204853684,0.0008385826497965343,0.6781091416377177
3,0.3066142586352753,0.03735239714390187,0.010346997864205306,0.011049407896768474,0.634636938459849
4,0.1429596115923098,0.020581189170200926,0.00582175889153832,0.001555879930305419,0.8290815604156456
5,0.1136274392499062,0.02187135198744711,0.0001235933959969173,0.004768416193700505,0.8596091991729492
6,0.11071796787442335,0.020068795850917337,0.008688017560335388,0.0020711552054912498,0.8584540635088327
7,0.19507483291061456,0.05323003423155687,0.0013506267343733277,0.015402990901792288,0.734941515221663
8,0.06072862121204295,0.16539236275410815,0.000897646430733351,0.021644851298928833,0.7513365183041867
9,0.08225825916039535,0.5743996634636932,0.0011613746838830753,0.04077283182987985,0.3014078708621486
10,0.09124150418755848,0.507048967125848,0.0007869997632404102,0.0657220853751459,0.33520044354820727
11,0.1584000443494355,0.4283899871503402,0.0002770875241166116,0.07273852355222445,0.34019435742388326
12,0.1383397383469558,0.5040460189160226,0.00014166736419702193,0.10207074343185021,0.2554018319409744
13,0.17310322997270197,0.5729345897307926,0.00038903205590104485,0.03205839319280533,0.22151475504779894
14,0.19474574508034365,0.44593753985504664,5.980508902246869e-05,0.05853188845731541,0.30072502151827185
15,0.07298363795599506,0.6379341634456022,0.0005204570264836525,0.0484515839178918,0.24011015765402738
16,0.19640846914466073,0.2515099732971509,0.0003012339113459031,0.06968496160062204,0.48209536204622044
17,0.20544905308534314,0.46068296924287766,0.00014491864610834994,0.022832947930569027,0.3108901110951017
18,0.21263274571755172,0.44431602108372026,0.00014843995033669646,0.02198732274181171,0.3209154705065796
19,0.08213137222615928,0.6119646681571982,0.0006843196825367365,0.029817090506970644,0.27540254942713527
20,0.12066957746973797,0.4439008447114792,0.0007512614275044875,0.05666914108097536,0.3780091753103029
21,0.1936299919692578,0.6233818495500111,0.0009847743635046867,0.03782142256876953,0.144181961548457
22,0.07582550280807265,0.8150356999759962,0.0017088490330202312,0.04498173098592743,0.06244821719698358
23,0.08128760027584425,0.6392395089575793,0.0012727989648858558,0.09977553127711129,0.17842456052457933
24,0.19974825270511556,0.5286853370549512,0.00044229646583445885,0.11667883852676725,0.15444527524733137
25,0.12154806031446433,0.7444236352568993,0.0016448809496134409,0.05714898176007999,0.0752344417189429
26,0.389576438670862,0.47074201356928475,0.001228516786660493,0.05571961688316744,0.08273341409002534
27,0.10119255704822837,0.8200833660019107,0.0003914034987850854,0.016114341648472346,0.06221833180260344
28,0.02979407318254331,0.9189579575985066,0.0042464670188596025,0.012372402347460381,0.03462909985263027
29,0.029614379687142874,0.9251582538820549,0.0013889681700679688,0.008163728240561165,0.03567467002017315
30,0.03634424282503187,0.9070307078912,0.002023521805906156,0.02344868265485641,0.031152844823005395
31,0.0615143999020882,0.8296344756342545,0.0024253133870108467,0.03177578997408042,0.07465002110256584
32,0.12326316527543653,0.8425644367153005,0.0017364833979809844,0.009168608150300493,0.023267306460981848
33,0.07679241805853372,0.7991006688601512,0.018319541893907117,0.01526490041441886,0.09052247077298922
34,0.04982914161473434,0.7057764261747178,0.004571921872390274,0.11854627263629955,0.12127623770185798
35,0.04320040729852639,0.8466176093665944,0.00469013939562909,0.024676032103974725,0.08081581183527543
36,0.09958940170070842,0.572717638228839,0.003415111369697243,0.08741498755682599,0.23686286114392932
37,0.07551172635853452,0.8219537944386316,0.0025753670937927846,0.03129146570380586,0.06866764640523527
38,0.09506064123999643,0.799974333392543,0.0020064435291932544,0.02374190540271109,0.07921667643555622
39,0.03545106964175364,0.9190985452760915,0.00356146333658318,0.015339086596828573,0.026549835148743203
40,0.07167072923577349,0.8158729247479487,0.006164632349494473,0.048618768333536524,0.057672945333246836
41,0.021721475198351714,0.9011072978525779,0.004034176301436094,0.05766641186114815,0.015470638786486107
42,0.050207441503323146,0.9105075017858006,0.0010042719514108493,0.02583291816720484,0.012447866592260473
43,0.09879251715624786,0.875866192281169,0.002272234572313187,0.004628319739539141,0.018440736250730734
44,0.04413904550021737,0.9336238776173978,0.006650285720209067,0.005709364667276917,0.009877426494898927
45,0.02610540735738058,0.9626775810040094,0.002023768871183684,0.002882703598296925,0.006310539169129418
46,0.02496800764002767,0.9560345441393533,0.002329385339587063,0.006242326036406375,0.010425736844625413
47,0.04686539406115972,0.9224593486447186,0.0025892025971482107,0.01223342376021412,0.015852630936759586
48,0.05396666677193183,0.9247280774424437,0.0014228685868858568,0.010843632598527799,0.009038754600210716
49,0.09729255338913137,0.8774036494518272,0.0013866098895936065,0.003916981543972142,0.020000205725475596
50,0.036203009596716386,0.9537092737291968,0.0016563395479873661,0.0030310953616102094,0.005400281764489299
51,0.042990341242469726,0.9311248453240216,0.0039818450645115145,0.0014884748708264256,0.020414493498170795
52,0.033496281737377065,0.9302673530417421,0.0031714480848639617,0.0016989304387228085,0.031365986697294096
53,0.030508484322753895,0.9525209696281995,0.004246691149836137,0.003481946655237017,0.009241908243973402
54,0.05301005741565409,0.9278268414083937,0.002674642807554735,0.0057499066223875095,0.01073855174600984
55,0.03717246506248528,0.9476191934637789,0.0028364962179614757,0.00240467111919039,0.009967174136583766
56,0.05331067578702399,0.9332326321498806,0.0018449029653241338,0.004392439866692648,0.007219349231078493
57,0.04224758680933044,0.9487273419692684,0.0011278426811392017,0.0017504451654723448,0.006146783374789519
58,0.00012550200981266196,0.0047885565191173075,0.9949936436947657,7.1309253875069455e-06,8.51668509167057e-05
59,0.027854179042401145,0.9540760909273449,0.008719886235087035,0.0008087917936245269,0.008541052001542442
60,0.23416862710166944,0.5737814829296475,0.0010932311988928883,0.016194421752211217,0.17476223701757893
61,0.1967508538185709,0.7168059279809006,0.0032793834644335154,0.0032169843119884286,0.07994685042410662
62,0.17337767274415722,0.7913687115489069,0.009884076976155254,0.001861135524132764,0.023508403206647814
63,0.6217615624816086,0.3345605808713366,0.0006796613243415058,0.004596160149273242,0.03840203517344
64,0.09070527886729157,0.8834811659450281,0.011206076009571958,0.00017573631499685871,0.014431742863111365
65,0.09386865465171462,0.8472607482078203,0.0174609696868255,0.0007654578322343489,0.040644169621405345
66,0.20714135658366384,0.673328568094098,0.014952304483999194,0.004941652277226044,0.0996361185610129
67,0.24870145921277206,0.6705197058801391,0.00930396569657324,0.00890682866136837,0.06256804054914722
68,0.25912790036724637,0.6476264802477761,0.01410566541785993,0.005289066440581888,0.07385088752653589
69,0.11923886717718356,0.8194749988428284,0.018667373197110503,0.00513967845384887,0.037479082329028704
70,0.12509451598703927,0.8213954257913173,0.020138564682350528,0.0013324268999474233,0.032039066639345484
71,0.07639820099543025,0.8561381609574649,0.04846758847194433,0.0009360990266517393,0.01805995054850897
72,0.2746723328363521,0.6100571068040546,0.007042441146323455,0.0038355374889808315,0.10439258172428913
73,0.28318455755109484,0.6850217607292874,0.006966112773364807,0.0016882803742488052,0.023139288572004056
74,0.22469437562560113,0.7333517304385859,0.005752716794537431,0.0027797263845027575,0.03342145075677268
75,0.12458656252333901,0.8254113880802332,0.028354250712047127,0.002930633273246526,0.01871716541113414
76,0.0786939472232329,0.8673924434344734,0.0259534429785231,0.0021991565425916937,0.02576100982117882
77,0.06031316787378917,0.9012073040238378,0.013188371959801616,0.007112721897285466,0.018178434245286087
78,0.21583892631233537,0.6949580456594209,0.02301225979999771,0.003231666163560373,0.0629591020646856
79,0.25076764970099163,0.6802077866070775,0.022835416271476193,0.002759111727395395,0.04343003569305942
80,0.5809947791663248,0.3834678271318296,0.004396037944413209,0.0028547095754035707,0.028286646182028884
81,0.10305623435522586,0.8349590453334359,0.021184583336216697,0.00267767770788118,0.0381224592672404
82,0.29247994459752014,0.6073454410725565,0.0071895926129772764,0.010239874357967105,0.08274514735897903
83,0.12032644092948457,0.76358588449048,0.01832530435837251,0.015313797723352722,0.08244857249831017
84,0.17853049523071246,0.6918952952992266,0.006420444082207803,0.023242484413844428,0.0999112809740088
85,0.03954240475566346,0.6413060829347873,0.20952265291880906,0.0021632091965679834,0.10746565019417238
86,0.11498639329158253,0.6221960327643247,0.015695748162307708,0.008090883956781793,0.23903094182500328
87,0.11848310754990918,0.23188054461075075,0.016629954483255494,0.0060640321105125,0.626942361245572
88,0.17162350002053559,0.43139596023590787,0.021227438197421983,0.02368582878939931,0.35206727275673516
89,0.059753970499149184,0.11153753136557573,0.014463287289305614,0.004007121244308743,0.8102380896016608
90,0.16231363878196522,0.22428155361653182,0.020419419827062277,0.008157131641403201,0.5848282561330375
91,0.2314241827351706,0.3991756141522078,0.014468372886909466,0.03260529273902942,0.3223265374866828
92,0.20140729498218446,0.34553171690630907,0.026545896110248542,0.008887125404660917,0.41762796659659696
93,0.16295135411066636,0.5755619132455904,0.015601503533615555,0.020932829543225843,0.22495239956690186
94,0.13220251224797297,0.5920832129271623,0.0030867109079328312,0.017556748042897984,0.25507081587403385
95,0.24590225842867164,0.5055971580698942,0.01199772281765128,0.018615849587497218,0.21788701109628567
96,0.132249044490992,0.661008221693341,0.06775483471107797,0.010091960828155517,0.12889593827643345
97,0.0977389531028318,0.7743274694552503,0.05101316028796297,0.008988037745189296,0.06793237940876545
98,0.3195506741928779,0.5682042141590784,0.01638133573233141,0.021103010507629676,0.0747607654080827
99,0.22940129297176826,0.6940427814462533,0.04788875548503066,0.008682398585590232,0.01998477151135764
100,0.3084091918709498,0.5874628012989581,0.08128644105412816,0.003983056248975335,0.018858509526988716
101,0.07419654066998653,0.7622762491756316,0.14333527509365876,0.001708883475239427,0.018483051585483704
102,0.23349222416630308,0.6843019412680571,0.020687341400853168,0.011195772336988867,0.050322720827797734
103,0.32693539213102496,0.6179176697179513,0.007564909981542142,0.01027650236349093,0.03730552580599078
104,0.035869607596399684,0.9082048130004597,0.038545706955067996,0.0013426681185799445,0.01603720432949253
105,0.04982403502741863,0.7439482707202448,0.1693162907506555,0.0009565635615999604,0.035954839940081085
106,0.0770824381080183,0.8750771516993392,0.022572619459984976,0.0034303232083490154,0.02183746752430844
107,0.10692433341865057,0.832344066383804,0.018954254375904086,0.005314816634985044,0.03646252918665631
108,0.08794017637969022,0.8525543588046729,0.021957605801800163,0.003818756658912663,0.03372910235492407
109,0.3784767407596191,0.5684887574846622,0.007926505162039833,0.013799109812822537,0.0313088867808562
110,0.12461260372383323,0.771706726114443,0.052929465149665726,0.002764669878287448,0.047986535133770325
111,0.11996590040783639,0.8032666617325076,0.021517107068045688,0.004261352919764437,0.05098897787184579
112,0.27774109162091093,0.5516768302315407,0.01464253100942705,0.006155261461367458,0.14978428567675392
113,0.25846473648303103,0.6724993650720792,0.005197631537932779,0.006020188518258141,0.05781807838869878
114,0.11333898379847968,0.6495087683463047,0.186955309285745,0.0031424941217319136,0.04705444444773868
115,0.05879103406939787,0.8276581657486323,0.04899093694953636,0.0029927172536487892,0.06156714597878475
116,0.10592784485474355,0.7620045377934688,0.040461686756051864,0.004126192872786002,0.08747973772294979
117,0.10030183213289326,0.7496186699369062,0.07326808057293077,0.006612199443604081,0.07019921791366573
118,0.3239160340877199,0.6113579373780884,0.017656318271565826,0.003590108178247735,0.043479602084378226
119,0.10841440422526659,0.8347758335984433,0.03098614767567956,0.0028855362325149896,0.022938078268095588
120,0.11606650709724539,0.8182947777057755,0.040044344321127905,0.004076419863961658,0.021517951011889632
121,0.282496729182189,0.6743546101749255,0.010106461974625697,0.00688613451900277,0.026156064149257092
122,0.046920458229717986,0.8900270446689381,0.0499230081542777,0.003554472104090369,0.009575016842975593
123,0.08123457244043665,0.8399439690056322,0.05933309011821299,0.0034748013598883834,0.016013567075829585
124,0.08462925582021115,0.8664890432320268,0.03176770565524994,0.004764283169588208,0.012349712122923826
125,0.07392396006305453,0.8359770864214195,0.05689329570904347,0.009030274281470725,0.0241753835250116
126,0.14533334334657466,0.7161639096777177,0.09679714617694664,0.005190375515537212,0.03651522528322373
127,0.2671084844534511,0.6425658369198247,0.02314073877907692,0.01738240848628008,0.04980253136136738
128,0.06707613991418279,0.8623736707173137,0.04609997231422038,0.0037133472687969358,0.020736869785486032
129,0.14724272289450177,0.7810547460764388,0.03565030116540887,0.01222340937425539,0.023828820489395268
130,0.08182318072112635,0.880817912613806,0.02021949575788568,0.0066787505524766155,0.010460660354705291
131,0.14584558163178818,0.8005525874088865,0.017447878465369354,0.01054446312291934,0.0256094893710366
132,0.08536825885791617,0.8613959874312598,0.027367257106082007,0.01484225612125477,0.01102624048348716
133,0.14743560090665572,0.7972707073019981,0.025758219836546765,0.00966136603402087,0.019874105920778568
134,0.058909666919176346,0.8247423506268274,0.09427832268422648,0.007680022612346189,0.014389637157423571
135,0.04059935520490051,0.9054144768592829,0.03353013150581682,0.006049482269954428,0.01440655416004516
136,0.06733642239699533,0.8595185559234708,0.044421748151555716,0.00786785714341268,0.020855416384565305
137,0.029754854531526646,0.8380632407370294,0.11843678157086221,0.004518041312618561,0.009227081847963206
138,0.10579962097597748,0.8565764273476187,0.012501871796364425,0.010177833937680252,0.014944245942359219
139,0.13670949887144404,0.832928267079389,0.007899249389064139,0.012787528009559694,0.009675456650543148
140,0.024896343421775526,0.8386432004260925,0.11393458363683978,0.006730469973545463,0.015795402541746845
141,0.0452482839529271,0.902582868966504,0.035180400838722106,0.008176584881071659,0.008811861360775147
142,0.05576537358475819,0.8901293468371791,0.024530103349287312,0.01193854338363433,0.017636632845140946
143,0.15687855665420433,0.7828210630118716,0.013387685743001088,0.02762698139938967,0.019285713191533493
144,0.01311051385322663,0.8686381782118464,0.10394522765516499,0.0070110658689236886,0.007295014410838335
145,0.16535671436411647,0.7602096697199583,0.01585237033931619,0.03077952038829639,0.027801725188312622
146,0.04669479781312116,0.8961987106438503,0.031621644617151355,0.013347268463872727,0.012137578462004295
147,0.23801211168991576,0.6367396568846723,0.02509230587040742,0.020520242449091803,0.07963568310591265
148,0.08660316436777898,0.8519966563840364,0.016291028632614054,0.0363993672454918,0.00870978337007879
149,0.08564135179916456,0.7921487830709465,0.08431043049968254,0.008117231072874938,0.029782203557331296
150,0.11824547976870321,0.7861119612910649,0.05841012436411949,0.01074592252063515,0.026486512055477075
151,0.18251214045270447,0.7542121799521507,0.010883874471257183,0.02005887777030376,0.03233292735358374
152,0.14546241644905414,0.8022119470441783,0.015589564585484555,0.015978737279052815,0.02075733464223025
153,0.259210595181418,0.658530224866564,0.018620083440144656,0.021691963684207234,0.04194713282766602
154,0.22956322726642087,0.7128223814789714,0.006879520647775551,0.03037557485150325,0.02035929575532895
155,0.030950899284311623,0.8693289393320663,0.07729852992499116,0.005699768767060801,0.016721862691570076
156,0.06038922927970237,0.8793200996835772,0.028471438593610402,0.019013357762368188,0.01280587468074192
157,0.07817549531127502,0.8512173536444123,0.010601852132335795,0.03634761817340943,0.023657680738567288
158,0.0953774123526123,0.754135763692164,0.025994483800767576,0.09237984962291709,0.0321124905315391
159,0.0737136164994619,0.662357962580459,0.057576908632733716,0.09215191972105033,0.11419959256629497
160,0.08276057565675057,0.662138257429981,0.03144453099159653,0.045887642852878725,0.1777689930687933
161,0.17127889738680047,0.5480431484399972,0.019361322684031474,0.08301048114130957,0.17830615034786118
162,0.1913670628481907,0.20680070898061242,0.014187110016953967,0.021739465573728335,0.5659056525805147
163,0.18947077177726063,0.3741858851165326,0.006454294984268606,0.05436083566872804,0.37552821245321005
164,0.11403234847169028,0.2717950416873515,0.011029514147172246,0.014664023622897539,0.5884790720708883
165,0.0068056130073303155,0.005493970328671368,0.0007799091870216551,0.003870178707305105,0.9830503287696715
166,0.03148017714659668,0.006112482452944561,0.0005977093796679299,0.0016855033769540586,0.9601241276438367
167,0.6327873301682172,0.12077391085913097,0.0013911904791663256,0.0057558999305749176,0.23929166856291043
168,0.500633771345032,0.3735801327581071,0.020035359437864476,0.0018461091745574098,0.10390462728443903
169,0.48887033984523426,0.29733982822308513,0.0018420833950145783,0.003112058650159634,0.20883568988650653
170,0.08769262288232416,0.77608805040731,0.009723321234937838,0.012596434923880188,0.1138995705515478
171,0.15876219357991367,0.7146392157367986,0.017604459965155347,0.03208080745795012,0.07691332326018219
172,0.0963439189104301,0.8718103782795859,0.00616837480436776,0.013408645127504788,0.012268682878111576
173,0.013480615770927861,0.9625877281480242,0.01602935981449726,0.0032284416262806986,0.004673854640270007
174,0.03827159091633448,0.9212773822155855,0.025342546169460013,0.007900614676199454,0.007207866022420369
175,0.051203867738404206,0.9200929488651042,0.0032970302595284034,0.009798282971868508,0.01560787016509461
176,0.06069409417717626,0.8998551409218929,0.0026007839354266118,0.019280864314453715,0.017569116651050733
177,0.06877896860743209,0.8717297144747395,0.020889179538731446,0.030368519209948742,0.008233618169148263
178,0.06040162909840882,0.8746123420916814,0.009030652222851971,0.04338395158740646,0.012571424999651469
179,0.08756966962234233,0.7257407475870992,0.012058919390343264,0.15809262329319027,0.016538040107024893
180,0.07502654732834442,0.7701205869601704,0.012970637315899425,0.12483377701776138,0.01704845137782426
181,0.13289107248236157,0.7341567479173301,0.006509410975964342,0.065090235426036,0.06135253319830807
182,0.1274422258016175,0.6873333754687796,0.010661236953466198,0.10205821249248256,0.0725049492836542
183,0.11208717785896677,0.5924309907256816,0.02774680662723305,0.07246199523306089,0.19527302955505768
184,0.17431085272413255,0.2518966792874954,0.005768093787381639,0.06798851478154432,0.5000358594194461
185,0.06701050450829124,0.06211637075293279,0.002204962195890368,0.011059176255630616,0.8576089862872549
186,0.17901754161677028,0.17137395371244085,0.0027017060900000204,0.006532794057565499,0.6403740045232235
187,0.07307313955755104,0.06323176332793339,0.00040126078159710834,0.002731228101526613,0.8605626082313919
188,0.19401080022556505,0.07793773852757743,0.0008547201609616191,0.00511902153528595,0.7220777195506098
189,0.28007587112924515,0.4206188311554671,0.004262203391960035,0.014712268588173996,0.2803308257351537
190,0.35009582574546433,0.35350198647531367,0.006869478892915821,0.06520258850046158,0.22433012038584463
191,0.1736287220319569,0.49036759356137694,0.007188554827685708,0.04588251526590262,0.28293261431307787
192,0.08579198490005674,0.6352664414657107,0.00861259050988924,0.04083894254823709,0.2294900405761064
193,0.019633535747280068,0.7057567371887449,0.007197088327558906,0.02701189652840476,0.24040074220801133
194,0.002657914501045415,0.0014950780821346601,0.00016457022066327414,0.0010066672103860314,0.9946757699857707
195,0.013225914998890897,0.0019773791930152796,6.347700099772766e-05,0.0009898687679831234,0.983743360039113
196,0.020938064125452245,0.0028746955698922957,0.00012258851237367485,0.0010759041386622717,0.9749887476536194
197,0.11465948677114787,0.008745891180753562,0.00024464218873324105,0.0014713869932427655,0.8748785928661226
198,0.4243368153924374,0.15013446814372802,0.003411905428862404,0.014256677826988811,0.40786013320798337
199,0.26784818930386645,0.11042969606495497,0.0032216109576865604,0.03675995847953535,0.5817405451939567
200,0.14057276223119072,0.2714906842791104,0.006406433350551971,0.03703970679321102,0.544490413345936
201,0.07708952688233604,0.41959551701635067,0.005284394893308168,0.02475767539584048,0.4732728858121646
202,0.17262055360639536,0.49676490738176143,0.005003496098465294,0.030904630139123042,0.2947064127742548
203,0.19918355121094428,0.6033118510021962,0.005796851433172595,0.025111131462807794,0.1665966148908792
204,0.2471906386741243,0.6139504123599189,0.008890713509585708,0.0377428087205636,0.09222542673580741
205,0.2751461071079423,0.5846189747178518,0.009331678016131863,0.01632569960811303,0.11457754054996092
206,0.325625876236081,0.5548992816747972,0.010250902885258383,0.029381107146039538,0.0798428320578238
207,0.08211562077525499,0.8568270628602027,0.005433695994081364,0.0328943567886528,0.02272926358180826
208,0.06241364275999378,0.8829237644766231,0.011343797811959993,0.022779906149282173,0.020538888802140984
209,0.11449659199784541,0.7932082646308204,0.0031107708017572796,0.018858505833513554,0.07032586673606353
210,0.1418947082633818,0.787175541889343,0.005347359433079732,0.009152691175526093,0.05642969923866938
211,0.12179630249200302,0.8507780317264264,0.0023893905915087143,0.011088580340777133,0.013947694849284755
212,0.11227112959471758,0.8670590213211747,0.0009386264866003287,0.007536542098651475,0.012194680498855859
213,0.43745002607470734,0.4899799562213458,0.0009880931465954007,0.008963786197930736,0.06261813835942066
214,0.17666081942170042,0.8013660098317126,0.0027263821458191513,0.003103986756681859,0.016142801844085956
215,0.09401007881512406,0.8657148516908095,0.009182631036362193,0.003708890556046823,0.027383547901657448
216,0.046158149392500014,0.8756033601040637,0.06575084504368556,0.0014219409946474848,0.011065704465103
217,0.07877331618111896,0.881155895009701,0.014030680610682507,0.011434614818379665,0.014605493380117825
218,0.028606430766553673,0.9269043443612657,0.022209866792132386,0.012304847504658583,0.009974510575389674
219,0.11095132443299618,0.8324354609503459,0.006907274939142676,0.020585333062099132,0.029120606615416027
220,0.10545272641724832,0.8402331527417256,0.01198472109424021,0.00999961603849465,0.032329783708291114
221,0.11396604896248035,0.828529321068486,0.021351790351325704,0.017562986733684,0.01858985288402374
222,0.07305410973733188,0.8689334830133915,0.025604459501395067,0.016542127434905456,0.015865820312976005
223,0.33508689335768876,0.5593474079763008,0.005387632683990167,0.044637340294765224,0.05554072568725506
224,0.41406511223067144,0.5247947090173192,0.004143626243340513,0.02802468807027247,0.028971864438396402
225,0.08571941908345951,0.8770453924360381,0.0018511243440055595,0.02755489976770558,0.007829164368791159
226,0.4981737982744233,0.43587686917689217,0.0011731156477623056,0.05803235640696667,0.0067438604939557036
227,0.045579970985445493,0.9085674933037169,0.024103905425028167,0.018143601734441992,0.003605028551367555
228,0.04343502292762003,0.8911862785215179,0.010537630513365136,0.04757754016327004,0.0072635278742270645
229,0.09433795529677051,0.8077755671738918,0.01647773034012172,0.06280250634182981,0.01860624084738633
230,0.17935782739739714,0.6636300861452636,0.005253952500663073,0.12790977541390652,0.02384835854276962
231,0.05527818406695971,0.8772417068843101,0.039338749669149777,0.017888228774876603,0.010253130604703791
232,0.2041993042953927,0.7530315299620993,0.0042968249625650315,0.030699652696601645,0.007772688083341258
233,0.25550619960371146,0.6698452518648057,0.002968202762392246,0.05030501244636426,0.021375333322726425
234,0.33726450914396466,0.5667232488229457,0.005832282311216752,0.0493204951256954,0.0408594645961776
235,0.5084078647983338,0.4259050271817421,0.0018901036654493995,0.04473721846116372,0.019059785893310918
236,0.2199026815107994,0.6887308572292109,0.00771518995548464,0.04001455663459374,0.04363671466991138
237,0.21058629514605956,0.6907492843607259,0.006262946045513871,0.06371913016633157,0.028682344281369055
238,0.2331346165290165,0.5212002427009907,0.0027993637307900275,0.17356855232176843,0.06929722471743442
239,0.1464515748031619,0.6459890741663638,0.055004914879254074,0.06082545681016148,0.09172897934105881
240,0.18659837488382433,0.647055108736883,0.011731981672051908,0.07350727332533064,0.08110726138191021
241,0.07798103864845575,0.5845849486281327,0.02767662445358965,0.1126377313170103,0.19711965695281156
242,0.10668556342685473,0.43573941435332314,0.015165634522389415,0.13751330865281708,0.3048960790446158
243,0.3015727415126231,0.30691923465709087,0.007973970626238528,0.13085174551942977,0.2526823076846177
244,0.14097333886225788,0.26369475418135563,0.09516104551203278,0.1240143861708936,0.37615647527346024
245,0.2099655544873023,0.4525727467872111,0.0070486359474299315,0.22623546969986585,0.10417759307819087
246,0.08250451092004926,0.3223679727447977,0.027891166128205334,0.08065382157973994,0.4865825286272078
247,0.16802135881739558,0.4332999873366704,0.011058056682461959,0.30924785953726974,0.07837273762620249
248,0.14507445537922425,0.31383143057524726,0.01584569033784356,0.46959081215949366,0.05565761154819144
249,0.11732665780679123,0.5393995252860575,0.006464536887053931,0.282468526589995,0.05434075343010238
250,0.09406903243796336,0.5601704797907433,0.014501306330420658,0.20282772089669715,0.12843146054417545
251,0.09571742542044218,0.5688227325545849,0.03914633057502513,0.024477739930319774,0.27183577151962796
252,0.12745180656928579,0.4364863094074571,0.019140576868524318,0.03046444747510134,0.3864568596796315
253,0.19788808676405062,0.16638923699483107,0.0029011189637660915,0.014265683129448047,0.6185558741479041
254,0.36406211311396347,0.36104360570564503,0.003358583291794709,0.00835955465623184,0.26317614323236493
255,0.21037938829013209,0.22612394977307892,0.0024258234833745124,0.012404029409808183,0.5486668090436064
256,0.2235025341886333,0.6430066034891757,0.0030268871893953395,0.07872605781083108,0.051737917321964644
257,0.3314216416784068,0.39018272984519403,0.0017142790294678136,0.17005654265083836,0.10662480679609294
258,0.22255275289703963,0.3835995599829986,0.0009065317048165312,0.3520008513583522,0.04094030405679296
259,0.07976152567909371,0.59352942858614,0.010193072170916783,0.30068344145497355,0.015832532108876005
260,0.23706092857582134,0.25445944299770107,0.0028374663359583877,0.46524712033262217,0.04039504175789692
261,0.07943032340150734,0.3492622384515927,0.002294555016559586,0.5450633721862023,0.023949510944137952
262,0.1069363916505866,0.3339104397721889,0.0011670153625080136,0.5358768715766704,0.022109281638046048
263,0.19032002507710838,0.3796733024553498,0.001201932187942715,0.38487469404724384,0.04393004623235534
264,0.06902827450934639,0.5840400621382672,0.00372562236408266,0.24416157382677017,0.09904446716153358
265,0.11251240372840655,0.3954654353486471,0.025891612839074856,0.22399949464274002,0.2421310534411314
266,0.20249124504776617,0.45457601762102007,0.0033503050965289025,0.22372046032357468,0.11586197191111029
267,0.28326390886941294,0.30219391487101394,0.0031222936808688526,0.1864922490718052,0.22492763350689898
268,0.22576792610021917,0.15860386636826854,0.002141027480677328,0.2232597208760392,0.3902274591747957
269,0.2992791349358239,0.21926415604815705,0.0011121215550449776,0.1492608612116345,0.33108372624933957
270,0.13346224651243943,0.5242014255889131,0.0038686718450802768,0.036510640683932526,0.3019570153696347
271,0.21969391397237154,0.277140111490532,0.0020098893124176225,0.1873857405927358,0.3137703446319429
272,0.0034743811246412504,0.002603690288084543,0.0003348140086713823,0.0029850388994372,0.9906020756791657
273,0.00529553423054784,0.0008204605613837595,7.45684579300433e-05,0.0005943463072689566,0.9932150904428694
274,0.049360443649771706,0.0039726826703397776,4.7367081442371173e-05,0.001623654737885739,0.9449958518605603
275,0.12063551528635628,0.0022370972587932307,0.00028329765781961167,0.0019061684209700613,0.8749379213760609
276,0.534896289806861,0.05781663446132525,0.008439732393873741,0.017044436467943312,0.38180290686999657
277,0.6052528726216203,0.08809839461104405,0.0028154215482076575,0.044184697426831475,0.25964861379229653
278,0.2702786814786509,0.2853222301491087,0.0012405497848748486,0.07768074815837216,0.3654777904289932
279,0.3387576420242086,0.3921395369241523,0.0007497536607148329,0.1357287438957608,0.1326243234951634
280,0.17013803187903945,0.6065166576448413,0.000877676713628715,0.1627677773053512,0.05969985645713938
281,0.10319522353589397,0.8463928475223886,0.000786623192579853,0.02539044325832662,0.024234862490810978
282,0.04555542112681029,0.9174761100228657,0.0024584130328025523,0.027976643113785917,0.006533412703735485
283,0.023577656717517055,0.9409932049247246,0.004153691185567405,0.020015540741148783,0.011259906431042056
284,0.01812081429973415,0.9554116227173118,0.0032590258653458393,0.0172981144986998,0.005910422618908471
285,0.08201274532511985,0.7841411660648693,0.002073432417690687,0.057798411534540496,0.0739742446577796
286,0.027840001444112545,0.9181794946873715,0.005498544913613344,0.03955215636600411,0.008929802588898481
287,0.09438623451654149,0.7965364114737961,0.0019277485988329962,0.07059706400481824,0.036552541406011475
288,0.0371278815595688,0.859904984055114,0.005094495331384782,0.0805936887687414,0.017278950285190803
289,0.15056910950620525,0.5862333920963596,0.0016015612777548294,0.16825341950803435,0.0933425176116459
290,0.17337375234411298,0.47591438284693927,0.0008046189056820395,0.2843812742861914,0.0655259716170744
291,0.06081629355572759,0.6552576377942195,0.0021171194567787695,0.26460111803249636,0.0172078311607776
292,0.1684956948543114,0.4847618061089475,0.0006007019193600122,0.3080180671216865,0.0381237299956945
293,0.10388170138418275,0.5845403634188381,0.0011320487397852683,0.27056399478628895,0.03988189167090495
294,0.0882015462290269,0.38720959258102633,0.0025178376896798,0.33107778861308457,0.1909932348871825
295,0.3538407239442882,0.3285152621402254,0.0012475635586935308,0.22975761009818163,0.08663884025861121
296,0.2568609710769896,0.5140292050521851,0.0012229122431902297,0.1801546514220144,0.04773226020562082
297,0.2094134581999112,0.7060888976061237,0.0015316449310202004,0.06650396995578385,0.01646202930716105
298,0.04474312031948789,0.8211581209987049,0.0034640012265581025,0.12269103349807693,0.007943723957172303
299,0.11805741238512239,0.6794568332340123,0.0021048692413952923,0.16659144519991742,0.03378943993955247
300,0.08688736986230047,0.5041174110587129,0.0012175220782745383,0.3986403609140184,0.009137336086693704
301,0.047604792394889794,0.8219009845199008,0.0016553791610370867,0.12090382353682995,0.007935020387342562
302,0.054812952393236906,0.8330145662499943,0.00353868661159524,0.10146982994491281,0.007163964800260685
303,0.07611991532520436,0.6879365444715386,0.00211603361417398,0.20708982028009223,0.026737686308990778
304,0.07050682246422654,0.84262615223823,0.001985196200956254,0.07748865551077386,0.007393173585813142
305,0.11560506304104284,0.6708584508430724,0.001960795294881578,0.19649617184122084,0.015079518979782321
306,0.1010833888238082,0.848592917923115,0.009876209469540537,0.033835100173415504,0.006612383610120843
307,0.047879532998416297,0.8878784603914154,0.012545825118054242,0.043807753354556736,0.007888428137557295
308,0.10674478580248171,0.8213182178823986,0.00769762596201522,0.05226751633640787,0.011971854016696662
309,0.01791338491028704,0.851900068326965,0.07762008324363673,0.0473526540603817,0.0052138094587296895
310,0.033849861684954026,0.8853509046729432,0.015068283478296895,0.058149412523449524,0.007581537640356396
311,0.16311095417216465,0.6735950572522825,0.00583732389391035,0.13185479474287076,0.025601869938771844
312,0.054127377051360226,0.8495990238389429,0.02066874457122541,0.05096331155550468,0.0246415429829668
313,0.19943422182903917,0.7150997473148368,0.012599285093072917,0.021855822131260062,0.051010923631791036
314,0.384673443902852,0.5783794308722245,0.00645943665135865,0.014013561516293304,0.016474127057271564
315,0.1231862451371116,0.8166055624269809,0.015754715048800938,0.027930369209712935,0.016523108177393598
316,0.3466262718351255,0.46698202438354497,0.0030201238982221646,0.15059969031552242,0.032771889567585
317,0.07472149225454318,0.8425241915938964,0.008691221224185055,0.04720739680472983,0.026855698122645582
318,0.01444532447030464,0.8910059522303132,0.06725146497419436,0.023509546329679033,0.0037877119955086443
319,0.014720730692040175,0.8387234720390713,0.12809513723923488,0.013996526699131541,0.004464133330522285
320,0.04393525610020334,0.8174221998950161,0.044177273818204084,0.0844089828555551,0.010056287331021437
321,0.04628074720280485,0.8340113518372919,0.024339951439263905,0.08050932994450295,0.01485861957613634
322,0.04747590453448387,0.8415788409125478,0.02785169038339321,0.07024401253687834,0.012849551632696767
323,0.04613814836932402,0.8858916408271764,0.013608948449870933,0.05142019804494525,0.0029410643086834306
324,0.0323692754535162,0.8639123173467185,0.01150311670188528,0.08682003209433097,0.005395258403549165
325,0.041511316096249085,0.5209736745077654,0.009112219847852534,0.422064120182516,0.006338669365616985
326,0.03337396271912303,0.7546876149112701,0.006597586054546924,0.19840500313237677,0.006935833182683035
327,0.07433610287330684,0.552072916376387,0.048308493881192384,0.29407943336639775,0.031203053502716186
328,0.05580504716062359,0.3356082572895274,0.001955961386088873,0.5923632339312035,0.014267500232556792
329,0.0762704568293599,0.2624870399465163,0.001775814506951471,0.634117136271129,0.025349552446043394
330,0.07199778861575241,0.2990034847916303,0.001020281769753944,0.6187982431354113,0.009180201687451896
331,0.12200350984538845,0.48224729840110836,0.000965976958135104,0.3815832625543663,0.013199952241001645
332,0.17224976977595405,0.5141466297364101,0.009644017103022434,0.2842780603867444,0.019681522997868975
333,0.18484924482728146,0.4858396832713729,0.00011612588318117563,0.315744190836204,0.013450755181960391
334,0.2407779971244385,0.427118607466314,0.002358770214479638,0.30346620140912556,0.02627842378564234
335,0.2206024107519617,0.1789242871634796,0.0017008047752153112,0.587514178134955,0.0112583191743884
336,0.11918165086814274,0.6033569084899194,0.0007674489833124882,0.27036860254941963,0.00632538910920582
337,0.06983525580252518,0.851158460080542,0.0008633191679283363,0.07364214542019157,0.004500819528813008
338,0.023159366971980126,0.9373499245412514,0.0012686772999331805,0.03315139243395896,0.005070638752876284
339,0.020248245693987674,0.9437275087048945,0.0015506215410537405,0.0283860104363637,0.0060876136237004545
340,0.14770254513787046,0.7628875750024307,0.0018571380764417127,0.030774445424366685,0.0567782963588905
341,0.07390433888654821,0.9043773903251526,0.002100382842421798,0.010211460247702883,0.009406427698174426
342,0.45986095651221365,0.4061099648784776,0.0012781522982643445,0.09901349542546266,0.033737430885581766
343,0.0965246158801559,0.8360970174433129,0.05122415137091009,0.008238475087340791,0.00791574021828049
344,0.05918362748091184,0.9058586232931997,0.010316537093048432,0.013959232513712968,0.01068197961912694
345,0.051746277572715466,0.8949646574557925,0.02047352434338315,0.02576749186217046,0.0070480487659386635
346,0.10127149324001058,0.40081502530783464,0.365731692744877,0.04850093935495138,0.08368084935232664
347,0.14538573064041457,0.7804302512282069,0.02553893326467916,0.03507539407320928,0.013569690793490094
348,0.07799856589618272,0.7531691014640546,0.020463719537448074,0.1277233626828615,0.0206452504194531
349,0.2294843901795576,0.6451084995363117,0.005547931259785562,0.07648397538863604,0.04337520363570917
350,0.06531130952828298,0.8907354151087351,0.0045580414576529065,0.0331316524144611,0.00626358149086804
351,0.030978849756652296,0.9085292789001111,0.012123013626897616,0.04259889357744907,0.005769964138890014
352,0.05315550917571452,0.7293365464507131,0.003157998112885028,0.20826767171947547,0.006082274541211692
353,0.06057433185697897,0.5034114849734018,0.029609356217430716,0.3919590342366694,0.014445792715519018
354,0.10521800540581763,0.24837099414593392,0.0017532975972541318,0.6372869295067666,0.007370773344227886
355,0.0894451019070883,0.600334149504673,0.03853280980576349,0.25227216720266094,0.019415771579814223
356,0.25385850454302544,0.47392513616136467,0.0013371252899126906,0.2507943500215551,0.02008488398414207
357,0.1564890686146283,0.689139783959339,0.0019324213800902292,0.11472363475822893,0.03771509128771339
358,0.12796919520892816,0.7815818029084267,0.004538453583040607,0.06996886308097562,0.01594168521862869
359,0.35963103124475365,0.5173763666872548,0.002250078844127625,0.10021469458852997,0.020527828635334002
360,0.316933714299582,0.6159792046172385,0.0017569522363752338,0.05572298704675768,0.009607141800046445
361,0.0685393347354344,0.8702001048124574,0.011177239764030306,0.04441809214363337,0.005665228544444402
362,0.03322143191532236,0.9355613868809339,0.01100262997949554,0.017632577666513254,0.002581973557735021
363,0.029532998669131155,0.8996718279790966,0.028781359247268302,0.039448771669732575,0.0025650424347713027
364,0.10671672289337879,0.8068120606352199,0.0023254843593333496,0.06542225740500106,0.018723474707066992
365,0.17553172453336505,0.7276480748868369,0.003823732990239984,0.0835215096922952,0.009474957897262841
366,0.1996803532138163,0.653457663335574,0.00391749879701523,0.1300448875807889,0.012899597072805387
367,0.03588814175550362,0.9325075577750004,0.015692967678766694,0.010991618603985318,0.0049197141867439835
368,0.058072650717799955,0.912192461467779,0.00886697618304553,0.014790040040740542,0.00607787159063496
369,0.004442007235037689,0.7069281647905705,0.284574430069884,0.0012243269824285434,0.0028310709220793003
370,0.10777418218904036,0.8166065818381635,0.027380898288304815,0.024152301598279007,0.02408603608621232
371,0.026213631117766097,0.9074263234315249,0.04970104611645244,0.00864608526015779,0.008012914074098843
372,0.020519148037656955,0.8942018109746244,0.06587510175758553,0.007806798493733315,0.01159714073639978
373,0.06167780766851648,0.8808699432523088,0.04434653358711719,0.005188508711827839,0.007917206780229787
374,0.0610748776944226,0.907009401484695,0.01684966477020372,0.007698506527488564,0.007367549523189835
375,0.01266701203617149,0.8895271264381113,0.08039648543532518,0.006652959064976231,0.010756417025415865
376,0.08075739362980876,0.8569271772087785,0.02035088402765441,0.01207829000413014,0.0298862551296281
377,0.17825554258098825,0.7630395653944486,0.010636871247221178,0.014960531242028124,0.03310748953531387
378,0.1567672587647911,0.7906648692787869,0.00975385186516867,0.016907791253830733,0.025906228837422638
379,0.02141736147372118,0.9477813530158514,0.022061954203595933,0.0016313034618409248,0.007108027844990607
380,0.024478648674331426,0.9085032090116751,0.05324105349385191,0.002405374109754261,0.011371714710387322
381,0.06738160916814201,0.8977300133398636,0.006543499661146386,0.004207894233408893,0.024136983597439314
