epoch,N1,N2,N3,R,W
0,0.027403032552149813,0.0022704764040163273,1.82331812071454e-05,0.0005999684313418446,0.969708289431285
1,0.1361384230109586,0.01321989336863908,5.707540682228174e-05,0.002785703525784411,0.8477989046877956
2,0.019954294939437033,0.0039767635788810355,2.2670512078965787e-05,0.0011873889134437383,0.9748588820561592
3,0.026630798457209504,0.0023578680691413363,3.321510713574213e-05,0.0005453039589404603,0.970432814407573
4,0.014242555904369663,0.0011271153669883567,1.2725694394562403e-05,0.0004971339937556628,0.9841204690404918
5,0.030911432940363495,0.002350722735721642,1.2860406089740862e-05,0.001231331304278102,0.965493652613547
6,0.07512796801943808,0.00321302689554924,1.556756061747766e-05,0.002136089107527368,0.9195073484168679
7,0.08623859694584617,0.011302707850581168,6.776102054784883e-05,0.0014647697347693878,0.9009261644482555
8,0.06243880604802996,0.00656360861110183,1.6686272015174222e-05,0.0017285459719760695,0.9292523530968769
9,0.2174026814448928,0.01997262265907095,8.839841812973226e-05,0.004971287805639326,0.7575650096722671
10,0.0165443460416293,0.003581497472268029,6.105381969234136e-05,0.0013017360137902046,0.9785113666526202
11,0.051095873263625684,0.005290727631893781,5.444817359436906e-05,0.00172552340393883,0.9418334275269474
12,0.014239241976086168,0.001643591023508169,0.00013073807954999204,0.00027258959533655534,0.983713839325519
13,0.1385691224850712,0.01734183424637778,9.193280165303436e-05,0.0030310414456421308,0.8409660690212558
14,0.29321052294279254,0.07768848534982993,0.00015563205375446776,0.03487409420115701,0.594071265452466
15,0.2850744842415908,0.04480486412687835,8.137014891871695e-05,0.008401185328396297,0.6616380961542159
16,0.26278490729891324,0.17583849034834062,0.0011292261870034593,0.014936158209599546,0.5453112179561432
17,0.045924755259779876,0.004637484542167788,4.6722892371013046e-05,0.0015601921700717123,0.9478308451356096
18,0.36938706426898976,0.057027253066404486,0.00026520708276724027,0.007026761912712185,0.5662937136691263
19,0.43901553389789594,0.29797059718709606,0.0034495453258743952,0.021453057954324683,0.23811126563480897
20,0.017311588622169874,0.0302073685085744,0.002224977802699362,0.0007159750070849778,0.9495400900594715
21,0.0009309099926025528,0.002461792939856307,0.000504663242818173,0.00011382053138291763,0.99598881329334
22,0.0009261859600219231,0.0008285440935208773,8.508063256283255e-06,9.529715795248493e-05,0.9981414647252485
23,0.00221888250548246,0.0011244723835826126,5.638810117177387e-06,0.000133463200275701,0.9965175431005421
24,0.005900750613547969,0.0008533203139452165,3.4827506290074487e-06,6.40736798923486e-05,0.9931783726419854
25,0.4190188362294678,0.004837676646516815,8.444104470169542e-05,0.0005768463800914778,0.5754821996992222
26,0.36327465127684255,0.008017839014753593,0.00010781654938151067,0.0027247124387883726,0.6258749807202341
27,0.01291381294261353,0.0015231332258082279,0.00019035570656095207,0.00021304321028102195,0.9851596549147363
28,0.003005282658207538,0.0018552868424586162,1.9759033362337363e-05,0.00023001078103291323,0.9948896606849387
29,0.03358783296363978,0.005433328413080934,8.387735073383298e-05,0.0006441042766818636,0.9602508569958637
30,0.010433955863877027,0.0025230654158503885,2.7746058807560094e-05,0.00020765506014395837,0.9868075776013212
31,0.16453254894551358,0.004953602144402849,4.123485249642616e-05,0.000469805501007237,0.8300028085565799
32,0.008418411949400231,0.0016583599112602332,3.262375822292548e-05,0.0003183859464068231,0.9895722184347098
33,0.016355543294096275,0.0014577293135749024,4.860472145849312e-06,0.0003776159990829447,0.9818042509211
34,0.004008483902737557,0.000626477639199072,6.200692406336485e-05,6.241739423017693e-05,0.9952406141397697
35,0.02382864955111835,0.0019008367565239283,6.955864687640472e-06,0.00026790833008439913,0.9739956494975857
36,0.013625009214899494,0.001865570394498794,7.130645541776219e-05,7.296038387520164e-05,0.9843651535513088
37,0.0032504648397226068,0.0005890968854539737,1.1287983575474655e-05,5.521129605600364e-05,0.9960939389951919
38,0.005103998987953236,0.0005128491905298661,7.974260204623197e-06,6.444866568132566e-05,0.9943107288956309
39,0.0026311702375562216,0.0012440531134537704,3.091509922677677e-05,0.00012162162761530956,0.995972239922148
40,0.004906425797993473,0.0030646841117823137,0.0003492240646308981,3.414528114224295e-05,0.991645520744451
41,0.0028424462689858594,0.0010565368434188442,0.00041628863400168477,4.0753342407873005e-05,0.9956439749111857
42,0.01060792121519549,0.00157464983664899,3.4664113521147417e-06,0.00011038896167009729,0.9877035735751334
43,0.0004900535017465345,0.0004781645886422966,1.1003719494369106e-05,9.972972122537159e-06,0.9990108052179942
44,0.0003615883321450839,0.00014431823654443687,2.821199095177089e-06,1.5917994317783112e-05,0.9994753542378975
45,0.00021806059504258892,0.00014669891035309492,1.551704576971485e-06,4.658739180342892e-06,0.999629030050847
46,0.0025908304259445757,0.0006947658350273919,3.5458627771824757e-05,8.478665577273597e-06,0.9966704664456789
47,0.003787208003827509,0.0012401178169604936,7.909956169668378e-05,1.944456839659613e-05,0.9948741300491186
48,0.004773769146947008,0.0009729670465761404,3.856380490342413e-06,4.0003266978975206e-05,0.9942094041590076
49,0.00396381966617408,0.0023577452634505744,2.3781780831282985e-05,4.4446219482027965e-05,0.993610207070062
50,0.0024460282093890333,0.0007069186376013821,1.1217007848324497e-05,6.461527831397971e-05,0.9967712208668472
51,0.0043144820187157465,0.0013995554981425995,1.3102998528044035e-05,2.22377717603944e-05,0.9942506217128533
52,0.0008058632842557188,0.0006111314942810007,0.00015612984493103038,1.389440493769952e-05,0.9984129809715945
53,0.005561076782584926,0.00032370093562548655,2.0234591228145183e-05,2.911048329006096e-05,0.9940658772072714
54,0.009393414345644564,0.000983719901335433,0.00035789900794314263,8.815045444707025e-05,0.9891768162906298
55,0.06743227851617337,0.0033046043794053488,0.0005995653811458051,0.00037789459663005085,0.9282856571266455
56,0.007072161690532433,0.0005415543515929822,8.023337529061303e-05,4.041811526916648e-05,0.9922656324673148
57,0.002446383930847274,0.0012701416092880575,0.00047123102934571104,4.6868779280843765e-05,0.995765374651238
58,0.001505060886800096,0.0002686987430308134,0.00013444315292891512,1.6674846353061175e-05,0.998075122370887
59,0.003043905639396955,0.0012321128304932168,0.0005388085910915388,7.597016260822702e-05,0.99510920277641
60,0.007433160383593537,0.0014888101763195001,8.843883060451978e-05,0.00012064280151153207,0.990868947807971
61,0.009143937796429002,0.0031731692839504877,2.2171403904332772e-05,0.00041338759007866,0.9872473339256375
62,0.010589162043128045,0.002070421628245556,5.399589897600091e-06,0.00020560729860868968,0.9871294094401201
63,0.030455756394878068,0.0021943123653638762,7.935847295974674e-06,0.0003619069624496063,0.9669800884300125
64,0.09745044897530464,0.014357238382121974,5.297272840974966e-05,0.0005022806842135915,0.88763705922995
65,0.012936754249556334,0.0017582130104477095,5.949418142941403e-06,0.0003461484903035826,0.9849529348315493
66,0.0072028059914475365,0.0013464868349423436,1.0067918010663725e-05,0.00031570207040734945,0.9911249371851922
67,0.011627979115380263,0.0025690329681696835,3.9859847758044085e-06,0.0012097119566959014,0.9845892899749783
68,0.005925394331596173,0.0009205855345808723,3.1712516061481147e-06,0.0007404469219490174,0.9924104019602678
69,0.042230505111405345,0.005954608114064421,8.696312567667552e-06,0.0037014806606005136,0.9481047098013621
70,0.004754579735155998,0.0005846988204690187,6.4640101068342736e-06,0.0004170805080024476,0.9942371769262657
71,0.017119633407644667,0.0006821051167604726,4.396739005686239e-06,0.0008291011638917104,0.9813647635726975
72,0.018116290727910152,0.0009001103814497109,3.1498564521185627e-06,0.0015593640430687729,0.9794210849911194
73,0.004856029777333414,0.0003887148232852274,2.9719550246423e-06,0.00037613872250677997,0.9943761447218499
74,0.007515878717174574,0.00040858890116096853,5.3749684769738725e-06,0.00029636538118528477,0.9917737920320021
75,0.011892627664111971,0.001071517263949349,4.477648383103201e-06,0.00045683072540584355,0.9865745466981497
76,0.009730988686592786,0.001677600954071854,3.2986632913925695e-06,0.0005323526155087023,0.9880557590805353
77,0.014456896439592975,0.0018574583942601386,5.595495634490203e-06,0.0002880388217502669,0.983392010848762
78,0.0058645707062517875,0.0008389648078370697,6.43024142684238e-06,0.00018820839283306416,0.9931018258516512
79,0.015534637764375274,0.0008050450615444291,1.858799743076261e-06,0.000480459574250535,0.9831779988000868
80,0.024789299316876165,0.0021834223024042978,3.106533024441806e-05,0.0002786405529753076,0.9727175724974999
81,0.03368575214265952,0.003806087995273479,1.5698799151263063e-05,0.0005762962076363572,0.9619161648552794
82,0.019992494611047722,0.0030489314587477927,2.7233600416652535e-05,0.0020409092190139554,0.974890431110774
83,0.027576582881791715,0.00571076331210431,3.6465822952046655e-05,0.0015387389578973574,0.9651374490252544
84,0.016796693257597275,0.005645225642103549,0.00012862783122945376,0.00024837397506463806,0.9771810792940051
85,0.002744177345091109,0.0005954680387215142,2.380724553628678e-06,0.00022638988359584194,0.9964315840080379
86,0.01643015226074145,0.0010826746551145412,1.0927637714849678e-05,0.00029886971813800696,0.9821773757282912
87,0.01617123615351185,0.001714663709673102,3.622457602899315e-06,0.0005353462095171019,0.9815751314696951
88,0.029478568656912292,0.0020721330917821234,3.1102256187780623e-06,0.0004732181932653027,0.9679729698324215
89,0.01644625429061645,0.0017641375054316976,3.644697099869428e-05,0.0005521513216268781,0.9812010099113262
90,0.05268957196694013,0.0024141155023692626,4.701161166813842e-06,0.0012064453114364196,0.9436851660580874
91,0.06919456211739192,0.0022301468990637307,3.5902657358826004e-06,0.001705043883697882,0.9268666568341106
92,0.003837123672551413,0.0008560595579330504,1.9110355687485584e-05,0.00014071496385282251,0.9951469914499752
93,0.062083913413904866,0.0027902147858439026,1.0673572567202354e-05,0.0014927095437846205,0.9336224886838994
94,0.010653166378028408,0.0012750851580725648,5.499384418496724e-06,0.0007879540884084272,0.9872782949910721
95,0.003446921272994869,0.00037353206597320334,7.966699118266476e-06,0.0003350498528963555,0.9958365301090174
96,0.006734202516751604,0.00030973790706215497,1.1724497165900994e-06,0.0002246511065150299,0.9927302360199547
97,0.004661198609651242,0.0003680805020253292,1.330747449950226e-06,0.00022720755365874444,0.9947421825872147
98,0.01834228392425622,0.0009279636432029655,1.2260471342660527e-06,0.0006079363845832097,0.9801205900008233
99,0.012659420351769752,0.0006250647530922493,1.7462468546880944e-06,0.0006438473923126582,0.9860699212559706
100,0.015212624051670957,0.001442906153545584,5.14378660410364e-06,0.0005110755516966803,0.9828282504564826
101,0.005105619747191459,0.0005044330052366891,5.268676908992757e-06,0.00020615482327826916,0.9941785237473847
102,0.006273822455732325,0.0026412748771489666,2.2459059142711968e-05,0.0005250668693330461,0.990537376738643
103,0.007225425008621178,0.0010092118947947835,4.125094943915557e-06,0.00014119483940877212,0.9916200431622313
104,0.009319943960861464,0.0026245264112530055,9.517795790838128e-05,0.00012364404522380906,0.9878367076247534
105,0.06408409809056619,0.004515972488890637,8.58547809963254e-06,0.000417274933147249,0.9309740690092964
106,0.03614277952051523,0.0023123410147618795,6.394463372179985e-06,0.0004167200091561517,0.9611217649921945
107,0.00341883924789132,0.0002725292717643604,2.820871004176732e-05,5.454504880625622e-05,0.9962258777214962
108,0.014825332313993108,0.0005770753195174026,3.791647204261418e-05,0.00012545856954199498,0.9844342173249049
109,0.00425532086036835,0.0006158940170578359,7.5665133435178075e-06,0.00011988482132443276,0.9950013337879058
110,0.0012877220718828359,3.894276460121635e-05,8.58429948495057e-06,2.1472379591947854e-05,0.998643278484439
111,0.013542889050803085,0.0015687082692272668,6.4032074886252755e-06,0.00038665511350345367,0.9844953443589777
112,0.023333119480371218,0.0018670320902893348,4.496106910975279e-05,0.0009387126395659988,0.9738161747206637
113,0.006450315635904049,0.0004196247429195525,2.6325142656683137e-05,0.0001809544792142807,0.9929227799993054
114,0.011081788740645446,0.0019542571198637275,1.108950980439917e-05,0.0007862116492323306,0.9861666529804541
115,0.03757260449589736,0.0016981834062825107,7.890458944554043e-06,0.0009390119636626475,0.9597823096752129
116,0.014461198167092092,0.0020293541830594427,0.0004712530046609776,0.00013370390852395145,0.9829044907366634
117,0.005487515719174916,0.0012628141870010582,1.249015164856665e-05,0.00012365012293643991,0.993113529819239
118,0.018743407637670993,0.0021914172924439395,2.2512816336590486e-05,0.0008098929177784284,0.97823276933577
119,0.03141895724417915,0.001737428763468651,1.769740888082625e-05,0.0006741887264374195,0.9661517278570338
120,0.0033481348944058302,0.0010469391393471434,1.57363763380654e-05,0.0004568989962011616,0.9951322905937078
121,0.0109886100530614,0.00043831010356550786,1.0405733691678132e-06,0.0004772034719416604,0.9880948357980622
122,0.012138619758856,0.0015404780417551513,4.3301596404405264e-05,0.001464959547021214,0.9848126410559633
123,0.0037184335832252096,0.00075775954790394,3.332792405498763e-05,0.00012758593674452176,0.9953628930080713
124,0.0007042443298377648,0.00030884819381901153,2.3917587846675184e-06,0.00010137851501211686,0.9988831372025464
125,0.05293783284177218,0.02738504178700475,0.0020332721811488035,0.0009023811843603122,0.916741472005714
126,0.002310879041867837,0.0020507052611314744,0.0013314652092754062,0.00026570241241886597,0.9940412480753065
127,0.03700874128707699,0.02958522966090689,0.0012091647025819058,0.0011083546675736905,0.9310885096818605
128,0.00881040282784454,0.004835206191552502,0.015444334077124184,0.0018062871655729793,0.9691037697379058
129,0.0080972917022409,0.000966960163745777,0.00011945663955564061,7.428953938701748e-05,0.9907420019550706
130,0.0017446988959492974,0.00013843753427501425,1.4635667970990971e-07,0.0002929278928321091,0.9978237893202639
131,0.001760015211128245,0.00011208652478498794,2.326945970323455e-07,0.0002540118670494806,0.9978736537024402
132,0.008764281345954285,0.00047516271008124337,6.857928201675948e-06,0.0004584178211577675,0.9902952801946051
133,0.001230647061024481,9.64427727198257e-05,3.938995510729617e-07,6.031441758581176e-05,0.9986122018491188
134,0.01906100254041848,0.0011140950745680827,5.2973564803457605e-06,0.00040670867723088285,0.9794128963513022
135,0.006852049800725338,0.0005953180165556922,3.9997241485691925e-06,0.0002988075005541147,0.9922498249580163
136,0.04927990458925811,0.0025869801684449676,1.0714511049493406e-05,0.0017982887475582155,0.9463241119836893
137,0.008350011988099081,0.0012555012308482702,2.1385022089438784e-05,0.00111126409863685,0.9892618376603264
138,0.11071375144940823,0.003339345978005798,1.2464532260864713e-05,0.0011482632164878863,0.8847861748238373
139,0.011341593947391104,0.00755118078712538,0.005793457765668496,0.001353655136730261,0.9739601123630848
140,0.007919512880491787,0.0022235774969522333,0.00014163002696918707,0.0016003826628328555,0.988114896932754
141,0.2083471777268099,0.009516115171520213,8.216685399566987e-05,0.00782925607108628,0.7742252841765879
142,0.10260695593598436,0.01038794799096272,5.6268788258112867e-05,0.005982989746693594,0.8809658375381012
143,0.039718343081732395,0.00511565499659709,2.462406849451273e-05,0.0072889579137847636,0.9478524199393913
144,0.04811580008456022,0.008136058275768177,0.00015790592077155626,0.005716409194482307,0.9378738265244178
145,0.035444430159840355,0.004354812346931219,6.006183485112276e-05,0.006912871806461959,0.9532278238519153
146,0.2741460438873453,0.010562996116872753,9.239975938246516e-05,0.026766796531115546,0.6884317637052839
147,0.16664403854837345,0.0924761856840516,0.0009882509238869084,0.02367237701830781,0.7162191478253803
148,0.42645109856580604,0.028863287055357012,0.00020092015638159747,0.20454239121945245,0.3399423030030029
149,0.32680106156305455,0.08862359290377562,0.00046030548393509376,0.293515912970091,0.29059912707914376
150,0.11600927274006777,0.03151581014366903,0.0008226576577703962,0.1616738923183117,0.6899783671401811
151,0.3135381553726266,0.03164195330167097,0.0002834161488183047,0.22608510836313173,0.4284513668137524
152,0.4036957522933591,0.09536545130517286,0.00047164722962092184,0.3644276079711545,0.1360395412006926
153,0.41215470657222986,0.21451342908587426,0.0009731970804969761,0.19382496273589547,0.17853370452550332
154,0.3356089145173828,0.08596088448469075,0.0002777282144856775,0.25930471850568826,0.3188477542777525
155,0.3229679885536096,0.06478113409314794,0.00023196949078684305,0.33534721726836786,0.27667169059408775
156,0.36726820522302234,0.18617672318028983,0.0005614482728286342,0.24368301553238858,0.20231060779147061
157,0.5641753491937465,0.17429003473653046,0.00041913979042109485,0.151503531184448,0.10961194509485388
158,0.28496173810725717,0.5736574107108365,0.0007868454168046439,0.05669737184775949,0.08389663391734213
159,0.14293779449009605,0.6400530725137349,0.005800897512296479,0.10097641757465904,0.11023181790921353
160,0.1379962838699323,0.7435986597081669,0.007826289088346322,0.08248866316406503,0.02809010416948958
161,0.12729609510492637,0.08970203466922283,0.00019967105789310012,0.06622958164781798,0.7165726175201398
162,0.30796268278542804,0.4664957686386101,0.0013055338540572108,0.0849392399054266,0.13929677481647798
163,0.15034319055662917,0.7983256799051711,0.007755324608268677,0.018521424194701916,0.025054380735229066
164,0.3570037546098669,0.5532442495790011,0.0022431173291723,0.01798927642477848,0.06951960205718118
165,0.04729680346191578,0.8563766826141923,0.05223614341910277,0.01130856519805095,0.032781805306738264
166,0.09140685714116994,0.8197562360300676,0.005697828160184635,0.0742510143523236,0.00888806431625433
167,0.13646302420485784,0.821250307043529,0.013826035488893619,0.012503315165266237,0.015957318097453523
168,0.0289823748713842,0.9185991599681841,0.040967612261481254,0.0057975208272452675,0.005653332071705164
169,0.053054771966843564,0.911703371574785,0.01989947587133078,0.007667677346851303,0.0076747032401892415
170,0.5223320600603552,0.352073264174805,0.002139956130945794,0.020567192784772002,0.10288752684912209
171,0.13444354306517056,0.824736095057747,0.015614140395866784,0.003130645744481595,0.022075575736733997
172,0.04426781403548829,0.9001955711522865,0.04868736375794207,0.0020463571206509124,0.004802893933632341
173,0.03065807688929914,0.8678030543961611,0.09309297831699133,0.0011123161417324573,0.007333574255816026
174,0.007082200105685915,0.8140494802708805,0.1755734257660317,0.0006947779016932272,0.002600115955708651
175,0.0021925244494808084,0.7670866140546903,0.22803905186150067,0.0007283442427348506,0.0019534653915935017
176,0.00580995854846023,0.7909396973221613,0.19884439951296604,0.000660693582562072,0.00374525103385041
177,0.0027739479566096696,0.5524313423897269,0.44197518860096024,0.0007910532058359059,0.002028467846867191
178,0.001827843711450014,0.35595677313437024,0.6410275771477153,0.00028491354374822724,0.0009028924627163325
179,0.00772085504921353,0.5328538010618746,0.4567170525095127,0.0004907426498847972,0.0022175487295141645
180,0.0003668527057423183,0.07434390484630433,0.9246036172044556,8.041112666091093e-05,0.0006052141168368753
181,0.002775153765537248,0.4991695647276155,0.4951449974257494,0.0004897608764139253,0.0024205232046839898
182,0.0016388303673568136,0.1293461665125317,0.8677966675313848,0.0001450611770515603,0.0010732744116750937
183,0.000730540975043614,0.25045183368504204,0.747496238808992,0.0001860722660824725,0.0011353142648399305
184,0.34597212274134465,0.12982295738622227,0.5216813369595118,0.0002556207464942024,0.002267962166427105
185,0.00019579583790089658,0.11134119745376056,0.8877295504618407,6.480517315845334e-05,0.0006686510733393299
186,0.00015736193215330614,0.03126496158136577,0.9674839658951033,8.249343566081241e-05,0.001011217155716669
187,0.0019197243855543472,0.11115525194341239,0.8846053737778483,0.0001612785356019529,0.002158371357582862
188,0.0008917050640790446,0.06963728616661015,0.9273439438093689,0.000183659871615558,0.0019434050883264248
189,0.00033368596523239554,0.13023553563275767,0.8684238444259769,9.730141888880633e-05,0.0009096325571443689
190,0.0007128364737300566,0.06516342339333306,0.9322600251548083,0.00045032745435161567,0.001413387523776784
191,0.00036193299114110845,0.04342599800985309,0.9550649378586991,0.00028048234044787847,0.000866648799858857
192,0.00021593571342930164,0.07714655357415692,0.9219513245283002,9.741842229242894e-05,0.0005887677618211668
193,0.0007297990126521437,0.05594073528068068,0.9411816241150013,0.0007129296723496287,0.0014349119193162669
194,0.006435968486398723,0.1077297580126025,0.8828658852290815,0.00040057097497317207,0.0025678172969440596
195,0.0010859296201284076,0.03818321554496899,0.9591013107042183,0.0001462732489951862,0.0014832708816891963
196,0.0012243436050947897,0.13242863348090525,0.8626754290638834,0.00041298493926793933,0.003258608910848645
197,0.004953653328124157,0.3634229157923666,0.6257996380573079,0.001576029333669451,0.004247763488532016
198,0.00028989454909974003,0.09999446457308173,0.8985048199644431,0.00022560680010237056,0.00098521411327309
199,0.0005397579631813648,0.04551118745822379,0.9526490211276051,0.00042802135082747146,0.000872012100162205
200,0.050113271343142855,0.35200298327576496,0.4370353040226752,0.021907402915475306,0.13894103844294156
201,0.03413357471183558,0.628712772417724,0.2604814276676353,0.014697136903079921,0.061975088299725214
202,0.04793300142195918,0.7348880469862221,0.16903590823352252,0.019579874194393783,0.028563169163902277
203,0.03003735912414413,0.7539899472252839,0.20882814625066914,0.003422456406930476,0.003722090992972383
204,0.06694141294797408,0.5917761141616268,0.3093225190308979,0.006299312151602263,0.025660641707899178
205,0.038261741959511306,0.6486748790144939,0.2864413173534106,0.014699976946081753,0.01192208472650231
206,0.009803249688972235,0.6572690997454665,0.3181193130556287,0.008739282395696029,0.006069055114236382
207,0.04359940937434153,0.5980190906086701,0.3405373002448019,0.00757790431052725,0.010266295461659391
208,0.00561942049233215,0.6132866616531766,0.36730039077727344,0.008919774803093597,0.004873752274124339
209,0.0033043686920812753,0.5936181732032425,0.3898242155129596,0.009222785942219489,0.0040304566494971696
210,0.11850835873605568,0.5032383650945654,0.0385874640694021,0.09713853929499325,0.24252727280498365
211,0.20612443149377763,0.5995009676969566,0.03837464497636507,0.07518479695260367,0.08081515888029708
212,0.17415255917553332,0.6690023684885168,0.08147199675319634,0.03754055035082235,0.03783252523193122
213,0.2162994122594403,0.6519278159200478,0.04480564173690287,0.05419284693946063,0.03277428314414823
214,0.14002059704025538,0.7245251796883166,0.07043325946433981,0.03486039045669382,0.030160573350394463
215,0.11723639970320178,0.6443425812381621,0.1352609531367132,0.017872035684187326,0.08528803023773565
216,0.035105896269725566,0.7615438262949358,0.1836819143563351,0.005273575856664539,0.01439478722233901
217,0.04634256232904812,0.7625293098910519,0.16124033023559015,0.009096089380957833,0.020791708163352074
218,0.032519946799702104,0.8130894643836089,0.1344135548710948,0.005185352138187989,0.014791681807406436
219,0.017911038345958582,0.5912564228059501,0.38173543077034916,0.003443777361954898,0.0056533307157872045
220,0.013487103720601183,0.5626813896244269,0.41695951625407823,0.0013238874647754576,0.005548102936118218
221,0.002545140944213038,0.2764753505886057,0.718861964882073,0.0005635934420951696,0.0015539501430130904
222,0.0007050858006670839,0.16576907309628902,0.8324380299123318,0.0002845861151576196,0.0008032250755544398
223,0.00036161774174401555,0.17288976065650916,0.8258923652367182,0.00022412711392523553,0.000632129251103501
224,0.0007617077824539206,0.10004452458956224,0.8982605426831325,0.0002683213223802114,0.0006649036224710373
225,0.00029028501207899545,0.2994898938248158,0.699123989440151,0.0002036925735296094,0.000892139149424602
226,0.0001123388074214588,0.06455290844240173,0.9349767498504372,6.743251296841141e-05,0.0002905703867712369
227,0.0004387719444797456,0.04026883094813429,0.9582975363310211,0.00019605659378844954,0.0007988041825764873
228,0.0015759471387986849,0.12470105729525949,0.8722491711208186,0.0002818938031411561,0.0011919306419820468
229,0.0009635797516069067,0.031107923238879582,0.9667983308653962,0.0001548034924795373,0.0009753626516377635
230,0.0035769427327292927,0.17039169967000622,0.8241387319258147,0.0003317435783343185,0.0015608820931154869
231,0.00027605641390694604,0.04812711806662384,0.9511409253184298,7.987871443907586e-05,0.00037602148660037814
232,0.0006270261891826542,0.07518777391864635,0.9229299080184351,0.0002895030257171084,0.0009657888480188291
233,0.004820908684061577,0.1230208787164316,0.8666439807388309,0.0009926820410973286,0.00452154981957885
234,0.0011043048285592362,0.23925441486933968,0.7573524264672378,0.0005828868956211727,0.0017059669392419166
235,0.00015070790160474993,0.08105936915242419,0.9182205272261019,8.338281580855879e-05,0.0004860129040606448
236,0.00031877262246743897,0.035850568876252514,0.9628351194747007,0.00011080121166584982,0.0008847378149136418
237,0.0008456093047414034,0.08166926336319069,0.9162748320836127,0.0002466523488328993,0.0009636428996222247
238,0.16211355357370566,0.06441437803809559,0.7699230264635002,0.0002941895422481501,0.0032548523824504354
239,0.0005641035077374397,0.05872207802368546,0.939504591006011,9.092128041898335e-05,0.0011183061821471616
240,0.0012192078666078336,0.2528467120622448,0.7432865318714023,0.00038075856770380777,0.0022667896320414053
241,0.00034781857458359583,0.15222262357625918,0.8460254264618381,0.00015629449437957473,0.0012478368929395099
242,0.08979642177819992,0.03970009489943515,0.8688999886988548,0.000164614098307162,0.0014388805252030599
243,0.00023963221380544073,0.060011052979214066,0.9385342531722551,0.0002007052146034195,0.001014356420121987
244,0.06478241220201715,0.041194929350292765,0.892517055091307,0.00019576726897208477,0.001309836087411081
245,0.0003023467528346713,0.10358484169172348,0.8952319318722449,7.408041737907516e-05,0.0008067992658180137
246,0.00018968924565840184,0.07870275160233339,0.9202001976198838,0.00012578717708586307,0.0007815743550386669
247,0.00026526712504475967,0.1352664788589888,0.8630736121258298,0.00015650751138430102,0.0012381343787523011
248,0.000492408367882986,0.11437311354044315,0.8827680434066473,0.0002973656534122227,0.0020690690316144587
249,0.00015052724774071915,0.04487550858811847,0.9542716633763161,7.572656457301745e-05,0.0006265742232515499
250,9.58582410655789e-05,0.07563306717026094,0.9233737186887959,7.747600361124242e-05,0.0008198798962663143
251,0.16119492964585014,0.08051482493585368,0.7516613194080294,0.00025540194067127654,0.006373524069595621
252,0.04147138424938012,0.0443932465731158,0.9121414672722672,0.00020489155312139158,0.001789010352115451
253,0.00022989125843409048,0.05044603366424024,0.9465622173941838,0.00030969963526008507,0.0024521580478818854
254,0.00031302011932099504,0.07045279701123905,0.9244240680513391,0.00041711827570835297,0.0043929965423924544
255,0.00041716019492610214,0.08760301342901887,0.9081410520220742,0.0004164110289248129,0.003422363325056025
256,0.07584757367910548,0.04201749729985863,0.879444509446503,0.00014981059568665598,0.002540608978846299
257,0.0006074504783789728,0.05068896788334025,0.9459440764861101,0.0002655231309157649,0.0024939820212550234
258,0.00022747828062491437,0.06199699508195982,0.9360528951974304,0.00040429237335745015,0.0013183390666273765
259,0.00019176359541429332,0.04447710891403513,0.9542558772257557,0.00034177735546073027,0.0007334729093340632
260,0.00617033124481109,0.39070312952528313,0.5870071160979515,0.006593970519909145,0.009525452612045128
261,0.0011896834478445789,0.20656923385565962,0.7898466164466739,0.000719079160880306,0.0016753870889415444
262,0.004256506731865458,0.2796011505559394,0.7085932124497522,0.0037665766800286412,0.0037825535824143417
263,0.048042243936368564,0.49354191912539774,0.2802781304309355,0.09997680142706332,0.0781609050802349
264,0.12641917556153423,0.3932545797187236,0.008876126804857708,0.11087167848003203,0.3605784394348525
265,0.07719227159871908,0.14177237828755324,0.017193444245758017,0.009533749376402712,0.754308156491567
266,0.017950805164900226,0.06957037472291765,0.008537345578927834,0.0036940632249194256,0.9002474113083349
267,0.270933907164985,0.16874512152519325,0.0008701620406143627,0.005501967091940796,0.5539488421772666
268,0.6352031271842411,0.2548362033987225,0.00039849266093119624,0.006281154034238803,0.10328102272186629
269,0.6052288162247506,0.27696088614731146,0.0008042718734423069,0.005330531060591931,0.1116754946939038
270,0.2278334302335165,0.615796426397461,0.0039326995429924405,0.04703589770622739,0.10540154611980282
271,0.23181455107308013,0.5170096956166418,0.0017476854150928632,0.19879086903118917,0.05063719886399591
272,0.17018521183997326,0.5466064676350604,0.007676633346591611,0.2416149767836245,0.033916710394750096
273,0.12399926668673006,0.626189264760367,0.011173201483336248,0.18966805786834784,0.048970209201218896
274,0.28901881274590524,0.3428132913172734,0.0018952296933362114,0.2914002117205318,0.07487245452295334
275,0.06525943293156569,0.7547195257541421,0.01318700315282304,0.14252104931860207,0.024312988842867075
276,0.0979151148887527,0.8088628280955339,0.020069172167330618,0.03570621279594982,0.03744667205243294
277,0.0027258770910995205,0.009029280888795248,0.007323114383421845,0.0010728455375219822,0.9798488820991615
278,0.5719759155454786,0.05254698953292695,0.00120710886813895,0.0841682579075579,0.2901017281458976
279,0.6846846726754434,0.18430540918286709,0.002554684373261141,0.056704019328365766,0.0717512144400626
280,0.21660188679692968,0.7093753786361015,0.003550072221067094,0.018617590722936565,0.05185507162296534
281,0.12792205225106992,0.1514106315273628,0.00028889627515098513,0.06565802406423046,0.6547203958821859
282,0.20145516929175142,0.153988481661789,0.0005476830712802438,0.19560702962532353,0.4484016363498558
283,0.01519729047980257,0.03857314407685025,0.007559290228634063,0.0023029890207432956,0.9363672861939698
284,0.04782323475264588,0.03620513036127292,0.0004157721788495209,0.0016272033494446059,0.913928659357787
285,0.02273923632668136,0.029672781304327118,0.0006173617453910615,0.001397406627137427,0.945573213996463
286,0.008046922256606684,0.0037697710392347906,0.9851212568197344,2.6541187865116654e-06,0.0030593957656375914
287,0.0020384470797816237,0.026822949283984994,0.00025700670541022654,0.0006188466697785046,0.9702627502610446
288,0.0014144048340571304,0.028409015962744755,0.00027185498834883716,0.00032969681011418356,0.9695750274047352
289,0.0027495073216040732,0.012038616420603165,0.000565717364287306,0.0010671598953274025,0.983578998998178
290,0.028932726177219644,0.01536557087036707,0.0005119572300855034,0.0020185979089593466,0.9531711478133684
291,0.006965941117705079,0.0010312685350956344,2.7869346589220573e-06,0.00023553311154623108,0.991764470300994
292,0.010552155914534662,0.0009843046505960133,1.0918003503599757e-06,0.000203593045239913,0.9882588545892791
293,0.011156925674767053,0.0013251197174945803,4.5153093363967136e-07,0.0011135190524216999,0.9864039840243831
294,0.010639646801395881,0.0008094842334406305,4.4562045686922405e-06,0.0011578377011058527,0.987388575059489
295,0.09484121133771115,0.003708690643066466,1.6547151086480867e-05,0.0034906184537879612,0.8979429324143479
296,0.020372600451234266,0.004562953257797819,8.300189302859175e-05,0.0030931107286224493,0.9718883336693168
297,0.015188787272852382,0.00942477092624258,0.008905686284344528,0.0026262065591232146,0.9638545489574373
298,0.0169843294622207,0.0018548246970739946,2.5843838940268336e-05,0.0024796622570711587,0.9786553397446939
299,0.013226220118555936,0.0021148269930459694,0.00010616494542706293,0.0016558235198063844,0.9828969644231645
300,0.09742743770987687,0.009608735875363419,6.895870308398994e-05,0.007167143832940386,0.8857277238787353
301,0.01461063723710235,0.0031572480935980743,2.1550516473803783e-05,0.0023171431776804075,0.9798934209751454
302,0.05433251419810904,0.006508281676776365,5.086818319969992e-05,0.016970679425381278,0.9221376565165336
303,0.3318139857582387,0.05852935176019271,0.00023104533504567052,0.08202383451697157,0.5274017826295514
304,0.01320261550450748,0.002229323621423367,9.982605603321623e-06,0.008140960072769961,0.9764171181956959
305,0.5853449547370436,0.04191095127595483,0.00010139876617641327,0.13366035903091036,0.2389823361899146
306,0.5658261767002803,0.07268996469462248,0.00019695580546656954,0.1640762930777812,0.19721060972184948
307,0.5819978907338261,0.1300171971665012,0.0002732937295798601,0.0815965167846702,0.2061151015854227
308,0.35504605321172744,0.34999288756870306,0.0005150163078143225,0.24587518219299145,0.04857086071876379
309,0.12146353053721685,0.07125984185445892,0.00014381363065404598,0.10693173443157072,0.7002010795460994
310,0.33011783021277114,0.37710043549124894,0.0006692075696786533,0.1307838646648416,0.16132866206145974
311,0.22424092496416065,0.3801050283602093,0.0011626606863864917,0.32726753618618076,0.06722384980306273
312,0.17991772417339638,0.45016630318881945,0.0008358108521273374,0.3234795686045313,0.045600593181125554
313,0.1303547781878,0.29380974019363604,0.0014124257181967743,0.5052332262439219,0.0691898296564453
314,0.33363509061662644,0.07127520021059121,4.843646353238242e-05,0.2969326321392338,0.29810864057001607
315,0.28610699964865416,0.1867699356854614,0.00014863907044387423,0.5112613537994694,0.01571307179597129
316,0.18642463104365764,0.21777487507773846,0.0003604965811697843,0.09455675477508949,0.5008832425223446
317,0.5463407703920654,0.13056109002804867,0.00011711687712121661,0.295537802300469,0.02744322040229575
318,0.2736540021075332,0.24853242912904225,0.0008027389639547121,0.36060754178267135,0.11640328801679846
319,0.3419104437779335,0.33741619297084796,0.00023277959444566222,0.19045213875393482,0.129988444902838
320,0.27130061251014814,0.43465915191990623,0.0003066079173360283,0.28285508365171186,0.010878544000897727
321,0.0579312308619262,0.808522939320825,0.001269832518868327,0.12361843658711452,0.008657560711266077
322,0.19146461321585276,0.4349390893707138,0.0006825081937871535,0.2609572687266696,0.11195652049297669
323,0.19512634773215476,0.25551850298701606,0.0002861040228785179,0.5247429310541489,0.024326114203801864
324,0.0716132385217113,0.6759639074351079,0.0004780703464986662,0.24688465559110728,0.00506012810557487
325,0.05745784810736655,0.04087578771337108,0.0005520520477098784,0.032438463349626634,0.8686758487819258
326,0.29696869791057057,0.11608050869192829,0.00011727628416924859,0.5442442011782471,0.04258931593508469
327,0.3107050473240554,0.16643395780635195,0.000515274796660681,0.3698778773431863,0.15246784272974576
328,0.444880128956448,0.3464276465668876,0.0005000971109729493,0.1599567488215524,0.04823537854413905
329,0.25593797209203517,0.18338604434063893,0.0009447402176077361,0.49513193158210556,0.06459931176761255
330,0.4670737106868883,0.16447540845972414,0.00025333904583214406,0.3415641731454764,0.026633368662078837
331,0.2340875635845699,0.3813667629069808,0.000524424227829061,0.36795395926801366,0.016067290012606622
332,0.16318857258754746,0.6248649090849987,0.0008999224100313528,0.20341249415190382,0.007634101765518572
333,0.15515054608046577,0.7235282010915741,0.0007660935722723296,0.10420307698511415,0.016352082270573484
334,0.17285348938279288,0.5522235445516513,0.000793694451856716,0.24671811680562408,0.027411154808075017
335,0.06248630574860362,0.8964953941959569,0.0017972904069277565,0.029296910949434676,0.009924098699076797
336,0.03770784838889923,0.8548607917268854,0.0012319598555681072,0.09976877837730218,0.006430621651345047
337,0.08258719154219642,0.157549128257314,0.0017932140580157652,0.028705680899278375,0.7293647852431955
338,0.2653521553507451,0.09679274238865784,0.0006232050869885355,0.32426296117430264,0.3129689359993059
339,0.44688769294482067,0.0571717399000132,3.714230405997929e-05,0.09422978562196478,0.4016736392291414
340,0.6153300317079621,0.2738884526386133,0.0001294718559006701,0.04478545697032462,0.06586658682719933
341,0.20074775245222304,0.7262397838233311,0.0001799996618186791,0.051881342903028344,0.02095112115959878
342,0.5231253096494836,0.3869183560039306,0.0010638262854953703,0.06348975315321703,0.025402754907873283
343,0.17309198626067437,0.5736785684847173,0.0008348890750625834,0.23759742747153875,0.014797128708007026
344,0.056102275755186025,0.8877693035245803,0.0026168747302415993,0.030154189422257185,0.0233573565677349
345,0.27068397771439956,0.5319052128936809,0.0008027202375654535,0.13099436288123809,0.06561372627311587
346,0.17712469667516223,0.5764162714189471,0.005789686479870706,0.05475602684405592,0.18591331858196397
347,0.44366629805431335,0.3870261845798664,0.0027114234662828315,0.08529363921868957,0.08130245468084783
348,0.30387962851099676,0.5974835625458218,0.0007601567871765134,0.05774219115121597,0.0401344610047889
349,0.16840788806560889,0.762868283660394,0.0009665850859180865,0.048175630920181796,0.019581612267897078
350,0.3093895387919871,0.5414325487547297,0.0007222820807102398,0.12661745445375835,0.02183817591881465
351,0.046536868278634486,0.8947674119972764,0.0012431229011090888,0.05137599052739508,0.006076606295584853
352,0.05223934663324844,0.9008468351712368,0.0010858546889012785,0.04026563902363651,0.005562324482976966
353,0.021372430885438543,0.9436751468851425,0.002324419206392134,0.026831044388118376,0.005796958634908063
354,0.02899095467973922,0.9201479813201174,0.0015536538153620826,0.03034063354854683,0.018966776636234486
355,0.20074037467320183,0.1782644694730383,0.0011059737556222517,0.09818450242324368,0.5217046796748939
356,0.3103769160444351,0.4991034491801946,0.0005040334372668501,0.1624057035637965,0.02760989777430702
357,0.1724326692724513,0.6895053959113596,0.00047495628402648024,0.13163878791930628,0.005948190612856285
358,0.3234574038245504,0.3488327003537688,0.001829142300138896,0.14987018629480506,0.17601056722673675
359,0.19982819225342094,0.544268135990718,0.0012514275536571193,0.240795031434272,0.01385721276793209
360,0.275863345094773,0.2883074047674675,0.0002591389225452571,0.4269237968787798,0.008646314336434525
361,0.20139262093477506,0.46013636937639013,0.0008486095089135077,0.161809315390342,0.17581308478957944
362,0.23171957866469492,0.30690277227608215,0.000745540268892873,0.42115160562691184,0.03948050316341833
363,0.26395468985040776,0.3495876313117429,0.0005458501406194633,0.3540769781170164,0.03183485058021357
364,0.0960241600059076,0.7960814015617108,0.0015908750769650431,0.08575165188483447,0.02055191147058205
365,0.5213271173324507,0.23657931582595595,0.0004725392034845761,0.21484962273428557,0.026771404903823005
366,0.29865924366436186,0.5347619197764841,0.0007502985306896599,0.13886243026746029,0.02696610776100396
367,0.10730573638773856,0.8187664513058972,0.0010478404776706669,0.06681705427429369,0.006062917554399958
368,0.09741860422127853,0.6986911645263583,0.0006226093007790716,0.18982302893613093,0.013444593015453265
369,0.036702269999683054,0.8902493544376512,0.006162382701924696,0.04244173049305547,0.024444262367685567
370,0.04590905230183723,0.7972183318947237,0.001144639849062891,0.1517167939453698,0.004011182009006451
371,0.26046307204902763,0.5050563142686628,0.0014692145803084206,0.12092804351533537,0.11208335558666574
