epoch,N1,N2,N3,R,W
0,0.003497496453122629,0.00017466982823282403,2.731092329181802e-07,0.00013050420952326246,0.9961970563998884
1,0.0036402586915810792,8.28061089655814e-05,2.6804937899704745e-07,6.357330913568474e-05,0.9962130938409386
2,0.08769713590912105,0.000607594279430653,2.930542311799131e-06,0.0007343140316242069,0.9109580252375122
3,0.018031883369439,0.00041485527968812997,1.3531332936627497e-06,0.00047995876747088486,0.9810719494501084
4,0.09279944331034734,0.0012631704496607068,9.730131477220961e-06,0.0016525545103495411,0.9042751015981652
5,0.009241933655494486,0.0005452130298666447,1.432485128826329e-06,0.0004965259855798005,0.9897148948439303
6,0.12953869761985023,0.001955963516782762,1.0782107411089176e-05,0.0010766951234417908,0.8674178616325141
7,0.0647350251861775,0.0014092531176975879,8.872845155694138e-06,0.0015555407749417156,0.9322913080760276
8,0.0925418624567715,0.002255578144177248,8.989889556284382e-06,0.0025096277104130174,0.9026839417990818
9,0.3606110860060239,0.01905780445573926,0.00010158713720808627,0.010809977370841231,0.6094195450301876
10,0.1835387163060904,0.010249192956357164,2.9418558751094592e-05,0.0033767138456387387,0.8028059583331626
11,0.007162616152789684,0.011263266659670791,6.0774228421392584e-05,0.00041764117123570526,0.9810957017878823
12,0.0018293763001747882,0.0006511198313648222,1.1038952482874716e-06,0.0001316597631450725,0.9973867402100671
13,0.002115682766989576,0.00041676346277762694,6.839513576617567e-06,2.635083337460204e-05,0.9974343634232816
14,0.025051695256186293,0.003404873100775001,5.752167972909747e-06,0.0001925278259016483,0.9713451516491642
15,0.001634496061725469,0.00032141623854337005,2.1785888878302213e-05,4.66507113850454e-05,0.9979756510994678
16,0.0020691752985403807,0.0003139762865352613,1.1067935758185333e-06,5.589679573458218e-05,0.997559844825614
17,0.09572648752416302,0.002193663992561699,1.7775747832659837e-05,0.0003327117552537368,0.9017293609801889
18,0.3402142344077067,0.0055760328843924,5.731096119727524e-05,0.0008751698779761941,0.6532772518687274
19,0.00584229340385836,0.00030657740187318825,2.0303207116575577e-06,0.00014543068971566316,0.993703668183841
20,0.11432715023513074,0.0044853311590786725,1.0950899053221871e-05,0.0011297035219742242,0.8800468641847632
21,0.23899552926163056,0.006482839361766619,2.7346425925525876e-05,0.0011828036295169972,0.7533114813211603
22,0.06780907838005909,0.007667035132719631,1.2679671808083203e-05,0.0013397033726273305,0.9231715034427858
23,0.1400066971765356,0.013792074840455049,2.3338070117369423e-05,0.0070608294616043244,0.8391170604512876
24,0.2151479978753109,0.05303690651617076,5.531203186673061e-05,0.021441497889533017,0.7103182856871186
25,0.09575657723079944,0.08418570730802699,6.459889082400342e-05,0.022933026625485,0.7970600899448645
26,0.005764535910288182,0.0011645321019885116,5.205523581105374e-06,0.0019114877513801752,0.991154238712762
27,0.04300585626761425,0.0036357408546620904,7.633033768351191e-06,0.004938346618132402,0.9484124232258229
28,0.1222321479897858,0.0039394893093338485,1.1350263243547921e-05,0.00939867665021908,0.8644183357874177
29,0.5744270294658442,0.00521588862761493,1.571552382608037e-05,0.014400968058397592,0.40594039832431716
30,0.5884367791131366,0.023261175886910075,6.607734498249708e-05,0.05004237795087876,0.33819358970409225
31,0.321876802176681,0.09596065054502824,0.00011698356650579257,0.04811300058498248,0.5339325631268025
32,0.15699797952380148,0.010289980672485708,2.1211192911953716e-05,0.034758376773809815,0.7979324518369911
33,0.31688435960808287,0.0960087644470688,0.00014400076130638377,0.10991838153885879,0.4770444936446831
34,0.48956060944079954,0.045834985495848385,6.802173917492308e-05,0.07132312785825384,0.3932132554659233
35,0.42424979803722385,0.12230861457537318,0.00027150152957054074,0.06796876730968804,0.38520131854814443
36,0.04163198811973234,0.004116371788530932,9.305910125570499e-06,0.005396221931928971,0.9488461122496821
37,0.0226237553616905,0.001486207273683509,1.1081301334978916e-05,0.0012877026241884062,0.9745912534391026
38,0.45044392313198456,0.03694247013881243,6.303237976578875e-05,0.010264280148258212,0.502286294201179
39,0.5680248024271088,0.04297975643435288,0.0003012329209642568,0.011492713811451217,0.37720149440612283
40,0.38556030875507225,0.021979233245117212,6.671126311857874e-05,0.02367730444300115,0.5687164422936908
41,0.2562936720286873,0.05192933076079425,6.020897821590818e-05,0.07137400706102325,0.6203427811712793
42,0.16828846277908424,0.5096524276801297,0.0011306789335627939,0.04417573599140743,0.2767526946158158
43,0.020993844074439136,0.004422799109706112,6.2928886789372e-05,0.001970946156628549,0.9725494817724368
44,0.26535250599843996,0.06790420848221335,0.00017898650391119818,0.018914629855265076,0.6476496691601704
45,0.6491969116245768,0.07822007516055461,0.00023441231558707837,0.021977656521831063,0.25037094437745033
46,0.6566518009512834,0.057616932160470286,4.819817833033285e-05,0.004986799373245777,0.28069626933667013
47,0.3143027106715692,0.06688167128950705,0.0001022527920530999,0.010850558163193805,0.6078628070836768
48,0.5182863925139356,0.06355190784125264,4.683172976163229e-05,0.011414847680441048,0.4067000202346092
49,0.6978297556118928,0.15391533152853182,0.00032406685788602955,0.040871453575885446,0.10705939242580394
50,0.48828442740033934,0.14252343050296054,0.00020941096574158974,0.058894609031575326,0.31008812209938313
51,0.42800856999087283,0.3393266790747695,0.00041200296481773695,0.0411997276558414,0.19105302031369864
52,0.1499341818642616,0.5622279587207737,0.0004208483870505683,0.04657697830574602,0.24084003272216806
53,0.0022160162299759084,0.0014133735261561073,1.5239847707469198e-05,0.0005077069260194868,0.995847663470141
54,0.4973187839565735,0.0304380721251553,5.768360502212403e-05,0.06278238088920901,0.40940307942404003
55,0.6959167044437818,0.05307844617222643,7.897255721590364e-05,0.032772428358417684,0.2181534484683582
56,0.47168326302741853,0.11780918765624777,0.0004306391291090352,0.022875868964855328,0.38720104122236937
57,0.10279043946536538,0.11616897630094164,0.00017393248380177893,0.0440572393120407,0.7368094124378506
58,0.2094618876156325,0.044837664704693796,9.008941638161487e-05,0.06334873197824653,0.6822616262850456
59,0.18436450175142508,0.011098529728326558,2.4090031692884497e-05,0.017946094544128505,0.786566783944427
60,0.22895051398959682,0.08861862584915851,8.638479511041947e-05,0.01561716188299977,0.6667273134831345
61,0.4389620231895785,0.04912111919796235,0.0001819101764605742,0.06657678664063037,0.44515816079536813
62,0.016272536026783326,0.05746464402743006,0.0003079277841955306,0.0009875985654685965,0.9249672935961225
63,0.0007064001854044737,0.0016000664220388644,2.150541798158161e-05,7.093787954163947e-05,0.9976010900950334
64,0.014852695482018183,0.0015081622743199018,3.698481831319688e-06,0.000354232126741014,0.9832812116350895
65,0.001285218149970723,0.0007542793702442328,1.3586831947702857e-05,4.148363240544261e-05,0.9979054320154319
66,0.04025876912632867,0.0008915112877146786,6.474865226371566e-06,0.000576043900854597,0.9582672008198756
67,0.2545023898291361,0.003744442714557271,3.2238592340768386e-05,0.002927512155328414,0.7387934167086374
68,0.07951128659352748,0.0012924468653121319,5.622837785789392e-06,0.001351624181461272,0.9178390195219134
69,0.4156814162893568,0.0069834061367517655,4.9627801364366254e-05,0.0038583619167611052,0.573427187855766
70,0.7018630215126278,0.04506069327017724,8.947035088749736e-05,0.009755509409180484,0.24323130545712704
71,0.4456997624816401,0.045221782654883774,5.360554644455577e-05,0.02861558930684361,0.48040926001018797
72,0.32345299128730093,0.1567793680336424,0.0003717920318977176,0.10108843061803868,0.41830741802912025
73,0.2291057520627695,0.3245597355303315,0.00040879421522326876,0.12435899335979023,0.3215667248318855
74,0.12509874013177977,0.3307560110541897,0.00043593021005059205,0.04499531689796904,0.49871400170601077
75,0.018105208332373328,0.1888276229793134,0.0036678946811885696,0.003026802580640675,0.7863724714264839
76,0.004617216606574449,0.001180657433785445,5.2836122953077245e-06,0.0023847660427789266,0.9918120763045659
77,0.4065948900470489,0.03584363004244592,0.0001167839245690011,0.021460186803746922,0.5359845091821892
78,0.5678443368641369,0.024679978890351655,0.0001230055167608221,0.018782281315491704,0.38857039741325883
79,0.34909568568242355,0.020800312274493176,2.3438167048662604e-05,0.005468444308669428,0.6246121195673653
80,0.15440701821077615,0.031735638096128706,2.9794147706333533e-05,0.014872077196777111,0.7989554723486116
81,0.3032528793282475,0.030500708963835412,4.083856735028438e-05,0.011531881190679777,0.654673691949887
82,0.24659594245547958,0.024675941652434936,4.8140624531358354e-05,0.018679883955254294,0.7100000913122998
83,0.05764635542819161,0.02659776730667543,3.453597049704707e-05,0.0037258623821628005,0.9119954789124731
84,0.013228507728630236,0.0022746067672390585,2.3310368795627313e-06,0.0011496228553099874,0.983344931611941
85,0.08198772628482641,0.0015270291194496948,1.869503775805433e-06,0.001684394610605325,0.9147989804813428
86,0.7285294619050109,0.014990033117683776,3.7410445190919126e-05,0.007751891819505935,0.24869120271260842
87,0.8052025152110449,0.039293419719367215,0.00013453549592280548,0.009656465137724817,0.14571306443594026
88,0.45804171305584346,0.28959580217590797,0.0007086730764598202,0.05286655535109627,0.19878725634069244
89,0.08175509656074072,0.036985367976440184,1.169536645196771e-05,0.028766826620258517,0.8524810134761085
90,0.7466461711683567,0.12085198818984211,0.00011566642575107507,0.06271043757812675,0.06967573663792344
91,0.7125570740572446,0.1491751610121922,0.00014738288690875495,0.07983713297700588,0.05828324906664873
92,0.7233449783604712,0.21795705319614694,0.00020716388955051415,0.015255117412330453,0.04323568714150096
93,0.29489862585109894,0.6221479511776583,0.0006216601776156599,0.052091439421281784,0.03024032337234528
94,0.15723698143214965,0.8034291076954818,0.0024559366814056738,0.024855592010638028,0.012022382180324961
95,0.05519017099744185,0.916109739778901,0.002267714282580746,0.019514285518033143,0.006918089423043349
96,0.06952025105903248,0.8644904936100062,0.047213408898145966,0.005560088486795228,0.013215757946020335
97,0.1272754985371095,0.8433522951434002,0.005518472741173957,0.015146384027345444,0.008707349550971024
98,0.06547085813078365,0.9135782022885195,0.009775764487319491,0.0037836191113825475,0.007391555981994957
99,0.08365937693184368,0.8860222045963663,0.02016126359181428,0.0016230575775320047,0.008534097302443817
100,0.02754162382064168,0.9102412995538963,0.05766956049991096,0.0005174149407161089,0.00403010118483491
101,0.06181081839681906,0.9112666206364355,0.019188719491930285,0.0022755457960126624,0.0054582956788025265
102,0.012774595937871377,0.8381975651459773,0.14489155195832146,0.0005915089358477478,0.003544778021982072
103,0.00599353886618976,0.753444194482286,0.23547255135924314,0.0003266565153463653,0.004763058776934775
104,0.005537087051500824,0.7382555945836459,0.25133831928444594,0.00031820329834559115,0.00455079578206179
105,0.006902947562814668,0.7861721887957074,0.19536839679487022,0.00048516573127414185,0.011071301115333642
106,0.007312498082382465,0.7047738802311977,0.2818638416918444,0.0006382229341309407,0.005411557060444427
107,0.0060119029335553575,0.8073381154169316,0.17993776197070935,0.0005576453878099571,0.006154574290993931
108,0.0028772608580384736,0.6510392630987203,0.3384313849728085,0.000177640646742088,0.007474450423690731
109,0.002073068845261397,0.4913196252651021,0.5016184157444745,0.00013611914128921611,0.004852771003872784
110,0.003595816776617291,0.7585503964985394,0.23340047571968803,0.00031825640797675286,0.004135054597178628
111,0.0016198493162087565,0.2345335071117802,0.7601938449636074,4.714385255041369e-05,0.0036056547558532817
112,0.0017267323498372255,0.6514120150638086,0.3408490666008018,0.0002973953258366913,0.005714790659715734
113,0.0027840092383926616,0.570612584598274,0.4196098726833723,0.00021863594916714786,0.0067748975307938475
114,0.0002371904647852992,0.05938971677746268,0.9394403763318859,1.9547488988799282e-05,0.0009131689368773886
115,0.0012847180232081904,0.3656055069164469,0.6281358305648217,0.0002204107229164263,0.004753533772606733
116,0.0008981787874413887,0.5465132344686517,0.4495189016706938,0.0001770586319715258,0.0028926264412415924
117,0.00023851909532307357,0.046873624702898485,0.9517267203906425,3.250643602163663e-05,0.001128629375114369
118,0.0016418153849292111,0.5350978219978875,0.4570132707836975,0.0005614281401125066,0.005685663693373157
119,0.0005704567287404397,0.3109846079285563,0.6860038027602686,8.767809179243633e-05,0.002353454490642127
120,0.00047949188165602083,0.046188600801711645,0.9512501823901554,3.59614048794547e-05,0.002045763521597238
121,0.000405246618359586,0.07806408273092216,0.9193838288768594,5.327526431577005e-05,0.002093566509542984
122,0.0005133748708145533,0.034275760411001895,0.9635899880295519,2.639060171181665e-05,0.0015944860869197327
123,0.00022792207723728152,0.01753318094013507,0.9814045447367501,2.1902451755117318e-05,0.0008124497941225062
124,0.00044506882053474157,0.050961991637211046,0.946093337507292,4.419647532166388e-05,0.0024554055596407776
125,0.0008141924895905946,0.2771996249682017,0.7177133666413347,0.00011512774370937208,0.0041576881571638155
126,0.00039598014601800713,0.030444505112801813,0.968162565996479,3.53950235930727e-05,0.0009615537211082694
127,0.0006369058483407376,0.246823709908943,0.7494729109322803,7.82289674973146e-05,0.002988244342938499
128,0.00038230936404606185,0.1408902657083387,0.8572038571570219,4.967142904854824e-05,0.0014738963415449606
129,0.000181829869926408,0.03216399329623348,0.9669051646794282,2.157752152223046e-05,0.0007274346328897275
130,0.0002472454955495651,0.02413936933249181,0.974827443751324,1.5535195767826608e-05,0.000770406224866847
131,0.0001814465825561785,0.01574120303549824,0.9833473759798617,2.8183763242770686e-05,0.0007017906388410022
132,0.000393464660357274,0.20784061149634023,0.7885935441079782,8.130523766053898e-05,0.00309107449766383
133,0.0012201017225238373,0.3130126333440772,0.6802783842510423,0.0002875854604612658,0.005201295221895398
134,0.0007651966465504654,0.18667860593508143,0.80988982542636,0.00015114803419144672,0.002515223957816754
135,0.0002837045345646931,0.011056629817768544,0.9881006876570118,5.315817676377089e-05,0.0005058198138911003
136,0.0004189635852191795,0.12544805044640428,0.8725958511459924,7.31202184216791e-05,0.0014640146039626115
137,0.0002851821618686486,0.018083750957409793,0.9806466062912642,3.824235314218537e-05,0.0009462182363150767
138,0.0004142341244771619,0.0831494143579307,0.9146619096646076,6.556799465853905e-05,0.0017088738583261494
139,0.0004949014851100028,0.015890620361491956,0.982656876876551,5.197579054150791e-05,0.0009056254863054784
140,0.00019991262997101625,0.02404359444390943,0.9750459635431965,3.4361523334079975e-05,0.0006761678595886994
141,0.002089191808271568,0.24652021495560977,0.7475200728233435,0.00032704660351613453,0.0035434738092589703
142,0.0009448542180802965,0.07397313550643364,0.9227908487091118,7.64102632808092e-05,0.0022147513030936618
143,0.0005756034690403472,0.1377687517747057,0.859874002533852,0.00011558966822479282,0.001666052554177144
144,0.00046985062887877936,0.053091099940522246,0.9452035230380903,4.942960502166311e-05,0.0011860967874868288
145,0.0017043334076875033,0.3668564638911902,0.6282200004172332,0.0002782311586605702,0.002940971125228394
146,0.0008427205406538794,0.3045510192452826,0.6925954975572981,0.0001351844653986311,0.0018755781913668017
147,0.0006384292154370963,0.11986682324035573,0.8775151295071296,0.00013393207770630625,0.001845685959371262
148,0.0003288720573882992,0.023183676663196647,0.9760276476341554,2.2441751176593798e-05,0.0004373618940832429
149,0.0005134777321449199,0.04328809750722806,0.9551564436231053,5.660446870273545e-05,0.0009853766688193387
150,0.00227922653942457,0.5235447573540464,0.4683031042500734,0.001102966528370675,0.004769945328084995
151,0.0004308275427593482,0.02261764743883479,0.9763497522189108,6.436226176966509e-05,0.0005374105377253549
152,0.00069130892493213,0.19259213460860022,0.8045339956656117,0.00019579352693821023,0.0019867672739178267
153,0.0006943027735233368,0.0692420918959406,0.9287347191036127,5.897762587214251e-05,0.0012699086010512306
154,0.0014605554303512495,0.27812805589376766,0.7172976447752922,0.00025731282130705377,0.002856431079281954
155,0.00042298090446308233,0.03284528642695165,0.9659174986854502,7.593229082592693e-05,0.0007383016923090491
156,0.00036210348589159054,0.03869248581879499,0.9599244248380053,7.65588368311019e-05,0.0009444270204770235
157,0.0006446394504925107,0.07567626193898756,0.9221705201864123,9.083781287363563e-05,0.0014177406112340861
158,0.00048735990889833743,0.06200859959116284,0.9362428204694552,7.120666361862085e-05,0.0011900133668650717
159,0.0013175757852959544,0.2580453303330043,0.7382202870395856,0.0002618062971673639,0.002155000544946857
160,0.0002654857109198443,0.04447380115939194,0.9544155085462851,7.549494212716694e-05,0.0007697096412759881
161,0.0002675736598318463,0.05159724623362809,0.9471153976938742,5.645200923418213e-05,0.0009633304034317551
162,0.0003265033929376912,0.024830919134738227,0.9739430791228391,7.148753594951184e-05,0.0008280108135355192
163,0.0003666270269901309,0.025069626047881075,0.9736733322882305,4.948204228970642e-05,0.0008409325946085852
164,0.00047741275608648354,0.07607324583263393,0.9220582737839929,0.0001001698614627024,0.0012908977658239397
165,0.0006342680155085171,0.05185608878897189,0.9454933996061866,0.00020229283908158657,0.0018139507502513653
166,0.00014788907851645468,0.020985969046357963,0.9783094288142085,3.397186998753647e-05,0.0005227411909293976
167,0.0008078882206200673,0.21350004771877037,0.7828512299201109,0.00030016508835781913,0.0025406690521407363
168,0.00039192106366707345,0.09081319546320496,0.9073308657843708,9.565651601622817e-05,0.0013683611727409132
169,0.00010299197357580548,0.03713856872924746,0.9621168179562822,8.077579299270782e-05,0.0005608455479019726
170,0.00033514111339290304,0.025797586589926088,0.9730668213879943,8.963298151759863e-05,0.0007108179271690492
171,0.0002929057809364583,0.04715501209355869,0.9516202971606127,6.556142195153638e-05,0.0008662235429406724
172,0.0006034564769723964,0.06405536289672532,0.9339086395326864,0.00011674168018918678,0.0013157994134268094
173,0.000911170441899398,0.2444161733027601,0.751284919938453,0.00022059190997024072,0.0031671444069173724
174,0.000622649230236245,0.08863658050090077,0.9090938981083316,0.0001402910039329858,0.0015065811565983165
175,0.0005770711908120702,0.056348870135628275,0.9417620545254212,0.00013212119583608158,0.0011798829523023244
176,0.00023233787945502058,0.015870929898952987,0.983269825518668,7.67985362646514e-05,0.0005501081666591741
177,0.00023136417287668998,0.03201749585394671,0.9668161765269258,4.170632882730201e-05,0.000893257117423514
178,0.0003334254962935695,0.1065980214210725,0.8913855859314758,0.00011754718854745353,0.0015654199626108833
179,0.0009479058135170562,0.05468663907108147,0.9423699910437704,0.00025511175711199954,0.0017403523145189327
180,0.0008720539950059947,0.19536397847595688,0.8015993981690577,0.00027241683006947056,0.0018921525299099085
181,0.0004298872463905632,0.03271522716671728,0.9658321024943499,0.00014917510167846947,0.0008736079908636339
182,0.0005240553394681043,0.09962838581888969,0.8982562240172091,0.00016486428955384027,0.001426470534879385
183,0.0009835410893359435,0.09372861839662056,0.903436160846143,0.0002585147561303872,0.0015931649117701214
184,0.0009229216776399819,0.23773538313958759,0.758805312146638,0.0003801249447976953,0.002156258091336594
185,0.0005302448586324226,0.08106607723401732,0.9172897518936117,0.00011822528338637003,0.0009957007303521218
186,0.0007407999824311573,0.21430537587764178,0.7826955441764133,0.0003375159623683254,0.001920764001145488
187,0.00016444378236637994,0.02390907863666279,0.975403545243018,5.4828681512207085e-05,0.0004681036564404898
188,0.00017942408736971514,0.0445679265818124,0.9544816519987838,0.00014197221780410565,0.0006290251142301159
189,0.00038696798851379463,0.11839685404130573,0.8801090265748098,0.0001464633112822125,0.0009606880840882877
190,0.0007854616501040728,0.17379188278044883,0.822942878720081,0.00034246742814950326,0.0021373094212166124
191,0.0008152161574157083,0.39015229826968795,0.6055497016226153,0.0005704711496978034,0.002912312800583185
192,0.0004068156817877035,0.07384312829169094,0.9243036186266802,0.0001185328696595596,0.0013279045301816978
193,0.00048709744678893373,0.10518161099668653,0.8931612237785888,9.463381103154977e-05,0.001075433966904126
194,0.0010341683024887476,0.11715399895024824,0.8793986702768517,0.00028300517127476663,0.0021301572991367147
195,0.0015304341490419483,0.11024215590253328,0.8851569298842793,0.0002494390868504688,0.002821040977295186
196,0.0023900319458889144,0.25063366439467843,0.7409799500993742,0.00040102868769555436,0.0055953248723628135
197,0.004114181845753891,0.33457506113307023,0.6508780719825614,0.001082794570116594,0.00934989046849779
198,0.00595184435332954,0.4245364062386758,0.551872113006271,0.002339283549939036,0.015300352851784625
199,0.005182207680631556,0.13539673339985983,0.8472607818100087,0.0015898547417129746,0.010570422367786955
200,0.005876429697521131,0.14841485914005528,0.8236359885638381,0.001929734037757683,0.020142988560827833
201,0.058179844979094085,0.06924737842448302,0.01373141258108468,0.007018807712368947,0.8518225563029693
202,0.0675303317343763,0.02420668240143215,0.001588962552224967,0.009930589675577722,0.8967434336363889
203,0.1905786112232383,0.06653898317892118,0.0013325865638865583,0.04184057491413409,0.6997092441198199
204,0.2511964777047992,0.19514858654513403,0.003092633975778233,0.02336932568994528,0.5271929760843432
205,0.15238136793659957,0.18321465174648563,0.0006526537773018065,0.04729028172945392,0.6164610448101591
206,0.12697397642218464,0.38795210162491295,0.0049606181231919904,0.11757661794526997,0.3625366858844405
207,0.13425911225491188,0.6537843648181966,0.002370529166631147,0.04947109665582894,0.16011489710443133
208,0.15294734680349426,0.5438259216554613,0.0007734440176235405,0.06310405478389611,0.23934923273952488
209,0.16337455944086737,0.5785752671747878,0.0005400923026929532,0.060621057665471066,0.1968890234161809
210,0.11653185620250243,0.6272027724324323,0.004571720919486806,0.04470959709264968,0.20698405335292874
211,0.2372454878742978,0.605609402829556,0.00151858138074024,0.07583402016020621,0.0797925077551997
212,0.243480279072533,0.3523744694103519,0.0008281481020852978,0.3783758005091731,0.024941302905856742
213,0.11131142685194437,0.8142272250091612,0.004049318854660838,0.03740309228600027,0.03300893699823349
214,0.11464147288394995,0.6936107290929963,0.00989041993520389,0.11170650276782454,0.07015087532002535
215,0.10767008746178634,0.7154695351985314,0.0058217957400877535,0.130310322585074,0.040728259014520596
216,0.11137485991850075,0.6679349160621725,0.0035510643705853454,0.14926251864246565,0.0678766410062757
217,0.005549157151109078,0.01839371584234944,0.0032983547003540294,0.0037620228061461453,0.9689967495000412
218,0.3000265725523905,0.17400134244598364,0.0011733406984920922,0.12908138608109837,0.3957173582220354
219,0.5124793242031537,0.36393319526844004,0.002342493000572517,0.055061782607196824,0.066183204920637
220,0.31889107578322073,0.21024078581269548,0.0005994928819921815,0.059142590131143036,0.41112605539094865
221,0.3579518577014074,0.26064978655745996,0.0005908828553011485,0.3337277266532295,0.04707974623260194
222,0.2561626742141558,0.14863911384007572,0.0005040384073416819,0.5489608955898042,0.04573327794862258
223,0.2387122957456657,0.17830662980585496,0.00030449388674853883,0.5205504387379634,0.06212614182376756
224,0.1514501416245784,0.05724961391345476,4.197337829638852e-05,0.6681779818524446,0.1230802892312259
225,0.23642195920662357,0.11494960243249423,0.00020978680794994255,0.6135953915630782,0.0348232599898542
226,0.13064848750421762,0.0520418487689811,4.912967672252304e-05,0.7935845828707002,0.023675951179378436
227,0.16916650393528648,0.017062618686584128,2.3929039529324334e-05,0.7422001929052797,0.07154675543332034
228,0.08564187552885079,0.022838090292732663,4.925675349252552e-05,0.8622614937740039,0.029209283650920275
229,0.10727541368386265,0.008396179353443677,1.764735191674233e-05,0.8496607222536746,0.03465003735710229
230,0.052436818754654224,0.005249369064377339,8.875679389595616e-06,0.47313748964432123,0.46916744685725753
231,0.11204958131565398,0.00830424090167353,3.380465357108334e-05,0.31945374591160786,0.5601586272174935
232,0.29810510468603496,0.017993235230066396,8.298119754041996e-05,0.3807860415323578,0.3030326373540004
233,0.13150451696378399,0.009533618899012329,0.00022026091432989265,0.13399371743215807,0.7247478857907158
234,0.3505114295418564,0.01115221138346853,1.961443240622794e-05,0.32176004508260825,0.31655669955966065
235,0.14122798096835149,0.018687908379470028,1.1821300678226464e-05,0.18890440038187392,0.6511678889696264
236,0.20904341647941294,0.03419222724185241,1.1239091720449305e-05,0.3115261586172728,0.44522695856974137
237,0.23340999419280425,0.023503204445419586,2.2382267827135954e-05,0.24027788994608051,0.5027865291478685
238,0.21406250264074497,0.03665887662745483,5.032690692821899e-05,0.5430581031097306,0.20617019071514145
239,0.22561263406980656,0.03656025051653679,3.899759401027396e-05,0.42185915524463025,0.31592896257501607
240,0.03586086359072932,0.019768478798600657,4.354966599775014e-05,0.9196404681291456,0.02468663981552654
241,0.0957151025257688,0.027584558078629792,6.072023957207234e-05,0.609104502481933,0.2675351166740964
242,0.039510119082542594,0.010395692238571385,2.879661055863866e-05,0.30232340945882824,0.647741982609499
243,0.22040352200488014,0.021480505347216274,1.588412341527127e-05,0.602169664481214,0.15593042404327434
244,0.23687439028270768,0.023742280918345425,3.1131000710281535e-05,0.702909106159864,0.03644309163837257
245,0.19407977073772165,0.00729835467257655,5.079561632744318e-05,0.7519891747965255,0.04658190417684897
246,0.10081248136451137,0.008869837704115058,4.2481208780717834e-05,0.6472644105152628,0.24301078920733007
247,0.05684779914982233,0.012287015598800242,2.807112333741378e-05,0.9048367319985312,0.026000382129508923
248,0.0987010266007925,0.05402826607257997,6.092213555209026e-05,0.8188774850890753,0.028332300102000114
249,0.09295098257183501,0.05816838785113747,0.00012825849568044503,0.8084463794767178,0.04030599160462922
250,0.03148784612130037,0.029842198865156943,5.227566377548909e-05,0.9120770499720838,0.02654062937768353
251,0.032090504912271514,0.044070507220197286,2.4361805558608533e-05,0.9097875294138209,0.014027096648151586
252,0.02878206018800467,0.013052372328115385,3.1538722885538317e-05,0.9399648520564264,0.018169176704568017
253,0.09189364349847966,0.0353622135747959,3.3750409521035817e-05,0.8331582182274891,0.039552174289714324
254,0.07860930820008248,0.04060641036932871,8.393780487882698e-05,0.8682105391663872,0.012489804459322722
255,0.09284936588491491,0.025039059423951886,3.5357712990143936e-05,0.8602021102433214,0.021874106734821524
256,0.05480988612815934,0.025767631116863515,6.25505347913585e-05,0.9094402191440438,0.009919713076141961
257,0.0223428617408719,0.012230288147619579,5.899934468900168e-05,0.9561543596413602,0.009213491125459185
258,0.022122489474739965,0.0077402773232053326,3.6319089496407466e-05,0.9398540394074238,0.030246874705134492
259,0.025042155044215014,0.005092562250248996,1.2852351306004567e-05,0.9588603549150032,0.01099207543922678
260,0.030569209820878917,0.003999714075575574,7.370152301288203e-06,0.956875878237861,0.008547827713383256
261,0.08841776240881122,0.016881814061212558,2.5447849314219704e-05,0.6836866528370529,0.2109883228436092
262,0.1957717000537498,0.009752387116559465,3.5263826700087514e-05,0.32339580047053423,0.47104484853245643
263,0.45353101272175783,0.006645170614506312,3.798495588437943e-05,0.3718328807078958,0.1679529509999557
264,0.4021850902443907,0.010424368659197433,3.390974394993509e-05,0.4710434665880244,0.11631316476443755
265,0.30899111460384754,0.006098696085365659,1.24756224421033e-05,0.6052179186652055,0.07967979502313921
266,0.08476685830200684,0.0075369500670844705,1.4433528609736386e-05,0.88508209939379,0.022599658708509017
267,0.04997098448083307,0.008330884166811157,3.496045486123155e-05,0.8442848908103319,0.09737828008716261
268,0.22369548206387999,0.0103226930694026,1.1828446363222267e-05,0.5384316560862472,0.2275383403341069
269,0.19114957993139242,0.011951482455118956,1.5708705738042807e-05,0.7514519122199798,0.045431316687770965
270,0.21200038898894072,0.025728625306848572,3.997852993049066e-05,0.72917006908402,0.03306093809026022
271,0.16836726116273099,0.031216443218629472,0.0001506637698868726,0.7837182510483561,0.016547380800396444
272,0.09239649742917352,0.05697327530792618,0.00013879286087471865,0.8292001786855061,0.021291255716519613
273,0.07252428897950088,0.09367731846568661,0.00042101970344512877,0.8259801141883379,0.007397258663029451
274,0.08119969247453748,0.026343403678112682,0.00017646723212707085,0.8843183792592345,0.007962057355988199
275,0.16906127073218988,0.1343778217669344,0.00011345569198665909,0.6224931149123989,0.07395433689649016
276,0.0989843756613627,0.17760076031822344,0.00042409425058959364,0.7083601306473826,0.014630639122441754
277,0.2517046328572568,0.15051433282592183,0.0003884685972265306,0.5870981983459935,0.010294367373601378
278,0.1602441889368813,0.5293359904110594,0.0009662865642848318,0.3013603452384391,0.00809318884933518
279,0.13290094996514767,0.5882757854428842,0.0008089439421081703,0.268973894160086,0.009040426489774088
280,0.17356257954493662,0.6870531539494432,0.0021615933280214996,0.12872997744636103,0.008492695731237542
281,0.04562969385447984,0.9079315055309145,0.0016852927204854646,0.039364469438072286,0.005389038456048048
282,0.026442828450207553,0.9318031647277337,0.009036736700902607,0.028118308746363507,0.004598961374792634
283,0.09679886802998765,0.693995786894833,0.0016322567696481478,0.19924181305919444,0.008331275246336773
284,0.03820788965935048,0.9124890663014802,0.004577244753798468,0.036545633455441096,0.00818016582992957
285,0.06022801075608107,0.8838527036040683,0.003209484255921275,0.048458557762854945,0.0042512436210743396
286,0.07579150484265709,0.8875501341561982,0.00878813570534662,0.0096387109567654,0.01823151433903268
287,0.07023899707744719,0.9011745396361929,0.0037639911013697767,0.016240204553674913,0.008582267631315197
288,0.18819672665591833,0.7502428739573029,0.0019036786844264905,0.052059816819715755,0.007596903882636621
289,0.05585654283732168,0.9210637545246332,0.0034141439605474967,0.007475117542615949,0.012190441134881715
290,0.07070887662331238,0.8897326167293271,0.004053444592008258,0.025683048672590664,0.00982201338276144
291,0.07758362241624883,0.8341029341922598,0.003043202752627136,0.07918763766021064,0.006082602978653716
292,0.01263911132641499,0.9701646294224998,0.006289302583372871,0.005621962793980445,0.00528499387373192
293,0.04702782306254033,0.9108268215045692,0.005697308489612976,0.03113599738177219,0.005312049561505297
294,0.018254270094675396,0.9442307027090785,0.008024993836568505,0.0252520966484132,0.0042379367112643975
295,0.010938300906492594,0.9431119649549037,0.023371325862496937,0.013571345702645914,0.00900706257346095
296,0.060845027581805315,0.7082954688575243,0.0028914747402194194,0.2221612415744848,0.005806787245966177
297,0.06192737027898945,0.8672150547539801,0.008245482027837564,0.043428026262557026,0.01918406667663581
298,0.07538201501167517,0.82377124735306,0.0066960711675025115,0.08506769467590235,0.009082971791860057
299,0.08338979013241772,0.7887046667159543,0.008789169039088928,0.09108604917778203,0.028030324934756885
300,0.1274866331221619,0.7736550851395264,0.003607201758763556,0.075299935302444,0.01995114467710414
301,0.30021044378943007,0.5086625237104941,0.0008670202907255723,0.1743443049280528,0.01591570728129752
302,0.27877344824691225,0.6766279811131282,0.0008389633136423335,0.03517942288734411,0.008580184438972974
303,0.13519048935536837,0.8169213910605575,0.0020405345159871524,0.04033896046126761,0.005508624606819364
304,0.03792740583385964,0.9325919066929222,0.014388782165487772,0.010733269052550436,0.004358636255179851
305,0.053016391995768464,0.8465010409302323,0.005880843896202771,0.08817197174933028,0.006429751428466427
306,0.051210369216968116,0.8917026892447605,0.006746719421879429,0.038732912049812274,0.011607310066579463
307,0.06636054890494772,0.8712492052863543,0.01021079571990643,0.045926637860801256,0.006252812227990207
308,0.059817456144523794,0.8945332816107058,0.0062077368921790955,0.03113673151549429,0.00830479383709695
309,0.11880048786883025,0.827709606516193,0.00403077459834859,0.040650576161338325,0.008808554855289833
310,0.020041434935277533,0.9026181254966194,0.04986738959184022,0.011881683690196852,0.015591366286065916
311,0.018723065555658298,0.9520927239848619,0.012114720384892197,0.011697403562965576,0.005372086511621898
312,0.04854415288943197,0.8845772048153446,0.009500209620538566,0.03572600381680167,0.02165242885788314
313,0.07794481988753436,0.753008256370751,0.009293870752138068,0.14903081804415597,0.010722234945420551
314,0.024601569136188106,0.9220688912735712,0.0032440820159960596,0.04472365089874127,0.005361806675503267
315,0.1373314306976229,0.5532976896298354,0.011705898436834476,0.011902007903332347,0.2857629733323749
316,0.3716706873706686,0.5460608991931639,0.0028185044058301406,0.057158657896920415,0.02229125113341693
317,0.16680404179710703,0.740408608797037,0.004004162365104843,0.05245494375634844,0.036328243284402734
318,0.46981189944159246,0.44293182863392705,0.001613412470635173,0.07611988553663611,0.009522973917209186
319,0.13170357087553947,0.7352476634678419,0.00645759450276732,0.10844348460492476,0.018147686548926494
320,0.18238516038969366,0.6175791370889089,0.0013297613888081162,0.1931213706713536,0.005584570461235753
321,0.20612043912165046,0.5926708316428861,0.0018992157619287123,0.19299108302265924,0.00631843045087535
322,0.2192275159320804,0.31564453492643546,0.0007902349873413423,0.45571198289367887,0.00862573126046394
323,0.07516218231592031,0.878337967792283,0.001516484849007352,0.042271474961406284,0.0027118900813829895
324,0.030203914805458896,0.9360197732421359,0.001588961466175229,0.030525789611378175,0.001661560874851894
325,0.016080234553431213,0.9493887690438053,0.01216188102983642,0.020077689518982835,0.0022914258539441846
326,0.008539319830606067,0.8773144470002702,0.06598934470443357,0.04548939867451456,0.0026674897901754666
327,0.026981104665353674,0.8134187189125697,0.11851920895231442,0.016868756442509732,0.024212211027252576
328,0.3716567503202676,0.4130988887312732,0.0034523028918341287,0.19161836440614838,0.020173693650476596
329,0.10571638390586778,0.7341421124404055,0.09850138497392011,0.020033383494213585,0.041606735185593026
330,0.41842757971617095,0.5254386078284903,0.0064361467205665815,0.025104303816379604,0.024593361918392502
331,0.38990370828362514,0.5198499895971805,0.0066953214145567585,0.017961672447677195,0.06558930825696035
332,0.17437743327379884,0.7796102328010482,0.01253976665552173,0.016098008798820056,0.01737455847081114
333,0.3644918916118705,0.5834525526269658,0.001684337044284036,0.027572035702113515,0.022799183014766033
334,0.278204361438315,0.6960218204152105,0.0006584459107614634,0.016676552841518765,0.00843881939419411
335,0.2569165446147549,0.7120663888347893,0.0012004108750885997,0.024555790434193106,0.005260865241174205
336,0.06669399377493102,0.9193542086072711,0.0016028060086551697,0.010157591155614928,0.0021914004535278295
337,0.04325233673148309,0.9192724944151005,0.004131441449669436,0.03039911888181554,0.0029446085219316507
338,0.012512454283476677,0.9417939504419673,0.02885819673330925,0.015122482221748529,0.0017129163194980564
339,0.10969308130814594,0.8311026702553386,0.01713934743602045,0.009665908990254895,0.032398992010240005
340,0.05766637646048986,0.8817907976265296,0.020499141149325235,0.03360456040897621,0.0064391243546790536
341,0.1320262279403548,0.8232351508792569,0.005515021757022229,0.028303677967762734,0.010919921455603278
342,0.047922438549367154,0.933998821613257,0.006262838108991074,0.007832337734619499,0.003983563993765168
343,0.03183214686204692,0.9326958257282864,0.01328626864748575,0.0157272459578952,0.006458512804285829
344,0.09679665154167617,0.8257116039859538,0.002525047131147562,0.0694102463658108,0.00555645097541178
345,0.024637010572995614,0.959385930932188,0.006234764916974606,0.007544338459599844,0.002197955118241934
346,0.03251996693213433,0.938376894090042,0.011680330326764174,0.014341917231417398,0.003080891419641947
347,0.0141370323522004,0.9483694986489385,0.023489900347681447,0.011118430347302864,0.00288513830387668
348,0.008412179719924435,0.9522817130221127,0.030275608530154714,0.006877906483868508,0.0021525922439395084
349,0.005323426044770477,0.8819432214092697,0.09574698118263834,0.014477845472564966,0.0025085258907564137
350,0.006702140676806163,0.7409849154211021,0.23063028052662018,0.008577144005075728,0.013105519370395774
351,0.03765812447910251,0.8921162613528294,0.036639729018749935,0.02224227180567959,0.011343613343638672
352,0.00842981491132734,0.8375646022739919,0.1376154002018249,0.008051216406264541,0.008338966206591287
353,0.05012126449511285,0.08730990612972384,0.007124943499325107,0.00408102212564914,0.8513628637501891
354,0.21660471018810407,0.5665763314686912,0.0037916610589508923,0.012795538653222445,0.2002317586310312
355,0.4937983039331981,0.443325287855689,0.003389207007206331,0.027665147412260865,0.03182205379164583
356,0.19250449738544004,0.577176147243201,0.003014912444004966,0.003427538058042685,0.2238769048693113
357,0.4617576977306853,0.49374453427074566,0.004650340961537818,0.019504265328780038,0.02034316170825107
358,0.24745752624544642,0.46517417025315055,0.0008815358512214847,0.2743062047616408,0.01218056288854064
359,0.13469387486706172,0.8114949856714906,0.011707478233045104,0.015222232295605641,0.026881428932796943
360,0.10968123705019903,0.8345284515948327,0.01549704350370519,0.021571604591831786,0.01872166325943131
361,0.06448902219392603,0.9063864282558848,0.0019124269732661145,0.02245321021763301,0.004758912359290114
362,0.07676104982067368,0.8040546594656345,0.025516614234522537,0.0038907953687944957,0.08977688111037456
363,0.13421286245276906,0.8340236805946459,0.0028042887021552058,0.007343371777180722,0.021615796473249113
364,0.073513876136754,0.8865960259889925,0.016062913499311483,0.005772382974893017,0.018054801400048927
365,0.16607046601726902,0.7856864035892505,0.006783298609390783,0.019827135467576428,0.02163269631651346
366,0.11695295090347531,0.8249990247422551,0.007486618252563113,0.009080790958455367,0.04148061514325114
367,0.19757652277938104,0.7211820060266239,0.0019809247958029303,0.018624905826621158,0.06063564057157093
368,0.08280951105253878,0.8947750286456178,0.0012772121402056962,0.011737668650881815,0.009400579510755817
369,0.3048695237677235,0.6565877483115318,0.0006400028580274689,0.028198790106226935,0.009703934956490298
370,0.42135989218979597,0.4937347909979604,0.0008056973400518356,0.006600000383498415,0.07749961908869345
371,0.2026281227523264,0.7873273216993849,0.0007019611071662534,0.005402422462982903,0.003940171978139532
372,0.12540529172771311,0.8640526353100157,0.0027806986813857758,0.0047929336942896285,0.0029684405865959876
373,0.08424204994422403,0.8878232839852442,0.002438283268119477,0.022369968159895816,0.0031264146425165214
374,0.017202675044292817,0.9381387089606195,0.00374556523058679,0.03922431610734574,0.0016887346571551605
