epoch,N1,N2,N3,R,W
0,0.0029689193397226185,0.006003966591281297,0.0006391016422262656,0.00042980404887534,0.9899582083778944
1,0.0011012822472350058,0.0002731384335264102,3.131243086054571e-05,2.8375154192284102e-05,0.9985658917341856
2,0.0004977658493569582,0.00020212694364798932,2.0541411710758295e-05,2.6646535206044466e-05,0.9992529192600783
3,0.0006561165168705921,0.00019265410377366867,5.5319680741505785e-05,4.0963469633973793e-05,0.9990549462289804
4,0.0007003642881592596,0.0001709497286559902,3.8038678991689294e-05,1.80612199236045e-05,0.9990725860842695
5,0.0006709683987897737,0.0002191411538359945,2.9276693731228434e-05,2.8955559794672242e-05,0.9990516581938483
6,0.0012240796680169663,0.00042527143572308713,0.00011095094734636135,6.577601576911285e-05,0.9981739219331445
7,0.0017469139350471251,0.0008182867542342222,6.0408495229470796e-05,0.0001642486096714631,0.9972101422058177
8,0.009788266677719619,0.0014184159412710111,3.1329368770645227e-06,9.287741833389185e-05,0.9886973070257985
9,0.011925947958089031,0.00048370432863280337,8.004703786694016e-06,5.437275805641344e-05,0.987527970251435
10,0.004302066090358098,7.347391648310948e-05,1.8291702064116577e-06,2.3329638823451884e-05,0.9955993011841289
11,0.01738615388727963,6.044159754835655e-05,2.5016737029178104e-06,3.618822395731348e-05,0.9825147146175117
12,0.07637015364601094,0.00021949042142668543,4.185138867605623e-06,0.00011394970461927852,0.9232922210890755
13,0.08860469599896523,0.000438153333614661,2.124252280559851e-06,0.00015608826672298674,0.9107989381484166
14,0.04237210539486808,0.0010529049319966373,9.647848791368767e-06,0.00021993977821769007,0.9563454020461263
15,0.08279145472194775,0.0005710147343656286,2.0949227456657813e-06,0.0004539289525514322,0.9161815066683895
16,0.1295993651758567,0.0003930400143039265,3.729603952406697e-06,0.0005089025690939094,0.869494962636793
17,0.0709189036909042,0.001409138124007019,5.917797445509537e-06,0.00040392021775892054,0.9272621201698844
18,0.15379642619634287,0.0009073226763951237,7.918886875387988e-06,0.0010006404053772909,0.8442876918350093
19,0.1377511605096749,0.004774520161997294,2.0492717921514622e-05,0.0023354181692981785,0.8551184084411082
20,0.09796698409763198,0.0037431488130334973,9.588792302763897e-06,0.0016361326035102472,0.8966441456935216
21,0.698801337377772,0.00709710128196771,1.1818718433433747e-05,0.0035535091834904262,0.2905362334383366
22,0.7172501357773848,0.015383812872175967,1.8328977773377633e-05,0.008608836063876992,0.2587388863087889
23,0.8383959622031343,0.024546409290224835,2.245920517721707e-05,0.018989759744648137,0.11804540955681572
24,0.6776707864336984,0.09471421465984978,0.00020548406001659166,0.007047487522568873,0.22036202732386634
25,0.44930861659612753,0.45533449995756303,0.001523199139092479,0.010878819740962761,0.08295486456625417
26,0.13659920894548205,0.7914862322425974,0.006053277735892431,0.005084655304531101,0.06077662577149699
27,0.1920925772938321,0.7499575170599262,0.01108024041975944,0.014746193091838231,0.0321234721346439
28,0.03978470599475847,0.9205028078802211,0.015451387981828804,0.011021954632424067,0.013239143510767609
29,0.04234958463380208,0.9180555026675971,0.004365813101220232,0.004726228492194603,0.03050287110518597
30,0.01861953930071341,0.9617649998586875,0.0109100831626001,0.004548047011251642,0.004157330666747307
31,0.007785962624945374,0.9286589354313153,0.05347974856017768,0.0032548857547449075,0.0068204676288165745
32,0.012703797433532277,0.9640892776225236,0.01507278096115613,0.004118876418931431,0.004015267563856359
33,0.03457897537932992,0.9060352562212041,0.03470506417670865,0.016968209755314947,0.007712494467442497
34,0.03768281599490123,0.9209525519154793,0.017334634821686994,0.016531690398494243,0.007498306869438144
35,0.014914565507359428,0.9580027974693887,0.018127729913315252,0.006068908930472307,0.002885998179464284
36,0.0292705957158767,0.9453858712491312,0.008925576970775072,0.010411131339468608,0.00600682472474844
37,0.34850873608562555,0.5460851307395324,0.0017631538333816614,0.02808804944084233,0.07555492990061809
38,0.026991262869701826,0.9440138395193475,0.010629498508243454,0.0013063267004186762,0.017059072402288433
39,0.031217473380820617,0.9532061458628047,0.009789573247588456,0.001677386465136819,0.004109421043649325
40,0.0551007452280719,0.922749989557954,0.013878778869642092,0.0030371913050311946,0.0052332950393007924
41,0.05511943386960221,0.9157099858010735,0.012398482601542932,0.007653699555072919,0.009118398172708484
42,0.14101134323148565,0.38585999827533507,0.0021989048301211656,0.002935248169715054,0.467994505493343
43,0.41490143127316187,0.5404795181999709,0.005642888751250603,0.003298302201947078,0.035677859573669604
44,0.05173932678840808,0.9311430236803917,0.009710543975692855,0.00034903215729291875,0.007058073398214395
45,0.047549955747006975,0.9251068317223433,0.020694091387091877,0.0003433091894757054,0.006305811954082241
46,0.017359349193683347,0.9602551226644611,0.017131051394032523,0.0005355009190345956,0.004718975828788546
47,0.024783782447645994,0.9224754480220007,0.04283437385011159,0.0016351435217476157,0.008271252158494271
48,0.010426232633284401,0.8229320469104087,0.1586594058330969,0.0009248129671903493,0.007057501656019628
49,0.008193582292345984,0.8452124506201306,0.14010691054702226,0.000410200428387122,0.006076856112114158
50,0.006772528481370519,0.7767409836076805,0.2098480759244014,0.00020086855893450473,0.006437543427613194
51,0.004713365143871351,0.7982935459122797,0.1908889745816716,0.0003146550455754153,0.005789459316602029
52,0.008130164695037639,0.7265299214853509,0.2597793303117006,0.00034526727434965846,0.005215316233561117
53,0.006776475735398445,0.7251313791294901,0.2633492064068904,0.0002509818487070132,0.004491956879514049
54,0.023927742807863386,0.7200889650906256,0.24880268840548259,0.0005391465907298277,0.006641457105298584
55,0.005793957556260432,0.6887373073053042,0.30116378066874433,0.00015868730996600923,0.004146267159725068
56,0.007671972177177017,0.7572669509304092,0.22609996975373242,0.00015820756428271232,0.008802899574398665
57,0.005409488057155444,0.659448987332652,0.32964088839480615,0.0001724670139176348,0.0053281692014687815
58,0.010181465910867538,0.7291774269013215,0.25381972104210704,0.00024817866401927847,0.006573207481684554
59,0.009704425602943179,0.7601437339773729,0.22412396613511254,0.00018875019439890624,0.0058391240901722345
60,0.010794328542881109,0.37334046070432375,0.607464532774878,0.00011803194913139603,0.008282646028785671
61,0.009725188799035073,0.8181575923829157,0.15822267256321051,0.0002951500007881993,0.013599396254050575
62,0.0024898331473113735,0.599973521742213,0.39200003468530753,0.00014259362197562353,0.005394016803192539
63,0.004561525613336742,0.6670721562097884,0.32043966419738834,0.00022907581106384824,0.007697578168422607
64,0.002578234044884696,0.5198812347521972,0.4720299758907684,0.00020345909139025492,0.005307096220759511
65,0.0029448267800897326,0.6512603082449252,0.3406703015693592,0.00023038408958086194,0.004894179316045085
66,0.0015679081406936263,0.49414896666813557,0.5000312658566315,9.913298920948261e-05,0.004152726345329782
67,0.0009607074511204697,0.3680843358727841,0.6269031372798142,6.969130942598971e-05,0.003982128086855275
68,0.0010125333761038175,0.37295888975555397,0.6228121505265937,8.062350623794107e-05,0.0031358028355105536
69,0.0007703607226311567,0.4388368976274279,0.5570732255567555,6.695704244821556e-05,0.00325255905073727
70,0.0006760176304279274,0.2784233003163278,0.7169165977578883,3.822188612053693e-05,0.003945862409235377
71,0.002130052437918127,0.455788004024289,0.5358012006729929,0.00013189517018035674,0.006148847694619727
72,0.0012552621113769273,0.3294393142245849,0.6639975566085891,8.760742823169272e-05,0.005220259627217413
73,0.0015596178732146943,0.3408395398093976,0.651879619058859,7.208787128122954e-05,0.005649135387247314
74,0.002197115928891948,0.40588988121284564,0.5848381188353522,0.00010292307297343923,0.006971960949936831
75,0.0019981044856610484,0.42536551999478767,0.565811802615859,0.00010241374644440676,0.0067221591572480775
76,0.000904826412945686,0.21114643125221297,0.775039983162056,4.954337197253255e-05,0.012859215800812736
77,0.0013642258950295801,0.30144921256885615,0.6928165494906328,7.18910232094956e-05,0.00429812102227209
78,0.009223028261953342,0.4159234512538923,0.5594569276652844,0.00021328299999030987,0.01518330981887953
79,0.007035701138126996,0.514081554277826,0.4664340082495085,0.00038701458501010034,0.012061721749528487
80,0.008735098023247394,0.5095142913585277,0.4657305633834555,0.00036016977954961553,0.01565987745521983
81,0.0021211959991614855,0.19678267643343497,0.7945399120044843,7.620439666011788e-05,0.006480011166259159
82,0.009622886248032168,0.58765579262857,0.3887670263647106,0.0004087666079097675,0.013545528150777317
83,0.0022689231904867452,0.5021069593611993,0.46117588419392164,0.000128356217755138,0.03431987703663709
84,0.004419059241038549,0.3192105892621835,0.6632658623832274,0.00011172450470698714,0.012992764608843603
85,0.0036578616358882887,0.34296337976293223,0.6443017900534977,8.247044459747761e-05,0.008994498103084392
86,0.006016962056335863,0.6332961126567119,0.3236055070701784,0.00027410339679294755,0.03680731481998071
87,0.0036910128721551667,0.43582757064578,0.5405597610648113,0.00018614775381355263,0.019735507663439972
88,0.0035260959126101102,0.32414829758173563,0.6117459855301385,0.00019500854324410314,0.06038461243227169
89,0.008857443599844077,0.380670348884446,0.5900312262028158,0.0004960465655191099,0.01994493474737515
90,0.0025721328320540927,0.46254957532686897,0.5246352323672576,0.0003255342394855806,0.00991752523433374
91,0.002095962339762293,0.4633522782072506,0.4777398141601472,0.000431361356693673,0.05638058393614615
92,0.006899415034208211,0.5079712438019575,0.4357012430904643,0.0034189020705678065,0.04600919600280231
93,0.0081964247812606,0.6253446329377206,0.30345111118398244,0.004264662295070404,0.058743168801966006
94,0.010266213324438403,0.3561008199860234,0.40011542556547436,0.022431087272576904,0.21108645385148686
95,0.0006005151493963543,0.0016974223250517475,0.0009845819853195907,7.700196292900666e-05,0.9966404785773033
96,0.00030376613843557156,0.0003792897046540876,0.00031701694134516825,5.06530831329971e-05,0.9989492741324322
97,0.0008005021974328588,0.0001519997788400705,1.1245390848809138e-05,9.740048122503616e-05,0.9989388521516532
98,0.0004410291467234062,9.448957764022527e-05,2.271903994720342e-05,5.893590508071235e-05,0.9993828263306086
99,0.0008698469577364186,0.0002604668289265567,1.835246547987512e-05,0.0006130277552450261,0.9982383059926121
100,0.00015386470737208452,6.351568763389122e-05,1.3465600552080773e-05,3.0219909334791297e-05,0.9997389340951073
101,0.0004779793082176337,6.610329330688251e-05,2.344595782169315e-05,5.1460312182376655e-05,0.9993810111284714
102,0.00013620322497519757,3.118779414486858e-05,1.2171617578224906e-05,1.3933366974995022e-05,0.9998065039963268
103,0.007138077449490308,0.0001459065941575218,6.001192841539548e-06,0.00013434429515416768,0.9925756704683565
104,0.0003588958533720319,6.34515689397805e-05,3.289079872780001e-06,1.7183381085482562e-05,0.9995571801167299
105,0.003064875959179661,0.00011574557843480497,5.299742200339094e-06,5.882828947836678e-05,0.9967552504307069
106,0.0021456061959629017,9.979624780734352e-05,4.7776119758958395e-06,1.766067274020081e-05,0.9977321592715137
107,0.009679119167148798,0.0001783842956451242,8.47539049498725e-06,3.045770602926573e-05,0.9901035634406818
108,0.002455807350072123,5.310156758666853e-05,3.784027324801329e-06,2.2295733338116238e-05,0.9974650113216784
109,0.004159024867761295,0.0001574664067582995,6.2580105553976e-06,3.4586612272811374e-05,0.9956426641026522
110,0.005839774963834583,0.00012797230748888227,6.8890584724038915e-06,3.225704083483051e-05,0.9939931066293693
111,0.0654228960449999,0.0006077307540520996,1.566049494873213e-05,0.0004246678696932027,0.933529044836306
112,0.006921610090761659,0.00039205252084307255,6.866754623512192e-06,0.00010615327834274261,0.992573317355429
113,0.07992357501684727,0.0006117755064993542,6.422673383654257e-06,0.0015650749080014193,0.9178931518952682
114,0.0002628876148605816,0.00013469118736658036,9.974434845903173e-05,1.873447696295872e-05,0.9994839423723507
115,0.02489702898236072,0.0007247633299959697,4.7707101120860447e-05,0.0003502999064013933,0.973980200680121
116,0.01235152091590039,0.0007325258629436524,1.6783005275823393e-05,0.0007632903626861097,0.9861358798531941
117,0.05758164130257747,0.0018057648915592154,4.49641855271655e-05,0.004907778592391994,0.9356598510279441
118,0.05387266027281737,0.0028388812882895265,1.5220616179886759e-05,0.04010830034291181,0.9031649374798013
119,0.33766047549826506,0.010505410632427211,5.528238236733666e-05,0.07050750445503151,0.5812713270319089
120,0.42991280040408814,0.014004141901316927,6.206864075123209e-05,0.08656211547945772,0.4694588735743859
121,0.1408884743153761,0.013643896818137968,2.8202820294656723e-05,0.062412060316100415,0.7830273657300909
122,0.4858630016462793,0.016958007745859503,4.94509586593906e-05,0.10181831682636969,0.39531122282283215
123,0.5690306421515559,0.018310560441121563,4.350246397294046e-05,0.0989374155574404,0.3136778793859092
124,0.517384577388386,0.06381308985418482,0.0001190360790769102,0.32618268317560367,0.09250061350274856
125,0.12430514667569122,0.05279926487670701,4.0915515286348845e-05,0.2614337613216197,0.5614209116106957
126,0.35423925645374166,0.05285097427031959,0.00010047769316046641,0.16559244640376355,0.4272168451790147
127,0.22899670147121365,0.3012960872894136,0.0007603065821788446,0.3540789775109599,0.11486792714623395
128,0.07862663324199691,0.03676818405989591,4.257651673204667e-05,0.20992263240358963,0.6746399737777855
129,0.20103657149512294,0.025632766788187294,8.587007123629958e-05,0.34398565071742154,0.42925914092803186
130,0.37455485028883273,0.046290953326979044,8.743752305708904e-05,0.4338981602516695,0.1451685986094617
131,0.3565389733294572,0.3075117613654386,0.000951443577091004,0.226288777321791,0.10870904440622214
132,0.18884521142870514,0.024526227597823684,0.00010277340697525078,0.3798662645038068,0.40665952306268904
133,0.2038806386334794,0.009112589272685488,6.68341052388627e-05,0.5440282912772135,0.24291164671138263
134,0.3808275713543375,0.0158454382522077,8.9351248723501e-05,0.3944069926161291,0.2088306465286022
135,0.6102370425424493,0.042268678433106485,0.00023343081876534954,0.21762869735900436,0.12963215084667454
136,0.43936931818449704,0.06873896884691598,0.0005636543932704813,0.40551106519642216,0.08581699337889417
137,0.056769276109907764,0.02260314994841714,7.631108136231881e-05,0.7437595888237587,0.17679167403655408
138,0.07801667550712357,0.06135729476132277,0.00045328929196623304,0.742478911107788,0.11769382933179946
139,0.036971473367769826,0.019140185384017197,3.658162517844668e-05,0.3235017751178427,0.6203499845051919
140,0.23693005470391798,0.236353777030361,0.00035365732840375634,0.10001095895076612,0.42635155198655117
141,0.49052815884014717,0.03363277666373098,0.00010309609272938255,0.3109816537138271,0.16475431468956536
142,0.7667868926413178,0.021851023609758175,6.254673386194769e-05,0.10058905131437296,0.11071048570068927
143,0.5577554313275709,0.10692679897713944,0.00015820935273081418,0.13025685808754267,0.20490270225501622
144,0.49875754905977077,0.06099458714224885,0.00021163387689006067,0.11948928891026148,0.32054694101082887
145,0.3239731989776966,0.5791036451200189,0.0005704624045626714,0.08691243474924484,0.009440258748477056
146,0.1071473789726846,0.8370023002709553,0.0009734092439157804,0.04946131732991099,0.005415594182533556
147,0.24886779912703855,0.49077046110202965,0.0005625970814493398,0.19878263248826702,0.06101651020121541
148,0.2583881507319632,0.22638366545562522,0.0003703162925542849,0.2852372522394277,0.2296206152804296
149,0.3936861090332494,0.060615573873634504,0.00013202691829852667,0.128370961039659,0.4171953291351585
150,0.2319111224406106,0.7309126537974129,0.0005725415007372617,0.025167747748597587,0.011435934512641618
151,0.4563661784882635,0.0912779497991621,0.00014337262009825227,0.021474901261834923,0.43073759783064114
152,0.6129645230403121,0.34410048862970966,0.00034174327650562426,0.03560399885372044,0.006989246199752073
153,0.18899023070123389,0.6563366883409034,0.0011674424709361747,0.0679994527314864,0.08550618575544013
154,0.7702984610682226,0.138930957353127,8.828600261124355e-05,0.02698934609349551,0.06369294948254384
155,0.041626371976843275,0.9468432982007604,0.001531221222229541,0.006975652088531352,0.0030234565116354388
156,0.24056137759253332,0.703565994670178,0.0019861942154377997,0.03804355116797223,0.015842882353878523
157,0.3536692706770596,0.3634621957524771,0.0007707857838277771,0.22773089480335643,0.05436685298327898
158,0.033736885105078954,0.9340361395292548,0.001316744768750733,0.028334628939581708,0.002575601657333706
159,0.2819158909470923,0.5242957286827999,0.0019824139308737042,0.15727864856257417,0.034527317876659885
160,0.14409166070373006,0.840609535415109,0.000687852635162435,0.011844387550042875,0.0027665636959557987
161,0.01622961007418202,0.9724133425044189,0.0005692816803208019,0.010013548058568224,0.0007742176825100105
162,0.005536876311342988,0.9896769890757643,0.00022279895770842612,0.0038532575156503745,0.000710078139533843
163,0.01035650030015685,0.9672127050094169,0.0011144722344993215,0.02049806611096385,0.0008182563449631129
164,0.00783691165846136,0.9783349236293628,0.0019048225248317848,0.011148533137800983,0.0007748090495431145
165,0.004753598212232081,0.9834967974260818,0.004468225799649344,0.0066381446140849855,0.0006432339479519998
166,0.006546735618488513,0.9762858687455366,0.012869403244941052,0.0030366908296387946,0.0012613015613949566
167,0.009118419192088053,0.979725275599889,0.006576454625479885,0.0036097891729209596,0.0009700614096221253
168,0.01066673952701159,0.9776168253463265,0.006596001926512477,0.004286443686860811,0.0008339895132885074
169,0.00805479093624062,0.9527609742850935,0.03336209159361176,0.004706072282861437,0.0011160709021927006
170,0.022752725226003166,0.9467795636538333,0.022663857668019018,0.005880015192806471,0.0019238382593379255
171,0.027282530256790474,0.937291550498757,0.018254856389492834,0.015495306315603741,0.0016757565393559766
172,0.004062086848688994,0.9392516266035125,0.051898465693047624,0.003404555476822818,0.001383265377928022
173,0.008605250723446735,0.9606364957203599,0.025843033055611073,0.0037452793417816176,0.0011699411588007758
174,0.0042054994871658135,0.8952554670543982,0.09448671997422026,0.004251828379150621,0.0018004851050651375
175,0.011756913745213706,0.9585841533886514,0.02270087583651014,0.005157566044652149,0.0018004909849725131
176,0.006164370091651325,0.9445018623176502,0.04331566058277827,0.004409233017258692,0.0016088739906614667
177,0.015684604363659337,0.9440425601545287,0.022537917544191963,0.01575415809347295,0.0019807598441470876
178,0.012365573126074714,0.9407983403661903,0.03598446549457694,0.009071467343115598,0.0017801536700423621
179,0.009804116395363738,0.9134629004317129,0.058100590452786684,0.016788585644247084,0.0018438070758896685
180,0.00965251821945204,0.874259389542372,0.10554880386554014,0.006999637631472867,0.0035396507411627285
181,0.015330340704859495,0.8372607902746296,0.12894673704913345,0.013052568139911954,0.005409563831465411
182,0.08650123796989523,0.5800288671447473,0.0034181990105741993,0.017546844673461456,0.3125048512013218
183,0.04040643448117582,0.07540065226873359,0.00032034942806831516,0.004606100006455846,0.8792664638155664
184,0.01572321408464597,0.0053533810288792566,8.476899102852446e-05,0.0003999005790869586,0.9784387353163592
185,0.06376555464978051,0.007946380076043537,2.8259405688113286e-05,0.001503134962974347,0.9267566709055135
186,0.0656584988954982,0.0026977379205280747,4.5879758789206895e-05,0.003864856074560007,0.9277330273506245
187,0.17417358123449866,0.0026413657702037854,4.493040909087892e-05,0.00985798486897062,0.8132821377172361
188,0.23528503537225023,0.006849064792633525,3.05695967818793e-05,0.015712594784846157,0.7421227354534882
189,0.18029170811554437,0.010009706961149414,3.659762060947878e-05,0.02785151916671411,0.7818104681359827
190,0.0807968746511868,0.010430247306804322,4.0393110023240306e-05,0.04324044803400518,0.8654920368979805
191,0.7657313042459805,0.012923831827143559,4.2132149331762135e-05,0.04037975806673362,0.1809229737108106
192,0.6405113612092286,0.25010195020291204,0.00046028086918282855,0.055062810311617354,0.05386359740705928
193,0.2609964448204267,0.3338895029774563,0.00019734339670810058,0.29079548084387896,0.11412122796152997
194,0.06217031438693256,0.6751608086640797,0.001096406160764991,0.09398799399779453,0.16758447679042807
195,0.16435905258036945,0.19842501426509485,0.00036347704391178704,0.03559193029902124,0.6012605258116027
196,0.30406974264738723,0.3109773182941492,0.00020649443313174671,0.007611903447255359,0.3771345411780764
197,0.3385514811071685,0.6003772905894345,0.00023069302969824955,0.014791465031937184,0.04604907024176174
198,0.1977794055586015,0.7661134104975856,0.00028653807341511017,0.008058998549362435,0.02776164732103551
199,0.13242027751992108,0.6660328819682084,0.0006737065959177159,0.013077854179331829,0.187795279736621
200,0.16969846158223076,0.7491065500865621,0.0003848128389443664,0.01046920093781788,0.07034097455444475
201,0.0474233908833128,0.9301068211356454,0.00037885760238652605,0.0026755813118352527,0.01941534906682011
202,0.12906453511056423,0.8082402727544251,0.0017049291947689156,0.008503543288688166,0.052486719651553555
203,0.15500793179017266,0.775952115059973,0.0020539685176280006,0.016469248412491134,0.050516736219735396
204,0.09635215380101231,0.5774096230017852,0.001186692860455582,0.009495642554188903,0.31555588778255783
205,0.1801912953984272,0.7654222935987622,0.0017886003735167316,0.011135016541939633,0.04146279408735419
206,0.026896298099234477,0.9655187353855125,0.0008200404093091249,0.0017298765827816742,0.005035049523162241
207,0.037981721846830005,0.9511362657495356,0.002028841043468237,0.0015901146838667311,0.007263056676299293
208,0.10921311708325263,0.8454026701242038,0.0047806623760485,0.02117222195968877,0.019431328456806278
209,0.10085771035369302,0.857500357096562,0.001502436974913915,0.024291582629606037,0.015847912945224894
210,0.08375315489841524,0.8859092703526277,0.005276496394103212,0.011557692836504407,0.013503385518349485
211,0.07494306452096397,0.9098218364203351,0.002800096486611061,0.004811566110590124,0.007623436461499748
212,0.043813778775585295,0.9410844823743247,0.003635415773130401,0.0023294563594844584,0.009136866717475245
213,0.028016154360343676,0.9580619437905384,0.0055147169552467986,0.0023955525371772983,0.0060116323566938
214,0.07142289595664571,0.9006868882409121,0.0049472004027292845,0.01163111394049563,0.011311901459217188
215,0.041244023287110645,0.8612387726255758,0.03965535671824798,0.00890159789498622,0.04896024947407926
216,0.1061146390132426,0.8223392033281218,0.007815083556573003,0.021087050807011627,0.04264402329505113
217,0.03747608665914923,0.9387784053171143,0.006525920034504479,0.00804527960040584,0.009174308388826224
218,0.018559367713229462,0.8709654152489777,0.04844800480880691,0.009221544840084143,0.05280566738890182
219,0.046211515796652294,0.8405520149731759,0.05868701507745092,0.008227777197594084,0.04632167695512684
220,0.061366861196909116,0.7773286998099515,0.07177157134649861,0.018423837598405046,0.07110903004823552
221,0.05591792114093155,0.802253626074956,0.035654115025184105,0.02091589089530791,0.08525844686362034
222,0.05436467129284173,0.8655185011616201,0.014272952356584406,0.012328740178098386,0.053515135010855336
223,0.041521190282057904,0.9039617216294806,0.024263379383285082,0.008386701195772603,0.02186700750940373
224,0.031874189918881884,0.9078593645326828,0.03971796355880648,0.0030548066321302125,0.0174936753574986
225,0.05359064169667082,0.7556207864448677,0.12505720911199297,0.0028455826013763647,0.06288578014509232
226,0.2434531696438415,0.29277597646127074,0.007253384930832565,0.003943848708344334,0.4525736202557109
227,0.12685878032545184,0.8391170116046479,0.027422131504968864,0.0008217778156484196,0.00578029874928292
228,0.08440406397512265,0.8790075696837031,0.03043811047107589,0.0017360885106378994,0.004414167359460445
229,0.07259498015123104,0.8642102316144681,0.05660273833341038,0.00203112849201495,0.0045609214088756225
230,0.005570895459985115,0.9342455623378585,0.05772416652551528,0.0012823860210171077,0.0011769896556242262
231,0.0017889705348859324,0.7306873594386756,0.26457233672304764,0.0010578166392895831,0.0018935166641013748
232,0.005159524692666647,0.650805058672461,0.3389301951932129,0.002393009482508227,0.002712211959151269
233,0.0029168069343618788,0.7825319741543562,0.2118241896541994,0.0013401782595633695,0.0013868509975189435
234,0.002127659866654085,0.8530084286670939,0.142511005794223,0.0008860405065548257,0.001466865165474251
235,0.0016942259788647763,0.7913879690171463,0.20476662502576992,0.000697928944866332,0.0014532510333528045
236,0.005270924628466681,0.7124790314347257,0.2790086620041971,0.0014443015662518788,0.0017970803663585624
237,0.00367281733223471,0.8747355795239933,0.11692633787889996,0.0026661408339132497,0.001999124430958804
238,0.002251818767934569,0.7862364883920894,0.20696939038340306,0.0021678237821480296,0.0023744786744250837
239,0.004598743056930672,0.7298238119874795,0.26093032022838086,0.0020381625451955133,0.0026089621820136293
240,0.001625733719121006,0.7053497081581531,0.29050714866088423,0.0006765037643529718,0.001840905697488656
241,0.002648951088267442,0.6561456315257397,0.3391024350390771,0.0004725374842053855,0.0016304448627102956
242,0.003768371309110953,0.7269479005810578,0.2661392261626684,0.0011516964618279617,0.001992805485334681
243,0.0018094863548763348,0.6144944417316587,0.3794151902806523,0.0013641278609724634,0.002916753771840328
244,0.0011186812194795832,0.4326076205326684,0.5633653084556974,0.0008435757539544929,0.002064814038200149
245,0.001155060949578888,0.5318311421662856,0.464467502974337,0.0011255904483961543,0.0014207034614023353
246,0.0019477875301927969,0.5430775338797798,0.45006953325923876,0.002486655835063188,0.0024184894957254453
247,0.0016748300660293831,0.5451461103283206,0.45011844915380156,0.0010420770382121665,0.0020185334136363043
248,0.0016459999895327981,0.4797325486521892,0.5159729835377626,0.0009440547545020428,0.0017044130660133997
249,0.001295761693088864,0.46079991019882255,0.5356451182126578,0.0005449826422933222,0.001714227253137481
250,0.0018000906909405132,0.47984903776448273,0.5152182934101905,0.00057041425715282,0.0025621638772333377
251,0.0014278016872645482,0.4548317655251215,0.5413645870034208,0.0006086237720261274,0.001767222012166903
252,0.001584365715729668,0.566388627245885,0.4284847372978078,0.0009062491450408651,0.002636020595536656
253,0.0010063009961364415,0.43785229329497355,0.558468697513855,0.0005560294829069294,0.0021166787121281463
254,0.0014121808103837495,0.4893682357558986,0.5005607584287688,0.0011701596628901176,0.007488665342058737
255,0.0012732053669350465,0.5197972731951533,0.4750337573020604,0.0007999181190574165,0.0030958460167938807
256,0.00127609421187025,0.4919443260746762,0.5005397319616575,0.0006637638533266337,0.005576083898469469
257,0.0014284536044224278,0.47886515007500197,0.5159336529455008,0.0011756500268538478,0.0025970933482208506
258,0.0017353396970659128,0.5458655951249413,0.44934789435395694,0.0012703748590745516,0.0017807959649612504
259,0.002085963515250244,0.4365159175995014,0.5591678101920163,0.0008447191210657614,0.0013855895721663982
260,0.0031683590615901817,0.6040537541283796,0.3894363210586441,0.0008444261425715901,0.002497139608814464
261,0.004129676768775805,0.5675467018239414,0.41892243836578485,0.003218256893134026,0.006182926148363955
262,0.002368979307288053,0.607181639345239,0.3853430956645204,0.0025038922026405486,0.002602393480311766
263,0.004354802368621629,0.48265971744756314,0.5007507858932714,0.007455483041399693,0.004779211249144143
264,0.012910201212996556,0.4880441278605042,0.46587866969873454,0.018920793200975932,0.01424620802678865
265,0.0032835820214456007,0.31624636456471955,0.665380522066198,0.0009718856306214837,0.014117645717015294
266,0.0071511317909416046,0.369430076177084,0.2839965119149779,0.0015075884705056863,0.3379146916464909
267,0.04345663340914012,0.005876818351357182,9.817470120870808e-05,0.0019857547989208923,0.948582618739373
268,0.012648400751331864,0.004663759873647355,9.721213088851269e-05,0.000299428833952749,0.9822911984101795
269,0.024832898234211764,0.01873558420110479,7.731283699549137e-05,0.0032047937498662763,0.9531494109778217
270,0.0007333092761188629,0.0005355158598344402,1.176397537868657e-05,0.0005511535911772474,0.9981682572974907
271,0.0006045972358852056,0.0008223836177124932,5.001938223325375e-06,0.0003378354209020914,0.9982301817872768
272,0.0008910305557163043,0.000480068161918628,5.912756774819156e-06,0.00012355108840816808,0.998499437437182
273,0.0045677335541616775,0.0008689580427376624,6.935486145246282e-05,9.045195068631634e-05,0.9944035015909619
274,0.004531188026984193,0.0008944674771791648,7.02971999820805e-05,8.700852078513513e-05,0.9944170387750695
275,0.00993853845545775,0.0014933052728684905,8.798139246075072e-05,6.576685145554445e-05,0.9884144080277575
276,0.067040923046847,0.006123008594604717,0.003217971948834383,0.002565983010718392,0.9210521133989954
277,0.17037740849378333,0.0023362051231059556,0.0002739681840618718,0.001219373571674189,0.8257930446273746
278,0.23565262858677546,0.002859556877119873,0.00019897626891652686,0.001062067490948362,0.7602267707762398
279,0.0998585033916277,0.004947638229458062,5.9601086333342826e-05,0.007029821236335529,0.8881044360562453
280,0.2645451418875959,0.003250075940220404,4.877283886858977e-06,0.007811049713651132,0.7243888551746457
281,0.06951110366524138,0.0016834107145376222,4.133981706405279e-06,0.00962308482713147,0.9191782668113831
282,0.2057453831767846,0.005627973349647194,5.3402778737015085e-06,0.018679025094476262,0.7699422781012183
283,0.5792561283127368,0.004869062670161154,4.674704585830544e-05,0.07431183938094493,0.3415162225902989
284,0.18024591618305677,0.020044103621158695,8.164517618893959e-05,0.06970224853380787,0.7299260864857878
285,0.4165150045068452,0.009170066538001344,4.858731590900382e-05,0.11021362496857744,0.46405271667066705
286,0.45809993143016925,0.01929399410168279,5.062077724142701e-05,0.17207777460470935,0.3504776790861971
287,0.48452257239038843,0.02893600779669378,2.783243134310389e-05,0.24611096000825913,0.24040262737331555
288,0.19239470684926005,0.04882891533362288,6.712324130261687e-05,0.7067461088934294,0.05196314568238509
289,0.1921724571816167,0.11709416740989656,6.356982495383056e-05,0.6122145412841091,0.07845526429942366
290,0.052614462956886314,0.02782582302500379,0.00018373704148266315,0.13222111122798377,0.7871548657486434
291,0.03249633190359019,0.004956073285154578,5.739601556943508e-05,0.023595893439838797,0.9388943053558471
292,0.22887885784607168,0.010153559446845506,6.209373111948025e-05,0.02230402237414628,0.738601466601817
293,0.710128269893256,0.004420492528998489,4.353456807275886e-05,0.019760877594408307,0.26564682541526446
294,0.7056452885317736,0.02133824124470396,6.796542440863003e-05,0.06333877393458913,0.20960973086452475
295,0.05533119765320241,0.01801803155254297,0.00011118931191741698,0.020275173870594184,0.9062644076117431
296,0.10298191570248089,0.04101785924431416,0.0001253182029375782,0.03859047524279402,0.8172844316074734
297,0.34607220304408004,0.02633895253330528,0.00021971213589053187,0.03134263079450542,0.5960265014922187
298,0.6126585344730625,0.04589376721578841,7.373238940551322e-05,0.14891874891340168,0.1924552170083418
299,0.48253493611042847,0.0740575154423136,6.649979074467654e-05,0.3351725741880379,0.10816847446847525
300,0.2737433870544797,0.04357525629380355,6.181440266439262e-05,0.4353762193790281,0.24724332287002437
301,0.15132864249550002,0.03112242062460493,3.37096411352769e-05,0.71156942464623,0.10594580259252986
302,0.07060733980670371,0.01713773016782613,2.4041310156524042e-05,0.1049602699736343,0.8072706187416794
303,0.5476081314914952,0.011648309775189405,2.386562274555984e-05,0.1162306100828673,0.32448908302770246
304,0.5453871143683413,0.01221174402806178,2.796523053979084e-05,0.16873425061649816,0.2736389257565588
305,0.5808393355777751,0.021478723406030204,3.483285404265483e-05,0.2778008631197114,0.11984624504244065
306,0.27278736151274235,0.028107839252353026,5.015718895898241e-05,0.5550243824749791,0.14403025957096663
307,0.0704750994798463,0.029233497178953075,7.126327655844494e-05,0.44942011363775336,0.4508000264268888
308,0.30103870691895135,0.02092862675410175,8.286365632726886e-05,0.5484703836673865,0.12947941900323298
309,0.0824227271716144,0.03366041745900622,0.0018958344829125059,0.10363542824230956,0.7783855926441573
310,0.3976266322926725,0.02518497163488575,0.0008615723550586153,0.362562239601279,0.21376458411610424
311,0.31169234072777063,0.03903923691383564,0.0012280860018072934,0.379239446339549,0.26880089001703744
312,0.6127005513786687,0.018246515983661372,0.0012543201078534577,0.19187327142139882,0.17592534110841754
313,0.36564057876721595,0.015356053179547687,0.005840015541144844,0.42204652367894485,0.19111682883314654
314,0.2289157449845737,0.02607545587043231,0.00487318095192263,0.6941689592128522,0.045966658980219136
315,0.14164251723447788,0.02001459397288931,0.000814959835508523,0.748243515819284,0.08928441313784033
316,0.12512867513011225,0.0360376584743761,0.0034902927973100026,0.6634828154693567,0.17186055812884488
317,0.16548007227470482,0.01190649275130142,0.001074094336807245,0.6398698947985897,0.18166944583859693
318,0.2146518593056142,0.013811239283128218,0.0027455362761484568,0.6515324383205598,0.11725892681454933
319,0.23906292591684003,0.0069814381994411845,0.0010538669028167913,0.6374298075098868,0.11547196147101532
320,0.055032546740504416,0.03323777159575431,0.0005972871956768722,0.42561940375716056,0.48551299071090376
321,0.11750066526833632,0.019266879083569423,0.00027428574878658925,0.6168659449980579,0.2460922249012497
322,0.43712164977972634,0.012921532958302962,0.000127564691211851,0.15420646437271418,0.3956227881980447
323,0.5527009544808571,0.01226093987610858,2.334815807645532e-05,0.14406317746198485,0.29095158002297294
324,0.5841607189505617,0.011745853525681785,3.9177297961128834e-05,0.34912169191881864,0.05493255830697681
325,0.41543271800130155,0.02853616052114072,5.1349300732255775e-05,0.4291232740165613,0.12685649816026426
326,0.18355502195913714,0.014040528673045997,3.074263118341157e-05,0.748272718620166,0.05410098811646754
327,0.19877987358264546,0.02291132051290115,5.3329380945467795e-05,0.703612666261615,0.07464281026189294
328,0.0904801483126147,0.00596719732316878,2.054886634907886e-05,0.8494027800087105,0.054129325489156915
329,0.13944928574870158,0.007202431215332564,0.00018465711351230735,0.759418903200654,0.09374472272179948
330,0.11587768909006792,0.0035950028566528605,0.00017457865903280497,0.7982800780555678,0.08207265133867865
331,0.10740825343947878,0.015158235842595768,0.0002625783973967405,0.6650396120945539,0.21213132022597497
332,0.4690904154800782,0.004659224422912732,0.0002274295894465402,0.3716165748223009,0.15440635568526176
333,0.15368232789174477,0.013052436790612812,0.0001319505860531834,0.31145430419601833,0.5216789805355709
334,0.6080050717171057,0.0067471883331354,9.360049644402898e-05,0.270699583838682,0.11445455561463301
335,0.6604302870219696,0.0073432995403796535,0.00010245178318313504,0.2575990133719514,0.07452494828251612
336,0.5326089360391997,0.10217420171792463,0.00041829177127745574,0.153128641012875,0.21166992945872332
337,0.814483549971525,0.03133146407652381,0.00012626364317316178,0.10686723997120504,0.047191482337573115
338,0.5590973953359313,0.19535155864381512,0.0005149967270008817,0.22960796572279768,0.015428083570455015
339,0.356243619709767,0.41171727023512605,9.189993519023352e-05,0.21234407596560628,0.0196031341543105
340,0.128667891665163,0.7059882094459866,0.0007002274432765495,0.15921574277512113,0.005427928670452645
341,0.06765035423747237,0.7773800366435466,0.0002820133369297953,0.15042303175396896,0.004264564028082222
342,0.18904473370459884,0.6220795259100368,0.00031672808112297564,0.1508563439162388,0.03770266838800239
343,0.11492575702408751,0.8103556080599477,0.0007276094449840622,0.06923921841857378,0.004751807052406764
344,0.029678069805663763,0.9502013598645648,0.00013693382335391784,0.01801883591715963,0.0019648005892579433
345,0.025284308801970332,0.9625926155327377,0.0006196285355811373,0.01054635778049569,0.0009570893492154194
346,0.006761179406248054,0.9815989132023044,0.0009133058274472315,0.010015682625377376,0.0007109189386228831
347,0.024214531481664338,0.9517492730199916,0.0006508175820681938,0.021559476009045828,0.0018259019072302124
348,0.06915220599592717,0.8618854930477176,0.0006954634465823037,0.06439797739409656,0.003868860115676471
349,0.012020896660849427,0.9738741269799989,0.0008102203416182266,0.012435383772165897,0.0008593722453675579
350,0.007461012611138207,0.9854259975099103,0.0008997549370971748,0.005662301024346283,0.0005509339175080481
351,0.003026652733621864,0.9868618626534913,0.0005507128154295527,0.009216598288067456,0.0003441735093898449
352,0.003974713149616273,0.9730546298072849,0.0007649308809049904,0.021199259378518933,0.0010064667836748482
353,0.007537658784387122,0.9400579718909259,0.001367113581953408,0.04990105857773623,0.0011361971649973873
354,0.008989702699742967,0.9373132628798092,0.001508890472776925,0.050894315185028925,0.0012938287626420059
355,0.07373642839173757,0.722620995382911,0.0014250553865739475,0.19036618078076353,0.011851340058013863
356,0.2455825456442122,0.5576325176951042,0.00042997759240502787,0.18545272232381965,0.010902236744458844
357,0.01791133418422643,0.9765030483552241,0.0001215279606749339,0.00470383893556744,0.0007602505643073034
358,0.01752443915806559,0.9757334140414415,0.00017470184147760475,0.0057851115824674474,0.0007823333765477673
359,0.00737321210795445,0.9870482404611194,0.0005898658461147729,0.004181153982332162,0.0008075276024792153
360,0.033187831814211366,0.939582758469947,0.0011592247740594905,0.022885975386082447,0.0031842095556997812
361,0.004631077854513233,0.9916911916078243,0.0004815904742841472,0.002697138757450139,0.0004990013059284042
362,0.010353910356439814,0.9856721963316213,0.0008614549465325345,0.002490021710702613,0.0006224166547036877
363,0.005939676142512475,0.9916131357423951,0.0005332036157374415,0.0014835776375616884,0.0004304068617930639
364,0.005079906687546116,0.9915376562848038,0.0010642036284475478,0.0017146013563976048,0.0006036320428047204
365,0.0049163510614088,0.9924832381838833,0.0006052736716109389,0.0014753991529157734,0.0005197379301811563
366,0.005218471076979875,0.9894073568307578,0.0023323262415537592,0.0023649482604901208,0.000676897590218275
367,0.018302953548933847,0.9686402649951485,0.004366560313750332,0.007183517777539937,0.0015067033646271484
368,0.011961378084644744,0.9813807431367146,0.0017363070141113682,0.003946112702072871,0.0009754590624567094
369,0.01811415583126228,0.9723297317096034,0.0030952647610462064,0.0049705854957153624,0.001490262202372596
370,0.00998601212093017,0.9756784453105449,0.004490299574887201,0.00885822392137635,0.000987019072261228
371,0.01123608059269406,0.9737750863604563,0.001795745517354918,0.012107768711023155,0.0010853188184715551
372,0.0038809096090777952,0.9904507946735085,0.0015743140161928201,0.0036495737025925203,0.00044440799862814856
373,0.009322385976961722,0.9776274792541051,0.002884901842215516,0.009291936106155859,0.0008732968205620978
374,0.001042976158194746,0.9915438454316637,0.006134718877181875,0.0009419057297690879,0.00033655380319045356
