epoch,N1,N2,N3,R,W
0,0.008496071636883666,0.00047622873794403697,3.297662461034159e-05,8.323421207852791e-05,0.9909114887884833
1,0.026283755890209873,0.0020495539880652186,0.0002404250747857136,0.00016338505975167807,0.9712628799871874
2,0.009079471807574367,0.0006740953588177025,7.333897263284504e-05,6.137991979706765e-05,0.9901117139411779
3,0.017653976639111998,0.005521614754821592,0.00037192104310507945,0.0002210496925979889,0.9762314378703633
4,0.007319057978565731,0.0019704324389289212,0.00042123375892806056,0.00010228280885799372,0.9901869930147194
5,0.08639260858797965,0.013740092475902133,0.0026106472063799307,0.0002734644965102006,0.896983187233228
6,0.09658433164541398,0.029944569219826234,0.0011148128601457478,0.0005505624624664595,0.8718057238121476
7,0.10581559619444937,0.01757060440085227,0.0044342838192279535,0.0005056275777293992,0.871673888007741
8,0.2003945870989606,0.1299792332647375,0.01732980325937377,0.002650300504790524,0.6496460758721376
9,0.43949212772486385,0.2435779435105738,0.05123516908461234,0.0031523209445266584,0.2625424387354234
10,0.2377901039354207,0.3967706119298943,0.06606167694386633,0.004105832552983348,0.29527177463783527
11,0.2846207194378404,0.5058178168328801,0.06808195159650256,0.010465239103899347,0.1310142730288775
12,0.1757457679118052,0.6679053426447527,0.06121223918689419,0.020906827404318252,0.07422982285222957
13,0.07408727195464249,0.7489229995959491,0.12027197528425622,0.006830151934791995,0.049887601230360165
14,0.08096340315390159,0.6951891770113371,0.1525178083797182,0.002359581413606162,0.06897003004143692
15,0.05431427027481495,0.8062111620536639,0.11581867460423698,0.0018574692778658762,0.02179842378941826
16,0.03899777077777314,0.746935483210844,0.192049823676297,0.001502266187184208,0.020514656147901694
17,0.057300813955036244,0.8015606462725826,0.11064813790558779,0.0006490399681076596,0.029841361898685675
18,0.10446460980249249,0.7830396753495958,0.08587875464657212,0.0009599857306246614,0.025656974470714917
19,0.1352426565662092,0.7329630164339186,0.08335952807546242,0.001150174378228743,0.04728462454618119
20,0.03666495204460702,0.8631405871514343,0.086714458088316,0.0003119043542249995,0.013168098361417902
21,0.0392396089490978,0.7833011757342961,0.1262812099653813,0.00038700363291405826,0.05079100171831065
22,0.03989175370039787,0.8216456776947969,0.0956892484426284,0.000400027266648068,0.04237329289552875
23,0.010908369807767892,0.797743380852877,0.16534845656863226,0.0002881732654056525,0.025711619505317324
24,0.01944932187513488,0.7608960735258777,0.18090347441803056,0.000749849681541741,0.038001280499415015
25,0.026845952297108837,0.7385593263418104,0.2148999842863856,0.0004665776725598535,0.019228159402135202
26,0.027402432708072452,0.6561802033185336,0.2934771866384903,0.0002608320231058684,0.0226793453117978
27,0.03235973257968307,0.5923646310885601,0.3341950400801249,0.0003230112474177823,0.040757585004214225
28,0.029774759206044884,0.8790035214915188,0.061493240013947514,0.0012908230514948416,0.028437656236994048
29,0.03597477105466474,0.7479387734774252,0.18532206944481958,0.0005130082321119948,0.030251377790978633
30,0.039565900096421636,0.7511003495640769,0.1832793258850674,0.00035818346167430164,0.025696240992759845
31,0.01637003571205826,0.6266724053227002,0.34574803258399295,0.0002284261749823411,0.010981100206266282
32,0.010303234949193584,0.5431347724739426,0.43144976384709627,0.00026082737048425936,0.014851401359283234
33,0.006442963337613251,0.5281999183932314,0.45422438963191647,0.0005732067155117505,0.010559521921727145
34,0.004089347280526249,0.5992115301334595,0.38595012539501083,0.000286957938765661,0.01046203925223777
35,0.004750190449228972,0.5735866481929076,0.4131565451567558,0.0003327834624488406,0.008173832738658874
36,0.002000716719971512,0.5046600260827944,0.488457459194725,0.0001621946885595717,0.004719603313949572
37,0.0011579926237623905,0.2777357503345397,0.7168524491506942,8.188478548974381e-05,0.004171923105514048
38,0.001137522850003655,0.21749588779761056,0.7775386978311906,0.00010965937028562347,0.00371823215090972
39,0.0011091162105160107,0.29446240386114797,0.7006620383537493,0.00013913849315783856,0.003627303081428787
40,0.00039571672543920833,0.11440640582156823,0.8836414584291262,0.00015880591391613004,0.0013976131099504192
41,0.00010621970674851257,0.053202549820756104,0.9458459983313373,3.3994612324886406e-05,0.0008112375288332306
42,0.00020226328942726454,0.06489997255536073,0.934054906367853,7.728194474562106e-05,0.0007655758426133294
43,0.00019568516366183514,0.0357416531868975,0.9627291060351113,0.00025976223871005213,0.0010737933756192277
44,0.0008278044416638925,0.09812580721565953,0.8979482108629722,0.0006727772745206333,0.0024254002051838316
45,0.0022417619552757857,0.26788258977039614,0.724474315217272,0.0012117705448138846,0.004189562512242246
46,0.005351477713369284,0.3011224187487738,0.6816331812938565,0.0025104570649025553,0.00938246517909761
47,0.051525312077664,0.7284379143749873,0.10684087257100823,0.0023958038899447574,0.11080009708639575
48,0.029071792580086134,0.7131338309235975,0.226950883627136,0.0004817366512362516,0.03036175621794416
49,0.04552006065833102,0.7592633794640513,0.15182328345131155,0.0010155706014286995,0.04237770582487739
50,0.06291911953693824,0.8502836846377525,0.02807857280772243,0.0009864113350162768,0.05773221168257045
51,0.020378128372127217,0.7974357881316458,0.12404359944846785,0.001723861431715253,0.05641862261604371
52,0.02722810219193057,0.8393706777998781,0.06947769434667474,0.0017947371529328615,0.062128788508583874
53,0.05732046982778018,0.8221844462104727,0.05715532561441343,0.0011815652770772408,0.06215819307025657
54,0.02936469501297134,0.7385789071613595,0.21809748015200223,0.001674802748892604,0.012284114924774247
55,0.03687580504768092,0.6926947079332728,0.25513281642139374,0.0010866795363115769,0.014209991061340892
56,0.033647988747428324,0.7424007809811594,0.21102315824911497,0.0009412683079628227,0.01198680371433447
57,0.026881154021299872,0.8546079581872053,0.09863436743016937,0.002282481238943578,0.01759403912238187
58,0.028233492122171047,0.7026367621633174,0.24274966270336323,0.001676858152352684,0.024703224858795607
59,0.03148314521085785,0.7560451221095155,0.17788715523443513,0.003664568604393801,0.030920008840797653
60,0.027482300028003746,0.8003578138809702,0.12358647898478337,0.0033325291304583033,0.04524087797578431
61,0.02877754034856235,0.8562114173791217,0.10610711828336508,0.0006871413131043008,0.00821678267584677
62,0.024028896331072688,0.7598546984529471,0.20255565379361076,0.000660031948352875,0.012900719474016725
63,0.02258943112968557,0.7905180127009991,0.17020968548894366,0.0007383222019686701,0.015944548478403136
64,0.07907636682880227,0.8764349484329661,0.02985346302944441,0.003855920055030932,0.010779301653756387
65,0.026064180226801775,0.8203620068923151,0.14216483913038502,0.0014817450889009118,0.009927228661597058
66,0.04349806835602599,0.844411157828833,0.09631746418925409,0.003298798791494169,0.012474510834392737
67,0.031068618328365206,0.9189518663965137,0.033847710617724416,0.0015871601081462877,0.014544644549250496
68,0.030999440830319955,0.8081976375254546,0.12059758204313861,0.010698814454451222,0.02950652514663577
69,0.023877948138554962,0.8607970752761,0.0906576252492641,0.003501349269854195,0.021166002066226736
70,0.058679325052088685,0.7932706784177045,0.10352074264187308,0.0026713931902260634,0.04185786069810777
71,0.04341228946348229,0.8442948281220973,0.09441468524982104,0.002827917218984684,0.01505027994561479
72,0.03101108483240225,0.8961183739683738,0.05593034042894113,0.0033849343424086423,0.013555266427874054
73,0.03960981702034386,0.8283066354994753,0.11562512787020636,0.0024304896201080674,0.014027929989866503
74,0.02624647738869279,0.8437431291896271,0.09298876211834822,0.005858162200047797,0.031163469103284137
75,0.01754973704295843,0.8346168080734437,0.12841680714386056,0.001921900929541333,0.017494746810195836
76,0.011544641200298597,0.8694181514702449,0.11052346751409166,0.0014237880690675876,0.007089951746297147
77,0.016377309133230503,0.8905768766926561,0.0827018129212283,0.000967236517598085,0.00937676473528701
78,0.03372700663688128,0.9112613015395647,0.037464290826666705,0.0011436837850869331,0.016403717211800353
79,0.007074288458753871,0.802662369240072,0.183326418398182,0.0010721177962163574,0.005864806106775913
80,0.033000530086375525,0.876917973952888,0.07815777171106958,0.0009897495499079834,0.010933974699758923
81,0.009106272962715236,0.8441543944173315,0.13760916137871074,0.0008191800012653541,0.008310991239977146
82,0.004848015034625541,0.7277461087262039,0.2620603400160851,0.0004444768195403857,0.004901059403545024
83,0.004880916584921717,0.6483538543242062,0.34085079728810297,0.00021241032449201142,0.005702021478277227
84,0.001975421540139117,0.6021103910593024,0.38784646440614834,0.00027930088354901554,0.00778842211086109
85,0.0012946889584247686,0.46527418625400074,0.5266969777820398,0.0005670924383687605,0.006167054567165824
86,0.0024478842371974526,0.4811360116285075,0.5059181144824665,0.0003055173089238404,0.010192472342904874
87,0.0006384425589534566,0.15781399152195502,0.8358538334060434,0.00011649435505982903,0.0055772381579883255
88,0.0011553440718940998,0.25778818658816344,0.7380788462738221,9.001168897532051e-05,0.0028876113771450916
89,0.00029155050953468816,0.08561258205412775,0.9129530341755531,5.355324938194968e-05,0.0010892800114024363
90,0.0011770684495206437,0.1031999725575161,0.8925998711398612,6.764076140468131e-05,0.002955447091697225
91,0.0004771360858799331,0.0715568741539115,0.9261511946117813,4.8202359076813426e-05,0.0017665927893505183
92,0.00022332481284551622,0.029986054589965346,0.9684195763081482,3.419827872621769e-05,0.0013368460103147662
93,0.001048323877380195,0.06712693807970074,0.9284049258572463,9.67256780126346e-05,0.003323086507660256
94,0.0009553506230605242,0.03775220893755492,0.9579588692207919,5.90574055040872e-05,0.003274513813088577
95,0.0002545457674661912,0.0289069232915768,0.9676726871124369,3.185798428141721e-05,0.003133985844238873
96,0.002711560969312602,0.09176171284951455,0.8972656768851008,8.150673312800218e-05,0.008179542562943834
97,0.0011120277972655871,0.03412485434525317,0.9610538377264689,2.8041698862195356e-05,0.0036812384321501714
98,0.003682990513627049,0.1413206559916627,0.8468893452980913,7.49194848823214e-05,0.00803208871173658
99,0.008796859607408211,0.33856170607218034,0.6315856442845336,0.00027296328877959733,0.020782826747098262
100,0.0028057667193425863,0.07136591901349598,0.9155363120061373,0.00011687526258772254,0.010175126998436422
101,0.0009045232873723967,0.0673188737659485,0.9253686696161494,6.942046904478895e-05,0.006338512861484732
102,0.009145438509529013,0.3038156407964856,0.673309911992922,0.00031519098739204635,0.013413817713671347
103,0.005118499943651426,0.2612754849855213,0.7293073205361211,0.00019692744602516383,0.004101767088681085
104,0.008643128736116577,0.4262878116195748,0.550805102874671,0.00028828786463554185,0.013975668905002061
105,0.0046732770546467125,0.11461075258331527,0.8730220425636182,0.0001515221953154402,0.007542405603104424
106,0.002936552937696516,0.12502424836235548,0.868989396319001,0.00015085239097831929,0.0028989499899686505
107,0.005043173507674159,0.27629359028809874,0.7124664170570436,0.00011009266625301611,0.006086726480930421
108,0.007407998908763458,0.576147220633944,0.3938314798536818,0.00023471433630523511,0.022378586267305656
109,0.00648972467639466,0.444728684484244,0.5210346800852773,0.00011722220279978553,0.02762968855128422
110,0.006881010911379155,0.35048612381573513,0.612391419576828,0.00015241703944117178,0.030089028656616636
111,0.003260445610110101,0.22733014478945412,0.7577081205006211,0.00010069139564732007,0.011600597704167435
112,0.008121108283145882,0.4190342622462151,0.5336784111392936,0.00022741346503363978,0.038938804866311905
113,0.003636819040820796,0.33135984206126073,0.6226381832117843,0.00021010321524850376,0.04215505247088563
114,0.002490391917181264,0.25027556132765844,0.7192021343037793,0.00014418532539059152,0.027887727125990518
115,0.010075181945872333,0.5371123402766009,0.4071635808785081,0.00025010368839692757,0.045398793210621693
116,0.00619725377746772,0.23771241178938848,0.7421730483958606,0.00017689298914055405,0.013740393048142624
117,0.0024599124702479633,0.10845236093471597,0.8803892774787964,7.875204008482681e-05,0.008619697076154929
118,0.0007489553515914953,0.021792355221605903,0.9755714104640982,2.1708179114111553e-05,0.0018655707835902226
119,0.001790871814692045,0.05880689353742002,0.9346488955586382,5.1715957672520206e-05,0.004701623131577048
120,0.003635972992685415,0.13117767534950858,0.8539533019452918,5.594040505763863e-05,0.01117710930745637
121,0.0021017553006922145,0.09487466852941083,0.8951965671647186,3.1446791487194094e-05,0.007795562213691271
122,0.000899473275925081,0.03333524222603894,0.9636315900317833,1.7772770738957552e-05,0.0021159216955138112
123,0.003727657364949605,0.11934192531938015,0.8685710509056412,5.308138530585933e-05,0.008306285024723208
124,0.0038412505564861085,0.1937623718615545,0.7940698103061582,5.0262808820306074e-05,0.008276304466980884
125,0.00714076138876354,0.3010022871457674,0.6677884268138728,9.833349889539535e-05,0.023970191152700906
126,0.005226352516243448,0.22939955912799886,0.736866385301789,0.0001058231798020637,0.02840187987416654
127,0.013008876761649172,0.5236267744878756,0.40799108824632546,0.00021163562165377734,0.055161624882495895
128,0.00029155583069181534,0.015717616192300374,0.9818489313996036,7.080332928936142e-06,0.002134816244475181
129,0.005420727435524501,0.30446075030484376,0.6709114320938018,8.941042420728215e-05,0.019117679741622633
130,0.0005266839103910651,0.01659644540190093,0.9806177044966428,9.270759307115992e-06,0.002249895431757972
131,0.008912479031711336,0.5342117131731002,0.44110477047753965,0.0003765939602251414,0.015394443357423737
132,0.0020403106817224203,0.10090432282466699,0.8908148689504491,0.00022273195612020037,0.006017765587041232
133,0.009479217131734918,0.32154324384124666,0.6580114393156542,0.000972319487033153,0.009993780224331178
134,0.009633783100553484,0.3155448941873061,0.6639425549388582,0.0018395494253172627,0.009039218347964952
135,0.042055613403749297,0.6612327925649298,0.2632272949386578,0.006668298273295156,0.02681600081936795
136,0.009379133042626801,0.20807318586844176,0.7670859983884425,0.0015531717406701959,0.013908510959818852
137,0.03623418703357004,0.6782939777498906,0.13533408277496128,0.010243052936705507,0.1398946995048725
138,0.052315397015390244,0.6955669343671635,0.21566854513518083,0.013080391079085442,0.02336873240317987
139,0.21333698036367896,0.6060771238858224,0.08775863794748891,0.049710718715942404,0.04311653908706734
140,0.21923994708066316,0.6099276316299497,0.028115107699740106,0.07360238098865572,0.0691149326009914
141,0.13200511612326712,0.7196664381878325,0.05057846892831304,0.0379755992491169,0.05977437751147038
142,0.210077738379789,0.6065517654519402,0.11728116570475536,0.043217795132775794,0.022871535330739566
143,0.045000913431205006,0.8111226583884975,0.09175062349043193,0.031425056199375793,0.02070074849048976
144,0.09695822151762962,0.6962987077106818,0.1586877804332338,0.02870207825172031,0.019353212086734416
145,0.09076306270403676,0.779676204575499,0.06927220151180853,0.02440908933905842,0.03587944186959723
146,0.13575436486712494,0.7664042238367647,0.05581447419990245,0.030886594580619642,0.01114034251558819
147,0.06403414839689266,0.761167656895781,0.09475770187378914,0.04691608057384593,0.033124412259691274
148,0.04695676643825768,0.7577853812512699,0.03463447254254549,0.1112257501132788,0.04939762965464819
149,0.08328738854890129,0.7424837609321315,0.013922118359925857,0.14308711395074344,0.017219618208297864
150,0.11890952774281995,0.7799419989480448,0.05882242905843987,0.02318866694993845,0.01913737730075692
151,0.12441030670457955,0.7705589609449689,0.02620420834094842,0.0581606964241426,0.020665827585360737
152,0.07812340020762137,0.7451642658687447,0.008309267636945136,0.11007804247933294,0.058325023807355686
153,0.11985024255390955,0.6565687425653496,0.02068113844535836,0.1148938612290695,0.08800601520631303
154,0.2281771855631064,0.6573236448935347,0.021713873980796095,0.0611295243578872,0.03165577120467564
155,0.05971331895467358,0.8717762578941645,0.03827358398742468,0.018442351115324676,0.011794488048412693
156,0.07684071878468414,0.8395051147342841,0.012760325123602102,0.05362133539314073,0.01727250596428897
157,0.08865621070244453,0.8208693412612259,0.058147498459566495,0.022793098913370575,0.009533850663392377
158,0.05742815232557339,0.8982559385435908,0.021263140371824578,0.012217061821969832,0.010835706937041509
159,0.09300892926492929,0.8215311202684472,0.04152572560767767,0.030380812823776596,0.013553412035169373
160,0.030264796506441587,0.8458248946635535,0.10522288595426017,0.007653332790429668,0.011034090085315097
161,0.07497956877678348,0.7934764008690514,0.1120986684745246,0.01169837048457496,0.00774699139506571
162,0.0654408011390082,0.858494685620754,0.06255235119476436,0.008515017535522713,0.004997144509950633
163,0.06313410125551781,0.8669203153182711,0.02819915466192496,0.017687432968262248,0.02405899579602362
164,0.06745625061993969,0.7857654496096458,0.11805733043057305,0.009207096581283662,0.01951387275855789
165,0.03516912027895056,0.9093815706630758,0.01412868362829488,0.022950085626124373,0.018370539803554308
166,0.13618687200128346,0.7029459002133123,0.03049927468093824,0.05056591773619463,0.07980203536827159
167,0.03197731547319445,0.8276769186705537,0.09039830857968074,0.01760453176242775,0.03234292551414348
168,0.01970391462781476,0.8040427132031613,0.1407705128562464,0.01133466364055721,0.02414819567222036
169,0.05866555682984366,0.7664401229797486,0.06549161917393505,0.017798375366756315,0.09160432564971643
170,0.05647678767056596,0.8514289365586233,0.047189258651760775,0.019995111268049814,0.02490990585100024
171,0.06026437817546592,0.8088614835359667,0.08090469067087286,0.015804669064631096,0.034164778553063456
172,0.05935020030497611,0.8120191162590361,0.03815126748288532,0.052728937389768755,0.03775047856333358
173,0.1085547882931368,0.6251215503900415,0.017358982928073,0.03429674601300172,0.21466793237574702
174,0.1470860966016085,0.7055122819601923,0.011648899731538454,0.05410955527602553,0.08164316643063518
175,0.07398214837349779,0.7862407686511755,0.0801754853954839,0.02810402381659751,0.03149757376324516
176,0.1330805271809823,0.7982988682459943,0.027914200032915237,0.01759663339259641,0.02310977114751165
177,0.07580023068023045,0.8570330442260523,0.015260509639721915,0.024324055602544945,0.027582159851450468
178,0.04239178795133777,0.9207685008070396,0.0076065774308902755,0.014216979798212825,0.015016154012519519
179,0.11724877259182032,0.7088523549827567,0.05494883885310282,0.0586552079662093,0.06029482560611093
180,0.1005913767222994,0.8018806916399502,0.02971952690336009,0.03677621292404598,0.031032191810344178
181,0.0638783853598798,0.8076225672146021,0.010760023064104375,0.0682761957421576,0.049462828619256105
182,0.2595395545447388,0.49253143983847375,0.006383095142882506,0.17326789505805484,0.06827801541585019
183,0.16129087848300241,0.561589766702742,0.015290391643455855,0.05886963237168446,0.20295933079911516
184,0.10989762424279731,0.7228979282573669,0.0063447014516246954,0.08244251392912427,0.07841723211908688
185,0.12687856995808258,0.5821957179536282,0.004392165598124071,0.07361477232140384,0.21291877416876137
186,0.042079635937525915,0.9190097429709861,0.01617581702397001,0.011794412329311917,0.010940391738205843
187,0.05385033282661388,0.8784123038075592,0.009659079201507447,0.016995566177621043,0.04108271798669837
188,0.04801666681613898,0.890253865666958,0.006082265996387563,0.012069287612709532,0.04357791390780595
189,0.07441488771636058,0.744292942330623,0.12835837638077824,0.012721668473490929,0.04021212509874717
190,0.01697903518666461,0.8902446150737222,0.06941935039989644,0.006609993664237934,0.016747005675478786
191,0.0343201821737522,0.801406600881367,0.057889911257701626,0.0134938103696325,0.09288949531754664
192,0.026326909640861422,0.8652293304124947,0.06842593535594434,0.010483869908374348,0.02953395468232509
193,0.06433840252021733,0.8560005324989783,0.015785796374657046,0.020185972588654434,0.0436892960174927
194,0.08531718667208926,0.5885824605156765,0.007826800687400154,0.03202821045462775,0.2862453416702062
195,0.0887176948533436,0.4342194659845708,0.010761525744235039,0.034396931096702305,0.43190438232114825
196,0.07057283499680295,0.2112713147642352,0.008756529612877043,0.04315684500863914,0.6662424756174457
197,0.003646671627489775,0.004222761166839606,0.0025641395714803145,0.0016821080096807775,0.9878843196245095
198,0.0602447410231784,0.01943904603514343,0.00016806370307288,0.05128114189019358,0.8688670073484118
199,0.374439882541205,0.03323254312056561,0.00026806421722755825,0.125213043832083,0.4668464662889189
200,0.5917838354862704,0.033769418063082784,0.0001967377357846981,0.12194167506365418,0.2523083336512079
201,0.35874832675675816,0.23933650236712045,0.0009390554362302526,0.021570669642158175,0.3794054457977329
202,0.39884439883917344,0.20976129081954994,0.0007306073416304847,0.02246217673583573,0.3682015262638103
203,0.3941159346768269,0.31940901222797513,0.0012703792497767408,0.049903734383078366,0.23530093946234293
204,0.10863550235871097,0.5304160289961732,0.007590051627794396,0.020198668851880805,0.33315974816544064
205,0.1914293578503208,0.43838277417861404,0.0018781097492694557,0.039410723936331264,0.32889903428546446
206,0.0745393257196976,0.5680784404387448,0.009091709397617513,0.019457519461130886,0.32883300498280915
207,0.04402511569932486,0.7879886219095109,0.011986934726775719,0.013469894083207059,0.1425294335811815
208,0.09425586262558742,0.7718023013818647,0.005040854071667527,0.025462773283854358,0.10343820863702609
209,0.06806335454849691,0.7622158528357895,0.028751767438364835,0.024120227013656546,0.11684879816369222
210,0.08481299022074013,0.6979424087173884,0.02349286037960556,0.04306784131632641,0.15068389936593948
211,0.05373175443411645,0.8446904654382451,0.04225544372122202,0.023053857854985284,0.03626847855143134
212,0.04840639419476045,0.8417918836883334,0.019679961008856967,0.04015335375112979,0.04996840735691945
213,0.09029769071773572,0.8396029065416629,0.011659615251018583,0.048394135710854325,0.010045651778728517
214,0.04418195775413065,0.9128371346380361,0.020763372424223468,0.0127817104762903,0.00943582470731977
215,0.04914398434928702,0.8641283136398011,0.027366195802606883,0.03164264663395159,0.027718859574353272
216,0.060643434868344316,0.846255064674809,0.041624769264992534,0.030913294598687073,0.020563436593167037
217,0.07515355940657335,0.8446446610742819,0.052601238284565414,0.015865848566912595,0.011734692667666542
218,0.050152522199122,0.8885138880992985,0.04456915237247735,0.012062585961364036,0.004701851367737852
219,0.058726429769458195,0.8785977492022068,0.05667162746573555,0.00368699956313781,0.0023171939994617186
220,0.04418768231629836,0.8828410464261214,0.05552561437338514,0.007206925682316195,0.010238731201878855
221,0.013888563199203514,0.8802443517364253,0.09125177836844693,0.010243635570421492,0.004371671125502672
222,0.025008816864119453,0.8467643763317365,0.1176320656902542,0.007748798925512657,0.00284594218837725
223,0.012209521193321646,0.7964508092906997,0.17904973574805585,0.007097471787612773,0.005192461980310011
224,0.021498754545299977,0.7844047190068046,0.18877505456386492,0.002582582598726587,0.0027388892853040143
225,0.007774414616329773,0.8051493565873119,0.17966657157230714,0.0029422034690969514,0.004467453754954325
226,0.02557294501255201,0.8105281055016482,0.1527590544026157,0.0062864136485704936,0.004853481434613454
227,0.0188916324639577,0.8492535567895534,0.12478024616785212,0.0038126066508919424,0.0032619579277448
228,0.007907128559550815,0.501768750723555,0.4841715935539474,0.0026497725294680067,0.003502754633478822
229,0.002201465114843123,0.3556430729278996,0.6378722451000347,0.001972359287631936,0.0023108575695906302
230,0.01049257139617188,0.5637174033359759,0.4145871558651006,0.006849426279217122,0.0043534431235346
231,0.0036388916404266215,0.316391121375908,0.6754452969459196,0.0012549889625462019,0.003269701075199641
232,0.013169730345549987,0.5250530346765406,0.45154970856191207,0.002779115865880786,0.007448410550116653
233,0.0021620552482604274,0.29967342486160287,0.6941671579207618,0.0013494902265936714,0.0026478717427812744
234,0.006778585488148589,0.316212421379006,0.6677154787690782,0.002638678116687316,0.00665483624707968
235,0.011227679228322423,0.35000099978329,0.6316200197913509,0.0020468082831713503,0.005104492913865339
236,0.004567343807211421,0.24729184211896754,0.7390292538372115,0.0038784899789067948,0.005233070257702692
237,0.006296126647293436,0.2432761820236942,0.7412712338096424,0.004261483559394425,0.004894973959975503
238,0.0029450825612372714,0.175947416986001,0.8176979579647106,0.0010324673186212427,0.00237707516942999
239,0.0057826182301554015,0.3065710368230134,0.6809067550095261,0.003165348860848208,0.0035742410764569113
240,0.004236320540984223,0.24102060087016874,0.7496006077346192,0.0020966819176409445,0.0030457889365869037
241,0.005587039187383017,0.39396724926778476,0.5889676659952068,0.0019488387665292782,0.009529206783096168
242,0.0014855383158479056,0.08666092399263178,0.9090860906552876,0.0005338357299228666,0.002233611306310072
243,0.004409187089955611,0.17462429109439906,0.8135289032112358,0.0013267406821449224,0.006110877922264723
244,0.0025338665071942506,0.08334634548203083,0.9118959233603782,0.0005484281578452093,0.0016754364925513764
245,0.0017828057989090658,0.093600632636617,0.9030525161331265,0.0002494715302763337,0.0013145739010709198
246,0.0034713481897518856,0.1474514923977983,0.8455899919938595,0.0005730983001367399,0.0029140691184536683
247,0.004460109448883532,0.1727597100569444,0.8156607222812884,0.0010174517155478952,0.006102006497335729
248,0.0013903121556856266,0.05264854284829205,0.9437551106183,0.00027462098860046445,0.0019314133891218338
249,0.008210967255086615,0.27282128265063565,0.6986543712970142,0.0007225333899848363,0.01959084540727844
250,0.002402879723613195,0.08545253023929336,0.9035538471581996,0.00034240726668479564,0.008248335612208913
251,0.005010844078699002,0.1456493725160231,0.8392511204124345,0.0006974600988971835,0.00939120289394609
252,0.0018366493515819258,0.08323932904426973,0.910482598129377,0.0001150767218096172,0.004326346752961609
253,0.0054855885020488595,0.30871746862272714,0.6698004237223031,0.0003860299947778981,0.015610489158143025
254,0.0014781971945406543,0.07889830101481037,0.9158400034824048,9.865150889593924e-05,0.0036848467993481214
255,0.005743164667898183,0.3673260275825543,0.6140475048023133,0.00029195563370313174,0.012591347313531094
256,0.011544851397093492,0.5859311276248719,0.3679392220079921,0.0006759131543484502,0.033908885815694054
257,0.001007473650864231,0.059688790068550254,0.9350092945253976,6.127505863521383e-05,0.004233166696552631
258,0.009032124787302635,0.43862907108674914,0.5296034071045143,0.0006340650922823451,0.022101331929151688
259,0.003576440976262944,0.15454557929926524,0.8347983544607822,0.00015049466239996614,0.006929130601289513
260,0.007527580719324149,0.29143550461689205,0.6827184160102772,0.0004006673512018658,0.01791783130230483
261,0.0006840409431089323,0.033099174425358695,0.9609464096553375,8.956056294136418e-05,0.005180814413253428
262,0.002934471188882341,0.08938946892511254,0.9034207121930674,0.0001887695996096273,0.004066578093328132
263,0.004595367126581508,0.19399614455299177,0.795408725497922,0.00027161593441717515,0.005728146888087512
264,0.006874380482287386,0.2077833794775743,0.7761057285260448,0.0003193973162135797,0.0089171141978799
265,0.0043271200161227,0.10142139027563245,0.8908321259504894,0.0003922663846812614,0.00302709737307414
266,0.002726900375760478,0.05961247417265761,0.9354739255781974,0.0004920825259246097,0.0016946173474600681
267,0.013947616006677998,0.34751850623601516,0.6182299862771722,0.003226113324123711,0.017077778156010814
268,0.01174323750844368,0.26233605811920907,0.7025211735189852,0.005932539037003519,0.017466991816358374
269,0.031444345982222524,0.6441547100143755,0.19019272695362993,0.007477457504415136,0.1267307595453569
270,0.008225555722393346,0.31736246307828236,0.6504397662286733,0.0013993909253599889,0.022572824045290946
271,0.017795837949102947,0.3837517715513003,0.5839501356137327,0.004042181000836397,0.010460073885027617
272,0.03406928006574334,0.8321054125409241,0.11532276619638579,0.004526872024624083,0.013975669172322772
273,0.025595160380491658,0.5529718976439096,0.41250085581643886,0.0039481811470293915,0.0049839050121305226
274,0.03556426715489599,0.8331923454598824,0.0998985067450745,0.01737710862322919,0.013967772016917917
275,0.07801620467428876,0.7864070114909866,0.07711945281416487,0.01448158300741092,0.04397574801314888
276,0.053814252825603814,0.8516921739359322,0.07224125278140925,0.010571141250527804,0.011681179206527089
277,0.10848941717118121,0.7283799971100349,0.0693576201421688,0.03748803463206802,0.05628493094454698
278,0.14397963431315958,0.7450381885517798,0.038837118507752046,0.03976735306256871,0.03237770556473972
279,0.060664322501284014,0.8137600699271368,0.05404666301886921,0.056818069069398514,0.014710875483311502
280,0.1543237242896307,0.6955472728863138,0.04032502646053072,0.08944632031747031,0.020357656046054478
281,0.1015690940772372,0.7357583123259216,0.013600636954616203,0.10996930587097015,0.03910265077125495
282,0.15332104719605238,0.5321768871385804,0.07314653877174146,0.16063794620504684,0.08071758068857893
283,0.10169183126298208,0.6639167959798582,0.009769495433673451,0.17980384132138508,0.04481803600210116
284,0.22465037128509383,0.5825825712850846,0.03927010718694602,0.04073327777675664,0.1127636724661189
285,0.16133346237697063,0.7148333041395872,0.009655910867344157,0.09529199780561573,0.018885324810482138
286,0.24746973351382867,0.5824398458538501,0.03363396972981255,0.09206504194690436,0.04439140895560434
287,0.14496102829703156,0.7611494923309475,0.011087764859772888,0.07226742146958844,0.010534293042659612
288,0.25330957871967946,0.625546695528607,0.019906344043387467,0.07176051525145835,0.02947686645686774
289,0.09207776142609551,0.7960625132221049,0.018185645904430937,0.0810499861844065,0.01262409326296215
290,0.03932500210574781,0.908978716296299,0.023525049203169827,0.024480658082794142,0.0036905743119893053
291,0.020701616831589026,0.9608791834659295,0.006459289594688085,0.009103939493543376,0.002855970614249898
292,0.04647106086009302,0.8889557752980534,0.030722530656536982,0.028502263739887786,0.005348369445428661
293,0.044926714928851044,0.8675411626900686,0.0019341595083579436,0.07866544352540634,0.006932519347315992
294,0.024772503197061306,0.9339918167366411,0.00231434597144675,0.028847361606861972,0.010073972487988919
295,0.0730200097909343,0.8200607875811337,0.009303985857524007,0.07363632961038581,0.02397888716002211
296,0.06248212146569085,0.8536150599205727,0.0014759874136320405,0.07362993153597912,0.0087968996641251
297,0.03053304008888105,0.9033050080266039,0.004570670182249338,0.040056144972663695,0.021535136729601886
298,0.0451945725357198,0.9034964548146434,0.01011608586083706,0.02684366135231631,0.014349225436483485
299,0.07562312345030947,0.8452943770065161,0.005739793157840116,0.05031157243737101,0.02303113394796334
300,0.18567979216368238,0.5794611186654824,0.013235974050966002,0.18886008853824235,0.032763026581626685
301,0.08709883334715356,0.8292229329565278,0.03564137835975022,0.038738514914879243,0.009298340421689234
302,0.09728418451607102,0.6968248841844593,0.0017274554119544499,0.19805581038974107,0.006107665497774212
303,0.1569499292358102,0.6316969937730084,0.02099262228566565,0.16768779451721177,0.022672660188303963
304,0.10325388972425771,0.7513719593854449,0.036260562329484776,0.07185552281104454,0.03725806574976814
305,0.10870739208274896,0.6933102468570064,0.004284749128813766,0.13421239109171199,0.0594852208397189
306,0.07414009807967124,0.7724803551966237,0.04575677905058149,0.0937037747682796,0.013918992904844161
307,0.026779309873998933,0.8669588762590189,0.027201604924817824,0.06958825568766239,0.009471953254502003
308,0.054319498822692484,0.8500722109665628,0.048896358768059416,0.03952454023051268,0.007187391212172643
309,0.06929561150641785,0.870412481393822,0.008231991406244683,0.02481085891202053,0.027249056781495008
310,0.08670835484604307,0.8370850272230015,0.01695965408992495,0.044566705470069544,0.014680258370961168
311,0.0705103131689016,0.8707706598476848,0.005223774497274872,0.036603787888211156,0.016891464597927733
312,0.17197920229278868,0.7437271037661598,0.010199269221494332,0.050767828664846235,0.02332659605471099
313,0.04444368634458879,0.9310370144370547,0.009032707922870444,0.011075070311563996,0.0044115209839221455
314,0.08474839669600805,0.8509029260997916,0.01184308031931594,0.03839858783109126,0.014107009053793173
315,0.042831233136169496,0.8132346861968416,0.004673530059093413,0.1237798984312578,0.015480652176637792
316,0.06062442862302464,0.8079295322725806,0.001283469058430249,0.12384346443142319,0.006319105614541496
317,0.06025082285788025,0.7993016661592359,0.008688309655673116,0.11160734521705148,0.020151856110159107
318,0.06265864679346261,0.8384314410312373,0.01737493141344341,0.07690082244766402,0.004634158314192806
319,0.15183796242016606,0.547866420610005,0.001655311974161215,0.28947678936915233,0.009163515626515469
320,0.10533643878991918,0.7945984934462761,0.026177210952907256,0.05719788676265785,0.016689970048239668
321,0.09302265279805323,0.525447467239687,0.000950090095322527,0.37543705523769794,0.005142734629239406
322,0.13340429274543464,0.6142057578978837,0.0574400401128798,0.11875908609449956,0.07619082314930235
323,0.21764758053997926,0.6661731006488352,0.018107848714952135,0.08541227731846693,0.01265919277776644
324,0.028463646460255707,0.9298211766757793,0.015639567267618,0.022837183949773014,0.003238425646573955
325,0.07924457222769637,0.7801179274464873,0.004557781849832963,0.12319146668271166,0.012888251793271587
326,0.02820627234926913,0.885697827365324,0.06318494653942848,0.013249089933695706,0.009661863812282671
327,0.08450953074215334,0.7684463758193432,0.03752439292801151,0.01756276570734157,0.0919569348031505
328,0.14328505315195408,0.4209889901089854,0.0011546275170535962,0.10458068076248556,0.32999064845952136
329,0.06544996674639968,0.43637974827932235,0.005577336857853481,0.023910143276269547,0.4686828048401551
330,0.08280895982107142,0.044984451535792086,0.000616353368136901,0.03466130690050498,0.8369289283744945
331,0.08839555372610294,0.01244064492897278,0.00013431571259838894,0.02306070760772254,0.8759687780246033
332,0.1032662204630752,0.015098977045802145,6.364995004466959e-05,0.027465906389201225,0.8541052461518768
333,0.20182158159211167,0.05245474184948583,0.0001271337643337222,0.13663493101423738,0.6089616117798315
334,0.18964167105870247,0.02109421035521702,0.00015551029606012767,0.1093196428922645,0.6797889653977559
335,0.273688955989205,0.028835137166746384,0.00014279102089248167,0.17025932985204334,0.5270737859711128
336,0.2696203323061189,0.023817157256265202,0.00017132627100413585,0.05724227470340133,0.6491489094632105
337,0.47179813934783027,0.04932977218751953,0.00031854244716830716,0.058735305207739986,0.41981824080974195
338,0.163503947326899,0.09004685178554649,0.0010035431750539793,0.03649947290865825,0.7089461848038424
339,0.14964859241088613,0.26874088752444913,0.00282446562395482,0.11151203902961868,0.46727401541109137
340,0.12362402656906492,0.6368923287997336,0.006811499764321718,0.06678714677699542,0.16588499808988433
341,0.050402521053115476,0.848965670841691,0.008198420105274483,0.042184869532855246,0.050248518467063776
342,0.058210904077219794,0.8457092331682433,0.0074482481284638205,0.05545029114063896,0.0331813234854341
343,0.023327732449545748,0.9291662735323291,0.003003799619833501,0.0302449879352267,0.014257206463064907
344,0.048725478173417075,0.8672897729741307,0.0029994760072929445,0.07101195900172845,0.009973313843430942
345,0.03732048716866679,0.9247133329861241,0.009657206137215948,0.02336078222395107,0.004948191484042261
346,0.05302080558669745,0.8340689155997602,0.024630488966046377,0.051281144017599076,0.036998645829897175
347,0.036902655725475665,0.906356827062604,0.009122257010949845,0.038500513153114785,0.009117747047855743
348,0.020918027572184056,0.9328291187679834,0.019879860395830576,0.020393733987074884,0.005979259276927152
349,0.054927794091085794,0.7971059418873859,0.01140139130116907,0.10829045837264271,0.02827441434771642
350,0.030704890612310014,0.8540204484767079,0.001457623789826519,0.10289452190207285,0.010922515219082718
351,0.024610153627422155,0.9031664019577165,0.00246350356446291,0.059855457373332005,0.00990448347706632
352,0.24723167195405213,0.6168092645531192,0.01077205269315463,0.1046435709009165,0.020543439898757454
353,0.08315511504037319,0.8097126745116835,0.002310466873050775,0.09671310046986123,0.008108643105031533
354,0.07852946715650987,0.7868283542071934,0.018077788625962633,0.10480120271618017,0.011763187294153796
355,0.03743557019775789,0.8723580042021694,0.005405370839491156,0.07651458091668863,0.008286473843892944
356,0.12604171253883745,0.7717262376673232,0.027808863593771768,0.04677568388606656,0.02764750231400116
357,0.06738392585222851,0.8374935555615829,0.030654910514433795,0.039867606630815636,0.024600001440939174
358,0.11639279110636652,0.7983484520950941,0.009551546693723241,0.07110845107648965,0.004598759028326495
359,0.10324934108454503,0.8114269961345264,0.04046057311423924,0.03683235933667263,0.008030730330016545
360,0.027651692611272136,0.7750216257503454,0.1571965360226289,0.03530881508320278,0.004821330532550929
361,0.1270616414758241,0.6656893471424765,0.0991754731971732,0.08310398076932468,0.024969557415201522
362,0.03475018616390087,0.6041145814827611,0.33933914788132935,0.017824897778019433,0.003971186693989256
363,0.05429569054590627,0.7012669243310613,0.2296938498360081,0.009201997364539838,0.005541537922484433
364,0.062320436018081224,0.7231352584615279,0.19335728885761855,0.011940940488007637,0.009246076174764807
365,0.032895193614978155,0.91421736874783,0.041478148396097196,0.00482162748826459,0.006587661752830344
366,0.01963099651409409,0.879099504573962,0.09590544480629493,0.002654572964048876,0.002709481141600219
367,0.03954263492946883,0.883864513763741,0.0625476222236031,0.004773351371451142,0.009271877711736055
368,0.05970946701798535,0.8409512858252253,0.06618189269245212,0.02598249079578855,0.007174863668548519
369,0.039412253361769733,0.8465861356058088,0.059237165019504795,0.01030817790814731,0.04445626810476949
370,0.020665032669563575,0.9344501065331177,0.040825037381216664,0.0019788828265022997,0.0020809405896000228
371,0.03971945539266237,0.8813420989187061,0.07133192902154452,0.0037576108081056173,0.0038489058589816143
372,0.040082859635404186,0.7659060000596931,0.1873486063172853,0.00372016963468954,0.002942364352927837
373,0.01580226243756028,0.736557331900692,0.2317073759940014,0.013330222182549504,0.0026028074851968215
374,0.03314556940442047,0.7181538360388284,0.21126711781685636,0.0336099277034724,0.0038235490364223724
375,0.04945230159829397,0.6830335447451424,0.06333548768847569,0.19081365422914215,0.013365011738945646
376,0.010827387278368105,0.7758547002884959,0.16157737277774184,0.04860230032227627,0.003138239333117847
377,0.05063903976692743,0.668934702666955,0.0646218106836421,0.1992780181005885,0.016526428781887037
378,0.04336076288881744,0.3761118908563601,0.01684934578771596,0.5402485212833245,0.023429479183782055
379,0.08676543674716276,0.20559225319814323,0.0009747335272673831,0.6246046976559031,0.08206287887152361
