epoch,N1,N2,N3,R,W
0,0.00022692522015959758,7.44256547824267e-05,1.3701486738845387e-05,5.088853597951987e-05,0.9996340591023397
1,0.0003539791537079728,0.00011676790950249341,2.345100999660094e-05,3.8424477286210754e-05,0.9994673774495066
2,0.0009677829574655327,0.0002426758609709474,1.991292141867249e-05,0.0005832612624495465,0.9981863669976954
3,0.000987488548735691,0.00018153041496260858,3.361559756732332e-06,0.00015702502316753512,0.9986705944533775
4,0.0021060695756119634,0.00021082559899627612,5.7457484552571524e-06,6.71236105370648e-05,0.9976102354663994
5,0.010767126058767952,0.0007545501526101645,4.170360459579419e-06,0.0003266846153208316,0.9881474688128415
6,0.06626377705597282,0.0029851903189620013,5.796091957933121e-06,0.0005542663901455947,0.9301909701429616
7,0.08510226665086137,0.007439416646679633,1.740846388556508e-05,0.0018443308143747444,0.9055965774241987
8,0.05705243708077725,0.011279016285442003,5.5726574003605885e-05,0.0009681111081132019,0.9306447089516638
9,0.43457989542133096,0.20863543296844322,0.012355257288788573,0.009608389337208638,0.3348210249842286
10,0.1711985411754926,0.4632553783746946,0.05531394894157182,0.0022895317259293197,0.30794259978231164
11,0.1300357924946273,0.6660604960320531,0.0012470797209520555,0.030606376265879375,0.17205025548648817
12,0.059820218936527975,0.7627127883921744,0.10891365770755346,0.003881116573484418,0.06467221839025977
13,0.10395103199014788,0.7473247615790701,0.06631576827825306,0.02465965675523435,0.05774878139729483
14,0.10880581004215298,0.7011917720005663,0.07172921004420357,0.006066848942929796,0.1122063589701474
15,0.08147219877721226,0.8198613649836712,0.03015567913035101,0.011604725809351934,0.056906031299413434
16,0.27355090933229503,0.619979483562708,0.029373835712538557,0.00799652737703448,0.06909924401542386
17,0.06110508795466385,0.8245027978982381,0.08546844792609454,0.0022967190954018245,0.026626947125601617
18,0.1027124130956726,0.6995827673703148,0.15863307435062843,0.0062387408296382205,0.03283300435374617
19,0.05502889638257123,0.8903340587723878,0.027185695809399,0.00878049909916155,0.018670849936480494
20,0.08025054062671104,0.655991462947842,0.1870832110868347,0.0038397019613914314,0.07283508337722075
21,0.06564848456441182,0.5772124267270552,0.28615943208048966,0.0033883120065321126,0.06759134462151131
22,0.040124110604549894,0.6884493880586587,0.2303853769463359,0.0026819785286309335,0.03835914586182465
23,0.023985924619612256,0.5718103075231652,0.34107698926799834,0.0009818014383597708,0.06214497715086438
24,0.03884719938959506,0.6305419149139193,0.201593217439011,0.0011965319326690033,0.12782113632480566
25,0.03806062864308004,0.5658782595572336,0.1835438486096053,0.0017234764747079173,0.21079378671537308
26,0.1831279611448258,0.5639822875742532,0.18142721917102958,0.0008227401507910209,0.07063979195910039
27,0.16515776564541487,0.6277312432506633,0.07530501063447267,0.006065051432836181,0.12574092903661294
28,0.04362629689050524,0.31505537399258077,0.2546554999845065,0.0010262508643540797,0.3856365782680535
29,0.2673598616779333,0.18714748557741176,0.006124910082402059,0.0014411339672701236,0.5379266086949828
30,0.15350707886427006,0.6286457461555477,0.03513923719769123,0.0009319510088866924,0.18177598677360435
31,0.1428342623723292,0.5672640674995939,0.11191614655968539,0.0015691661953467497,0.17641635737304492
32,0.07187075880063361,0.44679946483816546,0.06279759849801263,0.006314545361685554,0.4122176325015028
33,0.04974186912893933,0.5636932938238841,0.14333299773157654,0.0020650700087316573,0.24116676930686848
34,0.03461973901755298,0.46039987795915643,0.0861388085101937,0.005153754467102706,0.4136878200459942
35,0.023354118479422203,0.35175458020681283,0.07738163377232911,0.004741868513478462,0.5427677990279574
36,0.015222180095949483,0.27017229220150724,0.5045039909005542,0.0005194353991179508,0.20958210140287123
37,0.0219927361727839,0.2782499322662791,0.11988250621807439,0.005483980444482804,0.5743908448983799
38,0.0452267641219453,0.1661544524364581,0.006584119092397378,0.00483964341418003,0.7771950209350191
39,0.03199789617173285,0.05480303172711944,0.0029860105414339713,0.0028891225394005195,0.9073239390203133
40,0.03483365671009798,0.018946260860146998,0.0025633859558107618,0.0009909775293131648,0.942665718944631
41,0.026680361992216566,0.0031238065038847653,0.0006204935730261176,0.0005173898128619076,0.9690579481180107
42,0.014377786851396047,0.003782093907001114,0.001174442075146579,0.00029171017900641054,0.9803739669874498
43,0.016161581339132078,0.0025274151051705987,0.0007007509978318242,0.0003641225525131213,0.9802461300053524
44,0.0061003681726785825,0.0005758727554855732,0.009414308289804732,0.00030135950384212103,0.983608091278189
45,0.006604009712439986,0.0011349175046443446,0.00037444713812335756,0.00021263375492886554,0.9916739918898634
46,0.007527582932919987,0.0008541923499324523,0.00024567229089422576,0.00017828341625495517,0.9911942690099983
47,0.0012868153045150585,0.0002968766872571015,5.452744954881026e-05,4.498795181313945e-05,0.998316792606866
48,0.007033425842947327,0.0009508074971734783,1.9858716960751898e-05,9.582815493358363e-05,0.9919000797879848
49,0.012885843652838833,0.0010885180350324257,0.00011497549575611997,0.00031598622183594087,0.9855946765945367
50,0.00599608325421723,0.0007422987556756831,2.177863662199095e-05,0.00024991001833572405,0.9929899293351493
51,0.010773364915758765,0.004249264383767422,2.742308111102163e-05,0.00030885823921729475,0.9846410893801454
52,0.0032892480749844833,0.0014346899782655283,4.9160880614596255e-05,9.245341456931321e-05,0.9951344476515661
53,0.010325515239842374,0.0017985729292520848,1.8974932349035235e-05,0.0004988633911270132,0.9873580735074294
54,0.01659146818751255,0.002902441213407241,2.424035482040629e-05,0.0001976949303779232,0.9802841553138818
55,0.047008497115285534,0.009762827068289553,3.222180775368464e-05,0.0018675978221456588,0.9413288561865255
56,0.050467525197313574,0.007398877394503426,0.00016110687118401468,0.0004465523127005677,0.9415259382242984
57,0.09723909848645161,0.013670671748015971,0.000140787191436498,0.0024587778960995493,0.8864906646779963
58,0.042009232066536104,0.015417397552966457,0.0004052866388776514,0.0007016093284764387,0.9414664744131434
59,0.026960782549257892,0.0024899589645255866,0.00020974483598769385,0.00037238240605086837,0.969967131244178
60,0.06448722817678358,0.013455838683165659,0.0009749971168936265,0.001326258616749525,0.9197556774064075
61,0.20154172049965177,0.10001760140027408,0.012873935559717144,0.008484928434998108,0.677081814105359
62,0.10393714077448395,0.05337499605932156,0.004221698157686372,0.004554577781290488,0.8339115872272176
63,0.24565211764110018,0.2343094327929936,0.08253142434493971,0.002176734084146067,0.4353302911368205
64,0.1377435069376514,0.2604763314561588,0.1583353662863853,0.005476656454608026,0.4379681388651965
65,0.17023795842304248,0.19303302503178948,0.02963386167659586,0.0028375482301357655,0.6042576066384363
66,0.13025829513117526,0.08857130077073354,0.005528141176655202,0.0049159651385318704,0.7707262977829041
67,0.15152073994991488,0.13796227575856074,0.05078160514017882,0.004192055162411984,0.6555433239889336
68,0.3579774994224839,0.2640631615880749,0.06411326353568111,0.004229360196763236,0.30961671525699686
69,0.1914530101108624,0.38195052189551465,0.05100935264213227,0.005046037679097473,0.37054107767239325
70,0.36667927749977164,0.399737753524242,0.05238079528987251,0.004744032570842102,0.17645814111527178
71,0.3551590203831657,0.49147057115374276,0.07902326517539981,0.0027070936453826673,0.07164004964230895
72,0.39455504665349844,0.4122819775719824,0.01912697693120599,0.0036022081713046102,0.17043379067200873
73,0.1456891587042711,0.57364963039319,0.24284446659281125,0.0016956583399136552,0.03612108596981414
74,0.15828016192588434,0.6791673753407181,0.07768438166013202,0.00360703647370456,0.08126104459956096
75,0.07864930618060416,0.4780042268334146,0.40659985490092077,0.0019878340685312436,0.03475877801652931
76,0.1282002513776097,0.6831855957977212,0.1274885188187797,0.004575077521507878,0.0565505564843815
77,0.14610627353256148,0.5507715765520185,0.2659894576602976,0.0012224430233327393,0.03591024923178967
78,0.08269930302163461,0.41439642504663593,0.4671141158808767,0.001249733265487229,0.03454042278536537
79,0.06537887566286522,0.5169268568819816,0.37815631596864413,0.000885187500615101,0.038652763985894005
80,0.10308882149131707,0.6043244608627099,0.18999381050198796,0.0018229567864219685,0.10076995035756313
81,0.09798575138820868,0.6048592414983053,0.181205385198909,0.009637276825177026,0.10631234508939988
82,0.05076217591204308,0.4076896918197122,0.4677914739311657,0.004689944954230004,0.06906671338284895
83,0.05707818298356939,0.5430103594902349,0.33952707281498024,0.0017027064017948743,0.05868167830942059
84,0.05240304425605562,0.2214686142502242,0.6747205327886874,0.0014258906881292183,0.04998191801690361
85,0.10333226373144387,0.2349692661772083,0.6373975133621598,0.0012194949481391737,0.02308146178104891
86,0.08329670260582578,0.3379828696502309,0.4116162903430644,0.01054518244774615,0.15655895495313274
87,0.05463108469699028,0.25751857118596516,0.6335656760733633,0.0019192900706485438,0.0523653779730326
88,0.14444874324111484,0.27038956323985053,0.48553978155103833,0.006158531885805946,0.0934633800821903
89,0.011411401833798594,0.09432694540954875,0.8773460773985029,0.0015654090069177936,0.015350166351232026
90,0.02639610273368274,0.2442870046162977,0.7101540097458765,0.001481238959907653,0.017681643944235523
91,0.034896622186196144,0.4486075966786708,0.42600064532335297,0.006024293346584225,0.08447084246519593
92,0.024208269133517382,0.20457381632628469,0.744110675350168,0.001233608535091573,0.025873630654938362
93,0.014093564793679026,0.15960643935882124,0.8020168080031599,0.001737463839734274,0.02254572400460564
94,0.016848211803962745,0.12480062203866177,0.8064003304604223,0.0016670758922807695,0.050283759804672534
95,0.038204725262175505,0.3297547824754418,0.5192365648159498,0.004313579642114091,0.1084903478043187
96,0.00699822592148235,0.06060287444945951,0.9047676269849813,0.001031248224290615,0.02660002441978632
97,0.0254548643922753,0.11603079172351975,0.7987959160173046,0.002292434222839735,0.05742599364406058
98,0.012259758021356471,0.0726070183128713,0.8801474037061369,0.0011410185814991862,0.03384480137813617
99,0.02342617022825111,0.19351982277884813,0.7157866873507627,0.002565684116590234,0.0647016355255478
100,0.018931852156414877,0.15818460959390196,0.6609137755778133,0.004688449174416434,0.15728131349745345
101,0.02921636824620893,0.2506667411791391,0.42518299601821957,0.005977285533534933,0.2889566090228974
102,0.15048951279460787,0.35624861026664223,0.02557974303002733,0.005435085193919525,0.4622470487148031
103,0.06748428101716801,0.1165211702086577,0.029492742356577433,0.005860425194439405,0.7806413812231574
104,0.12156049342180106,0.1130330543478692,0.013900526639979668,0.006901928168917907,0.7446039974214322
105,0.1991866382178405,0.1015629836548646,0.055266730241406,0.003140157629233339,0.6408434902566557
106,0.22024979059719382,0.25475294680741956,0.1740699557634908,0.0076088492692516,0.34331845756264434
107,0.211712152296495,0.46042041021548624,0.09392072838610038,0.0070307370959049285,0.22691597200601354
108,0.220337402656756,0.38689578261775465,0.04214645786461045,0.010847845265971722,0.3397725115949072
109,0.04114829178447863,0.5779855515736255,0.24007560143924325,0.006206731428869423,0.1345838237737833
110,0.18585874911191264,0.45739399698549665,0.026276212655609726,0.0055985279789504535,0.32487251326803057
111,0.1662689956125917,0.6585430079513387,0.09216630838255108,0.0035714631266872826,0.07945022492683122
112,0.055741205723679174,0.6901560763132105,0.22754754931683357,0.001426669066073605,0.025128499580203054
113,0.031078185212754236,0.8641064594550247,0.07905055648660443,0.001103696974590354,0.024661101871026273
114,0.015515086662941284,0.7537956366503441,0.22316972192568427,0.0008895928144283039,0.006629961946602063
115,0.011297902431459977,0.3851115112562721,0.5981698870869344,0.0019369547457676886,0.0034837444795657413
116,0.01931026559666662,0.5193270975265264,0.45125990475935285,0.003837447766706757,0.006265284350747594
117,0.02022088875523231,0.7337611573861044,0.2388135581933011,0.003488376360442011,0.0037160193049201656
118,0.01111096859279281,0.47417389721592323,0.509158628166994,0.002992050900298825,0.00256445512399109
119,0.0038617152817769463,0.337142494278457,0.6565613622030999,0.001313727049769915,0.0011207011868962827
120,0.018386134605411136,0.3988043567453863,0.5772254510433076,0.0022669702707333447,0.0033170873351617957
121,0.013486058757609965,0.44191260761479184,0.5394677245687033,0.0013892144037806456,0.003744394655114163
122,0.00510919720825493,0.3144372741961263,0.6769712103629256,0.0007402049889628597,0.002742113243730276
123,0.012205077676674047,0.24247426404215913,0.7412309598062269,0.0007007299470543543,0.003388968527885663
124,0.006291875750046327,0.16100126496056671,0.829560018091815,0.0002540708319871023,0.0028927703655847086
125,0.0019937506041754066,0.08588097224360662,0.911063436276175,0.00027193268103202506,0.000789908195010894
126,0.0011811227421343593,0.07647544677309628,0.9207307673250662,0.00031012513442519365,0.0013025380252779158
127,0.025094007051728456,0.3469331534395771,0.6170678504986281,0.0029886550855222405,0.007916333924544008
128,0.02536429694658244,0.33197770996766,0.6242474358529677,0.007250325868081076,0.011160231364708686
129,0.008581111099726943,0.13975704040932602,0.8408107751931947,0.0030875653869209996,0.007763507910831305
130,0.020423777452970773,0.32224413847864125,0.6314606941704654,0.005096196406323157,0.020775193491599578
131,0.06879629622208594,0.4497804816176675,0.4343416026293184,0.011180702586018361,0.035900916944909975
132,0.07855145616692752,0.8086704248464471,0.08010946042930067,0.010567040895340402,0.022101617661984218
133,0.07460111364929983,0.6773951679712907,0.11029943989446717,0.018017099234704532,0.11968717925023792
134,0.02011283109959698,0.24508237948822886,0.701250408534988,0.0038136077187322904,0.029740773158453967
135,0.06273796809738738,0.2629029171148025,0.028998788063916914,0.02374066897179012,0.6216196577521031
136,0.03701423045845693,0.03992034196787046,0.010942734686659508,0.012784476756387927,0.8993382161306253
137,0.0006305420497163257,0.0015714042993837047,0.0004031979283428273,0.00017684525950330306,0.9972180104630538
138,0.007901951244559925,0.009110754050781291,0.0009061558389808318,0.0005642569839524857,0.9815168818817256
139,0.0030870576876281908,0.0010917889711395895,0.00016423452699316054,4.005853753221038e-05,0.9956168602767068
140,0.00037446761388399547,0.0005108280227254082,0.0007890329373293246,4.6898999614931605e-05,0.9982787724264462
141,0.0013068808344992005,0.0011984796059418138,0.0003143211963967221,0.0001147740738792759,0.9970655442892831
142,0.0009684526978532312,0.0007094317184408205,9.45867814961909e-05,0.00010936583968802519,0.9981181629625218
143,0.0008151076626269707,0.000684076746070079,0.00046353372275751727,3.326398779061443e-05,0.9980040178807547
144,0.0008997833297763668,0.0007556576036733273,3.5666064602650215e-05,3.0503636681073984e-05,0.9982783893652667
145,0.0007964448719866175,0.0006806618675925958,2.5770671155039424e-05,2.3157928385241393e-05,0.9984739646608805
146,0.0014110817057126316,0.001467180827686548,3.13606510090438e-05,3.837828956120255e-05,0.9970519985260307
147,0.037629797840387176,0.021478504735524127,0.00029218212217992177,0.0007011903994564131,0.9398983249024524
148,0.0035809498468699756,0.0008309538964022785,6.44833408660831e-05,0.0002002556582989219,0.9953233572575627
149,0.002811207839676365,0.0014175408231592243,4.157297025194611e-05,0.00020689214009009238,0.9955227862268223
150,0.003229953916178738,0.0013968623953055325,5.2596553881538585e-05,0.00024792013793685595,0.9950726669966974
151,0.007461107996867758,0.001175815303198652,2.1477010127540497e-05,0.0006925376763741609,0.990649062013432
152,0.050523506713877335,0.0025975068281849792,3.087611275232411e-05,0.003013899637693977,0.9438342107074913
153,0.009333185863846735,0.0009587112660020009,4.105426391904643e-05,0.001420203777825134,0.9882468448284071
154,0.15968703554673608,0.03648283047718048,5.0491952170772365e-05,0.02614860152884309,0.7776310404950696
155,0.13115955481013372,0.041075552648845715,0.00014665168916440133,0.07491466709797913,0.752703573753877
156,0.5060151113506663,0.027414086123346598,0.00010188165777880517,0.10510431315319688,0.3613646077150113
157,0.27693484994422574,0.4676565316850076,0.0013739387115186779,0.1857584583554959,0.06827622130375205
158,0.31149246332246233,0.08542670460509402,0.00017394460296909166,0.18894148521752546,0.41396540225194906
159,0.3356469401857458,0.30258260807465703,0.0001969630818572179,0.15442934974653302,0.20714413891120703
160,0.16957296031733954,0.7072200192532483,0.0032414355767122214,0.08053029076785263,0.03943529408484729
161,0.2381740999428769,0.591362744028117,0.00024543618560515464,0.12799266499238346,0.04222505485101749
162,0.0321267339918446,0.9411521714401991,0.0020251195333109455,0.017602456296851338,0.007093518737794048
163,0.022620351226838243,0.9365794783315635,0.023048696076945298,0.00735465565537747,0.010396818709275443
164,0.11893662408930167,0.6500023800905154,0.00018036478697998468,0.20903268841977146,0.021847942613431464
165,0.060718890097394645,0.8917477967059501,0.0013341690926103001,0.0327909511875646,0.013408192916480476
166,0.02678961167628352,0.9481125643702882,0.0006930547454891178,0.01818081237213867,0.0062239568358005365
167,0.09443229695741659,0.8321158055599566,0.006129460087595282,0.05464839038385897,0.012674047011172581
168,0.2489784530460424,0.18646088066518687,0.00023320042550102442,0.368351003166118,0.1959764626971518
169,0.02986777595325825,0.937301113270437,0.0027613250624758203,0.02487294710945058,0.005196838604378116
170,0.10220973818242175,0.7914564519455478,0.0010566434134267634,0.08370236561844714,0.02157480084015661
171,0.08236269560413631,0.866089133621869,0.005307998270548274,0.02237600344003041,0.023864169063415933
172,0.25968147448177586,0.6303010515787504,0.007823339592277078,0.057115049791549286,0.04507908455564733
173,0.15410175346352445,0.6598987023914518,0.00039480955341918584,0.13300561845539946,0.05259911613620504
174,0.46346291111215243,0.20945862670214047,0.0016295853047362662,0.06935545942657877,0.2560934174543921
175,0.22327564962941576,0.5608730199042299,0.029305573963056827,0.04778513849384835,0.1387606180094492
176,0.10706861377321418,0.0839975775009685,0.0013760609173835406,0.009946822565722747,0.7976109252427109
177,0.03523685447047925,0.03153900515899863,0.0025360875523403833,0.0015526976099776645,0.929135355208204
178,0.10378292166921316,0.06014861891986054,0.003220971255046846,0.006003474174719172,0.8268440139811603
179,0.10632503658855802,0.048235168365466555,0.007800461478285239,0.020663338590775227,0.8169759949769151
180,0.043055451305590346,0.013218273526959418,0.004420187184944277,0.006101634134842669,0.9332044538476633
181,0.01967782750007167,0.005862473535388905,0.004472282133069422,0.0023553372955125154,0.9676320795359575
182,0.021170434826491377,0.005366731660785041,0.003206912705698874,0.0012992935073358922,0.9689566272996888
183,0.015587936068677312,0.002270250886477623,0.005961213161204744,0.0010628960656498814,0.9751177038179905
184,0.0063101016167689565,0.0013665251948226445,0.0005040105278063747,0.00026271358922000545,0.991556649071382
185,0.012612932573467541,0.0028909069780411155,0.001065423866623515,0.0006423482652691266,0.9827883883165986
186,0.019195451341406215,0.00419197499878838,0.0011251695735209,0.0010303669994265448,0.9744570370868579
187,0.01599816026765419,0.004890177023981473,0.0015327322456986465,0.0009036159708787866,0.9766753144917869
188,0.03071882464213125,0.008849148591422608,0.00620769145120222,0.002012087544740655,0.9522122477705034
189,0.016806590313581816,0.0037049879331198855,0.0022885588631156115,0.0012153748054837235,0.975984488084699
190,0.026468677661401895,0.0050259831758281475,0.001995434920602247,0.001597103044484353,0.9649128011976833
191,0.05731947642853023,0.01225867869375186,0.00293816532801211,0.0040986039578228845,0.9233850755918829
192,0.013592244882099647,0.0032490132178482644,7.145065231169518e-05,0.0029529941301524175,0.980134297117588
193,0.07033572429425355,0.014323152019864612,0.0001965414263032605,0.006313382779641859,0.9088311994799367
194,0.6210197828449878,0.04442806368717531,0.0002087278680613068,0.010089949124022614,0.32425347647575303
195,0.5381863149407861,0.24523170713007109,0.0007935809887548986,0.09800655076660662,0.1177818461737813
196,0.13641176894856058,0.7296783330068107,0.007727752761494758,0.07442074608287162,0.051761399200262286
197,0.14434161864227912,0.6668391903676006,0.0019480519835026863,0.1513059323105571,0.03556520669606059
198,0.031561174596633663,0.9069525312064991,0.03912117750364663,0.014897743509741403,0.007467373183479124
199,0.037214984342356316,0.9072260298296472,0.0032317853595218164,0.03679576679597769,0.015531433672496823
200,0.13818255992844033,0.4890468965928126,0.001299393895594173,0.3018856184172864,0.06958553116586652
201,0.03019965097462496,0.9324942184639976,0.015414981280535592,0.012148468507836706,0.009742680773005068
202,0.11301733014403031,0.3741531194155009,0.0005286068569620756,0.19808377364105745,0.31421716994244925
203,0.17560660173989978,0.10618640805663342,0.00020206019081172945,0.20380475227903544,0.5142001777336196
204,0.2727487296055234,0.15007309231683724,0.00042386100204301277,0.20969553836223706,0.3670587787133594
205,0.2883243235249161,0.2777578177517243,0.013355751185847932,0.04713876818913117,0.37342333934838046
206,0.3482568016695738,0.3041884317301922,0.008599687993849072,0.036303734016856604,0.3026513445895286
207,0.07939019087099645,0.06908918186883285,0.005404220375612741,0.011773725008640734,0.8343426818759172
208,0.01972788550407571,0.019458219921699247,0.012005548861387052,0.0020207692475776914,0.9467875764652602
209,0.04203693004609083,0.02710251014788388,0.0033988730428264674,0.003339668439841742,0.924122018323357
210,0.08756121620606455,0.036860660871597284,0.0077892297047900795,0.004454557420398384,0.8633343357971498
211,0.029256353304286928,0.022346325061321653,0.0015077975252484562,0.0030426417925316102,0.9438468823166114
212,0.10164374969879597,0.058468320391415696,0.013221967898680756,0.007389343566078937,0.8192766184450286
213,0.1506056280326396,0.058738885336165725,0.015078259936349802,0.005851683246925082,0.7697255434479197
214,0.1801291066853575,0.18863963858737823,0.00884699892781014,0.09663728717040102,0.5257469686290531
215,0.09597989163738173,0.6053323717929877,0.041958222206634,0.015497102035079945,0.24123241232791656
216,0.3318737067926536,0.3804797766936455,0.011039262195256309,0.02902225055602794,0.24758500376241674
217,0.053412677406293727,0.8450988081697999,0.0650980487342782,0.008433312065051895,0.027957153624576445
218,0.08205917568451558,0.8704800130496939,0.004076315152149695,0.022752236611696914,0.02063225950194391
219,0.03363614700090343,0.8757679740869262,0.08190427060534736,0.002214265481328706,0.006477342825494473
220,0.054963142683007074,0.7925432355231171,0.1310188522300137,0.008459381997604792,0.013015387566257183
221,0.22157362786071033,0.6907039470096096,0.0314469392013741,0.02466251091727849,0.03161297501102761
222,0.03251361491715842,0.8991448586250045,0.05487171156842688,0.00677639369846195,0.0066934211909482726
223,0.04308121262808635,0.8586433966376648,0.08251732278837257,0.009436597415421298,0.006321470530454909
224,0.052974261300284875,0.915605910763476,0.01680874549177366,0.011329081597111315,0.003282000847353976
225,0.026495898774613027,0.7914865264194871,0.15457702332339868,0.023691771855985793,0.0037487796265154097
226,0.021838377025276825,0.6990512918198108,0.25775216284322705,0.017578499799613855,0.0037796685120714867
227,0.03621965528807723,0.8323738305974115,0.1167016749962385,0.009207250173584003,0.005497588944688718
228,0.015506753926275959,0.7818372839314854,0.18918367806497396,0.009541773509554822,0.003930510567709745
229,0.01851112540447944,0.8381971383241678,0.1321940930757114,0.00825970866971253,0.0028379345259289777
230,0.03227965478050304,0.7672983645559993,0.18704303164643682,0.006737942651351301,0.006641006365709546
231,0.010099724354554812,0.867277532140046,0.11567578719956664,0.003705105693960379,0.0032418506118721477
232,0.03687732161401182,0.8309349059997505,0.11937706422922352,0.00965472919263611,0.0031559789643784038
233,0.012232900890032768,0.6600200925158123,0.3216710423325599,0.004582072649251296,0.0014938916123439262
234,0.022059238260006327,0.7495861667645495,0.2108289836358236,0.014206548405163045,0.0033190629344574947
235,0.03970581728796087,0.8808499793332056,0.062350981859144616,0.012271144767768135,0.0048220767519207884
236,0.02400107152625828,0.7746594661233714,0.18230457407729667,0.015191003067238711,0.0038438852058350187
237,0.049568425808854684,0.7048971602743451,0.2210400205698861,0.019134330792925692,0.005360062553988316
238,0.016211652698913698,0.6732014718639436,0.2981462548475814,0.008732049462874382,0.0037085711266867587
239,0.03041634526087643,0.7488368769488284,0.19507057439887482,0.020901394890664185,0.004774808500756316
240,0.023188568074284176,0.6591371090942614,0.29054484286161864,0.0184341142107118,0.008695365759124045
241,0.025797649755104905,0.7192650421593323,0.21155180978186258,0.03953218284548559,0.0038533154582145483
242,0.03261209055276118,0.6680076985935872,0.23942987098307605,0.055929940209317346,0.004020399661258171
243,0.013095029671003794,0.5916978305478292,0.3717403954849852,0.02079764130814158,0.002669102988040244
244,0.02460283136185318,0.5919583279486414,0.35787445421336744,0.019276886193233835,0.006287500282904003
245,0.011499154571079919,0.3227932441603953,0.6545308874787498,0.008918368935344147,0.00225834485443089
246,0.018947455374169645,0.3865551047322584,0.5832031184225469,0.00783020767284326,0.003464113798181803
247,0.008417037565363921,0.3341385120409317,0.6526033944380923,0.0032792397703948354,0.0015618161852171296
248,0.0042387623036505995,0.3075627755453822,0.683726078058488,0.0026769016245533767,0.0017954824679260086
249,0.003331316316942991,0.21141540332703543,0.7838801065319639,0.0006275506507204779,0.0007456231733369617
250,0.0011767212157775837,0.1756240632872372,0.8223966114412703,0.0003000192431815504,0.0005025848125333197
251,0.0003927388526514661,0.0877099353362595,0.911404780714708,0.00012342854210449042,0.00036911655427664835
252,0.0005026988684364849,0.14553361606210038,0.8530725186973698,0.00020056847815344396,0.000690597893940016
253,0.0013948656784441178,0.1285480463705534,0.868619901849127,0.00019459996966396487,0.0012425861322117161
254,0.001450389550119332,0.1488602054710038,0.8486870148830337,0.00028992208885219076,0.0007124680069911766
255,0.0014421154892690228,0.12969891632281366,0.8679132711401031,0.00015265891585737834,0.000793038131956963
256,0.0010968877553840268,0.2643248512120676,0.7333741652350112,0.0003359142669911715,0.0008681815305458102
257,0.002572713202550688,0.1960041950503689,0.7999329359031471,0.00030069341921643667,0.001189462424717007
258,0.0016199225390007973,0.14691837432377808,0.850353732790616,0.00029190424804357326,0.0008160660985616934
259,0.0004425052814709868,0.0984273685891514,0.9000059442679168,0.00016179658142754404,0.0009623852800332042
260,0.00048733995759405634,0.061780758251450116,0.9371686365299301,0.00014954244121706293,0.00041372281980869087
261,0.0007745094625193961,0.08520004370676076,0.9128437593551346,0.0003611389604935102,0.0008205485150917576
262,0.0003753921592459784,0.042438932173310705,0.956502122849355,0.00019595615269705187,0.00048759666539131857
263,0.00065549905796296,0.04472997276409325,0.9538425869863196,0.00026473140633523156,0.0005072097852890052
264,0.000129977184837364,0.027103975664305027,0.9725161728988635,6.696378555712793e-05,0.00018291046643704393
265,0.00019016037358778227,0.03133509193863764,0.9681453785933739,9.318599763129407e-05,0.00023618309676932768
266,0.00043082025421856753,0.053318504984455777,0.9456952498333758,0.00014150137875906975,0.00041392354919082825
267,0.00013721754928699528,0.02718023795150326,0.9724300463026231,8.366908131435174e-05,0.00016882911527216736
268,0.0009318061243116774,0.0629047000610067,0.9354079087062152,0.00020679691335718898,0.0005487881951093266
269,0.00023175323140878646,0.0325176784283378,0.9669676187798025,6.426570679927358e-05,0.00021868385365174319
270,0.00015064840104859117,0.02066542953148823,0.9787949916963486,6.983252552248693e-05,0.0003190978455919039
271,0.00031268022335698977,0.03241878111604045,0.9667827749222881,0.00012443991269673707,0.0003613238256177789
272,0.00036731602188571147,0.029098699282973872,0.9700488284149054,6.483692707891094e-05,0.0004203193531562409
273,0.0005068373885263128,0.020984129904628668,0.9781693819821052,6.454680209035509e-05,0.0002751039226495155
274,0.0003157258407856739,0.02182117329054102,0.9774009006941311,0.00010329416367559152,0.00035890601086660225
275,0.0005185274495945534,0.03593812757876933,0.9630483044665483,0.00012520295886110617,0.00036983754622670376
276,0.0010265133386708923,0.04738547188415118,0.9510441745055803,0.0002026935931430315,0.00034114667845482337
277,0.0004900219374189966,0.016501669876065796,0.982214826349776,0.0004989691469892139,0.00029451268975013047
278,0.001977849115822168,0.056898042462310366,0.9393111470037342,0.0012109233694642917,0.000602038048668991
279,0.004410503247086768,0.06538882078467936,0.9217906441628194,0.006778813859380863,0.00163121794603341
280,0.045107168639178546,0.5376961111722035,0.31925286589974444,0.08034355011678973,0.017600304172083615
281,0.12059769128637614,0.7349357095027851,0.003257354819120512,0.11481872217591217,0.02639052221580613
282,0.27612430715509073,0.497996383517655,0.0014094413650342745,0.16595777638579617,0.058512091576423786
283,0.3522694129834752,0.2606480647694307,0.0009858515043338564,0.2935316773885713,0.09256499335418888
284,0.3265134850159784,0.19974295348234186,0.0006705493651835234,0.42887180828159566,0.044201203854900444
285,0.24194515816625178,0.10677099669057911,0.0003223850300163171,0.6382132228836513,0.012748237229501472
286,0.20258838958926553,0.13309222727671297,0.0006087622631531372,0.644334249893019,0.01937637097784934
287,0.040260693959214736,0.11793170424180839,0.0007360294972589973,0.8367028299383833,0.0043687423633347175
288,0.03716822025746581,0.04120301801626409,0.0002236964811360357,0.9126929984349628,0.00871206681017142
289,0.0545075813591915,0.05868110055002146,0.00022365917087387155,0.8786280488567962,0.007959610063116886
290,0.06697855124935477,0.10051595465058204,0.0006422281271416787,0.8232176541521071,0.008645611820814452
291,0.0571944615038401,0.11916554477240719,0.0004103019657919164,0.8163308517426131,0.006898840015347685
292,0.07811300980663,0.12859196624201924,0.0013281920864955177,0.7758881555597137,0.016078676305141534
293,0.03708647829714546,0.06201346070877033,0.0003960493870056978,0.8888355587688751,0.011668452838203504
294,0.0704081976970341,0.06408883480993566,0.00029692092647758584,0.7868809197279807,0.07832512683857178
295,0.08054597239041768,0.1480708942659897,0.000271150199887001,0.7593989777117187,0.01171300543198693
296,0.10705293544993408,0.08575243968325216,0.0002841382712538011,0.7908042451138196,0.016106241481740526
297,0.11055820244351906,0.10955917290446128,0.00034297467695780927,0.7602819576216994,0.019257692353362377
298,0.0709919007772721,0.08825509343509186,0.0002992798637754186,0.8255337909330533,0.014919934990807205
299,0.0977595701203981,0.08198902563951992,0.00031632383551587136,0.8024747433475944,0.017460337056971597
300,0.07821344297878388,0.07557872408920614,0.0002430931266545646,0.8332456521176711,0.012719087687684328
301,0.08577103803395174,0.0702331845729459,0.0002510730812573653,0.8002178007512252,0.043526903560619945
302,0.1239437015705848,0.0740596405142012,0.00021720193316640624,0.7893245621836735,0.01245489379837408
303,0.054670311217564306,0.05898662153556853,0.0001291599566334312,0.8808865992509808,0.0053273080392531235
304,0.06087134407145862,0.06439606101242747,0.00025852077065758184,0.8652792584665887,0.00919481567886763
305,0.03764613729603227,0.05356403984296407,0.00022101328911638466,0.9009315969808609,0.007637212591026468
306,0.054178299750917674,0.05456788803554743,0.00014606291156691275,0.8787692912225592,0.012338458079408865
307,0.05492008568261632,0.06323754217490617,0.00028017540247012994,0.8688954895582299,0.012666707181777348
308,0.0765008862811934,0.10874473750229567,0.000515996720551347,0.7991795971720379,0.015058782323921749
309,0.05932349544098883,0.06792454750960265,0.00011905863741741826,0.8650831548532072,0.007549743558783897
310,0.031210018927517656,0.031750903706084264,0.0001775747987789087,0.9269310867866278,0.009930415780991351
311,0.02977441900622361,0.055438783660907424,0.00018319085743822007,0.9073826877033161,0.007220918772114585
312,0.031068006059696545,0.05861504890152412,0.00024876098261709836,0.9032561641116976,0.0068120199444646375
313,0.04213888059484375,0.0392118467983938,0.00018548535850928936,0.9057471656577912,0.012716621590461963
314,0.08373198753730031,0.057522529475893217,0.00023884026358691034,0.7788414514031129,0.07966519132010662
315,0.09819949320536574,0.08309819406848305,0.00024253659297426318,0.8014114570165788,0.017048319116598088
316,0.08872319660339113,0.07591823184777742,0.00028263223975360895,0.8189522371389455,0.016123702170132252
317,0.10530821217410989,0.07224888956624483,0.00024724559189187183,0.8110649522246647,0.011130700443088776
318,0.07648367863803072,0.06202138308274369,0.0001383057001339562,0.8397243388259255,0.02163229375316624
319,0.08884655534477476,0.08206930103006803,0.00011279067177153184,0.7913679051485428,0.03760344780484282
320,0.18292442702945505,0.07500882684209335,0.0001481880599413438,0.7068255188748334,0.03509303919367692
321,0.21136103185006716,0.0948534136503061,0.00016867660715694506,0.6651924552538481,0.028424422638621834
322,0.18309629488361037,0.17951913508289147,0.0003660586432388755,0.6169609963162428,0.02005751507401648
323,0.15290566938184333,0.16679120630676475,0.0010003201759461418,0.5588139868261535,0.12048881730929231
324,0.1304096640140793,0.08009736890329498,0.0003127545105118591,0.7676825534108704,0.021497659161243354
325,0.09482327619112536,0.0919340679064211,0.0005257482283578152,0.7859035189637146,0.026813388710381195
326,0.11876266252666874,0.059105510382203734,0.00020746098014204944,0.7458795970062778,0.07604476910470756
327,0.12293212681954988,0.13133145338565644,0.00017867689505918815,0.7310093646568844,0.014548378242850006
328,0.15631845512121198,0.09361398895970839,0.00023920138506456119,0.7100024937374513,0.03982586079656375
329,0.20341816545050473,0.09816950973953836,0.0004204044017179355,0.6431932315587441,0.05479868884949499
330,0.08354190426542148,0.08732249470532773,0.00021027281700754645,0.8143850497680588,0.014540278444184505
331,0.08032088083306543,0.17043132370992395,0.0006922316703754308,0.7318898477439064,0.01666571604272883
332,0.09276029683886551,0.11323440794301412,0.0001640013315219696,0.7789473573679403,0.014893936518658106
333,0.07857477270287445,0.08382019131984254,0.00013711745399166172,0.8174691824786003,0.019998736044690935
334,0.1364610757227738,0.08730462175442523,0.000174796131997784,0.7628820098284691,0.013177496562334
335,0.19279058764671067,0.11243647908303235,0.0001941536899027926,0.6783958706245583,0.01618290895579594
336,0.15570926419790468,0.12119455756474679,0.00021960041164123434,0.7077667978225352,0.015109780003171983
337,0.0879468508198784,0.11593066753889587,0.0002683662518970707,0.7845165555317566,0.011337559857572102
338,0.10053591798599591,0.20439359069472493,0.0003000329608570859,0.6645040979107019,0.030266360447720263
339,0.14298850689999718,0.34772929937097946,0.0011167319622614055,0.15830530073659374,0.34986016103016815
340,0.27191053691304184,0.23024446991360775,0.00026870506239904567,0.19685859052696605,0.3007176975839853
341,0.4787559513638107,0.18654868140603287,0.0001920673379509012,0.2878158937029779,0.04668740618922765
342,0.4366803734560383,0.3720155333072278,0.00029414610850503006,0.17388691037920276,0.01712303674902619
343,0.46356285490179466,0.15700572373389493,0.0002480515661959948,0.3243652062618078,0.054818163536306544
344,0.31111002376497576,0.40579370635925055,0.00045065238581471574,0.2632048875463274,0.019440729943631482
345,0.07267972195445764,0.8309604250562056,0.03491191172997649,0.036862022221526326,0.02458591903783395
346,0.0932461850782306,0.8049208799487071,0.001509022398979371,0.08866008974469194,0.011663822829390904
347,0.2295290717260457,0.47508241011556074,0.011893105730621514,0.2605971671610623,0.022898245266709888
348,0.14666753114642211,0.7238905140280849,0.024118832247924032,0.04233220765135641,0.06299091492621273
349,0.14228440076991702,0.786429545275138,0.024424274355969545,0.010251300599255008,0.03661047899972054
350,0.12062533744802578,0.7398976401801615,0.03178294153855143,0.04501366792645554,0.06268041290680594
351,0.05600363194360473,0.8482979173761875,0.05256771049922418,0.011939501038356842,0.031191239142627
352,0.07754667854709375,0.8010144137390511,0.05068354585360745,0.02640635456560371,0.044349007294643826
353,0.09352908041683387,0.7533682036582837,0.049015751581806634,0.014802782995039548,0.08928418134803612
354,0.018709237863030487,0.7188887411767755,0.2174100931157375,0.008395042342280497,0.03659688550217597
355,0.04512265650290782,0.8075020244708958,0.10359157754917177,0.015578627160823897,0.028205114316200916
356,0.03692022804421328,0.8282691315336762,0.1256391984274383,0.002665758989354712,0.006505683005317563
357,0.020134882260143427,0.6986369811309017,0.27191115329948334,0.0038155973375364307,0.005501385971935198
358,0.06723113162501917,0.8487217966635943,0.06433470209002037,0.008816008634910734,0.01089636098645527
359,0.030516656726306556,0.8436786663268322,0.11121399846536216,0.006116731146736412,0.008473947334762783
360,0.03848353604919884,0.8322844473413594,0.10402399394444599,0.015098096604721365,0.010109926060274409
361,0.07116641430886377,0.8121088400904241,0.09246954010143557,0.01573447666557677,0.00852072883369964
362,0.017418114070789924,0.6730504467238759,0.2960058344828192,0.009784104113932239,0.0037415006085825724
363,0.017602426409790834,0.7213111844348428,0.24459185674855638,0.012562086263745168,0.003932446143064816
364,0.03238086486008137,0.8176355033916984,0.12343561721371804,0.016720726367051044,0.009827288167451062
365,0.025482063067535938,0.8386510605363237,0.12549133816927757,0.005277326516833637,0.005098211710029309
366,0.018890480472954024,0.7043524001404443,0.2609139480239338,0.010922621604439924,0.004920549758227908
367,0.012838938888774763,0.6428328476115315,0.3359645026840297,0.005465796185493197,0.002897914630170826
368,0.009335345747763624,0.7031949546727556,0.271439711305954,0.012613193628427756,0.0034167946450989273
369,0.028125074093635224,0.8588046572794705,0.09029155641241023,0.01756498512135743,0.0052137270931263986
370,0.021164458733482577,0.7180547047231536,0.22864296660401778,0.02591701178174949,0.006220858157596598
371,0.03763203365295985,0.8953012603145851,0.019018428994207838,0.04212377000834175,0.005924507029905195
372,0.013146779925361151,0.7081905725436597,0.2575455289903264,0.01860334847940707,0.002513770061245682
373,0.02078015870268604,0.7614982896999027,0.17470869016843504,0.03959200814224333,0.0034208532867328134
374,0.011843069539657653,0.8339381530918755,0.13156607162026213,0.02026973431847734,0.0023829714297272354
375,0.02105444962664559,0.7455826739083335,0.20752848655189166,0.023063862664360623,0.002770527248768499
376,0.01083768449878371,0.7673913259281862,0.20896599254480458,0.010419346612151768,0.0023856504160736608
