epoch,N1,N2,N3,R,W
0,0.0041681022265534174,6.420513043430108e-05,1.857015757549855e-09,5.715648549441768e-05,0.9957105343005022
1,0.004338646114123664,0.00016731976097981063,2.633281377111402e-06,0.00010189129569502565,0.9953895095478245
2,0.017520932207474815,0.00030245428184052565,7.574823491662043e-07,0.0003333826576452601,0.9818424733706903
3,0.020976979225634088,0.0007610247271151787,3.3331154973784955e-06,0.00042568543895498475,0.9778329774927985
4,0.12220545277223,0.001801016696911202,2.0959878165299417e-06,0.0008906075102021817,0.87510082703284
5,0.21875938897237493,0.0009766733734766398,2.2691854214904204e-06,0.0031968444658666477,0.7770648240028603
6,0.24753867868429327,0.003111093858190936,4.579981470101401e-06,0.0075110523290678795,0.7418345951469778
7,0.1850116054671559,0.001070438309170637,4.910574146001439e-06,0.01437296126658202,0.7995400843829455
8,0.24799562805317607,0.008644617480020692,7.311382271097057e-06,0.03957239526675978,0.7037800478177725
9,0.034548223404461606,0.0013632986252449816,2.501571516125755e-05,0.0006841597776914732,0.9633793024774406
10,0.18910037896285012,0.0013376136374481952,6.155439808599489e-06,0.00915612064267946,0.8003997313172136
11,0.3112873532840666,0.002342573489806361,1.0611186518279866e-05,0.021035873740046007,0.6653235882995626
12,0.3305331720018555,0.0010743846084041463,5.30209419906346e-06,0.009313105151906337,0.6590740361436349
13,0.15153327038661024,0.0018946770176357054,2.899344065185159e-06,0.02681819541474454,0.8197509578369443
14,0.11444737813055846,0.0013089606062104161,3.566929298866838e-06,0.020075848224532778,0.8641642461093996
15,0.04892566244063539,0.0009798711145317697,4.7086386625420595e-06,0.006594182018047143,0.9434955757881233
16,0.01853418712409389,0.0002483514788055627,6.828076654947986e-06,0.0023578345899665505,0.978852798730479
17,0.039398503237193426,0.0010645846099602352,4.117584545849951e-05,0.011945235951197626,0.9475505003561903
18,0.05838492407883626,0.0006814187582648845,2.809797111789245e-05,0.0195477440574996,0.9213578151342815
19,0.030784240877227247,0.0005784986391544462,2.679294406945026e-05,0.011039315737559957,0.9575711518019889
20,0.028760704557464194,0.0003072449111038112,5.786219527395495e-06,0.004250587328948405,0.9666756769829563
21,0.01614123666535151,0.00035006532220483344,2.45469405559939e-05,0.00359091741196219,0.9798932336599254
22,0.01826590988123603,0.0003444402112104581,1.1536404554030679e-05,0.009772874114909715,0.9716052393880897
23,0.0686927468452443,0.0023894171891273414,2.583930880509407e-05,0.02803012430836069,0.9008618723484625
24,0.06942871612292696,0.004324617348311846,0.00020439900574108265,0.024786531021906123,0.9012557365011139
25,0.09628609245814086,0.004482425405238445,3.60203964261565e-05,0.013058234743264917,0.8861372269969297
26,0.08133286264991473,0.004086339797187074,2.3558237466879948e-05,0.005104913026844607,0.9094523262885867
27,0.024611614606875994,0.008492023812942824,5.229422103425315e-05,0.0037020978012050672,0.963141969557942
28,0.04854060383499414,0.00332488124027334,3.127653319802251e-05,0.0025247117364211136,0.9455785266551134
29,0.32845595041831727,0.007894801742970732,4.800270305322701e-05,0.026966002247200405,0.6366352428884583
30,0.1734727592630238,0.01416294856177765,1.8067732526887423e-05,0.010095489733951,0.8022507347087205
31,0.06611835403370966,0.0028586423566280624,2.46209109077966e-05,0.006247428965187437,0.924750953733567
32,0.06667798610971978,0.0009141917820483807,4.036733602495184e-06,0.000933002921152418,0.931470782453477
33,0.08812720359177031,0.0006020598010445474,1.9445812943366754e-06,0.0006874874909865536,0.9105813045349043
34,0.3639353061136924,0.001140144113616147,4.722295385901149e-06,0.0008734697052452239,0.6340463577720602
35,0.21341902784927436,0.001878172219374965,6.830286614467669e-05,0.0002796653727468028,0.7843548316924592
36,0.0651297721489764,0.0007345630267686075,1.4288066208577777e-05,0.0002471459898976077,0.9338742307681487
37,0.006673457010440683,0.0004319639992399351,3.020113561803091e-05,0.00012488176217250813,0.9927394960925288
38,4.6676924588609666e-05,1.6082687559579678e-05,3.5116626481630326e-05,6.885807431877753e-07,0.9999014351806269
39,0.0013683423066475622,0.0002265132880162129,6.113169449894233e-05,1.605079690136267e-05,0.998327961913936
40,0.07820073648901314,0.00036478035420323926,3.1054833053697664e-06,0.0001749220198711173,0.9212564556536073
41,0.09099289145969341,0.0011163664142865347,3.6104499954109033e-06,0.0004075128810503185,0.9074796187949743
42,0.13086939980323573,0.0014438968527573576,2.298801397973708e-05,0.0007025424665210624,0.8669611728635062
43,0.11981885987886932,0.0005303378339616501,5.444130875579042e-06,0.00024693461939871215,0.8793984235368947
44,0.18736630499843288,0.001005955243618415,1.681068356062786e-05,0.0023103950528357204,0.8093005340215523
45,0.23408107865389713,0.0032124528181936432,1.1250028590323642e-05,0.014939812728775662,0.7477554057705433
46,0.11845189863856784,0.0019074474396154073,7.070041201891879e-06,0.00852432158208276,0.871109262298532
47,0.005287260781031903,0.0007265062549537566,1.944211217032927e-06,0.0028533522314602997,0.9911309365213369
48,0.008607054064486553,0.0010418913686898023,1.925678508163874e-05,0.0035142056691454472,0.9868175921125967
49,0.009111130286723454,0.0011851661662258838,1.7851734958582375e-05,0.011112019702535265,0.9785738321095567
50,0.034456896494758985,0.0012592192643536065,9.687495901650854e-06,0.0059276077406003784,0.9583465890043854
51,0.19083111349217222,0.003908073165192789,2.4266797303720107e-05,0.0056902462004516235,0.7995463003448797
52,0.05086433716957056,0.007273121728472254,0.0002031128220941654,0.0009570820238727526,0.9407023462559904
53,0.5127137724993979,0.007064685379576416,2.622005526383601e-05,0.005146318380962518,0.47504900368479935
54,0.040547882224661914,0.009807852784605125,5.235842563707532e-05,0.0015819021972019712,0.9480100043678938
55,0.21993632238469407,0.010428939839319282,4.514168238279929e-05,0.016439163261705775,0.753150432831898
56,0.4731568865986279,0.014193322240227166,5.9477733439411086e-05,0.03974717236534105,0.4728431410623644
57,0.09569695962519878,0.017466960089836392,0.00016251851408874006,0.04669504369793015,0.839978518072946
58,0.16047415316369856,0.013168252222172645,0.0001415309088001648,0.050586432438775676,0.7756296312665529
59,0.19175157266945209,0.011663458623578796,7.77499892729265e-05,0.06968055225395792,0.7268266664637383
60,0.20766627316454567,0.003918158578623166,1.828522137676102e-05,0.014376678815368343,0.7740206042200861
61,0.2968757327991134,0.008165813464711744,4.337700368452828e-05,0.03560881915590091,0.6593062575765896
62,0.16040984156477647,0.01429479687133034,1.6047913772166827e-05,0.01126629402651469,0.8140130196236063
63,0.09927439356488162,0.004572666214722909,2.320658659276831e-05,0.00277422542542124,0.8933555082083814
64,0.027460984074252334,0.005953487412773234,0.00011602775994635237,0.0035032765220227376,0.9629662242310054
65,0.054439056850311564,0.003326429685073606,1.4269487249148005e-05,0.0029652774804600902,0.9392549664969055
66,0.031122576689218324,0.0015048328821711148,2.3628749606659803e-05,0.0028781637120752542,0.9644707979669286
67,0.1026547927763212,0.003241668256521527,2.1206605764233754e-05,0.012721809804124495,0.8813605225572686
68,0.15115480815325336,0.01238504438314116,6.955570389764579e-05,0.024425138235769483,0.8119654535239383
69,0.26518040708567064,0.021947793974976572,3.4616957258778255e-05,0.11163876936198502,0.601198412620109
70,0.2586134678843176,0.08028969265798125,0.0002375147698689143,0.1459385274258055,0.5149207972620268
71,0.337217941030816,0.02546600819604778,0.00012132042734417838,0.020847436481135313,0.6163472938646567
72,0.5261148249273778,0.10957667770890338,8.34151388852678e-05,0.06455374627833052,0.2996713359465031
73,0.7289303080502172,0.07228140786774552,0.0005447457076347597,0.023642720496093197,0.17460081787830944
74,0.6947521562691356,0.10261140814395393,0.0003813381372562495,0.11560975363747811,0.08664534381217615
75,0.401389905594801,0.4042320294484742,0.0006118027771445578,0.16242467348563838,0.03134158869394188
76,0.1652662849062579,0.8047455303138069,0.0030738998358806383,0.018206421308685092,0.00870786363536955
77,0.04151213558021476,0.9242497301560996,0.001132963379496372,0.029612858628281957,0.003492312255907551
78,0.005342098978057657,0.9882311205939063,0.0008158878681614476,0.0023729347480779513,0.0032379578117967935
79,0.03690364347240215,0.9313260318359445,0.0014496205913395643,0.005308986565359163,0.025011717534954597
80,0.005370067102410222,0.9604636641945438,0.03185018096575558,0.0007975997211149211,0.0015184880161753802
81,0.002244923531000571,0.9028633455084395,0.09261274220229192,0.00018514076682712722,0.002093847991440958
82,0.00387898960096878,0.9208678128669094,0.06919284937389915,0.00038071315258599524,0.005679635005636607
83,0.0026780194087496507,0.7785981943247521,0.209679413056314,0.0008049685358200364,0.008239404674364036
84,0.0009376444179235011,0.5176099225071805,0.4786732380986105,0.00033826903727312267,0.0024409259390121793
85,0.000905705414571022,0.7295981288007433,0.26625864474785127,0.0002011125866733058,0.0030364084501612837
86,0.00435746099215537,0.9119670105409958,0.07622009746924228,0.00018274998695309028,0.007272681010653482
87,0.014125978622870348,0.918688068231965,0.018972072335638114,0.0007402775590548517,0.047473603250471515
88,0.0008371232703215253,0.5593993931406214,0.4382032988296144,6.488115864046546e-05,0.0014953036008023212
89,0.001762942041657307,0.7325348714896434,0.2636803184526869,9.072840251343013e-05,0.0019311396134989466
90,0.0002461501466630015,0.1261873651570098,0.8733097534453487,9.639812715282671e-06,0.00024709143826322303
91,0.00041810002023050653,0.4047137656040768,0.5937562476554658,3.7588749556610966e-05,0.0010742979706703946
92,0.00034134497094663065,0.37309630738536775,0.6259411228103092,2.4643853544487074e-05,0.0005965809798318087
93,0.00029732931201668943,0.28144714196250337,0.7173900310769296,8.165724172679965e-05,0.000783840406823731
94,0.00028612155301228356,0.15397838859021348,0.8453948480481331,3.8452474832716864e-05,0.00030218933380836345
95,0.0005382945211204474,0.29079160306385043,0.7080850760991775,7.485912305240717e-05,0.0005101671927992523
96,0.0004516707977583202,0.37914377614923916,0.6199725409885387,3.6980634207623574e-05,0.0003950314302561792
97,0.0002754322954430263,0.13369250873299665,0.8656978630984682,3.138211913954368e-05,0.0003028137539526808
98,0.0005683876207489168,0.35994416116847855,0.6389324898214276,3.318858289132912e-05,0.0005217728064536071
99,0.00046151119907039646,0.18759271391197796,0.8116125886461255,1.4748921958342925e-05,0.000318437320868023
100,0.0006577042244086071,0.22691328458401677,0.7718121019051288,2.3537398949242882e-05,0.000593371887496571
101,0.0009173018683440748,0.417775852340828,0.5805687347780193,3.3890549488976675e-05,0.0007042204633197528
102,0.0005681859850543205,0.10137769521003179,0.897771385219385,3.435098379836901e-05,0.00024838260173033847
103,0.00048684895452290073,0.22427324121390627,0.7747455178989255,6.185665937767822e-05,0.0004325352732675544
104,0.0001215335107379918,0.05353768390482112,0.9461686564787096,2.616281873769877e-05,0.00014596328699338675
105,0.0013695786194254874,0.323689920951149,0.67373344768092,0.00011079242029654126,0.0010962603282090994
106,0.0007684347677551353,0.12827407294973533,0.8704083668204532,4.204752701576712e-05,0.0005070779350405095
107,0.0008231947911855334,0.20119613100067116,0.7971456469464698,3.517991329705533e-05,0.0007998473483764054
108,0.0004632223551910281,0.0675643440418733,0.9316024807327987,2.8665173548724637e-05,0.00034128769658830707
109,0.0013974544314185927,0.07643776524689261,0.9211899616949449,3.95386692526815e-05,0.0009352799574912525
110,0.0011607400694555736,0.35615331138133594,0.6411410322892516,9.560555392398808e-05,0.0014493107060329158
111,0.00195530496449787,0.3629073750418549,0.6333890630102038,0.00011567588106359534,0.0016325811023799193
112,0.0005764607474927515,0.19819667373829325,0.8006930398237767,5.112927400932889e-05,0.0004826964164278991
113,0.0008118980190160113,0.2086331507088305,0.7899385761203999,7.523264134868911e-05,0.0005411425104048431
114,0.051682983455662065,0.8099135646210408,0.09532853200129386,0.00027632626511529785,0.04279859365688795
115,0.02655089355790067,0.7906362440027607,0.17710850916327026,0.0003570319600203062,0.005347321316048126
116,0.002887873245034548,0.34063992614170924,0.6543786679523309,4.4802430179121514e-05,0.0020487302307462094
117,0.004508549859325708,0.5874042380981037,0.4060339450658125,7.451676694607637e-05,0.0019787502098120966
118,0.0003538163208186573,0.14118467063077245,0.8581629597596697,1.4321267743315116e-05,0.000284232020995771
119,0.00011783543754344673,0.12298317980266574,0.876532229420803,1.1242726784695833e-05,0.0003555126122032019
120,0.0003454834332153975,0.1037101900315826,0.8954963327886069,1.3407722524944404e-05,0.0004345860240702824
121,0.00019111305274612878,0.03728731918768959,0.9622352914052891,8.962260235642836e-06,0.0002773140940395295
122,0.0004835788570561337,0.10823301448175492,0.8908653045716212,1.1045176200740695e-05,0.0004070569133668955
123,0.0004063825701615552,0.04402002567154576,0.955149668620032,8.894568469942387e-06,0.000415028569790674
124,0.00068046461283139,0.04016747298344362,0.9584055195115317,1.963055781097405e-05,0.0007269123343823708
125,0.00036356743725034056,0.08813885848944791,0.9107659227172823,1.0140580894858146e-05,0.0007215107751245576
126,0.0017116498426453107,0.0886332985394606,0.9081997921989725,3.213741513438676e-05,0.0014231220037871643
127,0.0013649078866078196,0.07823417815148954,0.9192991870666387,2.4531881141735246e-05,0.001077195014122124
128,0.000922661440367479,0.08779274302466289,0.9107703213287737,1.2728223621861702e-05,0.000501545982574318
129,0.0009673463533319108,0.07765434969460928,0.9210319400625632,9.471985807638194e-06,0.0003368919036879619
130,0.0009039372905983114,0.10928765549976262,0.8892871466804749,3.31141724223462e-05,0.00048814635674189336
131,0.0016053385704048306,0.3393666027709273,0.6572390182449455,0.00010332526244590922,0.001685715151276468
132,0.0002649736835172421,0.03255503322613316,0.9668345780206613,1.025120155824278e-05,0.0003351638681300689
133,0.0005468988635843816,0.09820880071189704,0.9006108321832166,1.3285444404552392e-05,0.0006201827968973455
134,0.00012165204221788329,0.035752283477584676,0.9638841415860614,9.357792074738898e-06,0.0002325651020613391
135,0.00011113970404083633,0.04176960925478541,0.9576113105201908,9.523707041444381e-06,0.0004984168139415513
136,0.00015215773228049193,0.0772183474497053,0.9220351717508282,8.099626273062447e-06,0.0005862234409128452
137,0.0002957015627639249,0.07048609016198452,0.9280275733134645,7.255598894840716e-06,0.0011833793628921055
138,0.00014786738086362835,0.049781303029981946,0.9495929340662858,4.648053371930297e-06,0.0004732474694967302
139,0.00023844699982705404,0.04131015166583999,0.957100203233934,6.46743701562832e-06,0.0013447306633834271
140,5.1989112241824796e-05,0.014566757877231053,0.9850064784535594,2.493978258071111e-06,0.00037228057870971926
141,0.0002996058682203355,0.030337789088748058,0.9682531095108126,1.0876019309086811e-05,0.0010986195129100138
142,0.0001627805354451849,0.043025248219581654,0.9558900246834956,1.3649464661363603e-05,0.0009082970968162063
143,0.00024702259803357666,0.04518671908157656,0.953788236438249,1.0284500225330831e-05,0.0007677373819158633
144,0.0008201465697403928,0.09085255768133384,0.907167109595868,5.8213075856987195e-05,0.0011019730772007397
145,0.0017628013373140164,0.09600654199770854,0.8988970133351478,0.00012234721282043643,0.003211296117009091
146,0.0006943051960360078,0.053724202204379026,0.9440966111014439,0.00025024026292543386,0.001234641235215572
147,0.09729237085468595,0.2266172934270983,0.0717359048356011,0.004773036288585565,0.5995813945940291
148,0.0699001466783219,0.5111278528891182,0.38530646566317245,0.012483189724856696,0.021182345044530787
149,0.37205786876730357,0.3726482166980454,0.002160681588674971,0.010604831807701281,0.24252840113827467
150,0.15363979854922052,0.11781350306969623,0.0063592144266674255,0.0010118712508759376,0.7211756127035398
151,0.2513004169214859,0.08136693688442302,0.009319986569205506,0.0008053770937647732,0.6572072825311209
152,0.6324184873359907,0.3101544836847087,0.005483947595429244,0.00357007056477484,0.04837301081909647
153,0.39795539273014663,0.559254427211776,0.013592148340998667,0.0039533715281487485,0.025244660188930047
154,0.30595276986456393,0.5617990375650644,0.0289168945619703,0.04360884397542396,0.05972245403297734
155,0.057697545469566965,0.8271189134480246,0.03741526074462294,0.07046626759583868,0.0073020127419468304
156,0.027976415566863543,0.8352586143250051,0.016238141233291117,0.116005018654048,0.004521810220792158
157,0.05949410091290547,0.6698221100553385,0.12642162508852212,0.12688480129233923,0.017377362650894797
158,0.016357676197605007,0.9129105504487216,0.02643435045846189,0.041850104618928116,0.0024473182762835286
159,0.043369420891301816,0.08391299252702158,0.009629349952960062,0.008289575161593588,0.8547986614671229
160,0.16187864061294258,0.12713544360331985,0.011192360615653535,0.010990806675296024,0.688802748492788
161,0.5781105816620284,0.24848918507360307,0.0005005853153596222,0.0034484657332432027,0.16945118221576572
162,0.6495574224095277,0.3151687337946077,0.0006752399697825091,0.006091273008286137,0.028507330817795988
163,0.6537003557422167,0.28933685839494105,0.006942304108227606,0.00336607595585312,0.04665440579876142
164,0.3866913260354617,0.4682296384812703,0.007415501452571831,0.10788824284441441,0.02977529118628178
165,0.03085734031617191,0.851531477192306,0.01576693989942194,0.09567766170368637,0.006166580888413598
166,0.06901695417466289,0.785528647706289,0.0039366674886532815,0.13461476917830378,0.006902961452090856
167,0.02827673614361166,0.9263531786042272,0.021419887562648364,0.022529308146028715,0.0014208895434843802
168,0.034240307886747263,0.8047588940555441,0.009316613143653566,0.14693779455166284,0.004746390362392089
169,0.04635248122744523,0.8582824415862084,0.005364908654657475,0.08676222804368659,0.003237940488002562
170,0.02191133197344814,0.8613628979052815,0.04906976865536015,0.06361826835902044,0.004037733106889881
171,0.02712937262297011,0.8641286657370587,0.06645711919538304,0.03962910982068625,0.0026557326239019232
172,0.030226145919200517,0.8974199605583632,0.01668348599219051,0.053620163732488874,0.002050243797757185
173,0.14082456827938697,0.7231709388903407,0.025961441579638075,0.04309164261932784,0.06695140863130652
174,0.09086104953750454,0.8434643313011447,0.0040738241407100835,0.055847898596701466,0.005752896423939176
175,0.17633652522351553,0.7883247138042704,0.00395304052206469,0.02604195857511241,0.005343761875036979
176,0.05766417324321975,0.8990848042064133,0.015387578480571026,0.013463333873289303,0.014400110196506555
177,0.10426839483824789,0.7913230812901806,0.012779562906103898,0.015963471375974952,0.07566548958949257
178,0.024618664084299274,0.9423090892328004,0.005287630971676007,0.02030580998363174,0.0074788057275926466
179,0.03454238720561818,0.9141015955001921,0.004279053101705881,0.03885030296787915,0.008226661224604869
180,0.1318182599726446,0.3061812166875349,0.010479153160507512,0.008226365649617422,0.5432950045296956
181,0.02932610359066829,0.04894836101820751,0.001069423165752155,0.0032241636225915603,0.9174319486027805
182,0.07498128473374346,0.029368521196557324,0.0006282012669414166,0.01570015313128927,0.8793218396714685
183,0.1681341427491595,0.14856883315585576,0.001012368455261628,0.08030972988893428,0.6019749257507888
184,0.1019152888246084,0.02950394929278445,0.001402932849193169,0.050520577795209166,0.8166572512382049
185,0.005764075631184483,0.005642607685752107,0.0031482949629363863,0.003036046055872262,0.9824089756642547
186,0.0022083170383066656,0.006241661654724377,0.0004760019591565226,0.0004429836288292351,0.9906310357189833
187,0.038535759488832304,0.0038299808093979234,9.316731637286932e-05,0.0020022817969097273,0.9555388105884871
188,0.12232078941902809,0.009147559330078712,0.00027277717391018365,0.0029011650021008046,0.8653577090748822
189,0.6650573892183693,0.019508531376446394,0.00022304428042877483,0.0037060780230957747,0.3115049571016597
190,0.8840011984733399,0.04874303054370388,0.0005941891328454898,0.0078828996282765,0.058778682221834286
191,0.6520948136545638,0.2428001068884064,0.001951332955741451,0.08308212927580473,0.020071617225483583
192,0.053249681814581576,0.7132545955233316,0.001867225932378519,0.2281611610385455,0.003467335691162763
193,0.009409470764837193,0.9510079435811809,0.0016969341924555409,0.03688270959242615,0.0010029418691000287
194,0.01818049378062205,0.9195293044133074,0.011035334968471568,0.049626544906999755,0.0016283219305993325
195,0.0063641837299880915,0.9806315236097499,0.004008371415692245,0.008153321336399639,0.0008425999081702354
196,0.0018903464302089995,0.9825739574375321,0.01319484759681825,0.0012559821934115054,0.0010848663420291108
197,0.0036594567429039005,0.9913547490869619,0.0022087957099910134,0.0016137027366830278,0.0011632957234600917
198,0.004352746842789044,0.986521458385953,0.007233410332179305,0.0007189609061851248,0.0011734235328935462
199,0.0069688688346445276,0.9316017581544539,0.0600210200435718,0.0005376091755964781,0.0008707437917334711
200,0.011874586196270468,0.9068567116149815,0.0789991151985337,0.0007728876736926587,0.001496699316521671
201,0.004571896631915756,0.6961176000392709,0.29649481038845016,0.0018113419342299384,0.001004351006133198
202,0.004609183430648242,0.6912738553669587,0.29753727270257474,0.004047383850478224,0.002532304649340271
203,0.06013081977714068,0.6794247077099772,0.23140414498634293,0.016510108324160694,0.012530219202378524
204,0.011534924336398808,0.8765537772889364,0.08774793014546639,0.019413259969231822,0.004750108259966617
205,0.010968733854137946,0.7755321350352374,0.19783310959914116,0.011115029226540646,0.004550992284942828
206,0.16398962787455185,0.6657747142797973,0.002968357989532869,0.014292659708238618,0.1529746401478795
207,0.19668652879508172,0.561491181150595,0.0026014679259179765,0.0035444439949701583,0.23567637813343506
208,0.3432173029506311,0.6144386797853472,0.0003815102686015982,0.0022759925569427225,0.03968651443847739
209,0.15976085303111962,0.8272645475362355,0.007746566913481021,0.0008687388671830839,0.004359293651980629
210,0.03590069205231788,0.9504349873596205,0.011360920024723031,0.0011828625623695479,0.00112053800096888
211,0.024751379286225946,0.9674765751320586,0.005046324065239844,0.001514111876302809,0.0012116096401728915
212,0.0071730259479786534,0.973783488500662,0.013928973905641578,0.00372562672406286,0.0013888849216551716
213,0.005044699474018361,0.9616173135101612,0.02896962781824652,0.002536309691214346,0.0018320495063594519
214,0.04217078613369457,0.9156125938735484,0.009904356405953304,0.01842194372436733,0.01389031986243638
215,0.015218666410006155,0.9304561668330574,0.021747419646133907,0.013786523007261147,0.018791224103541573
216,0.012765525417881536,0.05153647553666209,0.006914250271191493,0.009140451130204489,0.9196432976440605
217,0.03276629042165467,0.015037146530929567,0.0007425570859370715,0.00856399277686759,0.9428900131846111
218,0.04291862329553011,0.039986906949969134,0.003888027905310259,0.007655260359360234,0.9055511814898303
219,0.026761739579795326,0.006941337860230548,0.0008585921831942483,0.0031205832205612022,0.9623177471562187
220,0.17124320348139127,0.021780283881338004,0.0004232200890672065,0.010946278462374207,0.7956070140858292
221,0.029750849533530473,0.009819473071850784,0.002759695123459371,0.008666319876336473,0.9490036623948228
222,0.5574019578133536,0.0188391368159053,0.0001765913467132043,0.011885928587035527,0.41169638543699244
223,0.11864136521005494,0.01605873077387065,0.0007004295050896877,0.09017578348572725,0.7744236910252573
224,0.02665821023841092,0.019617565680729546,0.0012938990390503327,0.0029220806874667685,0.9495082443543424
225,0.013949305895322762,0.0155648678939931,0.0008370846431552685,0.0038383050040795806,0.9658104365634493
226,0.012535878780590311,0.0050960113602365785,0.0007979068695988992,0.0031915241382091293,0.9783786788513651
227,0.019634117995744042,0.011334905365254591,0.0013652661613227587,0.004167167345700734,0.9634985431319779
228,0.013392740420573705,0.002562251662821889,5.095199596443507e-05,0.0012047629706455321,0.9827892929499944
229,0.022869099257762798,0.002900726680939774,6.939487872293566e-05,0.0019346708218042471,0.9722261083607702
230,0.06247111385538874,0.003258035464615641,0.000259237080274063,0.00832347510352869,0.9256881384961928
231,0.058516731690392516,0.001997296132618699,3.2360960313576464e-05,0.002022196811236191,0.937431414405439
232,0.22670431988442472,0.0046081485053067256,3.6946135153992674e-05,0.0075988432079561845,0.7610517422671583
233,0.021679043438511177,0.0033280142748195753,0.0006068166418610118,0.0028060643993652033,0.9715800612454432
234,0.011467420097667005,0.0015662527323636736,7.147091724544933e-05,0.0008562748471162852,0.9860385814056077
235,0.15323979716783886,0.004205814587933488,4.3867185900543276e-05,0.0034375424926972,0.8390729785656299
236,0.0455488289507023,0.002306834751403976,4.899850046393346e-05,0.0017808623390152597,0.9503144754584145
237,0.09997428261264125,0.0017665092527848856,6.294563390359238e-06,0.003955600681006415,0.894297312890177
238,0.08809030756454495,0.0031805617479101858,0.00011688844352594145,0.0055083006375573635,0.9031039416064616
239,0.16118681771984028,0.004096922828841714,2.2963279270859934e-05,0.008129498452144444,0.8265637977199027
240,0.36046054495120616,0.005462519047440303,6.957193252135851e-05,0.08919133102382798,0.5448160330450043
241,0.17041547891693967,0.006771644438130057,0.00011268339239868003,0.03835104687839193,0.7843491463741398
242,0.19238863211904667,0.0035135993148560796,6.171394958017271e-05,0.08689598882245961,0.7171400657940575
243,0.31241077508113685,0.008249999725578978,0.00013707974404987528,0.5739479778981841,0.10525416755105016
244,0.11467681017424725,0.004391527867615776,9.358823146469729e-05,0.8008115613300865,0.08002651239658587
245,0.024957691629675215,0.0012625930982504625,1.355260919954603e-05,0.9510641960761527,0.022701966586722227
246,0.020408670848755393,0.0012212778301410813,6.4260014510943606e-06,0.960802824470732,0.01756080084892036
247,0.01350670276970162,0.0012773506068949913,6.182992101412316e-06,0.9414864600613285,0.04372330356997341
248,0.1044332155694139,0.0037261041467077627,1.0833996779516335e-05,0.800800647886521,0.09102919840057788
249,0.037546768158646014,0.0036896084136370513,8.981720463987226e-06,0.8650465695452477,0.0937080721620051
250,0.09974261779251266,0.006767160300060711,5.6497920808570954e-06,0.718353663297749,0.17513090881759677
251,0.11572547602474267,0.005577800807191209,4.8128288691763824e-05,0.5270343757829297,0.35161421909644464
252,0.06530903193261409,0.0022982394806322893,0.00015345653052405923,0.23356619952794613,0.6986730725282835
253,0.3025989206195202,0.006560358928214821,9.632248865806745e-05,0.41769303946992725,0.2730513584936797
254,0.16053208399115182,0.007621330018082531,0.0001588865057834071,0.5410614959559367,0.29062620352904556
255,0.03896366647944218,0.013053356198049721,0.0002427767286192685,0.27249081426142174,0.675249386332467
256,0.19805034006427194,0.01824556027407174,0.00014503131482825955,0.19600550177747353,0.5875535665693545
257,0.2524264659724555,0.010125216789744243,0.00013444154426932816,0.4244599049931274,0.31285397070040355
258,0.22277134810427024,0.010723931558990594,0.00012097177859635426,0.5174869995218696,0.24889674903627315
259,0.1971789479647646,0.017604007293226562,0.0001381576330976091,0.4830719556262148,0.30200693148269636
260,0.08129030732680119,0.013716475764806477,0.00010413418650570711,0.3306171633539305,0.5742719193679562
261,0.267401025297536,0.010735948783087307,4.903008975574538e-05,0.4076249214699368,0.31418907435968413
262,0.1531211364127965,0.014375302287853107,0.00018790970782967055,0.22432704979519547,0.6079886017963252
263,0.23420489442800987,0.014120328305088367,0.00010471237848594682,0.5083729066483127,0.24319715824010313
264,0.1864704010218748,0.005616850476527477,0.00011468141067545018,0.46001242942138004,0.34778563766954224
265,0.10705448308190539,0.007352116660517136,6.991913574088376e-05,0.7194460920016762,0.1660773891201604
266,0.07247189356621041,0.006304850487801275,8.374817037772243e-05,0.7558533537305007,0.16528615404510993
267,0.1357871160698886,0.005657233197320205,5.4583762228892006e-05,0.7691583340055343,0.08934273296502793
268,0.10826507724949762,0.006196513478508278,4.334602128939564e-05,0.5339940892193257,0.3515009740313791
269,0.1337138897261919,0.004112276504053227,6.607526921372042e-05,0.6717615493647027,0.1903462091358385
270,0.14890732447975774,0.006370729321721006,0.00030796892583309757,0.283220917307364,0.5611930599653241
271,0.2528806058856122,0.007361995938975552,0.0002317215782577568,0.40471070259874736,0.33481497399840715
272,0.18372312576767616,0.007474844965080775,0.0003033169639572668,0.6708587772156268,0.13763993508765893
273,0.17078212813252186,0.01293978381723706,0.00024678756564572166,0.6382093827633998,0.17782191772119554
274,0.14619841905396433,0.011512669204212943,0.0009915684203620847,0.45371034372052715,0.38758699960093346
275,0.02980188365087273,0.003494780115121838,0.0001197938481577447,0.9528011933505435,0.01378234903530425
276,0.025700628740020232,0.0022820184651891327,0.00013250446451601978,0.9677534761751299,0.004131372155144711
277,0.0076095312699866165,0.0016819515454648698,3.9163727527296895e-05,0.9860725746262547,0.004596778830766551
278,0.038291085515835065,0.013548545343245687,0.00017311008830841605,0.9295677339084945,0.018419525144116364
279,0.16860690608403256,0.022972491760056116,4.3904777989558937e-05,0.7905774739140649,0.017799223463856838
280,0.09070638751174838,0.016234701178334157,0.0002109796746286998,0.8772888073279687,0.015559124307320192
281,0.0496259934563186,0.020157510490657306,8.374568689109636e-05,0.9208394961064489,0.009293254259684143
282,0.10060031522352415,0.052720316464728016,0.0036397817124190785,0.8058896243981878,0.03714996220114101
283,0.11260527354612586,0.06267765040425376,0.0011538280110932153,0.8039702042693244,0.01959304376920262
284,0.07895015026198328,0.21568516596157486,0.0011933272282996427,0.6946658059279609,0.009505550620181213
285,0.14579049119668136,0.6941770999027481,0.03585030921859757,0.07831322402248547,0.04586887565948738
286,0.19079804576465678,0.18144210434593086,0.0025343202409111648,0.6024096684990827,0.02281586114941843
287,0.029881499514829647,0.8880392038245782,0.006537572203753563,0.07065556791287295,0.004886156543965797
288,0.4310366724238054,0.4976446325948829,0.0016239502921093403,0.04541538508138316,0.024279359607819136
289,0.23756748505261047,0.6988236053546965,0.013812944258243016,0.021239112837306732,0.028556852497143324
290,0.10166473702125263,0.8546414891243266,0.03592855705864276,0.0027833702933831063,0.004981846502394902
291,0.11299953151502791,0.8436474540879259,0.026614177600880785,0.009272311743307926,0.007466525052857403
292,0.015330194483682308,0.8788124214943368,0.09173330195832982,0.009482076744289036,0.004642005319361857
293,0.01923575582810263,0.946898599938895,0.02305459627352662,0.008930658011045688,0.001880389948429962
294,0.006636737837132375,0.9146728702514958,0.0737381562585387,0.00236313986166892,0.0025890957911642786
295,0.0026383186124569113,0.7507303781902631,0.2423083616546103,0.0023682728035862573,0.001954668739083309
296,0.01353544205095968,0.8390928015880066,0.14042807053133177,0.0036423132014170192,0.003301372628284974
297,0.00889357423419312,0.9303380661224703,0.05236413480905345,0.005850192081510181,0.0025540327527730023
298,0.01572017102718207,0.8909580370281804,0.06811435444455485,0.02143183682685991,0.003775600673222758
299,0.00541417088112358,0.8864059802970604,0.09813927605772794,0.007156446287531614,0.0028841264765564773
300,0.0024378225808741123,0.9249955463915498,0.06105988862287213,0.00943955805870366,0.002067184346000456
301,0.021346276534197246,0.9199965788968003,0.019534534112599297,0.002422131933755566,0.03670047852264771
302,0.06392824613668231,0.08634665134664285,0.009906736327687652,0.002803063339226836,0.8370153028497603
303,0.2091316345042834,0.7703495195915337,0.007914346964173596,0.0018912589593660348,0.010713239980643274
304,0.40009862473051055,0.5683701959102151,0.005314474144783295,0.0012662984497924985,0.024950406764698608
305,0.2066128464869171,0.7807687389669141,0.005039290791239925,0.0007806012191795605,0.00679852253574946
306,0.042756044914788585,0.8978325457451124,0.04687021627579356,0.009143827084306987,0.0033973659799983362
307,0.040271753485552536,0.8267272203497433,0.11733526391481662,0.008321668859700641,0.007344093390186867
308,0.009137929439281453,0.8924665774242619,0.09342831215734598,0.003908662928887103,0.001058518050223478
309,0.0038773153725908996,0.96686913726441,0.02764922440152603,0.0009035281856838397,0.0007007947757893278
310,0.004980870638244571,0.9503103415998705,0.04231645957319627,0.001942716735592153,0.00044961145309650806
311,0.00365156140247496,0.9860991999682445,0.008526581324264164,0.0008043207075584513,0.0009183365974581765
312,0.006262022076718721,0.9735578043894062,0.01792864103771111,0.0013213120870698926,0.0009302204090940384
313,0.0023583555968379115,0.9664501798940223,0.030335144292198638,0.0004357570294531889,0.00042056318748799566
314,0.0034510928019850545,0.9528222332675189,0.042224134510220626,0.000928017559863891,0.0005745218604112004
315,0.004186280011125121,0.9376186390631089,0.056231325489061186,0.0013375587379612273,0.0006261966987433631
316,0.003006184999409379,0.8830109111927482,0.11164302717941824,0.0017735074199801508,0.0005663692084440517
317,0.0018045201164869286,0.8091614422462029,0.18709315241777286,0.0013503292530738383,0.0005905559664634662
318,0.0030720711850184055,0.8372676094816617,0.15265515626027462,0.006337238056640105,0.0006679250164051987
319,0.002661491965347139,0.7539444747753987,0.2339981626170799,0.008523842422553886,0.0008720282196203604
320,0.001761840889692668,0.9360779156720175,0.05836168527831495,0.0031101459737362543,0.0006884121862387765
321,0.0013943938262510295,0.9170746271551262,0.07926435616890509,0.0012867976845847002,0.0009798251651329365
322,0.0038293176069837983,0.9844463123527785,0.008225159255918185,0.0016349523343452926,0.0018642584499743587
323,0.004856781346228401,0.949671553080337,0.04245245521341836,0.0012313197951539928,0.0017878905648621927
324,0.002049102360297713,0.9571260663180448,0.03929515457420786,0.0006254857309500373,0.0009041910164998012
325,0.005098694225826026,0.9607923062999844,0.03148546152252198,0.0010926048211983529,0.0015309331304692287
326,0.0019891404675724173,0.9166315533738901,0.08004956239820755,0.0008651073253690006,0.0004646364349609234
327,0.0022765409370508432,0.8839621129666049,0.11167727579292684,0.0016542945213955857,0.0004297757820220058
328,0.0035911626584344074,0.968792639046348,0.0245948813388416,0.0019798929240838013,0.0010414240322919432
329,0.0029692366906818547,0.8010689103630567,0.19434470659280811,0.0011304379379251668,0.00048670841552805156
330,0.00219074802989262,0.8093027985805488,0.1869855613778987,0.0011370776689063856,0.0003838143427535634
331,0.00374180304752164,0.6177514532558122,0.3750783792692761,0.002960342401847813,0.0004680220255421388
332,0.002219644877372386,0.38317482498885397,0.6111586575267135,0.0031519833207328896,0.0002948892863272689
333,0.0020008813213116664,0.7824390053106108,0.2128641546038981,0.002223762767161747,0.0004721959970176659
334,0.012003489620017665,0.869219478257841,0.09536726258242144,0.011038399305166787,0.012371370234553116
335,0.14139747173694808,0.6254924759275385,0.0038581240760219345,0.002589406433030892,0.22666252182646052
336,0.16500906100039325,0.8165448584163411,0.00802655923745517,0.0006029915829727178,0.009816529762837919
337,0.06611271127396114,0.9264451995114388,0.0028192252720372606,0.0016156929262795985,0.0030071710162832294
338,0.0626733636315256,0.9110705543418779,0.02372694511079531,0.0007050414647639051,0.0018240954510370757
339,0.018508591069903737,0.9566157649900012,0.020132601751924835,0.0020208041909402304,0.0027222379972299633
340,0.05709947108645282,0.7950203279857242,0.018504053591087238,0.005302502677421138,0.12407364465931457
341,0.03207938987362469,0.09651442599049584,0.010712321715678614,0.0018447171520260723,0.8588491452681748
342,0.1775394644186517,0.05635423024001498,0.0029600681169361983,0.0020637756116046097,0.7610824616127925
343,0.7099745845348542,0.24694061964167163,0.0032317592627190903,0.0033434306698972363,0.036509605890857805
344,0.1157563599338743,0.7883504403098128,0.07086856867655751,0.0013672121258353695,0.023657418953919943
345,0.2118457073674956,0.7582717912249558,0.005799559412134573,0.0056641600700091605,0.018418781925404887
346,0.06550449946805205,0.8720004023830377,0.02784238692634882,0.02305519774643342,0.011597513476128175
347,0.029830298707953295,0.8751380136900475,0.08510158801295152,0.005365578410166999,0.004564521178880488
348,0.03991904772380346,0.813924452738549,0.12473682422938387,0.007968948123152254,0.013450727185111628
349,0.020303772192851576,0.8060224867847449,0.1653008968975482,0.005535461982751018,0.0028373821421045155
350,0.008361428029806321,0.8624516728512739,0.12100346683949517,0.004803253152501961,0.0033801791269226942
351,0.044448328248997214,0.7767481967686076,0.16787646450302046,0.0036564240505943444,0.0072705864287802725
352,0.013851525572037763,0.896287293026468,0.07582804747462764,0.007757285044750717,0.006275848882115946
353,0.005044737848510033,0.7834934377513146,0.20661502310255592,0.00190847684775151,0.002938324449867877
354,0.014885871461278628,0.8646505830600117,0.11389511246259953,0.0027541741319935835,0.0038142588841164433
355,0.011754550518978366,0.8004340240320396,0.18336283071196985,0.001927340401999492,0.002521254335012766
356,0.00876510649068122,0.9185361500836237,0.06722436495564373,0.0035464008519217782,0.0019279776181296933
357,0.018847853496689188,0.8113443879450376,0.1561776266617567,0.009459076764907336,0.0041710551316089944
358,0.013990788467063902,0.8960400993766203,0.07665923909863984,0.008793995403466197,0.004515877654209812
359,0.008829337457607578,0.798288277901509,0.18641627020958704,0.0034701335084942786,0.002995980922802084
360,0.0032496710024110175,0.7569717113640515,0.2355015635909945,0.002095814124582617,0.0021812399179602145
361,0.04519839395501683,0.17013426013005253,0.016511454205766028,0.009328427611350696,0.758827464097814
362,0.3473646896469569,0.5935082802277527,0.0038627435008257755,0.009129653905812584,0.046134632718652
363,0.27086074948628647,0.6822733399500881,0.0110814980572405,0.012412852166644488,0.023371560339740333
364,0.5942742475024025,0.3798541614279821,0.005067329177765613,0.0052222370021331056,0.015582024889716713
365,0.06994281222122845,0.8746412951198647,0.019352462648352633,0.02493521582551282,0.011128214185041445
366,0.19629018978587182,0.6104054961792444,0.009611382629806502,0.11785377812209286,0.06583915328298423
367,0.1821914056792119,0.6090072163951183,0.016357344624004178,0.10437692346555744,0.08806710983610817
368,0.16541738970946462,0.564717263276896,0.02288112025104565,0.20548692280255212,0.04149730396004166
369,0.10199078765009581,0.7811237889365864,0.014332097028140296,0.053034683057962946,0.049518643327214666
370,0.25006334323653107,0.28854319930176753,0.0027280329385340834,0.22575403632807606,0.23291138819509116
371,0.12853614480413622,0.5724743749371625,0.0038385444051606803,0.24786211229865807,0.047288823554882446
372,0.1644062299400036,0.4414488770982196,0.015823143398099464,0.27052451421966317,0.10779723534401421
373,0.2090911875452291,0.2208588909669713,0.002213855462461227,0.10246465902781354,0.46537140699752494
