epoch,N1,N2,N3,R,W
0,0.01037065125877619,0.0062608622747608875,0.00048549368438691594,0.002023681039309311,0.9808593117427666
1,0.0008242588073422937,0.00018291658668311329,3.620535954662949e-06,0.0002163289176446102,0.9987728751523752
2,0.0008714616591686488,0.00015024959750759888,1.5503328285041346e-06,6.666152011606121e-05,0.9989100768903791
3,3.749289100759347e-05,3.9354189158773785e-05,5.7065588221240925e-05,3.46539463864128e-06,0.9998626219369737
4,0.0003905927706972709,4.4131000305504016e-05,2.5485205200291787e-06,1.0381011545282304e-05,0.9995523466969318
5,0.0004923414971693904,6.221504645856742e-05,2.8132197527859463e-06,1.929829486842298e-05,0.9994233319417509
6,0.00260647463700836,7.912021328779414e-05,4.166553302601299e-06,1.743897467404692e-05,0.9972927996217273
7,0.011172135454036548,0.0003043352297921181,6.355522041627911e-06,9.630159497535572e-05,0.9884208721991544
8,0.021984284172565295,0.002494992662404103,2.1208486250699076e-05,0.0003324201849614306,0.9751670944938184
9,0.1687353922508192,0.0049679344124963784,4.7311085384837785e-05,0.0019421511397586658,0.8243072111115408
10,0.07293253167558417,0.009536202915144155,0.00017849717841079122,0.0031738645563939936,0.914178903674467
11,0.11920664239072987,0.025539336916483062,0.0004840887253473494,0.009277717893356758,0.845492214074083
12,0.19868227129620367,0.028692298414455742,0.0003793063208955265,0.008360376922399004,0.7638857470460461
13,0.2963029044305428,0.05792053325637914,0.010952201297339741,0.04120774917353651,0.5936166118422019
14,0.420030046361703,0.04443903337500452,0.0013035971726434907,0.017392763773688445,0.5168345593169605
15,0.2750062099880405,0.10620820039625278,0.0031082762094886097,0.025257382047399166,0.590419931358819
16,0.17472706322427306,0.13959098312730928,0.001266084737800484,0.028715612710727468,0.6557002561998897
17,0.3507768046045155,0.278399632357603,0.005572648631311372,0.03881206790922032,0.3264388464973499
18,0.3831412269353145,0.4365596751544596,0.01633363513123088,0.01586270242697357,0.1481027603520215
19,0.44012956849162327,0.3205187259934999,0.008088890431553634,0.02291407293085594,0.20834874215246718
20,0.32545320301121416,0.5296073216423257,0.056212508512479324,0.022181078393390802,0.0665458884405898
21,0.08869304584628701,0.7733676608163097,0.09345763364446306,0.010761356496433781,0.03372030319650642
22,0.3084042892811859,0.24497690200257496,0.007280985653409211,0.05207555436902497,0.387262268693805
23,0.06577185146803359,0.8286064646175777,0.05582420149799108,0.007625233476327315,0.04217224894007029
24,0.33167766908265234,0.5426136962207321,0.06154669763176785,0.0019113953302943363,0.06225054173455336
25,0.18160787867606024,0.6931927687474504,0.060976764998123045,0.004290109791875738,0.059932477786490544
26,0.0805497765390021,0.8313698744352962,0.05364800944698807,0.0009017138036787792,0.0335306257750348
27,0.0734522507837622,0.7965821742034724,0.08428029740940517,0.0022416037397872627,0.043443673863573014
28,0.10405895567552174,0.6929653992863867,0.13507447271099196,0.0012393567355267407,0.06666181559157287
29,0.10251627088167424,0.7721490777907091,0.10021024860098422,0.000884996676161448,0.02423940605047099
30,0.1447130513492135,0.6792466090225717,0.15761924481006612,0.00042543585399946494,0.01799565896414931
31,0.06834682742199484,0.7126520642965395,0.20067381036296986,0.0004214689164854723,0.017905829002010338
32,0.06347761627156491,0.4960680026749017,0.4010987376636857,0.0006709764178011189,0.03868466697204656
33,0.04101982873842383,0.556412061285308,0.3737543984159588,0.00024371464963194285,0.028569996910677464
34,0.037923947260152496,0.44245015028157203,0.49297910222420127,0.0021902419473318574,0.024456558286742227
35,0.04417629230808151,0.6732355096807316,0.27228669117044757,0.0001877891087799227,0.010113717731959269
36,0.048688443843837435,0.6876353558315543,0.23474501176386192,0.0019040662175063177,0.027027122343239982
37,0.04142506224632506,0.511018583409487,0.4380276498026505,0.00018205200139280377,0.009346652540144558
38,0.025128573456404527,0.6209404848365957,0.34253027430373245,0.001424087540683336,0.009976579862584009
39,0.05990265123881579,0.663056685683618,0.2648798268291951,0.00033739615194173817,0.011823440096429346
40,0.04018531538867779,0.4623337509402798,0.48847085224915565,0.00022793541385608625,0.008782146008030572
41,0.09033388804197656,0.7030969939634196,0.1817040779361751,0.0009716595983137083,0.02389338046011496
42,0.15629892301427234,0.6130834561555598,0.10367044307413194,0.0010087718255636787,0.12593840593047234
43,0.5197112426592938,0.11661519176625787,0.00401484567182459,0.004427107152617603,0.35523161275000614
44,0.6755365441883593,0.23144723340685025,0.007954612670927426,0.007319591593808392,0.07774201814005458
45,0.18997398699469142,0.751164481721067,0.03633516012814644,0.0027903487586946746,0.019736022397400573
46,0.09368412997238246,0.8593333934893618,0.034614535334263404,0.0037495876592752147,0.008618353544717237
47,0.03579149287360136,0.9098003163545535,0.04068233568728081,0.005884048794753249,0.007841806289810887
48,0.3708346169522088,0.32330302047045406,0.003971258569395025,0.013827132011203802,0.28806397199673833
49,0.1928820263640996,0.7628470511432897,0.016082250080022203,0.015817666353053254,0.012371006059535204
50,0.04222545755847464,0.9117899561510966,0.028318790570196924,0.009473576047933752,0.008192219672297989
51,0.11293038652454761,0.8203387281685344,0.01775493856145671,0.018257113113366225,0.030718833632095283
52,0.08640106109806908,0.7812084194703524,0.0244259888630175,0.09918983797039148,0.008774692598169608
53,0.08362499479118535,0.22678935863077163,0.0023554964659036524,0.01824031002789949,0.6689898400842399
54,0.3901951208114172,0.47361032111737494,0.0080931121799034,0.08160576291511465,0.04649568297618962
55,0.5682121658171296,0.14123654244082143,0.0011137199434100046,0.009535351832186345,0.2799022199664526
56,0.5589023818537625,0.40121395019148587,0.0063499361496931845,0.009101347476037096,0.024432384329021315
57,0.47335315328803745,0.43149987159585645,0.00497901220894928,0.05808142560175407,0.03208653730540263
58,0.484415785162842,0.4788037133245754,0.014679000160722903,0.0020451247006617462,0.020056376651197996
59,0.059465087179738786,0.8596799239155619,0.06545062314370413,0.0029561220130148503,0.012448243747980162
60,0.09811715373427711,0.7456479016055088,0.14464901159357296,0.0015088172713423138,0.010077115795298852
61,0.04988527199173115,0.7671398456515924,0.16533744793823488,0.0012567062717707227,0.01638072814667076
62,0.15119042413716274,0.6294461844571062,0.18867168688104827,0.006645841458809558,0.024045863065873203
63,0.012293600134229313,0.6469229393886908,0.33368805216526304,0.0003510655702599789,0.006744342741556844
64,0.014498822680184811,0.6666872094742443,0.311414301815456,0.00032296294202479144,0.007076703088090068
65,0.022178112005704922,0.6822121405945525,0.2871491864663273,0.0009654230112629969,0.007495137922152245
66,0.04418900348581563,0.5183245479675056,0.42397362951228135,0.000624559515644489,0.01288825951875276
67,0.023498228145217397,0.49715365828209446,0.4673998898330856,0.0009732166413577961,0.010975007098244744
68,0.038153312272773805,0.5855445997060266,0.36748927464112296,0.0002553438346193455,0.008557469545457334
69,0.012951362384161075,0.46485585168270827,0.5148817459133032,0.00030757728390672047,0.007003462735920911
70,0.01627994629892776,0.4391929164399065,0.5342545821660568,0.0003640531653722748,0.009908501929736718
71,0.009546226756019346,0.4736565866380404,0.5117364503586229,0.0002514598446471874,0.00480927640267019
72,0.015362105720068851,0.38878081099490397,0.587140531145872,0.00034997459541732424,0.008366577543737874
73,0.0011642144089348942,0.22318518557227363,0.7733090942668948,6.068672375886643e-05,0.002280819028137855
74,0.007807620598253713,0.2494774254517779,0.7359971972935029,0.00021808585798963886,0.006499670798475833
75,0.008949656434002504,0.42883855859425973,0.5401391980115348,0.0016026296499976785,0.020469957310205296
76,0.019404770399068422,0.3944103999229412,0.5795399236357268,0.00028221321307997024,0.0063626928291835375
77,0.006179073950556804,0.272260286043111,0.7089401912066762,0.00097529947922184,0.011645149320434317
78,0.003999597815372299,0.35071456378081056,0.6409796392698689,0.0001583671883993515,0.004147831945548724
79,0.002684136879795181,0.33600038104588537,0.6564888340746954,0.0002557171279335796,0.0045709308716904
80,0.004750502543319933,0.3359506301584831,0.6527723294529827,0.0002910073649976407,0.006235530480216587
81,0.003492242277769434,0.23181301769287127,0.7571549470376286,0.00020534268267153317,0.007334450309059153
82,0.005583220719684912,0.3469663968843309,0.6409071516043381,0.00020141550910817078,0.006341815282537882
83,0.0031269867139773404,0.22178408056164556,0.7704841101183278,0.00014256600766561107,0.00446225659838361
84,0.0036895063154981276,0.19376362865831281,0.796573173777779,0.0001451549932752547,0.005828536255134694
85,0.002748423791980726,0.2605841364491575,0.7332918901096117,0.0001620236773726207,0.003213525971877434
86,0.0036343438962074923,0.15897344439721436,0.8343783425505708,4.422929092878663e-05,0.002969639865078623
87,0.006561108300980324,0.30961514158599224,0.677269733469214,0.00017752935303620064,0.006376487290777111
88,0.001951393634897312,0.11734592333660263,0.875884051610206,5.6737692202353666e-05,0.004761893726091698
89,0.002249124214428386,0.1394786354604124,0.6306768300588698,0.2247625555032237,0.002832854763065647
90,0.007084790806318947,0.4426476372442315,0.5444153279915226,0.0003175644540142583,0.005534679503912828
91,0.007766215983686558,0.3137770680416223,0.6718454003423413,0.00018384934657055026,0.006427466285779312
92,0.005939856303378653,0.23324762565605994,0.754034317567549,0.0003456516166010204,0.006432548856411505
93,0.012373852147107855,0.3445239170805054,0.6368415980424792,0.0001229853700025559,0.006137647359905168
94,0.0019472622601623031,0.08322989889601276,0.5366438094959295,0.37378572302721114,0.004393306320684465
95,0.009746836415577746,0.2306043627796754,0.7460023191605971,0.00016687241894325737,0.01347960922520634
96,0.009226322755920717,0.2933437775505396,0.6899892506573895,0.00019055091916813304,0.007250098116982027
97,0.010018877945916922,0.2907847358080589,0.6902103740295642,0.0003274919631561075,0.008658520253303817
98,0.009750753099665645,0.49579914702683636,0.48582529672802727,0.0006177999707354419,0.008007003174735404
99,0.004269249762024573,0.2826212622719951,0.7087177777216608,0.0002540784422441412,0.004137631802075478
100,0.003468100531463717,0.27749938871877505,0.7152512407869223,5.824117046137716e-05,0.0037230287923776277
101,0.0020469469428428004,0.1393503887879133,0.8553452933366921,6.72132987792646e-05,0.0031901576337724762
102,0.006298014852098228,0.28356364263554756,0.7071960016776904,0.0002400666732943577,0.0027022741613696223
103,0.004955408649763595,0.17896824892771712,0.8129572767230104,9.987861565626696e-05,0.003019187083852644
104,0.002869405782365503,0.2133717543328457,0.7809196635037156,0.00011733777593747757,0.0027218386051356047
105,0.0025411705605018946,0.1698414741619277,0.8228078995451612,9.831983308940359e-05,0.00471113589931989
106,0.006298158734838375,0.24206544067464703,0.7485690391394033,0.00010984197632455815,0.002957519474786666
107,0.0020445628408894438,0.0946486808663516,0.663781113200047,0.23783440488950133,0.0016912382032107597
108,0.005865247626726132,0.09935803761779854,0.3584511555221143,0.5342265619696268,0.0020989972637342103
109,0.004311240972205891,0.2145528990651304,0.7776751307141144,0.0001746571082489176,0.003286072140300262
110,0.01685082161680154,0.35772147016857747,0.6215867916256166,0.0001829724131849624,0.00365794417581941
111,0.013584011753044016,0.4939247305768933,0.4886633310332961,0.00033475539855951385,0.0034931712382070624
112,0.007199385892895344,0.28762574934562507,0.7018938927192456,0.00014713937090959187,0.0031338326713245012
113,0.016066489295474065,0.3376304001755925,0.6425572198605076,0.00024392801530390143,0.003501962653122069
114,0.007198002481106073,0.23659048441505984,0.7531168730885799,9.69199485838866e-05,0.002997720066670233
115,0.010014753449328579,0.34122574437734393,0.6446963612032014,0.00022719905496670765,0.003835941915159403
116,0.0033931689249836047,0.14740280569785913,0.8472441466637384,6.3975026155752e-05,0.0018959036872630574
117,0.007341642538114418,0.34168115374310093,0.647737961902741,0.00018157140746524538,0.0030576704085785015
118,0.004267710581091239,0.23617225817346313,0.7569329885518524,9.796751831875031e-05,0.0025290751752746077
119,0.007806601532843469,0.3469718981053491,0.6415816254354432,0.0001638574182068437,0.0034760175081572997
120,0.0025692484727402524,0.15058974287465668,0.8436213368708161,5.92427492642499e-05,0.003160429032522608
121,0.011736371480795043,0.26178676630319797,0.7176837671537223,0.00036488727945843837,0.008428207782826085
122,0.03779503346942149,0.35683918563905376,0.5844634763152039,0.001327098578940558,0.019575205997380173
123,0.04078003734445617,0.3920632037178261,0.5170758261534474,0.005065569366054124,0.04501536341821633
124,0.08845552471340389,0.3941065523036447,0.4587744508307791,0.008003670378542304,0.05065980177363007
125,0.06689130848052305,0.5848810378124277,0.2968436118921084,0.006211517426317821,0.04517252438862299
126,0.071028229289856,0.43145853590650746,0.08619890089912972,0.007114583573996495,0.4041997503305103
127,0.14748180062178481,0.06967795867673204,0.0032633543663353713,0.0463465380164264,0.7332303483187214
128,0.035270750388841254,0.032212139521185096,0.0004665092191047172,0.006019172392213638,0.9260314284786553
129,0.03091992078970275,0.009650212514046233,6.950108192258585e-05,0.0027511406987520436,0.9566092249155764
130,0.7395562942438105,0.07669384390298264,0.0008495535157766104,0.017141560918733555,0.16575874741869653
131,0.43647505150844024,0.06604484240618157,0.0004905100696968425,0.015536818956915293,0.48145277705876593
132,0.4353915779782471,0.0714150289681114,0.0007703169594553014,0.014915274189322933,0.47750780190486347
133,0.7870467716032795,0.08562761303196996,0.0026498481076905104,0.015151662175538606,0.10952410508152148
134,0.522042472396044,0.30582401153566907,0.010596416107615145,0.020335107177800363,0.14120199278287135
135,0.537539558229262,0.1264230642164309,0.0015237618613598088,0.03907820682353654,0.2954354088694108
136,0.2654692554130329,0.07522683933711163,0.000368009635943504,0.021899974136317106,0.6370359214775949
137,0.25545880272874144,0.03508861411544424,8.98879485719186e-05,0.027663324158837946,0.6816993710484044
138,0.6329485002576872,0.15475676256108828,0.0016556969434719196,0.04405877773327693,0.1665802625044756
139,0.6801864326288432,0.10967152026728019,0.00039685044185964975,0.03228684610691075,0.17745835055510628
140,0.44055768324764544,0.11656365014638254,0.0006425147935329274,0.018424576242580204,0.42381157556985893
141,0.5744652852116037,0.30721357458954907,0.0028379146801496887,0.02811161034938323,0.0873716151693143
142,0.42768270644686623,0.38950504193074376,0.007496311163384052,0.056390368260058374,0.11892557219894762
143,0.2879479852790689,0.6074570593151638,0.012852237628513095,0.062460411340658356,0.029282306436595733
144,0.35516794973153243,0.37989680905436535,0.016600400137661224,0.21358834974624327,0.034746491330197714
145,0.20817273075904888,0.4922201971114425,0.009204244258372013,0.256847693917265,0.033555133953871656
146,0.18843242590441714,0.49921900569567257,0.012341492475083404,0.256671989020249,0.043335086904577824
147,0.14487027752785286,0.6229783583033286,0.0064109462448100904,0.20615192019125922,0.01958849773274924
148,0.2568956080247145,0.3324665377730249,0.0021803547043923273,0.37534454466160316,0.03311295483626535
149,0.16776780950609002,0.2114086811968153,0.0008727962029593565,0.5880470804138296,0.031903632680305626
150,0.09002001782319981,0.34418380008650834,0.002415988220504793,0.5380964817129,0.025283712156887097
151,0.14386193198273275,0.3896382533110801,0.0034363250588837295,0.4262003639536612,0.036863125693642106
152,0.10488671211773985,0.3887394216014131,0.0029808092975003087,0.413109978552067,0.09028307843127986
153,0.0965812054603868,0.3446576292991697,0.002024555362092451,0.5015096911454061,0.05522691873294486
154,0.1550885861198038,0.3597429167420404,0.0026755557468144497,0.42972948011768064,0.05276346127366084
155,0.1447141284271053,0.3145997241905964,0.0028861619634778547,0.5064012837476587,0.03139870167116178
156,0.13656905430708352,0.3789930266999812,0.0035595234825038747,0.41776250853242297,0.06311588697800845
157,0.14995090741361736,0.5306961377504963,0.0027696118770932404,0.2880033288654415,0.028580014093351553
158,0.21157082920753356,0.4904001543928148,0.004016693029712933,0.24933195928274063,0.04468036408719823
159,0.22401851418849172,0.4319322355470488,0.0038504637201435634,0.3146938439636926,0.025504942580623396
160,0.25324675539550867,0.4705445330386446,0.0028282462288496193,0.2420075488931268,0.031372916443870365
161,0.32209729544736215,0.26895311790960325,0.003197608816407312,0.251474452438053,0.15427752538857423
162,0.2571131486863878,0.267952585481568,0.001390078595297115,0.42234109456224916,0.05120309267449778
163,0.3500424248157508,0.1907876214744974,0.0020169640030740323,0.381213514834363,0.07593947487231476
164,0.43926627904170407,0.20791776119757835,0.004093454420854232,0.31590193211649215,0.03282057322337108
165,0.5239596459642694,0.16068499923888405,0.0027809140337205227,0.24739301957720772,0.06518142118591834
166,0.32893495019633534,0.28949696926071894,0.006478365377003119,0.3294086983227781,0.045681016843164425
167,0.2509759916785187,0.2436545618850307,0.01993280713024755,0.3657700422460404,0.11966659706016257
168,0.2058356380294225,0.35432130310627863,0.008804836402844875,0.37049582487522476,0.060542397586229244
169,0.34368718118478914,0.3684759468104606,0.009769272297745433,0.22156174094072464,0.056505858766280184
170,0.29262960154207013,0.35662492344244245,0.039296168375391495,0.1896604819826648,0.12178882465743102
171,0.35304812678181985,0.48778214274902437,0.011724374208724278,0.10645820810906063,0.04098714815137096
172,0.3864709549563844,0.28142260964885757,0.01796825873112927,0.18231897797701727,0.13181919868661154
173,0.494641864266622,0.24508383486426308,0.005217860495725865,0.060568187449311126,0.19448825292407804
174,0.4270654995872267,0.23399500220347427,0.009001836724177151,0.11614664986911245,0.21379101161600947
175,0.3611267146878197,0.12994589312652735,0.014277572656498901,0.4028433512609626,0.09180646826819151
176,0.052974273627803464,0.018806455079986878,0.0009869848139510875,0.047724439179446805,0.8795078472988118
177,0.2702305007488301,0.07429231258304546,0.0011404418715345015,0.07202291726509087,0.5823138275314991
178,0.19038585239446,0.07541072383015593,0.0005681638796284084,0.06288320751136936,0.6707520523843862
179,0.4788860974541968,0.21126455402242386,0.0009012736984314306,0.1584532206007771,0.15049485422417072
180,0.44744900610956206,0.3412315170554877,0.004167528794845849,0.07822688276651434,0.12892506527359007
181,0.3509465172186308,0.2461226763096491,0.003463148842134215,0.11776971409403977,0.28169794353554606
182,0.23067420227943847,0.3281171242362464,0.006009830572743156,0.2965419334095607,0.13865690950201132
183,0.4495938208538258,0.263804838224327,0.003455499118953589,0.10781339414053027,0.17533244766236325
184,0.4775696350483178,0.23056596707297058,0.0011287731449464904,0.04974905538496324,0.2409865693488018
185,0.13319778409345776,0.02498454672405025,0.0001630835359215447,0.015391588887380347,0.82626299675919
186,0.7624602153680428,0.09597103402453433,0.0011059385317346519,0.05560278297625412,0.0848600290994341
187,0.37644030527737105,0.20806675521145526,0.0013116904337939644,0.04914408988607129,0.3650371591913084
188,0.5730283011316523,0.10321685362268085,0.0011569951467411295,0.1392686494266039,0.18332920067232186
189,0.33500340217350427,0.21928436890456265,0.00116085650928646,0.39610974126434145,0.04844163114830514
190,0.25841782620097853,0.37285982222925446,0.0018028278118147405,0.305953749818557,0.06096577393939521
191,0.17252346177818872,0.13475973703433616,0.00040226723253173295,0.6710442319242188,0.021270302030724546
192,0.0971661076046619,0.1949124011567532,0.00040485633745545343,0.14535580872801304,0.5621608261731164
193,0.36424985060779486,0.128793564397155,0.00042903749689293555,0.470369965995048,0.03615758150310912
194,0.17558457864805888,0.2192613048222121,0.00046023717625220684,0.5915574019593675,0.013136477394109421
195,0.22226240962324723,0.14638947337812883,0.0002769980189654071,0.04676626708644176,0.5843048518932168
196,0.536298981569757,0.15522030315768698,0.00028020886809512947,0.0796542678262095,0.2285462385782515
197,0.5355501872482319,0.2570257532837766,0.00045772223656235345,0.1564698804546369,0.050496456776792216
198,0.6584499065164418,0.1912035711911314,0.00018585183585942462,0.09777346572928383,0.05238720472728354
199,0.11573439204344865,0.7546461459131497,0.0014752341720313683,0.11781642303848121,0.010327804832889113
200,0.11617899163709429,0.599714988034957,0.0008064936899924154,0.25502159357295,0.028277933065006196
201,0.20608739122839886,0.5811778516966162,0.002416714913787188,0.18778707269876294,0.022530969462434727
202,0.08016109297213299,0.8409452489116374,0.0019909541722874296,0.06821879886025653,0.008683905083685602
203,0.12093327321026409,0.8055950515159304,0.00270096480172308,0.050020561761130525,0.02075014871095198
204,0.11974778894082737,0.7960404631053047,0.007879354793143117,0.06687793796220473,0.009454455198519965
205,0.08326826216036057,0.8413832822496058,0.008316677133949511,0.049380256574444836,0.0176515218816395
206,0.0609487191432569,0.7833231036285908,0.017371322723598457,0.12091294043090413,0.0174439140736499
207,0.08159479702981605,0.6097435632832807,0.008622708438428675,0.2899213264376304,0.010117604810844127
208,0.07001677321710002,0.6512090819084919,0.007073664940996345,0.2315745791097366,0.040125900823675086
209,0.11053317416240885,0.5169821725353613,0.005256504086267475,0.31259867905970035,0.054629470156262155
210,0.08900602887138573,0.05109670039222727,0.0004074187978108985,0.04195218637866127,0.8175376655599148
211,0.030996232036698358,0.014772704981985353,0.00019181820384688673,0.02435118137079673,0.9296880634066726
212,0.4005268354526489,0.060352750865761105,0.00045987708310303154,0.1712961346919529,0.36736440190653397
213,0.05787198334830081,0.006426768259852816,8.468627231579484e-05,0.013275356358708645,0.9223412057608218
214,0.06132811990022544,0.013539112774655677,0.00019979431333277964,0.020452502187113215,0.9044804708246728
215,0.24536506318934223,0.034635468914270745,0.0002377707247678566,0.1341357577307467,0.5856259394408725
216,0.009498489248237506,0.003981593379923633,2.6250672003700093e-05,0.010044121315085652,0.9764495453847495
217,0.27920593736158283,0.03162487800481808,0.00019656946076059698,0.15701814061985017,0.5319544745529884
218,0.23526325996751646,0.08211837340255551,0.0002703035926710603,0.5531231969371713,0.1292248661000857
219,0.10653748479850607,0.021592745919193867,0.00013554401603545587,0.05732440400036108,0.8144098212659034
220,0.1173507707962341,0.08049076393493242,0.00019245375987927906,0.4414153073294744,0.3605507041794798
221,0.09508514990583065,0.0687055589874433,0.0001366054768945454,0.542939554347809,0.29313313128202245
222,0.040064919122856466,0.007714021340192017,3.562104463540474e-05,0.0692773935657955,0.8829080449265206
223,0.18494862602793088,0.057500856623299214,6.508699429362497e-05,0.3492764988691216,0.40820893148535464
224,0.11275213146086953,0.016814784178778942,9.41158917051626e-05,0.04242276580574537,0.827916202662901
225,0.31489807250949375,0.08826922615510144,0.00025787766020924795,0.13533895591183606,0.4612358677633594
226,0.37646338347916686,0.06338321008420449,0.00025409007235903315,0.1390419571316728,0.4208573592325968
227,0.42664784428066926,0.15040889910724803,0.0003459841261649313,0.27135641090880824,0.15124086157710961
228,0.23869698985962762,0.06205119456628768,0.00024058349929311222,0.446196898984138,0.25281433309065365
229,0.2537796134945239,0.10779651256186622,0.0005704519242337692,0.5881260584315323,0.04972736358784377
230,0.30865716122099557,0.2502288651873586,0.00637878752118591,0.35804532767098746,0.07668985839947234
231,0.19206476781032802,0.2991083537152029,0.003500297338287161,0.48009635522108157,0.025230225915100442
232,0.17877003745497194,0.0576665590552377,0.0011427525557294268,0.33623676898013966,0.4261838819539212
233,0.2509002148398213,0.0667300208624697,0.0014930904814254332,0.1658011897686206,0.515075484047663
234,0.38822229317649065,0.12238559429417074,0.0015125396660054385,0.27695659122355476,0.21092298163977852
235,0.5734336204390518,0.26709702768237603,0.00224824525654103,0.052072305973098386,0.10514880064893276
236,0.6739394250786815,0.15524288322826807,0.0021559308888255595,0.1388906627674933,0.029771098036731426
237,0.3683566028947495,0.4938141450307888,0.003554988454848644,0.10534757159703464,0.02892669202257844
238,0.3877920522032517,0.42843176898062896,0.0037024292180916677,0.16123311501759804,0.01884063458042959
239,0.07402199406764602,0.8200364374926771,0.016246358244288793,0.08237825552794335,0.007316954667444792
240,0.19535700850635948,0.6740311596553265,0.011497990048293699,0.1060951380300191,0.013018703760001263
241,0.06812772102593907,0.8150467649319189,0.011891007207968401,0.09455479280422963,0.010379714029944096
242,0.07208032344019417,0.8139759810654226,0.04270748931629778,0.06031349397576781,0.010922712202317632
243,0.21688132005550123,0.6770914829192569,0.01924590423205076,0.07306936359459297,0.013711929198598087
244,0.08649816282284462,0.8293776047099826,0.03381308307521913,0.04121862236703562,0.009092527024917878
245,0.24258988612837953,0.6763267669341757,0.0445406672343561,0.023681447873142986,0.012861231829945545
246,0.21273251179954764,0.6828720067315784,0.023099486630318022,0.05813505737587204,0.023160937462683856
247,0.12768407965389636,0.7756595634802128,0.03773018839648408,0.047825829208246,0.011100339261160922
248,0.10604761898767551,0.8121292978733037,0.027291298432292645,0.04565987457198577,0.008871910134742408
249,0.16112059511957835,0.7440781867822263,0.02758172728141892,0.055864234275435486,0.011355256541341117
250,0.07325492966607203,0.8315041873189605,0.03740999917322216,0.0466921889686042,0.011138694873141229
251,0.029017505043667045,0.8992392511102478,0.04553946353085929,0.022193985466741704,0.004009794848484208
252,0.09888770649262937,0.8101237303287238,0.0737447623925092,0.009182898453821647,0.008060902332315954
253,0.07922806287869161,0.8234648129435648,0.0683558382108308,0.01592775648874672,0.013023529478166004
254,0.018884974995663054,0.8430188898166536,0.12540610387100018,0.006194541484280278,0.006495489832402981
255,0.08449449673469155,0.8379136921298443,0.056654311216812345,0.01187175484395223,0.00906574507469959
256,0.11008668023449937,0.7954385325964748,0.06561115506285126,0.012921498564475524,0.01594213354169885
257,0.08501103788730409,0.8762029040692899,0.026015626700729867,0.006358227143917919,0.00641220419875812
258,0.08279002014635531,0.8433590713825687,0.05560788173548794,0.0059097825716034145,0.012333244163984658
259,0.023667826557811918,0.9261839612303444,0.04047722249040497,0.004583691171176015,0.005087298550262993
260,0.049070662440056124,0.7678190750787882,0.14205769295249976,0.024776874174955613,0.01627569535370039
261,0.055630712496619175,0.8638831348610223,0.03633983884592383,0.03445977415985906,0.009686539636575668
262,0.0992869201151622,0.8308059718884406,0.03222292141736127,0.02774013932233772,0.009944047256698127
263,0.07245557145207997,0.7513453656087011,0.040843472606961286,0.10927295749065358,0.02608263284160391
264,0.3488984241634369,0.16504822297704191,0.0032764267138191464,0.15608646493137346,0.3266904612143285
265,0.5673067077287501,0.2227155402237647,0.003442102062265847,0.12769794767650242,0.07883770230871692
266,0.4475262361250356,0.4227466363752496,0.0021981993377158874,0.08829144288927354,0.03923748527272526
267,0.4526608067264065,0.45458029726399124,0.0009754056755511703,0.03364436252337269,0.05813912781067846
268,0.17931287194013806,0.762905073694621,0.0023962095512971445,0.04750155693061103,0.007884287883332935
269,0.06357509082258057,0.8518806192960968,0.006395594193474913,0.06826656061626976,0.00988213507157797
270,0.06085875346416513,0.7921712788914306,0.0054923276393241075,0.13170580244750948,0.009771837557570608
271,0.07168659760911535,0.7710630756491187,0.0073882293331078396,0.14278334874963916,0.007078748659019159
272,0.07876937636156785,0.824506677445088,0.005404088943389131,0.08056674051262747,0.010753116737327727
273,0.12206260607348098,0.7805044563610929,0.017220116215768997,0.06176244206296964,0.018450379286687548
274,0.09946811961802748,0.8235287128674104,0.00820364333334294,0.058571607939971015,0.010227916241248228
275,0.2460149126115075,0.3126509593589466,0.0028069228321556954,0.015508905312098075,0.42301829988529205
276,0.27469535639306647,0.6351015736567327,0.006109316770777085,0.053938618541956654,0.030155134637466923
277,0.09165880572414604,0.8808521399534753,0.005575961119843436,0.015722727928576274,0.006190365273958917
278,0.10711068123022183,0.8644439059007218,0.008109942981058195,0.014946607173172661,0.0053888627148256435
279,0.1226256906141875,0.8123974819850213,0.011964708179297165,0.039647353336738404,0.013364765884755716
280,0.04012108027819981,0.917488527278315,0.01723460626916747,0.02116682642798679,0.00398895974633099
281,0.14885226122300255,0.7714406472895204,0.014019162626991363,0.05489588846357659,0.010792040396909125
282,0.055320938741621355,0.8991200958521649,0.01382398104403336,0.02641144743522883,0.005323536926951402
283,0.05340938043464044,0.9064033488651883,0.020173096476190835,0.015516415230483603,0.004497758993497062
284,0.09663602135832114,0.8608799639060779,0.023089107877422518,0.011177146509172117,0.008217760349006412
285,0.06363495648305849,0.8532731248620068,0.06300132148337796,0.012044729516445012,0.008045867655111736
286,0.04184637354724274,0.8311607729554787,0.11110989667026493,0.007018758439861889,0.008864198387151759
287,0.040745334075545155,0.8635121629857713,0.08456107482938272,0.005503023565196145,0.005678404544104716
288,0.017573310183346125,0.9252519384385836,0.05142784038581535,0.002652806327716742,0.0030941046645383977
289,0.026221919416806884,0.8912475837546397,0.07574933362500465,0.0029175788482254804,0.0038635843553233287
290,0.014307870204227602,0.8639632502429916,0.1171577257282816,0.0021921764505247704,0.002378977373974264
291,0.008994665053056359,0.8025272861662098,0.1837973328657679,0.0014853315152016616,0.0031953843997643383
292,0.03804488041099302,0.7619907946267469,0.18904162757047163,0.0028217609164825647,0.0081009364753058
293,0.008138817356643194,0.7863983636464511,0.20072757910215913,0.0017360527665019581,0.002999187128244674
294,0.0168983573525607,0.8673676292381826,0.1108009298396525,0.0014310098272992346,0.0035020737423049567
295,0.045007522647732716,0.782117730945976,0.16421503021222988,0.0030437328649648657,0.005615983329096428
296,0.019425401142940654,0.7294103244545439,0.2445989582656757,0.0031732671184700307,0.0033920490183696438
297,0.009607523423751665,0.715613042963011,0.2690182829499537,0.002056914254745466,0.003704236408538056
298,0.010768683904197343,0.6722760310816326,0.30843758884174666,0.003251453186895483,0.005266242985527988
299,0.010485912284385555,0.7497757498587254,0.2343922264479239,0.0023437164833054417,0.0030023949256598637
300,0.007505760401365037,0.7881360940457511,0.20034730089224342,0.0017994804683828566,0.0022113641922575297
301,0.008894585952360876,0.8202329673886876,0.16650532155089628,0.0015140429757201255,0.002853082132335107
302,0.009000513534766141,0.7670426161850381,0.2174410714973895,0.0027152267213172397,0.0038005720614889666
303,0.005759493386602699,0.686981222764251,0.30264024265522166,0.0018239483368481541,0.0027950928570765914
304,0.00786999621922891,0.7290400452478818,0.25679035065309325,0.003867664376360945,0.002431943503435409
305,0.007914541326999805,0.6790188328663609,0.30886077627373926,0.0020328226435991146,0.0021730268893007825
306,0.014345310183046635,0.6073261603902607,0.3711574148824563,0.0033504378449019123,0.003820676699334653
307,0.005713729332334912,0.6649970136234786,0.3238297879276774,0.003108316622548204,0.0023511524939609525
308,0.014093768176428233,0.6954753483021393,0.28413271856893907,0.0028782595234343403,0.0034199054290590123
309,0.009124897184296347,0.6875201888969504,0.29883147786755593,0.0016348353468516395,0.002888600704345565
310,0.01254837184774947,0.7023553609921916,0.27858294422637736,0.002993608812029673,0.003519714121651841
311,0.011956652198629354,0.5229118430435307,0.46008536669839883,0.001191742496069538,0.0038543955633714823
312,0.0059794274108096335,0.6450105241403132,0.34363353001861957,0.00197765634796955,0.0033988620822880122
313,0.0058326052001108145,0.5839069020232935,0.4065995814716124,0.0013900793619664108,0.002270831943016878
314,0.014251867949320134,0.6404921610475542,0.33801858498182286,0.0033262592607803047,0.003911126760522392
315,0.008801093990320053,0.7541775125955411,0.23178504520074306,0.0022512723517562113,0.0029850758616395247
316,0.004512727312496589,0.6881078875014016,0.303377934331706,0.0013422843383502716,0.0026591665160455285
317,0.0038958162917205113,0.6368634114883608,0.3563859863691199,0.000974224652911145,0.0018805611978874926
318,0.01668356570983836,0.6408120535568372,0.33633799789947844,0.0012770320122617803,0.0048893508215843385
319,0.0045666326591540535,0.6254749242440429,0.36454382825089987,0.002568485065010264,0.002846129780893019
320,0.003176268465358452,0.5113041065946492,0.48229620891627917,0.0009223067178220483,0.002301109305891022
321,0.009726346436630895,0.7378492060643881,0.24540613127197472,0.0031867651647313603,0.0038315510622749715
322,0.007499930790474968,0.7061083348986775,0.28219943484820925,0.0010625773868011491,0.003129722075836977
323,0.0054813373727533,0.6088209813751089,0.3782367155125561,0.0027381577651766262,0.004722807974405204
324,0.007103066914257048,0.6413897737736506,0.3464926029998937,0.0019008882034698327,0.00311366810872886
325,0.007079105907325531,0.6514628801344555,0.33537278438745916,0.001888418462668545,0.004196811108091116
326,0.0038897941075531797,0.6488025461888105,0.343200147134103,0.0016896704444574835,0.002417842125075981
327,0.007373406857623813,0.42187731827447644,0.566470522138315,0.0007228124705073097,0.0035559402590775746
328,0.004317460947080057,0.5257725376871464,0.4652258532310673,0.001232006405092674,0.0034521417296136084
329,0.008048187836813402,0.4379807796392146,0.5505946794183906,0.0008103741348760266,0.0025659789707054848
330,0.005328085131905013,0.6389016663721544,0.35227031781533874,0.0008882988423434008,0.0026116318382583535
331,0.008841431909375126,0.5944576448673199,0.38928035184511034,0.002940231287101259,0.0044803400910933605
332,0.005693199332629379,0.549775583757079,0.4391350215018251,0.0020413992270389156,0.0033547961814274596
333,0.009655992871002444,0.5636975472976684,0.42386780880251157,0.0006430839250379053,0.002135567103779584
334,0.010002315448213466,0.7081685774836373,0.27752783008475385,0.001983929044401427,0.002317347938993927
335,0.013909910443622981,0.43771873527815214,0.5410868157406793,0.002177512137026126,0.005107026400519566
336,0.01071744324158636,0.6020762560558595,0.3826678658648509,0.0015822994799870771,0.002956135357716171
337,0.035118876137922715,0.7888669717222603,0.16893470113697767,0.0038469343223349285,0.003232516680504239
338,0.022366205745466633,0.7978550769176961,0.17266111082908148,0.004189835207527662,0.002927771300228125
339,0.008687370403449239,0.7321962349702623,0.24866102613896446,0.006780357991846595,0.003675010495477311
340,0.014296055404637227,0.6466388888247933,0.3172288551878145,0.017081277043891868,0.0047549235388629875
341,0.015398493184773928,0.7395752340024404,0.1977721093228469,0.038588117163440225,0.0086660463264986
342,0.016608469716949445,0.6916750147938796,0.23859048244052225,0.040101391498015136,0.013024641550633438
343,0.0694317365914768,0.46614542145773935,0.09541959408920964,0.10645484088962491,0.26254840697194926
344,0.12762086977437184,0.030169452029079558,0.00062316109689797,0.0415211582669976,0.8000653588326531
345,0.4214592233247448,0.01839158075657469,0.00047897579835292373,0.030526132345675278,0.5291440877746523
346,0.85227014974319,0.04104763749134153,0.0004008057635664132,0.01768685909182099,0.08859454791008106
347,0.8131459627043298,0.10051076765425887,0.000164535777127085,0.05090631586269196,0.03527241800159227
348,0.6655343055230375,0.11916231651632248,0.00016011477523266676,0.18895320753386882,0.026190055651538615
349,0.2518450706017008,0.1671053002621115,0.000183024695820112,0.559067189190659,0.021799415249708746
350,0.1468441125192681,0.22232439076898616,0.00014707461395877848,0.6200187625521602,0.010665659545626786
351,0.11943588561908396,0.3638724252083045,0.0005444429041524525,0.5076392263548246,0.008508019913634519
352,0.06712581524468561,0.28295627179040034,0.0005598826256709252,0.6431567459881553,0.006201284351087712
353,0.04560079127471388,0.2270474849353257,0.0014366469169140395,0.721291796940137,0.004623279932909287
354,0.03294125025472006,0.0991933089166586,0.0006552407848341614,0.8615203559575233,0.005689844086264022
355,0.028294014091638297,0.1981380382801636,0.000918139090472489,0.7665274848090482,0.006122323728677304
356,0.027115429995483754,0.034291121591657106,0.00010758890625748303,0.9324514062284092,0.006034453278192345
357,0.023902311271683234,0.08133837346528834,0.00010172705570173428,0.8907412407137278,0.003916347493598896
358,0.036774551690574614,0.06801682361494371,0.00014129527782378025,0.8889976589885019,0.006069670428155904
359,0.03289517564626778,0.055124570168168664,0.00021450587088736616,0.8804833786809811,0.03128236963369504
360,0.16793133690514847,0.13586499047603182,0.0005479243433286381,0.2737820637324224,0.42187368454306867
361,0.49803095114198026,0.10238429622554383,0.00015116247099758473,0.3662675898932396,0.033166000268238786
362,0.731396363323956,0.07563538283189379,0.00011853052676413086,0.09482248672237618,0.09802723659500988
363,0.58533980795798,0.13049991317616944,0.00025154597043733416,0.2683398667184647,0.0155688661769484
364,0.17607134590370463,0.2878623793218384,0.00036774887020095496,0.5040150108356809,0.031683515068575176
365,0.2569648238780112,0.21322221489407578,0.0002979917055625908,0.5096368568853445,0.01987811263700585
366,0.12455642998825583,0.18938927889878535,0.00021339521413311986,0.6684159858602177,0.01742491003860806
367,0.16144070500186408,0.17286740925999391,0.00021784579825169945,0.6512388265682786,0.014235213371611702
368,0.12150000044674471,0.068639545628898,8.670093580134072e-05,0.7932566268325094,0.01651712615604654
369,0.09214770142258943,0.11454079945134694,0.00010648673342178371,0.7765684283648497,0.01663658402779214
370,0.10544307094068794,0.0879172431967928,0.00019109141672755018,0.7940460037266165,0.01240259071917541
371,0.0720510274909685,0.05579837324827029,0.00016310131408924728,0.8643257046840769,0.0076617932625949745
372,0.05297416797722814,0.04676535070598166,0.00013763501360502771,0.8944138769804745,0.00570896932271076
373,0.10795827644483619,0.05808103745134431,0.0001659394487736729,0.8012944203106901,0.032500326344355734
374,0.14864071545433113,0.05014567557817964,0.00010216280102498788,0.792855902344376,0.008255543822088218
375,0.10674085169164911,0.06299243456460973,0.00014460018507495844,0.8249715280832625,0.005150585475403728
376,0.17310538693906607,0.07248002358612515,0.00014863952957071792,0.7408553129612488,0.013410636983989225
377,0.10402820177409738,0.07657773480254268,0.00013878179839926235,0.8047144655934397,0.014540816031520926
378,0.13096677572052684,0.1357924276552346,0.00017137725660827774,0.7111090021861058,0.02196041718152443
379,0.18394227495543633,0.20961902754630743,0.0002823400072786661,0.5724655459842093,0.03369081150676816
