epoch,N1,N2,N3,R,W
0,0.15942102833946814,0.005263534117644528,1.7977315076846918e-05,0.15905391032482877,0.6762435499029817
1,0.17692754392238386,0.004041025926883205,4.9192029288025255e-06,0.11922827772522207,0.6997982332225821
2,0.29051559656984827,0.005055867386368974,6.707918771288192e-06,0.1803277713039255,0.524094056821086
3,0.26573648488167073,0.005211208305242647,8.890568677753752e-06,0.08991308962267308,0.6391303266217357
4,0.05838052306221803,0.0142193136978602,1.5713462544404444e-05,0.04728279255715182,0.8801016572202255
5,0.041795803820363915,0.001384938781389659,1.7273772480028691e-06,0.01540690717148106,0.9414106228495173
6,0.548585097685692,0.013971736527934361,3.438921260070701e-05,0.06737854210648624,0.3700302344672866
7,0.472379116569823,0.014609982940172178,5.226294524820625e-05,0.12696014473910666,0.38599849280565
8,0.518977414069203,0.07201983423719312,0.0007156441178560805,0.17801425921157585,0.23027284836417197
9,0.23322256234457003,0.06905004207975943,0.00013677363152261984,0.5229837869327589,0.1746068350113889
10,0.31766457737691156,0.03270497720845597,5.435359768736587e-05,0.3782824508255205,0.2712936409914245
11,0.3591118160568884,0.029012564207438855,0.00011649146334296432,0.26705286796349,0.3447062603088399
12,0.4859123532973748,0.12850064272737,0.00016365164889381206,0.27705504624634764,0.10836830608001365
13,0.3991717289272127,0.06972183302886997,0.00011413616643483071,0.19908253827840397,0.3319097635990784
14,0.007319772971518569,0.00342400659755062,3.148685753948511e-05,0.00037063614174370833,0.9888540974316475
15,0.5163295667008382,0.007598378632895018,1.084729435984018e-05,0.006462036773906856,0.4695991705980002
16,0.9543182215456131,0.011216929561714864,1.9089250177329306e-05,0.002189795072394038,0.032255964570100576
17,0.7876629707003021,0.19794279576501406,0.0002595388147621478,0.0007055820122831688,0.013429112707638411
18,0.22900833829532022,0.7261500076200568,0.0014171662006519153,0.005856693239234259,0.03756779464473654
19,0.12520880501754045,0.8257528111116333,0.0011778441477760925,0.02137579237302429,0.026484747350025747
20,0.020385421301630013,0.8509679157830347,0.11073270280388618,0.0028046669037830752,0.015109293207665938
21,0.03210415456611053,0.9097821869032119,0.029676317861651456,0.002356440464132461,0.026080900204893648
22,0.0230734959309835,0.9296979206354568,0.018237797048048416,0.0023431107992796076,0.026647675586231885
23,0.01910079450541475,0.9207748072666614,0.02762145958225203,0.001627060579549121,0.030875878066122728
24,0.004954643637126762,0.4777004313195,0.5001770789017933,0.0002602495617559927,0.01690759657982397
25,0.008354468658740562,0.856117084140919,0.1093185610731644,0.000838832922531346,0.025371053204644636
26,0.017572790228673876,0.9068438697877569,0.03517774051809314,0.0019216941410927916,0.038483905324383255
27,0.015126307914836627,0.9291036488892477,0.039076077294325676,0.0013698385190885763,0.01532412738250143
28,0.005582250455781584,0.9255760240963847,0.05099008675946058,0.0008710613074026308,0.01698057738097069
29,0.004000995046546863,0.8436004863950565,0.14656925761764092,0.0002935644366645038,0.005535696504091199
30,0.004234359285915753,0.7432622204659042,0.23456981757836565,0.00040512671224801535,0.01752847595756642
31,0.003835826016320227,0.4710051206489069,0.5068549814587369,0.0004147837628502087,0.01788928811318587
32,0.02185720041059082,0.8463240289993503,0.10975381434129951,0.002147320256441303,0.019917635992317984
33,0.006102015260035517,0.8154037537581619,0.16174691781955575,0.0007135368771387112,0.01603377628510815
34,0.02467575977946052,0.8987406885431629,0.05388083991241927,0.0023143064838904975,0.020388405281066686
35,0.009936000257567027,0.8361158003006003,0.1437123791227656,0.0005149065640838926,0.00972091375498325
36,0.009167836438177986,0.7987471565493708,0.18001071086756207,0.0008122734662687701,0.011262022678620413
37,0.014044948893058282,0.7342217190622242,0.24083715897606628,0.0005391049804026122,0.010357068088248501
38,0.006944102787820559,0.7640642769195237,0.22065164472470544,0.0005358290916022253,0.007804146476348027
39,0.02307261659591943,0.9125785892649246,0.041595595398010665,0.00315304064167854,0.019600158099466546
40,0.006187561224036898,0.5143312339130768,0.4720179415592817,0.0006216615665965276,0.006841601737008146
41,0.014264377493743,0.6981491845815248,0.27836381065895516,0.0007432528760094794,0.008479374389767681
42,0.004085511498833116,0.7228267959130014,0.26618524312686764,0.00028365086002796864,0.00661879860126993
43,0.012979451063342763,0.8666033233982107,0.10782825841669359,0.001005610245708381,0.011583356876044455
44,0.0029535378566620295,0.41971212392197277,0.5723513598576188,0.00017406089689714151,0.004808917466849383
45,0.002045582420786444,0.20068164773983413,0.7921842924901997,8.999501887930194e-05,0.004998482330300557
46,0.0040361487618483,0.35581006326077075,0.6288811747569633,0.00021994578012571808,0.011052667440292064
47,0.004048092683967581,0.4158908694460592,0.5681568656966972,0.00023698140345467802,0.011667190769821287
48,0.0038846008738962503,0.19676000624254653,0.7916709003722465,8.346414157508312e-05,0.0076010283697356485
49,0.002585019649522844,0.20297176018444293,0.7871195128988094,7.595661670719996e-05,0.0072477506505174375
50,0.004632955642585753,0.3758840034336788,0.6077635706160828,0.00013690409800012847,0.011582566209652574
51,0.004235298583659976,0.3594034787078678,0.6249552512836698,0.00012841490363586227,0.0112775565211665
52,0.0004711965012325153,0.049430757161598865,0.9485253301633052,1.8807674421501736e-05,0.0015539084994418055
53,0.004149220519526516,0.35870277052617205,0.6322662686948787,5.8696561760784823e-05,0.004823043697661961
54,0.0023366229131371163,0.2044857844447528,0.7899924354187162,3.851618664875698e-05,0.003146641036745063
55,0.003820798110121776,0.47369307538666994,0.5175758218382621,0.00010577616610753215,0.004804528498838481
56,0.0034621302529867113,0.3845071613495319,0.6068333788701427,9.498796883506196e-05,0.00510234155850372
57,0.0034011519871417983,0.4266413385882033,0.5646334830984899,8.503877236512864e-05,0.005238987553799877
58,0.0009002164656709938,0.10816786857301591,0.88935173213507,1.835485382098993e-05,0.0015618279724221086
59,0.005435432996392721,0.34875300898077566,0.6284909904714981,0.0003880071080043901,0.01693256044332907
60,0.0028022988215557743,0.20820788148760833,0.7839340920152469,0.00010423349089627264,0.004951494184692588
61,0.0013892605696395788,0.1374552346285244,0.8586965937977752,4.575568180048804e-05,0.002413155322260261
62,0.0012493258649370978,0.2512392419718958,0.7445286154045945,5.86404557975894e-05,0.0029241763027749936
63,0.0010076551437344062,0.08233982115356402,0.9146251433022001,3.7973343024273175e-05,0.0019894070574772043
64,0.0036186846788358526,0.592156874225747,0.3958346437971706,0.00019969637888016465,0.008190100919366318
65,0.001605946394565283,0.36705089980436983,0.6280378927554593,0.00014095366065839066,0.003164307384947253
66,0.0008799431119145399,0.29847507671216333,0.6967657665994146,8.425130913808711e-05,0.0037949622673695447
67,0.0017544826669481533,0.2712475502644709,0.723268305934536,7.269589810464425e-05,0.003656965235940392
68,0.001233554733666165,0.09024635686439927,0.9048515709542057,5.91226667336708e-05,0.0036093947809953397
69,0.0005865375798175164,0.039378784336994786,0.9579365299553914,2.8868665525941864e-05,0.0020692794622704314
70,0.0006140914320705439,0.0783057091849657,0.9185532647537492,5.770122112928346e-05,0.0024692334080852053
71,0.0013091694898308553,0.24102791141959343,0.7529374051298919,9.354361037546027e-05,0.00463197035030817
72,0.001266565224268255,0.2122402583191542,0.7808020706119728,0.00012842403803822668,0.005562681806566767
73,0.0015346477131227985,0.08316873232004725,0.9102334520567843,0.00012152297357442073,0.00494164493647139
74,0.0008682788557281648,0.08406406893697074,0.9128706920801901,4.24456399982667e-05,0.0021545144871124478
75,0.0015234813121115368,0.10080611690445562,0.8945955425292548,7.055981497608892e-05,0.0030042994392018535
76,0.004597456682266032,0.39738898611303153,0.591150309942984,0.00017367665941722516,0.006689570602301278
77,0.0016694186779377938,0.1341543591151342,0.8591556034196354,8.828141706720441e-05,0.004932337370225438
78,0.00042125304526550056,0.072322211374636,0.925281539838515,2.3097303022169412e-05,0.0019518984385613442
79,0.0013395884501177287,0.053664318932085946,0.9420500785262688,0.00010038737170418276,0.0028456267198235206
80,0.00201656732675594,0.04126466771105929,0.9524226936740949,9.39445063668454e-05,0.0042021267817231
81,0.0018584738397372448,0.10687144582040826,0.8880822513048183,7.499919780802828e-05,0.0031128298372282716
82,0.002324566846804876,0.03887346578848693,0.9533221527236463,0.00010598778701729465,0.00537382685404449
83,0.0032994102709808927,0.33052187412286205,0.6575158552993366,0.0004354934406447212,0.008227366866175631
84,0.0013631324630926016,0.04859225262668886,0.9432553236128111,6.179677339526e-05,0.006727494524012245
85,0.06408505083566172,0.4435309771311057,0.07595746651400005,0.0011113095794341092,0.4153151959397984
86,0.019420816650330203,0.46809812905288767,0.488173203637716,0.000540778832220265,0.023767071826845926
87,0.03471571637557678,0.8270760857896259,0.12485402888711494,0.0009322021908061643,0.012421966756876146
88,0.006311155884358352,0.3432979953073935,0.6446522692793369,0.00015244178534015745,0.005586137743571089
89,0.004671971007487974,0.2374818680153472,0.7503892448370376,0.00020113547634671063,0.007255780663780599
90,0.0017788802360920101,0.22212308396814287,0.771901067629256,0.00016408961535874017,0.00403287855115038
91,0.0016898795666481642,0.41834323484333674,0.5758617779699555,0.00015603241276402808,0.003949075207295573
92,0.0017718686836905354,0.19962301114272918,0.7958605075435791,9.350952482014225e-05,0.0026511031051810797
93,0.008017736924130707,0.6474791616763722,0.3343217013112246,0.000533392919608406,0.009648007168664052
94,0.00039403482374104193,0.04111007811424518,0.9573048459773242,2.8481585338527567e-05,0.0011625594993508253
95,0.002519792939207179,0.2974567402225723,0.6963526995235128,6.913346484906648e-05,0.0036016338498586313
96,0.0024252721240808693,0.16318412194999105,0.8302327423217496,0.00012948865692543994,0.004028374947252996
97,0.002262440466972118,0.09097945034769689,0.9032573590198196,9.362292019189357e-05,0.0034071272453194378
98,0.0006506198696195396,0.03956517449710442,0.9583966312181719,3.6512674316306066e-05,0.0013510617407878312
99,0.002706687489000333,0.13156287128420502,0.8622448965665064,0.00014675455489262048,0.0033387901053957892
100,0.0002868574179456443,0.015526679080207247,0.9831560999284771,2.538169604517511e-05,0.001004981877324805
101,0.0009346483454536443,0.03585298397119243,0.960204292573252,0.00023511284915246432,0.0027729622609494816
102,0.004162430093841656,0.3077868522058,0.684259259655359,0.0002077469660122802,0.003583711078986893
103,0.0016331934656124004,0.04776787239983398,0.9484678331056916,8.76709959509659e-05,0.0020434300329111644
104,0.0015504124969524934,0.037156270132156645,0.9588621397888966,5.075790464282563e-05,0.0023804196773513533
105,0.0021083984218304244,0.09981767317119278,0.8956698277127766,0.00010225909714903308,0.002301841597051268
106,0.003640709204993245,0.11592551713916861,0.8762496294487334,0.00012807556647146488,0.004056068640633325
107,0.0007991162411098058,0.021586073278396248,0.9755836393710271,4.1006728705589224e-05,0.0019901643807612905
108,0.001037135257525957,0.015830247655023888,0.9816825482389656,3.689813820716841e-05,0.001413170710277429
109,0.0006423399356159543,0.02663421100970951,0.9710589654697964,2.9467527807718793e-05,0.0016350160570704137
110,0.002248020265248799,0.19760929430829452,0.7962744843440223,8.659217776635398e-05,0.0037816089046681526
111,0.004197414269728153,0.1686574661079644,0.8230145943958711,0.00020734807127997202,0.003923177155156374
112,0.0037660313402869193,0.46397446359281785,0.5272583142612627,0.00029810581894398934,0.004703084986688689
113,0.0013619630173725878,0.07674350408274891,0.9193514311093265,6.815683435890417e-05,0.0024749449561930225
114,0.0020287890015224437,0.08228218684455432,0.9137602167865427,6.95825133042724e-05,0.0018592248540761378
115,0.002074214638688518,0.3238783341711469,0.6706575082743197,0.00017968908875235263,0.0032102538270925205
116,0.0009876178356194754,0.03610144502617817,0.9616546679376298,3.384205846199991e-05,0.0012224271421104793
117,0.0001605093476029849,0.011896890879788064,0.9872637424125438,1.126644605388311e-05,0.0006675909140112083
118,0.0003369822344141213,0.025977094642441863,0.9728496516295408,1.469919013200071e-05,0.000821572303471221
119,0.00045046696425982027,0.02237236275565811,0.9759987920138574,7.040555630788683e-05,0.0011079727099164633
120,0.00032308093124661243,0.025692208376075554,0.9729136124209914,2.8415498954698916e-05,0.001042682772731781
121,0.00023466528264505648,0.02107543513628454,0.9777023826938629,3.0004178913571823e-05,0.0009575127082940046
122,0.00027808691792754857,0.01136769609515174,0.9872411932853653,4.695068136405612e-05,0.0010660730201913693
123,0.0004390931780644737,0.01387734943091677,0.9848752896587695,3.7786056086666175e-05,0.0007704816761624971
124,0.001058492279212174,0.0647181034860256,0.9319367491693069,0.00013638772696613832,0.0021502673384890827
125,0.001672603564513028,0.33729000311311536,0.6571006429744816,0.00027790927170988464,0.0036588410761801277
126,0.0024093256179139578,0.10375386924685125,0.8913776246977599,0.00020110493215617304,0.0022580755053185704
127,0.002597326588039172,0.2658997758349454,0.7278256888549111,0.0002046275390486651,0.0034725811830559005
128,0.05702635200581082,0.7884504562729139,0.13993909302501034,0.002638632140401586,0.01194546655586343
129,0.036840400669787284,0.91362174189359,0.031565704961866,0.00958130379244413,0.008390848682312602
130,0.014236500560910843,0.8651584777336178,0.11349034686182771,0.002107367651005304,0.005007307192638344
131,0.014550527888635466,0.47288673680232907,0.5068499027075944,0.0008114161613683469,0.0049014164400726645
132,0.019611446363878543,0.5551444711441649,0.4181615023467117,0.0014139197910500157,0.005668660354194868
133,0.036404908042123076,0.6045262099582875,0.33977611685796116,0.004617094151423365,0.014675670990204873
134,0.007941816423672065,0.6669509087534155,0.31837823882807453,0.0019855513584216456,0.004743484636416075
135,0.02803153154468433,0.8520812544136169,0.09386003190050024,0.011383371277356627,0.014643810863841695
136,0.010666009850025762,0.8810944922437917,0.09459232102938793,0.008060196810912176,0.0055869800658826865
137,0.03561440848920319,0.8919139514624963,0.028119046359737124,0.033226528325285234,0.011126065363277995
138,0.043931354060444974,0.841259878462619,0.017435018224591495,0.09077138087349719,0.006602368378847333
139,0.0543570052786995,0.6264041592197114,0.007725343793443366,0.29566403189970486,0.015849459808441067
140,0.037788375013023984,0.274513111102954,0.0014144949400620899,0.6816427952971562,0.0046412236468037936
141,0.029031098453169327,0.23638341894573126,0.0007033486467473298,0.7307723185625546,0.0031098153917973846
142,0.03601550553681475,0.6046827869257725,0.0009015600981351832,0.34944308369336047,0.008957063745917206
143,0.03242613982005803,0.24768872080621682,0.00026287775962158635,0.7122048220484157,0.0074174395656878495
144,0.027614120548482942,0.07908792466333105,9.616448509234117e-05,0.867460539912027,0.02574125039106665
145,0.0275277008029525,0.028236878352986747,4.9291212108156986e-05,0.9343014544473849,0.009884675184567707
146,0.021861133328981576,0.006388385194604947,1.3116217334602737e-05,0.9654254257842219,0.006311939474857084
147,0.08403854340058935,0.018285467919983343,4.336857569262534e-05,0.8873668895774978,0.010265730526236862
148,0.08255894349471778,0.009882522129414123,5.04735566712159e-05,0.8504095778485932,0.05709848297060369
149,0.03417451036494162,0.005416298493122284,4.467397093652862e-05,0.9513244773654936,0.009040039805505891
150,0.029254802073750173,0.005684859363904171,2.8561564611080145e-05,0.9510067093966675,0.014025067601067087
151,0.053039239649716775,0.008030711681651821,6.68277569569009e-05,0.9048413145462586,0.0340219063654158
152,0.034783986261497625,0.005258949759402807,3.348765352556798e-05,0.9359585476505969,0.02396502867497701
153,0.09506559022446902,0.017408000087525445,3.5225291498545675e-05,0.8178286645309902,0.0696625198655167
154,0.0398740339783707,0.005774238655728751,2.7903402058163896e-05,0.9477598593702349,0.0065639645936077014
155,0.029970831485184618,0.0070015524384989345,2.496887740560377e-05,0.9584637765957582,0.004538870603152767
156,0.02792105014877378,0.004732858448103642,6.959710820484621e-06,0.9590495195296351,0.008289612162666942
157,0.02519894398258519,0.021761630861787097,1.1586553265883791e-05,0.9427260022382387,0.010301836364123138
158,0.051516009516870326,0.014090751501763442,5.467750554360122e-05,0.9220734437682755,0.012265117707547192
159,0.09547335931350572,0.01823738118415603,2.3550755259120343e-05,0.8666128922012489,0.019652816545830124
160,0.09002228087151515,0.018516153192372434,7.751959521679703e-05,0.8808555621111518,0.010528484229743774
161,0.07985773445385362,0.013335558317408808,5.3568278599330616e-05,0.8955148507005333,0.011238288249605162
162,0.069200305652514,0.04627619588193438,6.100052010357094e-05,0.8650453947270617,0.019417103218386297
163,0.030844202154514788,0.027734243547932157,4.648717250575437e-05,0.9304789451255583,0.010896121999489082
164,0.04128278722890641,0.03937446801465389,9.504145419961816e-05,0.906160412408808,0.013087290893432064
165,0.07737359505603068,0.07294558047415776,4.611853817786582e-05,0.8161156938975419,0.03351901203409175
166,0.13067487257148946,0.024657497862028463,0.00011446709222494694,0.48091350716805215,0.36363965530620496
167,0.5487305314672055,0.05666727712661417,9.399635755374953e-05,0.35747810798837987,0.03703008706024654
168,0.48530445334915684,0.046981260754369925,0.00010986046026063312,0.45375305152402523,0.01385137391218734
169,0.22985279127986694,0.05656648761010172,0.00016303867839618337,0.7000532297709178,0.013364452660717487
170,0.07504634239553372,0.10062617164467819,0.00014608313904449123,0.8184721691603899,0.005709233660353644
171,0.06575450585580923,0.5417249096676744,0.00044188723371232425,0.3825707683077658,0.009507928935038268
172,0.030797067873824253,0.4234488165352032,0.0007240222781430809,0.535949194493398,0.009080898819431556
173,0.03659472554684852,0.37814735051963067,0.0008910473636982231,0.574481141818246,0.00988573475157645
174,0.02791635506743328,0.23490136115788354,0.0005031663016879094,0.7316050660090662,0.005074051463929018
175,0.06266276319582324,0.0580172792809127,7.449619853106583e-05,0.8344457679158533,0.04479969340887975
176,0.08110739423870239,0.023519067267856554,4.7430956103873175e-05,0.19113892084752776,0.7041871866898095
177,0.3921619867283631,0.028373608135953368,4.0338488104902476e-05,0.11912842769452975,0.46029563895304887
178,0.6510821149172904,0.04883589570260643,5.0141599821115106e-05,0.15751869655898118,0.1425131512213009
179,0.060451482068517165,0.0074708967770221735,2.3017545999367904e-05,0.00825699733920317,0.9237976062692581
180,0.08194279610559081,0.004232169185740521,5.401646835849737e-06,0.010136588697254246,0.9036830443645786
181,0.7568987274567852,0.04796618249372765,0.00010300517309343038,0.13773147671634992,0.057300608160043856
182,0.3998071889932672,0.5391165853562684,0.0007256326602415259,0.03243990517050241,0.027910687819720545
183,0.19886797220276245,0.5576060449571685,0.0010521292846120119,0.1961004088323804,0.04637344472307666
184,0.2356623953892401,0.5675659538409372,0.00038506580803131154,0.1492345005805762,0.047152084381215154
185,0.07896229139786014,0.8347483515023911,0.0020215713126596813,0.07820001675233779,0.00606776903475132
186,0.114532764152185,0.7263242352473614,0.0006606582342153373,0.15309178405930668,0.005390558306931662
187,0.03135322965446755,0.8958551250506732,0.0023282515554915615,0.06607484855209245,0.004388545187275407
188,0.02875518748378226,0.9094249370745657,0.0022638005123526055,0.04956650354401814,0.009989571385281195
189,0.13899992463088365,0.5727579124525413,0.0006209684105141957,0.2568455539110061,0.030775640595054866
190,0.21782210420315884,0.5270647224015491,0.00046561853238703214,0.24290119302861157,0.011746361834293433
191,0.25392890655940875,0.43326665316931007,0.00017771476766884577,0.2558230683234858,0.05680365718012633
192,0.12250785297755894,0.6385969663839333,0.0006179545740254813,0.18846243077483943,0.049814795289642944
193,0.2387467970290344,0.20954203116044667,0.00013971350504500535,0.20839048961366288,0.3431809686918112
194,0.04163420919202648,0.009091467332221038,1.080479993904108e-05,0.022569221952683433,0.92669429672313
195,0.05101581759751366,0.007633705427885807,3.2560444880523994e-05,0.016929906782404046,0.924388009747316
196,0.016356281607159944,0.00499031100817712,2.199891638107801e-05,0.003777091718236411,0.9748543167500455
197,0.12573787728293456,0.012227199655911042,8.986218112902544e-06,0.010621893804197738,0.8514040430388438
198,0.008486441024079925,0.0008430705410976849,2.564257748734166e-06,0.0006371849996851558,0.9900307391773885
199,0.01657533644236242,0.0006138434839117432,2.100157633961325e-06,0.0013131076232401932,0.9814956122928516
200,0.014786543985952257,0.00046290558049037967,2.0574214655024598e-06,0.0016688664160060145,0.9830796265960859
201,0.5150559512845615,0.0043368925223863505,1.139409179760815e-05,0.010655553891827192,0.4699402082094274
202,0.7432555556816305,0.10758098495527625,0.0001058396509158764,0.03085148072355272,0.11820613898862484
203,0.7965908011639616,0.08516125431725638,0.00019548864350959864,0.07664922541158568,0.04140323046368664
204,0.22957786790150717,0.6423775551782674,0.0012049661057956602,0.10597675838599842,0.020862852428431177
205,0.28996272932698314,0.5355788455430962,0.0008683876050440234,0.15984571150136942,0.013744326023507338
206,0.04296167277722965,0.9129219129820727,0.007120634786599032,0.033675324500055635,0.0033204549540429428
207,0.029056173286674147,0.9332464099314395,0.004601415895863858,0.03055658966143496,0.0025394112245878467
208,0.019987695593927518,0.906475886142001,0.058995466311426374,0.011208053589948095,0.003332898362697118
209,0.013942071565710114,0.9655393103701034,0.00688784733358002,0.012101425055470464,0.0015293456751356847
210,0.010943880978245382,0.9809098677169971,0.002977548708910425,0.0036413465325285453,0.0015273560633184064
211,0.007636821165394787,0.9747144525084309,0.008815564329618882,0.006793574726472409,0.0020395872700829766
212,0.005605538501830069,0.9772770792851342,0.010942012568602909,0.004180017794743167,0.001995351849689717
213,0.005972047881146096,0.8849010639647347,0.10269658864570586,0.005096262203266561,0.0013340373051466824
214,0.01015650376515331,0.9611465162902261,0.018971892748843224,0.007389698424726119,0.00233538877105115
215,0.010078201176622647,0.9697033580791047,0.014092016613458484,0.0043628730906557795,0.0017635510401583156
216,0.006206579505169408,0.9693267990982971,0.020002786101769636,0.002675285190057994,0.0017885501047057333
217,0.0028594993863336406,0.8155371606468521,0.17943353983228305,0.0010962930449764949,0.0010735070895549292
218,0.0048432787089685275,0.9691352455696094,0.022661085351489963,0.0013509443565461463,0.002009446013386013
219,0.0029722400692624206,0.8888001480194543,0.10464289275321133,0.0014038573826202468,0.002180861775451693
220,0.002794864625918211,0.7863959810311025,0.20742977027336454,0.0013211068957345825,0.002058277173880064
221,0.005936544832403881,0.8129270736184372,0.1760732346856494,0.00186758976101724,0.0031955571024923344
222,0.0037426192904350102,0.8516359094238988,0.1397872838347991,0.0016314697488397953,0.0032027177020273216
223,0.0014733878700887062,0.44231259716476296,0.5535577084308398,0.00034254927552178707,0.002313757258786677
224,0.0018245387100168779,0.3275994992471343,0.6675592191527389,0.0004054832394916364,0.0026112596506183217
225,0.007068053329075236,0.6967073358898371,0.28597846150422407,0.001930497302834094,0.008315651974029382
226,0.004520946073633158,0.6878405504529238,0.30322503376237997,0.0011010467362249385,0.0033124229748381032
227,0.010371332120412649,0.8585083728996123,0.12464151721007458,0.0026507993534967598,0.0038279784164037822
228,0.0027053335416190837,0.23619528728120853,0.7561895801959655,0.0005998646719695298,0.004309934309237382
229,0.018717827067379556,0.7659626146246286,0.20087515362433978,0.0053217915847398245,0.009122613098912418
230,0.018804510895628804,0.9006245285110501,0.06489297762685133,0.006099125023360786,0.009578857943108848
231,0.011917132380112697,0.7051375977247364,0.26545177603478143,0.004708486630625698,0.012785007229743838
232,0.029547707864560742,0.7899965532718491,0.15303958100488566,0.012030411754421022,0.015385746104283464
233,0.10258104738377011,0.3100613631089028,0.14034658706254274,0.0030781576879003224,0.4439328447568841
234,0.15807605076671774,0.1306024586456674,0.005443473343189093,0.004552625175865327,0.7013253920685604
235,0.19850190578695345,0.04070744114023625,0.0002892784322320337,0.0006433387400783426,0.7598580359004999
236,0.5355467607050429,0.42598431005927767,0.0034441872050976325,0.0033796307586717047,0.031645111271910095
237,0.3403281889988773,0.6046288691287953,0.003991800618814066,0.0036351913363778378,0.04741594991713549
238,0.13097130335589155,0.6611925531332645,0.044149159148855185,0.0009928803102875856,0.1626941040517012
239,0.07356684176615917,0.8587564197028049,0.009127536624938332,0.006197508831615672,0.05235169307448168
240,0.12172485726203866,0.7488051043395749,0.006375430709294066,0.034989782363974556,0.08810482532511779
241,0.12625754391387994,0.7208703315723278,0.002958494250228632,0.015853907166486342,0.13405972309707714
242,0.030133779242518016,0.04513372886641501,0.0027809651664403496,0.005014550605234292,0.9169369761193923
243,0.009016090377757545,0.007153719236135771,5.21413422209897e-05,0.002422196374891542,0.9813558526689942
244,0.007310487275874311,0.006850738031160293,1.3016570117786838e-05,0.001231687202644828,0.9845940709202028
245,0.007134436993142892,0.0012381859385910252,3.7380845694435836e-06,0.0010478400130574592,0.9905757989706391
246,0.0058126792470255895,0.0014939391565895388,4.358069132836399e-06,0.00199468471817091,0.9906943388090812
247,0.008847078883846317,0.0012103392089440606,1.4751838384349098e-05,0.0016636589106803848,0.988264171158145
248,0.011400731253409844,0.0012599893250676017,3.228050331922054e-05,0.000642017415399234,0.9866649815028042
249,0.02116703138750153,0.0013864478813039244,1.4804257362993585e-05,0.0017902021463347994,0.9756415143274968
250,0.01745146478427587,0.0014229023632593885,9.509086031257767e-05,0.0021053023720647743,0.9789252396200874
251,0.03420381682609089,0.002599659234555909,7.025667067124742e-05,0.0035351693847768765,0.959591097883905
252,0.014557367779258767,0.002317029799433845,1.1975594094910597e-05,0.002342305938757746,0.9807713208884546
253,0.016809416722843664,0.0027158686725462142,2.061323810960173e-05,0.002627781062265822,0.9778263203042347
254,0.059313899026823276,0.0031101078064013567,0.00012094756916043259,0.005336715755779359,0.9321183298418356
255,0.02361505338140157,0.0018070730939566534,2.2679544896612038e-05,0.003228250693935752,0.9713269432858094
256,0.015396985248796761,0.0012206775197137329,2.3479200719993943e-05,0.0015688951601523123,0.9817899628706171
257,0.03235139237173089,0.0030830493764831754,6.651493983025688e-05,0.004686314153130369,0.9598127291588253
258,0.03310294027832993,0.0022842006809636758,2.0638440148453093e-05,0.003141035728244798,0.9614511848723131
259,0.027697329740088802,0.0008038176872802551,2.813857656886041e-06,0.0012847518053895972,0.9702112869095845
260,0.011221836846769386,0.0009953287956376922,3.2828430669169363e-06,0.0020869080784371237,0.9856926434360889
261,0.002520192194333703,0.00041784642977418964,9.860784893616663e-05,0.0002451671553625047,0.9967181863715935
262,0.008817426028248006,0.0003664695824885012,6.7373119758456715e-06,0.000298500976036644,0.9905108661012509
263,0.09802105180201105,0.0007541036618267261,1.5156476857378288e-05,0.0016109238121212908,0.8995987642471835
264,0.0356504453323201,0.00043771181910651436,4.646723993832866e-06,0.001132663552558065,0.9627745325720215
265,0.20509591781433326,0.0038773384859781693,4.695123089275538e-05,0.009212726103708714,0.7817670663650872
266,0.0254281867779192,0.0020329633736401753,0.00011965526111348639,0.0014953544624960785,0.9709238401248311
267,0.04160161586743538,0.0010857484882975344,2.0073451234869523e-05,0.002137210137838651,0.9551553520551935
268,0.006527894653911033,0.00033829416888947554,3.615652913286558e-06,0.0007527817879454972,0.9923774137363407
269,0.03314601830555639,0.0005538726801947038,4.591482582210772e-06,0.0019137273390664024,0.9643817901926003
270,0.042844453755003065,0.0012413972495247073,1.1806718141710532e-05,0.005726037555515225,0.9501763047218152
271,0.047020650332176554,0.0011244843465152059,4.713881312547984e-06,0.008806708522311042,0.9430434429176847
272,0.3282610151548253,0.009818353244341719,3.6282238325951194e-05,0.079797269672118,0.582087079690389
273,0.45614780915589087,0.0490364346166343,6.645920435637978e-05,0.22644121829325342,0.2683080787298651
274,0.12841705294921835,0.01502508909280208,1.5592961715643803e-05,0.10135468473552028,0.7551875802607436
275,0.04743558677536819,0.006828239389131396,4.194280513630556e-06,0.049041443542889473,0.8966905360120974
276,0.26557283506096707,0.01594553605286161,5.5966065361894566e-05,0.2397888018599411,0.4786368609608684
277,0.013037725640767498,0.016307093588863432,4.623719083788009e-05,0.011825875207559748,0.9587830683719716
278,0.05253691676203187,0.0017575456117749897,4.2697235434924514e-05,0.010595267641219945,0.9350675727495383
279,0.07451068267459073,0.008716316827980339,3.4910522884986384e-05,0.01487350109939842,0.9018645888751455
280,0.24483034056959999,0.007675277732108662,2.2501217120092125e-05,0.04592989568478072,0.7015419847963905
281,0.5906540777665064,0.022091290116388638,5.9147923984367135e-05,0.17190334079345732,0.21529214339966338
282,0.33431257089633365,0.029805336158552413,3.757758880599157e-05,0.18580940055186154,0.4500351148044464
283,0.3031850881325154,0.05632751988734565,8.262448584432477e-05,0.29033428097109515,0.3500704865231994
284,0.0923404764385805,0.005065950720617766,1.8807071609484216e-05,0.2715040038214471,0.6310707619477451
285,0.2627975269955332,0.025162237798870748,6.492891575620062e-05,0.6416154862887289,0.07035982000111111
286,0.25837572889833643,0.0831145859345724,8.361862703823993e-05,0.5711098802130269,0.087316186327026
287,0.043007366998265746,0.011722352990646799,5.214565818948963e-05,0.19406430560045632,0.7511538287524416
288,0.010177888874252335,0.0025548003553301684,1.1684593512563007e-05,0.03476942384953783,0.9524862023273671
289,0.03951996736842573,0.0036187060796633664,4.2568552442526684e-05,0.03233174529275966,0.9244870127067087
290,0.12762697914183366,0.001141415035013512,2.0073752381459536e-05,0.03949400394738292,0.8317175281233884
291,0.17182706006114748,0.0026378451399928188,1.580634000981142e-05,0.06799237534699798,0.7575269131118519
292,0.49212641080532393,0.01821351545955765,7.041376475384851e-05,0.21732663863946844,0.2722630213308962
293,0.5231799200831971,0.059610148106644716,0.00021778328649162674,0.20561936369347128,0.21137278483019528
294,0.011765478470562588,0.01587128926665892,1.2586535785448812e-05,0.016512764777342134,0.955837880949651
295,0.010413336472749004,0.005851342291909912,2.4636501599086637e-05,0.009903032766440672,0.9738076519673013
296,0.0030903955667611464,0.000858287168848145,5.029588419675569e-06,0.0021122468760417317,0.9939340407999293
297,0.036476777417488955,0.002539080832136445,7.482187529085655e-06,0.013904167981933824,0.9470724915809117
298,0.021025780004933284,0.0011278783277685195,6.594999594936777e-06,0.01662133331959623,0.961218413348107
299,0.01201821720857503,0.0011727266253770035,4.582374498043194e-06,0.008050882898113423,0.9787535908934365
300,0.05144185808129061,0.014053122528119596,7.741846788388398e-05,0.059066830067858914,0.875360770854847
301,0.013993020427254648,0.0011875895538842102,4.309502442645376e-06,0.03062964789003343,0.9541854326263851
302,0.06875432444279633,0.0031728279343366207,1.4015767820693021e-05,0.08501728721888085,0.8430415446361655
303,0.01401866988877988,0.0008155161989157418,2.8561848495589688e-06,0.031391545987968617,0.9537714117394861
304,0.05089519867450711,0.006297452173366566,3.1684515690590196e-05,0.03746230168170256,0.9053133629547333
305,0.11344316582107297,0.00862850570937986,2.5707078012652527e-05,0.07354437519239453,0.8043582461991399
306,0.15044321261277932,0.005129451759763721,1.7871732452268503e-05,0.04685308292105346,0.7975563809739512
307,0.011880649639010988,0.0010355410067325412,2.7990421170263355e-06,0.010154038983367043,0.9769269713287725
308,0.034964715436894674,0.0032219466057552934,1.0738561431326857e-05,0.028087683542370737,0.9337149158535479
309,0.07162524885050633,0.007427812546713448,2.5730123165295636e-05,0.044841793854987405,0.8760794146246276
310,0.029902777145901907,0.001898598160666388,4.7881266596218715e-06,0.01738612529742571,0.9508077112693464
311,0.015788487976578166,0.0016119114675638656,3.159811724050881e-06,0.012941686570218908,0.969654754173915
312,0.08907046961421991,0.0024464975399199965,6.526268595287605e-06,0.029600846380900537,0.8788756601963643
313,0.024139888422979795,0.0007819788582947802,4.885213308568244e-06,0.012708474871993194,0.9623647726334237
314,0.011622824284304006,0.000784098104234759,4.805968939128458e-06,0.013399943794038674,0.9741883278484834
315,0.02545519561202637,0.0012622518450701333,1.2456362081372891e-05,0.02128752434127787,0.9519825718395442
316,0.034383640730003766,0.0007382911767838597,1.189070038375005e-05,0.022166098673453788,0.9427000787193749
317,0.26158583404808017,0.003255954100503566,2.1219515003973035e-05,0.06216454522445502,0.6729724471119573
318,0.2247688525312061,0.0031585326870509317,1.568203701252078e-05,0.12882535979584012,0.6432315729488903
319,0.35046644503651836,0.009846825588139834,4.291662299505758e-05,0.34715008398458463,0.29249372876776203
320,0.01290888500985118,0.0008624227205026018,2.5217642133087696e-06,0.017237283938671258,0.9689888865667617
321,0.07229080296599553,0.001989216616534215,2.0887431553225682e-05,0.05679916881072609,0.8688999241751908
322,0.011737044748084324,0.0008432705754044734,2.8542003424375136e-06,0.01792137046246491,0.9694954600137039
323,0.058565598439439016,0.0012808341504916632,2.6888335420064755e-06,0.010690039177450077,0.9294608393990773
324,0.2077917735231537,0.005508157046130755,4.982352114440516e-06,0.08817058452146981,0.6985245025571313
325,0.34416361129196593,0.010972824916660049,1.9443183073003114e-05,0.1244143508914923,0.5204297697168087
326,0.008503265170778575,0.003527041667258592,0.0001384520954477232,0.00868341445071055,0.9791478266158045
327,0.01638775780662099,0.0023215552859522973,6.010186895569926e-06,0.019631274254320524,0.9616534024662107
328,0.5773613890080127,0.00813339526998608,5.320486157599283e-05,0.1149532963085377,0.29949871455188753
329,0.7299721357049983,0.007259710553722746,3.986233814446644e-05,0.08597092881634483,0.17675736258678962
330,0.374596688682467,0.06867155540553829,7.865562296906484e-05,0.4650356297225206,0.09161747056650496
331,0.09333771903771497,0.01613610590435202,1.724368868819347e-05,0.4019372436291678,0.4885716877400771
332,0.17760817720747427,0.02264702857135519,4.955378343361582e-05,0.784945523778159,0.014749716659578088
333,0.09092160712896286,0.09209869321779533,0.00010550278534195563,0.7935278396482536,0.023346357219646237
334,0.05255422202890314,0.14989864794336094,0.00031284223266310034,0.790107261943793,0.007127025851279713
335,0.17413581248479737,0.011584010583942211,3.075321544783905e-05,0.6285463080005178,0.18570311571529474
336,0.3981699572499304,0.10670395524367599,0.00016486195932901556,0.48175408438128314,0.013207141165781578
337,0.6311095293622094,0.20031317444970723,0.00010645167030992721,0.1417889997428709,0.026681844774902447
338,0.6967729874351025,0.2075292227218725,0.0002794738017706295,0.08948204029455421,0.005936275746700102
339,0.19526142324555704,0.728552182591548,0.0003003394760053873,0.0739068078168372,0.001979246870052315
340,0.03935069049416474,0.9396595487199392,0.001425305980561687,0.016995429896294777,0.0025690249090396587
341,0.005892677131578634,0.979307545905207,0.005502553325809773,0.008166885581698556,0.0011303380557061743
342,0.01584325805462108,0.9692264701280373,0.003170777006967626,0.010086124886698558,0.0016733699236754097
343,0.01017156730312069,0.9652833746767852,0.015672629675791933,0.006645373232448585,0.002227055111853724
344,0.011774572554032648,0.9140809852060684,0.06157949742058337,0.009001614203123046,0.0035633306161925726
345,0.11706429102164777,0.8674540647274642,0.001330826990715111,0.005422792797774603,0.008728024462397994
346,0.04172705197336734,0.9346600505734486,0.01859781461434922,0.002146378608942348,0.002868704229892487
347,0.021352677466230645,0.967008635678645,0.0077003488662663305,0.0014407410290199433,0.0024975969598380766
348,0.0428427189580133,0.947834807665651,0.005425456941656087,0.0017775538589105157,0.0021194625757689606
349,0.0024628475687207088,0.9740916797679059,0.020761730211695684,0.0010822698855881133,0.0016014725660897034
350,0.002727994150028305,0.9354379140745612,0.058970369398810354,0.0010718762549795154,0.0017918461216205397
351,0.008257764507217064,0.9618938061813544,0.02481927914998917,0.0018020823644299233,0.003227067797009393
352,0.02135928498410094,0.9420770319933421,0.02988069722757966,0.002302589970638443,0.0043803958243390055
353,0.0024448320819832874,0.9080216814094637,0.08767101908000671,0.00048106721706331015,0.0013814002114831607
354,0.006993474373002698,0.8235156738369446,0.16623951480847418,0.0007001293586198025,0.002551207622958748
355,0.0036250892649911325,0.8290621454397571,0.1643048152377959,0.0007044808150559385,0.0023034692424000478
356,0.004672320583625341,0.5290390722771895,0.46293208122897656,0.0009340935519703762,0.0024224323582381544
357,0.00937448116553476,0.8875735993440023,0.09517349707930854,0.002963437534868429,0.00491498487628604
358,0.00901491828017017,0.7886345976424745,0.19310319384742783,0.004618896123157168,0.004628394106770433
359,0.004831908266245901,0.8546908343337888,0.1294696419455822,0.007049968402423311,0.00395764705195986
360,0.014761361861921313,0.5303881360304624,0.41043019891989935,0.03652237351659869,0.007897929671118189
361,0.006812777532811332,0.8211554327061339,0.10364347691521679,0.06356870794804323,0.004819604897794642
362,0.022596748060066212,0.44956483229432387,0.3285513558325986,0.18788490706845867,0.01140215674455259
363,0.08454793812761989,0.09356582513641795,0.0003951984358394021,0.5874858780049503,0.23400516029517243
364,0.08537430021892456,0.07660815787985278,0.00020102043097398626,0.8239611282748833,0.01385539319536544
365,0.06127942380049267,0.03230304298971676,3.065233816784361e-05,0.9006067559856591,0.0057801248859635284
366,0.13053468637798596,0.03784302796101934,0.00016203816836822635,0.8170687580326903,0.014391489459936155
367,0.02275019695084511,0.004958628636797623,3.50069363987396e-05,0.9691344621005161,0.0031217053754423606
368,0.007036521436315289,0.006091507001676446,3.29653110872556e-05,0.9842031970923959,0.002635809158525009
369,0.009027570732055415,0.0035766635718882858,1.7343126703200835e-05,0.9855075701009758,0.0018708524683774858
370,0.011831238878872628,0.0060121218896930905,3.321895765228757e-05,0.9776745946356947,0.004448825638087333
371,0.0073642078179143615,0.0029191835781886364,3.245765199258064e-05,0.9872734111906781,0.0024107397612264402
372,0.0069640437995856855,0.0022242077140507094,2.0805867472178598e-05,0.9877123125487041,0.003078630070187455
373,0.005377600232665288,0.00164848962232914,2.9088915721745868e-05,0.9893335882492607,0.003611232980023288
