epoch,N1,N2,N3,R,W
0,0.012697585810632891,0.012447068854583245,5.888889594943222e-05,0.0010132886364558136,0.9737831678023787
1,0.029500725416314908,0.006666763129509033,8.104337496823581e-05,0.0014513781116071434,0.9623000899676006
2,0.052029080055063945,0.03529858112849289,3.4545804368472744e-05,0.0015981981775477325,0.9110395948345269
3,0.024233085969514626,0.04011857174356069,0.0008546820908623252,0.0008811652779937266,0.9339124949180687
4,0.09398114597703495,0.07869436041838175,6.504810460131065e-05,0.014316584051164124,0.8129428614488179
5,0.053534383480510886,0.14642097948295107,0.00030897208889995567,0.005200285038909376,0.7945353799087288
6,0.08847659446482123,0.19903810670009908,0.0016112200493340772,0.00632082214469424,0.7045532566410513
7,0.3003782154841986,0.21598712022623323,0.00015389421992478535,0.07000695546826806,0.41347381460137533
8,0.33872583895650255,0.42075457379610326,0.0004028137690782612,0.02299066052550723,0.21712611295280876
9,0.14914262112877635,0.6046948002596942,0.0008104142062474438,0.10706310837577797,0.13828905602950411
10,0.08508324649739651,0.7682171718302278,0.0009756792616347948,0.08153269672745396,0.0641912056832869
11,0.15945609529053337,0.721247806113098,0.0025236275234350332,0.05881348619805296,0.05795898487488067
12,0.11035193767800029,0.7342998080927522,0.004536600573888942,0.05482167518416733,0.09598997847119134
13,0.18518697557965866,0.5271571836639224,0.0009318110678895088,0.11686477856666577,0.16985925112186373
14,0.23467118485136682,0.39229233589885637,0.000633216757944534,0.10902430773818879,0.26337895475364353
15,0.08821015217009956,0.6923178736705835,0.0029118172017713133,0.049786054898353534,0.1667741020591922
16,0.03374432281931811,0.8123741983001941,0.004015536019459434,0.007107830978804536,0.14275811188222387
17,0.0919924758018197,0.5887183632090797,0.002811747833875023,0.023133772024837115,0.2933436411303885
18,0.04037802544931248,0.7692995879333087,0.007783102707476678,0.011656211085747718,0.17088307282415455
19,0.021034289024067378,0.701018238431929,0.02103287164971422,0.005072840540909501,0.25184176035337996
20,0.04916223216613537,0.5890260594462647,0.022872565878991002,0.004483186632564002,0.3344559558760449
21,0.04127257248324896,0.7462693181298463,0.017838689005527937,0.0029410882681156106,0.19167833211326113
22,0.03704006946680319,0.21492557478553115,0.025492163384150595,0.0016829751076977509,0.7208592172558174
23,0.07297863563428807,0.51992786919359,0.03642208317974966,0.0023273399239947304,0.3683440720683775
24,0.022028598860889374,0.8112278638342543,0.06584671649617724,0.0005636331520596273,0.10033318765661949
25,0.022207170270844432,0.8820503325607113,0.038109018962110996,0.00036457356097613467,0.05726890464535694
26,0.02643310662673718,0.7116168709930771,0.0905872885322432,0.0003576832657451426,0.17100505058219728
27,0.02650461075145822,0.8303615694469861,0.043100160933787976,0.00027661236770106597,0.09975704650006673
28,0.020301403493234556,0.8078504459799389,0.10954454917165968,0.00027562705399535487,0.062027974301171504
29,0.0086538080714462,0.6874699534347464,0.21829289139562974,0.00016201282490298428,0.08542133427327475
30,0.01360857800927443,0.6549325549650101,0.2487425887800324,0.0001854319395907291,0.08253084630609228
31,0.011188140832786313,0.7671197320743319,0.16408081554027956,0.00020103572917700506,0.057410275823425144
32,0.0064598385580478725,0.4670916169351624,0.5022593897196272,0.00012829073245696472,0.024060864054705502
33,0.011009446018148324,0.4730165220042821,0.48936872159258776,0.00017807403786600684,0.0264272363471156
34,0.0060929470223858966,0.49450252423938507,0.4864838256658324,0.00010999513665849239,0.012810707935738144
35,0.009432425864898415,0.406836165640451,0.5462362344196495,0.00024583407946497025,0.03724933999553612
36,0.009760825604243815,0.5317983312237249,0.41255998338470073,0.00018929964171209048,0.04569156014561841
37,0.009391183308116387,0.39747486666177834,0.5688040685888491,0.0001510808208448238,0.02417880062041132
38,0.00661343590984144,0.3476760839579552,0.6376710853232573,0.00011550102661901562,0.00792389378232704
39,0.00842489142890048,0.3385783135048831,0.6388722865885998,0.00011390412322523492,0.014010604354391625
40,0.006056394632753819,0.3165111367673359,0.6646401979718758,0.00012146485958044804,0.012670805768453934
41,0.0034930825185492133,0.2925639228071355,0.6960120438196882,0.00010566447307563129,0.007825286381551486
42,0.006243440762866064,0.24892618188919644,0.7373400265771792,0.00013942932516612148,0.007350921445592301
43,0.003988030508456324,0.1880331572692662,0.8031344970118826,0.00011010941383701977,0.004734205796557837
44,0.007629925021626409,0.3032912551074453,0.6783228198512672,0.00013747330191778278,0.010618526717743264
45,0.005120186523706032,0.2151080796199951,0.7669162970963811,0.00010263985674063025,0.012752796903177143
46,0.006243292785004925,0.1675167833295738,0.8132025065488074,0.00010153573497306029,0.012935881601640789
47,0.004146054273632175,0.1304227880956278,0.8579833222658434,6.289837876666748e-05,0.0073849369861299155
48,0.0035808001954436425,0.08269912206867634,0.9103052412636055,0.00010873265232219922,0.0033061038199522948
49,0.0020322682803585877,0.123315871554925,0.8699351435872802,9.363070981686587e-05,0.004623085867619355
50,0.00306513259138327,0.1420482298527264,0.8488298018721399,0.00014638967749537227,0.005910446006255246
51,0.002801883063832824,0.16310247492776345,0.8280240978311678,0.00012124555925642372,0.005950298617979412
52,0.0019743621130184985,0.1663669707564195,0.8263667617279543,0.00013032793485862724,0.005161577467749035
53,0.001318717945458416,0.12154425002986456,0.8730074382126886,0.00012040205485722051,0.004009191757131304
54,0.007305655367668431,0.27145868660079325,0.7099335809448741,0.00019800871926795653,0.011104068367396238
55,0.002995700988027514,0.1185864169803836,0.873325964246519,0.00011347365132327114,0.004978444133746656
56,0.00165682578738313,0.10258369740601524,0.8934914278761735,5.325835865339653e-05,0.0022147905717747954
57,0.0075464671814814855,0.22331788051251825,0.7624524748880546,0.00023617248687629282,0.006447004931069433
58,0.002627485670487518,0.10721904427538927,0.8856843986783776,6.923919561235008e-05,0.004399832180133188
59,0.004043836883125442,0.08769451136685316,0.9033468152642037,0.00010030634228753959,0.004814530143530187
60,0.013865965378113639,0.4047197657470982,0.5697567454809876,0.00024409979526899,0.011413423598531541
61,0.0013201944169697203,0.10186676764822056,0.8934366179160238,5.684943025034246e-05,0.0033195705885355558
62,0.003340647969248148,0.09743302554575159,0.8966414322844535,5.410954933910547e-05,0.0025307846512077257
63,0.002008922823440106,0.08035219340995318,0.9157532816363697,2.9399628030657445e-05,0.0018562025022063394
64,0.001930161539711052,0.09445756841192228,0.8988294363406248,6.46308081510488e-05,0.004718202899590821
65,0.0030369597771075286,0.08375028280224663,0.9094352680106907,9.144222554044172e-05,0.003686047184414654
66,0.001078753783079556,0.06465540404353247,0.931894862044829,5.640559328757826e-05,0.0023145745352714385
67,0.0014256267132845824,0.05859335058462353,0.9365089253678857,8.924312248072374e-05,0.0033828542117257093
68,0.0018648488365112302,0.08258346666803121,0.912000228056207,6.678648979961191e-05,0.003484669949450951
69,0.000815114742744082,0.06413956296515695,0.9315655054435665,4.513609696114826e-05,0.0034346807515712864
70,0.0010063475722356808,0.08590269532957653,0.9086533327821059,7.09483469078136e-05,0.004366675969174076
71,0.0017815528280706633,0.06748879607930032,0.9275474563851197,6.711111341357155e-05,0.003115083594095761
72,0.003464689065514793,0.07778971098565936,0.9151244069132577,0.00010327178714241307,0.003517921248425877
73,0.0013329746241637975,0.06173927823649645,0.9341591690223872,6.071125450014791e-05,0.002707866862452508
74,0.0024860139599292876,0.08924663278611751,0.9054392098581269,6.054016684606334e-05,0.002767603228980204
75,0.0020985510479005387,0.07655974504510557,0.9183681362552922,9.597873904264595e-05,0.002877588912658991
76,0.0013107003369518338,0.07787784400077288,0.9154312551736237,7.72663428084933e-05,0.005302934145843144
77,0.0025268693074437026,0.0679777284180017,0.9254771432798963,8.230305216336103e-05,0.003935955942494936
78,0.0014410540645604325,0.07490287673095636,0.9206291469003562,6.45724054411285e-05,0.0029623498986858384
79,0.0015642626122710662,0.04154280944021259,0.9517055006310493,8.726894471580906e-05,0.0051001583717514625
80,0.0003957877903888792,0.03331458153348557,0.9644445094106158,2.980248664417527e-05,0.0018153187788657165
81,0.002547996382165673,0.08985658370072121,0.9033125013026168,7.159202582498923e-05,0.004211326588671325
82,0.002101980252799107,0.04839541326620118,0.9392132827182064,0.0001392069730473583,0.010150116789745842
83,0.0007455471912397989,0.08286530419540244,0.9137732561204899,5.417497094107618e-05,0.0025617175219267946
84,0.0022541800621663183,0.060850508276590845,0.9323401963367789,6.885125929360968e-05,0.004486264065170496
85,0.0018379238680521664,0.08002505566790098,0.911678793668451,6.30805732457357e-05,0.006395146222350209
86,0.001735084067775169,0.08608330422694388,0.9085317781107224,6.46397150328341e-05,0.003585193879525807
87,0.001717231013759117,0.056377333953368435,0.936098990528535,0.00011725763278195726,0.005689186871555503
88,0.004402092251207109,0.05317699159507654,0.9334167479143318,9.656580269636713e-05,0.008907602436688044
89,0.001554967525326995,0.029432448266319574,0.9628664879436006,5.299191341430572e-05,0.006093104351338394
90,0.0012912185593940985,0.02630131592360654,0.968030831215278,4.4294745717511836e-05,0.00433233955600367
91,0.0021326515362250953,0.038407716490425785,0.9537543571109359,5.6146397437721874e-05,0.005649128464975501
92,0.002738379035287811,0.048491530417225294,0.9401923688040409,7.445294243048466e-05,0.008503268801015755
93,0.001764889733206508,0.058450128751704175,0.9325833521771415,6.588167743454e-05,0.007135747660513127
94,0.002710960998967827,0.05156954572099429,0.9381244666220105,0.00010789320969142604,0.00748713344833562
95,0.03030850277683766,0.15711268955410404,0.7241763140068449,0.00035414662381310914,0.0880483470384004
96,0.02023467960156297,0.14323279588264146,0.8102094348126545,0.00015692707945125117,0.02616616262368973
97,0.010832958343294766,0.07970088293989985,0.8716587854233636,0.00020235214750153035,0.037605021145940214
98,0.009622578584346673,0.0707732502915733,0.9101707903624642,0.00015058358534277447,0.009282797176273163
99,0.002241244880631479,0.06333316135776129,0.9288596946573046,7.613550017711038e-05,0.005489763604125502
100,0.005750211498301645,0.06555665424065203,0.9256886274809244,8.13563751840299e-05,0.002923150404937894
101,0.0037558997511229243,0.07549302424403198,0.9179714407663893,7.111187636256489e-05,0.002708523362093264
102,0.001309517325956684,0.04915826207811454,0.9479293528690855,3.792751129592006e-05,0.0015649402155474457
103,0.0011321071904699582,0.04178754691637519,0.9551120241500776,4.9981560506662136e-05,0.0019183401825704203
104,0.0024118892046143987,0.05978065155957768,0.9360757616590049,6.444317730260179e-05,0.0016672543995005372
105,0.0071010272638696486,0.09674985377945769,0.8830688893064244,0.00032185469060778136,0.012758374959640465
106,0.006183764033464204,0.04581008407792908,0.9442872100629586,0.0001087572891874999,0.003610184536460701
107,0.002675445092068597,0.06333168120292271,0.9291379984772145,7.9790284060974e-05,0.004775084943733468
108,0.013451332409380677,0.08910757638238677,0.8785237219916542,0.00027028443695517194,0.018647084779623114
109,0.008144360040545414,0.09252014006798297,0.8950877266034689,0.00011059273819945682,0.004137180549803239
110,0.0028500167455571585,0.09448144017913382,0.8971567086625574,0.00018581546478372576,0.005326018947967826
111,0.005279967370117014,0.1058122679786733,0.8851382004222881,0.00010285176741840605,0.0036667124615031087
112,0.0035125244281196477,0.09227181887235837,0.9003123324374762,7.146926408482939e-05,0.0038318549979608017
113,0.0017257409919127036,0.0765391249194621,0.9190602615488638,4.109022817882385e-05,0.002633782311582469
114,0.005258340881567889,0.03983795473112526,0.9354835944807199,0.0002966027963981417,0.019123507110188967
115,0.011307434127808021,0.14422926109418177,0.8227968021650496,0.00086398465343942,0.020802517959521406
116,0.0019304218874122386,0.0264781091445882,0.9638718294508302,5.339486198194153e-05,0.0076662446551873575
117,0.0022737397789065984,0.03261280536534051,0.9571197699636224,7.722893063664377e-05,0.007916455961493958
118,0.0014584740905783924,0.04276691805753117,0.9498735515124948,8.131926461199483e-05,0.005819737074783807
119,0.002822497538672651,0.09982924017109826,0.8925211433824098,7.302888945813275e-05,0.004754090018361255
120,0.0019561615521724255,0.04172056174241713,0.9487551887530736,0.00037400571621761864,0.007194082236119291
121,0.003922181885234641,0.04415519499275629,0.9465466171089423,9.857307459294896e-05,0.005277432938473638
122,0.001017611314427603,0.04139027271821706,0.9549906909273949,8.160324711138826e-05,0.002519821792848881
123,0.002110292977800813,0.03457492600546965,0.9603084756985348,6.461797092748485e-05,0.00294168734726733
124,0.0011356237245879845,0.03953913548886483,0.9572161695526842,4.591458180517923e-05,0.0020631566520576735
125,0.0012368102401585685,0.03970230544657689,0.9549192542648054,9.175709278160394e-05,0.004049872955677532
126,0.0006145645186003835,0.013094780953484809,0.984135818435413,0.00020160141947594883,0.0019532346730259417
127,0.004286498779738813,0.06350910713115321,0.91088606512005,0.0004359540876235889,0.02088237488143454
128,0.0056883029805715815,0.054339784280595306,0.9296245654076009,0.00015648212188604002,0.010190865209346414
129,0.008477471495129653,0.08550539808251645,0.8796266188372358,0.00041302532445685095,0.025977486260661202
130,0.004492511252309267,0.04737092863628677,0.9355457891632812,0.0004293095862487595,0.012161461361874048
131,0.0038799265988011247,0.04860180176358527,0.9376428017488687,0.0004225059332174818,0.009452963955527315
132,0.0014002734304871477,0.024419451358158106,0.9677865157649047,0.00029567019166595887,0.006098089254783991
133,0.006424687693588283,0.09943431280838147,0.8497117273822169,0.0018446217646954962,0.04258465035111784
134,0.0020779690198695403,0.03739561845175171,0.9369663498457749,0.0001883000196007854,0.023371762663002997
135,0.005028543556892548,0.10116572512688282,0.8509563060158308,0.00016722526772129992,0.042682200032672424
136,0.03909394901487628,0.15347869508188927,0.6227620840102028,0.0007333474166676083,0.18393192447636408
137,0.002302232209376835,0.0058058759107717725,0.004630471891419378,0.0004957302463225922,0.9867656897421095
138,0.05063180347430215,0.021985160743091082,0.01990719662099252,0.00043536639419150823,0.9070404727674227
139,0.006004537683650704,0.004697808124370705,0.004783131129418667,0.0004126999877493876,0.9841018230748105
140,0.05810075677340399,0.09901655172981234,0.006107603533721843,0.015330560796990305,0.8214445271660715
141,0.18896211161822465,0.12153451912565807,0.015900086025140394,0.004677430882247049,0.6689258523487298
142,0.41109627856562353,0.2931464828545924,0.023771021001993745,0.04969790963696527,0.22228830794082505
143,0.21054184096725176,0.49207219700043053,0.02975603918361605,0.019572022862774482,0.24805789998592695
144,0.049487074286608194,0.7762131897731281,0.010532658521531783,0.11938387862152375,0.04438319879720826
145,0.10096529813572934,0.7341728093373939,0.022212559645042207,0.09695553575843047,0.04569379712340412
146,0.042560217320679716,0.7733552130929182,0.00782802656924499,0.12599909945425097,0.050257443562906116
147,0.096225647931835,0.7535293704069906,0.04522159278929851,0.08198334768943939,0.023040041182436476
148,0.03275563390696198,0.8249365990051722,0.008892227224100638,0.12510676426854694,0.008308775595218199
149,0.16516726593248177,0.5792379679464946,0.01402621889216034,0.14657736720316872,0.09499118002569464
150,0.07387762749404021,0.7867779559413699,0.015107917553766777,0.10628910360777857,0.017947395403044606
151,0.06552964604477966,0.8026753909545566,0.037437548850391356,0.08282009403487689,0.01153732011539546
152,0.09959181245950233,0.780579097896499,0.006838683196797513,0.08714406893926195,0.02584633750793908
153,0.09224407924738548,0.8205367247797534,0.034399569347187506,0.03635125842930351,0.016468368196370087
154,0.05434413057239327,0.8439347466618774,0.07300119113402777,0.024774971981034424,0.003944959650667054
155,0.0359270763792615,0.8584526915344002,0.01810757734726378,0.061766108565312845,0.025746546173761518
156,0.01990602917652855,0.9193402520100821,0.02761872269708225,0.02682607735136343,0.006308918764943752
157,0.07629742580844887,0.8642122834796124,0.03228935057538972,0.020753902469728695,0.006447037666820173
158,0.02819386676631748,0.9054543119201582,0.041146213627297305,0.01688420189790784,0.008321405788319197
159,0.015071072974388255,0.9262083683395838,0.03148050297775179,0.021402927268403173,0.0058371284398728625
160,0.021611120198805307,0.8637642412895701,0.05158580089914753,0.04778629782298896,0.015252539789488213
161,0.02365829801256923,0.9000774683399129,0.033275584510553624,0.03216495076697029,0.010823698369993884
162,0.05091305210893317,0.7906215145224733,0.06222896596631166,0.06727009931239016,0.028966368089891757
163,0.04880407222672156,0.8418800639538756,0.030865739003255434,0.06718053197125172,0.011269592844895569
164,0.021159032153575202,0.9078215911449832,0.02671476104652949,0.03693447680146495,0.007370138853446998
165,0.020162556125245583,0.9039536156194427,0.021732468515798974,0.04858694424683197,0.005564415492681025
166,0.08245591725045917,0.7543277513560895,0.0639835092955247,0.0429458124271568,0.05628700967076982
167,0.0771461938196812,0.8656635504613585,0.009468087749400417,0.023313183356116533,0.0244089846134433
168,0.04876815377046034,0.87261015302965,0.02474328820615671,0.04312547074402704,0.010752934249706062
169,0.0735732219485255,0.8357325122371625,0.02421794386269561,0.042580857695287924,0.023895464256328176
170,0.05362825139916666,0.8509422858912801,0.040275244035257805,0.03922546529810589,0.01592875337618941
171,0.023998548032323166,0.8827247467210151,0.046939302859797256,0.04135290891417216,0.00498449347269216
172,0.057024122853504645,0.8641247465457955,0.034159766020012965,0.029297919538354655,0.015393445042332213
173,0.06829753453392769,0.8132855764133706,0.025330522608201258,0.05983619351812704,0.0332501729263734
174,0.00760453724533708,0.9499160589357522,0.022524438121840316,0.017273606205920736,0.002681359491149605
175,0.03310502229075897,0.785358501567419,0.13587458808192746,0.03138199761121019,0.01427989044868436
176,0.011809986524164907,0.9333462189870337,0.01480373889517174,0.03613692757212754,0.0039031280215021304
177,0.00903759352297258,0.9678855270861936,0.009283935573706404,0.010004120886953202,0.0037888229301743822
178,0.02731804420140232,0.870259581971392,0.06518794307755998,0.033714777397421625,0.0035196533522242456
179,0.022038848793268655,0.8813263542002147,0.06054045066005118,0.015358434596812867,0.02073591174965269
180,0.016964685294172388,0.9367597022446518,0.02027720087026214,0.016674164286438666,0.009324247304475093
181,0.03406680852350068,0.8390557617177365,0.06658380140703167,0.047866747065779584,0.01242688128595156
182,0.05081598994780684,0.7739959263194888,0.007875900453622117,0.13905404631600612,0.028258136963076122
183,0.06878439549952339,0.767449836322518,0.028040558058555234,0.10566291482148138,0.030062295297922245
184,0.03154927637367216,0.8369321742690499,0.082701592459502,0.035956859177859235,0.012860097719916933
185,0.04940261180199749,0.834520741347656,0.03682113793537629,0.05299405080404989,0.026261458110920472
186,0.04370683915131261,0.8157062705589719,0.05929308431468807,0.05225684483918679,0.029036961135840665
187,0.04562513023106607,0.8255276771475606,0.032640978577181935,0.06943901708709617,0.026767196957095202
188,0.05525184389408858,0.6774855678906553,0.09904682831053929,0.08320272429075078,0.0850130356139661
189,0.04634831274025158,0.7185679537940691,0.1427205462946641,0.0551196391072845,0.037243548063730626
190,0.05801408678452436,0.7524573112983085,0.07699891217009133,0.047264119142322245,0.06526557060475358
191,0.01886350433108154,0.7869940326001265,0.11039071483101136,0.0548060240088893,0.028945724228891277
192,0.031324710785439025,0.7246311307980106,0.0923855968262809,0.11635059234172523,0.03530796924854432
193,0.03142375103502687,0.6296147852798704,0.19453404696825607,0.11440108913265332,0.030026327584193536
194,0.04111098096340794,0.59556202488882,0.18661619002002325,0.15498978521463538,0.021721018913113413
195,0.042583207675953055,0.7295261001736698,0.1415832009735057,0.07335603070515762,0.01295146047171391
196,0.04034589215838943,0.7034654916166603,0.2111486965983119,0.038487131884711874,0.006552787741926496
197,0.05517581724044393,0.7499237792587452,0.098619726812602,0.06986858086380679,0.026412095824401946
198,0.02489254542185959,0.8379691925863137,0.08698382687552715,0.03899998861778529,0.011154446498514131
199,0.036987055001798844,0.7652085530974919,0.15058837431741492,0.032624791699558765,0.014591225883735548
200,0.019583639520240108,0.7760502267879184,0.1798711891133936,0.017709627209379852,0.006785317369067946
201,0.023723085996216642,0.8264116533166159,0.10731219028698287,0.027189522568448955,0.015363547831735729
202,0.025003685418663792,0.8056343812139793,0.11373728544524664,0.039162981683389116,0.016461666238720973
203,0.040088675971189425,0.812318270436318,0.09055703755687289,0.041633824976437014,0.015402191059182665
204,0.042883556182789655,0.8100211014075066,0.07618288059178145,0.05696923221826572,0.013943229599656501
205,0.024646013671702462,0.7695019656032255,0.12524251768196543,0.062421138791089605,0.018188364252017225
206,0.05918756507406005,0.7714666193328467,0.031569077013914,0.11672363136021044,0.02105310721896889
207,0.03201655076527173,0.7275326787449172,0.11645604190016226,0.08632871570606648,0.03766601288358241
208,0.06632868445805805,0.7382042697486321,0.06347556826872176,0.08975119193199797,0.042240285592590195
209,0.07625301636466296,0.740285777695497,0.06879081225551861,0.06961729683065651,0.045053096853664834
210,0.026155451554388705,0.7636502292902753,0.11276249695945008,0.06339819640603316,0.03403362578985272
211,0.08774290931959469,0.469223299303963,0.031177277510882426,0.08729833333512774,0.3245581805304321
212,0.0465808244264368,0.6962444552731967,0.025698682539334352,0.021582983809264603,0.2098930539517677
213,0.03072957535066024,0.8732251462542991,0.01362478752546184,0.04263961136423375,0.03978087950534488
214,0.06755549332842214,0.7503098207271487,0.03192071196749886,0.0644088607381608,0.08580511323876956
215,0.05807880569133127,0.6163133190542689,0.0027681889210315275,0.02739037778349842,0.29544930854986995
216,0.044788835584708274,0.05814744089367033,0.0002819322274822748,0.05142701141523019,0.845354779878909
217,0.00494376134905091,0.004537038412872071,0.0006207309734792514,0.004043579200126103,0.9858548900644717
218,0.13391011237154268,0.011048901980349468,0.0003217973742558758,0.09887197517373132,0.7558472131001206
219,0.19184241503292448,0.05120092572899121,9.180128769729513e-05,0.10003798503797898,0.656826872912408
220,0.14724542478627853,0.056134946336942874,0.00010369728295322076,0.04861869066311136,0.747897240930714
221,0.0901473784431581,0.01861009911248745,0.00017075057382553974,0.027084175768510625,0.8639875961020183
222,0.08956336379544151,0.029154094782199824,0.0005679434239878922,0.09858017142125584,0.782134426577115
223,0.05216836859505514,0.014169722664767438,6.601855741190941e-05,0.06326256836850956,0.8703333218142559
224,0.04452100121358941,0.009047610600397537,2.5527162668955842e-05,0.03405168368672486,0.9123541773366193
225,0.07915230035626772,0.007205074443497384,9.646271080854912e-06,0.0042660878514699475,0.909366891077684
226,0.40908455443442565,0.009438782100347392,3.266216856955044e-06,0.011718773311572112,0.5697546239367979
227,0.3675068816610446,0.03530821691595356,0.00018505417721277468,0.01835629883256748,0.5786435484132216
228,0.47586082917932465,0.03186265562654252,8.836300639969931e-05,0.03522373825527881,0.45696441393245435
229,0.011682843275893248,0.005262310561379562,0.0009746736596888196,0.023938558497817994,0.9581416140052204
230,0.008809012736084705,0.007348220764636285,0.00027627001400380664,0.007486908516187468,0.9760795879690878
231,0.010309168437571375,0.0067909032698020375,0.00010009033198551026,0.004442039045252734,0.9783577989153884
232,0.009566825787826137,0.004156258149131772,0.00018979961899570118,0.0050155069584898555,0.9810716094855566
233,0.03808265590505423,0.007947571300454977,9.189104557335664e-05,0.004267308604443214,0.9496105731444743
234,0.019224604468046462,0.013837923901713263,0.0003072894109185756,0.03455504159025022,0.9320751406290716
235,0.039235518581952455,0.01877713825757987,0.00027533286905145096,0.03018499457024908,0.9115270157211672
236,0.05319799534969633,0.031203535905138826,4.0266201461984665e-05,0.02354651971165136,0.8920116828320516
237,0.14676155828087536,0.09481838884067285,0.0003382142121913301,0.058903491383623226,0.6991783472826372
238,0.09520049163737486,0.05864803193800654,0.00013163350437857849,0.04202761755359391,0.803992225366646
239,0.04040634079189929,0.024936474572653564,0.00014217563245612057,0.025840664416970544,0.9086743445860205
240,0.07076775544396932,0.018680637049770143,4.647521302778072e-05,0.024301181255756844,0.8862039510374758
241,0.05177858536511366,0.0070024434070060145,7.620130347277658e-05,0.0032482661885298875,0.9378945037358777
242,0.1280632315460624,0.019083032246142703,1.055260648910253e-05,0.00903214216072278,0.8438110414405829
243,0.062238021875266454,0.027397588713235065,2.23714955318596e-05,0.03747277340819825,0.8728692445077683
244,0.019056111879750124,0.0022726156529729227,7.730940133417566e-05,0.007093817184055256,0.9715001458818875
245,0.03297787441120605,0.007280682335609548,0.0001449267158623673,0.03417481462103127,0.9254217019162907
246,0.17353713179716745,0.028320562032141585,0.00045299975162574314,0.07622809222554658,0.7214612141935186
247,0.16163402486811268,0.01337553847967224,0.0001011611882494096,0.0743446025519504,0.7505446729120152
248,0.12310945624543512,0.021163612842773884,8.33256507440908e-05,0.057367858061318326,0.7982757471997286
249,0.17455876105449541,0.12434480863023499,0.00032063563943728887,0.5113278341442524,0.18944796053157983
250,0.11140046987413584,0.26454343756955473,0.0005859220046725951,0.27790872920440113,0.34556144134723576
251,0.17289923702455537,0.33517455772537824,0.00024114394662874404,0.33530931029288147,0.1563757510105561
252,0.04126939067624743,0.555733015453919,0.0008821610084991367,0.360199937823826,0.04191549503750858
253,0.07105792724167943,0.4273438122544836,0.0003413805220630342,0.4233251801551586,0.07793169982661541
254,0.042947846336131426,0.18638919546202862,0.0001895090885178052,0.733233343964108,0.037240105149214144
255,0.0609788922845855,0.08925208529923746,0.000522509763005556,0.6291583321654696,0.22008818048770198
256,0.07562592807575498,0.09771147860624683,0.00014906414542087694,0.23064932587948164,0.5958642032930958
257,0.06339486992787725,0.036018826284609444,1.4817547016287785e-05,0.8871308842189358,0.013440602021561039
258,0.10118236458817376,0.14057604292325568,8.35743823851757e-05,0.7081442269959627,0.05001379111022274
259,0.16085302262993315,0.24092833334113908,0.0001400948422457237,0.40728231842151663,0.1907962307651655
260,0.14756027247379735,0.5148617742501833,0.00032535461106283567,0.24282011516811067,0.09443248349684585
261,0.17439607895793105,0.28812393316431906,0.0002869879509912997,0.31313330503204634,0.22405969489471228
262,0.10191545524750129,0.38197886369693396,0.0003346001857272299,0.3533151311245993,0.16245594974523822
263,0.047310691156857085,0.20158855359343714,8.770786015368414e-05,0.7167737043243445,0.034239343065207664
264,0.04952021370883846,0.6810209063058268,0.0006316772987703177,0.1536332873654971,0.11519391532106746
265,0.13727790113572794,0.19557336599895947,4.724300321026111e-05,0.4810089132566509,0.1860925766054515
266,0.13156287677306958,0.37332585525405027,4.8670281835188074e-05,0.2699795470829106,0.22508305060813416
267,0.10496882186107338,0.2662883102524756,0.00022500410804576624,0.30468031474516927,0.32383754903323597
268,0.13638161277818223,0.3465458337467661,0.0002115118966687235,0.4152482323202899,0.10161280925809309
269,0.09844557074134024,0.4209531837096924,0.001649704682290333,0.43544627036799044,0.04350527049868664
270,0.022564502159973163,0.8293001359331764,0.00031548671525884843,0.09726440554878048,0.05055546964281091
271,0.05072608198926098,0.5883172819433303,0.0006022373841079905,0.2748927040624776,0.08546169462082309
272,0.10676895923135259,0.16967141442558828,9.438650243412909e-05,0.6069296745126183,0.1165355653280067
273,0.05097351549280941,0.09344199838394668,0.0002181846828832159,0.8260604164299258,0.02930588501043484
274,0.06194574499909298,0.3145857770541723,0.0008266052285230066,0.5476531619020331,0.07498871081617864
275,0.10977198207746428,0.308454848863383,0.0004288718511656444,0.5068239573377019,0.07452033987028518
276,0.07728442003204164,0.49836381986560496,0.0008969071693557686,0.26318699717134125,0.16026785576165642
277,0.055554780080529116,0.44642849824828656,0.0008348340534438958,0.4704881740948673,0.026693713522873256
278,0.15389692581436812,0.3733521200220307,0.0005737821098737288,0.3587832367074458,0.11339393534628173
279,0.08497903706319208,0.7137479451078728,0.0018385909560173954,0.1471974315450342,0.052236995327883645
280,0.04198646470493488,0.7201326322967465,0.007428952284990387,0.21355555255530617,0.016896398158022134
281,0.034052137179142156,0.6540986153559635,0.008000176836295888,0.2888637653291552,0.014985305299443303
282,0.0169481636100994,0.7931105681214613,0.0043057782413330374,0.1790958782423332,0.006539611784772817
283,0.039896096080423354,0.663145753417635,0.004850008637224798,0.23666758956182876,0.055440552302887955
284,0.02303862483526922,0.7884251214315099,0.007743061397428974,0.16599636239368787,0.014796829942104007
285,0.0381150538863738,0.7259458643345565,0.005057029799467974,0.2052603379196926,0.025621714059909043
286,0.0331794960408453,0.8507465945280245,0.0058510057055283435,0.08678204093960917,0.023440862785992594
287,0.02507677953285972,0.8844163124477464,0.004470357808843295,0.06699017861475594,0.01904637159579445
288,0.10336304644399462,0.6740389960670482,0.014185383653254884,0.09402847212737367,0.11438410170832865
289,0.12602180178630196,0.5672451512334635,0.010897865693274698,0.20374596592685446,0.09208921536010527
290,0.12351110043416212,0.7075916093966469,0.00476644284315956,0.05447899997839948,0.10965184734763198
291,0.10410697370559684,0.7474321484861578,0.021124423823986466,0.040844461989752855,0.08649199199450618
292,0.057352957135951406,0.8575404485743806,0.0242919087268853,0.01834843291507043,0.04246625264771219
293,0.13412849030784846,0.6801814444125018,0.005033092451900883,0.036739346591245406,0.14391762623650328
294,0.09619120087112809,0.8175678295111471,0.018930795971455805,0.029497219818036595,0.03781295382823249
295,0.18709615853610514,0.6754760363353736,0.006702096448878532,0.02350415879367149,0.10722154988597124
296,0.10817575082455676,0.8057499825224103,0.022392666766791743,0.008982325420650866,0.05469927446559037
297,0.10182306979076723,0.6679482977844299,0.015243091826134765,0.005026120361375732,0.20995942023729244
298,0.09088895941715712,0.7584932530063812,0.030361608248112005,0.006296117327016773,0.11396006200133287
299,0.11562676036861799,0.8258213074265573,0.012013375222566186,0.006002155626902393,0.04053640135535605
300,0.10063257650393634,0.7183689645445136,0.02061698663544111,0.007886880101431659,0.15249459221467723
301,0.12975864841061133,0.6351727517081446,0.059273618394453165,0.01093777966830873,0.16485720181848224
302,0.05530088755190875,0.7951840155452894,0.04357025939387778,0.0029230917268931824,0.10302174578203105
303,0.18674504208763837,0.7300317292260203,0.029499974774451078,0.006800541255948424,0.04692271265594176
304,0.1866371799352091,0.6631535827242288,0.017476979642484777,0.007923008661120253,0.1248092490369572
305,0.12144851385196526,0.8022457861976832,0.01851861183915285,0.00488889474399988,0.05289819336719876
306,0.08691867279489172,0.8099306791201186,0.044064301937398874,0.0022066685260158474,0.056879677621574934
307,0.22563029512877625,0.6879165514286215,0.016305461722423635,0.006755383124405681,0.06339230859577294
308,0.1901063402294762,0.5915338989520272,0.017974989526360226,0.011207296506651478,0.18917747478548486
309,0.1040667521170324,0.7673108097744112,0.04227892468175931,0.007238784795458099,0.07910472863133909
310,0.09260740928292684,0.8455143118340301,0.03164658329525086,0.006820570204786021,0.023411125383006062
311,0.0889973104198349,0.8032927565727677,0.03672015475394839,0.006550365270410836,0.06443941298303822
312,0.10071476968573657,0.7922015316058185,0.05437716099510197,0.010761804676345233,0.04194473303699767
313,0.05825661282133406,0.8266919608099184,0.052310958246942416,0.0060617775859381625,0.056678690535867146
314,0.1034200726404142,0.8318116843468972,0.023382245090607972,0.011797007043353609,0.029588990878726785
315,0.07457941594058305,0.8503988383428496,0.05061013972964123,0.0050987522614249214,0.0193128537255014
316,0.08579043632621002,0.700586814676658,0.060765683901536395,0.005999184001629489,0.14685788109396614
317,0.1138350755427242,0.6966371095221036,0.09457473491687804,0.0051930460605821935,0.08976003395771191
318,0.07128884847368197,0.7874943101128073,0.09959237271501113,0.007130003177444887,0.034494465521054715
319,0.098429219068179,0.7697499646418678,0.03142193762871248,0.007734835928038842,0.09266404273320197
320,0.0872058674064336,0.8187712454867708,0.023521347886790157,0.006591046462809338,0.06391049275719622
321,0.07153947794178268,0.7759735187959035,0.07485591291496722,0.009288548382149462,0.06834254196519712
322,0.10104219867915384,0.825704096875205,0.02350201658883623,0.010566130459469114,0.039185557397335674
323,0.025072126159821132,0.811013236369709,0.14536245031177966,0.0022885810660398416,0.016263606092650474
324,0.05339870769698684,0.8481200555965516,0.029347426453685713,0.016991345643639834,0.052142464609136026
325,0.033639653247718365,0.8023351019967779,0.07068852344463916,0.01027018065319011,0.08306654065767446
326,0.04859380756903267,0.7130906133393792,0.07189610235341494,0.006331369683966433,0.16008810705420679
327,0.08347487574356824,0.7510209267323327,0.05431049777513936,0.013896825667180052,0.09729687408177978
328,0.08617404523674113,0.7272178865429205,0.03729086593482901,0.008077915158344362,0.14123928712716516
329,0.058237554168054345,0.8180843893611878,0.03415114153306006,0.004513973449754692,0.08501294148794321
330,0.06541711240783321,0.7399940911812551,0.0238932473717373,0.012586874377384804,0.15810867466178954
331,0.033769996744081286,0.8372923915039082,0.029172488368278866,0.013046989150886926,0.08671813423284465
332,0.04884769293494073,0.7984314819635354,0.025617399217793966,0.010818337398382625,0.11628508848534731
333,0.02263903058066473,0.8558040537806789,0.062397575922376845,0.00430902987150012,0.0548503098447795
334,0.05149452340460895,0.7802790021937761,0.03663355135176013,0.011122296769373635,0.12047062628048126
335,0.054547767785261755,0.8393569480790276,0.04463031070793895,0.008913765370096425,0.052551208057675096
336,0.027860351522950775,0.8893770303338537,0.05030514420304223,0.010502734674980613,0.02195473926517284
337,0.04867867640814139,0.843766735155114,0.05411672762035168,0.020667574016657534,0.03277028679973532
338,0.04980904320381154,0.8421009428254821,0.04497073504716821,0.025151125871916938,0.03796815305162115
339,0.03746109138811971,0.8771391911574686,0.0464423693712481,0.011700415048886486,0.02725693303427708
340,0.021522161248842663,0.871377542875278,0.05942918702989284,0.006200682739537744,0.04147042610644863
341,0.022479637057093507,0.8312452630757018,0.12974738206318379,0.0035676862597526066,0.012960031544268395
342,0.021822383117820345,0.7537442269993507,0.18747787474503635,0.004220395628278304,0.032735119509514285
343,0.04344288355814176,0.8310899789693056,0.055829423192459614,0.006380109656886971,0.06325760462320582
344,0.01259843324729717,0.888499048813529,0.07362130502063122,0.00155096140486,0.023730251513682514
345,0.04467209740964792,0.8598123698483766,0.06203453853708128,0.005116004022575051,0.02836499018231924
346,0.025866069251297447,0.8870200318718687,0.04024377061750043,0.0056191693737343805,0.04125095888559899
347,0.018575406645359577,0.10618369303749298,0.02697146420438448,0.0026643949491782764,0.8456050411635847
348,0.05371205245315895,0.1012029453789968,0.0057749290899475,0.0017895732982164036,0.8375204997796803
349,0.118055119597339,0.3599281534251968,0.00883658317835869,0.009751424431014765,0.5034287193680907
350,0.2621335213386217,0.6007232189179241,0.018043942300810776,0.019377256396368857,0.09972206104627461
351,0.07943272012701498,0.8248175945239979,0.013802031479525674,0.03328929469196045,0.04865835917750079
352,0.0709036593354172,0.7848420233625907,0.01030021426034645,0.09255087708022793,0.04140322596141784
353,0.029115956250848677,0.858186127651492,0.015601063285389901,0.059113074959166984,0.03798377785310246
354,0.10545869524037918,0.5731272951210052,0.002714027810709083,0.2358028156156684,0.08289716621223805
355,0.1544273669585299,0.3068871783726529,0.0014792499617395458,0.34337287635738095,0.19383332834969666
356,0.25004188320979087,0.3941287836048914,0.0038912972764824413,0.31535336293704824,0.036584672971787
357,0.15154400058308576,0.4739016280489811,0.0022836523762308557,0.3224056009088598,0.049865118082842566
358,0.1643491143712788,0.38095591505983867,0.002519193692795038,0.3541698162038086,0.09800596067227876
359,0.11196646048354877,0.6158298030924345,0.00875944540448826,0.2203397147508582,0.04310457626867023
360,0.10762201287409277,0.6784599227202626,0.008342112943110006,0.17119502993407998,0.03438092152845457
361,0.2265699498818723,0.5576544602108504,0.008665013661018364,0.11548919985892828,0.09162137638733053
362,0.09757238749133242,0.8141221086464405,0.03523961881030517,0.03139994633013951,0.02166593872178243
363,0.09971587695125235,0.7476059444731292,0.041213106995694165,0.028099172088740684,0.08336589949118349
364,0.07133787353141628,0.8728821259199838,0.03472630011252205,0.008841895978230813,0.012211804457847034
365,0.07442913106334559,0.806486273214177,0.06433851788328997,0.014588991452136168,0.04015708638705136
366,0.08443327436029538,0.6548778405427189,0.04518099234352039,0.025322940323259685,0.1901849524302058
367,0.1513908777724456,0.6136601293501819,0.11760153411535294,0.011737905927315969,0.10560955283470358
368,0.10955644173997443,0.442758172098871,0.09091698045974686,0.015225021837832595,0.3415433838635752
369,0.09294444245460468,0.6294852291939941,0.07177079285452442,0.014812830754930709,0.1909867047419461
370,0.08841596728096873,0.5394645324740868,0.029140236285488723,0.011438185021941879,0.3315410789375137
371,0.16118807781518638,0.30608208531338615,0.009572757797592169,0.022510221204416522,0.5006468578694188
372,0.004166237948330563,0.016520861467208568,0.003647310431908746,0.002793156521167978,0.9728724336313841
373,0.25809782145063065,0.07500312285531989,0.0021575263862621237,0.015349205222504617,0.6493923240852827
374,0.5798381371423043,0.16949027258749408,0.007187900620981438,0.02523757817087679,0.21824611147834355
375,0.36140061940395274,0.1616634930184097,0.0015100369817235711,0.0209865004535047,0.4544393501424094
376,0.4959071666725116,0.2913044958568081,0.007532323923383076,0.08421141419355656,0.12104459935374069
377,0.2395556047358514,0.3577384286910189,0.033745472840783775,0.04873539402691112,0.3202250997054348
378,0.1269498475100291,0.7115965933427584,0.07899621169161815,0.034852324845280475,0.04760502261031383
