epoch,N1,N2,N3,R,W
0,0.017073177941149507,0.01936585379477845,0.0023506043674993093,0.003974915802718607,0.9572354480938541
1,0.0029991032266571457,0.00660675831515215,0.0017806044624385133,0.000769578419007679,0.9878439555767446
2,0.06894885775073407,0.060024588525915176,9.766842510901375e-05,0.07032342996028094,0.8006054553379608
3,0.03134193233839419,0.03321005358355792,0.0005117234720755409,0.04757205776535431,0.8873642328406182
4,0.0762234958631061,0.05128462153742718,3.81401937546962e-05,0.07398360350656862,0.7984701388991434
5,0.058040792825911514,0.01448119218167635,0.004322339250577217,0.02445892744247555,0.8986967482993593
6,0.07856609780070387,0.01576645642030817,0.0002882595329425594,0.02375501210281999,0.8816241741432254
7,0.32073953928890925,0.07353710101640187,0.00019296265942301535,0.07370269777968402,0.5318276992555817
8,0.4595234180571839,0.07995541901508632,0.0007449880646190948,0.07483864563827061,0.38493752922483987
9,0.3687369605895465,0.07442388707944238,0.00010123239458501448,0.16908334757108942,0.3876545723653368
10,0.45534491932578025,0.16766305783785432,0.0017724947860727873,0.031243305637038924,0.34397622241325376
11,0.22246534878360422,0.3349918299916386,0.006964603352895448,0.01838909081702874,0.4171891270548331
12,0.19350923261672212,0.6079357285621568,0.027922742053661638,0.01390751524527368,0.15672478152218564
13,0.13330064051519128,0.6372272875090382,0.036444542915139815,0.012632038028144754,0.18039549103248587
14,0.053763330703051,0.7062927900989716,0.02928843194802872,0.0022008551547861637,0.20845459209516246
15,0.06838039586420305,0.7338388265653064,0.04415009095167966,0.0035279691327445247,0.15010271748606638
16,0.02670116554765034,0.7667379409821472,0.12335621633826464,0.0012732101200038787,0.08193146701193416
17,0.09173943082823141,0.7558202180415312,0.050961817370373245,0.0032643204763058106,0.09821421328355842
18,0.02550832635402894,0.7494940503684819,0.05097592926330283,0.0006450590703002027,0.17337663494388614
19,0.06015159044643139,0.7643885371905409,0.06462156703265534,0.00081414988932224,0.1100241554410503
20,0.013220185711050192,0.030559974235146798,0.009811398486003394,0.0005492577980152971,0.9458591837697842
21,0.0698934378545557,0.1300563241738963,0.01955004741805001,0.0008631564765404816,0.7796370340769574
22,0.0825308670160785,0.14649398068918,0.0065596040840796566,0.00047624231131534534,0.7639393058993466
23,0.05387568602791705,0.08853316124787543,0.003037956537080199,0.0006762235674567768,0.8538769726196705
24,0.010073614957987287,0.059982320669421725,0.0037045824146867993,7.250093265944668e-05,0.9261669810252449
25,0.05476205551383328,0.20121940661884716,0.008401715291149556,0.0002100782932294156,0.7354067442829406
26,0.18742679353329325,0.2760308450888028,0.009852643355114888,0.0007533897883759227,0.525936328234413
27,0.027429413378508544,0.11214204823273216,0.0038092133673197975,0.00022667711366741839,0.856392647907772
28,0.08752432704610326,0.351936508725035,0.003560375610777244,0.0008843355660552591,0.5560944530520292
29,0.02886897778804462,0.1657020470438756,0.005388291574350259,0.0008623429296946198,0.7991783406640349
30,0.03503218578589582,0.27555033760772507,0.00741598998841859,0.0001565621353745043,0.681844924482586
31,0.053443409718090265,0.33992542081552757,0.01220628940764048,0.0015077797898979733,0.5929171002688438
32,0.06869354225381384,0.29581300275536954,0.02116022042467309,0.0015808957437409559,0.6127523388224027
33,0.043098974827171566,0.416299068836796,0.016168047917317088,0.0002794280838266329,0.5241544803348888
34,0.2023265569908843,0.390595651988263,0.008710116914241346,0.0012355348347168644,0.39713213927189445
35,0.1476101264111713,0.5716653301701035,0.0283091762921975,0.0020842153771646835,0.25033115174936293
36,0.2514939156838515,0.3802887144292916,0.039225352650381164,0.0016183715373371934,0.3273736456991387
37,0.09020825909397785,0.6717835935608192,0.015030163403045402,0.001727585288763487,0.22125039865339416
38,0.08415402591689167,0.5758858885140109,0.060859994271544066,0.0010373539870346719,0.2780627373105187
39,0.07096531894301145,0.6797900353781994,0.028657032488682208,0.002592366752365285,0.21799524643774165
40,0.04142325693254649,0.7082191056836893,0.05343986338509036,0.0016396475596725819,0.19527812643900128
41,0.014698167419434917,0.19689532039835275,0.025463154375366358,0.0008846789828468205,0.7620586788239991
42,0.029963615628923416,0.6746081084758245,0.024791104697315235,0.0006271069778083822,0.2700100642201283
43,0.06131869063995283,0.5364010386624861,0.01831780443217039,0.0006278119299894345,0.3833346543354013
44,0.07045519760326496,0.7928973295589846,0.03783695946224256,0.0008280323355572041,0.09798248103995084
45,0.08446138811978036,0.4603638831460112,0.010236585185530655,0.0009762617002276507,0.44396188184845015
46,0.11080473990684636,0.5647985311321605,0.03205873741126896,0.003136811687430042,0.28920117986229404
47,0.0339397510314555,0.7732508936327764,0.06219773592630552,0.0006822187754692983,0.12992940063399325
48,0.0509735193383692,0.16454298662401595,0.004920494458293214,0.0008351907823818054,0.7787278087969398
49,0.04974549926011955,0.7932699475722238,0.0456839816179472,0.004390260163110748,0.10691031138659868
50,0.07417678430146091,0.7505649953691752,0.0190269905332006,0.0013971606050707857,0.15483406919109252
51,0.08106416123380535,0.7391988167699238,0.0807327562688919,0.0008752582119623566,0.09812900751541659
52,0.04181199008079374,0.777831720408327,0.03888657529001468,0.002457666159450816,0.13901204806141382
53,0.04206263209158666,0.762934564026548,0.041822010663373245,0.0009503086899738755,0.15223048452851817
54,0.027574632373812306,0.8623389855617625,0.049088836247127364,0.0019191434649708274,0.05907840235232713
55,0.050595080420321424,0.6723545943967559,0.2125437368852972,0.003098444896728981,0.061408143400896634
56,0.026611363611572816,0.032195570177804965,0.01026110139063475,0.0009849413795529987,0.9299470234404345
57,0.1268223970952748,0.6759654253295337,0.08894877245606657,0.0024028946885156677,0.10586051043060939
58,0.07228174028717443,0.3335378237240286,0.01037569136453047,0.0013017643338091608,0.5825029802904574
59,0.2445637894495603,0.49887200073942595,0.014381942745993451,0.0009141812071720569,0.24126808585784812
60,0.10311979115994024,0.7699174132499408,0.04887892470317295,0.0011098428655790117,0.0769740280213671
61,0.06965188964480902,0.824808640608744,0.06649158696457898,0.0008284597085579056,0.038219423073310325
62,0.09964976781803471,0.6472767302417473,0.03174453438171201,0.000741765597739739,0.2205872019607662
63,0.06702144718213625,0.842171349403677,0.056310370862935714,0.001930516614291957,0.03256631593695915
64,0.03828691572081696,0.8744929328562686,0.07004511301510143,0.00022065299333425743,0.016954385414478673
65,0.061239801473551535,0.6972289552137715,0.22988698270085345,0.00011917061593282507,0.011525089995890773
66,0.03552485811865547,0.6359102625041826,0.2903224155644789,0.0005254325793662137,0.03771703123331672
67,0.01681562410413426,0.4137783881517315,0.5495454488309599,0.0010796422610306452,0.018780896652143744
68,0.003683818837226362,0.09191624850260464,0.9001275266328714,0.00015580336101467642,0.004116602666283016
69,0.008516038767928988,0.19603392009611895,0.7775383005143227,0.000647665941068085,0.017264074680561233
70,0.005323537632593532,0.12257457433340914,0.8600825620590953,0.0005398184438197397,0.011479507531082133
71,0.00621020558118924,0.10559865556752421,0.8838365350979608,0.00021264443679513091,0.004141959316530733
72,0.002882844616113111,0.06337097846996415,0.9263741909967053,0.0003415673911177774,0.007030418526099713
73,0.0038129248346223145,0.08858549009514079,0.8970858567295029,0.00043891902304659145,0.010076809317687271
74,0.002544936142435588,0.04814893764337411,0.9421763909855292,0.00011809669859031844,0.007011638530070674
75,0.0025745862324204043,0.055073319112667336,0.936385670356411,0.000202563056402849,0.005763861242098359
76,0.0014811778278967162,0.03768598544011849,0.9561957283879469,0.00021754416909297006,0.004419564174945041
77,0.00847969357993295,0.15502421071782224,0.7794790317087654,0.0011188991054715475,0.055898164888007966
78,0.0010839037349330393,0.027531778612298916,0.9662895462281976,0.0001287418304841055,0.004966029594086205
79,0.0013891264360964596,0.02079041650880548,0.9690221514829451,0.00023821205537485085,0.008560093516778089
80,0.002720794729084603,0.04357679429778127,0.9428956174657865,0.0003468405354847939,0.010459952971862946
81,0.003924647761687676,0.07585286244054727,0.9107098672536096,0.0005381435412564443,0.008974479002899029
82,0.0014283522475238759,0.027832288665176712,0.965914231377195,0.00020613243666703574,0.004618995273437334
83,0.0017709005012062572,0.032318856458854114,0.9617559062816917,0.0003273174618644762,0.0038270192963834426
84,0.0017951543618561472,0.03623761593037879,0.9558642258867115,0.0003346541427858946,0.00576834967826777
85,0.0031945748771029046,0.07581623303631088,0.9129185407775787,0.0004961490266350639,0.00757450228237229
86,0.0006551133357836966,0.021939436555224814,0.9737082179455405,0.00023829433614755823,0.0034589378273033504
87,0.0019778297611063303,0.040797444978703155,0.9530676127272033,0.0002894667363686634,0.003867645796618548
88,0.0011384946282357448,0.025633289512518264,0.9668364912219412,0.00027631743232406803,0.006115407204980735
89,0.002640319769596347,0.06524312168324813,0.9202295366660629,0.0005101712092229541,0.011376850671869776
90,0.0005762985298822336,0.021947624341370237,0.9734213865828812,0.00016065108266530252,0.003894039463200946
91,0.0020499997204944925,0.04094109838565079,0.9464177390811399,0.0004301481855930143,0.010161014627121765
92,0.0007430948531037996,0.031203381200004616,0.9635750441503544,0.00021578790906267922,0.004262691887474398
93,0.0007673830063057872,0.03555295614546958,0.9590272822134319,0.0001847208915052575,0.004467657743287311
94,0.00046258943079228277,0.02201990214022607,0.9740336438268151,0.00015977581582705735,0.0033240887863397396
95,0.0037162587253832436,0.11148325272141148,0.8694191433303321,0.00037710737498708805,0.015004237847886225
96,0.006334753355878785,0.13495673853842743,0.8209241678125646,0.0008961532287356523,0.03688818706439352
97,0.001496473446493806,0.04007785392159013,0.9501162769502738,0.0002262962232769201,0.008083099458365429
98,0.0009556999275960751,0.02743904656114234,0.9645738881547743,0.00018932469034365636,0.0068420406661435194
99,0.00015948499135604263,0.012639960010178215,0.9847300858914043,7.227938784154987e-05,0.0023981897192197447
100,0.0011559755372983873,0.03326361264405345,0.9588341180116908,0.0003286788876830297,0.0064176149192742594
101,0.0011503605685103458,0.044146620648902235,0.9510146436450212,0.00022503645225026173,0.0034633386853158217
102,0.0009833540007672863,0.03790267714365404,0.9554763953911484,0.00037908553471999114,0.005258487929710211
103,0.001360986914370966,0.05769956653609544,0.932821193538207,0.00046356209904340823,0.007654690912283109
104,0.0018249021240487153,0.05123366294025086,0.9421099711621078,0.00038595335346411586,0.004445510420128561
105,0.0038812273660449948,0.11550989394145336,0.8734544623196538,0.0007828558607731756,0.006371560512074554
106,0.001236756317599403,0.038176692520810504,0.9566584421353068,0.00029290369912642126,0.0036352053271569464
107,0.004231687558782537,0.09258314383562084,0.8976733594353884,0.0009250993348038258,0.004586709835404588
108,0.00037243342841466245,0.036531771662567006,0.9596113356097181,0.00025471981530403944,0.003229739483996241
109,0.001339976105634397,0.047648275891260396,0.9476239949966331,0.0002384220961122174,0.00314933091035982
110,0.0018368925869726715,0.08645791383369193,0.9077985114925632,0.00036179646274178695,0.0035448856240305475
111,0.0038176076049662414,0.10626066082685058,0.8868992919290246,0.00040419878854671066,0.002618240850612015
112,0.000688000575040055,0.03120019880456924,0.9666373581797227,0.0002771558509834618,0.0011972865896843895
113,0.0003463534485319045,0.02606540871930238,0.9720207815543084,0.00010448388067780902,0.0014629723971793785
114,0.0012458678960922524,0.05829995621846416,0.9383653519827954,0.00015975121968506525,0.0019290726829632083
115,0.0031896690992223196,0.08940125631937738,0.9033610704848068,0.0004231045504370704,0.0036248995461564725
116,0.0009586021768649203,0.050318590353301516,0.9465245574129943,0.00024611625724216876,0.0019521337995971365
117,0.0017783052820726166,0.07498653042181681,0.9205393300023773,0.00021433476172238474,0.0024814995320108168
118,0.000499646714595732,0.04325097080746806,0.9531960193900226,0.000217763403935274,0.0028355996839783326
119,0.002085117937257333,0.07003969169455393,0.9240540085536278,0.0002671439788339489,0.0035540378357270864
120,0.0027348177551469142,0.0648018108569526,0.9286365181534086,0.0005112702647880169,0.003315582969703869
121,0.0013163961268141944,0.04433012851832888,0.9511807106756349,0.00029189976640793866,0.002880864912814109
122,0.0030288223853911773,0.09975056916317103,0.8878876775839839,0.0008328355111427236,0.008500095356311195
123,0.0005073968304763912,0.030054662456589498,0.965603322644256,0.00023636547367368162,0.003598252595004537
124,0.0013032428251316345,0.06906981515715079,0.9254541907765249,0.0003289257801121961,0.0038438254610803258
125,0.0006513578500777369,0.03870856211990813,0.9572009713047296,0.00028847983885228837,0.0031506288864320826
126,0.0006901469667650991,0.04400809240931745,0.9525500163407626,0.00023890853776139506,0.0025128357453934025
127,0.0015261906175339838,0.06934432964847817,0.9225590250971446,0.00038644732650051266,0.006184007310343034
128,0.01682551098710724,0.4834803292488095,0.4453473458845782,0.003998117465540081,0.05034869641396485
129,0.0014331405796546772,0.06801724325061062,0.9275276289774542,0.00020014545896172538,0.002821841733318781
130,0.002146848093060811,0.06623473037179001,0.9271632041009251,0.0003552674923681495,0.004099949941855803
131,0.0009098097278578447,0.03933208210008311,0.9562432270238117,0.0004364254171086786,0.0030784557311386946
132,0.004078902946834758,0.09844276758519019,0.8936249698402459,0.0007722222276513059,0.003081137400077935
133,0.0038507794018851054,0.10163994811383674,0.890874161501869,0.000382443136167881,0.0032526678462412137
134,0.0022738248189505964,0.07967635169463025,0.9156424097129925,0.0002964479184407971,0.002110965854985966
135,0.0026185895576737875,0.06760419323743856,0.9262630218465324,0.00042179392070306804,0.0030924014376521973
136,0.0005815423735676586,0.05795001792523741,0.9397799935986074,0.00018406787477635096,0.0015043782278112909
137,0.001765031027824457,0.05836177371586543,0.9380555669199989,0.0003005363757192999,0.0015170919605919397
138,0.0006960629520976169,0.03296225217105642,0.9647065097641002,0.00028737158632624143,0.0013478035264193936
139,0.0009935949181149285,0.05195810371780636,0.9451523482318657,0.00025574062984619437,0.0016402125023668296
140,0.0013193051733526849,0.06840698978554076,0.9275291258305562,0.00020883692479074055,0.00253574228575948
141,0.005299579389608493,0.10574404399792184,0.8833760839215684,0.0010864456908990826,0.004493847000001996
142,0.0006937702332359375,0.04987589468176051,0.9469463046949218,0.0002415381159688722,0.0022424922741128943
143,0.0005166809177714082,0.04442228065954696,0.9536365470206939,0.00026641213003118596,0.001158079271956363
144,0.0017928065192315986,0.08357004639945267,0.9124382559674944,0.00046857753000539496,0.0017303135838160472
145,0.003467556259981259,0.13579680328862004,0.8549762602805695,0.0004656572214048795,0.005293722949424299
146,0.0024926246071643138,0.11026384749031155,0.8846605793830876,0.00026629381614182146,0.00231665470329463
147,0.0010796252883153185,0.07219361177819764,0.924052995072042,0.0002092520720002661,0.0024645157894447552
148,0.002182228433576143,0.09066738310283698,0.9030988435976975,0.0004627498586036518,0.0035887950072858257
149,0.0016883553605220795,0.07082163404259592,0.9253601277584036,0.0003357499548528381,0.0017941328836254707
150,0.00046557320281002593,0.042318734766095205,0.9548504393990921,0.00018717262145993385,0.0021780800105427483
151,0.0022889306399315277,0.04561670183118399,0.9462084141405119,0.0009020598777277074,0.004983893510644789
152,0.013609250391488118,0.262647538261228,0.6999417620872458,0.012075433516736001,0.011726015743302188
153,0.006561362830584451,0.08188456083853948,0.8742325504924102,0.014632967551727407,0.02268855828673849
154,0.004078801177076424,0.06929984577451777,0.8709153253033104,0.019289845554097806,0.03641618219099771
155,0.03585853059927904,0.18949032051469297,0.6352569388376356,0.03532048506189209,0.10407372498650042
156,0.046721261364283125,0.1256417409410023,0.2282202951545446,0.01939370045502145,0.5800230020851486
157,0.041058633757863006,0.059919880079708006,0.03199314743236246,0.002984751429911655,0.8640435873001548
158,0.13338180795837995,0.1957065727598133,0.008623744452453598,0.0030609109878656105,0.6592269638414876
159,0.19283118193152404,0.5617666218616609,0.05897222923044637,0.025179685413725665,0.16125028156264312
160,0.22683153012324028,0.4107791459336092,0.2063213738961039,0.01552324979199025,0.14054470025505622
161,0.22501448247801847,0.3034652934828752,0.002136744793123888,0.005938055431150099,0.4634454238148323
162,0.2094374294937057,0.5163518214792197,0.19292529315241363,0.05083655485685876,0.030448901017802274
163,0.09763179911924245,0.6338224806420921,0.2377654417119173,0.013919531655870855,0.016860746870877324
164,0.06965107401266808,0.7272036188711126,0.17947593203443735,0.0164052899862751,0.007264085095506688
165,0.030808997159071445,0.6518086494428426,0.2847377455656137,0.020151963310275314,0.012492644522196965
166,0.012753102793031507,0.6592901441212708,0.3124042372976073,0.004247291720303433,0.011305224067786893
167,0.00434053165831553,0.2230603573758273,0.7678317698447397,0.002010562537336067,0.0027567785837814985
168,0.008541994756283451,0.4382517977073111,0.5472830875198484,0.001211626905939152,0.004711493110617823
169,0.008534365684655761,0.7552685640316734,0.2327359723178778,0.0005970570659751159,0.0028640408998179302
170,0.028745764785298375,0.8240245819666282,0.12119571734192314,0.00688382827469207,0.019150107631458305
171,0.013418736799329756,0.5726583222111578,0.40606463099148693,0.0019421181242785365,0.005916191873747033
172,0.029183653843006207,0.8013187275897717,0.15077538991940534,0.008190190193016863,0.010532038454799988
173,0.04275450931727403,0.8711978161267674,0.06227763509313717,0.007075421524747766,0.016694617938073524
174,0.010025765639759028,0.7172283524893986,0.2629088501749534,0.006471855516135029,0.003365176179753823
175,0.04081240423087589,0.7780309912973092,0.12098613055066709,0.05057925098008984,0.009591222941057955
176,0.056097011308807405,0.769683388952376,0.13904052868554057,0.023911416587082054,0.011267654466193974
177,0.07212936230955404,0.6284279394980347,0.24599508475270274,0.03226134246928027,0.0211862709704283
178,0.04980939763353663,0.7014690271550954,0.2182773322974106,0.008616903332827028,0.02182733958113027
179,0.02463384129950064,0.05092926242698011,0.012939547757722318,0.01170123909895404,0.899796109416843
180,0.06623627733356915,0.2668635988378037,0.010492371879072903,0.011640376832595662,0.6447673751169586
181,0.046130771169174564,0.03391029026928009,0.0015593296765644624,0.004448692006608164,0.9139509168783728
182,0.3010225158599227,0.559177636249982,0.022994696238912773,0.00450055435384061,0.11230459729734185
183,0.3391557548543436,0.2977520987162605,0.2570726165666591,0.013634759550439962,0.09238477031229683
184,0.22911365822091279,0.6646812840187704,0.032338451588713055,0.0054285348689463745,0.06843807130265746
185,0.04412566014723799,0.6328141810346669,0.26429404091384967,0.03271381998561398,0.02605229791863146
186,0.045816467418455284,0.6405239343612754,0.21142598524716083,0.058295474463717134,0.04393813850939155
187,0.02386183034558848,0.7437019275372551,0.18526717473559096,0.006729062767265416,0.040440004614299925
188,0.03189936325805671,0.8182491966865899,0.04947474944888655,0.03247256376507088,0.06790412684139603
189,0.03072883505874996,0.7405067497269717,0.14475048334603738,0.011124933292160941,0.07288899857608021
190,0.03417663172914896,0.811359820204517,0.07438995600574295,0.010061073954060735,0.07001251810653028
191,0.023019937478364307,0.8576898215442588,0.10471087258526136,0.008549151551865954,0.006030216840249634
192,0.7269136289404597,0.23935342644426336,0.020505221231963935,0.005725944133612277,0.007501779249700756
193,0.016360270756367708,0.8486983058761411,0.11593274582879945,0.006927553589957617,0.012081123948734144
194,0.016795708558322377,0.8603235281904739,0.11407436061716911,0.0025973686862684857,0.006209033947766222
195,0.03035496330095985,0.8938843915014756,0.059064784605105294,0.003399086197334429,0.013296774395124923
196,0.04347763876305495,0.8421314259315796,0.08877731505610484,0.014196760079786864,0.011416860169473745
197,0.03074263701638944,0.8521945572543,0.10467172116237806,0.004987154224772333,0.007403930342160042
198,0.04148896662723733,0.8692517151231258,0.07220270348044784,0.006010109162506711,0.011046505606682243
199,0.004855556072645599,0.6428359309324058,0.3420829072529373,0.003485352334660442,0.0067402534073508005
200,0.02630355426202265,0.8330409111703425,0.0799631571659177,0.04567147178772122,0.015020905613995942
201,0.042882627771353425,0.7356798616945601,0.0674553488137771,0.06151389431574597,0.09246826740456343
202,0.040458169692349825,0.5855529764658237,0.1707331437170262,0.0813366121941384,0.12191909793066179
203,0.10680103684984497,0.43029815672697064,0.17893606378514085,0.07135575405599764,0.21260898858204597
204,0.0031302885326910494,0.005936129964605713,0.001099603022770209,0.0032677230215721526,0.986566255458361
205,0.026453599204575257,0.025791869884770342,0.0019191055323071716,0.009667567724173952,0.9361678576541733
206,0.013261345885215131,0.025074181258171273,0.0005972207668955337,0.003650597833717555,0.9574166542560005
207,0.05935132726777755,0.1668653448213398,0.001280843571450955,0.008065891867555195,0.7644365924718765
208,0.039460764527269813,0.05093186504343549,0.005871214187780852,0.007854845491819553,0.8958813107496943
209,0.08016305843723312,0.05105720960294815,0.0038788552289497316,0.00800786798149536,0.8568930087493736
210,0.08456038186261448,0.3658481631840556,0.011457391214652866,0.007542886534503867,0.5305911772041731
211,0.11037872028086534,0.45984825273822383,0.03478216541003821,0.013315982626859015,0.3816748789440136
212,0.07595217433843876,0.510623375998884,0.04821855365377646,0.031016138096233204,0.33418975791266764
213,0.04465713497908439,0.7837651702243691,0.0072881089172514525,0.005743724994876818,0.1585458608844183
214,0.060250822640739235,0.12150943507178344,0.0010341935513600194,0.0161380717174862,0.801067477018631
215,0.09406913181681414,0.16771684991872174,0.0009149091681100208,0.04608154892972566,0.6912175601666285
216,0.1223014941368629,0.6248478164240351,0.005765249059225152,0.008666147843877262,0.2384192925359995
217,0.17831562546333785,0.29393882046492514,0.010864460044217341,0.011620365705219526,0.5052607283223002
218,0.07558693169016074,0.3825803394543706,0.022780217423244358,0.007153501847990136,0.5118990095842342
219,0.13024969390344635,0.2770623446180544,0.03566353537616817,0.004534287656158633,0.5524901384461725
220,0.23764682953225857,0.5516229810382267,0.07497219025240583,0.042661407192546935,0.09309659198456172
221,0.12349436480080703,0.7904348473911369,0.044241965205266215,0.008050472342832609,0.03377835025995732
222,0.17712210206471068,0.5970941120428969,0.05326668713126236,0.03578843565188854,0.13672866310924162
223,0.0668538988582868,0.7378086595659384,0.10201157171749876,0.05786686867890093,0.03545900117937492
224,0.0975073786158589,0.3423001753631068,0.003739045408071195,0.035380823511332954,0.5210725771016302
225,0.17905049865604847,0.5621841942296109,0.07419686806590461,0.14405192375355513,0.04051651529488086
226,0.1263100387119713,0.8064500773502169,0.02041698301631702,0.014182521810845698,0.032640379110648966
227,0.11145190884161081,0.6633210732607967,0.12445727531375138,0.08708842946577763,0.013681313118063356
228,0.07065312653130666,0.5874092683969692,0.1538869981703767,0.17256742707016004,0.015483179831187431
229,0.03145761397539861,0.8312898171640712,0.09166659625247181,0.03591706075681315,0.009668911851245077
230,0.09338842548169515,0.6674763186439435,0.029961449590449874,0.03242377399092608,0.17675003229298547
231,0.8037517281864114,0.16797270684531274,0.014534553309059265,0.00922391372252338,0.0045170979366932216
232,0.03406632384164113,0.9196865232509783,0.023724585181179196,0.01315329356188758,0.009369274164313945
233,0.022707354264421973,0.8634008551256261,0.09475808875314266,0.007308603676150084,0.011825098180659039
234,0.02268362831184523,0.9307540895876493,0.02668560318908807,0.009913343540105772,0.009963335371311862
235,0.016456934563124193,0.916406594945482,0.055893414500011084,0.0036385424955381563,0.007604513495844601
236,0.012627921306854266,0.921095912493029,0.058677172345676376,0.002579928746756002,0.005019065107684319
237,0.02026516170139035,0.9124649781704783,0.05324360104660176,0.0032748013514620807,0.01075145773006747
238,0.021115844556483222,0.9016827182657728,0.06990310679105932,0.0037151564540442287,0.003583173932640236
239,0.04894497301967829,0.7890093636276079,0.0423555150440743,0.028817278726498648,0.09087286958214075
240,0.02994760850274084,0.8887370149404842,0.030611073969661187,0.01222337305528997,0.03848092953182387
241,0.029872426090688343,0.7350842892704501,0.08230130240641939,0.026969187033295736,0.12577279519914641
242,0.021695372325871,0.6601567671369463,0.10551013430015461,0.01882622403066605,0.19381150220636195
243,0.009846752795838618,0.031483801067744774,0.09296198419923432,0.002631355452678034,0.8630761064845043
244,0.04748396477037988,0.1382699025291267,0.013835834105699461,0.008046262942871073,0.7923640356519228
245,0.04902259900192081,0.08932023316781725,0.012555039359061916,0.0040626390289413205,0.8450394894422588
246,0.05582065906791459,0.09793801561379795,0.014459354114817633,0.0054374902403802345,0.8263444809630897
247,0.09107225414073011,0.11185196018497455,0.018986540238869278,0.004194083040575848,0.7738951623948502
248,0.1718712413933701,0.3715771055599277,0.027307182107380437,0.01712971418956104,0.4121147567497608
249,0.034310725443944846,0.13598604316110396,0.01172298065703662,0.007333117434260433,0.810647133303654
250,0.020814943173010983,0.04983922958971272,0.0034139700255419263,0.009937080135992768,0.9159947770757416
251,0.09789575549378471,0.2764924255425463,0.03510173143008456,0.01746042256520888,0.5730496649683754
252,0.09052239402573485,0.5820564474129624,0.027452068842512608,0.010601523708287373,0.28936756601050284
253,0.13863896148147908,0.7792637713484156,0.05571355605073425,0.0043644469604596356,0.02201926415891134
254,0.07838600781714758,0.8652845491471515,0.03901790074318605,0.0037593958869350966,0.013552146405579925
255,0.06886830114082437,0.8006959256429456,0.0551641102271179,0.048855138617066036,0.026416524372046005
256,0.017291353862689717,0.7826929571699892,0.16352513991724285,0.021206917871075013,0.015283631179003037
257,0.06287058833277981,0.8420868899089283,0.0389926761740519,0.02819696339110606,0.02785288219313413
258,0.03253592437775683,0.8155144828621277,0.13374713606309593,0.010289694903879789,0.007912761793139808
259,0.039324148900600084,0.8619110631051928,0.08805979017031516,0.006984941318758261,0.0037200565051337784
260,0.03086620884589908,0.9094396086341036,0.025367290049103135,0.005401540248612796,0.028925352222281358
261,0.023322381178554338,0.9122487694073861,0.055409859191245074,0.003535790386534691,0.00548319983627981
262,0.040489996014216885,0.8920682462841658,0.04098807436939074,0.012292832729936929,0.014160850602289606
263,0.02408601917631438,0.911176854157827,0.026141959468711087,0.002548502942321702,0.03604666425482555
264,0.05384695985743866,0.8526335163411592,0.06805103561676404,0.012962305020432737,0.012506183164205528
265,0.07486071739256016,0.7871267738023845,0.0717296001521317,0.022496985153937204,0.04378592349898654
266,0.014314430171524485,0.9460211839341705,0.029361692522986337,0.0018227232564183844,0.008479970114900346
267,0.03555905817084775,0.47193367316342943,0.007510371704634325,0.00640984619129205,0.47858705076979646
268,0.021673110416580064,0.0976101190820049,0.003723413879111022,0.0009258444780711118,0.8760675121442328
269,0.13137820914561044,0.6342984860905754,0.012719430779886997,0.0011601893203991792,0.2204436846635283
270,0.13832698937365367,0.8089098711592201,0.01777232753919653,0.0011041261424712988,0.03388668578545829
271,0.0757003657908472,0.8900128131276261,0.024715006005405746,0.0003858394785096358,0.009185975597611255
272,0.03754698014499883,0.8936245098072885,0.022471296054538917,0.0017466726209762978,0.044610541372197436
273,0.03882508158856404,0.8997410016895726,0.0340693635304691,0.0021616629810410036,0.025202890210353265
274,0.07266144349672223,0.8680012100402021,0.03249822560263941,0.010440026286351775,0.0163990945740842
275,0.02531487143971666,0.9287967394515971,0.04137118543379957,0.0008193434942349822,0.003697860180651726
276,0.021532118189070793,0.9212488649098493,0.050658029024673486,0.001108668426997169,0.005452319449409197
277,0.037512822887008475,0.8768259833751748,0.06768444569986562,0.00413563116873374,0.01384111686921753
278,0.06622652213964539,0.8298559973136529,0.05375820841742053,0.006995069520074474,0.04316420260920662
279,0.04557740681645826,0.8297203189760387,0.08743193881144898,0.009905370265685347,0.027364965130368686
280,0.02636624028272308,0.9356557885433799,0.019741612094789994,0.0017175026149430696,0.016518856464163824
281,0.03686203360187725,0.9162911328286784,0.026300212867377444,0.0012373753430719287,0.019309245358995
282,0.07287563139147094,0.7928446604677434,0.07004897152882528,0.012984353263300327,0.05124638334865995
283,0.01591246692498746,0.9133727212718398,0.024255020246064716,0.002244190411289107,0.044215601145818996
284,0.03172280755136451,0.8354665308366133,0.0708688638309379,0.002585369151570868,0.05935642862951357
285,0.04049648767388409,0.8057154184228211,0.07000800133037333,0.00426794916235919,0.07951214341056224
286,0.0065107499336118325,0.02632392680195069,0.0022601875917463436,0.001024120812156891,0.9638810148605342
287,0.01158241577819773,0.10271848669248379,0.0011637111200533362,0.0019058158377585534,0.8826295705715065
288,0.010780151295596209,0.03776367116902428,0.0009018570608663436,0.002246497184879023,0.9483078232896341
289,0.055339973448783754,0.16008939545431808,0.01016896062884037,0.00286323234825422,0.7715384381198035
290,0.1022331313250508,0.3383411599245078,0.00901456268274672,0.004264810029813593,0.5461463360378811
291,0.14743415048322847,0.4331893568437548,0.019227434038862002,0.0026861404113758007,0.3974629182227789
292,0.04970739639631913,0.23816854480483432,0.015680156574876696,0.0007686322544822312,0.6956752699694876
293,0.13184587131738432,0.7039307997689137,0.024432955484059965,0.0031034733735629838,0.13668690005607897
294,0.06333563239951118,0.8593306229132851,0.06110546439886505,0.0054673432136129844,0.010760937074725706
295,0.038209260959973866,0.8810776274369908,0.05842797851129863,0.007990479616062524,0.014294653475674081
296,0.02278668386496436,0.9074807016012487,0.05370442268250214,0.0019487789717230351,0.014079412879561838
297,0.04691607937400613,0.8868633683546376,0.032893080552141206,0.00457313484451177,0.028754336874703253
298,0.020804509101674824,0.9104570552628495,0.040232330134873734,0.00148017680431671,0.0270259286962853
299,0.039200655722541035,0.8986701357578827,0.029941560636024035,0.002529461544382283,0.029658186339169914
300,0.04348976884973861,0.8546642708527794,0.030814883353336937,0.0036926752133455,0.06733840173079934
301,0.037832856228422404,0.8823571422370299,0.06347857186065856,0.001154164576527073,0.015177265097362043
302,0.021383226661006734,0.9035271030272483,0.05679846758834104,0.0006732092745928488,0.01761799344881126
303,0.03396095259500242,0.9155358980277988,0.040184510544003356,0.0013818622343155969,0.008936776598879762
304,0.028427354209631085,0.8886086653317837,0.04759446830413256,0.002885682422186448,0.03248382973226612
305,0.05058936019078202,0.7870288534419886,0.04557783002588745,0.01611570922854236,0.10068824711279971
306,0.03613570533109167,0.7694410892648089,0.09000456135935109,0.025142609785645358,0.07927603425910293
307,0.03910740323564409,0.7300421583218465,0.08770469116890194,0.013117582176907665,0.13002816509669987
308,0.02080660934202713,0.734787851920389,0.07696085128174604,0.014772734535185962,0.1526719529206519
309,0.016332449914952196,0.13333827775709176,0.011214498556890789,0.006932438157503646,0.8321823356135616
310,0.018602209847179665,0.02362253162446832,0.002535737197279298,0.0036223856385881686,0.9516171356924846
311,0.027835197651597483,0.17671735221410617,0.0015279762764549554,0.005182712823740108,0.7887367610341013
312,0.05165712303855546,0.15261628242757655,0.003819247461318452,0.006668619337188216,0.7852387277353613
313,0.011926833395554384,0.08887169233061383,0.0010020062712213403,0.0028718194089878612,0.8953276485936226
314,0.07556671013254097,0.25472869716279856,0.0018406272490979517,0.0074001565000850695,0.6604638089554775
315,0.10543398764973137,0.5676193356874327,0.0038331244908413127,0.005665391302858294,0.3174481608691363
316,0.16861580639866297,0.12231982508342941,0.003973176611002502,0.006141361587638402,0.6989498303192667
317,0.10934895278251232,0.7349238764413435,0.028069417605004223,0.009984059978686071,0.11767369319245392
318,0.08947237433993617,0.7439467234575871,0.02133452156069891,0.03532216632364756,0.10992421431813035
319,0.12238427945318826,0.6718000503214733,0.014983179617153066,0.04934904235818986,0.14148344824999554
320,0.07932192753071554,0.5771560620818901,0.005293789519352235,0.04720996250781153,0.29101825836023065
321,0.22267138846459733,0.6413104078325751,0.00882668902132424,0.07131019663636391,0.05588131804513937
322,0.12714805106394023,0.3811908344622158,0.0016558009733674563,0.03545369289202059,0.4545516206084559
323,0.050532033430842616,0.9032476385920954,0.005984854999364666,0.007406085328548601,0.032829387649148736
324,0.10546913087724763,0.6720919747881896,0.02431798636355962,0.05646442023382012,0.14165648773718306
325,0.05971633456885821,0.811109063873584,0.008988878145070565,0.02431144556019266,0.09587427785229452
326,0.04194153672417076,0.8828192415534032,0.01525763363203184,0.024114926402074598,0.035866661688319514
327,0.027039225705881846,0.8180126513429767,0.017624534129073156,0.022855737162387597,0.11446785165968043
328,0.07658234846823947,0.8893993669662033,0.014254842376935794,0.00708322736154885,0.01268021482707267
329,0.07956060580171628,0.38725978825298824,0.004792697597970827,0.025718975240928706,0.5026679331063959
330,0.15179833025801912,0.4483961271970302,0.0055739256312677165,0.024878948187209926,0.3693526687264731
331,0.27917042098803535,0.35883177677480504,0.0015442642079834487,0.02459623302983056,0.3358573049993457
332,0.2063505947725919,0.7102189377442496,0.02411864056791204,0.00899600503689528,0.05031582187835108
333,0.09143520328871713,0.5962918664231831,0.01330374088030098,0.048110830649981694,0.25085835875781726
334,0.07172617769484706,0.2936681064336416,0.01965426934190127,0.06323776164653024,0.5517136848830798
335,0.03415693643517778,0.3569100797318717,0.027826549530618507,0.047892368872882174,0.5332140654294499
336,0.005592866147760221,0.003766711348704217,0.0007209978947958154,0.0038908631096539505,0.9860285614990857
337,0.4782661436736394,0.252331244801669,0.002147151790887096,0.04478667130628137,0.22246878842752327
338,0.1650834452741068,0.7489024737248983,0.018683242553545434,0.012812467403741638,0.054518371043707874
339,0.09391250923117249,0.5957058609909691,0.006476816131779737,0.015720793374670847,0.2881840202714077
340,0.07148914319010082,0.8760461180571418,0.02609480957418615,0.0038513548005048616,0.02251857437806635
341,0.00537433304485197,0.92249710103545,0.047702132297165835,0.003572639974314714,0.02085379364821748
342,0.03542658737174548,0.879638432132042,0.03244230054496869,0.011318601707895734,0.04117407824334828
343,0.08648025564651418,0.8597246218996736,0.023378798372408464,0.016471461915941316,0.013944862165462426
344,0.07834866066584122,0.39370806276272485,0.005437976671609621,0.013676841261638227,0.5088284586381862
345,0.11449992537892813,0.781338588457628,0.03218408386157975,0.03193411868759199,0.04004328361427207
346,0.02281556624983063,0.8393714916175825,0.1331055102364464,0.0016162758228976267,0.003091156073242821
347,0.05041749816373806,0.9106133676593396,0.00673843227510971,0.015190929315079755,0.017039772586733067
348,0.0737593720353894,0.7699992229903788,0.05618151007693575,0.03136300938997283,0.06869688550732311
349,0.056536280090284184,0.8788506134575068,0.044698769749902015,0.008812406295823508,0.01110193040648344
350,0.03743777356418554,0.8646137371128478,0.07088224201180031,0.007226939419740599,0.01983930789142604
351,0.031961083756748034,0.6915368009694874,0.25040304458865953,0.012054825539786432,0.014044245145318535
352,0.03679708719130596,0.7927234627612672,0.14668450687480922,0.020531468198589236,0.0032634749740283503
353,0.02664844368634244,0.735911137492034,0.09714322779188275,0.1324982283515127,0.007798962678228027
354,0.06915278521364156,0.8087134102774637,0.04640495220217285,0.05867526863084079,0.01705358367588108
355,0.10524095254309063,0.7445541500966509,0.010213044329670986,0.07271528212675527,0.06727657090383213
356,0.05113001947550796,0.6895262583962265,0.035100078431015314,0.09579488688116043,0.12844875681608992
357,0.1458475760784719,0.5163272170777764,0.0349229898526992,0.2778145627523158,0.025087654238736608
358,0.10186299605997959,0.5074680424426381,0.00990225998907838,0.3231448283542696,0.05762187315403438
359,0.07029098410827428,0.3751710851459277,0.004003070195622837,0.4916608734783661,0.05887398707180907
360,0.05685176563773861,0.2430012217115129,0.0036312140995482522,0.660527556538486,0.03598824201271426
361,0.2849460821500249,0.20708726111043776,0.023298827778389437,0.41357399939755113,0.07109382956359668
362,0.26376507109611663,0.1347594233300214,0.005916190018832443,0.5508025594630593,0.044756756091970225
363,0.13628362274474906,0.2256573629844157,0.0035201530182499443,0.5368988493655047,0.09764001188708055
364,0.14761752469172648,0.22872055286076085,0.015512366864126369,0.5148615175837687,0.09328803799961773
365,0.08946621462837102,0.12094812546752387,0.0026017690149408193,0.7469164217645284,0.040067469124635754
366,0.21127676869284392,0.09657963665947426,0.0014532207381344076,0.5846395025201944,0.10605087138935297
367,0.185161866844068,0.0891790816976432,0.007022843993621131,0.5642257050139023,0.15441050245076537
368,0.232208106652148,0.14750656273684282,0.00035720912820016033,0.5584586239408438,0.0614694975419652
369,0.146073498291857,0.14049122965468164,0.00023104195765776683,0.668530408230245,0.04467382186555853
370,0.10774811463393984,0.1559913788514302,0.0009824830811434766,0.5755687195413949,0.15970930389209154
371,0.08402360683149203,0.12275130779249149,0.0001379503225807323,0.7335667539187498,0.05952038113468593
372,0.1206504531235644,0.32183198080005376,0.0006448881365324409,0.4776159729039113,0.07925670503593822
373,0.14285354761999103,0.4114873016026492,0.004225884269916776,0.40694057926177885,0.034492687245664136
374,0.045914915008992786,0.12105671720856513,0.0013192760809273253,0.8119513731010339,0.019757718600480915
375,0.07546644572503469,0.33532963556626616,0.004617862413685861,0.5204494261164675,0.06413663017854576
376,0.03782044860114436,0.12052424724550621,0.0018149796071575764,0.7829933246100257,0.05684699993616631
377,0.07296684753459429,0.17451397392902515,0.004077469119646251,0.6573335745474664,0.09110813486926787
378,0.09158958729705377,0.3168450753976312,0.005063698193071319,0.5466131399979766,0.039888499114267194
