epoch,N1,N2,N3,R,W
0,0.022691123416345167,0.001026573584966129,0.0,0.0006888687780256945,0.9755934342206629
1,0.00712631920479644,0.000647667770773862,2.1258806786617786e-06,0.000562419763021612,0.9916614673807294
2,0.0032864413699999744,0.0003256303336152717,2.0245523621666636e-05,0.00012933846903918236,0.9962383443037238
3,0.07573911866077421,0.003099277320736011,4.9022035095741166e-06,0.0061526752377289405,0.9150040265772512
4,0.00031312980359204153,5.351146424045747e-05,1.4281552419770388e-06,1.2597158357207138e-05,0.9996193334185683
5,0.016363565996357896,0.0003543673620633329,3.3909206732240274e-06,0.0003730423285306211,0.9829056333923749
6,0.02807488399080548,0.0024241437438338193,7.137087052888308e-06,0.0018365520911223121,0.9676572830871856
7,0.004749553223857527,0.0007559208240703418,6.4331180075573876e-06,0.0002862559425397713,0.9942018368915247
8,0.05612954548330471,0.005662336151201026,5.2452579984403156e-06,0.005350301949205576,0.9328525711582901
9,0.015314845448577119,0.0019893050835773766,6.114368163100269e-06,0.0008225700638277714,0.9818671650358546
10,0.014796085632698623,0.0022745593931528933,7.642361463898348e-05,0.0009462018022731048,0.9819067295572365
11,0.01879750750701609,0.005057860139834912,5.21179087482348e-05,0.0012029088273430473,0.9748896056170577
12,0.03165804074662515,0.006284867293832191,0.00022011354294894253,0.001410904549153032,0.9604260738674407
13,0.005880959791085774,0.010652080329550177,0.00024160645815852303,0.0006134896776350287,0.9826118637435705
14,0.03223095508979751,0.010998829849127313,0.017312655801484098,0.03136741586145927,0.9080901433981319
15,0.006329307466050883,0.001441744436965143,0.00784226361856136,0.00034008948935267374,0.98404659498907
16,0.009167828205226358,0.005287579345015946,0.009199369524708975,0.00040938235190501117,0.9759358405731436
17,0.013457131840564745,0.003508107105159953,0.00858855601010778,0.0008861055877622767,0.9735600994564053
18,0.04643249506974219,0.30307927600471984,0.0027452236568219148,0.007512382565955711,0.6402306227027603
19,0.01029383067953682,0.0448924826408538,8.538727922110465e-06,0.003650460157258471,0.9411546877944288
20,0.05199550020521184,0.13761857356545834,0.00013377896618081895,0.006066186798370199,0.8041859604647789
21,0.07434308351042743,0.6651171382458873,0.004350693745607799,0.006012125197083257,0.2501769593009941
22,0.025714919877766827,0.3240538046631845,0.0015979795328742803,0.001569420472771602,0.6470638754534027
23,0.0642137180650411,0.143617008911515,2.97208863039953e-05,0.01389047630907363,0.7782490758280662
24,0.06678243598219527,0.29985017120255414,6.332949869959253e-05,0.005164131753333617,0.6281399315632173
25,0.47970256446823684,0.23050401085999747,0.0010720618375193091,0.0023057611097893702,0.28641560172445696
26,0.32387220791969035,0.09272015935970081,2.1504468736938234e-05,0.002697818347712283,0.5806883099041595
27,0.41093147758731946,0.39188619337293834,0.0015843358378146125,0.006088581302136559,0.1895094118997911
28,0.1149847597840811,0.06840993569981307,0.008783333760704328,0.008425378739246281,0.7993965920161551
29,0.40212225071571134,0.4183908113927247,0.005639631613815022,0.013478659456967195,0.1603686468207817
30,0.2576259036167885,0.470271440811091,0.012994677735964955,0.005751376771853886,0.2533566010643016
31,0.21538215198821256,0.23779066316750463,0.002169717885444689,0.009971906660146908,0.5346855602986913
32,0.06312864841247907,0.8866755928651966,0.020438050846937873,0.003650319674745451,0.02610738820064104
33,0.39411292465715353,0.35605038047937954,0.00029197427604899006,0.04624497785273128,0.20329974273468668
34,0.13980349128563963,0.7783729924075441,0.004074627898998005,0.002435254250871728,0.07531363415694665
35,0.24897807673529238,0.5400431495168008,5.132004377764272e-05,0.026865787714189775,0.1840616659899394
36,0.29114996128206266,0.6676787016220891,0.005050333904625485,0.007257690421806715,0.028863312769416012
37,0.09402743929463052,0.8731060654599779,0.00046418082609583515,0.005112802464641964,0.0272895119546538
38,0.07538750794178262,0.8796276527834319,0.025037883233859234,0.008579472073208014,0.011367483967718264
39,0.17654659788931118,0.5148786802648664,5.487839644141662e-05,0.188540868132885,0.11997897531649607
40,0.08195269959138567,0.8759082060163158,0.022860998570017468,0.009643677116707832,0.009634418705573085
41,0.07283276525953374,0.8757975673527539,0.0032599240845207927,0.01989576354485663,0.028213979758334878
42,0.5931562246680241,0.2844875863848129,0.0003057169281171135,0.03185073964138789,0.09019973237765795
43,0.04284650682678492,0.8999367195420787,0.011437330497574647,0.015897552704815097,0.029881890428746716
44,0.014497024963238025,0.9191641728711075,0.02980394809759214,0.004477060844723539,0.03205779322333866
45,0.08520046082410497,0.15279023238869244,0.0001919675505437299,0.010961445584336305,0.7508558936523225
46,0.014970200321806208,0.9252991046531727,0.026649212095536504,0.004671997319323183,0.02840948561016137
47,0.08834355878912938,0.771532631283105,0.002517743292847384,0.013694808845741322,0.12391125778917668
48,0.025384176626987085,0.919986905023162,0.042524870855421164,0.004262372913760119,0.007841674580669679
49,0.2359594631972615,0.6541309051763358,0.0012132290277186248,0.04126926407018829,0.0674271385284957
50,0.06828054445808718,0.8554289636411253,0.05029033355562405,0.011945201921970038,0.014054956423193418
51,0.05670160921074146,0.821065562905015,0.07939048243186686,0.02471065801086229,0.018131687441514333
52,0.41932471091581003,0.4455921395742931,0.0018148435014077502,0.017642018506825227,0.11562628750166383
53,0.04762414626462936,0.7767832880063044,0.15331402466088603,0.017777696938509575,0.004500844129670704
54,0.21237553233843712,0.6622331343893533,0.003487258850105018,0.008159098582395026,0.11374497583970951
55,0.15082816977291733,0.8119183334089468,0.0030601663739289893,0.020959424662238102,0.013233905781968808
56,0.1595196679051207,0.7120414524386115,0.04700423216349659,0.010954478377206187,0.07048016911556498
57,0.5290344969112483,0.27592599765483294,0.000752297034152626,0.015213096388286865,0.17907411201147935
58,0.11027581656501988,0.7003318333012125,0.14734062681049476,0.015192312296656735,0.026859411026616122
59,0.22387311463651494,0.4693002283167624,0.007797093606443292,0.04223965801421126,0.2567899054260682
60,0.14073143810704722,0.6844539348588312,0.06917387238432526,0.00943327176789641,0.09620748288189997
61,0.07871730006931112,0.6386121820740974,0.053232411187756366,0.005909510981920362,0.22352859568691472
62,0.20361766945035067,0.6278477665718826,0.04519576754628495,0.00058689338513049,0.1227519030463513
63,0.08100143041797835,0.7925069198473172,0.11442524924075714,0.002775312582508372,0.009291087911438848
64,0.0648606737507185,0.9026688778229588,0.016532170330139227,0.0034096760615859546,0.012528602034597524
65,0.023341673515843313,0.5187847668208156,0.448701707812246,0.006034896853230858,0.003136954997864162
66,0.07859314525921857,0.80832001080076,0.0627712769228607,0.013804255946353813,0.036511311070806976
67,0.03617459802133005,0.581496684579137,0.37758611298094846,0.0019509177075749114,0.002791686711009569
68,0.05390285137852063,0.834490765948024,0.08762277776467196,0.0011842355349059109,0.02279936937387764
69,0.020523040499915348,0.4663588022306411,0.5096186995369089,0.0019520171925391256,0.0015474405399955888
70,0.07253943032115014,0.666618927637297,0.23366998185258261,0.0025732482868690257,0.024598411902101068
71,0.026772312279355497,0.3720620696623464,0.5960793471224574,0.0033488735924447903,0.0017373973433959518
72,0.009056883441879932,0.5404136100993938,0.4382452948243977,0.0023688663892506485,0.00991534524507781
73,0.05643558165565433,0.6379577658759283,0.2720151325958294,0.0023151293063542622,0.03127639056623357
74,0.0019751999227604847,0.28422380555560095,0.7081055281741548,0.0007429041635432749,0.0049525621839405735
75,0.007594282659572361,0.23344731666245022,0.7450737149803224,0.0008243272868792442,0.01306035841077581
76,0.08394395554915055,0.6473211944324203,0.20324200140965715,0.0025494975601353673,0.06294335104863655
77,0.02304974495166189,0.2632853893757092,0.6943267458312028,0.005437369007204329,0.013900750834221775
78,0.016158928525416286,0.41653178181708483,0.4966960837687021,0.002231870989185927,0.06838133489961085
79,0.11063260350930981,0.5741555351272831,0.09375715381583646,0.017294785350851716,0.20415992219671886
80,0.07363158040500269,0.4590023722671863,0.44345652454332607,0.006499317410057512,0.017410205374427164
81,0.08173927083489078,0.6701998340687513,0.18665140413655432,0.007096266860283059,0.05431322409952071
82,0.18082093998382218,0.5982746937333716,0.0269352885346292,0.006114068853210772,0.18785500889496626
83,0.14421144883436,0.6932042106200463,0.12018142487830692,0.02161508143205677,0.020787834235230035
84,0.08238971700688584,0.730411990045841,0.03994368870784395,0.010019785912048267,0.1372348183273808
85,0.24895834230386185,0.3897994750184938,0.07406989128539768,0.02712548106101971,0.260046810331227
86,0.21976262125544488,0.42894084916198644,0.05280356389446517,0.02101678578921268,0.27747617989889084
87,0.0996448737742705,0.6788495727297149,0.18559942428261378,0.004092789920361606,0.031813339293039075
88,0.12058296995297024,0.146230333200059,0.007374265935248189,0.00638453871257826,0.7194278921991442
89,0.2405707207231681,0.4142344328498434,0.049445908778727315,0.01503378188964412,0.2807151557586171
90,0.2512394237159153,0.40403932709466023,0.04564514125358347,0.005061122986430264,0.2940149849494109
91,0.20270405565745975,0.6507251161231906,0.016115562544660806,0.0016272360764679724,0.12882802959822096
92,0.04439404708133455,0.8190709405481724,0.04436214227889783,0.002721821965321164,0.08945104812627402
93,0.22430883714100405,0.2745665519240468,0.010423185347536603,0.0027376827497088588,0.4879637428377035
94,0.08020068517953693,0.8086613143946499,0.027661390730067043,0.003491929274363763,0.07998468042138247
95,0.24375394396009206,0.5746559776729753,0.024230071062790588,0.0019141872619172205,0.15544582004222482
96,0.03653625164384139,0.8478606440243293,0.05699601465515066,0.0009209472069864178,0.057686142469692156
97,0.25304180457958503,0.14410854722260713,0.00611524446654662,0.008146563905578594,0.5885878398256826
98,0.21349262606120145,0.4848458905787558,0.016129087412773527,0.00608832246118454,0.2794440734860848
99,0.2953961490025808,0.43926809812976775,0.013983203976449905,0.005221007382449892,0.24613154150875166
100,0.35630168484021835,0.45422387483263366,0.04816506130716181,0.007215523115776902,0.1340938559042092
101,0.18932175436061408,0.7164020755157768,0.04674613158945979,0.003949316951308845,0.04358072158284062
102,0.14186304123651367,0.6436904544827234,0.056255038573650794,0.0035689895677959494,0.15462247613931618
103,0.27984623301296324,0.5132421200743215,0.038894201438068494,0.013733632921085516,0.15428381255356136
104,0.01846840085425199,0.6266149335356299,0.3479983487519561,0.0009575054700171377,0.005960811388144868
105,0.028084579135573582,0.7229912894702412,0.23071950424677648,0.002037326946449343,0.01616730020095948
106,0.13245359973218146,0.6609558573679911,0.111439005423712,0.024678900839999622,0.07047263663611587
107,0.04234142529111896,0.7353360268334124,0.14223877084199152,0.00608476238322653,0.07399901465025037
108,0.19061177773857435,0.6727582820441419,0.10762696714447853,0.006014334560428478,0.022988638512376782
109,0.01246000137192446,0.7572548831395316,0.22318885159599006,0.0013423133093477355,0.005753950583206073
110,0.033471299550733774,0.8500075871379648,0.06851609371773644,0.004486396507019195,0.04351862308654591
111,0.19984979608959125,0.5454542783616985,0.013033259933358321,0.023486031312313645,0.21817663430303827
112,0.051273524462973674,0.8256452253009221,0.10207951449305848,0.005592981125331353,0.01540875461771439
113,0.24876451122215756,0.6184267892424788,0.006511643069883158,0.005229332824432483,0.12106772364104781
114,0.1825695501166671,0.7375135431006667,0.04514457312006607,0.003037286525579706,0.03173504713702037
115,0.11627722553223284,0.7873164169515071,0.01662496831003451,0.004009240667834873,0.07577214853839064
116,0.20061151242966996,0.6019414112672798,0.043749314205052105,0.0019284770602027385,0.15176928503779535
117,0.18230673581914567,0.7412527765353575,0.06169585424760222,0.0008886252777789298,0.0138560081201157
118,0.09752445888195203,0.8507202132850076,0.03591644904289887,0.0009582492612775044,0.014880629528863869
119,0.008777536524098474,0.7772021091194057,0.20987065315096015,0.00042876846971976303,0.0037209327358159253
120,0.079416376139084,0.8124758046141602,0.013723873860996261,0.00521318982652721,0.08917075555923232
121,0.014297797442498294,0.8005538067126025,0.18150482099731277,0.0004150368287329155,0.0032285380188536413
122,0.07578600648419329,0.81283735781291,0.06949605854289757,0.0009214571034249083,0.040959120056574184
123,0.01747680885879821,0.8073098451900826,0.16231174094629844,0.0004639729501155464,0.012437632054705144
124,0.07879509135797733,0.5035641964989608,0.055995920786138784,0.0030385448800657896,0.35860624647685724
125,0.2145967930366418,0.696634965184538,0.020303027459588487,0.003031073335448755,0.06543414098378303
126,0.1819792675715897,0.7243983676176134,0.024276658552351886,0.0015557966599911697,0.06778990959845388
127,0.05164019748947661,0.8114963807045753,0.11643071459078082,0.0009959285356508749,0.019436778679516476
128,0.050309461925379155,0.8340934591550042,0.012685510168313582,0.005645952817400513,0.09726561593390237
129,0.3985035927068048,0.37466530793352293,0.0043440633665885004,0.004470656626169711,0.21801637936691393
130,0.12661845578804312,0.7496803227481083,0.018437457508959625,0.0061942295969814095,0.09906953435790768
131,0.0839660423787077,0.8346154597095058,0.029136117020440125,0.003313810433855868,0.048968570457490354
132,0.11284273547514796,0.8255357351478603,0.05081666937293915,0.0029184632796303163,0.007886396724422378
133,0.3439762151671059,0.5710580476878965,0.006133400503796667,0.008102283090556522,0.07073005355064448
134,0.4521343564565411,0.30606680429629257,0.008592611988698633,0.006928450520661297,0.22627777673780644
135,0.31754505094911784,0.6017688132390783,0.04601177357106123,0.006862979953505125,0.027811382287237424
136,0.2252341034444523,0.6634413306603038,0.022573535865532884,0.002268569148679318,0.08648246088103158
137,0.3641331466759626,0.41853526561149873,0.019147640212409892,0.0046480176363007455,0.19353592986382806
138,0.4097972520858222,0.3059985688067349,0.004466873449134874,0.004699518717951374,0.27503778694035663
139,0.32634545717201047,0.5491169113584766,0.012426789305244875,0.005385163537492694,0.10672567862677534
140,0.02174389361826031,0.8767085268131121,0.07268126678886871,0.0017228510895972672,0.02714346169016174
141,0.07867145169914852,0.7853957420558569,0.1262355491470579,0.00107888174527102,0.008618375352665691
142,0.02150312541085944,0.8006508906913805,0.17164649944054186,0.0012959890248269497,0.004903495432391215
143,0.13039156789670295,0.7339007155072138,0.06876108832414862,0.006338403856091007,0.06060822441584374
144,0.059021381070137414,0.8559501365376796,0.07860297841168296,0.0016697732457190931,0.004755730734780936
145,0.28045509042833267,0.5557364218350862,0.009586145397441261,0.014200982008532486,0.14002136033060728
146,0.05361916322847207,0.8278149464843751,0.10495101577969905,0.0018693485162107647,0.011745525991242907
147,0.17720316641442901,0.6956149629724581,0.016896951367939117,0.010678881463309883,0.09960603778186383
148,0.09791793313736666,0.832791850698857,0.0520148596206616,0.0027327854500592227,0.01454257109305558
149,0.10806712971800934,0.8148687007170347,0.03074426641704616,0.007237550876172182,0.039082352271737696
150,0.17107019863751022,0.7478153176920788,0.06813188448248948,0.001896387380120124,0.011086211807801408
151,0.4000923476670843,0.4267437158177971,0.009456381840791422,0.012090409886853944,0.15161714478747323
152,0.38500511782889923,0.5087048336021277,0.02625970884432721,0.002706703742793659,0.07732363598185224
153,0.5591788667652399,0.329539920344371,0.04067593166157423,0.0023550705156823474,0.06825021071313261
154,0.3587254957585737,0.5740563770677953,0.00990208218305143,0.016854203415818402,0.040461841574761306
155,0.07081349479131806,0.7986952381407773,0.08853297188684016,0.005999038179268652,0.03595925700179579
156,0.2034988397841996,0.6993402404221211,0.006970717782715009,0.014834894908764162,0.07535530710220006
157,0.07029111242798071,0.8500574880450978,0.07450896818786136,0.0020221064085870905,0.003120324930473018
158,0.02060031999857494,0.692721466859802,0.03934051573058413,0.002774471193976161,0.244563226217063
159,0.2760495037737618,0.5008570090964791,0.0020526607312847302,0.032881574033952136,0.18815925236452227
160,0.18019744023467454,0.39481549453027304,0.0017779179090208464,0.0054060630329653804,0.4178030842930663
161,0.10634410393085487,0.8602975581116997,0.004739540035487174,0.0016656570350473418,0.026953140886910858
162,0.10216783179903768,0.838489193376859,0.010759081503929247,0.0009147619392255093,0.04766913138094842
163,0.11131173591051775,0.8424578237276059,0.037818500988288296,0.0006540246608603309,0.007757914712727733
164,0.11644111935508111,0.8157232185613476,0.04076508888428888,0.008352315012783629,0.01871825818649884
165,0.15939126613539584,0.7288622027129432,0.024621430478933077,0.009378667104746174,0.07774643356798179
166,0.06242716435281882,0.6468921946272083,0.2857602125377771,0.001112129029232557,0.0038082994529633108
167,0.15714458423088487,0.6145708120528497,0.046160659069746875,0.007482656428282723,0.17464128821823585
168,0.019934184132903064,0.7027476306425955,0.2730593117964325,0.000819566054206846,0.0034393073738620376
169,0.03011388574943825,0.85319291482981,0.021375030076723204,0.00890431370685172,0.08641385563717706
170,0.0402297094266994,0.890558887159713,0.05371920648062176,0.004099319490689285,0.01139287744227665
171,0.04270491882934104,0.8562317427232196,0.03658437206744261,0.008194553505134858,0.05628441287486205
172,0.08653581302367147,0.8166154194591158,0.031046332038237343,0.01581155096776918,0.04999088451120605
173,0.014706231354168459,0.6725427397358035,0.29902740273753153,0.008267895310419342,0.0054557308620772375
174,0.1405689296260515,0.47890474136327477,0.03250381456763458,0.04366880434571029,0.30435371009732887
175,0.19985244781327793,0.6158952268173553,0.03129898016572892,0.02949115630294091,0.12346218890069698
176,0.29671009116664854,0.16631505648438208,0.01604663566325231,0.036295219231865794,0.48463299745385124
177,0.2589371508214653,0.17649107530945435,0.008626482501626079,0.03943745258479884,0.5165078387826554
178,0.14873285387704924,0.06982274225766791,0.000777655491931473,0.23381208803146908,0.5468546603418823
179,0.03239199433418812,0.027992048404227372,0.0007144493026889662,0.015807951907429403,0.9230935560514661
180,0.018601938498851653,0.009723023901009589,0.00040488583672388344,0.012369088605669242,0.9589010631577457
181,0.07511885916812461,0.00562597741306025,8.895916593190327e-05,0.0242626546816932,0.8949035495711901
182,0.04778038773755102,0.011262165697821866,0.0002775221005753093,0.02779044923454696,0.9128894752295049
183,0.03990723957373776,0.0024750667258275506,1.5407853992739724e-05,0.11849985839751151,0.8391024274489304
184,0.1725466159348696,0.034262059581451475,8.752042577178643e-05,0.18477091727250206,0.608332886785405
185,0.03777594897630516,0.0048457546476666806,6.946771564829245e-05,0.0072048348769493805,0.9501039937834306
186,0.07024910917783003,0.0057839822088485695,0.00012121516436328818,0.008473382381523089,0.9153723110674349
187,0.053362564957407134,0.006577746629132145,9.884232054278988e-05,0.017148982342024315,0.9228118637508935
188,0.07023598538637829,0.015967067346831815,0.00010534233890606456,0.10416234504808888,0.809529259879795
189,0.06326003453955016,0.014489111575703737,0.0001256765969668391,0.13440009269020742,0.7877250845975718
190,0.15865387030392966,0.03473078336981021,0.00024987600414743874,0.32781121124992557,0.47855425907218696
191,0.1353201518155812,0.04031599988909879,0.0007818019329749135,0.2831657119405121,0.540416334421833
192,0.09669110670134262,0.02724446655895497,0.0018020801032774308,0.5294990578453871,0.34476328879103774
193,0.03925969976236479,0.021473192654025457,0.0010454603404617398,0.3591011322476154,0.5791205149955325
194,0.07198818003002964,0.013178835771671366,0.0003189564473673136,0.44643745342116153,0.4680765743297702
195,0.06621859872692572,0.032588263120302254,0.0002571548583157882,0.7171299851136268,0.18380599818082924
196,0.121575503091236,0.04492226889272517,0.00024791942406613717,0.18437402773124922,0.6488802808607235
197,0.17603084853166828,0.01303398895931579,5.543264824199382e-05,0.5581142556177914,0.2527654742429825
198,0.13570783584182847,0.030290301715890488,0.0002708778714379012,0.22255711385052063,0.6111738707203225
199,0.04793390782968671,0.018673245922333537,0.0004438533683455815,0.10689316011142468,0.8260558327682095
200,0.06833822658718015,0.012433089351599905,0.00019379901948576723,0.1469786026127785,0.7720562824289557
201,0.014155138425284493,0.007338801696802497,0.00039731110383964887,0.1794479976372528,0.7986607511368206
202,0.1339333416879874,0.009589575105473506,5.7163140053608225e-05,0.11791088453955413,0.7385090355269314
203,0.06859067172190347,0.0055826138952616245,7.990578271767704e-05,0.0751219590746886,0.8506248495254287
204,0.06017341521072039,0.005163017508868492,8.478303304058042e-05,0.06885746785051636,0.8657213163968542
205,0.19310691451035436,0.012084708649690397,0.00013091143768474367,0.15141550790637018,0.6432619574959002
206,0.4446641965708273,0.022636266236358126,5.5363743153555267e-05,0.2828295806480481,0.24981459280161297
207,0.14865329008847863,0.018111949980216476,8.474588784461365e-05,0.12416446133193375,0.7089855527115265
208,0.06009165046964805,0.003954321539545351,8.360456032316567e-05,0.009634817522326521,0.926235605908157
209,0.5162714287190875,0.04191065172620774,0.00014717840375608876,0.1646050280945581,0.2770657130563905
210,0.12123054162304553,0.02183114155295629,0.0002395027534098813,0.11774443267436482,0.7389543813962234
211,0.10790891684414976,0.016546952350582726,0.00025210297510682887,0.23798324977304447,0.6373087780571163
212,0.03126210573622581,0.015230052191743332,0.00039578778399756385,0.10240281102212019,0.8507092432659131
213,0.13613235920317976,0.01243617753444631,4.387862833134209e-05,0.07232708273346487,0.7790605019005776
214,0.17397398389049362,0.05527604107902544,0.0008175625387414476,0.19579325034868397,0.5741391621430555
215,0.14975475925358556,0.03059277158639824,0.0012437156047578571,0.2159064811735752,0.6025022723816831
216,0.07262612753236045,0.022791432547014545,0.0009812039229843675,0.13174799177703733,0.7718532442206033
217,0.25380759319831236,0.032184391118622695,0.0016692214347304093,0.19020511769054257,0.522133676557792
218,0.13065601264453322,0.025610700288753493,0.0004752313510735534,0.0713465913906577,0.7719114643249819
219,0.27075018204322104,0.05859136106815489,0.00043147347871791826,0.25012222317399685,0.4201047602359092
220,0.6818581070771081,0.026142686616859017,0.00014457559916510458,0.1669174072940348,0.12493722341283295
221,0.2687898993508273,0.044654105969912566,0.0005410875901958053,0.26279754440608727,0.423217362682977
222,0.18705371761004244,0.09181657227036047,0.0008503521394476482,0.41394900625535375,0.3063303517247958
223,0.08215452641674942,0.050341855305641954,0.0006868775803529545,0.5464484810811863,0.32036825961606946
224,0.05703454752135922,0.04732573180002609,0.0017044283144260956,0.7332291626633644,0.16070612970082426
225,0.06548964307476327,0.022047878896493508,0.00022857883165357061,0.6038702785074458,0.30836362068964374
226,0.17754648201386855,0.02396246549735378,0.0008915741448766608,0.5500125445030515,0.24758693384084948
227,0.2296584328043554,0.05920900263899026,0.0005378269310330848,0.5125689294463992,0.19802580817922216
228,0.19848324624385308,0.04611329963488638,0.00030880007941978403,0.32433914612576736,0.43075550791607337
229,0.16700438974287496,0.03594519465745468,0.0014608865996503097,0.27515147369431464,0.5204380553057054
230,0.19617911821717257,0.015221613833626031,6.366421674725513e-05,0.4417431539326689,0.3467924497997853
231,0.17570770113625855,0.013818342133016462,9.077047491559176e-05,0.24135036272650726,0.5690328235293022
232,0.061046938271909996,0.0071977109892451836,0.00026745295128527776,0.0403969985566681,0.8910908992308916
233,0.027151134342873213,0.008449586417576847,0.0005102619245807015,0.008799949642381415,0.9550890676725877
234,0.20520699537106216,0.02412429627189806,0.0017279818047528245,0.18115901403518356,0.5877817125171034
235,0.5288886654211187,0.01964094713850399,0.000957328058548782,0.2296739027162299,0.22083915666559853
236,0.3463945392526623,0.04255647098144262,0.0019024829305122467,0.25766101203812486,0.3514854947972581
237,0.6742962251265308,0.09543400444978004,0.0011360438137623748,0.06697206460042877,0.16216166200949808
238,0.631586557247614,0.07517357585932886,0.0015553781196350593,0.03761604723438743,0.25406844153903446
239,0.6009577513401149,0.2897779200630102,0.008003481413391831,0.02054633143498928,0.08071451574849396
240,0.4692866768398812,0.35081462412733655,0.010059300232340437,0.026639349362191055,0.14320004943825065
241,0.32658627542184665,0.3005081395046174,0.0036559253643220083,0.16342481551725793,0.20582484419195612
242,0.09284865372514906,0.3426925413976469,0.013466006002919632,0.24226587174186937,0.3087269271324151
243,0.14779970254507166,0.5294016791481753,0.0011910200614176053,0.06991923004057257,0.25168836820476287
244,0.19413455248251502,0.37403776032967745,0.007088179096050869,0.15470128850466275,0.27003821958709384
245,0.08581189590312632,0.40474302491477715,0.011712158228960686,0.024195185285961044,0.4735377356671749
246,0.3469970654172605,0.17092209025921395,0.0036218004308227122,0.07911768516439176,0.3993413587283111
247,0.20030027069240144,0.7215264825171499,0.03545027265055195,0.019071803916360153,0.02365117022353657
248,0.2290628576921074,0.5609663602477137,0.016646206344894755,0.06618365481080526,0.12714092090447887
249,0.2621162933176311,0.5859362062918801,0.005287225832417839,0.04194065832095604,0.10471961623711486
250,0.21025912792794468,0.6574619687717409,0.007161596138914439,0.03338732675100277,0.0917299804103971
251,0.11793072221360872,0.845451509833658,0.013703331486664534,0.005527449321988813,0.017386987144079893
252,0.21346679704173951,0.7115715238847655,0.010527981991538921,0.013754959102996914,0.050678737978959255
253,0.09520326161347978,0.7202231824459002,0.1741498258165766,0.0037876868693015537,0.006636043254741875
254,0.07523141383120298,0.8503154659781509,0.02109014717077945,0.01059933251882649,0.04276364050104017
255,0.01719546803198184,0.9374350628888242,0.03958446273481749,0.002062800063714997,0.003722206280661562
256,0.04200366542326132,0.8158472903698769,0.12505667595892003,0.0038902209157435064,0.013202147332198324
257,0.08983291031846935,0.8269369409537921,0.05236591682126584,0.0029894939062924536,0.02787473800018024
258,0.010148216526150795,0.7510368673705854,0.23556212281763025,0.0007498141262076285,0.0025029791594259315
259,0.022204659515135363,0.8039584081861552,0.1687539330824186,0.0009615922102161404,0.004121407006074569
260,0.014340509342409333,0.7005770678477861,0.28092018306472016,0.0013954795736952357,0.0027667601713893125
261,0.009205137484393815,0.7796494751699893,0.20646455656521168,0.0013634111457290594,0.0033174196346760685
262,0.023954008569107694,0.7460775318113636,0.2214816448344175,0.001976998550758358,0.0065098162343526795
263,0.0072607813145218756,0.7726971504476803,0.21649821821343554,0.0013685198561460574,0.0021753301682162756
264,0.04475817951993037,0.6965003655414955,0.21726815390930226,0.0017398735605259278,0.03973342746874595
265,0.048149774054070255,0.8807833759682117,0.04463634285748893,0.006528078525143021,0.019902428595086015
266,0.00489631358411096,0.8914976243322105,0.09960997197560141,0.0010144702397111714,0.002981619868365941
267,0.14736471393546668,0.6893474802195639,0.034350791993227235,0.0069764232209067484,0.12196059063083542
268,0.14639898521762007,0.7917640692704202,0.041778322135213194,0.004618698938776153,0.015439924437970484
269,0.01797292916783889,0.8688674127010141,0.10208216267455938,0.0013206803636656298,0.009756815092921978
270,0.16687081263735107,0.6761591298267745,0.016041110075072095,0.005291833750201466,0.13563711371060097
271,0.06331826835982668,0.8849959712840234,0.04413940761482508,0.002729063080460035,0.004817289660864623
272,0.11987493618022436,0.7691234236408154,0.032000936345745586,0.006084585724916126,0.07291611810829843
273,0.026596979796934015,0.9278118995356774,0.040960709591944054,0.0013490678618003709,0.003281343213644102
274,0.08707030694241152,0.8321194110136266,0.030068434056493204,0.011388097402003056,0.03935375058546567
275,0.007401784213087355,0.854879282516711,0.13423103285512,0.0008111306690401319,0.0026767697460416038
276,0.07511673124300894,0.7696704219300883,0.03904740417506963,0.007047986341233381,0.10911745631059974
277,0.022190741904092093,0.8632381577174323,0.10866991367017732,0.0013063101888042925,0.0045948765194940315
278,0.1254179937202854,0.7888635399994608,0.007533744203712115,0.0025704381337598513,0.0756142839427818
279,0.2092263961270385,0.7312112341421972,0.016856582511351505,0.005540128006711576,0.0371656592127011
280,0.027630370217630918,0.8394434622088914,0.12700953922209718,0.0018140356794815278,0.004102592671898954
281,0.15335750215311628,0.7858140860942128,0.023909730324758453,0.006274034925824288,0.03064464650208829
282,0.09628769449069237,0.7444017298401617,0.14777416585285263,0.004090069132498188,0.007446340683795147
283,0.13257243774015132,0.7036883078115898,0.08505098790862085,0.032928278779212075,0.04575998776042592
284,0.018489097405564217,0.8714435788025452,0.10664388666991136,0.0013425450573429007,0.0020808920646361697
285,0.0415878848578773,0.7455959836582621,0.19620641945435482,0.006916598751000269,0.009693113278505546
286,0.051322760955538504,0.8117586227426425,0.12698393701588465,0.0037530593952869533,0.006181619890647243
287,0.009241907822800226,0.7460845445583156,0.23820987494209722,0.0031733326513774572,0.0032903400254095656
288,0.06293369402740259,0.7868657367545172,0.11176674069927806,0.010745636647968368,0.02768819187083378
289,0.0023537934281293907,0.7718074965402262,0.22421586331623508,0.0008530641821919212,0.0007697825332174313
290,0.006025030893024921,0.7488280609025266,0.2397663480859529,0.001422113656454257,0.003958446462041324
291,0.022023759169234595,0.8390811917694049,0.13434178958853601,0.0022027481038324674,0.0023505113689919616
292,0.0011717739955243427,0.442140096310537,0.555001282429883,0.0007274198369559291,0.000959427427099691
293,0.046312062205940675,0.7793590173076141,0.10236180996976182,0.006699605489561083,0.06526750502712222
294,0.01474515340575949,0.5332883773594329,0.44945384030327523,0.0007363982864492204,0.001776230645083042
295,0.0016915110810720778,0.42933380991095654,0.5675835873359394,0.0004434297109938363,0.0009476619610382434
296,0.0016690097051516178,0.24859625534909865,0.7491810989668185,0.0001425695694684366,0.0004110664094627689
297,0.0005223165944949502,0.10517995304264217,0.8938590456449991,0.00012226761331468296,0.000316417104549203
298,0.001666521283133061,0.16162493770008807,0.8357390109377077,0.00030428019194032445,0.0006652498871308736
299,0.0007619449558377591,0.09019154042648701,0.9086193926371486,0.0001856610316575183,0.00024146094886911678
300,0.002654909650841074,0.11695435975877559,0.8792883365016978,0.0003287734009810668,0.0007736206877045017
301,0.001628096719592675,0.0509599722170929,0.9468500472091927,0.0002296729473459836,0.00033221090677586343
302,0.0005479736898210335,0.05593542529413862,0.9430403629946363,0.0001372629460265031,0.00033897507537736113
303,0.0006292171579811482,0.039670674732351544,0.959446228552963,6.248930699444299e-05,0.00019139024970969785
304,0.0002389472418788656,0.008117022831682901,0.9913785923875917,6.304873460971226e-05,0.00020238880423688348
305,0.00032845222662497174,0.013921038312743399,0.9854992780674847,4.933232215380614e-05,0.00020189907099326697
306,0.00038662969567095437,0.007752067240057245,0.9916419123809512,3.835670518300611e-05,0.00018103397813763495
307,0.00044997689229571615,0.0077877024916057575,0.9916554947371898,2.245010715143458e-05,8.437577175750932e-05
308,0.00023665858374453787,0.012700840794408008,0.9869455037810628,3.249495375381253e-05,8.450188703067033e-05
309,0.00021495282386068627,0.008874275211801225,0.9905502508409567,5.2819018783254015e-05,0.0003077021045979244
310,0.00012764856410965185,0.01099495317408614,0.9886002245150943,2.5867391504705277e-05,0.0002513063552051358
311,0.0005770433027713067,0.016716987867041472,0.9824173509338924,4.110251372739789e-05,0.00024751538256760993
312,0.000306387471656328,0.018298512110931545,0.9803859807800501,0.0001731070865025881,0.0008360125508594402
313,0.0001622059170033326,0.00851469980182052,0.990859869461543,5.5042807068844426e-05,0.00040818201256434625
314,0.00012193840601510996,0.01716291761335819,0.9825093429395245,3.722030705362367e-05,0.00016858073404848694
315,5.101703796792279e-05,0.006650150878426788,0.9931250988257048,2.3330467228060988e-05,0.0001504027906723924
316,0.00018666492944277075,0.006828604778411889,0.9926991177497976,3.943266007125838e-05,0.0002461798822766325
317,0.00019443931661572883,0.005399297399372206,0.9941037282806278,2.9439481881275446e-05,0.00027309552150304696
318,0.0003296428677471476,0.026043957453329256,0.9728293095831675,7.479238220642078e-05,0.0007222977135497684
319,0.00010774474849785997,0.007606050885436732,0.9919883009245024,3.403556516291626e-05,0.0002638678764000583
320,0.0005967015423192424,0.03361234564142114,0.9649250453370571,9.56729138332425e-05,0.0007702345653693061
321,5.123733303032807e-05,0.0036907685909613845,0.9960917547183905,1.532782849325667e-05,0.00015091152912451907
322,0.00014345599838041582,0.018576931505724835,0.9806450369415872,0.00010254552727909403,0.0005320300270285159
323,0.00042406650496727325,0.025886967752976584,0.9716049460459139,0.0004911747626017731,0.0015928449335404543
324,0.00032468963639907197,0.022757073943780123,0.9746822014059993,0.0004671484552956371,0.001768886558525951
325,0.0011336358933897114,0.030531662601881615,0.9666249667906549,0.0005279163004143194,0.0011818184136595919
326,0.0010110447534159616,0.06610116523005678,0.9297578489802937,0.0012811209683407303,0.0018488200678928202
327,0.0030898801384900056,0.0895430634527381,0.8988030104377397,0.003999603134193074,0.004564442836839148
328,0.0328882214820151,0.2794290816441658,0.5185123795664972,0.00606112432455652,0.1631091929827654
329,0.18939567992154235,0.4640713924727525,0.17072541366992355,0.02446296663165923,0.15134454730412247
330,0.28355715683501054,0.43406778827382075,0.17325771466492115,0.017463653241255168,0.09165368698499236
331,0.19434225925867266,0.44811914558775906,0.2792480709908486,0.011333487089803074,0.06695703707291638
332,0.14260687914130854,0.5963095975727456,0.2262553353309987,0.012581432161413017,0.022246755793534086
333,0.07057200451817282,0.5967462577331064,0.30631380367008915,0.01448408617406414,0.01188384790456745
334,0.09102279638634879,0.7187517448346405,0.17009034286277222,0.009907131790579147,0.010227984125659265
335,0.01714950967353559,0.6132653070705161,0.36591605111894265,0.0010005476340351307,0.002668584502970651
336,0.006374598768449116,0.5047304691028556,0.4865081247473302,0.0009824702572544496,0.0014043371241108072
337,0.00442659482561808,0.2474465127565419,0.7465358211176164,0.00027824720728164055,0.0013128240929418313
338,0.002825292830645898,0.17363032604642883,0.8226945251196923,0.0001619601640380898,0.0006878958391948919
339,0.00029457682486884283,0.049183319459501336,0.9502471573368338,3.970797592808945e-05,0.00023523840286790763
340,0.00014855691170752904,0.023819592702655268,0.9757830107728792,3.418355568888574e-05,0.00021465605706918068
341,0.000214519762238284,0.01714521358135528,0.9821954217066801,4.489570733759098e-05,0.0003999492423886954
342,0.0007058879989172549,0.037112783939728416,0.961696473020599,0.00013277843454765001,0.00035207660620767254
343,0.0012854277735041436,0.04815937980557179,0.9491052395938498,0.000456862116837284,0.0009930907102369032
344,0.003378478781791144,0.07491643038553931,0.9167953087186596,0.0027505885581867438,0.00215919355582321
345,0.0010044053426402652,0.04606117597250586,0.9517989143474193,0.0004816577175881716,0.0006538466198464869
346,0.02739040237512259,0.1554725041194541,0.6830217872890372,0.010608593653312319,0.12350671256307381
347,0.0696580819147816,0.2689608269147609,0.37581903588811205,0.004817131317107395,0.280744923965238
348,0.31296192251367705,0.48430728598331807,0.11583215894221688,0.015540981477443488,0.07135765108334442
349,0.2734082821573653,0.5551750780357743,0.07767353557423276,0.004288409166170504,0.08945469506645723
350,0.30651249740478986,0.6037729428051974,0.058972694267615235,0.0070421761345197,0.02369968938787772
351,0.014215135113272721,0.8397651640432039,0.14231779597552727,0.0008637055581233674,0.0028381993098727954
352,0.04126759197906223,0.7707136833411227,0.18207978830169366,0.0011221255861529576,0.004816810791968705
353,0.002687544954055469,0.5584308924223319,0.4365352581844568,0.0004697912950776419,0.001876513144077991
354,0.009914826722662952,0.7432772868293939,0.24387096054437293,0.00031727396604855243,0.0026196519375217653
355,0.0021352799232829058,0.2768246376037993,0.7195906281900568,0.00029056035051582224,0.001158893932345169
356,0.003497334914502361,0.2169157187536398,0.7778196496089314,0.0005900977510000008,0.0011771989719266596
357,0.001860716085618335,0.20261480747706706,0.7941836127237449,0.00046193781399606596,0.0008789258995735562
358,0.0006629334503603077,0.09597461512361616,0.9027147445746827,0.00018324567089429917,0.00046446118044667355
359,0.0001751470636421505,0.058721118167155785,0.9405624636624105,0.00017019711691775846,0.0003710739898738433
360,0.0004670065558694131,0.07702016908026647,0.9219074755333527,0.00019558440886380805,0.0004097644216474216
361,0.00044407834029430894,0.05666162312678213,0.9423530462909415,0.00010685072080555378,0.0004344015211765778
362,0.0002503147253052889,0.03934623276086944,0.9602246043844586,2.166217166880646e-05,0.00015718595769792507
363,0.00014954365856943637,0.025741773774162452,0.9737473851473769,5.5619885546482576e-05,0.00030567753434484877
364,0.00016450514203471576,0.02450366297061881,0.9748745135331803,4.439372320833082e-05,0.0004129246309577806
365,0.00015177945218379372,0.016109497555085287,0.9832213970200433,4.0414638150414466e-05,0.00047691133453702243
366,0.00030371785758513784,0.013371807138806755,0.9857833970120266,3.5203098059531715e-05,0.0005058748935220349
367,5.500272149538446e-05,0.005419765370368069,0.994193585892344,1.890505540045862e-05,0.00031274096039197134
368,0.0005266693695645385,0.02178684662288741,0.9767535848582223,4.66630267446246e-05,0.0008862361225811659
369,9.33945204740877e-05,0.007069355640255024,0.9921184865086002,2.7499836511676668e-05,0.0006912634941588837
370,0.0001792744104162745,0.00799378424982682,0.9908487487780931,2.8947324111049586e-05,0.0009492452375529167
371,0.00015369482607847064,0.01206201956999645,0.9865927390004097,4.345649966991661e-05,0.0011480901038456194
372,0.00016340703073589217,0.01731930075759801,0.9818439687317664,2.3629840568872387e-05,0.0006496936393309567
373,6.358464750147242e-05,0.006547006096400494,0.9930110608238991,1.6732539690573327e-05,0.0003616158925083413
374,0.00012803631410323303,0.014388595281786432,0.9848919931507816,4.763263069318038e-05,0.0005437426226357192
375,0.0005254915213771198,0.028057201191187816,0.9703583943405133,6.931164334758346e-05,0.000989601303574152
376,0.00024271776604729435,0.01816928004717542,0.9807437759239148,3.232147871103724e-05,0.0008119047841513759
377,0.0001758857407782325,0.02208608088537848,0.9768673417194423,4.3624433761755824e-05,0.0008270672206392502
