epoch,N1,N2,N3,R,W
0,0.0014254126397791596,0.00030688136899479094,0.00012303431889493384,0.00035612856806334933,0.9977885431042678
1,0.00038561406145026127,0.00019139764288954845,2.9050522507302346e-05,0.0006707207376292801,0.9987232170355236
2,0.0004343359654542698,0.0001397177341127109,8.721240570524481e-06,0.0008925674547527784,0.9985246576051097
3,0.0010473818866298932,0.000332605407941809,0.00010112933372182403,0.00023096990494720547,0.9982879134667594
4,0.0005957014055365368,0.0001985413376308196,7.743513115906498e-05,0.0002566797027119183,0.9988716424229616
5,0.000415474501299733,0.0002323545394834202,1.838598152372071e-05,0.00024000580714758532,0.9990937791705454
6,0.0006352162585024111,0.00017856099620086434,9.757073473569661e-06,0.00024667473745719297,0.998929790934366
7,0.00099193586545407,0.000325073936666325,4.5682876720712264e-05,0.00018159987405818115,0.9984557074471008
8,0.0018617895204191674,0.0005133584713039895,2.3879996069868906e-05,0.0004151311190975351,0.9971858408931095
9,0.002390344713656773,0.00040627763898370744,2.4507183626215634e-05,0.00024463134978519217,0.9969342391139481
10,0.010055424277280274,0.0009595997729486934,3.12925487585782e-05,0.0003111010556112761,0.9886425823454011
11,0.03457154574482905,0.0032523459432241947,4.305151881587796e-05,0.0006534748543839999,0.9614795819387468
12,0.004634485997098369,0.0009143785377509197,8.709359942858838e-05,0.0016553126488705978,0.9927087292168516
13,0.00042894510598941,9.721399193849528e-05,1.65579501009063e-05,3.580377988501271e-05,0.9994214791720861
14,0.02101057488065907,0.001218166824674421,3.8456712209358315e-05,0.0005974855986240962,0.977135315983833
15,0.13725465944668258,0.02079522461153328,0.0015795675837808481,0.0014241674509643384,0.8389463809070389
16,0.11108446019805412,0.0400855436083272,0.0009868981315192338,0.005289268632394845,0.8425538294297046
17,0.008381740458551949,0.009175560601538992,0.000330786193512524,0.00038452135877606796,0.9817273913876203
18,0.14087179847808504,0.3794414323789247,0.06897456844536762,0.0062200311488766315,0.404492169548746
19,0.10880229125890144,0.5309748056426808,0.03704014591646424,0.028018525615076048,0.2951642315668773
20,0.07020506653207785,0.5759674192810046,0.08862377841895647,0.012194410698828978,0.2530093250691321
21,0.012714545331984711,0.613347616567675,0.15599453698532895,0.0032090603653919573,0.21473424074961933
22,0.09088158969926044,0.3138568887006758,0.05963241202526091,0.004939097170926823,0.530690012403876
23,0.043580427874803485,0.44360582062398113,0.03212929578415736,0.006925653508063744,0.47375880220899413
24,0.03949073447797402,0.0732070694123846,0.0010353949230770866,0.001316501903328749,0.8849502992832354
25,0.00488348127521939,0.003177146401640143,7.389351182637357e-05,0.0002807086331725703,0.9915847701781414
26,0.08716355681444815,0.05624488880857627,0.0005089281950482547,0.005551218723988969,0.8505314074579383
27,0.12186984845625015,0.07270022615635725,0.00034647672506035233,0.0015633164398666194,0.8035201322224658
28,0.1442311797265258,0.09758897483445758,0.0013760777894517749,0.005734312610758923,0.751069455038806
29,0.08066282660478866,0.16312291519295513,0.0053091460830448104,0.0048407634841442565,0.7460643486350672
30,0.008032313621843654,0.008429670842112233,0.0003148000430265037,0.00032235448015147073,0.9829008610128661
31,0.14342636552366622,0.27927001187338685,0.003934451644708377,0.00400478568409402,0.5693643852741446
32,0.3234495016272004,0.23044221009749918,0.008149380833825532,0.01781495717956494,0.42014395026191004
33,0.10068920819879862,0.7338107064013517,0.02898830816372598,0.00436685275082468,0.13214492448529883
34,0.029407393210859865,0.875110530219273,0.07117350157083567,0.006022282017372147,0.018286292981659364
35,0.04395726125036452,0.4157080166058512,0.013079307073984652,0.0039001752837063163,0.5233552397860932
36,0.06350747908004258,0.20096915665782059,0.004377262095089347,0.002871297406834432,0.7282748047602131
37,0.15049357445380088,0.6447282303365619,0.010487615441912033,0.023813277011562044,0.1704773027561632
38,0.2705984569809146,0.5302473931509639,0.005392968236912603,0.0022826919012788245,0.19147848972993
39,0.12093133385603479,0.7491121314829191,0.007559936347907027,0.0010303893389411423,0.12136620897419789
40,0.03976921139026088,0.06713434529871495,0.00018029339975383246,0.0006530351720067426,0.8922631147392636
41,0.22882627612703474,0.5453519422861858,0.008527625901445608,0.003502154297514061,0.2137920013878197
42,0.24604521672652652,0.53639936423524,0.017405048570713812,0.0024026426601715953,0.19774772780734798
43,0.17211082539215464,0.7473329580973139,0.025849063009697026,0.0034859979615306266,0.05122115553930376
44,0.01550651655780261,0.5770227136801471,0.33577270198154474,0.0007475430794299127,0.07095052470107553
45,0.01472833582236022,0.5634926878802448,0.240507884268122,0.0006730774654669411,0.18059801456380595
46,0.12036274520682995,0.11944656914266032,0.0015587486080878713,0.00036944982674456684,0.7582624872156772
47,0.06648285986810676,0.3163257318895446,0.13564681464271613,0.0003172715854415074,0.48122732201419105
48,0.12403610070176682,0.5239348449820579,0.1393853035783059,0.0008489783259356626,0.21179477241193376
49,0.11738647655983558,0.3690716176023561,0.25165814013791493,0.0005207110576451141,0.2613630546422483
50,0.014200757832008857,0.7673206038241199,0.18161769518848914,0.00031088502531149005,0.03655005813007055
51,0.09624166719772131,0.4534442518174799,0.01646587883017477,0.0004128717968230839,0.4334353303578009
52,0.00537501869748252,0.4791657924626464,0.5044099305540782,0.0001693382766372363,0.010879920009155738
53,0.006640963344080667,0.49993298231902866,0.4795009486095818,0.00013580255925238182,0.013789303168056476
54,0.0002677616501729017,0.07654637486514271,0.9212188004964968,7.0626618413294e-06,0.0019600003263463223
55,0.0003795234480498472,0.10695989922717179,0.8899330924720569,1.2274462375705765e-05,0.0027152103903456824
56,4.3634194991839335e-05,0.018145665437060973,0.9810090173821628,2.23432039555867e-06,0.0007994486653890463
57,0.003683201906797316,0.20805071293467114,0.748506423597412,7.166709571359397e-05,0.03968799446540584
58,0.004691140033383626,0.21420931841444069,0.7595031325823286,0.00029967990298438666,0.021296729066862922
59,0.021864755907985135,0.5338790058965042,0.3794199774895219,0.0005851430625247982,0.06425111764346411
60,0.00045868408120101076,0.18410563735046398,0.8119483739802021,4.88691524268559e-05,0.0034384354357060603
61,0.004603233119212914,0.3193871081526595,0.3815788102919107,0.0005338532161517843,0.293896995220065
62,0.017346386136364668,0.07375336613691343,0.529286812914493,0.00088752226366327,0.37872591254856564
63,0.1707344925360052,0.6866342225279922,0.023334705035578284,0.009783339409503641,0.1095132404909206
64,0.28779194733325025,0.4874084047083666,0.04243065164895058,0.0042653466671637545,0.17810364964226882
65,0.35861471309779924,0.31893378856942056,0.014773480585333051,0.0041480931681781566,0.303529924579269
66,0.17418626988511532,0.6817356692917936,0.017716194614717788,0.0031108769510864095,0.12325098925728678
67,0.04783398932166174,0.8256063009920772,0.10637642573559995,0.000528131143656665,0.019655152807004434
68,0.3099478530975131,0.3908067991857211,0.01303191202837463,0.004460083794396047,0.28175335189399514
69,0.06855340918523767,0.8430973146642952,0.036546882489979074,0.0007821018684761887,0.05102029179201213
70,0.04614792690907766,0.8494116407808411,0.04928397689569612,0.0028037985574666663,0.05235265685691856
71,0.012413737083476881,0.7561812978754813,0.2191931984590723,0.0004665253319836734,0.01174524124998576
72,0.006201230587558627,0.757336156244643,0.22579514947295584,0.0006486059066534055,0.010018857788189015
73,0.007568945794148334,0.8312734895909403,0.14116293134190586,0.0005346464110948767,0.019459986861910864
74,0.004234713748135079,0.7379033887473433,0.251639451265977,0.0010519646289355717,0.0051704816096089685
75,0.019274947133527905,0.7169116185870513,0.17323094377600506,0.001560524376242136,0.08902196612717353
76,0.10236605347279461,0.3647976605206283,0.023928719457954623,0.0032778372416951895,0.5056297293069272
77,0.03239977638826186,0.854603525641591,0.08192053506725884,0.00518906476096615,0.0258870981419222
78,0.0039924314243170445,0.014721935312198512,0.0007014866660224305,0.0005582285302229421,0.9800259180672392
79,0.0014445025457881973,0.0006335725563730943,8.98628033885945e-05,0.00021735487610099997,0.9976147072183491
80,0.0039059852607843766,0.0018537741672776161,0.0003386332941363634,0.00011789652587479504,0.993783710751927
81,0.0024752794178170613,0.0008335216085523064,0.0002272343015108052,5.739468100172738e-05,0.996406569991118
82,0.0018844791861692641,0.0003386668254391036,4.7947538010169917e-05,0.00012983988251289108,0.9975990665678686
83,0.0008967295484526462,0.0004903573037766968,1.5074259019337071e-05,0.00018440175813724542,0.998413437130614
84,0.01692519033291548,0.001607090354289444,7.183711472065631e-05,0.00026755368933339773,0.981128328508741
85,0.006338978173604175,0.001702367460284774,5.381706383042962e-05,0.0003985362772810447,0.9915063010249995
86,0.024617039992178583,0.0015734780127840981,1.9908702946114498e-05,0.0009436038900211403,0.97284596940207
87,0.004351945188984282,0.0013998978448108259,1.453368992975294e-05,0.00038764935331452906,0.9938459739229607
88,0.09233310373097989,0.007346500420944999,5.32592269902717e-05,0.0036972700861278842,0.896569866534957
89,0.008708998392219922,0.0026914742417713357,2.4939842266277966e-05,0.0008610116416776779,0.9877135758820649
90,0.00045646246004646125,0.0005861027446733518,2.369627406468013e-05,9.24112599861324e-05,0.9988413272612293
91,0.0014098212376559766,0.00021343560953377178,9.290023538770521e-06,5.302655834386708e-05,0.9983144265709276
92,0.0008493313083593509,0.00019870302884429614,1.2264830160243933e-05,8.423410565901036e-05,0.998855466726977
93,0.002203741641098923,0.00019796613785692148,4.443061890017148e-05,0.0002060537283965157,0.9973478078737475
94,0.000892692135228195,0.00018503090534264545,7.576148958112374e-06,0.0002412623726235984,0.9986734384378474
95,0.0013638710822417967,0.0003631275527155603,1.2100171033695249e-05,0.0005345449848470571,0.9977263562091618
96,0.001909624131872588,0.0009708681826999725,2.2501754801699642e-05,0.0003998747917065214,0.9966971311389193
97,0.0023335320511308354,0.0005662733838629946,2.9580483804710623e-05,0.0005357120162807508,0.9965349020649207
98,0.17345187107488394,0.011701543942627865,0.0002607408917161213,0.007207249858753208,0.8073785942320189
99,0.0065903473356515,0.002450503889621324,0.00021355726671790933,0.00023994655101051784,0.9905056449569988
100,0.0008153906815763215,0.00045067924599817403,8.938196629218361e-06,0.0001508221712769512,0.9985741697045193
101,0.009167790197743176,0.002950695526633933,0.00012686639167171408,0.0002902801365333601,0.9874643677474177
102,0.001018678632259833,0.0004234876288126125,0.0002948466450702549,8.919776289264418e-05,0.9981737893309647
103,0.0005380664658943857,0.0004739339536061034,1.2444014406165623e-05,0.00043688937293711526,0.9985386661931561
104,0.0004303701678260123,0.00015036110253094105,2.823345878334387e-05,0.00014248796628045382,0.9992485473045791
105,0.0002453476137372059,0.0001933652361069281,1.9976017819300312e-05,0.00018796138070489195,0.9993533497516317
106,0.0004385908029619281,0.0002840493063301622,1.6957213362264448e-05,0.0002844345410792202,0.9989759681362663
107,0.0003366099924894856,0.00017903556872284515,1.1656503200469106e-05,0.0003005249018580725,0.9991721730337292
108,0.00028708832410496673,0.00025150874027859093,4.174252576701266e-05,0.00011435547475134083,0.9993053049350981
109,0.0004118214120207605,0.0004501969390693398,4.969271302423479e-05,0.00016585450301168585,0.9989224344328741
110,0.00037349302770351025,0.0002857729465133506,1.073097115687462e-05,0.00037255074585404793,0.9989574523087723
111,0.0008845479834613676,0.0004673067273571367,1.3285781876247988e-05,0.000644076207373907,0.9979907832999313
112,0.007332955812620691,0.0010174551482059276,2.0563357822015276e-05,0.00039411563017431405,0.991234910051177
113,0.002306101884835066,0.0005537640755801719,9.857114172103669e-06,0.0008393502629566003,0.9962909266624561
114,0.06784685071975675,0.0028298964777329614,3.984136982741688e-05,0.0022352031257930065,0.9270482083068898
115,0.0394250405581418,0.003779064258530079,4.263008122593438e-05,0.0020755862265082257,0.9546776788755938
116,0.0025105558395242897,0.0027172810425104272,3.0011471443654993e-05,0.0002872065605614075,0.9944549450859603
117,0.000460392664142631,0.0004373855102387979,7.434361161347899e-06,0.00041302552506786324,0.9986817619393893
118,0.0009632250203346855,0.000507584274780118,1.775581474216929e-05,0.00028992039881994266,0.9982215144913231
119,0.0028884145653554666,0.0010290623477329634,1.0559381406449353e-05,0.0005624215377522342,0.9955095421677529
120,0.006716544114870423,0.003096437273759696,1.271935970493522e-05,0.00025845723446429566,0.9899158420172006
121,0.0036598086588175618,0.00273232327936394,0.00014948131763673536,0.0001054248811502886,0.9933529618630316
122,0.000488067822025048,0.0008193724119287952,3.919782065592448e-05,5.193637095469731e-05,0.9986014255744354
123,0.0002820866980137105,0.0011978759354898927,7.037138678833422e-05,0.00017250049361302314,0.998277165486095
124,0.0006041696128545814,0.0009149632657640656,5.2571159603187e-05,0.0001656062172096364,0.9982626897445686
125,0.001434455123231047,0.0008864521421830885,7.891705167066692e-05,0.00015880407099444572,0.9974413716119207
126,0.00019922329474296343,0.0006772106986492583,4.696862436330231e-05,8.944898995407481e-05,0.9989871483922903
127,0.00024844180007961146,0.00032992610871645687,3.6773963775410846e-05,2.3008261669644188e-05,0.9993618498657588
128,0.0018612159158048036,0.0011619012012724363,4.617913630571034e-05,0.00026685984740511465,0.996663843899212
129,0.0005956438135741629,0.000767363340166455,1.7676072949874902e-05,0.000356369627383091,0.9982629471459264
130,0.0005509822082180027,0.0011591011351492731,0.00010923910592595471,9.863193723615554e-05,0.9980820456134707
131,0.0004035126665594402,0.0006601166685923066,9.927333540836591e-05,0.0001840698968492924,0.9986530274325905
132,0.0014953531247882644,0.00048056794983443414,7.748370205267378e-05,0.0005676388090999956,0.9973789564142245
133,0.0003784967334049822,0.00037625961936682805,5.304487239703987e-05,9.650443529388238e-05,0.9990956943395373
134,0.0010304439138508572,0.0006627431993460867,0.00019273723201009653,0.00027663583396601296,0.9978374398208268
135,0.0006432231058510102,0.00028607568952524094,0.0001346479649741086,0.00018768987633802908,0.9987483633633117
136,0.00041543962500598255,0.0001392162168928608,1.3260662877242734e-05,0.00012693953494420727,0.9993051439602798
137,0.0006909819845757907,0.00011899815967476625,3.710900866177318e-05,0.0001587433255780981,0.9989941675215096
138,0.000541552935657816,0.00020237933760815926,1.6342316875891656e-05,0.00011089257878977657,0.9991288328310683
139,0.008309029448866233,0.0020347332449172995,0.0015357814927570634,0.0003388866025365114,0.9877815692109229
140,0.004732691749214424,0.0010420697469420955,0.0006797320058438185,0.0002556759899567177,0.9932898305080429
141,0.013868719377473073,0.007737197727741137,0.003879074665196623,0.004089498304201626,0.9704255099253876
142,0.0010441626974057065,0.0003350345505118833,0.0002579133789673954,0.00010308453290586655,0.9982598048402093
143,0.0008283362573096739,0.0001819703120363491,1.9423821845651044e-06,3.80665313763705e-05,0.998949684517093
144,0.00020925952311379742,6.827282535801548e-05,2.4557955797198916e-06,1.6533526396329075e-05,0.9997034783295521
145,0.00025276718720321196,0.00010391818331312328,1.6597843696031757e-05,4.450382320697873e-05,0.9995822129625807
146,0.0003904092171393221,0.00014323203788951517,6.692600716470883e-06,8.748582196895893e-05,0.9993721803222858
147,0.0004616289675728901,0.0003918190859818723,8.07465052611059e-06,0.00015031028899536314,0.9989881670069238
148,0.00048659539270425706,0.00020137236995902214,0.0001196105952276979,7.604560772232507e-05,0.9991163760343867
149,0.0002616894854182578,0.00010498617130401214,2.94743727579618e-05,5.584675099846615e-05,0.9995480032195213
150,0.00029582694293218856,0.00020807908704001892,1.3207109001985337e-05,0.0002280209468049607,0.9992548659142209
151,0.00034314728927686925,0.00011085300591587196,1.4799288005210665e-05,0.0001978718537948759,0.999333328563007
152,0.0007329641157499179,0.00017470422547209534,6.191056730561905e-05,0.00010132153512642515,0.9989290995563459
153,0.0003141245131252297,0.0003042793523767091,6.153779279197888e-06,0.0002691619260744105,0.9991062804291444
154,0.00029229836441960823,0.00018096408888811693,2.09222627295837e-05,9.140411479549092e-05,0.9994144111691673
155,0.0005163404339881331,0.00026741788481713356,4.242007541386235e-06,0.0002882082725906301,0.9989237914010628
156,0.0008062501614252618,0.000496717545150923,4.909470628805905e-06,0.0003805377347687898,0.9983115850880262
157,0.0006871110543873788,0.0003201542748420466,3.6767138505478884e-06,0.00026222133833117496,0.9987268366185889
158,0.0011570192169785003,0.0010262713474871361,9.396084947849913e-06,0.0010479656712769597,0.9967593476793096
159,0.0007766581847083576,0.00044095516020001746,2.166801113579019e-06,0.0005066851880921881,0.9982735346658858
160,0.001156660035492946,0.0006166717101599825,2.5739027482743534e-06,0.00015313913110631054,0.9980709552204925
161,0.0006819659001252328,0.0004401609344401601,3.206432112475835e-06,0.0003724261856354946,0.9985022405476865
162,0.0005978773665414026,0.00035506597030234683,4.514253853117197e-06,0.0004129790671952894,0.9986295633421078
163,0.0029134273356811206,0.0007097171663005284,0.00010867701665576393,0.0005900813589818723,0.9956780971223806
164,0.0011865913792271636,0.0004533234428454352,1.7630670638947647e-05,0.0003948571802297486,0.9979475973270587
165,0.001786217179685854,0.0003354457749874787,3.7314979669870484e-05,0.0002984418623450084,0.9975425802033119
166,0.0004924427566706036,0.0003501991607630835,9.095934420060398e-06,0.0006348695907505475,0.9985133925573957
167,0.0009623183494713136,0.0005027086859934353,1.655338961965944e-05,0.0011728355201177563,0.9973455840547978
168,0.0016137077099127321,0.0008083160546094529,4.2554505276707294e-05,0.0006471233108939253,0.9968882984193073
169,0.0008247983186584121,0.00046306549583286215,2.3300489588061926e-05,0.0004616989984054301,0.9982271366975153
170,0.0007940388881338193,0.0003317007153358597,1.0720613569874413e-05,0.0004595633394058821,0.9984039764435545
171,0.0013595793730185345,0.0003321919274061431,4.1933704525979724e-05,0.00041636769416590467,0.9978499273008834
172,0.0005172583337183889,0.00011899123719583388,1.3279494340763683e-05,0.0004652594841539943,0.998885211450591
173,0.0007717878048566969,0.00027716573119317253,2.320997287938373e-05,0.0002710964507027458,0.998656740040368
174,0.0007945613811070518,0.0004813464575721451,1.3450390754037227e-05,0.0008606230312847738,0.997850018739282
175,0.0006205914281915987,0.0006123130620413769,2.140206547264512e-05,0.000413389931135321,0.998332303513159
176,0.0008118366152411215,0.0005219226713978005,1.5086664358822229e-05,0.0007025626974222926,0.99794859135158
177,0.001551791835289823,0.0010334280420477636,1.5832434358228998e-05,0.0006545578729716601,0.9967443898153324
178,0.0008533743477195008,0.00047437797726888984,9.57111584821092e-06,0.000627539742531479,0.9980351368166319
179,0.0011974104571761874,0.0006269531984426589,1.8384503012557577e-05,0.0008364890769502378,0.9973207627644183
180,0.001485568596866934,0.0004441716913293121,5.549479930878389e-06,0.001165930822390943,0.9968987794094819
181,0.0009352721171496616,0.00038750272416249794,3.636315353445939e-06,0.0006004426143796717,0.9980731462289547
182,0.0007316178356020011,0.0004993210293630188,8.791831803824935e-06,0.0006324396091919846,0.9981278296940392
183,0.0018993848022905496,0.00043813360551191947,2.3910589492682356e-05,0.00024117871419408724,0.9973973922885108
184,0.000651919044279076,0.0003239582068041056,3.452060822339397e-06,0.0005187323211068987,0.9985019383669875
185,0.0008355377338192736,0.00039328822833893103,4.255457224083781e-06,0.0005926304523141009,0.9981742881283036
186,0.001607475146009504,0.0003846935235256838,6.153040715222512e-06,0.0006579221019030827,0.9973437561878467
187,0.0025169701582457146,0.0003942543820148706,5.514018280861396e-05,0.00039799251185929633,0.9966356427650715
188,0.0009421586223587544,0.0004578066299495804,1.069659916078526e-05,0.00046727587854759233,0.9981220622699833
189,0.0017162693496916462,0.00042498618775150404,8.862549121220807e-06,0.0007477861209009428,0.9971020957925346
190,0.0010679994332593627,0.0005227594975676571,1.5794844558935406e-05,0.0007657347492003587,0.9976277114754137
191,0.0014326294537108013,0.00030133838005501974,1.2206518853978853e-05,0.0006684180023235447,0.9975854076450568
192,0.0012439926491774162,0.00037910660669203834,1.5002074687603077e-05,0.0003691352861463092,0.9979927633832966
193,0.0007268550108288719,0.00039438430513352696,8.498432054955524e-06,0.0006925493811171155,0.9981777128708655
194,0.0006653382957173294,0.0006095800856483415,1.6629974633316283e-05,0.000885963495804428,0.9978224881481965
195,0.0007299358602171,0.00040821276837629345,5.05475485154611e-06,0.00046206538704862064,0.9983947312295064
196,0.0023586405185226115,0.0007378748828414846,2.804472355478591e-05,0.0007237295027862032,0.996151710372295
197,0.0015490555779468394,0.0006232064836646998,1.4119092786939615e-05,0.000719071199017497,0.997094547646584
198,0.0009162806707849003,0.00025497118120324284,1.8317691612923765e-05,0.0002554370812859039,0.9985549933751129
199,0.0011878707530698295,0.0005589891940455197,2.4550091830541527e-05,0.000575108436257758,0.9976534815247963
200,0.0010444101283019621,0.0005107149248156503,1.747915139498589e-05,0.0008203011866704079,0.997607094608817
201,0.0008795023174744244,0.0003210300801837965,7.110907725266889e-06,0.0006424417129469121,0.9981499149816696
202,0.001076981402570357,0.0004857520715471248,2.8884903444082413e-05,0.000788499879841434,0.997619881742597
203,0.0014176153981998922,0.000475616082056402,2.0985477842976772e-05,0.0008630382798819114,0.9972227447620189
204,0.0011045245474918133,0.0003304796095181466,2.3772622348840867e-05,0.0010984069560384746,0.9974428162646026
205,0.0014334681916768428,0.0004823408482473174,4.0787798621751054e-05,0.001668609040620032,0.9963747941208341
206,0.013127063045825855,0.0007687666417918223,7.673160689994373e-05,0.006407748234915519,0.9796196904705667
207,0.0026185941846399692,0.0010613835116599316,0.00013803462645530748,0.004412818292299033,0.9917691693849457
208,0.0051397692875559935,0.0007022224745232586,3.4345522332967166e-05,0.004677356434196785,0.9894463062813911
209,0.09218223790294458,0.004178531703388151,4.902230865178217e-05,0.024431345812801823,0.8791588622722136
210,0.04365773193935999,0.00321701759812314,3.847736427082119e-05,0.013986984860098568,0.9390997882381474
211,0.006098595994779123,0.0010353384467213292,2.3467814228835435e-05,0.011492493815699457,0.9813501039285714
212,0.02932988119031613,0.0020242352311331817,3.584055641659512e-05,0.016053901484939376,0.9525561415371947
213,0.0036725541918138384,0.00044552839621790716,3.532202651432295e-05,0.008182287643739669,0.9876643077417143
214,0.1300209947341689,0.003198818646852513,7.054777490120606e-05,0.028808787272869625,0.8379008515712079
215,0.12983658615903007,0.0069897458859345465,6.880006737494834e-05,0.05360171263418805,0.8095031552534724
216,0.005285902683216076,0.0005751739481928713,1.753868573338472e-05,0.009678840584392714,0.984442544098465
217,0.036181502043568896,0.00297023099569543,2.3547937553502055e-05,0.02831225864891785,0.9325124603742642
218,0.13121988400203421,0.01662879154054548,7.47748087820533e-05,0.033771081537339376,0.8183054681112989
219,0.23808382366099415,0.014663725444353853,9.141959533430742e-05,0.050709256769920344,0.6964517745293974
220,0.3623626803202643,0.11974083014897742,0.0005919318481724445,0.31172420730903005,0.2055803503735557
221,0.3558124717787779,0.06399337555725351,0.0005263302883381398,0.406429951506436,0.17323787086919448
222,0.07416143058740232,0.10742572925329279,0.0006583575103698031,0.807716996648593,0.010037486000342101
223,0.032571211160474456,0.3667327784991581,0.000884148081357214,0.592489394139242,0.007322468119768412
224,0.025874611400814273,0.13346471097658866,0.0004353550415730221,0.8350476261776085,0.005177696403415449
225,0.009432367450511814,0.6152989965758529,0.0034505338370416634,0.3687267725159403,0.0030913296206535566
226,0.01104224618470088,0.7314304830763461,0.005107846886126515,0.24663470191508227,0.005784721937744137
227,0.03206917411407342,0.21751046132814553,0.0007970957416798921,0.7248724690747848,0.02475079974131639
228,0.025531786264047437,0.355003408570627,0.0013737962922799327,0.6040854482855301,0.014005560587515358
229,0.037889219995812025,0.03376159228889723,0.00010339618026618502,0.8852727776067312,0.04297301392829357
230,0.08601675289387009,0.08759351535522293,0.00019686083212078345,0.8101261438547016,0.016066727064084543
231,0.10651920549629192,0.1979757663135734,0.00042648272940759167,0.6742265696544381,0.020851975806289086
232,0.06220682325514793,0.6348398852198457,0.0010445372124272623,0.29415075076506864,0.007758003547510424
233,0.06727858824203291,0.70790115838816,0.001516358551774306,0.18842948453095698,0.034874410287075795
234,0.03735945753780012,0.8909143455740216,0.0008168047013803457,0.06310370530156784,0.007805686885229928
235,0.29598222563558485,0.19724534919203215,0.0002519187111490314,0.18852011705192348,0.3180003894093105
236,0.1216131393510699,0.8122825811285465,0.0011337915411680072,0.049366970102215094,0.01560351787700044
237,0.07591914888720724,0.8842088120685008,0.0010310116507443853,0.021646048245718183,0.01719497914782959
238,0.20159217456807696,0.6412939942186701,0.0006486730097112816,0.08621080935502082,0.07025434884852104
239,0.13042608642460338,0.11542005227701511,0.0007695061476124528,0.04653401738242208,0.7068503377683469
240,0.32887900622209854,0.3944902512212345,0.0013156535542521992,0.20386482121047,0.07145026779194463
241,0.21775260088918322,0.6133188532802488,0.0015999137212036553,0.11810502163178387,0.04922361047758044
242,0.1363851938326502,0.7384558003819546,0.0003766902538128362,0.10490677153930687,0.019875543992275462
243,0.06050409717255233,0.6427968267497151,0.00023951509941439348,0.20585920722398804,0.0906003537543303
244,0.11481264966140123,0.6576482378527945,0.0006381233924540107,0.204042813163016,0.02285817593033421
245,0.1353701978523268,0.1289679476233085,0.00024039446660050344,0.13935762090353015,0.5960638391542341
246,0.5250877505785123,0.36951415666211357,0.00024081924149865292,0.07444446502016612,0.0307128084977093
247,0.5016738319037468,0.40151551219339204,0.00032039276730670864,0.06654828529992571,0.02994197783562854
248,0.030417492166557203,0.9573871598777964,0.000924717872679106,0.00909016610117607,0.002180463981791041
249,0.022987153422800825,0.9386908258429874,0.0010680660633529365,0.03162387322761276,0.0056300814432459325
250,0.01709992226561217,0.9622201255224454,0.0007627137892509382,0.017808580629213897,0.0021086577934774312
251,0.16524773421105704,0.7149811357107252,0.0027537674355145704,0.10348227394506625,0.013535088697637017
252,0.060404744744692755,0.9033551079136243,0.00542395972152218,0.026457537902314036,0.004358649717846983
253,0.03675131670832424,0.9204572493180434,0.00701521719364912,0.027859119900930776,0.007917096879052612
254,0.27292657281449906,0.6056456406416271,0.0014758893927735682,0.058074328416621725,0.06187756873447853
255,0.08457652422610047,0.8992508094142363,0.0010615168502368395,0.005926778202283369,0.009184371307142834
256,0.01665810583571491,0.9635070900487622,0.013296154428131082,0.004061248587139178,0.0024774011002524844
257,0.24803025829179468,0.6925397079350306,0.0021800642062093376,0.04330600027425374,0.013943969292711893
258,0.049724688475715456,0.9279938775604418,0.008430323918506444,0.00981516443727895,0.004035945608057285
259,0.03223991358884293,0.9210965375192768,0.018567305756477293,0.012337910527001058,0.015758332608402
260,0.13422535308409053,0.8375220563482172,0.011139030804205655,0.008258315620172017,0.008855244143314456
261,0.11360695957627694,0.8434913162327716,0.011177443223021893,0.01904812388178722,0.012676157086142264
262,0.025604553653963844,0.8937509379121172,0.06946317351251728,0.0076196160054190646,0.003561718915982535
263,0.1502900306137253,0.7860762812157149,0.009256186481154248,0.04382969348571963,0.010547808203685801
264,0.009039385650627445,0.9716533196174315,0.013167355899858865,0.0033406269951955303,0.002799311836886628
265,0.03311484059007807,0.9381580706365074,0.01131340789027553,0.009064991818316976,0.0083486890648221
266,0.011274674436939889,0.8602547286317049,0.12295216394437662,0.0018097203460999613,0.0037087126408788737
267,0.014776088665307116,0.9644402092865098,0.012527350733229851,0.004121169592111291,0.004135181722842067
268,0.10179645706170416,0.8514655558425583,0.00798748685349218,0.029212895135924132,0.009537605106321144
269,0.045471064355386,0.9270550957670782,0.008226312758461389,0.009100703756225367,0.010146823362848972
270,0.0313939398722496,0.944222509016753,0.007698779499508647,0.011496845865319537,0.005187925746169065
271,0.07651003252539523,0.8904147826123147,0.008356831501226281,0.018504986764010092,0.006213366597053851
272,0.03593554536272297,0.9439623024329951,0.01053493122137801,0.005487870140598506,0.004079350842305539
273,0.03163189728772814,0.9498098354237792,0.00784324345595342,0.006284006394612503,0.004431017437926915
274,0.0892434980058598,0.8396200528414908,0.013861451353132857,0.006574484043092238,0.05070051375642451
275,0.19901276774944487,0.7751794943047832,0.006032720480085059,0.007652893528847898,0.012122123936838787
276,0.03997898772970418,0.9338217667319402,0.02134804989333409,0.001618387144319687,0.0032328085007021262
277,0.032328962461165636,0.9279133089720946,0.033798206181676144,0.0016776451217666473,0.004281877263296966
278,0.0680332599813289,0.9183635597865017,0.006064887198138944,0.004236432369765833,0.003301860664264731
279,0.004695771038922266,0.8886661076371175,0.10211752614585545,0.0026026338667772945,0.0019179613113276457
280,0.022598995679056155,0.9452571449641551,0.023204844672527782,0.006027937844448484,0.002911076839812286
281,0.043896087577948606,0.9258780226580968,0.013050891521639497,0.006084914664803383,0.011090083577511681
282,0.004167463729520297,0.9131508750730335,0.07757719497987821,0.0022980154227296395,0.0028064507948384644
283,0.0359954170698051,0.9464282169271591,0.010242154552127732,0.003974047663095989,0.0033601637878120294
284,0.0068889092511892755,0.9612475562993213,0.02621239351968995,0.0043771588434966275,0.001273982086302726
285,0.008800256565513639,0.7579295939645853,0.21893559847196772,0.011732736821544422,0.0026018141763889044
286,0.10449470719656657,0.8253990556050322,0.00865336708304352,0.04977192671208703,0.011680943403270543
287,0.08913918311800302,0.7953259836117331,0.006858869132460355,0.09699931730181449,0.011676646835989034
288,0.012733062709980751,0.9643220455741518,0.006637736864728143,0.010324474661826752,0.005982680189312473
289,0.13090029919244275,0.33772980457187646,0.0011996555239153018,0.4636110923732364,0.06655914833852915
290,0.06017705854922696,0.30961395469779307,0.0005731411765637749,0.6082173041374639,0.021418541438952235
291,0.02225218217831752,0.782811024884906,0.0054355470254684075,0.178017926563457,0.011483319347851283
292,0.02274302756895666,0.014470175819425207,6.450915033151566e-05,0.6060949442259397,0.3566273432353469
293,0.07801455432168365,0.026911302261683166,8.146763401715895e-05,0.43284186108270106,0.462150814699915
294,0.17014387687478605,0.03377006824829565,0.0001132570669205394,0.4755185128732211,0.3204542849367767
295,0.3437012522681147,0.08112899875667894,0.00015675438987809267,0.5050788219041711,0.06993417268115712
296,0.1326552000412736,0.07439351155491979,0.00020717342388998705,0.7194512606364204,0.07329285434349628
297,0.05471279682786668,0.01017752146975417,5.943425663858302e-05,0.9082985409766284,0.02675170646911218
298,0.02157786603838163,0.008304497584553568,2.4138448782710485e-05,0.46717756058984333,0.5029159373384388
299,0.06221758607360803,0.019269518617336376,0.00018879607078626742,0.7487085545726203,0.16961554466564907
300,0.02589633232593118,0.006458035166140931,3.437270530810462e-05,0.12726007047848295,0.8403511893241368
301,0.46455744089003564,0.01817341726042498,4.0691875056134683e-05,0.4269837903903008,0.0902446595841824
302,0.11645672399302898,0.023987968694476388,5.7092918200562094e-05,0.8459454958257765,0.013552718568517688
303,0.05458889566442295,0.08387815887870984,0.00017377457118525862,0.8233720397112148,0.03798713117446711
304,0.04433017871945439,0.026246679576829846,8.830866212004654e-05,0.9045475424649401,0.024787290576655782
305,0.045087290705617025,0.12066626233869114,0.0003330534219564245,0.7895507050479347,0.044362688485800814
306,0.1145207747924463,0.040330208087371346,0.0002125271215230638,0.7702009345593871,0.07473555543927218
307,0.10729086524772365,0.4380833156488799,0.0009210712629925541,0.4402928368458062,0.013411910994597424
308,0.09156637904075293,0.6163094885562906,0.0011431004215497376,0.27360306297800535,0.017377969003401186
309,0.14574698670042352,0.4881106035986899,0.0016100236519173048,0.319642557308831,0.0448898287401383
310,0.010351423493808812,0.9662875915292121,0.002055745348803158,0.017978466578463703,0.0033267730497123387
311,0.13165900782856793,0.535279954774089,0.0013993411139743095,0.3073557710804189,0.024305925202949948
312,0.15265602658588695,0.5069083501637489,0.0031575402335036165,0.10718062403637402,0.23009745898048636
313,0.273400458626943,0.3022322858742677,0.0015696609663983644,0.2878040617856547,0.1349935327467363
314,0.0808618746311213,0.8579393987071635,0.0010310948077108524,0.0468535586530269,0.013314073200977387
315,0.249090736168278,0.4103090735827876,0.0002214744113124795,0.1744686131509261,0.16591010268669565
316,0.22252835205346172,0.2757486465918318,0.0002430592230620763,0.31182131592436346,0.18965862620728094
317,0.05304238582702789,0.8254215478107229,0.000500179072022668,0.10987925154243876,0.011156635747787776
318,0.11248962346605505,0.14766408393658495,0.00018170385432286068,0.29403434993956984,0.44563023880346736
319,0.25642733668660067,0.22296616100686006,0.0002250188277023879,0.4879846555847731,0.03239682789406387
320,0.09780671889902054,0.4541299800616124,0.00029593900330364067,0.398201993844822,0.04956536819124148
321,0.18657233357334738,0.36164465318646394,0.00025514839476570284,0.4261806486033596,0.025347216242063337
322,0.06318351665206527,0.4948456854002006,0.0010411502626405198,0.357868637406619,0.08306101027847473
323,0.1960501639764971,0.15910102990551037,0.0003068846853852421,0.5869930875502286,0.057548833882378615
324,0.09239630122416315,0.5638541465473719,0.0012542288383983317,0.3297843527960294,0.012710970594037285
325,0.08797157006241745,0.6121519649261448,0.0013900300109203137,0.2807960952738699,0.01769033972664747
326,0.03421979958636248,0.8261369580583091,0.0014851286625083124,0.13091222470528455,0.007245888987535591
327,0.05228265861709995,0.76972151455878,0.003014445812714829,0.14085292753324202,0.03412845347816317
328,0.09633834873615153,0.6758008933852988,0.0027176534903137935,0.2074317860637707,0.01771131832446509
329,0.07909330197413711,0.7826982577969834,0.00270929884954165,0.11262225379898773,0.02287688758035033
330,0.03466207062037267,0.9185226863297109,0.001194610811202753,0.03550325920071404,0.010117373037999667
331,0.14989448584067477,0.7151049405722281,0.0017968806029381337,0.11926235274343819,0.013941340240720782
332,0.00978030159135012,0.9826998885130076,0.0018015295331370584,0.0031463520665550326,0.0025719282959499284
333,0.023760321218087573,0.9627530735237005,0.0012010901167901203,0.008861019296862449,0.0034244958445591857
334,0.004469489530680955,0.9855350600805755,0.006072345868420542,0.002847535311441153,0.0010755692088820447
335,0.021985536394934817,0.9455908226309042,0.0017751434702213131,0.019721413872255088,0.010927083631684471
336,0.067652182609674,0.8326237771321333,0.0020994497280687214,0.08893005296293371,0.008694537567190276
337,0.0946792760985804,0.8129052543557567,0.0020256786593365436,0.0553082498874704,0.03508154099885614
338,0.009688134670057896,0.022808053012347416,0.00010590676596444747,0.007527325330654127,0.959870580220976
339,0.3807342417134969,0.4613817337737338,0.0005589073007676857,0.09246355062978635,0.06486156658221516
340,0.06289076372781556,0.8902476688323696,0.000996794623987907,0.034738208295410286,0.01112656452041668
341,0.302172681149514,0.08764649214570625,7.94599004417287e-05,0.11255046694612449,0.4975508998582136
342,0.2319504881288603,0.23225011211322813,0.0003255573875243589,0.46620646142826927,0.06926738094211786
343,0.06578228930103679,0.7717671552432279,0.0004500173307387308,0.14515882745900124,0.01684171066599543
344,0.022451627831968853,0.9027905029667427,0.0007806076358579636,0.06829233425003095,0.005684927315399518
345,0.06065651111983575,0.4917754430912273,0.0006043709483184715,0.4284857119857994,0.018477962854819077
346,0.009031987522555995,0.03229738966992747,0.00011315713106745358,0.09301660757660078,0.8655408580998483
347,0.3488059540542598,0.10178080335662175,0.0001597917794962238,0.46840246972583904,0.08085098108378325
348,0.13619218583731646,0.5381004204605919,0.0005802252661723987,0.30004384757764474,0.02508332085827454
349,0.2738395707261677,0.2920230588701982,0.00017758674130767652,0.4070123811222334,0.026947402540092737
350,0.02475174495637895,0.026538702718861717,0.00016022862350187922,0.11337705410943669,0.8351722695918208
351,0.23938009694442375,0.08149634275148937,0.00016316525937075152,0.5109593494717537,0.16800104557296247
352,0.20299092744000308,0.3711204568916356,0.000533528671839656,0.4036709187051577,0.021684168291364176
353,0.254450395588831,0.3455663524308687,0.0002609005514307379,0.36587778925198017,0.03384456217688952
354,0.09614281636416797,0.5171107462045471,0.0005495731399191624,0.36168286960947615,0.0245139946818896
355,0.18516093105474965,0.21613137907724128,0.00021973668101707517,0.5642640531419114,0.034223900045080614
356,0.022967961656632625,0.9389441507160471,0.007902795130470293,0.02810891969331408,0.0020761728035358007
357,0.037405145413969554,0.849210779291126,0.0005632747631052105,0.10770190049203436,0.005118900039764884
358,0.01809819916121206,0.025003068874044843,0.00023717678436524758,0.008056744947096876,0.9486048102332809
359,0.4811307693843666,0.3513867043167474,0.0007097526579056276,0.11273440015898087,0.0540383734819995
360,0.08285391941205965,0.8962781766544048,0.0005342527064153655,0.014047844974990007,0.0062858062521301515
361,0.08718678094876942,0.8878681676221799,0.0012632197604220245,0.01641626055347623,0.007265571115152223
362,0.1116793232527386,0.8273085814616415,0.0012585298985527548,0.04423141019942945,0.01552215518763772
363,0.036072942615018096,0.9110253430524238,0.001406794922933093,0.046477043114736695,0.005017876294888547
364,0.01959952507065806,0.9622238786828802,0.004072433162128478,0.0112138857725736,0.0028902773117595753
365,0.06423295079502045,0.9008536434951433,0.002006836315477538,0.026999640597883144,0.005906928796475575
366,0.015419818878012604,0.9706963325892883,0.0035805528303708856,0.008031562432943137,0.0022717332693849993
367,0.008718208789212612,0.9360663559618849,0.043302609061301456,0.005471335158883886,0.006441491028717056
368,0.022402200030444776,0.9605860831654702,0.0048354857288400435,0.008101035072789555,0.004075196002455117
369,0.014358096462743572,0.9460518916971024,0.018189951834302637,0.015751307590056492,0.0056487524157949
370,0.009300296070531084,0.9677059790889802,0.007301488262267711,0.009032347644985273,0.006659888933236013
