epoch,N1,N2,N3,R,W
0,0.004939383690413871,0.0005976455807774948,7.488358978702148e-06,4.971852836790037e-05,0.994405763841462
1,0.0002707777474996142,3.2763859657956255e-05,5.246305323542315e-07,2.0342985900977095e-05,0.9996755907764091
2,0.002432339334945836,0.000246151110534192,3.66362895697463e-06,1.1291174231108239e-05,0.997306554751332
3,0.0002812708967449548,5.665201548375581e-05,3.946588243102713e-07,6.203255537254387e-06,0.9996554791734096
4,0.0025587006000494347,0.00028229426788720574,1.1731024245016136e-05,2.0981063228264687e-05,0.9971262930445901
5,0.0017425643066126012,9.56172611722918e-05,1.4770630442720888e-06,1.7761909698332164e-05,0.9981425794594726
6,0.0425486830987277,0.0018195851454756037,5.0949464435853006e-05,0.0001315910330777571,0.9554491912582832
7,0.010612789001664881,0.0017639308279134135,3.771828276227104e-05,0.0001883815256107053,0.9873971803620487
8,0.006146483045716876,0.0020275795109901532,1.7009580099823655e-05,0.00016530014948888682,0.9916436277137042
9,0.026592492326779384,0.007606120576797018,9.397294255557173e-05,0.000964744698159548,0.9647426694557084
10,0.025274056302404774,0.0011901343710552807,2.778860248973121e-05,0.0014472805487964746,0.9720607401752538
11,0.09170020609293589,0.003254860168833814,3.507146546725637e-05,0.0036820777602554655,0.9013277845125075
12,0.10561805107009074,0.0021598670680891122,3.0720817688092214e-05,0.00407847243833351,0.8881128886057985
13,0.2839858821693154,0.0031658851409516985,3.726767010919553e-05,0.003219421885548248,0.7095915431340755
14,0.6206294311909082,0.01832205098277587,0.00016387314963630309,0.011232733973501274,0.34965191070317836
15,0.5102094885695795,0.1785891467929532,0.0005781735151371737,0.0500895397467987,0.2605336513755314
16,0.40703637903355994,0.3657438665732341,0.000977908752180968,0.05644155831866604,0.16980028732235897
17,0.2048463442223826,0.3275125875314727,0.002719250611664349,0.15882794725912774,0.3060938703753527
18,0.01738166568596293,0.003962060241967942,5.62221964730986e-05,0.004036050308335288,0.9745640015672608
19,0.5409516879023115,0.23700889009580695,0.0042914231873622845,0.01269326385340363,0.20505473496111568
20,0.59440020238403,0.3140766113683832,0.005521851481227903,0.002943138374399629,0.08305819639195916
21,0.21870116936460907,0.7699626239769658,0.005260743739070839,0.0007995302386319217,0.005275932680722499
22,0.1849102985476057,0.7835565490618223,0.013963996337710453,0.006392563204714159,0.011176592848147449
23,0.04883630823968408,0.9250522355877226,0.017048782907157098,0.0019448744439224416,0.0071177988215138975
24,0.03201580541993271,0.9435125549833722,0.01802079047685947,0.0017681271989736479,0.00468272192086184
25,0.01416430136383799,0.9805655418940289,0.0033205867034870684,0.00047815405594813073,0.0014714159826978294
26,0.054307521886730166,0.9308088256839832,0.008673222843728436,0.00155060256380545,0.004659827021753036
27,0.01875621824577625,0.9681033173839697,0.009324121311973904,0.0006829076106207632,0.0031334354476591944
28,0.007030606149194931,0.9803762388888224,0.009530177080414358,0.00017597719991395582,0.002887000681654202
29,0.023026818606737897,0.9647333499818169,0.0066455883480542564,0.0008013973446833781,0.0047928457187079235
30,0.011282134301869263,0.9705393451932377,0.013637541003093058,0.00037119877779100694,0.004169780724009168
31,0.009500949590468568,0.9726803379440968,0.014062519473943201,0.00022302782060728088,0.003533165170884061
32,0.0053552103787930065,0.84679620397544,0.14609572858537442,0.00010533763903387916,0.0016475194213588348
33,0.013504391974596845,0.9288511582182238,0.05563339250932242,0.00015127688640361242,0.001859780411453329
34,0.006657837095607423,0.9057964660179544,0.08519389323590355,7.834262796555465e-05,0.002273461022569097
35,0.008863244916535225,0.8335913027114501,0.1553904303308675,0.00012587983292175982,0.002029142208225552
36,0.007800542325222909,0.8779962440063944,0.11124638875939058,0.0001742479580477923,0.002782576950944395
37,0.003356103935630196,0.8438163147878877,0.15049977812501883,0.00010090189990374243,0.002226901251559409
38,0.00453019257287478,0.7767720837829251,0.21581334691389753,7.20840768692737e-05,0.0028122926534335318
39,0.003937693053290526,0.8446235830521516,0.14834725183173034,4.4043244510805095e-05,0.003047428818316731
40,0.0057246794593383095,0.8261992753321579,0.16582219534015918,5.3344521777520424e-05,0.0022005053465670365
41,0.0071967979620333345,0.8924095039834263,0.09828076353137125,8.190496206052857e-05,0.0020310295611084598
42,0.0022410379155897346,0.6319888266569784,0.3635667021016301,3.600269843082814e-05,0.0021674306273707627
43,0.007393502978838168,0.8725764298141658,0.11624047258756708,6.938208887407777e-05,0.0037202125305548527
44,0.0031756803333884303,0.8510124403975318,0.1441107249732977,4.125196691396426e-05,0.0016599023288679376
45,0.005488831792291634,0.7807589013597347,0.2111070075727673,4.6076825877463176e-05,0.002599182449328945
46,0.006614269935962546,0.8325390193237518,0.15789032031501618,3.751751119213435e-05,0.0029188729140773675
47,0.0034991207463140345,0.706094175203243,0.2876076834942294,3.696846115051505e-05,0.002762052095063039
48,0.0021015309698462848,0.6930649755259067,0.30231059075717986,3.260700658806755e-05,0.0024902957404792
49,0.006308632742513577,0.9056040727087411,0.083212155724502,8.013432602110401e-05,0.004795004498222283
50,0.005370278319305923,0.8467046751188072,0.14336142325414114,5.1152984810684865e-05,0.004512470322935056
51,0.004290595016105357,0.5940057238485879,0.3971316892588989,4.407047256445173e-05,0.004527921403843439
52,0.005042443220879419,0.756228295674428,0.2348994962531712,4.461521313540678e-05,0.0037851496383861215
53,0.0034336254846313286,0.7445714664469212,0.24868070391413524,4.1557857805678996e-05,0.0032726462965066475
54,0.0025292469404263147,0.5934667410540383,0.3983167172877191,3.3611597898439384e-05,0.005653683119917911
55,0.005293465668229949,0.8768303808235502,0.11200214516882923,9.849273897441431e-05,0.005775515600416033
56,0.004514936895644754,0.8014856037490865,0.18785298498919611,0.00011481458223999395,0.0060316597838324815
57,0.02425512283995655,0.6542454173786348,0.2370514872181246,0.00023486060628378325,0.08421311195700006
58,0.03693428206061629,0.7415612573688171,0.20286445204071263,0.00037078495579441945,0.018269223574059537
59,0.02866190755484105,0.7942046928883267,0.16800481480986265,0.0002482308951270847,0.008880353851842583
60,0.016517955576263146,0.801762551884266,0.1758321469689344,0.00026187082409125854,0.0056254747464449745
61,0.011343889066153409,0.9544242886943174,0.03123132740498267,0.00015785257511991585,0.002842642259426615
62,0.0013799866003099234,0.8074910563473757,0.18890080325245445,3.0241030154454675e-05,0.0021979127697055066
63,0.001573037898997483,0.8797683448291527,0.11678985407308487,3.925649537226492e-05,0.0018295067033927354
64,0.0014930819621980054,0.786828023872006,0.2098712518788423,3.473229327029392e-05,0.0017729099936834214
65,0.0029072816114711028,0.8057359419590554,0.18869488157040337,9.790312526376975e-05,0.002563991733806472
66,0.0017566714020153364,0.564949505526934,0.4305731555534952,4.0165178609601914e-05,0.0026805023389459247
67,0.004677605687532023,0.9313211403044629,0.06046658608762926,0.00012066784051052155,0.003414000079865279
68,0.0026071169962740095,0.5543634331738497,0.43872339821564094,4.5741275579034935e-05,0.00426031033865625
69,0.00223968647216423,0.5694465362063073,0.4257108639004668,2.9076049782165512e-05,0.0025738373712795933
70,0.007656504205776958,0.8903320144465343,0.09695383252198705,0.00020386775406916436,0.0048537810716326605
71,0.0022752807334557945,0.4623705144562326,0.5325213805388099,3.624260027940024e-05,0.002796581671222215
72,0.0062660779127895186,0.7348725443447799,0.25477351575393115,0.00012949617360375563,0.003958365814895659
73,0.00494430802586278,0.5749094885393271,0.41614671997818153,6.156707558537016e-05,0.003937916381043102
74,0.0014551826114676473,0.24217740015025693,0.7540490099972265,1.625762766442072e-05,0.002302149613384461
75,0.0014727948315311388,0.5171661833905217,0.4791802713594364,3.962392342083584e-05,0.0021411264950900104
76,0.003200030758557219,0.48116082836068724,0.5127175087257899,6.433041119850162e-05,0.002857301743767055
77,0.003332299890449337,0.4183332065499959,0.5749525575852048,5.43239635612763e-05,0.003327612010788657
78,0.001709010832215001,0.6233940548275346,0.3726837590618371,5.245462573499866e-05,0.002160720652678295
79,0.001011030277551691,0.25217457419754985,0.7451099758786033,1.5728920076945302e-05,0.0016886907262181382
80,0.0021838086966644776,0.5599844997316746,0.43512310871228843,3.9030497216993826e-05,0.0026695523621553877
81,0.0017247867076341779,0.43362213319778214,0.5624557057084023,2.9823984141250663e-05,0.0021675504020400933
82,0.0024839571289193988,0.6281482443182222,0.3663836663419245,6.089409671145754e-05,0.0029232381142224022
83,0.0017830474527719548,0.5535631237770356,0.44235605825317265,4.198270336611454e-05,0.002255787813653625
84,0.003765940020941662,0.667457071244289,0.3261458694607194,7.136752037706022e-05,0.002559751753672886
85,0.001316224770598629,0.5177368506534507,0.47934594742194636,3.551525468439761e-05,0.0015654618993199481
86,0.007905757572108575,0.7802902684191901,0.20816687512608043,0.00010679637543700822,0.0035303025071836813
87,0.0023941724531543734,0.570392521003796,0.4246696627415176,6.159739475020446e-05,0.0024820464067818273
88,0.0019032921999700642,0.49695874521282674,0.49814978387491793,4.802477461321776e-05,0.0029401539376721136
89,0.0015302429958505303,0.41870055080221646,0.5774599473533089,2.8142155070936e-05,0.002281116693553125
90,0.004244614173289602,0.6715444969506172,0.3186817772421472,8.272110330170223e-05,0.0054463905306441915
91,0.0018997096338660162,0.5212954955295889,0.47444548094539024,4.5843189070288954e-05,0.002313470702084683
92,0.004354690360690299,0.8115369171585544,0.18082730582652323,0.000161660670120799,0.003119425984111154
93,0.003504711575698638,0.6715833967682996,0.3217105218190522,9.431423166688143e-05,0.003107055605282768
94,0.001670831660243908,0.5970194045673389,0.3993727474315266,4.630170239285862e-05,0.0018907146384977364
95,0.0007900775109124312,0.2532064327920116,0.7448760132791025,1.0889447036745044e-05,0.0011165869709367923
96,0.0012382729345350142,0.44211849310560786,0.554421067610203,2.162359311869795e-05,0.0022005427565353216
97,0.00362827041050128,0.7519489719805883,0.24030359226747858,6.720628331755082e-05,0.00405195905811434
98,0.0011178862849683105,0.48303407759758527,0.5114952915842783,4.943374639808745e-05,0.00430331078676999
99,0.0011274365585471609,0.4977963203441179,0.4969519591161274,9.966754026051695e-05,0.00402461644094691
100,0.003857618658956317,0.6794127854120687,0.30676824325632984,0.0003612597379132673,0.009600092934731961
101,0.0030178724502310933,0.2558426750925149,0.7282398237006994,0.00017144802616712716,0.012728180730387456
102,0.7811194621221321,0.16374995934281128,0.01216498220405155,0.002367502571603083,0.040598093759402036
103,0.048312277072135645,0.7727420067091103,0.1177919154377244,0.008479143890441514,0.052674656890588215
104,0.36404608228180885,0.4378479918905648,0.0337692425042638,0.024010953667396473,0.14032572965596612
105,0.5134517765503772,0.4404538247918607,0.005636867985207747,0.005363002023471968,0.035094528649082427
106,0.19983090110353507,0.7575990604092968,0.010756729551926525,0.003747574930659868,0.028065734004581563
107,0.34505882709346286,0.6096641548617134,0.012252697344803259,0.005841429913255148,0.027182890786765213
108,0.13986057251432954,0.8440580820328872,0.008763381723453947,0.0021282781710683547,0.005189685558260829
109,0.09769765779876159,0.8836312709305344,0.01259106467762373,0.0014640669625290467,0.00461593963055104
110,0.06483203789345236,0.9248941436504676,0.007529382851667074,0.000991473309526671,0.0017529622948861917
111,0.006268304653315464,0.9741598775201098,0.018564066603914266,0.00016453959108123398,0.0008432116315792206
112,0.016401481718840556,0.9170063693562934,0.06394359079388638,0.0008012931164882332,0.0018472650144915072
113,0.036443639852692,0.9484784609436944,0.012030891239029116,0.0009557002893408167,0.0020913076752438467
114,0.02543569478635599,0.9639823813296994,0.006915086781611833,0.0017002707788645577,0.00196656632346809
115,0.004290253981349145,0.9683908871900782,0.025053356489353085,0.0005003983247076756,0.0017651040145119253
116,0.009505517704073093,0.9710494085803262,0.016782147810539046,0.0011123021252445124,0.0015506237798171665
117,0.1341121938846236,0.8368940159004664,0.0050448760656013605,0.010214594493909122,0.013734319655399636
118,0.15137450354514703,0.7901729524492468,0.0029915915583483155,0.048660176823547445,0.006800775623710549
119,0.4358007507664988,0.48091529957247475,0.0014114296250338561,0.0629505428093637,0.01892197722662885
120,0.2671830378017187,0.5890325127751749,0.0013242751108416813,0.1376569031183691,0.004803271193895734
121,0.1519849160488048,0.4218090170362223,0.007657679010730309,0.15768486946071372,0.2608635184435289
122,0.3110179186802206,0.08249901198608176,0.00013549165737421676,0.4919232415038671,0.11442433617245647
123,0.2923524467370207,0.08004416706819752,0.00021165555163228888,0.5846294234127284,0.04276230723042116
124,0.18927104856722346,0.06926635525038087,0.0001420686905841246,0.705927812631427,0.035392714860384554
125,0.10252029267856698,0.031238724362633596,9.303710873975877e-05,0.861947232748495,0.00420071310156448
126,0.0290656502888409,0.010965628293034341,1.4475926128438637e-05,0.955398963709074,0.004555281782922398
127,0.017517072595239668,0.005892249521331,2.7965931603579958e-05,0.9745701302984344,0.0019925816533913356
128,0.010951751177155388,0.0027510339967071113,1.335561360712723e-05,0.984429891901398,0.0018539673111323857
129,0.019605126631876853,0.00469594240276711,2.0525719988869862e-05,0.9667709301246321,0.008907475120734922
130,0.026425791669667534,0.007769165301192997,3.640864895180263e-05,0.9606641459210802,0.0051044884591073215
131,0.07546342735516903,0.008993272855275593,5.962574107012312e-05,0.9063710951247794,0.00911257892370588
132,0.055095758338162895,0.009023181649283493,6.483875341548388e-05,0.9279346247537736,0.007881596505364536
133,0.013054398294875284,0.00618662231541848,7.894680469353529e-05,0.9758556769844348,0.00482435560057783
134,0.010249784593442071,0.004379205786316901,0.00012796898633925707,0.9767522978669029,0.008490742766999036
135,0.02464373927561426,0.015247202790074044,0.0002658274652325816,0.8846967806592726,0.07514644980980646
136,0.0532934832600864,0.010506269884589966,6.170832896484272e-05,0.7493344223099948,0.18680411621636397
137,0.22451668763883598,0.02041077052861583,0.000370652337673061,0.6766444607092522,0.07805742878562298
138,0.2447611035328369,0.01329929824738356,0.0001221762337996802,0.6953404011608035,0.046477020825176324
139,0.15568610525770274,0.01356173148399975,9.88324787234528e-05,0.8039983444001192,0.026654986379454782
140,0.0651472647885698,0.006258669299610862,6.803491809058651e-05,0.9101740034910757,0.01835202750265292
141,0.0369080689929665,0.022569302188233425,0.00026325214495624564,0.9020208723242154,0.038238504349628395
142,0.10260171093545617,0.012225998600828977,6.685850598880548e-05,0.8427221938463234,0.04238323811140252
143,0.07157222386621603,0.006449818427555956,5.1836149544531594e-05,0.9166707516385567,0.005255369918126867
144,0.08909653505619107,0.012906453075973935,6.510172056184013e-05,0.889411189305304,0.00852072084196916
145,0.08269330280023462,0.010690654287363174,6.0561944597750284e-05,0.8993548864158033,0.007200594552001014
146,0.044034578107957606,0.005602466900589973,1.8738007477181373e-05,0.9456877524121042,0.004656464571870981
147,0.10859026643443144,0.012970952391035956,3.8901624958754844e-05,0.8242711041120481,0.05412877543752583
148,0.11533833918168838,0.010243577843349037,8.968050237050467e-06,0.8606815705893364,0.013727544335389178
149,0.10972433082755842,0.004670206127016767,1.0679806524064328e-05,0.8729834987626298,0.012611284476270954
150,0.12216981906896024,0.005461529833157573,1.8506176643650623e-05,0.8620365823016982,0.010313562619540325
151,0.0532357629835764,0.00894667115888957,6.392722471040038e-05,0.9099257688968307,0.027827869735992848
152,0.06576967985687272,0.004350126057484483,3.230002438102687e-05,0.9145991525631282,0.015248741498133518
153,0.054162713988001966,0.006467655912773831,1.9240888938646274e-05,0.9320386899068819,0.007311699303403713
154,0.06519085563148849,0.014854002872056165,2.1561017573769455e-05,0.9098069397266414,0.010126640752240085
155,0.05991029798977788,0.008309384932430214,1.1841097644347136e-05,0.924740819917587,0.00702765606256047
156,0.051319777686389546,0.01613549195863726,1.741107748759648e-05,0.926888114806998,0.005639204470487656
157,0.07749029592405757,0.046654713386241206,2.0158032441910143e-05,0.8676726091435273,0.008162223513731932
158,0.05920678574073138,0.02287735868952187,3.163911888625445e-05,0.9120092281653688,0.005874988285491634
159,0.0420492923033945,0.023303325711489898,6.237874127799953e-05,0.9279070970108504,0.006677906232987304
160,0.02520791705547455,0.022616885120635033,9.637246241369396e-05,0.9496880357704474,0.0023907895910293686
161,0.03876424614680452,0.020033532529440057,5.1254013186069614e-05,0.9362073114448328,0.004943655865736615
162,0.014942034792224678,0.014479612473355575,2.5443166736060126e-05,0.9678938657655063,0.002659043802177262
163,0.019581751778466275,0.0034830093354744234,1.950442964747372e-05,0.9733719197770543,0.0035438146793574923
164,0.023473804740155275,0.005196007254136559,1.3785937861364612e-05,0.9658058580381075,0.005510544029739248
165,0.03112964582201311,0.0023855231641339405,5.211911514739272e-06,0.959389779277883,0.007089839824455058
166,0.040935855630923,0.004722769863474115,1.9442651697637906e-05,0.9453671709149799,0.008954760938925407
167,0.09713587368344605,0.0050522331708046505,8.018988266463942e-06,0.8711394144217731,0.02666445973570969
168,0.14197978376730538,0.008206550449052462,9.368829565101178e-06,0.8363244484075733,0.013479848546503838
169,0.10648326974438414,0.01253961482965166,3.357945833319733e-05,0.637624911478131,0.24331862448949998
170,0.1886674769533453,0.016476946880427546,1.9489517262444113e-05,0.17396453601984513,0.6208715506291196
171,0.1222153909917457,0.0629939705280645,0.00010752487985575368,0.7453594193502423,0.06932369425009169
172,0.3662890903260708,0.02154132048789772,9.95890580879897e-05,0.5396761356997836,0.07239386442815988
173,0.19046610859417873,0.03833979853378312,0.00016087630043459981,0.2632587772136072,0.5077744393579965
174,0.23318726485199173,0.11819539706785817,2.8578815908163145e-05,0.5253740879935374,0.12321467127070458
175,0.3966885237859947,0.09130993551068979,8.19713882888813e-05,0.49066064541103765,0.021258923903988942
176,0.36437196995646015,0.1584993249014776,7.6432354097391e-05,0.4568109642016044,0.020241308586360404
177,0.29309889868625805,0.11493399997650644,0.00012111434451950183,0.5496819205359444,0.04216406645677156
178,0.19637308727356784,0.3582188744270793,0.0002953198544075259,0.4381947259324729,0.006917992512472369
179,0.19999063959341035,0.05816909630463357,0.0001034833921561649,0.704515857837355,0.0372209228724449
180,0.20513098146070347,0.037141236228833925,0.00011478477618818089,0.7313932486979219,0.026219748836352638
181,0.2710370702084115,0.4320889076831945,0.0004119836427399064,0.2739252939627461,0.02253674450290811
182,0.32848528802446997,0.32907862147898986,0.00020013445064537608,0.3186293066987637,0.023606649347131175
183,0.3571329743080506,0.04296015220454435,0.000131974976338602,0.5583433544026439,0.041431544108422466
184,0.02088059408100251,0.004569033361759737,0.00010500046770583756,0.02079774473176261,0.9536476273577693
185,0.7546462774726982,0.04965828040077327,0.00034445732286103744,0.10052826759368341,0.09482271720998424
186,0.848088411872139,0.07183250706614232,0.00022972438048817574,0.03803418415481094,0.04181517252641947
187,0.7894882710651975,0.1795351957664423,0.000518322784715683,0.008714644146545823,0.021743566237098826
188,0.24620283877313867,0.7413475065089049,0.0014614903619485798,0.005057960377347058,0.005930203978660818
189,0.08515149446334855,0.9083347381049841,0.00045072792876391186,0.002928666810083508,0.0031343726928197146
190,0.0140274726183543,0.9830118749497933,0.0013093136529389957,0.00045076424076967897,0.001200574538143846
191,0.014986337518034312,0.9809068137612418,0.0013207456632257275,0.0008296558250200259,0.001956447232478101
192,0.0031295115315512307,0.6362533212294273,0.003055256520422096,0.0002453227365696801,0.3573165879820297
193,0.004499918857560131,0.9891995180287925,0.004053668314810461,0.00041574321544161333,0.0018311515833952558
194,0.0016843378199903488,0.9902429262811987,0.0073074756882458925,0.00016566882111706342,0.0005995913894481564
195,0.0022526566263396616,0.9920234525847493,0.004961781468451493,0.00013724290268361675,0.0006248664177758103
196,0.001646003460992945,0.9889974845244889,0.006892131357415704,0.00011684948730857058,0.0023475311697939076
197,0.004625079939479447,0.986811309804752,0.004643104650277125,0.0007250006521020123,0.0031955049533893398
198,0.002737265558594709,0.9743812527438257,0.020638184712008317,0.000295912933148297,0.0019473840524229724
199,0.0032507193544060267,0.9384530305160488,0.007523795454379905,0.0002895393933683633,0.050482915281797006
200,0.001941164150415043,0.9523854177014832,0.01247691586418616,0.00022663054118599694,0.03296987174272977
201,0.0058280619185714175,0.9865058282578679,0.004946283560981908,0.000512447887382507,0.002207378375196135
202,0.00938823807420608,0.9775508675833114,0.01083250902723392,0.0003501969086080911,0.0018781884066405678
203,0.001505755546558749,0.9796204468345836,0.01843718395793204,8.694245098186979e-05,0.0003496712099438675
204,0.00266220274547006,0.9716994710101161,0.025054709983781318,0.00010784580135282405,0.00047577045927969016
205,0.005304908593587646,0.9639945483922532,0.02935089955724337,0.0002644873308900474,0.0010851561260257724
206,0.0021150540134999836,0.945842422211481,0.05134067440405306,0.00017704951672091023,0.0005247998542452366
207,0.017296392312733135,0.8888169426920708,0.09322166052346187,0.00013903963771129865,0.0005259648340229944
208,0.002316815882478456,0.9341555263281601,0.06273162020675224,0.00022580461832460652,0.0005702329642848191
209,0.0024287978060717054,0.825890861782869,0.17120643177818215,0.00010096748430863144,0.000372941148568622
210,0.003180877046981184,0.7774838218486494,0.2184774659269451,0.0002271672110063021,0.0006306679664179674
211,0.0025475827604011553,0.7869205002548539,0.20913639833492823,0.00040089048967262996,0.0009946281601437373
212,0.002801134266147448,0.9343598007648684,0.061713430768306723,0.0004032261152389715,0.0007224080854384
213,0.0009458464134021008,0.8076141444316021,0.19066852638256093,0.00022187592539080298,0.0005496068470440284
214,0.002531937299751331,0.80712208687033,0.18877421935158098,0.0005404988268977605,0.001031257651439875
215,0.001216551604912359,0.8351408044941553,0.16285911673389133,0.00017115928983487257,0.0006123678772061732
216,0.0034579719514679246,0.827945424184871,0.1665881447097987,0.0004627595152815243,0.0015456996385809438
217,0.0017409657740046446,0.703988736332946,0.29339761782012086,0.0001344917769868474,0.000738188295941589
218,0.0013466297905410068,0.5093068675693856,0.4879186608392701,0.00021350176145022481,0.0012143400393530709
219,0.0015502050165747264,0.6601899734839066,0.33626527648723875,0.00020285791195816564,0.0017916871003217098
220,0.0031464063301759005,0.8509977291391397,0.14407083715404306,0.0005048544664998846,0.0012801729101411753
221,0.0006800837527101795,0.5378727746577039,0.46046679916906286,0.00013264028691650377,0.0008477021336065858
222,0.002463558718333154,0.7776910241724438,0.21846611327180057,0.00029278594874310046,0.0010865178886794006
223,0.0011564161981800268,0.7245955735368872,0.2732642671396436,0.0001305792893076619,0.0008531638359816186
224,0.001016157578169609,0.5211502822909683,0.4768077059587987,0.00010625836455109852,0.000919595807512359
225,0.0013377856536929407,0.773506290037436,0.22369135787473315,0.0001224753727488817,0.0013420910613890515
226,0.0025485819556976073,0.7839217376658985,0.21084361057478246,0.00035396012102616165,0.002332109682595262
227,0.0012648060669180248,0.5228730386536783,0.4738408232279915,0.00015750956317051165,0.0018638224882417133
228,0.001328298319921766,0.5581510280264419,0.439116024145082,0.00018574911210304118,0.0012189003964511974
229,0.0015276780205025376,0.5631145137816171,0.4320641466871535,0.0003671428416891882,0.002926518669037792
230,0.0024176150781015228,0.6805282890295327,0.31055185004643704,0.0009595312053716233,0.005542714640557039
231,0.014345250413162713,0.8182767922881288,0.13108969852152605,0.002725267484172718,0.03356299129300989
232,0.14883786897310844,0.10391706477441479,0.001841735657538669,0.006458315789843809,0.7389450148050943
233,0.3583920796740766,0.23094416867096623,0.0017345914434023044,0.12315284644983777,0.28577631376171714
234,0.5754463645051544,0.22051006673170084,0.002695155108785496,0.12573830061038796,0.07561011304397142
235,0.44482811570861097,0.2000379559529153,0.0006928006729394101,0.09506174664101318,0.2593793810245212
236,0.5142309122599903,0.14645278336898046,0.00024958120346922847,0.06211896658118109,0.276947756586379
237,0.6756258355313284,0.10877734209039956,9.953215369988898e-05,0.1359157451643633,0.07958154506020887
238,0.1497855660083398,0.7796251754170171,0.00016845542782276978,0.01651851664217816,0.05390228650464207
239,0.14293707050576074,0.030038358351925896,0.0001495021335033001,0.0011423214702927244,0.8257327475385174
240,0.8031015709988385,0.11450882508605059,0.00024092883280296364,0.0036398213921401573,0.07850885369016786
241,0.4751935746777747,0.5106956212265874,0.0003645986830719059,0.0013905902826038016,0.012355615129962284
242,0.06583981365340935,0.9306952313284732,0.0007786042682196209,3.86078002372181e-05,0.002647742949660517
243,0.023980628081167483,0.9718693905672094,0.0021899403681393636,0.000431930144532521,0.0015281108389513993
244,0.004338797781540786,0.9889064683949303,0.005272019951396983,0.00021683977800994087,0.0012658740941219094
245,0.006059240596331962,0.986339952393084,0.00651224338600639,0.00020729991585846067,0.0008812637087190645
246,0.003837892071692181,0.9850446513864175,0.010267422040825487,0.00010725785557689718,0.0007427766454880441
247,0.0024725307893595,0.9756348188398853,0.021147935221963142,8.700448577890737e-05,0.0006577106630132803
248,0.0019273110770675914,0.9877687763981585,0.009668977938859765,8.253268122594184e-05,0.0005524019046879809
249,0.0013705173798508232,0.9231963082984248,0.07484801357989582,0.0001589371068820442,0.0004262236349466271
250,0.00446584005241528,0.9712905680955248,0.02305252791441265,0.0003488662664169832,0.0008421976712298971
251,0.010697734399512557,0.9775014674438147,0.008822990398338313,0.0015520856494693836,0.001425722108864859
252,0.0061545964147949606,0.9573857854484399,0.035047842158617164,0.0007699824117463126,0.0006417935664017972
253,0.020499964665984322,0.9663983923072621,0.01119771591284916,0.0008965060519176474,0.001007421061986653
254,0.010415926301230774,0.9457876744202637,0.04249420822128631,0.0005854213173747285,0.0007167697398443293
255,0.012259051818636825,0.9428273830348061,0.04216682131014299,0.0010083758004949598,0.0017383680359190073
256,0.0035187660951781566,0.9089130095727516,0.08622125209240185,0.000453454403105937,0.0008935178365623593
257,0.007455540977694069,0.9487735061454926,0.041830750053793095,0.0006522771378739981,0.0012879256851462588
258,0.003970318788647223,0.8761369540421804,0.1181571489025639,0.0004653093500998504,0.0012702689165085578
259,0.0030290338938534157,0.8949230133204628,0.10066370446707074,0.00042313250611481656,0.0009611158124982761
260,0.0038638663905498517,0.809415960853389,0.18542381508612232,0.0003626198418805978,0.0009337378280584017
261,0.0025781335233003386,0.8944052247648505,0.10171235782907687,0.0003594954951063557,0.0009447883876659744
262,0.00393077962805643,0.8544784148528889,0.13990924130860793,0.0003655524881162563,0.0013160117223305517
263,0.006076873631302532,0.8220454582197894,0.16996658367368966,0.00039630022329823736,0.0015147842519203064
264,0.003955135691534208,0.8628089391762566,0.13161096417917,0.00045951638683582675,0.001165444566203486
265,0.0015008012241565054,0.6488226046518846,0.34875726717720923,0.00018524540381478067,0.0007340815429350317
266,0.0017842255051073257,0.6168734535847852,0.3801544384324804,0.00016460376239562497,0.0010232787152314104
267,0.0023059497684386225,0.6730570273271452,0.32292922844376865,0.0003558670633380104,0.0013519273973096261
268,0.003510444850042636,0.7634853792676727,0.23163048573631262,0.0002659139776028766,0.0011077761683693321
269,0.001693312881110996,0.8748076506711656,0.12221294790703306,0.00039591894414371334,0.0008901695965466549
270,0.0013373259784964554,0.5370483988537224,0.4603359041632566,0.00016184458627848262,0.001116526418246117
271,0.0018294584672882694,0.7743082764806969,0.2226365822381727,0.00034791799960775686,0.000877764814234129
272,0.0013189180837827835,0.7925634573422237,0.2050252782227238,0.00017023907821398846,0.0009221072730558942
273,0.0021141112210131567,0.6065958189647839,0.3900084171388567,0.0001604820913939326,0.0011211705839523235
274,0.0010541901279329257,0.6909819881128297,0.307182538544958,0.00012056407519278892,0.0006607191390863901
275,0.0012258427103944113,0.6740248004986205,0.3237088985703855,0.00017662372702411243,0.0008638344935755188
276,0.0011134824641764111,0.5038266755408735,0.4940695127759991,7.572163109701769e-05,0.0009146075878539371
277,0.0005913346315937415,0.4354635482086185,0.5631439548970391,6.568712006200322e-05,0.0007354751426866993
278,0.0007977954735250171,0.5287316998635435,0.4696725139771156,0.00013110784455264775,0.0006668828412632048
279,0.0005584305290345737,0.38754436181102364,0.6110273340997836,4.950425985738884e-05,0.0008203693003007286
280,0.001193294952194524,0.5582587495621374,0.43931750386475893,0.00012812826023179648,0.001102323360677439
281,0.0011307981132143488,0.6003845766099964,0.3975669501160341,0.00011370579113417013,0.0008039693696208557
282,0.001189785052307216,0.40987572964164704,0.5877476797963427,9.673886326981048e-05,0.0010900666464332487
283,0.0005824966285066135,0.22950205155277195,0.7691335038259736,8.456946699073441e-05,0.0006973785257570607
284,0.0010886781739845523,0.3635566948806486,0.6340656011773061,0.00024212882128068943,0.0010468969467799147
285,0.017868524478489817,0.7936842888012765,0.17870858213825772,0.0021481874631208327,0.00759041711885521
286,0.13274450647083494,0.7985791515834931,0.06180180773520206,0.003147310133036315,0.0037272240774337494
287,0.021932679675391385,0.9364882862288375,0.039509076937131245,0.0004260340530418214,0.0016439231055980284
288,0.012803623357025656,0.9498365234243459,0.036271494214742954,0.00023779938398525954,0.0008505596199004807
289,0.0076897221012670715,0.8213304056919571,0.16805546249847528,0.000394087789430495,0.0025303219188699466
290,0.0036275452741046273,0.9406525722889865,0.05440278119052343,0.0002470911259004042,0.0010700101204849564
291,0.0026187932238385626,0.8902776176550297,0.10547261527351902,0.0005368962288756733,0.0010940776187370672
292,0.002453365191049508,0.890984482051623,0.10462276515312124,0.0005342282101280688,0.0014051593940781067
293,0.0029508065633357078,0.8335058404665324,0.16079477800143763,0.001231619263349318,0.0015169557053448868
294,0.008617131357333963,0.8826639062358652,0.10551544195883786,0.0016421870667184789,0.0015613333812443822
295,0.012811285873243058,0.8808730539497491,0.10094432823038314,0.003909160422139334,0.0014621715244852065
296,0.06401520757787536,0.9102326818129834,0.007509994215502738,0.014641339728943808,0.0036007766646949505
297,0.21747035229715897,0.32166708984470277,0.0007236222899966238,0.01702769696165196,0.4431112386064898
298,0.16502590160103753,0.06938080379164589,0.0023770392763214545,0.002737722578539762,0.7604785327524555
299,0.5221790926349892,0.45073117591011763,0.003287340636032615,0.005540322592520004,0.018262068226340467
300,0.7178361655512557,0.24498625597793272,0.001427082055144133,0.011670609095396028,0.024079887320271342
301,0.715704288264523,0.19949604302478555,0.003319383639553794,0.057454098535177446,0.024026186535960142
302,0.2106170072616721,0.408406868074443,0.004009252475945435,0.3185127616584764,0.05845411052946307
303,0.37282860031727627,0.09510929525905933,0.00066695353188859,0.10784477881577846,0.4235503720759973
304,0.6622606555151695,0.2141109052305471,0.003165388187585043,0.08517304544431209,0.03529000562238618
305,0.262457575302587,0.7126173200938078,0.00047682092190894966,0.014617509359732628,0.009830774321963465
306,0.5740384885945348,0.3688541124791345,0.0007598626646053516,0.04628874526854698,0.010058790993178272
307,0.2687330361884981,0.6978021754687512,0.0006926362347597706,0.02352166898092013,0.009250483127070728
308,0.02789464362498707,0.9647385203282424,0.0006988831482007572,0.004848319220304837,0.0018196336782650585
309,0.04730894222303071,0.9330372876191558,0.0016186053823829837,0.016511014819915015,0.0015241499555155302
310,0.18836159732806307,0.6498323793452319,0.001289128418827852,0.15003032089755008,0.010486574010327312
311,0.15687283865077287,0.6294827520681374,0.0009194158359174361,0.20489875226162177,0.007826241183550601
312,0.1145062076105132,0.6904440192475859,0.0016310152286132288,0.18910396660153236,0.004314791311755331
313,0.06436520509927399,0.56660525522757,0.002000376524933719,0.3640047544101804,0.0030244087380418986
314,0.052887185795859125,0.020028706291317203,0.00028919573760835245,0.9196325046800407,0.007162407495174662
315,0.039340029039726734,0.011468172923678245,0.0001294271965203911,0.9441204118350884,0.0049419590049861115
316,0.02825345601261284,0.005859259293173925,8.565144657282878e-05,0.9595130695480865,0.006288563699553979
317,0.1278003765058654,0.01264746521138867,0.00010153742934106965,0.8034924474035338,0.05595817344987114
318,0.07844668085611184,0.004826024824803277,6.369612343159774e-05,0.9064508144844878,0.010212783711165479
319,0.058874569277445554,0.004379356822750037,9.613306843411196e-05,0.9299110541895226,0.006738886641847762
320,0.037553446724912565,0.004820130979977132,0.00010132909074688553,0.9510302498225328,0.006494843381830389
321,0.01444801805117678,0.002164980613587898,3.387877640383557e-05,0.9811230350522312,0.0022300875066003476
322,0.013624450472785777,0.004740997458869205,7.640077214310545e-05,0.978326212764278,0.003231938531923967
323,0.0069934557236820075,0.0024684700091498566,0.00011711131190089777,0.9874487108604435,0.002972252094823678
324,0.006347896018144121,0.005508139628605486,2.003579529105232e-05,0.9826087415698416,0.005515186988117849
325,0.05613178629118895,0.005080286629778068,0.00019050731417190415,0.8607899346898549,0.0778074850750062
326,0.10148707043921804,0.0034425038720024676,3.771263402411572e-05,0.8767614654452716,0.018271247609483728
327,0.23873208830439868,0.004820086868000557,4.79321583209532e-05,0.7042485087657425,0.05215138390353731
328,0.3994125943817582,0.004877048711796238,4.008060303419164e-05,0.5439249010544347,0.05174537524897656
329,0.2986768734208755,0.009749847122590891,2.931000923810634e-05,0.6741370104424345,0.017406959004861028
330,0.180542142529109,0.005581460738079731,6.344193939426025e-05,0.7285908671231577,0.08522208767025927
331,0.11957008383213548,0.0069796423103310875,0.00010899729690390019,0.860690700753984,0.012650575806645565
332,0.03835827627517147,0.013423385007979939,0.00015308113732832618,0.9400038734044047,0.008061384175115528
333,0.030556026578662354,0.005403805301419413,0.00013889327743933183,0.960066782655531,0.0038344921869477838
334,0.015231308197874943,0.002936786327382651,7.436504316700408e-05,0.9772797197994529,0.004477820632122485
335,0.028661706367143564,0.006406306418566472,0.00015923387665945333,0.9195031759942949,0.045269577343335664
336,0.04058954924730169,0.003916584682275682,6.001501480285041e-05,0.9511612176798703,0.00427263337574968
337,0.07109556152011146,0.004000479513121478,6.583685950372378e-05,0.9107214119647955,0.014116710142467832
338,0.18647999555023045,0.003497359163564685,0.00017914803340906744,0.7927104176819589,0.017133079570836884
339,0.07951338302158636,0.018514669382627427,0.0003985538096028408,0.8139091562758899,0.08766423751029362
340,0.18961230331176032,0.008214093363346919,0.00036866880597448946,0.7920594922140682,0.009745442304850128
341,0.13928869781697067,0.009794058510165316,0.0007813241431333742,0.8272904146127703,0.022845504916960326
342,0.10912369982310063,0.008604595097258591,0.0007454183116587059,0.8641555101940948,0.017370776573887463
343,0.042658356389845754,0.003535563659147495,0.00046156077309474747,0.9455188241555462,0.007825695022365825
344,0.08218682325300058,0.010519220190944057,0.0010784610018410021,0.8973067304739537,0.008908765080260676
345,0.11240528879979106,0.009217472130638815,0.0006416507905982337,0.86330662680465,0.014428961474321971
346,0.06489537423292865,0.11500390995458779,0.0022756944415411166,0.8019374155638068,0.0158876058071356
347,0.1125849137522077,0.04514909022125646,0.0016260997236071289,0.8244239196443327,0.01621597665859589
348,0.12668992992874226,0.09322886823362536,0.0020382614846808133,0.6979809388834256,0.08006200146952604
349,0.023896605839336137,0.9165093396921336,0.003897602541288968,0.049248600524479956,0.006447851402761188
350,0.15306296523586183,0.230547610017635,0.010345890091469042,0.13203078390994252,0.47401275074509175
351,0.3326197291591546,0.014693425605717274,0.00016942058214403308,0.09772140823987692,0.5547960164131072
352,0.5944894057365917,0.04410955101065643,0.0008422715016563562,0.28371855132040547,0.07684022043068997
353,0.5810528123765066,0.15330622153452378,0.003950486210578721,0.1477358238370061,0.11395465604138494
354,0.5997838541880324,0.24168398402739444,0.0020118544930618253,0.11877984484441068,0.0377404624471005
355,0.684518673448422,0.035012339308398956,0.0007239374691195661,0.15659008466254984,0.12315496511150954
356,0.5512227251495397,0.27374924795954814,0.0021898422697388302,0.14141884197976018,0.03141934264141313
357,0.16515063823051748,0.6483536890996794,0.0014533615215452116,0.16936227070725993,0.015680040440998053
358,0.16406532989523698,0.6695631557158475,0.003286935552305235,0.07681938487434772,0.0862651939622625
359,0.2768772336456225,0.20642169298779317,0.0012213108400178046,0.4535822053366398,0.061897557189926664
360,0.030945451687430636,0.8489858881427539,0.0046115126577446226,0.06778315296959682,0.04767399454247424
361,0.24145781931085852,0.11663307533227166,0.0010680909590229711,0.37021336449285275,0.27062764990499416
362,0.10906423061273142,0.7382859164150155,0.0014257035875121352,0.13561706895823958,0.015607080426501233
363,0.16910281512765585,0.6330592180118163,0.0008846421303790283,0.17124394549798033,0.025709379232168414
364,0.25647401569988804,0.11049475824677758,0.0009735209739394127,0.6050707810812184,0.026986923998176482
365,0.016323178412990504,0.8705395928513688,0.0020862007527956226,0.10091972459771281,0.010131303385132009
366,0.04853480954666621,0.6483976757385965,0.0060078423874755146,0.1871435465371499,0.10991612579011191
367,0.020458673240470463,0.005123242522041651,0.00025939794157432136,0.06293825728150293,0.9112204290144106
368,0.517751767093206,0.0159068538460287,1.800968121513556e-05,0.24509588672608668,0.22122748265346345
369,0.5273265050657847,0.006832076316432325,1.9066041098026725e-05,0.07500597244893355,0.3908163801277514
370,0.7707917939743761,0.04599988002925152,6.015064752261013e-05,0.08709465749378376,0.096053517855066
371,0.48281746627390604,0.21097528211352876,8.004224883874375e-05,0.2786947701062133,0.027432439257513017
372,0.2191834139565226,0.525213013965298,0.0003669582380615026,0.24190896942091228,0.013327644419205626
373,0.10541638129999088,0.5830872845551797,0.0006543333376263117,0.29488715239151897,0.01595484841568397
