epoch,N1,N2,N3,R,W
0,0.0003803331685429411,0.0003008887999629357,1.5772387533137569e-06,3.206054831744246e-05,0.9992851402444234
1,0.0013618593637553288,0.0005202647423441701,1.3385421684547085e-06,5.8607006701376e-05,0.9980579303450307
2,0.00039259506051172267,0.0001952536723327753,5.945732194223132e-07,2.651334367278037e-05,0.9993850433502633
3,0.006236885329244615,0.0006969202144337443,8.992487003838942e-07,7.18922289976728e-05,0.9929934029786236
4,0.010920511857340179,0.000958102428474287,1.4772159789788132e-06,0.0001903528258028936,0.9879295556724037
5,0.00033290893332466325,0.00018256107659095198,6.264883245009356e-06,4.8316106408936515e-05,0.9994299490004305
6,0.13839065872989306,0.00825063393628599,3.301391818656997e-06,0.00036166924778403045,0.8529937366942184
7,0.39394375798979636,0.002595822287845455,8.282320385215157e-06,0.0007150904322877822,0.6027370469696852
8,0.8110626408018627,0.007758159884407453,5.600471645211549e-06,0.0011314337967716513,0.1800421650453131
9,0.34508523873486,0.19966822065635947,6.0486149283213324e-05,0.02183799333166081,0.4333480611278366
10,0.14524518926206095,0.4560796079287309,0.00025793071735360823,0.03459280792805939,0.36382446416379527
11,0.03543280297631043,0.7751697271741855,0.0012617375009985117,0.025117007423514966,0.16301872492499048
12,0.04877052913159611,0.6700601813787279,0.0004444066177315337,0.0687120191979418,0.21201286367400268
13,0.11142944308782507,0.032513479167068406,6.559123726260945e-05,0.09080143241279755,0.7651900540950464
14,0.12272868823899641,0.5748958938917694,0.0002617452469007231,0.05737565901158304,0.24473801361075032
15,0.15039822774628459,0.6432664851757209,8.847757497341777e-05,0.06615199714890033,0.14009481235412075
16,0.13678624655168908,0.6587032890944758,0.000924271096266805,0.06804037648636628,0.13554581677120198
17,0.13647247707949242,0.6412535600417506,0.0006749770060242015,0.09445148835538376,0.12714749751734902
18,0.048104583962765034,0.8913603820241127,0.002967757161462006,0.02822441536728803,0.029342861484372464
19,0.05869348486133375,0.8089382161129146,0.00023131211347505304,0.06196406337218522,0.0701729235400915
20,0.05000551834802327,0.8807853257527019,0.0012780087042317488,0.02301751077401051,0.044913636421032625
21,0.026725612593857816,0.91752965236007,0.000971250701279964,0.025777029877077442,0.028996454467714736
22,0.018031387165668555,0.9574919875649011,0.0013938666864179202,0.011177309698467584,0.011905448884544862
23,0.05944885961905263,0.8822400196775558,0.00047817100868006323,0.017250434028767313,0.04058251566594413
24,0.27197131943358493,0.11267659724486881,0.00018420624155404341,0.22772528832321642,0.3874425887567758
25,0.21713043306463686,0.6094517228115082,0.000582028695451028,0.055355102374566235,0.11748071305383777
26,0.14064072920594559,0.4584598690432931,0.003419221544827541,0.006964078117508295,0.39051610208842547
27,0.04309338427693917,0.00380462236810379,5.641904513346282e-05,0.0006121133179683186,0.9524334609918552
28,0.6161367768559165,0.08177383780960483,0.00014634573508842352,0.018118336369649584,0.28382470322974074
29,0.40318830401320327,0.22854261193091654,0.0005834880698425474,0.010638607268506156,0.3570469887175314
30,0.19582777084267963,0.1782936728647261,0.0005545865353962792,0.004803866056253081,0.6205201037009449
31,0.05800702318880897,0.6465074251058637,0.002185151505507767,0.014310435317499383,0.27898996488232003
32,0.09339356482727106,0.41822641696180185,0.03412484045749405,0.004587698401316586,0.44966747935211643
33,0.004708248108266428,0.0016453029061248548,0.00013574212654152978,0.00025499036202872766,0.9932557164970384
34,0.2886054685514761,0.007969063940827751,6.0501525739663266e-05,0.0013313684211739855,0.7020335975607824
35,0.7542557181799164,0.03984445265595196,0.00031163299906246264,0.0012848146805332545,0.2043033814845359
36,0.6250450339714675,0.20171484543485343,0.00028265714569112704,0.0029312768357576432,0.17002618661223048
37,0.2821641118655859,0.5643410158268055,0.001673567764244669,0.029950692786023306,0.12187061175734075
38,0.037680400349580104,0.12328904772018695,0.016919434502654387,0.002421915276101226,0.8196892021514772
39,0.07521962462176404,0.013135028956716534,0.00011392900144406641,0.0017144213909415147,0.9098169960291339
40,0.6336902867759823,0.04164030677703345,0.0001423029546689325,0.008810470570057577,0.3157166329222578
41,0.5680830833635645,0.2936435745191195,0.001006267165273562,0.0046639736689381775,0.1326031012831043
42,0.2851814764690191,0.2710796448442103,0.005241382882112244,0.003854908528889134,0.43464258727576927
43,0.10159388042010663,0.015472229263507772,8.085048410302702e-05,0.002993622066986583,0.8798594177652959
44,0.7442113162059368,0.06664317687100416,0.000312044271946789,0.004652935027301125,0.18418052762381099
45,0.5540652657877168,0.204337680630499,0.0006806554181183371,0.0030682433246066554,0.23784815483905916
46,0.4519548607977849,0.4942566078693244,0.0018720186150889754,0.003044120052305556,0.048872392665496166
47,0.34092884609072227,0.5124308872955505,0.0025947641650171426,0.002927657928442455,0.14111784452026763
48,0.023068665640963458,0.9249886361780573,0.00308869860690411,0.001997500698572238,0.0468564988755031
49,0.04993201824969157,0.1976680177369554,0.004318833175426146,0.0010693742768001023,0.7470117565611267
50,0.6649217697486556,0.27498389603344914,0.0006232424689610323,0.0060085458932588555,0.0534625458556753
51,0.08307985672549757,0.8945025135762862,0.006603840342398343,0.0012206235931673224,0.01459316576265067
52,0.06258727553940828,0.9251765855435546,0.003934777009010248,0.0007034548655711456,0.00759790704245584
53,0.016667933782461352,0.9695792369054321,0.009048998877187367,0.000360604007035413,0.0043432264278837705
54,0.026256524189328702,0.9260755797367907,0.03508703515087901,0.00047842296455334556,0.012102437958448415
55,0.023972904881821133,0.953104441283909,0.017636777133029247,0.0002720024042006553,0.005013874297039986
56,0.009328873336572945,0.8374205440140854,0.14435168085710107,0.00012812375583960256,0.00877077803640092
57,0.005220574317609631,0.6713032973261539,0.31604908790786,8.399746393318862e-05,0.007343042984443071
58,0.00515356938386413,0.5414362810305184,0.44559585646102545,9.184759591651237e-05,0.007722445528675457
59,0.009475468898152935,0.6277457460595742,0.34041786698141957,0.0002793743215592969,0.022081543739293805
60,0.003315568856093268,0.5059427428405011,0.48447548205999685,9.344011539322521e-05,0.006172766128015563
61,0.001015029232437984,0.20277840278031764,0.793780987264861,2.5893771758835764e-05,0.0023996869506244045
62,0.0010960251471234224,0.2604323912408768,0.7353650660215673,2.6095352025967655e-05,0.0030804222384065334
63,0.0006663593361506253,0.20619084510306734,0.7893060157717587,3.018580099266831e-05,0.0038065939880306296
64,0.0008498548746493821,0.12773630024505073,0.8680527235794314,2.5003847778913797e-05,0.003336117453089563
65,0.002400942303068187,0.323067371110433,0.670658641959013,4.981022452951826e-05,0.003823234402956289
66,0.001734730233676652,0.4904259624052159,0.5048767152763383,3.106368008798738e-05,0.0029315284046811728
67,0.002473365653938331,0.48462211023957086,0.5022499209786079,5.346022799973263e-05,0.010601142899883164
68,0.0008889387043402155,0.08712537604513368,0.9095295208451067,2.029093524379911e-05,0.002435873470175465
69,0.0032010023956548215,0.3184766937246692,0.6694294120783517,0.00010183677735183642,0.008791055023972365
70,0.0004827862923050731,0.05028844569602015,0.9465987616232947,2.0055283966996205e-05,0.002609951104413099
71,0.00121192551124378,0.11462588435269015,0.8792776848602484,7.928975229267052e-05,0.004805215523525188
72,0.0009032203313548777,0.07720644556936354,0.9191350123289806,3.5732111969688095e-05,0.0027195896583311896
73,0.01862069307410918,0.25225999906534297,0.6909119372883471,0.0004968725081922337,0.03771049806400846
74,0.03406272233084335,0.639023992649608,0.220279719439859,0.0004156665983732537,0.10621789898131641
75,0.039324773313395615,0.6214975232230571,0.3042741190616214,0.0001990700403038276,0.03470451436162213
76,0.08226191256454563,0.8614254295003965,0.045182098497981535,0.0005228828773286649,0.010607676559747405
77,0.05675547350321727,0.8579743528039456,0.07230561840023053,0.0003248644263022768,0.012639690866304235
78,0.006944094386772422,0.5449304806713139,0.4432622051534928,7.08220202337672e-05,0.0047923977681871245
79,0.006837675053221853,0.7502403399756393,0.22979997004486905,0.00016230808516937617,0.012959706841100671
80,0.010875185524908175,0.7904605217849916,0.18582559510695237,0.00014487724397899495,0.012693820339168778
81,0.017204254145598057,0.6852175650550305,0.28080381564500495,0.00048344265977735547,0.016290922494589025
82,0.00473438387988427,0.6937893755117712,0.2929522091470286,0.0001356770485925405,0.008388354412723377
83,0.002238965903981558,0.19455500811824808,0.8003079053234909,3.407120602974559e-05,0.002864049448249573
84,0.0012945702689100673,0.18011586928304257,0.8147255480277847,3.5269305552817596e-05,0.003828743114709867
85,0.0011371962818341127,0.10421436639700889,0.8924861965563723,2.7344065360085472e-05,0.0021348966994245476
86,0.0009506474925703635,0.23557628947676193,0.7602503993216194,4.38675391054923e-05,0.0031787961699426786
87,0.0016349684476247937,0.1838266332681669,0.8091114968289331,3.939349865408853e-05,0.005387507956621113
88,0.00047467061027872454,0.07759775743404071,0.9203787882719818,1.742014903797464e-05,0.0015313635346608943
89,0.00044237789788098564,0.07625849746208133,0.9212714600760039,1.8277816483131652e-05,0.002009386747550614
90,0.000328004612617468,0.05505500373992409,0.9416336462520016,1.5277571233143093e-05,0.0029680678242235943
91,0.00042544659955100705,0.07405727160652854,0.9230431300943014,1.901171849729831e-05,0.0024551399811217588
92,0.0001051003966861,0.025608408316078784,0.9727477595137468,6.304724912476737e-06,0.0015324270485757925
93,0.0001677405724757333,0.02941168575378873,0.9689503178758455,6.099107470100482e-06,0.0014641566904200047
94,0.00020093184721919828,0.03443512933116701,0.9617430595959814,7.66413554680804e-06,0.0036132150900855327
95,0.00028045694993566675,0.049769431573935714,0.9482107534152823,1.1059886031083333e-05,0.0017282981748152626
96,0.0002988076732593911,0.04639616025684286,0.9511438469183855,1.1946179148047024e-05,0.002149238972364366
97,0.00016680961159244134,0.030543679154866117,0.9684456357808294,7.4235572116018324e-06,0.0008364518955003975
98,0.0002988063493382443,0.03136353428887369,0.9667095347477532,1.2331688760442434e-05,0.0016157929252743552
99,0.0002406782158888849,0.052378082294330074,0.945719335728563,2.30360629357722e-05,0.001638867698282228
100,0.00018429268559983078,0.03650235440192507,0.9623138908587885,1.4050707809704756e-05,0.0009854113458770534
101,0.00010979517877301285,0.022103173202954535,0.9767588005047052,4.473040850535439e-06,0.0010237580727167602
102,0.00039353804739702703,0.07736066671931692,0.9199179202059057,1.8377386334737652e-05,0.002309497641045716
103,0.00011185207960236422,0.02934592226947094,0.9691382896152979,4.933961081319921e-06,0.0013990020745473977
104,0.0002799618742239639,0.04341123074320765,0.9549564247995848,1.0060402774094484e-05,0.0013423221802095725
105,0.0006618738254332044,0.12942921943941202,0.8663093880907597,3.3163095151168073e-05,0.003566355549243756
106,0.00014877127556217243,0.03516811761906718,0.9616114852311805,7.3888863439731475e-06,0.0030642369878463526
107,0.00021394462363063044,0.057575983786325585,0.9409093196398541,1.4439106853970359e-05,0.0012863128433356912
108,0.00035071670631735047,0.056573647689340055,0.9416335052902913,1.6188338509563762e-05,0.0014259419755417576
109,0.0001984344995586674,0.04577698714469577,0.9524603840338141,6.088684906731492e-06,0.0015581056370247049
110,0.00019152468670974518,0.0491406388208198,0.9492493345995673,4.531610290913193e-06,0.001413970282612197
111,0.0005760469709608228,0.10699064410540308,0.8889127156471677,1.4976691934257988e-05,0.003505616584534271
112,0.00012510811879897708,0.035165354015080294,0.962664991666145,4.010234274811442e-06,0.002040535965701037
113,0.00020020475937378065,0.04600344398507546,0.9494112770484259,5.159691175445168e-06,0.0043799145159495335
114,0.0007465549181979134,0.07002005246336457,0.9236979795677208,1.3943894243158737e-05,0.005521469156473344
115,0.000388279969280734,0.053927903279419154,0.9368831232887633,6.424729409470938e-06,0.008794268733127358
116,0.00046926579895655815,0.025903417410634514,0.9652627101923686,5.122193900572972e-06,0.00835948440413969
117,0.00024139246814100732,0.035688661598827234,0.959606621165533,9.424046641256583e-06,0.004453900720857416
118,0.00014593971336031547,0.03557998635411876,0.961646422276799,1.0299378590619745e-05,0.0026173522771312293
119,0.0006431227116597486,0.06543633731110668,0.9224604944263491,2.30618374165494e-05,0.011436983713467764
120,0.0005276122661146681,0.05876726655051594,0.9388708808685717,4.2524685561078834e-05,0.0017917156292364608
121,0.00030107897589914283,0.05257683726389761,0.9443807999658064,6.11738801744126e-05,0.0026801099142224716
122,0.0003956534778074526,0.07935343505092901,0.9075632686602877,9.779782459545825e-05,0.012589844986380327
123,0.05937249290146208,0.3985114334732434,0.061631813040557135,0.005314733016326267,0.47516952756841113
124,0.13200989540683242,0.3687872656102258,0.028244590898884675,0.008732454363906947,0.46222579372015016
125,0.1859319320797283,0.7471594419971483,0.038197814515663994,0.006896569595869306,0.021814241811589998
126,0.08121106887700709,0.873404748047624,0.017835621819602243,0.003251012165206022,0.024297549090560762
127,0.07324182176752059,0.8968373092102737,0.018011534805331908,0.003766090397993543,0.008143243818880187
128,0.24736086536013976,0.7042178127730903,0.014005366232750746,0.009116521138304941,0.025299434495714274
129,0.15871334172292975,0.7508045649497459,0.056307927248161534,0.0063348802147933135,0.027839285864369352
130,0.029799788406613355,0.8391040655068251,0.09554473285390566,0.003252066211441342,0.03229934702121463
131,0.1783190702037056,0.768317151565246,0.01942309860535405,0.006425263134688338,0.02751541649100611
132,0.027473671007614223,0.7970601831466401,0.16188495925822302,0.0042798938324617765,0.00930129275506085
133,0.027847176044769387,0.7917166402816205,0.1211713227336193,0.008365547210461892,0.050899313729529085
134,0.02231154100921379,0.8290627230447865,0.11657328329748905,0.010196252797506975,0.021856199851003812
135,0.023532110333758138,0.8514732337855931,0.0765912098142991,0.01935887217683946,0.029044573889510268
136,0.018212773315145085,0.056832007175739094,0.006028243819369698,0.015015875773072156,0.903911099916674
137,0.09872807584287197,0.0643342727449564,0.0002679976218771726,0.029307411681811054,0.8073622421084835
138,0.24414389585109572,0.021888252779327193,0.0006425647497622627,0.005600994241187592,0.7277242923786272
139,0.3758677560151586,0.04733239282468672,0.0006236601397308887,0.011996479504363082,0.5641797115160607
140,0.6195250392829752,0.1822230865531685,0.0015791066965571662,0.023392474309492862,0.17328029315780627
141,0.2823566819840712,0.5496422867518045,0.020039531065879336,0.049953433225571844,0.09800806697267322
142,0.1351319163275651,0.3557113792725082,0.004052423902636062,0.24554133336772488,0.25956294712956574
143,0.028981517939130706,0.021072383787684786,0.0003069568837128564,0.9301513407696659,0.019487800619805703
144,0.016392238176168833,0.08726093273284734,0.00025658282726386526,0.8860456999836956,0.010044546280024309
145,0.014554834028358608,0.03383471275711911,7.531633882658638e-05,0.9474715015463212,0.004063635329374473
146,0.009445447017931622,0.016989118734933858,3.116139680353459e-05,0.9722363232494126,0.0012979496009185784
147,0.00955798348868778,0.00852041385149517,1.8305497111505902e-05,0.9798877969549691,0.0020155002077366004
148,0.018772738471491468,0.0116054928959042,2.579551892751056e-05,0.9675712493860535,0.0020247237276233847
149,0.0148748728509017,0.012152976915722558,2.47458410255293e-05,0.9713092040570971,0.0016382003352530194
150,0.015262572301784313,0.009583423712619454,1.2855700886113106e-05,0.9732463772986448,0.0018947709860654511
151,0.017346966105595298,0.032774013957463245,1.112010779958686e-05,0.9467710474804857,0.003096852348656084
152,0.007590202997588219,0.015096051098408423,1.4436723080102552e-05,0.9759873074361657,0.001312001744757596
153,0.008771554778451613,0.00953865263825441,1.3435712638734581e-05,0.9804142069216262,0.0012621499490291543
154,0.01092745252647318,0.008103162492524638,1.4624652098456958e-05,0.9789973340919805,0.0019574262369232006
155,0.009783602784862167,0.01065913325957917,1.8169819361042558e-05,0.9779438014951188,0.0015952926410787217
156,0.019922885868543305,0.028351270902359227,2.0062822283588966e-05,0.9490828520253206,0.0026229283814933075
157,0.00978022038879669,0.02138259994371857,3.418109722905922e-05,0.9676724228038808,0.0011305757663749275
158,0.007285626475978095,0.014510364471317903,5.0688374293539535e-05,0.9767956849658499,0.0013576357125604697
159,0.00845262936795113,0.012538450938854433,2.6485200100546553e-05,0.9771002255302189,0.0018822089628751024
160,0.007642553688962675,0.011790723361634971,2.1591497288893807e-05,0.9791162627641947,0.0014288686879186964
161,0.01307076667197312,0.014929907858504838,1.7787283651838716e-05,0.9643242064152636,0.007657331770606615
162,0.06244015371451666,0.013728460370049772,2.5972809743986376e-05,0.9046908180063473,0.019114595099342293
163,0.10451866938057107,0.031101566507773105,4.039157385907864e-05,0.8563590751974683,0.007980297340328448
164,0.07153049605656742,0.03907121497508199,3.777010558233834e-05,0.8838314261717927,0.005529092690975515
165,0.031115536098022936,0.09002597189801874,2.0477108319194784e-05,0.8708589884851151,0.007979026410523971
166,0.012979381197205127,0.030372562826769582,1.4324686647653492e-05,0.9531551480186903,0.0034785832706873544
167,0.00965249508475679,0.01423066453851394,1.291560743129867e-05,0.9711825246208625,0.004921400148435372
168,0.013695753105077138,0.009109529615556703,1.0445845174685914e-05,0.9725712977661027,0.004612973668088837
169,0.01464087807713199,0.010419411193141416,1.3386768603870037e-05,0.9712109126912406,0.003715411269882225
170,0.07965975533353048,0.029839199955652596,2.5256369005527713e-05,0.8770743412117372,0.01340144713007422
171,0.055102326864284866,0.09502038259829021,3.128113044197138e-05,0.8433493679963279,0.006496641410655063
172,0.05130075464830354,0.0404281057960766,2.7658642735790648e-05,0.8976324512520762,0.010611029660807965
173,0.1709078906353633,0.10766982334425276,5.114768519403573e-05,0.698199362773284,0.023171775561905812
174,0.1567930182417091,0.12083380336630217,5.9975689774050114e-05,0.7043951683760651,0.017918034326149555
175,0.08698634854304849,0.5926405137691041,0.00013565674125808484,0.3115516953226561,0.008685785623933318
176,0.1513057343646488,0.22845092305868603,8.062388689569368e-05,0.6126865491314699,0.0074761695582996725
177,0.05788296071952724,0.657823417148835,0.0005747157782439796,0.27884223618454385,0.004876670168850008
178,0.050782670274240035,0.49759816781235466,0.00023393760424550135,0.4433988167790025,0.007986407530157225
179,0.14855456872112066,0.5306685409587482,0.0002831870891651289,0.3090313248489252,0.011462378382040657
180,0.04243881037069774,0.8625502341867166,0.0005983650739433882,0.08958715750998399,0.004825432858658232
181,0.08116377184393918,0.8243615264821791,0.0004437205527774114,0.08407259921314958,0.009958381907954917
182,0.018850650918152963,0.9565284531243953,0.0004890780503093138,0.018661024079453865,0.0054707938276885885
183,0.055542789357650994,0.8338364572301378,0.012456129528857732,0.012717134481067491,0.08544748940228614
184,0.051080223746388695,0.08430059999935273,0.0004043606407179259,0.01033950382542449,0.8538753117881163
185,0.5232889374099373,0.18435626414701373,8.192590236205548e-05,0.019392136051843513,0.2728807364888435
186,0.6741282050330767,0.09709645616978275,0.0002292179236316609,0.005861391895539495,0.2226847289779694
187,0.5693186522705256,0.4138446854831716,0.00010629587416226384,0.002970990072363695,0.013759376299776877
188,0.06084694534246189,0.928288087431674,0.002246922641154765,0.0007131973870244066,0.007904847197685
189,0.06946100031188451,0.9182716940698152,0.003108429896431835,0.00226056106932355,0.006898314652544792
190,0.009972088261211876,0.9839466139437658,0.0007105337209631011,0.0017345173156634044,0.003636246758395864
191,0.014647735588372044,0.9812888663584313,0.0007103594737942706,0.0010114399404801508,0.0023415986389223532
192,0.0038747718746442767,0.9920020373599362,0.0005481869562899936,0.0016189901973027033,0.0019560136118268344
193,0.02095098843420062,0.9685394298341894,0.004456362108689735,0.002195952242128206,0.0038572673807919246
194,0.004547387259352073,0.9900092405581089,0.0027157186681092457,0.0007964848084402288,0.0019311687059894612
195,0.007577827429433483,0.9872600634786386,0.002389849522021118,0.0008634342465142467,0.0019088253233922998
196,0.004100524907563268,0.9834916464763733,0.010180946991224382,0.0006193742601899897,0.0016075073646489896
197,0.016591441259378007,0.967708404621573,0.006380089059767374,0.0038399786793426307,0.0054800863799390346
198,0.003691152426190486,0.9558356722755676,0.036068695536327175,0.0012573635740669227,0.003147116187847813
199,0.016435461677356097,0.9661684300163665,0.010408091710472429,0.002117323370809431,0.004870693224995411
200,0.014209541966089454,0.9379559175945462,0.03981390609907799,0.0017217493556457085,0.006298884984640517
201,0.017227058155549667,0.9484529255092072,0.029485441877306017,0.0010162507596979309,0.003818323698239179
202,0.008970481281445388,0.9494948759153176,0.03808808107100021,0.0006129297100353298,0.0028336320222014685
203,0.00968973269807817,0.8971169542210315,0.08315082091404548,0.000504948640457419,0.009537543526387334
204,0.005840066774699371,0.9228497215632067,0.0664329515792883,0.0004361870345168794,0.004441073048289021
205,0.004790727692249993,0.7443273711494299,0.24068396364252473,0.0006170385131755643,0.009580899002619896
206,0.0145805786519511,0.9334001014340232,0.042649131338055916,0.00230424070404431,0.007065947871925571
207,0.020479658265414254,0.8925361764180261,0.07246051959317025,0.003623496745180763,0.010900148978208677
208,0.015788251365661546,0.858239422261476,0.11669497754101524,0.0040271371180553035,0.005250211713791924
209,0.0853774208738503,0.31794077511496044,0.3784610713701401,0.011550501081735276,0.20667023155931402
210,0.3718734298319544,0.43964257561326575,0.0015367502358127946,0.015281935856478123,0.1716653084624889
211,0.1579864399763508,0.789906415422428,0.014044692524494758,0.0037858888797490417,0.03427656319697747
212,0.28277038657798353,0.6944601472274672,0.0005674911726614411,0.0025684663609830557,0.0196335086609049
213,0.11423653952831758,0.8649826068630353,0.004147345254341282,0.002546824797157549,0.014086683557148075
214,0.031393632278327324,0.9638969794045958,0.0008669009997988047,0.0020655365872009083,0.001776950730077342
215,0.009474251250127763,0.9855414523509736,0.0023824642866383918,0.001388517450130115,0.0012133146621301752
216,0.03004093872817036,0.9594673723888956,0.0011497247374329792,0.005419728937806227,0.003922235207694897
217,0.004796982091625898,0.959060318103129,0.032346747575339944,0.00147153973294541,0.002324412496959845
218,0.012114694006298702,0.8609587391754215,0.12133304201680624,0.0029117470488409913,0.002681777752632489
219,0.048145088857992575,0.9353004267565247,0.009348154898224329,0.00282490283123945,0.004381426656018898
220,0.03173202354500861,0.9293585041038925,0.034230035316433365,0.0018949821160824177,0.0027844549185832017
221,0.0036428143099305485,0.9210772221632788,0.07358011193850168,0.00035359003863425273,0.001346261549654758
222,0.0030412056924753834,0.743884854335428,0.25088649280955894,0.00022932606886787396,0.0019581210936697097
223,0.020838634327246516,0.9589007854384808,0.017144803826260033,0.0011543810815442977,0.0019613953264682456
224,0.003915720366934374,0.8310542281306269,0.1615434192311706,0.0006140261047193745,0.0028726061665488582
225,0.003415046394386933,0.9627982765485007,0.03235125229156797,0.0003749096921915197,0.0010605150733530367
226,0.003519009060029408,0.8683494365492893,0.12414269135008159,0.0003697244003314483,0.003619138640268234
227,0.010261493514099612,0.9130249152350591,0.07351138357342202,0.0004849573911663581,0.002717250286252976
228,0.0033054793014385742,0.799768380634706,0.19489112062577374,0.00027496999364709393,0.0017600494444346894
229,0.0026464339101705658,0.8515858974918614,0.1435980927541474,0.0002716935385831683,0.0018978823052375594
230,0.0016165133431121155,0.705304718683894,0.29168857443468854,0.00016539050862215168,0.0012248030296831025
231,0.0009158705978662869,0.313415383668514,0.6838316992369186,0.00015092131526683378,0.0016861251814342076
232,0.005952862059571487,0.7437717495828892,0.24656427154357832,0.0005394550526034733,0.003171661761357563
233,0.002495183717020707,0.6623499786937469,0.3325481067977192,0.0005660940899516116,0.002040636701561598
234,0.002811803651050569,0.8780383561021069,0.11582595900082522,0.0002779002314666314,0.0030459810145507713
235,0.0052760605172986605,0.735978275204517,0.2543993435211377,0.00028861443859331707,0.004057706318453136
236,0.003492426904670516,0.8114206450147309,0.18290448495984374,0.0001591175814093969,0.00202332553934539
237,0.004857249926891022,0.7448073381144001,0.24592067078954777,0.00025509694070386123,0.0041596442284571105
238,0.0009898150156242083,0.12223965530257333,0.8757149194149578,5.840694525515262e-05,0.0009972033215894882
239,0.003089133479720818,0.37910171167943263,0.6149104640795222,0.0002223908046641304,0.0026762999566601236
240,0.0018170434478340838,0.1572087923913016,0.8390383158596161,9.644200610936427e-05,0.001839406295138959
241,0.002874395076803203,0.2747055915911464,0.7207474508395402,0.00016361124353698529,0.0015089512489733115
242,0.0011387298216659414,0.22696198888507157,0.7704652445656182,7.61747740587927e-05,0.0013578619535853495
243,0.00048532776258192954,0.13714796677704374,0.8608043365145512,6.032134803650796e-05,0.0015020475977866466
244,0.0014263606276398695,0.6263474537726745,0.3705540086054639,0.00017073931211448778,0.0015014376821072353
245,0.0007357854899228765,0.2548572920543704,0.7430039740954432,0.00010845570188368541,0.0012944926583799644
246,0.0006632832922602885,0.15991753912890452,0.8385378198237525,7.59579473613091e-05,0.0008053998077212917
247,0.0015380030471399877,0.21146428608288695,0.7850209633541129,0.00010908995672457447,0.0018676575591357778
248,0.000533712606082153,0.0991408578896905,0.8995305020867332,4.675355252632463e-05,0.0007481738649678789
249,0.0015941285795525138,0.4598592264761057,0.5369826469199079,0.000139838985698739,0.0014241590387351728
250,0.0006759035549101224,0.10688893855148265,0.8910935234492745,5.927159491548176e-05,0.0012823628494171774
251,0.0008195829171547859,0.1615458576347917,0.8355713539580956,0.00037299988587549655,0.0016902056040825051
252,0.00026266962533395404,0.07755514728639498,0.9214113256187615,5.3912491039487115e-05,0.0007169449784702027
253,0.0007022363502432309,0.1365915085186025,0.8605712663707097,9.806480662354027e-05,0.0020369239538210876
254,0.0010235890055477893,0.3589800994214783,0.6377873255161202,0.0002618506297536953,0.0019471354271000405
255,0.00012221387031917892,0.04166409888430056,0.9574983023913691,1.8299257925796317e-05,0.000697085596085113
256,0.0006705750219465296,0.45993293796658824,0.5376338604715123,0.00016030172510218704,0.0016023248148508893
257,0.000792232546196895,0.15746392779783958,0.8401812131818558,0.00010210934182874365,0.001460517132278819
258,0.0005517593428866996,0.10135481676825296,0.8969166151029291,6.630030930325204e-05,0.001110508476627969
259,0.002864289200887651,0.43171820195409866,0.5618976785996677,0.00015546273902765318,0.0033643675063182786
260,0.0011636847665830812,0.13276045055561395,0.8642228155801858,6.386903999268876e-05,0.001789180057624467
261,0.006476332762496943,0.6766281271827305,0.31164095475364756,0.0009376634097447008,0.00431692189138024
262,0.0008314429158205648,0.21649244943904983,0.780116763193086,0.0001708159805324494,0.002388528471511002
263,0.0014169032337428755,0.1656032827045107,0.8293176336104305,0.00029396112977686674,0.0033682193215388706
264,0.0018356455258949254,0.3399667148473612,0.6505506094117874,0.0008702968862306184,0.00677673332872591
265,0.0013731165717920809,0.1329121468303621,0.8530800035729792,0.0003846055558417012,0.01225012746902491
266,0.030028626447214407,0.1203428747961845,0.03959449089349536,0.005325321610316294,0.8047086862527895
267,0.0275632337747244,0.04220453129587827,0.005132362266252463,0.00462854630946427,0.9204713263536807
268,0.00800644858639209,0.02080008281193207,0.0015950416345239284,0.0009294312556898579,0.9686689957114621
269,0.1973127951695802,0.6940851522020061,0.0007842068282194263,0.01220068486480641,0.09561716093538777
270,0.14612133664502044,0.47872944031414566,0.0029926238061892293,0.006641332917027625,0.3655152663176169
271,0.38404558897820645,0.5697875853612923,0.003345425902536035,0.00653799027056522,0.03628340948740005
272,0.1624962090204055,0.8154780406350506,0.00509499555683099,0.0035121336336407507,0.013418621154072219
273,0.11157619780388939,0.8713030143614314,0.006567219224754302,0.002420265493327449,0.008133303116597441
274,0.018061651699691435,0.8624779260861921,0.11136350479299195,0.004429163493077469,0.003667753928047072
275,0.03047245092627415,0.9455096684659997,0.007717471866139911,0.010672109841415105,0.005628298900171244
276,0.007992677092248117,0.9662066043912405,0.019296908563137767,0.0027844916385764726,0.0037193183147971524
277,0.0036276127734089576,0.9808695964294346,0.012274617406108284,0.0013476309156741318,0.0018805424753740607
278,0.02351823054863741,0.9680060509672535,0.00357840152064477,0.002605667200723261,0.0022916497627410884
279,0.004915106218072987,0.9777070037369197,0.013022119901548711,0.0029126803728151108,0.001443089770643331
280,0.03958833307145094,0.8956151802934581,0.04599200070318618,0.009936087219179188,0.008868398712725468
281,0.17702232009924815,0.24631456865797188,0.0005613383476100518,0.005235906108075325,0.5708658667870946
282,0.14862321019963487,0.8398795554673382,0.0028157181650379478,0.002099507742301092,0.006582008425687917
283,0.08577366445349936,0.900761730211718,0.006055758704182473,0.0005658444539130978,0.006843002176687357
284,0.049644886716582376,0.9363236826331649,0.0074978194567932544,0.0008845894563650599,0.00564902173709445
285,0.017867827576119124,0.9739598033882586,0.0036061080900017975,0.001813403229290657,0.002752857716329858
286,0.008660705265256153,0.9751586448650084,0.011852981502551358,0.0022416825847355777,0.002085985782448688
287,0.01995861735779039,0.9601846731309038,0.00850384315017412,0.007178975411802905,0.004173890949328604
288,0.006967672294884548,0.9634683263222001,0.01996104254438024,0.005870640992362433,0.0037323178461726274
289,0.011811601185434825,0.9292235960355161,0.02456271774025502,0.01714835546711141,0.01725372957168286
290,0.01302046626291638,0.8475534251046425,0.06800522119585295,0.03040094556150323,0.041019941875084995
291,0.0031789054045657053,0.33436257511699025,0.6277745781395498,0.005611461330521379,0.029072480008372852
292,0.0021025305855662383,0.0010313864835915967,2.003029647508353e-05,0.0010105822977227237,0.9958354703366444
293,0.00561354588825918,0.0017041234038149748,1.1578760356630687e-05,0.0006384963829714613,0.9920322555645977
294,0.03229351182091642,0.0044092314699132,0.0006013162754914314,0.000627938486876016,0.9620680019468029
295,0.06486402262864083,0.004888446478041937,0.003430563387388281,0.000767369547678262,0.9260495979582507
296,0.11460692803363266,0.006593436717129863,0.00014029731249225451,0.0008788327633793706,0.8777805051733658
297,0.6860800246749613,0.02442588848393446,8.322208793183773e-05,0.0014169832764660737,0.28799388147670635
298,0.45273691260780985,0.03900522145155744,0.0005092849085237508,0.007420325921563399,0.5003282551105456
299,0.592749504156188,0.2969126980634866,0.00024340743985128163,0.040255785705455224,0.06983860463501905
300,0.23627605665792145,0.6885761948346297,0.00020635483900937113,0.0470263265657469,0.0279150671026925
301,0.014809855324578361,0.9612233427067108,0.011856714697381428,0.006686341470399476,0.005423745800929869
302,0.15993143287615905,0.5775434898285908,0.0008698111589046955,0.2394406154630273,0.022214650673318206
303,0.03444410461408874,0.8294565405061897,0.010737737204179759,0.11889520686258766,0.006466410812954023
304,0.058398168656629154,0.8151418883084116,0.0048642954001751485,0.09775737761004819,0.023838270024735944
305,0.0961820350803779,0.5452146633038895,0.0008507299712912952,0.3458368202250214,0.011915751419419942
306,0.04013096064377211,0.8707350949945087,0.0002558259996109292,0.08600517071322702,0.002872947648881215
307,0.007733978238241252,0.97540618089964,0.002132626693835787,0.009929988129741048,0.004797226038541745
308,0.03149667548428497,0.8579441567575039,0.0010386081583924427,0.1001193046075292,0.009401254992289517
309,0.07528515753759032,0.4640497077522205,0.002862630685499847,0.1035423576828386,0.35426014634185066
310,0.05294312456763613,0.00835269343888909,0.00011652976992255528,0.01788766435045674,0.9206999878730954
311,0.7027737001664136,0.04731556204339191,5.302992201206685e-05,0.02005029610800261,0.2298074117601798
312,0.3335886466435822,0.6400495359062228,0.00022852792050963026,0.014752700435710987,0.011380589093974242
313,0.6010349581675156,0.3726790958372013,2.9893507578704704e-05,0.015815000369254276,0.01044105211845004
314,0.031787033063063436,0.9526362294206849,0.0004004173360705703,0.01136785810738714,0.003808462072793777
315,0.019188868777705145,0.9214057035408031,0.0006817355664986972,0.05116692608276631,0.00755676603222686
316,0.011315356776437524,0.9713996897240101,0.00016510105339243082,0.015049653206627408,0.002070199239532497
317,0.004903463275350501,0.9850427219124491,0.0002617483740013597,0.008661940684852189,0.0011301257533467646
318,0.008130064348279974,0.9774096947911025,0.00042740204717059486,0.011155520414453356,0.0028773183989938274
319,0.15778045387485048,0.5717401933676713,0.0003729205946197544,0.046548103774065513,0.2235583283887929
320,0.40256715554822176,0.4355847737976683,0.000655489687887126,0.021103023345285334,0.14008955762093742
321,0.16059120886047143,0.8348627676675932,0.00010679462808085827,0.0014275047922226822,0.003011724051631967
322,0.110809539122718,0.8853269309633893,0.00028498280543131873,0.0011245974350626315,0.0024539496733988232
323,0.008765588082143333,0.9883661076839958,0.0005582858261196891,0.0009187453565517906,0.0013912730511894441
324,0.002746208171608246,0.9953650585198885,0.0005988347873196712,0.0007459563209698931,0.0005439422002135731
325,0.005465860723014957,0.9925346813890357,0.0002883916556986361,0.0009727424370441614,0.0007383237952066895
326,0.013598487223620125,0.9827694148628824,0.0006243379225990128,0.002128083192629082,0.0008796767982694366
327,0.002524710925818478,0.9952455086563902,0.0013225856696428247,0.0004058550576853018,0.0005013396904631962
328,0.007368044698754663,0.9894139408620508,0.0011879386446829138,0.0005861544303319116,0.001443921364179682
329,0.009110021590371994,0.9885998265118134,0.000577397513833123,0.0007023937477869435,0.0010103606361944754
330,0.009121489353513961,0.9822234608321756,0.0031970797071946,0.0027986252345601936,0.0026593448725555314
331,0.013906034088642617,0.9767844801043011,0.0007642726331652103,0.006967793961385483,0.0015774192125053606
332,0.022668187196042328,0.9397943957596896,0.0006319530395345955,0.03362257135995668,0.003282892644776628
333,0.015843282479484664,0.9642023756652798,0.003285928077062745,0.01178877763827865,0.004879636139894121
334,0.06567619634032802,0.5852509280630706,0.035242932813337506,0.018741505517376987,0.2950884372658869
335,0.36956377571017324,0.3167835807171342,0.0006262551505878001,0.025936459018438603,0.2870899294036662
336,0.6180309366370464,0.32707160731992796,0.0002337633188804762,0.010218450613706792,0.04444524211043822
337,0.20608878845183717,0.7808984843763798,0.0002508253077674201,0.004467088531205803,0.008294813332809844
338,0.1324732573960399,0.8619455093964373,5.229248216048208e-05,0.002988346101105057,0.002540594624257077
339,0.06683842018539446,0.9145649755516402,0.0007707497472138249,0.014847886999979269,0.0029779675157722532
340,0.010680305714414494,0.9810509611367488,0.00020397131364994684,0.0066904263751570445,0.001374335460029566
341,0.008123370077068317,0.9825569315046637,0.0021236123792361975,0.005747317544760209,0.0014487684942718695
342,0.029147438999481554,0.9630897575681443,0.0004662786239798268,0.005323184239750279,0.001973340568643677
343,0.009224653293835025,0.9853194502527144,0.0014693520064566871,0.0031614096166993014,0.0008251348302946933
344,0.004446646051817668,0.9916101041664639,0.0019443703577264708,0.0010491271713585642,0.0009497522526332757
345,0.016658150559954617,0.9789453557329815,0.0007923110948038946,0.002065509038657224,0.0015386735736026389
346,0.008021420725918733,0.9868896088326247,0.003156719502339396,0.0008604763749439888,0.0010717745641730927
347,0.01150903726619441,0.9856718317562231,0.0002384576413898122,0.0017804797526333122,0.0008001935835594367
348,0.011362816009534258,0.9769660509700262,0.009472304893038415,0.000662198858821226,0.001536629268579767
349,0.008840272515720888,0.9833507845584252,0.005803538070519909,0.0005403879135129037,0.0014650169418209576
350,0.003201387218510566,0.9904395064738252,0.0052191966738574114,0.00021319987645256554,0.0009267097573542391
351,0.01575611877011904,0.9820115815875916,0.0006305909951232808,0.00035335326646798173,0.0012483553806981074
352,0.005320797150178472,0.9888614138488339,0.0039116233584623565,0.00031738120764285776,0.0015887844348825152
353,0.0015322918558826344,0.9889200797293195,0.00850926245541255,0.00032177754671654484,0.0007165884126688716
354,0.005858938223861755,0.9851114502779345,0.006596030199489224,0.0009962553478007985,0.0014373259509139183
355,0.0027167663702747707,0.9504066075359555,0.04475137917132256,0.0007140929068513769,0.0014111540155957302
356,0.008418528837122526,0.981626391343088,0.0066709553202795435,0.0013332545249783326,0.001950869974531589
357,0.017719808423828837,0.9597784180264105,0.01758816717498177,0.0025382618095357826,0.0023753445652430357
358,0.0032526833477505876,0.7752850880506228,0.21864522573979359,0.0009319691272493434,0.0018850337345836924
359,0.017108007706325985,0.9614370270521492,0.016897263032177822,0.0027904530667903255,0.0017672491425566777
360,0.0037236997277397955,0.7654317702310686,0.22445378114027018,0.0021647676631860783,0.0042259812377353585
361,0.021294917889224798,0.9322248424776676,0.028888863611989016,0.01059145363024494,0.006999922390873766
362,0.020427137939497787,0.9433328758218564,0.025621799564559976,0.007307137841327501,0.0033110488327584356
363,0.012031336761443988,0.9359004929407012,0.03404117128650421,0.01162225146453568,0.006404747546815104
364,0.021535726880213785,0.06478479788329244,0.004937509325722764,0.001982662572037887,0.9067593033387332
365,0.4272061894387086,0.47838346283819255,0.0010069761015057117,0.002479952782140292,0.09092341883945303
366,0.09807942571316627,0.8839158537565791,0.003224212837287696,0.0006325976721642053,0.01414791002080259
367,0.11330672844313101,0.8745786904458553,0.004917744703529236,0.00027900504330511983,0.0069178313641793
368,0.01332335968466277,0.9747761585481873,0.005577761257457623,0.0007547280560353276,0.00556799245365709
369,0.033450034603374604,0.9600390362262912,0.001581147054700164,0.0021740867589899984,0.0027556953566438913
370,0.007570730464540305,0.9420711918800644,0.04764342391609901,0.0004440875481252201,0.002270566191171187
371,0.00933227827558991,0.9540125149319832,0.032222887259174375,0.0005372492544396655,0.0038950702788128518
372,0.007939116312373685,0.9546634096446283,0.03450928961657241,0.0005789047507593564,0.002309279675666326
