epoch,N1,N2,N3,R,W
0,0.01885189068646809,0.05841694616668843,0.0006083902677747044,0.0007140752410554545,0.9214086976380134
1,0.00464059527638117,0.017826879944202217,0.000328100823459423,0.00012032628194803592,0.9770840976740093
2,0.004142250804579609,0.005524578992969104,5.652934824849211e-05,0.0008938298585334957,0.9893828109956693
3,0.007945763743626811,0.002163616571785205,4.829864044360894e-05,0.0008876653789518874,0.9889546556651925
4,0.013579391025950377,0.003779106992236053,2.966833045341751e-05,0.0017514031411698559,0.9808604305101902
5,0.14663837621012546,0.016151855184336043,0.00021076585725716726,0.001276674005780343,0.8357223287425011
6,0.02048867098730191,0.025114080620260923,1.4579742959300724e-05,0.0022920003666285554,0.9520906682828494
7,0.08510783974477193,0.01984370991315414,3.297495628216966e-05,0.004228731167710748,0.8907867442180809
8,0.07375109289144065,0.02613621984368926,2.7136828422970484e-05,0.0051017631239377,0.8949837873125094
9,0.0643303588414674,0.023173385257491175,2.9212008711509315e-05,0.0036670753596932414,0.9087999685326367
10,0.21390366633389016,0.03572699059083778,3.30089490532989e-05,0.005875693439692276,0.7444606406865265
11,0.09836577353545556,0.028339152101273267,5.0197520057246264e-05,0.0022146883160116615,0.8710301885272023
12,0.010561914290680796,0.010596683309795915,2.0121311740513977e-05,0.007989864297394848,0.970831416790388
13,0.047507422986389235,0.030883012665995472,8.455532034326895e-05,0.006036462322423005,0.915488546704849
14,0.29254315515515805,0.0544277225630314,0.00040072225627943095,0.004063909129285701,0.6485644908962453
15,0.31246185441211244,0.07054188965773156,7.727992114942131e-05,0.012341429584873014,0.6045775464241335
16,0.14248964729423175,0.026021287702743135,3.536742082013057e-05,0.005189872123236036,0.8262638254589689
17,0.4142789817808026,0.08735131150793359,0.0001236390430148177,0.003453629716740445,0.4947924379515086
18,0.027170898298692705,0.007060669637411603,4.611206029639402e-05,0.00011706260400635036,0.965605257399593
19,0.41531620734232466,0.06198213173347596,0.00027566578507108927,0.004613922061071747,0.5178120730780565
20,0.28326832041993466,0.15246235487576154,0.0007033141814861731,0.004477334772103017,0.5590886757507147
21,0.11503438730037041,0.19020547565458287,0.00046153273475487566,0.0013742034464446866,0.6929244008638471
22,0.03423175190576926,0.07934751211694621,0.0001598996975404214,0.0005669151480013089,0.8856939211317428
23,0.23251941989705205,0.2169229734348193,0.0004437039621746198,0.00485306105681677,0.5452608416491374
24,0.3620701885702301,0.2561760145674976,0.00016691489357528735,0.007468780330221023,0.37411810163847603
25,0.3547579450133386,0.2615505575179985,0.0002198632986653914,0.005265287353660058,0.3782063468163375
26,0.23103289575983219,0.4902547602618832,0.000275573380141691,0.0030186014951533295,0.27541816910298955
27,0.15248522912736176,0.31077994688883415,0.0016892380732392816,0.002597947713498618,0.5324476381970662
28,0.10789002271507873,0.48605151019236753,0.00035752234261051,0.005079607338392595,0.40062133741155065
29,0.05466794299213011,0.8186122986600979,0.0001812269384577962,0.0020785720167086404,0.12445995939260544
30,0.11111676374236033,0.7843613268185007,0.0008744120346465915,0.0012424948116633314,0.10240500259282904
31,0.11514641294423077,0.8415110770148326,0.0016460241474003652,0.001049693817049451,0.040646792076486915
32,0.12004653866032126,0.8440750553173009,0.0008260789557985772,0.0015680510373465555,0.03348427602923286
33,0.12551121782768426,0.8321391517371445,0.0003588648754302511,0.005206299243995471,0.03678446631574541
34,0.042450722518938076,0.06248340258377891,0.0006225268815440172,0.001816222445872604,0.8926271255698665
35,0.23353526977041414,0.4650782034049168,8.112392173962027e-05,0.005068335328214212,0.29623706757471513
36,0.2151737888829654,0.7005619480425315,0.0033734945568259303,0.00040145336443249635,0.08048931515324455
37,0.28733574592175637,0.6826057514569941,0.0023911596349097727,0.0036595194594794085,0.02400782352686024
38,0.2835510387723428,0.6860136961364982,0.006183192169465677,0.001324548046600573,0.02292752487509281
39,0.20632665747174042,0.749600470280061,0.010657223491903836,0.0024754203225166678,0.030940228433777917
40,0.11791742981170206,0.20228058042301492,0.004133355626872652,0.0019021260824832493,0.6737665080559272
41,0.2256802854357679,0.6323158692747048,0.00038652610599394365,0.018801909588166955,0.1228154095953664
42,0.42632884520943387,0.38464492624109875,0.0013345166025924456,0.011811909664006795,0.1758798022828682
43,0.4620421809886496,0.4497838481306328,0.00710700682894898,0.0008297151907683142,0.08023724886100038
44,0.4030815522564158,0.2858566382753317,0.0014354578737150446,0.0013073664941797047,0.30831898510035777
45,0.12048398883142396,0.014823805746525833,0.0004301662576482404,0.0012321023185216805,0.8630299368458804
46,0.1004080802212733,0.05330532926159052,0.00014989969579648696,0.006123657276250452,0.8400130335450893
47,0.21841660985416345,0.10680296164048689,0.00022402146555188443,0.009040174906633898,0.6655162321331639
48,0.461039213427442,0.038042079976997475,9.92659208479818e-05,0.011510272835874148,0.48930916783883843
49,0.2150607482141102,0.20398432556018017,0.0019575417169849685,0.004368388188344784,0.5746289963203799
50,0.07901575840717158,0.1813569381533261,0.0006222157569044225,0.0010875427639685364,0.7379175449186294
51,0.03905173348494809,0.011980687723630442,0.00020447364139703435,0.0005810341081967619,0.9481820710418277
52,0.3290674691020263,0.2007872177770376,0.0005477768110395664,0.006877389703551877,0.46272014660634475
53,0.09702455162616419,0.046450059547794666,0.00025960380531231967,0.0031465507444201775,0.8531192342763086
54,0.04219337488053614,0.014843926455514658,0.00015366524054483352,0.00045361680407215554,0.9423554166193322
55,0.23112588097974338,0.1192656462572408,0.0003780175557689469,0.0060027700012680275,0.6432276852059788
56,0.30764058787687787,0.3326551079601994,0.0012393808681784135,0.007243156074289849,0.35122176722045456
57,0.4805208549358212,0.15127545500743145,0.0004482628383648411,0.013587700777685523,0.354167726440697
58,0.2388028823383414,0.42807810060833756,0.00017677937052464402,0.010169548739784737,0.3227726889430117
59,0.5467718576901013,0.27281744487859017,5.629962076851165e-05,0.009379446019967671,0.17097495179057248
60,0.4133273512886228,0.3542739527178265,0.0002777447948533973,0.014210434229207158,0.21791051696949015
61,0.24543045676286918,0.513783881764109,0.0003696288048385189,0.008618099061872655,0.23179793360631068
62,0.4863730916276096,0.3352445452779953,0.0004107313077644192,0.01274070970997231,0.16523092207665827
63,0.353225008319045,0.41797910070475636,0.0003031450086017508,0.017402952365942515,0.21108979360165436
64,0.4150608005967432,0.33545383732787387,0.0004970170011849804,0.024119898241374733,0.22486844683282306
65,0.40366716708641787,0.4230504607424294,0.0006239335787711768,0.010496510691027982,0.1621619279013535
66,0.3272470143268918,0.5140001153706064,0.0008113471906511907,0.012320557512703778,0.14562096559914695
67,0.07664792541316053,0.5011056002186229,0.0021639306489329353,0.0031720411083180967,0.4169105026109655
68,0.3275950717519949,0.3418292327657158,0.00022550783017238101,0.013361823003067312,0.31698836464904945
69,0.1951832883521823,0.593544087451057,0.0005936636075089896,0.004276366012635819,0.20640259457661594
70,0.13430313620933407,0.43843329633805594,0.0010377289559526423,0.004353631253319464,0.42187220724333785
71,0.027274725137828786,0.2155714842683643,0.00035047272479048837,0.0014755581969387015,0.7553277596720778
72,0.009683193200202373,0.015025513722792495,3.919989042332076e-05,0.001561440695602113,0.9736906524909797
73,0.07859796861080079,0.14034181255516395,0.00016680889914511422,0.003411867873510121,0.77748154206138
74,0.020255402648135728,0.014604003693325247,0.0002537162319390538,0.0007182172535649551,0.964168660173035
75,0.026892779646373148,0.004611330328376692,4.5881360578672874e-05,0.0006747935358949405,0.9677752151287765
76,0.020316860060490043,0.011983006011190655,9.455187974937816e-05,0.001479584308666501,0.9661259977399035
77,0.13353403717567328,0.01517013381049699,8.02749748621759e-05,0.006043653792232225,0.8451719002467354
78,0.18144178152586143,0.00716000273879865,2.1052844475197545e-05,0.0028319529281428126,0.808545209962722
79,0.10387230579741932,0.012425758890301196,2.646624780074046e-05,0.003369850929599724,0.8803056181348792
80,0.0800143142457826,0.026765605788526384,0.0005311090924749777,0.0017443769480048963,0.8909445939252111
81,0.003940671969064538,0.010680538299539521,0.00013402461335037605,0.0002377226699696129,0.9850070424480759
82,0.03823322890741442,0.0057821374331992565,4.225593453823035e-05,0.004284060798530759,0.9516583169263173
83,0.16026868769710162,0.14715892460079857,0.0024146509289287243,0.0035790616368502957,0.6865786751363208
84,0.11157826593770595,0.116784491342707,0.013370255852168509,0.0022620880499548057,0.7560048988174638
85,0.019081932890190285,0.015413969364050631,0.0004868819539552933,0.0013809845961655393,0.9636362311956381
86,0.009766482913761,0.017774910878487215,0.0010737731507310794,0.0007133172734041706,0.9706715157836164
87,0.0016915787429583368,0.004107745673179491,0.0005771485087074803,0.00011964452835171887,0.993503882546803
88,0.0035896809078813548,0.006333673390554598,0.0002286021134963726,0.00013788463951382602,0.9897101589485539
89,0.01859316396788756,0.0324983625734499,0.005770286908339667,0.00030349306089598373,0.942834693489427
90,0.03443260341973006,0.09040506873360273,0.002359669094116741,0.00028223147659997056,0.8725204272759505
91,0.0484223831028192,0.21778895812660715,0.005520671121973087,0.0004650610882923121,0.7278029265603083
92,0.0739354889778095,0.19790047922640977,0.008808226496309317,0.0016633775039343068,0.717692427795537
93,0.014594422719952004,0.04125513644141181,0.008540182027106748,0.0007021763119428515,0.9349080824995866
94,0.04404414932266574,0.1710013533613601,0.004823521450734137,0.002436889627178656,0.7776940862380614
95,0.014886626079887628,0.016028036953099956,0.0008631105981376961,0.0005381615179417177,0.967684064850933
96,0.008292292822430457,0.027834692877658697,0.000476074799586947,0.0002979456468284466,0.9630989938534954
97,0.009632550659636953,0.005455612530088888,0.00012998565666817274,0.0002351460606535878,0.9845467050929523
98,0.035317453750597236,0.02150616961576572,0.0032470294761621347,0.0005788880485548096,0.9393504591089202
99,0.03383075706598383,0.06715131084496478,0.0026509890061627477,0.0009497480104488424,0.8954171950724398
100,0.03356780867275419,0.058995578273732606,0.006793065768882994,0.0010678660879958866,0.8995756811966344
101,0.023282013652317794,0.0721545737664165,0.0019426882133209882,0.000870783038685606,0.9017499413292591
102,0.027471855836479975,0.0398322391681336,0.0004107618806260567,0.00044761527131981053,0.9318375278434405
103,0.08396767066162834,0.33826275046412235,0.008968814655633709,0.0023654755844778677,0.5664352886341378
104,0.12547059422391302,0.6380279570348419,0.0138409208039433,0.003832510291071536,0.2188280176462302
105,0.25024272592654884,0.5453462537020878,0.010817425666552477,0.0052242183165058,0.18836937638830514
106,0.11712318079579442,0.4340112047263683,0.006489237099851846,0.003094431066377089,0.4392819463116084
107,0.07512577884384991,0.20316681538322376,0.0031379851873952324,0.0017218588856415882,0.7168475616998896
108,0.1894207416412944,0.4470685571240377,0.005304401273657908,0.0077896392624235734,0.35041666069858646
109,0.23058286946070955,0.46175030283087,0.01080944839327767,0.013537469969589317,0.28331990934555334
110,0.12899727661536428,0.29965985744348683,0.006413764557596638,0.023278175122263302,0.541650926261289
111,0.09166505565334485,0.11415843769369616,0.008162866889052451,0.023149916937156265,0.7628637228267502
112,0.0923570456670403,0.18928983924053666,0.006220825111558274,0.02519386951857439,0.6869384204622905
113,0.002341828862155575,0.0008792949541339783,2.6917375881644827e-05,0.00045952473987162154,0.9962924340679573
114,0.09452120081538869,0.0386087196492791,0.0006172320876798858,0.011330910556566893,0.8549219368910854
115,0.10756333404721016,0.01441001395509053,0.000135432949438673,0.010560697022819246,0.8673305220254415
116,0.012984132947826334,0.01369567657565054,0.0002948883704472266,0.0009983139132320896,0.9720269881928439
117,0.18491585386194417,0.11764835698590702,0.0007151293501811358,0.004945675984042178,0.6917749838179256
118,0.18033086681129243,0.1449684482393881,0.001649773581506406,0.004968459697212383,0.6680824516706007
119,0.12604972915492801,0.13508034542836392,0.01356830252452391,0.00735728650302381,0.7179443363891603
120,0.052218152866445815,0.10124943309719318,0.004253223387613834,0.0026117331507115914,0.8396674574980356
121,0.0866337069541918,0.18513800025864027,0.009635770965104156,0.008481372161446295,0.7101111496606175
122,0.09144344876783543,0.47337969161704596,0.017390287698258806,0.025479706359594442,0.3923068655572653
123,0.1917980371309142,0.35782534027790847,0.011589681476449747,0.021508817562238138,0.41727812355248944
124,0.12594740497757864,0.17924776890751518,0.0049413374302864285,0.01454752595486141,0.6753159627297584
125,0.039557611873980984,0.024496472468831045,0.00040660141015876874,0.004290389250315381,0.9312489249967139
126,0.2931458090112323,0.31857369369014804,0.009841774491368764,0.009725006423988106,0.3687137163832628
127,0.2485976024738596,0.33323923436782166,0.01926755456600949,0.015810503038802062,0.3830851055535072
128,0.24074888473015707,0.481298353731979,0.015921219612371255,0.03104007141044827,0.23099147051504437
129,0.2016312675912463,0.41836941066334293,0.013357415424050514,0.020238333263756465,0.34640357305760366
130,0.1879199676161077,0.509896245618655,0.07239605652217285,0.033788892497155644,0.19599883774590884
131,0.09137890688228675,0.23820563531567734,0.0061570232628159844,0.01531806751549981,0.6489403670237202
132,0.263315449759107,0.45566910830686636,0.02164536237534393,0.02345381032353355,0.2359162692351492
133,0.14953063280975867,0.6407079478868877,0.03253684315488008,0.021162207890238066,0.1560623682582355
134,0.33920876498692765,0.46603408954568776,0.05017126913137582,0.017251336907492414,0.12733453942851652
135,0.17022802802426754,0.6250153738316734,0.020392720898734035,0.012498880236215882,0.17186499700910926
136,0.18271070149246277,0.6268572908315095,0.028793820517261735,0.022896265375858794,0.13874192178290712
137,0.2784923443110244,0.49737767337879785,0.061750606585521256,0.02606197372394094,0.13631740200071554
138,0.15339755107377157,0.6672955737192309,0.04909047091032509,0.020005571294082616,0.11021083300259002
139,0.15498998796946906,0.6162615706193133,0.03694912819427556,0.010959605871826743,0.1808397073451154
140,0.21409498616662243,0.4799857524783991,0.020738824541483847,0.023067323167459613,0.26211311364603496
141,0.2689540397851707,0.6014272566603687,0.034542362071261455,0.011391473197425754,0.08368486828577335
142,0.2536473176235268,0.556871042318438,0.01187000302114403,0.007430732831781561,0.1701809042051096
143,0.28694029835007445,0.590063278648739,0.047351812175816445,0.016933484426605933,0.058711126398764205
144,0.15394534212298305,0.6508268859039301,0.06945098482650565,0.023465082265463774,0.1023117048811173
145,0.09435806486254106,0.7639489003465909,0.053897639703786984,0.020053528271920314,0.06774186681516081
146,0.11765380926190995,0.335045341129325,0.006534404189124033,0.006354734976165957,0.534411710443475
147,0.0897796289831031,0.787593371668583,0.01550724184075452,0.011483558304686524,0.09563619920287297
148,0.12722623438825137,0.7311103528619789,0.06471414113613361,0.006191579760863892,0.07075769185277236
149,0.17224347533730122,0.6715872482478009,0.1314348384584539,0.003990038369537149,0.02074439958690686
150,0.10960313731218048,0.7562243672523925,0.08861147184193402,0.0040658772384685035,0.04149514635502457
151,0.22074321201677385,0.546434746040212,0.19056086419713836,0.0054429896531536775,0.03681818809272199
152,0.2767813797964533,0.5525824536970059,0.15622139837093757,0.003227931303356382,0.011186836832246886
153,0.11540607404594475,0.6288775485518052,0.2014766614788011,0.017480973937101595,0.036758741986347404
154,0.1420347642043781,0.4711445783259611,0.2998722815551838,0.018620887765365714,0.06832748814911126
155,0.1299775064281612,0.4803686729896756,0.33956793994151047,0.008479153623975154,0.041606727016677586
156,0.07208324157433493,0.3385788154946132,0.5541599456056128,0.0101359601590608,0.025042037166378168
157,0.04882861645635331,0.26775614129885345,0.5957664820871307,0.005422894619923112,0.08222586553773954
158,0.05584601147996119,0.5399259480197909,0.37565815386598134,0.0102813564713133,0.018288530162953193
159,0.038960301336610284,0.41000831887593003,0.5102920204536551,0.004832727750091823,0.035906631583712836
160,0.030531844062969403,0.20083141858432246,0.7507445873489759,0.0024414279976331978,0.015450722006098996
161,0.01717363501225667,0.17843018873257785,0.7878327958534047,0.002956756107651782,0.013606624294108898
162,0.017833549563797978,0.15777337057931776,0.8021051864079479,0.0019414486011749448,0.02034644484776128
163,0.009799273860986482,0.08834743439364832,0.8836100284783158,0.0015723846894681764,0.016670878577581205
164,0.007752043238926239,0.0654870896952192,0.913177321312454,0.0012013058117055048,0.012382239941695199
165,0.013306031023109822,0.09038805304353796,0.8719571369253477,0.0025418824963792997,0.021806896511625217
166,0.0070941837123059594,0.042159821853899444,0.9339654195514582,0.002749290795137292,0.014031284087199159
167,0.014833242363836523,0.06987133569682502,0.8680501633654696,0.002817081015126902,0.044428177558742045
168,0.006974571119431433,0.05488554869812804,0.9153137255646934,0.003160701017483862,0.019665453600263377
169,0.008226335930216216,0.07177462075648428,0.8937290036781171,0.005874325741193518,0.02039571389398871
170,0.01033755360610539,0.02958245509292929,0.019565680699459385,0.0018370189037173231,0.9386772916977887
171,0.13082864999040295,0.5891711171107927,0.07530038748696294,0.0177720481815258,0.1869277972303156
172,0.16092739707804615,0.5505389831815684,0.1515870528881949,0.02245802184936385,0.11448854500282671
173,0.203857774433645,0.5247819021149134,0.10312242434743367,0.027246503219554418,0.14099139588445353
174,0.09075924158725149,0.5771389675081676,0.05064546599170479,0.011654783891946043,0.26980154102093007
175,0.10603267452933335,0.46053288189715946,0.04026836033006679,0.011394514500875051,0.3817715687425654
176,0.08646162371762968,0.5554511164051723,0.12950443852782945,0.015430240077182314,0.21315258127218623
177,0.063687412826472,0.5115066106360319,0.337442055620392,0.016923702161292624,0.0704402187558116
178,0.04325515721909398,0.3952282731463047,0.5050988886435007,0.014024736115294749,0.042392944875805895
179,0.0692973137289736,0.42303500720561554,0.48192767814532433,0.006329114988942067,0.019410885931144428
180,0.0183692265689776,0.21410945711234994,0.7493230333268331,0.005266901643783471,0.01293138134805596
181,0.025081465712101195,0.2253164702901802,0.7148821709839934,0.003789975848531748,0.0309299171651936
182,0.01960293199207438,0.17607083861371922,0.7826646089124955,0.002866763954894376,0.018794856526816592
183,0.02728582678928458,0.21616432330345786,0.7332354852540452,0.0037481955691636877,0.019566169084048474
184,0.01630471200611745,0.11699598060377628,0.8525291226539374,0.002869428584606376,0.01130075615156231
185,0.013156097211399858,0.1355618615398148,0.8268596280345204,0.00503936352499246,0.01938304968927256
186,0.013939507651790752,0.08278867921622463,0.8803237494334162,0.0025708540520046233,0.020377209646563765
187,0.0075821371756276575,0.14275281978054816,0.7913510937422373,0.0016197603657770816,0.05669418893580988
188,0.06259866506064253,0.4295221964168193,0.40782861429700784,0.0055773651346585846,0.09447315909087166
189,0.024245690454145267,0.1956328914737199,0.7432363663633355,0.007354295099377771,0.029530756609421605
190,0.018244312108336408,0.14860194491042314,0.8002369839475536,0.007260524600862412,0.025656234432824315
191,0.007623299713280903,0.10132166648305634,0.8717185535246712,0.003340003331737258,0.015996476947254274
192,0.003250809410384372,0.03751553583259574,0.946164011254046,0.0027654583386746714,0.010304185164299207
193,0.006935770359392858,0.09439428869314723,0.8792652982634936,0.006355338588983531,0.013049304094982873
194,0.04001986727414885,0.1706816130400448,0.04016757443376969,0.006215503583142789,0.7429154416688939
195,0.07215592810987796,0.6849451236190058,0.18974260998551093,0.016706725820786077,0.03644961246481915
196,0.09223225066822437,0.6448528888179272,0.17740210243463223,0.05455705267925989,0.030955705399956145
197,0.12809376394077898,0.7477446210393526,0.06565883131507207,0.028527033489685286,0.029975750215111202
198,0.0652737163646843,0.6990082722517285,0.12792684818463698,0.08238567791240095,0.025405485286549314
199,0.063239678197701,0.7486766873382698,0.0792052013353134,0.06411508946628716,0.044763343662428734
200,0.08584545645086622,0.7277247404284076,0.05689980522758601,0.08575112627027096,0.04377887162286909
201,0.08772692068250885,0.7205441200149179,0.055234613390233514,0.048843491852966894,0.0876508540593728
202,0.1479321854606137,0.7216883574688187,0.03576405951663319,0.04447473718062718,0.05014066037330724
203,0.12080284362235955,0.761149147890826,0.0378422939997086,0.036253161054051575,0.043952553433054216
204,0.09827296681521171,0.7392190888292474,0.057064560772892244,0.03885349090013805,0.06658989268251059
205,0.08761422243444192,0.709679977057732,0.13391879017212352,0.02970289582310205,0.03908411451260049
206,0.07919846476843727,0.7600945321103184,0.08227487519121864,0.04096120443271289,0.03747092349731267
207,0.06467485600502851,0.721250642177541,0.17558785770953494,0.018195667401681246,0.02029097670621442
208,0.036060843172920395,0.28959097878220424,0.6145562014828218,0.0370815612624403,0.022710415299613377
209,0.020359478093163935,0.25104105896642864,0.7184517374690659,0.0020001300821643505,0.008147595389177193
210,0.012779988804498743,0.1334542342155359,0.8309953636904786,0.004073696047117756,0.01869671724236914
211,0.013102809600565165,0.20362431019416877,0.7672003736101988,0.004432281625946247,0.011640224969121045
212,0.016968360746268073,0.18631171406756097,0.7810811005849393,0.004009387537005162,0.011629437064226351
213,0.014039680875784,0.1549196135786134,0.8058405806657248,0.0029176468615655293,0.022282478018312287
214,0.006129063033961065,0.12141058375924575,0.8491360947680238,0.001837929353350368,0.021486329085419194
215,0.004288444444663005,0.04786736724869307,0.9380751834216795,0.001116038664869553,0.008652966220094822
216,0.001461674111884137,0.01876339088393962,0.9710951663282811,0.0003479031651811388,0.008331865510713948
217,0.00533156406933238,0.057518603062469746,0.9241613881404929,0.0012489342336676782,0.011739510494037552
218,0.004965902450131298,0.050759272196402555,0.9297331170453503,0.0014659016206199887,0.013075806687495717
219,0.0016919309033779912,0.021746256663922672,0.9676840604887069,0.0005948540826970293,0.008282897861295362
220,0.007479262469664903,0.061100268838900795,0.9154048264497777,0.0025493734050069813,0.013466268836649531
221,0.0035710201981755895,0.03793432672906555,0.9469785446715041,0.0009781626296618952,0.010537945771592908
222,0.004010556431893768,0.03119447381309542,0.9518307341455791,0.0007341782319089799,0.012230057377522986
223,0.0036290693296642694,0.02963326033809044,0.9505932980892131,0.0007892439292099279,0.015355128313822202
224,0.005507546167486115,0.03104600360980648,0.948156790621928,0.0009429887566963524,0.014346670844082997
225,0.006689738207577126,0.08041592492820862,0.8968821134044015,0.0023053404645720153,0.013706882995240746
226,0.004285673627028297,0.03881533909112959,0.9470569285966179,0.0008905543393031092,0.008951504345921164
227,0.0038825463617373577,0.041435394781150665,0.9427072472990489,0.000989718783320093,0.010985092774743235
228,0.002713001948665164,0.03311062177273758,0.9538368263990765,0.0009561669596595818,0.009383382919861358
229,0.007074859364571939,0.05579621043415878,0.9208284127976691,0.0026006890392113774,0.013699828364388876
230,0.006075397570127422,0.05373419063023163,0.9251491779871304,0.0036986519321110644,0.011342581880399617
231,0.008637989528540974,0.08698936927776942,0.8564008419250565,0.013047760586869545,0.034924038681763726
232,0.013368733105652963,0.1285828963710199,0.7960046421939553,0.024191566383435427,0.03785216194593647
233,0.01444688672925741,0.09788966048960247,0.8034320729394668,0.024083111342593427,0.06014826849907972
234,0.006723300553631498,0.004447635056624693,0.0006474847200669902,0.0018132160856382078,0.9863683635840387
235,0.42646960250637084,0.3071088615652264,0.026594432612065046,0.01757184177546111,0.22225526154087663
236,0.4093374617198685,0.4298749080945988,0.0735985443071804,0.02542649289500127,0.06176259298335114
237,0.33331038784857997,0.5551099037768442,0.039408393894697934,0.01160297329170552,0.06056834118817246
238,0.15815076544073817,0.7594741904960081,0.04478397540761938,0.00881383504508835,0.028777233610545926
239,0.2880949224882516,0.6017126816950791,0.02792145557419385,0.030472517518999938,0.051798422723475616
240,0.2439465981999188,0.6843168880071119,0.040166458173633096,0.01783118948785438,0.013738866131481954
241,0.1431610151336878,0.771499149840821,0.06593320087722687,0.007530539027689238,0.011876095120574824
242,0.18832705142487544,0.7396492610373309,0.05392557573981235,0.008268101470903745,0.009830010327077561
243,0.13132136635170782,0.7322384347261883,0.09001457804663683,0.016615473703247716,0.02981014717221917
244,0.1460503625913879,0.6610996993485728,0.1649612876536702,0.013781045511924448,0.014107604894444533
245,0.08605482128315765,0.6985466038227567,0.16027710430738284,0.040950232334032,0.014171238252670984
246,0.07412602845863167,0.6300027510159755,0.23026931352901786,0.04402270925164716,0.021579197744727878
247,0.06460366406275941,0.7290510699555692,0.09811298679721679,0.01534925511311103,0.09288302407134337
248,0.22334809800734678,0.5910725760887637,0.03564980252002542,0.07303192901286014,0.07689759437100407
249,0.15380864132450484,0.7194476749872706,0.053173397624783174,0.03144061046340977,0.042129675600031696
250,0.3238250344441401,0.6279850217545588,0.011240312845538414,0.02056608006699237,0.016383550888770332
251,0.18289236002251316,0.779350389169547,0.016343687410158503,0.01438894707686004,0.007024616320921277
252,0.19365537558631818,0.7465765618250131,0.046854825154164115,0.007602859143118947,0.005310378291385663
253,0.18791407285565254,0.5673706864163962,0.04781948077372747,0.1757270738863778,0.021168686067845797
254,0.14975411666916963,0.5818538942845789,0.04817435644494691,0.1926428003005561,0.02757483230074848
255,0.18562328188804997,0.6048251728835923,0.05543145591165105,0.13268993913843033,0.02143015017827623
256,0.10346031919540993,0.5768902068090102,0.06648472897364623,0.22257115982518821,0.030593585196745356
257,0.1491259524367175,0.4671659813588724,0.07290444558484291,0.2558703929233431,0.05493322769622408
258,0.12181712809871319,0.6715502582995574,0.004479653166917939,0.041696682704127394,0.16045627773068397
259,0.2758668167365741,0.4331314835692905,0.0026029697269701066,0.11255605968105713,0.1758426702861082
260,0.3459278688156835,0.3543405904411137,0.010006834815466648,0.2057796950140055,0.0839450109137306
261,0.2937027682183732,0.3230553104629136,0.00788788606969539,0.3664896242667581,0.008864410982259728
262,0.15517156713459643,0.4880543172521362,0.005931607507876881,0.3397993295154841,0.011043178589906418
263,0.04048029514717129,0.6149451270878323,0.0035046118252761074,0.33844545720138325,0.0026245087383370094
264,0.09362613860574553,0.2781661265015676,0.0022993469379345697,0.6160019628537902,0.009906425100962148
265,0.07574471890800144,0.13769624659530896,0.0004599828838413009,0.7679442773996973,0.018154774213150978
266,0.061287519845228726,0.11326235955764564,0.0001953005360899187,0.8133472273175317,0.011907592743503994
267,0.1008441739851644,0.12387868276733978,8.793182931195615e-05,0.760346682514187,0.014842528903996868
268,0.1677786752481239,0.06417494879074026,0.00015272999864676364,0.7534155004233101,0.014478145539179121
269,0.1326844264605381,0.12207235332237637,0.00030641204356335154,0.7266941684076788,0.018242639765843453
270,0.11662394703116694,0.1520480487177797,0.00032050135560118923,0.7083527092368328,0.0226547936586194
271,0.03900808131689252,0.08408551705000104,0.0006734370679002071,0.850948759014034,0.025284205551172386
272,0.061009214702693354,0.19985424795279946,0.00014556350978719767,0.7225700083339677,0.016420965500752248
273,0.1004128007272943,0.07664692175349168,0.00018041153538987594,0.7952850256560523,0.027474840327771945
274,0.08086620902710588,0.10848650716694454,0.0002232778911246919,0.7905525131991621,0.019871492715662697
275,0.05063135520267397,0.1396628980178799,0.00013559722842505963,0.7915538742990044,0.01801627525201668
276,0.10637093856921763,0.11294471501758153,6.21491771128899e-05,0.7689226225040304,0.011699574732057537
277,0.08569046834870435,0.13642696855105915,0.0011136970160956008,0.7376875021579145,0.039081363926226416
278,0.09368570360963012,0.06690681877396189,0.00019046011644975226,0.8200125635116207,0.01920445398833749
279,0.12393546974907502,0.30324261860471097,0.00011586386513397737,0.5573117564575437,0.015394291323536301
280,0.11715955289105315,0.21143756269461192,0.00020456867418130296,0.6541126663295649,0.017085649410588766
281,0.08363533667102739,0.25087403812450104,0.0005700886061460425,0.6518150040841231,0.013105532514202397
282,0.04928914442557072,0.3290876458224697,0.0010530425607801883,0.606041058229821,0.01452910896135836
283,0.023667517197755776,0.5807919946877348,0.0008829538963952674,0.3891695485044688,0.005487985713645474
284,0.02864387776987749,0.17412213430438903,0.001459432689978835,0.7874308524484374,0.0083437027873173
285,0.051484266075952106,0.17972620538498726,0.0004490725355898166,0.7600682042574459,0.008272251746024977
286,0.06972251705658042,0.16415429651333568,0.0004884858135500875,0.7551228435794458,0.01051185703708786
287,0.04662893185109102,0.1528855253555114,0.00036231383450759726,0.7793712108409481,0.02075201811794197
288,0.03908723892278206,0.1410896467250256,0.0007759898069263939,0.8037748967274182,0.015272227817847853
289,0.04324478076685849,0.28616600936818926,0.0008584176642854934,0.6393102150970225,0.030420577103644285
290,0.0702687591896323,0.3891111711119046,0.0007044624255920889,0.5209093277995015,0.019006279473369612
291,0.1040553638702635,0.4095441060203842,0.0006504236828992735,0.463658271415844,0.02209183501060909
292,0.14393960122658725,0.33497821430230623,0.0008170373989978548,0.5030385059641994,0.01722664110790931
293,0.07513783640371649,0.46154041150150765,0.001782463282089728,0.4480843431758276,0.01345494563685858
294,0.04528291589384856,0.2385300998824166,0.0006206550701563924,0.6962022457829571,0.019364083370621326
295,0.041472421863645775,0.23767622943819017,0.0009636122124332335,0.6994429378530053,0.02044479863272559
296,0.10241126093738227,0.1335950930731877,0.0024698094343756556,0.738134341537045,0.02338949501800933
297,0.047510574830199305,0.1676682437438412,0.00017915460354735286,0.7768895996751582,0.0077524271472537475
298,0.03512213682362847,0.16194214831683026,9.759337402391998e-05,0.780199223236465,0.022638898249052377
299,0.04816629542933776,0.21156401068387892,0.0005009268533198514,0.7236186675910766,0.01615009944238694
300,0.053034467305107524,0.3711098039466798,0.00122594626659973,0.5545986505702034,0.0200311319114095
301,0.05313795703322176,0.26153017158192104,0.0004312132360240834,0.6507818550782485,0.03411880307058467
302,0.02712374001133771,0.2863832928872244,0.0007691266807789727,0.6695505056066049,0.016173334814054086
303,0.04845477137824117,0.2946344512794301,0.0003492294617789342,0.6459374526716318,0.010624095208918001
304,0.04695388179369798,0.15520338677799406,0.00022454361560806792,0.7767779968982385,0.02084019091446149
305,0.08743796978795909,0.17349869073533278,0.002520252217252344,0.7046097625237926,0.03193332473566333
306,0.05513498262801215,0.1650931632039937,0.0010434826985438956,0.7673908018598062,0.011337569609644051
307,0.059242490216978284,0.46583284191048197,0.0038300826862342745,0.4626569835763609,0.008437601609944539
308,0.1405370393520956,0.2541697014116955,0.000663391023399195,0.5639224539689451,0.04070741424386465
309,0.16423406333849752,0.4457357757970244,0.0007619935060193022,0.3677431076902309,0.021525059668228024
310,0.19397718011838214,0.5397587223977469,0.002034072422231094,0.2541094812472598,0.010120543814380038
311,0.35789739873231985,0.48491065343848816,0.005355393929871792,0.11266521631932629,0.0391713375799939
312,0.27066860060282666,0.6506357057285265,0.016541483565212102,0.04621452679604037,0.01593968330739413
313,0.1613407014034576,0.7443473922258682,0.02025052502112653,0.034307735745879295,0.03975364560366833
314,0.15832416383204215,0.743212673418088,0.018877127346310668,0.05093683262264743,0.02864920278091165
315,0.16982539305947547,0.6585158707374996,0.08625319245535099,0.0612801622105433,0.02412538153713078
316,0.10024343729370477,0.5667000440360919,0.29823060031236653,0.019422403417819162,0.01540351494001768
317,0.055173381648174945,0.5933145872827428,0.3057672294105711,0.02459350284670044,0.021151298811810784
318,0.028694436193218948,0.30160386501541475,0.6587017593584916,0.004237683508809981,0.00676225592406481
319,0.01824129715392597,0.22548055573784562,0.7298438525094644,0.008505301825829028,0.017928992772935037
320,0.029435275442012965,0.13124370105988947,0.8245276589164614,0.005241446662000171,0.009551917919635916
321,0.009256642950959272,0.12337797977458236,0.848711743944651,0.006479825614644472,0.012173807715162993
322,0.007555317622821314,0.10191777293580032,0.8804511553299744,0.0035442802543624156,0.006531473857041467
323,0.005447602699263778,0.05662600537142401,0.92412936389505,0.0033646223684507272,0.01043240566581135
324,0.007811066324839029,0.0900712358268229,0.8881285866739064,0.003520178504073161,0.010468932670358446
325,0.005513295221229701,0.05730491939260204,0.9247489517716959,0.003264779506557724,0.00916805410791465
326,0.007553396646686698,0.0869590160490468,0.8902227430621431,0.004081978413048669,0.011182865829074793
327,0.0064626743518392095,0.05638930271845429,0.9245212243714365,0.0032162853789691657,0.009410513179300828
328,0.025146492755219987,0.1694520640361276,0.7389313445352715,0.018986369569111254,0.04748372910426953
329,0.014114361403450187,0.13442664106712043,0.8033155567308751,0.025345284630583758,0.022798156167970512
330,0.06233422676375211,0.4435489686956582,0.21244657750022478,0.021091449046531426,0.2605787779938335
331,0.22154142192659915,0.13506717982378838,0.012818285025606052,0.022005588083635105,0.6085675251403713
332,0.14328018188650898,0.2873507125190726,0.015346974428488992,0.00853653951571,0.5454855916502194
333,0.23352490795084202,0.5276130886460183,0.055432895024362654,0.01600591240237004,0.16742319597640695
334,0.23018507729191537,0.5145778677252532,0.021799979497150408,0.004664710655026171,0.22877236483065488
335,0.22012342318320635,0.5583620271752913,0.025500375708275787,0.013823904929593251,0.18219026900363341
336,0.18787679253088282,0.5397761365602187,0.0804776693285319,0.060750193789671704,0.13111920779069478
337,0.23354781002743957,0.614140951238668,0.006872930509779816,0.0054596118435052,0.13997869638060753
338,0.09032866551936028,0.6888241969545332,0.08779287125350746,0.02421384986107722,0.10884041641152156
339,0.10866858857480773,0.7968668316462809,0.0351094812531527,0.016638324380752224,0.04271677414500643
340,0.13634382967638045,0.6671573964376619,0.12965045201486192,0.023259760045829067,0.04358856182526656
341,0.08517891279673172,0.7415410607201298,0.10680595983357738,0.032029582755143594,0.03444448389441751
342,0.03248406489114239,0.8107821505098484,0.13764336829922763,0.00854088666316892,0.01054952963661261
343,0.10268679329003744,0.6330468584387605,0.034419756967363754,0.011597756300189848,0.2182488350036485
344,0.1273477033154486,0.7297726189733549,0.04518055661102959,0.01479080266689799,0.08290831843326898
345,0.21521735510866893,0.6671942288751664,0.030480481896302418,0.009541917564887745,0.07756601655497462
346,0.16812687492283837,0.577486307943777,0.17874202334140948,0.025149334475230854,0.05049545931674444
347,0.08797876602843009,0.6841648532852541,0.1708739949506311,0.021442642271411842,0.035539743464272806
348,0.07712861478625586,0.5334259000135825,0.3417395411137658,0.022234417794073293,0.0254715262923225
349,0.027302866716883596,0.25963016411907075,0.6828182966347076,0.01074449637408499,0.019504176155253183
350,0.02032929000391803,0.27079213463526963,0.6700816132774317,0.019027833542235032,0.01976912854114556
351,0.01406281171609103,0.125125302887225,0.8502203861284856,0.004839800266051883,0.005751699002146561
352,0.026854864689158577,0.2224301538304131,0.7162975031501854,0.01370390930101892,0.020713569029223985
353,0.02751164526576059,0.21276270781350473,0.7284233387233465,0.01252764053934941,0.018774667658038757
354,0.014543520081459396,0.1446523374659499,0.8210414236706776,0.008692588191942116,0.011070130589970816
355,0.021432929567981897,0.18540454555050412,0.768724913531949,0.009920389574885776,0.01451722177467919
356,0.010419553768713041,0.17674334544582335,0.7908018207888776,0.009112477321562118,0.012922802675023902
357,0.006510470270041978,0.10516915854575377,0.8745573641201192,0.0063440119947083436,0.007418995069376671
358,0.009645816250863968,0.1339266196296669,0.8334485970410032,0.007980366380220942,0.01499860069824492
359,0.0033243765959267554,0.04403159025636836,0.9419481928067744,0.0031958883568593143,0.007499951984071208
360,0.011018555388824474,0.14544688816922974,0.8208425885296229,0.009223114000058572,0.013468853912264548
361,0.012614922807885206,0.1391806524577873,0.8172067325127482,0.011117171107427775,0.01988052111415146
362,0.008988118969058418,0.07145864289402636,0.9039881296890347,0.008050060809730877,0.00751504763814959
363,0.018944721664591508,0.16930506455241168,0.7853329603166691,0.006009958589094713,0.020407294877232984
364,0.039539258470594564,0.3638751233721678,0.5717990510468638,0.008171778150260177,0.016614788960113726
365,0.022407503497314737,0.25359035117722195,0.7045507541791716,0.009308943064315015,0.010142448081976648
366,0.021310836716182353,0.20374870567166473,0.7542962514723454,0.00937228903057434,0.011271917109233169
367,0.010829083836162644,0.1801973187896565,0.7955865646026522,0.006582318766692313,0.006804714004836347
368,0.011104838936304047,0.12785279887566778,0.8448446120634633,0.0060770600559766986,0.010120690068588338
369,0.009684152465650605,0.12256575566182057,0.8533367127795616,0.0053613977657401635,0.009051981327226982
370,0.012963103763083276,0.1975571887768409,0.7750690958366812,0.006903047340188319,0.007507564283206256
371,0.007209163367847449,0.119065444409583,0.8560104597877668,0.006070512733896669,0.01164441970090621
372,0.003364310453724563,0.05043210858663759,0.9370128760534516,0.00345572959467307,0.00573497531151328
373,0.0017367577866364882,0.02709086114305017,0.9656615332045706,0.0017267580568117388,0.0037840898089311734
374,0.0024887601663870565,0.037894320507093085,0.9528877775453053,0.0021211506580094183,0.004607991123205235
375,0.004091943777421079,0.056193899551571835,0.9304348100690116,0.0035042603248982974,0.005775086277097076
376,0.0023520374575113447,0.03398637805942789,0.9575173929789242,0.0017234497111629746,0.0044207417929737125
377,0.004176906873999824,0.05647368563238762,0.931461847950704,0.0035489279129191772,0.004338631629989357
378,0.001116123217433814,0.022332887278334337,0.9712190924803654,0.001355093586652278,0.003976803437214128
379,0.0029432916794830894,0.041261081226544316,0.9460818158100122,0.0025342871563194054,0.007179524127640969
