epoch,N1,N2,N3,R,W
0,0.005566506953633233,0.0005138499579848824,1.9290938007530685e-06,8.755676724156806e-05,0.9938301572273397
1,0.0037731172149192875,0.00014069276224200247,5.069070523775814e-06,6.009958668968213e-05,0.9960210213656253
2,0.006407828524770657,0.00011582502744607949,1.6103611548841253e-06,5.727528706848655e-05,0.99341746079956
3,0.015971153226278727,0.0002881821081856476,2.8991593841668894e-06,0.00010460753865113454,0.9836331579675004
4,0.00720125564141153,0.00022274735427539857,2.077524218413589e-06,0.0001183863202684023,0.9924555331598263
5,0.01490112345356502,0.00021209035744803968,1.1940780950167806e-06,0.0003598867531969903,0.9845257053576948
6,0.017534072637435037,0.00029228344167200757,1.8346734033835498e-06,0.0003167650776712706,0.9818550441698182
7,0.042970658270965474,0.0007716060854203306,1.2034904988753262e-06,0.00048660393673709664,0.9557699282163783
8,0.08703137231441832,0.002531615675393876,4.579647493738985e-06,0.005447620879467313,0.9049848114832268
9,0.23133175623763894,0.004340491583082649,1.5782710979564917e-05,0.03018627507145587,0.7341256943968429
10,0.25587536124333804,0.005571745227982691,4.9096901018234956e-05,0.020849783570583102,0.7176540130570779
11,0.28327209057762853,0.006265304828633031,5.8845703531985744e-05,0.06628467723996985,0.6441190816502367
12,0.32251333709748176,0.013194893330140504,0.0001071235877810702,0.1322192500407535,0.5319653959438432
13,0.07483827082029045,0.009882382214361529,3.4211751407087974e-05,0.05384735766230798,0.8613977775516329
14,0.6091494743207313,0.03176769379823634,0.00012101047514779814,0.09289267762822931,0.26606914377765517
15,0.5822378158511239,0.07482621780473765,0.0003955851229492011,0.28467207860698823,0.05786830261420106
16,0.7547903171570097,0.08235705873743403,8.060329531514189e-05,0.06953272397867886,0.09323929683156225
17,0.28016657963559427,0.6009711048374036,0.0006869007432608181,0.08971290242272881,0.028462512361012302
18,0.18896924147680202,0.5829349886655689,0.0014043802346563362,0.19552843851475396,0.03116295110821881
19,0.134067260404142,0.7585526566554514,0.0014208743114970232,0.06647647702305397,0.0394827316058557
20,0.09340250033304472,0.7797824631153946,0.01363761100353078,0.06738462119270798,0.045792804355321806
21,0.3258010759322888,0.23863989353240547,0.00035968629252850105,0.055717802482459396,0.37948154176031784
22,0.13844732261327983,0.8073618155918924,0.003727152495354494,0.011451242570129787,0.03901246672934338
23,0.14744976279560978,0.7960581396527213,0.007474166488600548,0.017582863650947037,0.03143506741212147
24,0.1367940312309864,0.821436801141984,0.007161121764950311,0.00962310821843947,0.02498493764363984
25,0.045770731504732244,0.841719000216503,0.04127123823522798,0.038965534463406976,0.03227349558012965
26,0.027323899112718392,0.889633543508933,0.03605362334637579,0.021673995647065125,0.0253149383849078
27,0.16045600056178239,0.7588826674314909,0.006980124909330567,0.04647507494137182,0.027206132156024142
28,0.05707447123372979,0.7034239025424447,0.2028288212116534,0.007893250971209381,0.028779554040962715
29,0.0951689317463134,0.8587303712574867,0.01458847767896518,0.009829660104630718,0.021682559212604077
30,0.11390594947493252,0.8489056463128126,0.013008328888943783,0.012534322770510703,0.011645752552800462
31,0.01793414007156865,0.9132267518358486,0.046709354583482014,0.006342104463070863,0.0157876490460297
32,0.05615138035205263,0.8828424371784965,0.024239808865941306,0.01842440762110161,0.01834196598240805
33,0.07800434512092701,0.850669525234048,0.018974950403418366,0.025238989683668205,0.02711218955793842
34,0.06676633519035062,0.7783200811266034,0.04645657103491165,0.03540287898637813,0.07305413366175607
35,0.03105973382262767,0.841765300424321,0.04207868343107078,0.013888689804425654,0.07120759251755518
36,0.12917396540652715,0.639824955075533,0.018597347263555275,0.09682331600124763,0.11558041625313707
37,0.051414023061649064,0.7965516537656564,0.05978006381075986,0.02060521932946977,0.07164904003246494
38,0.026774343344004442,0.0070839572485465446,3.095912542315937e-05,0.005702909790627315,0.9604078304913984
39,0.5451839454480655,0.08486264822283898,0.00016391501063467385,0.0847152808177975,0.2850742105006634
40,0.4007501516272297,0.0458836752449253,7.089140974326988e-05,0.01904529428606981,0.5342499874320319
41,0.4574761004611247,0.024336144974672104,3.976311803007999e-05,0.003357603919723983,0.5147903875264492
42,0.8486830599275985,0.11138241220086288,0.00010432415080620974,0.008054401337018402,0.03177580238371407
43,0.779075930693076,0.1548613135277745,0.0002438133935971853,0.0074724542011916405,0.05834648818436059
44,0.39573161012460184,0.5657088369694399,0.0006953703986358428,0.02057199346425074,0.017292189043071886
45,0.18906996660174688,0.7470355843999152,0.0034955265296405806,0.032793230464386286,0.027605692004310955
46,0.07040964598175016,0.8424911066212293,0.06855639648742312,0.007997347400027607,0.010545503509569907
47,0.13549151374317936,0.7821206788666667,0.022275164723434906,0.03253175341357681,0.027580889253142036
48,0.05769350024892622,0.8562918708966649,0.06007717683203324,0.011940654103858101,0.013996797918517665
49,0.05587244349247494,0.916145429055334,0.00955700372801007,0.00327208001044627,0.015153043713734519
50,0.738301433438477,0.11728497420341018,0.0008803656898614352,0.01691025747075925,0.12662296919749216
51,0.39162183148538965,0.5902933095022465,0.005760771498518789,0.0020844260000031415,0.010239661513841815
52,0.1763963867162835,0.8101109395434005,0.006919440106365251,0.0007277653198114356,0.00584546831413919
53,0.06660031494777063,0.8524312091646057,0.07686440302939562,0.00040921017840916686,0.0036948626798189066
54,0.03228943235749898,0.8469715081641689,0.1137531637997109,0.0014509377523883244,0.005534957926233005
55,0.01480225524951464,0.8722499877585079,0.10547065415245233,0.0011292846662085208,0.00634781817331683
56,0.003188461316937883,0.8360245485135338,0.1555080925727189,0.00040460852446223345,0.004874289072347156
57,0.0069591281094288845,0.8649652516060392,0.12184878977168165,0.0007675211921044031,0.005459309320745925
58,0.0027021001962651567,0.26955818372210516,0.7236893297189381,0.00013492379488238613,0.003915462567809202
59,0.002526390791442211,0.26144671213467396,0.7307772509065201,9.537587875897946e-05,0.005154270288604598
60,0.001593944773256641,0.4659995462618631,0.5218706482326321,9.847103780280043e-05,0.010437389694445357
61,0.0010498283698498188,0.2945713046390343,0.700533481829223,5.5454836178229605e-05,0.003789930325714827
62,0.012447414135085735,0.7296928682063721,0.24607235695060356,0.000885814482629398,0.010901546225309214
63,0.000818427286625189,0.06890111693593817,0.9284264756171412,3.163223763833233e-05,0.0018223479226568478
64,0.0018397712171412113,0.3622768204606421,0.6302060075389849,0.0001540406433897758,0.005523360139841935
65,0.0015643583329091244,0.29533701413901303,0.6974453270724226,0.00022435193277952833,0.0054289485228755235
66,0.001802069141728694,0.2958062745131942,0.6950596933119969,0.0004723856086688684,0.006859577424411288
67,0.002298700740780885,0.41425671445817824,0.5723919841584284,0.0005644111761208713,0.01048818946649159
68,0.005840374739395226,0.3561427860123312,0.6266069694686016,0.0008665740577225336,0.010543295721949368
69,0.13995946079676475,0.6468273218786494,0.043339200452319336,0.01911325841369944,0.1507607584585671
70,0.2993634743201865,0.4890995911805857,0.05129370347705524,0.033208718892277146,0.12703451212989542
71,0.044153592503457274,0.6387343341900983,0.18886457403258172,0.004352567999832912,0.1238949312740296
72,0.0021712331031615993,0.0019973629324166625,0.0004074152280764716,9.51593129911777e-05,0.9953288294233541
73,0.001991949275944622,0.0008773754284896164,2.7039374705549232e-05,2.539901796079097e-05,0.9970782369028995
74,0.039224345537343844,0.0015836895170163717,2.932764713551413e-05,0.0001245072035017963,0.9590381300950025
75,0.814646736148292,0.008112268522051122,4.08664135171909e-05,0.0005869175116669212,0.17661321140447292
76,0.9296169757374297,0.03039983122428109,0.00016855355938669034,0.001436831245991701,0.03837780823291077
77,0.7057736230994186,0.2562317036489179,0.0004317792285495721,0.01379697494024996,0.023765919082863914
78,0.3151107261374533,0.6180454500822797,0.0010325962981368763,0.03809731122003468,0.027713916262095357
79,0.05671785902533977,0.8852068765032637,0.017148166700495026,0.004165752606897277,0.03676134516400397
80,0.27768695765212525,0.599268447737682,0.006726456407502844,0.0913004014142958,0.025017736788394147
81,0.08975170083514902,0.8601377000076584,0.02226324113600467,0.023882814239744008,0.003964543781443728
82,0.127807909579148,0.8400017687858724,0.01612330417960066,0.012069591134299488,0.0039974263210793785
83,0.03105724984345234,0.9328157608751827,0.02808001593396081,0.0038937603959478284,0.004153212951456291
84,0.023791238372342156,0.9337687836832514,0.03751680512481386,0.00251443048799699,0.0024087423315957038
85,0.00626978752713867,0.5263898404038344,0.464224133620802,0.00022464374773616987,0.00289159470048865
86,0.017539346806919487,0.8528359498935522,0.11428370923005293,0.0033274205610916547,0.01201357350838369
87,0.0075580340948109516,0.8281688014954487,0.1553093437600432,0.0013797210098658989,0.007584099639831224
88,0.007786848517539445,0.6900390228854887,0.2864650530828201,0.002409763925862612,0.013299311588289004
89,0.008565892117045122,0.596529020189614,0.38200871836885975,0.001273078254995407,0.011623291069485675
90,0.0007980215201469462,0.21141112826233602,0.7849359281263746,8.103567048731318e-05,0.0027738864206550305
91,0.003208408364916884,0.7468128527214505,0.24160823372933019,0.0007024477735472242,0.007668057410755366
92,0.0015319580400764065,0.2712840641971223,0.7202017804840469,0.0001290861836768677,0.006853111095077534
93,0.016406725282618086,0.7745560652616484,0.19579798651722435,0.0019293963496988765,0.011309826588810214
94,0.004049091331329933,0.7016258119147919,0.2855283618967488,0.0006061567735299576,0.008190578083599387
95,0.003698477334003603,0.7044637836132102,0.2870946032335831,0.0004043477426549272,0.004338788076548198
96,0.001532037693957404,0.42226337403344194,0.5724686953854713,0.00012847935828259863,0.0036074135288467726
97,0.002210497733336819,0.4657767055461485,0.5260638222429688,0.0003628921901470037,0.005586082287398862
98,0.004177974535837595,0.5634660818105676,0.42625546978187856,0.0009181305788494837,0.005182343292866827
99,0.0039075545210434945,0.6354136474518997,0.3535830945674536,0.0014454859497606875,0.005650217509842321
100,0.3263988672295745,0.5452941500543698,0.02772475554746777,0.0795630479405021,0.021019179228085733
101,0.007029310224754759,0.7262147798009656,0.2583173580974293,0.0016772522529980988,0.0067612996238521055
102,0.014350619046990445,0.5736979146495272,0.4043683306091639,0.001227768367658463,0.006355367326660065
103,0.06691862628673179,0.8675275323186987,0.03960008734924538,0.014895471756050596,0.011058282289273434
104,0.025940040439586837,0.7337535945302415,0.20505677951135104,0.026308814028650967,0.008940771490169514
105,0.059682666409282846,0.6250683915753417,0.09198279888209086,0.20897848184665518,0.014287661286629378
106,0.3283007875598268,0.24856091713331419,0.0006355913154480563,0.17148869297269917,0.25101401101871174
107,0.05753976461109936,0.86724478542611,0.034491910215558974,0.018962565490972357,0.02176097425625932
108,0.31847205756365454,0.584178442196119,0.002569682941034354,0.0750929729294219,0.019686844369770168
109,0.10923027905452563,0.8488323807648553,0.009611788868689774,0.015901810290094957,0.016423741021834304
110,0.1262554285084874,0.830078954505608,0.006459256731723531,0.021540705448595255,0.015665654805585624
111,0.12788463818721468,0.7995853433799531,0.00401313590635496,0.03351483830039416,0.035002044226083155
112,0.035429453837735214,0.786742235574365,0.09331599675465836,0.0024934274463233124,0.08201888638691808
113,0.009286383956173705,0.042566097813918825,0.0005889830654796905,0.0009827248622932372,0.9465758103021344
114,0.00036897651700230964,0.0006671277640371083,0.00019595889749422565,4.2979418962377774e-05,0.9987249574025041
115,0.0015559767612310833,0.0004492843078440196,6.622883877212904e-06,8.600724462358436e-05,0.9979021088024241
116,0.0035864359064971952,0.00012944918316004904,5.729159839683678e-06,7.415505831395648e-05,0.9962042306921892
117,0.02696023502892659,0.0003378590382142609,2.973539281537813e-06,0.0002603700349417658,0.9724385623586358
118,0.014452069654088058,0.00018159410649529886,6.900876623683093e-06,0.0004263032494831117,0.9849331321133098
119,0.006393024801706038,0.0002566622686853538,6.344891868076126e-07,0.0005377165026872077,0.9928119619377345
120,0.43090604416533956,0.00266482360696568,8.235666066932293e-06,0.008561037843366358,0.5578598587182614
121,0.47948366588332414,0.0065443309630408945,3.6187802539764046e-05,0.025384842508413708,0.48855097284268145
122,0.7866589144006763,0.026337671798101345,0.00017183907333240096,0.09789949922446381,0.08893207550342619
123,0.6571109104962461,0.026865193756576443,5.058462311539251e-05,0.12482874613265664,0.19114456499140547
124,0.24861687241722386,0.44953948618125456,0.0006134624768008923,0.25002918530592727,0.05120099361879332
125,0.5998539250279111,0.21804534324782665,0.0003106054131453627,0.14638132989560212,0.035408796415514705
126,0.23389456177967854,0.7377069780004634,0.0006053876523170434,0.02030822375093645,0.007484848816604592
127,0.04262340733282143,0.9153512284471533,0.003328847101483525,0.03572350217666851,0.0029730149418732885
128,0.05032029192997724,0.9260954578648084,0.011597110317751487,0.009020364496298448,0.002966775391164601
129,0.049422489697022176,0.9278110602698043,0.014375667511345237,0.005561527381302294,0.00282925514052587
130,0.03039927929760792,0.9432698076241712,0.02210074627895316,0.002141982487980176,0.0020881843112875954
131,0.013149113063853052,0.9452065632814342,0.03857733758348318,0.000706873759425153,0.002360112311804641
132,0.008187612758151967,0.7480716966085766,0.24162893852507555,0.0006311050891743702,0.001480647019021561
133,0.003949003203917851,0.7655253871554976,0.2266407202587416,0.0010547589698502449,0.002830130411992741
134,0.00692922141517,0.8459793069913928,0.14166899680349615,0.0019714127537321996,0.003451062036208795
135,0.002968381679309201,0.7861336694799568,0.2069190487928022,0.0006352374345987558,0.003343662613332842
136,0.0038540328171737773,0.5913915199340032,0.40199280389815106,0.00038639529010836484,0.002375248060563782
137,0.006317774028840436,0.8374710220930595,0.15020812965279484,0.0011782971796471468,0.0048247770456581055
138,0.00045618258661174693,0.09745797283698562,0.9012186317276442,3.64416860478881e-05,0.0008307711627107167
139,0.0014050780239958692,0.1762558907673094,0.8208064254454376,8.100969025822706e-05,0.0014515960729988963
140,0.0026264187660843185,0.406627866449283,0.5867569897712595,0.00023144069932856277,0.003757284314044625
141,0.0018260507947986367,0.4143237952367546,0.5805255061705146,0.0004026562114724384,0.002921991586459749
142,0.005054038017239409,0.626430240486914,0.3625143632051287,0.0017979161244352738,0.004203442166282811
143,0.003337706664706054,0.3687377026759016,0.6248276144888443,0.00038611310294850394,0.0027108630675996294
144,0.003496626412654496,0.40712583229224,0.5859530829284758,0.0006701546307215937,0.002754303735908207
145,0.004842928281575087,0.7215899431481523,0.2676277341550333,0.0017463106845924076,0.0041930837306469295
146,0.018788422180306453,0.6225116681659151,0.3497593243140142,0.004775391827710686,0.004165193512053665
147,0.009274018336363649,0.742090137535317,0.23594738706005447,0.008392947671849952,0.004295509396414969
148,0.007764562954396335,0.3680624165668569,0.6159115598924094,0.0049665274569946505,0.003294933129342826
149,0.32836536295478097,0.3146549662767274,0.0014596617827070967,0.26954592923057463,0.08597407975521006
150,0.0730435210759692,0.7783048147863293,0.04600518654871603,0.08149985619300594,0.02114662139597956
151,0.1718753677164862,0.7200213581827765,0.001691258289919284,0.09410171097331319,0.012310304837504723
152,0.5272658900249071,0.20712314807621757,0.00012798875129293145,0.22410696765964758,0.04137600548793495
153,0.06611509287522964,0.7382322941718525,0.0006002356723399929,0.18913010914844466,0.005922268132133298
154,0.17762446487854744,0.2185923828609296,0.000693079647424791,0.5970594140812797,0.006030658531818573
155,0.15896385369356386,0.2365679948961838,8.750665150231413e-05,0.5895873352243791,0.014793309534371085
156,0.0808948598223282,0.044432808430229946,0.00024904894198850806,0.8688174855553981,0.005605797250055167
157,0.051877975068408466,0.250807189097982,0.00038541830933336795,0.6938828407581988,0.003046576766077455
158,0.04762112085672641,0.35441757888541414,0.0007842780828774771,0.5933194803851235,0.0038575417898585374
159,0.029034152025627924,0.023101145314647405,8.382652401031495e-05,0.9423040397275604,0.005476836408153718
160,0.04029022044447827,0.03438002322217205,0.000248225908191909,0.9205896025683156,0.004491927856842166
161,0.024739827250849503,0.023680305734135734,2.9151189643671558e-05,0.9459758873664104,0.005574828458960817
162,0.07486817704195262,0.04092058497431047,6.116578345265732e-05,0.8748714949594899,0.009278577240794311
163,0.04151337339092242,0.02503241742047531,0.00033369483182065245,0.9284536346634626,0.00466687969331914
164,0.0521584967005026,0.019554254910534044,0.00018598045540135013,0.9194501788946726,0.00865108903888933
165,0.022445106456820973,0.017957766216246385,0.00012389168610206386,0.957116054387856,0.0023571812529744195
166,0.043752388260907674,0.015556815015308176,0.00012260697861049376,0.9198951431756676,0.02067304656950621
167,0.08886169861363499,0.02324976822026548,0.0001307120491816706,0.8807682080867945,0.006989613030123473
168,0.15057188015152292,0.02522491059411985,0.00012443807562693073,0.7887146878264457,0.03536408335228461
169,0.10331935799355507,0.16832813930915103,0.00032867499989774657,0.7196095874956078,0.008414240201788336
170,0.04614466800224285,0.020081026546153544,0.0001304596323829331,0.9277390233726228,0.0059048224465977515
171,0.07869060682938177,0.028461753641885662,6.802325529983014e-05,0.8853578974862238,0.007421718787209012
172,0.034420997142859094,0.0231144741344357,7.033214169872005e-05,0.938932444137255,0.0034617524437515665
173,0.03792309133544595,0.028453457551715237,9.686977853362377e-05,0.9298233539071259,0.0037032274271794493
174,0.032286372660939804,0.059434425994986675,0.00019074777689144902,0.9050318691651169,0.003056584402064998
175,0.032739867456682274,0.00987860248795477,4.351793002265789e-05,0.9513844730146193,0.005953539110720991
176,0.08659438720262326,0.04111241358655788,0.00011997150181233967,0.860919378833662,0.011253848875344459
177,0.025776641607599866,0.01790059385269966,6.20359112332938e-05,0.9522420493778188,0.004018679250648274
178,0.0371675199664408,0.017848323651643034,7.510553404274252e-05,0.939770483574896,0.005138567272977418
179,0.04188705958610159,0.015246617357811765,7.671858383159607e-05,0.9333691870509324,0.009420417421322687
180,0.053319302315161694,0.018462495913126303,6.548625203653281e-05,0.9213883205049832,0.006764395014692262
181,0.02723649079469501,0.030577956625910292,0.00016253629278044026,0.9330244940890081,0.008998522197606149
182,0.07177567363188019,0.01848375080415348,9.30175810669438e-05,0.8997897375336554,0.00985782044924389
183,0.040576269169013274,0.022481586369398263,0.00012007936885525264,0.9320223002431358,0.0047997648495974495
184,0.06588913633229489,0.017623532764625846,0.0001758507412628837,0.9041632886134701,0.01214819154834629
185,0.028842970842939714,0.02326967160625513,0.00016737946956297238,0.9413123465085402,0.006407631572702044
186,0.0363042417751807,0.012940694088224826,3.178031262045055e-05,0.9334790486050653,0.01724423521890884
187,0.052185452708718445,0.0071223521477996295,6.459240194161467e-05,0.08033589582854381,0.8602917069129964
188,0.6278601211601031,0.03847820905232968,0.00010224094393340554,0.3006332983811196,0.032926130462514046
189,0.6478534580475721,0.13025221377939328,0.00022823870243048852,0.20919543877199528,0.012470650698608785
190,0.5282500227824912,0.21668032465019657,0.000405513095119851,0.2439889623064425,0.01067517716575007
191,0.09073484119698093,0.30884572882429756,0.0003805786133995177,0.5938365093975831,0.006202341967738864
192,0.07673339895552934,0.5244339573791448,0.0007999083429722269,0.3918824882779134,0.00615024704444022
193,0.15195819967728613,0.49552696290952336,0.0005662940529277886,0.346316894825303,0.005631648534959675
194,0.10829533112604268,0.6944592334006282,0.0014648213530781403,0.18976047443458716,0.006020139685663855
195,0.039438625946068125,0.9126481795944648,0.0021108019107390773,0.04234591387687092,0.0034564786718572172
196,0.017751642823030264,0.9637178280839214,0.0033836628000691914,0.013455857540540283,0.0016910087524387928
197,0.018380403610736507,0.9506342336710439,0.012212055566801674,0.016715504810463147,0.002057802340954749
198,0.013579337194365543,0.9506392339225254,0.010583891924773887,0.02289241501446987,0.002305121943865644
199,0.017951073754295516,0.962736147996927,0.006821571466213899,0.01083299845676743,0.0016582083257961622
200,0.04200373136673634,0.914634832885843,0.03254454321440972,0.00838511413768453,0.0024317783953264308
201,0.01891131921784235,0.943445614954746,0.03143324035336103,0.0038013980275679524,0.0024084274464825726
202,0.013679033668165544,0.9265444536358941,0.055485520774099975,0.0024747087905175277,0.0018162831313229798
203,0.002834961210777538,0.9329025670503269,0.0619216284920796,0.0010014278536412886,0.0013394153931745444
204,0.004460897548347045,0.8854168410277914,0.10754260854005478,0.0014373551723744127,0.0011422977114324715
205,0.003326198533487355,0.8270213949802605,0.16685155547895933,0.0013030509077507021,0.0014978000995421617
206,0.0030591397906961832,0.832590004403509,0.16190627239460723,0.0007715657375091591,0.0016730176736785064
207,0.003271133532143819,0.8036322208460355,0.19092312622609178,0.0006263943180670549,0.0015471250776618291
208,0.0029919129313837603,0.7900200909268263,0.20437265114604874,0.0007632014164697114,0.001852143579271486
209,0.0018244734812459065,0.7176273245284623,0.27803394810349663,0.0005908227651253979,0.0019234311216696945
210,0.0034231274671888507,0.6397791269566123,0.35325528174897713,0.0005387985834823962,0.003003665243739397
211,0.002220651193706738,0.6758503646738907,0.3177894839954876,0.0003811224543783392,0.003758377682536671
212,0.0009263989239794622,0.27524135925042026,0.7207671772707364,0.00017669033120238224,0.0028883742236614674
213,0.001246055515689983,0.2645057528385226,0.7308105931685422,0.0003364478899515366,0.0031011505872936235
214,0.0019414820372281622,0.5112805698495808,0.4831570781764682,0.00039963837775660503,0.0032212315589663166
215,0.0027242405708710086,0.4934527424797674,0.49674265478306495,0.0005876350294427837,0.00649272713685378
216,0.001563657576540774,0.29688640634565144,0.6981121022270382,0.0003366378639277586,0.0031011959868418332
217,0.0016792509414907393,0.43029815587870085,0.5643986724513907,0.0005376616041363588,0.003086259124281271
218,0.0005357747554722918,0.09147845478414791,0.9062783519640759,0.00011104722811048842,0.0015963712681933352
219,0.0019115876444756573,0.40656462796373694,0.5866304693343636,0.00047128755279152813,0.004422027504632152
220,0.0029479769852082654,0.34642452879662183,0.6461025927781231,0.0006701846611873371,0.0038547167788594594
221,0.0014240557440420788,0.2154440630040456,0.7790038543304344,0.00040459535540827063,0.0037234315660697815
222,0.0007098455167730399,0.2160758164535005,0.7808008763310524,0.0008126007932284599,0.0016008609054456362
223,0.005047258704529984,0.507890833090385,0.4800549986025544,0.001683414835886175,0.005323494766644597
224,0.003132455194320973,0.5909881555370156,0.4004206281647634,0.0014100303615554473,0.004048730742344667
225,0.002384556146289632,0.5998911427153486,0.39403509802898035,0.0008127943525392264,0.0028764087568421744
226,0.0016469473062641971,0.5333996962422896,0.462226469880995,0.0005500164866218154,0.002176870083829336
227,0.003630366934390223,0.3843414311134046,0.6057762604857903,0.0016769626448339787,0.004574978821580992
228,0.0068975596361824645,0.644160094764853,0.33898071816268305,0.004035119740773428,0.005926507695507968
229,0.010074220922422416,0.3703518932789102,0.6105741980292437,0.0013108467754748246,0.00768884099394894
230,0.0026687772639151608,0.4676116489089788,0.5242568532785927,0.0009811777885376056,0.004481542759975714
231,0.002685069543544653,0.1939048396407369,0.7991931525771814,0.0004751935040374779,0.003741744734499778
232,0.0015445243170666477,0.16265139997352723,0.832201140766123,0.0004203291476554735,0.00318260579562783
233,0.006644025804138851,0.6150431659631062,0.3700156990678118,0.001691166477226524,0.006605942687716678
234,0.0033988599173314493,0.3909792278377297,0.600458510396347,0.001168386359648982,0.003995015488942916
235,0.014992793709909785,0.6794356318123513,0.28107835592102065,0.01246010491581963,0.012033113640898582
236,0.012055732691625284,0.4871411691207832,0.4937524252907185,0.0026286853843250292,0.0044219875125482535
237,0.0043127306642999986,0.2699913025115734,0.7188262227045388,0.0029376656193243625,0.003932078500263427
238,0.013313664232181353,0.3543028211097436,0.6204654738963397,0.006355149319119484,0.005562891442615815
239,0.004607832503749137,0.20649434736866934,0.7832762897503102,0.0020345563481697754,0.0035869740291015867
240,0.005894209176634744,0.14723456608202248,0.837733100011874,0.001541458248170194,0.007596666481298454
241,0.006589580225579718,0.19165644269295104,0.7916589705832875,0.005115872449591903,0.004979134048589865
242,0.006370258554694878,0.23665297321918993,0.7449384603552048,0.005721411865396332,0.006316896005513935
243,0.0017511120580451665,0.20333862520903118,0.7916482232751556,0.001107640829953964,0.0021543986278140634
244,0.005480963199339055,0.2844855019333169,0.7026539214494129,0.0026978949872260563,0.004681718430705225
245,0.002957014197463974,0.1517374207915675,0.8411787145518085,0.001101635825439554,0.003025214633720439
246,0.001055953953437968,0.07841048700643274,0.9179916398174134,0.00048563656455208803,0.0020562826581637665
247,0.003278310357931128,0.1912973476073526,0.7998338658849866,0.0016186135210001333,0.003971862628729585
248,0.0019834874201395897,0.14825828119681667,0.8453001212563285,0.0006291325350078992,0.0038289775917073206
249,0.0012582773116416382,0.07468030079400952,0.9210554653438079,0.0004226209685319699,0.0025833355820091275
250,0.002888877202960611,0.24589537312135695,0.7455611797876293,0.0013262481897211547,0.004328321698332035
251,0.00047632590999011656,0.05063457836859298,0.9463073604142836,0.00030671597319422334,0.002275019333939005
252,0.0037642072845031757,0.29450210934292226,0.6870834880177853,0.0029435166917053733,0.011706678663083931
253,0.004345747170799983,0.11519281733155752,0.8569981766578125,0.005958718086432041,0.017504540753397937
254,0.0031053939944647615,0.13043137654422354,0.8553455771160958,0.0022048524240131425,0.008912799921202644
255,0.010881575677693007,0.23607465721485604,0.7322318211800404,0.006959330192851528,0.013852615734559034
256,0.017425903911904624,0.18733745927952353,0.7693744826100601,0.004598778912382762,0.021263375286128892
257,0.0160644013285842,0.10199846407412339,0.8586174149558361,0.0036746110731894787,0.01964510856826689
258,0.11038492997527871,0.06605800218360591,0.0009472099929811745,0.009432338711410406,0.8131775191367239
259,0.6105817320682236,0.034782328684542556,0.00028920322356978506,0.007030898034592902,0.34731583798907106
260,0.8470081739400335,0.13242110557381828,0.0005432065423163248,0.004314445858839673,0.015713068084992194
261,0.7659176090208287,0.21743036228017573,0.0010488143218500983,0.0036501861806635615,0.011953028196481853
262,0.19879914209436278,0.7755947794189644,0.0038890284159454357,0.01838986036024263,0.0033271897104847218
263,0.026723599671609744,0.9286552790375768,0.01903298469604044,0.023865750513054028,0.0017223860817191738
264,0.06780442358832758,0.8429571638089527,0.009712964354989143,0.0766746426296952,0.0028508056180354775
265,0.014904264949792585,0.9348160352679523,0.020483075618381294,0.02804859354969545,0.0017480306141783486
266,0.012648301128833672,0.8338181936771024,0.11157545940690865,0.040081251012651926,0.0018767947745031756
267,0.05368277303535912,0.8826023576562212,0.013926520112414346,0.042878910549454335,0.006909438646550982
268,0.1967863236444405,0.7421511178801028,0.006414272622989132,0.03842960428120604,0.01621868157126172
269,0.25924302408196137,0.6769257725049531,0.00267276814024941,0.04250994955446989,0.018648485718366248
270,0.27777354085774797,0.6666258269016356,0.005900316760936447,0.04312575809652999,0.00657455738315004
271,0.2085280716254763,0.73570414068187,0.0032812974199836,0.04850479109943172,0.003981699173238515
272,0.06206343114852864,0.8941492097350404,0.003047124135085185,0.0390322314170427,0.0017080035643031205
273,0.2672083795763694,0.6359245082682017,0.0006680437887259383,0.08274573903113726,0.013453329335565794
274,0.045714898374511335,0.9188462085372121,0.005491131569381319,0.025838382335741733,0.004109379183153444
275,0.05285945167320869,0.9076412307497289,0.006145302274727568,0.03203038145600089,0.0013236338463340426
276,0.05194913488640371,0.9122237266696451,0.012142723874241158,0.020543324702548885,0.003141089867161132
277,0.12075269756391095,0.7774754621305153,0.004316159950737229,0.09357490192066509,0.0038807784341715525
278,0.012873321537274,0.92818697895277,0.04575787363018015,0.011581166370606816,0.0016006595091689788
279,0.04790701653679214,0.916931819295912,0.008467421136213914,0.023868012517510827,0.0028257305135711533
280,0.008581302988513829,0.9294942086900879,0.051073328347717016,0.009511936413502934,0.0013392235601780915
281,0.023601580268510558,0.9262975839039305,0.03629448807387403,0.010254665657399131,0.003551682096285951
282,0.005837959511149466,0.9183611620485912,0.07119332021768424,0.0029081471416204205,0.0016994110809545571
283,0.0051265403680220865,0.8816471870758671,0.108285866606973,0.0025819990247253673,0.002358406924412709
284,0.014114779921572458,0.8805298171665199,0.10155489093364575,0.0019472690471809902,0.0018532429310810254
285,0.007893141641127654,0.7537121018693951,0.2316782484851874,0.0029738108368667156,0.003742697167423396
286,0.0034962790218821074,0.582999512104853,0.4097785205176541,0.00047357875475564416,0.003252109600855073
287,0.0038550057770769005,0.6363534586205482,0.35366011736161096,0.0017022617017226913,0.004429156539041462
288,0.0030318189387485844,0.6707145147308813,0.3224209929766792,0.0013103415527893243,0.0025223318009015756
289,0.004292501577610007,0.6407603424523373,0.34945358678116556,0.0017970237088113642,0.003696545480075784
290,0.0024569836757351794,0.6673990628183618,0.3249090261516687,0.0017772662444803002,0.0034576611097540994
291,0.005969299241784981,0.6665454682118738,0.3198872226907524,0.0019325449267448619,0.005665464928843918
292,0.0035495662254799104,0.623692405785919,0.3665368362951498,0.0023444447655115138,0.0038767469279397974
293,0.004249863371464988,0.7247816961711919,0.2633341559514731,0.005359913396916654,0.0022743711089533774
294,0.002822191424832661,0.49568654131155815,0.4965074091672365,0.00212281782508479,0.0028610402712878355
295,0.008671767781468708,0.784189465394628,0.1962728078926025,0.006618530449924121,0.004247428481376768
296,0.23009938525402113,0.3257694744669946,0.0011833114369774402,0.012847070326710272,0.43010075851529656
297,0.37087324665799004,0.543784297923541,0.007945263569472349,0.0032891390062591325,0.0741080528427374
298,0.11996789218213448,0.847557820530397,0.02703958202235512,0.0017542444314661062,0.003680460833647463
299,0.09410055566657553,0.8317056020944313,0.06717235862745266,0.0015915871842024517,0.005429896427338006
300,0.028180075453320807,0.884313578468274,0.08147346569643918,0.002412677007620606,0.003620203374345422
301,0.00454443579045466,0.8443681505031899,0.14694338253680456,0.0023714885828280304,0.0017725425867228702
302,0.004996782502443738,0.794218270309653,0.1971840181932525,0.00155174924223813,0.002049179752412621
303,0.010269379928258325,0.916375024078994,0.06591399586272256,0.004340399286714104,0.0031012008433111905
304,0.013691074921878361,0.856314102255474,0.12098927994169431,0.006312413223407602,0.002693129657545738
305,0.00912885600735996,0.9560577852491071,0.026218359338595554,0.003260830478246847,0.0053341689266904555
306,0.15894505606395082,0.8084420510018161,0.010223935950497984,0.010468609625474641,0.011920347358260409
307,0.0728754432591457,0.8934804358802365,0.026911146830796213,0.0038842676242964607,0.0028487064055248775
308,0.04748358694868178,0.8883644203515725,0.055089611347760074,0.005617729955513179,0.0034446513964724876
309,0.027247536466103044,0.8780779662500376,0.08691183647188086,0.004817972889461912,0.00294468792251643
310,0.018016012077242665,0.8644252513093758,0.10888192466010414,0.005525810065954571,0.003151001887322885
311,0.1069702076205903,0.8268463880004563,0.043986088400823777,0.017576441081869704,0.004620874896259934
312,0.012014666103018202,0.8127014607528008,0.16677329715766,0.0054582484934526275,0.003052327493068516
313,0.07099835560926816,0.8673731959714508,0.04073641882810117,0.013291192316543842,0.007600837274635909
314,0.18370543610758347,0.644226684006211,0.010125648410149821,0.0144793513449147,0.147462880131141
315,0.3152755934216305,0.3751430991841935,0.004191071872384553,0.011902347398528286,0.2934878881232631
316,0.5901805042321899,0.25170360357093957,0.0027121512360831963,0.004855163270154295,0.15054857769063285
317,0.11024597238694019,0.8694378241044718,0.01211455095088627,0.00048509977783101435,0.007716552779870608
318,0.18747128493301,0.7810155193040411,0.024486995805228787,0.0009465459225257479,0.006079654035194506
319,0.14329384263407416,0.832472654577589,0.005707039670202677,0.0071231553278513935,0.011403307790282693
320,0.0637028282860774,0.9140749399847928,0.009691468704463321,0.007938341837829474,0.00459242118683721
321,0.05474115841353598,0.9246202570950633,0.008364527961052599,0.007444905210575135,0.004829151319772892
322,0.03288464042049225,0.9418249858151827,0.017741241496187495,0.004896963842865257,0.002652168425272427
323,0.040394589554201776,0.9319710115401272,0.01949831227915271,0.0066548659768962985,0.0014812206496220425
324,0.09390984199727753,0.8729044541872865,0.012507961499120014,0.016272866143953655,0.004404876172362449
325,0.023362332220674468,0.9424258741532786,0.02448976242038193,0.007574730474425951,0.002147300731238899
326,0.09278342265364971,0.8790429656367456,0.0046290145250201635,0.018286868504185663,0.005257728680398897
327,0.021951608279418455,0.9147256986746175,0.05472034822747382,0.0062535586089362,0.0023487862095539964
328,0.06334154194622894,0.9030023765067278,0.01220510009361665,0.01730309630368014,0.004147885149746386
329,0.042488618421392156,0.9154212831986281,0.008680884697640091,0.029826975888337545,0.003582237794001915
330,0.061547973597443524,0.8852588942684853,0.011755553712425275,0.03660813544984897,0.004829442971797287
331,0.020573256789802815,0.878072159010135,0.009081096531015853,0.08941027419529612,0.002863213473750179
332,0.027815376621052535,0.7428359551428599,0.0010826226955798397,0.22631289848546995,0.0019531470550374773
333,0.03071538038660821,0.7162421184527709,0.0016517150070038678,0.24803198568318852,0.003358800470428643
334,0.02315232075016055,0.6759157037455649,0.0008397058965902861,0.29784806983260476,0.002244199775079528
335,0.06216521597463325,0.20876367346773078,0.0002645310624270064,0.7228920820637866,0.005914497431422358
336,0.07392775762250063,0.11111970300464509,8.74537260231172e-05,0.8083480921895527,0.006516993457278373
337,0.11461345865641145,0.23345610233102942,5.502791771182681e-05,0.6362069660771045,0.015668445017742866
338,0.08486817231574068,0.04396946964617833,9.222968176146632e-05,0.8661173678850471,0.0049527604712724
339,0.06943751390679961,0.02711101713393262,0.0001027071915144471,0.2469123252308072,0.6564364365369462
340,0.04703160672405941,0.009616508221578062,7.963764188859397e-06,0.00825200110717019,0.9350919201830036
341,0.6418055216818785,0.013884674812857609,1.0995156763378002e-05,0.05479168214353863,0.28950712620496183
342,0.7904008150962429,0.10029038392430113,4.5861418739000824e-05,0.08695213843658331,0.02231080112413355
343,0.5768017399473717,0.2540434148853028,0.00029707786740573017,0.1559743482442186,0.012883419055701107
344,0.1941871561833955,0.26663462541223937,0.0003183362717358279,0.5290286593585038,0.00983122277412544
345,0.0446137473324348,0.27071066768972996,0.00017511453357486556,0.6803646034437181,0.004135867000542136
346,0.02139522579395614,0.5423210124194641,0.0005611561451682796,0.4337562438796072,0.0019663617618044475
347,0.02362014945042286,0.12643259784302602,9.120109411021903e-05,0.8477094596118396,0.0021465920006012865
348,0.02296462975698278,0.04978676219063273,0.0001051584671704854,0.9250206397474827,0.002122809837731283
349,0.021516231777413942,0.05988139543741682,8.846670354158399e-05,0.9167271813262461,0.0017867247553815806
350,0.0166744916112257,0.0188043513604282,5.899264145077705e-05,0.9629567824788411,0.001505381908054143
351,0.02637678807921193,0.007221513929529014,1.6952661062037213e-05,0.9631916657582863,0.0031930795719107576
352,0.023186397127531278,0.010445595326744274,1.7491308995268024e-05,0.9644771291811325,0.0018733870555965727
353,0.05014239177502769,0.02086995025297391,7.77575295051846e-06,0.9213142087724814,0.007665673446566525
354,0.04266811604398713,0.01465242182783076,3.650427639006263e-05,0.9399715314674416,0.0026714263843504683
355,0.029424530982617297,0.02654562741559783,1.606178539035444e-05,0.9400711502532364,0.003942629563158225
356,0.03160349403696813,0.026400991102368102,1.4019737519343337e-05,0.9385806111089495,0.0034008840141948682
357,0.01787291683282695,0.004496589890807801,1.243875013033245e-05,0.975416186667674,0.0022018678585608424
358,0.03911389591611844,0.018047667941357662,9.471593438310577e-06,0.938953619470824,0.0038753450782616676
359,0.017416567903498173,0.011340058519118616,2.9112395276673726e-05,0.9687362130373093,0.0024780481447970945
360,0.017092158307561327,0.011071807388615166,1.6355853360522625e-05,0.9700041386328103,0.0018155398176526527
361,0.033155687689363354,0.004886366415423539,4.8540637900737876e-06,0.9503622543562427,0.011590837475180384
362,0.07437713850465834,0.005314913318192383,0.0001868347268825657,0.8553442412175069,0.06477687223275985
363,0.5708307183642073,0.007760277669938343,1.1067004721173411e-05,0.1872389733457133,0.23415896361541996
364,0.5743575634118029,0.008181944104107157,3.1121095495517685e-05,0.39995439981630176,0.017474971572292764
365,0.5743108850590617,0.023392204751386418,0.00011896030877525435,0.3893622506503144,0.012815699230462177
366,0.2607379004163381,0.04530027570058998,9.775867648018683e-05,0.6881164347742175,0.00574763043237434
367,0.06081564936425948,0.36203520850021365,0.0002300627497208085,0.573103072863162,0.003816006522644008
368,0.046888371641274136,0.5352836657632415,0.00042473197887197596,0.41409008883660525,0.003313141780007173
369,0.026431801861169932,0.5267744627886523,0.0006857426959430197,0.44432652389962884,0.0017814687546058164
370,0.04136514690325076,0.21340034564605365,0.0003020390077028042,0.7421625607411322,0.0027699077018606025
371,0.05661328005423582,0.22601885633497085,0.00019966044242031812,0.7105635259327682,0.006604677235604805
372,0.05744807294320335,0.4277509142533436,0.00024408618801030542,0.511363249416572,0.0031936771988707786
373,0.05314060247604262,0.2023339992824512,0.00023516382279951668,0.7404348045368095,0.0038554298818971517
374,0.0674282345770894,0.20887634425449472,0.00018823293865858137,0.7200265578611144,0.003480630368643036
375,0.0424717613194175,0.1480288570215058,0.00016618158393648865,0.8058264213117793,0.003506778763360916
