epoch,N1,N2,N3,R,W
0,0.0018460607647664254,0.0010250292302285613,7.784947117413415e-05,0.000146306708940688,0.9969047538248901
1,0.009730128468204298,0.007906037201022733,0.00012279450361622976,0.0006523312799271168,0.9815887085472296
2,0.022177247266632734,0.008500363931149418,9.270108547998804e-05,0.0028298137123551254,0.9663998740043828
3,0.01668845533501296,0.007747029326332901,0.00025952731597843294,0.0005262152802537874,0.974778772742422
4,0.07523142606450545,0.013308292973544954,0.00011269438041111488,0.000825732442818836,0.9105218541387196
5,0.07507842431874878,0.04796008913116891,0.0012242767089732163,0.0006848420000625294,0.8750523678410465
6,0.4234275738612907,0.0936628516331153,0.0003944748278259972,0.004922591755532064,0.47759250792223606
7,0.15927538758121668,0.12386764881537689,0.01844755560606105,0.0005088371065626381,0.6979005708907827
8,0.34158450451311956,0.4124448761722975,0.04892797365646127,0.0005866272467158306,0.19645601841140567
9,0.32203290994766887,0.4514038795244666,0.08120560559342418,0.0007261237981642091,0.14463148113627614
10,0.16520161869579378,0.6640581986564391,0.10356965972505548,0.0008841912418711344,0.06628633168084039
11,0.1126922288237351,0.696909945441956,0.0809556385952059,0.0007965298488892419,0.10864565729021385
12,0.06769492034968042,0.7560041423396167,0.15216366327361458,0.00028225727733321537,0.023855016759755047
13,0.09036962970079562,0.7116572831575235,0.14493643750127205,0.00047411244255184023,0.05256253719785686
14,0.09154461659204212,0.744298110783171,0.13166690208994872,0.0002750633050016736,0.032215307229836634
15,0.13098889803274494,0.7038546282324744,0.09705253853445749,0.0007902886378704688,0.06731364656245278
16,0.1577904597082438,0.7052869009484952,0.10809753930424112,0.001021724911284456,0.027803375127735296
17,0.15478235480011382,0.7262040876512155,0.0845060178972167,0.0011541288976279571,0.03335341075382614
18,0.3918928669953007,0.5168831508671208,0.06147264309808663,0.002097581399704766,0.027653757639787127
19,0.2902475306635149,0.6180387676989458,0.07380570935474261,0.00112852661989836,0.01677946566289833
20,0.18281847552570088,0.6541745650079113,0.15042038395586496,0.0007719781590565113,0.011814597351466312
21,0.07992929022126691,0.7212808552615528,0.18626518198797762,0.0003135025467198693,0.012211169982482877
22,0.07791177228556953,0.7128760139855624,0.19556698133464573,0.0007037384613689848,0.012941493932853107
23,0.13502821181188085,0.7406907481926719,0.10471194061019362,0.001099436475196169,0.018469662910057444
24,0.16449369021103896,0.6100448293587499,0.20705321589947445,0.0010567023389724793,0.017351562191764213
25,0.0694276923964082,0.6664747563307336,0.24173874050665123,0.0013738464641959078,0.020984964302011067
26,0.061977254615453475,0.5309430985547333,0.39269772606296777,0.0008403978164529798,0.013541522950392423
27,0.10318515361797474,0.6051177659202729,0.2773247922391218,0.0009317950909206348,0.013440493131709934
28,0.09636978740434303,0.6233493577856052,0.27120837186964986,0.0011940359260225835,0.007878447014379269
29,0.0649678166068134,0.5531062374571701,0.3706172274595747,0.000867369734849526,0.010441348741592195
30,0.0573863590249526,0.5740911222018247,0.36088517791318503,0.0004921158576870374,0.007145225002350846
31,0.07187923055795983,0.5608963048333495,0.35194541151703856,0.0007401655985937011,0.014538887493058442
32,0.09115760707979928,0.5262004790170595,0.3754154942240357,0.0009503893518910995,0.006276030327214465
33,0.06696438955815241,0.5128312054515516,0.4143451437452104,0.0004299280088261783,0.005429333236259483
34,0.09023212338773373,0.5314750512541607,0.3716926939118878,0.0007903129882779042,0.00580981845793981
35,0.03992546112714673,0.36361425987466545,0.5923692070989827,0.0003612856775012206,0.00372978622170396
36,0.0436750456412128,0.44145723732450864,0.5102462175110967,0.0003126019174912292,0.004308897605690624
37,0.03998091008981786,0.45439415327149507,0.5001983566541582,0.000362456669570374,0.005064123314958401
38,0.03949598671057511,0.47740843892626766,0.47834613192760045,0.000474205228819485,0.004275237206737249
39,0.08760682844847095,0.4246370833578225,0.48330971956214996,0.0007473139374404218,0.0036990546941162972
40,0.07608673761606734,0.3475023631235715,0.5728769895024763,0.0004906049945477261,0.0030433047633371545
41,0.07891369682081216,0.40520339820326023,0.5116999192005143,0.0009537156876727933,0.00322927008774055
42,0.05389117703093252,0.3690890787122706,0.5723893148359572,0.0004222982834295929,0.004208131137410104
43,0.04936185651352652,0.5082723238274446,0.43832658767026617,0.0005174910134026323,0.0035217409753601986
44,0.041014477251535425,0.31471443822539097,0.6417227333424816,0.00037077296179021654,0.0021775782188017735
45,0.05278495999476484,0.3973316822093071,0.5462334746896473,0.0005156290158655514,0.003134254090415168
46,0.06170990120027372,0.33647239665601075,0.5990272648284336,0.0004542794589807697,0.002336157856301092
47,0.032698798747770284,0.2801494225085183,0.6838190786706625,0.0003633074456275228,0.0029693926274214828
48,0.033300342473235454,0.27368730105427236,0.6901553229601205,0.0004020243794234701,0.0024550091329480573
49,0.0684971403028976,0.3294676428817003,0.5984435112135891,0.0005855230806089745,0.003006182521204194
50,0.009368418269733447,0.15997980251614766,0.8280565425675825,0.00016108837237452711,0.002434148274161816
51,0.016346721812524462,0.18008439160605777,0.7889304561477869,0.0023270938046639354,0.01231133662896706
52,0.05885220693179691,0.5045294043420491,0.4010900499819264,0.003899869168716978,0.03162846957551071
53,0.025345110714284906,0.21559448875687467,0.7393762897640752,0.0010270157185581906,0.01865709504620713
54,0.033196411936391494,0.23815577127031276,0.7014347290284796,0.00208652412513334,0.025126563639682704
55,0.04942773723301404,0.29802439519917434,0.5957158268167017,0.002554219134057084,0.05427782161705289
56,0.2560266774346637,0.4184496673478458,0.27988624627655584,0.0017637175377930717,0.04387369140314171
57,0.09281190278315994,0.5135899597512693,0.370810499919987,0.0021605214771416178,0.020627116068442124
58,0.023871744130858328,0.29395803290136485,0.6773749127136783,0.00043617791281863735,0.00435913234127989
59,0.02329936815344725,0.38666144762164056,0.5839111946790582,0.0004902262514180475,0.005637763294435968
60,0.02024126421784474,0.45821158761283476,0.506267081988106,0.0014285650260724202,0.013851501155142045
61,0.03529493756973467,0.33280174710276944,0.6211374200634084,0.0015049212264913008,0.009260974037596138
62,0.029196540077268532,0.45793737376853716,0.5069239785844316,0.0011703436152370936,0.004771763954525698
63,0.039093560676519465,0.3719972186188593,0.5766358092008083,0.0017878063083790726,0.010485605195433786
64,0.03934557741841228,0.4412202943602383,0.5083419634187925,0.0012299153306296125,0.009862249471927346
65,0.023552025224398046,0.40284930004931724,0.5685582718357064,0.0006955647357239961,0.0043448381548543274
66,0.019115064445916576,0.39174008910051406,0.5774530144150067,0.001346530605888563,0.010345301432674201
67,0.00883757391910365,0.20587836900512094,0.777550592032502,0.002020312988050079,0.005713152055223304
68,0.04527051111802585,0.29219534820170956,0.6409123550431371,0.005436538030727262,0.016185247606400194
69,0.052838565225709,0.2848021107918761,0.6268727805307269,0.007548236459486416,0.027938306992201623
70,0.026974633188224295,0.2176742002954239,0.7379512532716702,0.002421871869316147,0.014978041375365476
71,0.031210381611021413,0.2025480973953337,0.7416960686315279,0.007828582793278006,0.016716869568839113
72,0.03326724172661135,0.21172754816783357,0.7308959125070753,0.005256077124753777,0.01885322047372603
73,0.05710959317021843,0.2805198091041789,0.632524564467196,0.00886012497951933,0.02098590827888745
74,0.02610515134126582,0.15831047964640302,0.7719768282365432,0.007215357898432316,0.03639218287735579
75,0.05664682493385867,0.4780662231704106,0.3618984824307665,0.018114237905680845,0.08527423155928346
76,0.05742453071832601,0.38135834342372377,0.4975171208738894,0.017462366259430113,0.046237638724630624
77,0.02752240118720108,0.20142751346647894,0.6913779268450363,0.01288208373208705,0.06679007476919656
78,0.13598824847464508,0.5395047367277291,0.1370277332444362,0.027248591194096377,0.1602306903590933
79,0.12817855387781563,0.37598894645944775,0.42445529207139443,0.005750012427002405,0.0656271951643396
80,0.0707454511782709,0.5558931454166065,0.3008559869533991,0.015278898094125958,0.057226518357597594
81,0.09276194207971361,0.5413926606202925,0.28580015851528223,0.018979030558390737,0.061066208226320765
82,0.03368616346738118,0.22980633686497223,0.7243625128785346,0.0030084939064376776,0.009136492882674246
83,0.03308524440058853,0.2801885513041989,0.6127731163007197,0.01990999266624812,0.05404309532824462
84,0.051274575424226164,0.35994844005478344,0.4449850219610782,0.024305150191144907,0.11948681236876715
85,0.028276584416488573,0.15814942948463645,0.7421355638077527,0.009558540155736648,0.06187988213538576
86,0.03842834444223549,0.20949270186426236,0.6652109376239402,0.02014903875928043,0.0667189773102814
87,0.04457518977647745,0.18331455451692427,0.6896185983296201,0.005893210932117253,0.07659844644486079
88,0.041886766390715306,0.3139940503320634,0.5953785335578062,0.014966751444179081,0.0337738982752361
89,0.015225638542629405,0.15078200582027315,0.8003239697406627,0.009064281203635784,0.0246041046927989
90,0.028746022656637442,0.21626169705710352,0.6808721363500931,0.014725855267724656,0.05939428866844108
91,0.012871034206707505,0.13092012519020838,0.814531549605255,0.01103127364494403,0.030646017352885274
92,0.016684847043796476,0.1562985599749447,0.7595251918052216,0.013564119447970712,0.053927281728066614
93,0.008814911290038674,0.1006475097749538,0.8506528671469065,0.0076610411762252735,0.0322236706118758
94,0.013613534603029664,0.10336442996565175,0.8540893281568447,0.008429898948141773,0.020502808326332167
95,0.015203683024032123,0.13824058970123293,0.8096423617656336,0.012550850147882323,0.02436251536121906
96,0.02188041988276331,0.22248678802344754,0.6529692934346643,0.012787092081181846,0.08987640657794317
97,0.027179015759931414,0.21880856444352179,0.6799858160933673,0.02140641028063119,0.05262019342254834
98,0.01992749358604304,0.18075620487853342,0.7236527994829459,0.016422544160238584,0.059240957892239106
99,0.017359137923736487,0.17401166622094685,0.731994978755791,0.01771896136649682,0.058915255733028755
100,0.017046606463097164,0.15240983123531898,0.7473167824440129,0.01236561118399024,0.07086116867358071
101,0.11984437187165582,0.4514713951563454,0.12159031121895555,0.04264153788545501,0.2644523838675882
102,0.027297122976993913,0.264234735067872,0.6132272870135884,0.020753951574827054,0.07448690336671866
103,0.03228722504337754,0.24376572607767322,0.6256953981472595,0.021089080738473952,0.07716256999321583
104,0.027015306292695017,0.14621659150154673,0.7235624537773702,0.016783317796045583,0.08642233063234232
105,0.015471212306567875,0.11945333361451076,0.8054500665443198,0.014964626002533628,0.044660761532067925
106,0.016997836027475916,0.12360590217025219,0.7881327129917871,0.018876610289489528,0.05238693852099515
107,0.0253498977646399,0.13100803860410531,0.7504365394686545,0.025588597921390618,0.0676169262412096
108,0.025553280498399365,0.14832696849782867,0.7378213029244276,0.02755055072881019,0.0607478973505342
109,0.18155549695213583,0.3756001001121026,0.2856509741519153,0.012816432383577605,0.14437699640026874
110,0.06765018301843433,0.28904310466929695,0.49916150446785396,0.028198025690349626,0.11594718215406517
111,0.05288233368366269,0.3494810561474497,0.48491187741682606,0.024344152532289373,0.08838058021977223
112,0.051607016455046825,0.24782705398083515,0.6343531508681202,0.019005792581740812,0.04720698611425702
113,0.03003600986242275,0.13151759023762638,0.786946909418568,0.020599855656420855,0.030899634824961955
114,0.016973359404398505,0.09601375375443849,0.8272721134390254,0.018248822840712536,0.04149195056142519
115,0.019464467786833684,0.1063779575289109,0.7958606753278492,0.016348189324295662,0.061948710032110645
116,0.021075064356721268,0.11874599614917797,0.8032034123855423,0.01924997464622406,0.037725552462334395
117,0.00957094550125902,0.07298418955607532,0.8872111851407404,0.008936352359825792,0.021297327442099355
118,0.02031833260700227,0.20248145081413196,0.7307188306476373,0.011771222876096814,0.03471016305513167
119,0.04527277488944438,0.22163708594879564,0.6166227728362466,0.03090124916095838,0.08556611716455503
120,0.04119548094933094,0.24252190134586835,0.5924014768009375,0.026713114752630048,0.09716802615123316
121,0.07458579886246958,0.3083644182311342,0.45347382491016275,0.028951973595928045,0.13462398440030554
122,0.09245009717834021,0.5287016476376636,0.19367186912540346,0.035516267628549564,0.1496601184300432
123,0.17743179132136705,0.3811935896332862,0.20596524758410872,0.03281326535012054,0.20259610611111734
124,0.18954773426527288,0.3463642154662298,0.08203114439031926,0.05741972980406584,0.32463717607411213
125,0.12127923899573109,0.12144959409491461,0.007750079153655411,0.009620816145147506,0.7399002716105514
126,0.41081909640880004,0.25163976508496144,0.01048710214114161,0.024446799339332928,0.3026072370257639
127,0.14917100172652736,0.1655522052573425,0.00602378855634372,0.009548191814002445,0.669704812645784
128,0.3665476337747396,0.26267060511410556,0.0028987220070137484,0.010255968586512745,0.35762707051762843
129,0.49088641245950165,0.23775870121958056,0.001573635520001835,0.023212849834236948,0.2465684009666789
130,0.1358901192980584,0.3132538405658034,0.008924980778081255,0.04032771855926914,0.5016033407987879
131,0.19056544001549114,0.09121012798243465,0.004988226680431589,0.023168335639894427,0.6900678696817482
132,0.08107048703742196,0.02553439613263236,0.008209272906261493,0.004540589551228296,0.8806452543724559
133,0.3978046201969931,0.2569297846746251,0.0018283154105275107,0.04588782078162767,0.2975494589362266
134,0.4699602333622706,0.16481919572181436,0.0019741755639604837,0.1448726064421053,0.2183737889098493
135,0.6228129868643949,0.1557714437226807,0.004885332552504013,0.028317234317778106,0.1882130025426422
136,0.22826957634707287,0.20535702416636198,0.025411794528151264,0.030412798324211034,0.5105488066342029
137,0.19152993277138508,0.180062811116412,0.026397074581665486,0.049466185567523836,0.5525439959630135
138,0.07118410547006243,0.13320395103331512,0.00473027420117965,0.030462482199841684,0.760419187095601
139,0.16841943752564006,0.046671038379990794,0.00021203075520703676,0.009944183341770671,0.7747533099973916
140,0.3043353035832258,0.24117944160731536,0.004160204783772323,0.04315791271974092,0.4071671373059456
141,0.5545292652128939,0.2579156748773556,0.0023198650875855225,0.026621234019615265,0.15861396080254983
142,0.23543550133070737,0.28010700486612916,0.009336865353433156,0.03917180273742562,0.43594882571230475
143,0.20037865268195257,0.3537457030488856,0.01326431652215422,0.01608344182726422,0.41652788591974343
144,0.2005277872014817,0.28931539396359685,0.021081421484782918,0.027329286643658583,0.4617461107064799
145,0.2840647538119782,0.277034539318269,0.012494122710315126,0.03296370134124744,0.39344288281819023
146,0.09272982515267693,0.11006228165144322,0.0038595253722259492,0.028205127369911674,0.7651432404537423
147,0.13068607384656827,0.10719392621944178,0.006510122502992036,0.011418762499532557,0.7441911149314653
148,0.16301113434639306,0.35942446914018683,0.011548506407222974,0.017778275373577117,0.44823761473261997
149,0.4283331663602272,0.3983825233681664,0.003844939526573619,0.02820480716917787,0.14123456357585487
150,0.3035665245883595,0.4991267972492815,0.016223244003244437,0.06314061166785939,0.1179428224912553
151,0.4932895307313732,0.3166350563068419,0.004554080312633345,0.0501840656115342,0.13533726703761745
152,0.5016643337867946,0.21830359278521155,0.024523305636029776,0.021878484636262917,0.2336302831557011
153,0.25186618482771367,0.17239870225784462,0.011787535990416945,0.03167041772677075,0.5322771591972539
154,0.31696272794147734,0.5683400861130826,0.034007645042375696,0.005121663007846745,0.07556787789521766
155,0.22672102391994425,0.5325470833634868,0.018547041770232912,0.00957178703623108,0.21261306391010495
156,0.47968355451466876,0.4138195146494341,0.011972527612483755,0.005524487929690778,0.0889999152937226
157,0.18189153353584833,0.5753748810724698,0.018465067757362688,0.010096499641721001,0.21417201799259833
158,0.34194091138941024,0.5100763265086122,0.01929057260569016,0.012909271828721328,0.11578291766756596
159,0.399431514829641,0.5265660247217093,0.028090018421894836,0.005298027914676713,0.04061441411207799
160,0.29683823914390667,0.5481787451593508,0.03706750601102763,0.021868376945052566,0.09604713274066243
161,0.3378741376677746,0.5624437113907235,0.02710985996939411,0.015624549764780308,0.056947741207327617
162,0.25511476355391766,0.6506680586002458,0.050340278990593096,0.017223717765964375,0.026653181089279037
163,0.22655565941735337,0.6192303629784097,0.04030855679644429,0.04315203743889525,0.07075338336889732
164,0.0923353572023083,0.7496113730848282,0.10466097714593922,0.01291481572615562,0.04047747684076891
165,0.5414205950019922,0.42443219953722605,0.015734866081352848,0.005889493383076456,0.012522845996352465
166,0.13937634684088834,0.7949467821501652,0.030299299367583656,0.021160083745699516,0.014217487895663171
167,0.19005400601908973,0.7387216302848906,0.04089969424337625,0.016824382391862375,0.013500287060781121
168,0.10938443849584888,0.7792275721642782,0.08358415033056762,0.013332048923327445,0.014471790085977706
169,0.1929372063015507,0.7291009136001728,0.037582860088283085,0.02998250868710726,0.010396511322886121
170,0.1163235831449162,0.7669397215350223,0.07907836431488878,0.027202512991479234,0.010455818013693583
171,0.12301648382019365,0.752539935569293,0.07524732197895448,0.03281355700953829,0.016382701622020608
172,0.07332788185531942,0.5196485313795671,0.343738612384469,0.03357939542436878,0.029705578956275503
173,0.06115995212535815,0.6251979794131782,0.1959649246086151,0.05822038938444944,0.05945675446839918
174,0.07499042486834025,0.42284434803826737,0.36428022409309635,0.05926569787087148,0.07861930512942455
175,0.06171441342921402,0.4385366876916232,0.35669039505799277,0.05933100195598512,0.08372750186518509
176,0.12687220720984163,0.36470841263879467,0.35032196873740823,0.06597966225895459,0.09211774915500098
177,0.14965777385615872,0.5530966790221813,0.19516526478324542,0.05953713972542976,0.04254314261298484
178,0.12241707524733145,0.4123388115855511,0.306833653595917,0.059599753678556855,0.09881070589264364
179,0.09309234297357961,0.33137981252501,0.20470826580679324,0.044285729827893895,0.32653384886672326
180,0.41052021604269484,0.22749951702831628,0.19263511676851702,0.04875850994447424,0.12058664021599741
181,0.3714650094617184,0.259781563928395,0.10326506354116688,0.05462931209806295,0.21085905097065674
182,0.29787037382451337,0.3235463043308542,0.12263309985415448,0.05946510036767925,0.19648512162279863
183,0.17563600879602376,0.10615644580534352,0.007857581343581896,0.014210206256133888,0.6961397577989168
184,0.09481247588211444,0.12909112185574495,0.6732004791334877,0.013994201245052866,0.08890172188359988
185,0.23808324236403355,0.42787868661963074,0.07210824111995255,0.09833830782793188,0.16359152206845132
186,0.30645984820456607,0.38327481189983964,0.11444570959396967,0.060458447646762586,0.1353611826548621
187,0.08297621382377184,0.41134348892626726,0.31788949787633464,0.06592508311044296,0.12186571626318338
188,0.11901340619611235,0.5534380708707969,0.04317403990944784,0.16458066426228735,0.11979381876135561
189,0.11999396592254721,0.6028663873087864,0.08474435638640654,0.16287930120979438,0.029515989172465406
190,0.1379425436306183,0.5323200787592808,0.0702398768877701,0.22302161283893815,0.0364758878833926
191,0.1889606358733174,0.5667743914169042,0.14716080506290152,0.06485888716700336,0.03224528047987346
192,0.1838810467970954,0.586538189945998,0.11814109953679264,0.05712527834993672,0.05431438537017735
193,0.22673380680706803,0.639581729900699,0.047864590048596216,0.05370336661404074,0.032116506629595934
194,0.13883201277545076,0.7230119002992665,0.02584921402417624,0.081545601932144,0.030761270968962418
195,0.1811817820491341,0.7443845917037583,0.01208819743794945,0.03274000873772812,0.029605420071430157
196,0.2592448560946533,0.6031020341670661,0.01871426585091559,0.10293298415677841,0.016005859730586585
197,0.24327971501410822,0.6203178890277449,0.06905327700644619,0.04616448368905791,0.02118463526264286
198,0.44230756285786604,0.4386547740492634,0.053421197788723444,0.050413014910492354,0.01520345039365493
199,0.20732345851049425,0.6349174435174743,0.056760236231180504,0.07869648811440644,0.022302373626444577
200,0.25333849479002224,0.6021313897951343,0.06282303163077818,0.06614674714940542,0.015560336634659756
201,0.2530134148466508,0.6329349134347191,0.0750084247942379,0.03193786895701853,0.007105377967373721
202,0.2500739885252763,0.6064410984555463,0.08622643986584035,0.040161967384615666,0.017096505768721435
203,0.13659294865802896,0.7354252467243456,0.04866692053469613,0.06932871405325461,0.009986170029674689
204,0.0625526211494087,0.8256189833941648,0.06364538491601686,0.03754020140645646,0.010642809133952985
205,0.10477477028628007,0.6310147216557982,0.05240903101486895,0.1904081865583781,0.02139329048467496
206,0.04614807063905953,0.6730884529568941,0.20059477013989216,0.05925788811344355,0.020910818150710792
207,0.08620631621486469,0.5496267361548374,0.08874973151131495,0.2553278635506729,0.020089352568310084
208,0.10562020671496095,0.39729237449193744,0.136585903498225,0.31300407304661454,0.04749744224826205
209,0.13773711148156964,0.5279858229875845,0.07279866895307882,0.18127220075658745,0.08020619582117973
210,0.19463730187104392,0.4907475239844846,0.20184364960231568,0.06292662267616646,0.049844901865989305
211,0.04162327335150618,0.04582372771228851,0.001734429383002335,0.025209091869241418,0.8856094776839616
212,0.20003795948806022,0.11356755318899149,0.0031248647675635264,0.016222934473158798,0.667046688082226
213,0.5993749528601867,0.17693629280702758,0.011711812909346907,0.002974301897437301,0.20900263952600132
214,0.6827001058281517,0.24896100338196173,0.003375171656937271,0.002608145473700865,0.06235557365924836
215,0.7077903999984824,0.2321363875316726,0.014556191501326332,0.004742177845360792,0.04077484312315797
216,0.39486992925769887,0.5039591373354301,0.05542440125944323,0.0054837124316350905,0.04026281971579274
217,0.5782387589447908,0.3788782675117724,0.02026909685557471,0.011069984623675111,0.01154389206418701
218,0.38133725885491665,0.5164235951064899,0.07089632277793469,0.020313512772607754,0.011029310488051185
219,0.22936413920527557,0.6483160830452604,0.07865976941795744,0.03691616666588787,0.006743841665618671
220,0.122662786893588,0.7323097235322136,0.10253062623535415,0.036097846954366804,0.006399016384477563
221,0.23642486344977878,0.6603452980487948,0.08076228075072611,0.017475060300617504,0.004992497450082661
222,0.18330028021253114,0.7157457509472367,0.08972350570218622,0.007334673939965948,0.0038957891980799498
223,0.2035475656656789,0.6893240253149797,0.09094298007598865,0.011825806397150062,0.0043596225462027025
224,0.17266084463596545,0.7551877088652212,0.06024326943197459,0.005452760746425566,0.006455416320413127
225,0.1711419158365232,0.636517952397622,0.17873117464993524,0.006204750025689676,0.007404207090230012
226,0.12037500601132764,0.7848965371826835,0.0792511633730926,0.00833535816583856,0.007141935267057719
227,0.17834289149781446,0.6676110071851815,0.14298303720297956,0.0061365569798981735,0.004926507134126204
228,0.16565115696340713,0.7424849085629919,0.0785788320421858,0.009470142558891375,0.0038149598725237617
229,0.09362031550202041,0.7938556918721891,0.0707330368345757,0.029114191838544728,0.012676763952670039
230,0.045946635400098454,0.7120191624295804,0.20112147189105498,0.0354518378726435,0.005460892406622589
231,0.06449919052467427,0.6837926568713633,0.20478108096849487,0.03962554185135298,0.007301529784114604
232,0.0880673680488128,0.7028494047856715,0.1793288403724667,0.025364609297514648,0.004389777495534294
233,0.14572177307060424,0.6521657343856201,0.13501573663371078,0.058636533915462474,0.008460221994602524
234,0.1963900036385164,0.5711625402386541,0.1850800988131751,0.04057063060996653,0.006796726699687817
235,0.06183793117558103,0.6445195312738264,0.24171020249361375,0.042359020678389335,0.009573314378589437
236,0.1404070353974692,0.671281676029314,0.08009264289274728,0.09876385516635647,0.009454790514113003
237,0.0726040978803317,0.7029669101136267,0.07581277891206102,0.12983022454411886,0.018785988549861646
238,0.07948216509077648,0.48913182855938914,0.2498539729632788,0.15994443940034567,0.021587593986210032
239,0.03635751675851583,0.4421796856599724,0.2772599255058748,0.21708463780192755,0.027118234273709442
240,0.06313083367753156,0.44779653854700846,0.3238741129672227,0.1360702972093338,0.02912821759890364
241,0.050457706949096015,0.3498415050573907,0.32535040043632796,0.25444929591076326,0.0199010916464221
242,0.06263347576920883,0.38817099675665834,0.13500956406157907,0.39008676652157004,0.02409919689098371
243,0.0420573954649106,0.242058910934108,0.43802540272408913,0.24596726566417504,0.0318910252127173
244,0.03939334724259991,0.278476673664725,0.5360570294694809,0.13064268926860284,0.015430260354591446
245,0.03189813626641291,0.21975398267884766,0.5122071748981339,0.2161888002797352,0.01995190587687026
246,0.05787482288946057,0.4239047261674345,0.2622190155272449,0.23789206640592794,0.018109369009932107
247,0.04401198582731506,0.2943855631375493,0.5829788007247895,0.0644565054066867,0.014167144903659454
248,0.06760446539911155,0.3812994850970706,0.31388734761509973,0.19884096742622978,0.03836773446248845
249,0.05729828304062463,0.6212726829100896,0.2521041879800675,0.061365791482055,0.007959054587163223
250,0.10499722170947354,0.478266291118678,0.2134823453217421,0.18302096586999494,0.020233175980111137
251,0.0206257325692069,0.35358358981427446,0.5624681015478719,0.05117274521923092,0.012149830849415948
252,0.04129443939312914,0.4555495208109992,0.44992549080068706,0.028548050789888056,0.02468249820529661
253,0.11802475603543462,0.5443315643253074,0.27982659966552104,0.04324984619627922,0.014567233777457722
254,0.0905786076428973,0.6354080924220364,0.21386364300713057,0.0406861633432132,0.019463493584722505
255,0.04029785511938387,0.3152638261559482,0.5984368179965371,0.03285360038966642,0.013147900338464209
256,0.0647324181665116,0.5882609515628769,0.23339667484159834,0.08923700965295416,0.024372945776058825
257,0.0779256896680284,0.5596068222640619,0.200410620702844,0.1239421100553952,0.038114757309670434
258,0.0679685066931882,0.4640346642653767,0.31246913511378244,0.10842700283562991,0.047100691092022695
259,0.12210637154717612,0.5022270384617619,0.03907439054155853,0.23908595338928978,0.09750624606021384
260,0.17173944984542533,0.467582987339679,0.017172152989723247,0.22892686164012674,0.1145785481850458
261,0.2076393165748716,0.47792328873288203,0.018828400210115444,0.15389117660849724,0.14171781787363366
262,0.2808300115137891,0.5424943085233015,0.011062536262308145,0.06468237411754711,0.1009307695830543
263,0.279101872924854,0.5207362440542092,0.026672127101855292,0.09036050312039146,0.08312925279869011
264,0.22486527435427725,0.6469255490385268,0.026216939843229835,0.06946623898404311,0.03252599777992291
265,0.2447708186508901,0.6272718727631154,0.018014361660727344,0.06963957320619733,0.04030337371906993
266,0.34161348394260066,0.5800535889738194,0.027377052517852895,0.04063565787400713,0.010320216691719796
267,0.3629508982141313,0.5427412394976788,0.015707446942544046,0.040342376371716095,0.03825803897392975
268,0.11426532136604542,0.7055706401191074,0.05214191720459159,0.09592960850993003,0.032092512800325546
269,0.18259823180338455,0.7057603214634385,0.04256233465672544,0.04982769539682814,0.019251416679623483
270,0.3131411556360428,0.5550062329192159,0.023159455424540346,0.0855435164455243,0.02314963957467675
271,0.23660489012521252,0.5933618635455357,0.11251582427617231,0.018431225213126567,0.03908619683995293
272,0.1720385303187972,0.6353253703255154,0.16290872719519037,0.013571121470764606,0.016156250689732348
273,0.20635446787501727,0.7050699396372341,0.06389412800652215,0.013142833094525633,0.01153863138670107
274,0.14683836502743366,0.7644670169800142,0.0557349416207516,0.01767546191926536,0.015284214452535187
275,0.30247290881708677,0.558022109898954,0.11393889169223394,0.013846364102363777,0.011719725489361526
276,0.18912292735895203,0.6942245509892542,0.06951721351750725,0.03240027097689293,0.014735037157393705
277,0.1863850478687741,0.7096556125505032,0.04667882405221346,0.018819492669198207,0.03846102285931102
278,0.15450870398382163,0.7186956291036862,0.09143314119583386,0.013899992703839865,0.021462533012818377
279,0.2915778361043895,0.5892542747347786,0.09847713518642608,0.009159722558879426,0.011531031415526345
280,0.19658503230958188,0.7614237959491913,0.03230665547597366,0.003781662292292911,0.005902853972960211
281,0.17351515392745726,0.7528091735155157,0.05052496124476764,0.008144871149169064,0.015005840163090405
282,0.16122119156321466,0.765950297073472,0.055014470880127106,0.009148513359242752,0.008665527123943527
283,0.1409169421280786,0.7928764709447161,0.04724392412391348,0.009472609628469459,0.009490053174822339
284,0.05052995071553212,0.8770617765663556,0.06208718806192513,0.004742199253709015,0.005578885402478129
285,0.2231933941384065,0.6916297693752614,0.05130641860653528,0.011249977014578272,0.02262044086521864
286,0.1694693184115972,0.7805151866472232,0.0377230930711118,0.007524423109807219,0.004767978760260716
287,0.11305920790893674,0.7687466605681581,0.07699429363495956,0.025304550201932535,0.015895287686013216
288,0.27319901581859707,0.6673549720445922,0.02663280800901099,0.01888053031573766,0.013932673812062188
289,0.2016074898001046,0.7183075873246866,0.06298216723694401,0.012600227806894857,0.004502527831369908
290,0.20732998158301566,0.7071385540440591,0.034314219255020637,0.027960485093181175,0.023256760024723353
291,0.18463638075137986,0.7278682781627268,0.060446725283377724,0.018939888662152474,0.008108727140362903
292,0.2799030915570623,0.6201109018426628,0.052410627703944564,0.04332065398330107,0.004254724913029253
293,0.3105708882686565,0.5957917139397714,0.0321539041832911,0.0344502266266749,0.027033266981606165
294,0.26559988349690866,0.6648340907122925,0.04642030822654765,0.013423214707032444,0.009722502857218786
295,0.3548853633855199,0.5348111738546999,0.05113937677927604,0.053900044989042585,0.005264040991461639
296,0.3357134317190513,0.490298176265304,0.05425950377575506,0.11212054393740209,0.007608344302487545
297,0.20569607950624444,0.5791987235967326,0.10104529860796493,0.10881907473310941,0.0052408235559484664
298,0.09018779388772633,0.7383574241957472,0.12240612064964172,0.045129813718587604,0.003918847548297027
299,0.22825123101020628,0.5912274904318222,0.1065580048668624,0.06852106010265535,0.005442213588453697
300,0.2693992264859078,0.5918515170703036,0.03859792201424605,0.06673885743101887,0.03341247699852358
301,0.3164401035590756,0.5296837900091038,0.07216058767122471,0.06848867142471782,0.013226847335878212
302,0.24666163674011912,0.6536289167525761,0.06540850701174228,0.02919723119136816,0.005103708304194382
303,0.23688879759398854,0.6347269502124827,0.03389155696064896,0.0837518162612799,0.010740878971599694
304,0.25835029626700057,0.5624239394240957,0.11284814875975355,0.0539061369810065,0.01247147856814366
305,0.31010854386006137,0.5931788432590234,0.03410453401628804,0.052743482984661846,0.00986459587996546
306,0.3557473698072282,0.4854539979042037,0.034683851809199466,0.10322825228943432,0.02088652818993418
307,0.1489351152050747,0.7254502055127264,0.04803175431016448,0.06401813387141088,0.013564791100623511
308,0.27135083489758244,0.5924556096000839,0.06330413167784568,0.06246558546187305,0.010423838362614976
309,0.1401205373385526,0.640604518752234,0.1190208962365793,0.09371997081797644,0.006534076854657675
310,0.18583954629387997,0.6977013211190464,0.07201865597864124,0.040382279233172,0.004058197375260524
311,0.21550230224663014,0.6401164420797114,0.03213600808036038,0.10940733081119729,0.002837916782100799
312,0.20614397954867927,0.6436479525444847,0.0801879606266571,0.0642461718768766,0.005773935403302257
313,0.11776919202937375,0.8091282525285561,0.049418027736154446,0.019783073825166458,0.0039014538807492145
314,0.22112682428559566,0.6883729916158365,0.050468728082923305,0.03629028680979741,0.003741169205847001
315,0.19244944268198874,0.667282343569795,0.08184099552897,0.05369706652094858,0.004730151698297675
316,0.3094093825010823,0.4850367267557654,0.025940331103949103,0.17420837585727342,0.005405183781929561
317,0.14758757411197723,0.7084258816394002,0.048951912152536844,0.09212743201543508,0.002907200080650603
318,0.2076581519615342,0.6090213080681693,0.07446752569098193,0.10605513422327838,0.0027978800560361956
319,0.1715968366844508,0.6370456182066633,0.03638581209271388,0.1517243669092503,0.003247366106921526
320,0.2000143834954501,0.6783475756016538,0.09039734999227475,0.025496987292792827,0.005743703617828487
321,0.19395677762796,0.7357241633394996,0.0472885733825791,0.019641059367123914,0.0033894262828375135
322,0.20986997989203882,0.6616573017000217,0.04533683935527621,0.07614261917809095,0.006993259874572495
323,0.1927853545946053,0.6482974921399448,0.05286852985675508,0.09638256859596282,0.009666054812732177
324,0.21705923342162506,0.5972957265497812,0.04959605603291578,0.12872593417191808,0.007323049823759963
325,0.21890583935261698,0.6272464252403839,0.050587507470112585,0.09888706839802094,0.004373159538865654
326,0.23469359228916029,0.6168516479301596,0.04272488906006044,0.09283292762646597,0.012896943094153615
327,0.25551611411708575,0.5592574930638896,0.06259751884378983,0.1190936879342747,0.0035351860409598966
328,0.2754594588435727,0.5788634937204569,0.05056207755277547,0.0896021313818127,0.005512838501382245
329,0.2032467526372582,0.6513085289085979,0.0605471212989032,0.08145658133752968,0.0034410158177108317
330,0.3052093212706542,0.4906467085714107,0.04755474801800281,0.1496015201253023,0.006987702014629952
331,0.29869693875310827,0.5752104911103614,0.059136207150780766,0.06350113461646362,0.003455228369286028
332,0.18456306711099343,0.6972934841116641,0.070140979196509,0.04434303660585842,0.0036594329749748983
333,0.19518661072315524,0.6155803722951378,0.10342822388110487,0.08318368905806542,0.0026211040425367996
334,0.18395570999178223,0.7183189412940765,0.08506963564178457,0.00929768807573787,0.003358024996618854
335,0.2159574490096074,0.7185257398435109,0.04188798985292628,0.01972279134329919,0.00390602995065631
336,0.16532739240119776,0.7570917199207134,0.06066821121471147,0.01397460529700715,0.0029380711663701616
337,0.17200803260046138,0.7639597095273157,0.03478741610461573,0.02556266099080461,0.0036821807768025517
338,0.15924788459682848,0.6831113408621076,0.10672795707014314,0.04388865865510846,0.007024158815812336
339,0.1967459259902226,0.6136091411439244,0.04386351396247463,0.1398395953646774,0.005941823538700974
340,0.14849485967968057,0.648714926384437,0.09906044174729213,0.09993436492149327,0.0037954072670970773
341,0.20511363504277993,0.6058355878769849,0.052124184444400284,0.13010537693632554,0.006821215699509426
342,0.1864092733915797,0.435466269177432,0.0223081229624135,0.3526949282814378,0.0031214061871369155
343,0.22422267078886632,0.4662556384392342,0.042276581356178095,0.26109054224023936,0.00615456717548194
344,0.16986958450337447,0.5467714720764385,0.05389463454938641,0.22579786207139513,0.003666446799405543
345,0.25359943405688135,0.437708510194215,0.017779990536307924,0.2867198637561942,0.004192201456401579
346,0.29813063940708084,0.3115256659656062,0.01693806203105062,0.3669308562435276,0.006474776352734662
347,0.26490578658851427,0.47958183087844863,0.024104825220574378,0.22839666453996202,0.0030108927725004384
348,0.19672409520382766,0.6126794152414139,0.06040699723758139,0.1267287775913405,0.0034607147258365746
349,0.15044973751776303,0.6774230555945168,0.04071032756641639,0.1277170514610956,0.003699827860208139
350,0.16984552385775192,0.6032999228405999,0.054071708402781256,0.16950508022769267,0.0032777646711744392
351,0.14817219904160012,0.5367108658869133,0.04250896181177994,0.26847480971890386,0.0041331635408027485
352,0.25378262969117393,0.5201573749221836,0.035093425824405174,0.18838262936849792,0.0025839401937393395
353,0.23079939731550675,0.4899276641073211,0.045376358819279476,0.23012305785081016,0.0037735219070825746
354,0.18502393574123835,0.6384635581672644,0.06544866323758432,0.10880467923034995,0.0022591636235629966
355,0.14402582302823308,0.6389848302767865,0.0711440811450427,0.13980853544826416,0.006036730101673544
356,0.14649470121315536,0.5611329296192934,0.04127711616491008,0.24816613647021288,0.0029291165324282814
357,0.12721933290661797,0.7465560435803081,0.09039946528754048,0.03307333245150382,0.002751825774029678
358,0.17649257736915877,0.7310453968664772,0.054721319378993036,0.03275772492351447,0.004982981461856375
359,0.11952414290665421,0.7846929841060152,0.07785581234682876,0.015329800491749736,0.0025972601487519805
360,0.1644545925781189,0.7521003856645819,0.0614947130090521,0.018878644289796784,0.0030716644584501238
361,0.22963843431635353,0.7039289317759406,0.03742776427125225,0.02565346239539762,0.003351407241055878
362,0.15865184074296476,0.6891191613392084,0.1200013809383182,0.027076598875329316,0.005151018104179271
363,0.26018542288945745,0.6588855707954019,0.04336669231857518,0.032173323522638894,0.0053889904739265315
364,0.18185976888792382,0.7221255924910029,0.06652676308683471,0.02442387324954333,0.0050640022846951726
365,0.23775771845190272,0.6057786190457561,0.03452330756838468,0.11815622275586475,0.0037841321780916343
366,0.18046751766512717,0.6465659599025264,0.05410368916521615,0.11257903286523026,0.006283800401899982
367,0.19973306634802443,0.4983006049531154,0.030099893029277177,0.2674545002952556,0.004411935374327295
368,0.22738476040034258,0.5154813861790161,0.029320476715765806,0.22015371322909244,0.007659663475783013
369,0.24785915258124472,0.6106850740142715,0.024290336624097526,0.11210587099632673,0.005059565784059517
370,0.22658027789053792,0.36836096711090577,0.020327074873674716,0.3735544193595916,0.011177260765289892
371,0.19565923579338163,0.5118123722589737,0.03253244028010783,0.2566435259634565,0.0033524257040803323
372,0.21098321976468518,0.5593127223885439,0.06505047811200484,0.14556175693494447,0.019091822799821544
373,0.23625180187294445,0.41607136967480685,0.030608370244959868,0.3061567274112526,0.01091173079603643
374,0.23671342242304064,0.5208082672727633,0.04989224242390049,0.18392915830442322,0.008656909575872366
375,0.2382283405795528,0.5551473761762387,0.04879495460699523,0.1523734472641763,0.005455881373037166
376,0.2886802673033835,0.2456661386094134,0.010171965326541186,0.4471937485850285,0.008287880175633557
377,0.1683947279227553,0.6265994853691439,0.03720180776147563,0.1589672980074968,0.008836680939128472
378,0.21217148591723523,0.4735699078365321,0.030198895809388303,0.26653422653745545,0.01752548389938903
379,0.28394288414194224,0.4501448041109674,0.01979443925064433,0.2313653492956373,0.014752523200808798
380,0.09108332410674341,0.03844558419762277,0.0007750074630716404,0.1012626061162816,0.7684334781162805
381,0.121295577814258,0.02805103371251072,0.00012139264644016142,0.12260168103634993,0.7279303147904411
382,0.1753948963846495,0.008083294920046261,7.096839040097574e-05,0.12791865189840954,0.6885321884064938
383,0.0901794392205995,0.004824075098655311,2.5799422022649372e-05,0.014040886072459211,0.8909298001862633
384,0.09626415218553425,0.018397589730579273,0.00021401138577791412,0.13908659150332414,0.7460376551947844
