epoch,N1,N2,N3,R,W
0,0.09399460903533104,0.26552770797157565,0.0770251420923331,0.012367495870178397,0.5510850450305819
1,0.17259264946586236,0.37222696814500517,0.02433195137276863,0.006054307588677717,0.4247941234276861
2,0.1251933498048017,0.07195835668739256,0.07265919186815388,0.0024797227959415147,0.7277093788437102
3,0.10480151525319518,0.07133781211435171,0.013781287461923376,0.003152669216502723,0.806926715954027
4,0.24230371135247625,0.10411015991851064,0.06418920045492872,0.0012614661409234825,0.5881354621331609
5,0.1714195916478939,0.0662626899763712,0.021116496340441302,0.0008498377338767849,0.7403513843014169
6,0.29626211402748776,0.12386917080728403,0.05239139694730164,0.00117664739862419,0.5263006708193024
7,0.2267552035235235,0.23969427489379616,0.11385356927181543,0.0036469747881968237,0.41604997752266804
8,0.21104119473573957,0.3451996346795513,0.14798692696672325,0.003916665970797081,0.29185557764718895
9,0.14237919058016027,0.30739231022365143,0.054266739798564764,0.0055559530502994345,0.49040580634732406
10,0.14226964917589502,0.23510118148231193,0.09938859184903671,0.002927604239545496,0.5203129732532108
11,0.22754389493889518,0.45160430347160635,0.09528191726783787,0.0024226043344408982,0.22314727998721962
12,0.1303146856716781,0.5642686161952167,0.13752344589941126,0.001004864032379094,0.16688838820131474
13,0.08432867763763764,0.5710209464246436,0.23266666379349882,0.0008097321227709449,0.11117398002144888
14,0.09661845088205538,0.5083960563308366,0.18758552002115714,0.0008830065532239188,0.2065169662127268
15,0.14461391357721093,0.5190944204761914,0.15046671785456597,0.0028457856660722893,0.18297916242595946
16,0.029080465675179763,0.438514497453497,0.4275595618524081,0.0013762062186277856,0.1034692688002871
17,0.062238842500457345,0.6171090853584881,0.22956875012054956,0.002542090055097543,0.08854123196540739
18,0.07715140178338693,0.5523400824953495,0.26352008917169956,0.005577019104546241,0.10141140744501782
19,0.13956328239234225,0.6677146072594562,0.11303842542145567,0.0071557157056493315,0.07252796922109665
20,0.22227439854689388,0.5598684234532032,0.02310088123657764,0.062382765470063765,0.1323735312932615
21,0.24138528320195418,0.442804281367708,0.013576623647695841,0.02916138147680576,0.2730724303058362
22,0.18391192520068464,0.4919556173236181,0.02106011555022262,0.03270016920249294,0.27037217272298175
23,0.29130390362269765,0.3052389842350219,0.0029385672865885675,0.020905590858461207,0.37961295399723083
24,0.17150341592307558,0.6053647941977209,0.05857082535519288,0.05356620273900829,0.11099476178500245
25,0.25761923602769515,0.40423064062788666,0.00879276731104477,0.12566349099602894,0.2036938650373445
26,0.16997261845653505,0.5878939763621819,0.03158229118538133,0.06100858372234789,0.1495425302735539
27,0.3230909999081925,0.1646438098696259,0.0027909826250149938,0.08141949876068633,0.4280547088364803
28,0.3766285391882329,0.17527421309592384,0.0011671429457821758,0.10454691267450275,0.34238319209555834
29,0.3144604722294075,0.20840688652126313,0.002743997839489436,0.04554516800557163,0.4288434754042683
30,0.3494197600162229,0.15364668246191474,0.0033549475216666557,0.04410114645092961,0.4494774635492661
31,0.4938488742020131,0.13534506983595146,0.0014234147024266184,0.06976204237982322,0.29962059887978565
32,0.3925838817290799,0.3094500014479429,0.004322786704886161,0.05011143712584367,0.24353189299224742
33,0.389147965817438,0.267821031181591,0.0027142081960653697,0.054056474382608875,0.2862603204222968
34,0.4009387054245529,0.2991903953072005,0.007770238254805389,0.0231324093232271,0.26896825169021427
35,0.2908874616847507,0.49673389080728386,0.0034010330773552666,0.03675662160917071,0.1722209928214395
36,0.48708735216484716,0.17837196074609252,0.0015669644603763376,0.03938979496630479,0.29358392766237923
37,0.32997504832642194,0.4148032631481022,0.006014673793957646,0.02208494205262095,0.22712207267889722
38,0.23542541767147718,0.6295155035566283,0.0064149230919106764,0.03791112682106723,0.09073302885891653
39,0.17004050427656023,0.6665954259767679,0.00513498439478579,0.043783290449346646,0.11444579490253932
40,0.09245197369225126,0.7581862809692301,0.03663637616715315,0.00879329053597132,0.1039320786353942
41,0.23682245110448877,0.3189418081082954,0.007488177418789405,0.012160451071643912,0.42458711229678253
42,0.25548516690186884,0.5442699371133519,0.009712344529010422,0.012595320330953733,0.17793723112481494
43,0.12665125609650796,0.35513155618164716,0.02017334017641813,0.014919817832957679,0.4831240297124691
44,0.06420336249077521,0.03838921296836873,0.011253001914514183,0.0019824927390769105,0.884171929887265
45,0.05403266504785652,0.034928818191201805,0.0005244663333631217,0.0002898715637699281,0.9102241788638086
46,0.10612812050832537,0.049248742068603114,0.0068254146470620395,0.00030865836588262114,0.8374890644101268
47,0.08685382023998535,0.00934858240925012,0.00036434096879216975,0.00011315162791031398,0.9033201047540621
48,0.07659634392545689,0.06561976796628707,0.002532217225941799,0.00048755997241950656,0.8547641109098948
49,0.08817897059064853,0.25270065809114867,0.015343689675879797,0.002376440109575561,0.6414002415327474
50,0.06822424116631516,0.12208271430980941,0.010408237988501708,0.002687517614192211,0.7965972889211814
51,0.08296230604335021,0.06385317062712217,0.03522053649418913,0.002536383079627413,0.815427603755711
52,0.1162562642622641,0.1549816996623487,0.061703883112832966,0.005721336140714862,0.6613368168218393
53,0.017522221617203876,0.01384088462362336,0.021794614275161397,0.0002753103748001311,0.9465669691092112
54,0.06364010565287923,0.022868557948046153,0.026089008898184017,0.0004660285039255816,0.886936298996965
55,0.10920930169843972,0.04443835777763089,0.04016441096347966,0.00028716108563924225,0.8059007684748105
56,0.130152643461224,0.04360032269567023,0.03157163150077694,0.00013733587497697543,0.7945380664673519
57,0.2545397753375026,0.20218571411095534,0.04767823185560729,0.0023484623949819117,0.4932478163009528
58,0.11841539740316134,0.21265793340191685,0.04883764225471764,0.009653269743408164,0.6104357571967961
59,0.056829846854270914,0.08837152166194803,0.05856406702372955,0.0056614209375425275,0.790573143522509
60,0.024527207230652225,0.037861503882127306,0.0068974708134880505,0.0006763196443030684,0.9300374984294293
61,0.16821449263097824,0.2485359552452377,0.06257275989877698,0.010314619252383235,0.5103621729726238
62,0.22091811949783152,0.21869806573420641,0.03818945428043245,0.0031139227401602286,0.5190804377473694
63,0.22241710989149058,0.11450526994907516,0.06963218998479559,0.0014748637601262014,0.5919705664145125
64,0.13350474303611068,0.08181436047496275,0.011287022251458521,0.00048781545141858166,0.7729060587860495
65,0.37028134416134983,0.3650460861601535,0.12143055900467867,0.004103937434247924,0.13913807323956998
66,0.28652409389544287,0.4055542165909496,0.14999566019900698,0.00940403828018998,0.1485219910344106
67,0.22822726507651567,0.39003689697304117,0.1701225882636184,0.00790871921923311,0.20370453046759182
68,0.07025815975701001,0.6166564559678852,0.14663438290150593,0.022897766817263646,0.14355323455633517
69,0.08479340499262249,0.5518762466065414,0.21551477431168262,0.025875226008418274,0.12194034808073523
70,0.14738688285404117,0.7130239347470059,0.0492442895835177,0.026806706276334802,0.06353818653910043
71,0.15777627470118274,0.1663969550709191,0.023502967484490954,0.02692500338155899,0.6253987993618482
72,0.17107702768735103,0.4712241922818282,0.1109136761440598,0.03243456009565253,0.2143505437911083
73,0.09376758442525668,0.5910847708209934,0.19959573945003964,0.02523938930648075,0.09031251599722942
74,0.06555223018505023,0.5188164470396026,0.36319252018020987,0.0041042924192750945,0.04833451017586225
75,0.07368264705999014,0.7553553027861273,0.10580786695728334,0.013762982574584734,0.051391200622014487
76,0.09106077188501106,0.7646591945372662,0.04785518480591647,0.023209378315737456,0.07321547045606884
77,0.19477413421104345,0.570705605569048,0.0735161856684517,0.034702769874989665,0.12630130467646727
78,0.20134402078551514,0.6092844495249924,0.0271416386987171,0.013498878809358857,0.14873101218141638
79,0.3767363010052086,0.24220102699424034,0.006792750531734697,0.015709347364058514,0.3585605741047578
80,0.3206042736266601,0.49988383376413625,0.00906731023044915,0.0189401336355179,0.1515044487432366
81,0.13186467303467247,0.7648738461078326,0.025074296775231552,0.02276330631614582,0.05542387776611765
82,0.2641165695842473,0.49408212266031004,0.019096069038634544,0.03813060686680576,0.18457463185000242
83,0.16986190998420694,0.6130016855753765,0.012468846782714853,0.04940018230895979,0.15526737534874185
84,0.14285197203581407,0.7164387009707538,0.045629007149350906,0.019359174038627133,0.07572114580545401
85,0.21451710644633531,0.27415168779587407,0.01334470921885757,0.017561418710707107,0.48042507782822597
86,0.17604432154784488,0.6806166429452324,0.0195088358503896,0.06664958972332191,0.057180609933211154
87,0.4630237612935783,0.22294455687714237,0.0018314402413643898,0.11915287151164262,0.1930473700762722
88,0.37062869674614546,0.38004650818792657,0.0033099363702845026,0.1585219657044208,0.08749289299122263
89,0.516432831169417,0.176936868754401,0.0007166084327824387,0.23916999783328532,0.06674369381011416
90,0.36606947332236145,0.2751228186062392,0.0027893722336863615,0.3025483725954001,0.053469963242312776
91,0.37297088817294993,0.4125586597162231,0.004911081304698884,0.17750171991447225,0.03205765089165585
92,0.4948697855372795,0.22727411065247038,0.0007459739995451676,0.16906360130261575,0.10804652850808913
93,0.41888508910648886,0.23936913698443568,0.0010358892574750117,0.2874914822224806,0.05321840242911974
94,0.3311044818739871,0.4120967492060554,0.0006515657421072124,0.20569855765755507,0.050448645520295335
95,0.4277462975823376,0.3706252649020001,0.0018617946630127128,0.08611076418317523,0.11365587866947446
96,0.3791823162248704,0.47380626505203705,0.0011456961018495673,0.07809426770890422,0.06777145491233878
97,0.4566239412661593,0.2907936300344123,0.0037197511716901056,0.08191977360740395,0.16694290392033426
98,0.2775137279271746,0.3529227486212295,0.0027122152200163016,0.08961821995520065,0.27723308827637894
99,0.5086724823692017,0.23742878813168616,0.0009271931234181337,0.10485271580362454,0.14811882057206935
100,0.2398970154061363,0.663260314611513,0.004265154931047228,0.021488053166564658,0.07108946188473889
101,0.22171673807326855,0.615725857905265,0.009846974728782014,0.025464170340214684,0.12724625895246974
102,0.2220772105547931,0.6694412223848307,0.006482915772698242,0.04434821722714755,0.0576504340605305
103,0.06511634377056072,0.015317721018285428,0.0011465988992714906,0.0018294072823443488,0.9165899290295381
104,0.3053434996382309,0.12538917955670603,0.0045908954248478975,0.012972671396413431,0.5517037539838017
105,0.21648487223350762,0.04202461887612852,0.0010169016289296347,0.0053774620385629735,0.7350961452228713
106,0.36397977514373014,0.2735551341522332,0.011369913970606018,0.041255995918263996,0.3098391808151666
107,0.3088784054040546,0.277948137631441,0.012849199776056124,0.007525434992165353,0.3927988221962829
108,0.25031791392862346,0.4116779784007887,0.03181202777991356,0.02868254910615419,0.2775095307845201
109,0.13643916220405214,0.6246556436895352,0.076643370058415,0.045944057100672196,0.11631776694732561
110,0.16563598696489534,0.7297453942451322,0.008277904802567564,0.045655435946426064,0.05068527804097899
111,0.49651026709851714,0.31967952510167086,0.003462801277381985,0.027732885764841116,0.15261452075758883
112,0.21832091039466794,0.6803610176885001,0.005993201906429198,0.047585136876539036,0.047739733133863684
113,0.20925022526855538,0.586373484658064,0.005699038547438638,0.05425913147281747,0.14441812005312443
114,0.256281570503805,0.24779731931057056,0.0020290012122124853,0.26623673584998014,0.22765537312343168
115,0.21718049145696666,0.13963405603546478,0.0007559916470802683,0.36784637641987383,0.2745830844406146
116,0.30360706944911164,0.09956235528049971,0.0004632077961516674,0.4220685154735935,0.1742988520006435
117,0.40415020775263766,0.1457162326483677,0.0002781106972643182,0.24973104248369607,0.20012440641803428
118,0.346301047022321,0.1005202554469438,0.00017501968818719676,0.35996128711716596,0.193042390725382
119,0.293721021662476,0.11593361832176335,0.0002369420490395477,0.4797519397931642,0.11035647817355687
120,0.39835030901464263,0.06417288819786553,6.59116646283299e-05,0.3773585067185503,0.16005238440431319
121,0.27409695497287084,0.03430390586237134,7.682312573921504e-05,0.1778208687060558,0.5137014473329629
122,0.47131453974323545,0.09732624479468313,0.000351560898219898,0.31677818527696433,0.11422946928689721
123,0.489398820379722,0.06326590674579585,0.0001257222676241434,0.17330795247530634,0.2739015981315518
124,0.4634793357300803,0.06318680873270173,0.00024709873395977876,0.22360479488013837,0.24948196192311975
125,0.5452978076800772,0.07066245610966934,8.483602259799236e-05,0.25694564134878234,0.12700925883887315
126,0.6036986170074199,0.1456276049470587,0.00022374035006346272,0.1287363066478497,0.12171373104760828
127,0.5092886671795626,0.19468950059951326,0.0002780595534281497,0.17549194944717597,0.12025182322032005
128,0.37628810808809887,0.28549322318279496,0.00045912431368678444,0.29502048545098764,0.042739058964431816
129,0.3725677778264437,0.21757409396492658,0.0006804521711558652,0.23178168643814248,0.17739598959933137
130,0.17745313266385748,0.6415828738592791,0.0068068741689744925,0.1574129026021376,0.016744216705751443
131,0.17052422402690445,0.3964412283390752,0.0013789873475683653,0.4164427229621681,0.01521283732428391
132,0.13495120530914959,0.4639369592964282,0.002553845056474222,0.3530644285065167,0.04549356183143111
133,0.21531772655909337,0.34331854005960477,0.000732388571984034,0.4171941959568902,0.02343714885242763
134,0.3301613724640833,0.29859705005497145,0.0006736608430948828,0.1802450614462689,0.19032285519158137
135,0.6479865753649411,0.15291311001730112,0.00047632732617132245,0.10714712411176204,0.09147686317982424
136,0.633487107157638,0.26375503827793395,0.0006582149535138812,0.04024545423120759,0.0618541853797066
137,0.45705877832928316,0.49284084075956536,0.0015026108178505739,0.0328489233891103,0.015748846704190536
138,0.44134809152703813,0.5190131012193999,0.001730060449250231,0.022813090319159336,0.015095656485152358
139,0.1958263206094492,0.7777513758113563,0.006431528530914411,0.004070706982034024,0.015920068066245907
140,0.09461929312965545,0.8806318571182421,0.016161991805052817,0.003181722150067467,0.005405135796982104
141,0.40845579434839796,0.3314363599019254,0.01701918722898927,0.0034076933139950407,0.23968096520669221
142,0.13316404429279155,0.7006418551539483,0.03671523346087563,0.019780922745312464,0.1096979443470721
143,0.11322464867029594,0.6865149423022031,0.014059749433016565,0.04725179569093363,0.1389488639035508
144,0.2693214138488983,0.5854389601124516,0.002321321851128167,0.06989887940348759,0.07301942478403443
145,0.23088777468599378,0.569568126337833,0.009708587519657507,0.12387254303456682,0.06596296842194868
146,0.22006477976247657,0.581124305542149,0.005861642506751278,0.17664742404786055,0.016301848140762493
147,0.2925677739120343,0.12911536837391316,0.0017939882588935757,0.03250465932569193,0.5440182101294669
148,0.23531119033449915,0.489367837475417,0.010196959961437437,0.0907762534185571,0.17434775881008924
149,0.6308755746256444,0.20771689030719281,0.00041951173983289326,0.07086590440497334,0.09012211892235669
150,0.6447990633969317,0.17947835425622322,0.0005088814675683211,0.07973645501644314,0.09547724586283361
151,0.43246413227258335,0.34582523819757555,0.001915343618847687,0.10200522475113014,0.11779006115986328
152,0.39918915782631753,0.2920798088594297,0.0009070366566458428,0.20355474443556718,0.10426925222203996
153,0.4466956569073478,0.0647334786541606,0.0003039142593296837,0.22476857616267054,0.26349837401649145
154,0.10465193459148109,0.8257447591822787,0.007988153541561908,0.05480799739108532,0.006807155293593104
155,0.20091051471450044,0.4503537147980512,0.01016668562180181,0.1772291904210771,0.1613398944445694
156,0.2112746315146588,0.41029778825695573,0.0028349373012796202,0.33550944165475743,0.04008320127234852
157,0.35690291198639174,0.288591199961193,0.0011915666778560875,0.24895962660121893,0.10435469477334038
158,0.5241617303332612,0.34692563910258284,0.0008394323109258299,0.03437183636732453,0.09370136188590569
159,0.5286241925138926,0.42759327032140415,0.0015194108657078527,0.02828671322782681,0.013976413071168689
160,0.2097821978695033,0.7689994290120532,0.009399596513992456,0.006029728175735542,0.00578904842871547
161,0.12456732739825187,0.563144171677306,0.03748491477865334,0.04666358821343627,0.2281399979323524
162,0.07987973298276392,0.5374506986701157,0.018784997714808172,0.31672071242667355,0.04716385820563868
163,0.36522972026915906,0.1890391348489478,0.0006949914985979815,0.26254040605632323,0.18249574732697185
164,0.19582994149569802,0.7190230533920199,0.012761871323702142,0.023597197399893508,0.04878793638868667
165,0.3618498300360208,0.5612539303534705,0.002716698689258182,0.039521814457065575,0.03465772646418507
166,0.15422151823541155,0.7017427849386428,0.0319751441392564,0.035677644421306214,0.07638290826538296
167,0.3993797719894936,0.4253520227856962,0.0004349635325709006,0.05130998410854172,0.1235232575836977
168,0.10605537369680618,0.8705083626656331,0.007810375143489074,0.010587345843253947,0.005038542650817665
169,0.08382083632930837,0.7928890601243079,0.012518662466268994,0.03425468308127188,0.0765167579988429
170,0.2650764134790747,0.5543872938407016,0.0037621355608120277,0.029994597031979334,0.14677956008743226
171,0.131582524490535,0.7853638169186944,0.009607718522007177,0.06266827159834756,0.010777668470415943
172,0.15807036281604941,0.647057376125871,0.010508244496686555,0.09846814970363825,0.08589586685775477
173,0.4817852181361553,0.13159277839528402,0.0004153758049461332,0.09021447058566522,0.29599215707794924
174,0.24832636386695053,0.5991046397749611,0.010513477063524953,0.08433445406918212,0.0577210652253813
175,0.2951672008481563,0.1464827997595379,0.000515844730360662,0.1475707120143607,0.4102634426475844
176,0.13945812905860153,0.7219667509189653,0.003893528743747796,0.09809399062585387,0.03658760065283138
177,0.2800427573407455,0.13942837424950189,0.0005460846813906875,0.33653778305514365,0.24344500067321825
178,0.25986802624360805,0.035189703477970874,8.99411926687965e-05,0.20777694080236686,0.49707538828338543
179,0.19975483777404515,0.05296312530795355,0.00020655272598992734,0.19033818193043864,0.5567373022615727
180,0.36808160131348966,0.27429968388977904,0.0011471767522850023,0.15408925747660443,0.20238228056784194
181,0.2568203566519011,0.017723769769148724,3.944439087549083e-05,0.0602378740024795,0.6651785551855952
182,0.14551949796599484,0.015141390170576103,4.0420503632113074e-05,0.022638806804050945,0.8166598845557461
183,0.4343423176123288,0.13026238073516444,0.0003759029222255101,0.039740118886358936,0.3952792798439223
184,0.4900768094838876,0.09573227427458059,0.0007233643167250068,0.038356613702254204,0.3751109382225527
185,0.2809029787953303,0.0958624024218258,0.0007043230210728925,0.06468296352039557,0.5578473322413754
186,0.14681570613680567,0.07906556096727979,0.00039369554725312027,0.11271351913735088,0.6610115182113105
187,0.18550381391629653,0.31563920043812016,0.0017311374722072585,0.1624475294787912,0.3346783186945848
188,0.3260628538174842,0.20070069019079254,0.00034245645422227626,0.29494807235796056,0.17794592717954041
189,0.22759346978815556,0.04122211418609371,3.989575666436206e-05,0.11265867059518361,0.6184858496739029
190,0.2670572920585273,0.19313971951116213,0.0008984519888043619,0.1940401282491975,0.3448644081923086
191,0.11688244804579846,0.011342999210762072,1.4927571103539944e-05,0.04192737769555874,0.8298322474767771
192,0.4647385138705831,0.043451351677134445,5.6951525894011536e-05,0.135610915678819,0.3561422672475693
193,0.1657285671296803,0.027283719758555893,9.925914722806968e-05,0.03509981892037992,0.7717886350441558
194,0.4200652215890772,0.021062563006799328,5.040885627624688e-05,0.0965529788436287,0.46226882770421845
195,0.14372236402619934,0.011599378574559246,1.5676936397643084e-05,0.05312384538491629,0.7915387350779275
196,0.05408667084096854,0.0015881054590125988,3.7955265758354043e-06,0.015740268990370673,0.9285811591830723
197,0.061175506915089724,0.002788221399510573,7.449566277916408e-06,0.029305312773935364,0.9067235093451864
198,0.05126622391181899,0.013296029374067098,0.0006383664599758289,0.013993745895662145,0.9208056343584758
199,0.04093657371448217,0.008712737173667884,0.0001466854337951838,0.012436075226449128,0.9377679284516056
200,0.060632411432175765,0.03207145917615364,0.0009083301575685644,0.01760984989237783,0.8887779493417242
201,0.015332245294070262,0.009877179970672757,0.007286604759527875,0.012747056506729111,0.954756913469
202,0.0032173498188801538,0.0025671305276382117,0.002592800335756964,0.00275171683713352,0.9888710024805912
203,0.0051493652342713666,0.0044370645932626475,0.0012839274465975287,0.003455453904924046,0.9856741888209444
204,0.0023142109087940085,0.0010824360680046121,0.0005501468436143844,0.0007343344427161931,0.9953188717368707
205,0.004352388985682121,0.001992660938320364,0.0015242324015362835,0.002077839610661632,0.9900528780637996
206,0.004518138107379912,0.0036880090109889132,0.00037046721899757884,0.0013415768458038423,0.9900818088168297
207,0.006113922108626616,0.005747118692119246,0.00041208843237834414,0.0017059845002913808,0.9860208862665845
208,0.012239221039316829,0.006413751839127826,0.0014525143243404477,0.002725611309585955,0.9771689014876289
209,0.012170625984965015,0.006249000345018034,0.0021496024023866934,0.0033234843644718084,0.9761072869031585
210,0.03901064908705194,0.026338008139020253,0.0026818581672907486,0.008496539911010789,0.9234729446956264
211,0.03414226579725202,0.023188346798388753,0.0004974124811545689,0.006706786060299973,0.9354651888629048
212,0.04888899635093623,0.04055350115237551,0.001547144951181431,0.004223698708170834,0.9047866588373361
213,0.08099205498301082,0.0380210471232673,0.003847943443547103,0.003315049180666938,0.8738239052695079
214,0.13936606964342518,0.05878311142533883,0.004009916902947837,0.007680123345187559,0.7901607786831006
215,0.05949269799928481,0.04519492889943397,0.005096399105815962,0.004964850346890562,0.8852511236485747
216,0.030391157704658663,0.039632277124165054,0.003827372104635898,0.0038249433271147887,0.9223242497394256
217,0.017006684653488945,0.030591158748417748,0.0026224723317312152,0.0021603095456351174,0.9476193747207271
218,0.030425026342851255,0.012165602882985451,0.0007963410332463749,0.001632199719072523,0.9549808300218444
219,0.023959739987475925,0.0143668765687855,0.0005621006506892551,0.0015055427851934735,0.9596057400078557
220,0.011482898001731509,0.013678673630560991,0.002065788239565609,0.0019174313067325459,0.9708552088214094
221,0.01436059688398059,0.012677766556090925,0.00023339296687347475,0.002050105874693157,0.9706781377183619
222,0.0067195560452274665,0.004815116895025054,0.0009932417168807516,0.002499424581983217,0.9849726607608834
223,0.021117704740289955,0.021115951175265792,0.003783125683721583,0.0031619131974071324,0.9508213052033155
224,0.018085302284950644,0.016176197949485275,0.0013359832018494861,0.003154819191871884,0.9612476973718427
225,0.01518114119551107,0.005521222517158565,0.0013446644233260064,0.0019634819001415715,0.9759894899638627
226,0.04957461439285439,0.03266354177499139,0.0022329820390158167,0.014521546283761306,0.9010073155093772
227,0.009761604661191423,0.004772966315020321,0.000135725274274396,0.0024918583298300864,0.9828378454196838
228,0.026456292331037277,0.011851778758277873,0.000312074041490087,0.011544653936739776,0.9498352009324549
229,0.13944233897061212,0.13130455919213374,0.0026866355118807875,0.043732636143396536,0.6828338301819767
230,0.08029861588264914,0.0351501184757459,0.001505409252869466,0.027967278437745092,0.8550785779509903
231,0.16007917443466518,0.14005810905127708,0.002752270675308465,0.03354490799074158,0.6635655378480076
232,0.012783745127675984,0.025309024987795126,0.0002293293691865523,0.003934953643595413,0.9577429468717469
233,0.01938445978098603,0.03637227530639561,0.0026404287994806603,0.011313304189618296,0.9302895319235194
234,0.013937838833141293,0.013585565041424346,0.0007525302846253833,0.006178263358302544,0.9655458024825064
235,0.023195082538904618,0.032328342611726055,0.0010997305759458055,0.006802724125483296,0.9365741201479403
236,0.05280335760142102,0.07709900232677216,0.0016783760386180145,0.014780983569590312,0.8536382804635985
237,0.044723789068404865,0.019529623436072802,0.0008668130339631106,0.022999818518840386,0.9118799559427189
238,0.04429690344188168,0.05053255970389943,0.002522138932511101,0.014680884837811336,0.8879675130838963
239,0.029083223317497808,0.03495670895749414,0.00245952224261862,0.009696211442890868,0.9238043340394986
240,0.015995530626541767,0.017743678563304482,0.0014590792988236662,0.005725161109204819,0.9590765504021254
241,0.08297854901593751,0.06460194231979607,0.00787335098088831,0.009351740181430363,0.8351944175019477
242,0.1676125770303923,0.0698581335654185,0.0014899615130869704,0.005754852197115543,0.7552844756939867
243,0.3372906643780094,0.085669852728532,0.009359643441327703,0.008586402658431276,0.5590934367936996
244,0.23593419381564956,0.06769183136250695,0.008712506078343948,0.013047379355556204,0.6746140893879433
245,0.2217360097425264,0.2834176558997905,0.038276889331647836,0.11050766682766974,0.34606177819836553
246,0.1778067045834092,0.3539236340284491,0.10180809717550598,0.2081497183202634,0.15831184589237232
247,0.16240032583894107,0.2029916342638328,0.01728810841264061,0.1276340136278423,0.48968591785674326
248,0.21738468709445682,0.42667405638155487,0.024942203455058348,0.11019755271379143,0.22080150035513854
249,0.1788844724378453,0.5204688005839379,0.030928389484584838,0.11933719968032613,0.15038113781330584
250,0.1526864410024639,0.6459299663125672,0.027883805239950966,0.012240518522103385,0.16125926892291453
251,0.16433750257221463,0.6134801820165269,0.013756223875336822,0.07318654229037444,0.1352395492455472
252,0.21431041667945663,0.6244452594133532,0.0059537627750968405,0.07086964990256701,0.08442091122952627
253,0.3034009280702484,0.5102396170720471,0.0030415737593566788,0.09281742998049024,0.09050045111785768
254,0.06678083326644411,0.15038640819276702,0.005099955756897763,0.028612866178197572,0.7491199366056934
255,0.16509749299398363,0.585847564960422,0.03290038118987521,0.06645863899498093,0.14969592186073835
256,0.16898511192783022,0.5532755394655741,0.02139942362667947,0.10772912234541757,0.14861080263449863
257,0.21921035632844652,0.3454740690854426,0.0030073423566784976,0.04421777740668792,0.38809045482274446
258,0.13232100308254116,0.09457158992810151,0.0006808442764983155,0.010709106519483529,0.7617174561933755
259,0.16103933954674615,0.6631019099020004,0.010520710318431254,0.058875891736748204,0.10646214849607405
260,0.2891647276827508,0.5470659308350116,0.003921703195163694,0.08025912120972453,0.07958851707734944
261,0.343010854009518,0.32676247925525087,0.0020344005290906133,0.05838686636440616,0.2698053998417344
262,0.34262599180961767,0.4054678198841085,0.003687487907929539,0.10055392868101772,0.1476647717173264
263,0.11584801017199227,0.7351542880519297,0.010809564440399192,0.09314209475090875,0.045046042584769956
264,0.2104242080991121,0.43339940863033966,0.0023202270801510206,0.19928961709233214,0.15456653909806511
265,0.11294204834430527,0.7270302641758372,0.00501772942710272,0.09658851492872256,0.0584214431240321
266,0.3405455649575112,0.4327676099665958,0.0018106973355158469,0.11219104042247494,0.11268508731790221
267,0.2541509432291068,0.5384628457182639,0.002854511684339513,0.14713627131247414,0.05739542805581563
268,0.36521090716455706,0.36782904071674377,0.0010554750400818692,0.0963498035129296,0.16955477356568766
269,0.24284936853834346,0.581354398993575,0.007156004502418039,0.13335716438228679,0.03528306358337683
270,0.37422918561423624,0.26631717945065797,0.0016339766454670065,0.1546960475763976,0.20312361071324123
271,0.3981678249412179,0.3868108628880968,0.0008158790233970686,0.1316741207878294,0.08253131235945886
272,0.1291053888616874,0.7489828509413196,0.0018691157955188216,0.10906953085112589,0.010973113550348306
273,0.42021238619865636,0.3978098927263026,0.0007184136847340694,0.0699995223443246,0.11125978504598243
274,0.41979826502220396,0.4150594228960907,0.00044584962546784365,0.07678536943352028,0.08791109302271716
275,0.2643927908491935,0.6043127675724127,0.00123892736878086,0.04265238729114441,0.08740312691846865
276,0.42924277711052256,0.3658180724030142,0.0005106518645111228,0.07224955971875181,0.13217893890320043
277,0.34956290192071304,0.39016107298101954,0.0012251331242174104,0.15350239046864417,0.10554850150540585
278,0.4025116087105946,0.15530620785367635,0.00040701335784874685,0.08912297576873268,0.35265219430914757
279,0.3248231710740142,0.4442911075481976,0.0016361659909237627,0.1970945239565997,0.03215503143026461
280,0.4238163370647942,0.26684182500535886,0.0007672408858586459,0.2063459937818944,0.1022286032620939
281,0.4024262231105814,0.42525583303255216,0.0005197043104427296,0.14184936152413172,0.02994887802229193
282,0.46901990810355165,0.1924685450000925,0.00022357329353446038,0.21383051364107683,0.12445745996174447
283,0.36702476590525795,0.46657263833174156,0.0007220456228792759,0.11638132516101385,0.04929922497910718
284,0.5053506405005926,0.23568709499267598,0.00043185957243099295,0.165095881366342,0.09343452356795842
285,0.48362738273570505,0.24811250881206545,0.00047157254883471017,0.21026123155129203,0.05752730435210283
286,0.4459778277096922,0.3430249073888092,0.00048772455233984355,0.17044868041855948,0.04006085993059922
287,0.4642051215436933,0.3359664877401195,0.0005523858693235255,0.13347119564067036,0.06580480920619329
288,0.3072591358272727,0.4794108352061328,0.0009657288716632627,0.12209564736660952,0.09026865272832163
289,0.362372902492454,0.39731549656583004,0.00045029676760111075,0.17907751634092867,0.06078378783318626
290,0.42269385778190965,0.30808202532741247,0.00023936846401459948,0.12939044096646896,0.13959430746019436
291,0.3741652132451569,0.31444998859471707,0.0004778566331736727,0.24109832768622136,0.06980861384073105
292,0.353540904947112,0.28824964656059143,0.00047799303276336734,0.1805667410522913,0.17716471440724202
293,0.42247985688526735,0.2023115141523047,0.0003129560590239238,0.16637541384930307,0.20852025905410101
294,0.3778059950500442,0.171356280132693,0.0003629348764669091,0.3107859509627934,0.1396888389780025
295,0.38507962757754566,0.20249987001664072,0.0004183791194824103,0.3412504487203059,0.07075167456602532
296,0.38546731918765337,0.261853973010284,0.000363136747353968,0.2289597083260498,0.12335586272865882
297,0.3218611918641465,0.09038808980512038,0.00014023216370765904,0.13818241192405398,0.44942807424297154
298,0.28330830415636027,0.17989899840921397,0.000340259473262229,0.33464303229241565,0.20180940566874783
299,0.4115066738237526,0.10152559280737683,8.700486731738348e-05,0.33473761850777745,0.15214310999377573
300,0.5038724321151379,0.12050935869251746,6.452004417306622e-05,0.24406930644740055,0.13148438270077104
301,0.36791084653069484,0.2516642980487335,0.0002211314093836236,0.26651582408406715,0.11368789992712085
302,0.4910943592844275,0.2134300585175092,0.00012549156344710658,0.15373198142340105,0.14161810921121495
303,0.39447496716570285,0.20589785539912578,0.0003610040227736156,0.30310553160767356,0.09616064180472415
304,0.31277437223573873,0.43648308874922054,0.0002589901923603332,0.21698208321849421,0.033501465604186154
305,0.2768138968452396,0.4317203877494184,0.0006124185464745955,0.2602188735651618,0.030634423293705547
306,0.33202105672440346,0.35803291056289066,0.000375101585841162,0.22649423985917536,0.08307669126768939
307,0.3082700192407505,0.32032512445515443,0.00035071537451000594,0.30551635156126633,0.06553778936831874
308,0.33047965418544006,0.20817968525438613,0.00016270889688190443,0.2739100233354492,0.18726792832784264
309,0.324151434397845,0.3372333149552714,0.0010000480503763913,0.1877563332090641,0.14985886938744314
310,0.3361744762868839,0.1639477176753772,0.00019431728204222595,0.26335594564450004,0.23632754311119672
311,0.267686731247531,0.33719393221028865,0.0008613825726628107,0.22025500489290706,0.1740029490766105
312,0.17839756700203022,0.0836050699912774,0.0001403302562426379,0.3183533480452669,0.4195036847051829
313,0.16300663467351623,0.059044044463416656,0.00011567956565686403,0.13602180263882407,0.6418118386585862
314,0.1603448590271607,0.0562628389326364,8.293661763678107e-05,0.19654893499841145,0.5867604304241547
315,0.15945381814940154,0.12106042890972983,0.00013857421283216566,0.11906269248214639,0.60028448624589
316,0.09530928852494835,0.049718596161716186,0.00010848340102731282,0.044951471016909425,0.8099121608953987
317,0.10587576390223996,0.030071138185337395,5.885493303193463e-05,0.07829888629998254,0.785695356679408
318,0.1775268784079626,0.03276991223764291,9.141195363524714e-05,0.04548852932091363,0.7441232680798456
319,0.0906599509364821,0.016286153822699774,1.9424993457111646e-05,0.028279800701889683,0.8647546695454714
320,0.4230260734276967,0.06796180821477261,9.857452747137854e-05,0.3438116175129241,0.16510192631713522
321,0.3514528996882373,0.08026496764869019,0.0001311962904962478,0.2850282555848538,0.2831226807877225
322,0.3621348857302684,0.04994444598891595,8.520157617857553e-05,0.3197358863168918,0.2680995803877451
323,0.3546545296967852,0.08849611350535215,7.111040829619398e-05,0.44645817527371057,0.11032007111585597
324,0.34415431896214294,0.09588870198628295,9.752385456165886e-05,0.47255342170323816,0.08730603349377417
325,0.36250574544248515,0.11068004378111111,0.00012455296658263592,0.40945980395648246,0.11722985385333873
326,0.2302416749915507,0.13482122902428273,0.00016657011967602145,0.5982988232183348,0.03647170264615573
327,0.2227046923092751,0.1163948020099357,9.989245924103599e-05,0.6072297639641941,0.05357084925735401
328,0.18835268452866574,0.13050931757822162,0.00011382962247405582,0.6471948107625672,0.0338293575080714
329,0.171396584051979,0.20744599372871741,0.00016598999006926506,0.5647114854424765,0.05627994678675792
330,0.17668571545297002,0.10584652768318617,0.0001576267451331955,0.6958911183059067,0.02141901181280404
331,0.16964414479748388,0.20730671000657547,0.00043617739883748034,0.5480260778793826,0.07458688991772054
332,0.12208671596534355,0.10744182009897724,0.00010738976788838249,0.6879566166130652,0.08240745755472567
333,0.11044271675075489,0.10624026669459181,0.00013870754009051635,0.7626542742455481,0.020524034769014644
334,0.13446507338102498,0.14779981042087587,0.00011857696907384034,0.6524668111186076,0.06514972811041772
335,0.2902822432160082,0.1236787672537994,0.00017218710881750334,0.44155287795838777,0.14431392446298721
336,0.20682410496173254,0.1637175187956807,0.0003815014706060476,0.5825361367353696,0.04654073803661106
337,0.26862347804933917,0.13787591555195391,0.0003761459529393789,0.5343066660118805,0.05881779443388712
338,0.21051335684698755,0.23827411994181824,0.0004163590079370316,0.5156819226347161,0.035114241568541066
339,0.14469291281949626,0.2277732614817968,0.0012044816715299713,0.5952758238097903,0.031053520217386645
340,0.06462599691467777,0.22503967042419618,0.00018267141955138945,0.6924063801635084,0.017745281078066208
341,0.10333886370930194,0.13511282626621196,0.00019469971137870516,0.6933538293490592,0.06799978096404823
342,0.10022946243476127,0.1518111258823125,0.00017927332616423592,0.7326000935230633,0.015180044833698713
343,0.11944120611070272,0.12276027060964106,0.00034156347579450505,0.7171719201160818,0.040285039687780085
344,0.12489050711079219,0.08752088764378625,0.00034361669967749285,0.7721993064920948,0.015045682053649216
345,0.10859614219774819,0.14248018396187195,0.00045953348583772967,0.7360887933304896,0.012375347024052566
346,0.2614111934939111,0.13000389040836488,0.00023091128571145513,0.5544003329941359,0.053953671817876594
347,0.22009220421610498,0.09079333801862237,0.0001266927782459799,0.6004862084667882,0.08850155652023838
348,0.21717497574155598,0.10261797646689147,0.0001136872736503646,0.25251667238904263,0.4275766881288595
349,0.12615267031312016,0.06530186392651734,9.319081421682949e-05,0.15305125773597428,0.6554010172101714
350,0.5622940832077261,0.10421740313915721,0.00013354185098549514,0.07766852684052351,0.25568644496160753
351,0.5343198219172389,0.13264955263880832,0.0003140991025145957,0.14049234736489968,0.19222417897653846
352,0.5201995709578282,0.0732612992623122,0.0008863111967284848,0.0684558181857549,0.3371970003973761
353,0.49048528795856067,0.04957542541209515,0.0011590122857434563,0.05988263250082576,0.39889764184277515
354,0.3654215952268404,0.10919895449492872,0.031340793045366674,0.04504164002072786,0.4489970172121363
355,0.12319786939502626,0.08432983704348569,0.04655075498365711,0.029206932508422087,0.7167146060694087
356,0.2362452601286083,0.10310749861803555,0.0072815206942951636,0.11154162883267692,0.5418240917263841
357,0.06262351148287193,0.01858520803155691,0.0018200314732400682,0.022132445863617123,0.8948388031487139
358,0.03837643458388248,0.01321340391871248,0.0003864016917497227,0.007164649671048479,0.9408591101346068
359,0.478151278047765,0.09614974011125256,0.004227764626628935,0.051449034348229436,0.3700221828661241
360,0.19730265026327842,0.07396427067287102,0.008690535341535554,0.08561800142371627,0.6344245422985988
361,0.16914892487396394,0.0917053964356733,0.007265256853967786,0.13887750301514865,0.5930029188212463
362,0.010321689276492543,0.008927105602565997,0.0012487863979250484,0.01073455395375803,0.9687678647692584
363,0.07301935698131715,0.030200532832121624,0.00033487367945230097,0.0316458300167465,0.8647994064903625
364,0.05185706409699648,0.03250074469836425,0.0006429157226347956,0.03291131452954879,0.8820879609524557
365,0.028187399888473727,0.028124480287341467,0.00042358457734547185,0.08120297940160151,0.8620615558452378
366,0.037155739857118994,0.008427765685890605,0.0006508825892905314,0.05886329145042697,0.8949023204172729
367,0.028323191236519517,0.007634856645740559,0.0001941579306840419,0.013949403067500704,0.9498983911195553
368,0.02244106680442555,0.0048433185829235325,4.342847820260941e-05,0.010416688038088422,0.9622554980963599
369,0.031533863143261655,0.00570454252677927,4.724397664947574e-05,0.0067808985968827815,0.9559334517564267
370,0.04761474178249641,0.024993467273102372,0.00030954029183311786,0.009995348811708469,0.9170869018408597
371,0.05595803977371615,0.02637650915939674,0.0004929693304148569,0.01042243452676042,0.9067500472097118
372,0.03249714257769841,0.018196993180703863,0.0015203678877894712,0.03340598257595053,0.9143795137778576
373,0.02268393728164718,0.008691236921281075,0.0002355563472195603,0.008011695123467121,0.9603775743263852
374,0.06541400209238567,0.022566873338899257,0.0006606585162533008,0.0076749001008282825,0.9036835659516335
375,0.0813858541723597,0.04020974253238333,0.0003581787288323019,0.010579086136221745,0.8674671384302028
376,0.16963083121539935,0.14524233214016594,0.0022782003941806345,0.04515143980499698,0.6376971964452571
377,0.14603036726387508,0.25531354385890354,0.003330537413502362,0.055129776470764155,0.5401957749929549
378,0.14061889794487006,0.2986646375640231,0.004960140796446249,0.10021907128979414,0.4555372524048666
379,0.09557137453069171,0.06721090741054858,0.00030327119952472907,0.01626672178922573,0.8206477250700093
380,0.13403065259173805,0.13039814461553612,0.000629334285190063,0.022083219845700042,0.7128586486618358
381,0.1655205734796034,0.40140687429711597,0.0009409802913049953,0.09733519344319219,0.33479637848878346
