epoch,N1,N2,N3,R,W
0,0.0005436023766387536,0.00013388152885292676,1.11873613448515e-05,4.294768127504393e-05,0.9992683810518885
1,0.00029275337103595856,0.00016508776718844487,4.994471914092593e-06,1.7473916350075464e-05,0.9995196904735114
2,0.0028426753453518186,0.00010261717177911107,1.2381806579732939e-06,2.4206560929258772e-05,0.9970292627412818
3,0.0058321595918384836,0.00024033844787746332,7.020133858760707e-07,3.7699546914579996e-05,0.9938891003999837
4,0.012479321694802944,0.000245996757600277,2.631369480589621e-06,4.022237780477413e-05,0.9872318278003114
5,0.003447137361711881,0.00018341562038015825,1.879971062207173e-06,3.994042722596979e-05,0.9963276266196198
6,0.06064295938775177,0.0006708448769584431,5.671548846809699e-06,0.00014558994924992812,0.938534934237193
7,0.07147927157773393,0.0004971363290546734,4.615526424440689e-06,0.00011492621820194821,0.927904050348585
8,0.31791196452573484,0.003350753650626046,3.7262735678034066e-05,0.0005815073248736784,0.6781185117630875
9,0.2152417374295817,0.004190375224693402,2.7713654136236115e-05,0.001261016223004602,0.7792791574685841
10,0.21745364386585633,0.0043342256578174435,3.508339197211331e-05,0.002560357579436222,0.7756166895049178
11,0.20186040145560938,0.010227077144492273,1.7410967779671385e-05,0.01063493788045646,0.7772601725516622
12,0.22990855012941727,0.00888290141816265,1.4099907469740902e-05,0.007090241750933604,0.7541042067940168
13,0.19357846346531848,0.06818867627094143,0.00011096877756756208,0.005861572112089447,0.7322603193740832
14,0.16015001646074742,0.05483708257201261,4.562994221873157e-05,0.024484693007397525,0.7604825780176235
15,0.12834037835706813,0.10039063422112625,9.266916478875376e-05,0.08103227955060414,0.6901440387064126
16,0.19941319913345543,0.13886737534324334,0.0006570082302364548,0.06505587940174168,0.5960065378913231
17,0.17971667373988634,0.06904037882661923,0.0005429025380867029,0.09505431150730426,0.6556457333881036
18,0.3983224447614942,0.10366307306957981,0.00013016544542249762,0.18097903787578376,0.3169052788477198
19,0.2840990082226753,0.27625014165682693,0.0013121614276292764,0.11450140257831976,0.32383728611454876
20,0.28008066385387187,0.4498765736750001,0.028769669443890637,0.017203993958380622,0.22406909906885678
21,0.20679825624285764,0.4239634477990414,0.02952790630700005,0.018389826562758622,0.32132056308834234
22,0.0664267031395491,0.7529817509122866,0.016274135196661016,0.014623319723049984,0.14969409102845346
23,0.12452642286939129,0.631178475477444,0.0057641938585441775,0.01672732579186672,0.2218035820027539
24,0.14365035313090402,0.778762795789113,0.0026946097285453926,0.03541518416501603,0.03947705718642141
25,0.09693492460912319,0.6955231811214544,0.10918561822365867,0.005844808071459357,0.0925114679743043
26,0.1897239382304122,0.697120016486337,0.008837533138564689,0.008058650238885622,0.09625986190580055
27,0.327144097883688,0.5316108711812819,0.0004891063740342351,0.01689082028553019,0.12386510427546558
28,0.08554081232137552,0.8337594833721372,0.048466599235178806,0.0006886572432531953,0.031544447828055176
29,0.08250952954287813,0.8797499202415175,0.013488972929203591,0.0009860032479251134,0.02326557403847563
30,0.033851272694737644,0.7502295724623169,0.19477777959130127,0.00041302633157626887,0.020728348920067873
31,0.011022993004918406,0.8949602213165064,0.08285564253020025,0.0003319238008157719,0.010829219347559146
32,0.044628542650780305,0.9336051627718547,0.007188384546335503,0.0003482541660330239,0.01422965586499649
33,0.016176998759807697,0.8769040623684233,0.09970805438421172,0.00011792212502789548,0.00709296236252949
34,0.01754071415246122,0.9023863201266967,0.0730735374191851,0.00011145641119714998,0.006887971890460128
35,0.01339864262216605,0.5348279368100017,0.4306925361445498,0.0001066934640961268,0.020974190959186397
36,0.016928803382077088,0.8489979155736491,0.116452119503343,0.00015507475955480227,0.017466086781376053
37,0.003878621403439635,0.5371505819705952,0.447453701337319,0.00013441373757723096,0.011382681551068965
38,0.0019674549243764126,0.38474032659393465,0.6044839387445756,0.0001895650953168884,0.00861871464179646
39,0.026290300957019373,0.35504912487022294,0.05986918916413385,0.00036512538656783265,0.558426259622056
40,0.39445942299294645,0.20428258077745404,0.0012761349363058264,0.0009673149994580303,0.39901454629383576
41,0.017245868714026304,0.8788762567305841,0.08796439839992418,5.798865132107326e-05,0.015855487504144127
42,0.0324870063643217,0.5530263244690562,0.3737985624973401,0.00014051038314916013,0.040547596286132755
43,0.024407339549790793,0.8820639785309558,0.08317600540481493,0.000206041977264325,0.010146634537174034
44,0.0017375607386010774,0.39229095754181825,0.5984563189603705,0.00010752759185113656,0.0074076351673588395
45,0.004946061309937323,0.37728120218567296,0.6004603898091515,0.00019534056688450417,0.017117006128353693
46,0.0028408117799007117,0.4266946643453469,0.5645921175679173,9.232598757727394e-05,0.00578008031925773
47,0.010900377496522128,0.5785671861766227,0.3115347328324349,0.0002567564057597447,0.09874094708866059
48,0.0014709047414350042,0.22247551061902612,0.772397630237413,4.900753765054637e-05,0.0036069468644754177
49,0.0023479398139802693,0.2770582676865916,0.7146216493622419,6.308346844178457e-05,0.005909059668744467
50,0.0022011938999032333,0.1526620896107746,0.8372559510338011,0.00015304267962408497,0.007727722775896923
51,0.0015952405356617764,0.21707758084417103,0.7693013167932582,8.064496614319023e-05,0.011945216860765768
52,0.0014422195550804063,0.21895393240755462,0.7667835442075053,5.2514573154293055e-05,0.012767789256705485
53,0.0007485547529910717,0.18985450202353107,0.8059382459955526,4.6318441138398454e-05,0.0034123787867868464
54,0.0011126018907603482,0.15118936995378773,0.8449367783506202,3.611295151694463e-05,0.002725136853314851
55,0.0046163374821598805,0.32520580334166727,0.6642517515671822,9.73485807864935e-05,0.005828759028204063
56,0.002013095867852785,0.2047215351795831,0.7841673040205538,6.268633203793799e-05,0.009035378599972457
57,0.0030824828759938375,0.23453551480489723,0.7558831282245221,7.400648700556261e-05,0.006424867607581324
58,0.0037965739199981793,0.3587208850525877,0.6286112875670163,8.774845310950216e-05,0.008783505007288323
59,0.0012050692453322949,0.20835090357354605,0.787469062244834,2.2411587337065494e-05,0.002952553348950712
60,0.0004795228218274918,0.10196282998812696,0.8966182920551014,8.070231021272139e-06,0.0009312849039230454
61,0.00028677408922775615,0.07175811217577491,0.9270675823745219,3.332923927535265e-06,0.0008841984365477709
62,0.00010801641464616799,0.035101767935694465,0.9641211925270865,3.178886666210142e-06,0.0006658442359065545
63,0.0002513367235687145,0.06877937877296851,0.9299709313534712,4.764897736875948e-06,0.0009935882522547129
64,9.062686765450933e-05,0.029428415284049263,0.9699887563293826,2.389848341694532e-06,0.0004898116705718955
65,9.811125528323595e-05,0.037646910833390515,0.9615855677214064,2.856419792270885e-06,0.0006665537701274579
66,4.7708964031085535e-05,0.013015977857697664,0.9865212537282675,3.8266632670197104e-06,0.00041123278673686005
67,0.00014719259714762959,0.03717456238953916,0.9620087009665991,5.540901724979539e-06,0.0006640031449891137
68,0.0002315516094404633,0.05286971921865546,0.9457546288587202,6.7271670458600226e-06,0.001137373146137931
69,0.00016796674686304588,0.03976830367073809,0.9589468620995247,9.543260399365417e-06,0.0011073242224749723
70,0.00011566623520165135,0.03843443099171696,0.9608194813976163,6.378307958368235e-06,0.0006240430675067005
71,9.434779929474256e-05,0.03690214599200005,0.962192571600567,5.502184739193792e-06,0.0008054324233990719
72,0.000245765441936217,0.07907516764006531,0.91901841234272,1.606319946709458e-05,0.0016445913758114624
73,0.00025387164646667763,0.060184820149784185,0.9388318715364263,1.1110514138799352e-05,0.0007183261531840185
74,9.710251713872967e-05,0.02663181198596792,0.9728335656350401,4.601645915108397e-06,0.0004329182159382357
75,0.00016069181320449164,0.03610860870892237,0.9628084724974498,8.533827227079723e-06,0.0009136931531962202
76,0.0004580910318793112,0.08232015868699492,0.9153635627045851,1.903387168504968e-05,0.0018391537048556993
77,0.00039934464840265095,0.04416405547102944,0.9543757156760694,1.6074995212980106e-05,0.0010448092092856047
78,0.0006952963408941192,0.07242584091067181,0.9254080098004914,1.790498577053465e-05,0.0014529479621719584
79,0.0005787614653375011,0.08595370442066551,0.9124290465373661,1.9452055478250973e-05,0.0010190355211527528
80,8.857103822461445e-05,0.03819368260076693,0.9612689575426799,4.310005077666565e-06,0.00044447881325098505
81,0.00011087994580158547,0.029127066639258292,0.9700700606565835,6.780431452534127e-06,0.0006852123269041039
82,0.00032378989503028605,0.06870816253357674,0.9301055960695922,1.0156490757895116e-05,0.0008522950110430501
83,0.00010943429539148416,0.03169059821802441,0.9678700732747164,7.689525980187463e-06,0.00032220468588739276
84,0.00024818737664108093,0.05275932519568765,0.9451741922841733,1.3889545029774724e-05,0.001804405598468293
85,0.00020320456188437563,0.0488073306562357,0.9503682841219927,1.2503766568113015e-05,0.000608676893319181
86,0.00010379005193728602,0.028140006961628442,0.9712478823625231,9.718589969856179e-06,0.0004986020339410972
87,0.0002444032149920683,0.08006377248307199,0.9181233751337236,1.1986362775436622e-05,0.0015564628054372323
88,0.0001609708239225427,0.04814793356864921,0.9510459739093148,6.8926571638969645e-06,0.0006382290409495959
89,0.00030094184976210697,0.04517150464079147,0.9531680880214987,1.4527568692257384e-05,0.001344937919255601
90,0.00010674462508634322,0.03174676362380617,0.9677731553595047,5.730249933889406e-06,0.00036760614166875445
91,0.0001494383952324927,0.06135318219433608,0.9375629300633533,1.2918193735898649e-05,0.0009215311533422144
92,0.0004588400074477447,0.03347721855878872,0.9641802220099093,2.7473474766748613e-05,0.001856245949087388
93,0.0004624220070681069,0.04666147176808234,0.950941558603437,3.8889236278677816e-05,0.0018956583851337892
94,0.006285835790418686,0.1289479470142847,0.8549501638529236,0.00014652863123661175,0.00966952471113628
95,0.013195404206002842,0.22114164323903643,0.7518910032465871,0.00023599715266597307,0.013535952155707718
96,0.001989455896471724,0.10541453574040349,0.878692909772274,6.321720981737693e-05,0.013839881381033562
97,0.0034695052798604897,0.07972574863015003,0.910209788179363,5.118448722793747e-05,0.00654377342339852
98,0.0010522453755702115,0.03594300425072836,0.9612499577824904,1.595192128901819e-05,0.001738840669921928
99,0.000667301612930692,0.02595708203044128,0.9698340802343955,2.047843445541273e-05,0.0035210576877772164
100,0.00016360325629396547,0.019851166820870247,0.9790949630958868,1.4321156337080355e-05,0.0008759456706118608
101,0.001286635168239212,0.040089868025438576,0.9544656566811189,8.08302273967194e-05,0.004077009897806551
102,0.0002030748128027053,0.016350542773684685,0.9828678635558636,1.2766987098700949e-05,0.0005657518705502129
103,0.0003316004513060785,0.01794833285235597,0.9808756482058,1.6602622679155235e-05,0.0008278158678587648
104,0.002373884838851519,0.07413380930365142,0.9187196725803904,6.608086569264145e-05,0.004706552411414121
105,0.007498461065121218,0.14695992522746779,0.8328710371622152,0.0001691721513779156,0.012501404393818014
106,0.0023784728722261736,0.05845083695473323,0.9268884059198266,0.00010331470263870023,0.01217896955057525
107,0.005277568648420349,0.08619385712194437,0.8998769252643618,5.069080462887226e-05,0.008600958160644531
108,0.004128172348105732,0.08360736678114447,0.9023226900504024,4.741527253033426e-05,0.00989435554781712
109,0.008504445653186582,0.09637551945822559,0.8835379083958996,6.616083875253245e-05,0.011515965653935645
110,0.0020510281455403136,0.08636673946099128,0.9049052112002509,4.3984773240205797e-05,0.006633036419977192
111,0.011660333640372018,0.15363322071554222,0.8173832379341531,0.00010657589232267357,0.01721663181760985
112,0.01132910399822165,0.18116490633439647,0.7912011974103881,5.7416178794567605e-05,0.016247376078199254
113,0.005433556988191181,0.11380524057787604,0.8736328049497044,5.5644707181394164e-05,0.007072752777046948
114,0.0027354393904653372,0.06635241585904635,0.9244825860702811,3.751936426983889e-05,0.006392039315937236
115,0.013430856553659954,0.2064729053862823,0.7561172762915084,0.0002289156993288675,0.02375004606922053
116,0.00499489295909143,0.09693997569503579,0.8920146066177167,4.588650719312089e-05,0.006004638220962867
117,0.0027780255560113805,0.062266564601740806,0.9297194347043998,3.460210855587002e-05,0.005201373029292019
118,0.004071751576736634,0.10942264558581948,0.8791112086738416,8.38062499457182e-05,0.007310587913656741
119,0.002115744272178844,0.053282877366725954,0.942252333258747,2.7378578145163228e-05,0.002321666524202863
120,0.0009647013787352891,0.04287641604389304,0.9554820775311548,2.456204751969998e-05,0.0006522429986970719
121,0.011073015275856376,0.1687421909673743,0.814766221720284,0.00012921506570139456,0.005289356970783735
122,0.0016337806338497269,0.04841460917115376,0.9479445738339766,9.218733648438249e-05,0.0019148490245357642
123,0.003827155381155092,0.09109503362053205,0.9017646254365845,0.00029321624103376137,0.0030199693206946505
124,0.01445327655021928,0.10430695459573393,0.8533812940527207,0.0008012947033988177,0.027057180097927326
125,0.012164681347850363,0.065132674631175,0.8877535392196816,0.000833737965814004,0.03411536683547909
126,0.06620924547345117,0.16140382123732,0.3247122493314536,0.02854084560430823,0.4191338383534671
127,0.018553040562775947,0.003344653539976245,0.004318840295568596,0.003994708811227742,0.9697887567904515
128,0.00633303820635499,0.0015820278798343846,0.0003563394940246187,0.0007116527416633205,0.9910169416781227
129,0.0802822815689723,0.002741207447725071,3.78090036841222e-05,0.00116719637719503,0.9157715056024235
130,0.02945782562130396,0.002827533698356172,4.299559005679104e-05,0.0002065845128549046,0.9674650605774283
131,0.05127863064908991,0.009263541295308871,0.0001925574476342417,0.0018485045774897719,0.9374167660304773
132,0.07095734646478218,0.005461037036096154,0.00011509929268209849,0.0019886918668540776,0.9214778253395854
133,0.007722185531684923,0.0026748996282882436,0.00013702019423895325,0.00040271792060691814,0.989063176725181
134,0.009114610051826297,0.016150910393982452,0.00014598418657349994,0.0006772314775979623,0.9739112638900198
135,0.01129563685997435,0.04562539650744947,0.0015054820780358983,0.0003628577479647381,0.9412106268065755
136,0.019673081747120683,0.041747592851038566,0.0052445599218179165,0.0006719743734289237,0.9326627911065939
137,0.005093405436699522,0.032007105125367835,0.0028753597119529875,0.0001996969064510826,0.9598244328195287
138,0.012958615675270508,0.10583197912932735,0.01591459287660787,0.0012349832866353403,0.8640598290321589
139,0.06378786293558789,0.3277794358893339,0.0010953916405581565,0.002238513802229498,0.6050987957322904
140,0.027868132290293588,0.5730362694656937,0.1836842746100553,0.00251284958919362,0.21289847404476384
141,0.01659408100981971,0.6251421740133343,0.1893730447618099,0.0019822954290797594,0.1669084047859563
142,0.03592356281435978,0.6757551373094849,0.004890872839732387,0.004306291769941278,0.2791241352664816
143,0.020005158681205257,0.7309175193838382,0.12856886243116722,0.0012761886498987602,0.1192322708538907
144,0.041110108075896226,0.781823118566278,0.0308264010182633,0.0023698032334072234,0.14387056910615517
145,0.02895768052031025,0.6709133388838165,0.201757108726842,0.001353769312599234,0.0970181025564319
146,0.04067142231299641,0.6418616747753833,0.015627145086555917,0.0026453114614592072,0.2991944463636052
147,0.022329168397186933,0.8096457805561215,0.12619792582636183,0.0008633195574805423,0.040963805662849316
148,0.053857274551046316,0.8028696214946957,0.030607429657607096,0.002152823239601735,0.11051285105704915
149,0.046583666207661446,0.8925753057827474,0.026328688783404806,0.0019243966975994431,0.03258794252858721
150,0.017062302585338977,0.6793492823948969,0.28074788563492664,0.0004149645369243701,0.022425564847913103
151,0.05626198064787209,0.9221536195167189,0.008412727563496179,0.0008601963270533405,0.012311475944859407
152,0.025323046403972403,0.8109777184600145,0.15428387593279502,0.0004682107694323804,0.00894714843378552
153,0.026605257241222178,0.9142735249691093,0.05328427214258554,0.0017729989193250063,0.00406394672775805
154,0.014258930008624984,0.695566397721396,0.2825508232246963,0.0024109383583875332,0.005212910686895161
155,0.061526434198746975,0.8953687895756508,0.026691112639435795,0.007444318452986235,0.008969345133180293
156,0.0096882510621092,0.9754424945998562,0.01167755187162121,0.0013371843684246141,0.0018545180979889972
157,0.016271715544385192,0.8183213963539969,0.1578378739560742,0.0017845025139351554,0.005784511631608442
158,0.02571609648250357,0.9221406425163103,0.04812643591717023,0.0015214436819029626,0.002495381402112648
159,0.013956159741362238,0.6659580101562346,0.31460022106175967,0.0007460531767353298,0.004739555863908079
160,0.012101862455748388,0.4997336061357756,0.48336664151888303,0.0006436334850460167,0.004154256404547037
161,0.014263855250330104,0.8694555129121924,0.11207262001568695,0.001638760364459313,0.002569251457331166
162,0.0041306875458870344,0.34553930869364413,0.6460590401380034,0.001505950284476036,0.002765013337989195
163,0.0024779888015561266,0.33571587113752877,0.6565788544608289,0.0014908185737821295,0.0037364670263039007
164,0.0039382578160496295,0.31490165373286905,0.6753467406144976,0.003762486587739252,0.0020508612488444465
165,0.0019225438923488472,0.3166512089874915,0.674583177625431,0.004304559710357501,0.002538509784371231
166,0.023285552489147158,0.7502269361836498,0.197834333915791,0.013340162966486628,0.015313014444925605
167,0.060451628240176664,0.886622665839992,0.021371166574154696,0.021955461678133822,0.009599077667542744
168,0.027535857449782396,0.879236151963751,0.07142368938025882,0.01463881548383346,0.007165485722374129
169,0.04634032512840261,0.8711278508791338,0.0301644252948048,0.028209298367454907,0.024158100330203713
170,0.05002495145110288,0.8491260618635933,0.016203344799406067,0.06994456686666753,0.014701075019230165
171,0.05727213844694641,0.6558780220241766,0.00786768522035851,0.2620480130257505,0.016934141282768055
172,0.08465637466732222,0.6573806256795741,0.005607837612541829,0.18484409312911487,0.06751106891144702
173,0.10068497278768093,0.0993606685791389,0.00023589022716406094,0.7762103883102643,0.023508080095751754
174,0.08306303548418437,0.19811045647383888,0.00022722398632518017,0.6551321116355742,0.0634671724200774
175,0.1282903294830608,0.12497604270173188,0.0004136378848884545,0.6464910316800392,0.0998289582502796
176,0.0741781570071821,0.015339934956174217,3.774592832972762e-05,0.898007344066834,0.012436818041479902
177,0.0795526701330492,0.0444163380848405,9.49948147668526e-05,0.8590466726632621,0.016889324304081552
178,0.07802164389885367,0.024695562640031025,0.00010606370781958195,0.8805126994983213,0.0166640302549743
179,0.13515478345994109,0.0271012506055174,0.00017125667020258598,0.7928643995004138,0.04470830976392511
180,0.0253761701406356,0.0029268365673464514,2.0569585630943278e-05,0.9648433623332581,0.006833061373128849
181,0.04751983771208766,0.005853765185215214,3.320403563811908e-05,0.9399783917925728,0.006614801274486063
182,0.050613978866776044,0.007302996709423163,3.398176177502074e-05,0.9368827499645805,0.00516629269744533
183,0.11009199510815586,0.00828094991848219,4.809998916263132e-05,0.8743596137431933,0.007219341241006058
184,0.023616639069401056,0.004405702944972298,3.451484916578285e-05,0.9687936961580981,0.0031494469783626897
185,0.012986082975140997,0.003933159750747606,1.513357503103512e-05,0.9812135509740574,0.0018520727250230047
186,0.014380300279537728,0.01829929766253952,6.945355152810516e-05,0.9647883909820405,0.0024625575243541714
187,0.01984968800478261,0.008953706974752208,5.607773840125384e-05,0.9667779860971709,0.004362541184893182
188,0.017735373771564738,0.007998448747715976,3.663226082231481e-05,0.9701868087132095,0.004042736506687616
189,0.028908179543093594,0.0066569469322546575,1.8704185585562108e-05,0.9573551272487882,0.007061042090277846
190,0.11122068263222881,0.10699203380685748,0.0007903744758001733,0.7425528038543743,0.03844410523073926
191,0.18951083407126867,0.01952570111510524,0.0001126240562199185,0.7754838012296965,0.01536703952770978
192,0.18052053571689144,0.025645699712269886,9.420148871266826e-05,0.7793365760480019,0.01440298703412408
193,0.06602400911238396,0.0167441647963195,0.00010393824743328512,0.905132853509039,0.01199503433482416
194,0.09025253324192761,0.007761861523850321,6.609295195021435e-05,0.8888498933975117,0.013069618884760138
195,0.12340650682444633,0.024722385117597837,0.00012570834324704828,0.8389473716335754,0.012798028081133483
196,0.1347533638312236,0.022313721480907874,7.192791124458176e-05,0.8203168561702758,0.022544130606348092
197,0.2220723501873478,0.02426291908124902,9.653135917935976e-05,0.739233047894958,0.01433515147726586
198,0.2648211822089256,0.025377924718541972,5.1675486157088906e-05,0.6808115779526022,0.028937639633773306
199,0.3387299003317578,0.2619735077034056,0.00014944837386429927,0.3710687100668157,0.028078433524156697
200,0.14110636773955434,0.2516604305240318,0.0006001884931248071,0.5790023611262776,0.02763065211701154
201,0.18456808516651066,0.24288401335806822,0.000566743543172981,0.5312476608955021,0.040733497036745954
202,0.06764354133789846,0.038600827368000634,7.958882909108486e-05,0.8759739468907598,0.017702095574249968
203,0.077794239400168,0.04415580790662283,7.745902032187493e-05,0.8714955908694675,0.006476902803419768
204,0.07798150115537306,0.021311312785117553,7.980098413069389e-05,0.8914559066957498,0.009171478379628908
205,0.2411123143632122,0.06169178089513558,0.0001280142834748994,0.6827988693169303,0.014269021141247026
206,0.0835917860190924,0.021360505807633896,5.620767114104299e-05,0.8901465244717001,0.004844976030432568
207,0.14306457767721376,0.03645297602075254,7.49878940509697e-05,0.8139946701737275,0.006412788234255085
208,0.11234144286811816,0.06803611363576786,9.748703484822069e-05,0.8159004340660669,0.003624522395198831
209,0.18278348093017763,0.4164209763194852,0.0002033295080913112,0.376909004938869,0.02368320830337699
210,0.2646209489863064,0.28697232372837134,0.0001553752757535058,0.4397792039182792,0.00847214809128952
211,0.09211233241696128,0.8094126144297143,0.005760678580076943,0.07819448633645136,0.01451988823679617
212,0.07936910903464327,0.8538458542529646,0.012092814596622342,0.026682416321600427,0.028009805794169333
213,0.16413848586882854,0.71392091504644,0.001565291984350457,0.09688863005999643,0.023486677040384527
214,0.011511718587968152,0.9612090830848645,0.01151165949555092,0.0038288728847642194,0.01193866594685189
215,0.017475817997339754,0.9413089485431253,0.008456603499195733,0.006893196441303273,0.025865433519035877
216,0.14601888581445127,0.5545876805132366,0.0005874920436338696,0.1427894533593833,0.1560164882692949
217,0.01937637059888625,0.010589629779844154,0.0009626889053528713,0.008260389048241785,0.960810921667675
218,0.0716923416409975,0.03901343734348501,0.006538133386396577,0.009775180422985153,0.8729809072061359
219,0.09181745684845692,0.00807347294170815,3.683826637288574e-05,0.005898867827348058,0.8941733641161139
220,0.8544405687901777,0.05908422363784236,9.996884035973167e-05,0.021193943744361676,0.06518129498725866
221,0.09540401679852756,0.7447527552261894,0.003563329066585293,0.010213951527803137,0.14606594738089476
222,0.6552139059986286,0.23873560774657612,0.00025808561352494246,0.03542191614685419,0.07037048449441621
223,0.04103135522756607,0.9117728986876578,0.01202976606571711,0.01627895060162955,0.018887029417429573
224,0.06980798235783812,0.7781580199904471,0.048032273408136976,0.061874074701738516,0.04212764954183934
225,0.01584317411656686,0.9109815482974474,0.04491836242084779,0.01782159673650068,0.010435318428637333
226,0.060641047325764995,0.7137682450919782,0.0021161732404536,0.21072232595122595,0.012752208390577224
227,0.04115113886185139,0.7873607388094412,0.1066310661134418,0.032968810417329714,0.03188824579793583
228,0.07082185223862113,0.8448759787496389,0.007793082738219345,0.04220076644294787,0.03430831983057262
229,0.05575674567929179,0.922218368304347,0.0030439463818855163,0.01223405864766701,0.006746880986808691
230,0.07323152412203908,0.8809730610982862,0.01098772547107998,0.017925448009909396,0.01688224129868518
231,0.1169396182751637,0.7975052027362038,0.02571207539806098,0.03068224525915964,0.029160858331411816
232,0.04564643604172802,0.9316397601922037,0.00370235575846426,0.011883001018782622,0.007128446988821273
233,0.04760670365178877,0.8258088647019688,0.09545036113560461,0.008834749190406315,0.02229932132023175
234,0.07061087133536995,0.8426106639702304,0.03714521012556755,0.01898493703608006,0.030648317532752017
235,0.05002804918318663,0.8824646642608274,0.018261364777857936,0.01637900100812178,0.032866920770006317
236,0.031104307696039394,0.9072547615481618,0.026781557784901648,0.012527952744166036,0.022331420226731125
237,0.1667063246311865,0.20400401286164793,0.013694895380850336,0.01634816129426629,0.599246605832049
238,0.18480769556810875,0.06599101336908005,0.00025353610341175665,0.01777501178480827,0.7311727431745911
239,0.11991074975145821,0.8003694854050157,0.023577372577357737,0.007538909718294625,0.04860348254787373
240,0.25021022346476524,0.7257494934339093,0.0017459415812712798,0.009266070895568957,0.013028270624485387
241,0.015086733466165719,0.9677621549603389,0.010648740971615897,0.0026112958448038007,0.00389107475707552
242,0.015313401429762674,0.9229773351761255,0.011955810815375952,0.0059519455424498855,0.043801507036286096
243,0.10634935743315979,0.8024692053692334,0.004420472966588246,0.012239328804970041,0.07452163542604853
244,0.02911141598161673,0.951125832858396,0.008616250880386749,0.0033676710291997295,0.007778829250400866
245,0.08185483190073231,0.8848517119570459,0.009274389477041164,0.005132443800684574,0.018886622864495925
246,0.03742762029569605,0.9586474900153307,0.0005092519804249569,0.0008555401774606794,0.0025600975310877223
247,0.013874083730932091,0.935062979975995,0.04788780007536959,0.0007481263334941447,0.002427009884209139
248,0.02400911231540534,0.9686001769441206,0.0012518133118007194,0.002469874341644134,0.003669023087029467
249,0.007360790966742097,0.9852873900441598,0.0049716923641321045,0.0006448054852810517,0.0017353211396851042
250,0.011314812621693036,0.9427107856296947,0.04180488502212731,0.0012500018361791053,0.002919514890306015
251,0.02277970557160325,0.9131870974937236,0.05829152888850542,0.0019110332358958657,0.0038306348102718716
252,0.011019529868008181,0.9096265553433356,0.07585407818108916,0.0012525965726679776,0.0022472400348991896
253,0.009429264248069535,0.9146810972467129,0.0707567406204731,0.0018325501474093801,0.0033003477373351694
254,0.01449017820246282,0.9088503584114362,0.06612104807792082,0.0027136272279602914,0.007824788080219535
255,0.37406690647597424,0.23555875532462187,0.002995481485546727,0.027515877667303356,0.3598629790465539
256,0.12174197440516266,0.819719013932637,0.012866212256093957,0.006820707495915611,0.03885209191019076
257,0.08551190863271413,0.8835116851264627,0.01458734499020562,0.0016782902063988449,0.014710771044218881
258,0.11546450244272666,0.8702776064401004,0.004224264310193112,0.0028710104862892266,0.007162616320690373
259,0.016732695875072947,0.9027292018891636,0.07501562911748101,0.0014890842892796156,0.004033388829002808
260,0.004525756563479161,0.8781036614536721,0.11122755454997317,0.0005977990487289314,0.0055452283841464795
261,0.003044779696722484,0.7382636094118262,0.2541790504713636,0.0007222222420696643,0.0037903381780179718
262,0.008167103521882949,0.9483891046255069,0.03799540648734822,0.0015242024117195915,0.0039241829535424915
263,0.0029611493110890427,0.9452610912746159,0.048735913690220276,0.0007358286489965554,0.002306017075078202
264,0.00403165697556257,0.8315219763546043,0.16197850266108965,0.0005028626886245069,0.001965001320119024
265,0.002504721089727275,0.8559942205897392,0.13855028817560544,0.0008568833887442472,0.0020938867561838934
266,0.04644564402688421,0.06241037016678423,0.006421804581514307,0.0006698247430830149,0.8840523564817343
267,0.11720268672900236,0.8366529425101302,0.002581888062268353,0.0011115013205152673,0.04245098137808362
268,0.02361863593568165,0.9702532770026108,0.0010695381195093665,0.00021410599879018042,0.004844442943408317
269,0.030735385410652686,0.8733103249130675,0.08032880041812018,0.0003100728003166067,0.015315416457843123
270,0.020623537838767733,0.9722807048830547,0.003132657696004239,0.0005912257992591273,0.0033718737829140323
271,0.006151369324626566,0.9168594667667314,0.07316348088495357,0.00019288738342001474,0.003632795640268355
272,0.004874770786855083,0.6960679846028749,0.29636817134334986,0.0003196739451884734,0.0023693993217317457
273,0.008014321869136221,0.9385648134318332,0.05126666892521797,0.00021404453007629412,0.0019401512437362421
274,0.013011594885036525,0.6912064536293805,0.29109666218959074,0.0007352562081871095,0.003950033087805101
275,0.004971648693263972,0.7814929263553686,0.21098918572223194,0.0003951361738067691,0.002151103055328815
276,0.012199832347385255,0.7131024077886261,0.2661044018802343,0.0012038689071297594,0.007389489076624632
277,0.016754632605625458,0.9123282103504504,0.06460340093083317,0.0014304028448208442,0.004883353268270194
278,0.003603615937443104,0.6339309311013253,0.35817656830015643,0.0009935549105244273,0.0032953297505507466
279,0.0115312315414359,0.6248435863076897,0.351562358229966,0.0022086000092134536,0.009854223911695015
280,0.014644723161958266,0.6916601854826989,0.28179381191262204,0.001973653644747903,0.009927625797973008
281,0.01076537049815079,0.7222090012322901,0.2564954673801324,0.0009987685721428573,0.009531392317283829
282,0.005773078314432228,0.4846513382929206,0.505798438989083,0.0008819377945097671,0.0028952066090542944
283,0.004134594298691264,0.6683852415566732,0.32081619192591876,0.0012322523189755865,0.005431719899741068
284,0.006431371172180213,0.6262237360508097,0.3535857539016588,0.002042226263618458,0.011716912611732742
285,0.004666004123397875,0.5003783847446346,0.4855639479332073,0.0017157043540185647,0.007675958844741709
286,0.018493444418534212,0.9751739909622071,0.0011374342790172662,0.0014539168595546752,0.003741213480686595
287,0.0024216477774154986,0.4805145479628325,0.5141006079385542,0.0005052456053015829,0.0024579507158960616
288,0.04827730504761298,0.9307335651043058,0.014091499494464121,0.0017769173443697522,0.005120713009247309
289,0.011877842070534881,0.9157439265160763,0.06762092094410102,0.0007509916386360513,0.004006318830651779
290,0.006059879404450786,0.941917677097722,0.049842866659845234,0.00042006709706271116,0.0017595097409195916
291,0.009641263712986082,0.7370781719156143,0.25065545288746166,0.0006811364934054339,0.0019439749905324594
292,0.003813361099517842,0.722344847245908,0.26876926742286045,0.0005693985092273991,0.0045031257224862845
293,0.0015707237975913476,0.3376174482318308,0.6595757574940948,0.0002882722811303919,0.0009477981953526825
294,0.003957843348205823,0.6354418125407018,0.35736344115235635,0.0007108607840415861,0.0025260421746944287
295,0.003151918792091821,0.4672764076888747,0.5266953951158202,0.0005974188921246845,0.002278859511088694
296,0.002441367737665329,0.33338227274665366,0.6604784851949623,0.00046460483847262057,0.0032332694822460864
297,0.008066999814322328,0.9222624320670133,0.06581716711428465,0.0008773410342334329,0.002976059970146053
298,0.0017118400612663666,0.3889931935396933,0.6080633246077538,0.00015338676860506375,0.0010782550226814175
299,0.0020354117978531104,0.7636290857391529,0.23224711963837907,0.0004031238806506945,0.001685258943964054
300,0.00048566117759742697,0.3011525463756349,0.6977790361201683,0.00011230068718104085,0.0004704556394181961
301,0.0002674801675626301,0.19256457481287872,0.8064486398983284,6.711127802944615e-05,0.0006521938432008463
302,0.00528496214024529,0.7708692308059476,0.21755224143807422,0.0007298143909891839,0.005563751224743638
303,0.0010687211187414712,0.8791763927705949,0.11851056925405852,0.00017975634826472876,0.001064560508340156
304,0.00022216655606169166,0.1968843898211718,0.8022326515843172,4.435904814087426e-05,0.0006164329903085029
305,0.0011959403503016086,0.43055590908867736,0.566292991708604,0.00014151936265453823,0.0018136394897625607
306,0.00023396080974619695,0.19384499301882446,0.8052463899120778,3.076711219976835e-05,0.0006438891471517563
307,0.0008068677445321372,0.2504790261775171,0.7469749966796796,0.00013363013486180448,0.0016054792634093709
308,0.0015494354710693537,0.6242879170024477,0.371867665953663,0.00018174474576509666,0.0021132368270548305
309,0.000953989942534688,0.2240366150233919,0.7731864312685113,6.75455824596863e-05,0.0017554181831023524
310,0.000490668531190607,0.20903120870851027,0.7897774885706706,8.102977759823981e-05,0.0006196044120303253
311,0.00023623713485609586,0.0564508581111276,0.9428607723597682,2.296648025279859e-05,0.00042916591399518923
312,0.0011279093266713274,0.363520912471633,0.6334155957528558,0.0002454178537676429,0.0016901645950723888
313,0.0003224563750529943,0.12682595281554354,0.8723572378166112,4.277373290652365e-05,0.00045157925988584713
314,0.0006790450465143131,0.20340247365030298,0.7944720262620312,4.7666892427312524e-05,0.001398788148724373
315,0.00019908077245379583,0.20381229816878813,0.7957372399486882,1.2749358525841678e-05,0.00023863175154383495
316,0.0009083502570079869,0.2325143366331802,0.7658330517032619,5.526039105043071e-05,0.0006890010154994716
317,0.00027415141741771507,0.14405969326546955,0.8553079691911459,1.9812350510045172e-05,0.00033837377545669
318,0.00023185391507340672,0.1994969662900647,0.7999559307546321,2.167868999168507e-05,0.0002935703502380752
319,0.0003168891621368623,0.1576160268490132,0.8416522916503261,2.63568031056196e-05,0.0003884355354183395
320,0.00020745035559398644,0.10728480995469612,0.8921384161343138,2.9409078713449308e-05,0.0003399144766826172
321,0.00013059082508754742,0.07660160252021135,0.9230091429428594,1.8104576286597776e-05,0.0002405591355551618
322,0.0005178812112656519,0.08709318401494479,0.9115437970911603,3.6842106601972527e-05,0.0008082955760271913
323,0.00024352314918536872,0.05463699401691387,0.944640374085993,4.59214070247636e-05,0.0004331873408830824
324,6.005592359363691e-05,0.03796739583120277,0.9618054399871062,1.489822110967174e-05,0.00015221003698780334
325,0.00019759641141913533,0.05183982686912121,0.9476082966412805,2.7845814375406143e-05,0.0003264342638037806
326,0.00018477873829289928,0.0642748161122726,0.9349745856593586,3.539862920728607e-05,0.0005304208608687545
327,0.00024043107336246217,0.04343546990940752,0.956066575003032,2.8356245776392735e-05,0.00022916776842132224
328,0.0007206304212816194,0.11900280629095634,0.8794903969809631,4.701494778229555e-05,0.0007391513590167194
329,0.0005945960330668678,0.14608247354282272,0.8528028082054222,5.195837499265022e-05,0.000468163843695507
330,0.00021274122677175872,0.04064329048354113,0.9589326524255785,2.1746426581292647e-05,0.00018956943752727748
331,0.0009476956652248313,0.08931156385605121,0.9088631493714409,6.308596971783458e-05,0.0008145051375650403
332,0.00029107609011038907,0.054798765258885745,0.9446958239437394,1.6268306829320026e-05,0.00019806640043503132
333,0.0008611494015673353,0.10792211559822824,0.8902480517952568,6.427770571440377e-05,0.0009044054992330718
334,0.00022470089495835947,0.07625255990334469,0.9231615053511734,2.821505674250393e-05,0.0003330187937810826
335,0.0001172219203133887,0.04425959529971203,0.9553596360051306,1.8775387537678572e-05,0.0002447713873062398
336,0.00015189276479112872,0.05750069297514224,0.9418833129611273,3.821883477058001e-05,0.0004258824641687659
337,0.00016078589407137362,0.05491933879819688,0.9440804901166806,8.660755807178081e-05,0.0007527776329793936
338,0.0005696580804482199,0.13374034330055906,0.864007904980087,0.0004407485395073644,0.0012413450993983184
339,0.0010080575629987571,0.2778423135271311,0.7178184666413575,0.0005104467106935878,0.0028207155578190003
340,0.003477238299307706,0.2159385485957506,0.770579023230561,0.0007335078378043759,0.009271682036576441
341,0.002102277341919941,0.1598740634734555,0.8270688218347291,0.002096060820848966,0.008858776529046397
342,0.004359480624502819,0.29162355639289067,0.6791773996367265,0.006364883826736477,0.018474679519143625
343,0.1664236307102091,0.6546646070724297,0.05197286652047252,0.07189292666125854,0.055045969035630145
344,0.10031758537638878,0.19569284471176726,0.003935746851174001,0.012662857099827255,0.6873909659608427
345,0.13283932966275508,0.8153746481976848,0.0196109240354244,0.0040410337071781245,0.02813406439695778
346,0.17642893797782658,0.7087462342903227,0.030539347332425196,0.005722944829778183,0.07856253556964733
347,0.2560990884152201,0.7147509078978178,0.0011555599774365336,0.01985238288889741,0.008142060820628039
348,0.024917856947632232,0.9501178620764374,0.01098377199942556,0.010492927895084261,0.0034875810814205092
349,0.008938096721994465,0.8446201254730896,0.13817926304099923,0.0058806265979208525,0.0023818881659958746
350,0.03474141382059953,0.9048148651649071,0.035553850664058445,0.01897285192110853,0.005917018429326375
351,0.006903954866112504,0.780798666737062,0.20034531945114106,0.005062173785519082,0.0068898851601653785
352,0.021570938107682708,0.9268097583841052,0.03781235635961962,0.006104085894425068,0.007702861254167563
353,0.03402427099810749,0.7687418224451056,0.160520905770874,0.003271609026115907,0.03344139175979708
354,0.027168115051723726,0.841910352843563,0.10202583864661291,0.0021691085429089985,0.026726584915191275
355,0.029558721713877485,0.9181142838689949,0.03185165939685467,0.0036314441260674978,0.016843890894205498
356,0.004779921368090005,0.808646087127077,0.18009811403970488,0.001061579950307087,0.005414297514820878
357,0.019313788723093948,0.9601275971024829,0.009388103082466988,0.006897090762258166,0.004273420329697938
358,0.07878585443438096,0.11692092176543549,0.003534071510222193,0.013080671487780287,0.7876784808021811
359,0.31255353707098954,0.41807988674311947,0.002007755541042307,0.015036501604002004,0.2523223190408467
360,0.042475435845504686,0.8970102341067823,0.036844726323686294,0.0011649721866615914,0.02250463153736532
361,0.10493728706575593,0.7690054351387063,0.009294741726301748,0.002971581810594295,0.11379095425864158
362,0.11123267996508483,0.8541071092227489,0.00036466632602415384,0.009448597921565218,0.024846946564577064
363,0.016623617872864444,0.9720222472182304,0.0060501704797284095,0.0014721327014918266,0.0038318317276849327
364,0.017684592916710297,0.968878719827809,0.008345872646602677,0.002098817406885946,0.0029919972019920044
365,0.00804078160611028,0.8024269368537545,0.18232305109684033,0.0024174179941579273,0.0047918124491371185
366,0.009027481812244827,0.025394236730863867,0.0016834863199588377,0.0028793217831104187,0.9610154733538222
367,0.5197453447695423,0.38779781469658553,0.000606618415773341,0.027471785592409502,0.06437843652568928
368,0.032560746280446425,0.8991598337227247,0.022907040657517877,0.001971742451167241,0.04340063688814356
369,0.07894756568978345,0.8894703356530879,0.004461772483812673,0.0022389661822723016,0.02488135999104392
370,0.05724874304418633,0.9020151511463107,0.006401876265981146,0.0229386070584022,0.011395622485119645
371,0.0578314386927371,0.8873092246161881,0.01832505634665617,0.012131545596562142,0.024402734747856404
372,0.0837213112678316,0.8717383612146444,0.0031766096428589075,0.023884906113847797,0.01747881176081714
373,0.09503776397470824,0.8506510108439445,0.004154240974521857,0.036586589341181926,0.013570394865643647
