epoch,N1,N2,N3,R,W
0,0.009667571434304401,0.000615161269667088,2.6798162502906754e-05,0.00036004353885799945,0.9893304255946676
1,0.0033916194485698855,0.0003846555351230073,1.201612230850095e-05,8.208117178081016e-05,0.9961296277222178
2,0.008920646841341348,0.0015752582553728194,3.712420436787618e-05,0.0001625666141125252,0.9893044040848055
3,0.0028624367177789217,0.00048372022506788543,4.184928352075928e-06,5.1486215714485724e-05,0.9965981719130866
4,0.0513151085504139,0.0012858958130575356,0.00021558123584033953,0.00018957692644525165,0.946993837474243
5,0.03858618464566554,0.0011481623660399734,1.3700523981482636e-05,0.00019251110209175885,0.9600594413622212
6,0.16231860841583412,0.010541254683588009,0.00014890688949412815,0.0007983726167485834,0.8261928573943351
7,0.3456853587770747,0.06332636233269348,0.0019292324713093174,0.0021209967097362533,0.5869380497091864
8,0.3140539367772998,0.038709639969185125,0.0008857605727869004,0.005407508987225054,0.6409431536935031
9,0.312417520358194,0.047942031267781814,0.0003784738474970282,0.006858435870087792,0.6324035386564394
10,0.5736265648818063,0.1269843986904758,0.0004926491134965953,0.007753454665655873,0.2911429326485655
11,0.3350824204908094,0.08598817089188374,0.0002955179208022847,0.003472777948167975,0.5751611127483366
12,0.23920248139572683,0.24767493886160818,0.0021991358088744406,0.00216815757910628,0.5087552863546843
13,0.07356177928603777,0.4695297623924652,0.02634374910265946,0.002815163278802224,0.4277495459400354
14,0.05004450781533562,0.03840955146155969,0.00012029023779077034,0.005529922241851213,0.9058957282434628
15,0.0010641286174705859,0.001597279794408546,0.0005956354063287294,0.0028751679194312643,0.9938677882623609
16,0.00022095044616995044,0.00013766250799403747,2.300878202805048e-05,3.524111842121433e-05,0.9995831371453868
17,0.0006683298197261078,0.00011302773612197315,1.5200031499014097e-05,2.857679467675105e-05,0.9991748656179763
18,0.0025581059918291225,0.0001134167858961718,7.896423615718464e-06,4.801976920119347e-05,0.9972725610294577
19,0.00613473980032399,0.0003432378913364523,2.335337916760998e-05,0.0002327984902432904,0.9932658704389286
20,0.10616272414879507,0.002072302793234783,7.455321588680514e-05,0.00033476420638624114,0.8913556556356971
21,0.20394313663751074,0.008455958327005495,0.00013272565703555562,0.0006944163144172358,0.7867737630640309
22,0.09440499612768717,0.018380646718201093,0.0009057567036764911,0.000839406677476207,0.885469193772959
23,0.0010478528442822552,0.00042552817071095687,5.269037170002929e-05,0.00012240636137356704,0.9983515222519331
24,0.004118691359163454,0.0009267642656902863,2.75072823648556e-05,0.0005421437511246718,0.9943848933416567
25,0.022253620379019665,0.001180473728929409,2.8839901718347895e-05,0.0008449420070476646,0.975692123983285
26,0.02030602291624315,0.0004957845657611692,1.453894957811834e-05,0.0003350674439916537,0.9788485861244259
27,0.2322242862628485,0.007409436275062464,0.00012329837904304804,0.0022318096846231927,0.7580111693984227
28,0.6256184413660922,0.026679288236722172,9.751958419294613e-05,0.0008175870508631023,0.3467871637621296
29,0.5422407629431789,0.16687374404061694,0.0001245785592278904,0.0010171814978750524,0.2897437329591011
30,0.20748956374773592,0.7002370746139921,0.001434992929064136,0.0019161360672415124,0.08892223264196636
31,0.14790542975564988,0.7996857308633528,0.008258404230009987,0.0018603032237791937,0.04229013192720825
32,0.0628564887897074,0.9020626120872131,0.015284285883466654,0.0012895086726804968,0.01850710456693245
33,0.026144967005418886,0.9027647415076028,0.05636540360828459,0.0007818932353908952,0.013942994643302791
34,0.051866450507259645,0.9092162278900445,0.014990974057560474,0.0032020043073255847,0.020724343237809452
35,0.05751130123382019,0.8423060460473457,0.042927892136237045,0.003890822264461629,0.05336393831813537
36,0.05781740024262143,0.7690664707804965,0.08885412129523935,0.0030926744882084985,0.08116933319343424
37,0.03911601014558264,0.43610592384402785,0.008863087951291766,0.0021188315275944038,0.5137961465315033
38,0.01569999069605238,0.002774667463511628,5.506387941432147e-05,0.0011899367997919934,0.9802803411612298
39,0.336792550819355,0.20450675723312398,0.005636618372106624,0.0037631968560744205,0.4493008767193399
40,0.32784349214179964,0.19033807254881246,0.012602981282461612,0.004742468910085532,0.46447298511684065
41,0.1718037607216482,0.1141339145617641,0.004102805420428152,0.002564552724254744,0.7073949665719048
42,0.0026973871235641054,0.003268401852809386,0.0002812084937519048,0.0003535045114103858,0.9933994980184642
43,0.006882750624715039,0.0010408409581969737,1.1847918474688837e-05,0.00012298093728229382,0.991941579561331
44,0.6663094012615738,0.004171736777346583,4.33502319645374e-05,0.00024023105422399038,0.3292352806748911
45,0.8574260332844862,0.006655472051670761,3.188216921501015e-05,0.00019801202359632532,0.1356886004710318
46,0.6420309894040938,0.24838839136426147,0.0028696326014615707,0.0005233627859708214,0.10618762384421243
47,0.21789130493859013,0.7698061888010743,0.0018598323359994514,0.0006437678878355487,0.009798906036500615
48,0.09935052445785386,0.8754092958891988,0.015181086776036365,0.000308238669407099,0.009750854207503983
49,0.04137212282059344,0.9036203210829709,0.04594563786734079,0.0002827597898566248,0.008779158439238306
50,0.010336807860903097,0.851994224960018,0.13447493233754645,9.2310731787427e-05,0.003101724109744962
51,0.005257393099937405,0.9330322713715256,0.05775133078230318,6.781673253194961e-05,0.003891188013701749
52,0.009639206924594895,0.9815980141347495,0.004994264009730533,7.35996500031975e-05,0.00369491528092187
53,0.003827586538647534,0.796317640541102,0.19338146760726035,6.411089840254365e-05,0.006409194414587653
54,0.0020285751116573057,0.9464843053999678,0.04980217339250371,3.392837987263491e-05,0.001651017715998611
55,0.0032248975403728008,0.9098638612006282,0.08527786586853665,2.721414137239516e-05,0.0016061612490899204
56,0.003180822275803652,0.47269278129453485,0.5178000663597799,3.711865352941106e-05,0.006289211416352103
57,0.0011972181340458746,0.24713240721474933,0.7482999931891703,3.614143325419978e-05,0.003334240028780424
58,0.00235269400330116,0.3434567646882024,0.6501778465107522,3.358111545924103e-05,0.00397911368228504
59,0.0007268753594795343,0.12907230753871518,0.8664440653541381,2.631248666440815e-05,0.003730439261002806
60,0.00026615237283303985,0.06066024594687735,0.9372480714924682,2.01019809270986e-05,0.0018054282068943723
61,0.00043060525218915083,0.08072999558011273,0.9160945548758778,2.0261504106124304e-05,0.002724582787714297
62,0.00021027697355192293,0.043226135872741274,0.9537536730493126,1.6996460717875557e-05,0.002792917643676269
63,0.0010581959900788143,0.09144432064428648,0.9036485835745064,3.521002220574806e-05,0.0038136897689225913
64,0.0005168317541881557,0.040795208558921374,0.956810748734976,1.4180500007422095e-05,0.001863030451907085
65,0.0014824828166875754,0.06932621481504403,0.9259032167310414,4.409105258510378e-05,0.0032439945846419677
66,0.0012780283542837708,0.07501158888793588,0.9199640973393104,3.0031944704417153e-05,0.003716253473765553
67,0.00045241046942457954,0.04062215808840527,0.9571323283602221,1.7042033379344733e-05,0.001776061048568777
68,0.0006412769366493929,0.04686824277095576,0.9489962730199122,3.118214377056559e-05,0.0034630251287121466
69,0.0004949712093206628,0.04637453485504143,0.9505246583297063,2.188617415324694e-05,0.0025839494317784054
70,0.000329986170086199,0.0471413915795183,0.9507955753511573,1.9284170897549588e-05,0.0017137627283406462
71,0.0007859635225867864,0.05974347169580936,0.9367409077178401,3.186807342652744e-05,0.002697788990337347
72,0.0003963940500704166,0.031079234759210702,0.9668113443729146,2.4810427630295244e-05,0.0016882163901739732
73,0.008426520212595314,0.3205280037688894,0.659939295811204,0.00027616531175546805,0.010830014895555722
74,0.0015115791004042356,0.06018475069442868,0.930891660473714,0.0001256064057542864,0.007286403325698867
75,0.0025970321115255726,0.09295094567166118,0.8948756334207721,0.00023348260431434374,0.009342906191726733
76,0.0066872319333030825,0.13300523176804357,0.8385911369162526,0.0007171784587817534,0.02099922092361892
77,0.0028290352446753023,0.0918002229845327,0.8855618005254049,0.000370819446547437,0.01943812179883973
78,0.004803983468930739,0.15787340011049752,0.7817211411287266,0.0007485076680383403,0.054852967623806904
79,0.007505528422362472,0.0076371948759295745,0.0003736388910452018,0.0026200016050709134,0.9818636362055919
80,0.00191830624130901,0.0022987599903258886,9.175766813814886e-05,0.0001640295933982783,0.9955271465068286
81,0.018689375209945888,0.002688172988053338,1.1982925687692604e-05,0.00035259211036067653,0.9782578767659523
82,0.39416712870265597,0.01066897757294209,0.00015229333139777257,0.0002323336809320883,0.5947792667120722
83,0.6145487693022679,0.03677295870154946,0.00035016233715347647,0.0005478789152964185,0.3477802307437327
84,0.7290672317279941,0.13589476255936986,0.0001612248648480064,0.003538863502254951,0.1313379173455329
85,0.7474489777472947,0.19077526329883576,0.00011158166895978985,0.017685490230865387,0.04397868705404442
86,0.4010651909551451,0.5323620572329378,0.003972550558415177,0.011220569943268402,0.051379631310233514
87,0.16440052204588163,0.780470040411901,0.00708819639518556,0.010733238459282328,0.03730800268774945
88,0.08902071802335212,0.8542050861049829,0.00472716183153985,0.01917015366771229,0.03287688037241264
89,0.028305670236397858,0.9402789165328274,0.005278451639350569,0.016411743074092676,0.009725218517331389
90,0.13888533398558314,0.7710387320754076,0.025028750017281432,0.01646242433459782,0.048584759587129954
91,0.06813704317609473,0.9163180898080827,0.002251199392902908,0.0027038870944045505,0.010589780528515017
92,0.033336082761906846,0.9171451039957885,0.03776822463968569,0.0019782311270623914,0.009772357475556583
93,0.04752035307320211,0.9374442940854992,0.0035201200068562667,0.002580999568184166,0.008934233266258229
94,0.013904019607381503,0.9116880807342604,0.06330797842125828,0.0006707216293564305,0.01042919960774338
95,0.19822330939452745,0.734199004304474,0.0002848246449434204,0.00941894608630553,0.057873915569749336
96,0.14106725888415395,0.8417496600504348,0.0004249459178150552,0.002379214241486761,0.014378920906109335
97,0.02648382186656445,0.9626532278094955,0.00587939808681591,0.0003954154232392667,0.004588136813884867
98,0.10362395432065466,0.8873667941305295,0.0009422639942886008,0.000984782634832284,0.007082204919694856
99,0.033306232353496716,0.9080666301916973,0.05305041124751278,0.00029068635191789523,0.005286039855375441
100,0.059557170096586495,0.9299313893628887,0.003101162924409438,0.0007868770891119194,0.00662340052700376
101,0.011805974331399745,0.937851077971713,0.04628598525278785,0.00011038482793828455,0.003946577616161306
102,0.017463255826722843,0.9675750903671914,0.00827644555776309,7.291465962659427e-05,0.006612293588696296
103,0.012734670375776068,0.9175239111918693,0.06561693071079498,7.541038725009675e-05,0.004049077334309325
104,0.004001509878458514,0.9262835747816629,0.06805675270037742,7.810854724798252e-05,0.001580054092253235
105,0.005712236540649388,0.7491926108901149,0.23856049540888852,0.00012180416797444229,0.006412852992372787
106,0.011288482355352682,0.9134884579015035,0.06886134682872731,0.00021881014812719687,0.006142902766289148
107,0.0011202256306467168,0.2507293070268701,0.7457547839921961,0.0001294573072423807,0.002266226043044706
108,0.005434154290534753,0.4047168772706397,0.5763895006181826,0.000521340265889248,0.012938127554753697
109,0.01662617770090757,0.951661073694087,0.02529102496609228,0.00044633330996795477,0.0059753903289452405
110,0.007689691509741406,0.30915126523058645,0.6747581340804449,0.0008038421069544118,0.007597067072272776
111,0.056733681600283595,0.7003931226306289,0.22718553493781343,0.002952139771994322,0.012735521059279772
112,0.03842528878040811,0.938136595313178,0.014777770604303358,0.000656711108681334,0.008003634193429508
113,0.03336062706448596,0.8325466979005118,0.12536815441462287,0.001376462209929064,0.007348058410450431
114,0.009237914255836574,0.9168490957148089,0.07011516434354105,0.00039920766436171766,0.003398618021452016
115,0.0138187161983336,0.8525297532724672,0.12464783762798745,0.000491635633954694,0.008512057267256939
116,0.15987704767711247,0.7932089126238226,0.011346707515879212,0.004571496077765549,0.030995836105420022
117,0.05732097671203674,0.8921380982720966,0.027773827814481022,0.0006757026879316131,0.022091394513454207
118,0.021467429054239907,0.8498282136113142,0.11701491149484121,0.0004809287261516372,0.011208517113453028
119,0.013422754747027426,0.9562340014564672,0.02603882583119163,0.0002130660178551293,0.004091351947458698
120,0.12778104663118284,0.827663839494115,0.019195060915376764,0.002262943211001594,0.023097109748323897
121,0.018983282747483846,0.9504081786100587,0.024099114328943586,0.0004260422893052035,0.006083382024208691
122,0.05210320556390803,0.8934857950137289,0.041544387809969316,0.0010335819109823772,0.0118330297014113
123,0.014651278443771343,0.7746464000904871,0.20294761218115473,0.00041994195869476155,0.007334767325892085
124,0.013214555280699057,0.9328479458105338,0.04849590535673624,0.0005774805941029591,0.004864112957928012
125,0.12005487001955886,0.8406558776589376,0.007903607852469444,0.0018068141857548283,0.029578830283279425
126,0.004193582207976585,0.7146479664024236,0.2770996471034397,0.000579531121087216,0.0034792731650727837
127,0.015344177736212343,0.8837740175338061,0.09485554857008023,0.0005446114545919273,0.005481644705309209
128,0.08021114648330101,0.9041021483859288,0.002461472108793644,0.001069333890777998,0.012155899131198616
129,0.004116246949675529,0.6192436992115313,0.36993048542242013,0.0003685548932877001,0.006341013523085286
130,0.017562871711792494,0.9561962803068875,0.020109359581209175,0.0005151155862118832,0.005616372813898838
131,0.03417304862260582,0.952095263410768,0.007540264323627546,0.0016337804081450501,0.004557643234853718
132,0.0066114510825843725,0.8898463756638005,0.09452492137687164,0.0038666369657660957,0.005150614910977441
133,0.06456017963934763,0.9069393941134879,0.00810885133515552,0.009036880401809206,0.011354694510199714
134,0.04910454771074889,0.8548977133113344,0.011419082016394112,0.0732675030846943,0.011311153876828258
135,0.03842151726418786,0.7661192891232054,0.03244019685621505,0.15085239093046268,0.012166605825928822
136,0.10217127737086913,0.23346625651284256,0.00033089434691383585,0.5895323511598323,0.07449922060954217
137,0.03652945171117692,0.1042921631606066,0.0002026769625890979,0.8464064167156662,0.012569291449961117
138,0.11907973553859075,0.2637905805080481,0.0002691156470183152,0.538642596251444,0.07821797205489878
139,0.1755374574067044,0.16837332472736943,0.00010228783141714006,0.5703171319499769,0.08566979808453215
140,0.10433211934965858,0.06958919146379385,5.390450695540403e-05,0.7171961617669671,0.10882862291262517
141,0.23425374367441001,0.08441427378827628,9.80433120580735e-05,0.3745665717367794,0.30666736748847623
142,0.07763068247962646,0.026515340757943488,0.00035024173359119094,0.17097153918885474,0.7245321958399842
143,0.10859632565873244,0.02101035980899653,0.00015138076546612503,0.3511067048005604,0.5191352289662445
144,0.05483776494177786,0.0024770853115707258,0.00010678387622125072,0.07097703935724402,0.8716013265131861
145,0.00037725752024965535,0.00024034761313662084,0.00023115170530220439,0.00031627442085008776,0.9988349687404615
146,0.008288311180651447,0.0007692265496619812,1.814703309261828e-05,0.0005443077866977039,0.9903800074498963
147,0.06477020285193481,0.0018208944493668994,2.5253756876723927e-05,0.00128885656637965,0.9320947923754419
148,0.0022042249643070395,0.0003704229698696531,8.583057234571868e-05,0.00015971557391739183,0.9971798059195601
149,0.0018383136149231667,0.00019135046980359597,9.925817141118153e-06,0.0001504878100376168,0.9978099222880946
150,0.002149412952401484,0.0004215627371495102,2.190684722069991e-05,0.0005094193832016089,0.9968976980800267
151,0.031563072561317136,0.0007492751101723418,0.000119757049501368,0.0006557115902536976,0.9669121836887555
152,0.08074772796954523,0.002357257930842331,3.693652200603109e-05,0.0017541674635446097,0.9151039101140619
153,0.043264968800521546,0.003921398571971952,2.3310307811971382e-05,0.002088130581635201,0.9507021917380593
154,0.5117382447315029,0.03260356819656641,0.0006274414336857956,0.008401346633123672,0.4466293990051212
155,0.5648983509750558,0.08001376375081776,0.00042377152140407663,0.0120099333651755,0.34265418038754675
156,0.7198642139077649,0.12757871151662106,0.0010331109535555744,0.021644263406283244,0.12987970021577522
157,0.25027300941203134,0.6124573065474707,0.007558817481735799,0.10648653414023564,0.023224332418526335
158,0.13218418880719415,0.7634207016488685,0.010998504169611243,0.07862993431729026,0.014766671057035621
159,0.23105465383919035,0.6390450085189446,0.012813304018339538,0.08125925724018063,0.03582777638334484
160,0.11749804994226928,0.7960059030881963,0.02515384291363935,0.04473237386344843,0.016609830192446284
161,0.018768298086333943,0.8739632717058162,0.09513121642759899,0.005449643747113742,0.006687570033137168
162,0.04774853329322379,0.9354717555623451,0.006092458396200513,0.004692585737000935,0.00599466701122958
163,0.09131677353237738,0.869144735608269,0.02129317252413931,0.008074820326042351,0.010170498009171823
164,0.012466813632744114,0.9705947916208264,0.013600864902640524,0.0018313285947454514,0.0015062012490435431
165,0.04347319726706831,0.766563216510527,0.16686993931580738,0.003468088484029466,0.019625558422567947
166,0.1192764614100802,0.7142831738273854,0.13615511188756638,0.0046815178657913644,0.025603735009176714
167,0.04834912661096348,0.9361893382590444,0.005664165761120935,0.0029337972114646936,0.0068635721574064985
168,0.0356264158166254,0.9162680324240975,0.039542297091425316,0.0016912760479542955,0.0068719786198973235
169,0.05554809837664061,0.9265968602809235,0.008487467184004735,0.005747438388053694,0.0036201357703772924
170,0.014861240120907632,0.9126883312250409,0.06812164845684358,0.001083257181113653,0.003245523016094428
171,0.009080065145753621,0.8935383487475614,0.09231593113384857,0.0012294576912476845,0.0038361972815886274
172,0.03024986021189531,0.7648782409981919,0.18874002518119856,0.0036335405349458834,0.012498333073768318
173,0.019354096571015115,0.8579612414370338,0.11037531577328284,0.0028943670343640694,0.009414979184304253
174,0.09357768986092649,0.8177155464464759,0.07504319132128394,0.003986557497906228,0.009677014873407283
175,0.04318849832446418,0.8776433632397439,0.06831516116201752,0.0016606073126999555,0.009192369961074429
176,0.02575920500642622,0.8397622632353273,0.12692652993266457,0.001028228138005283,0.006523773687576495
177,0.02891549563534674,0.8427473326558955,0.12034589477504395,0.0008354511631196056,0.00715582577059444
178,0.017243522239741516,0.8321431074132652,0.1433725815901211,0.0006277500822814691,0.006613038674590706
179,0.009300311818158451,0.9462742296408153,0.0389187734458983,0.0002128948903038054,0.005293790204824132
180,0.013553664003251743,0.8693612757336356,0.11242165808733785,0.0004802403263219811,0.004183161849452809
181,0.004796812644048342,0.4563263063563671,0.533696321946261,0.0003850431990965837,0.004795515854227034
182,0.0312739638699844,0.9228717160671043,0.03872569820637341,0.0010000420935808777,0.0061285797629570225
183,0.006709916318562464,0.7434910767755704,0.24688712028285295,0.00024375950172917518,0.0026681271212849193
184,0.0026552234812535843,0.4172610920641775,0.5763419440772677,0.00037714594980699386,0.003364594427494366
185,0.012722170882908314,0.5363144643030149,0.4440517787284115,0.0008297879811663949,0.006081798104498924
186,0.013421701574733585,0.7036632488794704,0.27655579696471916,0.0007878395279770633,0.005571413053099965
187,0.035417609774952966,0.8479745190034578,0.10983369591897588,0.0009236578147075881,0.005850517487906015
188,0.005328849275279733,0.8784455327388483,0.11229214327448876,0.00027383606907172556,0.0036596386423112938
189,0.0037167173862976384,0.48607547998559164,0.5039386858468907,0.00029267876132273494,0.005976438019897263
190,0.0023627748489538185,0.30517257873481524,0.6868556020414679,0.00022508649432594077,0.005383957880437109
191,0.006665372640098008,0.4742224181089825,0.5151438740551786,0.0004977143676273322,0.003470620828113491
192,0.004421929563712645,0.6241913193554071,0.36689049157848713,0.0003967777837261358,0.004099481718667073
193,0.0012212637511921593,0.20962794942171503,0.7868000590840403,0.00019774170599974554,0.002152986037052562
194,0.00048485882062325583,0.08855761944143375,0.9094859544673439,4.5992167550482795e-05,0.0014255751030485318
195,0.0015096787817972836,0.3802543613492707,0.6157235487768883,0.0002809677012989988,0.002231443390744667
196,0.0010981187760069615,0.13881201666440787,0.8566256344185512,0.00018346064041862683,0.003280769500615391
197,0.0016816378358563608,0.19511775104710047,0.7997375108627717,0.0003491590556902322,0.0031139411985812815
198,0.0010030138672974006,0.20676845022043389,0.7906390211369604,0.00015211540050948005,0.0014373993747987719
199,0.006845415481406497,0.6154909466805778,0.37366831304358916,0.0003997390067144963,0.0035955857877121495
200,0.002974232382569992,0.6376297402099016,0.35705710563681725,0.000533650019817645,0.0018052717508936582
201,0.004185001447072309,0.26042831394961374,0.7318147478539367,0.0005148979117885944,0.003057038837588601
202,0.00124415891425879,0.4772648883510501,0.5180399813686879,0.0002825603323063778,0.0031684110336968017
203,0.0019594113826589274,0.22621853175938797,0.7693508829774867,0.0002495281279863059,0.0022216457524798666
204,0.0017605156670940422,0.26489778882324827,0.7287256457521515,0.00020881045772828402,0.00440723929977798
205,0.0003269232864846574,0.07857219674616715,0.920497721224433,3.4521671474912026e-05,0.0005686370714404798
206,0.0003046811015487228,0.04613277587741,0.9531307096106783,1.8600488081667237e-05,0.0004132329222813911
207,0.00029717336177722506,0.046187113183028504,0.9530266056206741,1.8155972638854306e-05,0.0004709518618812312
208,0.0002348422457274857,0.034511642079950174,0.9648789263586354,1.577844894697324e-05,0.0003588108667397453
209,0.00016113063517890616,0.030946608408302947,0.968452993473627,1.0829971971336583e-05,0.0004284375109198289
210,0.0002622349389266893,0.035899368361606177,0.9629263123577859,2.2396263632722634e-05,0.0008896880780484825
211,0.00017115309178675442,0.04057107112178266,0.9587842150469191,2.4494646971331248e-05,0.000449066092540075
212,0.00031570752412373864,0.07432542566612296,0.9246687784666288,2.5180763799654197e-05,0.0006649075793249235
213,0.0002821109335756772,0.06547305870524148,0.9336548994906563,3.0684718336834744e-05,0.0005592461521897213
214,0.0002484274554302144,0.06268435928575017,0.9364423943619067,2.36313066180041e-05,0.0006011875902949686
215,6.303477555024667e-05,0.023284802700291127,0.9763918665290434,5.308695569168482e-06,0.0002549872995460517
216,7.623245594197836e-05,0.030366951042965017,0.9692026707353312,8.03360425079379e-06,0.00034611216151111317
217,4.18823322653375e-05,0.017229248520420605,0.98243740873251,3.1252789201890253e-06,0.0002883351358839002
218,0.00015474332165814087,0.0235881204689916,0.9759290196982593,1.4082917006564958e-05,0.0003140335940842803
219,0.00014331929158070545,0.03670036652060128,0.9627493629392473,1.918074583797685e-05,0.00038777050273264274
220,0.00014375128348726227,0.025969127404000508,0.9732540201815927,3.247950279057958e-05,0.000600621628128742
221,0.0001990834438733323,0.038337944075588555,0.9606184257192792,8.014397017278496e-05,0.0007644027910859875
222,0.0027261814853836515,0.07578079143777693,0.9147315306730859,0.000939880431731274,0.005821615972022198
223,0.060566984121957684,0.5515993989353224,0.33703826421919736,0.02555160787498334,0.025243744848539182
224,0.02659896012509144,0.21196687607008602,0.7163321296776944,0.008599583833765962,0.03650245029336202
225,0.17752083528045504,0.6339810225436536,0.017673547365356878,0.043228974375394115,0.12759562043514036
226,0.014218535136961747,0.03460780250000212,0.005274215414323076,0.004196730317567056,0.941702716631146
227,0.00039424243481121313,0.0004665401653828013,0.00035717164431895587,0.00016905812417487007,0.9986129876313122
228,0.0028586336145039804,0.002042612110440285,0.00010988660132015326,0.0009561925780565972,0.9940326750956789
229,0.0015566635761258495,0.000385906109037149,4.149829807317061e-06,0.0007422996326748449,0.9973109808523549
230,0.026129506650693805,0.0020865948682919334,2.400486792180305e-05,0.0012290599501247616,0.9705308336629678
231,0.003605221012725784,0.0027421062873851784,0.0005018808134506573,0.0010639821653695926,0.9920868097210689
232,0.0037199448683082064,0.0011119051990888806,8.119715400197904e-06,0.0006507106218975458,0.9945093195953052
233,0.020545408816720734,0.0018421516241517693,2.378235295271838e-05,0.0025079523817032523,0.9750807048244714
234,0.011701602805157217,0.012046312087014248,0.001673701873268954,0.004851223315868264,0.9697271599186913
235,0.18984490396076478,0.008110323258709782,0.00016277416251109144,0.004388261218301109,0.7974937373997132
236,0.08737880664564542,0.015538176694793088,0.0002622650581892019,0.004778707829833757,0.8920420437715384
237,0.504067290413353,0.2844549338335445,0.0027995836327233416,0.015081598136191818,0.19359659398418738
238,0.45309970496350416,0.2578865108382553,0.025594621694910242,0.03579290788401987,0.22762625461931046
239,0.20664952495033342,0.5211752302958395,0.018778432384665384,0.02668233403917277,0.22671447832998895
240,0.08668120138472324,0.6076490667407611,0.021131760479620943,0.08228490772524086,0.20225306366965376
241,0.18908461859668704,0.4010769786303254,0.004387570873503982,0.14388983902058552,0.2615609928788981
242,0.00015264179276490468,0.00013386108452095982,3.5419956129156894e-05,0.0003525867116371158,0.9993254904549478
243,0.0018018089289199054,0.0008163940051059228,4.6710704797883865e-05,0.0007364568361834163,0.9965986295249929
244,0.0012784928166935249,0.0001752929044681933,2.4182712166482356e-06,0.0004240185266533869,0.9981197774809681
245,0.003998312080967924,0.00023306557196475886,3.7395638594054616e-06,0.000335409426241763,0.9954294733569662
246,0.0018797508939606138,8.455962357745112e-05,0.00014780878754694522,0.00020268786160978697,0.9976851928333053
247,0.007677760238768544,0.00024776581429906806,0.00010392947599195394,0.0008477612249335154,0.9911227832460069
248,0.003063297028760052,0.00018077636513689043,2.279525919029812e-05,0.0008252949986576012,0.9959078363482551
249,0.00538856101806987,0.00020103730010887793,1.683236250803779e-05,0.0012761320744571264,0.9931174372448561
250,0.010005635124156595,0.000870174187560083,1.4105640668355049e-05,0.006178787769244712,0.9829312972783703
251,0.05793096213646658,0.0011537045103835767,5.971205549447518e-05,0.008405447482848463,0.9324501738148069
252,0.2320460716320522,0.020513774574310768,0.0001789702448453981,0.018882508018630072,0.7283786755301616
253,0.301815805056474,0.012083397112755934,0.00027120761846989187,0.02231918428661594,0.6635104059256842
254,0.6544352138457757,0.10031820990806509,0.00048218315906164365,0.19208794523524475,0.05267644785185267
255,0.35836368093766896,0.4179918620062979,0.0026619583500797103,0.19948714139142595,0.021495357314527508
256,0.24936582044133423,0.5776126518582427,0.05822641160678754,0.10075748829004787,0.014037627803587575
257,0.24158743924900802,0.6992677863414712,0.01023206151891282,0.0339650654561669,0.014947647434440943
258,0.05135431714586144,0.8089670095511327,0.11770725473431144,0.0034717595455930044,0.018499659023101456
259,0.06523448680491926,0.8943750067808647,0.025062886090464122,0.004666951907696961,0.010660668416054925
260,0.043249864310110485,0.9390464291548316,0.009647367357103986,0.003513889918464488,0.0045424492594895345
261,0.02074983063619087,0.8899099802434304,0.0761916624990517,0.0019325309092410477,0.011215995712086
262,0.01559426159932115,0.8555429410868045,0.123802036856102,0.0006962453485375008,0.004364515109234868
263,0.28634394505791577,0.5255103283233244,0.03867567452965216,0.003782787714131197,0.1456872643749766
264,0.18326023762236207,0.7819530298227846,0.0016568901797551945,0.003191188557347648,0.029938653817750446
265,0.34498871016972715,0.6274481432419982,0.0013053400819597117,0.0040170689550393275,0.02224073755127568
266,0.20627981230255626,0.7455131941232391,0.018947445255616018,0.0021028117003385636,0.027156736618249917
267,0.06242503620133664,0.8907665612229272,0.0384069024752354,0.002865715759939323,0.0055357843405615375
268,0.0331127357911436,0.9438208629406486,0.01713348641966471,0.0015603768654317354,0.004372537983111268
269,0.016153657815604405,0.9232288848379524,0.05440073404318712,0.0007880110839325362,0.0054287122193235485
270,0.04176385953081948,0.9228915404625683,0.026278156660887623,0.0018875310977520224,0.007178912247972513
271,0.026873239894850163,0.9644424326102586,0.0053977785247753245,0.000921846909871691,0.0023647020602441376
272,0.009969043356069497,0.9743345688177603,0.012512877572327363,0.0006264696949187042,0.0025570405589241145
273,0.008518859078259913,0.9721563990504293,0.01770472787758617,0.0004656789733765573,0.0011543350203480677
274,0.024472263321978025,0.9256445850977756,0.04464196627784874,0.0014921495950842027,0.0037490357073135887
275,0.005366584719569768,0.9496248036979567,0.04294902587650055,0.0006645728527843065,0.0013950128531889814
276,0.01742569373961659,0.9618417132350824,0.015849832977650392,0.001353846664284559,0.0035289133833660883
277,0.02823192548557122,0.8493285573316729,0.11177913058385844,0.0015703088476491888,0.009090077751248277
278,0.09343850375030184,0.8923408785301283,0.0018510131001925113,0.0019482192033339132,0.010421385416043422
279,0.05081107886031257,0.9318149705383659,0.011990419629476532,0.0011699592473080236,0.004213571724537003
280,0.008938663067657148,0.9793425172270157,0.010376196279139284,0.00022144385509971712,0.0011211795710882834
281,0.008988579423468883,0.9094380936683513,0.07914952071227435,0.0005558862562764657,0.0018679199396291065
282,0.014195298366957926,0.9469370223808918,0.02859684715941125,0.0033424217049486753,0.006928410387790111
283,0.02179013673973783,0.958316385642897,0.004256047342673495,0.009031389855356876,0.006606040419334787
284,0.00900576092113663,0.6253305924812151,0.35565463204753367,0.003514432782515445,0.006494581767599039
285,0.027612525747168864,0.8748831526403618,0.07182568658051573,0.012193086739285519,0.01348554829266811
286,0.05294019119340601,0.8114477276395048,0.08225338642998117,0.026748915519565198,0.026609779217543008
287,0.07655565611087496,0.7459730057953614,0.01714199655427555,0.021541598388621085,0.13878774315086703
288,0.01872116059900758,0.05372335302194111,0.006557971558433598,0.008878630751092891,0.9121188840695248
289,0.7058315732758607,0.14960132398235276,0.00046572153623148597,0.00698878688056436,0.13711259432499065
290,0.09634576921155376,0.05441967068955435,0.0012641653126026335,0.003295640725166191,0.8446747540611231
291,0.336566235774171,0.5251687844424984,0.0033588696038071115,0.001534002932816646,0.1333721072467068
292,0.5421101153887921,0.3707427137001821,0.0025153156812875942,0.02913718174411277,0.05549467348562549
293,0.29716782991389373,0.6400769406826552,0.016907121745778533,0.008232670966079944,0.03761543669159249
294,0.04428872535761023,0.8734398778574173,0.06188253291890177,0.010222051598766142,0.010166812267304577
295,0.022468114855207066,0.854277141264655,0.11541916886046433,0.002016246102082514,0.005819328917590863
296,0.0751921927462944,0.8868388487627329,0.016766506763181803,0.0069240666305678674,0.014278385097223237
297,0.026004387916842342,0.7550462899138649,0.21027990296010327,0.0014890312449106916,0.007180387964278789
298,0.01942610906608538,0.9059257394713869,0.06734986241338768,0.0012741150837545594,0.006024173965385685
299,0.07524246730789616,0.8555550092152596,0.05476183572631764,0.004102234739817661,0.010338453010709046
300,0.020355818795439913,0.7860111673092494,0.18488820695128236,0.002651548230162578,0.006093258713865919
301,0.2213979516679686,0.5695716396048102,0.00675786555106289,0.006929066297361191,0.19534347687879727
302,0.2566055563025731,0.711562882057008,0.009977027301849219,0.004373508068575948,0.01748102626999366
303,0.06036126899902603,0.7328276999920611,0.18351024407796784,0.0013593824533113881,0.021941404477633663
304,0.22200671350327916,0.7377320466823463,0.017260206058529994,0.0021473994629558615,0.020853634292888553
305,0.09956784979071108,0.8836435746998788,0.005305869583893345,0.002943093950578213,0.008539611974938648
306,0.017096741187115374,0.875707465306851,0.09910262117452118,0.0007978529909565737,0.007295319340556005
307,0.04756830912259388,0.9110985320722521,0.033017986491698875,0.002635979566440881,0.005679192747014128
308,0.016672378687815483,0.8824951843228476,0.0954236160340241,0.0007764972965490852,0.004632323658763552
309,0.030015544777793994,0.8912446468311772,0.07008641323258107,0.0019193019936124696,0.0067340931648351594
310,0.033695993218937854,0.9360938800216243,0.023884827825811902,0.0016341835409879922,0.00469111539263808
311,0.02148828460120928,0.922396292722437,0.049946452918435254,0.0021945678827867596,0.003974401875131643
312,0.02004446349012903,0.9337118162204241,0.038121932666075706,0.004376053974708769,0.003745733648662272
313,0.0421701876484329,0.8330236674000121,0.09614318061072406,0.017204815740873285,0.011458148599957797
314,0.023077512794322238,0.7954184434097665,0.16276487246104782,0.003414265870825921,0.01532490546403735
315,0.02169991092488968,0.39702361950656045,0.45224119021199677,0.00467623982780826,0.1243590395287448
316,0.03541018485402823,0.4050522177152182,0.23204813386925033,0.014222151574590863,0.3132673119869123
317,0.0003842729918524443,0.001754824499081711,0.006533941036908541,0.00026514224265068134,0.9910618192295068
318,0.0010091705024279259,0.00019076878683571162,8.093391906456781e-05,0.0009506826304629919,0.9977684441612089
319,0.00015858640401471985,0.00015283830303804822,0.00032087514293094733,0.0002819277927429361,0.9990857723572732
320,0.0007904310610591588,6.285713903666876e-05,5.283270061559695e-06,0.00016535684150430493,0.9989760716883382
321,0.0006632918601586412,0.0001356572426208209,0.0001590713506435604,5.142804288302155e-05,0.998990551503694
322,0.0006916681640400044,4.2252220070585054e-05,2.336785596282469e-05,0.00013664591616422415,0.9991060658437624
323,0.00198038048624586,4.8725317898765165e-05,0.0006361694974867974,0.0009274767607109389,0.9964072479376577
324,0.0010250763208444836,1.308755570989946e-05,2.9657322055124406e-06,0.0003886027923371194,0.9985702675989029
325,0.0005427527292852775,5.0654192798353264e-05,2.1329548727497948e-05,8.658481050107153e-05,0.9992986787186878
326,0.002006754997938523,0.00021831929351832113,3.355407500978606e-05,0.00014103285867018197,0.9976003387748632
327,0.006215637717232859,0.0005084308063029644,0.00015971834158487705,0.0020333790956290104,0.9910828340392502
328,0.00705666593350263,0.00015601856388339862,8.61771482869226e-05,0.016385353530600815,0.9763157848237262
329,0.0014942183403943345,0.00010742755306026429,8.174284231861814e-07,0.0013398998499228685,0.9970576368281993
330,0.00795279906465911,0.00029447469280517193,2.348452313273881e-06,0.003943772682272392,0.98780660510795
331,0.045674387292589554,0.002045210875950133,6.836795205680991e-05,0.0009335138422878396,0.9512785200371157
332,0.012279772814833277,0.0006966340048267339,5.296138409704573e-05,0.0008060974925829391,0.98616453430366
333,0.13005230426904005,0.015106697555744151,0.00013497570492541452,0.006303516797570449,0.8484025056727199
334,0.5571073966269442,0.018839303974298553,0.00011719018155746033,0.014623052034104344,0.4093130571830955
335,0.7990792874958194,0.1071933536021249,0.00045528180661244565,0.040691891655213495,0.05258018544022982
336,0.47127705854746044,0.4861556339352407,0.0010754531798419155,0.027276565106123227,0.014215289231333498
337,0.08806861919473828,0.8994246179448558,0.0006162447390627791,0.007919999900242789,0.003970518221100152
338,0.02300670321161795,0.971787545498369,0.0014537679987915418,0.0023553773319857805,0.0013966059592355974
339,0.011703222799218082,0.9841635286068577,0.0012659320038776317,0.0016270426316143491,0.0012402739584323767
340,0.003445372594606873,0.9767902095936133,0.01740909533003654,0.001234054912342137,0.00112126756940117
341,0.00787276224496948,0.980951932612414,0.006043020824368723,0.003472376006887424,0.0016599083113605414
342,0.013460972769903056,0.9773619403850587,0.0018974498523190622,0.004692592453062305,0.0025870445396568202
343,0.01120282594689878,0.9811257483510258,0.003296492028605727,0.0024775941118900737,0.0018973395615794766
344,0.06014720998795629,0.9174811409667303,0.0020419815281695662,0.01232955444754057,0.008000113069603524
345,0.017028983821062167,0.9781863839142403,0.0005391542205959784,0.0019525827176564287,0.00229289532644511
346,0.03663745577720916,0.9501012495128233,0.0005594701436310365,0.008992098924053744,0.003709725642282724
347,0.02091405972064773,0.973606072599611,0.001240950662386881,0.001289563507143109,0.0029493535102113892
348,0.10836398814958023,0.8739048628917482,0.00018872303915771634,0.002271420581420629,0.015271005338093196
349,0.009240604388664975,0.989339868990792,0.000495194429231043,0.0003069264571845455,0.0006174057341274157
350,0.01209341893321292,0.9804285755245851,0.005537955694282958,0.0004157678853005046,0.0015242819626184792
351,0.03796150159411437,0.9524026319802162,0.0005850696815052224,0.0010420833912615439,0.008008713352902593
352,0.03300701857461794,0.9600128613624535,0.0006362960846480448,0.0026938211550552437,0.0036500028232252335
353,0.0038566894235002908,0.9697092294789634,0.02548009787878152,0.00026258504051898353,0.000691398178235903
354,0.007841597818828268,0.9841528288453562,0.006828261655262725,0.00026804794378527865,0.0009092637367676112
355,0.02876661982858762,0.9666533177511429,0.0013259656112439562,0.000789801762276933,0.002464295046748592
356,0.00449642672419655,0.9862913854165406,0.008211806860504376,0.00025418194507279424,0.0007461990536857113
357,0.007409595656624006,0.9626421312047858,0.028083255880827985,0.00044733638258654887,0.0014176808751754505
358,0.02687184310906119,0.9680680416457961,0.002310410658382403,0.0004552158609502763,0.002294488725810142
359,0.011562639893574438,0.9698812619774012,0.016398202011787405,0.0005176171322912581,0.0016402789849454319
360,0.019072662510277286,0.9619888202894865,0.011805519412494999,0.0005914281268597837,0.006541569660881428
361,0.025765354800630937,0.9476368972138655,0.022948774037151832,0.0014047448172585712,0.0022442291310932156
362,0.1444725111396653,0.8426196653960756,0.003402762329213004,0.0034849570596234614,0.006020104075422705
363,0.008362304622333314,0.9894679865068393,0.0010274824028899162,0.00038590489405689705,0.0007563215738806554
364,0.008407219205401127,0.9351400852866217,0.054027420057636034,0.0006882567873139542,0.0017370186630273703
365,0.005850357603898644,0.9902429488607847,0.0026874609327174675,0.00037117228610156384,0.0008480603164974892
366,0.02313410999535936,0.9584860617543142,0.012792251537355337,0.0021444737393015597,0.003443102973669673
367,0.011946306687494928,0.8830445082529685,0.10001757702360511,0.0015142944050995921,0.003477313630831816
368,0.005899937360967727,0.8649123573312039,0.12574538543693448,0.0009836281437065415,0.0024586917271873913
369,0.023072506167436634,0.8750382057144508,0.09418388657196042,0.002638436637389747,0.00506696490876248
370,0.011705561541591806,0.8165501873237886,0.1629874001226629,0.0036216581212073565,0.005135192890749379
371,0.01882538419106384,0.9648459226805894,0.0094403877011687,0.002086308043473884,0.0048019973837042165
372,0.06023534510537592,0.8464199279546363,0.07168387981188358,0.0045370556274909836,0.01712379150061311
