epoch,N1,N2,N3,R,W
0,0.022647443894235335,0.00041350208956491207,0.0007731173406012885,3.719533626118466e-05,0.9761287413393372
1,0.005415788813686722,0.0003823727055995555,0.0017795671871066645,2.288343070539019e-05,0.9923993878629017
2,0.001603560317412942,0.0011816914132784316,0.00022428406194873615,3.722573755712136e-05,0.9969532384698029
3,0.0026106462957185142,0.0005232375180170319,2.329343102802508e-05,0.00046536474174010224,0.9963774580134963
4,0.0009307582571759134,0.0001356300679811255,2.34745348454208e-06,7.210181978073743e-05,0.9988591624015777
5,0.0029187991569004927,0.0004249544328857766,5.412596563789551e-06,0.00024212129379722888,0.9964087125198529
6,0.011279717593524528,0.0012832949815708324,6.691987875710868e-06,0.0004566917694597841,0.9869736036675691
7,0.012537417228863586,0.0020553127441354313,9.5254379555575e-06,0.0006239254971815893,0.9847738190918639
8,0.011747299004529772,0.002080826036329256,2.400549369287612e-05,0.00046756416938254045,0.9856803052960655
9,0.005757282705315379,0.000477014472797104,1.0305105738834184e-05,0.0010593301246987544,0.99269606759145
10,0.017378771537087456,0.0024566479296676664,8.731749807290609e-06,0.0005381805501152167,0.9796176682333223
11,0.0038321470439495226,0.0009206751666175964,5.309070729736684e-06,0.00014301624568693988,0.9950988524730161
12,0.011862856224933844,0.0008564042291825807,9.488000079417004e-06,0.00035483169054220534,0.9869164198552619
13,0.007736270528139292,0.001204395975190791,9.800805472499472e-06,0.00031250103957459395,0.9907370316516229
14,0.008293440887210233,0.0012147300049306683,1.6123626094978245e-05,0.0001640235301108235,0.9903116819516533
15,0.008955315235935658,0.000728454089230213,1.0447693082389095e-05,0.00014029822897951665,0.9901654847527721
16,0.011760364289825654,0.00028595639149331945,1.961504522519158e-06,0.0006526165100360666,0.9872991013041224
17,0.005733471529063157,0.0005367986842282206,1.4835560956451784e-05,8.099281055625119e-05,0.9936339014151959
18,0.004255358786048915,0.0001362227117444359,1.1567123841971682e-06,0.00010160824394119353,0.9955056535458812
19,0.011507992791835429,0.0003062249663109086,9.391402647294984e-07,0.00030554335425537896,0.9878792997473337
20,0.008097100929368571,0.0011714102679175776,2.8240747208649604e-06,0.00013332947893988822,0.9905953352490531
21,0.008917211640125988,0.0003264032921787862,1.8201921706448887e-06,0.00037092707714211936,0.9903836377983825
22,0.0061865540938369325,0.0005267176552432129,2.1328630590544353e-06,0.0002648406276031529,0.9930197547602576
23,0.06667206855750113,0.001741965503955806,2.072543676364224e-06,0.003655884261144109,0.9279280091337225
24,0.0019059735919921736,0.00019603026691132668,0.00013515470530478434,0.00014001956965555674,0.9976228218661363
25,0.0021682619650276185,0.0008265047018215476,2.865811413932992e-06,0.0002234781320254326,0.9967788893897114
26,0.0028493229382428793,0.00039785424270405916,2.7265034463588663e-06,0.00022669095129266846,0.996523405364314
27,0.0004611652424328312,0.0001931376643302434,7.3744238927689e-07,2.8996193594797062e-05,0.9993159634572528
28,0.003981661538783481,0.00036414295952862157,4.329443109544985e-06,9.966668706289761e-05,0.9955501993715155
29,0.007992169415883675,0.0014770608927105766,6.208260318679245e-06,0.0001725121131991138,0.9903520493178879
30,0.0019363302420594595,0.0005679684680810984,2.531314238355613e-06,3.546424395043015e-05,0.9974577057316707
31,0.0007020406903629089,0.0003119942863896289,3.1077664622321893e-06,4.852689205917098e-05,0.9989343303647261
32,0.007690775826095664,0.0016134729030910684,2.215335769754182e-05,0.0005313519928959703,0.9901422459202198
33,0.001255671165772166,0.0006266965642820592,6.168513463156209e-06,5.087252977688686e-05,0.9980605912267059
34,0.005919634936363274,0.00097079208468436,1.334143274033687e-05,0.00013161568941222261,0.9929646158567997
35,0.00862713288434575,0.0013022496217551262,1.7481906758773757e-05,0.00045064614638361044,0.9896024894407567
36,0.005546016454701449,0.0013486158488737895,2.0370796667812784e-05,0.000404341801677222,0.9926806550980797
37,0.0027238949402201744,0.0005665327600575884,9.929624382830962e-06,0.00014265991425979111,0.9965569827610795
38,0.003046104266090611,0.0007225428126195045,1.102449370841063e-05,9.867663986025648e-05,0.9961216517877212
39,0.0018563600904364969,0.0009848985823068842,8.854876697337507e-06,0.00012023226984060822,0.9970296541807185
40,0.002040817382987932,0.0005337885210519504,8.57175204219742e-06,7.264257948236375e-05,0.9973441797644356
41,0.004310050519284597,0.0013324826953548944,1.5262846717853553e-05,0.000270535508075893,0.9940716684305667
42,0.003632370257276479,0.0012538738493039613,1.0602564079743616e-05,0.0004688864840429618,0.9946342668452969
43,0.0029378486304430223,0.000810040404448954,8.760685420147063e-06,0.00016313071672076075,0.9960802195629672
44,0.006466093013527935,0.0017057127615526697,1.293841187523268e-05,0.0001663470027545903,0.9916489088102897
45,0.0009920687408214977,0.003757428122240365,9.411525868208967e-05,2.249366403085856e-05,0.9951338942142253
46,0.0016885557726643624,0.0010848561730190981,1.9114786865347728e-05,4.7184237932840715e-05,0.9971602890295185
47,0.010210450978748854,0.002701792242671289,2.6594167496811434e-05,0.00019287319380145002,0.9868682894172817
48,0.007519555746514828,0.0037420138987101907,3.166097954758303e-05,0.00012185784561458372,0.9885849115296128
49,0.053391576017249094,0.010635208069626057,8.613164320323605e-05,0.0009739774338207324,0.9349131068361008
50,0.025771780150219623,0.0015685058721149425,8.043118573760103e-06,0.0025713567107169995,0.9700803141483747
51,0.05417310622188026,0.0023094459965428103,1.2621978862169093e-05,0.003207913917635058,0.9402969118850796
52,0.03680788813264402,0.001041494454369447,1.431304271886489e-05,0.0018995743946037054,0.960236729975664
53,0.12447606304209066,0.002481932466624303,1.6935874383014076e-05,0.0016693882889549786,0.8713556803279472
54,0.2638169322716475,0.009567652926086283,0.00010385204353685756,0.007790356019433759,0.7187212067392955
55,0.015776067721502657,0.0017344545528231838,2.8968473326116194e-05,0.00031098314012848496,0.9821495261122196
56,0.03354336515673439,0.004164604074867191,0.00018079780642999454,0.0011456156116396562,0.9609656173503288
57,0.04282090336808268,0.004288299052921354,0.00011668834571640662,0.0007879637430640002,0.9519861454902155
58,0.01810997736411729,0.005990147055117972,0.0001868513715087783,0.0005649755194579597,0.9751480486897979
59,0.006398986700958133,0.006210323915371297,3.6294653135587425e-05,0.0004247464092771676,0.9869296483212577
60,0.0037046329726215365,0.002056329932028891,5.5730064647271386e-05,0.00014738058381811306,0.9940359264468842
61,0.003551249931112392,0.0017676144596880713,3.521923330521716e-05,0.00016358807784350475,0.9944823282980508
62,0.0007211458573143997,0.0014459724156873697,3.831825384799109e-05,2.6214413945305096e-05,0.997768349059205
63,0.002458501049077419,0.0013185495452909695,1.002256924740967e-05,7.592447809356693e-05,0.9961370023582906
64,0.0016039528211166637,0.001019789882163501,1.1279567639208798e-05,4.162263361949763e-05,0.9973233550954612
65,0.0009423896723249546,0.0007874000538871721,5.426812551057545e-06,2.8846152696667334e-05,0.9982359373085402
66,0.007666239227702472,0.001974608446018917,2.0824877948035705e-05,0.00026022119777041743,0.9900781062505601
67,0.0044148579184541325,0.0013995834734765538,2.005466058296291e-05,0.00017079541473345028,0.993994708532753
68,0.0020150961241781197,0.00046479570893821396,7.623525952216589e-06,0.0001323042726187356,0.9973801803683128
69,0.005175934193164796,0.0005431372635142163,3.473608296198244e-06,0.000251931241275544,0.9940255236937492
70,0.15687441953943768,0.0023095049464672596,3.0501872176675427e-05,0.00039114786749766897,0.8403944257744208
71,0.0031373608038864505,0.0026897836721927132,0.0006252625451411114,3.3076443916754626e-05,0.993514516534863
72,0.005911849999306036,0.0004654039808672572,3.9620306036176954e-05,0.0001086784508966869,0.9934744472628939
73,0.004694017404670734,0.0008911772092417358,7.668183376748126e-05,2.1641612637294866e-05,0.9943164819396827
74,0.004634590963673578,0.0009564437960725468,5.546626006785836e-06,0.00010016172138976661,0.9943032568928574
75,0.061916775376029846,0.003284853634705128,1.3421763686660001e-05,0.0007002921116426064,0.9340846571139356
76,0.0543425012687476,0.004419319733782929,4.4770728326899096e-05,0.0008202741691564798,0.9403731340999861
77,0.5067106884391082,0.021673858758223565,7.290092076674965e-05,0.002998175024647208,0.4685443768572543
78,0.4910794258625494,0.022064881445085567,0.00010120334071435819,0.00707663898379226,0.47967785036785826
79,0.6609184706601491,0.2662015930097789,0.0005812183827933044,0.013753412076043706,0.058545305871235104
80,0.6606735462377219,0.29391825237073943,0.0011457531040816632,0.017875211159785086,0.026387237127672058
81,0.2671367024524705,0.7126531661502775,0.003950461673781214,0.007631551072711602,0.00862811865075916
82,0.11790457042117759,0.848859100992086,0.006630267316990622,0.01183487430801735,0.014771186961728426
83,0.13869610010564848,0.8199883835107248,0.008444626931377033,0.009807682835689372,0.023063206616560323
84,0.0965034685687219,0.8549604756050607,0.009755196631660487,0.0023991751084585502,0.03638168408609833
85,0.2051082309571929,0.6688639119545233,0.010366653984560876,0.00907539537729499,0.10658580772642783
86,0.16562431892574,0.7308236259143427,0.01581895587673322,0.005975335973447625,0.08175776330973658
87,0.029542029387755405,0.05337351656430587,0.0020247375265242834,0.0006927024509684438,0.9143670140704461
88,0.01235457368630921,0.008461012266312792,0.00013253762607422592,0.0006870739375951251,0.9783648024837086
89,0.016983182896300554,0.0036106229065589824,0.0008229093729722849,4.9126267658201e-05,0.9785341585565098
90,0.005983968840751448,0.0008084698771523247,6.587450762573765e-05,3.75510522293936e-05,0.9931041357222412
91,0.00242497923419735,0.0008685016852152296,0.00011291222852810754,0.00012437106403703706,0.9964692357880222
92,0.004557320086050146,0.0004890648919546201,6.444582288801676e-05,0.0001601824566662325,0.994728986742441
93,0.02012825085963556,0.0005649860958212175,1.1090637342159475e-05,0.0003307141077024455,0.9789649582994985
94,0.011808752205233064,0.001182904924939988,9.978326181961989e-05,0.0002008752311286563,0.9867076843768787
95,0.004487892035146434,0.0009249979501222063,2.8619264607140288e-05,6.665245006369662e-05,0.9944918383000605
96,0.039013130651420744,0.0027912625948448974,2.205792954362445e-05,0.0008251809941773111,0.9573483678300134
97,0.03480046658510979,0.0024446845171636287,0.00010797275607201195,0.0009599723012624279,0.9616869038403922
98,0.005634251481883299,0.002657058889132043,0.0013626733166714551,0.00044666018646999687,0.9898993561258433
99,0.003668724372721688,0.0017709065134712098,5.681545779528247e-05,0.00026075960920516315,0.9942427940468066
100,0.0019096412077268489,0.0003884580141338808,3.841853608347156e-06,0.00020002431670902517,0.9974980346078218
101,0.021518139564859297,0.0005065352642199505,7.104957699590077e-06,0.0004179784843916879,0.9775502417288294
102,0.005941787848200199,0.00029703435182009574,3.552551350320634e-06,0.00027345993937008827,0.9934841653092593
103,0.003988434397919686,0.0005500376932245668,3.1436145678619817e-06,0.0005658167281028353,0.994892567566185
104,0.016221340586894208,0.0006881443123315302,5.546980294185924e-06,0.00040959792694156413,0.9826753701935385
105,0.027374208766875918,0.0004401153960177042,3.5380801715888186e-06,0.0004500318855939867,0.9717321058713408
106,0.04323688652365903,0.0023912039769003997,2.3745511968629716e-05,0.0007578275620329523,0.9535903364254391
107,0.005627874660743039,0.0002858661773057127,2.814521165195089e-06,0.0007907346324509883,0.9932927100083352
108,0.01673399018946413,0.00035210539927434624,5.561938594902319e-06,0.0013072908468683977,0.9816010516257981
109,0.009634723600719403,0.0003865055139313242,3.993120073017989e-06,0.00044669219462957434,0.9895280855706468
110,0.07028281990979751,0.000756071588212742,1.0396261557675836e-05,0.001700934199320386,0.9272497780411116
111,0.43815382133544245,0.004290248112912848,2.2020336888966182e-05,0.005058987371626258,0.5524749228431294
112,0.4600530796422528,0.005689644030567889,2.3529090255847166e-05,0.009011691820508951,0.5252220554164145
113,0.5955926708546373,0.041250664668778816,0.0001265377584257416,0.04720928803784651,0.31582083868031163
114,0.5291281330316976,0.10488729977323333,0.0001193169419864019,0.18099590065996565,0.18486934959311715
115,0.2630214498026763,0.41877520386211287,0.0014737243633324384,0.26478413043039434,0.051945491541483986
116,0.1985319481031764,0.43511467655832736,0.0008219299827064842,0.3398890595360085,0.025642385819781146
117,0.12030441284285842,0.05184075088227743,0.00017079064402425548,0.16987264684202852,0.6578113987888113
118,0.1273096227656518,0.05556910281129195,0.0003170247063825555,0.04602183239106664,0.770782417325607
119,0.4824618280711847,0.030720837925756594,0.00012116985289726433,0.02269498655419042,0.464001177595971
120,0.825992441060028,0.034969220616233164,4.7572130093650904e-05,0.00422435355310582,0.13476641264053932
121,0.8993806463134614,0.07251934667993133,8.21282719702996e-05,0.0032635353136749425,0.0247543434209621
122,0.5098080020815458,0.371708502282197,0.0007465298287312704,0.0020871019131264855,0.11564986389439948
123,0.40958234351451345,0.5711312302106869,0.0016119190631619393,0.0027138466864516063,0.014960660525186069
124,0.20144692455846058,0.7848144627887342,0.0058012642894097926,0.0011580775825536047,0.006779270780841804
125,0.22017924378216938,0.7684627940437049,0.0021437110162253834,0.00283833104860171,0.006375920109298735
126,0.03670698211922036,0.9445090559435405,0.012878374720047353,0.001677860270126908,0.00422772694706517
127,0.11301909504106998,0.8698320259017008,0.006916106609738115,0.006784075149481562,0.003448697298009706
128,0.07525483442362654,0.906217589399821,0.010596722431449369,0.004392699647872092,0.0035381540972310413
129,0.056269411359131515,0.927737178641926,0.009164045861466243,0.0015667831908210558,0.005262580946655123
130,0.24295468385119778,0.7378605667391734,0.0038856776972284682,0.0047070326536176686,0.010592039058782737
131,0.07467521843878439,0.9089194692753062,0.011903330586255438,0.0013775887435737541,0.0031243929560802342
132,0.041604045147175424,0.9447583965491461,0.011167470682470267,0.0003408470777851529,0.002129240543422936
133,0.03074290395493324,0.9567213773322569,0.009827156490196578,0.0007101340475937141,0.001998428175019595
134,0.017509473021960344,0.9448312153137616,0.034297101936775126,0.00028313993133503303,0.003079069796167952
135,0.014288277712911903,0.938979177049428,0.04377945712600472,0.00031318125700702384,0.002639906854648267
136,0.010488268226696228,0.9144246849049958,0.07142031658417085,0.00025818975651781717,0.003408540527619331
137,0.021994010666276185,0.9545059318817247,0.019111114393759503,0.00078997020466442,0.003598972853575036
138,0.003257641866303317,0.827604671468776,0.16492653651696745,0.0002951991502612436,0.003915950997691973
139,0.004940109726280778,0.807513617430817,0.18381725273234212,0.00037347688788599945,0.00335554322267419
140,0.00906842476062511,0.9407273962156855,0.04624734209375787,0.0006872543392638833,0.0032695825906677045
141,0.02040035071140814,0.9245050966009509,0.05047147636515245,0.0006566041794851809,0.003966472143003453
142,0.057808630670889094,0.9137028661164227,0.021214690406189188,0.003337862250882485,0.003935950555616336
143,0.00950881734568884,0.8403652720400966,0.14592589611517212,0.00036179470940469257,0.003838219789637637
144,0.04549986100017751,0.8801586679442507,0.06839356099241074,0.0016306517959552489,0.0043172582672056994
145,0.0033614859119957888,0.9296646048488961,0.06529615561992322,0.000173158538351632,0.001504595080833259
146,0.003968282440970912,0.7948741522316775,0.1982075535455106,0.0001779969592222131,0.0027720148226187532
147,0.0035454026911339747,0.7708721468580082,0.22353165085901114,0.0002697986366292046,0.0017810009552174158
148,0.002566300448710753,0.6924403738368197,0.30142651798090403,0.0001754130237704925,0.0033913947097950897
149,0.003153982137359364,0.72993480464543,0.2626173945670312,0.0003230540745671343,0.003970764575612041
150,0.0014587850541496856,0.5109623995293359,0.4852889869569571,0.0004008410350725469,0.0018889874244847782
151,0.0019802386109439725,0.4946022140313515,0.49827342805696595,0.001496480417160156,0.0036476388835783645
152,0.007392712030908624,0.387760491434665,0.5869822095476297,0.005582155665339859,0.012282431321456908
153,0.1812398437525621,0.1290699020118593,0.0039018563778158914,0.6471675535931191,0.038620844264643676
154,0.1362556736500001,0.09091690229883408,0.0005042954617594857,0.7262282704087082,0.04609485818069813
155,0.3033054947869515,0.08354275033951875,0.0005098239682902248,0.07694738854462543,0.5356945423606141
156,0.5441204177730219,0.09674198311460783,0.0001004639381735745,0.06075005195186998,0.2982870832223267
157,0.711737736752829,0.07239419578328708,7.340674528913048e-05,0.02508028516229916,0.19071437555629567
158,0.7711141368907484,0.11213509850386036,0.00010928827747807138,0.038262205857609144,0.07837927047030394
159,0.688981474464223,0.1688359703459632,0.00014154039476206844,0.07157022789234511,0.07047078690270664
160,0.5442311144869619,0.3054512542806871,0.0002416451071148,0.1303902852504634,0.01968570087477271
161,0.5848373944534653,0.28313846683918376,0.0004525368207177348,0.07666596130373203,0.05490564058290122
162,0.32387043137418436,0.5809996587828389,0.0011014234472932589,0.07638126310580329,0.017647223289880127
163,0.195838932389475,0.758287667385901,0.0016819068927294784,0.031013212634445085,0.013178280697449632
164,0.07056456068506473,0.8944768427667469,0.00976879913306688,0.01583041097599064,0.00935938643913095
165,0.38169914754487744,0.09545004036346492,0.001201873266664346,0.00844407535787465,0.5132048634671187
166,0.41764939808960927,0.548137824277031,0.000960169478327964,0.014438764480291223,0.01881384367474063
167,0.14991232527847126,0.8324303584755464,0.010151545081442575,0.0018185890773586473,0.005687182087181257
168,0.19482587588542846,0.7902465453805341,0.008672414682704924,0.0013509362394853385,0.004904227811847198
169,0.04142268563297772,0.921009280195862,0.03106796351541418,0.0007046177441714995,0.005795452911574358
170,0.062079341785416395,0.895773386687476,0.03673810241366269,0.0008172766679449436,0.004591892445500003
171,0.02512777951744753,0.9445256091496406,0.02520528396175175,0.0010202183637605048,0.004121109007399544
172,0.005177718725858321,0.8496918500039197,0.1407888135442574,0.0005402687832595777,0.0038013489427049744
173,0.006987569645886454,0.9167497611206844,0.07250252938967973,0.00044654987948635914,0.00331358996426306
174,0.0030762877034378007,0.7795793456527139,0.2149580983468748,0.00031898817548662244,0.002067280121486941
175,0.013730079792272117,0.8481045304240193,0.13298961387961192,0.001030930974258373,0.0041448449298383235
176,0.011951332032288734,0.9092992270186607,0.07322272865377744,0.0010897037453988633,0.00443700854987425
177,0.04438153239523234,0.888964128639647,0.05928725513840941,0.0025030482084349706,0.004864035618276159
178,0.003973177972297534,0.7699102118545825,0.21975618674245795,0.0005593303549499282,0.0058010930757121755
179,0.030301974765869495,0.9007616068064416,0.06361797387855406,0.0016622163935776633,0.0036562281555573063
180,0.007178655442055296,0.8182967598005454,0.17115645291375745,0.00047348000886775573,0.002894651834774244
181,0.0192833710112373,0.9214891520846051,0.054802783758222784,0.0014940704075458128,0.0029306227383888574
182,0.012475165059707454,0.8800030705556404,0.10300783623930537,0.001210601752640347,0.00330332639270631
183,0.009020484120096388,0.7792546995311165,0.20667124747326004,0.0004271751377262279,0.004626393737800847
184,0.03347697224632604,0.8706965313889459,0.08882618602116717,0.002709027136665847,0.004291283206895188
185,0.015089772746545282,0.7766930661471396,0.20349961453534257,0.0011493756090372802,0.003568170961935202
186,0.08954516912088026,0.8263218793749944,0.07151648225456614,0.004897563327253532,0.007718905922305652
187,0.014184616422820269,0.8517209223177575,0.12886778693300582,0.0012371906565255629,0.003989483669890704
188,0.005801698925154212,0.8025899463772819,0.18701284017939476,0.0005234246680954918,0.004072089850073636
189,0.27225461020817276,0.38535926433891743,0.29383270163674063,0.002407051280115516,0.04614637253605359
190,0.6844481570800882,0.25234042883824054,0.006488371661614509,0.03377360819868897,0.022949434221367915
191,0.6508089418814403,0.28765258422022816,0.005894991892454579,0.0390261974673833,0.016617284538493465
192,0.42085539008372475,0.5540917388871868,0.006375095933369204,0.007061532092076422,0.011616243003642822
193,0.05426465372420771,0.919637863691318,0.019649919935755312,0.001974625363441755,0.0044729372852774455
194,0.138100781538023,0.8400519169569108,0.012368183085736827,0.0033694680644838237,0.00610965035484543
195,0.16202204025028139,0.8177767064298537,0.006552457708949149,0.007993844584603357,0.005654951026312302
196,0.1752273809277011,0.802281697466858,0.009412347360131744,0.007568537917468242,0.0055100363278408615
197,0.1310623106572445,0.8525324032341848,0.009813019446385417,0.003590751640741364,0.003001515021444038
198,0.03389253518920736,0.911699738318947,0.04988045383314578,0.0016731864327121126,0.002854086225987798
199,0.12632419890345317,0.8406496036065385,0.02036903876340442,0.007177954794685993,0.0054792039319179866
200,0.1612598080944486,0.8159471133912939,0.012816093366261855,0.0053012957726746,0.004675689375321017
201,0.08468279148817985,0.8984603718952399,0.010858676410679596,0.0034755550742811337,0.002522605131619533
202,0.24477118569098527,0.7318624944581363,0.007507712374263504,0.00972636436793513,0.006132243108679528
203,0.20369100207439478,0.7743793493215003,0.007474648545670617,0.006366301097633502,0.008088698960800824
204,0.06656896542131976,0.9126012949724694,0.016816706723814696,0.0017171192067676087,0.002295913675628442
205,0.0655895073922549,0.9077369800021451,0.019879450266456797,0.0027450278811041685,0.0040490344580390155
206,0.04914514610372288,0.9235647635151222,0.016801058748054983,0.0077900733758157325,0.0026989582572844186
207,0.16719325493960877,0.7717397531603061,0.020158882249872143,0.03480461750564256,0.0061034921445704635
208,0.06972026767283755,0.8936719199127792,0.016330160984287904,0.014862410679200215,0.005415240750895177
209,0.06387400416567914,0.8793262004148695,0.028040669813256713,0.021389931537531857,0.007369194068662753
210,0.2596951689738376,0.6381924876803063,0.00245459192642913,0.06200781495030354,0.03764993646912339
211,0.07699101084040774,0.053916351162482855,0.0033752418106761193,0.0071662037323007455,0.8585511924541325
212,0.5401844171360108,0.21641348568456636,0.0006607061650545173,0.037717131072756906,0.20502425994161147
213,0.5312060243608324,0.26249450695985643,0.0008211029819901708,0.02941259648333505,0.17606576921398587
214,0.6099325026686662,0.08997311841589967,0.00020125500339320576,0.05754394260719888,0.24234918130484207
215,0.10627294767213927,0.18387556398372384,0.0003927473250920816,0.03759102181887249,0.6718677192001723
216,0.16146691646409123,0.029692981746419336,3.561829575731511e-05,0.08396273842044905,0.724841745073283
217,0.039482101680864676,0.013337150965355418,6.224455100140368e-05,0.009001288163896656,0.9381172146388818
218,0.4445490156448904,0.013175631547027205,2.883974990600466e-05,0.03140006750050166,0.5108464455576748
219,0.5955496549660743,0.020141633799039854,3.0451391660323033e-05,0.09841774480470382,0.28586051503852156
220,0.6011693537763232,0.03746229819238993,2.6183406080629832e-05,0.16156933660894335,0.19977282801626295
221,0.4413508474239418,0.14426888825668044,0.000367707050948074,0.11265829793873317,0.3013542593296966
222,0.6082633066968268,0.10060471129633555,5.404193016047227e-05,0.20766192859227917,0.08341601148439813
223,0.3147802361933054,0.34523986463644485,0.0005083896027705491,0.21502036725563212,0.12445114231184706
224,0.4241150051107028,0.17548645216933303,8.436819154646604e-05,0.24552685152681852,0.15478732300159923
225,0.24805641859921387,0.3336983130360092,0.00041141868377988887,0.15319223685487363,0.2646416128261233
226,0.5962517803135379,0.08966342953763203,0.00011455104878608664,0.12452765254269764,0.18944258655734642
227,0.5405169740859527,0.28909097589812455,0.00018195954445646988,0.1339174315946302,0.03629265887683603
228,0.42465150245698186,0.12961354909353115,0.00011187975944389161,0.0730173110897295,0.3726057576003136
229,0.6536649352489385,0.15097935646688915,0.0001057500761900181,0.09249514161538547,0.10275481659259683
230,0.5464169405615951,0.2622261717542887,0.00018148843156101324,0.15273478627368398,0.038440612978871254
231,0.3771682118633901,0.4870690136497252,0.00047414532073839725,0.12304386369559518,0.012244765470550976
232,0.40552534454128547,0.27754379838786064,0.00013533928001448724,0.19570481229994702,0.1210907054908924
233,0.4449989582084584,0.24484740081609163,0.00020428221286915966,0.2591785612368476,0.05077079752573337
234,0.3354680493918556,0.5247962893160627,0.0004101877382767984,0.08910193979237549,0.05022353376142948
235,0.44813732184645155,0.43042381279213776,0.00018322256718581977,0.10623039579754832,0.015025246996676614
236,0.4151432319448877,0.47744498909977345,0.0002785596594602832,0.08867676886499903,0.018456450430879505
237,0.15678653551336802,0.7185828166794366,0.0018942202641212568,0.05594683164310519,0.06678959589996898
238,0.40171076175323694,0.30193500117639693,0.00038636692960477783,0.1941001135092674,0.10186775663149389
239,0.42975309184871396,0.2917308773063588,0.0008829984488812416,0.19899841071024807,0.07863462168579792
240,0.2698190953789884,0.2661647383593762,0.0017696215204338727,0.09019659441931427,0.37204995032188715
241,0.43954107863044695,0.07488979674234932,0.00010071946630274695,0.09797659878387574,0.3874918063770254
242,0.5014866961009699,0.0922770680850486,0.00016357622071835174,0.1694448852139772,0.23662777437928612
243,0.44744695767836457,0.09130919408053098,0.0008873616388500387,0.141981211425823,0.3183752751764314
244,0.04581839646921504,0.0052344106340279275,2.5515220947191755e-05,0.01047223249918926,0.9384494451766207
245,0.41820011307067617,0.012944121143084502,7.19893917861047e-05,0.048742712983288035,0.5200410634111652
246,0.7113844519521024,0.03462900202806468,0.0001104711741985929,0.0772452894069907,0.17663078543864374
247,0.646107972611032,0.05729858518411546,0.000161084442183569,0.07856494250787939,0.21786741525478953
248,0.26036459645043325,0.12127177044567658,0.0006936315986082938,0.08340110110554334,0.5342689003997386
249,0.07756316797740576,0.0108333434359063,3.252091125902959e-05,0.020424142126457254,0.8911468255489716
250,0.5725844045676772,0.02070782635315943,5.84151841756244e-05,0.06414797183850048,0.3425013820564872
251,0.08910017238672421,0.008316041894092156,0.00011490185852211769,0.0217284177142595,0.8807404661464021
252,0.5147996266594728,0.025551110120001497,0.00010245502307733229,0.053811194399486825,0.4057356137979615
253,0.45589092232525585,0.015926383430852595,6.149158813418272e-05,0.07234289841676243,0.45577830423899496
254,0.5779107288621309,0.07298743661589234,0.0002956667357610384,0.08404313908738027,0.26476302869883533
255,0.4585955933768139,0.3302121174321398,0.0007283305453327891,0.15592566167288235,0.054538296972831204
256,0.05698295854672887,0.018656169688776328,0.00011802481142384562,0.008414462980857582,0.9158283839722133
257,0.7044891875476061,0.14028822618402,0.00017547120015694068,0.03902404549233605,0.11602306957588077
258,0.6984208507355294,0.1867220232931871,0.00022719580560523153,0.032503625376322565,0.08212630478935565
259,0.6181510601855212,0.35365090631062146,0.0004917438619910986,0.016265115328920162,0.011441174312946148
260,0.18080439740253082,0.7922442689418435,0.002760555203669076,0.016880878747044373,0.00730989970491209
261,0.31771934549789793,0.6261280624607555,0.00112405535459732,0.03797177285899031,0.017056763827758867
262,0.06375824787879815,0.920884947596533,0.007038450368650325,0.004132695202859217,0.004185658953159124
263,0.010453938136552822,0.9645108290900227,0.01554837873049702,0.007066382173935939,0.0024204718689915896
264,0.10508125498588738,0.850097253005055,0.007054653896997505,0.03343823986161301,0.004328598250446919
265,0.1903755609055374,0.6945116955376833,0.0029836599186616177,0.1070707044099925,0.005058379228125269
266,0.0806564965113617,0.8463069252485707,0.005607944319344012,0.06436939189108906,0.0030592420296344787
267,0.11773278978424595,0.8276773935676377,0.0023104564790706623,0.04664261330088513,0.0056367468681605415
268,0.04434378957847971,0.7942776403404751,0.016081196889629345,0.14039992100211007,0.004897452189305718
269,0.21005111838982038,0.19919895614830585,0.0005936647983037694,0.5087781146613687,0.08137814600220127
270,0.1595983204143397,0.05436646633027349,0.00012390932906338723,0.729184254736443,0.056727049189880384
271,0.07637837092552799,0.029008955365837644,0.00010596280737797085,0.8562146367526641,0.03829207414859231
272,0.1016124126270265,0.01456832949874631,7.175585570112859e-05,0.8416497154240067,0.04209778659451935
273,0.031601263545086314,0.006057110644736997,1.377476535445398e-05,0.957387288702302,0.004940562342520415
274,0.026240743263781743,0.005946266181695142,8.907111277615853e-06,0.951960450860878,0.015843632582367685
275,0.028831443663148812,0.0032851069019941025,1.1329891204787174e-05,0.9422887777138327,0.02558334182981972
276,0.0160147998109875,0.004116194457846224,2.2142663666391793e-05,0.9689354862776572,0.010911376789842636
277,0.017980129492745318,0.0034319492825691765,3.2042088684317454e-05,0.9678010376828273,0.01075484145317388
278,0.020544141692871772,0.005862936931268134,0.0001282775641406949,0.9163323346643018,0.05713230914741768
279,0.013989304505312501,0.005121101168598736,6.98053795908443e-05,0.9610099251124152,0.01980986383408253
280,0.014708900919742753,0.005191883647501263,7.944939915401148e-05,0.9612625462240979,0.018757219809504126
281,0.03667993695283106,0.03965610586006971,0.0011920342352060066,0.7841329055650602,0.13833901738683305
282,0.02177683064732429,0.03757015782468578,0.001863979067202424,0.913804048927267,0.024984983533520622
283,0.04616898976175612,0.2419903602892104,0.046570159359351215,0.5148615237857204,0.15040896680396182
284,0.06154868657953574,0.1515152190088376,0.010374927379627887,0.6468726357498232,0.12968853128217567
285,0.06699416970591208,0.20462266209768995,0.01659332366465316,0.5604418836459703,0.15134796088577454
286,0.03955477512711091,0.2845660659812506,0.027707245681213424,0.5145764005044582,0.1335955127059667
287,0.10211426210958267,0.20139115386674566,0.014215909785578315,0.6360015098360594,0.04627716440203392
288,0.07184875243147143,0.2380017867390545,0.030492849584740474,0.6103417936022202,0.04931481764251352
289,0.052542959087455245,0.21027207493818106,0.013799400954855247,0.5911525447409697,0.13223302027853873
290,0.09025346755082764,0.27227103802199626,0.01982409779467659,0.5385175008497487,0.07913389578275072
291,0.03869782464877152,0.044463716516514755,0.0016870872817988675,0.8275084907098182,0.08764288084309646
292,0.040759283725304095,0.06770414342238545,0.0018902144583633816,0.8424034286048044,0.04724292978914263
293,0.07697007456596243,0.007287152779829957,9.393300013730986e-05,0.6661286826824602,0.24952015697161017
294,0.04816289893837059,0.003799371744667844,0.00026764909496297017,0.8274584919933182,0.12031158822868039
295,0.08913602496429093,0.0020008356824563014,0.0001384060606373133,0.8625803375773998,0.04614439571521567
296,0.15720921449695582,0.021004505459429366,0.0011005529919731448,0.7237000947029678,0.09698563234867376
297,0.05158782553916941,0.012122384485983724,0.0003301988655269431,0.9192010914540684,0.016758499655251648
298,0.04439028212351324,0.02903168332928659,0.0019646920124303745,0.9045402298943189,0.020073112640450908
299,0.05292092783754497,0.07071309030452103,0.022229441115514777,0.7987073104131205,0.055429230329298945
300,0.008653626915665525,0.007433061173426542,0.0007981398042422358,0.9748813903115017,0.008233781795164026
301,0.009767306963702855,0.018150722696976856,0.003022775841208749,0.9621541889618574,0.006905005536253979
302,0.00882522411615083,0.006035462072278101,0.0008902063367729183,0.9751154773308736,0.00913363014392455
303,0.04332885063986273,0.021212694779398075,0.00012545273270873154,0.8847512453269298,0.05058175652110051
304,0.07287669925367321,0.04336705275851769,0.0007337975272284263,0.8624230026953668,0.020599447765213778
305,0.17432446268262997,0.11731710307849395,0.001458251374247468,0.6394122333428242,0.06748794952180438
306,0.13616872650505107,0.06473648057880964,0.0008131953156241194,0.7362648449616184,0.06201675263889667
307,0.13347399481498243,0.3047304206466313,0.026032972556384457,0.4695101026348279,0.066252509347174
308,0.11320459390749912,0.3000842877451367,0.35790327400414734,0.11740414465696986,0.11140369968624707
309,0.0653597790965135,0.41365273810166897,0.07318723437123509,0.3516461907173359,0.0961540577132466
310,0.08353271311149986,0.2937242304281252,0.02897028306799943,0.49236819888537847,0.10140457450699693
311,0.07415149734170849,0.1627211535270183,0.005986501959410832,0.6882531580030388,0.06888768916882362
312,0.049680217545800695,0.07181810390527313,0.0004106800934720242,0.819396276057118,0.058694722398336244
313,0.04296720197744112,0.12702467961382655,0.0022487848037630242,0.798224734836544,0.029534598768425194
314,0.03149789170787224,0.10983561051683607,0.0018995122738036392,0.8023842509879082,0.054382734513579806
315,0.05845366565003203,0.0680875584202667,0.017505849431567733,0.8152704659562175,0.040682460541915884
316,0.07986976066647342,0.04190421087874428,0.0006232761293957014,0.23426380012797626,0.6433389521974103
317,0.1695638532358866,0.01368312298986745,6.970335818884464e-05,0.13014038175860007,0.6865429386574571
318,0.17290555483006534,0.007529531411947621,2.262694583290474e-05,0.06948860911648772,0.7500536776956663
319,0.7229470054187165,0.019084333224782483,4.8837253531314236e-05,0.050924959877773304,0.20699486422519653
320,0.5915217780816587,0.033633443754522346,0.00011511531427618218,0.2951804994551654,0.0795491633943774
321,0.33015453138417056,0.05977413593775781,5.7201740863124955e-05,0.3169078882431522,0.29310624269405633
322,0.1662380850299869,0.08185953839142208,0.00013748007869993678,0.7329243722402385,0.018840524259652602
323,0.1561252493684426,0.05590266550660404,6.303334421980262e-05,0.702633438451602,0.08527561332913165
324,0.12964233157710317,0.07756356395842785,9.313506926691838e-05,0.7653766573588965,0.027324312036305694
325,0.15125339373230756,0.061591733598590305,7.832632620678433e-05,0.7454844923863525,0.04159205395654274
326,0.18584106504834547,0.20276966288923476,0.000141826033100441,0.542884124325413,0.0683633217039062
327,0.17333668042576605,0.10793063090030082,3.624048077473086e-05,0.3237882727694141,0.39490817542374435
328,0.20092815389212837,0.07810109154426487,5.7151167185814274e-05,0.6863319968891571,0.034581606507263773
329,0.29257673273249235,0.021583061170080135,9.539347526350382e-06,0.46328173032107817,0.22254893642882292
330,0.2858601678286821,0.11451342141408642,0.00013187036865948255,0.5679843745018871,0.03151016588668475
331,0.21633600305746556,0.04458922641756399,2.029061504900057e-05,0.6072318999113224,0.13182257999859898
332,0.13762524994359662,0.03940008312382909,9.410402565537335e-05,0.7152108606294166,0.10766970227750233
333,0.1100308752584341,0.05416417090616131,0.00023914160488873793,0.20402980894815725,0.6315360032823586
334,0.2894403536648795,0.01142318900615869,2.835713175699406e-05,0.24269629794906145,0.45641180224814343
335,0.10945618188536327,0.005862903789212791,1.5863605787648442e-05,0.07083642403662392,0.8138286266830123
336,0.0963938808070534,0.007293840461882007,9.275035456561435e-06,0.08510845749833211,0.811194546197276
337,0.09143066915780963,0.007321058578559126,4.786879914707916e-06,0.05180432188150302,0.8494391635022136
338,0.2846132166980223,0.02947245109042114,2.8559872025284476e-05,0.20776130805911494,0.4781244642804162
339,0.25205818040313466,0.045070030155094906,7.069821225598986e-05,0.30325020782726947,0.3995508834022449
340,0.3077542705309358,0.04897364914001716,5.509007350506062e-05,0.2679430428907805,0.3752739473647615
341,0.03887684743185769,0.0047134134732349404,9.70861395781871e-06,0.029741155982407067,0.9266588744985425
342,0.5293401310991894,0.04488295750149799,6.948760798224977e-05,0.17253839857394698,0.25316902521738344
343,0.5477910474626745,0.027045148530379686,4.592151496152554e-05,0.09324923900823026,0.33186864348375394
344,0.6283130379376044,0.06898952808384337,0.00014245396159863995,0.14791687877031456,0.15463810124663893
345,0.38212522197972426,0.28974319369059837,0.0002974053674925996,0.2841370300332866,0.043697148928898165
346,0.39135892690502005,0.32196704876673526,0.0007784094975121596,0.11751791168834745,0.16837770314238504
347,0.3442331261566393,0.47697244214927537,0.0007229940149515146,0.15758772919739236,0.020483708481741227
348,0.3975875719756891,0.4452609705178155,0.0007876238796511688,0.09917795892548924,0.05718587470135502
349,0.40819073267488876,0.46512517915174223,0.0008277919728798714,0.08363454262596168,0.04222175357452747
350,0.17236754506797786,0.8055391917411485,0.0007146114072134111,0.012271959114106595,0.009106692669553756
351,0.47197316732516575,0.4203231670743957,0.0006339686354836526,0.08190861161624842,0.025161085348706494
352,0.15113686447827154,0.8265894151999384,0.001946076156383375,0.015872018297065,0.004455625868341795
353,0.05078300750066174,0.9362197523334052,0.0036968756399953996,0.006398713130800371,0.0029016513951372657
354,0.09596675766676196,0.8849795882768071,0.00174261571832152,0.01416786970337711,0.0031431686347323413
355,0.01684665747710798,0.9743624412837835,0.005281068851711837,0.0015751727628174363,0.0019346596245792946
356,0.03631976911582249,0.9519648169441409,0.004734929029651525,0.004423031993088886,0.0025574529172961717
357,0.03543824675950162,0.9541848787964241,0.0036998191616805895,0.004502778409178895,0.0021742768732148
358,0.027322676542469247,0.9516499092796251,0.017022667091006485,0.001441606771166347,0.0025631403157328147
359,0.010553687535182965,0.9560363375548965,0.03152226746206518,0.000485510116823172,0.001402197331032022
360,0.016887234705414082,0.9544915341934225,0.026370378091836573,0.0007042981761825846,0.0015465548331443557
361,0.016689720580651744,0.9433801004117418,0.037049260577504364,0.0008948324541945218,0.0019860859759072737
362,0.009063348053718612,0.9263862998870007,0.062180603580099615,0.0008175062198802777,0.0015522422593005525
363,0.00863509887570149,0.951786754290783,0.03659251520244794,0.0014393097251250383,0.0015463219059425144
364,0.017591707462946263,0.9510140234575294,0.027248739016321504,0.00235186444551523,0.0017936656176878664
365,0.036769375656100944,0.9101855811123479,0.04380506642169125,0.0030525807924905437,0.006187396017369175
366,0.09631401722132997,0.8781306201862917,0.018469223598828216,0.004081875476275168,0.0030042635172748008
367,0.045085782518338294,0.9386337280435338,0.012556970913208228,0.0019052175043481436,0.0018183010205715315
368,0.005625785334642949,0.9663158599953451,0.025757219160409406,0.00029345088566211646,0.0020076846239403807
369,0.0025965213294942887,0.904590018825438,0.09147780322506194,0.0002851710417839782,0.0010504855782217546
370,0.007578601129658121,0.9100209879097109,0.0796368912461789,0.0007210070108641557,0.002042512703587824
371,0.021004419406159186,0.9038610852751272,0.06876387107300425,0.0012841875353735777,0.005086436710335647
372,0.01058358693083889,0.9314572849681031,0.05413061531124295,0.0008875505074539658,0.0029409622823611385
373,0.028121585161164437,0.9245598686535672,0.04330946998274333,0.0016684173750518296,0.002340658827473324
