epoch,N1,N2,N3,R,W
0,0.0016941801291239956,1.2330309982676304e-05,9.698522356427206e-08,1.885787751115523e-05,0.9982745346981586
1,0.0020137084392041027,4.8792108841727064e-05,4.93899593135681e-07,0.0002606095195771564,0.9976763960327839
2,0.004967368798718983,0.0001411608350179259,1.2592384885365012e-06,0.0009743956124712549,0.9939158155153034
3,0.01943341402809104,6.127658719707663e-05,1.6892048074945472e-06,0.0012848413050800863,0.9792187788748242
4,0.003734596400562481,3.6927437825340335e-05,4.534335024290192e-07,0.0003123980762600926,0.9959156246518497
5,0.038323644565652036,0.00010726249708321657,7.04210272764941e-07,0.0005497964408369037,0.9610185922861552
6,0.046393502613761024,0.00017669762977823376,8.35660352981519e-07,0.000834103659270155,0.9525948604368377
7,0.5879407149674055,0.0008370493840906019,2.6687294447175848e-06,0.0008547058710415281,0.4103648610480177
8,0.8235020597040147,0.0017735806059229696,1.685673050986486e-05,0.0017341753486985899,0.1729733276108538
9,0.31797534484944756,0.014240793150072205,8.702649927835686e-05,0.021849086637325793,0.6458477488638761
10,0.019805586217414402,0.0024097516751831888,1.8937462182792436e-05,0.016629679234039647,0.9611360454111799
11,0.16083942795713518,0.01137605925892749,7.847447625398431e-05,0.09681115576445706,0.7308948825432262
12,0.24343602595334052,0.044378548082298686,0.0004388909897823358,0.22063831908161013,0.49110821589296827
13,0.6135594122185064,0.10129626738872267,0.0004152177209214626,0.0866416926656175,0.19808741000623178
14,0.22408707431174685,0.006831098598836735,9.772083070739275e-05,0.08135611970333478,0.6876279865553743
15,0.38943859990650315,0.03445053169343101,0.0003012154507049005,0.3126102205611126,0.26319943238824833
16,0.3781497038167639,0.09264840306418945,0.0006968860739453568,0.18753383755057115,0.34097116949453027
17,0.2700076838022467,0.3557418074232234,0.005118192282208878,0.08127025115931195,0.28786206533300907
18,0.019878361439191916,0.0063553713676445375,4.473163341808263e-05,0.021276661301035706,0.9524448742587098
19,0.14191420115948955,0.39682392603059685,0.0014009677697581103,0.10440840718794912,0.3554524978522063
20,0.022487649488842867,0.012230656413583493,2.1051658293164648e-05,0.014447153675032914,0.9508134887642474
21,0.1246581629720102,0.001066942451743419,1.3142131229794791e-05,0.0013499547577660248,0.8729117976872505
22,0.5040543137158082,0.04215895106526436,3.406155234982769e-05,0.0041435745522866736,0.44960909911429087
23,0.7261526671396575,0.029536788039986946,0.00010250262336595674,0.0075552794525532135,0.23665276274443628
24,0.7395688767615021,0.13566672735826005,0.00018776648089893915,0.00936648397775851,0.11521014542158055
25,0.17225636019857354,0.08261926481109036,5.655729957753193e-05,0.01866409656186912,0.7264037211288895
26,0.2796251201479776,0.5534504829910057,0.0016380254644829306,0.022882649519268338,0.14240372187726544
27,0.3597818304276653,0.486267289622459,0.0009811047762971704,0.05950905719293638,0.09346071798064201
28,0.4102857894294729,0.14767942082724272,0.00033329389522475465,0.029188373914968067,0.41251312193309153
29,0.1619642009696352,0.7743884833451958,0.0018185637256548474,0.014124070233826166,0.04770468172568798
30,0.07913842539178854,0.9018897551701719,0.0025462832462000155,0.0028956575554605697,0.013529878636378893
31,0.019294051673747557,0.9721131462014221,0.004043287344189792,0.0007039074009370648,0.0038456073797035156
32,0.06209172102376419,0.925802522396856,0.002276073449955261,0.0033030708589812455,0.006526612270443404
33,0.3154772888334093,0.5340464339922422,0.0002605601975440648,0.004271305910982295,0.1459444110658221
34,0.1338430641259511,0.840388790242375,0.0015702740377732285,0.001297685878680029,0.022900185715220765
35,0.3392108412651548,0.6063576793526547,0.0017850727928879837,0.0005174861948443227,0.05212892039445822
36,0.2887031192725058,0.6885346622533133,0.000848575880683846,0.0004805587876069732,0.02143308380589014
37,0.028930460712025544,0.9567005868261507,0.0028438821983577346,0.0011301823900204725,0.01039488787344578
38,0.03414363560392026,0.9323144001146351,0.005590052558335554,0.0009323210501630605,0.02701959067294607
39,0.06425912621402124,0.8012866935255998,0.0031250828861244632,0.0015083342032555372,0.12982076317099905
40,0.07790070729689681,0.6465017825602379,0.004071244521739659,0.0030601789346530565,0.2684660866864725
41,0.009666648198303016,0.856009759025687,0.024259360742795538,0.0004952255557037032,0.1095690064775107
42,0.0024941179211216548,0.0007155733467449503,4.1832783653461264e-05,1.6402041077770454e-05,0.996732073907402
43,0.5095093191968415,0.010959798708577988,3.5598044924427216e-05,0.00040239202643798473,0.47909289202321814
44,0.8578047404934287,0.07507513581378418,0.0001388622799206476,0.00024379437991392378,0.06673746703295264
45,0.9087831998671714,0.07532573024041114,0.0003244116742035292,8.115786509013169e-05,0.015485500353123837
46,0.776993149922722,0.20292268558664683,0.0007398434945684259,0.0023246494279056673,0.01701967156815714
47,0.17114573729815633,0.811214752670392,0.005212440186594661,0.003462288798015269,0.008964781046841829
48,0.021323309258565935,0.9506129751386013,0.024748459888315026,0.00099411939240131,0.0023211363221164773
49,0.09647490790402699,0.8732364196519187,0.009161366157009727,0.0007896583975834072,0.020337647889461345
50,0.035991466018803174,0.9537528981061814,0.008355013162657705,0.0005350807419913987,0.0013655419703664726
51,0.052252777924480784,0.9245544770229398,0.01753792670121555,0.0010067325571745112,0.004648085794189203
52,0.009622428551081667,0.9533360821560093,0.035510655147219496,0.0002313959722320792,0.0012994381734571445
53,0.012230413954248565,0.9393489344561081,0.04604331484510507,0.00039291206520128424,0.0019844246793369437
54,0.029499640048514433,0.9615757811683576,0.006763333283013049,0.0006039612796278314,0.0015572842204869704
55,0.012121735209717979,0.9141065271500312,0.07113616348173019,0.00040806072852383476,0.0022275134299969443
56,0.009302034840828314,0.9522357489038065,0.03556067016508512,0.00045379939750703777,0.002447746692773195
57,0.007321101067857934,0.9364699795525806,0.053025951605047604,0.0003219868452332093,0.002860980929280776
58,0.004103655863551785,0.9194861358000423,0.07521033007245143,0.0001779110097642018,0.0010219672541902215
59,0.00937289476310108,0.9152588491874564,0.07312025198406365,0.0004917140942431112,0.0017562899711355468
60,0.0009269578039979771,0.8094695468376686,0.18853772398069543,9.423042699649929e-05,0.0009715409506414474
61,0.04634496583781266,0.8817039235850467,0.05664106983433751,0.00042720187389219135,0.01488283886891082
62,0.010375034557600558,0.8652889279833703,0.12259808373145177,0.00016676108500794686,0.0015711926425693741
63,0.0009794965545792636,0.6462073861199775,0.3515530049269251,5.618372327772258e-05,0.0012039286752402714
64,0.005135367636737545,0.7957392868968937,0.1953590076485723,0.0001515213611640981,0.0036148164566323143
65,0.0008483649037816746,0.6204072403477023,0.3768290994031281,6.140529914235943e-05,0.001853890046245541
66,0.0013827904168127608,0.6364056549203231,0.36016833386715297,0.00013331687014370806,0.0019099039255674446
67,0.001116600664859422,0.7023944442019487,0.2950054866043146,4.9421559643997316e-05,0.0014340469692331968
68,0.002193671345484202,0.6471740851098783,0.348756700967566,9.693732736801602e-05,0.0017786052497035904
69,0.0020288189583819445,0.5930811519708273,0.4025880288828684,5.96060842665086e-05,0.0022423941036559094
70,0.0013235271682325441,0.5898933418399643,0.406869935044454,8.531906230039336e-05,0.0018278768850487062
71,0.0012640181889203312,0.5991462927590229,0.3976011564496302,6.58338859654965e-05,0.001922698716461101
72,0.0009035831593115071,0.5210318012148802,0.4763338622774232,4.194171837119736e-05,0.0016888116300139003
73,0.006865307687228705,0.6327379912994969,0.3557377252909047,0.00025077913334951244,0.004408196589020211
74,0.0006812751829098035,0.29276920184600136,0.7051925004970844,2.8018381940234287e-05,0.001329004092064338
75,0.0021787112549087446,0.6989902331629829,0.2961919314477892,0.00022557479471971075,0.002413549339599434
76,0.00220885456170146,0.7555088909339447,0.2396331617942397,0.0004173841459802474,0.002231708564134002
77,0.0346557700594582,0.8598850577855999,0.09719281187727888,0.0006303551242563449,0.007636005153406801
78,0.00296066099243503,0.5685030461676301,0.4245713031476587,0.00021973299285474974,0.003745256699421368
79,0.010887135427203709,0.7564897506166137,0.2243301276814311,0.0016153109395567957,0.006677675335194727
80,0.028569203296213673,0.6993695348175425,0.26426675748465733,0.001399834401063793,0.006394670000522773
81,0.02998290002220232,0.7404692489364368,0.22032009432309616,0.00392544545825972,0.005302311260005015
82,0.0032150432777308248,0.8379055112422066,0.15418967776023482,0.0006112777152372643,0.004078490004590405
83,0.10249180702624738,0.8494797554245233,0.024683111345877574,0.019485177495144817,0.003860148708206924
84,0.04047287411065433,0.8745156444406474,0.05626107376639611,0.024447988999982392,0.004302418682319614
85,0.22244204088918174,0.54661302742695,0.02290559847880202,0.18365921442289435,0.024380118782171886
86,0.213359051252081,0.49113468850481,0.0047139019956907394,0.23516707257100863,0.05562528567640958
87,0.0953439953829642,0.27359062032133136,0.004926922597945655,0.6065577821961488,0.019580679501610136
88,0.23805827592698273,0.26072764068019905,0.0032579613591508546,0.47321842897897964,0.024737693054687697
89,0.23592500944257921,0.13173488549320891,0.0020993275475050424,0.5993928532253335,0.030847924291373403
90,0.10207944006491154,0.12478948263841073,0.0019371436375710948,0.7352764673176394,0.03591746634146726
91,0.053473935222283914,0.028825557216185217,0.0008640581912376084,0.8280233063801746,0.08881314299011848
92,0.07974864408643537,0.03202329462016814,0.0008204950869583216,0.7670026151096924,0.12040495109674584
93,0.04618277937554581,0.013871360172355069,0.0002676564017120754,0.9147931750113382,0.024885029039048757
94,0.18914179569446432,0.016955561694105382,0.00010060812089114773,0.6612175775305364,0.1325844569600028
95,0.3239011105643813,0.022402780666000786,0.0002972757318012537,0.4272170595976084,0.22618177344020826
96,0.08964476497818757,0.010867428927878633,6.0212312753855195e-05,0.8729941608872109,0.026433432893969013
97,0.07490178866623597,0.00445446438267894,9.148539539170669e-05,0.20312345125415945,0.7174288103015339
98,0.09709897095264662,0.007079685151950698,0.0002445002696347378,0.8394533191838879,0.056123524441880006
99,0.08956700874387251,0.007062947567682048,0.0003688065528441389,0.8482595869299107,0.05474165020569071
100,0.1448841137033112,0.027091077746002563,0.0005392819556840691,0.774216564050443,0.05326896254455901
101,0.042330248843620195,0.03465362756611355,0.0008161400133652134,0.9053414406562237,0.016858542920677285
102,0.017923070305119398,0.007157039539389967,0.0002469822229733519,0.9607791481705796,0.013893759761937746
103,0.021146368689026834,0.008790532750272698,0.0001338016718759784,0.9281209002713391,0.041808396617485366
104,0.018862008131643012,0.006896439169855747,0.000295634767753284,0.9364144546122264,0.037531463318521516
105,0.028213555266979287,0.010445116735753605,0.00016488259701685326,0.9430701323017804,0.01810631309846979
106,0.021660723711286148,0.008784988660567837,0.000307991629297258,0.920525411685601,0.04872088431324776
107,0.04048333283649528,0.010187192190111768,0.0005059719194531829,0.9249930533805732,0.02383044967336657
108,0.010032976279351421,0.002910551124522275,0.00014981789427362207,0.9725329055796585,0.014373749122194157
109,0.032399747358357364,0.007334847934461878,0.0003457194037795445,0.9215654515603383,0.038354233743062884
110,0.017971706305968355,0.008946211205977134,0.0003627048809935012,0.9556449277538359,0.0170744498532252
111,0.04487498145457843,0.005034292853417385,0.00023574696456495759,0.8863587803690864,0.06349619835835284
112,0.07043987127875227,0.020663379991313728,0.00032257427121589014,0.8794973578994001,0.02907681655931799
113,0.12272365269222021,0.014929335498256546,0.00016657442355932372,0.7822220632935515,0.07995837409241255
114,0.39689775737854355,0.09922265961447822,0.0013241927556853692,0.41007783130443487,0.09247755894685805
115,0.14799230655413942,0.03438879947345391,0.001641580165054845,0.6344898914748971,0.18148742233245477
116,0.04709613774394144,0.017777102030433763,0.000643880987858099,0.11694632805478193,0.8175365511829848
117,0.12147281374151672,0.1908093218376144,0.008299790424125734,0.530733586069972,0.1486844879267711
118,0.4390481366607518,0.23906811796115005,0.005397058268052937,0.1825947851728606,0.13389190193718453
119,0.22265311036334687,0.7168789316797893,0.01106092975919583,0.03605313312383746,0.013353895073830658
120,0.1000362667554004,0.7322442900735524,0.010961294341322397,0.1436915930586562,0.013066555771068572
121,0.0771076671940993,0.8381478779682565,0.011455659804050894,0.06424675738633212,0.009042037647261077
122,0.031826868295621195,0.9300065747397326,0.011391198817128141,0.021818109515247017,0.004957248632271191
123,0.1678302630394032,0.2877608290237976,0.0007544747565763753,0.006149852982480614,0.5375045801977423
124,0.4902352046139284,0.46351011678952364,0.0019200548995590863,0.0055164125358207515,0.038818211161168174
125,0.28095747267780535,0.704169704281625,0.001852479164139595,0.0014843651621978787,0.011535978714232054
126,0.26744111297807316,0.7213746334853066,0.004162319739155156,0.0011709018510616853,0.005851031946403267
127,0.07531769074446552,0.9030114353507027,0.0019498436269333155,0.005045911564329099,0.014675118713569111
128,0.2960936667222015,0.6523926201505287,0.0009985274361865666,0.006020262347163865,0.04449492334391938
129,0.13111191245269607,0.8570644657624756,0.0031284637358252455,0.0040426030302108265,0.004652555018792254
130,0.09609256475395878,0.8933595076407244,0.00524752973681688,0.002410775008767351,0.0028896228597326454
131,0.09373405630448077,0.8858797387856946,0.011656644579663056,0.005754857453340769,0.0029747028768209094
132,0.02121851186045796,0.9666404376186557,0.005069929644767084,0.005418037825945495,0.001653083050173599
133,0.13203944863825276,0.8401670345354412,0.0027698262701897226,0.020181816860262797,0.004841873695853805
134,0.24246096079477517,0.6957316757310213,0.007175054855023466,0.002951913643248584,0.051680394975931514
135,0.43590944636416157,0.4787238650439916,0.008262590887197876,0.005767426870428384,0.07133667083422067
136,0.6723207944732319,0.30378269438707245,0.0027172352233811323,0.0016652262195579026,0.019514049696756637
137,0.3168351769974956,0.6748711660708898,0.0026911621637346244,0.0011071139197417527,0.0044953808481381875
138,0.19016540882735464,0.7711406228184015,0.026356638541428327,0.0011195699868470131,0.01121775982596847
139,0.06944700125592355,0.9158934109600609,0.011804072769177951,0.0007807000348205573,0.0020748149800170726
140,0.01966492084703097,0.9601092919647041,0.01742271463444084,0.0006165862865434937,0.002186486267280534
141,0.0025532278106135333,0.910948792419486,0.08558089474543491,0.00019919967116759123,0.0007178853532981792
142,0.005402476842200955,0.9413466296185676,0.05172757509055887,0.0006398366269795868,0.0008834818216930021
143,0.0018860470741758728,0.9152353339532527,0.08124685380315563,0.000708812918440136,0.0009229522509757648
144,0.00201575724036367,0.6995009431744339,0.2975653938576713,0.00020965256113868755,0.0007082531663923478
145,0.0007593918049623232,0.7513055835562111,0.24719673347361582,0.0001447226209174634,0.000593568544293227
146,0.001706081276711723,0.5224830235732796,0.47487010978024763,0.0003478155920846752,0.0005929697776764334
147,0.004442863164237461,0.6265060671485845,0.3659546826616089,0.0006342266452007473,0.002462160380368433
148,0.0006426150878955009,0.75786354937628,0.2405625218668502,0.0002463661489170047,0.000684947520057339
149,0.000920676389760612,0.5194833041715862,0.4787692827150656,0.0002370851955321401,0.000589651528055459
150,0.0007306216982933866,0.5852046268543706,0.41329395579274264,0.0001355374842973271,0.0006352581702960906
151,0.00039372467823109095,0.5348159151068345,0.46423191496799543,0.00011414260809010509,0.00044430263884885857
152,0.0005120542105124694,0.5841106260813683,0.41402920580631936,7.661356571805832e-05,0.0012715003360816858
153,0.0011437458157854746,0.4825689975155777,0.5147892154727791,0.00010955285186775782,0.0013884883439898368
154,0.000379243942801729,0.5019362378972835,0.49705024074584525,0.00011116258902710742,0.0005231148250423741
155,0.0002734421005493678,0.2929610014638889,0.7060220493069989,4.037466101611267e-05,0.0007031324675467956
156,0.0006421643467056917,0.3966797604380133,0.6019415474353319,9.57429494124026e-05,0.0006407848305366675
157,0.0008745700912086872,0.45147261401672445,0.546694087328305,0.00013441890390991374,0.0008243096598519949
158,0.0009922407594527255,0.18345502639583255,0.8133670564899251,4.157429183915217e-05,0.0021441020629503395
159,0.0009170263521024963,0.5425959675291763,0.45564615274644804,0.00010178927649325076,0.0007390640957799224
160,0.0014307176837767954,0.2721689303310263,0.725525600196739,6.958188297702269e-05,0.0008051699054808899
161,0.0006856540159073613,0.23953153053004142,0.7588331253838616,3.4022834704073974e-05,0.000915667235485573
162,0.0007784319040277407,0.343861917488139,0.6543027468993737,2.3652760031110496e-05,0.0010332509484285138
163,0.00022734206234147867,0.18048467364986231,0.8187308900376971,2.026924812207953e-05,0.0005368250019772269
164,0.00022411845535388018,0.12419325715824119,0.8747409807549412,1.3063320948840824e-05,0.0008285803105147904
165,0.00024898902212950084,0.21777980188307078,0.7814805903080161,9.910600719688936e-06,0.00048070818606403646
166,0.0004682279092940091,0.4755103105351883,0.5233430196531003,2.9037819700392523e-05,0.000649404082717273
167,0.00029259260661486234,0.26722615559264457,0.7320123942893355,7.767383397926871e-06,0.00046109012800699123
168,0.0005042280292733,0.2556554097214258,0.7432352326878768,1.9488291333492267e-05,0.0005856412700906119
169,0.0005122626049465723,0.09181478658222604,0.9068258921882273,1.9873087881076918e-05,0.000827185536718937
170,0.0005241380992119595,0.11394616420619584,0.884404029987851,1.4383069459233234e-05,0.0011112846372822002
171,0.002373143874362959,0.21096547158355392,0.7852427370551135,4.64315498186256e-05,0.0013722159371511017
172,0.0004520734699113194,0.09747714547362567,0.9016464575651685,7.623066948987667e-06,0.0004167004243455342
173,0.0002882084910790279,0.18018205613085783,0.8189295577857333,8.563124497993684e-06,0.0005916144678318734
174,0.0003826621710296827,0.23127866391149385,0.7678334860196977,2.2851970072012754e-05,0.0004823359277068039
175,0.000124104619820553,0.05293496664769253,0.9467027626033655,5.671847259403928e-06,0.00023249428186210015
176,0.0004066380236600874,0.2928444397924602,0.7058726438417955,1.98935490199532e-05,0.0008563847930643171
177,0.00033426439961130745,0.2292568489701953,0.7698879161901103,1.654424040110492e-05,0.0005044261996820269
178,0.0004946206881375275,0.2583253753454558,0.7405588184352973,2.7373986207629203e-05,0.0005938115449018049
179,0.00064982916210336,0.35610907404204795,0.6424875844318054,3.66106908426482e-05,0.0007169016732005676
180,0.0009133761541266346,0.31179650392801056,0.6866865516589058,4.370502798500186e-05,0.000559863230972117
181,0.0006607516317195104,0.37384500683233624,0.6247688604967859,5.7254415544805825e-05,0.0006681266236136082
182,0.0004751104370726633,0.13439949421162753,0.8644446174638752,2.181361045521585e-05,0.0006589642769693277
183,0.00896664356737742,0.3227153057542069,0.6662753617481679,0.00019925264703829913,0.0018434362832094368
184,0.00149814388978024,0.21321782142456466,0.7796446236416877,7.37129591793693e-05,0.005565698084787871
185,0.0013677111179941322,0.186485550980329,0.8109374305358806,4.927017692613261e-05,0.0011600371888701006
186,0.0017150950671834617,0.2506744909354445,0.7461863213562708,5.307791138099031e-05,0.0013710147297200824
187,0.014595633492122631,0.30444269563345105,0.6782022709957083,0.0004330056076556294,0.0023263942710623057
188,0.0023369668706354637,0.35027935845917524,0.6459428478194718,0.00030124135923491346,0.0011395854914828126
189,0.0012047817160492635,0.2931540083579476,0.7038159973813101,0.00029520228921460316,0.0015300102554783816
190,0.0011216680865952418,0.33564283587329913,0.6598523147136108,0.0005516953012958097,0.002831486025199066
191,0.010314018637764433,0.696978765880815,0.2378081352354714,0.04189019496212877,0.01300888528382046
192,0.02076866662639645,0.725253597129567,0.15611599100062742,0.09085646787530702,0.007005277368101986
193,0.04209669158748734,0.43955142998489216,0.11215237252309157,0.39586347903883284,0.010336026865696102
194,0.020661263628113526,0.12189956344298494,0.015699740953995046,0.8312889187041362,0.010450513270770118
195,0.001912072313402266,0.003948752610499105,6.80706336466209e-05,0.9898268762581812,0.004244228184270627
196,0.05501748290707325,0.005363154094951411,8.931223965341957e-05,0.8855093356512062,0.05402071510711584
197,0.4958690725587791,0.006962589857505847,7.943534298326425e-05,0.1115688461121742,0.3855200561285577
198,0.41260311613118156,0.015147156874017225,0.00011480393559831661,0.015682986404690503,0.5564519366545124
199,0.8685427452836614,0.022951938191403475,5.0205567324915356e-05,0.043029335988539905,0.0654257749690703
200,0.9187469113163144,0.03545477761513689,0.0001751916238983019,0.027525740146459362,0.018097379298191184
201,0.601626062739916,0.225841681878997,0.00043401333981562585,0.14629934766106473,0.02579889438020656
202,0.16962311754919265,0.42527555485322993,0.0009728818897354426,0.39347937428831586,0.01064907141952624
203,0.10213334961995764,0.6505575743805101,0.002949886867326291,0.23605529784161397,0.008303891290591952
204,0.06247133820626061,0.8349468817203787,0.006570544688973622,0.09222529374766239,0.0037859416367248947
205,0.0262458296558796,0.9354187500041875,0.007088015371625716,0.029294595376544698,0.0019528095917625045
206,0.017936873278780397,0.965837996583842,0.006252297538010869,0.006068473234908809,0.003904359364457895
207,0.05238719306380501,0.9069605465185613,0.011465522297662555,0.0238125638318276,0.005374174288143442
208,0.14491509804620073,0.41135840514568506,0.002602079783046558,0.03517929999393722,0.40594511703113045
209,0.28362960321921454,0.4130711588076782,0.0031041600408238867,0.028249934740050553,0.27194514319223295
210,0.04692944927800709,0.8667344199218631,0.027043649342464404,0.004080213266264084,0.05521226819140134
211,0.07190987292039672,0.3562549586048874,0.005580282899006913,0.012450870131321451,0.5538040154443875
212,0.03366584178408533,0.40821268469442784,0.023700330214176592,0.01535723081521802,0.5190639124920923
213,0.01338965254659437,0.31440479368131063,0.003472334537144464,0.02096574324833886,0.6477674759866117
214,0.005136447554619316,0.0005063523320848613,1.9276219804910245e-05,0.004945575904520731,0.9893923479889701
215,0.03513239980804724,0.0018156158091172459,0.0003245250857339304,0.001108143039733912,0.9616193162573676
216,0.001356699705915931,0.005506143405478769,1.578836941724581e-05,0.0006465864462710655,0.9924747820729171
217,0.2206368065847548,0.02347639079308916,4.255372399776341e-05,0.0009337315707436512,0.7549105173274148
218,0.4921862344784211,0.013230919566478169,2.1404389209736275e-05,0.0007772557376912856,0.4937841858281998
219,0.008384655649479968,0.002360618265110312,1.9266420438380906e-05,0.00021330452605447273,0.9890221551389169
220,0.005302082890042043,0.0015255624611115132,9.704400714888096e-06,5.5214357182281565e-05,0.9931074358909493
221,0.010116104341001396,0.002431844100695372,1.4243385786669651e-05,6.385383757432424e-05,0.9873739543349421
222,0.9507514101232011,0.0009896053838211764,0.0007755761250327248,0.00012595460583787217,0.047357453762107114
223,0.5279929600211279,0.0005840020731364047,3.091519647218993e-05,0.0015199397012351883,0.46987218300802824
224,0.3260306617568071,0.00038805449455471335,1.3782558038862191e-05,0.0016540579758190354,0.6719134432147803
225,0.5122805847530396,0.002693412215677753,1.1397885212376756e-06,0.015051933771443005,0.46997292947131847
226,0.551736052127772,0.014482461142340947,2.574071858507031e-05,0.008731337444306231,0.4250244085669957
227,0.6431770762445816,0.013548189508984038,5.1242581812748724e-05,0.013974795088772186,0.32924869657584954
228,0.1961509427097336,0.019807083642950352,7.119368519453949e-05,0.28738044826272824,0.4965903316993934
229,0.389705126737292,0.03516595180258033,0.00013126683077071123,0.47105161278128044,0.10394604184807633
230,0.299880694817918,0.27528366934524523,0.0019686762474503306,0.39026222246156056,0.032604737127826064
231,0.38037235583925344,0.3536045607803554,0.0016862639210338858,0.22698478543023254,0.03735203402912469
232,0.18317124747652666,0.6612708559271208,0.0021791299024637293,0.14666581078184604,0.00671295591204287
233,0.13219450813394665,0.75895632707791,0.0024363111534876684,0.10033363516939715,0.0060792184652585434
234,0.4897907591844068,0.4328499696802153,0.0008202143799267475,0.06020913110324125,0.01632992565220989
235,0.2093609031156717,0.7343830331469484,0.0021994689135065616,0.04525520056782065,0.00880139425605268
236,0.15302304192689048,0.8314519311343369,0.0036227384485051474,0.0054570425611658166,0.006445245929101596
237,0.019130275879084693,0.9734397547721307,0.004322113539298586,0.0017656001347428727,0.0013422556747429892
238,0.07297682544395794,0.9067427403667616,0.003071250431481694,0.008958511317141853,0.008250672440656992
239,0.06262370253788167,0.9199470029074798,0.0035207812948007005,0.006763371318766826,0.007145141941071258
240,0.3798830274526316,0.5683841780934641,0.0010549828546279239,0.010255909305346428,0.04042190229393004
241,0.0451797904114934,0.9482208348501537,0.0024657350401708807,0.0026360361018341644,0.0014976035963475923
242,0.07332082795554087,0.9109635306535109,0.000884756430509589,0.0027405421443483214,0.012090342816090135
243,0.25906856277775053,0.7136832431170448,0.0017010207010732768,0.011348239786418168,0.014198933617713256
244,0.08011835798021276,0.07150436473473137,0.0005763018537118323,0.0010550096979619922,0.846745965733382
245,0.4858616795277513,0.4481275203213723,0.001630817911709099,0.005804410240937082,0.05857557199823028
246,0.0848377337091713,0.9067371201893205,0.0021122391922186574,0.0011412878124956393,0.005171619096793957
247,0.235458855951043,0.7543189850020375,0.0030156475891799,0.0010338386415341986,0.006172672816205608
248,0.39180462554751255,0.5533838649577009,0.00471085875234731,0.019360519311981437,0.030740131430457812
249,0.10535482755246398,0.8813273695132818,0.005951431831230526,0.002153885280647983,0.005212485822375499
250,0.19211456858164588,0.7973671420816967,0.0029586833892082227,0.0019194741594067877,0.005640131788042464
251,0.09843100928812366,0.8966377317512676,0.0017517157793816712,0.00045273689105499885,0.0027268062901720912
252,0.029713311361692807,0.9631694850489837,0.005940786165984787,0.0005535493690843592,0.0006228680542545235
253,0.04794914644200255,0.9470725080566148,0.0030818259951390105,0.0006798450348031467,0.001216674471440514
254,0.005653213391564264,0.9828662375571129,0.010382635949818286,0.0005715849766666205,0.0005263281248379614
255,0.007848263294015355,0.9859670382948336,0.004987527896973468,0.0004273263474295401,0.0007698441667482428
256,0.019745946762330158,0.971818032926384,0.005259635111066427,0.0010686080044967979,0.002107777195722433
257,0.023204594937650237,0.9630689940826868,0.0073766554790355866,0.0032464810736798377,0.0031032744269476388
258,0.0020201911612825452,0.8900380663364268,0.10682666042605897,0.00034693936937346963,0.000768142706858003
259,0.029214365368905922,0.9483009181349507,0.018935893475616285,0.0016200859428039574,0.0019287370777231528
260,0.01816416339262549,0.968251186862696,0.011268787416526033,0.0011232751449351168,0.0011925871832174115
261,0.002456203303392209,0.9795103267577805,0.01704940034659822,0.00044588079277621995,0.0005381887994529741
262,0.01661655054743156,0.9650125806585598,0.014508095487745537,0.0019965485105716465,0.0018662247956916453
263,0.012855439865445933,0.9811987350165636,0.004030526591620376,0.0007142653532634721,0.0012010331731065142
264,0.017870449391364722,0.9411048325905308,0.03681926003816932,0.002809796350839114,0.0013956616290959336
265,0.006085963108652328,0.9800265532761597,0.012069474880351002,0.0010245966710804297,0.0007934120637565365
266,0.04882153473744225,0.931956665693632,0.01264731886154294,0.0030059707604874974,0.0035685099468955347
267,0.02154261548681939,0.9565577669300692,0.01783006579566582,0.00296257664108635,0.00110697514635922
268,0.021424661936579433,0.9617647864016865,0.013321564890784787,0.0020011061585913405,0.0014878806123580113
269,0.02278764833074064,0.9490251762016162,0.024236990970104944,0.002465194701915713,0.0014849897956224507
270,0.018998395733537253,0.9699031619713423,0.006704555697669816,0.0031813908531624006,0.0012124957442883088
271,0.013213674081391447,0.9569669673188029,0.023742110489464917,0.003975368698573957,0.002101879411766894
272,0.0017677814783368952,0.9634403651209817,0.03336503233147157,0.0006897164702022907,0.0007371045990075271
273,0.008456123249405681,0.9548913595150891,0.03353633120911769,0.0015553649147225172,0.0015608211116651307
274,0.002946361264273557,0.8692915751125992,0.1252462148399885,0.0011102794624125798,0.0014055693207260145
275,0.0038569511913317694,0.8712987292896577,0.12194960392011284,0.000982025281690764,0.0019126903172070708
276,0.009943403760690712,0.9481567742413086,0.040030016169931015,0.001042292455978952,0.000827513372090726
277,0.0039045150048237975,0.8368582503193652,0.15772943121799396,0.0005681472077848476,0.0009396562500321903
278,0.006557590735403907,0.8535882463627725,0.1377160281288409,0.0010398025411723862,0.0010983322318102323
279,0.009419087334343941,0.924670499130047,0.06261666268055388,0.0018938578934352224,0.0013998929616198896
280,0.0037529329962179337,0.8130766061683327,0.1805513453116887,0.0013426455341567346,0.001276469989604062
281,0.001196125530884776,0.833470373656045,0.16372416488670086,0.0005600349188621067,0.0010493010075072887
282,0.0032058794217634614,0.8157827669372748,0.17840640546515188,0.0007779103920280175,0.001827037783781882
283,0.006783590366780374,0.8119498586937893,0.1790607720108284,0.0009539374343540453,0.0012518414942476722
284,0.007548569917753129,0.8280932380146472,0.16051674655572612,0.0022144706008505686,0.0016269749110229353
285,0.028285040255634216,0.8480264660426909,0.10266791660575668,0.0013730871093697702,0.01964748998654841
286,0.013781598154478485,0.826632064951056,0.1558975291320977,0.0016379137773806505,0.002050893984987077
287,0.08085102424278856,0.8738086948414593,0.03840764272048235,0.0030679482649048928,0.003864689930364709
288,0.041982720337484826,0.9281149932252092,0.025954431193818104,0.0013997400066219738,0.0025481152368660555
289,0.02223864769814694,0.9652190481103387,0.009885605972985625,0.0016245665981696102,0.0010321316203590204
290,0.2197267072730454,0.7479493270272337,0.006268404557417107,0.003412218593026467,0.02264334254927726
291,0.021137302965413454,0.9095803643328072,0.06672934360052472,0.0004005638130796859,0.0021524252881750237
292,0.07926362605779035,0.8772134334554711,0.022795903742169193,0.0011931609727598657,0.019533875771809473
293,0.06563050752593935,0.8996018284714598,0.028062805862147308,0.0016593683817879067,0.005045489758665585
294,0.05877464263261307,0.8916002500662719,0.039819333867552466,0.004184189927098914,0.00562158350646377
295,0.035555540594042936,0.9415945378045861,0.017901324102579972,0.0009117219792475628,0.004036875519543419
296,0.045367468299035346,0.9455054139297803,0.006396926047696211,0.0009610361504353166,0.0017691555730529227
297,0.05901302141608764,0.9153197355855661,0.021244021990463716,0.0025361656809410535,0.0018870553269413777
298,0.01221297170608701,0.9652037387307658,0.02022542357268696,0.0013137233846600013,0.0010441426058003505
299,0.06484520711427652,0.9109832747628994,0.00865951790851317,0.012390239305051573,0.003121760909259414
300,0.0714218862135832,0.9036397478850344,0.008239157201326678,0.012498871453826697,0.00420033724622907
301,0.11481745471711945,0.8261308697254997,0.012674844514870118,0.03945019086373552,0.0069266401787751695
302,0.1250483232787487,0.7899263726988527,0.005660399595252917,0.07629690773413665,0.003067996693008951
303,0.133830592375066,0.5809915435864494,0.004699997730888077,0.24975327782434292,0.030724588483253514
304,0.041254097012959616,0.08166424549752668,0.0007158577803706242,0.8729814890184057,0.003384310690737425
305,0.03389199506547944,0.030247817837241862,0.0005002979105551197,0.9287396837979306,0.006620205388792917
306,0.03342922613297551,0.014837327635909987,0.00010727189606362866,0.9479350934666664,0.003691080868384536
307,0.019460092256795247,0.005943283296021458,2.4794670349498794e-05,0.9725236777032582,0.0020481520735756743
308,0.047193857574433826,0.008426484939370265,4.0247824250702125e-05,0.9375331521046877,0.0068062575572575175
309,0.021215382006262634,0.0133688629304745,4.987803989107774e-05,0.9622880022163033,0.003077874807068375
310,0.04825928203213781,0.006746575027575601,3.3986568965035706e-05,0.9373303216333037,0.007629834738017827
311,0.09280315456129985,0.025316982655507973,0.0006606161559403725,0.5961825220343423,0.2850367245929094
312,0.10207321825266435,0.009163434690098069,3.5283490228754916e-05,0.8499212494715114,0.038806814095497286
313,0.07004653136559001,0.006801329591300979,2.272126284319474e-05,0.9092490331417489,0.01388038463851684
314,0.036493467553350235,0.007205300246099386,3.288012995347018e-05,0.9452373726115375,0.01103097945905929
315,0.013046367702248332,0.006024016909071096,1.8508158740622623e-05,0.9783200391530883,0.0025910680768515223
316,0.011788560264174262,0.0035632941017774912,2.1751203229317407e-05,0.9833268980524107,0.0012994963784083487
317,0.009619945615453498,0.002837498800799808,1.8656307206848728e-05,0.984519249075534,0.003004650201005894
318,0.005386904500281163,0.0010216828943561717,1.759685327619173e-05,0.9916271990539719,0.0019466166981145802
319,0.0032323675768704207,0.0007226755111646004,9.53737112158309e-06,0.9950671246816758,0.000968294859167598
320,0.010282633799053857,0.0016231819043245458,8.722726796188991e-06,0.9861718252403077,0.0019136363295177044
321,0.006085533221663038,0.0006275621420885532,8.21521224358222e-06,0.9907296499583824,0.0025490394656223067
322,0.014752507575397953,0.002573577536776416,2.3292079845269986e-05,0.9755646261623498,0.007085996645630622
323,0.017366116486997974,0.0018010566026591365,5.065160348631121e-05,0.9771649875178378,0.0036171877890188433
324,0.036887584196073284,0.0020556309663207974,4.675591703285461e-05,0.9379010762232596,0.023108952697313483
325,0.05116372595111127,0.004139020390224926,5.388104941212355e-05,0.9238100445532261,0.02083332805602545
326,0.0197480649099334,0.0009996527349367629,3.3532703242288414e-05,0.9766337808549127,0.0025849687969748624
327,0.0510945294178724,0.005383203304497473,0.00012228645305892465,0.9331689642597415,0.010231016564829738
328,0.009130425081837283,0.0010588909724441543,2.1587913757929285e-05,0.9873767335466622,0.0024123624852983067
329,0.004256019844520347,0.001232674991416303,2.0334742828626723e-05,0.992875108568858,0.0016158618523767364
330,0.006731210907294773,0.001022114183864926,1.6648641426949516e-05,0.9895474370548638,0.0026825892125495305
331,0.0027316197864628066,0.0011191937556195674,1.0961889981123041e-05,0.9941619326406936,0.001976291927242969
332,0.002861170631549082,0.0008680769281675558,2.7879090439064866e-05,0.9952897955997028,0.0009530777501414785
333,0.003453673083674505,0.002632539025525426,2.3267412578514104e-05,0.9923468333150428,0.0015436871631787639
334,0.009552864421230638,0.002885009539727469,4.0499516642742496e-05,0.9831826499282509,0.004338976594148297
335,0.0044033842454296816,0.0019288661311430632,8.240104431614065e-06,0.9923976129002562,0.0012618966187396643
336,0.005662915395683899,0.002338793547320841,5.4324072371621774e-05,0.9894016899473211,0.0025422770373024926
337,0.012846970906361322,0.001505404612603,4.958688572482516e-05,0.9828693433812135,0.0027286942140974453
338,0.017573231759844196,0.0021680346765484138,0.00014236203946000885,0.9738126073344149,0.0063037641897323695
339,0.0117677367936218,0.001504899021593767,0.00011593529627520425,0.9802035653204509,0.006407863568058231
340,0.022256433416563446,0.003268039578309239,8.898924225956595e-05,0.9494320954653859,0.024954442297481724
341,0.05882903060869287,0.002294076255371089,6.600987110486013e-05,0.9324093756391174,0.006401507625713679
342,0.03138721723687187,0.01106675876792454,8.781582642375672e-05,0.9429678003396766,0.014490407829103229
343,0.06498475804384873,0.004671246598395806,0.00015851823832833722,0.9216243710452654,0.00856110607416168
344,0.0064631305517777946,0.00947651183730574,0.0003240008344773483,0.9755474110419233,0.00818894573451568
345,0.011738107020632748,0.005231378188020079,0.00017967799416397613,0.9672778015080931,0.015573035289090237
346,0.008985716716494785,0.004225895559814633,0.00018848480966615294,0.9841857660314588,0.0024141368825658007
347,0.03064582100038951,0.007826267416213104,7.310624348163531e-05,0.9547026582347872,0.006752147105128702
348,0.020933004721077505,0.006732476610789725,1.2589282182684133e-05,0.9622229260402521,0.010099003345698047
349,0.01771883356246997,0.004428337371973382,1.8923475908874292e-05,0.9722058643999418,0.005628041189705887
350,0.023332739881504725,0.003630898163703046,1.2452881422154728e-05,0.9601454760515666,0.012878433021803602
351,0.0781998644120953,0.017436840791171485,2.7197231557931057e-05,0.889980836527802,0.014355261037373153
352,0.051856764390600656,0.007088508501878395,5.997072012526811e-05,0.9307926978685672,0.010202058518828487
353,0.09673229823177142,0.00726434849920411,5.00775744834462e-05,0.8882261654584316,0.007727110236109344
354,0.029796374479064493,0.004504813643654808,4.979150002241664e-05,0.9560960622021072,0.009552958175151208
355,0.06126588356083118,0.005524941967660257,3.523285965182274e-05,0.8289916451863392,0.1041822964255176
356,0.05452126480559998,0.008480793077066902,6.0002863555454384e-05,0.9140754270777264,0.022862512176051404
357,0.10117162151688411,0.007921542790956814,0.00014030484298007006,0.8694751179420901,0.021291412907088966
358,0.055066587439175585,0.0019675236586876037,2.9562416340263584e-05,0.9327723552458429,0.010163971239953596
359,0.019776191079180987,0.004463055287435124,1.4907297826247283e-05,0.9713870698956745,0.0043587764398830605
360,0.03552881976013201,0.004728158093080336,1.152330116245785e-05,0.953811343097325,0.005920155748300294
361,0.06119968452542407,0.008263372482494745,3.3602492057615154e-05,0.9244137315157644,0.0060896089842591185
362,0.08834030104093187,0.006549338208412538,1.3843638057394395e-05,0.8920928258775875,0.0130036912350107
363,0.036870885346232354,0.008414970575409303,2.5182798914317264e-05,0.9481425545384404,0.006546406741003654
364,0.025125626015597768,0.004426667929430494,7.1351570514986085e-06,0.9614974862287595,0.008943084669160656
365,0.024485148561629352,0.006971448342195593,9.932263048580278e-05,0.9602169426653365,0.008227137800352608
366,0.016619258552451138,0.014641042898904767,0.00023086840387820745,0.9283291022660071,0.04017972787875866
367,0.0690843711567163,0.047155047431159516,0.0011047189550167267,0.8288580794434813,0.053797783013626005
368,0.07524262097392301,0.007649208187982305,2.6802567717029178e-05,0.9058252750877097,0.011256093182667943
369,0.06079742064659262,0.008439605572829391,4.103670736553425e-05,0.8753450694079602,0.05537686766525212
370,0.09872962066193976,0.008210335958442106,6.37659650581919e-05,0.8846004696291881,0.008395807785371778
371,0.023259444734981944,0.0018646463562239,8.804446056381285e-06,0.9670682919291848,0.007798812533552974
372,0.026893396604889118,0.0019934579958042855,4.0025619251015785e-05,0.9665029169718984,0.004570202808157091
