epoch,N1,N2,N3,R,W
0,0.0012296503192439708,0.0001262057486708796,9.896905832651741e-05,7.377921956626454e-05,0.9984713956541923
1,0.0017350133180946022,0.0005312227850711086,3.061449345060558e-05,7.556702581554438e-05,0.9976275823775681
2,0.0007768725589429698,0.00030957474741758926,4.808710147325297e-05,6.455253408115623e-05,0.9988009130580849
3,0.000946552920766602,0.00017255809039397872,2.578259750829073e-05,1.7570837718063747e-05,0.9988375355536131
4,0.015142694814392213,0.0007389644048494275,0.00019785993429593545,0.00020836271777808295,0.9837121181286843
5,0.035433352478764994,0.0006522268509068937,2.379470681933794e-05,0.00010468398623430916,0.9637859419772745
6,0.015528800984240547,0.000928815840603469,6.474370434592935e-05,6.896442802579642e-05,0.9834086750427842
7,0.004727000277114669,0.0017751635875741893,0.00010138723882326144,0.0002173059172465823,0.9931791429792413
8,0.0026162992942583034,0.000549723866646233,3.809115475529108e-05,3.6375364807164176e-05,0.996759510319533
9,0.0006962101644231174,0.00012253524684245436,1.4124186374168391e-05,5.774590900212287e-06,0.9991613558114599
10,0.015470748604137574,0.002764652647565303,0.0005466822697745973,0.00017627165459325726,0.9810416448239293
11,0.01998008654202847,0.0028124278420872746,8.405210938468355e-05,0.00025381236871732416,0.9768696211377823
12,0.003622722469180057,0.001032969595126838,0.00019900407821298475,0.00030608512247225905,0.9948392187350078
13,0.0034425180624959063,0.001312272186856131,4.6523396600427367e-05,0.0003985538185087053,0.9948001325355389
14,0.012116249409775709,0.0037131675408432247,0.0002879366053393152,0.0013934883746583209,0.9824891580693834
15,0.011478689089872134,0.007351388667949418,0.0006101926225781445,0.0012852593627788933,0.9792744702568215
16,0.006426246032035566,0.00245077733964359,5.7570486127866503e-05,0.00031560102625979934,0.9907498051159331
17,0.024385752509109813,0.008345165158397403,0.009558344842605648,0.0014608140691531983,0.956249923420734
18,0.02097855390012462,0.0049229001047235085,0.0001749444635128855,0.0002936688096077808,0.9736299327220312
19,0.03187660386686223,0.007608103899822221,0.0004950350626997683,0.0006887629339817538,0.959331494236634
20,0.026688524888645287,0.02320482295094731,0.0022863923239694775,0.0008708470051486591,0.9469494128312892
21,0.06116389471719347,0.00892929821289296,0.003683512265717757,0.0013241574310243383,0.9248991373731715
22,0.06322830096317097,0.021626985501197783,0.004672947568000532,0.001868130940928755,0.908603635026702
23,0.1323508179127528,0.030051361987436007,0.008024661860113387,0.003746785145060923,0.8258263730946368
24,0.0791649910543178,0.028351451353329008,0.0031556846825540265,0.0018963886899087748,0.8874314842198904
25,0.125516023857096,0.04385171102380834,0.009473273654460539,0.00438813216549933,0.8167708592991358
26,0.085641456842284,0.017632976688890745,0.039985739111545036,0.002440836890367146,0.854298990466913
27,0.08929985701974136,0.03292663453399495,0.006126822922925092,0.0014419489819220176,0.8702047365414165
28,0.011430904652274415,0.004786910446963444,0.000478680456091942,0.00016548546318235477,0.9831380189814878
29,0.04177753883673698,0.014003616759386574,0.0016609000225272464,0.000386952442988795,0.9421709919383605
30,0.060142907782850766,0.028216352415870814,0.0089457554316939,0.0003055569669945207,0.90238942740259
31,0.03159127564206518,0.005297200204594123,0.0017139115760426175,4.9677149018695074e-05,0.9613479354282795
32,0.2618459384140866,0.18045315626457245,0.05598086516304702,0.0005277300411788633,0.5011923101171151
33,0.24688985008532977,0.16488019415087654,0.016979011730487627,0.0004495491612362952,0.5708013948720697
34,0.22437166836044017,0.3318487724156164,0.05365662366876825,0.0017906625488486694,0.38833227300632656
35,0.2307267623503231,0.5668273007551746,0.0798321883157179,0.005833900076968511,0.11677984850181593
36,0.14878876023268567,0.7214359932265687,0.0930240329459125,0.00047396552972885065,0.036277248065104274
37,0.04285283332925841,0.7192996513216287,0.20709984945211848,0.001297811461004608,0.029449854435989777
38,0.06397526532765564,0.8316419558045639,0.07390722934939423,0.0009204346866177435,0.029555114831768325
39,0.030973675276227724,0.6331364106912658,0.3255921839768319,0.0002706607496357478,0.010027069306038845
40,0.02326251216838198,0.7193494615118331,0.24694039719204253,0.00018064999186530247,0.01026697913587707
41,0.018914359444159326,0.568984296502937,0.4058834360624684,0.0001744269614090272,0.006043481029026151
42,0.032856514673322804,0.4425776990115949,0.5206738940780048,0.0001252859236939432,0.0037666063133835726
43,0.044287169674324355,0.5208918161642848,0.41992551529144084,0.0009827273787771055,0.013912771491173002
44,0.04852994646331115,0.48324204453295777,0.4602939452058953,0.00036173727346081123,0.007572326524375049
45,0.060348454369533254,0.5524429570215506,0.37883316211226276,0.00024718446384430266,0.008128242032809036
46,0.02630167110529495,0.39451970853321483,0.5747005045823305,0.00022260688165546993,0.004255508897504253
47,0.03610661250188547,0.41940346912462567,0.5321212517048974,0.001193502839755467,0.011175163828836031
48,0.04577676700161177,0.553900196255912,0.38195759643368166,0.001289846889361223,0.01707559341943341
49,0.09472491244300574,0.7228449115821892,0.12529698758508015,0.0005365762396949532,0.056596612150029736
50,0.11833746675470708,0.5818890609671205,0.2836656601452846,0.0010949986918415895,0.015012813441046364
51,0.03358639438552826,0.6151123940586107,0.34406527263976866,0.00104501768321544,0.006190921232876878
52,0.035181724290503896,0.6556179115911704,0.29919108743927486,0.001101776794401824,0.008907499884648923
53,0.03545628693914354,0.541578596356407,0.4068382604216156,0.0014829769236528619,0.014643879359181098
54,0.04904451381538028,0.5049079176281701,0.4255063364695172,0.0017284896067253977,0.01881274248020711
55,0.011193914320361854,0.013415011526297961,0.00355091986455262,0.00012631861733911556,0.9717138356714484
56,0.3873265694536331,0.3822462020551931,0.10033600534949375,0.0019473772914441708,0.12814384585023592
57,0.3495209732086352,0.5520249714977494,0.0632868883901054,0.0022905541452781456,0.03287661275823176
58,0.20310770895269775,0.647333068027761,0.12919538595843094,0.0001854716881450752,0.02017836537296536
59,0.06269881906882885,0.6982142774512488,0.22940486459240356,0.0008225246134732761,0.008859514274045523
60,0.025072230156931455,0.4429890715820161,0.5278744731993363,0.00031487972698308604,0.00374934533473318
61,0.031145223066970058,0.6667142123312632,0.2937426709129735,0.0005852944270958041,0.007812599261697462
62,0.03130260673338734,0.2757401663777758,0.6859960798896045,0.00068475980726287,0.006276387191969506
63,0.014687192772421902,0.31558392172969435,0.6668056770810862,0.0002741994147879676,0.002649009002009632
64,0.024268108884545826,0.3098685434984708,0.6618631965734375,0.00027902026259585456,0.0037211307809498144
65,0.0162163244510137,0.19573232642338698,0.7829511371367297,0.000512401742149159,0.004587810246720512
66,0.010100714044152824,0.2629915630373789,0.724640921415588,0.00017480854650708992,0.002091992956373068
67,0.01419647527000334,0.23767092966727305,0.7439999214724702,0.0005581532407609863,0.003574520349492361
68,0.006743795202276163,0.11216155586676044,0.8784920720866949,0.0002134659334359705,0.002389110910832446
69,0.013014617997676935,0.19059676903399206,0.7910282348959463,0.00041808152957823163,0.004942296542806544
70,0.010876403765203074,0.1357744811865086,0.8496279781339494,0.00030901512532406606,0.0034121217890146797
71,0.008414254778930564,0.14356521152534266,0.8446356865082665,0.00019151068013417678,0.003193336507326283
72,0.005570687187197271,0.05684636466826306,0.9353293684949594,0.00021839090032116105,0.002035188749258933
73,0.005337001763520452,0.03656803399670966,0.9565412316581599,0.00012534117259400702,0.0014283914090159843
74,0.00699591928221878,0.055678749426003885,0.9351012994547886,0.00016644401374000116,0.0020575878232487466
75,0.008567606374122513,0.05710005896495488,0.9317015438407461,0.000227496393455196,0.0024032944267214614
76,0.005566884818009549,0.029537095608387527,0.9627652683605982,0.0001515534438007515,0.001979197769204199
77,0.011334530687108935,0.04497654353838024,0.9401375801743346,0.00039741328153284933,0.0031539323186433716
78,0.012653193045474208,0.0454303413758595,0.9339840377484677,0.00030184499235552903,0.0076305828378429585
79,0.017452165266659644,0.04426363223608539,0.9314353451321832,0.0002661991120796582,0.006582658252992136
80,0.004714993335087454,0.019271827517161857,0.9702059954972687,8.266259438941277e-05,0.005724521056092547
81,0.021825287507242858,0.07191590282349054,0.8949698959855888,0.0003116760809181775,0.010977237602759435
82,0.009736889430208876,0.048505887962628454,0.9340312009199349,0.0004275420987597168,0.007298479588468055
83,0.012014792759184125,0.03820695442666046,0.9434893139943735,0.00019254147838456204,0.006096397341397455
84,0.010434486120490033,0.028843985363194134,0.9546240569654593,0.000535506114756102,0.005561965436100577
85,0.02576852532096552,0.10882526556020967,0.849432078042369,0.000589566566831358,0.015384564509624376
86,0.008376253549082767,0.032823384327379385,0.9538957340421563,0.0005098522144952882,0.004394775866886108
87,0.010627342103923158,0.0401726069914769,0.9401950842054874,0.0008387811996558688,0.008166185499456888
88,0.02382016028792118,0.10170454248215872,0.8618475320886839,0.002591204388068295,0.010036560753167802
89,0.03252539190941529,0.13571063481742976,0.7830229439175472,0.02291697043385083,0.025824058921756852
90,0.028127176146285904,0.18126596879903076,0.7341700493745457,0.03334331976149418,0.023093485918643367
91,0.03523443913087909,0.1288469311010834,0.7503143678737657,0.02643128518283388,0.059172976711438015
92,0.0736979024478935,0.42461430224418,0.22423651626868424,0.017024783012376667,0.26042649602686574
93,0.15039249354066064,0.29372199992884124,0.0070164037738285785,0.01355065132627223,0.5353184514303974
94,0.12303533078344532,0.14105001575082066,0.00097302918541298,0.015304370167225209,0.7196372541130958
95,0.28480795303786116,0.09205242024777434,0.002781138580106742,0.026511219442475493,0.5938472686917823
96,0.15807664610223143,0.4345228624765089,0.0001984505557235168,0.060570490199178366,0.3466315506663577
97,0.13093352802764244,0.03748738486402504,0.003044305452449306,0.060018977907387715,0.7685158037484955
98,0.10736409501887116,0.018326845114857042,6.1178306698055e-05,0.007857469615693361,0.8663904119438804
99,0.25382650883434044,0.031606132377663715,1.9156976687136536e-05,0.020030189182517272,0.6945180126287914
100,0.3451821518773918,0.03579927479105105,0.0006489148451596214,0.0010853919668896,0.617284266519508
101,0.03262413121700019,0.003279201239565605,1.532725167872034e-05,0.0006740216337624055,0.9634073186579931
102,0.2112105735327855,0.05412077890636306,0.0019450587452301755,0.013407059225935745,0.7193165295896855
103,0.17600182615051113,0.15800216522730845,0.002768970676516414,0.010261834246595526,0.6529652036990685
104,0.08813071606019621,0.009764715316918438,0.0007463184564911669,0.0038943210714271997,0.8974639290949671
105,0.09563613888960788,0.013654751424871617,0.0008492218937721991,0.004479388993921727,0.8853804987978267
106,0.29382105062673636,0.18421393090371865,0.00047876194076922567,0.0931176444545695,0.4283686120742063
107,0.1697036760762711,0.019486662524430372,0.0007632052613047053,0.03399260174639379,0.7760538543916
108,0.11992870826126285,0.01221091989747309,0.0009674363326490648,0.0708418062841458,0.7960511292244692
109,0.0145906837213571,0.0019033730785064892,0.00010183500246149236,0.0061617592796041525,0.9772423489180707
110,0.031367283160473526,0.018221494182247503,4.920522092850806e-05,0.007464906991429888,0.9428971104449206
111,0.03072250448131594,0.009247084125144408,0.0003140970691534015,0.004557820851434625,0.9551584934729517
112,0.05430041955262799,0.0046621784183927244,5.3014355695370494e-05,0.005133188055952921,0.9358511996173311
113,0.0022819167541045147,0.0010620646046672084,1.999613060696527e-05,0.0002405297290059947,0.9963954927816154
114,0.006474405352694881,0.0006793203270144168,0.00017684944826867568,0.0012157268242261503,0.9914536980477958
115,0.033277248355846674,0.0027445614126396273,0.0002453410206803235,0.002739964057392321,0.9609928851534411
116,0.20453182126529876,0.011748784440255454,0.00016668856780844906,0.008325500675354744,0.7752272050512827
117,0.038420389548394794,0.004645341789859036,0.0006017420972725112,0.07657461955131994,0.8797579070131537
118,0.16396860281703318,0.0058225256439272625,7.7961205656007e-05,0.04481703818771046,0.7853138721456729
119,0.021627936368277156,0.00452531031297252,0.0004483014171082506,0.011911762362618131,0.9614866895390238
120,0.12313255197848162,0.010991997416575892,0.0013071669413851105,0.05357436355105857,0.8109939201124987
121,0.24827418111154126,0.04458995390916972,0.0017239644373711557,0.028267024172645913,0.677144876369272
122,0.11760005218188804,0.01893595216185867,0.001961870673838248,0.05308457683431506,0.8084175481480999
123,0.12487810967336647,0.02420907204292855,0.0013896548923239757,0.14079999388687528,0.7087231695045058
124,0.3655126597827645,0.038058611474465945,0.00013234808745763858,0.08045983357917898,0.515836547076133
125,0.06358956204567849,0.05767801702656284,0.0012282481402422021,0.04619613163934361,0.8313080411481728
126,0.06890895088657084,0.013527599134574303,0.0017388249729390559,0.016290084525130342,0.8995345404807855
127,0.22494803578289488,0.07898590273627576,0.00036935050760410323,0.1534516021542551,0.5422451088189703
128,0.19738854931853045,0.011858733130106021,0.0013861632159170995,0.035383142293631265,0.7539834120418152
129,0.33311639031234985,0.04450981207901415,2.011941029830581e-05,0.17853233255928064,0.4438213456390571
130,0.7320901863684616,0.14107687775149957,8.478329429710866e-05,0.07619364377346317,0.050554508812278603
131,0.23787419898776474,0.06444692325811606,0.000540107623218917,0.2385847661103638,0.4585540040205364
132,0.4403434222640302,0.303896613713503,0.0002948473529624361,0.16368940671539325,0.09177570995411108
133,0.5920691743756663,0.22477101885280498,0.00023530121704933767,0.08165340419556297,0.10127110135891634
134,0.5244159146070904,0.12771610212033604,0.0002828286628063969,0.09741317225376353,0.2501719823560037
135,0.3951475315769348,0.11113683586278243,0.00014368724871325803,0.04667585910156752,0.4468960862100021
136,0.26524202567975613,0.18897853136285025,0.00012132107128703232,0.1332395863137407,0.41241853557236574
137,0.2896390588199861,0.028862780905508926,4.7630730677900905e-05,0.2562314140432017,0.42521911550062547
138,0.07450676419900952,0.005886799972583713,0.00017997074127430003,0.047342934132731995,0.8720835309544005
139,0.2832430326383624,0.02292132696155766,3.947797555348925e-05,0.08291251689907769,0.6108836455254487
140,0.25031299436076265,0.026897515328403156,0.00020232621538907492,0.12986603957053455,0.5927211245249107
141,0.520918485990843,0.0071015966281890025,0.00028372296315633266,0.043473561177155756,0.4282226332406559
142,0.1791047812500961,0.03428337978157687,7.378765577538535e-05,0.027383375550699012,0.7591546757618527
143,0.041067310107461695,0.006192109224667855,4.6459323934738906e-05,0.05710063523591932,0.8955934861080164
144,0.04038064921227003,0.004464638335318927,7.17138514151705e-05,0.030055035287866617,0.9250279633131293
145,0.005878711236264275,0.00037956038192567135,6.238522838623838e-05,0.0011924373765543463,0.9924869057768695
146,0.02834222993249975,0.006797507259630416,0.0011577239193327868,0.01698914321335943,0.9467133956751775
147,0.047558153954855464,0.00837316952824624,0.0021210941349380555,0.014251235230845241,0.9276963471511149
148,0.09080632926248482,0.01055597813425172,0.004029598450434121,0.013652012184665416,0.880956081968164
149,0.06021147240814446,0.02077142906000207,0.0031087111691160472,0.022833159341800857,0.8930752280209365
150,0.2671957090313131,0.07878446720750215,0.030649365533889562,0.04471950961391298,0.5786509486133822
151,0.3310714812714077,0.15755570949826403,0.012356431227684013,0.031013716603139653,0.4680026613995047
152,0.1571851684239601,0.06023699472934455,0.008580186924876878,0.11861902189510921,0.6553786280267092
153,0.4279895960679696,0.13563945207862638,0.0053010718767013765,0.1692117253053745,0.2618581546713281
154,0.18612559119887245,0.06775521820988537,0.0020467428004110723,0.3664833432574772,0.3775891045333539
155,0.21505398198114845,0.04650337806640956,0.0010444534088484038,0.24644958598239178,0.4909486005612018
156,0.44781388363332364,0.058095373968033055,0.001567061025485224,0.4309484534945283,0.06157522787862978
157,0.33504892697189087,0.07144040948678619,0.001002811872028569,0.3242393658508334,0.26826848581846113
158,0.16972688315132356,0.050526680527974,0.0017875887158349977,0.2856500628459619,0.4923087847589055
159,0.20211190328061096,0.02548543782228502,0.00014293498267217353,0.39572494720852414,0.3765347767059077
160,0.17844228552181596,0.016705211350701275,0.0027795939552144582,0.1958467538289552,0.6062261553433131
161,0.11180648689906957,0.010311773730612692,0.0018104463943066935,0.0903943387900032,0.7856769541860079
162,0.2481815696824059,0.014215798613041564,0.0001341147770947366,0.059300554174133296,0.6781679627533245
163,0.22191702753480275,0.02497940761883326,0.003307351361076156,0.11764507460658116,0.6321511388787067
164,0.28302287348768335,0.07813615127592961,0.0012878075925186977,0.13559067598915842,0.5019624916547099
165,0.15859986867559236,0.07939149353633031,0.0012440960068600003,0.12182253993148698,0.6389420018497303
166,0.3498172877183831,0.11339928457237378,0.007209247051098147,0.2211683703585334,0.3084058102996115
167,0.3531787777788764,0.07638812692724278,0.01406201687057691,0.18762456107579117,0.3687465173475127
168,0.3179049850713007,0.28322497332989627,0.03280015944461101,0.1072636341920821,0.2588062479621099
169,0.2227067751751023,0.5892604502015883,0.04282974817631205,0.025989990841523064,0.11921303560547426
170,0.3346619863967916,0.2784372029482314,0.028767729542632188,0.17245995970332517,0.1856731214090196
171,0.295478025431483,0.4400886024756876,0.027625572345067576,0.07352415340423141,0.16328364634353038
172,0.18068335630075613,0.5336972675474159,0.02663177393994722,0.026556155951900428,0.23243144625998044
173,0.31180998909850804,0.4506877560150044,0.020450267950960194,0.05537750089696615,0.16167448603856124
174,0.2996623635309937,0.5503506286172201,0.02113198646201256,0.010744388942654762,0.11811063244711893
175,0.22528223231987088,0.6210339916521005,0.045531652585524426,0.03418102618152926,0.07397109726097478
176,0.2820357531667869,0.5889569277782903,0.0373933262416465,0.032662194899956656,0.05895179791331953
177,0.22527296866584118,0.30175599317184343,0.020736124201700977,0.10093749645202692,0.3512974175085875
178,0.051137013286324376,0.03623632819816423,0.00030528185949051155,0.006489640053077877,0.9058317366029429
179,0.2635368812879867,0.244813864236029,0.009682379602216466,0.05923231546470389,0.42273455940906385
180,0.45015895639690684,0.3027468708770378,0.013299951201105548,0.0050895348400443585,0.22870468668490548
181,0.4139956979500217,0.22278592715855902,0.006978192582357717,0.005598929205491864,0.3506412531035697
182,0.11625838571570571,0.7954516857206464,0.033644998500673935,0.008003320422861128,0.046641609640113026
183,0.2500103171840279,0.6120980830318289,0.021047245626760552,0.014113236991521746,0.10273111716586081
184,0.2383863476586192,0.6631504126164418,0.023016100420757614,0.014164736544917043,0.061282402759264304
185,0.038550063618312896,0.9138918376439829,0.030012149912981456,0.0025167260064924,0.01502922281823035
186,0.06394635565439717,0.8773435307629945,0.03934106365154338,0.004735074168448374,0.014633975762616325
187,0.07115704572843977,0.8628617030012184,0.04692768863594737,0.0066985767850696355,0.012354985849324972
188,0.029050348399105728,0.9208054939799089,0.044168330913624605,0.0008619807881317523,0.005113845919229114
189,0.13341439075329362,0.8272958147012063,0.02912162905581961,0.001999021759739223,0.00816914372994125
190,0.06765110756602519,0.3320792476236083,0.013985786792157841,0.0020251481083991673,0.5842587099098094
191,0.2489676377162086,0.7003264502664023,0.026451492696081245,0.0008524606874249021,0.02340195863388296
192,0.3017720263025358,0.3222570583092292,0.017394368991070396,0.0006934948073990446,0.35788305158976547
193,0.48160676799939206,0.4567188665994019,0.010024825134879345,0.0012709392383913687,0.050378601027935274
194,0.20587443917206755,0.7529457795215629,0.02932657558377324,0.0017748401530497694,0.010078365569546633
195,0.2097511769183348,0.7568480025658987,0.02063609229706385,0.0006867714437478826,0.012077956774954672
196,0.09542086704887809,0.8613189264545067,0.032530972108025115,0.0016298833524989475,0.009099351036091108
197,0.23262501385660583,0.5154254789283493,0.014177898516193705,0.0010605325555078785,0.23671107614334325
198,0.30814505916769724,0.5391902074102987,0.046505764403830675,0.0053498227923396745,0.10080914622583388
199,0.18785999876071188,0.7607201142957568,0.032247292804221526,0.002496128915752512,0.01667646522355709
200,0.15144442329518004,0.8041914211846254,0.03278290353824502,0.0005727828475105379,0.011008469134439196
201,0.14400254721725733,0.6414883711315079,0.015154752312249468,0.0005676162435458798,0.1987867130954393
202,0.5193000292413208,0.43060469772654636,0.017044123613763756,0.0012429272394540443,0.03180822217891503
203,0.03649006645932865,0.9297960865470786,0.03005055022721588,0.00026523989686701524,0.003398056869509982
204,0.020429669561268297,0.9372043672745392,0.03953180421825359,0.00032893065663412664,0.002505228289304911
205,0.012746927337597337,0.9521139778453546,0.030378660574402798,0.0003690192128306386,0.0043914150298148035
206,0.009928052309791031,0.8639850051758377,0.12219463032105662,0.0009413408625090968,0.0029509713308055016
207,0.01380297393880404,0.8487764963268779,0.13446185845227868,0.000820348765938368,0.0021383225161012973
208,0.017948785510567434,0.8946673567890658,0.08540211365460101,0.00045958337942294473,0.0015221606663425736
209,0.014179434823869972,0.905747540944778,0.07777870703239886,0.000490126399648386,0.00180419079930464
210,0.03582777805264104,0.8785847076651994,0.08238843666581884,0.0006864922130958833,0.0025125854032447305
211,0.04430420300057438,0.8775292269901839,0.07498629753239601,0.0010923633812884874,0.002087909095557289
212,0.00557550000494143,0.923446212409382,0.06849397577650851,0.0004880268623363439,0.001996284946831911
213,0.0145671956165936,0.859771178580255,0.12027355834959252,0.0007030442088104192,0.004685023244748212
214,0.016014154291528426,0.7808918376816392,0.19737130780881837,0.0006531513149617754,0.005069548903052237
215,0.016176984102340523,0.8299956480511839,0.15006759549062504,0.000940283585016139,0.002819488770834576
216,0.00862186678538426,0.6758455925486314,0.3141500613303679,0.00032143400028849264,0.001061045335327763
217,0.01135239660469992,0.6945992823839882,0.29017879635129235,0.0011616362220384893,0.002707888437981191
218,0.010636302177587688,0.6649305083379604,0.3221886274588046,0.0008172522735702851,0.0014273097520770672
219,0.010058770693432308,0.6139091648803564,0.3718512939743587,0.0025704394212230043,0.0016103310306296499
220,0.021994838452246392,0.4332535353978356,0.5375153643007602,0.004573605629189401,0.0026626562199684174
221,0.003085584021529622,0.453910798953805,0.5410920887666564,0.0007862794831537873,0.001125248774855255
222,0.005950350440378565,0.39678456989705896,0.5955936882310605,0.0006688833790736204,0.001002508052428471
223,0.011979391891819926,0.4576190599924311,0.5279482960827461,0.001368640957560714,0.00108461107544219
224,0.012890224470750248,0.4488708146900742,0.5339269209363714,0.0022954838109385677,0.002016556091865614
225,0.004675385945829513,0.20652234695948676,0.7867165618905236,0.0008400828474386441,0.0012456223567215423
226,0.004099868273720934,0.14205298391490567,0.8527507656709031,0.0005583353194861985,0.0005380468209841066
227,0.013525212540861817,0.2026075370983787,0.7792638720800092,0.0027354868538820537,0.0018678914268683022
228,0.012472337697219052,0.250019683407824,0.730079484196295,0.0032380201770915926,0.004190474521570586
229,0.010260706446461534,0.2331098974330309,0.7537381746020613,0.0010984370517191267,0.001792784466727226
230,0.026055148961521297,0.43332127990725616,0.5327146846499242,0.004580100877547305,0.003328785603750948
231,0.007112578968723579,0.14036773466127941,0.8512498394630715,0.0005405052422651362,0.0007293416646603208
232,0.007959109774654643,0.18212376358003565,0.8064445458155349,0.0017307193335176433,0.0017418614962570497
233,0.020085725898915965,0.3876291439772364,0.5815866888131841,0.006412573729191939,0.004285867581471583
234,0.003836698971010022,0.10764411696548608,0.8877024914457358,0.00037935729524349554,0.00043733532252458626
235,0.019950687364368724,0.2656156152204966,0.7073724871237602,0.0025045349885142645,0.0045566753028602105
236,0.01961357967348024,0.2543907357542575,0.7174018148431043,0.004900196452627053,0.0036936732765309723
237,0.006567682074366613,0.1672786908079937,0.824199001609464,0.001140415610681379,0.000814209897494272
238,0.011160717333799754,0.2645805733657551,0.7177988329926761,0.004752855787083674,0.0017070205206852818
239,0.010200342930848648,0.2232503368147227,0.7578589175655527,0.005716000172789229,0.002974402516086744
240,0.010028433978861,0.221345979454166,0.7621541715193995,0.0036058308521483813,0.0028655841954251895
241,0.013053510180814564,0.3110159265634527,0.6728228364475094,0.0015554943588357087,0.0015522324493876837
242,0.00535562831589859,0.1797139992800346,0.8128149923953791,0.0009840398457153276,0.0011313401629723537
243,0.004181020547412679,0.10018888781742419,0.8932307840436251,0.0014687887620692818,0.0009305188294687468
244,0.012415026995136082,0.16261214876383473,0.8189502237391086,0.004045675210452172,0.0019769252914684206
245,0.005493932712903955,0.11423546721616766,0.8782009831923699,0.0010196116292474316,0.00105000524931096
246,0.006850337745882984,0.11507967343812413,0.8736396260190966,0.002907285546447195,0.001523077250448988
247,0.022005703448449647,0.2776623510470257,0.6893690615028197,0.006985980897422588,0.0039769031042824095
248,0.013588466652997185,0.2147925835815031,0.7635105715226609,0.006128621737900388,0.001979756504938419
249,0.006150564378831557,0.11190185409600206,0.8797435966989827,0.0014676750689456759,0.000736309757238065
250,0.0065054787013978654,0.11273417337840913,0.8772482995439306,0.002293620561663567,0.0012184278145988825
251,0.014695431381530143,0.16472148686739216,0.8126164186546964,0.005793000900501493,0.002173662195879924
252,0.003931780468538036,0.07580856196688966,0.9177575569371864,0.001610178168887216,0.0008919224584987168
253,0.008542651832743619,0.15159774942828586,0.8345959231115708,0.0030039688635789727,0.0022597067638206415
254,0.004041881764064606,0.07938243849969372,0.913218117992547,0.0017726282543422257,0.0015849334893524645
255,0.01389717859261772,0.30233878411239296,0.6669193600167258,0.009031012863642418,0.007813664414621111
256,0.005647062941938247,0.21002848534247032,0.7794652592156875,0.003217634831949219,0.0016415576679547183
257,0.016614848532765347,0.47178933606110135,0.48976456992280926,0.015491999572361822,0.006339245910962153
258,0.010196410820306966,0.3567206120459115,0.6183449972238758,0.012148155967229715,0.002589823942675923
259,0.012576965762118662,0.44937590939306776,0.49546876721671107,0.03483667621367132,0.007741681414431119
260,0.06221558120781198,0.665604491447918,0.16940416400610372,0.08345148337243424,0.01932427996573199
261,0.09296155712237708,0.787215563021014,0.04997016877592534,0.04363023273579975,0.026222478344883816
262,0.13410963430860537,0.7851252722692572,0.05115466977768614,0.02136303211345817,0.008247391530993155
263,0.034516036260301045,0.9269918022238477,0.032065513166036744,0.002681430298929771,0.0037452180508847533
264,0.25354807003100527,0.6860512866835563,0.0276196789566644,0.009867115406200928,0.022913848922573112
265,0.10697864538636218,0.8475876485799416,0.03422983149408989,0.0027398059554362285,0.008464068584170264
266,0.15183437207493256,0.8019989356480682,0.035019157254158065,0.0052049900602289915,0.005942544962612093
267,0.17207940611469744,0.7868813791669734,0.03131785453826592,0.005819103152963613,0.003902257027099459
268,0.060958963994990324,0.8880482722160565,0.03420286813168737,0.006321484394099422,0.010468411263166237
269,0.06197540972904285,0.8634467574737085,0.03267947860949638,0.02105865281293291,0.020839701374819542
270,0.04499616669385431,0.9225509773141404,0.024204096926946698,0.0030359136454443827,0.005212845419614173
271,0.12078991042686583,0.8415765655289079,0.019841621776495788,0.0040284443679963885,0.013763457899734079
272,0.04722247803148417,0.9163027964543714,0.02752702554278188,0.002525371123779781,0.006422328847582821
273,0.04732105123109189,0.8934849806782285,0.05257389282543049,0.0015833722120976194,0.0050367030531515014
274,0.014440692845292782,0.9563935437857967,0.025550598603340427,0.0009661060524471556,0.002649058713123023
275,0.14022265615482593,0.8216571500721717,0.02692369244582789,0.0022713744167276195,0.008925126910447102
276,0.2557808539372482,0.7059492906614174,0.02681566690031206,0.0033171207404902544,0.00813706776053194
277,0.23190926674995702,0.7299654338351965,0.012508214342827876,0.0028901271987563327,0.022726957873262225
278,0.045837899001065524,0.9297874219398817,0.02289289151468654,0.0006456347636942193,0.0008361527806721218
279,0.018309132263971867,0.9297587751914013,0.04697737107401603,0.0021179935425757494,0.002836727928035361
280,0.1249953276521627,0.8288180452341236,0.03228285168310526,0.0074814665650357855,0.006422308865572744
281,0.032709118945816594,0.8829479834732862,0.049198343763784486,0.02494656065510213,0.010197993162010633
282,0.23282621937385534,0.6360104360286365,0.022531337755468322,0.08710721213053574,0.021524794711504036
283,0.03840256032804089,0.8558703640465787,0.03441669419631122,0.05576546469915884,0.015544916729910306
284,0.08283785316979145,0.8142749396464584,0.029212022477345147,0.0469066303809825,0.026768554325422515
285,0.26978110011212947,0.20266196868709785,0.02291451515375497,0.25111848365523054,0.25352393239178717
286,0.2214021940095687,0.36744108544393894,0.0012199667016959553,0.2939032413602239,0.11603351248457262
287,0.15922847716646996,0.047207175725122515,0.0009063069600555794,0.23672021389381237,0.5559378262545396
288,0.40342644212641754,0.1014661574003718,0.0006607074729721809,0.2761496509429646,0.21829704205727382
289,0.26948963902866047,0.023300416883046474,0.001990726395208314,0.4913287159395296,0.21389050175355512
290,0.21234702028340982,0.05001191542887361,0.000668460031215512,0.5103551279546965,0.22661747630180457
291,0.050809773848495825,0.03336984984425336,0.000820710559454881,0.5496335281659044,0.3653661375818915
292,0.09561903339546965,0.10430301816898331,0.003142735702142173,0.2619461253148863,0.5349890874185186
293,0.027219382121576936,0.03592011611476683,0.00031272773484849645,0.6219748499991715,0.3145729240296362
294,0.1536876408264884,0.07500516491323228,0.0013032273539095771,0.4758940697764996,0.29410989712987007
295,0.22674943815144033,0.05811600037287265,0.00033177745311310845,0.5336385464992569,0.1811642375233169
296,0.06090473123167075,0.06710047258424126,0.005395178669887317,0.5688409593651012,0.2977586581490995
297,0.2041851767944252,0.04709495872004058,0.0005286974733181383,0.6071968450727605,0.14099432193945555
298,0.04337874874102238,0.035427143194975426,0.000900352960474536,0.6571557241423266,0.2631380309612012
299,0.08859850511212032,0.08561793408248791,0.0029018190697080396,0.3168193856392342,0.5060623560964495
300,0.16064862335330796,0.026496115338876813,0.00030982620400766707,0.6749645901846264,0.1375808449191811
301,0.1250409979074783,0.008827662257671854,0.004805519964756161,0.32325081353204765,0.5380750063380461
302,0.09179913440800198,0.006927062769256879,0.003555339689993909,0.5212799194479204,0.3764385436848269
303,0.060597544140272595,0.004485051968309452,0.00878325861607161,0.08849927967580877,0.8376348655995375
304,0.128378439942015,0.007893818444678758,0.003052408531771325,0.08716776816955411,0.7735075649119808
305,0.010289386908198079,0.0006495967595999907,0.00026187426628935335,0.038463077067716005,0.9503360649981966
306,0.2516067416771748,0.048798042258824226,0.0006840655359902593,0.23896441463401794,0.45994673589399276
307,0.1610303531795464,0.04861312347713469,0.002592048618240998,0.4827634174530992,0.30500105727197874
308,0.1391023107108294,0.07761985488820528,0.0005756861102447256,0.5801847938708851,0.20251735441983557
309,0.030011976802393453,0.03487266582461661,0.0009430865328178853,0.6583529904279771,0.2758192804121949
310,0.08112936179892365,0.03472775212513593,0.001588955761252655,0.23833792896078318,0.6442160013539046
311,0.09204001311716012,0.01871748111010543,0.002062665744857016,0.48713718301881104,0.40004265700906655
312,0.19139288358714618,0.04980806935931533,0.0007875350853863085,0.25821814509149404,0.4997933668766581
313,0.14537235358431227,0.08175422381951673,0.0010192364460726402,0.5252074554775894,0.24664673067250897
314,0.025605863682898758,0.01123646620240574,0.0008589346868092764,0.037411356724456946,0.9248873787034292
315,0.17869648856683237,0.07873466267919332,0.0009828184513167712,0.15168203817755052,0.589903992125107
316,0.24801431694218273,0.07035971634737913,0.0017024651876083722,0.31879872481838467,0.3611247767044451
317,0.19273740698257294,0.04186993035099062,0.004799920075398565,0.16963531597548404,0.5909574266155538
318,0.1780144434572422,0.07435239320074315,0.034804246012621956,0.27632965793858205,0.4364992593908105
319,0.17324586334807132,0.06115959773347021,0.0024170710235840867,0.1325464412686112,0.6306310266262631
320,0.2719869198286359,0.2654336719904596,0.001395516921459684,0.09366334454376742,0.3675205467156774
321,0.2698762800510564,0.07380313678255009,0.0002654641644299813,0.19317493803898944,0.462880180962974
322,0.1694534108464443,0.007475601154455632,9.970041303970293e-05,0.03612525502367077,0.7868460325623896
323,0.3128973354131878,0.014714456930115671,0.00048331032458731653,0.20026737389229496,0.47163752343981413
324,0.12092741708462142,0.008499022229639953,0.006287553571612106,0.6391758466180663,0.22511016049606028
325,0.1620784383423186,0.03813267377488924,0.016195468113187537,0.16040140591288124,0.6231920138567234
326,0.0984144028551239,0.0245801344204443,0.0036964429996230717,0.18330018215562588,0.6900088375691829
327,0.18292013824182873,0.06699398596526866,0.002019100777856865,0.1766866633054508,0.571380111709595
328,0.12733638192295896,0.05264754772593596,0.004506311604746562,0.27877899883850393,0.5367307599078546
329,0.31530346875102383,0.08224943346806288,0.0072696661915594134,0.2777248995368999,0.31745253205245405
330,0.1484109759585983,0.12014597250314618,0.12869072539836512,0.43982714761727876,0.1629251785226115
331,0.20839282317780958,0.12953610744771119,0.017625308070894633,0.5338024928756273,0.11064326842795731
332,0.07626648736206232,0.04649141702130963,0.017893753143041032,0.8164287245441277,0.0429196179294593
333,0.08743299805484817,0.09416628349484257,0.023713151022395167,0.7564842460554501,0.038203321372463975
334,0.3317859924694615,0.11827766860884603,0.010031709841046545,0.44869406087494207,0.09121056820570374
335,0.17661815673141243,0.09357834941922313,0.006108964489258559,0.5847485143435419,0.13894601501656414
336,0.232650940053891,0.11921820821088068,0.017319672072904434,0.326798777124406,0.3040124025379178
337,0.15041996497363322,0.02591297937199764,0.01306994732107196,0.6629013301192058,0.14769577821409136
338,0.14344918054674777,0.020527123754217506,0.000923720657163613,0.7597917039149088,0.07530827112696223
339,0.040758194804867816,0.012088993638100879,0.003142454316012017,0.8535304475368488,0.09047990970417048
340,0.042951017058243585,0.01576842575720368,0.0006762911905418631,0.8061165683146749,0.13448769767933594
341,0.06909311322224147,0.01680815554180055,0.0002750220924619028,0.7379357172172141,0.17588799192628202
342,0.03749353323967799,0.009753966471213335,0.0015194933116716542,0.6761623985577409,0.27507060841969616
343,0.11038349092119967,0.011073124691873224,0.00011329065703779515,0.748819601144499,0.12961049258539029
344,0.1923939602720645,0.028893614780890826,0.00013019431024464495,0.7366139629709184,0.04196826766588165
345,0.024276023915070083,0.0030152563693185692,0.0053022472883508896,0.8277816947599423,0.13962477766731807
346,0.14365417679726405,0.022482312534054704,0.0008607337446689653,0.5586951033317159,0.27430767359229646
347,0.11052809104085635,0.010421596074877231,0.000766136200324884,0.6503122518098438,0.22797192487409773
348,0.15503905493343223,0.02634114997253002,0.0002729120775632614,0.7366949122516839,0.08165197076479058
349,0.33178032821069303,0.02757007128335025,0.00037569240969894047,0.577296100164173,0.06297780793208473
350,0.1635675925948733,0.07886820320386784,0.0021295416256784812,0.3888256962882587,0.36660896628732165
351,0.01798957214600366,0.002983442116648216,0.00018922134631257453,0.9417363038405776,0.03710146055045788
352,0.16905951101488687,0.024042914458468814,0.0022585032216266634,0.43817950038208636,0.3664595709229313
353,0.10507784052002597,0.02566318336242607,0.00730133831422346,0.20134377771340597,0.6606138600899185
354,0.3010267311906464,0.050907349192238716,0.0012830512605619987,0.4469446266682143,0.19983824168833852
355,0.1732616673348895,0.03304110853020945,0.003891248949702159,0.11276346387894216,0.6770425113062567
356,0.21853282415790823,0.04297128118617741,0.006074229215255169,0.25689938490102815,0.4755222805396312
357,0.31731043544095583,0.07071347703236268,0.030611092437560973,0.32667593061629463,0.2546890644728258
358,0.1675806024488893,0.056111580849886364,0.05427843463178552,0.10257107368571032,0.6194583083837285
359,0.23395150004427573,0.16972676188218708,0.1495547752736248,0.07732430088581763,0.3694426619140948
360,0.19034002526101979,0.15199783183000545,0.10446011290006245,0.019839866213046228,0.5333621637958661
361,0.41653201875831275,0.1914930839152211,0.17102714449448309,0.02450715747952354,0.19644059535245953
362,0.1980609968064072,0.17738133159024028,0.40625934401456554,0.043814092313444554,0.1744842352753423
363,0.1671632151447119,0.22051868535033986,0.07497606659173439,0.026207450026770936,0.5111345828864429
364,0.1409166972292783,0.1587371447328701,0.024171046564390425,0.03367119093065407,0.642503920542807
365,0.37518622405936014,0.18935749115475514,0.02028685429988623,0.0899573040815386,0.32521212640445996
366,0.37186567146156496,0.17872325948194218,0.006374284379808816,0.08094484614624906,0.36209193853043503
367,0.4849616324362535,0.3152199917648772,0.007325207028302792,0.03338509640339211,0.1591080723671743
368,0.18337938185176267,0.760216357109961,0.019759998132114737,0.006197711678839205,0.03044655122732232
369,0.07619631302275215,0.8905047359648844,0.004700798926948591,0.013877694713065127,0.014720457372349761
370,0.15273497063587604,0.7679814706141475,0.0109195903899496,0.0496941302976089,0.018669838062418148
371,0.033325534962014465,0.9379557479707666,0.00792241612699971,0.011080316820797048,0.009715984119422422
372,0.09309493888943923,0.8634251453247156,0.004352661235546675,0.02904770654526192,0.010079548005036654
373,0.17430298827100082,0.7553395376298982,0.011194157595514296,0.028922733166656982,0.030240583336929555
374,0.053098099243307946,0.9221784816953813,0.00726625334091205,0.009886238872864458,0.0075709268475342715
375,0.0738160918024113,0.9009825072934362,0.006804273731722114,0.008188287847202528,0.01020883932522784
376,0.2564417264460687,0.7120836967749372,0.006273285010322906,0.014890126337537047,0.010311165431134167
377,0.09524221505926439,0.8588378431850491,0.007774673659419548,0.021395999104592136,0.016749268991675007
378,0.13445518114532612,0.5087028374979923,0.029098492909294935,0.01429829695426006,0.31344519149312666
