epoch,N1,N2,N3,R,W
0,0.0008791105168690492,3.6918063550759525e-05,1.5251836259968343e-09,2.7308180640274725e-05,0.9990566617137563
1,0.014089034003199448,0.00019545259108872792,2.2920880060318803e-40,0.0001521990210268623,0.985563314384685
2,0.008732300429185425,0.00025202534912378843,6.391355922241632e-06,0.00027181219711085695,0.9907374706686577
3,0.0032580516341253578,0.0002325998522484339,2.87092362290168e-06,0.00020312174771513073,0.9963033558422881
4,0.046169230285076475,0.0007917165804510422,1.5642908649682935e-05,0.0009884311974135017,0.9520349790284093
5,0.09190362253688995,0.0013164001986339375,2.0403149060671552e-05,0.001322495001239306,0.905437079114176
6,0.11789014888156979,0.001872212048332342,2.2366370932456458e-05,0.0023228346646598785,0.8778924380345056
7,0.010626208278764288,0.0008003482635653426,1.3329643915634917e-06,0.00038336067955197005,0.988188749813727
8,0.17277602782441068,0.0012714003616132899,1.816355886450969e-05,0.0013731460249780446,0.8245612622301335
9,0.2805168299370898,0.0020536343353023036,8.94463619515288e-06,0.0031242291478138294,0.7142963619435989
10,0.4062908484378125,0.001363157168980285,1.1779276391070799e-05,0.0015770003681425165,0.5907572147486737
11,0.6764636347872998,0.002798157477241514,2.736302072970098e-05,0.006365702876110768,0.31434514183861817
12,0.682774367915311,0.014728396009964858,3.5987756511254634e-05,0.023337923844143217,0.2791233244740697
13,0.3923689791130905,0.22805324362177937,0.00019869198163320183,0.08827916611134379,0.29109991917215305
14,0.2933184433983265,0.42477881010157637,0.0008748249985876105,0.11147971533624891,0.16954820616526067
15,0.1161246063306583,0.6665707653611604,0.0010488448965967636,0.08992501275064527,0.12633077066093934
16,0.2594242634147687,0.06254397121632858,6.668319925565822e-05,0.46325183992981855,0.21471324223982852
17,0.21617670368221104,0.5411968087238026,0.0013000253873228257,0.09299138462601211,0.14833507758065148
18,0.019724597257208664,0.8823449909455324,0.015170905386685635,0.0013172492495407756,0.08144225716103247
19,0.28892326767801346,0.42836865577483446,0.0006990459590868736,0.023012325832507747,0.2589967047555574
20,0.07328246778101989,0.7551382046838333,0.007685643195861597,0.0023137118398762853,0.16157997249940892
21,0.017656135007082963,0.8477173607291851,0.018502381284246357,0.0009868717840990277,0.11513725119538663
22,0.005783810061709521,0.9390722028012407,0.01994823231442734,0.0004141292391923049,0.0347816255834302
23,0.007684395864183723,0.9620761936468091,0.013925237666825593,0.0014063276293247045,0.014907845192856895
24,0.008320945821655833,0.9225720113827789,0.041053961428629125,0.0017370080826797072,0.02631607328425649
25,0.003368408378690357,0.8209295452469317,0.1684921883589728,0.0003321968898013829,0.006877661125603822
26,0.021786570467916218,0.8081755253837322,0.14724823601897938,0.00044085205747489907,0.022348816071897412
27,0.30738100635185556,0.6631680150755255,0.0012230999104318884,0.0023688113226960545,0.025859067339491087
28,0.04008203967455995,0.9201228552770084,0.019152790372649397,0.0004264047991244058,0.020215909876657938
29,0.008781520869329238,0.6083550918937527,0.37602493270506315,9.211045554740274e-05,0.006746344076307439
30,0.009336177507678272,0.7728484516736175,0.2142957195496346,0.0001115320115169077,0.00340811925755274
31,0.0032051721939814347,0.5671646514481271,0.4260227746928557,6.126767631673705e-05,0.0035461339887191165
32,0.0023647859679461437,0.5793421998531969,0.4144741902048064,7.65628377862249e-05,0.0037422611362642935
33,0.0012738068471372125,0.247837771569806,0.7487256405910447,2.6281019956098407e-05,0.0021364999720560078
34,0.0008250919015974418,0.25166454215737594,0.7459251643926018,2.1314846541060652e-05,0.0015638867018839845
35,0.0009053763139036775,0.17210671328533225,0.8256005928382482,2.2609615973727445e-05,0.0013647079465422154
36,0.0007772467533472952,0.21145636708203125,0.7858800441979996,2.2299445859882327e-05,0.0018640425207620147
37,0.0005121609794372463,0.23381062753339255,0.7632682201729591,1.9990469479057948e-05,0.0023890008447320812
38,0.00048274215964340617,0.28831382673366146,0.7098875629784593,1.3235108397544658e-05,0.001302633019838238
39,0.0003112019724612352,0.07455267719246572,0.9237211784482956,7.006449753707146e-06,0.0014079359370236446
40,0.00044666006620921957,0.06598997468094454,0.9293413256052765,1.0018175461608809e-05,0.004212021472107987
41,0.0006891062778182358,0.09274191193920388,0.8919221725025508,1.171352831032583e-05,0.014635095752116668
42,0.00026374086621085217,0.06847540106306385,0.9284900826291984,6.3627649599456055e-06,0.0027644126765670593
43,0.00044358465316984207,0.06870999552036794,0.9089880363515446,8.831259045489473e-06,0.021849552215872196
44,0.00022649321610070507,0.03368850464979711,0.9591037778914032,6.304595561367112e-06,0.006974919647137528
45,0.000271025469871017,0.05830189342297169,0.9363389796882282,9.434049578512734e-06,0.00507866736935056
46,0.00025991195626407675,0.04474669660125152,0.9493539056461673,8.162177720862094e-06,0.005631323618596154
47,8.096514704761749e-05,0.022142839921281444,0.9762087304073849,7.894937836421794e-06,0.0015595695864495604
48,0.0001441745433318429,0.03720451573140782,0.9610242419835868,1.6374851745872044e-05,0.0016106928899275704
49,5.227980738127972e-05,0.011052386043858905,0.9878613211234409,5.25147033750955e-06,0.0010287615549813434
50,5.251582841744257e-05,0.010989317058038782,0.9883919349343336,4.4187743287016745e-06,0.0005618134048815624
51,3.821374674563606e-05,0.020053079533644692,0.9790623098879369,6.177673856063493e-06,0.0008402191578169045
52,4.551473597582467e-05,0.007263282529350719,0.9912539125638221,4.103615888776261e-06,0.0014331865549624522
53,2.2010840689581552e-05,0.007079394865740321,0.9923231157981256,4.312584376686322e-06,0.0005711659110678474
54,3.135907507051013e-05,0.010569173363638723,0.9884791041678516,7.849487485007411e-06,0.000912513905954154
55,3.180149348700048e-05,0.005968332446926949,0.9935630699470442,7.176919029030025e-06,0.00042961919351280973
56,2.769931949581921e-05,0.0037720434206177087,0.9956734305705195,6.142494911242722e-06,0.0005206841944557653
57,2.1224436105545426e-05,0.005921979410562745,0.9936187086040285,5.00027583155682e-06,0.000433087273471749
58,2.584872781486963e-05,0.011962996047038063,0.9876765639950038,6.181909218882216e-06,0.0003284093209244243
59,5.906967494281956e-05,0.02292406633024437,0.9760033513641402,7.809967764316681e-06,0.0010057026629081206
60,2.7769834709619805e-05,0.014256229488326996,0.9849488192855211,6.61755575718132e-06,0.0007605638356850065
61,3.688917173009126e-05,0.007748666348145717,0.9914790653016695,3.6496362927975058e-06,0.0007317295421618446
62,5.432553613173813e-05,0.009087312097956081,0.9899053806393776,6.472987323367333e-06,0.0009465087392112418
63,1.7335191937553737e-05,0.007051562582892105,0.9920806204816291,4.401493072133689e-06,0.0008460802504688767
64,1.5991492199909793e-05,0.009392186173354843,0.9901445642244342,4.404058900935174e-06,0.00044285405111002427
65,2.6768873872540972e-05,0.0069336163702215636,0.9925568864472165,5.67267912213736e-06,0.0004770556295674329
66,2.644229425042298e-05,0.008828200580254013,0.9905214016784563,4.745850411411743e-06,0.0006192095966280431
67,3.654938799833042e-05,0.008791532421092938,0.9908666883726517,6.842271191476784e-06,0.00029838754706542036
68,1.3201230115658509e-05,0.007090611139222831,0.9925586032076456,5.006340236564132e-06,0.000332578082779261
69,2.6568680965182125e-05,0.01692144224551389,0.9823132712061857,7.632943361070347e-06,0.0007310849239741714
70,2.584985139814368e-05,0.01715684719213258,0.9819076187514171,8.27734961362139e-06,0.0009014068554388453
71,3.3353288737746e-05,0.024630409597547538,0.9744799691511706,1.152017531129921e-05,0.0008447477872328974
72,2.813911981958562e-05,0.010808597458495354,0.988388367025925,5.2317061856535496e-06,0.0007696646895743013
73,5.9479257021843774e-05,0.02331216441730559,0.9756945424760942,8.167323556637037e-06,0.0009256465260218416
74,6.41448450616365e-05,0.01229894171792466,0.986305260184674,8.121706918083828e-06,0.0013235315454215185
75,0.00015820143843741526,0.017425599955929207,0.9796793878416459,2.3487280259714884e-05,0.002713323483727624
76,0.00017311721541842697,0.02261905373516198,0.9751325813176943,4.110884336776566e-05,0.0020341388883574445
77,9.27554014864802e-05,0.009159792382000912,0.9893576668669717,1.7499753860977735e-05,0.0013722855956799578
78,0.0003103664265950474,0.011162179499985301,0.9833652889109038,3.179155128433423e-05,0.005130373611231713
79,0.007333570440474887,0.2226715531310571,0.45117457351069373,0.0007179924283240329,0.3181023104894503
80,0.0013149621628171797,0.005969121543109238,0.005645767889856429,0.0001298959219054257,0.9869402524823118
81,0.606697476815755,0.057032972061213265,0.001590797787073568,0.0018525005669973841,0.33282625276896066
82,0.7606622372788346,0.12900600359336342,0.008581123175499628,0.0008019891583967644,0.10094864679390536
83,0.2954289008463343,0.37936468892929265,0.04838122585520076,0.0012577716653108268,0.2755674127038614
84,0.13268599697787722,0.4802555100983455,0.0644723182349538,0.0051332622570008255,0.31745291243182266
85,0.12812925009302661,0.49984589124839157,0.07419524397995977,0.007814375956505337,0.29001523872211665
86,0.07175830896674928,0.5702681967220323,0.24441129820715243,0.004431388175939378,0.10913080792812663
87,0.19612506516938877,0.6120933440919882,0.05000516589302001,0.006903068744956915,0.13487335610064607
88,0.3780075486733015,0.46516540222712344,0.031166545571108414,0.013167717820633962,0.11249278570783258
89,0.13711782570147038,0.7539659398261006,0.08526449360945919,0.002388062313867195,0.02126367854910249
90,0.12098795339968786,0.84809323943986,0.018679982055354857,0.002290488820776041,0.009948336284321355
91,0.04938341774508669,0.8528631999189225,0.08542850553800488,0.001913953011005374,0.010410923786980438
92,0.0398953402214875,0.9010137109676392,0.04552507519782327,0.0046347883669034745,0.008931085246146726
93,0.016374592856441498,0.8958864391534672,0.08060025739323091,0.002382321224712406,0.0047563893721479875
94,0.022038757289367012,0.7322233549186719,0.23756365184254508,0.00125605440145292,0.006918181547963165
95,0.021526074896095964,0.7557302227481093,0.2129053097420273,0.00278389384045071,0.007054498773316913
96,0.016615767012986296,0.9138741941265758,0.06404036957505468,0.001850228372781983,0.0036194409126010844
97,0.009503014329336599,0.4895180081936955,0.4929638549692801,0.0011547038312274276,0.006860418676460306
98,0.013926854273683157,0.828475325926437,0.1501215922985266,0.0036130790440664804,0.003863148457286638
99,0.017493085185532983,0.584510415747111,0.38883530294430513,0.004487870137508974,0.004673325985541853
100,0.003470015642728834,0.5720593420491192,0.4205428347163524,0.0011373945420603021,0.002790413049739118
101,0.012576484256318868,0.7792885111284493,0.19711798105433767,0.002601287253047084,0.008415736307847024
102,0.029941145655064748,0.7279864798732939,0.22986308735710048,0.004485632821005116,0.007723654293535724
103,0.015463120907601,0.790836394467957,0.1894597621023294,0.0008774635392844918,0.0033632589828281826
104,0.009874137671546115,0.8938597724368578,0.09198228607049043,0.0015891014228418359,0.0026947023982638817
105,0.012915214707072744,0.5818852500717122,0.40044278314830195,0.0008670550884407002,0.0038896969844723133
106,0.009237008989667663,0.8829590948062556,0.10255715605356508,0.002001821746747899,0.0032449184037639522
107,0.00978083958885957,0.8117370225416667,0.17352534361404104,0.0014235496824580266,0.003533244572974748
108,0.0031837484149428177,0.2569382640947397,0.7372215057073603,0.000622541803331425,0.002033939979625949
109,0.020759358031005384,0.9464758589871416,0.026672481085182644,0.004401015809989229,0.001691286086681271
110,0.0037836538425410535,0.3187911720134221,0.6756585372197312,0.0004280163966171744,0.0013386205276884509
111,0.007148844418358641,0.9384952674743813,0.04910750655926016,0.001497860910440091,0.0037505206375596026
112,0.002283301357507541,0.8645405748437729,0.13175849163860215,0.0005284597827387896,0.0008891723773786326
113,0.002369859616015222,0.32625566443169696,0.6695311572246074,0.0002449679638909328,0.001598350763789456
114,0.04925445033188634,0.9210166360784676,0.02221577202391234,0.004343311623401182,0.003169829942332497
115,0.008106604294394117,0.6789274574248593,0.30895814173759306,0.0015405333750296106,0.0024672631681239756
116,0.003507789988615697,0.5494739112519923,0.445516919195662,0.0003730180316702432,0.0011283615320596084
117,0.00857587112579003,0.5566355222397482,0.42750430646907434,0.0010694150200449963,0.006214885145342486
118,0.007385549460642282,0.8649608056888373,0.12181212273150717,0.003146436355551339,0.002695085763461828
119,0.0037175601784687055,0.3687131390525822,0.6255566174557486,0.0006690591773405006,0.0013436241358599625
120,0.012327421478502909,0.6577142136556328,0.32559755158642095,0.0014467118949615298,0.0029141013844817603
121,0.007833642670131794,0.8520382220925375,0.13612000968122892,0.0015925195114513502,0.002415606044650326
122,0.010186540982300568,0.7145429753405157,0.26924569888681377,0.001995364242802553,0.004029420547567342
123,0.0039559755122038675,0.4969543919939627,0.49767179090021235,0.00033861833424894103,0.00107922325937206
124,0.003779451512564428,0.41739156868901744,0.577491808874274,0.00022904195854677194,0.001108128965597616
125,0.0019271841960828101,0.29557140152678113,0.7014063291772865,0.00011372566571567338,0.0009813594341337157
126,0.000584264210618581,0.32728488636025627,0.6713598034932953,6.21113038967227e-05,0.0007089346319330286
127,0.0004195570964301389,0.0800065928432903,0.9187259179219065,3.043390176249145e-05,0.0008174982366104073
128,0.0003775833535859969,0.09066021112076193,0.9079599043570928,3.7086994998116225e-05,0.0009652141735611975
129,0.0012737260932942256,0.4426928931435024,0.5535616982028646,0.0001256344932648901,0.0023460480670739175
130,0.0002652231452335793,0.07199803234982728,0.9268108547204145,2.5203515763367076e-05,0.0009006862687613794
131,0.00019598276273575114,0.051179652251823,0.9479539739031299,3.1093841292850836e-05,0.0006392972410184956
132,0.0001682899628883129,0.03846516244141366,0.9608673858038852,3.4659033231738245e-05,0.00046450275858105614
133,0.00013908684572757843,0.035318714262030274,0.964187400753718,3.1168018875422496e-05,0.00032363011964868727
134,0.00020771353086271362,0.023447657969261838,0.9758919458592626,3.0032136361395984e-05,0.00042265050425145624
135,0.002847047251009735,0.609031418031483,0.38326784226083926,0.0007054736659466121,0.004148218790721457
136,0.002077526488921323,0.3188563787455071,0.6756018972714807,0.0004016953431280528,0.0030625021509629994
137,0.0004503269141945452,0.06147951936089648,0.9372947810713582,5.766704967913475e-05,0.0007177056038717047
138,0.0030075971396250124,0.5088234193813682,0.48495728020490275,0.000542412415010716,0.002669290859093224
139,0.002472869054602722,0.5979454444433949,0.39762279261445227,0.0002444876701973788,0.001714406217352681
140,0.0007228599305707169,0.10192879146259466,0.8962753032043391,7.804699060793856e-05,0.0009949984118875531
141,0.0014622995184726086,0.12981747483884884,0.8678856416453687,6.250133018896729e-05,0.000772082667120642
142,0.00015547542173537421,0.05713387818283875,0.9419045729509936,4.813042883166228e-05,0.0007579430156005448
143,0.001039365055971848,0.2253623717065557,0.771559924402548,0.00016970881221857985,0.0018686300227058888
144,0.0002806019874607188,0.05532072089598952,0.9437618377350873,7.455246174098694e-05,0.000562286919721386
145,0.00029238037137148794,0.07737498198424081,0.9211001323395477,0.00010242250786995971,0.0011300827969700905
146,0.0002444905198320118,0.07619218137955348,0.9227976918778198,6.316535753350448e-05,0.0007024708652612361
147,0.0002683516229059784,0.03366912651802545,0.9654728492345951,8.149252050270147e-05,0.0005081801039707641
148,0.00010451970302878721,0.027145480220801224,0.9723345554295515,4.961249769033705e-05,0.0003658321489279788
149,8.775130920915659e-05,0.01460468184635756,0.9848362742560617,4.400872804567068e-05,0.0004272838603258105
150,0.0002665982965946586,0.013903136181534598,0.984848068318468,9.172117615292037e-05,0.0008904760272497326
151,0.00010694758645538416,0.022362187561057362,0.9770747140118463,5.402189804537837e-05,0.00040212894259571976
152,5.2028964510543004e-05,0.016246909598453724,0.9833656137673175,4.2592102747162085e-05,0.0002928555669710786
153,6.677259281176564e-05,0.02629442100198597,0.9731946276156697,4.7056988504358986e-05,0.000397121801028313
154,5.954428410324536e-05,0.007208171867048804,0.9925196718210407,2.474800563357467e-05,0.00018786402217358864
155,7.603198121878689e-05,0.037663143254903726,0.9616670614615117,5.55060507218616e-05,0.0005382572516438955
156,0.0001506452035489975,0.015786527397288152,0.9831606633092834,8.960827150207908e-05,0.0008125558183773462
157,6.784674265619617e-05,0.03036458010415509,0.9692241889498505,3.111201116317869e-05,0.00031227219217480547
158,3.185036630924584e-05,0.01229703886032727,0.9873991200195475,1.9694202323000572e-05,0.00025229655149282563
159,4.8708758562651544e-05,0.010442629740201501,0.9892335381204332,2.1058372031188822e-05,0.0002540650087712426
160,4.627981837722987e-05,0.015405433786756241,0.9843369743334383,2.453616423323405e-05,0.0001867758971951938
161,0.00015081211072718787,0.01932204466854479,0.9798646231732462,6.890709559277475e-05,0.000593612951888954
162,0.00014504074050864643,0.012911353048476753,0.9863305603041378,4.2698988619291476e-05,0.0005703469182574594
163,6.937798841795489e-05,0.019750489140233137,0.9797280357727385,3.22603887644367e-05,0.0004198367098459366
164,0.00012806263513405382,0.02225818002295241,0.9768790531454551,4.371191240863991e-05,0.0006909922840499667
165,0.00018617867691655228,0.018036061486111386,0.9806852181888503,6.074204553943503e-05,0.0010317996025822332
166,0.00015124393970865747,0.02316445890950082,0.9752805042327086,9.093429788152224e-05,0.001312858620200368
167,0.000623586211431457,0.04076777785367637,0.9554705338656324,0.00018045310111709627,0.002957648968142834
168,0.000456150446152362,0.06708730331409202,0.9297465935202504,0.00019456657698315707,0.0025153861425219427
169,0.0006861683361130188,0.07214729437149336,0.9246453073251583,0.000411165555125691,0.002110064412109651
170,0.0012201632104804454,0.038714727807650076,0.9565938886306745,0.00029198777003529693,0.0031792325811596457
171,0.007261403847488746,0.028064098835535133,0.012036055565959033,0.0014437549987778163,0.9511946867522393
172,0.214726222892303,0.2807009773793586,0.0029291383847589976,0.01800574721667499,0.4836379141269045
173,0.22205246543071575,0.4341210580788204,0.005250492663909174,0.01319608460132362,0.32537989922523114
174,0.060855632818606176,0.05913594824336441,0.0011109661631935666,0.0019956868643104912,0.8769017659105254
175,0.012947324201396495,0.022139977909115063,0.0002539810379630937,0.0009794636699521724,0.9636792531815731
176,0.00025558250437718533,0.0005215499099362312,6.155399216493898e-05,9.180966201286715e-05,0.9990695039315088
177,0.015509977935229395,0.0036675489846910003,3.7147296885489095e-05,0.000419230450849863,0.9803660953323443
178,0.08298857656833875,0.014650968663324706,0.0001230640485353425,0.0018695687128418698,0.9003678220069594
179,0.14620148550836284,0.06209101630799199,0.001741625442242658,0.0006526168505660169,0.7893132558908366
180,0.0894943860898987,0.12836554308857526,0.0008889603117940082,0.0035054797298101708,0.7777456307799219
181,0.32146523885028055,0.13603864181206418,0.001112772901600431,0.004198228544254419,0.5371851178918005
182,0.002065159967851846,0.005292557581527982,0.0007967201573899194,0.0004527533142986432,0.9913928089789317
183,0.8498342567365939,0.033380012504781814,0.00023907005617506511,0.004703245649031749,0.1118434150534175
184,0.33071350263220356,0.5311375571094277,0.005794545575384881,0.004989381326058299,0.12736501335692543
185,0.2909316907291434,0.6482926385797727,0.002203942893742536,0.002302911841047467,0.05626881595629381
186,0.025233333175439056,0.8906318810455067,0.06583272382195264,0.003771303104463968,0.014530758852637667
187,0.08515668302802139,0.8696046400642871,0.009655226836067196,0.02082799345607808,0.014755456615546192
188,0.019824641959227396,0.9048141956714546,0.06318936035244659,0.003489337945446943,0.008682464071424393
189,0.010254335302689536,0.8226079071991548,0.1595537769476266,0.0037990645522618556,0.003784915998267206
190,0.03999462376929923,0.9020524192562162,0.03172647351154963,0.021907241766994757,0.0043192416959404525
191,0.01659836683059322,0.6269347585411398,0.3484722528760891,0.0037500634010474094,0.004244558351130429
192,0.004402458372142786,0.5301427149813972,0.4601068230724897,0.0025134963578530597,0.002834507216117344
193,0.00704013416296204,0.8111477261023491,0.1751524394794911,0.0038256328226847045,0.0028340674325128936
194,0.027878422240530887,0.9301419904856925,0.03275271330643943,0.005662456896571822,0.0035644170707651995
195,0.010405287215270592,0.7369297360931106,0.24515167371307067,0.0024004048987640537,0.0051128980797840945
196,0.00818042304156889,0.5423921962277689,0.4470262820172225,0.0011917958474051903,0.0012093028660345167
197,0.00971947583140893,0.7925598664529058,0.18996048838934293,0.0030169153226057457,0.0047432540037367415
198,0.0102163149687451,0.8850930380282158,0.09699057570672308,0.004715272325209741,0.002984798971106093
199,0.002648837331633274,0.7256284961437485,0.26748369165074193,0.0020321249822317262,0.0022068498916444786
200,0.0036879171478683866,0.8329133752255421,0.1595545528368865,0.0023445104156614932,0.0014996443740414643
201,0.13629571257060977,0.8456189407448992,0.0014453787702600404,0.006818140475974817,0.009821827438256233
202,0.005520188428675496,0.8667918202545862,0.12472631338807126,0.0015803260867916764,0.0013813518418754256
203,0.015528401661391321,0.9372842497074902,0.0403457077894873,0.004776766566825994,0.0020648742748051595
204,0.0393769219455489,0.9337419798967448,0.012104961371216203,0.009191141941606643,0.005584994844883363
205,0.022552335530940243,0.9455266190150731,0.002562281833242408,0.026581311775401486,0.002777451845342753
206,0.014269172315919832,0.9150854686986644,0.05970531844465691,0.009110009541636394,0.0018300309991225877
207,0.016184593736910093,0.9546427539125686,0.0013413366920572033,0.025488655554291598,0.0023426601041726825
208,0.08235641231594676,0.27980279644493794,0.00034879878571394366,0.624312564231972,0.01317942822142944
209,0.025174818878635426,0.6425446305520905,0.0013129476150055236,0.32458680679195734,0.006380796162311235
210,0.07431587632096957,0.134106502772378,0.0003160780550788784,0.7815400196949865,0.009721523156586954
211,0.0531923594695855,0.2231349298879005,0.0012899179001289057,0.7126074350357932,0.00977535770659189
212,0.05263365914955712,0.014476435040094826,0.00011307197939334404,0.9137837464913006,0.018993087339654078
213,0.05165275576247386,0.017955781850199942,7.237464040097412e-05,0.919764524304856,0.010554563442069162
214,0.04225420733722029,0.003955699225054507,3.221082820978134e-05,0.9428103306051848,0.010947552004330733
215,0.1661254394195242,0.00899149469366418,8.489446562736467e-05,0.8035438957089355,0.02125427571224888
216,0.08599941346318184,0.002824799439038491,5.472177345993591e-05,0.8886476447899576,0.022473420534362108
217,0.08742678286483696,0.003801636896614866,8.885718381796175e-05,0.8854579134247287,0.02322480963000166
218,0.03502334394833922,0.0011614447352467788,2.1612794481659598e-05,0.9499849014398453,0.013808697082087165
219,0.04025093260053899,0.0013876583318495417,3.6207562672114475e-05,0.944063858727675,0.014261342777264534
220,0.056091781306944845,0.0016544696892153191,3.038623164733005e-05,0.9288780488661359,0.013345313906056684
221,0.02909783779852005,0.001336657719805258,2.76488857923027e-05,0.9507470107869955,0.01879084480888696
222,0.03706212822117305,0.001739441268967549,3.9510270759082235e-05,0.9426886372797322,0.018470282959368117
223,0.06269710520083267,0.0024485377483329605,3.011479331649158e-05,0.8937808157827457,0.041043426474772236
224,0.1203342203343783,0.004518316572051494,3.5588595235975234e-05,0.8420628158566505,0.033049058641683726
225,0.07369050125549029,0.012049732841904732,6.884944513617604e-05,0.49235833702656506,0.42183257943090363
226,0.22780351636871704,0.02114938165482114,3.9992452779536865e-05,0.7129039973878428,0.03810311213583943
227,0.3799499888259217,0.03662551493831385,5.173452680131606e-05,0.5229106781736708,0.06046208353529246
228,0.30117906203240097,0.04672484803144383,0.00010680654643634276,0.6132636467155544,0.03872563667416435
229,0.22572874612567403,0.1461997741255621,0.0002527129674662563,0.5969774303969445,0.03084133638435319
230,0.35502767645842065,0.17738928261332584,0.0003046023161752249,0.3357549951532746,0.13152344345880357
231,0.16211239123915533,0.5916593317998919,0.0003057732121664194,0.22930597940693556,0.016616524341850826
232,0.07773666926793475,0.8658988472646201,0.0008875417154436687,0.04442335755165074,0.011053584200350778
233,0.376940920524716,0.49008261906996864,0.0002782626195747478,0.11946078193903142,0.013237415846709257
234,0.03945835658321587,0.9396034223415402,0.0003881152006347772,0.018352922092661542,0.0021971837819473455
235,0.011090411889480624,0.9778270641420227,0.0018336586333572477,0.008174983750469596,0.0010738815846697723
236,0.008788091820452855,0.9803370286661831,0.00545540000561071,0.004337972856164252,0.0010815066515888448
237,0.008607503676289834,0.9680959813375191,0.015211034088939783,0.00693136261997227,0.0011541182772788323
238,0.02324812197329276,0.9473551394132431,0.0018710786836191057,0.02527454863385484,0.002251111295990043
239,0.015434226453970867,0.963818406447678,0.010652102894899037,0.0069546994399143835,0.0031405647635378326
240,0.025983974159243924,0.9444980401822087,0.00400735822619515,0.013101071418523869,0.0124095560138285
241,0.013968590404344351,0.9710621206104659,0.0028183948996726308,0.004520441096786326,0.007630452988730664
242,0.029792842794216193,0.9485077514359199,0.001256492992702614,0.01708696400087479,0.003355948776286354
243,0.16573670522027126,0.6417244852007172,0.012456641492361436,0.01545010027407707,0.164632067812573
244,0.8556318775115728,0.06123895842374681,0.00014079211417872286,0.02463660336412498,0.05835176858637668
245,0.443331695307836,0.5365897571886369,0.0016243362741754667,0.00850543393031128,0.009948777299040382
246,0.07004328836767397,0.9128973550751602,0.003000535562240828,0.003261078574492804,0.010797742420432221
247,0.02966993524304407,0.928645564490744,0.03593959652771014,0.0028949049205380956,0.002849998817963939
248,0.005439584789304914,0.7454986855469306,0.24701859129416498,0.000823357409925993,0.001219780959673697
249,0.020397372186781823,0.9609727036356238,0.01096044763930765,0.0036462411080656204,0.004023235430221033
250,0.02787180978813507,0.9347728114052668,0.024937444928187884,0.009734538920251796,0.0026833949581586075
251,0.018366570816533964,0.9541432797391276,0.017762236166889996,0.008132553646216518,0.001595359631231787
252,0.010491211867734626,0.9817853103926992,0.004850166020640567,0.002441236664845296,0.0004320750540803193
253,0.004886108611488915,0.7906881773568991,0.199561568501718,0.0029753780259801806,0.0018887675039139492
254,0.023394355837901913,0.9612716929404004,0.0015534031572170543,0.012620623166620422,0.0011599248978603688
255,0.0020790570465528914,0.9630009155777244,0.03274432217180136,0.0016900468438084538,0.0004856583601127678
256,0.00797200828156271,0.9739916490397322,0.013919897304196866,0.003427181128521576,0.0006892642459866069
257,0.0019039170476581372,0.8838774568114255,0.11335751503680058,0.00039342331106283944,0.000467687793053038
258,0.0014800083133088495,0.7952187788388952,0.20190446565082526,0.0005442390131540745,0.0008525081838165837
259,0.003177556934135236,0.6612471486448472,0.3343057995833855,0.0004457152561691201,0.0008237795814628914
260,0.002956933589590657,0.7934770570694893,0.20143438341589442,0.0008168448382858334,0.0013147810867397338
261,0.0015334683640292768,0.3791030928904098,0.6184151757739816,0.00016540900320207328,0.0007828539683770627
262,0.003888562186833,0.7525657089350749,0.2400991179482269,0.0008963015380553473,0.0025503093918097185
263,0.0049407981142648855,0.8614819905896547,0.12956829091077032,0.0017709936769614257,0.0022379267083486895
264,0.006036299381298267,0.4002842845881083,0.5895575304961505,0.0011286818327262604,0.0029932037017168355
265,0.005135056435566599,0.5133380199105054,0.4761214503759187,0.0015769770501280235,0.00382849622788128
266,0.004705284269372877,0.3951672437413653,0.5933258776471059,0.0012318858384870496,0.005569708503668785
267,0.06170014196763685,0.8097259300165068,0.07499604036136898,0.004726239705826953,0.04885164794866021
268,0.3109140152063432,0.5163769764150153,0.0030451484756210995,0.028278922286461308,0.14138493761655907
269,0.13122071037318858,0.8334898327383451,0.007847000354609654,0.004997593902359017,0.022444862631497697
270,0.06888360482902434,0.7567008075679779,0.1392309447655004,0.0006888154809395067,0.034495827356557915
271,0.07985791043709016,0.8569043722561098,0.02332817006377723,0.0030118619249476174,0.03689768531807496
272,0.05876089160136734,0.8908335232314847,0.02046700554007223,0.006001918743410647,0.023936660883665178
273,0.025696609685227377,0.9313549326899915,0.02787182580554747,0.0018249692510737521,0.013251662568159775
274,0.013716277685079749,0.928563338946143,0.048834374678717915,0.001880589862600476,0.007005418827458884
275,0.00850632340140358,0.960475665875451,0.02702843423517943,0.0020178516815517375,0.001971724806414466
276,0.014586970392229403,0.8917167341250817,0.08041665249548885,0.007006143752750131,0.006273499234449975
277,0.026195615662185184,0.9459847669429512,0.007150174192253426,0.01790757510997656,0.002761868092633581
278,0.01285726704119814,0.7695355506696391,0.1979758433725799,0.014753161581245395,0.004878177335337475
279,0.02996997292062433,0.8574285362202898,0.07988971260652342,0.028149832456254954,0.00456194579630757
280,0.017597681394955114,0.9721377394905114,0.003936356254124195,0.005302894951218298,0.001025327909191023
281,0.0019844825239313216,0.4336108672863737,0.5620745748091281,0.0007630114423257856,0.0015670639382411571
282,0.02956089236678679,0.9418692563347769,0.01802164850515256,0.007487856350762178,0.003060346442521585
283,0.0030194855466049554,0.6102626745449812,0.3831040379799272,0.001631891274413751,0.0019819106540727434
284,0.0024561225651468783,0.32644068201998,0.667405279872765,0.0010289708943098793,0.002668944647798296
285,0.01690173753987452,0.9498689409091037,0.02575572362916393,0.004727763436120396,0.002745834485737357
286,0.0020634433321604626,0.837944389540813,0.15726491373976764,0.0011108011845462557,0.0016164522027127257
287,0.005464631581061405,0.944250543917982,0.04604808940921773,0.002849894358807525,0.001386840732931492
288,0.003848732423908996,0.7596501049310408,0.23307923401826977,0.0012299516320715914,0.0021919769947088582
289,0.002516750799234914,0.42416917826689876,0.5713421902262928,0.0008730839928353108,0.0010987967147380827
290,0.002109570604480907,0.6022873540293581,0.3931528389342076,0.000817479689539639,0.001632756742413826
291,0.001659649714122804,0.2812955565664933,0.7159885629795054,0.00029043275178075313,0.0007657979880977998
292,0.0012743674602572641,0.32394077426003537,0.6736136968292067,0.0003158037313235113,0.0008553577191772545
293,0.004084379286415655,0.6548217023238282,0.3366864113871285,0.001302421632650422,0.003105085369977265
294,0.0014811425292411827,0.3830126878906111,0.6084630282641517,0.0007929726254817756,0.006250168690514255
295,0.002504451764171545,0.3088697917758528,0.6807876787879757,0.0014012487465838337,0.006436828925415843
296,0.04852453720511586,0.3208284719163067,0.11567318330953248,0.0034163956181416277,0.5115574119509033
297,0.051355454824210944,0.4226616016405696,0.3378967458655095,0.011213446900343541,0.1768727507693664
298,0.026361152802554355,0.5187572365791103,0.24136992795136122,0.00928046412298523,0.20423121854398885
299,0.09896852887380327,0.09188333388105914,0.005695923790837677,0.013461650618454356,0.7899905628358456
300,0.007747633671398679,0.0012625406196777652,0.00016955899772772023,0.00296086918724385,0.987859397523952
301,0.0007341727978122949,0.00021453054268103224,0.00010959503364670529,0.00016453070869184934,0.9987771709171681
302,0.013622368073557314,0.0014203816086559974,7.953460149928917e-05,0.0007052504201320694,0.9841724652961554
303,0.02640204233942213,0.0005068079000871192,1.1868355278730997e-05,0.0006677099571610652,0.972411571448051
304,0.1461382774784962,0.00233125130704936,7.230054376467607e-06,0.0011803317788430612,0.8503429093812349
305,0.7208458317162307,0.013764145997071408,7.443031349075632e-05,0.01322331009037809,0.2520922818828291
306,0.5645018687258733,0.3139568077039539,0.0011059139338468198,0.015025451364971451,0.10540995827135455
307,0.7995964206325082,0.08744478553357646,0.00019088805429552682,0.08898303530967719,0.023784870469942657
308,0.2485815257541068,0.45194037375410395,0.0015889358616920633,0.26475063706688706,0.033138527563209993
309,0.11341573944372227,0.37948498034329803,0.0013506738241004707,0.4945338619195821,0.01121474446929701
310,0.054028256831113834,0.8529881048425865,0.0029503789752031518,0.08553134344068213,0.004501915910414387
311,0.05264158418267099,0.7429867325305599,0.14773895060279751,0.046897137865896964,0.009735594818074672
312,0.021494877470569305,0.9256981537159129,0.01013263553649034,0.0393503920672861,0.0033239412097414954
313,0.019657204282054006,0.8907489304155645,0.07685126913770213,0.010025177260623137,0.0027174189040561616
314,0.010492421982207924,0.950212361125022,0.031809381678861916,0.005524393278096764,0.0019614419358112483
315,0.016167008828959717,0.8344623873666158,0.13778270686743663,0.009610791618182029,0.0019771053188056002
316,0.025708030441499226,0.907069380525717,0.05907990586246989,0.0059621431021308225,0.002180540068183219
317,0.00872175008215449,0.48124867067870286,0.5066346311597645,0.001208204833309452,0.00218674324606877
318,0.022992542385904428,0.8963748960001966,0.06977140258094204,0.0073176475546206255,0.003543511478336237
319,0.009957802737109542,0.9694003440105472,0.015376557678659917,0.0030588268148610325,0.002206468758822343
320,0.017809234564598226,0.8950510039279944,0.08120878986020498,0.0036271884325962795,0.002303783214606076
321,0.00462909996662962,0.6022072353362682,0.3908471752013131,0.0007939218585647376,0.0015225676372242908
322,0.004290641522850958,0.3158478141133869,0.6753708125210284,0.00046529851805087726,0.004025433324682766
323,0.03350577811635518,0.9081117046903955,0.04823021274574859,0.005995350863783307,0.004156953583717209
324,0.008755243139272943,0.962842741947143,0.024913450493993263,0.001509585649010901,0.001978978770579868
325,0.005968763759950891,0.7408728139299365,0.24891993880020602,0.0012317925945561422,0.0030066909153505144
326,0.003954657690700619,0.5755403215170762,0.4168309444915108,0.00083715868149559,0.0028369176192168674
327,0.006641336396196185,0.6655954793609776,0.32414980099461943,0.0012679461733760271,0.0023454370748306947
328,0.002273590284074083,0.1512515796107014,0.8448540218748041,0.0006102560005896702,0.0010105522298309716
329,0.02102423494676287,0.666418479765951,0.3040984905695614,0.0032731654797643166,0.005185629237960444
330,0.0058555650970402336,0.8611723178896592,0.12868365338525833,0.0012058094220249406,0.003082654206017161
331,0.006369423855909558,0.6353384862084026,0.3527859555079635,0.001623240127476263,0.0038828943002481926
332,0.007279823582311864,0.6707468322214792,0.3185457521468126,0.0011630653924531015,0.002264526656943108
333,0.0051998189346242054,0.7706518471623818,0.21890784475823263,0.0007135569490157096,0.004526932195745803
334,0.0073362577350742355,0.6696021768280093,0.318442572447166,0.0012418106818219215,0.0033771823079284946
335,0.0033754477931647745,0.31364012188095336,0.6817236727195861,0.00034303639538548907,0.000917721210910124
336,0.0027833569991142495,0.5254465629576963,0.4700513855552122,0.0004232921811652014,0.001295402306812042
337,0.0015170977358830579,0.1018016604934151,0.8947595958237483,0.0002368775270606726,0.0016847684198929027
338,0.003610913166998062,0.6001532273427876,0.38939497217103225,0.0010586543371176498,0.005782232982064485
339,0.0018290984621455518,0.06398814862673151,0.9318677141303308,0.0004196073275289943,0.0018954314532632233
340,0.0015984047709839283,0.3807163556340467,0.6152620808423224,0.00036557451041095116,0.0020575842422360857
341,0.00085593825183924,0.09004613821841018,0.9078321419178985,0.0001889690994044733,0.0010768125124475919
342,0.0003627588453942419,0.06811410270742338,0.9299613670198684,0.00015381947784738284,0.0014079519494663718
343,0.0004463606582431932,0.09539226358774171,0.9032804469018157,0.0001572197906611079,0.0007237090615382894
344,0.000611838124166807,0.1168766424337394,0.8813175293035614,0.000154984643274383,0.0010390054952578848
345,0.000645766774027814,0.10295086325499886,0.8950821545824327,0.0002760576702132463,0.001045157718327598
346,0.00047514910833264723,0.03653893209753013,0.9614555467711973,0.00032607959809941234,0.0012042924248405614
347,0.0028027349528411904,0.28092423652833526,0.7132216545940367,0.0007521965037574026,0.0022991774210293107
348,0.0002969716810025276,0.0958113414918959,0.9025915907862618,0.0002170293469153013,0.001083066693924512
349,0.000713197242333845,0.041128363888557146,0.9557613780949016,0.000884387000210399,0.00151267377399698
350,0.0009686123436009104,0.17575070767908554,0.8204131905469826,0.0007014446876599707,0.0021660447426708005
351,0.0004426281793520893,0.08852497430875858,0.9100459672221998,0.00030608112135281336,0.0006803491683369223
352,0.000335945819001694,0.0904176835839021,0.9083078369709974,0.00022266060642293353,0.0007158730196758691
353,0.00066539255267111,0.050129834287930865,0.9479759722251627,0.000579822903734957,0.0006489780305005128
354,0.00033058594508478923,0.062350259065034955,0.9365189844338517,0.00020968072108409972,0.0005904898349444096
355,0.0010135426259975722,0.13148110666981705,0.8658161848165686,0.0004305273533052705,0.0012586385343116287
356,0.00021314253376467982,0.06192004734147849,0.9369162794052378,0.00022438405400738992,0.000726146665511478
357,0.0002843426370955387,0.07780061900984245,0.9207782593143005,0.00024782324402063854,0.0008889557947409213
358,0.0006258243336006766,0.04054757506369751,0.9579908146566762,0.0002685282350296048,0.0005672577109958224
359,0.000728854102931834,0.09903842293614097,0.8989369550362338,0.000302259108918021,0.0009935088157754014
360,0.0001442767869509626,0.029682638824995996,0.9695147667272288,0.00014920017472158122,0.0005091174861026381
361,0.00022456408361088692,0.0460847199846469,0.9519550105395808,0.00023170653539796824,0.0015039988567637384
362,0.000260727248758485,0.042182680577649456,0.9556637236268223,0.00040959145645990894,0.0014832770903096975
363,0.00019735904633980944,0.07111317524824214,0.9269784766521066,0.0002622394387575459,0.001448749614553919
364,0.0001867437321629086,0.057883107671563745,0.9401848813475053,0.0002583079257275952,0.0014869593230403386
365,0.00019699884241121708,0.047387819246266616,0.950871330775493,0.0002839630258514817,0.0012598881099775364
366,0.00017820637366914934,0.054611229796385934,0.9434238500104236,0.00016958002377554234,0.0016171337957458407
367,0.00022572948999713478,0.08426954734842693,0.9136173023068913,0.00025392654807805307,0.0016334943066065033
368,0.00015148057976330955,0.07844450417062733,0.9198108413387992,0.00021162961382576318,0.0013815442969844765
369,0.00024469239182101397,0.07451278991841467,0.9237659840725527,0.0001763102490870033,0.00130022336812451
370,0.0005776753871225489,0.05799849874490547,0.9393171130985584,0.0002976599410920388,0.001809052828321508
371,0.00013707680598906997,0.04289208915506914,0.9561236940311935,0.00010058539594743288,0.0007465546118007739
