epoch,N1,N2,N3,R,W
0,0.0006932810597108219,0.00014479161673570167,1.974502837296994e-06,3.1319560610090776e-05,0.999128633260106
1,0.00037791672050327846,5.251627836740447e-05,8.687779528503131e-07,4.102135785525685e-05,0.9995276768653212
2,9.033978180672739e-05,4.641600482690642e-05,2.557353078382272e-06,2.322915592275747e-05,0.9998374577043652
3,0.0004709609541795495,0.00019140671915936778,3.732705048695912e-05,2.7401384098120477e-05,0.999272903892076
4,0.0016998922579033314,0.00031278712105428744,3.978665336713708e-06,0.00020186185838317277,0.9977814800973226
5,0.0007860328460807034,0.00021807701534568006,1.4164020257219045e-06,0.0002509046332694039,0.9987435691032784
6,0.007348110812985532,0.0018577328287949285,3.0041878117343122e-06,0.0005623493777402415,0.9902288027926676
7,0.12668672753517723,0.02487359846547055,5.3837083325684934e-05,0.003542860570789371,0.8448429763452371
8,0.3105025722868928,0.04437953742635641,0.0002718505405507907,0.006426000410124819,0.6384200393360752
9,0.4043461548428274,0.08327829922596047,0.00038315132308823046,0.00423381548800754,0.5077585791201163
10,0.1449409229069323,0.16856938254917092,0.0005343501707779735,0.00402694571980886,0.6819283986533099
11,0.15999455662834383,0.2283511574528359,0.0023504821094834575,0.00038839390105999084,0.6089154099082768
12,0.16203693519950055,0.38623233653683575,0.0015151597896688237,0.0024050122914094935,0.44781055618258536
13,0.22671790919897108,0.5099931614736534,0.0004289485272800003,0.035076933225852806,0.22778304757424261
14,0.12906112768013847,0.5549513592568162,0.0035679093828163565,0.004466567086838229,0.3079530365933907
15,0.3633926097810619,0.4657044778489353,0.005018626807823622,0.011052483051160687,0.1548318025110186
16,0.285080179650322,0.48204477464708756,0.0005208200618547134,0.046789056339831776,0.1855651693009041
17,0.2580709095597122,0.6407686338982903,0.0053163178028818115,0.015221743636351806,0.08062239510276384
18,0.2799328774917451,0.3893139726946891,0.0017074288220744664,0.023210145815054047,0.30583557517643717
19,0.2345659043277105,0.5357043432875106,0.00877685956956917,0.004698056662630692,0.21625483615257904
20,0.11626788195804329,0.6907207038642522,0.000834636173222864,0.009625747254380836,0.1825510307501009
21,0.07919054975039157,0.5185417524951152,0.0033581774436704597,0.0019614559264674552,0.3969480643843552
22,0.07909403383538453,0.552701084436354,0.0036775147208923144,0.0032603444538442023,0.36126702255352505
23,0.045168293021913594,0.5983740685180398,0.00489991153535835,0.0030854381422485053,0.34847228878243974
24,0.12917424833016017,0.4074082518667527,0.0007107101728830419,0.022049521481981145,0.4406572681482229
25,0.035247852812743265,0.8343981285241278,0.008640601729245224,0.0022990555570331457,0.1194143613768505
26,0.048650474172598726,0.7990681339656923,0.0012706530341600832,0.0042813134783276675,0.14672942534922112
27,0.04077303427112317,0.7530604738262557,0.0026304976978515668,0.00776229012938571,0.1957737040753837
28,0.13491044174346228,0.6043635557104536,0.0011476215624234125,0.00954337976926856,0.250035001214392
29,0.07888862839653124,0.7657758345741897,0.009024993773011912,0.002627442197986581,0.1436831010582805
30,0.3142039158019651,0.3981898825988464,0.0010317405316198095,0.009580582226454144,0.27699387884111454
31,0.034811398247686476,0.881350011763735,0.015747317827027745,0.002303379336296626,0.06578789282525431
32,0.05864976588553378,0.8887619391401167,0.0040464529860055115,0.005748819321674006,0.042793022666670025
33,0.06302007785682369,0.8850194852839082,0.011660680561205844,0.002938169608454486,0.03736158668960773
34,0.09545008035850211,0.8493463364820605,0.010113303894798748,0.0037786797919330505,0.041311599472705615
35,0.037180625908931904,0.9065360271494691,0.0050667961834442434,0.004709172842915845,0.04650737791523884
36,0.04661613955327158,0.9110471513398316,0.004590045848059827,0.0019419250250423854,0.03580473823379462
37,0.07858437339322057,0.8533611265867852,0.007154762112241893,0.003576360498921702,0.05732337740883069
38,0.15761528185907206,0.653461567095462,0.0017691124964528072,0.011747174857562326,0.17540686369145073
39,0.11615316296724068,0.09261065709701129,0.00013340642145800747,0.006799250154705172,0.7843035233595849
40,0.34302895436888686,0.17754768271094995,0.0012423962971901657,0.004558775815522917,0.47362219080745027
41,0.24883935118604034,0.4562645893116919,0.0059252152337758044,0.002977928321725503,0.28599291594676646
42,0.21408228735833756,0.6408502441420852,0.0047338383715152645,0.007925682705805988,0.13240794742225606
43,0.1872823792453236,0.5437864950942799,0.008259746321282537,0.008763994102936278,0.2519073852361777
44,0.017873361567088065,0.0160889613183993,0.002098927664508536,0.00048456317448199935,0.9634541862755222
45,0.004796410436786498,0.000937983708735254,1.839891488657145e-05,0.000546588486930093,0.9937006184526617
46,0.013028074309257941,0.0035793945352847116,0.00015282789677196148,0.0002375601870847133,0.9830021430716006
47,0.08354004367303654,0.008977471249578641,0.0001654404150591539,0.0003402233393951863,0.9069768213229306
48,0.09045920513550786,0.016130086186812227,0.0008436048708649654,0.0003510532731145429,0.8922160505337003
49,0.4574378671597967,0.14369085845744675,0.017398364020124932,0.0023845877049389046,0.3790883226576927
50,0.3968051544712814,0.15449653442789194,0.0038077489024215356,0.002985783296584282,0.441904778901821
51,0.26272358284000424,0.3069395456159278,0.004612419249099575,0.008342313599183785,0.4173821386957845
52,0.1456382087360814,0.5846066276019152,0.010137367820764406,0.037448413906125064,0.2221693819351139
53,0.10750221305970277,0.810480563058795,0.012411102340631135,0.010684760180825134,0.05892136136004594
54,0.11586306964119023,0.8104941873105098,0.01612750098637778,0.032102004663343994,0.025413237398578092
55,0.19463965250876167,0.738543215251191,0.01363798426378469,0.015431099349880233,0.0377480486263823
56,0.05215975786428899,0.8979017701448977,0.021990197063098904,0.0091815124033028,0.018766762524411805
57,0.10945173861651122,0.8510324304425426,0.01781831463645066,0.005997422511238055,0.015700093793257493
58,0.05902824754947163,0.8832164391997138,0.0405571134015359,0.004900812563349704,0.012297387285928892
59,0.07236948127308604,0.7703964371431353,0.1317669240613879,0.008994992685102458,0.016472164837288094
60,0.05596139791674636,0.8464492471380258,0.0786706340658732,0.008540711318276004,0.010378009561078474
61,0.029858735191514014,0.8107635725198946,0.14537789324902026,0.008386460736615375,0.005613338302955769
62,0.02175268784855676,0.8752103689657539,0.0939392362477102,0.004809632995482596,0.004288073942496572
63,0.046980683989464124,0.7590883553667582,0.18021603401196953,0.004999884514404367,0.008715042117403765
64,0.06581899172093734,0.6268860926940149,0.2870948152638349,0.010724912290934191,0.009475188030278794
65,0.04557983287831765,0.7565676815922061,0.18049327346524505,0.006343321400092515,0.01101589066413879
66,0.031046985833420065,0.7710517451288079,0.18439544909847277,0.0046260563383096346,0.008879763600989528
67,0.019934436818724987,0.8667026306684896,0.10474168179305506,0.0022279727977615443,0.0063932779219685225
68,0.049260400682355536,0.7716687883107903,0.16912902344933112,0.0022569244721069074,0.007684863085416087
69,0.020114643487517292,0.8092768688646329,0.1662832561087893,0.0009312857105467796,0.0033939458285137734
70,0.06252043153091733,0.8074355734151389,0.12072948159696936,0.0020549421464801597,0.007259571310494156
71,0.007180041119893462,0.7901978938875233,0.19750511248809682,0.0006193613973304564,0.004497591107155971
72,0.012964939541115451,0.7012447398345961,0.27749816833330665,0.0012830628026522537,0.00700908948832965
73,0.022981577286483815,0.7031176110263399,0.2649136920270531,0.002527547896455649,0.006459571763667682
74,0.0388076496851834,0.8076843457692131,0.14348413044688788,0.002668241672467803,0.007355632426247703
75,0.011098957208497223,0.5445557493026464,0.4375146654067227,0.001158791377291663,0.005671836704842065
76,0.0341529481484367,0.7737807864078224,0.18506237027364883,0.002458643301787757,0.004545251868304265
77,0.008356716522116356,0.5587122231220492,0.42789336389988963,0.0009371442940763205,0.004100552161868602
78,0.009199424108253624,0.6255951423645888,0.3586017465745511,0.001421828037881457,0.005181858914724952
79,0.004197501872027696,0.6121667444689239,0.3768362885661941,0.0009993602165894273,0.005800104876264649
80,0.011640119622580753,0.61794092475664,0.3650540189602087,0.0011950356419775942,0.004169901018592888
81,0.016463996120933157,0.7858087603435371,0.1922501062781067,0.0013420583592801136,0.004135078898142884
82,0.01333071526894467,0.6322781526243051,0.3489063484585201,0.0012137800039652212,0.004271003644264884
83,0.014568750408806671,0.7436381804420557,0.23104051846600684,0.003055326660827743,0.007697224022303027
84,0.013838391571255756,0.3909423613866536,0.5872428841990313,0.0019785595152692226,0.005997803327790139
85,0.03565973217598051,0.6317779638093614,0.3133103210011313,0.005726295277655311,0.013525687735871516
86,0.045975553024399096,0.5022840464637345,0.4439259852690734,0.0021266612350603585,0.005687754007732757
87,0.021374384667821218,0.4099008576002794,0.5605249529207496,0.0045418311172176025,0.00365797369393228
88,0.006505864727026158,0.47286770856494503,0.5117251501801041,0.0038370837265757516,0.005064192801348967
89,0.05208229038909768,0.7530733600330599,0.12543400871787455,0.053295753488913265,0.01611458737105461
90,0.015922386481617742,0.30623198871644586,0.661590353086274,0.010973324048627798,0.005281947667034511
91,0.046987644234135754,0.689039313378371,0.20798398682919786,0.02718641726241029,0.02880263829588511
92,0.12384536549157593,0.43260395429018617,0.022232174949920504,0.029942600672656212,0.3913759045956612
93,0.1777114932365924,0.5601174581206476,0.09010849612682076,0.041574665156164634,0.13048788735977468
94,0.19130658604127754,0.5449940500250019,0.0018575198533601633,0.08607541276601943,0.1757664313143408
95,0.21004090501802777,0.2059414934848586,0.0005303762569439356,0.060345403080020316,0.5231418221601495
96,0.2068658117135371,0.08363935940702738,0.00021035449910539544,0.061235729925606934,0.6480487444547232
97,0.5031447025171869,0.18216390706388444,0.0005755028451925654,0.07813416985515367,0.23598171771858226
98,0.07189324547019547,0.09814349099807201,0.000549558875814314,0.009930724795879375,0.8194829798600388
99,0.2849191142275182,0.1165471232721069,0.0002956669779812646,0.08901475216105732,0.5092233433613363
100,0.4554379208464318,0.14208452255928564,0.0008676346384748473,0.1608758551315965,0.24073406682421122
101,0.2702477268121805,0.11648600203472351,0.0019503509414220003,0.1123738309455373,0.49894208926613653
102,0.4597918521727444,0.046089508996825915,0.00037880854116704006,0.11130650516071205,0.38243332512855077
103,0.20301535357533643,0.0367704411060081,0.00039024348078231963,0.10363905183987102,0.6561849099980022
104,0.14622788673887124,0.05683124047215555,0.0004038504792119157,0.07659958049818971,0.7199374418115715
105,0.11994332030410132,0.01791583661898461,0.00018827834025094342,0.04027444712119894,0.8216781176154642
106,0.2126337488999584,0.044906324260736215,0.0003283662981782274,0.10140670445439685,0.6407248560867304
107,0.12283527399441758,0.052258171701809006,0.0002882475355554303,0.049976206367228736,0.7746421004009892
108,0.10853292783130569,0.021713472167461317,0.00012305698349739593,0.02490143401894081,0.8447291089987947
109,0.04313549773962481,0.04957408124867668,0.0007346030077284278,0.03260826308408176,0.8739475549198882
110,0.015088426699331754,0.023541996226227963,0.00020373817782886277,0.024879804776686408,0.9362860341199251
111,0.10450848127942262,0.03198861588172319,0.0001568157782951547,0.06280491600634253,0.8005411710542165
112,0.07030271995994082,0.04902199823247208,0.00013006610173950189,0.09506924911744336,0.7854759665884042
113,0.07130254595475846,0.07503346938315497,0.00030881125748547737,0.07147265077530462,0.7818825226292964
114,0.032143217079935525,0.05533957204530671,0.00014845874806354903,0.06063227917243794,0.8517364729542563
115,0.059007866755041334,0.03837032081141405,0.00015148516893850235,0.08506049243007319,0.817409834834533
116,0.07775495569425295,0.05161066181648232,0.00016392467686944913,0.19786423187069901,0.6726062259416963
117,0.13307946592417336,0.032975336114091106,0.00010980509876635966,0.08551382893398378,0.7483215639289854
118,0.2609140366755397,0.10352443007747043,0.0002433441492531437,0.1568672770662419,0.4784509120314948
119,0.10790132011145026,0.17204286388756512,0.0010939744625051765,0.055033299431882156,0.6639285421065974
120,0.3063654568156209,0.17943421205500354,0.0006478988644900725,0.22013898581676322,0.2934134464481223
121,0.2940077781899188,0.22824103804217688,0.0009083364679204753,0.11496970023748312,0.3618731470625007
122,0.17246464275796045,0.311379074332214,0.0019799223682419025,0.17489953007035064,0.3392768304712329
123,0.27361723270528066,0.15160939744645305,0.007974036089435747,0.07267109294873916,0.4941282408100914
124,0.2776871953135426,0.28395593323291224,0.0021828000856451415,0.1424931846519996,0.2936808867159005
125,0.17573810131528367,0.3378343659699107,0.0020620908024057724,0.1453023446614292,0.3390630972509706
126,0.34404252065749585,0.32234424799940664,0.0012728418925833653,0.10964665257444908,0.22269373687606503
127,0.20846098399399893,0.3871399248701951,0.003179975794005905,0.12245670940615534,0.2787624059356448
128,0.34135674753437945,0.2823341776150434,0.009192515913035366,0.22129056393541735,0.14582599500212443
129,0.41277881698086855,0.2148229750664242,0.007442490029528594,0.22498608636722833,0.13996963155595038
130,0.5462112848244466,0.1442419084493734,0.007323899935630075,0.13945126665498672,0.16277164013556314
131,0.5122377254613792,0.11504353392984679,0.006532680166739941,0.1557824615547313,0.21040359888730273
132,0.16034466073586925,0.17801891016769386,0.02267476296271257,0.13796522876205958,0.5009964373716647
133,0.4439207230520716,0.11745823528094222,0.001118147447541923,0.23797832578782188,0.19952456843162256
134,0.4852329946240783,0.08782626232321164,0.0018579705999275727,0.0703717274440052,0.35471104500877737
135,0.3926209833552249,0.18291109098463595,0.002726808752245826,0.1274911707671166,0.29424994614077676
136,0.06244090893938068,0.05323959850526751,0.00675244685974194,0.04567498250683547,0.8318920631887743
137,0.2918030644543782,0.06077371775507368,0.0004557163409156525,0.16140236037967798,0.48556514106995435
138,0.14631173642026393,0.20511565827998424,0.0041529643336623455,0.10083696719487746,0.543582673771212
139,0.0994943135849734,0.07968546327009651,0.0007422728640700771,0.22282251353345034,0.5972554367474097
140,0.10476364536340342,0.04812436003674807,0.0003927734280907121,0.1626348507363173,0.6840843704354406
141,0.28480048679865905,0.09701367897749273,0.002167115995425238,0.1897880859088163,0.4262306323196066
142,0.1259855555496983,0.07582731323574786,0.0004304508972240114,0.23597285772644966,0.5617838225908801
143,0.10359432080291382,0.0641181932446323,0.0004829046703016283,0.5942037115915726,0.2376008696905797
144,0.2011662061075796,0.05448740654616941,0.0005938164268131202,0.2960243185212739,0.447728252398164
145,0.27280158553379735,0.07569438976627046,0.0006290747635688907,0.11046949931112729,0.540405450625236
146,0.2059418275734869,0.09199293339705228,0.001252751203764368,0.16889059422285102,0.5319218936028455
147,0.1560962761019578,0.10067704638683202,0.0018681797074936776,0.4527484373704856,0.288610060433231
148,0.10368028514390544,0.07354296153208145,0.0010832028328501553,0.6370730252908373,0.18462052520032576
149,0.17730818394365808,0.10126504529677952,0.0028563374283906763,0.2661440076195655,0.45242642571160613
150,0.0874758090070497,0.04093697280958992,0.00019321471157330748,0.7876574680532918,0.0837365354184952
151,0.1232844789812921,0.06308187831094143,0.0011149369692959638,0.513694081056886,0.29882462468158444
152,0.19426010872314742,0.03302761838949296,0.0001564405590680691,0.6467083806372899,0.1258474516910016
153,0.12561539015502748,0.09035462214338164,0.002638716243745037,0.055324547719910494,0.7260667237379353
154,0.2860032223997089,0.07706086383407748,0.00045534713756488027,0.07669893099382166,0.5597816356348271
155,0.24394255066790338,0.06197294219916709,0.0006062264368489698,0.01296827412642909,0.6805100065696514
156,0.13419751127945126,0.13190780185085038,0.0014903822703584398,0.010105289894529874,0.7222990147048101
157,0.45020445719226543,0.4271582520279246,0.007601302753059308,0.014764398358899413,0.10027158966785125
158,0.34101356067318994,0.44310038162359044,0.05365518155484528,0.017099482943391763,0.14513139320498258
159,0.23302777305822844,0.6404064047199826,0.06258494061994266,0.014557881083950761,0.049423000517895596
160,0.20076584862379188,0.601703966563931,0.07238321516234385,0.017559609858015378,0.1075873597919179
161,0.14510985647291935,0.7334154168446567,0.07423256267791459,0.007372231236786116,0.039869932767723146
162,0.2493762771475155,0.597247553073275,0.05678011698110268,0.018332750519714426,0.07826330227839229
163,0.10731911296409329,0.7566113479602159,0.09657485696475278,0.010521107242033168,0.028973574868904665
164,0.11316538055311971,0.7681862851919652,0.04876979435512831,0.00757902024786619,0.06229951965192055
165,0.11300216141184549,0.7862026943049779,0.07156985526755837,0.005477240341175988,0.02374804867444231
166,0.2583667909084778,0.4139641403249668,0.025095538334979305,0.009491211096726734,0.29308231933484924
167,0.2802900893145239,0.6594327542261187,0.026273098267523193,0.003499193881306187,0.030504864310528006
168,0.17968096405074724,0.7494591566533886,0.04062057229494304,0.003679673437304189,0.02655963356361697
169,0.07553077575697884,0.18315526443790245,0.04215913321511509,0.0006119693273586862,0.6985428572626449
170,0.21225937479614307,0.7042693594556955,0.03221472183634536,0.007360020801894539,0.04389652310992154
171,0.1785467095258311,0.7328186266013298,0.04532893098404189,0.008718110625478856,0.034587622263318366
172,0.214830876647253,0.6316498803072167,0.04141610576150277,0.008463489760783533,0.10363964752324407
173,0.11063296654038084,0.6801372445749972,0.0951877510536096,0.030054782143506903,0.08398725568750537
174,0.10967132997995603,0.5640654262123683,0.190787139383336,0.007622908715347337,0.12785319570899237
175,0.07620884957457115,0.16803918402847035,0.182417090683853,0.012437647605019092,0.5608972281080864
176,0.0187011939612678,0.037802317599543264,0.019398907389841874,0.0036341398232117806,0.9204634412261353
177,0.0024621955204926615,0.008171058165429663,0.0016777976697508752,0.0013677605565123486,0.9863211880878143
178,0.0014547084775044137,0.0033271946400882124,0.0011381884776482019,0.0007730351309040971,0.993306873273855
179,0.0020876973845742096,0.001105593676323356,0.0004452605743757085,0.0005770509641778573,0.9957843974005489
180,0.0017085440188405732,0.0011094317323107868,9.178407714648001e-05,0.00033587280882177087,0.9967543673628805
181,0.0013338227362629201,0.0008343073141136917,8.852250419333424e-05,0.00019153981561683103,0.9975518076298132
182,0.018956853856040855,0.010863621012447132,0.0007471270283762835,0.0007846402310460012,0.9686477578720898
183,0.008915161385491243,0.008592315787994975,0.0011381793967950528,0.0009359955631897106,0.980418347866529
184,0.008316419580601964,0.006816580697833348,0.0003335389738148566,0.0006464367794899197,0.9838870239682598
185,0.03036091685046551,0.014775987420759803,0.0005266073511117454,0.0021391127190810806,0.9521973756585819
186,0.001387321887339978,0.00023169581909686634,2.8946237537371083e-06,0.0001465743840585309,0.998231513285751
187,0.0010836952350451034,0.00014602093845963443,4.746142155366821e-06,0.00021705980458552738,0.9985484778797544
188,0.0036303454587820645,0.0009763011813011358,0.00020911995127697672,0.000831561493315385,0.9943526719153245
189,0.0014611430144783066,0.00033859020964617525,2.098564210592816e-05,0.00033510044996571444,0.9978441806838038
190,0.00125977533367871,0.0002087147942998327,3.0901785373740832e-06,0.0006695779840604226,0.9978588417094237
191,0.07176048826084118,0.002102717159573847,1.69285384249381e-05,0.009874677596138772,0.9162451884450212
192,0.234304238760415,0.007249667137123788,4.457303078933158e-05,0.11586576430783536,0.6425357567638366
193,0.059995091254887764,0.006913082606964606,6.29820425722633e-05,0.0046781379616966075,0.9283507061338788
194,0.33036553565515064,0.16736273741453242,0.0010208838152772123,0.03939720447538694,0.46185363863965273
195,0.14641638020066425,0.10557637201773687,0.0015491482339335108,0.02651988859643137,0.719938210951234
196,0.00701727325919778,0.005554249700262846,0.001776337329649585,0.0107144150184187,0.9749377246924711
197,0.004613850192436544,0.0010035041281529862,5.5448486819602684e-05,0.0019458691274195942,0.9923813280651712
198,0.07509020545675534,0.018284093373419644,0.0002243072184529264,0.007732806100733477,0.8986685878506386
199,0.08396862363814264,0.023962654294711904,0.0016067852095280177,0.003954122890938725,0.8865078139666787
200,0.11664937912344499,0.0190978469549421,0.00040489571780827463,0.005927483849330711,0.8579203943544739
201,0.49615098344842334,0.3191618237702885,0.0007938737141497625,0.05656917828968044,0.127324140777458
202,0.31534874878514885,0.5383449310347386,0.0019233837109258391,0.08180261993370479,0.0625803165354819
203,0.3918054185217832,0.5294604448756733,0.00924996298649648,0.025301602044633498,0.04418257157141346
204,0.1251516356203062,0.70637850977663,0.010133399384332123,0.1186642269027836,0.0396722283159482
205,0.06677969591609305,0.8102448099264513,0.011313195668530597,0.10593645608567424,0.005725842403250918
206,0.114277839626501,0.7506042843234395,0.004202886268393279,0.12137683855031191,0.009538151231354295
207,0.0506239340952288,0.835449239942336,0.015156405954194855,0.07040043754874513,0.028369982459495235
208,0.06287146626962087,0.8520416053168557,0.007869367529195353,0.07187112193902243,0.00534643894530569
209,0.05717007221016571,0.8710604476235448,0.017868218506292808,0.03551060654464079,0.018390655115355974
210,0.08814798694341508,0.8033945976604092,0.017138886144562104,0.08133875242685999,0.00997977682475369
211,0.03223142062791752,0.9095307649364016,0.009408187438878998,0.03856640133291292,0.010263225663888905
212,0.03723204642971278,0.9135848324845178,0.017181695634935622,0.021130104028640465,0.01087132142219332
213,0.07054147051621486,0.8615667130597183,0.035360976697367534,0.018671564186604303,0.013859275540094947
214,0.03613857563261218,0.9178408123831318,0.01776281196690584,0.01837794866016684,0.009879851357183488
215,0.06690158528785713,0.8785129036912248,0.025813901226659376,0.015990262012000125,0.012781347782258526
216,0.07144365115968843,0.8059752138081872,0.08910506598832708,0.0165537469573359,0.01692232208646135
217,0.06286125895297748,0.8153315466337062,0.04782450839558678,0.007301342689282893,0.06668134332844651
218,0.006294419851705545,0.016092073417510643,0.0016910514165235967,0.0007830501855003608,0.9751394051287597
219,0.08263022131902442,0.08202072083926817,0.005266158434903525,0.014862105862286134,0.8152207935445177
220,0.36755025324759316,0.19466763386896518,0.02031076080012064,0.024382584901918657,0.39308876718140234
221,0.22553567403319352,0.4825392518508989,0.02044765369253323,0.020664562832779336,0.25081285759059485
222,0.19628327421491432,0.638157658796472,0.022622302989159432,0.01999156420448759,0.1229451997949666
223,0.1569276048798593,0.6058689103119813,0.02728928103517176,0.054694122352908825,0.15522008142007873
224,0.09208910583633055,0.8432474486506509,0.03236054514172071,0.01573852262873056,0.01656437774256737
225,0.08043737530724898,0.7040311652498765,0.15277337861455112,0.03279091404088126,0.029967166787442084
226,0.06377475793382198,0.7979773483774794,0.08322256625104893,0.036493957267978876,0.018531370169670932
227,0.027345695071748086,0.8509527330348851,0.10439859614344918,0.009941880054234634,0.007361095695683125
228,0.026388523424028663,0.767575566707127,0.19479379986566958,0.006851535106736206,0.004390574896438562
229,0.040195577312492695,0.8521335371021932,0.0795756897245653,0.01970475700467872,0.008390438856069885
230,0.05136965263776579,0.7916289035308046,0.13704544129969268,0.016883813889447173,0.0030721886422896754
231,0.04726365923395352,0.7952410566118894,0.12710012643919316,0.022784847649767,0.007610310065196846
232,0.030069216081356907,0.7373994517489307,0.22416897172524985,0.005247419573414152,0.0031149408710483615
233,0.07120300260268914,0.7879269867652546,0.12360402489698981,0.012447771724320912,0.004818214010745373
234,0.033865142727743075,0.8461340003165446,0.09899565715440807,0.01600399588467284,0.005001203916631346
235,0.03635548076248617,0.7817646382582203,0.16792159395503192,0.010653700224584334,0.0033045867996773334
236,0.021797665605884812,0.79758141098345,0.16521196586159875,0.011394962132616177,0.004013995416450258
237,0.017953734265320112,0.792179171278266,0.16781403228400155,0.018048725385246395,0.004004336787165934
238,0.02143688152810259,0.8024168583449358,0.12757635050869204,0.040059568458672416,0.00851034115959722
239,0.020015082929337156,0.6337072231299371,0.33509483550603864,0.009146908563572522,0.002035949871114454
240,0.02354733701480342,0.6688445199240252,0.289777846824622,0.014356739112486439,0.003473557124063002
241,0.026204728978621146,0.7473858212739739,0.21951680564211204,0.004256509705385178,0.002636134399907668
242,0.02130392744933811,0.8712868544875046,0.10067182738400313,0.004707122839561628,0.0020302678395926264
243,0.018587644790164223,0.862879478360698,0.11189653173966214,0.004349917245106872,0.0022864278643688184
244,0.011865774549380207,0.7518240034801877,0.2305469321937467,0.003756752931445782,0.002006536845239517
245,0.03016058971657224,0.7713574826855558,0.1869079902204128,0.008696908993232902,0.0028770283842261503
246,0.02754926039936372,0.8547652125955935,0.10972893802056997,0.005740836863565491,0.002215752120907198
247,0.02207511907047689,0.7561013140728537,0.21576738158374142,0.004250379084785655,0.0018058061881421291
248,0.021329616536184443,0.8044884224879141,0.1669280594583456,0.004866441939068941,0.002387459578486866
249,0.02195361044804622,0.6896090410763889,0.27584304767106677,0.009063640057037916,0.0035306607474600788
250,0.014799979553198984,0.7364903856506878,0.24064325262922737,0.004873238101512378,0.003193144065373566
251,0.029520684410228735,0.6388482023931836,0.3205987491906004,0.007383560097493172,0.0036488039084940685
252,0.008958747272729821,0.5511349997905413,0.43338503538821593,0.0038401623011733955,0.002681055247339524
253,0.01992049892321317,0.572752801387953,0.40120110942006654,0.003705884392603534,0.0024197058761637213
254,0.01405116034229472,0.5122814306778573,0.47034520764162013,0.0016075606803579833,0.001714640657870078
255,0.04025835277702474,0.5668211510011951,0.3818103085133509,0.0055979742667191,0.0055122134417102805
256,0.02852929752096576,0.4641188666174786,0.4797898020012215,0.01595616615933498,0.011605867700999221
257,0.011814408123276816,0.24681881116651208,0.7272239763504296,0.006476259094573437,0.007666545265207923
258,0.002746972100146988,0.07981239174612259,0.9143051681736432,0.001019900640397331,0.0021155673396900227
259,0.006570412052796229,0.07500187075751155,0.9083870907367896,0.004976946626259856,0.005063679826642836
260,0.007876048268804949,0.11311875443992751,0.8697113891597396,0.003425081847166432,0.005868726284361514
261,0.003580404779548218,0.0638892245082855,0.9269402038397538,0.0027256708324371066,0.002864496039975535
262,0.0057615487012361265,0.10029947714781487,0.8855364857680267,0.0030729890080173697,0.0053294993749050555
263,0.01397992134794093,0.16914964294739626,0.8021875077075102,0.0046513977309024825,0.010031530266250152
264,0.004423343361033125,0.06999758048245197,0.919663041945624,0.0012346294046531158,0.00468140480623786
265,0.004969547491209002,0.09702718316292158,0.8875941397106216,0.002265439743722457,0.008143689891525452
266,0.003646859492123294,0.07177412102461894,0.9156120951495464,0.001703580309755814,0.007263344023955371
267,0.0032510815002225555,0.08362709639163926,0.9057897355139286,0.001529665076357614,0.005802421517851973
268,0.0012097279146909665,0.026569949956487204,0.970535161807024,0.0004692224849010036,0.0012159378368968585
269,0.004142115498664958,0.09345836801306329,0.8961291340875569,0.0018413297429152441,0.004429052657799664
270,0.0032787173651299497,0.06527065262128882,0.9250157254793016,0.0017971890809579925,0.004637715453321547
271,0.002825798438022643,0.06636133295893064,0.9254107502109198,0.001969648859425441,0.0034324695327015375
272,0.002387554552909786,0.05665634748361968,0.9367004683586863,0.0018818543370617896,0.0023737752677226087
273,0.0025264232998586864,0.05610469529393751,0.9358873940226571,0.002734829410450075,0.002746657973096541
274,0.006107433846987744,0.1254459795753052,0.858149208521968,0.00619177576334156,0.004105602292397549
275,0.005848193704020188,0.1317605068198335,0.8520284762438487,0.004149807419808449,0.006213015812489129
276,0.0032705017983529192,0.05687827101911472,0.9347944611868155,0.0018055127419870911,0.003251253253729773
277,0.004101473053779268,0.05315002946456421,0.9381040194928242,0.001361003296869266,0.0032834746919630483
278,0.0028902238728602896,0.04983073145545942,0.9434149590015609,0.0012653837269742797,0.002598701943145166
279,0.006179924687558508,0.09125548836039496,0.8955664160999014,0.0018958362995752445,0.005102334552569767
280,0.002159557224867406,0.02843147537542562,0.966539636603344,0.0006489164781381383,0.0022204143182247716
281,0.003074414181584738,0.04786340950248514,0.9441814191683302,0.0009461921707256544,0.003934564976874245
282,0.0016439958128468132,0.019785453948524524,0.9761059913140546,0.0005846812194716394,0.001879877705102427
283,0.004564348903338062,0.07646054721950071,0.9116643693102273,0.0020650497342411356,0.005245684832692802
284,0.0066652141469646905,0.09686847813676627,0.8839993185770996,0.004439478934548188,0.0080275102046214
285,0.0026301693542435263,0.03990122577531884,0.9520629527681681,0.0012398441409429465,0.0041658079613265935
286,0.002102840011394367,0.040479871524058436,0.9529779860144453,0.001144131570712926,0.0032951708793891176
287,0.0008783622818584513,0.022796735730002505,0.9746717540898353,0.0004701068731420846,0.00118304102516164
288,0.0026867707300501403,0.05034447260782873,0.9422425590058569,0.0017700720985531577,0.0029561255577112114
289,0.01316372373013418,0.3326202830764189,0.6212437279957889,0.011871727794258914,0.021100537403399348
290,0.012671289936636162,0.3099141864687932,0.6473068719386496,0.015690933692429358,0.014416717963491681
291,0.01471301969682709,0.31930703003184646,0.6256323229027627,0.014902239348705675,0.025445388019858243
292,0.007333847077708221,0.1986688851036101,0.7723991960289661,0.006745864254053834,0.01485220753566172
293,0.0011610658704462502,0.0338919950440286,0.9626732527226992,0.0007094193324253837,0.0015642670304004435
294,0.0054262377492273126,0.17021623232401037,0.8104822758597057,0.003969907336904258,0.009905346730152255
295,0.003778312072112412,0.06918261357331726,0.9205512711762255,0.0019514566057321058,0.004536346572612761
296,0.019446237671376744,0.3246759156633817,0.5996879171456888,0.011675386819976019,0.04451454269957673
297,0.007508030888416897,0.16652347075894183,0.8124117379167096,0.0028700937526156154,0.010686666683316174
298,0.006010363864786182,0.1066347872172257,0.8760054918923084,0.002736023468294696,0.00861333355738496
299,0.003365089355504917,0.08555024837621536,0.8986415977690867,0.002459059914757209,0.009984004584435947
300,0.006248395341699215,0.10874365471770184,0.8668260418891439,0.003542589293017271,0.014639318758437915
301,0.003354886536075872,0.04076020076646152,0.9491714949063685,0.0017914968065671972,0.004921920984526701
302,0.0024136819447753634,0.033750839016725376,0.9599674492223965,0.0019394982950295568,0.0019285315210731077
303,0.030528511441166886,0.2528489479394381,0.6978229496213538,0.011278579932982279,0.007521011065059039
304,0.015905966938434872,0.14062410879939696,0.8184165813144706,0.01050122396012215,0.01455211898757538
305,0.04533140661905,0.2742115149098211,0.6518430594900025,0.009767340322974086,0.018846678658152292
306,0.052835611791870976,0.294264361153641,0.6069168993713878,0.03172860769725166,0.014254519985848675
307,0.13923389973119268,0.32577816532755693,0.25738476855357134,0.20524568450779215,0.07235748187988672
308,0.11472022979472518,0.29831280884395667,0.34882880508205455,0.1273651765528539,0.11077297972640955
309,0.23087442729259527,0.21508779010609036,0.35866275429490607,0.15639525053032813,0.03897977777608005
310,0.09217983220614107,0.46338016125106185,0.0800198456001891,0.3160107328346642,0.04840942810794376
311,0.12406498148575067,0.47649920533413526,0.0009835831018243347,0.3568248188988853,0.04162741117940455
312,0.08886035693167152,0.1945561235928987,0.00018975813350220825,0.604113262322411,0.11228049901951659
313,0.21200637482162538,0.08430123545017965,0.00013961461695252169,0.46413676651324853,0.23941600859799406
314,0.13594805425292744,0.18170947848257735,0.0006374538172401657,0.4533012089498413,0.2284038044974138
315,0.11776241618320503,0.13051183483070053,0.0002462184511206284,0.3745805449838475,0.3768989855511264
316,0.0819706868579858,0.10746327860020227,0.0015970929841551851,0.624357314554552,0.18461162700310466
317,0.04282167845859317,0.07501439017079933,0.00017570247131213672,0.527327250015084,0.3546609788842113
318,0.08826464326897833,0.07883309828350249,0.00012781838912612667,0.6958137021882415,0.13696073787015162
319,0.07497667086002618,0.05003483613343991,0.0003144964067781914,0.7513842926636212,0.1232897039361345
320,0.10257292502483129,0.04280147704230383,0.000356342480359785,0.6487778279076649,0.20549142754484
321,0.20608643988744854,0.06079497652765732,0.00036164554561691635,0.6472220441508357,0.08553489388844143
322,0.22518791791383613,0.1597134883334617,0.0005304302301862335,0.5115950589579079,0.10297310456460802
323,0.20007460270734986,0.08376575665057878,0.00014607281949577915,0.6336277342956057,0.08238583352696978
324,0.14349520710458727,0.043580309854669014,0.00012360667115900176,0.7110458995618752,0.10175497680770959
325,0.20283563018411005,0.08406361552218392,0.0001666107512130674,0.5645272781548047,0.14840686538768824
326,0.2292727356348085,0.07010010684058546,0.0007147386083270713,0.43611102781664235,0.2638013910996365
327,0.2032937602262532,0.10033504119201486,0.0002392137631945053,0.6061453395764789,0.08998664524205852
328,0.10799448860240901,0.16516322545327816,0.0008177342827674956,0.520254253920804,0.2057702977407413
329,0.19923497783061095,0.06871637790134878,0.0003012524921853017,0.4725105363413721,0.2592368554344829
330,0.20258364134843515,0.11973680394088215,0.0008342720942304281,0.5681559571605594,0.10868932545589292
331,0.17118615436136786,0.08456514642469287,0.0005260686298810762,0.6389658166910164,0.10475681389304177
332,0.21185968813081887,0.058152779500764744,0.00037813257880326524,0.5733601256651136,0.1562492741244995
333,0.2550644434447199,0.14234196786512038,0.0022092685706780243,0.4862600943455846,0.11412422577389701
334,0.2723841024538652,0.08610598840660728,0.0019949510447002015,0.5468963113586274,0.0926186467362
335,0.25335578984222,0.16004386407174942,0.0005531247828371844,0.5179177576953083,0.06812946360788491
336,0.16024409832707576,0.10385307573053257,0.0008134967452906546,0.6702346505037258,0.06485467869337525
337,0.12366028536251063,0.03571727043658792,0.00016421765863003948,0.7943242318700057,0.04613399467226576
338,0.2262734170934134,0.28408328091175333,0.0007433718186592574,0.4297961203128996,0.05910380986327447
339,0.2452400256181089,0.11172176772710152,0.0002741906179746414,0.6067683702293766,0.03599564580743844
340,0.3491854903826265,0.248032148449077,0.0003038480035968752,0.2753340392193436,0.1271444739453561
341,0.22551609229683398,0.20769846874478276,0.001109636246998903,0.4702904799657432,0.09538532274564122
342,0.12093619553465268,0.12360134753717385,0.0003095419659874501,0.5950086948622222,0.1601442200999639
343,0.16472312274890039,0.23519128215360247,0.0014398990723118437,0.46306950544902126,0.13557619057616405
344,0.24764569412447573,0.10623477348921946,0.00025692096712002794,0.5914305944897053,0.05443201692947962
345,0.22551069275803137,0.2430995578675333,0.0010097710733871182,0.2787854262693545,0.25159455203169373
346,0.3010050677193167,0.19676909225979478,0.007182103360271554,0.2347733822796428,0.26027035438097423
347,0.3147285108774737,0.13464149990408428,0.0009017813976299881,0.1289830693983849,0.42074513842242717
348,0.3332062630077099,0.3403397795987664,0.010407292812571578,0.15900113733002647,0.15704552725092574
349,0.41566954398533335,0.3701063261134932,0.013080142476636861,0.079763663461785,0.12138032396275159
350,0.12867710581255873,0.7287445832134772,0.024960723999285124,0.06811507394877238,0.04950251302590663
351,0.060596709494807825,0.7812992331437747,0.03445914042255777,0.08030971007263324,0.04333520686622631
352,0.11614240020394541,0.5860477831893809,0.11042830131414973,0.05991655303413654,0.12746496225838755
353,0.0875760072338523,0.7399862282785421,0.0661484072655977,0.041390336730653066,0.06489902049135479
354,0.07692243415894987,0.7959909629310833,0.06442209711109219,0.019629268399396216,0.04303523739947837
355,0.0953800872952755,0.8040177939064961,0.05278592179802531,0.013428469018820145,0.0343877279813831
356,0.08636853618631295,0.8453186560591376,0.03311715916189112,0.012340907161253934,0.02285474143140431
357,0.15623726066196567,0.7569188354144492,0.023151978473808777,0.013426015567393623,0.05026590988238281
358,0.13508755426078714,0.7450392022315017,0.06390131915030561,0.02731051818679342,0.02866140617061211
359,0.07272381856303042,0.847094544497694,0.023658410952259328,0.012710158305255124,0.04381306768176128
360,0.06566691559359017,0.8098187662287709,0.09292351945727154,0.021277806909212372,0.010312991811155208
361,0.06509656448067727,0.837581368337637,0.022846131144532843,0.05305869863499301,0.021417237402159995
362,0.066891402759626,0.8291705894768409,0.0822551382866754,0.011986558495532538,0.009696310981325017
363,0.061714471696936495,0.8472874926433286,0.06108415940826089,0.024306175351288695,0.005607700900185327
364,0.0763970794909122,0.8473095321036483,0.025691162192440616,0.03911251110006073,0.011489715112938196
365,0.08083129288181815,0.8507978699508706,0.030725340857510317,0.03257526838088899,0.005070227928912018
366,0.06824151518177773,0.8606041907042957,0.02312795849794662,0.033644583733812065,0.014381751882167752
367,0.06860663641394024,0.8871585501494549,0.016505906130191667,0.022971769025076045,0.004757138281337115
368,0.05215908242042725,0.8987990687822618,0.018708801103206035,0.026377801481688307,0.003955246212416592
369,0.0503197427965708,0.9096921292669501,0.021756752046107823,0.014771992370720088,0.00345938351965119
370,0.0772289086576273,0.8784755887347129,0.019088494009984764,0.021211423599117218,0.0039955849985578145
371,0.03845245179626557,0.9114535503714065,0.04084719857275022,0.0060423938418471945,0.0032044054177303256
372,0.0907997394837086,0.8703717318507006,0.021979476078557287,0.012530045974551065,0.004319006612482342
373,0.06093219615836061,0.8879556556859711,0.03995862231960215,0.0071961031793174295,0.003957422656748645
374,0.1015908638491854,0.8523182374806326,0.02939357293227407,0.00586199320315592,0.0108353325347517
375,0.09683489547646816,0.87608324804141,0.016509782487925253,0.004602338191503197,0.005969735802693058
376,0.05656034620250939,0.8849421216842653,0.0500221315208558,0.0037902243191432765,0.004685176273226133
377,0.06188222024621465,0.8995893590693332,0.026717547332935083,0.003443961121681262,0.00836691222983579
378,0.07038139754588586,0.8733613913706261,0.03904163788634013,0.010541129946637638,0.006674443250510051
379,0.05918627798701429,0.8964670023608031,0.027408426521935765,0.007828333528169043,0.009109959602077914
