epoch,N1,N2,N3,R,W
0,0.0003373236049692798,2.810828198019496e-05,1.6596707109701511e-06,1.7459964744033893e-06,0.9996311624458653
1,3.868558596445337e-05,5.181924183046722e-06,3.7387687326667417e-06,5.980063929947552e-07,0.9999517957147268
2,0.0020905637638325408,5.313574696416165e-05,1.8636491290144523e-06,1.6547986294835677e-06,0.9978527820414448
3,0.00190042408583179,3.873282707399433e-05,1.1585755513683712e-06,2.1050048674903547e-06,0.9980575795066754
4,0.0014558831116240842,8.044872601823533e-05,9.445168202061347e-06,4.6236566747781485e-06,0.9984495993374808
5,0.0029677016803355038,0.000259508576541403,1.6958639042838282e-05,1.085275610942811e-05,0.9967449783479708
6,0.041573741107910754,0.0009317922505919248,0.0003201980305027012,0.00016991994952373545,0.9570043486614709
7,0.042820196083784845,0.000767784184074049,0.00010839438673875172,6.967255688541462e-05,0.956233952788517
8,0.016534052274802567,0.0010821814304919101,1.4760858805770636e-05,8.493880110953016e-05,0.9822840666347902
9,0.0033863212720031716,0.000252444517899358,3.477434484726615e-06,5.5406649588185784e-05,0.9963023501260245
10,0.08660032996800297,0.006621681429477321,8.780242992915064e-05,0.0005321889171021796,0.9061579972554884
11,0.06496508668847131,0.00975786355660029,3.545058297571631e-05,0.0011768082235592114,0.9240647909483934
12,0.17957465098594544,0.040029291392103324,0.001461958160475051,0.007609532496648765,0.7713245669648274
13,0.09663048222360608,0.01662969719557691,0.0001185088856706362,0.007207150708990575,0.8794141609861558
14,0.17098012978568508,0.027764737058985793,0.000986014362214167,0.0035976311050986798,0.7966714876880163
15,0.17818747642621996,0.01867245538025085,0.0037390335219868176,0.003533812067454283,0.7958672226040882
16,0.21321752792101772,0.01819105116521624,0.001377866986406602,0.005074902411926678,0.7621386515154328
17,0.014843035338442868,0.04650241292328044,0.00740794240561851,0.0027528084379926654,0.9284938008946654
18,0.05405353241036132,0.022208857823707937,0.002093439236415645,0.01040866748518419,0.9112355030443309
19,0.0007086212245869396,0.001032344195526275,0.00018938576089787336,0.00037931171252342103,0.9976903371064656
20,0.005961808534732766,0.00263683925326844,4.436703443402153e-05,0.0006217100583471848,0.9907352751192176
21,0.2652380729303873,0.026376352478051025,0.0004770676747367465,0.009206271283857429,0.6987022356329675
22,0.21854831934665175,0.09094665788007589,0.006904210924274783,0.009032996820271793,0.6745678150287259
23,0.3110858328017141,0.4808880019044693,0.008850472254315397,0.05015024251748414,0.1490254505220172
24,0.35438757921144226,0.3672060639438774,0.0158073587788718,0.02854286855152248,0.2340561295142861
25,0.060039401409576545,0.8046723721393195,0.07656000711696305,0.011389261400842395,0.047338957933298405
26,0.06973471933408404,0.7658871955610054,0.09800629087224691,0.013063149612227425,0.05330864462043603
27,0.11015389936994101,0.7790104337997076,0.06061255051491987,0.00893356550178446,0.04128955081364715
28,0.01795180248231026,0.8016879721104405,0.1555958558429003,0.0012582700210945885,0.023506099543254444
29,0.02719301058125869,0.8085368748941243,0.13937745467715582,0.002218148453140682,0.022674511394320335
30,0.014010632422192302,0.8797023054768381,0.09468181768425243,0.0016631466012181012,0.00994209781549906
31,0.006694898308009182,0.7434984254229701,0.2399243375793624,0.0010738675618745174,0.008808471127783702
32,0.008346272830588366,0.7289648984899244,0.24772797635470264,0.0011051036212352291,0.013855748703549456
33,0.01236883360151873,0.910423102251691,0.05117838796657257,0.0006045537594118398,0.02542512242080585
34,0.0058435625671423505,0.6902301785386568,0.28898673999609503,0.00037423680470393994,0.014565282093401995
35,0.13992511859841886,0.646339044932513,0.08241731915123408,0.0008664794921077962,0.13045203782572606
36,0.08289663530588946,0.8138554007765411,0.0781363567673312,0.001621318448935992,0.023490288701302073
37,0.016074578509135996,0.86659075853385,0.10579176264966694,0.001574002513590307,0.009968897793756735
38,0.01398451822815244,0.7065220521879908,0.26459920500719525,0.0004606625588278436,0.014433562017833804
39,0.012305405544486376,0.6571761855470215,0.32295890429467183,0.0005455929458049848,0.007013911668015339
40,0.2809721679648496,0.31059099204570256,0.029754260656554964,0.010800481457656838,0.36788209787523596
41,0.06928795351518027,0.8413708711314668,0.0670676449160726,0.00659667249852034,0.015676857938760027
42,0.08914052736581136,0.8253603512050887,0.07096560088880313,0.005634385970133887,0.008899134570162937
43,0.11512070668884138,0.8236588992085034,0.03359463937251323,0.013633067423705635,0.013992687306436411
44,0.2159884343289524,0.37364712433627983,0.02198039565583419,0.04427156031115453,0.34411248536777905
45,0.14426442207537404,0.6098564869491864,0.020065974659508733,0.03930072433629837,0.1865123919796326
46,0.2873004385164647,0.47431771365568054,0.012405219461024344,0.016981523330580457,0.20899510503624993
47,0.38763746343903993,0.32568768771274914,0.018149996859150454,0.014133760316515882,0.25439109167254453
48,0.3828368471614334,0.35470528706508186,0.011614964666097122,0.04777367809655498,0.20306922301083272
49,0.23890146595768277,0.4002014724809377,0.04401597438104432,0.05319102728229775,0.26369005989803745
50,0.379601014557412,0.4790880793456119,0.011557150318093819,0.014800093626510162,0.11495366215237215
51,0.22315188061427674,0.6431763000835751,0.06283800582081836,0.010709382406621663,0.06012443107470808
52,0.20364293020755914,0.4188561533875447,0.2373205250166587,0.014742300386914195,0.12543809100132328
53,0.27923793650291556,0.45008915724222165,0.055929340888946515,0.016377753947682705,0.19836581141823367
54,0.2869899232118226,0.465389264838712,0.14657643418327176,0.012161544468345997,0.08888283329784782
55,0.06632315099231587,0.8688669255310737,0.03756933064904069,0.00996937050021383,0.017271222327355996
56,0.7323548985727778,0.11253690200231313,0.002243451822216587,0.003945570703660305,0.14891917689903228
57,0.20452267683357842,0.7519318356944608,0.023745811197112655,0.004107657826237828,0.015692018448610207
58,0.044231103737404825,0.8641688060111368,0.07441592615686511,0.005941041394667237,0.011243122699925914
59,0.2748152724054361,0.6165621983807622,0.0235831552288191,0.025037089067708053,0.060002284917274565
60,0.25474828237551006,0.5919520381539815,0.021566329262235583,0.06369141755296899,0.06804193265530396
61,0.053173230768816894,0.8567710491667108,0.04304172850477947,0.010689010291548251,0.0363249812681446
62,0.16970798286344196,0.2948370392068782,0.026020386391964977,0.10833252641687983,0.40110206512083485
63,0.10849498376850492,0.18983799191674544,0.0030557726558117656,0.01203769987522784,0.6865735517837099
64,0.07380934517437145,0.33920466241819214,0.0653960824527782,0.013921574611775126,0.507668335342883
65,0.0012240482113765065,0.0014965879715613931,0.0003170860688602688,6.33527055263327e-05,0.9968989250426755
66,0.0709774772173703,0.002820482849894749,0.0001988869190145024,0.0004236960410050302,0.9255794569727155
67,0.37700844210278117,0.007421000474391381,0.0005461204927211698,0.0008705678707109838,0.6141538690593954
68,0.46372680876822586,0.028671233686563116,0.0003062694122714884,0.0004886970903987478,0.5068069910425408
69,0.3996039004576192,0.11387684215846136,0.00033118160163675203,0.0024871030175206916,0.48370097276476215
70,0.20992242716342155,0.2161876079416276,0.0016599807984732928,0.002503300551004648,0.569726683545473
71,0.1776864476229237,0.13225415177712163,0.0016690387999251481,0.003991094475559444,0.68439926732447
72,0.1851053600600636,0.05410912884321797,0.0003944904440489074,0.00394246944455267,0.7564485512081168
73,0.19495305250620748,0.1679745293281329,0.001741686507136536,0.008455460731844083,0.6268752709266789
74,0.03221047825386873,0.13111735026716273,0.001859024077965913,0.0005489444393214462,0.8342642029616811
75,0.1281714329598297,0.11473928333138626,0.0024220909696504632,0.0023224625985025977,0.7523447301406309
76,0.26380782389699164,0.20933350313270369,0.002088682906586106,0.004856690724449594,0.519913299339269
77,0.18345149535938768,0.3235743565508184,0.001621422912745064,0.004522494673139008,0.48683023050390967
78,0.5474395634352495,0.2100388127247555,0.0023624791085806586,0.008747657879974745,0.23141148685143956
79,0.42490423606007766,0.14874380686352107,0.005520688333768034,0.011965924278184586,0.4088653444644486
80,0.25773240437071127,0.29232890415692325,0.005647570787444588,0.021239012416361815,0.42305210826855905
81,0.5941321502744396,0.17699750854430688,0.004619504402975563,0.012795498490198426,0.21145533828807955
82,0.1733103428487105,0.2410364463706627,0.0041244561575999135,0.1210878534544382,0.46044090116858877
83,0.19950904857746354,0.5963667836895854,0.01429915765851555,0.038149650512266535,0.15167535956216902
84,0.327837905794049,0.32175561176790224,0.006286005566064091,0.19722685405989715,0.14689362281208754
85,0.28384521033740706,0.1689608160138998,0.002440165550019692,0.18451339589450305,0.3602404122041704
86,0.11256165421156356,0.7706374481513194,0.013572876728857913,0.02487477189199364,0.07835324901626547
87,0.25942030560233637,0.37504173993686385,0.006742800488981684,0.13200951677889255,0.22678563719292558
88,0.40296326527304493,0.16929101882067363,0.003387133320828946,0.03762484379696523,0.3867337387884873
89,0.5549747033311978,0.12962474496990184,0.0020822215580671797,0.021004819430678768,0.2923135107101545
90,0.4287231663919434,0.4288267959947933,0.0045329036015700815,0.020324617801411978,0.11759251621028123
91,0.6052369447232937,0.2671716736921454,0.0030376787600027324,0.018342578088511308,0.10621112473604695
92,0.2813058537019065,0.5768177948261324,0.004289218128089519,0.05438739211409167,0.08319974122977997
93,0.2888496371567611,0.5699252072999845,0.003147584205442434,0.04498358976228031,0.0930939815755317
94,0.17226098085944777,0.7718489575357277,0.001594559454302952,0.025150098217761253,0.029145403932760355
95,0.22098103116691617,0.6836759534976206,0.02185045852397373,0.02127702983418686,0.05221552697730263
96,0.3439036009127606,0.4994125170117325,0.013731503484115875,0.06358035625035144,0.07937202234103942
97,0.06418908710208923,0.8510469143155225,0.02098775898410746,0.027746056894042075,0.03603018270423887
98,0.13538160612677638,0.7231713061353674,0.012942944639091122,0.07582784253866384,0.052676300560101294
99,0.1069268739215601,0.8102633136639675,0.01851059469091373,0.03418601371469015,0.030113204008868716
100,0.2029696047834467,0.6851019434402152,0.006918140067739294,0.028853953032693284,0.0761563586759055
101,0.45127116349393326,0.4254608304046838,0.009213427546767414,0.02077878490795641,0.09327579364665912
102,0.05601921982800436,0.9271474549822233,0.0044043552507811645,0.003607710353858468,0.008821259585132845
103,0.3774659421856297,0.5661008757773466,0.004024439955006297,0.009801482559551225,0.042607259522466065
104,0.2581745528252507,0.6860436803022281,0.006736560401475804,0.009020557399415392,0.04002464907163011
105,0.1843587412995341,0.7130565895844412,0.0073758273019648565,0.018285986744155283,0.07692285506990469
106,0.05316696448874346,0.9333731619543189,0.002682343440737024,0.0025578369682243023,0.00821969314797617
107,0.16992325281370232,0.7726081056252065,0.005344617835545802,0.020850294593617435,0.031273729131927726
108,0.18022657887401955,0.5249795789862929,0.006898161614805371,0.029260633023256502,0.25863504750162564
109,0.036538191011743874,0.913508215653479,0.012432380961946108,0.009416029813010181,0.028105182559821185
110,0.1181132623583705,0.734111769281649,0.01924944552881947,0.007317094141644295,0.1212084286895169
111,0.18569531966224845,0.09290868391069763,0.004451556860926773,0.017331783573841922,0.6996126559922852
112,0.006645151911104627,0.07754834522194488,0.0015706802273116683,0.0002219245790663597,0.9140138980605725
113,0.010438023903291243,0.001713341151662821,3.457626172035588e-05,0.0004797390015474717,0.9873343196817782
114,0.5483163663842849,0.009259104040153515,7.448450394516546e-05,0.0037447045836367,0.4386053404879798
115,0.7527644056617862,0.036220981655686546,0.00012140256958529421,0.007389295991247056,0.20350391412169497
116,0.8219011268029921,0.015521969930344713,6.122201711685052e-05,0.0032043166136000775,0.15931136463594628
117,0.16781144451332283,0.049735057788646696,0.0001501212255414981,0.029840770713678955,0.7524626057588101
118,0.08792441210646956,0.12493189669138431,0.0003220140309694267,0.05195607733093344,0.7348655998402432
119,0.1604218959630227,0.2204299975896258,0.0004196486926143661,0.09607240161563976,0.5226560561390974
120,0.09257622069978787,0.26360861377328954,5.833379254967385e-05,0.10273637225390038,0.5410204594804725
121,0.06983459133089427,0.14443621748414553,3.6764628517151995e-05,0.08091524311197217,0.7047771834444709
122,0.15457485837691193,0.2341417724225469,3.319616114235541e-05,0.22866065619849443,0.3825895168409043
123,0.048125350191374136,0.059146935177415795,0.0001827451259650036,0.07513326604336243,0.8174117034618826
124,0.10379157203292225,0.3918405769256964,0.0026111087396816935,0.0802301503218431,0.4215265919798566
125,0.15345916910960408,0.07631732333759624,0.0003674160836627326,0.3632412772068029,0.4066148142623339
126,0.07246413395819574,0.037951902220436054,0.00026628445295048277,0.24739093460741723,0.6419267447610005
127,0.018109062720494985,0.005841511757338683,4.326465058206156e-05,0.04903726965471586,0.9269688912168683
128,0.054132552093895024,0.01993036633072388,7.222804962332529e-05,0.18954201964269227,0.7363228338830655
129,0.1111022585768498,0.016279430735205953,6.144713233902079e-05,0.14785432981887262,0.7247025337367325
130,0.031148057267259742,0.0026345352281713294,4.0863915627090544e-05,0.01901741321580791,0.9471591303731339
131,0.24467531832230474,0.009727908330300785,8.520546250760849e-05,0.13767357434027291,0.607837993544614
132,0.1838547771470806,0.014333018629470623,9.522066457061676e-05,0.23190820581515986,0.5698087777437183
133,0.1556640032579822,0.008529798897094295,7.224880263552531e-05,0.11514855072728535,0.7205853983150027
134,0.4117218548550921,0.024247549704337356,5.835285013948168e-05,0.2510276839431063,0.3129445586473247
135,0.35659510360918306,0.010828459015616201,0.00011605084628335014,0.1384055458068733,0.4940548407220439
136,0.2836317686604764,0.05065280386349634,0.0006025647409623599,0.17835828947075102,0.4867545732643139
137,0.2450248072359637,0.18906551166752786,0.0007181525426279183,0.2521356413222968,0.3130558872315837
138,0.5449207138951672,0.07538346443295685,0.0002784036805663421,0.07191025905426489,0.3075071589370447
139,0.25871488080344685,0.2794200632190793,0.0011266043580136003,0.40591673990751925,0.05482171171194117
140,0.30718391201139994,0.16921982002499905,0.0009041651013333088,0.30865298327741064,0.21403911958485725
141,0.38978107616235785,0.3165444200316682,0.000646187275435316,0.20457207993651716,0.08845623659402142
142,0.19070762268480967,0.5944266646089512,0.0016460103235661414,0.1467002640208713,0.06651943836180173
143,0.3966995103547577,0.3538780326662437,0.0004376480185979596,0.18630234224940073,0.0626824667109998
144,0.13074799190875092,0.7409456590130927,0.0006908474638630512,0.1073104503954319,0.020305051218861298
145,0.11219898758317434,0.776646486874732,0.0011843190176210109,0.085385036983728,0.024585169540744585
146,0.313176438911352,0.4128091314512516,0.0017659972470185027,0.10211975135267655,0.17012868103770126
147,0.04602889560791446,0.8954912127921529,0.0012687476051495444,0.042939937502685245,0.014271206492097918
148,0.058732843326240805,0.8470481685440725,0.0013778927763237376,0.06446576448510738,0.028375330868255628
149,0.09567872118387945,0.8235799655853019,0.0018320615586878248,0.055678415095086344,0.023230836577044552
150,0.11829049186786919,0.7471579731521466,0.0020016340461932827,0.10530576582049646,0.027244135113294446
151,0.21791700531926997,0.6505126844923853,0.003236998398705679,0.09786060369516895,0.030472708094470013
152,0.029697840101653123,0.9513411808468282,0.0014592333224325233,0.015663323295985864,0.0018384224331004688
153,0.025623075354053212,0.9591168147608101,0.002227672710948593,0.011387290333883698,0.0016451468403043939
154,0.011723063092443725,0.9653765944912085,0.0018983470159304639,0.019910026775990155,0.001091968624427302
155,0.016394908044647466,0.959601001824417,0.0020578423448204116,0.018330715880029665,0.0036155319060855893
156,0.037166984154383576,0.9377654162979769,0.0016470538709018165,0.01622666896794449,0.007193876708793185
157,0.062293603070295495,0.896027237192771,0.0013393920252018283,0.032445213806635585,0.007894553905095981
158,0.010425188200829128,0.983624736676839,0.0013433772549821788,0.002335277427825669,0.0022714204395238922
159,0.019039625817994142,0.9691303390218966,0.0015188616351420802,0.006996643977389381,0.0033145295475778443
160,0.04219749693652743,0.9039815558785883,0.004457794879789928,0.0167474446832513,0.03261570762184307
161,0.009812340074651513,0.9579326686860224,0.0024870149835839244,0.006664150431267231,0.023103825824474768
162,0.027884079732697298,0.19393631626963914,0.0016780962253163578,0.004279751102029332,0.7722217566703179
163,0.011228578027134142,0.024669613988711567,0.0005848063395264407,0.001996036308202929,0.9615209653364248
164,0.5086456994577992,0.01276664426694785,0.00022560468230648905,0.004419488696401475,0.47394256289654496
165,0.8150058081663648,0.015385940800260563,0.00034941166596362435,0.0038068717630220005,0.16545196760438896
166,0.7948149084561672,0.009154425619679291,0.00012693145349958085,0.006777496154874347,0.18912623831577974
167,0.5889339053050071,0.06872773129310233,0.0003939597555333979,0.03225087086813631,0.3096935327782208
168,0.34519044199896076,0.09393071720397779,0.0009404841108816949,0.05242651378096497,0.5075118429052149
169,0.29050851514871273,0.10452743537758605,0.0008179716434230236,0.04776722307213995,0.5563788547581382
170,0.17220553044356027,0.356859430411021,0.000657217922835105,0.14002907855261154,0.33024874266997206
171,0.22458209658187542,0.1097515050947624,0.0016701014722181307,0.13883546325900198,0.525160833592142
172,0.1301446147208849,0.2438894477632209,0.0007098942074282234,0.21906100061783684,0.40619504269062906
173,0.012336786532298517,0.009879427275354534,0.00015201054932259433,0.015093560402688536,0.9625382152403359
174,0.13591936607684785,0.04723168301471778,0.00035926793017026354,0.02415654295752537,0.7923331400207387
175,0.08828575498441198,0.016494283335062084,0.00011988210995256653,0.03339213276321716,0.8617079468073562
176,0.10569454707487412,0.03678123961384174,0.00013047748341821327,0.023811340163064233,0.8335823956648017
177,0.00890971711107099,0.0016640147949854248,5.117287128019016e-05,0.00368896065130722,0.9856861345713562
178,0.022804125812093776,0.0028647215781883793,0.000170132732103317,0.002571759430788016,0.9715892604468265
179,0.03411016908561015,0.003513526323335143,7.236906446971652e-05,0.0032434993238463715,0.9590604362027386
180,0.2871511624988578,0.00357292156488839,1.9285957588602724e-05,0.006245707371714568,0.7030109226069506
181,0.7723100245417326,0.00730003622640793,6.2940470968834e-05,0.009853319930662296,0.21047367883022827
182,0.732364221409585,0.025152702790594894,9.97819553950077e-05,0.01091582830221644,0.23146746554220868
183,0.7331777816910586,0.15634186975911765,0.00022525586331077765,0.013629252110364264,0.09662584057614862
184,0.7464363068562851,0.0748516015038479,0.00023533462637647466,0.08912212306022897,0.08935463395326158
185,0.4426344226518937,0.27236254707328056,0.00048298435602802444,0.15361469655927118,0.13090534935952652
186,0.09619677961586168,0.8344197783811799,0.002172274928210842,0.047981103380967914,0.019230063693779616
187,0.3220860062581199,0.23160200020954014,0.0005994519419994795,0.3872981216411177,0.05841441994922289
188,0.28989543731407613,0.3370095500077351,0.001050236339298721,0.2779845460032627,0.09406023033562727
189,0.18348395207028387,0.2526419012868427,0.0006676219108003005,0.5196629694178653,0.04354355531420795
190,0.08784132353265063,0.7434929268300253,0.0009005005630512332,0.16173872313436355,0.006026525939909206
191,0.04084817089100133,0.8510276112357491,0.0014242312726391,0.10094230440852009,0.005757682192090361
192,0.2415421843814306,0.38452756383390974,0.0021236464780536295,0.27432083120725786,0.09748577409934828
193,0.12925680561807731,0.6243177861530683,0.002149397317754909,0.20352376274392156,0.04075224816717803
194,0.10167873774251422,0.6979777686961994,0.001687837168857232,0.16009368220377407,0.03856197418865492
195,0.09792733239482256,0.7753428475699948,0.002850626499596605,0.11415288965552006,0.009726303880065934
196,0.1351151219927722,0.642471316985344,0.0030585324740740804,0.1260099744830517,0.09334505406475802
197,0.09614467220435276,0.5630752074349618,0.0029918732623385414,0.24352130531861904,0.09426694177972803
198,0.08766987286271696,0.7346422482243371,0.002776642200903645,0.11097171971005965,0.06393951700198278
199,0.18385636657930002,0.4256832735023135,0.0021218687828575525,0.30543722424401315,0.08290126689151577
200,0.2023717108900344,0.31219019601984804,0.0015150801004791597,0.2919091886822192,0.19201382430741912
201,0.10626817596543622,0.5966328652283299,0.001708236782864979,0.2514377951639545,0.0439529268594144
202,0.09464685860396292,0.852436811771872,0.0019805582330572028,0.022408544060744395,0.028527227330363232
203,0.28925312047585805,0.5445517597021351,0.0019601770523953598,0.05521418980137471,0.10902075296823664
204,0.09247444757283164,0.8172880972786055,0.003422638792268897,0.038056714323080096,0.04875810203321391
205,0.02851185957134744,0.932666868765561,0.006460886254735472,0.019091614722610926,0.013268770685744911
206,0.047639141172869014,0.9089950756740578,0.005519339274293076,0.016331730001871412,0.02151471387690872
207,0.2565105867932103,0.5946964868412492,0.004655802899505685,0.0823422189698448,0.061794904496190003
208,0.10954459734105795,0.830331493377039,0.005812626288506166,0.03428599977887628,0.02002528321452046
209,0.10910269795644013,0.8144081817036842,0.00803980030930343,0.028877431818098005,0.03957188821247417
210,0.045445485899001756,0.9089626699271939,0.0036974482939631393,0.022314885647032517,0.01957951023280856
211,0.02949016087375809,0.9415046926831503,0.00429284217352467,0.015072824316532007,0.009639479953035063
212,0.20227854510572557,0.6687133216439963,0.006330121668087349,0.04731583630381767,0.07536217527837304
213,0.033127288251087766,0.9434821850741265,0.0037623603165760078,0.011999319266275862,0.007628847091933857
214,0.08883828426585247,0.7965693481291687,0.008689915008952092,0.0462409338327395,0.05966151876328723
215,0.14813934242066268,0.670695428072724,0.005203942050656418,0.08993528123553625,0.0860260062204207
216,0.1570114951750456,0.7689131880114719,0.0031399992775210015,0.03256141946495448,0.03837389807100715
217,0.04797638909786427,0.931410361713769,0.006269724668194646,0.007847772651357107,0.006495751868814818
218,0.1318999306511037,0.8122772106710029,0.007722778470986898,0.01873903077613047,0.029361049430776
219,0.1300753173843556,0.79477220500824,0.008285201508520133,0.04191644315326871,0.024950832945615547
220,0.034426342798199755,0.9386058308995282,0.007762253717812489,0.015254924732656218,0.003950647851803348
221,0.23676103460044692,0.6339734969646574,0.006444480521936611,0.026806691931607934,0.09601429598135115
222,0.0389887178618298,0.9368816406006877,0.0033046873938267895,0.007743493052978591,0.013081461090677104
223,0.04459578121921602,0.9119908413652988,0.0024244336926224656,0.03381636050632518,0.007172583216537518
224,0.1261206605767883,0.8233576851416292,0.0017151979022262918,0.0229906127188798,0.02581584366047638
225,0.04025528127841858,0.9418665358883026,0.002817797931716857,0.004639802488138366,0.010420582413423626
226,0.10217610900726518,0.8783303287983782,0.002158741701583637,0.011359885291657384,0.005974935201115549
227,0.17747274088068365,0.7986864870680502,0.002528886843916053,0.00911840491874089,0.012193480288609143
228,0.04486143692619824,0.9314977427753306,0.009238317461661042,0.004599160399792773,0.00980334243701718
229,0.011868695353868749,0.9164647493932665,0.06694816833872147,0.0022541480231683627,0.00246423889097491
230,0.050687796085018035,0.900202865349953,0.03047764500498753,0.010670093337844846,0.007961600222196706
231,0.1478479002110222,0.6997581454487124,0.031137290082977265,0.018365275430845696,0.1028913888264423
232,0.01813623224244476,0.9515879582067339,0.025436697236850485,0.0028533359681029513,0.0019857763458678594
233,0.03316740238915141,0.8167412587990018,0.14018656925442974,0.005270525515584561,0.004634244041832452
234,0.0993207888141306,0.7862415149909991,0.06530377762854142,0.028061316180422784,0.02107260238590591
235,0.03705037096084502,0.9181303454668929,0.02284472744016501,0.016418125753246894,0.005556430378850117
236,0.0292730697052124,0.9235667303168299,0.02724313387638109,0.01449764930661258,0.005419416794963953
237,0.10989554059389761,0.8199243967040787,0.012166814510979259,0.010180282871770382,0.04783296531927399
238,0.03183232853822635,0.9498771362584663,0.009824453718530114,0.0033093145220847186,0.005156766962692541
239,0.02526821684877002,0.9606110693599524,0.010733637761504152,0.0013971259829479864,0.001989950046825339
240,0.12450102711110317,0.8541847310043623,0.0067440598085925195,0.006850380222883669,0.007719801853058499
241,0.025563565031618038,0.9119184981546644,0.05584723084111753,0.002387961260974051,0.004282744711626053
242,0.004150065895254246,0.9083182674980117,0.08527054910042436,0.0010477940251767453,0.001213323481133009
243,0.061582247544792516,0.9183628947429688,0.008549900254845118,0.003916546426825334,0.007588411030568256
244,0.03233933314124147,0.9181202534385593,0.027362572187893994,0.003796167326537605,0.018381673905767646
245,0.11560716789249204,0.8489506375919635,0.006629879763871765,0.007835034322787551,0.02097728042888517
246,0.005776524669016556,0.9438174461933991,0.04750079690660595,0.001557640861543475,0.0013475913694349145
247,0.0950916727723027,0.7677885683872052,0.0034712789769271463,0.005578046633150916,0.12807043323041395
248,0.0663525743372108,0.8936855134632046,0.012120466067018233,0.00356752196760008,0.024273924164966345
249,0.03627771254296364,0.8993899015403525,0.006260455076200717,0.012417414209152117,0.04565451663133093
250,0.15749244243719515,0.4232741302267608,0.0029251715051386035,0.038236859237069355,0.3780713965938361
251,0.21055808261397804,0.4626143969375213,0.003067349285953303,0.10910945096696469,0.21465072019558254
252,0.07885170007326622,0.8846096454607482,0.004026834098992518,0.016476254355613198,0.01603556601138004
253,0.0032213498917809604,0.0051673546147724,0.0009807510166752668,0.004733601809490632,0.9858969426672807
254,0.057933884543930204,0.005235651685837203,0.00015166405471372116,0.0009693239891870913,0.9357094757263318
255,0.9130287928276711,0.0062245569158435555,8.624144945790696e-05,0.000633909879400974,0.08002649892762624
256,0.8281793377538792,0.0563889381665373,0.0008797010542139391,0.0022456238959031997,0.1123063991294664
257,0.6888865564512462,0.22529283414130896,0.00014460371960150725,0.006373745469703319,0.07930226021814017
258,0.045903051183425185,0.9389272205788903,0.0009354992768192732,0.004634148631666175,0.009600080329199026
259,0.023901677650596236,0.9505685022177749,0.0063783012936810355,0.011339801110925472,0.007811717727022458
260,0.0311347812590414,0.9195232461622971,0.0013676346436363276,0.040788035786465816,0.007186302148559275
261,0.020279450343369962,0.7052918547290853,0.0054173501701876535,0.26320063028242585,0.005810714474931266
262,0.01287282336191396,0.9198620341230995,0.0028361251002124535,0.05740256487540424,0.007026452539370019
263,0.036858753735374165,0.5663368549013805,0.006944534279160238,0.3819639263795751,0.007895930704510026
264,0.023741506308814973,0.19467690694756534,0.00266821122958578,0.7707413471568427,0.008172028357191188
265,0.16245846515643161,0.11284710473434989,0.0006370067719830712,0.5955018894713463,0.12855553386588897
266,0.08838450482630052,0.05115891289334464,5.8823758383785115e-05,0.8390649945089059,0.0213327640130651
267,0.31853543689009406,0.029314912690802285,4.2884610374566636e-05,0.5143014207756235,0.13780534503310554
268,0.29172191215648646,0.01751507166889576,5.80109971440818e-05,0.5533443349692092,0.13736067020826462
269,0.22043071535065187,0.04856072960599101,6.004938235432096e-05,0.635004217904607,0.09594428775639587
270,0.3993894989624685,0.027129865777807866,3.8228586356253686e-05,0.2905340865220675,0.2829083201512998
271,0.45884862267987475,0.012690769905725912,2.417725356631883e-05,0.37081046473591023,0.1576259654249229
272,0.30849581109639806,0.021033665741426393,6.298180811840456e-05,0.4642596050124691,0.2061479363415881
273,0.2834640272697121,0.030780819055331515,6.538487290414737e-05,0.26901376955878703,0.41667599924326515
274,0.11172226564431098,0.029296335185071097,7.18658784562304e-05,0.709013166824927,0.14989636646723462
275,0.058054617588349074,0.01470665330243786,4.63521602929522e-05,0.5282148572122034,0.39897751973671663
276,0.08060858348370724,0.0034715973291351877,1.2473445184468827e-05,0.1255131395651494,0.7903942061768237
277,0.3448330501123181,0.013779737977888474,3.9412204874667905e-05,0.29997591767728643,0.3413718820276324
278,0.387541028847744,0.015670015349432076,9.356253089198318e-05,0.5110414978638274,0.08565389540810456
279,0.3171321716874505,0.02636481462073752,3.3874104321915494e-05,0.09758742185002492,0.5588817177374651
280,0.6074648336374615,0.011196556800691662,3.982562833282976e-05,0.2822018829329415,0.0990969010005724
281,0.14404646995912626,0.0227102922792016,0.00011643910987777294,0.632327414263846,0.20079938438794825
282,0.3486980607154765,0.02215183814711575,5.4469010184680115e-05,0.21770725660837115,0.41138837551885193
283,0.07543829291375946,0.010039050748755848,4.016908464087395e-05,0.8711872498485816,0.043295237404262006
284,0.20816349261671432,0.02087545412510894,3.079747128780267e-05,0.5719263733387675,0.19900388244812153
285,0.18115152930730002,0.02434947270682325,0.00012784152640479937,0.6124520045742188,0.18191915188525312
286,0.13425678300953126,0.012268019127624326,7.894141401996751e-05,0.4880097694495377,0.3653864869992867
287,0.33684171983175665,0.009966182774133595,0.00025337635036155984,0.564792428911158,0.08814629213259016
288,0.07626343567826165,0.016229991497706736,0.00020841582210530036,0.888053025749352,0.01924513125257441
289,0.10511323521980624,0.019620080686041548,0.00015551376541998762,0.8113140748255172,0.06379709550321504
290,0.13262926995846164,0.027978396464691524,0.00017036544543577189,0.5736698637358227,0.26555210439558824
291,0.11803564345860745,0.021634169494823684,0.0002761835524734851,0.8204970840777526,0.03955691941634284
292,0.504750352706219,0.01296058458269955,0.0003945025617648331,0.3126645934059823,0.16922996674333415
293,0.35705274749819493,0.005103176636845379,0.00014862514438334842,0.537427409328398,0.10026804139217835
294,0.1509586383315454,0.020067294079677816,0.0002707640677174146,0.7624139220382465,0.06628938148281277
295,0.15160633397776546,0.025500275499531967,9.807862422805525e-05,0.7776129446022267,0.04518236729624773
296,0.06919490954220636,0.02440199251244856,2.7754573995904463e-05,0.8377838491970356,0.06859149417431352
297,0.07304995372489084,0.01883892776674048,4.9016476991848376e-05,0.8624520260461661,0.045610075985210705
298,0.09387966556524636,0.01842987824468009,3.0205816508977533e-05,0.8148906782402853,0.0727695721332793
299,0.1836064804658899,0.03439305091945195,5.2648618604250826e-05,0.3301861362701513,0.45176168372590253
300,0.023655944071120403,0.015436289761204166,6.826379803757669e-05,0.8349750718731092,0.12586443049652882
301,0.1042583484409971,0.008669270472270528,7.18531902515452e-05,0.48301018439424676,0.4039903435022341
302,0.2891868836031338,0.0029100128711026627,0.00010836150153650555,0.5251064100045935,0.18268833201963366
303,0.06703430364418755,0.004317179381769433,3.968636112332078e-05,0.8675880364885085,0.061020794124411394
304,0.0684953804417587,0.003915250799817622,2.8986259573150937e-05,0.6354512433479061,0.29210913915094444
305,0.028872923308767166,0.0026908490586819117,1.5542461785096532e-05,0.8852537649022104,0.08316692026855546
306,0.020667896632572427,0.005813575625726105,2.8972998463987518e-05,0.9283806782547946,0.04510887648844292
307,0.02420871043152091,0.0022471077826588257,4.019862649934684e-05,0.9308955803266326,0.04260840283268852
308,0.018033458173611586,0.030310131829411193,5.55165799324705e-05,0.852938186499463,0.09866270691758178
309,0.03894848814664774,0.013938388588749644,5.8786691797774325e-06,0.8078942990532709,0.13921294554215186
310,0.13391382435644125,0.012483543982872387,1.2174420754791969e-05,0.5931632074015853,0.26042724983834614
311,0.17086143189895184,0.016885658830968372,2.8615875342786543e-05,0.6860569000696234,0.12616739332511367
312,0.7271396073330164,0.047629001865027824,2.074258326877151e-05,0.0661921997152963,0.15901844850339075
313,0.2535998593227266,0.12979181374340648,0.0025308900803619476,0.5777401002698255,0.03633733658367949
314,0.07009906299529588,0.06951543230941226,0.0007239079099372609,0.7996300590470218,0.0600315377383329
315,0.01708879680806587,0.5478564271246467,0.005112323016069148,0.42077588022201595,0.009166572829202359
316,0.05839143693906626,0.07977321601207782,0.00048789282918064285,0.8344558621240245,0.026891592095650833
317,0.1465528757070364,0.06456221064987211,0.0004610967254896394,0.7529912841350861,0.03543253278251563
318,0.22531054098913963,0.31186866292882726,0.0009327259345987053,0.39987160218209616,0.0620164679653381
319,0.14543606760280828,0.810857714196193,0.0009191058006332968,0.022591275865146965,0.020195836535218403
320,0.7110996679438465,0.2368210465105901,0.001283665975296718,0.032652415298525236,0.01814320427174123
321,0.04822042838777693,0.9351124691981825,0.0030914451068228773,0.012555007505446435,0.0010206498017710593
322,0.03479581252526693,0.949105050937128,0.001351986903556807,0.013147569723892211,0.0015995799101563726
323,0.013061013189434362,0.9692557895318379,0.0024799519955807548,0.013456958719181558,0.0017462865639655033
324,0.009334409990690483,0.9790219844440154,0.003630156215030779,0.006056425919683209,0.001957023430580257
325,0.010066420781596773,0.9792092052499881,0.0020525395880118843,0.0076468427270605915,0.0010249916533425739
326,0.01741594629192064,0.9691807169862511,0.0012578892974841474,0.010320047402283853,0.0018254000220603481
327,0.04057053898658759,0.9326171132368735,0.0025290666968854204,0.01585157983810856,0.008431701241545126
328,0.011204714412125387,0.9848168681984562,0.0006887102824066609,0.0021135898664844934,0.0011761172405271747
329,0.005462643721292883,0.982597858230737,0.007294599375624423,0.004162091073635914,0.000482807598709643
330,0.01669335147478385,0.9737504952675556,0.0006932262686446194,0.007510669959588701,0.0013522570294272906
331,0.037331645520092535,0.9329240159787335,0.0021467231492207765,0.02330828571629631,0.004289329635656947
332,0.007612998573326299,0.9854772546437277,0.003119966792716097,0.0028358092920923077,0.0009539706981375458
333,0.015241578324699339,0.9782364357641433,0.001922597801777498,0.003222417373808813,0.0013769707355711135
334,0.019921831275947013,0.9726383457512403,0.0029427617650753107,0.0031299005358547114,0.00136716067188277
335,0.00613197493001214,0.9855003986180148,0.006560248560604403,0.00024319814214681688,0.001564179749221747
336,0.008625179039820846,0.9818484562912557,0.007226455744849628,0.0010623447914274021,0.001237564132646119
337,0.023623603754934577,0.9602130512310906,0.010028792085994602,0.004275428886773914,0.0018591240412062576
338,0.03063566502994422,0.9531351332802352,0.004726102071969988,0.008475185084279668,0.003027914533570953
339,0.0067730848327456385,0.9639147527012968,0.02021509316131093,0.008093396542185464,0.0010036727624609697
340,0.024237947951002894,0.9238603631692441,0.031137253667274847,0.009889310118483676,0.01087512509399444
341,0.03385710590124854,0.8530707417516974,0.04937777734028127,0.0012024296992964065,0.062491945307476295
342,0.3110065961010301,0.5563657043611365,0.005536521574277282,0.007347115716675313,0.11974406224688085
343,0.13799594516415575,0.8029960304891357,0.00384580069659713,0.005791666756967082,0.04937055689314434
344,0.09398401051375942,0.8647598881976674,0.009981017596003094,0.002508679693196612,0.028766403999373646
345,0.03469972159661739,0.9519408982240867,0.0029174509748196,0.005735635371933553,0.004706293832542951
346,0.04467188976926357,0.930043308655974,0.005297730398724987,0.00996535436102123,0.010021716815016181
347,0.05859473951362022,0.8552195435135217,0.0639981114248268,0.011924654014436096,0.010262951533595238
348,0.04262368876694051,0.8899508218657292,0.04547777246010454,0.01596755810114463,0.005980158806081297
349,0.030962447444723783,0.8815385593994058,0.0740843569497242,0.004429817549621874,0.008984818656524292
350,0.047402934589006455,0.8427222450081393,0.09674771037978862,0.008320743036627573,0.0048063669864382985
351,0.04961293391334235,0.8451689014179362,0.07825638914579515,0.019047461360361503,0.007914314162564823
352,0.010685655472489437,0.6560608302688199,0.326781808491613,0.0006501667117898831,0.0058215390552877585
353,0.0033224099365448674,0.705868769175205,0.28769830319274103,0.0008084221299276742,0.0023020955655815036
354,0.009747079618312976,0.7888137001064015,0.19555031305468265,0.0015120429424944786,0.0043768642781083535
355,0.0032648057632197938,0.6146068482305275,0.37923417951417865,0.0005851660259110306,0.002309000466163056
356,0.003714429788550765,0.7214428432326324,0.2703091804083714,0.002276346938149612,0.0022571996322956816
357,0.006506617440173561,0.6743514297091493,0.31066376881575125,0.0009799940673983637,0.0074981899675275665
358,0.014889981866857147,0.7655595454909649,0.20787088045500912,0.0028508339320551562,0.008828758255113594
359,0.003969792632332122,0.7545571057940228,0.238665588199485,0.0007919790791542122,0.0020155342950057215
360,0.012751569966299708,0.7232074222694411,0.25669533760950786,0.002009283767485066,0.005336386387266397
361,0.013402534138818038,0.8521575566996089,0.12630041894654487,0.0009495158715662302,0.007189974343461882
362,0.0032537489792029838,0.7437907973853636,0.24901745234946246,0.0005736648575918206,0.003364336428379049
363,0.0038903094809810143,0.7211803281127347,0.2714953400887886,0.0008452623521471045,0.0025887599653486634
364,0.007967104272989155,0.6203524310591277,0.36359734676584654,0.0019444721196278003,0.006138645782408716
365,0.012641060355728694,0.7881753443012398,0.1887718213493877,0.0025843772659837937,0.007827396727659955
366,0.008626842120264855,0.8054866398906092,0.1746062191846737,0.004795168577746817,0.006485130226705447
367,0.02742076635725293,0.7320061754796454,0.21006813462848703,0.00805010108279745,0.02245482245181714
368,0.018268331097779766,0.8239671801802138,0.14461365475567717,0.0030418252605851114,0.010109008705744283
369,0.018039880299468167,0.5886414518309155,0.37688374737787694,0.0046768607260180665,0.011758059765721291
370,0.020512962913841002,0.7257611701092997,0.1920260967433745,0.002324226055070063,0.05937554417841477
371,0.025888913478780626,0.5750378946678985,0.37081125474499055,0.009363248844255304,0.018898688264075023
372,0.014531899884838273,0.6660551950821683,0.3075330389681224,0.004168420601048412,0.007711445463822456
373,0.006489416374037141,0.7612111310396025,0.22431311157507225,0.0032600527999224866,0.004726288211365798
374,0.018281426529031808,0.3431404053383903,0.6121661279464091,0.0063752127090637885,0.020036827477104936
375,0.016503393408892945,0.498109635878757,0.4707710940267961,0.0026343623442982964,0.01198151434125552
376,0.02301921429248226,0.6967335442935007,0.2714509517666186,0.0028896402732862076,0.005906649374112345
377,0.017409675777099676,0.3600214407616646,0.5974440765248552,0.006118734432527969,0.0190060725038527
378,0.005587581814808759,0.5965103750855739,0.38838467329690585,0.004668821073957267,0.0048485487287542525
