epoch,N1,N2,N3,R,W
0,0.0039004259864876315,0.0008079177308942218,5.1062616086724016e-05,0.0002714478676954147,0.9949691457988361
1,0.0016074275589057587,0.0006262399736114312,0.00017450343585388947,0.0018173651292946898,0.9957744639023343
2,0.006746335226519385,0.006938726729517779,0.0008001741367616118,0.0004155434311720637,0.9850992204760292
3,0.035060897508577264,0.018302864251059772,0.0001333013545262459,0.0016114813539728737,0.9448914555318639
4,0.019546132955949695,0.004310607663639021,3.064424223416674e-05,0.001005854950039292,0.9751067601881379
5,0.03901756683032025,0.016178295122554826,8.298550328972156e-05,0.0035354736381747135,0.9411856789056604
6,0.06590429017371909,0.018246986598711774,0.00042734211053375716,0.0010435584977301336,0.9143778226193053
7,0.19223326254485873,0.0482946022013206,0.00023759076955421243,0.004731856051411401,0.754502688432855
8,0.07310063320225704,0.010894359014630069,9.411162159528715e-05,0.002052991299127604,0.91385790486239
9,0.10807488508843963,0.023293323539018678,9.497206642565298e-05,0.005551856562074267,0.8629849627440418
10,0.05841869616368617,0.00574783480270094,1.8125683932808137e-05,0.00214311898791069,0.9336722243617693
11,0.10681547441106053,0.012506834283894359,3.981255199981256e-05,0.002369081224502976,0.8782687975285423
12,0.011745994411128257,0.0017281893141304057,1.3438682925896852e-05,0.0006228257945654187,0.9858895517972501
13,0.012536186490481743,0.0026153429398097314,1.667612142672271e-05,0.0004059870420030903,0.9844258074062787
14,0.009650077348648542,0.0018057056521377532,6.902035198301881e-06,0.0007822942918896197,0.9877550206721257
15,0.01382266469244277,0.0016352226574826492,9.938102750837131e-06,0.0009890229399021572,0.9835431516074216
16,0.017794109020962286,0.0017392721006805432,8.798091593948788e-06,0.002298901012386944,0.9781589197743762
17,0.04068404400369905,0.0021801274072909367,1.5230538796640374e-05,0.002668542269050369,0.9544520557811631
18,0.012551878574215579,0.00219723754590083,6.555469115998694e-06,0.0011798440346291583,0.9840644843761386
19,0.05445620136424684,0.004305447532239291,3.1296693378395883e-06,0.001059306415340566,0.9401759150188356
20,0.009358239255492761,0.0005852314974588444,2.1244307111544493e-06,0.0004197073550629886,0.9896346974612742
21,0.0023708736264346233,0.00036686405220937685,6.684911567455595e-05,0.0006348928484902888,0.9965605203571912
22,0.013550310235532754,0.005246089752527873,2.0834098292690845e-05,0.0005708728351977896,0.9806118930784489
23,0.0071686930091093845,0.0008732275994108145,3.0674328076466145e-05,0.0003151920567255455,0.9916122130066778
24,0.028834109071518364,0.005662684693162406,7.695927579134524e-05,0.0015378015205685205,0.9638884454389594
25,0.009459364955672078,0.0027798583324834523,7.212718587410166e-05,0.0008341947922632518,0.9868544547337071
26,0.06590126129752638,0.006180474016792538,4.189279282382123e-05,0.0007813765157465691,0.9270949953771106
27,0.1371742495271597,0.008196894235742349,4.715459633079632e-05,0.0008803500851438541,0.8537013515556234
28,0.0500852901967375,0.0038153913167722603,2.7383035567948603e-05,0.0007882072630950108,0.9452837281878272
29,0.015365469897979798,0.002744436102449011,1.9569962893178018e-05,0.0003185820450082939,0.9815519419916697
30,0.05432997821285496,0.033562179098085065,0.0001284340586151853,0.001531105651626095,0.9104483029788186
31,0.0400302302226643,0.004620372047332829,3.265087791134045e-05,0.0007188100282805494,0.9545979368238109
32,0.0872285431347114,0.03413631624747476,0.00024100064483361262,0.0026486677671611943,0.875745472205819
33,0.05684262772947918,0.004061230975932339,1.679462948140403e-05,0.0019863873658458593,0.9370929592992612
34,0.1382501178774318,0.03240203241070355,0.0003535102927991583,0.004798875745835843,0.8241954636732296
35,0.3675927153055621,0.06465512575553944,0.00028337954028177353,0.024360213368103796,0.5431085660305128
36,0.5502432236600576,0.13020266716003223,0.00043405336306041425,0.012913709606651369,0.3062063462101985
37,0.2391751014063827,0.07386885592142542,0.0012101462692596862,0.015330505489788001,0.6704153909131442
38,0.13159998012693,0.04678733325405913,0.00021826638492929105,0.007308841102881982,0.8140855791311996
39,0.42236470428192396,0.28197792776888714,0.0005386804630576763,0.04759168519109672,0.2475270022950345
40,0.2944139294232344,0.12169419515235201,0.0008117068717006919,0.011409250953909158,0.5716709175988037
41,0.5039263448810719,0.14380111027216042,0.0002461789873103332,0.11086196645233622,0.2411643994071212
42,0.4566427784735383,0.3874992464659761,0.0018635414978419903,0.04468243511380043,0.10931199844884328
43,0.24295361767172444,0.26831246939799136,0.0015355796705178411,0.03666502088427687,0.4505333123754896
44,0.3420765306120366,0.2962079669723772,0.0012524363520860615,0.016738849276340007,0.3437242167871602
45,0.18025585049104415,0.028714429271876087,8.144956119333994e-05,0.0094658527920178,0.7814824178838685
46,0.06393081651950806,0.007671640780167724,5.5210229293681334e-05,0.0024647723323841177,0.9258775601386464
47,0.15795246283776052,0.09199529933548187,0.0029720431563634918,0.002229509040794791,0.7448506856295993
48,0.08295482740730223,0.013050519946374208,1.8854602253785606e-05,0.0012713130745798486,0.9027044849694901
49,0.04310958760640864,0.013844182613446152,0.00011333038717849536,0.00040039002101884767,0.9425325093719479
50,0.14158392213723503,0.051544468426723375,0.0002262880343842516,0.0012055465269290972,0.8054397748747283
51,0.03475551505952647,0.010098787940481238,0.00024682277952722554,0.0008490008004065273,0.9540498734200586
52,0.07792843850776765,0.03479697243411356,0.00037296036557375934,0.0016230114988719717,0.8852786171936731
53,0.13408748611577467,0.04187499809366975,0.0011405986776836419,0.0029287214562512204,0.8199681956566208
54,0.08391566254254577,0.0270531015743694,0.0004146651961394857,0.003075288507446188,0.8855412821794992
55,0.10882687215810609,0.029270379433188685,0.0003142647548472645,0.0028365033479920655,0.8587519803058659
56,0.0482553382737772,0.030889282834719076,0.0013389344569957767,0.0015080817242110905,0.9180083627102968
57,0.08373688782750908,0.0058126001530214196,2.4990637327742396e-05,0.004613928601310242,0.9058115927808316
58,0.0634719911950832,0.02171550153559375,0.0001114289611257831,0.002159408322584583,0.9125416699856127
59,0.15532064161769762,0.010095196441926555,2.5414017028585564e-05,0.00263714169214082,0.8319216062312064
60,0.23932694755204562,0.014509114334271598,2.0746931421861633e-05,0.003102677799181997,0.7430405133830789
61,0.04640099639898253,0.004914241928469817,8.204686378409707e-06,0.0006109457655543896,0.948065611220615
62,0.07969576845634763,0.006083529789736777,3.1424607766535486e-05,0.0009954953677416565,0.9131937817784074
63,0.09898584767139268,0.021178214410908884,0.00014929141234238963,0.0029985103624355597,0.8766881361429204
64,0.09114636395828421,0.02534447155028979,0.0003695477228946005,0.0035240592287917364,0.8796155575397396
65,0.06496894434854078,0.004371348715123136,0.0001060228920626383,0.0020204129508936846,0.9285332710933798
66,0.5596836250363469,0.04165720665257323,0.00020400592619662801,0.06989253493751188,0.3285626274473712
67,0.15163623696457615,0.027053508658419347,0.0003351771975841486,0.005206549330259764,0.8157685278491607
68,0.16448823587033728,0.0389458984581248,0.0014346122930975094,0.0024445715735257533,0.7926866818049145
69,0.32658669056071604,0.04129010662300988,0.00019426616566965552,0.004282695880240858,0.6276462407703636
70,0.15745847199292126,0.02373188835457923,7.481420383489207e-05,0.0025704558468230905,0.8161643696018415
71,0.04298346909269088,0.00860790279030149,0.00018070552568323243,0.0008024934037195956,0.9474254291876048
72,0.039314127125945265,0.01753392865400408,0.0006394580776272095,0.0007416735847190345,0.9417708125577045
73,0.036827781029709704,0.022138142226708235,0.0003583536539497814,0.000878919734683887,0.9397968033549484
74,0.01989430055664082,0.01020999971008637,0.00024593951291053363,0.00043184505764524864,0.969217915162717
75,0.01652729038961204,0.003878220009472446,0.00010539026203057377,0.0004850633561910472,0.979004035982694
76,0.03679469581683273,0.03029145182072709,0.0009693325061623202,0.0011691710429568745,0.930775348813321
77,0.04771654911591341,0.016018667443722594,0.0003410504188611626,0.00217127098376819,0.9337524620377347
78,0.09338924136776867,0.060467731130310266,0.0008047067502619348,0.004429376684729525,0.8409089440669296
79,0.016054056371388514,0.004025551098306176,0.00018585165703038085,0.0005341512198022123,0.9792003896534728
80,0.06419990553923662,0.007774292032680929,0.00016218144377140893,0.0011087813657850553,0.9267548396185259
81,0.11330273066727649,0.05536042094561716,0.00034528320160653463,0.0019226681938309675,0.8290688969916689
82,0.07267915034156884,0.04211348527286571,0.0012422493981663002,0.001459938340164121,0.8825051766472352
83,0.0540967000225446,0.0067144319943396105,5.002869581563157e-05,0.0011468647723771289,0.9379919745149229
84,0.011461741401909606,0.003758563654315985,0.0001252419712811038,0.000412360041380118,0.9842420929311132
85,0.008468245859490157,0.0013898575548034614,2.811520976942397e-05,0.00041756458655124935,0.9896962167893858
86,0.3090472334689619,0.026908537681338874,0.00015222745952731936,0.0034631136636587494,0.6604288877265132
87,0.05708203233233774,0.01230756329553244,1.8537751408713878e-13,0.0019728611196456304,0.928637543252299
88,0.1911815194739396,0.11584923434586131,0.0006277349187185985,0.009091283400436,0.6832502278610445
89,0.05760834276792373,0.013889755480125724,0.00017845743356863635,0.0021601155544543906,0.9261633287639275
90,0.09828767404227927,0.02711036696099624,5.3171040039014384e-05,0.005080933589908329,0.8694678543667771
91,0.1443960833279048,0.03710579852350498,0.00017233131437944144,0.005252420414869714,0.8130733664193411
92,0.07824518371563696,0.020097873077928853,0.0003795239473031879,0.0025520683889478585,0.8987253508701831
93,0.1951634259335228,0.08827973190769586,0.00026090056928638957,0.006828180438163166,0.7094677611513318
94,0.06847637616777486,0.03252849069149822,0.0005161511185409649,0.003303861115251216,0.8951751209069347
95,0.04628493468849702,0.005250484641678871,2.511364634565863e-05,0.0024746928466169386,0.9459647741768614
96,0.10354834132711238,0.07857569866394534,0.0006758696644975346,0.005545326494201709,0.8116547638502432
97,0.06707773876404712,0.018158709119220712,0.00018258447891569826,0.003720618134648013,0.9108603495031684
98,0.1708804200966923,0.026401909406185548,5.013289821207037e-05,0.006073892549577791,0.7965936450493324
99,0.1141021475778832,0.012428312530593826,0.00020223145872626353,0.003648944872180204,0.8696183635606165
100,0.19586200197557005,0.0902985904545087,0.00299267262697866,0.0030594604947264954,0.7077872744482161
101,0.19635346876928267,0.07824474317082676,0.00038864659426228704,0.0042442144871316445,0.7207689269784966
102,0.1612400741370926,0.1732248010343518,0.0006617905023361285,0.005029579763408403,0.6598437545628112
103,0.02661498514206144,0.008001168073640586,6.151932676577418e-05,0.0023923240902822647,0.96293000336725
104,0.13127371957755382,0.0313307114813627,0.0004483888889516822,0.007338281938464584,0.8296088981136671
105,0.01166878233293046,0.002774747028202623,7.291187011865235e-05,0.0012242869130288637,0.9842592718557195
106,0.034570377604206094,0.003690809155058104,8.811697149989761e-05,0.0011330907777821855,0.9605176054914536
107,0.07018004653534089,0.01966110995389683,0.0004237149116136193,0.002722238000190694,0.9070128905989578
108,0.20268939040533338,0.10816796592739326,0.0007623173328707684,0.0074068294483488175,0.6809734968860538
109,0.1781313395660555,0.1335801060103701,0.005192133789211019,0.00743753849151054,0.6756588821428529
110,0.5333295218784884,0.21960602711418553,0.0009646289499155077,0.09957085733174231,0.14652896472566826
111,0.34110664210729225,0.32623248889671763,0.0061829269456876584,0.08602452020222233,0.2404534218480802
112,0.2975187555168474,0.38956859208625844,0.0016861728503105647,0.24719260179122196,0.06403387775536169
113,0.2661886166360051,0.24164657820420782,0.0009025121352369521,0.35733421597666587,0.1339280770478843
114,0.18464974872948012,0.35767755554102465,0.0053692711412852865,0.32691976235435927,0.1253836622338507
115,0.13715627458906687,0.2975074079406404,0.0011492196324987087,0.5062039438528809,0.057983153984913056
116,0.15363792006607635,0.2789655164436771,0.0007597364770951213,0.5219751270775621,0.044661699935589355
117,0.1345070306878027,0.5681026978714145,0.005314032913171756,0.27533382105416976,0.016742417473441167
118,0.1301758874426867,0.7804941187907971,0.008461039689040101,0.06908835547544419,0.011780598602032073
119,0.10531257272306101,0.7544006897062345,0.0706393658352554,0.05605056568640717,0.013596806049041715
120,0.09138451028756965,0.7954888096001141,0.020401939089782044,0.08206336078913763,0.010661380233396493
121,0.08329853744399263,0.6882750043002264,0.21341556823689345,0.006998789531109371,0.008012100487778286
122,0.02055040397349266,0.9398091578011781,0.03142736805137005,0.003938012319230462,0.004275057854728696
123,0.02047612747762002,0.863373261850236,0.10563734706830967,0.002517279985752926,0.007995983618081291
124,0.012958930328463052,0.8474230245280255,0.13348395610886107,0.0017410007607653686,0.004393088273884938
125,0.02354174316518863,0.9209595108423084,0.04895061404338155,0.001344701486209383,0.005203430462912142
126,0.022988559778226017,0.8761258663443513,0.09185399667749493,0.001734649761047969,0.007296927438879726
127,0.01677364343350712,0.7261686148188407,0.2506972657632082,0.0014754319073179028,0.00488504407712586
128,0.0248629718827291,0.6862187748400077,0.27832673858215234,0.0009500786312809018,0.009641436063829991
129,0.01904760129650893,0.7690189694931469,0.20543058419394797,0.0014905370646823598,0.005012307951713943
130,0.025230472032355074,0.8225196203188239,0.1341115644506113,0.0067534081820826925,0.011384935016126975
131,0.03250360712367334,0.5441852765292887,0.40917213087397836,0.0029442814425923646,0.011194704030467075
132,0.017622498010492198,0.6752517259949806,0.29779061411690305,0.003523835420755688,0.005811326456868508
133,0.01760193107629484,0.7241380065680111,0.2480729758623772,0.0021222955846636627,0.008064790908653122
134,0.020431531825017404,0.6226532291381507,0.3494821344389595,0.0018208578827210986,0.0056122467151512884
135,0.021298882084733788,0.7152986100310662,0.25493292523008393,0.002576057743807877,0.00589352491030828
136,0.03823239923344917,0.7198747978635708,0.23231524010252141,0.003927375200144898,0.005650187600313663
137,0.01774001836536702,0.5694799353700662,0.40549916859415647,0.0038210385489433453,0.0034598391214669807
138,0.011474833570273292,0.5257855852540765,0.4543299061089554,0.00200484302623625,0.006404832040458535
139,0.018685969843545275,0.5141163357494138,0.4533809534021957,0.002695919429177694,0.011120821575667442
140,0.0060000513438830325,0.4676188799051833,0.5235530626838384,0.0006602149267157989,0.0021677911403796125
141,0.007903682651630734,0.313746343350337,0.6739128771415098,0.000709412038160363,0.003727684818362117
142,0.0033835177081661177,0.23898562193631553,0.7563916392879214,8.949628375221754e-05,0.0011497247838447454
143,0.0015789906084567513,0.21069135997012156,0.7858676007861094,6.823273512296981e-05,0.001793815900189619
144,0.006339161770229807,0.12757424593674485,0.8644116016083823,0.00017633693385378627,0.0014986537507892847
145,0.002077371198608162,0.10961990669022374,0.8864150727977105,0.00012944859451315786,0.0017582007189444458
146,0.003287270360696463,0.1582636029148859,0.8370682228915126,8.328288700870964e-05,0.0012976209458962942
147,0.0019850319678658556,0.09666370345682905,0.8973448264004998,0.000201044094432007,0.0038053940803734346
148,0.0062253689135461305,0.5068532829800393,0.48347559715782107,0.00021639483906070702,0.003229356109532783
149,0.004517947778408989,0.33400460155628864,0.6575087455029217,0.00015883213581312507,0.0038098730265674363
150,0.0020510519592458866,0.18660156202701997,0.8088937326658835,0.0001121689439433586,0.002341484403907195
151,0.002123816372548426,0.10343218946255768,0.8935903497505328,2.6762842956415196e-05,0.0008268815714046658
152,0.0021625793244748723,0.09166796836255894,0.9048491142108352,4.971801547656163e-05,0.0012706200866543812
153,0.002349923736659138,0.09397728995226604,0.9022694844306374,4.092639355935869e-05,0.0013623754868783374
154,0.0006540920090154803,0.05227089034512404,0.946237381743351,2.1955399460101013e-05,0.0008156805030493606
155,0.0006712709073656863,0.05182429071553145,0.9461443051464882,2.7512114167547598e-05,0.00133262111644703
156,0.00021688929646015967,0.01548981795408186,0.9835686751807016,1.3085096144154593e-05,0.0007115324726123099
157,0.0003207285895139265,0.01649983671541329,0.9821518679389523,1.2529042560111581e-05,0.001015037713560279
158,0.00022007790479944527,0.010809336387958616,0.9883932838310916,9.167668106466444e-06,0.0005681342080437816
159,0.00023576412590428173,0.007284580698535373,0.9920051912485228,7.717994055173029e-06,0.00046674593298245623
160,0.0001433922821634132,0.007283752041800379,0.9921463258388454,1.2273181659883319e-05,0.00041425665553094376
161,0.00016670008732099618,0.00392988426607743,0.9954981439914522,3.950213375309062e-06,0.00040132144177404606
162,0.00016383778709703245,0.00583711664931075,0.9934018469238184,5.674062358833397e-06,0.0005915245774149449
163,0.00013125279342163308,0.0019376320938929307,0.9974488849069649,4.120471897036568e-06,0.0004781097338233818
164,0.00013217354643293324,0.0038820953653821632,0.9955699040872948,3.061749962081928e-06,0.00041276525092787174
165,9.860146464240201e-05,0.002075760217332769,0.9974228874531128,3.2997166954354923e-06,0.000399451148216489
166,0.00016367679651583915,0.002236872697488697,0.9965210461599358,1.27331504765603e-05,0.0010656711955831597
167,9.81087848201553e-05,0.0023947772722759516,0.9968072353823627,3.983058054857283e-06,0.0006958955024862472
168,0.00011141717839368397,0.0019115183120996847,0.9973343927099828,5.565461822522553e-06,0.0006371063377010954
169,0.00010559815442297908,0.0016205579835632965,0.99756504968636,6.0239876962726935e-06,0.0007027701879575819
170,9.120363627032874e-05,0.002173356594002858,0.9972164973854629,5.76611098104521e-06,0.0005131762732828939
171,9.779631091467822e-05,0.002824606796811983,0.9962005112404136,6.762445553891127e-06,0.0008703232063057982
172,0.0001744191663064557,0.0031553718556791527,0.9959150873564002,6.537151227630362e-06,0.0007485844703864559
173,0.0003039856658930742,0.00599842933643702,0.9929821718501832,3.3327636270736236e-06,0.0007120803838595284
174,7.973046389516036e-05,0.0018738412049041319,0.9976869072828142,2.6529138299652988e-06,0.00035686813455673174
175,7.51467713050424e-05,0.0015079325413066202,0.998127301363522,2.8032202147053328e-06,0.0002868161036517855
176,8.843785783403671e-05,0.0017339931451021374,0.9977714681245093,3.954428552396354e-06,0.0004021464440019036
177,6.0954150498589034e-05,0.00248651190078453,0.9972237553740884,2.454568901605245e-06,0.0002263240057270676
178,0.00013057936319334795,0.003542133860918109,0.9956771208865552,1.2067379923892901e-05,0.0006380985094093019
179,9.945018152250973e-05,0.00361177403718152,0.9958070311583969,5.1078595139268334e-06,0.0004766367633851192
180,0.00013380650759535186,0.0020661732090671544,0.9972055662055621,5.951648027407861e-06,0.0005885024297480712
181,0.000169755872286148,0.0023613806535038827,0.9964534483462453,8.155369923613404e-06,0.001007259758041033
182,0.00018460307591160256,0.0035104343995746956,0.9946535123763349,9.861782637037747e-06,0.0016415883655418661
183,0.0002730101617957349,0.005354847838356024,0.9915388915468903,3.110436230032616e-05,0.002802146090657537
184,0.00022348611732630712,0.0048477438451281045,0.9927916526873669,2.2081174685190044e-05,0.002115036175493416
185,0.00030384284819943985,0.00452941838772942,0.9928062736278956,2.1081036357370148e-05,0.0023393840998180335
186,0.0002621599478007072,0.0025960089049923392,0.9953869255770482,3.096997976858985e-05,0.0017239355903900099
187,0.0002549609959292827,0.003650407125901797,0.9937957767599231,6.90438523136324e-05,0.0022298112659320793
188,0.0034111160441883492,0.03556094739338562,0.9402076553905527,0.0007061306539249597,0.020114150517948376
189,0.07415393847117002,0.09294792264125093,0.03731161276732683,0.010548738874519722,0.7850377872457325
190,0.19140174944835614,0.05957619435066334,0.008136945805029345,0.004472404876739329,0.7364127055192119
191,0.568973446406674,0.26102245689720655,0.09758861422229147,0.0005495339141877817,0.07186594855964021
192,0.21151362269056206,0.38936559419473876,0.220191083664375,0.0005358002924522379,0.1783938991578719
193,0.06906752338313019,0.3094635544230263,0.5820331044191859,0.00020124365882724177,0.039234574115830465
194,0.009199484332347033,0.17863507615731514,0.8016058334966133,0.000557772817471206,0.010001833196253146
195,0.008139647259644913,0.24818768014070167,0.7342423643653367,0.0004270153854233513,0.009003292848893382
196,0.007390917105061181,0.4178658523126696,0.5654053072317383,0.0005214178633191329,0.008816505487211818
197,0.006087387299511457,0.252459792821598,0.7303772883789775,0.0008731156509227564,0.010202415848990426
198,0.007654262453437366,0.285665103646755,0.702838005161226,0.00036914140929825395,0.003473487329283387
199,0.0021126900735873697,0.16603523346600707,0.8302116282530404,0.00013348928863943848,0.0015069589187257698
200,0.004918742666853105,0.2261880980911763,0.7648934027702302,0.0001330114252335893,0.0038667450465068856
201,0.004312366353000229,0.22521616851400864,0.7680737384785118,0.00015460300539415226,0.0022431236490853173
202,0.001141112691451155,0.07350864216898055,0.9238511767152316,6.677573278581248e-05,0.0014322926915509204
203,0.007314720632848294,0.6581880425330383,0.3303016234616287,0.00048598699328476655,0.0037096263791999676
204,0.003190099054566983,0.20128023433152173,0.7931965353789594,7.178961047282632e-05,0.002261341624479071
205,0.007684222191128447,0.3936864163132114,0.5914528941810292,0.0003009289442158423,0.006875538370415259
206,0.002993039527924706,0.2592629388335267,0.7339537282091025,0.00023882850226844343,0.0035514649271775754
207,0.005408957382889297,0.255211978025445,0.7343736275387809,0.0003736603647619203,0.004631776688122847
208,0.003827666073257448,0.2570897773860032,0.7354848358130661,0.0003754804503872734,0.003222240277286074
209,0.015179622157106424,0.5481556518467706,0.4302325168165602,0.0005448620894649173,0.00588734709009794
210,0.010584280863778814,0.5141555661328682,0.4675265023552981,0.0010122242200839597,0.006721426427970976
211,0.004554895788699923,0.3736766224085201,0.6177919489956692,0.0003278077142112904,0.0036487250928994874
212,0.002311905980328148,0.11524257988366757,0.8805743258439556,0.0001444927251400065,0.0017266955669087616
213,0.012215773202467214,0.5269718571743195,0.4536211028751781,0.0016033989713498114,0.005587867776685302
214,0.007239852915368482,0.487789989498517,0.5002634511290077,0.0010178924001159814,0.0036888140569908685
215,0.0060674655666148065,0.5335526072064597,0.45345279828508805,0.0016888272174299702,0.005238301724407402
216,0.027380214109317437,0.7458560893663961,0.1947549480256991,0.006413871997690316,0.02559487650089702
217,0.04452416202733554,0.8399246281409514,0.06342324575591557,0.011773929254457872,0.04035403482133981
218,0.02531613850687466,0.7534995010318586,0.15143185462519307,0.012882618308148559,0.056869887527925024
219,0.04338287649413138,0.6630690252963819,0.15255585129699642,0.01798302524490689,0.12300922166758338
220,0.0029336181967183424,0.003204706275018985,2.39073923087517e-05,0.002005597304740701,0.9918321708312131
221,0.04309798897127775,0.006519919129095514,1.972867650496019e-05,0.006564100991589581,0.9437982622315321
222,0.052415721648575775,0.005332373947722906,2.5178396883762002e-05,0.006171793462126125,0.9360549325446914
223,0.030970877529797294,0.005451882864459292,6.296428900849039e-05,0.003817379372606834,0.9596968959441281
224,0.0724584792744241,0.005854150565681194,2.1556003895929628e-05,0.004640742256027801,0.9170250718999711
225,0.014230449280062835,0.010133311672793122,0.0005094469131356881,0.007129301095357561,0.9679974910386508
226,0.004355959882240793,0.0009678993737131537,4.76614722642116e-05,0.002764942745507631,0.9918635365262743
227,0.031405002548615564,0.005558592996436897,4.074465526740025e-05,0.0040104371616934255,0.9589852226379868
228,0.02850614001269239,0.006490378153720097,0.0001978069608473907,0.008030370653510782,0.9567753042192293
229,0.007945157506146015,0.0028927002541284494,6.247112001937906e-05,0.006116929956675733,0.9829827411630305
230,0.08990815898495677,0.01855013803462532,7.383171078277464e-05,0.011062189355637268,0.8804056819139979
231,0.05688465369092,0.023019910374742998,0.0008858484244231242,0.011013204736264779,0.908196382773649
232,0.014933183408302558,0.02513821195868876,0.0024635095191113555,0.018665310141007113,0.9387997849728902
233,0.003407397291694071,0.0016936983439297883,0.0004149788161651082,0.011982700499213173,0.982501225048998
234,0.0029158776791299978,0.0014901336593686819,0.0001265572111587409,0.011318597709141738,0.9841488337412008
235,0.005634488608764253,0.003157567075727337,0.0012349673736618773,0.03142726309544371,0.9585457138464029
236,0.007330360396021846,0.008570730036879888,0.000944768320267142,0.04090878818715861,0.9422453530596726
237,0.010647079283478833,0.009167915406812095,0.0009423721479695297,0.07066605337632795,0.9085765797854117
238,0.003006664868150673,0.0018875476591379478,0.00027755782186925305,0.018244095008846172,0.9765841346419961
239,0.014376192368009065,0.016815902632263627,0.0003037697034427964,0.09060405769756671,0.8779000775987178
240,0.12344364931092382,0.03963164927801378,0.0009622228731472399,0.021527169044515206,0.8144353094933999
241,0.019430162317020234,0.020563918345013775,0.001262864096407229,0.014433640293902362,0.9443094149476564
242,0.02177693524239946,0.005767850542030616,0.00033409569210891366,0.0022247946727520797,0.9698963238507089
243,0.018672279277331096,0.007632912726998153,0.0010745578172885962,0.0010685636929878208,0.9715516864853943
244,0.01296197117776108,0.004323792686890834,0.00027817143492295227,0.00039305135232536653,0.9820430133480998
245,0.004916610366475391,0.0006983005171392373,9.60093581259685e-06,0.0011529180269620515,0.9932225701536108
246,0.021236923253004195,0.005770197729790659,0.00043189256027372777,0.0027489741742971812,0.9698120122826344
247,0.04499795354197909,0.004263899228781591,0.00010908147246608276,0.0011942659001026876,0.9494347998566706
248,0.024705343305294617,0.003229256720060291,0.00017523456261451202,0.0034263138013914973,0.9684638516106391
249,0.005973795155753512,0.0009594750144756434,3.398799978536967e-05,0.0041400065687370174,0.9888927352612484
250,0.05331914866492708,0.005705366744466264,4.9413452023931865e-05,0.00325807549325517,0.9376679956453277
251,0.06959455476169646,0.024377705251485117,9.236069221580187e-05,0.009793665869306013,0.8961417134252966
252,0.04821552804720569,0.012766713814091824,9.930385824880268e-05,0.005178602368582295,0.9337398519118714
253,0.012406699949076479,0.0041020139475520705,3.53611331530494e-05,0.0035492766091668473,0.9799066483610517
254,0.05553130387230008,0.013281064608068749,7.924429038195844e-05,0.0070818850919654045,0.9240265021372838
255,0.018335739887850453,0.004249283962963253,2.6209163138720986e-05,0.006765688034056766,0.9706230789519908
256,0.01756631998207732,0.005776113343596328,2.478097333448205e-05,0.004820319619021755,0.97181246608197
257,0.0289984119297856,0.0027969506802912516,0.00020167242641877384,0.0065551134604428475,0.9614478515030614
258,0.01303019772864512,0.004114260211381685,8.319934982265214e-05,0.008792520550782114,0.9739798221593685
259,0.048265538362652176,0.005135071554922513,4.8025260341885096e-05,0.0071969306613697045,0.9393544341607136
260,0.010466130671171598,0.001636468647316663,1.9519480854159554e-05,0.006240325419031535,0.981637555781626
261,0.029034935839234093,0.006814038358148097,7.030045402517431e-05,0.004538417487564291,0.9595423078610285
262,0.0673838627883116,0.005839033303254845,0.00010007903021892596,0.007327345338828796,0.9193496795393858
263,0.10234972466170146,0.016202948026325766,0.00035488474477981787,0.02161605284548795,0.8594763897217049
264,0.47238154051298753,0.10518687568781131,0.0006764110316262005,0.24501435309960154,0.17674081966797334
265,0.16532332600220206,0.21352984981806467,0.002417839595237596,0.5681840375714945,0.050544947013001204
266,0.03888918926797785,0.11360555907310735,0.0004244521092006124,0.8319634436769183,0.015117355872795816
267,0.042588468472217325,0.16066350994801312,0.0006547057658628038,0.7892731540217507,0.006820161792156031
268,0.022068257329047866,0.0836761231015133,0.00029281623372863914,0.8876184725163357,0.00634433081937447
269,0.031064658374318963,0.2997756159032492,0.001042251511859213,0.6631731373382813,0.004944336872291395
270,0.01798951572333464,0.12567343257793162,0.0007075745872730609,0.8501615724508175,0.00546790466064326
271,0.019888768416986335,0.08734288752496694,0.00029784399566319496,0.8848180100149857,0.007652490047397768
272,0.026331776113592425,0.13783522086182115,0.00041892806751871826,0.8290787132888076,0.006335361668260098
273,0.022949966389201437,0.07658117147411048,0.00014979645090001093,0.8949996317451462,0.005319433940641966
274,0.02324682533520858,0.06360972480488081,0.00017818377791307494,0.906028491305633,0.006936774776364525
275,0.038278592302806995,0.1438064355705761,0.00028610786777873783,0.8124928192231091,0.005136045035729125
276,0.033754217106637716,0.09078493023429575,0.0002447048929028957,0.8621282090338138,0.013087938732349931
277,0.030622795523260485,0.1075122886661363,0.0003415755877105085,0.8429711160393478,0.018552224183544765
278,0.04945829961318006,0.17291338465770256,0.0002976107114197564,0.7676246394390984,0.009706065578599037
279,0.0425076514986876,0.15020560356250506,0.0010921384315404313,0.7859911919712091,0.02020341453605768
280,0.044405591792631795,0.15653425413032815,0.0003943611562481894,0.7874193120735329,0.01124648084725896
281,0.1656991840658744,0.2622300716143769,0.0007831244598575961,0.547908342404228,0.02337927745566302
282,0.10158182456835113,0.43248293862466647,0.002491899261770442,0.42676715180243674,0.036676185742775175
283,0.1648288561794657,0.30934946743648506,0.0032288493785581057,0.4985612160414426,0.024031610964048544
284,0.17492155507585713,0.37008698192324785,0.0035435203183864414,0.395910727504915,0.05553721517759369
285,0.16987057617928414,0.4248699139838544,0.004301716252417143,0.3786241180927247,0.022333675491719652
286,0.11336300566554124,0.4914332386587131,0.004624933127071119,0.350355710194241,0.04022311235443349
287,0.09536494251603711,0.1382032665170845,0.0006890013241226461,0.7415686312026795,0.024174158440076303
288,0.06434014481987468,0.2751729964027586,0.0009515223013258982,0.6408672561632531,0.018668080312787497
289,0.052369324360688876,0.4567972577154769,0.0030403136575939916,0.4775572842243643,0.01023582004187582
290,0.04956217375047989,0.6143614062894218,0.004383649085448519,0.318915116201193,0.012777654673456864
291,0.052127679607315326,0.3265864631011863,0.0017958060372861605,0.6027624333846344,0.016727617869577688
292,0.04246813877283631,0.2945426845628321,0.0008153338224405159,0.6518594075313451,0.010314435310546103
293,0.05076178979200243,0.1866573641413033,0.0004165857753813071,0.7570420522943896,0.00512220799692343
294,0.08906977032348892,0.18332029391133384,0.0006792507390378998,0.7178858365538773,0.009044848472262165
295,0.18442428968607422,0.2531850289942827,0.001127609522760548,0.547486483612658,0.013776588184224616
296,0.18841009846214998,0.15870323887487403,0.001258596005403881,0.5907720418639397,0.0608560247936324
297,0.10719621189867395,0.29697226188322934,0.002108368442528335,0.5817206956187695,0.012002462156798802
298,0.046270411439107796,0.1474237579276727,0.00048577351816095376,0.7976802218397998,0.008139835275258866
299,0.08178204315847991,0.39920965412098464,0.006827569296920608,0.47618260304652044,0.03599813037709425
300,0.07567858559891105,0.22132194613925163,0.001078686880793593,0.6621814291154436,0.03973935226560009
301,0.056203853608491845,0.5400543363632678,0.002400931683527156,0.38522610652389305,0.016114771820820092
302,0.08652948850152845,0.2920326329145897,0.0019235017595091212,0.5205558871819226,0.09895848964245024
303,0.042559777682434685,0.14638330483649886,0.00032673312364502337,0.7998401038564575,0.010890080500963918
304,0.07128015503354038,0.19735772287134765,0.0010157071648472786,0.7121420178472591,0.0182043970830058
305,0.10721205546200761,0.3462827701616584,0.0004231221820293273,0.5345248243821554,0.011557227812149275
306,0.17289938515628064,0.34306914147220485,0.001145315725104431,0.45762075555145937,0.025265402094950696
307,0.1990595421885498,0.21361624528144343,0.0009646104058355894,0.547396296276711,0.03896330584746018
308,0.16807709611250954,0.36515295280800586,0.0022114373826210014,0.41873600098248837,0.045822512714375395
309,0.07131277652610016,0.732166530665423,0.0033569675012564597,0.1609636492139886,0.03220007609323166
310,0.14231864457653468,0.5605062834330403,0.003413827909170234,0.2034906515605787,0.09027059252067603
311,0.15754984717945342,0.532801418682564,0.012981989430014093,0.17494005245972435,0.1217266922482442
312,0.3359152803466019,0.31530386977932146,0.0026155671929970793,0.09022266081495264,0.25594262186612693
313,0.35031697882908686,0.40230776921006384,0.0018015563371211493,0.05199206424814772,0.19358163137558035
314,0.48772362469661273,0.3104611771761525,0.0008831139172222464,0.10495279704484885,0.09597928716516366
315,0.3866617271311057,0.4645939481381508,0.0024221145675914794,0.06907919371607199,0.07724301644708002
316,0.4692823190422074,0.405479907850917,0.002957292739570437,0.09553849847031066,0.026741981896994355
317,0.08559197040460265,0.7520937887458818,0.12612267927761509,0.02574512782125679,0.010446433750643897
318,0.04890524664719175,0.846447055623564,0.08236014206077898,0.013503537255202988,0.008784018413262306
319,0.025646554959523005,0.5954532949317931,0.3677059394098538,0.003802759166422676,0.0073914515324073685
320,0.03189108413509975,0.893269105147285,0.055609946976330905,0.01303498992337149,0.006194873817912895
321,0.08968471183024428,0.8473446900358158,0.043410149345931584,0.00616464253196873,0.013395806256039474
322,0.03189805602814704,0.8757198228460651,0.07840148970353993,0.0037233490577725497,0.010257282364475213
323,0.01784857233646768,0.7151894900292013,0.26147155644370085,0.0019438710996494287,0.0035465100909807985
324,0.03301767304816881,0.7973767952955527,0.16464957426785742,0.0014694398091129083,0.003486517579308083
325,0.008265069176374902,0.34332376327510455,0.646716504862063,0.0009193778127013595,0.000775284873756155
326,0.007417570046875213,0.5750997046645673,0.41279809646225984,0.0018377508280055378,0.002846877998292082
327,0.007769910246940338,0.7644629383073711,0.22487569087027295,0.001192572836776564,0.0016988877386391742
328,0.005182601406949518,0.5276963647763636,0.46416591784277533,0.0005303227674371488,0.0024247932064744007
329,0.00837395713000237,0.6305188054875253,0.3580153113039792,0.0006250962488720707,0.002466829829621119
330,0.009842226224235865,0.5258032329142999,0.4622794889831028,0.0005376227853007596,0.0015374290930607408
331,0.0019520153445788477,0.5070713191743953,0.4895284603764549,0.00024971154888791245,0.0011984935556829572
332,0.0022224412496786197,0.46021811680775443,0.535220565512358,0.00024079410769493062,0.002098082322514066
333,0.0017960739105547878,0.31031244748950615,0.6866376966489678,0.00022383393846967165,0.001029948012501635
334,0.0005888729313787207,0.20501633171525782,0.7937481089578486,4.770353060884825e-05,0.0005989828649060851
335,0.0012303578385310066,0.1863678512546121,0.8110808177393193,5.133897321950122e-05,0.0012696341943182038
336,0.0007113800194172291,0.19513760484238218,0.8035739639919421,2.4907079597859622e-05,0.0005521440666606781
337,0.001178951072626566,0.16429804838876652,0.8335564592842247,2.8290381412692833e-05,0.0009382508729694358
338,0.0029030253352299758,0.1885049005602959,0.8064010970743928,8.011898922449696e-05,0.0021108580408568996
339,0.004267216760069322,0.11483292310692526,0.8794426205131242,9.097977893078513e-05,0.0013662598409504196
340,0.0005679355188408909,0.1211780693803517,0.8775344413247159,3.576804826045363e-05,0.000683785727831174
341,0.00045345311527160214,0.059604505962577985,0.9392808634607102,6.372811732218286e-05,0.0005974493441180417
342,0.0002556845823484112,0.023510938813286152,0.9757418485182628,1.3025220611636924e-05,0.0004785028654909739
343,0.00020476218791297068,0.015983523278622448,0.9833705507631991,2.1241414315790184e-05,0.0004199223559497943
344,0.0002827402773350689,0.010372939300675876,0.9889782309837891,1.0587817108106343e-05,0.0003555016210918196
345,0.0002275973956289051,0.011727248829336186,0.9874895739823861,3.004747287393581e-05,0.0005255323197747959
346,0.0008887424195660092,0.05450743588183931,0.9434830064119978,4.310733847749332e-05,0.0010777079481191622
347,0.00030984115214692634,0.012008365692304743,0.9872919338084297,1.8256207564952503e-05,0.0003716031395533532
348,0.0011060726379333824,0.03379650439082653,0.9635719689491911,6.92182809710107e-05,0.001456235741077871
349,0.00028819928245469814,0.008574275696061723,0.9906403696184456,1.471029431018079e-05,0.00048244510872783925
350,0.00015057557317785816,0.005035078541937904,0.9943955781530053,1.5026602361855507e-05,0.00040374112951729733
351,0.0001319317113234025,0.004701344607811899,0.994567831499487,2.0125399940184473e-05,0.0005787667814374382
352,0.0001612288962121165,0.003750891813141542,0.9955936591313516,3.334784899941698e-05,0.000460872310295341
353,0.00023285140548999101,0.008056521244036616,0.9910238662416827,2.5738503759802573e-05,0.0006610226050308469
354,0.00042131925586440195,0.006600821576751543,0.9920408203377681,5.836129952277009e-05,0.0008786775300931573
355,0.0006706693889530926,0.007539879687142035,0.9911353112669169,7.634388062646931e-06,0.0006465052689253537
356,0.00044732535739662005,0.01430664983999971,0.9844089274947284,1.9108789450815304e-05,0.0008179885184244584
357,0.00010954853347187802,0.00353372091113563,0.995919726769381,8.783465073222157e-06,0.00042822032093847956
358,0.001304788943990995,0.036553237408000296,0.9605850183071709,3.520664941185389e-05,0.0015217486914259485
359,0.0005394362119925714,0.029616565832927978,0.968628319362228,2.1950807617338496e-05,0.0011937277852341918
360,0.0005863928682303054,0.01617132908834954,0.9825277062042053,2.2577159662872608e-05,0.0006919946795521217
361,0.0003622139207452522,0.012122300830882535,0.9868397281042507,3.7469649431041106e-05,0.0006382874946904668
362,0.0007189738438376761,0.024338126198992942,0.9732280408498779,5.895750243663366e-05,0.0016559016048548494
363,0.000261925230925554,0.008793951849123433,0.990115295398362,6.179020310337922e-05,0.0007670373184857456
364,0.00017935170876485197,0.004541298542588366,0.9947796311475744,2.442137359714663e-05,0.00047529722747519744
365,0.00020544042900736448,0.0048874486381672265,0.9941561366458449,0.00013001577487304296,0.0006209585121073026
366,0.0007561699781286958,0.039351756036317125,0.9552465122549527,0.0005136422328973616,0.0041319194977040416
367,0.05835741028118653,0.1017018266884582,0.0457067629811003,0.004662307944794417,0.7895716921044604
368,0.023070337023394637,0.1879420163846538,0.7553278404850843,0.0007785757463153536,0.03288123036055188
369,0.12968007092508319,0.3353358429056797,0.4846143585123879,0.0009641020627861396,0.049405625594063106
370,0.10355536691028765,0.2944084682341845,0.5794395511004501,0.0002600244490989201,0.02233658930597899
371,0.02350365252548553,0.3631287175419809,0.6006542788677717,0.0013529618261422024,0.01136038923861958
372,0.006092171280078935,0.17791186471339632,0.8113497316118543,0.00018615005185945428,0.004460082342811075
