epoch,N1,N2,N3,R,W
0,0.006265372035443665,0.0002835724343193297,2.2078993535164213e-06,0.00028095813583411575,0.9931678894950493
1,0.0011556728992739931,0.0005911110499655233,6.670223360669445e-06,6.192403189338083e-05,0.9981846217955065
2,0.0036752259431135324,0.003157241513113142,6.852560613283615e-06,6.445307860100961e-05,0.993096226904559
3,0.006767289183514037,0.0016607556463024548,3.980545099770062e-06,8.084713114963574e-05,0.9914871274939341
4,0.0003760490036679053,0.00027319889529651997,3.7534917189183594e-06,2.066544108939224e-05,0.9993263331682273
5,0.0005734907456794292,0.0003786234200676977,4.268792571222827e-05,6.410956187453169e-05,0.9989410883466661
6,0.08412498976119752,0.006645107893570603,3.11977670537153e-05,0.0003253095572537157,0.9088733950209245
7,0.0013712820556724438,0.0003545875786180812,8.405961246191904e-06,2.477477407778156e-05,0.9982409496303856
8,0.00032149147826886763,6.182407601401868e-05,2.3332082164862737e-06,1.8896250253274903e-05,0.9995954549872473
9,0.0010705593445387727,0.00015875156730274392,2.4886831024340723e-05,0.0008432682849532682,0.9979025339721809
10,0.0036250455452113994,0.001058839196262664,4.665240393580112e-05,0.0003823909854639687,0.9948870718691261
11,0.007358096214107478,0.0005061255633514847,1.5739924841456618e-05,0.001293228628031771,0.9908268096696679
12,0.07032445287992567,0.0019942587848793187,9.705160475914588e-06,0.0008569453755129467,0.9268146377992063
13,0.20038139660708973,0.008967945208453254,3.1785998733075464e-05,0.006506905638945793,0.7841119665467782
14,0.26088416735716846,0.019506797620836423,4.334601000295251e-05,0.020226021506251256,0.699339667505741
15,0.17540465000085534,0.36861313703593745,0.0005931975841617155,0.031627432146930014,0.4237615832321157
16,0.11387833407495372,0.5732532837994468,0.0021113412103030177,0.041621640389331006,0.26913540052596546
17,0.27301529965101956,0.39093138569915237,0.0019037668809667916,0.11393279735604153,0.22021675041281974
18,0.12397867309087554,0.6587787252539904,0.001322923233529626,0.0764174216785201,0.1395022567430842
19,0.17838916265150292,0.0406508465537219,0.00011025600667525416,0.04799793331384093,0.732851801474259
20,0.2477603325486361,0.6771707052472289,0.001674270763862951,0.01605075751307812,0.057343933927194043
21,0.30797751030256354,0.6007567999931682,0.002408406581223235,0.01639238184259361,0.0724649012804514
22,0.1843381739793568,0.7374793254068095,0.006491034179679835,0.009983018555301097,0.0617084478788527
23,0.3837084063212586,0.4990807412685972,0.0018487832109893338,0.04020499949095534,0.07515706970819956
24,0.05655657346124976,0.9127370562324916,0.004754661335106844,0.01097281933836083,0.014978889632791061
25,0.1194222539751755,0.8389503588650042,0.0030956663533540526,0.010101614474705404,0.028430106331760772
26,0.06141783389189035,0.90526489740926,0.007629968673760682,0.003503065916190519,0.02218423410889857
27,0.024174623864463753,0.9271960839101435,0.019901076657055473,0.004308878183834489,0.02441933738450304
28,0.04020234952491834,0.9040979220496547,0.01496903001664232,0.012481281480125384,0.02824941692865923
29,0.051677578137481285,0.8790737999021293,0.016687941935918955,0.013271678550351822,0.03928900147411878
30,0.03583165867681441,0.8981408938450854,0.025921222755375964,0.012002780368957348,0.028103444353766896
31,0.04519062078357871,0.9114097623629951,0.010236921947530762,0.010678756432626826,0.022483938473268614
32,0.021785270555314665,0.9176049464288212,0.045430013454559486,0.006138057192418642,0.009041712368886137
33,0.01288138509105473,0.8162589119414698,0.1586415650494764,0.002730662608358576,0.009487475309640468
34,0.01396240761782204,0.9472009828392445,0.02654848871041814,0.004522597597542534,0.007765523234972839
35,0.02239390221972302,0.8468842087425279,0.11472108124755147,0.0021956660506352553,0.013805141739562345
36,0.017808643837061565,0.9306377168347492,0.03265982207573967,0.0066409025907688156,0.01225291466168073
37,0.014871589039847552,0.8285530299493257,0.14492258847277148,0.001282520519020283,0.01037027201903502
38,0.011893896595579368,0.8590699052494016,0.11721590131358457,0.0030144428225477513,0.008805854018886573
39,0.018843661496078395,0.8507530437454582,0.10993875989568846,0.009366432602487488,0.011098102260287334
40,0.07933845237510002,0.6287694999683475,0.013441801680019839,0.041478732567035964,0.23697151340949665
41,0.15927411738889297,0.7078351491979697,0.0023985189116441583,0.10132735226344299,0.029164862238050013
42,0.3813449652039384,0.49609462987607394,0.0028638127102875175,0.08634827132139387,0.03334832088830631
43,0.0841473122044035,0.8716348209484579,0.011698778787344105,0.019647512136326154,0.012871575923468326
44,0.07148703265819714,0.9000261281579051,0.00995401291552062,0.00787606601437762,0.010656760253999803
45,0.044218953818408784,0.9136957041003793,0.031169382096743182,0.004899622007140629,0.00601633797732835
46,0.025593006467271653,0.928088664245538,0.03398078725399378,0.005059370951269741,0.0072781710819267926
47,0.026681728422006324,0.8892620108321447,0.0702561631478761,0.005145287605355914,0.008654809992617167
48,0.03130593397730682,0.8529328900468552,0.0810072871782779,0.012916514764371808,0.02183737403318812
49,0.048944760906127226,0.8991502915482159,0.009804584211427337,0.02819431843296613,0.013906044901263357
50,0.01781903498582766,0.9197947529006868,0.04464403130999049,0.009017335939258898,0.008724844864236
51,0.03410421929155286,0.9101765419687046,0.027842254494969635,0.009268055982963458,0.018608928261809488
52,0.2079825761748969,0.43523432590015115,0.0019103224855841153,0.1089627467079937,0.24591002873137408
53,0.11910433813017918,0.7784161597435497,0.007877073520603933,0.05456672544138529,0.04003570316428189
54,0.1314329632285857,0.7591250227073921,0.004247894500600259,0.06323747734705638,0.04195664221636555
55,0.2417030032586485,0.36622840553375346,0.0003434954739022288,0.03500328068008716,0.35672181505360867
56,0.327544811402646,0.5351002077258835,0.0007432800093980085,0.04539113961135086,0.09122056125072146
57,0.3311767067252908,0.5688604978893685,0.0008364145756833672,0.023990233811480254,0.07513614699817718
58,0.5414434884572489,0.38480149359233934,0.0007603198983878991,0.03142403015205319,0.04157066789997052
59,0.2699500963895746,0.6289819974532743,0.0013827339096746446,0.03659692953440509,0.06308824271307122
60,0.1938602917135836,0.7738485760128618,0.001931660663228361,0.0173638240646039,0.01299564754572234
61,0.23130937460185155,0.6996331503668878,0.0019585291070860753,0.02853645167988748,0.03856249424428708
62,0.08536608379758483,0.8837360921156014,0.005288544079947751,0.017885670184539456,0.007723609822326623
63,0.02635412568676836,0.9424952295003448,0.016571964057383894,0.006657860772405128,0.007920819983097831
64,0.028208827996697623,0.9411889778929291,0.01874207593195952,0.004708500730344664,0.007151617448069044
65,0.020990007950611185,0.919117484049906,0.04440140664452518,0.008835460886606984,0.0066556404683503585
66,0.03756426037502743,0.863129121540298,0.08744270283446058,0.0028566255953624167,0.009007289654851442
67,0.017376850473583567,0.9305920056324982,0.045907100866067675,0.00141576207065903,0.004708280957191644
68,0.009894760274028047,0.6705674932628402,0.31311960209807377,0.0002977879761164007,0.006120356388941764
69,0.0031195166846785674,0.5104960720733144,0.4827593065988642,0.00027058140066095444,0.0033545232424819003
70,0.0024352202941462287,0.5780951466705184,0.4140120763644024,0.000487787848847183,0.004969768822085835
71,0.0020413726258799963,0.4388689200986969,0.5551773912170479,0.000462693571130742,0.003449622487244372
72,0.002539495954010399,0.37210373561234567,0.6217645296279949,0.0004362822432241228,0.0031559565624249674
73,0.0011270614480511653,0.25155636542652415,0.7451741275217348,0.0001316045983576939,0.0020108410053319456
74,0.0008327148049800506,0.1966384814428613,0.7995394947649913,0.00012415528771025341,0.0028651536994570674
75,0.0018980361957842053,0.3012717820820824,0.693511095174457,0.000216810957663535,0.003102275590012856
76,0.0019602857596776875,0.33069108549903925,0.6633121782906902,0.00018214888841092762,0.0038543015621820415
77,0.0018741240077393283,0.3013290225099611,0.6869078542455374,0.0005062900835955881,0.00938270915316674
78,0.0023350228998616474,0.6137561958538619,0.3790892946120276,0.00032743227246320624,0.00449205436178569
79,0.001104802009715436,0.21729926777306238,0.7795194575029829,0.0001068168131695038,0.001969655901069779
80,0.0008790738573208334,0.32301283431172223,0.6737207671259031,0.00015397349049866004,0.002233351214555086
81,0.002554976880456797,0.49480570283131536,0.49718520804455224,0.0003886434463913988,0.005065468797284452
82,0.0008097921721901703,0.2541465164612685,0.7430154168437931,0.00015599095812547398,0.0018722835646226704
83,0.0011748619180291572,0.36685720874310257,0.6293931597461295,0.00018836470832890424,0.0023864048844097945
84,0.0030756516501666627,0.5367628609144123,0.45352057893122527,0.0003460957394577321,0.0062948127647381525
85,0.0021296077826675297,0.3582412089072396,0.6314980203692455,0.0007010229260021905,0.007430140014845136
86,0.011892460116781276,0.3414484904855758,0.6184710374340522,0.0033146414914720854,0.02487337047211864
87,0.017009844632611133,0.36430305687530834,0.5999799082096777,0.0022569452969893986,0.01645024498541343
88,0.05837829250531594,0.32001674222295867,0.47623387036137504,0.00772423086918686,0.13764686404116355
89,0.1732401556383715,0.5237169264739909,0.15616968428001726,0.00919536262398127,0.137677870983639
90,0.0184543615828195,0.010466774561049242,0.0020542655677614043,0.001650352725698821,0.9673742455626712
91,0.08770617058809313,0.015534985030071726,0.00037124068604219804,0.003545140348199046,0.8928424633475939
92,0.38396227916462666,0.06710843915970831,0.0004379691145608068,0.007597997687346501,0.5408933148737578
93,0.44498742115332235,0.11354022069463075,0.0006801102507416558,0.013296802563547351,0.42749544533775796
94,0.5744963391724159,0.2241879215375805,0.001114979712946974,0.038030975468110295,0.16216978410894642
95,0.33697009280449386,0.431691695472115,0.002346747306453532,0.1584017521202241,0.07058971229671354
96,0.3093937738502929,0.306694472267253,0.000831908683450954,0.17800357462280844,0.20507627057619485
97,0.14141958370771157,0.5922125927147538,0.0023241038994761,0.23482023924752776,0.02922348043053078
98,0.23775681588495537,0.33076663227910974,0.00031469747469015677,0.21414595877977619,0.2170158955814685
99,0.1754833556890204,0.4921321239767518,0.0014506473027646144,0.28724402296895774,0.04368985006250547
100,0.20763333324511393,0.30054106717483686,0.000919067551230601,0.04666773928502445,0.444238792743794
101,0.3425961027487365,0.35335150088349776,0.0011346832837531705,0.1376320014672675,0.16528571161674507
102,0.26842669473126385,0.4606388578672078,0.0010387427480862562,0.16774991373072942,0.10214579092271278
103,0.3135141944779263,0.5340612282922891,0.0008004131194337305,0.09852330573183807,0.05310085837851291
104,0.3781515496189728,0.31092293166411644,0.0007704005332944781,0.22984983124024025,0.08030528694337598
105,0.12004632201590304,0.7659193368671738,0.004845738069572378,0.08980784347901986,0.019380759568330786
106,0.1806758458461167,0.5631369013082518,0.0015792035286929004,0.1978275328546561,0.05678051646228243
107,0.16505333707400116,0.6505487943235782,0.0016039045257714736,0.16394925901852012,0.018844705058129105
108,0.03881132511108307,0.897874927229116,0.009790596178524782,0.047933465591096486,0.00558968589017966
109,0.045199309886029666,0.9016572905719511,0.01594487427752438,0.030577075333673594,0.0066214499308211465
110,0.027168111058503377,0.9525975426356225,0.00665407538511937,0.010858839151680283,0.002721431769074314
111,0.027664531589412393,0.9240423554438691,0.03162105766751871,0.01281400210251697,0.003858053196682607
112,0.052695593700845984,0.9111918701123913,0.021607606248821843,0.009615703255386042,0.0048892266825548555
113,0.06152282836531217,0.9048518584189915,0.020990244803160876,0.007142023567456021,0.005493044845079449
114,0.06089084627935228,0.7185239842966241,0.21066137868914772,0.002507828276677473,0.007415962458198357
115,0.0246085130640742,0.894464829108528,0.07056071328044024,0.0029403950275045036,0.007425549519453101
116,0.013406130630789607,0.9114958970025184,0.06813454982452083,0.0028122664912395706,0.00415115605093146
117,0.010944901153623248,0.9323843669801953,0.051048306168001864,0.00208398863141056,0.0035384370667691
118,0.012116943291601729,0.8603412036989503,0.1209025066414859,0.001600606572570223,0.005038739795391761
119,0.007303912884025732,0.6760228303700563,0.30964289670176937,0.0002064060279902191,0.006823954016158274
120,0.001887469176751798,0.43143897042927365,0.5610086916564613,0.0002836716065411152,0.005381197130972255
121,0.03717110268780432,0.3050259392368454,0.6376100229978579,0.003319503438122347,0.016873431639369958
122,0.02191613305254776,0.3069232651162207,0.6622227957099263,0.0012164570599653046,0.007721349061339937
123,0.040881904694603066,0.2596499833351961,0.682742662748284,0.0025196749177623158,0.014205774304154586
124,0.057811184039276584,0.1681705750795304,0.7217224514110098,0.0062802443448200865,0.04601554512536316
125,0.05625429698171275,0.14490755322299576,0.7587376477688795,0.004873807307528477,0.03522669471888343
126,0.05268305965269109,0.18039634842039046,0.6753250008129912,0.014270054052724872,0.07732553706120245
127,0.19526845057155784,0.5620328564856767,0.07703843552412551,0.0057885243493658095,0.1598717330692741
128,0.551309519264561,0.3167862922038363,0.0055601080505429095,0.04628451542623401,0.08005956505482574
129,0.25859974774832073,0.5598357010384482,0.01222948979624454,0.0374427012919119,0.13189236012507471
130,0.38898206584279427,0.38157416244332715,0.003912835138446287,0.0839918343292987,0.14153910224613356
131,0.17349720952075817,0.7337500322969264,0.024814157718131207,0.029879351796168987,0.038059248668015286
132,0.0957292185766864,0.8457964855288301,0.003293845981788842,0.028931747578320868,0.026248702334374003
133,0.07487007628479268,0.8601323652045046,0.05414354621046289,0.003092708625216999,0.007761303675022979
134,0.05866904784561179,0.8627387797657767,0.05137336419601154,0.009398273880212617,0.01782053431238738
135,0.021629323749927803,0.8530294558606649,0.1065198200327631,0.0033667698949679504,0.01545463046167628
136,0.06692467049270098,0.8365243103749277,0.062390890919830584,0.012812065984220489,0.021348062228320235
137,0.03273420980172938,0.797648470425629,0.10106095746727609,0.02642468364079978,0.04213167866456569
138,0.03333279247536811,0.6426507576238341,0.24831099541092164,0.016838526676126044,0.05886692781375017
139,0.01770933572075229,0.6638759474075815,0.28381455496812763,0.004107089697946787,0.030493072205591703
140,0.09611899272920463,0.6378734799649018,0.09468030012742089,0.010725064225461874,0.16060216295301058
141,0.02315998131145885,0.029638019974515414,0.0007825579148875986,0.002368998744285904,0.9440504420548523
142,0.19532316713115486,0.030094599365351565,0.0001442939332575609,0.0030692169592072306,0.7713687226110288
143,0.8318994615211748,0.08761233499108687,0.0004203837330026357,0.0060446945204050044,0.07402312523433084
144,0.5629644147770854,0.19058162232329384,0.009840850979751884,0.003998210093339685,0.23261490182652922
145,0.3996985064016377,0.4216502871049109,0.018583872110993403,0.02280326854335233,0.1372640658391057
146,0.3409855720047536,0.576181696977426,0.0015221712125922477,0.062320496404161846,0.0189900634010663
147,0.3468579494351246,0.5350930335878332,0.0006096528493157874,0.0563655049633421,0.06107385916438437
148,0.10645309080606713,0.8556571114892333,0.0023509575241414905,0.020976842601604734,0.014561997578953437
149,0.02574540778233798,0.9606097285828418,0.004958136554645265,0.006505681763176486,0.0021810453169986022
150,0.09656440899283,0.8702588897173588,0.0055294791797496036,0.013629667318573273,0.014017554791488298
151,0.05154748438974235,0.9301587782953119,0.00324411292990115,0.011991521515759416,0.0030581028692851283
152,0.014807098833103148,0.9552532497843867,0.010974015115382065,0.01659044737862026,0.0023751888885079836
153,0.013607070882806818,0.9243194851993783,0.05525219760279366,0.0037504128536337777,0.0030708334613873066
154,0.10374548904624795,0.8725873444923321,0.008479980206550037,0.010872860593587287,0.004314325661282776
155,0.02668118828278155,0.9551295086097591,0.010628229745086537,0.0060832719381768595,0.0014778014241957037
156,0.01765153474486708,0.9468666056977637,0.03051059586337224,0.003456298297679068,0.0015149653963177627
157,0.00809480147506011,0.8673572828720635,0.12227455221377821,0.0009995541711243668,0.0012738092679737511
158,0.008443594473694017,0.8752957155559281,0.11412967495303815,0.0009165061341798956,0.001214508883159926
159,0.0033207547178559474,0.5377044687846197,0.45715408858801204,0.0006486354316408307,0.0011720524778715035
160,0.005753534357299075,0.6608187676061248,0.3284955567516481,0.002304502217938102,0.0026276390669900916
161,0.00789728106041829,0.5725108477392258,0.40960500482795287,0.006270355919384551,0.0037165104530185768
162,0.02307876570749512,0.7842048367963363,0.14419173532431578,0.04014877443235638,0.00837588773949641
163,0.02709858353533993,0.8522490811829561,0.06429497854264052,0.039189260340034865,0.01716809639902861
164,0.04650443917189086,0.7629486558894305,0.04476124433543824,0.1207687150171884,0.025016945586052088
165,0.022259720485927673,0.9159284430204031,0.01527977463425123,0.03877477094599355,0.007757290913424369
166,0.061704518426481274,0.8159105033763939,0.019855179806007383,0.08672572430425725,0.015804074086860007
167,0.16542843523871517,0.20801831050979602,0.0011447215888812597,0.6037899687910477,0.02161856387155992
168,0.1293803193638232,0.3388788503476799,0.001664190625622031,0.44938055459554965,0.08069608506732526
169,0.08940799238517255,0.021195170291306947,0.00010171532237430761,0.8185808547157841,0.07071426728536204
170,0.2410884460083896,0.07713049994831402,0.000412027683688904,0.5884274674189829,0.09294155894062464
171,0.09127089123769962,0.028880517534079022,0.00015403159584628947,0.7552885920744673,0.1244059675579077
172,0.09578462236204563,0.0486747432649302,0.0002307229674319974,0.782936708766937,0.07237320263865518
173,0.04281620830742392,0.06648707772889528,0.00010736360958808259,0.2921473268373247,0.598442023516768
174,0.11516050429561736,0.03554646675539459,3.708793997335803e-05,0.6032789003230438,0.24597704068597087
175,0.1554826167206772,0.023089374896168954,6.493842171354266e-05,0.46660416640609303,0.3547589035553472
176,0.18242737395930564,0.10694766378275757,0.00024126944697747512,0.5319680048379297,0.1784156879730297
177,0.17250802112353744,0.02031126675277271,8.529038740345889e-05,0.649587082285499,0.1575083394507875
178,0.10033894725792519,0.04822606525348239,0.00023817589345747692,0.7615156625787255,0.08968114901640942
179,0.05118592142656273,0.030605898150142433,9.973023325654668e-05,0.8550721260537782,0.06303632413625997
180,0.13045705692128187,0.035374491535357856,0.00016597274593428167,0.6491967181982264,0.18480576059919948
181,0.15045843800276767,0.042028470712455746,0.00024782578178324385,0.6956215995675824,0.11164366593541086
182,0.09826544833736409,0.040515649324968865,0.00019927498466607062,0.5211403428791015,0.3398792844738996
183,0.09208104691639447,0.032471109587036286,0.0001630423802780422,0.41379790342339173,0.46148689769289947
184,0.16040574008867478,0.02099820179686786,8.879950229605191e-05,0.5193842414137737,0.2991230171983875
185,0.20996323770247696,0.025922488241837252,0.00011535200174525208,0.34068186208584,0.42331705996810054
186,0.17708522701201618,0.01968670991379266,0.00018625733132881592,0.5503165565718171,0.2527252491710453
187,0.09742712872809323,0.057922343994795684,0.00025176924828916516,0.4441186767451389,0.4002800812836831
188,0.18241669957472445,0.04786143564836554,0.0003358115359206125,0.34070371254455095,0.42868234069643835
189,0.2754416489487105,0.0554611687755891,0.00022144525748272155,0.35959653028242144,0.3092792067357963
190,0.33448648458719366,0.08680828428202032,0.001162227195713905,0.42858924591902636,0.14895375801604582
191,0.23582064611300216,0.051661910717844525,0.00017144121915393877,0.2500971441362468,0.4622488578137526
192,0.17802087702598288,0.024384452223426455,0.0001370552435918087,0.27837880687722477,0.5190788086297741
193,0.20198147177154668,0.0783668620709494,0.00017020410699939217,0.5749596388615612,0.1445218231889432
194,0.23711028005866924,0.07963400881116166,0.00020411085915260021,0.5424493953377844,0.140602204933232
195,0.22111783711779187,0.04951320729325432,0.00027526414813271676,0.473179773637213,0.2559139178036081
196,0.22135380334615193,0.039415113492942355,0.0004688284252240227,0.39002797526654714,0.34873427946913454
197,0.0828215017563952,0.0432939470595009,0.00033479105990189147,0.5289478599199365,0.3446019002042654
198,0.11072435530802191,0.019609759618628302,9.038124499325196e-05,0.5849988486321627,0.28457665519619385
199,0.11745934185034614,0.022729890300655194,8.852584047958626e-05,0.7282918522901984,0.1314303897183206
200,0.0984738904998355,0.013365108571230461,8.7985093702394e-05,0.4885609349099597,0.39951208092527196
201,0.09762590677218035,0.019023934437526015,6.0654077805158054e-05,0.5787723444944479,0.30451716021804065
202,0.18265120337140697,0.016582310448247553,0.00012846793713800094,0.6423165799204543,0.1583214383227531
203,0.08032972037475877,0.038958749230723816,4.322540315678165e-05,0.268629299905733,0.6120390050856277
204,0.222616757489958,0.031316237957435746,8.395757463205076e-05,0.5214483851191163,0.22453466185885804
205,0.12717360899559016,0.09913143230266461,0.0004759470581378443,0.18074109219205556,0.5924779194515518
206,0.3415572483772705,0.0584447519732515,0.0001811024517722588,0.29865349892612036,0.3011633982715855
207,0.321683798177734,0.15712062722330206,0.00038886290389134634,0.39385688384275724,0.12694982785231534
208,0.1599478223467275,0.3694623224636312,0.00283678789723483,0.2209680960888012,0.2467849712036053
209,0.1418465174589991,0.15572615555101585,0.0010383008412264778,0.5853072261217762,0.11608180002698229
210,0.12115515467366436,0.323579371339682,0.0007643738709876711,0.4606303683811691,0.09387073173449692
211,0.24105477389767663,0.33577656202027806,0.001025318009331069,0.3690041205653127,0.05313922550740151
212,0.2113075218608611,0.20891814224921587,0.0004061420022697251,0.41775445206028405,0.16161374182736915
213,0.15240992399249195,0.07946340398094912,0.00034817643231957446,0.13987988400411072,0.6278986115901286
214,0.24742832374271628,0.030828363180917855,3.5238238335140635e-05,0.12355507414844455,0.5981530006895862
215,0.3860329703222989,0.133417898174599,0.0005256270784639374,0.06250826618898826,0.4175152382356499
216,0.40332145421759696,0.17591589512766775,0.0011106079593736905,0.03946952335278207,0.3801825193425795
217,0.22212205268377472,0.5537857697617382,0.002170835573061476,0.05624157913935908,0.1656797628420667
218,0.26475850224355735,0.434930092849825,0.002708319493729515,0.042322787088232866,0.2552802983246553
219,0.3109689007064281,0.5598793094618585,0.0012973387712767075,0.028672465584017735,0.099181985476419
220,0.1233531790395144,0.830008771246537,0.004553478716999508,0.030915696949986915,0.01116887404696213
221,0.05310469240073681,0.916511074584021,0.007467502170261744,0.01560806801189705,0.007308662833083551
222,0.02520416267627733,0.9616259148893773,0.0011738454498955253,0.009282922563343173,0.002713154421106809
223,0.01771479267917608,0.9527381742652004,0.009504055164781974,0.013176384976828305,0.0068665929140131355
224,0.01291500465270286,0.9290391198559685,0.0410957768828794,0.009933191298577778,0.007016907309871322
225,0.014114447899431221,0.91832976400548,0.05469164536583186,0.0036062750802319187,0.00925786764902488
226,0.017640801081729895,0.8261873527396979,0.14701355353555245,0.004881497880064618,0.004276794762955112
227,0.00400703167054237,0.8373820972291944,0.15255648394896776,0.0033043698034168545,0.0027500173478784626
228,0.02404179888366178,0.7325844877248368,0.2334466140156711,0.007922740529685878,0.0020043588461442978
229,0.00692109674325474,0.6613210397682799,0.32641889896228016,0.0035760304765208874,0.0017629340496642285
230,0.00812995145843816,0.5712384393899157,0.4142326239853552,0.0038423610330312395,0.0025566241332596142
231,0.005440607800663164,0.5753396044121383,0.41296030781930193,0.0038318874749133014,0.0024275924929833314
232,0.008560037965165614,0.5624301539115986,0.424106974407511,0.0031182804809258154,0.001784553234799094
233,0.0023027325727362157,0.18366789445263607,0.8109311119232254,0.0021023955951927566,0.0009958654562094993
234,0.0011903319468168957,0.30864874092146505,0.6867951373954688,0.0014035261901748875,0.0019622635460744596
235,0.0010233813090511302,0.2690609378627386,0.7265411778379729,0.0018331079927525313,0.0015413949974848531
236,0.001539470185439771,0.275796294067512,0.7185762983678424,0.0024300685057863183,0.001657868873419381
237,0.006520054224256805,0.22759176792172336,0.7574870456707049,0.005495894211597817,0.0029052379717170165
238,0.0010566716047799478,0.11337196957888786,0.8824227844612914,0.0018617932135282507,0.0012867811415126194
239,0.003180159501252028,0.12560808367035406,0.8667223039656772,0.0026295026279928176,0.0018599502347238402
240,0.002089540250136967,0.12942590854585403,0.8661054261931792,0.0014666589343979243,0.000912466076431798
241,0.003982563653787758,0.22085190736144591,0.7692511535798227,0.00384729733427108,0.0020670780706725893
242,0.003908590999214517,0.08697107206426616,0.9042890099253458,0.0028065921868290922,0.0020247348243445803
243,0.0034216740336167006,0.11380930607320347,0.8761680331063999,0.0028062561464831486,0.0037947306402969488
244,0.0032689733495613943,0.1961412211334645,0.7954155970846415,0.002831823179181854,0.002342385253150714
245,0.007179904572626002,0.3008710366545281,0.6809919744502232,0.005946781979800824,0.005010302342821693
246,0.0148491188760155,0.39082171906352503,0.5652637831465304,0.013277623070543806,0.015787755843385435
247,0.00937802541184039,0.2350938734607781,0.7369521659460337,0.009669594064325467,0.008906341117022395
248,0.013875404310670861,0.31016899042433516,0.6360329883917989,0.018536386222021067,0.02138623065117403
249,0.024399275048606173,0.25849261930612627,0.6669873313574878,0.022862655567857416,0.02725811871992237
250,0.009716396693266835,0.19915190798571747,0.7637868263099648,0.013963059942691635,0.013381809068359379
251,0.028049092456870012,0.33769197340896584,0.5637105529697497,0.04050478381617399,0.030043597348240456
252,0.04249816257643902,0.20010955407073344,0.505925880205888,0.031543220656145655,0.21992318249079382
253,0.05499751830080489,0.035353987704872594,0.005119828116766244,0.012149370970444434,0.8923792949071119
254,0.14380984535977234,0.11403143353094361,0.012667512744308454,0.011738359260850392,0.7177528491041252
255,0.3972898537049586,0.4215438193722392,0.0036409882904423875,0.006585016272776033,0.17094032235958387
256,0.15975848199691398,0.7274135694438508,0.043811371757457106,0.005134562539403269,0.0638820142623748
257,0.140859805286872,0.7287224715864565,0.06926611634170535,0.010081160450836811,0.0510704463341296
258,0.15302602388910955,0.74080464808641,0.010157879546145415,0.03526696605346005,0.06074448242487487
259,0.22963530384472378,0.6638142606759639,0.02016817013134179,0.04122660570832253,0.045155659639647794
260,0.13875416469809748,0.7748911233539972,0.023853004969588382,0.03955427518878026,0.022947431789536735
261,0.08338512707028116,0.8439012234713281,0.04159710072258078,0.021122750990418385,0.009993797745391693
262,0.1617759397612015,0.7697995721416698,0.016503620201861285,0.033220215040164314,0.018700652855102952
263,0.04804983915019412,0.8778302016035845,0.033031046097376934,0.02840847429201962,0.012680438856824967
264,0.19047480653863325,0.724938157089129,0.01318575294258386,0.008694903361338184,0.06270638006831562
265,0.2163389317808301,0.7144995266778852,0.018207961730342326,0.016729401839963874,0.03422417797097846
266,0.13036717558169372,0.8342230287768085,0.013957918737659308,0.008055840981269796,0.013396035922568482
267,0.07905916074331808,0.8634810323125304,0.037243012345975664,0.006487530300457015,0.013729264297719024
268,0.06799024645268716,0.840868306202083,0.03163095604042474,0.014446937149134963,0.04506355415567019
269,0.1238317165384801,0.7968885138853891,0.01794388978040417,0.021054364130900644,0.04028151566482597
270,0.09430648295707396,0.8610318995225978,0.015862613541623397,0.008673806691115352,0.020125197287589283
271,0.07515721444954637,0.8266269668696662,0.008962271274621465,0.006341709276411408,0.08291183812975457
272,0.03496521405579782,0.9303174254172811,0.019618440960564785,0.0026935830961100954,0.012405336470246095
273,0.26418241011923327,0.5540448182856336,0.013160193799063281,0.012744003847979319,0.15586857394809064
274,0.2975766840213291,0.6313299065514639,0.014434301064429693,0.007036911131920571,0.049622197230856604
275,0.2559310218258724,0.6960167291668703,0.01459743464882301,0.009691670869748462,0.023763143488685943
276,0.10538031687169681,0.30266322510252813,0.024774016909431002,0.0041688455448963355,0.5630135955714476
277,0.5734175007527919,0.2777976536987609,0.0011817439497680807,0.011729928138958259,0.13587317345972075
278,0.41165877240317117,0.4691962888477841,0.007720653600268112,0.004961585588713822,0.1064626995600627
279,0.17969784603994418,0.7536516436852241,0.0037302789196556104,0.005614295731610522,0.057305935623565674
280,0.3042039064867198,0.6041851324649096,0.0009057549911968786,0.07117152401800429,0.01953368203916963
281,0.13230524438328803,0.8120928013003658,0.010748766638164181,0.03138069499586972,0.013472492682312213
282,0.07106736965944292,0.7726524482645654,0.0025524807874162626,0.14849248130990728,0.0052352199786683115
283,0.03568517967317711,0.8813534735260636,0.005455831654089973,0.07488688364132723,0.002618631505341848
284,0.02414919960557819,0.9133377259701793,0.013587414763208093,0.04685020532079289,0.002075454340241405
285,0.008810667279216129,0.9411405086098661,0.03695580063733529,0.010931195723819464,0.002161827749763014
286,0.027774655004795444,0.9293113916687723,0.02587920904174263,0.013868503867300232,0.0031662404173891756
287,0.04399163955172757,0.9276673511962841,0.008783563623262722,0.016959201686833656,0.0025982439418921082
288,0.011871379253479602,0.9340703720325709,0.04772947461045355,0.0033419748744410514,0.0029867992290546663
289,0.008947931799045844,0.8474886736929476,0.1385334553345789,0.003393678911951043,0.0016362602614766926
290,0.006812976439359937,0.8618429458965317,0.12635912386991635,0.0036084525865110236,0.001376501207681133
291,0.011548351590222041,0.6418602869582986,0.34246723549133895,0.0021116186906081696,0.0020125072695321516
292,0.005684701768224647,0.6662085348202011,0.3223073804645824,0.003106968706406686,0.002692414240585232
293,0.013489804648998368,0.7766621168600921,0.20424016510820897,0.00234795154721311,0.003259961835487496
294,0.005078378962421815,0.4653146366602199,0.5239892323621851,0.002355034430735492,0.0032627175844377513
295,0.0030539278081084904,0.4456813374413981,0.5455906112665697,0.0022562841103862686,0.0034178393735374503
296,0.01805388548189157,0.8608360097903164,0.09175883382115618,0.004996963561012799,0.024354307345622935
297,0.43472309997736686,0.26041422891207344,0.0023521862532337283,0.021446465973809104,0.28106401888351695
298,0.3692613375841403,0.5479217420523251,0.0049854440758599385,0.005272459506378713,0.07255901678129582
299,0.13933625789313198,0.8149444544700903,0.011303565353117464,0.0012767743615122273,0.03313894792214826
300,0.22410197875064913,0.7440553790801046,0.014052943952061225,0.0011986392894117344,0.016591058927773482
301,0.06088666101959491,0.8440913671814366,0.08438255622584992,0.002537654799255861,0.008101760773862583
302,0.04610749248970734,0.793638987569059,0.14106809192678624,0.004822021881223259,0.014363406133223988
303,0.09427429887778774,0.8562084850671059,0.030840271816578516,0.00862882661780447,0.010048117620723569
304,0.028542213273163478,0.865371192475052,0.09910511537494598,0.0017358938872808218,0.005245584989557574
305,0.02472079324906242,0.8629045239888488,0.10361958912706312,0.002419206354863512,0.0063358872801620785
306,0.01484458773334501,0.7947271559308556,0.1841473910048468,0.0023494178195359004,0.00393144751141657
307,0.017134323079868074,0.798140986569028,0.17932007915933532,0.0019900114328350927,0.003414599758933587
308,0.004470402407329892,0.6969778556082027,0.29167483883809314,0.0023600188519799586,0.004516884294394454
309,0.007617583047742635,0.6190649296106917,0.36930580806674823,0.0018574290826147536,0.0021542501922026396
310,0.0010806921234151464,0.1349854120698947,0.8618238342580181,0.0010409675112655334,0.0010690940374065878
311,0.011611927614123486,0.7921076315301978,0.19090877951329163,0.0024512689782155085,0.002920392364171776
312,0.004686255930271271,0.41451699192355573,0.5774232650601974,0.001852315102017618,0.001521171983958008
313,0.0013784764291187603,0.1452211629423415,0.8519217991156426,0.0008012049353656006,0.0006773565775313387
314,0.004595061656635065,0.1987814367326601,0.7932237616942769,0.0015173570505784438,0.0018823828658495706
315,0.0033660173037506173,0.16826954376775824,0.8265782581489965,0.0006256102251865788,0.00116057055430798
316,0.0017009938768647564,0.12313597434673375,0.8731156914248,0.0009393548124245587,0.0011079855391769792
317,0.0012845659553285059,0.11789632942368453,0.8791940111205948,0.0006539344183741406,0.0009711590820178975
318,0.004219377169020593,0.2166440425808664,0.774997933712835,0.001959582132285096,0.0021790644049928783
319,0.0013176576015185059,0.13055587018977022,0.8660779923914497,0.0008774069643937622,0.0011710728528680815
320,0.004814966682209219,0.13173995700839333,0.8583935018013523,0.0021528926546236435,0.0028986818534212848
321,0.005035898310135008,0.12256574146731339,0.8651002997245412,0.004105683076892221,0.0031923774211183604
322,0.010565567054413843,0.24274396193122943,0.7202503956456254,0.020294297629436978,0.006145777739294388
323,0.008846703335207814,0.1922868391113072,0.7789809628644246,0.016447316051023748,0.003438178638036725
324,0.13209037814038604,0.27801389103505014,0.12402731225727061,0.10549739706516297,0.3603710215021303
325,0.0764070725366718,0.5470626005129089,0.2868591910342807,0.020800448902680416,0.0688706870134582
326,0.18018678821361556,0.5451063432314941,0.2368733970989686,0.011008210468702746,0.026825260987218952
327,0.17301880015083695,0.7151843480610056,0.05200640858864538,0.021318966564864483,0.038471476634647485
328,0.1083440440970253,0.6503166644623285,0.12128709585425661,0.08229657248169046,0.037755623104699244
329,0.2826744308239181,0.41895990341663203,0.006277572044432834,0.05841674206835759,0.23367135164665948
330,0.27337914187309786,0.6121133011617976,0.0182095123423191,0.059891133443877795,0.03640691117890751
331,0.3893818417940014,0.48581510892664714,0.009178474397054624,0.038298343433649754,0.07732623144864705
332,0.16995219300459313,0.7357392325251727,0.009429298283524167,0.0619993487382324,0.02287992744847756
333,0.14939820630505085,0.6887401403512433,0.022909748018951126,0.08320161300917289,0.05575029231558168
334,0.2074204298942983,0.6325405948176336,0.003022392799750837,0.1412007359309544,0.015815846557362914
335,0.07248334275296704,0.803549304589525,0.007932865291427707,0.07176114895654233,0.04427333840953783
336,0.088578120130455,0.8020413717617134,0.00979722746457107,0.05636597142822815,0.04321730921503238
337,0.0803825663753831,0.061176808399399464,0.008857557515377071,0.01569222514571627,0.8338908425641242
338,0.6087349124819413,0.071684471556914,0.00018268041395652716,0.031976673289007204,0.28742126225818093
339,0.3529290573678754,0.0766173956519981,0.000630778800671224,0.010262929388460329,0.5595598387909949
340,0.3416526366403154,0.5512009084328124,0.007912922565036451,0.013676638485686952,0.08555689387614882
341,0.2930324124670337,0.6036799939529731,0.010341965081668151,0.04776817434387359,0.045177454154451464
342,0.09966013354828766,0.7865844472022641,0.020581214476713773,0.04059921293033542,0.05257499184239906
343,0.1845017954287896,0.5751842286599892,0.0016565948815000881,0.20827860418876085,0.03037877684096015
344,0.08864446288706015,0.6460394169397383,0.0018245400902687117,0.24907294168768102,0.014418638395251886
345,0.21754530893388094,0.6179522449575822,0.000821746834143856,0.13316331073372362,0.03051738854066938
346,0.12603141410258928,0.7795282742928962,0.0025655199876303326,0.08473927230513023,0.007135519311754114
347,0.05149387800600885,0.8721659590815853,0.0024141740462017072,0.0714986467793544,0.002427342086849558
348,0.0360106891432253,0.8942040248593214,0.002511235886545724,0.06412339107780764,0.0031506590331000185
349,0.051545983611107085,0.8669265798261206,0.0016883569666941765,0.07683728730372012,0.0030017922923578815
350,0.039997615515667884,0.926853324141754,0.0028617092611747485,0.027569703749979763,0.002717647331423711
351,0.019020520067130283,0.9539689027537266,0.009546443676818584,0.015339626549118383,0.0021245069532062517
352,0.02961029630737454,0.9199067811250419,0.009758583469196534,0.0360502176601613,0.004674121438225548
353,0.01893654705328354,0.9563876114912468,0.006882748194545383,0.015747932062141902,0.002045161198782224
354,0.02027276143139148,0.9560470680118361,0.00578599631986564,0.016065093480799156,0.0018290807561074237
355,0.014975200223313483,0.9570776222633594,0.009380408047020445,0.017325356073240587,0.0012414133930661177
356,0.02220098194470495,0.9435340342762464,0.016599786560809626,0.016328359804164718,0.0013368374140740578
357,0.014681457863832258,0.9138744551952739,0.06119563855907039,0.008043084933450259,0.0022053634483731664
358,0.012250452475328171,0.9155449932155001,0.06229275708948796,0.007482172749367248,0.0024296244703164273
359,0.00912095724475715,0.7988421508218219,0.1875895775942988,0.003262305702750188,0.001185008636371973
360,0.0065973032483891475,0.7299380700392231,0.25815665425516743,0.003447920954507576,0.0018600515027129682
361,0.003767438622461718,0.7478074157169105,0.24394679374018674,0.002326226379390732,0.0021521255410503213
362,0.010324005192292469,0.7956000348685942,0.18508311955223752,0.005236137315782642,0.0037567030710932907
363,0.013471481315473115,0.6850883806990116,0.2964969430486711,0.0026201643145185344,0.002323030622325621
364,0.0017286449051678527,0.6403416551409152,0.3552670685353042,0.0010307068238854368,0.0016319245947272348
365,0.0022702394043192776,0.42284946280020647,0.5709393085273198,0.001706673695160274,0.002234315572994193
366,0.004267246272365408,0.4992391030364034,0.48703516350058035,0.005090704041899197,0.004367783148751664
367,0.0008241310205198862,0.5611444645857534,0.43572569779571785,0.0007702010760996768,0.001535505521909289
368,0.003682079008948413,0.426829737473716,0.5643968436321306,0.002189231037755757,0.002902108847449183
369,0.001922440311255748,0.4975606990748332,0.4956542573276475,0.0023618278630641748,0.002500775423199355
370,0.0017807714685380168,0.30545098864196185,0.6903418579268561,0.0009015124268115627,0.0015248695358325483
371,0.001554701019578444,0.42273790024418145,0.5714384286840757,0.00207281324714413,0.002196156805020159
372,0.0010913097011535683,0.11843731009408631,0.8781856277773821,0.0011540192028744799,0.0011317332245037424
373,0.001143662393436066,0.06754201959435288,0.9268815037850648,0.0031159752185112603,0.001316839008634956
374,0.005754860529889704,0.15301272993747905,0.8344834345374756,0.0038234175095835433,0.0029255574855720583
375,0.008251130649390632,0.23576414125194836,0.7267012078385533,0.007216578856682615,0.02206694140342514
376,0.02827552871448483,0.4537957875524413,0.45394485961934,0.011951769823161623,0.05203205429057199
377,0.004023236171317803,0.004989367485087206,0.0018632586286944433,0.0014581170086556653,0.987666020706245
378,0.3447815167045815,0.3525346245690208,0.0028216069696814063,0.03849806207243717,0.261364189684279
