epoch,N1,N2,N3,R,W
0,9.287383917785115e-05,1.3129657542410519e-05,4.605103039911851e-05,2.7394374574193654e-06,0.9998452060354232
1,0.00021377087376083656,4.4350445331164984e-05,7.117480023149414e-05,1.868649640926444e-05,0.9996520173842672
2,0.00021840533758555952,1.4061951769468923e-05,1.5115944148469687e-06,4.049296060123231e-05,0.999725528155629
3,0.0004886924559037021,2.269008440486542e-05,1.715985089589303e-06,5.5794255523088184e-05,0.9994311072190787
4,0.0006158298627419226,3.8275058185602206e-05,1.0537676559039661e-06,2.6841285788532622e-05,0.9993180000256281
5,0.0027751896165272563,0.0001084914274852441,7.724089051260194e-06,2.3038384406280704e-05,0.9970855564825299
6,0.0034123452009736975,0.00010603037835752046,6.82933895280583e-06,2.168767847802695e-05,0.9964531074032379
7,0.0005387171473076435,2.763970705503245e-05,1.644039730480104e-06,1.1234875803661773e-05,0.9994207642301033
8,0.001518970853162829,7.325555732180808e-05,4.112127403722375e-06,2.6947318328068083e-05,0.9983767141437836
9,0.0012126473684072906,5.827112599446136e-05,4.517055583031643e-06,1.9560736973448717e-05,0.9987050037130418
10,0.003604113721621762,0.00023228186048947398,4.116213983895488e-06,5.0946641206693905e-05,0.9961085415626982
11,0.0030628619143673115,0.00026426332642415885,6.07317401484646e-06,3.939749992567146e-05,0.9966274040852681
12,0.0010950003763209094,9.104706140287365e-05,3.988423869500853e-06,1.0666406554238265e-05,0.9987992977318524
13,0.0074854879646573695,0.000296857843245417,1.6060124699668288e-05,5.3335242625091015e-05,0.9921482588247724
14,0.019410982770781963,0.0004580438350191167,1.4127412347410696e-05,0.0001304742559577834,0.9799863717258938
15,0.1556425242178359,0.0015001379866826634,3.482379431172642e-05,0.0003845017702194599,0.8424380122309503
16,0.128510643601025,0.0023720627585369714,3.3203965057252414e-05,0.0011138969034648583,0.8679701927719159
17,0.09363382323273169,0.0014535323175353073,1.4175142984614575e-05,0.0014170009709391996,0.9034814683358091
18,0.20116465549724324,0.002862946416139589,3.6760977399998746e-05,0.004742120962057115,0.7911935161471602
19,0.4369574677814526,0.018228003473025823,8.750648094708713e-05,0.016104893474521282,0.5286221287900532
20,0.16665537705098513,0.02249569537491923,5.096778735077185e-05,0.03095550905070325,0.7798424507360415
21,0.03255107349613935,0.0016406693815065728,3.30250741685423e-05,0.0025569418817797717,0.9632182901664057
22,0.10611975576340181,0.06489390157564319,0.00010759915218132902,0.013328653256329957,0.8155500902524436
23,0.13229018613124155,0.029077995954638898,3.859880275259468e-05,0.026686441786252943,0.811906777325114
24,0.14273453504046954,0.10703555032185917,0.0001430116728440734,0.042667679782196155,0.7074192231826311
25,0.06873378743069952,0.18167724569710222,0.0003872939175850178,0.04373707217145584,0.7054646007831574
26,0.011588126510852673,0.0035046585625951214,3.3653687991126984e-05,0.002246154260205236,0.9826274069783559
27,0.007266051765308193,0.0015626803603999851,1.5351823456842183e-05,0.000899757789252572,0.9902561582615824
28,0.3317922546252613,0.06584478940581391,7.183367983679046e-05,0.027500245104471646,0.5747908771846163
29,0.6236935268856288,0.19073138572422357,8.204146997483746e-05,0.02917359487640273,0.15631945104376999
30,0.6214670724545045,0.2103195445569428,0.00013677853436649726,0.033723032198743175,0.13435357225544314
31,0.04480286260227715,0.7546904690402098,0.0017318261562906437,0.017395474833260344,0.18137936736796212
32,0.1303123493794668,0.3549226827825586,0.0007362721509152747,0.42074303459442475,0.09328566109263463
33,0.16418338241981975,0.11692474876989721,0.00014210472270473465,0.23573482361534037,0.48301494047223786
34,0.14888092817301407,0.6392568608078512,0.0013016390211489468,0.18039894626874423,0.030161625729241647
35,0.2157240562138479,0.5465974251962978,0.0015977276030847182,0.21198813689318982,0.024092654093579628
36,0.12675802333469968,0.7926579174510879,0.002769984763349106,0.06617221364233608,0.01164186080852709
37,0.157589709356852,0.5377251138238056,0.0005199514228413644,0.2799776847538746,0.024187540642626446
38,0.19208671744578645,0.5815736973033819,0.0008374575498050553,0.1770772441516415,0.048424883549384894
39,0.21354019131351387,0.5702084963129083,0.0012397722073050114,0.19087305851215097,0.024138481654122045
40,0.28341129438525237,0.5564087807693138,0.0013683730139996447,0.1313989280865788,0.027412623744855348
41,0.15322151181742055,0.7901082792634813,0.006507416622439129,0.03528800518678143,0.014874787109877436
42,0.20180329969903746,0.593971268121077,0.0022212998640507567,0.18722414599297338,0.01477998632286132
43,0.1878649681026733,0.7299256239138314,0.0039465252855797215,0.01933022611551123,0.05893265658240429
44,0.18342897926572962,0.5174459099100484,0.0017801038103897493,0.24740132201611403,0.04994368499771819
45,0.060205812170367586,0.8700796646012148,0.006809472079734163,0.011399686669131423,0.05150536447955192
46,0.014466333412138242,0.03387501151149965,0.0008140053019023686,0.00433646657827591,0.9465081831961839
47,0.2247632899279395,0.06375458266179286,0.0004444887555125946,0.04669170421589603,0.664345934438859
48,0.11684818534283782,0.3716234497203048,0.0027836123589724446,0.014846200433400129,0.49389855214448464
49,0.006269307274317118,0.0017266370415379467,2.6880135967611532e-05,0.00017611191190104272,0.9918010636362763
50,0.07601941574819217,0.003143059711790956,3.322452754598222e-05,0.0006525369294939794,0.920151763082977
51,0.6273117772131889,0.009564801761806527,3.375597388272721e-05,0.0015101516263083868,0.3615795134248134
52,0.8376381485190784,0.045819633782300334,8.66546631576565e-05,0.0022456129094374426,0.11420995012602601
53,0.9485871836667092,0.01551550755834848,1.3366236752116537e-05,0.00529044142131821,0.030593501116871966
54,0.7816773804710959,0.1510187859578619,0.0001702814849964035,0.033346086397225555,0.03378746568882021
55,0.14018553688137647,0.7393416132507024,0.0022629460601737536,0.05271843088189101,0.06549147292585629
56,0.08448222878929353,0.7947175080273514,0.0019247027856493667,0.09361490431586021,0.025260656081845505
57,0.09283960944842745,0.8493732685047933,0.005850805912500781,0.013042407415662515,0.03889390871861596
58,0.10723263320802223,0.8622119524519439,0.0013665104777729907,0.013594853216326697,0.015594050645934089
59,0.2602648931579301,0.6665704262448179,0.0005241645430668025,0.00557261735326647,0.0670678987009187
60,0.2202780282707618,0.7582265737837808,0.0026950559750733368,0.007506556330959325,0.011293785639424882
61,0.23553406954262587,0.7442474586537734,0.0024719486333153323,0.0017747977491851486,0.015971725421100157
62,0.10601838066421329,0.8730811178110481,0.006433301604467065,0.004635895028334969,0.009831304891936439
63,0.22689350153984866,0.7460995813844432,0.0020040228692992075,0.006722553996493274,0.018280340209915723
64,0.017331058882767467,0.972319391170873,0.004672159861661206,0.0017825149694420494,0.003894875115256321
65,0.03642035170529205,0.9192138462793946,0.027097987762516935,0.001922994887715919,0.015344819365080432
66,0.02028488025117007,0.911114938956844,0.06208926057124856,0.0012532637460185723,0.005257656474718611
67,0.0819747662191778,0.8830722371130209,0.006653849306345169,0.009386480763525572,0.018912666597930776
68,0.04396697584640061,0.9219652301722455,0.012478291036546144,0.003573088094927632,0.018016414849879894
69,0.027601573885042505,0.9304000016083175,0.02440743232696609,0.0018941712000289522,0.01569682097964494
70,0.09358706641962335,0.8710596652600437,0.0033826896626111516,0.003972986636921682,0.027997592020800148
71,0.1091003586369296,0.056322173537581996,0.0002422733715495446,0.001035826442469804,0.833299368011469
72,0.294299755455384,0.6630002289804975,0.0026459726588107433,0.0030090941733523914,0.037044948731955574
73,0.21621421292369633,0.7576980528027178,0.0016058114525528203,0.002388829314224344,0.022093093506808464
74,0.3394319420917641,0.6332732177800109,0.0018030439990085229,0.0027453820110175356,0.022746414118198967
75,0.02385274729255559,0.867547065613014,0.091844363144617,0.001654118350938442,0.015101705598875017
76,0.03606850829944277,0.917645223091606,0.020629440573320303,0.008649402343995048,0.017007425691635655
77,0.11198606991433546,0.5178688710572786,0.014965100070042966,0.0015149228693781777,0.35366503608896477
78,0.4321342112154719,0.519854087156018,0.0018354377130245366,0.0237131454020608,0.022463118513424717
79,0.09420539004589348,0.7528028566532475,0.06322767621217643,0.002910066477736007,0.08685401061094661
80,0.18258885821082474,0.7410822765784587,0.014285901951610806,0.002504285168357575,0.05953867809074809
81,0.12269114206041441,0.8296864219929563,0.009310523260909342,0.013348499446499752,0.024963413239220283
82,0.2770829229292075,0.18188874731111507,0.0008519710899126139,0.012091120367188301,0.5280852383025765
83,0.2566146673644623,0.6671542345590017,0.008495814468469332,0.006329504841214859,0.061405778766851805
84,0.1796347140048183,0.05471578196711517,9.142257573990732e-05,0.003715578010089681,0.7618425034422369
85,0.2688364881222052,0.3325265554237481,0.0067312822068139955,0.0010991763086334232,0.3908064979385993
86,0.2275080937608193,0.6664206907141822,0.006665642731706528,0.0026534357237316475,0.09675213706956023
87,0.29440631464814465,0.6839971823329126,0.0027807415583776794,0.009624264247157153,0.009191497213408105
88,0.1520829826884176,0.8017115308908529,0.004200180396744376,0.010879400035947055,0.031125905988038063
89,0.06728625813657084,0.9116409040994131,0.005772707899083585,0.009322717717462573,0.005977412147469875
90,0.10098078157218959,0.811821627857603,0.01130952667714929,0.0014591205025439448,0.0744289433905141
91,0.35847653546403724,0.6160187854603794,0.003146910934589705,0.009494796898018932,0.012862971242974745
92,0.06456480685908489,0.8821644436510224,0.04230664383477178,0.0015101206468714004,0.009453985008249592
93,0.08054655246731258,0.8994940037156917,0.005541913053391675,0.0064264586667721404,0.007991072096831886
94,0.08771808765088891,0.7411477760565082,0.03496674196685792,0.0010804456160022464,0.1350869487097427
95,0.22164842133626503,0.741156495318209,0.006145362311271773,0.0025759925836377666,0.028473728450616274
96,0.08489840610482205,0.8877333825846182,0.021021332792052084,0.0008780207871485539,0.005468857731358974
97,0.09956421911101497,0.8445264668871973,0.04448893129745981,0.0006538978014279718,0.010766484902899926
98,0.0470957035135763,0.9249152305132506,0.020723928328374892,0.0021052869867296976,0.005159850658068449
99,0.11087017438102661,0.8494893549900149,0.021957523986911157,0.0038127647591479374,0.013870181882899499
100,0.01529101771308699,0.723503135865765,0.2532732991760566,0.0019735978815751897,0.005958949363516175
101,0.051139639540554026,0.9117217515106065,0.022271850889535063,0.00292438843612298,0.011942369623181251
102,0.021897157969087117,0.9510988439593105,0.018461624746642192,0.004593993209481579,0.003948380115478856
103,0.07116403622926214,0.7708792728927327,0.07574450934502051,0.0009885009657224564,0.08122368056726212
104,0.015653137456089754,0.9315705782802319,0.04794236100246427,0.0007849552475887012,0.004048968013625418
105,0.04841273925021175,0.7746682150210422,0.16026398195578456,0.0009995948550751525,0.01565546891788629
106,0.039288046576243796,0.9355025587398504,0.015406829254970883,0.003002083474818209,0.006800481954116643
107,0.01942495720566109,0.8540397326292785,0.10882561423693125,0.004341674740272073,0.01336802118785724
108,0.010908057739622699,0.9625780770581017,0.01769177625237741,0.0040576884869753214,0.0047644004629228106
109,0.03195480053567274,0.8983472405873065,0.04391238699805382,0.009420303518277062,0.01636526836068982
110,0.013342904893427666,0.9300409120870131,0.04385701902216251,0.006700652584665072,0.006058511412731636
111,0.10555495440783884,0.1359655169884948,0.0026392243690182816,0.0016906196885794877,0.7541496845460686
112,0.2610095385770512,0.7064517567490646,0.00516897641584026,0.0039448349185945124,0.023424893339449315
113,0.37853113336423355,0.591526996985759,0.0031061298878133532,0.009271107929470347,0.017564631832723776
114,0.25160629540430196,0.698875188358331,0.007616992071558441,0.004140216636227265,0.03776130752958143
115,0.3277055529202894,0.5403795253825926,0.0008474113998885113,0.0297005087730842,0.10136700152414516
116,0.10552610305650927,0.8629664705698395,0.0034342233880370306,0.01117708669430594,0.016896116291308282
117,0.11123126690192295,0.8226175115967754,0.009708006308247133,0.008618543673324963,0.04782467151972957
118,0.09272710580186602,0.7984981754596597,0.014678344871117315,0.022269155501953797,0.07182721836540308
119,0.24975964054890054,0.2240774849913745,0.0004107793212156848,0.10766404092936419,0.41808805420914497
120,0.010245385035583221,0.0044549421371536625,6.491846659195011e-05,0.0017687801792618668,0.9834659741814092
121,0.18470299504318086,0.0043622876422477735,3.572643880486634e-05,0.00863683081687857,0.8022621600588878
122,0.8692210556630418,0.0028647082420559093,4.433280211841161e-06,0.003870733047570935,0.12403906976711984
123,0.7925576759795545,0.13021807895230553,0.0001774518791154951,0.012044447973394672,0.06500234521562995
124,0.5516783029794672,0.2915737295976907,0.00014851330064798087,0.04957375890942505,0.10702569521276899
125,0.2655587863064616,0.598378538858793,0.0002457030353439308,0.09038439124595672,0.04543258055344468
126,0.15175655711462813,0.4961312806099789,0.0009583683659930603,0.23591264908216536,0.11524114482723456
127,0.033010337768700104,0.8927185875504959,0.004760523603196697,0.013805417562702153,0.05570513351490496
128,0.09119916178507097,0.7101580747019103,0.0027496695402517237,0.16151729570597292,0.0343757982667941
129,0.11896140929411178,0.7868050136522193,0.0034485096194511863,0.03274953995255593,0.058035527481661846
130,0.07410606376693402,0.8407743372236831,0.017509575491039476,0.016278162310492065,0.05133186120785147
131,0.11842425647990779,0.7622493048382444,0.0022885975411224523,0.10112344884397269,0.015914392296752514
132,0.2382964425919547,0.6751789152340546,0.0015340520969633804,0.022203601912630357,0.06278698816439698
133,0.259018940229318,0.6926040696388577,0.0020225148458848197,0.028163928602981777,0.01819054668295764
134,0.028112477376807152,0.9571137316983048,0.004347914157148248,0.004204617211620183,0.006221259556119772
135,0.14909649222363527,0.8062405305876822,0.0017534267662054931,0.03646944570802434,0.006440104714452675
136,0.025997883234937243,0.8603951303850313,0.10717165796712215,0.001355003132872264,0.005080325280036983
137,0.04017151507547691,0.9005137948345242,0.03515229333506275,0.0031526902863026132,0.02100970646863346
138,0.0904559732041041,0.8878658587967033,0.006329168783492737,0.006138746571153988,0.009210252644545891
139,0.09059782260194679,0.8020359159683649,0.03318467614933094,0.006564349546685834,0.06761723573367136
140,0.04602707911931785,0.9299058635084733,0.009048050369361833,0.004493591134719047,0.010525415868127877
141,0.16012715890372156,0.1767178498101988,0.0008003601327531586,0.0024981706811873805,0.6598564604721391
142,0.17143760986880108,0.7953105492619319,0.004910340357459272,0.0017487965117352494,0.02659270400007242
143,0.15561713346689596,0.8130157283197444,0.004112875763025819,0.0022046074026607896,0.02504965504767307
144,0.22238223027046555,0.7479514737811409,0.0010558376926449813,0.00183491426329337,0.026775543992455207
145,0.041051501304362165,0.9476812728262916,0.0034542228187390313,0.0038334394193271968,0.003979563631280036
146,0.17228272669630662,0.7988754004042306,0.003898522948198519,0.014746587618114966,0.010196762333149211
147,0.08091495835517148,0.8843068094174081,0.0038515057121187852,0.023312499162931984,0.0076142273523696225
148,0.034488266968386326,0.9025500130572149,0.04515214467436994,0.011440785791227946,0.006368789508800888
149,0.13011174793936822,0.8190755832779634,0.002400313283468301,0.042594193593565026,0.005818161905635169
150,0.06379154167587628,0.904462054060424,0.0042597803467921466,0.008925466789546508,0.018561157127361203
151,0.2769215197307493,0.6718481643105135,0.0017914000065121307,0.03234307579467145,0.01709584015755367
152,0.10715546062895723,0.8553426419115955,0.014768710816608493,0.00723320102293402,0.015499985619904892
153,0.5444057239422405,0.32507279919369514,0.0015091664342357207,0.11302165465553311,0.015990655774295415
154,0.13738369382253915,0.7914282741085594,0.005958097853567064,0.04504497119807847,0.020184963017256006
155,0.27570816392251957,0.20719993414300372,0.00026151633491905396,0.12251967625010952,0.3943107093494482
156,0.22182840018730093,0.46813361522146807,0.0007826416110402031,0.29462126653798615,0.014634076442204618
157,0.12261508683687344,0.8114558448458915,0.0007986670219105501,0.0541155469187762,0.011014854376548307
158,0.024189955675613696,0.943946295789834,0.013640089630902089,0.011349452406313408,0.006874206497336548
159,0.06703738792493386,0.07672881366583875,0.00022763516400146764,0.024839837404211893,0.8311663258410139
160,0.4954867868390897,0.20289520358399588,0.0001870440388721688,0.03538500431638915,0.26604596122165314
161,0.625867973405534,0.33048183432418726,0.00034791278505290883,0.027188283003002838,0.01611399648222282
162,0.3239809288213437,0.6605279708451216,0.0008094020848094974,0.0036268250511875886,0.011054873197537464
163,0.3659196786700177,0.4879260772059113,0.00022290683618976861,0.13791232397215192,0.00801901331572927
164,0.027281050327387407,0.9498019893025331,0.005320904716532987,0.012738255874668399,0.004857799778878166
165,0.17127995463041903,0.7247225302217604,0.0008719433192053952,0.08051821386785313,0.02260735796076195
166,0.03496024658530832,0.8701989214962239,0.002525592853743695,0.08877049992530696,0.003544739139417217
167,0.06616424897410061,0.8757318820429013,0.006238776249731651,0.04327670958053492,0.008588383152731648
168,0.024714159452217825,0.935391122270432,0.027776538951140933,0.007579286554504408,0.004538892771704849
169,0.20761778442384538,0.6949007941464606,0.0017299280442418705,0.04156756810648608,0.05418392527896594
170,0.36532371178840195,0.3559212526232499,0.0006048958181991812,0.07047675805346285,0.20767338171668626
171,0.11622153235033254,0.8134764230341353,0.013519900063801452,0.013352117258471475,0.043430027293259225
172,0.45355085931949674,0.24888473664441582,0.0002765550077913809,0.06608165343812389,0.23120619559017228
173,0.29325617769896084,0.5718199255797026,0.0012750443570076974,0.09377228344801468,0.03987656891631427
174,0.052151695564356844,0.8090978622182596,0.006415483686017275,0.02185829762844738,0.11047666090291905
175,0.027222682785310415,0.7925886785487979,0.023123738584259364,0.004795782121338569,0.15226911796029366
176,0.007013705197047799,0.009035321912113868,0.00011266826839588504,0.0037519577464023538,0.9800863468760401
177,0.0015936693853332215,0.0008082278963940405,1.616930920309761e-05,0.000632950391258667,0.9969489830178111
178,0.0032591642122606268,0.0002185105646010591,4.856940658218071e-06,0.0003819753707740791,0.996135492911706
179,0.022761165103912486,0.00031222745793166,2.8204967620363934e-06,0.000816213368215446,0.9761075735731785
180,0.42062844357644985,0.03640111369415647,7.186901710745361e-05,0.029334491486729796,0.5135640822255565
181,0.10415620461366902,0.026457967380209387,3.438724706669113e-05,0.009560335465059359,0.8597911052939956
182,0.21855880970709163,0.2842941830132154,0.0003476048712755454,0.11543108711912978,0.38136831528928766
183,0.007118503442361994,0.0015982269272008525,1.0650667635585598e-05,0.00389938932812198,0.9873732296346796
184,0.0654205825326709,0.010007805005415581,3.05437782007648e-05,0.006755061238781304,0.9177860074449314
185,0.16525618931537087,0.02228071186449148,3.073342536973218e-05,0.03982043141412366,0.7726119339806442
186,0.5415131872189316,0.05453058650575078,6.0404214037943246e-05,0.082104055131653,0.32179176692962674
187,0.2143356980586224,0.30316042929834014,0.00017869911362219023,0.20266591429402186,0.2796592592353935
188,0.013723479999317145,0.0032462032693397497,3.076310082947574e-05,0.005750134352605058,0.9772494192779086
189,0.1854938273597438,0.2832115740333082,0.00015920128189850753,0.23437084420627308,0.2967645531187764
190,0.4569514901303941,0.02902665368904715,4.544677788152155e-05,0.14087376340674912,0.37310264599592813
191,0.2579668951447339,0.3815893024927288,0.00019308153936887815,0.20450404939070801,0.15574667143246035
192,0.07222716079448357,0.3398910531860144,0.00022142852952998098,0.3759712806469315,0.21168907684304036
193,0.01225833284072794,0.01055272965218188,0.00012329103111622335,0.013798047225943931,0.9632675992500299
194,0.10167496466477294,0.01875230633354234,0.00012780391264129328,0.058295455002769364,0.821149470086274
195,0.7198011727479527,0.07875251134655077,6.492017230312651e-05,0.11299420178017458,0.08838719395301864
196,0.14606831844128604,0.7011499464045069,0.0010217227225548192,0.0245158678614136,0.12724414457023858
197,0.23667824378734134,0.08682771920202706,0.0001168055076216287,0.5804804747003114,0.09589675680269849
198,0.08587957192133305,0.06216291634302309,0.00012560775476746686,0.1532747418780842,0.6985571621027922
199,0.26582103701462995,0.03775887081229852,0.00010427008342661143,0.22247524022990708,0.47384058185973776
200,0.4425620386309212,0.37048022041142126,0.0002574359382732242,0.1152471259253267,0.07145317909405755
201,0.15094821421008264,0.5198312297040879,0.0007763796401766604,0.18033884259294894,0.14810533385270377
202,0.058225786179463224,0.7837272096197498,0.0009146958099462755,0.11829625977253864,0.038836048618302046
203,0.06653036332788383,0.08453056780920308,9.345592021752603e-05,0.35956264794085246,0.48928296500184315
204,0.10953424304103179,0.2623662014079479,0.0004967333638898351,0.42229423588074244,0.20530858630638799
205,0.1186513879963576,0.04140895751681707,0.0002029985485956159,0.039141134202239095,0.8005955217359907
206,0.61264677644518,0.019498562758525056,7.627975581485874e-05,0.024867807017332134,0.34291057402314806
207,0.6512539543032945,0.28963159622425655,0.0001276001586681386,0.03876220307563192,0.02022464623814878
208,0.5292012064088198,0.4124046723443619,0.0014386665943982874,0.03530440431970861,0.021651050332711304
209,0.297568050771973,0.4898954749803377,0.0005460498202869868,0.18277242446848935,0.029217999958912867
210,0.02318279725697122,0.9090615822437527,0.0024763370707328344,0.061697518773896516,0.0035817646546468353
211,0.1396199966970603,0.6061724742018796,0.00031015286120295905,0.24336358479635342,0.010533791443503821
212,0.051011993826333965,0.9051510804489846,0.002856086913814437,0.03641241539526721,0.004568423415599578
213,0.14103092205884252,0.5675705896726181,0.0017448567925425324,0.28291414083382205,0.006739490642174748
214,0.02797917606370162,0.8786985891125256,0.014017140962409072,0.07713547658624625,0.0021696172751175602
215,0.15016818203507185,0.6685848831902712,0.0007859295314015059,0.1623495731018522,0.018111432141403268
216,0.037910094973941086,0.7984099784408611,0.0032063022835009153,0.1555472949741779,0.004926329327518833
217,0.13095752725641654,0.6331266111023114,0.00026085895165652023,0.21683298821269337,0.018822014476922284
218,0.11107617963534716,0.6990105078114475,0.0008965351970415531,0.17611951864484623,0.012897258711317472
219,0.22421601133385527,0.1427285655957915,0.00014280181658515048,0.6098257891244634,0.023086832129304753
220,0.13667553447223307,0.633583802583649,0.0010855535335190566,0.22053990416504715,0.008115205245551546
221,0.10141770797616927,0.09985509513129287,0.00016291001920868908,0.7839502118807872,0.014614074992541908
222,0.07037941392231994,0.5961120343905066,0.0020956277479232104,0.3047543349654711,0.026658588973779204
223,0.11482885825654691,0.3347820942691138,0.0009075234798739425,0.5075774223045416,0.04190410168992372
224,0.09551145970872023,0.6374209163324015,0.00110985842854543,0.17865974360628706,0.08729802192404588
225,0.03547830113876268,0.007255313249565669,0.0001887940373686767,0.020399620362158217,0.9366779712121448
226,0.598543329153197,0.05970360508147849,0.00013619838538044647,0.08491539742711776,0.2567014699528264
227,0.4486966938755279,0.41373543574518107,0.0002877374995818129,0.023106924685910822,0.1141732081937983
228,0.2748129027804813,0.5594695200021084,0.0016918898703624854,0.012524977657234138,0.15150070968981363
229,0.023335684565088475,0.910484742890588,0.022814699226055665,0.02393508012515586,0.019429793193112062
230,0.2110656584844041,0.4336250765970637,0.0013724675815703544,0.31696924342622185,0.03696755391073991
231,0.2098383506646334,0.6122279728102866,0.002017983061507307,0.1516964380233211,0.024219255440251573
232,0.015437691702356255,0.964145441923273,0.00928146967996253,0.00827948629804384,0.002855910396364302
233,0.09996180806777533,0.8710032166553175,0.004340198346083247,0.015418585949536495,0.009276190981287454
234,0.04861854607857696,0.9384585069749625,0.0028896610985055704,0.007064567841865745,0.0029687180060894063
235,0.11131688684562918,0.8246908278111481,0.003924620705622131,0.05700813001204747,0.0030595346255532013
236,0.15667311229635936,0.8054287587023172,0.011201967751882147,0.012432567320130265,0.014263593929311029
237,0.04393040994363598,0.9336251913465211,0.010667874789714234,0.009015315926142319,0.0027612079939866403
238,0.01255249611707582,0.781257545184199,0.19701356095117709,0.002224640511487317,0.00695175723606077
239,0.029647702959264405,0.9571360066777941,0.007104485536348937,0.0029490437016569796,0.003162761124935809
240,0.01990458940688557,0.9314108953486865,0.04027010646391846,0.00302932252131741,0.005385086259192036
241,0.008582375621624972,0.9819483381362425,0.005162284719668386,0.001927118035298448,0.002379883487165782
242,0.02946187857758727,0.8875504121189455,0.0662777681446691,0.0016866028431796766,0.015023338315618322
243,0.037481615098785614,0.928301486345878,0.022265173865100192,0.0016071564392117713,0.010344568251024302
244,0.029687744404520815,0.9588892216318685,0.007119845729565917,0.0009565598747180064,0.0033466283593268703
245,0.00526457191052598,0.5863877816917105,0.4012060962642171,0.00043018248745344147,0.006711367646093051
246,0.009986901417126041,0.9672713133926131,0.019405647550203704,0.0007487164127227405,0.002587421227334277
247,0.003289740340618456,0.8087423965258952,0.17962852760248807,0.0003464259070419593,0.00799290962395625
248,0.027101521794190075,0.9298740247066198,0.03593616397408916,0.0013909843379463244,0.005697305187154563
249,0.0026188899459233927,0.35301325453202415,0.6384040489937651,0.0006157835462250765,0.0053480229820624045
250,0.011154839485835396,0.9433694672995739,0.03523918489622084,0.0011831034152354173,0.009053404903134376
251,0.02418245572794953,0.8605918729569696,0.10000291762944423,0.0014161046178204247,0.013806649067816229
252,0.01295389670727653,0.9654417531039413,0.016236245707336793,0.0015766688964556062,0.0037914355849899954
253,0.027624837741465763,0.7646331205565744,0.19559632162860638,0.0011118802640612427,0.011033839809292423
254,0.07491580431250469,0.9099441370406537,0.006024087987921557,0.004251444848722128,0.004864525810197851
255,0.003966340224288277,0.4393950714635384,0.5533576216747566,0.0005239688963978024,0.0027569977410190063
256,0.033211896591939336,0.9243543857081762,0.027834734049603592,0.0032147503689420325,0.01138423328133877
257,0.0279243255452376,0.9156786235511227,0.04403362991864345,0.004536209637714671,0.007827211347281591
258,0.023808077987876264,0.911577964332984,0.04499066045093629,0.0032651429445633,0.01635815428364023
259,0.2474335492627528,0.40731072495811343,0.001618656841947037,0.0037777779552691606,0.33985929098191753
260,0.053132248075207354,0.9246520397380806,0.010471849783207835,0.002191104055255548,0.009552758348248851
261,0.2508354853741665,0.6613494915095207,0.003654795082617738,0.002188834273509764,0.0819713937601852
262,0.17867642166486655,0.8067541979083617,0.002356379329117044,0.0036988742997711454,0.008514126797883647
263,0.18593432643096225,0.752003905361745,0.0007076973513279586,0.0021352112393517686,0.05921885961661311
264,0.29775367276966375,0.6862531202948831,0.0004618677419655158,0.0028313771436489664,0.012699962049838597
265,0.05572611104206075,0.9304662170434446,0.005004182303230156,0.0007641202524787032,0.008039369358785969
266,0.10472442081292666,0.8827722151704452,0.00413665833841747,0.0027909724581416315,0.005575733220068837
267,0.021539896401028682,0.9499605374081689,0.02196269405128967,0.0015940046625492368,0.004942867476963636
268,0.018699459649611408,0.9366947210411013,0.032900279022520976,0.005553443763456806,0.006152096523309419
269,0.03417976834238839,0.9384698880845164,0.01714581018141295,0.0038531252701893277,0.00635140812149276
270,0.08300402212943436,0.8656537796252946,0.01703235922811077,0.00565837659607942,0.02865146242108075
271,0.0389853376287214,0.9478615042726812,0.004181368261122005,0.003513106251856125,0.0054586835856192265
272,0.04812912215703624,0.8338208316022941,0.09759321365818378,0.004082313133731921,0.016374519448753937
273,0.13242417436970708,0.8379724137014279,0.008017625493146554,0.013133625356749121,0.008452161078969135
274,0.03751725569503601,0.9265117384235658,0.01986551960963752,0.0067191532771762735,0.00938633299458446
275,0.29325089616433747,0.59112076760524,0.0029829965963697807,0.006606861421877844,0.10603847821217485
276,0.18972505924687863,0.782014107558861,0.0071928236059401384,0.0038587839001935423,0.017209225688126596
277,0.21435357963123713,0.7602932778871531,0.008128409770218493,0.004077201726738821,0.01314753098465252
278,0.0847218801842994,0.8717017963751266,0.022707924315717904,0.0017237083561882788,0.019144690768667885
279,0.18641164474647282,0.7913443604590346,0.0023192139239237406,0.012292529652016038,0.0076322512185527745
280,0.022366826572828874,0.7519110292186655,0.19062538186963512,0.0025892664718180345,0.032507495867052434
281,0.1060827132342584,0.8602420686784344,0.012169737879224126,0.004091097987009748,0.01741438222107336
282,0.025654399464313374,0.9577499188713686,0.00881011270494952,0.0023015215316277535,0.005484047427740724
283,0.16272696637064313,0.6990547667262285,0.008192307944737265,0.002025061028209542,0.12800089793018168
284,0.06062013993128334,0.90688650155245,0.025091337504221895,0.0020256325962499143,0.005376388415794714
285,0.10215760698046643,0.7060130991700366,0.14716760335207318,0.002400158781701486,0.04226153171572233
286,0.09901527803013513,0.8585712802756313,0.02763601761000227,0.0017983467897417986,0.012979077294489516
287,0.28540144183843996,0.6348772150213887,0.0055077585168448245,0.003929185362035076,0.07028439926129136
288,0.06458274636401705,0.9077255334882893,0.016892936988263815,0.0030570897755913995,0.00774169338383852
289,0.07012732316986252,0.7611829023083572,0.12262429061090051,0.0022086649397238356,0.04385681897115588
290,0.013642603073179261,0.9614912980102923,0.020225149281778,0.0016257822924897946,0.0030151673422606808
291,0.1904421072162701,0.7155708077857876,0.008934125201881632,0.008692477304775459,0.07636048249128526
292,0.07702862065014458,0.8662856248971337,0.033948808372416844,0.0034931815589072128,0.019243764521397647
293,0.04121563423857214,0.8869000822902244,0.0442475164664277,0.0022024549193701186,0.025434312085405607
294,0.03479527534513269,0.8845628571077098,0.06457330866635644,0.0031744194772417855,0.012894139403559138
295,0.04173981566778822,0.9184856617756578,0.019374247110587193,0.007936156924467872,0.012464118521498683
296,0.007647399944993167,0.673493035534659,0.305904157996336,0.0013120494707430778,0.011643357053268764
297,0.031553147469477516,0.9114214714390482,0.03540448841546289,0.009525273940957767,0.012095618735053737
298,0.04183222732136501,0.8549481121353005,0.03658758555149267,0.006129435298581277,0.0605026396932606
299,0.055330778037824054,0.8618914154562323,0.01128294247295605,0.009451862229248223,0.062043001803739437
300,0.012447822975210915,0.9430535803831689,0.029645136464671873,0.006429860316149036,0.008423599860799382
301,0.09377835704106517,0.07458171616358066,0.00014597710086368024,0.013172524462464003,0.8183214252320266
302,0.26890554433561187,0.45168122205144245,0.0014484072971717012,0.07078243624642269,0.20718239006935132
303,0.4043743852699021,0.14279578435827253,0.00027654126932320604,0.0978201709972449,0.3547331181052572
304,0.09481579463563825,0.008038082266557074,3.799164124442804e-05,0.018291718591219256,0.8788164128653411
305,0.16976090122649662,0.34723656285594684,0.00043200616828200977,0.1067761707877886,0.3757943589614859
306,0.021977458722840335,0.003019557044917304,9.598418931560547e-06,0.010688081106012234,0.9643053047072986
307,0.04720023625874231,0.0034268809260687306,2.707297646905422e-05,0.009351177130221081,0.9399946327084989
308,0.17639260501191786,0.007017250247114853,1.938994604692479e-05,0.01933563998306637,0.7972351148118539
309,0.6518768830485688,0.17268367776656146,0.00013984135490055543,0.03113727169173965,0.14416232613822952
310,0.3936942424619324,0.5100417405072953,0.0008959846595247817,0.04823777092485552,0.047130261446392034
311,0.3786890869969758,0.11946253441665097,0.0002817260981966841,0.47094456100053617,0.03062209148764047
312,0.13843171083701183,0.5445361104992091,0.0006505020377492763,0.2688447237262579,0.047536952899771924
313,0.060485347168082196,0.7156618369173989,0.001701339365985354,0.21075284199904115,0.011398634549492399
314,0.2435771422484723,0.3839592657607393,0.0007541519562070587,0.36121228772095604,0.010497152313625377
315,0.04613405145469837,0.7787492431066205,0.00893440646210921,0.16259178795025883,0.0035905110263130618
316,0.13148872248458437,0.508403680853668,0.0005824549779866096,0.34096504028086777,0.018560101402893173
317,0.02612711659392807,0.7951731295087994,0.002046750226121067,0.17120867640067447,0.005444327270477129
318,0.04425700146673451,0.8329878747503209,0.015539635704523309,0.0893990260540407,0.017816462024380454
319,0.03525887848080169,0.22365547388474954,0.0007855245269860869,0.7313443564608131,0.008955766646649627
320,0.03422299965955696,0.48723847394688197,0.0014048502214956654,0.46197141609354064,0.01516226007852469
321,0.05064190565331187,0.33013083433029977,0.0002547995061195906,0.597288721920723,0.02168373858954558
322,0.16654930221999703,0.37362470987802915,0.00028153757089520866,0.41818452189249766,0.041359928438580995
323,0.209900829624814,0.22476428663356182,0.0007435958462705733,0.543590659066295,0.021000628829058607
324,0.15267452293979775,0.5207055075695439,0.002543583559802979,0.3040776460759298,0.01999873985492567
325,0.10541684192447164,0.6899125924365224,0.0018578602397972825,0.19259187091895313,0.010220834480255665
326,0.08502890381337518,0.2279227477722573,0.0010473755383816658,0.6814068807976406,0.00459409207834526
327,0.03502947239365232,0.801500552034785,0.012994217503468694,0.1455515375408052,0.004924220527288979
328,0.06313103137983181,0.7515335949325036,0.003111362961754697,0.17649059120434835,0.005733419521561607
329,0.019115604206072133,0.9341794420079509,0.008877182219197822,0.03588546204537948,0.0019423095213995816
330,0.1341321260217124,0.6602231170894534,0.003015776706923023,0.19522576128777336,0.007403218894137884
331,0.11839298887840786,0.8285085431794709,0.011958841728206396,0.029738518291668976,0.01140110792224598
332,0.09609726378140845,0.8345447902416471,0.0036801864721912802,0.06258808068162393,0.0030896788231293323
333,0.06486768792168861,0.8835107079080657,0.006664222041137044,0.03858969264918072,0.006367689479928057
334,0.06604148303472275,0.8725705080951764,0.003944862403274615,0.05258973491050095,0.004853411556325487
335,0.0558017899433124,0.8286311284268325,0.0026674136929060355,0.10709529867293983,0.0058043692640091845
336,0.03690455279829142,0.3123303784283558,0.0032341224452095826,0.6423337996789175,0.0051971466492257475
337,0.04489019434774956,0.5223050299047843,0.037319538373460456,0.38193341364230543,0.01355182373170022
338,0.01930137286277328,0.1575085889798481,0.002661126271886442,0.8175341142486114,0.0029947976368806853
339,0.01590067907178387,0.0560034946285039,0.006500683705441444,0.9118618697651943,0.00973327282907664
340,0.013083744164487921,0.0471603354133091,0.005676958092819437,0.930756532075791,0.0033224302535925917
341,0.039040466972925146,0.08655344204909407,0.005557949332382941,0.8641270184039869,0.004721123241610992
342,0.054832812977027016,0.020892925783905975,0.0013554744146757952,0.9120604830213305,0.010858303803060661
343,0.023099969855498465,0.04329681082745989,0.0032601010870110273,0.9272328000366591,0.0031103181933715518
344,0.053503142989677156,0.023856615408039624,0.0019335510324099826,0.736740869632172,0.1839658209377012
345,0.08506157695740617,0.12702899687729852,0.005946398481649157,0.7724684513288281,0.009494576354818093
346,0.04599297703893105,0.051904879388895875,0.002295704160932455,0.8899444117153766,0.009862027695863943
347,0.036887845693051036,0.13624702612849307,0.011273655014282027,0.8067291993847809,0.008862273779393009
348,0.008824498961770764,0.014922352791261624,0.0007211139004084746,0.9720220293109813,0.0035100050355779413
349,0.00882543781352293,0.011841490601538511,0.0015019522476825604,0.9746083549163501,0.003222764420905799
350,0.026431061184029672,0.008485290213117095,0.0007533917315647277,0.9536820486763541,0.010648208194934377
351,0.07543447543599284,0.04602318417778516,0.0019146129991446878,0.8732178029105088,0.0034099244765684543
352,0.043860120883143144,0.021159154464458006,0.0004281158855777949,0.9304152734376157,0.004137335329205511
353,0.10244667373092155,0.17928997997161814,0.005791783893636306,0.7003291566972583,0.012142405706565782
354,0.0934060563981002,0.019391197552941983,0.0006958732470891847,0.8754155138119359,0.011091358989932637
355,0.1056016726179229,0.44876951007966503,0.005145020204008895,0.417448425874257,0.023035371224146076
356,0.039543150164557214,0.3757045898313691,0.008140603864789013,0.5719365905300169,0.0046750656092676935
357,0.15210069445371602,0.18560020741495717,0.0038576237004752517,0.6374917836054631,0.020949690825388466
358,0.028709093520121746,0.31124810921769125,0.008381711382503423,0.6483998502429231,0.0032612356367604056
359,0.04664128649995288,0.2769111870711019,0.051521725397576934,0.6048928337637002,0.020032967267668178
360,0.050687978762769655,0.25432292407840623,0.026356664221269945,0.6657587646423027,0.0028736682952514836
361,0.06257923893767074,0.1428505831914953,0.013291058179334278,0.7732426528842236,0.008036466807276155
362,0.096844902904055,0.25775647751088593,0.025800477139819065,0.6137999106244468,0.005798231820793142
363,0.16982363365688952,0.28913442497079084,0.009510985084986089,0.49381393881894675,0.03771701746838692
364,0.12730770064490315,0.5186120893423638,0.012188833064059934,0.3348744350487326,0.007016941899940498
365,0.07273375879642699,0.8086534635928184,0.023358438305564114,0.09054255058205621,0.004711788723134327
366,0.25377676624359535,0.6673730932758718,0.007504518582415853,0.057329344636990305,0.01401627726112673
367,0.012614677977399921,0.953178162164525,0.019690811088589746,0.013329886595114986,0.001186462174370193
368,0.24780200064397223,0.6580884652587613,0.0026609334946898853,0.06314283822162231,0.028305762380954193
369,0.03894420069281805,0.934529811710739,0.006945652652434277,0.016936089769634673,0.002644245174374146
370,0.05038187981209312,0.9100393637198866,0.014828242727753325,0.014884668297252457,0.009865845443014542
371,0.03511661735740376,0.9188690083203485,0.025139942079707874,0.0064427876519535954,0.014431644590586296
372,0.16157847348564236,0.809432433559316,0.006565441334841907,0.016720986874688853,0.00570266474551105
373,0.018631094519481903,0.9593987652449424,0.015700914730834153,0.004419410718583846,0.0018498147861578666
374,0.2608860917089523,0.6833812915804932,0.0023747729911161365,0.013120454731918613,0.04023738898751982
375,0.028896382512470835,0.9591952840982173,0.005895169287251474,0.0031594448225190446,0.002853719279541399
376,0.10175582664251595,0.7388969141810121,0.03827186643441993,0.006026517511791982,0.11504887523026007
377,0.10313000291343434,0.8661420766923096,0.009989486859175252,0.010390858224529217,0.010347575310551548
