epoch,N1,N2,N3,R,W
0,0.0190077550680837,0.00011327851753211064,4.3905739080962614e-07,0.0001524931968716429,0.9807260341601216
1,0.007962690688351681,0.00010071777701590949,9.977756373233028e-07,0.0003098312782537928,0.9916257624807412
2,0.09708588189393848,0.0006504024248372846,2.113628295575526e-06,0.001378576416154766,0.9008830256367739
3,0.17643914808100936,0.002517406755470196,3.059814723550351e-06,0.0013458096008514306,0.8196945757479456
4,0.3016913722935559,0.0036408900756629008,5.040491176782378e-06,0.0016561687662861677,0.6930065283733182
5,0.6804760799092212,0.0040450335014251566,1.0164469352129356e-05,0.002053230408506712,0.31341549171149463
6,0.7096658980669761,0.019888006770493225,1.7444934558923228e-05,0.0049858401370737855,0.26544281009089793
7,0.36093410832120315,0.2221497192598697,0.00012964580792204565,0.03596323492798598,0.380823291683019
8,0.060553676424009564,0.03870343724216044,5.2659252915164166e-05,0.029327743870656873,0.8713624832102579
9,0.07262072156774098,0.07500320711360972,0.0001280481709807423,0.04773932239669682,0.8045087007509717
10,0.04132283754448278,0.09266964405340883,0.0002113384924096536,0.03524076473904336,0.8305554151706552
11,0.011974486965174143,0.6258117281638133,0.008656166274287641,0.0017782043906357566,0.3517794142060894
12,0.0030280124210885152,0.0024688593524748643,5.171674671545593e-05,0.0015444102442856145,0.9929070012354355
13,0.0030281046584788984,0.0005123267721710407,3.4731619846350094e-06,0.0003040519781713634,0.9961520434291942
14,0.1423408908578802,0.005609835638453183,2.142103380744415e-05,0.001113591693437523,0.8509142607764216
15,0.007141590225213112,0.004071036031083598,3.486922953305055e-05,4.562262354420768e-05,0.988706881890626
16,0.01047529277603073,0.034723280246626465,0.000424470430990166,0.0002474151279453671,0.9541295414184072
17,0.019538986596299535,0.07524879551915833,0.00043767516106785307,0.0005461618768730612,0.9042283808466012
18,0.012301465602092384,0.05126161227289842,0.00012524577679410073,0.00029982155682757653,0.9360118547913876
19,0.009968769704458395,0.09151807885685657,0.00021125146060057553,0.00011176054401611678,0.8981901394340683
20,0.020758861319081647,0.16819564194164288,0.0009700824243211232,9.651996396580527e-05,0.8099788943509885
21,0.026913899310981843,0.1967882223458019,0.0001353657329917423,0.00012697309301018325,0.7760355395172144
22,0.00425428427199418,0.032899149735777296,0.003345438584686616,1.5168536903358486e-05,0.9594859588706386
23,0.07571642379787642,0.2176783921025042,0.00016851882629559926,0.000766970103040482,0.7056696951702833
24,0.05171278855332198,0.32878303470498027,0.00016424295719329274,0.00014033350816558294,0.6191996002763389
25,0.018426422438278998,0.43702884898981614,0.001327290135786407,4.789739219240294e-05,0.543169541043926
26,0.06831889093583211,0.5324635577786384,0.0011533266066547918,0.00012113793145310127,0.3979430867474216
27,0.09555617066051611,0.556614135904747,0.006409246651524867,0.00016435030325104793,0.34125609647996097
28,0.034270956808226824,0.43094084990857423,0.03961495238649371,7.066301321854686e-05,0.49510257788348666
29,0.036300080772740474,0.3832767448846563,0.008678072236520062,9.53184324061391e-05,0.571649783673677
30,0.018058820421979035,0.7345509979118914,0.03059641630202615,3.2408115483875825e-05,0.21676135724861942
31,0.027782885650369096,0.6607964699729062,0.031434424682052944,3.852168069127251e-05,0.2799476980139803
32,0.01274599312060746,0.5038186025079705,0.12505014740573858,3.469465055542695e-05,0.35835056231512796
33,0.027226241605336196,0.5873687460115682,0.08026551627067258,5.12401130867149e-05,0.30508825599933637
34,0.030750627875300425,0.6751849967910899,0.03626282469590112,7.516114155177899e-05,0.2577263894961568
35,0.00483146338078853,0.2134037421917329,0.12461360653735501,3.064085794006794e-05,0.6571205470321837
36,0.016307862747243662,0.4123960010688855,0.028790889879607113,0.00013367008168387645,0.5423715762225799
37,0.011579194217894393,0.6668950859691689,0.06550993805853936,0.0001496493432297612,0.2558661324111675
38,0.026855853163498502,0.2559453629849379,0.06626789009688741,0.00026350267851332765,0.6506673910761629
39,0.043504956990600155,0.7408058251472671,0.08462759951519694,0.0001043437658409354,0.13095727458109485
40,0.022054012935439425,0.5037069984637633,0.13549597197303934,8.064842953896881e-05,0.33866236819821893
41,0.016901741274771526,0.5452594819641865,0.06567582765669874,0.0001663772743791098,0.371996571829964
42,0.016290058289529185,0.6256398428046216,0.2420027781464501,0.000138459980763595,0.11592886077863537
43,0.020943079887581206,0.4478384485778974,0.2127670404349434,0.00021647310054802023,0.3182349579990301
44,0.020516266704355184,0.4970202346858231,0.31867005804874327,0.00023693582511582353,0.16355650473596242
45,0.015045932510340051,0.4645880877476311,0.4623318928102608,0.00022975779283794848,0.057804329138929994
46,0.012204451766029818,0.19816453657316124,0.5061987981274402,0.00015441629384094007,0.28327779723952784
47,0.039544073265700905,0.3002307650263076,0.5634665847329465,0.00024021032505822413,0.09651836664998677
48,0.016304392349043625,0.37686520217429004,0.5300579197578597,0.00016109437424554666,0.07661139134456117
49,0.01689168161830061,0.4150774465324796,0.4627894307162601,0.0001522086742355767,0.1050892324587241
50,0.011139491005928268,0.23018965767334482,0.46450268265757416,0.00010502262663337849,0.2940631460365195
51,0.013684552898615702,0.2673675070044664,0.5511468923260657,9.530285501395432e-05,0.16770574491583834
52,0.01872387685898325,0.39808493054934263,0.515705254264953,0.000148987648542811,0.06733695067817824
53,0.00983460547252318,0.24226688607400768,0.47392558145395586,0.000295733663568842,0.2736771933359444
54,0.01057104021897532,0.23431356278722476,0.5145226464628692,0.0001347360898189895,0.24045801444111176
55,0.014167621020068012,0.27225406631577564,0.4754118809819705,0.0002386283171767558,0.237927803365009
56,0.02055162067680144,0.3026156850492771,0.17906728547237658,0.00025523633860527614,0.4975101724629396
57,0.01962955146022822,0.34947740297505325,0.4791348462257529,0.00021655591651386703,0.1515416434224519
58,0.014260354661911409,0.262296414341902,0.39049361996966175,0.0001443434628227405,0.33280526756370205
59,0.009994500939712473,0.2508390509210463,0.5231018626807131,0.00016398582152937015,0.2159005996369988
60,0.00544948495735682,0.14853985081281973,0.8051712387293162,0.00015241257667988762,0.04068701292382756
61,0.0036201657728536646,0.06753179108436841,0.4457804439824882,0.00012872236723631553,0.48293887679305353
62,0.012754718762566898,0.2255512193078849,0.35198517005932106,0.0002617552384184582,0.4094471366318088
63,0.07513347018758507,0.15556336021505274,0.35366398541924776,0.00039528522878618877,0.41524389894932834
64,0.02610117281737556,0.20247344692076794,0.5267618511284097,0.00033753117737342104,0.24432599795607352
65,0.01367881857442149,0.14878647530533126,0.7858718734261281,0.0002820287741085518,0.051380803920010876
66,0.00945218269306118,0.1446701209559272,0.589883451802198,0.00024845424653067646,0.25574579030228295
67,0.00817211292506417,0.10658497292318625,0.5410756761311836,0.00020976769221627256,0.3439574703283497
68,0.00941749006024857,0.1349991801859979,0.6361921989491331,0.00024283141825119623,0.2191482993863692
69,0.00461885558136456,0.09638476057552837,0.7397454080218494,0.0002196380374446867,0.15903133778381295
70,0.004539800878272844,0.11080134822366819,0.6443424405695317,0.00024604162011292505,0.2400703687084144
71,0.01847906893816579,0.21285347643120542,0.5534663791625959,0.0007584735242857339,0.21444260194374712
72,0.019568860239411155,0.3092783418108933,0.5801163445392463,0.0003877553017827859,0.09064869810866637
73,0.008047962146496295,0.20972470314846658,0.38457709752597197,0.0002149240149155398,0.39743531316414965
74,0.007822630312407168,0.3054858250218548,0.45683205686354883,0.0001504836757432364,0.22970900412644604
75,0.0127003971195682,0.23231481996807588,0.643953880158796,0.00017627688022085378,0.11085462587333912
76,0.008489433572230125,0.2200553426615965,0.669717870161546,0.0001018178216168551,0.10163553578301046
77,0.0034399714238900017,0.2315660422101591,0.6936626618412178,9.850836494828582e-05,0.07123281615978463
78,0.004571927951158279,0.1789351961691962,0.761945264292316,9.071163804293268e-05,0.05445689994928651
79,0.006816283049315195,0.25517929557260105,0.5700793260949533,0.00018597377437617929,0.1677391215087544
80,0.01026408137538339,0.1970379757129233,0.6143212646238674,0.00035630302449060175,0.17802037526333517
81,0.003786498780563703,0.24916369554196238,0.6334236910733283,0.0001257366850869011,0.11350037791905868
82,0.00822912862587543,0.18838864677448172,0.5564840708141704,0.0001716747913567914,0.24672647899411565
83,0.010095595449369877,0.38591442641108126,0.4599393511976005,0.00040066543172346267,0.14364996151022486
84,0.008491305379136014,0.27213889375383643,0.42974744307027,0.00028342678030384826,0.28933893101645375
85,0.012859713966067299,0.20039890700766932,0.5336203128284821,0.00022239896350516176,0.25289866723427623
86,0.005445740693225179,0.23508369661718015,0.3658704186311349,0.0004101411655233641,0.39319000289293643
87,0.01076486220761573,0.26534203014482455,0.46599332487377265,0.0004110021680045106,0.2574887806057826
88,0.006561629894130627,0.23736964042374573,0.623245306361004,0.0002641412922455325,0.1325592820288741
89,0.011774866351315345,0.15585640297378586,0.4157915329222681,0.0004937542373237574,0.41608344351530696
90,0.02674931807311146,0.15532091155635483,0.45804957443059346,0.0003008498276687623,0.35957934611227144
91,0.09017072373720475,0.33335365236343595,0.23994669138496055,0.0006223110230772388,0.33590662149132144
92,0.04821929323552269,0.46512076863004764,0.4327358514169802,0.00047406173681094924,0.05345002498063845
93,0.04090134492360148,0.45846073005319576,0.4742230196960472,0.00016038411630907732,0.026254521210846433
94,0.019749039948139525,0.3893696343361556,0.46427452306968486,0.00010524640720979667,0.12650155623881013
95,0.031914310003494206,0.6875173692913011,0.22235394690980695,0.00023835348673184324,0.057976020308665964
96,0.03694800589215947,0.6591061663266835,0.27241497449061053,0.0002149149921212271,0.031315938298425286
97,0.010780239153132925,0.4562725799541678,0.5081219233774016,0.00010246387192947902,0.02472279364336805
98,0.009060539160619222,0.5437050385467446,0.42381481172103364,6.45782244998851e-05,0.023355032347102733
99,0.0023163319600452087,0.26492265870917336,0.7257861895657168,4.2305258053832435e-05,0.006932514507010683
100,0.007516789411179875,0.20782788202789282,0.7802028606264348,5.431067560279781e-05,0.004398157258889597
101,0.0017801204025024607,0.18498288852363132,0.7970655282193373,3.236981806993017e-05,0.016139093036459124
102,0.007791486196330156,0.26850764605387134,0.711302572201897,6.14207675285098e-05,0.01233687478037305
103,0.0011821649091728094,0.08618834320695257,0.908849522982606,1.5933240413092976e-05,0.003764035660855384
104,0.010662805622547667,0.3309632150505472,0.6438934944420474,0.0002944772939944454,0.014186007590863263
105,0.1858380476370465,0.7605332867061055,0.030853903113180096,0.002047568305819211,0.020727194237848662
106,0.06386753178397762,0.8761963433776098,0.022205373552136306,0.006449163170544862,0.03128158811573132
107,0.09909989970840773,0.8425611132243842,0.010755164658387906,0.03939193121850153,0.008191891190318726
108,0.044399285537011716,0.8707156187113443,0.064546593882727,0.013301103449425575,0.007037398419491174
109,0.20511254087494094,0.6280878157719909,0.0009115436127431728,0.1428681168774895,0.023019982862835457
110,0.05273146038908439,0.9083891392624954,0.009566862408668102,0.019525149291905134,0.00978738864784698
111,0.06515861111582945,0.5721167765969231,0.002944255266694984,0.34897305367042597,0.010807303350126586
112,0.2657236931312875,0.33039930078896856,0.000362002776143109,0.3621167281479409,0.04139827515565994
113,0.048200255039423594,0.32824214540967084,0.0013590896472835982,0.6091470900638953,0.013051419839726727
114,0.04711951213739872,0.6440567794196264,0.0020956021609844365,0.29879796947470566,0.007930136807284811
115,0.14415198441253937,0.3442592716898255,0.00029328688504141767,0.4973265369306251,0.013968920081968522
116,0.06194431639366605,0.13949587863168578,0.0001675101428475246,0.78240725681054,0.015985038021260535
117,0.08006966143199802,0.17348355231190032,0.0001411851054724938,0.7313045910584492,0.015001010092180002
118,0.11583983201977228,0.12854624473926754,0.00020649840278302625,0.7372947366310644,0.01811268820711297
119,0.16956095078431752,0.1654852404665725,0.0001429016984997827,0.6301036009548717,0.03470730609573849
120,0.07528174828769847,0.04202712859757182,6.373227595452196e-05,0.8649930268249588,0.017634364013816375
121,0.045855660997014526,0.08478622215487532,0.00021874230724566726,0.8567251649128669,0.012414209627997686
122,0.04324666330277068,0.03791738832199869,7.80679085974958e-05,0.9014608875564221,0.017296992910211025
123,0.06524542311998902,0.04226466312071655,8.749208716135205e-05,0.8716477437261787,0.020754677945954324
124,0.05671719371807301,0.05762662288150814,9.0842537624336e-05,0.8729254819512695,0.012639858911524986
125,0.05015319815365201,0.02934848713110493,5.615067936289393e-05,0.9128510293289933,0.007591134706886941
126,0.045075402433006076,0.03961316640196677,5.528214673811536e-05,0.9015842436081739,0.013671905410114978
127,0.06599553803405207,0.03476180988586343,0.00010813691087637295,0.865908581350542,0.03322593381866606
128,0.15004817445052923,0.04296273816858517,0.0001344037253499651,0.7840361944986263,0.022818489156909358
129,0.17710731458365117,0.07072444735820164,0.00014170704165436852,0.7084555854897535,0.04357094552673939
130,0.10675454658031763,0.09156433411604223,0.00031637616164805984,0.7455841398376457,0.05578060330434639
131,0.08108686057900837,0.015444671082407633,0.00020458923342242297,0.14329079676449527,0.7599730823406662
132,0.548282142963626,0.029870201606144925,6.005986961114733e-05,0.3465648989196726,0.07522269664094546
133,0.7781078078840524,0.03118397357815179,7.932911950154208e-05,0.11873602285686144,0.07189286656143269
134,0.523683958708502,0.2656355665319004,0.0005617042325114116,0.0455640764409346,0.1645546940861515
135,0.20939891272991276,0.3891141258787717,0.004650225776135457,0.13554958254972427,0.2612871530654558
136,0.10509469254973629,0.013856284541015606,7.782566642664901e-05,0.01595826930614531,0.8650129279366762
137,0.3204044266196363,0.23753525301333778,0.001781059551683975,0.02170401671958327,0.41857524409575875
138,0.050978693260567275,0.12876400211858566,0.0011006344744039797,0.0013127360752716074,0.8178439340711714
139,0.02187612568878279,0.0013581443910470796,1.767092144082222e-05,7.481684038293506e-05,0.9766732421583464
140,0.01109009387106787,0.0003226346055775507,4.98940055134942e-06,5.015260391077364e-05,0.9885321295188925
141,0.009203484617404677,0.0005766206387556734,7.157106665936609e-05,0.0002475506381224577,0.9899007730390579
142,0.001373192946829666,0.0010390903355591205,4.438683510916747e-05,0.0004052802279451133,0.997138049654557
143,0.0047742759686784575,0.001440766291460663,4.344888326013714e-05,8.112777121208403e-05,0.9936603810853886
144,0.0016238157198048598,0.003326266761308323,2.31058236956036e-05,5.9654717479916565e-05,0.9949671569777112
145,0.0010823883602206815,0.0038739885467862704,7.948252532227496e-06,3.771819883547301e-05,0.9949979566416254
146,0.01800651570772586,0.009188426368093937,1.7836316856136024e-10,0.00015733669313934792,0.9726477210526776
147,0.1008052660859467,0.0007308339081526336,0.00012455771378489945,0.0008705154959771416,0.8974688267961386
148,0.0023884342261521765,0.00040382065404992484,2.7844773133359284e-05,0.00010227848042527598,0.9970776218662394
149,0.002046206508167684,0.00161129069110168,6.669088720915432e-05,0.00021221226251194375,0.9960635996510095
150,0.0018350971029866506,0.00046688292394452365,0.00014764566797944017,0.0017670818701931784,0.9957832924348963
151,0.00893337312052357,0.0008913298361364188,6.262559716286803e-05,0.0006116314116113278,0.9895010400345658
152,0.029345991259689116,0.0008555622979403518,3.449266884921427e-05,0.0004934080113803974,0.9692705457621408
153,0.00821456394942191,0.0004018255723155482,4.114299766606228e-06,0.0005139571490478873,0.990865539029448
154,0.002692418705843047,0.00018826133691540853,6.821729272733058e-07,0.0002661692052505975,0.9968524685790636
155,0.012576964199517043,0.00047698176923968705,1.1717737784349388e-06,0.0007387263409122087,0.9862061559165526
156,0.13634785561167048,0.0026811676638682546,5.746179136392631e-06,0.0030187659158128805,0.857946464629512
157,0.16450663943527558,0.009228807680972468,9.61797966495893e-05,0.004826151939750019,0.8213422211473524
158,0.009424494898116396,0.0005599294892189351,3.0970083264484024e-06,0.000372201173204536,0.9896402774311336
159,0.05141205887559023,0.0008333277750267903,8.24046128419945e-06,0.00041856488693744424,0.9473278080011613
160,0.9020375962486767,0.0062715071963935776,1.4242584016730806e-05,0.004566362232017559,0.08711029173889549
161,0.7414104817040162,0.09444433767976874,0.00029544641638334603,0.008786491689370872,0.15506324251046072
162,0.1722698745787839,0.566426660448284,0.008990700616641449,0.057317709039264766,0.19499505531702582
163,0.12406604048551535,0.35378048298927606,0.008452632187620459,0.1536767919136095,0.3600240524239786
164,0.15980889726180555,0.2072411675884213,0.0004448608589428254,0.5490305896201816,0.08347448467064861
165,0.18996040673466297,0.21887784297264343,0.0012250099943495244,0.5518419665639192,0.038094773734424874
166,0.19978331676421432,0.3347311347845912,0.0007156703897880359,0.4276430633913861,0.0371268146700202
167,0.30302076619693025,0.22575673335096919,0.001506757424519226,0.41929872218838804,0.050417020839193284
168,0.14179655881401287,0.39189018128215664,0.0074551595038214805,0.34440639295128095,0.11445170744872812
169,0.11115690752532131,0.5064560741268687,0.02987542552496156,0.2775225816519827,0.07498901117086576
170,0.32366481726595897,0.3588961465421404,0.0017225413613322848,0.1914141603556604,0.1243023344749078
171,0.4731020957219125,0.07212739538557834,0.00036437105602865323,0.0983527062265475,0.3560534316099331
172,0.45477667346058803,0.3511733397611931,0.001006625717990007,0.12562209386577242,0.06742126719445649
173,0.5837916873709377,0.32029963385648386,0.00207119955668466,0.04768961124595029,0.046147867969943475
174,0.17086098642196706,0.7517138472740762,0.008866236238691459,0.028831375931234922,0.03972755413403033
175,0.0843911213154253,0.6487459765553195,0.005489077947287982,0.23991925208771894,0.021454572094248302
176,0.03237981495780395,0.8808896098471305,0.03462084785512169,0.038578212640487206,0.013531514699456945
177,0.07778519246414685,0.7054160328330465,0.0013755344417490328,0.19485864794419805,0.020564592316859642
178,0.197426517821817,0.46975595261670994,0.013604889624160395,0.25310146234188313,0.06611117759542966
179,0.03748868242173649,0.027058633372291425,0.0006226423647586898,0.0045768654183308615,0.9302531764228826
180,0.4573132107292508,0.3982613093927546,0.005136236863833184,0.017351493580570542,0.12193774943359097
181,0.7751844054817862,0.07256279966836118,0.0002527766984192488,0.004201534784906526,0.14779848336652662
182,0.2945020370673492,0.6267230673264398,0.003387403375765114,0.005561488269838337,0.06982600396060765
183,0.05347657782905152,0.918668660878838,0.016456966967530882,0.006995274283952346,0.0044025200406269845
184,0.3276290819491617,0.21137451174562566,0.002889760065342313,0.008647718787222057,0.44945892745264837
185,0.1628152165923632,0.7766547912989622,0.020302582415682037,0.011537038445928927,0.02869037124706369
186,0.021626344310841126,0.7882806845885152,0.1645144909178066,0.0032184809140164356,0.022359999268820648
187,0.2884953718267645,0.5987324749569816,0.007476518499219964,0.012757155078238517,0.09253847963879558
188,0.10384264713576499,0.8390745455009339,0.02764045034636293,0.01003860246028832,0.019403754556649732
189,0.0771869531578412,0.7930129607371783,0.018512102768220424,0.002997676386828512,0.10829030694993153
190,0.7335750090816555,0.0921158985965829,0.0014788022234241732,0.015143035974132022,0.15768725412420548
191,0.14055323673426567,0.7634079653193828,0.044556944056794674,0.005926181000601056,0.04555567288895584
192,0.1443666349755176,0.7953782767242817,0.012294121537566902,0.017479528191035803,0.030481438571597904
193,0.034257043303347105,0.863479916725733,0.06352441580033329,0.01417170080221926,0.02456692336836744
194,0.06071731161694338,0.06938078164713561,0.0005478946254503916,0.010980327274464838,0.8583736848360057
195,0.4150834159029521,0.4926510631509515,0.013335395953832636,0.019485251001400222,0.0594448739908635
196,0.07255322118747971,0.8584788658696988,0.04166528238483257,0.004660610727753177,0.022642019830235786
197,0.1306359011298566,0.7940519114439029,0.048298182812647736,0.006772908808080308,0.02024109580551271
198,0.1492225436315374,0.7576408520859073,0.009599634192389682,0.04735431268563396,0.03618265740453159
199,0.02265606462859841,0.9446087981902169,0.016042891549389367,0.011770844172610056,0.0049214014591852685
200,0.09571071742328176,0.8475752738468969,0.01990164267237631,0.022319418653770934,0.014492947403674072
201,0.04543168982392817,0.8815372662130786,0.03372807191497196,0.0153885128710675,0.023914459176953985
202,0.020993934200922684,0.9469123042140554,0.020407369343456515,0.005109986463431199,0.0065764057781341045
203,0.06685807219523018,0.8758979468099178,0.018477284655069894,0.007634885610432704,0.031131810729349313
204,0.02080587623534132,0.9121732653993903,0.0407349183173893,0.007993220464464237,0.018292719583414895
205,0.048173128003674084,0.8737803079650531,0.06256150699703245,0.0058877763338327374,0.00959728070040741
206,0.026033431717912933,0.8787914853045196,0.06624872177349952,0.004946194544075797,0.023980166659992072
207,0.040051400698233264,0.9096720992916595,0.02968847726334467,0.005596086200333918,0.0149919365464286
208,0.024716463207986396,0.9123764471876131,0.03997855094706615,0.0030633423322200424,0.019865196325114264
209,0.03813876187994426,0.8603213678914067,0.08913878741345817,0.0011635079984029767,0.011237574816787867
210,0.014791988483404659,0.9062019667788078,0.06920021788044542,0.0006316279947692853,0.009174198862572714
211,0.015545773906286859,0.784491330966178,0.1854221490335222,0.0005075839971552589,0.014033162096857602
212,0.029717868927953663,0.779382582483907,0.14853179621593088,0.0010882489188454587,0.04127950345336283
213,0.029325745230142718,0.8638425425806197,0.09907014055512404,0.0004335803930389528,0.0073279912410746375
214,0.014959842454730378,0.6984480200335351,0.27212459877677586,0.0005955056344212329,0.013872033100537489
215,0.013168644057394733,0.7779126543828994,0.19986340013052176,0.00022777079000286586,0.008827530639181382
216,0.005182426585594792,0.5152717671271758,0.4660744741998405,0.00017249717327585457,0.013298834914113097
217,0.009578809505238192,0.7681227775795189,0.20227049792363627,0.000362060623236331,0.01966585436837036
218,0.01007736382683671,0.8828698130039143,0.09807258374042976,0.00019517500438869266,0.008785064424430507
219,0.004225856193177018,0.5380016186093962,0.4490624683677132,0.00018986670908174142,0.008520190120631843
220,0.0051283808158857245,0.5666345770674514,0.41977195345243534,0.0003076991376342779,0.008157389526593301
221,0.0054500959919934495,0.5981451931658442,0.3886969113173607,0.00027468079818047703,0.0074331187266212
222,0.013287305395107203,0.5493608504313354,0.3847555295577572,0.0005043326936709128,0.05209198192212927
223,0.033237913179612645,0.9397496911823503,0.019152865382287155,0.0005189300721314279,0.007340600183618352
224,0.0169162176611478,0.7615378506554494,0.18750187545723396,0.00045969868828956307,0.033584357537879195
225,0.008116940320983845,0.7149169535727501,0.26824007883315,0.00024063003297593042,0.008485397240139962
226,0.009375763128485782,0.8562777098254368,0.11603053588966825,0.000424912759927764,0.017891078396481252
227,0.012445985976494331,0.7883244670048138,0.1869237848358449,0.00037046930590357385,0.011935292876943395
228,0.0036908352414520293,0.44987972994897646,0.5316334493109757,0.00013973988308702129,0.014656245615508825
229,0.024134879310119765,0.7229328075067428,0.24334682586925024,0.0004961429483295884,0.009089344365557472
230,0.006044589770807084,0.38028561722240717,0.6090973729160456,0.00015627251658185886,0.0044161475741583646
231,0.01332100512201388,0.7932547729929592,0.18550996664645444,0.000778557068062133,0.007135698170510253
232,0.009567729747067575,0.7987904456181374,0.17884264539811026,0.0004029098212360363,0.012396269415448812
233,0.008525699068397688,0.7248946132108912,0.20243913613436973,0.0005389398567755119,0.06360161172956585
234,0.01424599023655229,0.6777496618733925,0.2968343111821644,0.0006181867351949888,0.010551849972695803
235,0.021750590522989815,0.5956313709341743,0.3666300342872611,0.0007341283500306789,0.015253875905544065
236,0.020704777807595668,0.6349487158520829,0.32863079044204074,0.0005492288615922143,0.015166487036688643
237,0.014933975372496355,0.5782423966797459,0.38588437015093857,0.0006545879360667839,0.02028466986075239
238,0.024473786346818936,0.6919892234484855,0.27562569194262676,0.0008770576248688361,0.007034240637200102
239,0.016115486367657236,0.3860395924691885,0.5914398523595578,0.0006854087155014995,0.00571966008809506
240,0.020996178489115308,0.6088376948893592,0.36063065069085104,0.0013093535867569304,0.00822612234391756
241,0.00879704058519985,0.476936000697584,0.505164712135353,0.0004963711894408573,0.00860587539242228
242,0.021067285588901766,0.5561266040359053,0.3862786712195628,0.0014790099978683152,0.03504842915776181
243,0.033497713950563085,0.5499728848919474,0.393835674051123,0.0007592288027771227,0.021934498303589373
244,0.02215801393306736,0.2468367926016195,0.7113145969897405,0.00028522370166382386,0.019405372773908768
245,0.048734476037867354,0.4892785219906994,0.4058561932673889,0.0006608747029899788,0.055469934001054426
246,0.014404147790353558,0.260963668461597,0.7168774606948385,0.00034173761808351373,0.007412985435127422
247,0.0157044657667309,0.3342243884198614,0.6315292057472487,0.001763879524910627,0.016778060541248346
248,0.007264529268857199,0.31174517353811076,0.669794566353534,0.000326154396467419,0.010869576443030713
249,0.0021079345728425396,0.20189954232674365,0.7898512841334094,0.00036519585023238413,0.005776043116772113
250,0.0036365485616774483,0.1275918920090757,0.8602226923389625,0.00032218611092748933,0.008226680979356912
251,0.002945462431850924,0.19809581752198738,0.7909272962552328,0.0003969670675768092,0.007634456723352225
252,0.006022544248476295,0.1963841041226421,0.7846473786960012,0.0003099826403782045,0.01263599029250221
253,0.0031863078982439998,0.1564989082369807,0.8337449871384476,0.00014879887341650216,0.006420997852911192
254,0.0024355419500819587,0.12831191415550874,0.8599235145258265,0.00010917308701027577,0.00921985628157254
255,0.0034687896998978423,0.11123784818029753,0.8819802791460922,0.00017749248571043453,0.0031355904880021874
256,0.000871347724169831,0.06152156423053498,0.9352057223405496,6.0189719993781517e-05,0.0023411759847518053
257,0.0027252550421257033,0.13643786588361717,0.8563285312533769,0.00021734454039982784,0.004291003280480367
258,0.005976106397751219,0.16190257297271723,0.822277414508109,0.0003609710243828576,0.009482935097039603
259,0.005260831115061617,0.13281762415255596,0.855628947486986,0.0002684796843483149,0.0060241175610481375
260,0.0011852968857698587,0.08483723143063424,0.9109804655615287,5.221935600133699e-05,0.00294478676606594
261,0.0020763209809353555,0.0845681536904461,0.9072299214583259,5.620273289992969e-05,0.006069401137392877
262,0.0013255835607029877,0.0868488801516952,0.9076537203896671,6.704784872569816e-05,0.004104768049208819
263,0.0010146823078823284,0.08454777888208553,0.9128780034272223,4.281974830245116e-05,0.0015167156345073766
264,0.0014243444112893877,0.115344813885622,0.8811814012361312,4.6863824915853896e-05,0.0020025766420415448
265,0.003481041692239919,0.1493148609265035,0.8398770877530117,0.00010148155336764705,0.00722552807487732
266,0.0010910989381576668,0.11852285810287398,0.8777895223026185,8.746573586502721e-05,0.0025090549204849905
267,0.0019468617885787518,0.1248418840548169,0.859606854715085,8.311366269318847e-05,0.013521285778825966
268,0.005184938256938776,0.13272675093386183,0.8532147760985324,0.00010325186874262403,0.008770282841924546
269,0.003412923946628226,0.14944998200812612,0.8356612183642099,0.00017355010758411565,0.011302325573451608
270,0.0009297518837736473,0.05343604133525764,0.9406847704103379,6.643417244499076e-05,0.00488300219818595
271,0.002406451345524728,0.09151097535169474,0.8897938839611793,0.00018995573403020593,0.016098733607571067
272,0.002667602138471218,0.10830652424801494,0.8842715824627156,0.00018708122908907705,0.004567209921709077
273,0.018759831362282348,0.5048297236366708,0.46390017938745287,0.0015162644751303468,0.010994001138463723
274,0.08218914859730067,0.6864806755681815,0.20125225887604445,0.010731625633766558,0.01934629132470677
275,0.0321487128612447,0.8785277567433133,0.0559310920704089,0.007820288633088429,0.025572149691944508
276,0.12402917737938397,0.7454998534783608,0.019372175750355495,0.0061235209185490705,0.10497527247335066
277,0.28513597615787534,0.11343752988264301,0.001641181471296754,0.0029821686803732763,0.5968031438078117
278,0.2931280833002745,0.6767248381427552,0.020116401483986367,0.0004935745918063578,0.00953710248117773
279,0.07545474498908719,0.8482512869830569,0.06703897252556966,0.0004167813117712031,0.008838214190515224
280,0.08224581739498488,0.8834542554149559,0.02252370431263708,0.0014222245928360402,0.010353998284586033
281,0.005684172386414066,0.8890753184892072,0.09768702334436068,0.002211527181142776,0.005341958598875365
282,0.21497374636587113,0.6944505967550864,0.002103295342299699,0.013301435541216378,0.07517092599552654
283,0.04779265563161774,0.8812274884372416,0.060741923240093365,0.0008809345701322475,0.009356998120915033
284,0.02175447373508167,0.903785250093035,0.06980953472122652,0.0005875302295735421,0.004063211221083301
285,0.044027670500321345,0.9173628292178864,0.03259989718564381,0.001252257875056603,0.004757345221091859
286,0.02406573466567201,0.8404702987876747,0.12192625525469049,0.0034114154418892675,0.010126295850073797
287,0.014038601126703775,0.9372045473290346,0.04201946351073568,0.002159126386559275,0.004578261646966686
288,0.04418554565930841,0.7927764497597779,0.011302975939155245,0.002458637500612547,0.14927639114114594
289,0.16923682950463148,0.7065937995493756,0.004831695401779523,0.004704414046775578,0.11463326149743763
290,0.04753150734409633,0.8964959484147996,0.0438217695014525,0.0021429838030545515,0.010007790936597032
291,0.04405520396662061,0.9157687291302237,0.014078559538604693,0.001214793793456065,0.024882713571094922
292,0.04578106013411473,0.9275549558043852,0.010497799673340219,0.004570955959656182,0.011595228428503699
293,0.08362669407674443,0.5599693482846342,0.007322000761554552,0.002942127156537737,0.3461398297205291
294,0.4500653675220765,0.3034419788298845,0.00031445341952955895,0.0009994511577425895,0.2451787490707668
295,0.22888529763266477,0.7501917480255734,0.002672482221313158,0.0004287337001089633,0.01782173842033953
296,0.07748505828656342,0.8992764386885733,0.008851842772771915,0.00019958828114753407,0.014187071970943991
297,0.30137225282326363,0.6732907922604356,0.005559272324538497,0.001557397319223102,0.01822028527253901
298,0.0180167034361254,0.8241885110871751,0.1417238900791794,0.005474632781785417,0.010596262615734672
299,0.13894174182450064,0.7630018084599441,0.00615272078455687,0.06866559036639516,0.023238138564603165
300,0.016142368636660274,0.902229507984187,0.02812274237371233,0.04493797575874287,0.008567405246697617
301,0.13698027151939435,0.3918508008939779,0.0024166929618200527,0.4459274801989652,0.022824754425842402
302,0.08803000508584767,0.42001273274586864,0.00039694174962240294,0.47818245933788417,0.013377861080777133
303,0.14393560550493256,0.18135569318258035,0.0003079131870966032,0.5917257100196363,0.08267507810575427
304,0.10278711343491342,0.16767198939100755,7.599790127240034e-05,0.7221479754420767,0.0073169238307300615
305,0.11745087595550141,0.10776660521269268,0.00012716196417278692,0.7622756112000523,0.012379745667580905
306,0.09216594599589036,0.04080058672495172,2.7334032591954925e-05,0.8602519409968218,0.006754192249744066
307,0.04421381858757141,0.030831110578170794,3.749065575805908e-05,0.9196570766589364,0.005260503519563439
308,0.07765569534612725,0.09561947174054397,4.558596438015409e-05,0.8056393445984267,0.021039902350521944
309,0.07293129274753624,0.07167340368670325,4.648519061023725e-05,0.8422723773963403,0.013076440978809915
310,0.08679456159381206,0.057875194272116924,6.883557800520593e-05,0.8383769363601263,0.016884472195939578
311,0.09401689271313583,0.05506542481631546,6.274823787024904e-05,0.821985782250062,0.028869151982616418
312,0.07902572714977471,0.07374886794939256,0.0001494935440470146,0.7491958277491951,0.09788008360759065
313,0.23669475212096286,0.04353517849709421,5.6738820315352244e-05,0.696214890798548,0.023498439763079564
314,0.20759135130989992,0.04890812279474118,3.279231276428684e-05,0.71170592019181,0.031761813390784516
315,0.12319090067377748,0.059124797290212416,0.000541245609593052,0.7166365298510355,0.10050652657538156
316,0.12153732923880939,0.032264700114949946,0.0005372646443281105,0.489621134931994,0.3560395710699186
317,0.27718159175061563,0.03155131685197992,0.0002132244982184703,0.6748951289734002,0.01615873792578585
318,0.175972040378882,0.04116764156625761,0.0007321178397742961,0.6728199670541122,0.10930823316097393
319,0.37102969511971745,0.035932180552217245,0.0007160165395615414,0.5714085525581944,0.020913555230309286
320,0.03382488746031291,0.016706051358870037,0.00017037090905210143,0.943985439226527,0.005313251045237927
321,0.024850707590120685,0.0195513503122958,0.0004450680827504012,0.940015378340629,0.015137495674204181
322,0.02760645840572715,0.009326811486232843,0.00012205647055686486,0.9565514083826202,0.006393265254862988
323,0.03560247677387991,0.010517492000054205,0.0006079330569616098,0.9157063244861253,0.03756577368297888
324,0.02257930856800451,0.003911975326975587,0.00010827719626869659,0.9699232989696083,0.003477139939142871
325,0.018132061289133725,0.004770667650919493,0.0003755668976466177,0.9715561004876127,0.0051656036746874755
326,0.06276965618635359,0.010794798486615345,0.0031616189513490912,0.9124369496560323,0.01083697671964973
327,0.013305319371619134,0.0048036522407494025,0.0005831968184284345,0.9740749185176636,0.007232913051539379
328,0.011920606942131325,0.005330398637096879,0.00043266105204794726,0.9778134561295442,0.004502877239179633
329,0.019989689556880397,0.013088567687426346,0.0028777207914139446,0.9270314164514393,0.03701260551284005
330,0.07549081288813779,0.016239512894493022,0.0035329714383324417,0.8644395306433751,0.04029717213566159
331,0.02733553486970627,0.013825955786606621,0.0005474790638751194,0.946163554297351,0.01212747598246093
332,0.09673797813179685,0.014735152608908259,0.0019920241773489955,0.814032778392889,0.07250206668905673
333,0.03904161431704732,0.02972812285155542,0.00023988459688873852,0.9235544105334922,0.0074359677010164505
334,0.02028145515201442,0.009115938585925147,0.0003076933028616758,0.9432663864888884,0.027028526470310475
335,0.12406588578700598,0.010878195352552538,9.127099369058175e-05,0.7086102598984155,0.1563543879683353
336,0.2590822413136791,0.014123705481076504,0.0001707517945137938,0.6408264045399963,0.08579689687073425
337,0.3230693666637258,0.017220550711566324,0.00016935388148400893,0.6285493215583343,0.03099140718488959
338,0.5059616511846569,0.03249010818720131,4.739512500625607e-05,0.4168699429488242,0.04463090255431144
339,0.04158584713290497,0.015405101497469246,7.303825265402441e-05,0.9322703281910625,0.01066568492590936
340,0.011465996551889599,0.013272987557138738,4.8803222992730116e-05,0.9702024013932768,0.005009811274702002
341,0.012937675037761944,0.022170885512046275,7.619217093832516e-05,0.9578395661659942,0.006975681113259077
342,0.00876275131355031,0.009747051492077417,3.620042412911594e-05,0.9778583142898494,0.0035956824803938477
343,0.009844617522783542,0.008221444388612689,2.0980342683343022e-05,0.9793119221291866,0.002601035616733776
344,0.024575982180596617,0.030520337951844195,6.006520631473021e-05,0.9413332004405496,0.003510414220694813
345,0.02364169436178472,0.013073599040770557,3.473068340631233e-05,0.9562269511859072,0.007023024728131206
346,0.04469030247454256,0.014868825219222542,2.803366943321372e-05,0.9334977614471691,0.006915077189632609
347,0.09330471777929364,0.030604034483704447,3.743571538741738e-05,0.8648708557948006,0.011182956226813924
348,0.08959445740421036,0.04458176924350638,8.054081708386443e-05,0.8262951469695482,0.03944808556565117
349,0.052903353159785,0.038037962379718536,6.171486094634534e-05,0.88645049109425,0.022546478505300026
350,0.061075712831224954,0.019997847041992953,4.4843041026597095e-05,0.9019823524109774,0.016899244674778102
351,0.03497639114947576,0.0436992096780877,5.9310061470887496e-05,0.9106888106339377,0.010576278477028016
352,0.013335297610774588,0.012032569517229917,9.887753885152782e-05,0.9164177033663782,0.058115551966765856
353,0.059864289673157725,0.030816700215746114,0.00010196697805228768,0.8933069366579452,0.015910106475098704
354,0.05816236268568376,0.012194080763705475,6.016259724610639e-05,0.9040809769600839,0.025502416993280763
355,0.07859244727084885,0.017424298078027974,3.897898494857793e-05,0.8894715808830935,0.014472694783081061
356,0.13392188642629752,0.09614315243201679,8.834756728853802e-05,0.7435098643046708,0.026336749269726355
357,0.18899744237753122,0.059132222760011816,8.075772309482412e-05,0.7089302662962071,0.04285931084315508
358,0.031718606892967786,0.037992937145144984,8.796533081219266e-05,0.9161443988547828,0.014056091776291996
359,0.045626154720183915,0.029328522985222108,5.1809886957455105e-05,0.9163200366583114,0.00867347574932519
360,0.016838328965703416,0.013793449661591557,1.1862674710718093e-05,0.9635826727640225,0.005773685933971828
361,0.010600702441177407,0.008814332455155212,1.816001387870993e-05,0.9768828934491889,0.0036839116405998676
362,0.02940025010649314,0.009255139561716351,3.126332982470011e-05,0.9556316141353184,0.005681732866647475
363,0.011824451964289948,0.006265946141102049,2.590129922250763e-05,0.9783487322582671,0.003534968337118561
364,0.008604719166947642,0.007801127276053207,2.4639479500929254e-05,0.976516686154864,0.007052827922634382
365,0.022097557960413527,0.007975825332574807,2.1497503488531914e-05,0.9637084954987327,0.006196623704790346
366,0.04100670624171581,0.007975897293669707,2.967525946735728e-05,0.9372004599751349,0.013787261230012102
367,0.034633971827808446,0.021427265058467586,8.530325312128636e-05,0.9281136475205022,0.01573981234010041
368,0.09943065819297019,0.023450778239427445,5.6404720048603666e-05,0.8673162413927056,0.009745917454848225
369,0.02582830969336718,0.009208471001112137,3.81534880482343e-05,0.9580830629016623,0.0068420029158101124
370,0.007374895418130413,0.013111648463869096,3.219632431138986e-05,0.9771718281481409,0.0023094316455483928
371,0.009508651319296768,0.011574379966158187,3.567032986754786e-05,0.9751408131691972,0.0037404852154803076
372,0.010565391576713358,0.01779590026948858,3.40792580175051e-05,0.9683396907650872,0.0032649381306931614
373,0.004425993203671979,0.014433113667094917,4.105875467735779e-05,0.9795162129187345,0.0015836214558214287
374,0.004226590103999277,0.005628813952926403,2.2761575349106304e-05,0.9876604144215008,0.0024614199462244537
375,0.005673511846062269,0.01226353494554972,2.70895486234796e-05,0.9788604293229732,0.0031754343367912143
376,0.006197944910901681,0.014926659388370884,4.366997037982999e-05,0.9752973684441696,0.00353435728617812
