epoch,N1,N2,N3,R,W
0,0.004811067529211511,0.000710383312665003,8.51335867752289e-14,0.00010558833275456811,0.9943729608252838
1,0.01022513785967049,0.00030478299886505834,4.912931363375965e-07,7.727066289084382e-05,0.9893923171854373
2,0.04836363269255147,0.0013205772644729378,1.716876322807064e-06,0.00013669968442258992,0.9501773734822302
3,0.002809200022154067,0.0001442267070071818,9.16384050669818e-07,2.039553871113862e-05,0.997025261348077
4,0.0024278773184582885,0.0002756504488160777,3.267917366148369e-06,2.0341223174952067e-05,0.9972728630921844
5,0.009703915780926534,0.0008996712871554945,1.4585544039229129e-06,5.217718892363374e-05,0.9893427771885904
6,0.008097668973186539,0.00029951311620857006,2.829223837351829e-06,5.5165064412376994e-05,0.9915448236223552
7,0.021134602402091147,0.0012029788105234174,4.199163565650651e-06,0.0002042199847085194,0.9774539996391112
8,0.14300289745702632,0.0041532260892686345,1.23790587820667e-05,0.0004689287476585955,0.8523625686472645
9,0.2750003643129347,0.006452942626199333,1.3984873389389286e-05,0.0010208271982476784,0.7175118809892289
10,0.45102114686775485,0.010958751056453301,2.6929270026587044e-05,0.0012851839396735073,0.5367079888660917
11,0.3457665002352756,0.07908949831315465,0.0007124935982097968,0.001419231694621272,0.5730122761587387
12,0.5346597062065109,0.02881733708299112,3.789272111413184e-05,0.0010593649624369024,0.4354256990269467
13,0.35513190345811574,0.40360931123077426,0.0006341510772626852,0.00305442742663462,0.23757020680721258
14,0.1751726752008802,0.4179187493531683,0.002496367000406652,0.0019055056731049323,0.40250670277243994
15,0.16296803505564192,0.6753288462401688,0.0026549293701429314,0.0024514774067283984,0.15659671192731803
16,0.17362680448048176,0.641137971090699,0.0017745038729828704,0.005690038116145136,0.17777068243969113
17,0.13196980062506045,0.5094771884523632,0.007118892077271524,0.002823665739148735,0.34861045310615607
18,0.09796159622006213,0.6763071533644073,0.0009245090948500982,0.0014436434152999703,0.2233630979053805
19,0.0735852594166525,0.8120915713925773,0.014588346604713462,0.0007335328812383597,0.09900128970481846
20,0.16221306841071145,0.6740654223767241,0.0012630003991259393,0.002252000580853318,0.16020650823258528
21,0.2947661751621767,0.5916973713479353,0.0008853652494518754,0.004845265032640682,0.10780582320779554
22,0.1295016756069654,0.7561200170224041,0.0015734537408557776,0.0016716169409132413,0.11113323668886159
23,0.12707064171918064,0.09325272001888935,0.00021872108386592777,0.0008232115289463171,0.7786347056491179
24,0.08371500471290576,0.8741216402799075,0.001344766628229351,0.00038128531006976395,0.040437303068887924
25,0.09037193654104664,0.853314702740365,0.0037692452762781437,0.00031416939016876193,0.05222994605214162
26,0.17275011083043632,0.6686735050532618,0.02545386240941833,0.0008330828724116463,0.13228943883447183
27,0.11973467794861513,0.7564278368635521,0.030733829853100896,0.0011296315871550024,0.09197402374757682
28,0.08406470376299874,0.8604011894002221,0.00551709940417456,0.001463628455325638,0.04855337897727884
29,0.23283210737504154,0.5922526022783017,0.008959416353420426,0.0023807571539284445,0.163575116839308
30,0.05962653964365522,0.8946274546015844,0.0011718465913638653,0.0026981734739670287,0.0418759856894294
31,0.11072713684134808,0.8495111445070402,0.003834770811887323,0.003679181674770947,0.032247766164953444
32,0.0397047855099864,0.9172302376950588,0.009713111030375091,0.000977558015647479,0.03237430774893213
33,0.019828899929253394,0.7603080208239119,0.11286903948766173,0.0012034710124827906,0.10579056874669018
34,0.45891906182410214,0.340641801655583,0.0008510133367426178,0.015756566657439783,0.18383155652613237
35,0.12609996707817553,0.7994630257199691,0.009770722770563399,0.001676729156033123,0.06298955527525887
36,0.0893574469668105,0.757744802657288,0.04956322206668715,0.0008072979838571446,0.10252723032535703
37,0.22599418588062167,0.709648636372332,0.004205540525686224,0.00144074077699268,0.0587108964443675
38,0.18273513136026898,0.7423306913686446,0.015731561528502747,0.0016107809378883475,0.0575918348046952
39,0.1194158133325697,0.7801753193053136,0.04804381222750251,0.0007368214425949595,0.051628233692019215
40,0.09966089844821682,0.8531304986280139,0.015740907341027496,0.0008125449239045286,0.030655150658837338
41,0.048394144522869824,0.8475689600029541,0.07746012476645528,0.0003840215462235247,0.02619274916149721
42,0.010783963324697714,0.7878561632236966,0.18224935947978385,0.00026789996365578174,0.018842614008166215
43,0.019295873550337433,0.6723394888024491,0.2863271192488728,0.0004198148874288577,0.021617703510911877
44,0.0712507645055822,0.6164109958354034,0.2052220663105542,0.001365893383329737,0.10575027996513044
45,0.029263604031324095,0.8993283309578772,0.05759878420304313,0.00043397434001729107,0.013375306467737946
46,0.23026695646227985,0.6451654645691246,0.01179861340824838,0.0034363701492895133,0.10933259541105765
47,0.0352939141930884,0.8020597390136451,0.1500440767358426,0.00032293733001265834,0.012279332727411357
48,0.0509395887195976,0.7393314304926131,0.1836764281208727,0.0004097882365210884,0.02564276443039558
49,0.061580117146612115,0.8926218370599045,0.025834165490529696,0.0008115428535829786,0.019152337449370668
50,0.003346658948825877,0.30631169913165895,0.6796223047000847,0.00019418792595705427,0.01052514929347346
51,0.006138878338553948,0.4111352631947153,0.5543093498667357,0.00043072671741572756,0.02798578188257945
52,0.12749982144448976,0.7716935342041652,0.04401838882113119,0.0034635290596063966,0.05332472647060748
53,0.025062627826599588,0.5053986111455504,0.4425096353169281,0.00035094378834870353,0.026678181922573256
54,0.023651430371531036,0.6538674554007106,0.3095335461558473,0.00022289893109199188,0.01272466914081905
55,0.051602642182219736,0.8590629567026798,0.07716344221709867,0.0006057915655799705,0.011565167332421942
56,0.010403777655214655,0.3093006273443937,0.6571501061325347,0.0003756302093601484,0.02276985865849693
57,0.03598616721937906,0.7345245640002712,0.19856205431030127,0.0005203064656165844,0.030406908004431923
58,0.18819113856625289,0.6904374731621546,0.01950554252761268,0.0018946651750495723,0.0999711805689302
59,0.01760484961792982,0.6080396164211967,0.35541691756693355,0.00018792993272427088,0.0187506864612157
60,0.07606675744347499,0.8634943632211358,0.037606180215107185,0.0003959633429563148,0.022436735777325818
61,0.0438920382256962,0.76995440153614,0.1737272715460133,0.0003209266972687527,0.01210536199488164
62,0.008724715247735377,0.5696339286579698,0.40362175501629843,0.00036001732581959024,0.01765958375217676
63,0.0432553469511604,0.7935906773659429,0.09582806224344748,0.0006517722865006463,0.06667414115294855
64,0.10715942006675261,0.805160473653592,0.06183193944873532,0.000917690190967903,0.024930476639952355
65,0.053967917343374916,0.8291045121904762,0.08125017477003361,0.0008252683667541832,0.034852127329360896
66,0.1136687316044053,0.8341020682310532,0.031734689938902966,0.0032839779989236153,0.01721053222671484
67,0.12650678543170363,0.7033767699851445,0.12419324644825631,0.0029129129708312493,0.04301028516406421
68,0.10955263020898803,0.7178687526660432,0.10522248687023145,0.0025683721098134753,0.06478775814492371
69,0.15763529844159624,0.7146445430355776,0.0062935798321087115,0.017128501185494978,0.10429807750522253
70,0.12937999972394862,0.699344945054213,0.058365582912997954,0.006118526310098365,0.10679094599874217
71,0.1872166485499235,0.15221508377704684,0.0002613466485391387,0.005581171085120706,0.6547257499393697
72,0.4322170550820532,0.3929518701238122,0.0011690913831947426,0.008080256080415594,0.16558172733052418
73,0.14831517502512334,0.6551172692356027,0.0359436234302149,0.003240321582375044,0.15738361072668403
74,0.2173818714005499,0.422145718268573,0.0036914196515812725,0.004528179724057849,0.3522528109552379
75,0.19326408163963116,0.40746871793386524,0.0019122475250569844,0.006206142348110106,0.3911488105533365
76,0.46298843430281245,0.3289704758743326,0.0008495087872415575,0.056430397853727485,0.15076118318188583
77,0.2973478242120949,0.5815382805208587,0.0008282653721629918,0.03405058112477581,0.08623504877010763
78,0.19979966631100973,0.7248871904840316,0.0011171089528115355,0.03485474862597613,0.039341285626170994
79,0.24238065953363888,0.6739836011290693,0.0013119454609878311,0.042527135434266006,0.03979665844203788
80,0.2718685957109777,0.4489733440275039,0.0005548243487917044,0.043115442457597644,0.23548779345512907
81,0.023899775980092325,0.9424684312803505,0.011199544324238603,0.0030855424014268004,0.01934670601389193
82,0.30363849458204334,0.29241069886125576,0.0005524634975482603,0.08699717629653415,0.3164011667626184
83,0.18821867748345097,0.6720186792648787,0.008328865776854369,0.012357761147495323,0.11907601632732061
84,0.2773558677881623,0.537777598994208,0.0014075090912118303,0.09201705810016711,0.0914419660262509
85,0.18818417639694093,0.07759905006874203,0.0009858000207037887,0.006447213969247297,0.726783759544366
86,0.24536100748731995,0.3261280759672917,0.0004653355729786071,0.01731657446890016,0.4107290065035095
87,0.2942297176849088,0.1836236804582225,0.0002497242689029023,0.04421298219892559,0.4776838953890402
88,0.17734166118241318,0.29505248009221935,0.00035835696668510083,0.011034027899949094,0.5162134738587333
89,0.019092420574418567,0.01727951724535656,0.00016692338115818406,0.0019287872946357088,0.9615323515044311
90,0.007749298722375666,0.004817362813053081,4.078281382927012e-05,0.0004048644935467454,0.9869876911571952
91,0.021239751308552077,0.002406375684547936,5.591125438427612e-06,0.00019423334950995828,0.9761540485319515
92,0.0059945261271861705,0.0012548971293184486,5.737970161863567e-06,6.849616781356799e-05,0.9926763426055198
93,0.008531971790736326,0.0032281210275856456,4.9473661243506956e-05,0.00011532513598094157,0.9880751083844536
94,0.007682439648717617,0.00519756477619102,0.00010542260519952863,0.00013429105723306123,0.9868802819126588
95,0.005833547114729972,0.0005198331914630059,1.6316212087946965e-06,8.57155753544922e-05,0.9935592724972437
96,0.03327885744677,0.001729418833380676,7.58793216763194e-06,0.000280973651450826,0.9647031621362309
97,0.012665702432051604,0.001050883204692316,6.515452594865132e-06,0.0001541200843932496,0.986122778826268
98,0.020436720482545745,0.0006827862804631843,2.780275132876772e-06,0.0002215630480237174,0.9786561499138345
99,0.03668702032599515,0.001132486844547117,6.73611983148172e-06,0.0004088850658163443,0.96176487164381
100,0.027617750932534182,0.0007933727829913652,4.322148878037667e-06,0.0004861220196775832,0.9710984321159188
101,0.1373849118208791,0.001946712147391768,8.009818183460785e-06,0.0010523262853387911,0.8596080399282068
102,0.17170763593641042,0.004742615346470095,6.1836215633701135e-06,0.0018524366058922238,0.821691128489664
103,0.648129056082996,0.03332531880026878,8.354636948211869e-05,0.022501897522808966,0.2959601812244443
104,0.5589818382387708,0.08850251946709191,0.00016343016857018743,0.19458389201283552,0.1577683201127316
105,0.20924194527904408,0.03156108465233848,4.8378808399406806e-05,0.05959654585664833,0.6995520454035696
106,0.1916808662842157,0.23271477076841318,0.0002895407611179475,0.11315959776590151,0.46215522442035173
107,0.1301165090696919,0.04994774423600982,3.851858304277235e-05,0.09139459146110387,0.7285026366501516
108,0.3987010565752697,0.05787640326085595,5.840217041203284e-05,0.10215940392167491,0.44120473407178734
109,0.21087137720017338,0.23958675491176615,0.00012027226443304973,0.22128447488694253,0.32813712073668494
110,0.26571937503588167,0.18552150602479148,0.00039136234227950424,0.39763933353829584,0.15072842305875156
111,0.1081128521789556,0.04175404092835918,0.00011726453011226042,0.06050848089812303,0.7895073614644499
112,0.2116520137568201,0.17070422545498426,0.0002486637449789794,0.503636651031485,0.11375844601173159
113,0.21363808699894948,0.025934095565485305,4.977818122835501e-05,0.06037549461862774,0.700002544635709
114,0.5716338316181923,0.0787201151116526,8.590847079813579e-05,0.11601160224131994,0.23354854255803711
115,0.346984844209316,0.27839408446642394,0.0009331767192048106,0.1911871749443621,0.18250071966069312
116,0.5459740109074136,0.088661582323235,0.00010845714065243091,0.14200699040649065,0.22324895922220814
117,0.31468880144717726,0.1915133825728928,0.00014891052298655774,0.11099302197077894,0.38265588348616447
118,0.21679624678952866,0.3914968408860807,0.0004098905373519483,0.048517272379110146,0.3427797494079285
119,0.3567187725359832,0.3496547466464803,0.0002104369737741766,0.11135675923496974,0.18205928460879262
120,0.20783325444148146,0.40821527660694235,0.0004963661920474737,0.06502486339147437,0.31843023936805437
121,0.11844377703154006,0.7892367432014398,0.004484121984065822,0.040109294787270246,0.04772606299568414
122,0.14893625175754877,0.6749318663781132,0.000554519310216956,0.09974796164029619,0.07582940091382484
123,0.25297610888047,0.49030262170461364,0.0010328673880553225,0.12117264767087045,0.13451575435599059
124,0.15183911762557,0.707647231204428,0.0020551949250123135,0.10048055823379438,0.03797789801119526
125,0.0769504776058486,0.8244359268842572,0.02187897538673321,0.030645146905364417,0.04608947321779666
126,0.31357610964084476,0.3682311652580268,0.0005806091359802489,0.27190719101037925,0.045704924954768994
127,0.24310052871092888,0.44889787915951507,0.0017243975780413519,0.0382526062512692,0.2680245883002456
128,0.40163931534762387,0.10703349119058421,0.00022056222844999833,0.25395587045876966,0.23715076077457223
129,0.4074386780622615,0.4167231901053392,0.0010509534561109618,0.12148328974293347,0.05330388863335493
130,0.12887142272909688,0.8013296037925149,0.00137181630291382,0.048437499543130175,0.01998965763234421
131,0.29722353654835454,0.1737743360419606,0.0005144516073582253,0.4283090865438076,0.10017858925851911
132,0.06950379828923807,0.7953885792122991,0.025771351851860733,0.016895018356783628,0.09244125228981837
133,0.185467542553777,0.07007418931045462,0.0001660743386737169,0.08554293960591221,0.6587492541911825
134,0.5709896631545273,0.26999134921069995,0.00037893104221271915,0.04039905409507497,0.11824100249748513
135,0.3928383518147819,0.3802395618365151,0.0004859431103167939,0.04264332187205318,0.183792821366333
136,0.5433296254968275,0.3472336765831228,0.00016297904858744922,0.07342662138487172,0.0358470974865905
137,0.2602590640976437,0.5521124604886282,0.00043834309436004305,0.0747947873952286,0.11239534492413951
138,0.043866325720970566,0.9076670756634043,0.018092686302363117,0.01071036520229891,0.019663547110963048
139,0.2824821585368056,0.19690091597395884,0.00021704452245699816,0.42142085571736715,0.0989790252494115
140,0.07080680108988133,0.8651521453328105,0.004140778035507938,0.021345168058517425,0.0385551074832828
141,0.08974208357497553,0.7912629568091867,0.0012708704429245207,0.10044944565339346,0.017274643519519964
142,0.12303574924531965,0.10007796791943656,0.0017037064427739318,0.0452281680057569,0.729954408386713
143,0.4537085231840186,0.07751215060674192,0.0002510242424876895,0.0818791665976412,0.3866491353691105
144,0.5002537650718764,0.31028949563277297,0.001417675366244369,0.049376231971278994,0.13866283195782728
145,0.7051569909170406,0.15247076766236062,0.0005169941128595893,0.0614679606356869,0.08038728667205217
146,0.3773505879874662,0.36937630202253213,0.0007709690724527503,0.212287031344877,0.04021510957267198
147,0.1960301405324933,0.19895039700373923,0.001676897301459972,0.15609222748317092,0.4472503376791365
148,0.18070269663263747,0.4405257006088545,0.005602763501897443,0.25206294421213865,0.12110589504447195
149,0.05959131956478895,0.8605472734449863,0.002809007049374855,0.06908590518200536,0.007966494758844577
150,0.0786952850652644,0.06670953729985696,0.0011008215386785398,0.024656486447183996,0.8288378696490161
151,0.09668178188516831,0.7939537093701996,0.005785687487735633,0.06982066533363242,0.033758155923264185
152,0.31613156939906173,0.1985756824222577,0.0005007554411937036,0.3596951163376179,0.12509687639986886
153,0.16095639305363157,0.6319011013206387,0.0028204905672708615,0.18637027730522193,0.017951737753237045
154,0.13279623332457732,0.08480557049794506,0.0001303458103179866,0.6137860001700763,0.16848185019708337
155,0.12125781073784918,0.6898779248823628,0.001176609172345622,0.16657033168339147,0.021117323524050866
156,0.21338394093202465,0.24735870073366248,0.0004183184186277753,0.2220309653430465,0.3168080745726386
157,0.504574486990969,0.21238094741430003,0.00038962298682972265,0.2312955622054227,0.05135938040247874
158,0.40562634418016885,0.19625964894870507,0.00018721617246120653,0.3553866243055498,0.04254016639311515
159,0.1741387474209887,0.7176299474052512,0.0011017098057418823,0.06906538383401124,0.038064211534006874
160,0.1874312998700378,0.6031142545298052,0.0005648659959681303,0.12241972845876745,0.08646985114542152
161,0.3674246275194386,0.36188915084319206,0.0005039741248142264,0.21321915976888425,0.05696308774367094
162,0.13886129568134326,0.7798996305935503,0.0005962279680938927,0.0703912894505548,0.01025155630645792
163,0.1593699910116217,0.7721350347535139,0.003766875622281865,0.03971586671313599,0.02501223189944669
164,0.01310544530552426,0.9221949562392099,0.05099920954027094,0.00954501712810187,0.0041553717868930825
165,0.1495606763677509,0.13700829824942348,0.0007491951278837276,0.027720999234457755,0.6849608310204842
166,0.12354867525399346,0.7573138878648826,0.0024879222144503646,0.06793720047562431,0.048712314191049245
167,0.10950273626090593,0.7524047944349131,0.0009546586868201523,0.1258036985136446,0.011334112103715922
168,0.15980259704940256,0.5641841683163705,0.03261819453080393,0.02807511587273377,0.2153199242306892
169,0.11023849006350725,0.04287976125882133,0.00012412714618825337,0.1419275770953111,0.704830044436172
170,0.16581048368804616,0.10284431846407473,0.00037462221925128593,0.17103110539032904,0.5599394702382988
171,0.3153840761519276,0.4289232457363235,0.0009401747571075865,0.14155312480294513,0.11319937855169633
172,0.6835106814453229,0.08143752953577892,5.7201544725260785e-05,0.15821350806306383,0.07678107941110923
173,0.10277285650001923,0.6748795508942477,0.008901594743130683,0.1712056777108845,0.04224032015171782
174,0.08668762309508227,0.05962067013932864,5.5306115705296576e-05,0.5116861862020966,0.34195021444778717
175,0.16703841907000616,0.02979017246669873,5.448230636134323e-05,0.32428979024225907,0.47882713591467463
176,0.16644589320663095,0.11854912867212125,0.00017298652632763626,0.32759300540157243,0.3872389861933477
177,0.548867888781687,0.06109592693348193,6.578007937491243e-05,0.12650910337156704,0.263461300833889
178,0.4022470010459755,0.06828892689064353,0.00011538356451869381,0.238648842822813,0.2906998456760493
179,0.09797886831710947,0.02007123493407078,3.7946437037316695e-05,0.07447533167625897,0.8074366186355234
180,0.016410278834941467,0.006228250462812954,7.021273738163603e-05,0.007547213376288748,0.9697440445885752
181,0.02058677640644567,0.0023897834897066593,5.942486891818713e-06,0.00417080027132224,0.9728466973456336
182,0.24798624740782116,0.0077466151251006,1.2378872517434944e-05,0.005767840249525533,0.7384869183450352
183,0.49773655086600815,0.015117543645507858,2.613724328694884e-05,0.0331247447489155,0.45399502349628146
184,0.616252829255524,0.07924495468980228,3.1988805493605666e-05,0.08600394251869921,0.21846628473048096
185,0.1688664731022322,0.49202736652090123,0.0013436510240535493,0.2550880991903329,0.08267441016248003
186,0.05819195297849,0.34052492168501847,0.000343245897628888,0.5395440932571772,0.06139578618168534
187,0.04653567492572448,0.14282841490162893,0.00022243128234453584,0.5752049817248962,0.23520849716540582
188,0.04951794299489765,0.02149598592400213,2.5173362388812505e-05,0.8738085467169516,0.05515235100175975
189,0.04678850579344256,0.030250983361515285,3.5294312643131684e-05,0.8160021777220012,0.10692303881039787
190,0.08658987603600347,0.018976057768581255,3.724561402110115e-05,0.8361273968444832,0.058269423736910936
191,0.09672994017739203,0.014189574810908247,3.2129616877770426e-05,0.8454734938463766,0.04357486154844533
192,0.08167987518975224,0.008408185860792311,5.2792258865422024e-05,0.8675265405659884,0.042332606124601636
193,0.046207775444619674,0.0038043672870951783,2.2346489745376962e-05,0.9271355488928447,0.02282996188569509
194,0.060436802603326074,0.009440015541858275,4.656840403942157e-05,0.6332668517667359,0.29680976168404033
195,0.06687565413006036,0.04167026374408624,0.0001832385985806017,0.7278602736740095,0.16341056985326316
196,0.14103806373849864,0.01828036015003524,0.0001367800599118937,0.6350907220470452,0.20545407400450896
197,0.15442646607648933,0.024910751461479717,5.68875180445251e-05,0.6024046388364664,0.21820125610752
198,0.07763436470638195,0.007986527436467881,8.40359104581619e-05,0.8624044937563619,0.05189057819033023
199,0.10507767104482615,0.011420735124040042,4.82118490971639e-05,0.7265267910210249,0.15692659096101177
200,0.26341507720008206,0.033939444151106404,0.0007591891367498435,0.2578293118779497,0.44405697763411206
201,0.07008676522249636,0.01001386087967726,7.696873978742719e-05,0.8249212475847914,0.09490115757324752
202,0.04671299899864689,0.005150750930211666,2.1610137571858593e-05,0.7468047055032148,0.20130993443035491
203,0.07100219974428909,0.0064963105076513246,1.3690180349320736e-05,0.8328146677899564,0.0896731317777538
204,0.1937271398086263,0.013761381677199416,2.7802880019053135e-05,0.5090028014776684,0.2834808741564867
205,0.2310267294595929,0.0104035442620533,1.711395967276996e-05,0.5501666469455424,0.2083859653731387
206,0.20187402337772278,0.014501087099707695,2.394453222584311e-05,0.6163195464187905,0.1672813985715531
207,0.07925451931250325,0.013663877758754318,1.7212113133829223e-05,0.08950542723160637,0.8175589635840023
208,0.07821473011602435,0.020219659448929506,1.0549650367789497e-05,0.07578587130535296,0.8257691894793254
209,0.03511263332196603,0.002399515073858761,1.1019162493413345e-06,0.007497010802497536,0.9549897388854283
210,0.5392612717778199,0.021783606427295585,1.5008321593002848e-05,0.061794049535172604,0.37714606393811906
211,0.3005874393320169,0.04539562353208786,3.8204263640749276e-05,0.07293767460673409,0.5810410582655204
212,0.610036963568299,0.038375436347675096,3.9582052306742455e-05,0.10103203977225471,0.2505159782594645
213,0.33499624897803076,0.32314771022662353,0.0003887551434099542,0.2123395200864112,0.12912776556552458
214,0.46575946183037226,0.07736055638513877,7.953182691297308e-05,0.3753360143003039,0.08146443565727211
215,0.08938564329244769,0.1146315319650407,0.0001569359381114647,0.7760711101094372,0.01975477869496289
216,0.10191773181747647,0.06917041577618178,7.242569584280273e-05,0.7850288868063229,0.04381053990417617
217,0.1310988941571567,0.11319839792546461,0.00014450540149727798,0.6902075833976518,0.06535061911822948
218,0.17505619010868753,0.06959262465405736,7.561389043653223e-05,0.7286747148817492,0.026600856465069392
219,0.32489187068848785,0.20068323122750842,0.00014740511398876838,0.43803056246300315,0.03624693050701173
220,0.08397718394360151,0.6138685393597312,0.004916900411852692,0.28655310814514673,0.010684268139667852
221,0.14989292732967754,0.09293582580029162,0.00017172097999257875,0.6357464492770093,0.12125307661302903
222,0.1079006871366126,0.712848451102001,0.0054920287185728075,0.14991478235013742,0.02384405069267609
223,0.2753796451799839,0.0913103809572981,0.00021855175801417166,0.13239174443574,0.5006996776689638
224,0.13803575593975487,0.7961866251844357,0.0006812064062301896,0.01761259579759168,0.04748381667198749
225,0.375381484815532,0.19965430009998922,0.0002799317326974806,0.1042916800091491,0.3203926033426322
226,0.03230348950392812,0.9115669275695402,0.002800381544745307,0.005539995152780445,0.047789206229005926
227,0.26536213547116044,0.19703908900043593,0.0007412225668933641,0.11725610314694951,0.4196014498145607
228,0.030462151587215814,0.608486608006648,0.007416226431501984,0.006352258630924484,0.34728275534370967
229,0.004737811542667576,0.004395626867140354,0.0007093490277929576,0.002293149122642574,0.9878640634397564
230,0.001489332276589858,0.001532557698007623,0.00012161874901680428,0.000409793307788367,0.9964466979685974
231,0.0014591331632041354,0.00033947746226321206,3.32600320876948e-06,0.00038547877685473855,0.9978125845944692
232,0.003925302567374889,0.001289410367689438,2.7587895729748395e-05,0.0004440613253618175,0.9943136378438441
233,0.006536603002675896,0.00035298172606290494,1.7507465143274305e-06,0.0003165727380799594,0.9927920917866668
234,0.004625127911606523,0.0004711587875932989,1.741207514617649e-06,0.0005718667055667809,0.9943301053877188
235,0.002437213005987831,0.0008029420576046021,7.32445293221953e-05,0.00021947295657054683,0.9964671274505148
236,0.007576732299395271,0.0008847275016566503,6.405422950544699e-06,0.0013747924301020372,0.9901573423458955
237,0.01445197141881224,0.0004975152013629177,8.631175376294259e-07,0.0007797885161421071,0.9842698617461451
238,0.004732919044217623,0.00024263579659748394,3.354808191665497e-07,0.00043746590601917483,0.9945866437723466
239,0.014502520274773707,0.00046895601887542843,7.238425319175021e-07,0.001046153663354236,0.9839816462004647
240,0.0726864419267699,0.00317081045844497,9.693479478168075e-06,0.0019811090763153833,0.9221519450589916
241,0.27453682660061146,0.013677192105494397,1.9682262645624195e-05,0.011417471414492035,0.7003488276167565
242,0.7398131237254316,0.06958922461956961,0.00011254339864515189,0.028195849837480774,0.16228925841887282
243,0.5895497082701656,0.15452147231336308,0.0001709008307856604,0.22146262145457016,0.0342952971311156
244,0.38927924396570934,0.09543771825297243,0.00011825157862288469,0.45902985484811804,0.05613493135457749
245,0.14766299959563,0.6566390450718416,0.0024429819155176355,0.15885162323607088,0.03440335018094
246,0.2736088785226148,0.5197651183321249,0.001153097430631068,0.18146539338159967,0.024007512333029488
247,0.13870428895928574,0.8268244002245119,0.0011714413963709923,0.020049098048679808,0.013250771371151592
248,0.14833403918335122,0.826064869245952,0.00896189001739175,0.006267917249440718,0.010371284303864093
249,0.08421037856018478,0.9042620079683588,0.002176907188071003,0.0025695330711004737,0.006781173212285126
250,0.05039314971125742,0.9338449627585697,0.007780964360745365,0.0018616421717419555,0.006119280997685408
251,0.028585700102225022,0.9145092867794239,0.05269309243543375,0.001187778098416713,0.0030241425845006476
252,0.012749011978372143,0.9452127839862622,0.027150018695529486,0.0006310397251663121,0.014257145614669857
253,0.0021248694605743063,0.6896806768048772,0.3046167500600296,0.0002756640103621111,0.0033020396641569383
254,0.01977885374667873,0.8617979765371244,0.11147969375457892,0.0005292261020535423,0.006414249859564101
255,0.003205262710565729,0.7933891115846808,0.19936793125550345,0.0001800330978577196,0.003857661351392356
256,0.009267346186449369,0.8412419589716995,0.1441037066867454,0.0004285826411251994,0.004958405513980456
257,0.0007047513912691922,0.3403520800647391,0.654229593198389,0.00014189443043042334,0.004571680915172206
258,0.0016150329228209847,0.8072507817752402,0.18773336050087402,0.00047293033340307765,0.002927894467661752
259,0.0008664682460463881,0.22132134919698965,0.7726915726790012,0.0003160810907115275,0.004804528787251233
260,0.008352866260755423,0.4444898492230528,0.5338649008652079,0.0009331969042624839,0.012359186746721337
261,0.019713413075186644,0.6996720024639397,0.2637929858674705,0.0022548579698976256,0.014566740623505532
262,0.20180991687780026,0.7205738300734502,0.013621833164649901,0.013310015565980517,0.05068440431811922
263,0.03777878908949922,0.9419426080200197,0.014141741306166472,0.000901089650782422,0.00523577193353215
264,0.020191780924883832,0.9432626153564235,0.033214566492185266,0.0003341520353727567,0.002996885191134576
265,0.0006519588914098316,0.582051494051444,0.4149526370216756,8.431400706164065e-05,0.002259596028408776
266,0.0012637725968592112,0.7116779666718862,0.2839747958972678,0.00010844026054216266,0.0029750245734445715
267,0.0006455031714464342,0.1521331502034621,0.843750944826557,5.338572675159096e-05,0.003417016071782943
268,0.007199886215349995,0.8933313611893527,0.09488714321384865,0.00037314577403936686,0.004208463607409423
269,0.0007316330933580062,0.3475398302921757,0.6489514677669973,9.236026227415936e-05,0.002684708585194668
270,0.0007517617190557806,0.13783417030685202,0.8603398610868102,6.720235833128002e-05,0.0010070045289507455
271,0.0006849429817592139,0.14021094215901006,0.8570788420961069,9.192543063306928e-05,0.0019333473324906873
272,0.00035150002275186753,0.05056124911061264,0.9479561470961596,2.8768045772300107e-05,0.0011023357247035178
273,0.000149995101986821,0.03645994611745841,0.9625435054420911,2.040021976713953e-05,0.0008261531186964996
274,0.0001126895250835594,0.031495516466946205,0.9679527743850198,1.3112617630241871e-05,0.0004259070053202306
275,0.0004670491945313388,0.07032645364943536,0.9286608549621546,3.644656081000407e-05,0.000509195633068779
276,0.00016419707462113337,0.04281547214506501,0.9559443918606997,1.1936108095523872e-05,0.0010640028115186289
277,0.00017460964975991628,0.04672635010883681,0.9525230489564245,1.4410949299607812e-05,0.0005615803356792356
278,0.00024746292163266363,0.06306178415871247,0.9354592419535886,2.5675022285720917e-05,0.0012058359437804409
279,0.00012303749947018997,0.03280846849888194,0.9659032802982271,9.254307559563099e-06,0.0011559593958611744
280,7.26372817999612e-05,0.0287835837471921,0.9706002414699471,6.749223907507923e-06,0.0005367882771534476
281,9.211063121765617e-05,0.033375274446967515,0.9635690693473848,9.209082106152741e-06,0.00295433649232391
282,0.00010969087586593284,0.03163605652668674,0.9676183183202275,8.140951191623337e-06,0.0006277933260283683
283,0.00024997716254489185,0.05004830192491248,0.9482787064872887,1.5661914789129448e-05,0.0014073525104647676
284,0.00018774766777267303,0.032076746707626884,0.9667677282680218,6.233943900492877e-06,0.0009615434126783402
285,0.00016445784681938104,0.04064470667658359,0.9578006306997298,9.325367561552495e-06,0.0013808794093056864
286,7.279332143196911e-05,0.024381593379094523,0.975005895566701,1.3688618414827583e-05,0.0005260291143576011
287,0.00012640266503185496,0.033880512462062154,0.9648306271430509,8.56201405064265e-06,0.0011538957158042818
288,0.00016745147137234339,0.029847257515023234,0.968753749391186,7.83371949556016e-06,0.001223707902922844
289,0.00020409121653432207,0.030854853983549632,0.967391458546661,1.0962965040301088e-05,0.001538633288214739
290,0.0001576446164871495,0.023089944338542848,0.9755955475240854,8.094524909212276e-06,0.0011487689959755953
291,0.0002728755369970263,0.038520553152008724,0.9594015933901393,1.3686672404119152e-05,0.0017912912484509276
292,0.00016769572456051875,0.0366699751088579,0.9609479518223016,1.4709363537964437e-05,0.0021996679807418556
293,0.00023550822275722604,0.028982012221038342,0.9684795234862448,1.2868944660911687e-05,0.0022900871252987155
294,8.850644194170203e-05,0.023858378960365304,0.9738762336858852,8.29198118605431e-06,0.0021685889306218425
295,0.00012799095012802435,0.021183741000608478,0.9758707475659256,9.190334504888143e-06,0.002808330148833173
296,0.0001463120729046846,0.025106516896308224,0.9735161462105896,1.748433514105111e-05,0.0012135404850563785
297,0.00013708024558369174,0.02900376008264942,0.9693120671744377,9.392969049986914e-06,0.0015376995282793036
298,0.0001359167987209366,0.023930942037311026,0.9743955201867424,8.308897095312382e-06,0.001529312080130274
299,6.532407113263604e-05,0.02074163793905349,0.9773839581424314,6.3592369058372205e-06,0.0018027206104768313
300,8.847415101070568e-05,0.02654889773753594,0.9722926029869208,8.346979235323431e-06,0.0010616781452973244
301,4.6155933727190043e-05,0.01936715734144615,0.979300628528742,1.789074072509639e-05,0.0012681674553596874
302,7.26911693592494e-05,0.03815222368609259,0.9608140196326765,2.7947233791774608e-05,0.0009331182780797841
303,0.0001781511300897185,0.026420674881553505,0.9707643862645184,2.0474139751259573e-05,0.002616313584087046
304,3.8566229712068916e-05,0.014383143543268447,0.9844193783837374,4.3156199986016345e-06,0.0011545962232834368
305,7.503047925801247e-05,0.01648481668179872,0.981219359713835,6.659080159856707e-06,0.002214134044948219
306,0.00012367387561372511,0.021697531624755368,0.9760514039102351,1.4685977855955514e-05,0.0021127046115397455
307,5.403009116076256e-05,0.016691298387399293,0.9817203420829768,1.3274364898219868e-05,0.0015210550735649106
308,8.052732850103381e-05,0.021541353546172284,0.9768093567087659,7.25122886464089e-06,0.0015615111876961997
309,4.955729035069978e-05,0.011630388571584339,0.9869390296595828,6.262592290125425e-06,0.0013747618861921227
310,2.034359254745015e-05,0.006274075235567591,0.9932196674143172,6.090220031000028e-06,0.0004798235375367354
311,4.843612973586861e-05,0.014553657866948696,0.983979426558159,8.004944464800482e-06,0.0014104745006916976
312,9.107161766966438e-05,0.03367671783417736,0.9640537370696776,2.8278019750714443e-05,0.002150195458724762
313,0.003588611022609788,0.25977591755866003,0.7222433401596337,0.0003922721010390998,0.013999859158057506
314,0.00326751906193318,0.660998730249682,0.3293951207460795,0.00035037895552920246,0.005988250986776134
315,0.0009669581669386637,0.3050816857544553,0.6909854530199658,0.0001630971610937073,0.002802805897546428
316,0.0004847585275999078,0.0680520372055813,0.9281779889531698,4.688887851329888e-05,0.0032383264351359517
317,0.0008347065205558117,0.116445513733999,0.8806402363765891,9.010984956076596e-05,0.0019894335192951933
318,0.00042890188592791364,0.05643867435667845,0.9406762826730478,3.794397173603225e-05,0.0024181971126097717
319,0.0018733614690216538,0.3323904332022126,0.662667001034208,0.00011883823375137457,0.002950366060806185
320,0.00029516525856687403,0.06449087445131045,0.934296466424604,3.348154888432057e-05,0.0008840123166344929
321,0.00012486824315119767,0.039550012869652165,0.9584268482459134,1.6734456690543217e-05,0.0018815361845926568
322,0.00024584902760781097,0.041471287898591246,0.9556395795862017,3.042253919200527e-05,0.002612860948407158
323,0.00029007438506626975,0.06148807281157895,0.9341082719522337,2.4893058656801527e-05,0.004088687792464312
324,0.00032704944527034815,0.08614036353465511,0.9119602014925505,2.3628278731632134e-05,0.0015487572487923261
325,0.00043101972417886226,0.0715936224465054,0.9224849377790734,3.09026870842156e-05,0.005459517363158015
326,9.826092753712798e-05,0.019475761648761806,0.9776121909854039,9.57658836291838e-06,0.0028042098499341185
327,0.00023872285563031624,0.046821495255555255,0.94903780410092,2.4210271101823933e-05,0.0038777675167929473
328,6.122058252946264e-05,0.011638492794772394,0.9860815775641624,9.458477566608743e-06,0.0022092505809691953
329,0.000378779773572653,0.14016015811732116,0.8550036298687708,7.813528926862196e-05,0.004379296951066741
330,9.722278830793866e-05,0.015605389454168261,0.9812467533674629,1.8450445330053234e-05,0.0030321839447309947
331,8.902357623594209e-05,0.024308668281649404,0.9744771180419696,2.2168029519141314e-05,0.0011030220706260386
332,0.00012444998755855615,0.019354053972049548,0.9765503600983355,6.498122453369323e-06,0.0039646378196032195
333,0.00019286924303640586,0.02884810224687293,0.9685800700213798,1.6703305146933227e-05,0.002362255183563909
334,9.160652301931791e-05,0.025677651342103692,0.9731559611092537,8.972248587904815e-06,0.0010658087770354506
335,0.00010231609131084413,0.016011762887090594,0.9827451844320465,6.689493999987966e-06,0.0011340470955517835
336,0.00022101797974420767,0.04502170996950372,0.9535126049707205,4.3663349056750015e-05,0.0012010037309747848
337,0.00015634368558418212,0.03059908044394041,0.9680002762258285,4.014144845308246e-05,0.001204158196193977
338,0.0019507337652821762,0.29834869665936553,0.6939018675419496,0.0006018466342600081,0.00519685539914271
339,0.0007748680122892174,0.10262297507934107,0.8948664445732438,0.00011488954066776428,0.0016208227944580385
340,0.0270897818976933,0.39934894767411117,0.5523128691097683,0.0031923892431409435,0.018056012075286315
341,0.15122822423981497,0.7399933900553137,0.06415569529981892,0.01827638903556796,0.026346301369484453
342,0.020114139492888684,0.4385179212648281,0.526845182206949,0.009347773584624191,0.005174983450710081
343,0.04685812024222082,0.7050991685025589,0.1969434915815254,0.033192282539903306,0.017906937133791413
344,0.04824480487240223,0.694278003510642,0.04118467686500177,0.19841296722407306,0.017879547527881155
345,0.08248630769785398,0.5886088507537083,0.11030296036818289,0.1819611418926685,0.03664073928758615
346,0.023049928965776928,0.2675871193289638,0.016507576092347428,0.6771642227078444,0.015691152905067382
347,0.008201617896656119,0.030090603743125652,0.004278759933422448,0.9493959181682966,0.008033100258499197
348,0.0019591781830325472,0.011625377974775008,0.0018484157505003099,0.9829702098464596,0.0015968182452327055
349,0.00373431587599738,0.017863417046944722,0.0022448080652430506,0.9743517892522167,0.0018056697595981164
350,0.0017553408645153282,0.003448782219760274,2.323791101976114e-05,0.9939440384214012,0.0008286005833034134
351,0.0016235873698568681,0.00501978367611425,4.396603241663648e-05,0.9907272853449325,0.0025853775766798317
352,0.001192534054767825,0.004111848762251905,3.0021581582395164e-05,0.9931812964693825,0.0014842991320152675
353,0.0023831692712512754,0.003025685290844964,3.2896952902478195e-05,0.9920893218082907,0.0024689266767105055
354,0.0015033287269088304,0.0035789799205698976,2.9508909839143895e-05,0.9928029934978576,0.002085188944824697
355,0.0027860384040674113,0.002578931858363716,1.8688950793384957e-05,0.9922704848703063,0.0023458559164690968
356,0.006203644730920742,0.0018670168603204512,1.7769817649264812e-05,0.9873076193199919,0.004603949271117554
357,0.009360689587519122,0.0027452791648350096,2.7880668848980325e-05,0.9834835558066005,0.004382594772196409
358,0.00917737041482755,0.0034239487542573406,2.4870150533670382e-05,0.9826660331231079,0.0047077775572736125
359,0.006909544530538109,0.0019849132498733447,1.7183925953335225e-05,0.9875383148862075,0.003550043407427822
360,0.005192725854405381,0.0020188701377530987,6.584842605106107e-05,0.985441512208156,0.007281043373634354
361,0.002733222081462366,0.0012175331757728113,1.683549941038229e-05,0.9934606068189029,0.002571802424451607
362,0.0024087155082934443,0.0010487642761422672,1.2274854507548416e-05,0.9945308188065999,0.0019994265544566727
363,0.003354877513815177,0.0013067945972071676,2.2068346697369208e-05,0.9927661877416467,0.0025500718006336216
364,0.003771069607127998,0.001398497605749984,1.5202292828376254e-05,0.9914921181615794,0.0033231123327143093
365,0.005001787421406971,0.0013799672568924315,1.2858399656372695e-05,0.9903796106747528,0.0032257762472914656
366,0.002882037853945801,0.0014789391762375116,1.4807611727214713e-05,0.9945115822207656,0.0011126331373239162
367,0.005247241197486403,0.0014424551328322678,2.057194524121886e-05,0.9886205182939549,0.00466921343048516
368,0.0051367372851864,0.0010761371438334805,1.9809191805718253e-05,0.9830875290016657,0.010679787377508564
369,0.007953946475179753,0.0014972371035199173,1.1481627573741715e-05,0.9839328885810561,0.006604446212670497
370,0.013468662642860861,0.00359181496959565,1.5472630760359742e-05,0.9767497835956775,0.00617426616110577
371,0.020806060690075047,0.0033517021569126637,1.5242801050373773e-05,0.9637880076978338,0.012038986654127991
372,0.03953094602774655,0.006143969341918312,2.5274028489674414e-05,0.9341168283827682,0.020182982219077248
373,0.04526713570204327,0.004957456691873024,2.939574416069027e-05,0.8932430437064572,0.05650296815546574
374,0.054925212494024156,0.024617244480705278,0.0003929777507642307,0.5519377010749453,0.368126864199561
