epoch,N1,N2,N3,R,W
0,0.0007393479940940121,4.619347805368675e-05,9.748469666790972e-06,3.7911706128264134e-05,0.9991667983520572
1,0.0008109586757411929,9.246492339952663e-05,3.805624902627559e-05,2.412275153286747e-05,0.9990343974003002
2,0.0009461565692964493,0.00025610265228762796,0.00029468548940515864,4.2818084750531865e-05,0.9984602372042601
3,0.00031813109832248316,4.6571701089967025e-05,7.152981056234043e-05,6.491159303555376e-06,0.9995572762307215
4,0.0024123969081559634,0.0004729282923003321,5.941215811201921e-06,0.00022578429232171718,0.9968829492914109
5,0.001657985445400898,0.00021316202092805159,5.934147264174207e-06,1.5849156398969195e-05,0.9981070692300079
6,0.019874622418011616,0.0007209977256914767,1.9543561835564718e-05,5.331220710773781e-05,0.9793315240873537
7,0.12155869167253909,0.011791473255999165,0.000304222763914828,0.0011221095352369143,0.8652235027723101
8,0.31482358161699847,0.11590018129894251,0.0007378014789654417,0.016205268091372883,0.5523331675137206
9,0.19592351903105473,0.1904956416616496,0.006258157157441661,0.005599991898327808,0.6017226902515262
10,0.12099929309062628,0.5915818275096103,0.0282309749088743,0.003768738921559436,0.25541916556932964
11,0.06752813615152706,0.17074231910419385,0.009976304711824594,0.0035591683052721983,0.7481940717271823
12,0.0017892620814573205,0.0057260126417303416,0.0006733078807553279,0.006082652095986701,0.9857287653000704
13,0.017233272204858298,0.009261941134501461,0.0002529864775907435,0.0016939911767222726,0.9715578090063272
14,0.39273864408018655,0.03318646805600351,0.000694999124511091,0.003435537266552049,0.5699443514727469
15,0.3540760697886624,0.12094616021378331,0.008532210665774177,0.002125440200870204,0.5143201191309099
16,0.21420175405325184,0.2575057445314627,0.022539771250965072,0.0035153275638329794,0.5022374026004874
17,0.25636998259341565,0.4892218111087427,0.014093306623215753,0.012609502880026068,0.2277053967946
18,0.07553644136535377,0.4716000278608768,0.07623837285482256,0.01361776397342718,0.36300739394551984
19,0.1709395204968358,0.6149473530913849,0.014925053386165935,0.012958558972952736,0.18622951405266047
20,0.29100266390146945,0.6157252789731409,0.03040339145295998,0.01860375101529092,0.04426491465713864
21,0.13556414141164302,0.5073163035986219,0.2704218224496364,0.008307517556625364,0.0783902149834732
22,0.178976862872021,0.44992799291679003,0.15972913605289732,0.005475044083254821,0.20589096407503682
23,0.02683409892841756,0.6707163031152434,0.2594584696083725,0.00309107189848307,0.039900056449483454
24,0.10447730036727826,0.5588883134792335,0.08744395109675263,0.01397480124415919,0.23521563381257637
25,0.06947374202419139,0.7052800503161172,0.12056113473595917,0.012277332658562817,0.09240774026516942
26,0.01066670477362139,0.7584330319958208,0.2012172894092523,0.0009852447828929652,0.02869772903841243
27,0.04662408631365602,0.7512527894494588,0.1504013663770399,0.001924687118845284,0.049797070740999864
28,0.017031737379103445,0.6970747368992044,0.214253082323879,0.001249261271006115,0.07039118212680685
29,0.028903274547899257,0.7441860475529343,0.12391907134389683,0.0022291803988294468,0.1007624261564403
30,0.014449568811972447,0.5777335387900943,0.2527433107482897,0.001607899701217704,0.15346568194842614
31,0.03447826665938333,0.6019891667639471,0.12708528638330568,0.0027899519680778095,0.23365732822528618
32,0.01437465174183705,0.3317795302268289,0.12939548815804006,0.0017986053792194557,0.5226517244940746
33,0.01832326482915967,0.516861677631361,0.13916745706650863,0.0009625189898279279,0.32468508148314273
34,0.032801752666956,0.3613556988262289,0.034175956530566605,0.0008345614959571952,0.5708320304802912
35,0.02704083269148026,0.0030751287919633984,6.054742454914794e-05,0.0007603205245646519,0.9690631705674426
36,0.12071445816329217,0.017453895473315238,0.0001579390909493631,0.0003242778114853616,0.8613494294609578
37,0.382476248060325,0.0899642906709395,0.003649524524613063,0.0012337726224640512,0.5226761641216584
38,0.22055787871269447,0.04643303887886343,0.002376098457003849,0.0009469796347851198,0.729686004316653
39,0.339733259283295,0.24898870379023832,0.000798177674441937,0.0036231426438055416,0.40685671660821926
40,0.288312789816496,0.6131139187554027,0.0034629987106808966,0.009569504053391064,0.0855407886640294
41,0.08102745297617464,0.8058954063049792,0.018604178600553592,0.0005405115433850849,0.09393245057490755
42,0.08588277314406528,0.8129999183203565,0.023011996368452,0.0017631896742625341,0.07634212249286373
43,0.030892825978123754,0.8653585493329766,0.07858413718149643,0.0008016577098358715,0.024362829797567383
44,0.07170440331854068,0.8241103371402366,0.0393765675024402,0.0015036746156975643,0.06330501742308507
45,0.03577273243361368,0.6355261900318485,0.25418138040371546,0.0009659900738273547,0.07355370705699497
46,0.044742995723209666,0.6947045050374537,0.2007757215837009,0.00040942509020445967,0.059367352565431276
47,0.055169526853445686,0.6370223508602063,0.1591743350832674,0.0013728948024256003,0.1472608924006551
48,0.008632799898173274,0.43814309965392256,0.5397706645010855,0.0004168922919112921,0.013036543654907503
49,0.01956281001306231,0.6688597381107504,0.2725239772742286,0.0007474376039908988,0.03830603699796774
50,0.00704254573013039,0.47148779977522687,0.5044003113494583,0.0002727240683157833,0.01679661907686857
51,0.005199491589399063,0.4467476903256292,0.5209115979878816,0.00041862345778984723,0.026722596639300322
52,0.007316178457751139,0.39198989160581676,0.5821426018815057,0.00016734219801081547,0.01838398585691568
53,0.010929693370903302,0.42462396602364894,0.5526422376546432,0.00042479126757422574,0.011379311683230336
54,0.008110687038394702,0.44580275319755663,0.5336312563178603,0.00028056343044146584,0.012174740015746945
55,0.011668917767255553,0.5571827371135453,0.4188807402560826,0.0001865169904835068,0.012081087872633213
56,0.015107923389194701,0.5358740929652609,0.43976758927116666,0.0005271403562776002,0.008723254018100153
57,0.01639144461260753,0.7740240515338151,0.1952307318052471,0.0002226716201544109,0.014131100428175735
58,0.017956261990122038,0.6301950218816837,0.3431336902939663,0.000530347062732005,0.008184678771495934
59,0.014065007213842746,0.5854331544805084,0.39374171593224444,0.0004053070264531606,0.006354815346951296
60,0.02155639578779411,0.582003088034872,0.37383802328475696,0.0009544710193127839,0.02164802187326405
61,0.01375071463274899,0.6835739560995507,0.2895452266376874,0.0011844664747980539,0.011945636155214732
62,0.009396632237123783,0.5930987574009559,0.3847353876008426,0.0012549257126301195,0.011514297048447733
63,0.01628131885020089,0.639351304908357,0.33390284160510425,0.0012464798058901495,0.009218054830447707
64,0.03284970670480992,0.6659323232625534,0.2886488806302877,0.001969103834470198,0.010599985567878892
65,0.014851998204630044,0.7397390703268849,0.23366303150784873,0.0010877560751416482,0.010658143885494745
66,0.015119140582985916,0.6473648848003226,0.3287381556832503,0.0009303150323661873,0.007847503901074915
67,0.015335986255929015,0.7412323332502492,0.22269109872250284,0.001034293969706497,0.01970628780161253
68,0.015339073135228828,0.6600956151301921,0.3135435595819211,0.0007363689471955998,0.010285383205462312
69,0.015327933271201123,0.39938574415098893,0.5607769193438089,0.0029803508937035223,0.021529052340297578
70,0.051160022735744076,0.6465767096531837,0.2083980699697546,0.004402871464853315,0.08946232617646441
71,0.03979651365411921,0.4713848812117074,0.376973466598206,0.008872437265089055,0.10297270127087842
72,0.08261459733158483,0.7265001653401807,0.10175075449522314,0.004036362745569229,0.08509812008744205
73,0.16666596891336435,0.7410893174027587,0.01863291782099036,0.012320408844790968,0.06129138701809553
74,0.14959520906000948,0.6170079476485141,0.0901898785052651,0.011232812912426582,0.1319741518737846
75,0.05648120785851085,0.8799012871140998,0.04252534595023483,0.001782611253665451,0.019309547823489058
76,0.5029640534037219,0.19907923242302858,0.0011758309177646242,0.026793642085417433,0.26998724117006756
77,0.41155657026585507,0.48522246826891524,0.004519522731187984,0.0033273494546192566,0.09537408927942265
78,0.4243235540392129,0.47946176461902446,0.006240226214030381,0.0017791435676084253,0.08819531156012396
79,0.19198174765364429,0.7197544378261477,0.03807352939256299,0.0009207084696786808,0.0492695766579663
80,0.16139710463541532,0.7777530079925649,0.032068545672561094,0.0026493355559186736,0.026132006143539943
81,0.07696319344746338,0.8447622439069824,0.059247675673021256,0.004588053600202535,0.01443883337233052
82,0.06051953321313347,0.8569916375002005,0.06478786345606236,0.005434253578796657,0.012266712251807125
83,0.04070139497476156,0.850356739563463,0.09089808569213859,0.0018505204550452483,0.01619325931459152
84,0.03724548027361561,0.6958078737088691,0.2517260008443923,0.0007628993078433602,0.01445774586527956
85,0.01856638756903948,0.7722053773147219,0.19520478999294497,0.001511358880754819,0.01251208624253892
86,0.011024098743468365,0.4318714555336858,0.5516830570836498,0.0007197201180821577,0.004701668521113767
87,0.02377482655828907,0.6342917853565965,0.32405215736052784,0.0005949821991693543,0.017286248525417415
88,0.015145965704281145,0.5425231797014696,0.43005968568247754,0.0004939159147433089,0.011777252997028394
89,0.009492827601445805,0.4292400678545424,0.5528788451060377,0.0004660442387562322,0.007922215199217977
90,0.002511004064953979,0.2877338166675783,0.7033165235717217,0.00015554168929986595,0.006283114006446205
91,0.000423918634607851,0.05921393413840937,0.937651513668156,3.8192269188948614e-05,0.0026724412896377064
92,0.002530839564773083,0.11306161541053707,0.8647752720858052,7.096295145671141e-05,0.019561309987428038
93,0.0016387932780413087,0.07382187889776003,0.9187792962620874,8.989810943383009e-05,0.005670133452677398
94,0.0062574793338036755,0.1373960487788765,0.8402525624065403,0.00017212332483940824,0.01592178615594025
95,0.0028754611594065064,0.0657675172683687,0.9014148616770936,0.00017839378514378993,0.029763766109987457
96,0.013282601207287434,0.11033267977226807,0.8463920450328739,0.000625542841177479,0.02936713114639318
97,0.05837528937384676,0.27637727064793827,0.5082470386114328,0.004892470847249929,0.1521079305195322
98,0.05973699180151281,0.1730759292985114,0.5650185810147001,0.004419099490492404,0.1977493983947833
99,0.15833931944604068,0.29589259687532127,0.22897095829317127,0.013358498433029192,0.3034386269524376
100,0.04664667981676126,0.015514209333293495,0.002704343365876745,0.0009617104935575274,0.934173056990511
101,0.14498218032863702,0.08686371875198934,0.0008922134300467011,0.0021995228256221242,0.7650623646637048
102,0.3207438893379034,0.24960126529151605,0.01571375532107327,0.00107555434914662,0.41286553570036066
103,0.25474806555140694,0.4099488024194471,0.043376539496170055,0.0005575319047710518,0.2913690606282049
104,0.2139324957959481,0.2815665452602603,0.013434718334823632,0.0030334142498411854,0.4880328263591267
105,0.1156904416154922,0.651362763916307,0.019952032157829324,0.0007525742184965017,0.21224218809187498
106,0.045685373204471,0.8441975064697225,0.014505393012294854,0.002055648102954537,0.09355607921055695
107,0.08682632029997181,0.7955991498657431,0.02259590408100511,0.0012882803302398823,0.09369034542304004
108,0.05031985227781369,0.9183389517410272,0.008263734300059762,0.0009095609932502054,0.022167900687849223
109,0.03909707952030974,0.9152806742136166,0.024661720492011405,0.0013429324976868293,0.01961759327637557
110,0.03484369747004861,0.9381047397795957,0.01745743845425903,0.0009452779320487752,0.008648846364047887
111,0.04745858902526965,0.9204899885361376,0.0213258457045428,0.001477985666110296,0.009247591067939431
112,0.09151396686382732,0.8270445147535885,0.03623763759785603,0.009050307218603981,0.036153573566123934
113,0.01724407518451303,0.8317100224701941,0.14277891008058652,0.0004983854275646738,0.0077686068371416095
114,0.03152681287260849,0.780752920735777,0.1782397026499059,0.00237657774946937,0.0071039859922393134
115,0.034057389423007414,0.767571486426231,0.1903730670834911,0.001094362468519986,0.00690369459875064
116,0.040938689584937335,0.824671943306378,0.1220421990796187,0.0014529815879525832,0.010894186441113254
117,0.01376190671079859,0.5608732409580115,0.4197597543875245,0.0002794371040913016,0.005325660839574057
118,0.0107756434439287,0.6084475728023279,0.3719971027351288,0.00022076002684699419,0.008558920991767723
119,0.009539185060764168,0.5327276693595969,0.4517827788045767,0.00018949371159972462,0.005760873063462503
120,0.004037592557975657,0.3258292033317878,0.6653421183721826,0.0002153936605347793,0.004575692077519133
121,0.0013601814855129014,0.16089422278108487,0.8362508987669032,9.876892251554455e-05,0.0013959280439834955
122,0.0014048243797396178,0.18756136947863872,0.808738266498551,9.63893080271755e-05,0.002199150335043501
123,0.0004619715655045552,0.05791030443054661,0.9398505212222141,7.469072518069027e-05,0.0017025120565538749
124,0.0003834600974032857,0.03748031736081282,0.9614054401829566,2.854432799212415e-05,0.0007022380308352293
125,0.0012748932564647763,0.05159261691686381,0.9457533569574585,6.317328016366492e-05,0.001315959589049194
126,0.002319556211199499,0.07226596211437712,0.9226642245325751,0.00010049448388916865,0.0026497626579588926
127,0.00035435509962713645,0.017752603852812913,0.9799856322475804,3.661853065529786e-05,0.0018707902693242116
128,0.004014498722536133,0.0695046352254257,0.9231953178504629,0.00013888259841620925,0.003146665603159156
129,0.001372038965992389,0.029213072886357355,0.9676702045280926,7.15546154902661e-05,0.0016731290040672342
130,0.0009858745979263834,0.01889171843097409,0.978678644216328,5.4260273802479474e-05,0.0013895024809692628
131,0.0006298216933928397,0.029590611766562486,0.9684928010504035,4.652998140020278e-05,0.0012402355082410687
132,0.0033547747916328305,0.05865246703329835,0.9345503175621739,0.00014482734850934903,0.0032976132643857095
133,0.0014921513578030985,0.04692233416712948,0.9491941688518237,0.0001197092878459061,0.0022716363353978584
134,0.0009180184789031044,0.026890501631953934,0.9709504112573766,9.123540249691524e-05,0.0011498332292695982
135,0.0011752461231575259,0.03825457525293136,0.9586886622573336,0.00010056354177083375,0.0017809528248067933
136,0.00074269651822639,0.04076383075488555,0.9572058342141665,3.4038833317673236e-05,0.0012535996794039248
137,0.007933952212190221,0.12839639908832856,0.8584626432531107,0.0002841011447298367,0.004922904301640599
138,0.0004511218396229994,0.023838673628576106,0.9747959930555028,3.0796806531171074e-05,0.0008834146697668881
139,0.007216650136616016,0.08281375587916791,0.900248796662121,0.00019630858216014468,0.009524488739934866
140,0.00025012269246853957,0.011283374443272867,0.9867702538557932,2.0996323422050504e-05,0.0016752526850434307
141,0.000330887311472664,0.01295436663707561,0.9841999188489946,2.8836630509510873e-05,0.002485990571947623
142,0.0002958935452015956,0.012268746666618726,0.9862880564014153,2.1594754733985497e-05,0.0011257086320304336
143,0.0006143073478654958,0.01673476190936123,0.9815850452482265,3.1126458983109894e-05,0.001034759035563613
144,0.0010450147036379716,0.02055834042471543,0.9764477577913979,7.385745916034479e-05,0.0018750296210884425
145,0.00027888677465824245,0.015733375384096956,0.9827261856780236,4.510157161514876e-05,0.0012164505916059712
146,0.0022316649069413627,0.0233852072806898,0.972752559636913,6.220348389665999e-05,0.0015683646915590833
147,0.0006924983147405823,0.017520613475511624,0.9805142923501399,2.968553914200594e-05,0.001242910320466021
148,0.0021194787583715957,0.05201942095235197,0.9423905167829594,0.0002620103206924444,0.003208573185624752
149,0.03179774838492474,0.17002883062634414,0.7695422759447971,0.004065247137723486,0.024565897906210544
150,0.009027035423410181,0.06910531341071759,0.907828665356882,0.0015038078411068745,0.01253517796788327
151,0.04881393260422738,0.1626921123820426,0.7619597840212352,0.0027378548119871104,0.023796316180507707
152,0.05175778109620586,0.3124279113124938,0.5096221889238337,0.016401121136555726,0.10979099753091084
153,0.046308992578106146,0.8345024071535735,0.053010899434499666,0.04220937260743988,0.02396832822638068
154,0.32727935466627345,0.2756373731595385,0.005245021373388302,0.3548342194218156,0.03700403137898413
155,0.2688984264355418,0.45111457704076674,0.07632125287879454,0.032358859439150615,0.17130688420574638
156,0.21735126774327643,0.3701367807739031,0.03892405504494589,0.3391820804494205,0.034405815988454026
157,0.098635360658435,0.19006047894860614,0.0043473436156783495,0.6154995726849984,0.0914572440922821
158,0.10630655982526728,0.19877471433877625,0.0035411418485756384,0.5713854578153932,0.11999212617198782
159,0.14188331055016867,0.27654396239280643,0.0026262975043673488,0.52762921448268,0.05131721506997768
160,0.042351895921841215,0.13956719199342174,0.00078181308712228,0.7997111504527376,0.017587948544877226
161,0.04977156459235465,0.32515528695511015,0.0025018549893278293,0.5689243630005608,0.053646930462646576
162,0.061291583526436946,0.2418652494566846,0.002576405378158591,0.4931479193832535,0.20111884225546633
163,0.0444819867174453,0.12647114029263404,0.00019538636053697886,0.7902505447908862,0.03860094183849736
164,0.051290857229918795,0.15626732747206945,0.0004272132702776301,0.7229240137283425,0.06909058829939167
165,0.0794689141499228,0.10782237266240632,0.0002128883834237846,0.7566322087879438,0.05586361601630328
166,0.11673943352767605,0.19093329263706094,0.0011151410310352864,0.41560618364718904,0.2756059491570387
167,0.10733693978299451,0.281985357243696,0.00031282589321874585,0.32510634791878,0.2852585291613108
168,0.08156705902308838,0.1465717324323149,0.00015686671739742066,0.741327002085076,0.03037733974212342
169,0.07618900932316586,0.1887533759335196,0.0005131842364960652,0.5859257328320091,0.1486186976748094
170,0.05997259241500545,0.2557095438670116,0.00031573429838053563,0.6435092533016535,0.040492876117948974
171,0.07130042813139681,0.33960079515366565,0.0007117530813092603,0.5268250363431141,0.06156198729051414
172,0.054770905034952785,0.42030289857951714,0.0014226780475727595,0.43836204434861564,0.0851414739893416
173,0.07476619230857902,0.15351881814625612,0.0003029534302752573,0.6457868109526466,0.12562522516224314
174,0.06131631769881095,0.1606352900730281,0.00020655875489987557,0.7247488289450309,0.053093004528230126
175,0.04727922118487025,0.2813948765893538,0.00027097076619025636,0.6056127755054365,0.06544215595414939
176,0.03339119448483451,0.09570017891108262,0.00013092739264243582,0.8417639633683078,0.02901373584313254
177,0.04851604812732593,0.1331078288574401,0.00018179911906406214,0.7846591001966888,0.03353522369948104
178,0.08211712626417131,0.2057018170173728,0.00048426745734634475,0.5410610581135918,0.1706357311475177
179,0.06581136495529373,0.23521924681770548,0.0004177545597820093,0.5132650490127458,0.18528658465447292
180,0.04203367791320346,0.12726461984912724,0.00041299857858631615,0.47021181887360847,0.3600768847854744
181,0.05486692683373047,0.2812585710472754,0.0003520764343317314,0.5642767764423544,0.09924564924230798
182,0.07524675652070684,0.1332653832010179,0.0002928966027464971,0.6557712363983822,0.13542372727714652
183,0.12977502298031132,0.1808020512764296,0.0002664000549883044,0.316862620542378,0.37229390514589283
184,0.1434053842279975,0.23949603498511177,0.00036581043647653324,0.4126193965963416,0.20411337375407257
185,0.10980694375990108,0.21720715507945978,0.0003299565086952822,0.3807233413051616,0.2919326033467823
186,0.15123762335521193,0.23564670391953632,0.00048592598186248325,0.33657229314696396,0.2760574535964253
187,0.11889762758819991,0.308635240568689,0.0006688173683508489,0.3700552584031763,0.20174305607158383
188,0.11355999599065317,0.21359493439853636,0.0005242366357057891,0.321348514118936,0.3509723188561687
189,0.12934748870309745,0.1666713423125231,0.0005465222566961273,0.357565169614007,0.3458694771136765
190,0.10159499585658126,0.13380904017144263,0.0004369478415790895,0.3422137006129278,0.4219453155174693
191,0.11769142989478537,0.15581450686565207,0.00031589713832648263,0.33674812305729274,0.38943004304394324
192,0.13163825703930493,0.27040899442319816,0.0001922633573636869,0.48476989738351667,0.11299058779661658
193,0.09272565143656032,0.23946540032202207,0.00025593701348764733,0.619654844528759,0.04789816669917097
194,0.06765284503760963,0.19099089386538412,0.0001151890673403644,0.7023262599196274,0.03891481211003856
195,0.3234699019526741,0.20313946893667756,0.0006449266516331552,0.3179445853796183,0.15480111707939692
196,0.07849062213281059,0.09102752978955858,7.514537458908131e-05,0.8080318105644978,0.022374892138543916
197,0.10738983625181985,0.13319593315147313,0.00027100090002065265,0.7326240238724864,0.026519205824200063
198,0.15859378883771397,0.16948701815751724,0.0002952204475389886,0.5381479714283627,0.13347600112886715
199,0.1400683344328969,0.2883372873905252,0.000641548584559867,0.46675555801895585,0.10419727157306226
200,0.09503769988112237,0.3087068690413489,0.00027670911885951125,0.5104211051293956,0.0855576168292735
201,0.07106675572685159,0.27365239350773035,0.00015360775736250796,0.5200170260298066,0.13511021697824904
202,0.10719459199060433,0.12039346823516418,0.00014188320360496715,0.6634216736869324,0.10884838288369408
203,0.08338397192385921,0.06986938782255421,9.309098823018439e-05,0.7587910877452337,0.08786246152012253
204,0.11869461980152347,0.07207374564707773,0.00011331611846672215,0.2244028592086235,0.5847154592243086
205,0.2338107921267812,0.1314029026864491,0.00020277671093248904,0.5003436816636166,0.13423984681222054
206,0.11493287449430913,0.04293710608996649,0.0007343560413573519,0.13321350003207175,0.7081821633422953
207,0.4645723777963988,0.014681143702283782,2.7310305148385053e-05,0.3407036057721283,0.18001556242404074
208,0.29568168590645255,0.05297471535080158,0.0007996696026599763,0.028183208084754142,0.6223607210553317
209,0.36501995342740895,0.2055546365319343,0.001442794984318912,0.08185342796791172,0.3461291870884261
210,0.18754671730839856,0.6203027283128417,0.015038777777149369,0.024769737812163364,0.15234203878944697
211,0.19693827881249124,0.33156378819720345,0.0008356984156459313,0.13175972748398196,0.3389025070906775
212,0.16301297923302338,0.5675537933986913,0.002444773263982772,0.06654824794903731,0.20044020615526517
213,0.26471258814861104,0.5757376004026642,0.007215485830790042,0.05854517996906899,0.09378914564886569
214,0.14406227947705041,0.6594374374042548,0.010354154313367976,0.034995951353231004,0.15115017745209597
215,0.1014506650903782,0.8007903686325801,0.017225951281990944,0.03258966135757986,0.04794335363747093
216,0.11837710425979273,0.8161247577123041,0.023162886357827893,0.014778594347573296,0.027556657322501996
217,0.10644998037887439,0.8105369339075812,0.021441641751832555,0.007213203488689968,0.054358240473021756
218,0.05706060664401355,0.8749257442588273,0.011689281039149776,0.008966360597439856,0.04735800746056952
219,0.15901867514258428,0.7542729332170891,0.0168972237920596,0.015943582312349415,0.0538675855359176
220,0.09891378633230959,0.7541083619792561,0.05637070992057804,0.02538422295690016,0.06522291881095614
221,0.07788710070584659,0.7711842681553359,0.06922159885626508,0.01262505732542788,0.06908197495712456
222,0.08623330514345032,0.7882572666665243,0.02696184743271254,0.01990311207980606,0.07864446867750666
223,0.05681375769408546,0.8802279866967526,0.02471548975828349,0.011008329782532852,0.027234436068345625
224,0.07128824038450944,0.826482390716846,0.04352517379858494,0.008610022163152427,0.05009417293690728
225,0.05070106476610781,0.898079781339676,0.010937936159041052,0.00932530716869939,0.03095591056647591
226,0.12834372736343477,0.7852664290980202,0.018477400935160218,0.010385646324694424,0.0575267962786905
227,0.048574477721386275,0.9104651246921293,0.025311772892597218,0.004697226863245345,0.010951397830641864
228,0.08236932123789384,0.8743490018526957,0.018161097898869025,0.0027596813769723205,0.02236089763356931
229,0.08659363753184407,0.8614588146296791,0.013141474676510348,0.002823409803918641,0.03598266335804789
230,0.030012576881693162,0.9056507937789401,0.055143959743922805,0.002525213079548369,0.006667456515895671
231,0.016322592902099767,0.930993749700345,0.041305609875877884,0.00582276906542091,0.00555527845625655
232,0.05461589988791608,0.8926183902612708,0.02437814302033565,0.008296257116224453,0.020091309714252797
233,0.007180121608889182,0.8418824304990147,0.1402031030990638,0.001949489759493899,0.008784855033538454
234,0.016541507678743093,0.9198441122049853,0.054743971098008916,0.0027992654093348074,0.006071143608927846
235,0.028541725363374876,0.8947823937514443,0.0605816117826578,0.0031197063359592624,0.012974562766563875
236,0.01580980746339478,0.8575121435689632,0.11123956769813374,0.0023471581252993796,0.013091323144208782
237,0.037549920842305524,0.8076757697460625,0.12278291999918295,0.0035609040717055566,0.028430485340743265
238,0.02542395456931184,0.8355444929316682,0.11797319320620846,0.0032486684945117385,0.01780969079829981
239,0.08606138821635043,0.6193470172723313,0.21901247376899613,0.010186396716662549,0.06539272402565947
240,0.06930765155832344,0.5981255908913928,0.09073086204303225,0.006995710387903808,0.23484018511934768
241,0.13070128930592662,0.10869085722969174,0.006970670736925667,0.0031076671173692594,0.7505295156100866
242,0.19068020011170006,0.5493487146729173,0.00742686986597292,0.007896199748803881,0.24464801560060592
243,0.2742072465339092,0.28131774466115667,0.008382009410681257,0.010053115903029519,0.4260398834912233
244,0.34466696877264885,0.35802948562586306,0.0024313582735071763,0.006979632196276121,0.28789255513170464
245,0.3566439144446304,0.4144996354745967,0.007814631364772546,0.009258622481111006,0.21178319623488923
246,0.1105595548118262,0.7920668470072635,0.011553030479492776,0.002798136462468182,0.08302243123894933
247,0.05670288489718569,0.8808245680135053,0.012534147878997466,0.00424746511078436,0.045690934099527215
248,0.10345323546679391,0.8561676491475426,0.01341460859622144,0.008031342781897906,0.018933164007544218
249,0.0817241665048234,0.8536126755755036,0.04943496613011663,0.004336117415943663,0.010892074373612629
250,0.033216206090078366,0.8591806251986234,0.08961869832097373,0.006970211598924661,0.011014258791399938
251,0.03036369334536969,0.7226533000563828,0.24092561948391983,0.0033754174349073457,0.0026819696794203036
252,0.019558368551335862,0.8549969010862328,0.11937741499516416,0.0033363555538136135,0.0027309598134537243
253,0.022173957510192195,0.8042666337893535,0.16459418165069364,0.005272856832920336,0.0036923702168405125
254,0.01395767571572923,0.8761788103172837,0.09820229328854285,0.004433370922392456,0.007227849756051851
255,0.011730595972731581,0.8079043550245726,0.17613147830644948,0.0017635005522404648,0.0024700701440058138
256,0.008822168700748043,0.832521881299489,0.15292720674825255,0.0017426561455577427,0.003986087105952572
257,0.017064267260695962,0.842533881415564,0.13709996000674068,0.0005631641935655976,0.002738727123433781
258,0.011040650598356967,0.6582909748252039,0.32738152627890776,0.0006504048504650839,0.002636443447066088
259,0.031562496339833164,0.8186053514157666,0.14437393673421156,0.0011233373724495216,0.004334878137739061
260,0.003634861498809549,0.3930240365421775,0.6012306978504737,0.0002975683703410744,0.001812835738198136
261,0.0235256398240186,0.6056052571792576,0.3672185032035727,0.0007043394949813476,0.002946260298169704
262,0.021617324459925435,0.6788801966095493,0.2729872508019049,0.0008396129795552471,0.02567561514906506
263,0.014613419128663053,0.4239351341133384,0.5563290431623993,0.00040300726471953393,0.004719396330879897
264,0.0007011214439884867,0.12468770593627994,0.8731246650909517,0.00011112619403425286,0.0013753813347455943
265,0.011185012812492649,0.36900595198938657,0.6118304181494266,0.0013313581151787475,0.006647258933515239
266,0.008676676223625022,0.4940497665603009,0.48972589393634486,0.000617607319789043,0.006930055959940262
267,0.006802909774362461,0.311097494820856,0.6745024232567701,0.0005003341243339785,0.007096838023677371
268,0.00802690005192917,0.4423992394440622,0.5403637504331329,0.0011375096894407379,0.008072600381435119
269,0.009681111751486294,0.40858130295743567,0.5752875832518302,0.0014877279775054797,0.004962274061742462
270,0.008657863337265408,0.3522098549710188,0.6311650788149906,0.0016922270939221803,0.006274975782802853
271,0.007250940037455648,0.16711182038529995,0.8208254798688541,0.0009155353058034185,0.0038962244025867888
272,0.006778164003000555,0.2193729065203585,0.7707580705725103,0.0005918446443599279,0.0024990142597704854
273,0.008353717209870538,0.2442292042636986,0.7440290575010551,0.0009631163982197875,0.0024249046271560136
274,0.003912831404107598,0.12073013571864435,0.8724490863922328,0.0003190075875742562,0.00258893889744099
275,0.005818144592581284,0.28728734247302845,0.701797752640155,0.0006444610147903811,0.004452299279444849
276,0.004253208352472326,0.2545526959357716,0.7370269906488985,0.0009785962895021779,0.003188508773355164
277,0.007678196111931945,0.18229115354418546,0.8050631777914731,0.0016911850994858312,0.003276287452923623
278,0.0014594892551275686,0.08982967034235141,0.907186116299462,0.00040475427175469,0.001119969831304236
279,0.004506404474974679,0.08524059131173893,0.9075246085216292,0.0006608012957234916,0.0020675943959339235
280,0.0006138389127527369,0.042030505759889474,0.9556418816773891,0.0004331536982210668,0.0012806199517474512
281,0.006339269047690093,0.193473293764256,0.7970209728334149,0.0003777123835431777,0.002788751971095773
282,0.0014223539921332932,0.06742593406844878,0.9296286190130525,0.0002519653091824162,0.0012711276171831535
283,0.0014016497657082594,0.06145014659964486,0.935769881295619,0.00027237445718185084,0.001105947881845742
284,0.004693070402701147,0.07559255660102412,0.9175371365478143,0.0004126630114630864,0.0017645734369974336
285,0.0008576694148022398,0.040575259114714136,0.9576175041809888,0.0002330821867147547,0.0007164851027801078
286,0.00732370430745258,0.16124896393059618,0.8277072767566205,0.0010407132039417265,0.002679341801388988
287,0.004555594401984564,0.07139556358859536,0.9225579568379491,0.0003227605530279138,0.0011681246184430103
288,0.0063956893097483584,0.14762221981200388,0.84219828234244,0.0005308368285072522,0.003252971707300476
289,0.0011678527742421032,0.03316931326509997,0.9643496408600588,0.0001580595180824053,0.0011551335825168052
290,0.017173058470387425,0.30415655230500527,0.6704887942501812,0.0015926378701099598,0.006588957104316231
291,0.0006641557384407802,0.03611844213164029,0.9616693069229931,0.0001375429055223544,0.0014105523014035907
292,0.000894130764687631,0.02248593424480536,0.9746966184243465,0.00016543627048167192,0.0017578802956789142
293,0.0014309819194456347,0.045307352154667704,0.9520374805835788,0.00018443814539717866,0.0010397471969107656
294,0.000922152349527258,0.026266046061655616,0.9713758523987912,0.00013535150289880203,0.0013005976871271038
295,0.006589980717789898,0.14970006546693918,0.8402859168424475,0.0006297729799456923,0.002794263992877625
296,0.005346739511501385,0.0955745156101424,0.896170491617536,0.0004501862732976149,0.00245806698752257
297,0.0005613735711072445,0.026180636941221122,0.9724212206937936,0.00010922106897086734,0.0007275477249072733
298,0.009252175080003604,0.19218652026078792,0.7930952623031123,0.0012853506037846642,0.004180691752311414
299,0.0024796261531185456,0.043459673104544606,0.9523037631892013,0.0007422780643285692,0.0010146594888069602
300,0.006560764048167335,0.10344199069346392,0.8864837539423363,0.0011741671322848283,0.0023393241837478362
301,0.0015870915232932177,0.03442438125560633,0.9617599352069177,0.0005144659228748081,0.0017141260913078457
302,0.02109930385234542,0.35141922899043326,0.6065954590373894,0.005778634945331251,0.015107373174500685
303,0.004428908714919683,0.09464027028428455,0.8862424421884115,0.004190372903205259,0.01049800590917888
304,0.05183726153577994,0.3695240258325672,0.5063122723106208,0.03404174699764881,0.03828469332338316
305,0.0630687401864013,0.10060581500898347,0.02269400117541368,0.02412677865074681,0.7895046649784548
306,0.39742415510565343,0.40432935685080973,0.007014187046064864,0.030047212503478613,0.1611850884939935
307,0.4440837700042157,0.38773041081837795,0.009812212076128991,0.012287853079760418,0.14608575402151694
308,0.33901860119956984,0.5734958780380931,0.01804299499927325,0.005935866914927035,0.06350665884813687
309,0.17734070310534317,0.7522172961303115,0.02643785939867788,0.00671160149586851,0.03729253986979908
310,0.19386197326771154,0.7183370640321796,0.042752253772946266,0.006641517259281785,0.038407191667880966
311,0.08533108043518668,0.8351775166065145,0.027738001359752264,0.006421928231858746,0.045331473366687816
312,0.19784591174414912,0.7162033324094961,0.020585496345589847,0.008291975023303933,0.057073284477460906
313,0.16366963389331868,0.723145388667499,0.05859633447341686,0.015584390108485589,0.03900425285727995
314,0.030768556541893817,0.844416429757734,0.057994678200092464,0.0031426145630192802,0.06367772093726043
315,0.07002365653151978,0.8162244168090451,0.06732489831981965,0.004901842064058824,0.041525186275556826
316,0.04520542045086184,0.8892701651773499,0.02914384888765753,0.005564200162335425,0.030816365321795117
317,0.014940614550334939,0.875226281571137,0.09290761338963148,0.0032540411195500127,0.013671449369346472
318,0.04120872691590027,0.8707021170462896,0.0635312307922435,0.011666738706394703,0.012891186539171842
319,0.0411410027116677,0.8620878450740892,0.01121815397573622,0.062124252776610385,0.023428745461896477
320,0.0198046246796669,0.8873350688238467,0.027167523775916823,0.046901523539889245,0.018791259180680225
321,0.06294338031652515,0.8206369266247832,0.01526659551604587,0.07825208339208162,0.022901014150564232
322,0.04309843581504811,0.8245635707140874,0.06158370684171996,0.04625793446208332,0.024496352167061138
323,0.06055589530627891,0.08518447504729038,0.007869462307371285,0.024214011958592692,0.8221761553804667
324,0.5193909868612661,0.33500122090842677,0.004823226271098824,0.03351757140794153,0.10726699455126672
325,0.40333007643038127,0.5196806128049676,0.02229393952238492,0.012896377794759937,0.04179899344750622
326,0.24335866102246378,0.6930992273321441,0.03183599926086721,0.007101244609786819,0.024604867774738123
327,0.02280909125753838,0.8971231376019092,0.05509498969496875,0.006496196482501455,0.018476584963082052
328,0.07372971263696751,0.8630140264183354,0.0074781988105139885,0.04071079083934079,0.0150672712948422
329,0.08718970094037479,0.8220759069524666,0.028448624260804578,0.034204455147681716,0.028081312698672253
330,0.028529442833570704,0.8903963541785156,0.06419961737675674,0.012372424834740856,0.004502160776416153
331,0.09968539857464694,0.8028543515885932,0.03791637865436202,0.01981393192370898,0.03972993925868897
332,0.014664353704449542,0.9332067422147154,0.03645325593933801,0.00895928529563511,0.006716362845861855
333,0.01667937393922022,0.7480997000434997,0.19746537448125354,0.005445880592664513,0.03230967094336199
334,0.02192271981926295,0.9012815200236446,0.04697998925857953,0.0064614550126962135,0.023354315885816546
335,0.023551034587229715,0.8920142032082311,0.049161047405998456,0.01097500827056758,0.024298706527973158
336,0.014544763168083888,0.8933598733509889,0.06630009892669624,0.012359314463849105,0.013435950090381999
337,0.03368564695627643,0.8850074996957943,0.04019312630876406,0.017778388395804385,0.02333533864336089
338,0.06363014450734009,0.7937555465947638,0.050699406240493856,0.024343973446711496,0.06757092921069086
339,0.19300048627312927,0.4692829309765496,0.007443782735578701,0.012943199961157363,0.31732960005358496
340,0.08318489759971943,0.8877653639029521,0.009967195760157505,0.0038811814562755946,0.015201361280895276
341,0.08959638695994707,0.870083922390093,0.012669692590875118,0.0038322535445317616,0.02381774451455285
342,0.059986419469878476,0.9036887484427748,0.024281385489391516,0.004903836373027842,0.007139610224927505
343,0.06951252887102799,0.8585819433615408,0.016846125342699934,0.008528372741182752,0.04653102968354854
344,0.05484241912302595,0.8813894183230501,0.021777517022566792,0.0154769236490771,0.026513721882280305
345,0.0814400852675896,0.7888442720250949,0.03985533375227251,0.007544952257092644,0.0823153566979501
346,0.03970462195250846,0.9166903083543314,0.03320646922462275,0.004207425041751978,0.006191175426785203
347,0.027342313892220794,0.9271353551282898,0.01945503437922181,0.01700239990527846,0.009064896694989149
348,0.012701489005185739,0.9225644087906874,0.05493938880222083,0.006447871971811192,0.0033468414300948557
349,0.013278199851996825,0.8109454934534245,0.15930786788208726,0.01264616269435446,0.0038222761181369155
350,0.027830992968015656,0.866116207237115,0.07869616266814682,0.015498388655626411,0.011858248471096124
351,0.01226599466646137,0.9129706586665779,0.05347327076525374,0.013374891668397912,0.007915184233308987
352,0.01261086429072276,0.7962885714311134,0.15706740833769114,0.004453911657332251,0.029579244283140318
353,0.3282027310874152,0.5558802148361168,0.00683127958217947,0.008908658827935569,0.10017711566635296
354,0.03715715650423161,0.8951497668819876,0.049157727550990016,0.005301015088704642,0.013234333974086042
355,0.04495785174026721,0.8558867008721391,0.09048379423384939,0.004185116638995267,0.0044865365147490135
356,0.06818517130827596,0.847508115370404,0.06658351791641112,0.010226927348635428,0.007496268056273313
357,0.008342188090675322,0.8711326785559187,0.10891300510796272,0.008308591830841658,0.003303536414601593
358,0.019718256864587617,0.8915476909770466,0.06602506073580335,0.017362527792570123,0.005346463629992422
359,0.017734367175553465,0.7693179984371894,0.19999928728378175,0.00830894837286199,0.004639398730613423
360,0.017191868208238047,0.7285858282401859,0.24333010963987758,0.006017733989473292,0.004874459922225139
361,0.030122920632535025,0.873353738979267,0.07919563095454604,0.009893403780706434,0.0074343056529453605
362,0.0136475256980859,0.781954953565105,0.19108066067255058,0.007874624235772513,0.0054422358284860195
363,0.006608775142855261,0.6244568962100596,0.36226593826749387,0.00367543382187405,0.0029929565577171773
364,0.009647949996730168,0.8108180473590322,0.16588325666833292,0.003703238508219599,0.009947507467685222
365,0.025099848798584526,0.8469544969902697,0.11840219182867465,0.004115586282701357,0.005427876099769757
366,0.012668851406821526,0.8306616621092868,0.14641095571116258,0.004083834852007905,0.006174695920721127
367,0.003832471713328865,0.6346096310649619,0.3499851591153824,0.002572392484683059,0.009000345621643814
368,0.1794638887827187,0.649987373695349,0.03374687042543453,0.009082328994130797,0.12771953810236697
369,0.028981691992407993,0.881014271006494,0.06685955366525455,0.00197279848371302,0.021171684852130487
370,0.012729050367662616,0.8648847253539454,0.11192387870431271,0.0013789814914437022,0.009083364082635582
371,0.048016236451625956,0.9121212158812299,0.026364222685041485,0.0021882280065025094,0.01131009697560029
372,0.015999047504893768,0.9178355626683008,0.058174885341335254,0.0017853025052127073,0.00620520198025723
373,0.019242337963501777,0.8949652545187143,0.059677071184781876,0.010670302646097878,0.015445033686904064
374,0.013524951821916938,0.8981296642122093,0.05817096317773287,0.009304593316235184,0.02086982747190587
375,0.03392886284162344,0.8267271845340067,0.08932458888107947,0.017320714272870852,0.03269864947041945
376,0.009416592191554492,0.6860661002660705,0.2610027190850706,0.006436699374742161,0.03707788908256204
377,0.036904660587228584,0.24760172591338434,0.014486968150163345,0.004978320101115157,0.6960283252481085
378,0.33310035968699186,0.3065937457987939,0.0016855992342822584,0.07151115535282092,0.2871091399271109
