epoch,N1,N2,N3,R,W
0,0.0012907197012691604,0.00017673079382790372,3.693976042834766e-10,6.989433688574645e-06,0.9985255597018167
1,0.00200439843933989,0.00036879114004861565,0.00011834748451209745,2.542724576900927e-05,0.9974830356903304
2,0.0023199479624053383,0.00039356455236971665,0.0003698382403865149,3.208142656733762e-05,0.9968845678182711
3,0.0010886171803327236,0.0003406460826938299,0.0003809734463726308,1.9193840134038863e-05,0.9981705694504669
4,0.0043259266928017195,0.001042818970727414,0.00037454144254243514,4.07544860416405e-05,0.9942159584078867
5,0.006352100558787489,0.003380929097999841,0.00039750997719339515,0.00015236336405793067,0.9897170970019614
6,0.023189783116457044,0.005169766462334007,0.0004415884961234863,0.00036018093032556825,0.9708386809947599
7,0.014425616133472223,0.010374932748428803,0.001409891588344825,0.0003527674671473504,0.9734367920626068
8,0.003975269303298232,0.0029497082874983343,0.000601225188428926,0.0001070792157399854,0.9923667180050346
9,0.015062558831312372,0.0037188720138915995,0.0004327018654869426,0.0004407813681879677,0.9803450859211212
10,0.018040358926728527,0.004682503255978486,0.00036054589004046135,0.0004182647282032269,0.9764983271990493
11,0.008776355180613577,0.0022920233903943135,0.0001340265539119327,0.0017747215059488394,0.9870228733691314
12,0.0260384030883825,0.004778401957556213,5.618687320443396e-05,0.00393595256004946,0.9651910555208074
13,0.00555483842286224,0.0018472967573095857,0.00019368353089326955,0.00022543497358143351,0.9921787463153534
14,0.03599555577695534,0.00927128841115176,0.00026839473425060414,0.004029936263689959,0.9504348248139523
15,0.03297181605668294,0.008870896267150409,0.0003693208245301661,0.0035707305198372746,0.9542172363317992
16,0.06288221974010631,0.018518609572093003,0.0002546367138499388,0.007039470391477288,0.9113050635824734
17,0.044930557709756055,0.012773298452157734,0.000196164346697105,0.0011907359610096007,0.9409092435303795
18,0.07515095956845516,0.02454842043357287,0.00034781557201518177,0.005697686610014685,0.894255117815942
19,0.0794015362219512,0.042060293109988656,0.0009969648660094078,0.0079207388594028,0.8696204669426478
20,0.043148375897858526,0.01125241390654479,0.0008843840770611155,0.0010791440654908382,0.9436356820530447
21,0.07580321055560174,0.01654323689787645,0.00036927098744250124,0.004788161154238838,0.9024961204048405
22,0.010292880229592115,0.0018155140858221214,0.0023237003942317034,0.00042269756381314107,0.9851452077265409
23,0.0022211462994999407,0.00041385984338615154,0.00014786222594544816,7.073028089657203e-05,0.9971464013502718
24,0.006181510381244229,0.0009167215719534286,7.23600539054219e-05,0.00014234444830172864,0.9926870635445952
25,0.00333482870348385,0.00040063471534313545,4.057906059438067e-05,8.504469439758247e-05,0.996138912826181
26,0.005571464617231676,0.0010056117120511088,6.50171882894597e-05,0.00024666927614982575,0.9931112372062778
27,0.03356502281593401,0.004580825933679121,3.505223257385569e-05,0.005605588203062777,0.9562135108147503
28,0.011465640714692844,0.0018555580964107177,2.582362887698506e-05,0.0019539458474566876,0.9846990317125628
29,0.03835201145706434,0.00856177007496003,6.4706000912646e-05,0.025302160534111443,0.9277193519329515
30,0.004562330776160498,0.0013476109395219736,2.2504309180997787e-05,0.0005384041843344673,0.9935291497908021
31,0.012643835824022452,0.0021835361943525963,4.523623753227263e-05,0.001986889605445448,0.9831405021386472
32,0.022893380041807788,0.010482855461655557,0.00010911904028044364,0.003342723991866797,0.9631719214643895
33,0.02850326882235933,0.005301748432330612,2.6946489051808676e-05,0.0030077067343706222,0.9631603295218876
34,0.0044269713326586515,0.0017726084906517457,0.0001704884065590254,0.00028585653218177534,0.9933440752379489
35,0.00344746746559954,0.0015461110517821992,9.506085543473401e-05,0.0002817874285036714,0.9946295731986798
36,0.08716632350188801,0.02097059021978926,5.169986675185042e-05,0.004394609293096447,0.8874167771184746
37,0.06112980900149776,0.011969387114872597,3.839126631786999e-05,0.002351854983069121,0.9245105576342426
38,0.044535268039256,0.0034941630360522005,6.363045939096164e-05,0.0029920812228254948,0.9489148572424753
39,0.05014981102919556,0.006486521234241843,0.00015909004795236167,0.0005615747678558681,0.9426430029207544
40,0.02104138998712096,0.004035676835776582,0.00039893870633293495,0.0006945633830734593,0.9738294310876962
41,0.0062803315657291095,0.0021235616099036085,5.316640299319805e-05,0.00018972351093793252,0.9913532169104362
42,0.03645351303928193,0.01188943398442458,0.0005515268344959364,0.0007663148129812764,0.9503392113288162
43,0.014923278619459001,0.005107306498496744,0.0003745736336690519,0.0005057944744502867,0.979089046773925
44,0.0485384296476991,0.013907903266324503,0.0005242773893314236,0.0006761553284870198,0.936353234368158
45,0.07995067964124951,0.015009049025751202,0.0008286089194328107,0.0006604713428790649,0.9035511910706874
46,0.07623148372935391,0.024321150558270888,0.0015341923741808636,0.0006661487488569819,0.8972470245893374
47,0.11215282154541426,0.029709074250579233,0.0012469782237663287,0.001026471955871439,0.8558646540243687
48,0.08627339921233648,0.024505467188931426,0.0019521878413807177,0.0012848378590274397,0.8859841078983238
49,0.10908492121219303,0.018529364009300414,0.0011062757625499486,0.0012018985910461054,0.8700775404249105
50,0.13337339618629865,0.026313839598286492,0.0017298912686620493,0.0008278606823586743,0.8377550122643941
51,0.024003040870699616,0.008125295706369192,9.53078148935037e-05,0.0004135475327668987,0.9673628080752709
52,0.018162069206549204,0.007863625422757023,0.00032691454220834456,0.000532955409340659,0.9731144354191449
53,0.06522985686347202,0.016570600778249133,0.0013095275683474245,0.0012997182203652307,0.9155902965695661
54,0.0349401373151376,0.011178863417365384,0.0008799270917980822,0.0006334172362696338,0.9523676549394293
55,0.014621286242505173,0.005115906970317943,0.00015054329385403586,0.00033144989052718643,0.9797808136027957
56,0.020128605925309375,0.006289823060700995,0.0002287781338447152,0.0002876100270362637,0.9730651828531087
57,0.06730775692387105,0.009956336206250608,0.00033808209061162814,0.0009071112711493639,0.9214907135081173
58,0.02575205055056865,0.010659281821398183,0.0005424998330360595,0.0005801551460971528,0.9624660126489
59,0.02595437881607696,0.009621152024707457,0.0002402269352856305,0.0005815600335546972,0.9636026821903753
60,0.020216894738106436,0.004374143432702901,0.00030860459084742066,0.0003546213574732343,0.97474573588087
61,0.08427139241518841,0.01829348675547456,0.0011274458556043221,0.0006348119928586818,0.895672862980874
62,0.02352967792974504,0.007305676731506048,0.0005262592727717986,0.0005066766550029967,0.9681317094109742
63,0.07307124710666354,0.013621815903035794,0.0029640893864724613,0.0030384982377397564,0.9073043493660884
64,0.01866601955998296,0.00766621840763953,0.0009559407265878932,0.0010180142100220972,0.9716938070957675
65,0.06398984957965877,0.023031409144558146,0.003881208921554062,0.003949705359521005,0.9051478269947081
66,0.030438173066940823,0.006586075790863385,0.0009783321521560115,0.0016372720438268648,0.960360146946213
67,0.021315861215805237,0.006129676335299287,0.0009615582131329641,0.0007640692624997842,0.9708288349732628
68,0.06252145901531032,0.01638342419759017,0.009029212252331878,0.0021234690589904256,0.9099424354757771
69,0.021569510564188675,0.0269288420555013,0.01102584125838241,0.0018936730626933477,0.9385821330592343
70,0.031348692353180156,0.025309958387821917,0.008676639793378868,0.0018982448965023607,0.9327664645691166
71,0.010074678142930043,0.015402984689042734,0.005703042053043017,0.0020369076626546496,0.9667823874523295
72,0.03341079281432332,0.02985097712031056,0.003047946603789835,0.0024742339992009804,0.9312160494623752
73,0.09844369342132674,0.09507266503452926,0.013820050649666118,0.005306232137239983,0.7873573587572378
74,0.08250854795408782,0.06473088030831012,0.01667265168252052,0.004016376112037566,0.832071543943044
75,0.050493209185510535,0.07945840428579562,0.04428152511493405,0.0045846455997048145,0.821182215814055
76,0.052942905178867065,0.08336844313437106,0.019057954789869685,0.004882176734561968,0.8397485201623303
77,0.08721063089789655,0.10960610263208848,0.024007005080472838,0.0054775546049145325,0.7736987067846275
78,0.04634793955089459,0.10576620028482732,0.056834386017413155,0.005649503272063227,0.7854019708748017
79,0.14591409213936193,0.31086162210206625,0.04223815842444155,0.008059324773659872,0.49292680256047033
80,0.1623384175656304,0.2446621106210699,0.03390659060622257,0.005251734151082287,0.5538411470559947
81,0.22846034250304342,0.4546535110481034,0.03625752762889119,0.008628971990094388,0.27199964682986755
82,0.10115772128496128,0.2487954241009756,0.029106724061632436,0.008585714682453982,0.6123544158699767
83,0.065523667158834,0.3054389991187845,0.07172301002379176,0.006696598758905967,0.5506177249396839
84,0.07202059155934883,0.08137437098424492,0.01243391575291891,0.0036554272872188105,0.8305156944162685
85,0.09045954039003187,0.23927973473059813,0.04523813851282513,0.01670701657832407,0.6083155697882208
86,0.012344691505809332,0.08971360147885049,0.03922107278311999,0.0014010397553915303,0.8573195944768286
87,0.016121700963544604,0.036574272524460695,0.0011734190502905523,0.0004931793004973155,0.9456374281612069
88,0.007062517978631678,0.011120342563357423,0.0010095997654485593,0.00047872664051291106,0.9803288130520494
89,0.08293768702478127,0.043246679390170066,0.005461810360511141,0.0007245979931343715,0.8676292252314032
90,0.09607846876247912,0.07545011481614741,0.0062205044824781616,0.000976251992939617,0.8212746599459557
91,0.08570877679068913,0.03329133666200205,0.0018360523884382916,0.00035661592676459585,0.8788072182321061
92,0.11352262739888466,0.10087442565307517,0.00737710117396524,0.0008181814430150465,0.7774076643310599
93,0.04478304543904048,0.013062311938833365,0.0007963612348338531,0.00022590763222188692,0.9411323737550705
94,0.06056625732015202,0.027142977667556113,0.0010376212602687509,0.0004948510599409041,0.9107582926920822
95,0.03803399928969961,0.016411890348505022,0.0024835351952536546,0.0005933543843756924,0.942477220782166
96,0.22265577223718006,0.06753476567350081,0.006406693256527153,0.0012359927479734985,0.7021667760848185
97,0.13503561817716156,0.25539069306946316,0.02015411008124127,0.0069511272030436414,0.5824684514690903
98,0.16347921590176573,0.18764845388210302,0.03451442995431317,0.019757246613197305,0.5946006536486208
99,0.12675324055229037,0.1461524541891509,0.01625474824054667,0.008818716554902876,0.7020208404631092
100,0.10330659545537467,0.0978187185294682,0.019202712179234693,0.006010818120999582,0.7736611557149228
101,0.28222102121448106,0.32638753509999313,0.06095009634413559,0.011193164845444767,0.3192481824959456
102,0.3055085416953018,0.4499097419404576,0.06294356597135614,0.005257775888420551,0.176380374504464
103,0.1532081185243867,0.527756758940357,0.08231697916129087,0.005232600171653851,0.23148554320231157
104,0.08830744807189263,0.5473355268710937,0.17059635731081432,0.006766936168429378,0.18699373157777008
105,0.051570130185589654,0.6133563796414555,0.2872562938821272,0.004209097126644967,0.04360809916418264
106,0.0226104682310579,0.5637432808060507,0.3732192507354803,0.0019172586398741186,0.038509741587537005
107,0.011886165944361331,0.4453280782560655,0.5055591635501684,0.0008874823466012092,0.03633910990280358
108,0.0067666713181416165,0.3311411287616307,0.6471703952248219,0.0007388205509077275,0.014182984144498052
109,0.007105863768752796,0.31948173964677484,0.6504075522340007,0.0004559051849853622,0.02254893916548637
110,0.008817737109368421,0.2761731960129674,0.6784524351183034,0.0005320342246486043,0.03602459753471214
111,0.014845436575243695,0.6263315906959206,0.3135683225020024,0.00023289322501980405,0.04502175700181358
112,0.01819538284464419,0.4337965580708148,0.5087025319627915,0.00032618576124813153,0.03897934136050142
113,0.022732299639014294,0.41681151811823586,0.49723200547115126,0.00033806004350193664,0.06288611672809677
114,0.0024251410105148234,0.16701554204417005,0.8206460753998036,9.138341224924975e-05,0.009821858133262371
115,0.0038598842160181093,0.19371537211008735,0.786576295939747,0.0002133584357505488,0.015635089298397093
116,0.003160413826194662,0.12087029373757815,0.862140175991645,0.00015853410918243045,0.013670582335399643
117,0.007889003901535182,0.26612205982574644,0.7067367591306246,0.0001521832791148753,0.01909999386297878
118,0.0009931854011344487,0.08548038755732339,0.9100958340590485,8.198091821050988e-05,0.003348612064283243
119,0.00973030652075968,0.3340154936559144,0.6174625086271689,0.00029783147890985966,0.03849385971724707
120,0.001922002853547105,0.10271139272225822,0.8797597503106338,0.00010764469121876009,0.015499209422342185
121,0.0019167432166382363,0.21871943723560908,0.761874903956846,0.0001294269225655717,0.0173594886683411
122,0.0029483870269799086,0.13518910626008238,0.8507877101901412,0.0001159869955616363,0.010958809527234754
123,0.003579052815282361,0.1890624362269734,0.7615346895204762,0.00020864626504149862,0.045615175172226415
124,0.007366452250159665,0.3350946606911049,0.6090919185130388,0.00046882593830686116,0.04797814260738982
125,0.008526593174346833,0.27756013348598557,0.6234604350682516,0.0008392814796404828,0.08961355679177571
126,0.013657546726609711,0.266790467176697,0.6329401074162062,0.0006936612125663138,0.08591821746792076
127,0.006878367718921452,0.3192530278110488,0.6466528485473753,0.0007255873737343255,0.026490168548920105
128,0.10310786328933871,0.5313560341732024,0.2548298286804786,0.0034792992642958,0.10722697459268432
129,0.04135014762299722,0.3851819431036773,0.3100229713128015,0.0023777878533101466,0.2610671501072139
130,0.06664911579122716,0.22738778797877196,0.07543141573615353,0.003043927648444342,0.6274877528454031
131,0.04297043994038317,0.02979052065367501,0.00023075520216842612,0.009694553838653539,0.9173137303651199
132,0.12445981391500523,0.029641074171571538,0.0020103561918226208,0.0067250475534058425,0.8371637081681947
133,0.10176095427269523,0.05429696380090556,0.0015963284409836718,0.002305553533849381,0.8400401999515662
134,0.10058425902635311,0.09530083925989022,0.0012686926215199513,0.00253642836246542,0.8003097807297713
135,0.08847638186646596,0.055165933849179116,0.004643862009310126,0.0029255855559379156,0.8487882367191069
136,0.07409250926546533,0.04944654368758819,0.0016795468192162429,0.003057343033199737,0.8717240571945305
137,0.14802968764178626,0.027614893436912917,0.0016897589603750635,0.002653445679353858,0.8200122142815719
138,0.005507930292445704,0.014046101792316126,0.002090767089043368,0.002014296171438819,0.9763409046547561
139,0.10127818941543182,0.017761610356245048,0.0010096724990532224,0.012454194746985782,0.8674963329822841
140,0.07224368516498485,0.02343104915249885,0.0006005718437626216,0.01081050244148955,0.8929141913972641
141,0.14573390695125996,0.035613381399533225,0.0015943034583571877,0.01183275228267288,0.8052256559081767
142,0.25697005479595086,0.10842928493588602,0.007470339003569436,0.03840697574944959,0.588723345515144
143,0.14527249865527425,0.19882812717609644,0.010249930224187036,0.0608563709654486,0.5847930729789937
144,0.1276700383876979,0.09310806612085946,0.007613281083205561,0.08426383022654434,0.6873447841816928
145,0.18349191298375706,0.17223756824752434,0.012098286383432258,0.17503368270099273,0.45713854968429357
146,0.18098171367086865,0.15619004261679395,0.014545129291388965,0.17485241388713663,0.4734307005338118
147,0.3424628630193524,0.3616236576114449,0.029277114956083032,0.04614160677578836,0.22049475763733134
148,0.2996156148031816,0.4429012809358065,0.060766197562752026,0.053538652936913664,0.14317825376134619
149,0.09065955399754638,0.7867772279886168,0.028955399924074216,0.02672156105092736,0.0668862570388353
150,0.04001089503993583,0.6652428879791157,0.24299834734016384,0.01690973793642402,0.03483813170436054
151,0.07241015956484896,0.5962728505348447,0.1472420008062977,0.025035183009604122,0.15903980608440477
152,0.09296117980292534,0.5811406514509461,0.12185567203679239,0.033534106578106807,0.1705083901312294
153,0.21298603235596425,0.4819225566966151,0.11173933306290619,0.044284250564332224,0.14906782732018228
154,0.0920016061524748,0.48311712133247825,0.17931240015865407,0.03168642102926306,0.21388245132712985
155,0.16632142933571395,0.33381255256710174,0.208704646502712,0.029974279839274323,0.26118709175519794
156,0.12966206508000475,0.7041833347523241,0.04906440384901003,0.024656716916256222,0.09243347940240491
157,0.13714202035420636,0.6429597111596959,0.12360171647365525,0.01975997053734588,0.07653658147509655
158,0.06726197115482548,0.7662585570800446,0.11486817239514852,0.011041142509071471,0.04057015686091005
159,0.022481882743294594,0.6417835965869101,0.30657172786919334,0.008754154505692103,0.0204086382949099
160,0.069977597718416,0.7242941585649153,0.09449542724841999,0.0153679268709329,0.09586488959731587
161,0.05761231289214073,0.5842317775419855,0.26298558512225956,0.019005720346909047,0.07616460409670513
162,0.06160621565595729,0.7735237048289101,0.11249734675380661,0.009366526687737473,0.04300620607358844
163,0.016900239671277385,0.6075911900342522,0.3516380386212418,0.0033864919589564483,0.02048403971427206
164,0.02768565174529571,0.7720743507565068,0.10511977989649247,0.007962547849894577,0.0871576697518106
165,0.17213189883005578,0.6686498465976303,0.021059993465858056,0.03449094269352584,0.10366731841293007
166,0.13122879404717738,0.4727788099689882,0.013849037907888504,0.00926664373503273,0.3728767143409132
167,0.1547431993733174,0.5822005008938834,0.06707379230627629,0.01030352448602716,0.18567898294049562
168,0.2652999810179663,0.5935709479469133,0.04514618604878454,0.010184480084333316,0.08579840490200243
169,0.10914947029269054,0.7698629938558881,0.05639869117344928,0.003249877358635679,0.06133896731933632
170,0.05215580534026483,0.8308670504452729,0.07835766805610614,0.004819103812376243,0.03380037234597987
171,0.0673080916167144,0.6429395385490875,0.19998380251725453,0.010940460959415695,0.07882810635752802
172,0.050110700462449226,0.7712176334706743,0.16247682453024148,0.005013507952504404,0.011181333584130565
173,0.01910036881405396,0.5808975295284617,0.3784595749893558,0.005787072350162184,0.015755454317966332
174,0.03776068617680741,0.6206315350012065,0.2982011776379028,0.008340184978858606,0.03506641620522477
175,0.030061216899934465,0.6425289980577491,0.3127969069969788,0.0038206451318968143,0.010792232913440837
176,0.013287017379741561,0.5616165913652814,0.41295762607075837,0.003255229590518657,0.008883535593700056
177,0.033758678839633335,0.5356436967463424,0.3880946734379814,0.004411471061544649,0.03809147991449829
178,0.03899714083561483,0.6729183305039531,0.22780870710494033,0.00544992291561466,0.05482589863987703
179,0.02583563110974697,0.6230714094507094,0.31276602626658884,0.004069691493232287,0.034257241679722626
180,0.07525821347975586,0.6642765219236855,0.223991179085363,0.005582354817367132,0.030891730693828574
181,0.021337860279684977,0.6573087307959127,0.2866041365860983,0.0050995135204464585,0.02964975881785768
182,0.018769835802409617,0.6420919425182627,0.30706508446467595,0.005782515651802318,0.026290621562849364
183,0.012823375220874386,0.5470419405363844,0.40470762790337494,0.0028483838073196017,0.032578672532046625
184,0.01099962516705139,0.45404716807789336,0.5116117621931479,0.0017482139036921404,0.02159323065821524
185,0.003484714553925759,0.6299999356975335,0.3541986784926992,0.0018811070527537902,0.010435564203087722
186,0.005459508589070379,0.4090765887485867,0.5682514171501696,0.002175414719221024,0.015037070792952377
187,0.018466356144549174,0.531291129600317,0.38857920863490886,0.005129341529456182,0.05653396409076872
188,0.016502222871155773,0.4224798364797453,0.40076958859139505,0.01284923234481146,0.1473991197128923
189,0.006769352769006695,0.15698533520058647,0.8045248239317927,0.005628274311010285,0.026092213787603777
190,0.02282001600737305,0.3487965259738138,0.5604371609028714,0.012479459072369498,0.055466838043572254
191,0.007850440840267899,0.34759581402474066,0.3061740062937824,0.01037430005223489,0.32800543878897426
192,0.03811835933424501,0.2355521015005009,0.0008885018708978011,0.0211344789682624,0.7043065583260939
193,0.01459650847035338,0.032897164593671355,0.0008209179740947853,0.002459099541318594,0.949226309420562
194,0.05993278616576825,0.0345702882407335,0.002010420787371039,0.0035099175856011995,0.899976587220526
195,0.21547844458307236,0.06848186717282494,0.003163600663698668,0.00333755772672884,0.7095385298536752
196,0.04832161031147252,0.03700880589970424,0.001047747361486304,0.004340296646491661,0.9092815397808452
197,0.19006496874068077,0.1242961477364362,0.002914290766744997,0.0058032244272497166,0.6769213683288884
198,0.28957754771208816,0.46576008150749826,0.009080220632337082,0.041517903170651266,0.1940642469774252
199,0.03376982588344137,0.03583842270006519,0.00228019789150767,0.006741439607022201,0.9213701139179635
200,0.34686456911929603,0.3696452839965266,0.008136060137174439,0.058857151707720615,0.2164969350392823
201,0.23918192308639433,0.5728490345791254,0.013680394330769284,0.053612725036570226,0.1206759229671408
202,0.15610573137263184,0.652687068007695,0.02315679017164901,0.08650633432649141,0.08154407612153262
203,0.23969970229265278,0.36394481640034954,0.0142992495084895,0.19410624345691851,0.18794998834158969
204,0.18824638427677476,0.35170237896180756,0.023197381402511586,0.13093563948340564,0.30591821587550033
205,0.17217152315474926,0.5833507888201229,0.035259582654219176,0.11240623436740481,0.09681187100350373
206,0.07056049381564126,0.09705803732005074,0.007018394597111642,0.01969464303140372,0.8056684312357926
207,0.32738376698775074,0.3966334157190222,0.051243993287799904,0.016226117529926642,0.2085127064755005
208,0.11030624352403963,0.4138557760572055,0.09980984221199138,0.024400709202029837,0.3516274290047336
209,0.12432371800967465,0.6072024029940409,0.11767996652435965,0.029554644961695558,0.12123926751022926
210,0.28292928141013435,0.3542024596787687,0.04445486163148069,0.04244605360569681,0.2759673436739194
211,0.13953809554037883,0.645931219232664,0.11787048061989862,0.031515150633044116,0.06514505397401456
212,0.1176258159515574,0.5569822107693504,0.18674974810386682,0.03206138932475392,0.10658083585047141
213,0.05566129431028033,0.4433386490199172,0.36209705576669393,0.01979061182944218,0.11911238907366649
214,0.060119993363396185,0.7115399298857882,0.16881123041347249,0.02005807999583702,0.03947076634150619
215,0.03833142368183097,0.8218702416187939,0.09630322249117822,0.0051179568502922115,0.03837715535790466
216,0.10019377305467975,0.5834742584168338,0.17125994625664076,0.02278651722564438,0.12228550504620131
217,0.05336353134126511,0.6995819311397341,0.20379212145819525,0.011158585288315143,0.0321038307724905
218,0.04316327507373027,0.5355672777637543,0.3395099355941023,0.019581241943557894,0.06217826962485524
219,0.023848813049654423,0.44683521059274484,0.3886851741442443,0.013407669534746711,0.12722313267860966
220,0.03126796359638726,0.6216630900068951,0.2876848939856776,0.00954655270645867,0.049837499704581394
221,0.02927036002753116,0.3593970742351932,0.2784126444993428,0.008393552506409737,0.3245263687315231
222,0.10111692916961969,0.700060829650857,0.07273046049408331,0.009191666041464954,0.11690011464397491
223,0.09192692776336595,0.626556297219047,0.10069168434097099,0.004589322126233649,0.17623576855038237
224,0.2329418288579054,0.614126969301733,0.05919924317496212,0.006130807614514056,0.0876011510508853
225,0.1567682318122547,0.5966492896110038,0.12379583788650551,0.010826193457296752,0.11196044723293931
226,0.027872241025383892,0.5239478947379483,0.4007003947583482,0.0058004291830236554,0.0416790402952958
227,0.03921006933551333,0.7544668236002835,0.15580610898398517,0.00680637927821805,0.043710618802000105
228,0.03660321216808524,0.6911379798085778,0.22703535529902566,0.005681311474804556,0.0395421412495067
229,0.012690008736656492,0.6644775070191528,0.29177093363208584,0.0046677426964770235,0.02639380791562778
230,0.0074906835584901636,0.2465049128744836,0.718235216972395,0.0022990408718623974,0.025470145722768917
231,0.030900683917476142,0.6471063594108544,0.2897780378814326,0.002881450594238917,0.029333468195998042
232,0.025123683798075676,0.5526498086853162,0.3362158389146005,0.0046861275000300165,0.08132454110197754
233,0.02831069276471862,0.6074283383084551,0.3116549958782437,0.0045505299279547445,0.04805544312062781
234,0.05390401823992184,0.32942384070454794,0.4749238876427763,0.0038387262729438648,0.1379095271398101
235,0.03892460938731944,0.6353166470035584,0.2847934588288965,0.005331020699989228,0.03563426408023646
236,0.014670337355315059,0.5462032720509157,0.42344013960654625,0.002677221169511287,0.013009029817711657
237,0.02311137275881889,0.8187597939840202,0.13718262840953516,0.004894319411197586,0.01605188543642819
238,0.00903800187452506,0.5051695582790345,0.4678900197318453,0.00402261344164486,0.013879806672950298
239,0.012537912102168173,0.6222472334362676,0.327360209277896,0.014021658933725584,0.02383298624994266
240,0.008234812534576865,0.31715411419271233,0.6389327293859438,0.00668027976196316,0.028998064124803786
241,0.07319822142310402,0.472648638649082,0.25453809691832613,0.03278238125071878,0.16683266175876912
242,0.03219436339938306,0.5407585210354382,0.3716702102023187,0.007688619815067996,0.04768828554779206
243,0.06548491381508682,0.6844890582987351,0.17244568676590027,0.02205184552153415,0.05552849559874372
244,0.04309140718970402,0.5322887688469565,0.30513001694759423,0.010311009351537012,0.10917879766420822
245,0.06933210527051105,0.4750998728301694,0.33415773593151177,0.02029250337380226,0.10111778259400547
246,0.19012771340969453,0.5293661127486808,0.13367257444259073,0.022911027637040556,0.12392257176199345
247,0.054739931372260395,0.5979883399043385,0.2698115983263296,0.019892249765006524,0.057567880632065
248,0.044632023778017615,0.46860587037868545,0.38110879465210296,0.00639316659344544,0.0992601445977485
249,0.031477251217840625,0.6543514222109956,0.2140586803292645,0.007024691877867759,0.09308795436403154
250,0.013959239155259859,0.5184954506015012,0.33385950699905315,0.0025037536596229366,0.1311820495845629
251,0.05716185116696684,0.5776083943259431,0.10411588211534725,0.004433902720595045,0.2566799696711476
252,0.05364205214495614,0.5091207475521267,0.21114394778201181,0.00809908863471673,0.21799416388618864
253,0.023655702084695224,0.3241655681000852,0.25282258234337895,0.0024345300926926446,0.396921617379148
254,0.07122768135892009,0.4374350854516548,0.2433520097173046,0.008767436450353343,0.2392177870217672
255,0.010015107240367417,0.22437886795549952,0.7372912465124567,0.0014039874058067653,0.026910790885869607
256,0.014025842881256573,0.38244618643366357,0.5256959816566155,0.0023183021389130603,0.07551368688955123
257,0.0007074748882427451,0.12423185821836126,0.8723192211590941,0.00018420868136554932,0.0025572370529362946
258,0.00047409394697078117,0.04440361079543247,0.9524685412335308,0.00023597975162444726,0.0024177742724415295
259,0.0039601296062315204,0.1313046626263291,0.8406304521027635,0.002630042569731538,0.021474713094944146
260,0.0031015098660797736,0.09314984193688203,0.897866720425369,0.001535278412639062,0.004346649359030204
261,0.005569649007672356,0.22626761284855973,0.7478336364816391,0.0074315683897982175,0.012897533272330612
262,0.027182177239024535,0.6330471401326181,0.2927605009820598,0.02597478733176461,0.021035394314532913
263,0.03622060311332024,0.7399794049088122,0.16438029729919088,0.03492042765895616,0.024499267019720546
264,0.0941188815198283,0.5920669376118111,0.18635314179244392,0.050832517413812575,0.07662852166210418
265,0.11609847671131195,0.595316003115678,0.0073567375390752665,0.24023585784250515,0.04099292479142966
266,0.08568050277962631,0.617055819582781,0.019543246462190623,0.11912459446730475,0.15859583670809732
267,0.11224427500292773,0.566719511785678,0.011891735024452184,0.229101106594913,0.08004337159202905
268,0.09396231832705096,0.6172933034719724,0.005884380302670906,0.23556336188850602,0.047296636009799616
269,0.08697709695641002,0.25957034376380406,0.003322788043992065,0.5637125593755752,0.08641721186021878
270,0.06559978844782668,0.3947183984990923,0.003157957629041583,0.46298904864568186,0.0735348067783575
271,0.0496548846324022,0.2167598659979769,0.0006324194172206639,0.7030859223582773,0.029866907594123106
272,0.0641643385360094,0.3436553897167775,0.009145334005788298,0.36356283488237057,0.21947210285905425
273,0.10993793675399728,0.18902711351428184,0.0020015721436933117,0.5808593759770047,0.11817400161102291
274,0.10405977917531728,0.2501561411804227,0.0016957993394816856,0.589834526411481,0.054253753893297355
275,0.08849404016594643,0.23488364436246845,0.0019035265097518625,0.578782157671141,0.09593663129069221
276,0.0894230215986394,0.2272966337178479,0.001714664389192082,0.4963635761331482,0.18520210416117255
277,0.14727453126704257,0.25473641584648415,0.0002299950696811464,0.5468782882918318,0.050880769524960234
278,0.1346838020812804,0.18208225776801384,0.00014169877573704377,0.6568793793965287,0.026212861978439955
279,0.12338296364164686,0.3289149118095188,0.00011610221617544642,0.5193262082419364,0.02825981409072246
280,0.06832687010465797,0.14468957287088235,6.569823458903843e-05,0.7643129943180331,0.02260486447183758
281,0.07744068900415986,0.25311096387398063,0.00021942420711512905,0.6168814949082125,0.052347428006531894
282,0.08998980443383181,0.16163613323326712,0.0002126278152505396,0.6981426241712178,0.050018810346432734
283,0.05161277724785057,0.11014836067018087,7.433304687245987e-05,0.809690234316377,0.02847429471871912
284,0.060075103516598734,0.22598160505041465,7.772859827799504e-05,0.676075190052948,0.03779037278176055
285,0.06814643488044865,0.16669938032727927,9.352216043284677e-05,0.7288500500508145,0.036210612581024613
286,0.08248180228001302,0.1942854479700192,0.0001360129274363422,0.4613246094487927,0.26177212737373867
287,0.21064579383457113,0.161952217303239,0.00012072269570315597,0.4965185987609181,0.13076266740556847
288,0.08822505541033411,0.07747865130714665,3.473745412201221e-05,0.7634446487992161,0.07081690702918111
289,0.12519139424903952,0.06755142760290808,7.820405501195702e-05,0.7515155891552004,0.05566338493784005
290,0.11383401014039597,0.15977206591367857,0.00047982800896316725,0.5615471792369995,0.16436691669996284
291,0.07433945643659835,0.10768139099090039,8.709193391632193e-05,0.7375221095155556,0.08036995112302933
292,0.1703125183964197,0.10024758779644424,0.0004081012126533004,0.6112420415241728,0.1177897510703099
293,0.10708378516753446,0.061408965591552955,0.0003931936095255271,0.7251880573732543,0.1059259982581327
294,0.08292330468126836,0.07809496794381843,0.00026295135931850354,0.7683309283806388,0.07038784763495587
295,0.09914731716814532,0.08950655694112014,0.00013138313675014297,0.7308160055532473,0.08039873720073717
296,0.0933691505392077,0.08784816037963539,5.521712144711336e-05,0.736346944818241,0.08238052714146883
297,0.17078175217079974,0.13197356459921517,0.00011002736632507333,0.640432029960748,0.0567026259029121
298,0.08422478085233219,0.1776599785543713,0.00011104685765048238,0.660692235101132,0.07731195863451412
299,0.12713611828055102,0.17132997563485747,8.913070413816548e-05,0.624512934032247,0.07693184134820646
300,0.15502494410451417,0.1530457335987866,0.00020621321131024338,0.5905747978560065,0.10114831122938245
301,0.14891823225729858,0.1454522642275616,0.00015828273443025417,0.6363206077740969,0.0691506130066126
302,0.0923650880269076,0.20601646002511195,7.692132631271774e-05,0.6191130492599469,0.08242848136172083
303,0.07134980943859968,0.2390148431975297,0.00032235353631127056,0.43193453059962983,0.25737846322792957
304,0.09386566489535983,0.23495609139760212,6.824624046016321e-05,0.5588985226901368,0.11221147477644107
305,0.1507631678992288,0.23011320939064958,0.00047004285285800286,0.25861419743519753,0.3600393824220661
306,0.11315005803261174,0.24678716160805236,0.00010619270924545065,0.5003087244194475,0.1396478632306428
307,0.2322876829276713,0.20346799360671508,0.0003934487817791138,0.46222284956671617,0.10162802511711842
308,0.13236486918158077,0.20048603684213318,0.0001228124227384101,0.5754366756309349,0.09158960592261287
309,0.2465140901009624,0.1889840632570754,0.00038599998567815806,0.46829392282440757,0.09582192383187646
310,0.07912776875152817,0.09303763002067231,0.0002599723689484774,0.5931591028081549,0.23441552605069624
311,0.0920805033988191,0.043047220234662904,0.0003417153082963009,0.8251049464414313,0.03942561461679042
312,0.050383772897126936,0.10289720484673255,0.0004864416961221278,0.7656164791738527,0.08061610138616582
313,0.08938255153647057,0.1629614605946031,0.0027849214588845316,0.5864339270674126,0.15843713934262915
314,0.06187718821707319,0.18187342598526227,0.0008023344754546992,0.6555142545280672,0.09993279679414256
315,0.06861871593356769,0.06636829305764504,0.00030062102194952975,0.8007566946665325,0.06395567532030517
316,0.09110539290193215,0.161110831136317,0.0006700326304401496,0.7117926467822,0.03532109654911069
317,0.15548488438012095,0.09049897498287675,0.00092647725028878,0.5744994273512989,0.17859023603541457
318,0.052476095066356414,0.051638032684861536,0.00043240993905894646,0.861296463258112,0.03415699905161098
319,0.04636583535043566,0.09083727457175633,0.0006253308745865835,0.8254163645576239,0.03675519464559752
320,0.0524502997278732,0.07360224699227247,0.0003694042658205875,0.8407332429037103,0.03284480611032347
321,0.057498502295848464,0.21237696179534343,0.0001657446019842018,0.662634182592195,0.06732460871462882
322,0.08510998382179273,0.16307126742918776,0.0020594569005170766,0.25249733198246654,0.49726195986603594
323,0.21560180065326004,0.2288367312964067,0.0005934441041392585,0.28630742774862594,0.26866059619756794
324,0.17756664414678805,0.1253878577990399,0.0007731351064169271,0.4264003739976831,0.26987198895007203
325,0.44808223471399555,0.10269696518763403,0.0005267024051929025,0.277338535036032,0.17135556265714547
326,0.12132498877772173,0.04155254939614457,0.0024188624010366504,0.1657755220759369,0.66892807734916
327,0.4133180684735628,0.0722325832044831,0.0005351897615709036,0.2933903066015304,0.22052385195885268
328,0.2501291014456328,0.1232685917770973,0.0018921066205825534,0.4261801685648901,0.19853003159179727
329,0.2088579000850261,0.16408664298336104,0.003604264418835364,0.37996102901305145,0.243490163499726
330,0.08168141541102995,0.055256566030274956,0.0025703813690484303,0.642617256588914,0.21787438060073266
331,0.006171123905012526,0.0025972847730769306,0.00026055147137462394,0.05025419788807246,0.9407168419624634
332,0.056152664419382596,0.02287863378300384,7.66657806287381e-05,0.20806810596039377,0.7128239300565911
333,0.12805796475380918,0.06911589193083403,8.516461197971201e-05,0.20689210333664035,0.5958488753667367
334,0.11592428326016177,0.03160324166035503,0.0008601914721828314,0.15949903329820703,0.6921132503090934
335,0.21961353887935597,0.07456189008293196,0.0009447543105584226,0.06917626551424176,0.6357035512129118
336,0.19676076858440963,0.11549362466199513,0.0015905206141259543,0.12810485526414953,0.5580502308753198
337,0.21009197665720597,0.29895382819974525,0.010606083695604231,0.08670286846297352,0.393645242984471
338,0.13335087783231142,0.4050250399641927,0.004453750533894776,0.024691307243410583,0.4324790244261904
339,0.14598222092459612,0.3185319408899107,0.011746816049481712,0.020850833899805726,0.5028881882362057
340,0.1955871693913027,0.1813180443547047,0.03264189641452373,0.010285705641973685,0.5801671841974952
341,0.16653778337731698,0.09476127797380104,0.024833789661856495,0.005479637544844291,0.7083875114421813
342,0.17985357351634004,0.10639191149053498,0.012974647915729852,0.006864073050946891,0.6939157940264483
343,0.06502110021829892,0.04532955524543262,0.01762800791969315,0.0025691672003482885,0.869452169416227
344,0.032031769190143,0.019326219442179736,0.004607845574375213,0.001596429064238913,0.9424377367290631
345,0.015332696441295897,0.01840318687311288,0.013565646326422985,0.0010936611986740348,0.9516048091604943
346,0.06281566949132464,0.027090797641102553,0.0009585035123499165,0.0021087942202641227,0.9070262351349587
347,0.02231231737177045,0.008288136315398308,0.0006048201251993895,0.000768965109081683,0.9680257610785503
348,0.14795080329762644,0.05072980622427511,0.0019500650972124084,0.006804476641823662,0.7925648487390623
349,0.11724705070769574,0.051563839765004206,0.003044636319569416,0.009189770116221128,0.8189547030915095
350,0.10023323954156804,0.045678271208813875,0.0007886059553914556,0.00967812938139109,0.8436217539128357
351,0.16159017967203795,0.0770094660245348,0.005980028134630929,0.042974652816982296,0.712445673351814
352,0.16286313814025727,0.07989301725439193,0.006292652930045706,0.06103063111311866,0.6899205605621864
353,0.1336148841976565,0.06643606774050058,0.024719536365678387,0.13246101689961914,0.6427684947965455
354,0.2305107295755387,0.11778771900309826,0.03241257388740214,0.20302069820941765,0.41626827932454313
355,0.2586329374237238,0.18623760702800582,0.014623695765764784,0.13873272049372015,0.4017730392887854
356,0.3348268159114723,0.1831954836970318,0.014813808575292792,0.17392046971743047,0.29324342209877263
357,0.20810298107297412,0.15334638520125893,0.01646191346605237,0.34322412241597566,0.27886459784373885
358,0.20831667468646908,0.17693127609463066,0.021396940870998454,0.4893647781484179,0.10399033019948407
359,0.19978745400688427,0.4624597024780857,0.08614821961293408,0.1893671992498247,0.062237424652271355
360,0.21918404725709395,0.28311737638820034,0.05393250645993759,0.24050428394462034,0.20326178595014785
361,0.19167939288057934,0.47150368410134996,0.05589112520806898,0.1467973729011628,0.13412842490883892
362,0.1806135736476261,0.5185564925024267,0.06512980458263479,0.11435200258421892,0.12134812668309342
363,0.16966187802554653,0.5026988797259156,0.10754322417642365,0.09436947142163836,0.12572654665047586
364,0.08726508801990379,0.686407153538992,0.15079530642571734,0.03245463528608647,0.043077816729300486
365,0.1615792340251243,0.642931083129663,0.0684149534363685,0.03486597832962273,0.09220875107922145
366,0.09100763396020942,0.7749083951737691,0.08583409641210649,0.01313011654886862,0.035119757905046144
367,0.016970729348292173,0.7237994141072143,0.21366293055507488,0.010630908124675296,0.03493601786474319
368,0.03472358389617679,0.5525793229243517,0.3415504973119199,0.012767146776833828,0.05837944909071784
369,0.02407406588815749,0.7670965928244173,0.17939258022765286,0.006018657899299626,0.023418103160472666
370,0.020547629684427023,0.7818896748237345,0.16883062761811754,0.004394737641537088,0.02433733023218399
371,0.033445723224180685,0.7316260509167292,0.19911411389213884,0.00417974265841666,0.03163436930853467
372,0.012147950478151183,0.6958602069106702,0.26972711138939554,0.0015261167770974772,0.020738614444685586
373,0.010145134031687975,0.723760431844092,0.24908311956346238,0.002763513269480676,0.014247801291276964
374,0.014275265938573473,0.7307652952199427,0.22780127361986313,0.002335265415148015,0.024822899806472686
375,0.030185390344995275,0.5935624390849874,0.3549948651740516,0.0017876804617885619,0.01946962493417716
376,0.005946239704070041,0.6666502639538276,0.3146332676665323,0.0015729966955898675,0.01119723197998
377,0.0012186235838600892,0.23995569103628528,0.7551532947127148,0.0004701672294198137,0.003202223437720026
378,0.0012438506839496778,0.2951000979886293,0.6995000723832271,0.00044491364703576716,0.0037110652971582203
379,0.0027559146271088145,0.5632660434231292,0.42788843889622585,0.0005397853758737386,0.005549817677662192
