epoch,N1,N2,N3,R,W
0,3.352058632189817e-05,4.652313433751722e-06,2.238881825456317e-07,1.1938785109701766e-06,0.9999604093335509
1,0.0009434289517125721,0.00011855722005164835,1.680669040819101e-06,4.418247116382967e-05,0.9988921506880312
2,0.002721841570767982,0.00021809063032596354,9.622509211796807e-07,5.026191323394155e-05,0.997008843634751
3,0.004508417330141462,0.00034374362072269506,3.0001674706314944e-06,0.00011636424705913995,0.995028474634606
4,0.0179761258268252,0.001319135945209647,4.315277221457226e-06,6.110576804308274e-05,0.9806393171827006
5,0.0568460174262285,0.001594767278155542,7.479255803368054e-06,0.00027222332205022886,0.9412795127177623
6,0.10010239274956366,0.004553665157504767,2.936701179851208e-05,0.00020803455902372809,0.8951065405221095
7,0.1546496711597912,0.01945562782289151,0.00010062590959786684,0.003113099290890729,0.8226809758168286
8,0.22652822666157557,0.0652824162824819,0.00030871397590963073,0.001078527475340617,0.7068021156046923
9,0.19088692005151522,0.5120414929882836,0.0015253929925580748,0.0017337232663250924,0.2938124707013181
10,0.2059445427600017,0.5007647588762207,0.008841544396448391,0.0018679331246104938,0.2825812208427188
11,0.13560576692150927,0.7592585622971642,0.003729839921462844,0.0027673814015454863,0.0986384494583182
12,0.07308723000516046,0.6597077394435741,0.0020763889879989767,0.0016633441156003956,0.2634652974476662
13,0.03612958068238774,0.3688083346322621,0.0019544127354217487,0.00041205900967292516,0.5926956129402554
14,0.0561230526421244,0.5457059500160397,0.009232807170057858,0.0003522299294980585,0.38858596024228004
15,0.0478005281388278,0.5330189394013157,0.0034173184654805295,0.00037360558891713695,0.41538960840545897
16,0.11758692737460681,0.5140385262607597,0.007101025903032895,0.0014325852750196467,0.359840935186581
17,0.03655315128847364,0.8085809797509482,0.03695012015204039,0.0004719048113585876,0.11744384399717922
18,0.06252473348240402,0.8754049557931776,0.0026107678636290658,0.0013818087766176413,0.05807773408417178
19,0.03882692841344663,0.887960882720065,0.05341390262943688,0.0008693347496585281,0.01892895148739287
20,0.03403992252589313,0.8950210725490425,0.052082907782769965,0.0006531091895766363,0.01820298795271796
21,0.037615635655291114,0.8373068720972984,0.10253300245662378,0.0024895134754895527,0.020054976315297134
22,0.022431747296055866,0.7417985756030305,0.217442556172628,0.0015158781034268886,0.01681124282485866
23,0.008852682516631512,0.5620751017057296,0.42326710344192053,0.0004329511842631437,0.005372161151455282
24,0.016815164520495366,0.6466980348824288,0.3267572322257563,0.0009647023340050427,0.008764866037314386
25,0.011865270471560191,0.7200209226169175,0.2589893602174021,0.0008924007942184937,0.008232045899901728
26,0.011350356817078792,0.5254572284477825,0.459128783588423,0.0002893785265439107,0.0037742526201717166
27,0.024974025228922957,0.59580009596417,0.37393011540104304,0.00036498563764321656,0.004930777768220663
28,0.011346547919915809,0.5528299755609482,0.43199264543217214,0.00035294625824408294,0.0034778848287197635
29,0.038868567161909735,0.723077591541865,0.23323976081749073,0.0012167936422451957,0.0035972868364894488
30,0.025485429627816893,0.6703830111699184,0.29884442821370555,0.000897651831722704,0.004389479156836527
31,0.031495132620124426,0.6718162183898833,0.2923121695250433,0.0004642160567291368,0.003912263408219906
32,0.020978715901449157,0.5351651070117351,0.4405968773427937,0.00018710798112556498,0.0030721917628965647
33,0.021564602236638735,0.5174985212601686,0.45775134113708665,0.0003962912446297813,0.002789244121476334
34,0.016528018433542145,0.5685303020548581,0.41068004268568664,0.0004999743024075939,0.0037616625235056297
35,0.0102865595306324,0.4162796057889092,0.5712939997617501,0.00023609295711736906,0.001903741961590893
36,0.024090335862180803,0.4531266829648513,0.5198166398594384,0.0008599499704176429,0.0021063913431118397
37,0.01511627722286315,0.4635586079502073,0.518554811463418,0.00037510291959272135,0.0023952004439188905
38,0.006588734733623276,0.3843762146872313,0.6068916598467886,0.00018478343781170244,0.0019586072945450795
39,0.005496365513849862,0.28498252297427984,0.7080955152595273,0.00013271132392740935,0.0012928849284156007
40,0.006499119585784516,0.2883921581026533,0.7036286832691749,0.0001116867741888141,0.0013683522681984719
41,0.0054945362124430176,0.19466000012486762,0.7989400973180416,0.00013268191309421246,0.0007726844315534913
42,0.0009116728483956371,0.1394707047601001,0.8588976103913629,5.570556502782574e-05,0.0006643064351135929
43,0.0010525136860962685,0.14579059587482787,0.8525804809841203,6.962456734300455e-05,0.0005067848876125633
44,0.0017600261768079594,0.16865114518963922,0.8289330087057774,5.392376651301843e-05,0.0006018961612624395
45,0.0011845732789261929,0.17287935768392274,0.8246990264275277,7.978332461453442e-05,0.0011572592850089194
46,0.0008259048462421768,0.19140487188816988,0.8070450432627083,6.991299912166662e-05,0.0006542670037580635
47,0.0010005011217500601,0.15612650074816586,0.842079592422677,6.275113253647603e-05,0.0007306545748706954
48,0.0013985399808488588,0.1464635183782605,0.8511172267541629,6.649836153189753e-05,0.0009542165251959853
49,0.00025545663812613693,0.0963934040735082,0.9027496227249323,3.2698020540442276e-05,0.0005688185428930324
50,0.0013115836915983652,0.19555214101117177,0.8021458287144725,4.549947971598248e-05,0.0009449471030414793
51,0.0006536939974761481,0.1386924966329901,0.8598119133920159,3.179286539018484e-05,0.0008101031121275262
52,0.000506968654198142,0.11862671150579042,0.8789551215849941,2.9290841095373775e-05,0.00188190741392191
53,0.0007937894296914486,0.1258847952135568,0.8727301928277107,4.914170280941537e-05,0.0005420808262317306
54,0.0003926381895436292,0.12125797660564616,0.8776613633989404,4.1609620252088434e-05,0.000646412185617761
55,0.0008013939363337745,0.08906731155351427,0.9092131786201263,4.684169228693268e-05,0.0008712741977388684
56,0.00034075055158929633,0.1204671695932073,0.8788535495555563,4.4756309138840736e-05,0.0002937739905082764
57,0.0004352852951597255,0.12586565766753935,0.8733531581410634,3.8977736331971324e-05,0.00030692115990567614
58,0.00040853444326317297,0.13486548210845625,0.8641572104359907,6.493479569669726e-05,0.0005038382165932028
59,0.0008691823283348566,0.13111306305250306,0.8674924419396338,6.743229914809906e-05,0.0004578803803804411
60,0.00020043835385192334,0.08907873925484013,0.9101201744676162,5.44734117470431e-05,0.0005461745119446987
61,0.0002461111087434629,0.20038345904657814,0.7985087636182219,7.17968764789566e-05,0.00078986934997743
62,0.00022369794535589258,0.11706470333809547,0.8821292888467388,3.075106595022455e-05,0.0005515588038594989
63,0.0005508215040119277,0.18728918967304514,0.8116187252541563,4.247354530321844e-05,0.0004987900234835152
64,9.463486213421249e-05,0.11867923871185129,0.8804896016349503,1.2469465688456811e-05,0.0007240553253757478
65,0.00030738887978571907,0.10985755042834541,0.8887554634079771,3.694044891232354e-05,0.001042656834979563
66,0.0004475461091111226,0.1081150387518367,0.8904604156559057,2.3454011268721534e-05,0.0009535454718777025
67,0.0003833093101918066,0.05615568321548466,0.9425526022745363,3.500871705223924e-05,0.0008733964827349507
68,0.0004197060407355232,0.14966464963963677,0.8486503959117573,4.680922508356764e-05,0.0012184391827868282
69,0.0007409857163881436,0.09803389433150225,0.9005345692057669,3.416108429179499e-05,0.0006563896620509469
70,0.0004481211301311855,0.12445709440079986,0.8742673646869377,2.049597060271789e-05,0.0008069238115285427
71,0.0014188957790729662,0.18841859877101305,0.8093586944004689,4.014792292668824e-05,0.0007636631265184302
72,0.002146961432243012,0.20878166059741937,0.7877171445170159,7.405754130168463e-05,0.001280175912020046
73,0.002190906218108698,0.1378287358033074,0.8574182973823808,0.00011115943064722522,0.002450901165555924
74,0.006040865704615064,0.1935516972391454,0.7938106556424124,0.0004939360932332606,0.006102845320593804
75,0.00830432664120899,0.30357987441521367,0.6790018093481548,0.0006927573443817924,0.0084212322510408
76,0.011309298459059496,0.3129404287671838,0.6501613537232102,0.005731236095972265,0.019857682954574275
77,0.05137838536915313,0.09949688759140488,0.07430786182723259,0.0016360239888699212,0.7731808412233395
78,0.002565266834487913,0.020416133115775552,0.0013551650212719698,0.00011114985988575033,0.9755522851685788
79,0.19962632118450388,0.2295847895269939,0.0013009899794272364,0.0034214830679185327,0.5660664162411565
80,0.46187686985110243,0.4324761580674877,0.050453618734845614,0.000776544659114033,0.05441680868745027
81,0.4159490318940855,0.36547760860556766,0.030254095057946583,0.000638957799849158,0.18768030664255111
82,0.1401151082625449,0.7423693321505406,0.06982307319793045,0.0009531226916910765,0.04673936369729303
83,0.13066233121417414,0.7818160229179894,0.06402960850392488,0.0014493236182979135,0.022042713745613722
84,0.10034233920303615,0.7933249325038859,0.07492854370062867,0.001847113373133208,0.02955707121931617
85,0.053347663062459645,0.7006087601279853,0.22091328304098123,0.001947047685209835,0.023183246083363904
86,0.0926253316199552,0.709660125210557,0.1560809992584822,0.00458562220478002,0.0370479217062257
87,0.08064508526217515,0.8074040557427612,0.10095788289709967,0.001755776756519867,0.009237199341444008
88,0.01834364873153837,0.8107240321092951,0.1505932068864761,0.0017742495313757957,0.018564862741314733
89,0.09156418650146216,0.7724760356829125,0.11367933333596617,0.0025643383748223674,0.019716106104836872
90,0.021300978284041285,0.7913085813469086,0.18056922284914023,0.001056748143372273,0.005764469376537519
91,0.043765226612071544,0.8020356165661872,0.13914837457413345,0.002831219532061398,0.012219562715546558
92,0.032816089149309766,0.7086243413330974,0.24909275347443666,0.0024080758078738277,0.007058740235282131
93,0.046092051177941754,0.6450435859938168,0.30525857076837803,0.0022427298244179165,0.0013630622354455356
94,0.047211216252145576,0.7889590146620828,0.15814844824360924,0.003071503011612647,0.002609817830550002
95,0.01814887473796232,0.6987108727346943,0.27527939885121916,0.0032275605822328197,0.004633293093891549
96,0.0607850279967566,0.7209501621739292,0.20684718631438007,0.003355008082734257,0.008062615432200042
97,0.02966384135276938,0.746796878746963,0.21818207379917484,0.0018771181874774495,0.0034800879136150944
98,0.018102220431922576,0.5331512704372163,0.4432200486352343,0.0013203786123695445,0.004206081883257286
99,0.03289902806736745,0.5876515128145772,0.37609818143197044,0.0013820974089340339,0.00196918027715084
100,0.012808945161943804,0.6152351649654402,0.36388678825125453,0.0010917889623442217,0.006977312659017357
101,0.010646955758429959,0.5118566596407531,0.4744736464160848,0.00043503291036607253,0.002587705274365964
102,0.01870042529843012,0.5229385316119254,0.4515131389829677,0.0004150300280371354,0.006432874078639681
103,0.024384961016572344,0.5720392440903468,0.3986711718478197,0.0003836493524747473,0.004520973692786481
104,0.004352496354356037,0.3366338544017739,0.6567470607564105,0.00019378589849978128,0.002072802588959873
105,0.02199679712143598,0.5001718410916394,0.47459142579011937,0.0002596460790612381,0.0029802899177439326
106,0.0027213226985750936,0.45114325630478447,0.5441557472075393,0.00022232770029387373,0.0017573460888071608
107,0.0036089480393313063,0.3635160524879219,0.6307539728477252,0.00010775176577869716,0.0020132748592428316
108,0.01243918190898199,0.41308156136918545,0.5696914611708738,0.0002390798550950754,0.004548715695863589
109,0.0009600338113169948,0.16393919608904708,0.8338694498626807,5.709483902729882e-05,0.0011742253979280435
110,0.003651635382776347,0.23540215782800633,0.758114134244082,0.00015088068693625218,0.0026811918581991024
111,0.001958546669432434,0.16034362686614415,0.835674446599228,0.00010014141447016774,0.0019232384507252849
112,0.001493772744369269,0.13840380906972138,0.8581331351449174,9.084798053024578e-05,0.0018784350604616102
113,0.0019742503756971924,0.13280120228381787,0.8637877718261233,0.00012649055778998452,0.0013102849565715322
114,0.0015539921722583535,0.07165950887847462,0.9244012655893618,0.00012196754418941783,0.002263265815716052
115,0.0034838639323442892,0.1082225597164998,0.8846903208383947,0.0005004226902547017,0.0031028328225065267
116,0.0009884588098832958,0.06799336912150589,0.9296996976146927,0.00012290970716222977,0.0011955647467559241
117,0.0024020988209355614,0.07195439034610988,0.9223634445619703,0.00035775560337234977,0.0029223106676120147
118,0.0009485939587695029,0.045865992140458466,0.951517549376612,9.564817228233861e-05,0.001572216351877572
119,0.006127785208019036,0.12625854179873133,0.8611571652262594,0.0003615835440963939,0.006094924222893911
120,0.004435335962886461,0.09994108531969856,0.8921037351658228,0.0005669391292379368,0.002952904422354275
121,0.0013441492449977532,0.053710281817516276,0.9404441390057032,0.00023749726361941122,0.004263932668163411
122,0.008675027448550936,0.21359496923895674,0.7680558976013113,0.0009061366553574499,0.008767969055823492
123,0.0005772980471017996,0.02313858747949383,0.975113395533062,7.352142116393644e-05,0.0010971975191785806
124,0.0009073709247279381,0.035340196871411426,0.9616205882031104,7.62603168467993e-05,0.00205558368390344
125,0.0035685914334827418,0.07125203172363799,0.9224083118947631,0.00017859711576348545,0.0025924678323526462
126,0.005733499128100072,0.10416165837626926,0.8869612166877022,0.00027565533430248145,0.0028679704736259692
127,0.00555604670794809,0.1581960394894043,0.831753448205967,0.0007396812573966247,0.0037547843392839847
128,0.010192075527088132,0.17847180415442554,0.8066789439918723,0.0006511765253942597,0.004005999801219585
129,0.0008984898949456323,0.047102293311885104,0.9509603305707696,3.699895327421798e-05,0.0010018872691254157
130,0.0019955388909591856,0.06420256099380081,0.9293695362985328,0.0002725085111393143,0.004159855305567935
131,0.0015260659568348692,0.04436658420671125,0.9516036243715641,7.83579723279398e-05,0.0024253674925616858
132,0.002372227201149978,0.05414696800158874,0.9396986162160671,0.000261829716144817,0.0035203588650494816
133,0.004560932204623691,0.07377395296609382,0.9153955922193466,0.000697700619611369,0.0055718219903246186
134,0.010484546986958884,0.14063642261801934,0.8384142121183998,0.0013316697846999616,0.009133148491921915
135,0.0029800245979453976,0.0707596977349187,0.9200961580384708,0.0005257617083767217,0.005638357920288308
136,0.0025525494517717596,0.036034891471453376,0.9555851542379639,0.0004322147981551519,0.005395190040655693
137,0.003777387396712045,0.054612721573368925,0.9340116529062868,0.0007336715136864345,0.006864566609945852
138,0.009020061981258262,0.1245538478953877,0.8481163560648903,0.0018446352056677156,0.016465098852795918
139,0.02806130010430805,0.2145392316157779,0.7333493746143754,0.0048358503385767925,0.019214243326961786
140,0.017367090086033016,0.058095161824288866,0.06804353519314915,0.0006401858406714574,0.8558540270558576
141,0.01401069744816818,0.34299263661967877,0.6236374313386628,0.00033165497308796087,0.019027579620402416
142,0.008322696148453119,0.4592813851508137,0.5272295701400919,0.0002870445434477567,0.0048793040171936156
143,0.039130562946796406,0.7062056146844006,0.24013875917452757,0.0008536995020694567,0.013671363692206066
144,0.031243977656478267,0.773373815056515,0.18930074749835854,0.0017632513315793503,0.004318208457068623
145,0.028265937090991042,0.5500896120400905,0.41841113550248227,0.00074993649701368,0.0024833788694225206
146,0.03953491194263528,0.6546310355443539,0.2980863534020281,0.0026378856940327574,0.005109813416950049
147,0.016763653006673564,0.5777338561318586,0.3980859942395761,0.0026450202895518414,0.004771476332339891
148,0.07026922034671024,0.6175178164603095,0.29958579885736325,0.006475885340288016,0.006151278995329125
149,0.07713589243113421,0.7482389773713525,0.15447520014473057,0.010524017804191309,0.009625912248591642
150,0.0186183178216926,0.6020501588889757,0.35897421424937265,0.018673533595843526,0.0016837754441154417
151,0.04334911926314682,0.7062657188942876,0.19495607978651924,0.042680554692928904,0.012748527363117424
152,0.03329992313881176,0.6631202646556612,0.2747216693591581,0.02060437541858239,0.008253767427786447
153,0.07550699583162429,0.544217095545287,0.3487911524698548,0.023172650151509298,0.008312106001724657
154,0.22966794625520626,0.40484024309263583,0.05257335970905515,0.2858498399403033,0.02706861100279956
155,0.09786771842757418,0.8215185220709029,0.013149752015962286,0.05634278481134026,0.01112122267422036
156,0.17223132894182844,0.49032807414990287,0.0569445936076741,0.2584505305544792,0.022045472746115395
157,0.1327828423473556,0.4547560564436166,0.006386222073481163,0.35330276513691117,0.052772113998635385
158,0.2818979781843953,0.23066955265204997,0.005764465472880893,0.44283786729855573,0.03883013639211812
159,0.20027640652912806,0.13275194212756192,0.000520508944872731,0.657695732316796,0.008755410081641412
160,0.21679056836874452,0.11551374182219093,0.0016758440129095407,0.6482796442961513,0.017740201500003744
161,0.13364204306104818,0.14971040365234492,0.00244583682410926,0.6816299502420863,0.0325717662204115
162,0.28287985105967456,0.21283856320879152,0.0027681035620848054,0.4827005033697978,0.01881297879965125
163,0.13938380748827014,0.3246968792587551,0.0008788269092569123,0.5264577062792083,0.008582780064509566
164,0.29799689184287337,0.24557289497777768,0.003923783118382628,0.4292171623657096,0.023289267695256556
165,0.20593192973010332,0.18998635044370468,0.0054142082367925545,0.43081465796030644,0.16785285362909302
166,0.326773109640705,0.12111481815339283,0.007132291375132356,0.2958648342045301,0.24911494662623979
167,0.4471430847480541,0.2239873080622369,0.005782555061327382,0.25818998933970555,0.06489706278867607
168,0.39946792038783885,0.31213700217135404,0.004893601419108479,0.20451903575281988,0.07898244026887878
169,0.2470448517710998,0.45757543032989956,0.018655086788716534,0.22822951713135284,0.048495113978931026
170,0.17988054433140413,0.06560116577131915,0.0021160898220247077,0.009077055225298898,0.7433251448499532
171,0.25180126335946146,0.7097422462011514,0.0049257917918893,0.00403261370547198,0.029498084942025868
172,0.14902944940355572,0.8240168417295065,0.0017670493790911388,0.008748535330621737,0.016438124157224867
173,0.06633363341699688,0.9086375391583021,0.012421624626618792,0.0023928448481957527,0.010214357949886635
174,0.38223422250537753,0.5075024742631441,0.009114288411728504,0.01683323209475924,0.08431578272499045
175,0.03458941044162861,0.9420328777664652,0.017665148271568454,0.002382446451156065,0.0033301170691818634
176,0.034735957493833014,0.9532748457750025,0.00769906201463135,0.002228333960835878,0.002061800755697117
177,0.021870754039263727,0.9456600476575181,0.0034853952079791886,0.004882425177216488,0.02410137791802259
178,0.0798214652873506,0.902319373679696,0.0021180492247362417,0.004443411491789867,0.01129770031642738
179,0.09289943967579248,0.8835474588252245,0.004801160235730784,0.0024478732293978325,0.016304068033854455
180,0.1210260092780568,0.8700961586239213,0.002226076951519363,0.000937984886490608,0.00571377026001213
181,0.009271104938088765,0.9780135960399006,0.0067002724335271215,0.0007702388057874511,0.00524478778269608
182,0.01305969392955956,0.9687687790874818,0.012804907148285943,0.0003671201572910939,0.004999499677381778
183,0.018696465825160633,0.9743011046215969,0.004890192147078853,0.0005769604741907839,0.0015352769319728966
184,0.024988892450459224,0.9435055009515113,0.017809225838042335,0.0016815456754264867,0.012014835084560473
185,0.08823688144201393,0.8354998009019561,0.06389063967968435,0.0017502178563050615,0.010622460120040601
186,0.07015766121743075,0.8986743034205575,0.025832765679064076,0.00151429363903892,0.003820976043908841
187,0.013709513069291588,0.9530073694801291,0.02559287956106264,0.0010468538036442316,0.006643384085872486
188,0.05103804864790422,0.9109311824051437,0.028887250591154694,0.003601649723660364,0.005541868632137171
189,0.039491904347828094,0.8587236615790241,0.07371371456755715,0.004703618014497277,0.023367101491093348
190,0.06519132494001466,0.08979631849363848,0.014950442485748042,0.005710325533293218,0.8243515885473056
191,0.23688225774692623,0.7307036846722433,0.008292468791959082,0.007226199641914317,0.01689538914695692
192,0.03802883708640768,0.9426071841209638,0.011495025519612954,0.0014348473177422248,0.0064341059552733984
193,0.1682773626440206,0.8012022252090863,0.012953651756058043,0.0063365858797225704,0.011230174511112438
194,0.03262306128886083,0.9310044257147312,0.028153460829045344,0.005009371432400534,0.003209680734961978
195,0.022675111306590907,0.06223783704754054,0.006626142628874839,0.004590935461394208,0.9038699735555995
196,0.35066616301761716,0.5426847198172025,0.001640183126468947,0.0036595597357484888,0.1013493743029629
197,0.03063459883019228,0.9616186498135745,0.0037268246943855153,0.0008317575800982841,0.003188169081749184
198,0.05509185152640024,0.9202549831451996,0.00917225956715534,0.0008769874537896282,0.01460391830745511
199,0.01612185290027336,0.9396491210537405,0.03969514590613727,0.0009888333299775585,0.0035450468098710496
200,0.062447678897389204,0.9256100975514688,0.007493325624930179,0.0019451928775010303,0.0025037050487108086
201,0.006284060247385875,0.9377568819673369,0.054427364692178314,0.00033971020355682505,0.0011919828895420922
202,0.00925912953051085,0.9035006128788331,0.08529573878245925,0.0005247958619002935,0.0014197229462963466
203,0.02380432769357486,0.9665425963994017,0.007100152499570158,0.00042477731836001255,0.0021281460890931556
204,0.013232247009212267,0.9420747358610149,0.04305998427973097,0.0003396553108876217,0.0012933775391544577
205,0.024112625346337933,0.9385824635763601,0.031824550974944375,0.0010256900528927092,0.004454670049464882
206,0.1266640432375328,0.8278804526104612,0.04126894247577324,0.001499887030602254,0.0026866746456307065
207,0.03230434546995849,0.8529818954677574,0.11044074142036629,0.0033495603639592587,0.000923457277958489
208,0.013337187402323277,0.8959836872013343,0.08622891517580844,0.0030681205828080667,0.0013820896377261405
209,0.03509791247266936,0.8621117617616754,0.09601293158953497,0.005410328782041603,0.0013670653940788505
210,0.029087883241497307,0.8157772455736533,0.1479654706236949,0.005020880741549008,0.0021485198196054024
211,0.09581553463319945,0.7430621787443008,0.15221113673309697,0.0068057592121907335,0.002105390677212105
212,0.018903556419120112,0.8598862180855931,0.11352688105486868,0.005714870778201808,0.0019684736622162806
213,0.03905793015807462,0.825855270402745,0.12825653558805705,0.004463607550709679,0.0023666563004135725
214,0.023858080212854054,0.8050364166403539,0.1659527818726016,0.0027695518819389037,0.0023831693922515135
215,0.02885907867188031,0.8049657951103495,0.1612874223415755,0.003002981896867525,0.0018847219793270275
216,0.01906710062522749,0.8463343977156902,0.12991995973861678,0.0023508797037463227,0.0023276622167192375
217,0.024089755327981605,0.8485122202117633,0.11833545671311137,0.0021831751324031283,0.0068793926147405916
218,0.06715349530724904,0.8397766685770938,0.08189078335280735,0.005596069239847925,0.005582983523001889
219,0.04097250020245008,0.8369125903512582,0.11768777977456481,0.002523494070742898,0.0019036356009840222
220,0.03174277533120317,0.9035109005699654,0.05624114529024491,0.003998324368981108,0.0045068544396053446
221,0.0069252776220136,0.7641291497999105,0.22638452553387448,0.0009932099058632589,0.0015678371383381373
222,0.013163071888410371,0.86129517732752,0.11992726737218617,0.001915030893026872,0.0036994525188563006
223,0.04962225216119408,0.813487090067394,0.13006864353219214,0.0044646669038289335,0.0023573473353909946
224,0.043400379422952405,0.8142570930010649,0.13533367145364558,0.0022470619576973956,0.004761794164640046
225,0.03133643809274842,0.8088158074993133,0.153372314438311,0.0021770317200160774,0.0042984082496112155
226,0.012171200734368958,0.7968765158517355,0.18727050702553155,0.0013233384098981103,0.0023584379784658553
227,0.07016227753097085,0.7541419170825753,0.15767835232204214,0.007880375047543771,0.010137078016867954
228,0.022459481954672622,0.750491724471956,0.22395799405840902,0.000951282755748576,0.0021395167592136834
229,0.003469999695843473,0.562001839883167,0.4328952223735835,0.0005336026514994441,0.00109933539590655
230,0.0157556048690769,0.721336221380624,0.258978826639778,0.0014299291406827455,0.002499417969838421
231,0.020713620188549383,0.79184829596003,0.17967227422667617,0.0012528460894492138,0.006512963535295189
232,0.030020349321031262,0.7233236760037093,0.2416873710310558,0.0011810245170592929,0.0037875791271443087
233,0.003401936301121589,0.551326988351481,0.4433186860564188,0.0003742567382552775,0.0015781325527234004
234,0.027150191810979253,0.8789044233137787,0.08591731870873093,0.0014019217523074472,0.006626144414203614
235,0.014286449929308793,0.7359633634411128,0.24337887566895985,0.002934225093568329,0.003437085867050155
236,0.04350592219455587,0.815894936814952,0.12503730723277665,0.005619715322733039,0.009942118434982489
237,0.011189356896624692,0.5016660206773864,0.4814964261021015,0.0022724918227900303,0.003375704501097284
238,0.009679165429156764,0.6783093752961835,0.3062704432851656,0.0018727443261500494,0.0038682716633440138
239,0.048712467144988315,0.7403854626441192,0.18069883768477193,0.011923317840544255,0.018279914685576323
240,0.06370985846920328,0.732289092561767,0.13607827040619247,0.02406152483885264,0.04386125372398457
241,0.1582253761638007,0.6024794635776013,0.11414547626080321,0.01218651192119542,0.11296317207659949
242,0.17298518144919386,0.7595395183877611,0.03882323895971025,0.010956296444857041,0.017695764758477797
243,0.1020422748950969,0.7328868212307399,0.14281449406027966,0.00714819292044692,0.015108216893436636
244,0.17853006004059083,0.7024063222981045,0.05537072358603479,0.031968591349643444,0.03172430272562658
245,0.0389105537081599,0.795355260997695,0.1358853033804918,0.011567143528835271,0.018281738384817912
246,0.017161491775958368,0.8794233267873145,0.09051084964792837,0.004370394597337641,0.008533937191461158
247,0.08253912505972903,0.11270143597162155,0.007779800737892872,0.005303693596643537,0.791675944634113
248,0.16265586203754942,0.7164379215277347,0.07656360351334784,0.00972909628974812,0.03461351663162001
249,0.0916849267099427,0.8591559739450636,0.041050699032209086,0.0021961801549683284,0.005912220157816242
250,0.08211448621335427,0.8503068352044185,0.04371279525735413,0.0050498620696531075,0.01881602125521973
251,0.04787258965974872,0.8126238050868625,0.04891136555623633,0.031760742645257904,0.058831497051894686
252,0.0524871281774671,0.8312493584510517,0.03782148336054938,0.024834510596527092,0.05360751941440479
253,0.055206136291307314,0.7987999175847459,0.04488283590339138,0.033830763706630615,0.06728034651392494
254,0.0384581179921496,0.07561931798072015,0.013690462589142168,0.004237366044165417,0.8679947353938227
255,0.014934943351629338,0.0012164126615774409,0.00014589973231606988,0.0011534518089605257,0.9825492924455167
256,0.41001032164469875,0.014696878518243276,0.00021370108491687253,0.003350899045197767,0.5717281997069433
257,0.2944680868382624,0.08847621732786964,0.002322165503252642,0.0056200798910915305,0.6091134504395238
258,0.538592196180564,0.3162540435825052,0.0024468828611064137,0.0021584676671820447,0.1405484097086424
259,0.1420738909421511,0.8082332561502193,0.020303650280676138,0.004315839079533219,0.02507336354742002
260,0.039124746289463996,0.9063799497941728,0.01722069314112093,0.006194693784951763,0.03107991699029053
261,0.07503459017706952,0.9090609197691609,0.0028699366206117634,0.00771069911289468,0.0053238543202629865
262,0.0059577409348913245,0.9594207243697711,0.029872591405526956,0.0015565119623611298,0.0031924313274493427
263,0.0054168276786907416,0.977391078029814,0.013444678558280436,0.0015638921476114538,0.0021835235856034196
264,0.10943612471270253,0.8616798811143571,0.010485202181563924,0.005166287226070247,0.01323250476530597
265,0.022217711845278054,0.9229855807693451,0.04793370824292756,0.0028113777710011543,0.004051621371448104
266,0.03560538456124291,0.900616099767547,0.053886108568767785,0.0024202971774381532,0.007472109925004101
267,0.03158502856311071,0.9095855704643465,0.056025222566102935,0.0011489344860343325,0.001655243920405462
268,0.014244046708801382,0.9446496227537903,0.03551430416528905,0.001969972974249189,0.0036220533978701375
269,0.08236888026064877,0.8581000446079424,0.0497013175550265,0.0028475399881430887,0.006982217588239233
270,0.03453595033449198,0.8351464898450581,0.12265881684856474,0.0026657633935712266,0.004992979578314095
271,0.017752739633242906,0.8365185217024144,0.1414407710938622,0.0015734097157733488,0.0027145578547073104
272,0.029814913685645365,0.8225472947474496,0.14126584016965338,0.0030290816119341365,0.0033428697853176044
273,0.02551205672872261,0.846360069850534,0.12252227448820026,0.0029189850078252017,0.0026866139247178444
274,0.013799984867309295,0.8301647877739912,0.15285685573346683,0.0012630195105579798,0.00191535211467464
275,0.011944259396984564,0.815114389913417,0.16969471143926723,0.0016463264816679278,0.0016003127686634545
276,0.016115717643628496,0.6723945375675688,0.3070117885188211,0.001536031187597143,0.0029419250823844137
277,0.01944943917653428,0.669653750568637,0.3074503554351609,0.0008171345697407274,0.0026293202499271195
278,0.036840162035725085,0.5495174651158881,0.40893156810897774,0.001701255857448609,0.003009548881960447
279,0.017143738239481565,0.6043558027161315,0.37341867929557804,0.001530946842727675,0.0035508329060812147
280,0.03046866198871151,0.8239637592462818,0.1332923304740548,0.006087844442224298,0.0061874038487275225
281,0.021237486748552713,0.6371525924017292,0.33237731130607534,0.005357758361658233,0.0038748511819846026
282,0.013085084567090175,0.61440793328811,0.3493155463059364,0.014679632751006165,0.008511803087857246
283,0.01454575808872835,0.4007881139246385,0.5647047823879872,0.010294683635792225,0.009666661962853733
284,0.023430258106424573,0.6278371686017828,0.32527556784875483,0.0075630596375882144,0.015893945805449675
285,0.009531268481473995,0.31043299135750607,0.6746330288690161,0.0026416489844344306,0.002761062307569372
286,0.006080640876837255,0.3160053266325413,0.6728983966535494,0.0011388224614176637,0.003876813375654579
287,0.014042510700576978,0.49392042125401686,0.48454948612349785,0.0035855276454752586,0.0039020542764330013
288,0.013935307097025593,0.6231283739054767,0.3544391449070206,0.003272849724673772,0.00522432436580343
289,0.010555293188766801,0.35801039713696026,0.6204329366096495,0.004134151411166451,0.006867221653457201
290,0.006553181236142546,0.16698398066041428,0.8184955102016905,0.0026108743159082093,0.0053564535858444725
291,0.005729220068837682,0.18717688691602324,0.803811589395956,0.0007378482838728237,0.0025444553353103014
292,0.008596654917467453,0.30705575630621995,0.6759454916503882,0.0034626023613625783,0.004939494764561845
293,0.005697335023162205,0.3003500849614365,0.6846454440631113,0.0037241770946467505,0.005582958857643174
294,0.014326086256867963,0.5359004793033799,0.43810982264313375,0.006425990627331138,0.0052376211692870675
295,0.007498912482179217,0.2912254136380001,0.6943136684133755,0.0035680496636692456,0.003393955802776068
296,0.0009072753685215139,0.07790535287547169,0.9188807052485237,0.0006599800343841832,0.0016466864730989251
297,0.0026906932402968797,0.1627712507215001,0.8324131995301812,0.0008130865134021118,0.0013117699946197912
298,0.007543411270631734,0.3119129895871039,0.676235992459326,0.0007801620779496626,0.00352744460498878
299,0.01636617255440439,0.5134595359401781,0.4586637573085584,0.005563275004887052,0.0059472591919720085
300,0.0038597447796119015,0.1488202500851754,0.843271881955944,0.0018026192360281526,0.002245503943240495
301,0.00385749145603186,0.17106979290231134,0.8217585161849147,0.0016741087144470112,0.0016400907422951352
302,0.0030221786670131235,0.1573999071966753,0.8375352761668707,0.001108711176678425,0.000933926792762598
303,0.005729290525372921,0.21084000361857397,0.7757385414164881,0.0035138998063456847,0.004178264633219195
304,0.0005243253448315647,0.044498042033438164,0.9544661356286801,7.553418728009044e-05,0.0004359628057702265
305,0.0030113095898942886,0.10770804972648229,0.8866624915414932,0.001092244357944056,0.001525904784186104
306,0.0005043043075923267,0.02397321047412946,0.974931413946953,0.00023206911077178945,0.00035900216055348324
307,0.004804501752664419,0.18220352259736788,0.8091919986118881,0.0019035897373078144,0.001896387300771772
308,0.0006499227922948912,0.026780138135572538,0.9715731415094783,0.00030148190950181916,0.0006953156531522478
309,0.0010409669251721326,0.041601085666882545,0.9563745190116413,0.00042277626376440976,0.0005606521325394285
310,0.0018009026180937093,0.067473361915851,0.9296774679698526,0.0003837135447988098,0.0006645539514039925
311,0.0039325980268095344,0.1903241606023041,0.800864336529278,0.0015605282268171263,0.0033183766147913576
312,0.004109955477671456,0.21256085849811052,0.7755090019730329,0.0015668919388119283,0.006253292112373312
313,0.004937198792130912,0.2629825148375783,0.7264337971715895,0.0014138720146102091,0.004232617184091003
314,0.0011457955557704117,0.054201848133813575,0.942162959097447,0.00043339330669842004,0.0020560039062705216
315,0.003969371213747612,0.2288588994655642,0.755929637133464,0.001341556358374995,0.009900535828849448
316,0.005859937729046082,0.35087189694640436,0.6288726924458306,0.0017307482105839499,0.01266472466813493
317,0.0018176878989033761,0.09778408692682285,0.8963186262090297,0.0005188768105100539,0.0035607221547339536
318,0.007345777855444822,0.37914548221391425,0.5920214375045405,0.0023811172887712034,0.01910618513732927
319,0.0017605109567270022,0.11044865685379746,0.8831662660340281,0.0008015046920223552,0.0038230614634251043
320,0.0057272988073181095,0.42648994802311146,0.5496861957876258,0.002344600600183244,0.015751956781761316
321,0.0017948957441805238,0.08043701511124975,0.9123195830625461,0.0008174477441025313,0.00463105833792118
322,0.004269098139372492,0.2722061140579484,0.7101274135423907,0.0016613748539049506,0.011735999406383275
323,0.003055610336555078,0.1864847551702624,0.8016204709699193,0.0014542182196378688,0.0073849453036252365
324,0.002175000401398437,0.1843480045489233,0.8065660523416639,0.0008776623991200456,0.006033280308894312
325,0.002933397404437852,0.19626212957447067,0.790337050249309,0.0012634240753097515,0.00920399869647267
326,0.006373641788651448,0.39785620269117683,0.5748194491155225,0.0026543020028575643,0.018296404401791696
327,0.002733587530152567,0.13795307382136254,0.852507016841253,0.0007123461558719861,0.006093975651359783
328,0.002490857566064859,0.15513947802112318,0.8358973348627957,0.0008916963112054856,0.005580633238810712
329,0.007946564248761077,0.2888467658892007,0.6771859110676461,0.0022991519421385943,0.02372160685225337
330,0.0026863277976859412,0.15066210266825922,0.8381597961277254,0.0012965385669673434,0.007195234839362288
331,0.0016462409729448568,0.06890139864158211,0.9259672429766178,0.0006111718438997979,0.002873945564955345
332,0.0043345760514058775,0.24292026977576986,0.7406485772088239,0.0016394590994933816,0.010457117864507108
333,0.0006857601971381872,0.07476855735976747,0.9226302656554517,0.00016698209210380297,0.0017484346955387025
334,0.0020800176323772846,0.14352325032110502,0.8485687906835011,0.0012000038233213569,0.004627937539695206
335,0.0016191407917380517,0.10074200360866062,0.8946388615586386,0.0008819401777430449,0.002118053863219804
336,0.0005154963031478832,0.02399345258438202,0.9737682230738508,0.0003884278112456597,0.0013344002273737688
337,0.0015184627632201578,0.058504550038925386,0.9367481969572324,0.0010084647134484244,0.002220325527173545
338,0.0018937559706349186,0.09655018633512921,0.8973141702172491,0.0010156141041569825,0.0032262733728296864
339,0.004094688105191891,0.17993598798151042,0.8077400010066432,0.0019623939846068134,0.006266928922047524
340,0.002532792775369028,0.12977291483799355,0.8633137667422894,0.0014320795320520187,0.0029484461122960782
341,0.0014558204902251613,0.06832186188456228,0.9249541580081104,0.0011190398852859427,0.00414911973181636
342,0.0006512108072800344,0.03539275214555649,0.9623428962906518,0.0002672107593571419,0.001345929997154427
343,0.001455475766291663,0.0805762837287526,0.9146522924486875,0.0009822245891548155,0.0023337234671134935
344,0.0016070237719871634,0.07714125123904837,0.9175714225636464,0.0012002623379163664,0.002480040087401725
345,0.0007334667714500454,0.03358354088952067,0.9634867960135599,0.0006718787464049733,0.0015243175790647023
346,0.0006903689480809327,0.0452650111120472,0.9520160570398072,0.0005255239054023774,0.0015030389946622553
347,0.0028769275284273367,0.1365335476032387,0.8514307910572545,0.003952080432046017,0.005206653379033384
348,0.001668501047662421,0.08696882190140254,0.9061330954584451,0.0023984482190804223,0.002831133373409577
349,0.0010800071348863332,0.06700992611002224,0.92943026601545,0.0008610112460540991,0.001618789493587359
350,0.0042986897970853765,0.3003769661397426,0.6816105110782079,0.005150454727227466,0.008563378257736577
351,0.003594804826682343,0.3110136178829014,0.6786317765866339,0.002618516986437907,0.00414128371734456
352,0.004771402013596778,0.33096645443957157,0.6512207668448744,0.005745874688931228,0.00729550201302606
353,0.0006719502465282011,0.06604644154711223,0.9317183906595933,0.00040678260137796556,0.0011564349453881833
354,0.0022320124373118692,0.08658325519414801,0.9056748580087196,0.002978731652741449,0.0025311427070789805
355,0.0027569875019458627,0.12214683556089447,0.8700172531343608,0.002742822336400343,0.002336101466398423
356,0.0018254340497894205,0.04547834003414023,0.950012513504595,0.0013389350147239186,0.0013447773967511403
357,0.0008515810551776399,0.05096327435690539,0.9463071582059229,0.0006990033005315153,0.0011789830814625773
358,0.0009216719234253699,0.041537854640045065,0.9562989344704699,0.0003362054603855817,0.000905333505674127
359,0.0017506129724547423,0.10027307357213852,0.8966922630336014,0.0004415065837392515,0.0008425438380660073
360,0.0016958487511366778,0.08009294901288727,0.9159505350623416,0.001207784989213215,0.0010528821844211246
361,0.0013007431368657226,0.048446583055122575,0.9485976876577016,0.0008664676593300682,0.0007885184909801492
362,0.0021520497028189125,0.06452070705511122,0.9295922457212613,0.002041829329553263,0.001693168191255368
363,0.0014209948770413264,0.06487775215197379,0.9317533950753714,0.0010623953912755264,0.0008854625043378697
364,0.006454339890255507,0.3315796539784056,0.6465861233535876,0.009062784437433007,0.006317098340318315
365,0.01231177249156086,0.5425073800232592,0.42013043283575324,0.011909884950282902,0.013140529699143703
366,0.015463761860891049,0.5248480217924807,0.42940889635188734,0.016371287747706752,0.013908032247034
367,0.01177531609593228,0.49106169692944346,0.47620333249395497,0.013390502648662664,0.007569151832006555
368,0.0029232533354115226,0.09650926813462309,0.8954432370185766,0.003240963362623209,0.0018832781487655409
369,0.004216812325603707,0.1484072673790198,0.8419026700290158,0.0031509017581409795,0.002322348508219688
370,0.0016627833058416412,0.0914284757870019,0.9046633493523883,0.0011997933938398548,0.0010455981609281792
371,0.011476472400611783,0.6273150185477921,0.32748733941836383,0.029092536389947,0.004628633243285219
372,0.00425656225959943,0.1461446462666437,0.833760100083961,0.013104103008183394,0.002734588381612626
373,0.004665581665866211,0.18748071481813638,0.7981200406437344,0.006507429107678553,0.0032262337645842707
374,0.004268914558861803,0.15460731272780678,0.8354394243731582,0.002833847737978528,0.0028505006021945583
