epoch,N1,N2,N3,R,W
0,0.011760878483527614,0.0006939043724776954,4.293315393436695e-06,0.002586570151344376,0.9849543536772569
1,0.01752270010694623,0.0007115152288445445,3.208932585267229e-06,0.0028254095042192,0.9789371662274048
2,0.00723552596279192,0.0005655570725313055,3.91094521312591e-06,0.0019403007052744099,0.9902547053141894
3,0.01573127602564955,0.0021238296847698704,0.00010315654135283882,0.0009157183778739821,0.9811260193703538
4,0.02272841500632457,0.003519010539402872,7.618377902331377e-05,0.00847726633971552,0.9651991243355337
5,0.0009617208928668551,0.0004572624875417158,2.9688568723113e-05,0.00023799576745592304,0.9983133322834123
6,0.007681912465609843,0.001549027481862552,5.683774243803939e-05,0.0017887617774243554,0.9889234605326651
7,0.018105424317700663,0.002148651734660842,3.9595442388014584e-05,0.003540786216559224,0.9761655422886911
8,0.003297480299620132,0.0030079318299375516,0.00020836193257103773,0.0006303295466860078,0.9928558963911853
9,0.0335336095812865,0.0034737312309142125,3.439073474349745e-05,0.0019551743951511497,0.9610030940579045
10,0.01396819156886006,0.0019624326804790564,3.161396262746807e-05,0.0008289617583330841,0.9832088000297002
11,0.0008510552732048554,0.000301478587295757,1.5188417835850046e-05,0.00016979518338804028,0.9986624825382754
12,0.022288699565953828,0.00034103853478066387,2.2042328808739413e-06,0.004269905093554966,0.9730981525728296
13,0.017920026125961296,0.00026566094747457566,1.7609155089561917e-06,0.0035831430090983232,0.978229409001957
14,0.06858500236572572,0.000400436468208376,4.382554157260323e-06,0.003419905435387968,0.9275902731765207
15,0.08892741373870018,0.0005341893638806094,3.7419065125984585e-06,0.002366745238158573,0.908167909752748
16,0.14158792101298293,0.0011300832860764447,7.42544325136565e-06,0.003889529150150246,0.8533850411075391
17,0.13466158344368603,0.002309556197184733,1.605151900605219e-05,0.005678445570140516,0.8573343632699827
18,0.31612769619135617,0.009193043256846362,5.2210136744672534e-05,0.019873908027530328,0.6547531423875226
19,0.1359336362395787,0.03192262812961938,0.00021834583153935966,0.017541219398638806,0.8143841704006237
20,0.023610022396555814,0.006319321946101962,3.835217790585663e-05,0.01528822095424473,0.9547440825251916
21,7.750468054605596e-05,1.9779272993625137e-05,2.6122762025433248e-05,9.370464557592617e-06,0.9998672228198773
22,0.003626410571504088,0.00037180430669861035,4.398489915457961e-06,0.00039159765871287026,0.995605788973169
23,0.01941780239562126,0.0008936289856342301,1.5671770424703935e-05,0.0008360962036943583,0.9788368006446254
24,0.0805464799410352,0.0021406163101068084,1.701606159526285e-05,0.0014048982153087154,0.9158909894719539
25,0.09800286359334662,0.047269097269832555,7.189839519254101e-05,0.0076649967488999745,0.8469911439927283
26,0.06242932923653798,0.0022578121062793357,5.321867887739851e-06,0.006203499535497792,0.9291040372537971
27,0.013104819580820978,0.0031040720678696234,9.29548036857726e-05,0.004514243141584774,0.9791839104060388
28,0.01796668287349603,0.004033729425423487,1.340305673788533e-05,0.008538487064778683,0.969447697579564
29,0.08451003264426124,0.0014367961579863536,4.94132624978885e-06,0.01350561943602378,0.9005426104354788
30,0.0005460478560933339,1.633370574725748e-05,7.0989079786555856e-06,3.804447202760193e-05,0.9993924750581531
31,0.006059518114798295,0.0003482990335541419,5.997884911357363e-06,0.001142658866080533,0.9924435261006556
32,0.0057184490343886426,0.0002758280943577567,2.6964832219589903e-06,0.0011568953260397978,0.9928461310619918
33,0.010491511841801276,0.0008946677632984465,1.9369287302646135e-05,0.0014278180632975724,0.9871666330443001
34,0.02630816284366933,0.0009550546441314441,8.923413298450015e-06,0.003560731030279081,0.9691671280686217
35,0.011340491653049364,0.0013273737878160743,3.3832370381681796e-06,0.0018694268535864387,0.98545932446851
36,0.20258515644576666,0.005034493174897581,7.415653140646677e-06,0.015888664932005213,0.7764842697941898
37,0.5454483615518974,0.0057558309109023865,5.98584439251903e-06,0.025800735784934237,0.4229890859078734
38,0.028604189236531765,0.0024646354161659426,6.553872592876192e-06,0.004489622378090678,0.9644349990966187
39,0.4693913252291897,0.022879334942989625,3.2081718083033024e-05,0.04285425063852185,0.464843007471216
40,0.6604682642929692,0.028557645066003574,1.9048915454349453e-05,0.043818108003318854,0.2671369337222541
41,0.6333100859873076,0.014808635454432081,2.254399922515242e-05,0.031224739344143635,0.32063399521489166
42,0.5285913063810882,0.23526982085017079,0.00018831527850530637,0.057728822285972134,0.17822173520426346
43,0.5557421290516457,0.22113989956776256,0.000439639182870372,0.042889643608567306,0.1797886885891541
44,0.2138180459822544,0.6706959663883351,0.001027922530462209,0.00582378110293995,0.10863428399600834
45,0.19571759867905125,0.570328362107714,0.0010793394083897772,0.007609553750667508,0.2252651460541776
46,0.039608632242073505,0.8471405831943822,0.0044997515410242555,0.0020893976224486332,0.10666163540007144
47,0.018618186443539804,0.9675833888296828,0.003038528155917112,0.00047859936642738433,0.01028129720443288
48,0.011732379772106663,0.9750258994149994,0.00786701411370843,0.0005570560581442066,0.004817650641041245
49,0.003153703924576139,0.9665691336586626,0.025980085099689104,0.0005810028609435129,0.003716074456128626
50,0.023973840415211705,0.957252997982446,0.0028369336282729873,0.0006169023676527218,0.015319325606416655
51,0.002285342069187721,0.9941082962464739,0.0016765728092045637,0.00011958999932443875,0.0018101988758095087
52,0.013921248385709219,0.9777469852978096,0.0049131235708317214,0.0004111309984313773,0.0030075117472181338
53,0.0020299715201328016,0.9945401126486281,0.002188945250957226,0.00010049973489217302,0.0011404708453899267
54,0.0015341421061878522,0.9473182058361672,0.05036682909447602,0.00017504607561297038,0.0006057768875559361
55,0.0030619302899677807,0.7957511561425048,0.19940669957547244,0.0003365402784657603,0.0014436737135894169
56,0.010625643482666685,0.9607723614014594,0.025214393319567992,0.0014397786588944673,0.0019478231374115333
57,0.003412160937122252,0.8544614973921227,0.14022595574646574,0.0002219508728334222,0.0016784350514560033
58,0.0017172300994337485,0.9283275285153155,0.06863876254638486,0.00011903510397952336,0.0011974437348863537
59,0.003502377156079652,0.9328564123390417,0.06182505636791661,0.00024090594858322672,0.0015752481883787495
60,0.008250800834561657,0.7381502168120664,0.24606291014094206,0.00023081964522525184,0.007305252567204686
61,0.012198559791221999,0.9417009308116661,0.04354574499953921,0.0005570494693052878,0.001997714928267584
62,0.0085774052511022,0.8962974775673137,0.09208389231242103,0.00018409539506699643,0.0028571294740962158
63,0.0015783227035178612,0.927862456110731,0.06912671093903017,0.00011747799123097348,0.0013150322554898871
64,0.0008653616285954081,0.48502461860013296,0.5132392656389564,4.6223410196666274e-05,0.0008245307221186576
65,0.003265401000767422,0.6446647021590771,0.3506662902745303,0.000184861268248729,0.001218745297376473
66,0.002435363296910728,0.9204380055022942,0.07497225807276348,0.00025737873524792114,0.001896994392783741
67,0.0007070288014899785,0.28466768210213533,0.7134799760558485,4.902395976971114e-05,0.0010962890807565493
68,0.0011441058984833555,0.375293315487845,0.6219230689122467,4.810319050069478e-05,0.0015914065109240742
69,0.0007920843499278791,0.2078372872297395,0.7904826747732193,4.108356616549261e-05,0.0008468700809477198
70,0.0013717807036553152,0.354551939009877,0.642435376875102,8.912084954008251e-05,0.0015517825618255195
71,0.0005069960270938349,0.23018173492900945,0.7683386560247332,6.738618656119692e-05,0.0009052268326023874
72,0.0009975743553276657,0.563356369266819,0.43404695034089114,0.00013527576411638613,0.001463830272845936
73,0.0004900239491508916,0.31785731887113144,0.6804630643674726,5.5249452488161136e-05,0.0011343433597569865
74,0.000467152559451734,0.3065369626748682,0.6919000164107835,4.945028115649466e-05,0.001046418073740001
75,0.00034238969618434186,0.23585207735300837,0.7630933684911496,2.0428802513699084e-05,0.0006917356571438158
76,0.0006208653815452328,0.13925680409356206,0.8589626448973523,3.8016863877227196e-05,0.0011216687636630902
77,0.0005493965752805926,0.16246939311038436,0.8358714441021174,3.7088053898863354e-05,0.0010726781583186274
78,0.00047308394949008075,0.19545282586293006,0.8030170473555257,4.270924779126649e-05,0.0010143335842627858
79,0.00023487677885975807,0.06963597917724353,0.9291913261096175,4.5664680647064246e-05,0.0008921532536321726
80,0.00046996342456784995,0.30704515696760437,0.6908257432933315,7.504047062913653e-05,0.0015840958438671842
81,0.0004976998056351898,0.3045368969017571,0.6932306944039013,0.00012820967191420036,0.0016064992167920226
82,0.00040547300274465227,0.25601189585577394,0.7423699274070089,7.056649222931052e-05,0.001142137242243148
83,0.0001395157691692131,0.042622345193298564,0.9562221338167418,5.838519733944132e-05,0.0009576200234512406
84,0.0006502491419721057,0.1871366590766828,0.8103923073433108,0.00011104034205739594,0.0017097440959767947
85,0.00086600715505388,0.5000763427259202,0.49668542522018305,0.00018268294448463035,0.00218954195435827
86,0.0007535991749727536,0.16531783641837372,0.8320817633770902,0.0001278001891725514,0.0017190008403908403
87,0.0007841009751720018,0.3658507428508828,0.6313994844537,0.00017626830744596475,0.0017894034127992871
88,0.0009253674231616865,0.2521985602850312,0.7454534926257826,9.549090321416426e-05,0.0013270887628103597
89,0.0006651088947921993,0.25836118100883343,0.739544492230208,9.986374088961496e-05,0.001329354125276754
90,0.0002899198413340291,0.08439012255636906,0.9146161044056839,4.6176161681542164e-05,0.0006576770349314505
91,0.0010012159227027724,0.5607658676123412,0.4359485437558192,0.00024295668079067796,0.002041416028346276
92,0.0005821791551482333,0.2603513855530907,0.7371783724406015,0.0001643281346455375,0.0017237347165141186
93,0.0005702256977523086,0.12399767072315823,0.8743991946984306,8.450586235712968e-05,0.000948403018301812
94,0.0003507704462878936,0.13138368570373887,0.8674799707943032,5.9030994653175696e-05,0.0007265420610170077
95,0.0004445613183475071,0.12047083415866568,0.8778657216376766,8.876457835511432e-05,0.001130118306955028
96,0.0007139271968079402,0.5525541102620327,0.4440719559575342,0.0002144652312659343,0.0024455413523593477
97,0.0002803620346061564,0.1006354218166421,0.8983746429232468,4.915037533294778e-05,0.0006604228501721904
98,0.0006497793752056544,0.1868721361204408,0.8112524353083522,6.775717904973602e-05,0.001157892016951666
99,0.000877179265317626,0.3209560725271807,0.6749853131104713,0.00012707688052622995,0.0030543582165041294
100,0.0007578462505475201,0.15111773772298967,0.8453839291281755,0.00012610995032653514,0.0026143769479607315
101,0.001974828388907523,0.7801366989564908,0.2122561349230006,0.0007231739927501911,0.004909163738850966
102,0.0015285960461188536,0.2067416658533575,0.7889126781084869,0.0003277356261163978,0.0024893243659202496
103,0.005952529159653366,0.49703478536000606,0.48774881471554277,0.000997892441166147,0.008265978323631702
104,0.0038609180777779252,0.26085097294603937,0.7226875142681799,0.000760813265492019,0.011839781442510735
105,0.28665880039117775,0.14057213458169818,0.00518739008362998,0.007477715189794394,0.5601039597536998
106,0.39683351051611454,0.05815826395872171,0.00045756137852525454,0.002439729717141547,0.5421109344294969
107,0.705626235050156,0.21728503736208374,0.0008883564972905545,0.011064965561780249,0.06513540552868947
108,0.09990937150967084,0.8638608337751018,0.018601970441633652,0.0009932278384297544,0.01663459643516392
109,0.030892291401194785,0.9629255633171935,0.002916459110077552,0.0005768872150424009,0.002688798956491528
110,0.03658122129475087,0.9423557329751253,0.01188851201891323,0.0016463743870627633,0.007528159324147619
111,0.005769458419442974,0.952851595391413,0.03878827150374252,0.0006973762406974935,0.00189329844470408
112,0.023495507827731667,0.7614230980703516,0.208609229504105,0.0033069968392546033,0.003165167758557194
113,0.004097312303421496,0.9040806175791628,0.08943701827025674,0.001157460804955553,0.001227591042203115
114,0.01237523141110071,0.9246236794164526,0.05734985779875195,0.0027877503945071386,0.002863480979187739
115,0.0019063439422313756,0.8138614272165365,0.1821971785235273,0.00043818535782194325,0.0015968649598830083
116,0.0028726737371927184,0.9594192607713962,0.0360451018187389,0.0006659803763806703,0.0009969832962918438
117,0.0030781545987042186,0.4339071018754514,0.5609387248857637,0.0006776791687995439,0.0013983394712811833
118,0.00170656841857027,0.2497569917153549,0.7457178583033656,0.0006137244650007369,0.0022048570977087584
119,0.006265293901304415,0.9265357378542538,0.058008022089402485,0.006058523146786497,0.003132423008252883
120,0.013143840990893125,0.8787969712864054,0.09147682740596853,0.01230911557706817,0.004273244739664816
121,0.002089918303788592,0.8372088043476904,0.15767052388119362,0.0017253376609608195,0.0013054158063665622
122,0.0203777706598828,0.8266859154654099,0.14405747067491648,0.00221411063072197,0.006664732569068805
123,0.005759982104266959,0.9344460487335237,0.053795314835249484,0.0008591062584318712,0.005139548068528064
124,0.00759978233666433,0.9195782884165324,0.06985949104109367,0.0009646708898432662,0.0019977673158662773
125,0.002798988606781121,0.5736186747138977,0.4218809021016531,0.0003001677860767815,0.0014012667915913523
126,0.0033802774376334548,0.7935760031609844,0.20080396466382305,0.0007816066086946171,0.0014581481288645226
127,0.0009991656108386355,0.4102705886542329,0.5870566267400926,0.00031809607740629494,0.0013555229174295148
128,0.0008196609910875166,0.5047792673634061,0.4928267977637305,0.000221715692111485,0.001352558189664432
129,0.002617334163092256,0.2500958485699654,0.744779335208371,0.0003920236650965534,0.0021154583934747295
130,0.0022460521885904697,0.8604749210789907,0.13476836271900405,0.0004896985944581132,0.002020965418956706
131,0.0034789594408170276,0.6261675044171252,0.3668478030904636,0.0005743554963499403,0.002931377555244182
132,0.0016309745483367953,0.7253222846614878,0.27050001957837144,0.0005960877287742888,0.0019506334830296614
133,0.0013758657396419915,0.5956014809907934,0.4014886076398424,0.0002034198411889823,0.001330625788533347
134,0.004528449308071424,0.6051087156801747,0.3879621803057422,0.0005131561100261504,0.0018874985959854793
135,0.004783514579397929,0.5164552177537292,0.4762495129428362,0.00046913596205769834,0.0020426187619791668
136,0.0010118279635296537,0.2872116569224986,0.7107588369665986,0.0001624887259756963,0.0008551894213974055
137,0.001017680634873903,0.33425603915606183,0.6633868774884981,0.0002294815580686056,0.0011099211624974541
138,0.0009808214495792343,0.2065610870377402,0.7913840967392012,0.00015582246553324215,0.0009181723079461886
139,0.0020405462376633884,0.2807129384293789,0.7144596960224073,0.0007404424768606386,0.0020463768336896632
140,0.0012813967863982484,0.25900331728258325,0.7382957049790226,0.00017962672968435044,0.0012399542223115899
141,0.0021211315477812,0.5224254724043658,0.4733502322418601,0.00046479862801262497,0.001638365177980202
142,0.001917236959320656,0.43206776344263176,0.5637478050913743,0.00041366704130971774,0.001853527465363577
143,0.002249355668411827,0.343975039606413,0.6521623106633517,0.0002480639438100932,0.0013652301180134502
144,0.0012403947414818572,0.2205953192062738,0.7767082241711715,0.00028368220285639965,0.0011723796782163965
145,0.001286619298428129,0.2832749753663509,0.713518700160847,0.000388048780872138,0.0015316563935018552
146,0.003511081469724783,0.7798984721235865,0.21380620907954884,0.0008251426170268658,0.001959094710113114
147,0.002726871373789012,0.27383302880415894,0.7216073959682785,0.00026890788727533283,0.0015637959664981406
148,0.0015170273288534874,0.3861396223571259,0.6110108291499148,0.0001860946665988846,0.001146426497507076
149,0.0014734256353549503,0.28354585316321723,0.7137073317214429,0.00017595757324792317,0.0010974319067370017
150,0.002243626239133057,0.6287084821721616,0.3662333069725038,0.0006835075087672714,0.00213107710743434
151,0.007685545340965474,0.5343227541748656,0.4535316923300586,0.001299863161107935,0.0031601449930025536
152,0.0007333866870351312,0.16216658273299564,0.836064190025136,0.00017666360336845234,0.0008591769514648544
153,0.001469462286745829,0.5587115122601424,0.43836374093565444,0.0002830513733159364,0.0011722331441414778
154,0.0013453785176435443,0.39124060734891947,0.6060132964263025,0.0002152832069011918,0.0011854345002333332
155,0.0005804273827242157,0.1845705762535351,0.8140811924669287,0.0001582769450891458,0.0006095269517230827
156,0.006258872254311585,0.7237695376263893,0.2664115231523419,0.0008688879391855861,0.0026911790277718
157,0.0003696483303276242,0.1764789913886241,0.8223714136931962,9.772650476597434e-05,0.0006822200830860754
158,0.0012423260320645869,0.7045801755247288,0.291764223048697,0.0003515893122917113,0.0020616860822180606
159,0.0014372801628090054,0.21909582282807918,0.7785584736228398,0.00017466604461602897,0.0007337573416558084
160,0.002929272043680634,0.29766292550883283,0.697663393721342,0.000330109918676545,0.0014142988074677771
161,0.003128625554327024,0.26907754222549995,0.725164508729349,0.0006134442827177473,0.002015879208106264
162,0.001123917777842001,0.16177929734204913,0.8351974143846405,0.0006365725278985819,0.0012627979675700776
163,0.007002234528605267,0.7884037155604575,0.1982149450941647,0.003925146484939708,0.0024539583318326954
164,0.005985990982797318,0.46039603587167743,0.5285693193732001,0.0027395139822741364,0.0023091397900511304
165,0.043975169723551394,0.8881351631158944,0.05197706700041381,0.007421129354397552,0.00849147080574276
166,0.014645178434379562,0.9756410070102384,0.0059090705549758905,0.002221352426218493,0.0015833915741877357
167,0.004448191275340128,0.5411575031340756,0.45249889935794235,0.0006537587503952678,0.00124164748224657
168,0.007079488080533391,0.862384300621155,0.1275880358782513,0.001530309038108926,0.001417866381951462
169,0.0011736424818622302,0.6807722769911893,0.3154062590414262,0.0018951538574116923,0.0007526676281108073
170,0.003158617687265884,0.4254140586297371,0.5653996318617778,0.004733752150567579,0.0012939396706515098
171,0.009144335625045413,0.6283816601600407,0.35130383000609483,0.009012576993821833,0.002157597214997251
172,0.0032728651680456284,0.6344213422056783,0.3480213932867305,0.01281863191622619,0.001465767423319542
173,0.04570510783589192,0.8403577298371194,0.023370782673203284,0.0825401435080602,0.00802623614572527
174,0.08912831701325341,0.6497665337627752,0.004881612022525402,0.24250536083053753,0.013718176370908376
175,0.08486571692317674,0.6364685087961484,0.0028668275363305296,0.26433937128471613,0.011459575459628096
176,0.05986974449805321,0.14304566855886475,0.00032330429779358987,0.7944237184964569,0.0023375641488316053
177,0.08045270826135044,0.031214584742299455,0.00015118048822260945,0.8847334076035182,0.0034481189046094087
178,0.10577747682339783,0.21927079745503827,0.0006237351592362348,0.6686040502495308,0.005723940312796763
179,0.04465580351971421,0.03428622004620127,0.0003502118765474319,0.9140810825619712,0.006626681995565887
180,0.018306412466661485,0.03553987295309619,0.00018111840729340885,0.9437042430566597,0.0022683531162892485
181,0.013184831062439336,0.03394074052020067,0.0004223770718997382,0.9363362868401679,0.016115764505292233
182,0.011854669054230627,0.019985293843527114,0.00021528928159993677,0.9654287348723817,0.0025160129482606946
183,0.02008560595939985,0.010994990446465253,0.00013686787807190188,0.9652916536436508,0.0034908820724122644
184,0.01507833906668087,0.01231175900816849,0.00015271589851107584,0.9665182685420434,0.005938917484596204
185,0.015794849914502012,0.007587717290328472,5.1963461869715844e-05,0.9628391359048112,0.013726333428488481
186,0.02720720885786422,0.018703374548264016,8.133128254296667e-05,0.9495911496199094,0.00441693569141935
187,0.029751220683832468,0.020203117708454826,8.681563911269381e-05,0.9467306353340995,0.003228210634500427
188,0.02463099536853671,0.05248494111597989,9.096210680065399e-05,0.9148292279599469,0.007963873448735852
189,0.009722323959771522,0.01928242206060167,8.845686178168756e-05,0.9645588907983417,0.00634790631950363
190,0.012486668623860145,0.03236507488575135,0.00015334995706529388,0.9487629115335274,0.006231994999795794
191,0.014476416247160334,0.05114761789960324,0.00021005344344536965,0.9281935091442155,0.0059724032655753875
192,0.0068664735130476665,0.010452630616129055,8.778453051042506e-05,0.9812697097714697,0.001323401568843261
193,0.04069848247620004,0.044119306221753266,0.00013755658077171297,0.9112927757704462,0.003751878950828736
194,0.02336650329745511,0.06768375584409318,0.000216821636127683,0.8995041646471362,0.009228754575187922
195,0.027610843026609332,0.04910612776486931,0.00012342536416505066,0.9173937292449569,0.005765874599399517
196,0.03763278448765275,0.03332555614095916,0.00011083057898036735,0.9265031893568398,0.0024276394355678054
197,0.015831687901045135,0.01095165633254649,7.108604196219957e-05,0.9712693556657974,0.001876214058648771
198,0.012801360762163887,0.023782553723787892,3.941979373245919e-05,0.9617250402366685,0.001651625483647139
199,0.020767448093394317,0.01591767469972914,5.161965437466559e-05,0.9617289710312652,0.0015342865212366126
200,0.01854618314641876,0.009578805546949723,2.312369063752261e-05,0.9694893142503387,0.0023625733656553673
201,0.024993725665794886,0.01735767705820132,3.609078312221985e-05,0.9547593531810945,0.002853153311786953
202,0.01933564375506634,0.13169622504707704,0.00033277518727178716,0.8473099169528874,0.0013254390576976276
203,0.015226039454548585,0.014704949258259973,4.438413451441416e-05,0.9682844296217599,0.001740197530917128
204,0.009439626125549997,0.049958327619638025,0.0001124639032801809,0.9387775163636537,0.001712065987877971
205,0.0038737312607471444,0.003216320504019966,7.963228726519737e-06,0.9905753830718893,0.002326601934617054
206,0.009396651729257586,0.006637473649439551,3.408850085169181e-05,0.9825238904800568,0.0014078956403943427
207,0.01815428433740387,0.02135908838793072,6.004973175874982e-05,0.9579421286589382,0.0024844488839683453
208,0.01233207710433046,0.002985997926054506,1.7410569619258243e-05,0.9823725230360646,0.002291991363931186
209,0.009251377264920863,0.00599784442401803,2.1795646955461338e-05,0.9811228297592564,0.0036061529048492845
210,0.018105908418723348,0.026359629905680575,5.5755029057611945e-05,0.9540203250356745,0.0014583816108642016
211,0.021710757159112127,0.01230924539595107,4.7718745972504586e-05,0.9642324256577416,0.0016998530412226454
212,0.03192203733184305,0.0391596072417971,6.605960159155073e-05,0.9238207196237228,0.005031576201045383
213,0.04539393646610323,0.06885753065946562,0.00011864905973792211,0.8800310894963884,0.005598794318304659
214,0.07895159050476597,0.09888164569415167,0.00015198218881888012,0.8171777185521908,0.004837063060072565
215,0.06607258007450367,0.05576797133305374,0.00016796943532148051,0.8681342872502391,0.009857191906881987
216,0.11646873017474581,0.12790843666314722,0.000473761432613065,0.7479283084135364,0.007220763315957436
217,0.08577306380991931,0.5056523129337892,0.0005808989078371652,0.40074886614048927,0.007244858207965028
218,0.08247439929987557,0.74774708538936,0.0011891841948904562,0.1623378188345838,0.00625151228129009
219,0.08887807693849732,0.625612423406122,0.0008131316077645793,0.2806418025860137,0.0040545654616022985
220,0.028247980671033325,0.8891181385142342,0.0007733030397397067,0.07863434008624069,0.0032262376887521615
221,0.10548351629463816,0.6619650138535121,0.0010713700050649301,0.2231138150609498,0.008366284785834913
222,0.052546856933937854,0.8672209655064633,0.0014593498904696914,0.07295289077319844,0.0058199368959306495
223,0.027951195094685653,0.9503498031278954,0.0010882393472701972,0.018643180675676232,0.0019675817544724393
224,0.08211037917494808,0.8657565858689014,0.00125922187567048,0.04695816908542075,0.003915643995059432
225,0.024484489745965045,0.9631216302252881,0.0005707971454837116,0.009813103064304387,0.002009979818958828
226,0.04210467508930036,0.919060896425284,0.0030902606031146585,0.031089190517643764,0.004654977364657068
227,0.062307815962558646,0.9020723448940016,0.0009395291189215913,0.03252793225224771,0.002152377772270369
228,0.0038969409987410237,0.9883072395660665,0.0001994862461125037,0.006850975835849166,0.00074535735323113
229,0.05054485469295467,0.9124990053709688,0.0013740319084922792,0.03248797517312787,0.0030941328544562717
230,0.01434393730645181,0.9754931937888721,0.0018018412155918096,0.006977127172297509,0.0013839005167866384
231,0.04151579339950991,0.9336835632796181,0.0034719191569148136,0.018799454285853414,0.002529269878103726
232,0.013860739275011061,0.9793216878703084,0.0010110991715700228,0.004814321653227758,0.000992152029883042
233,0.007575496911664369,0.9854488152710044,0.004574883102157486,0.0015686621340290933,0.0008321425811446502
234,0.043288743877743986,0.9464663637951052,0.0009234086021183432,0.0076739917240529285,0.001647492000979697
235,0.010842604554329461,0.9822533787040206,0.0036751621688749544,0.0015092330120567237,0.0017196215607180626
236,0.03079081404347693,0.9600106177383202,0.0013528958382496752,0.006052369870738563,0.0017933025092146013
237,0.028424506720086343,0.9623755330338534,0.0017016249308044343,0.0054904827261432025,0.0020078525891127764
238,0.02493282080193289,0.9650007086345043,0.004135737482784044,0.003358455716721653,0.00257227736405723
239,0.006894860752047916,0.9749574513473777,0.015585081169453235,0.001525732347984932,0.0010368743831360434
240,0.01600801712581139,0.971261446388832,0.008276451631457406,0.0022875417592232022,0.0021665430946760963
241,0.01045784363471889,0.8598438405811754,0.12220290017756509,0.004221887540212289,0.0032735280663283113
242,0.05235977852404807,0.9329341117173552,0.0021738801557359437,0.009667854573208285,0.0028643750296524742
243,0.021645928828672962,0.9666117602447832,0.005972883300976159,0.003738265376359099,0.0020311622492087435
244,0.040321187413291576,0.939470287276703,0.006457752131390298,0.008914734238201535,0.004836038940413655
245,0.004333290320508524,0.991509368545798,0.0026802824082795915,0.0007720669883089242,0.0007049917371049955
246,0.008806591691650751,0.955455787403728,0.030826994427333537,0.003202854274485655,0.0017077722028019402
247,0.013726806419445849,0.9746533484035924,0.00609346257646914,0.004151951515930042,0.0013744310845624573
248,0.008086197261636537,0.9877483261156935,0.0007441239030415192,0.0021691659198085993,0.0012521867998199106
249,0.005882885006277152,0.9366781142785764,0.05297024658596014,0.003157589659476692,0.0013111644697095283
250,0.005431131593874619,0.9898782869248105,0.002392198585833337,0.0013376597387106102,0.0009607231567709989
251,0.004540353245544735,0.9468235741669255,0.04440557286160588,0.0033023289760157216,0.0009281707499080348
252,0.009769713869873138,0.9792029208729983,0.007048291437152027,0.002362063939486095,0.001617009880490414
253,0.02359155493548713,0.9453595201212289,0.016134542666950306,0.012722557566410247,0.002191824709923359
254,0.03499275430544448,0.9275083801860617,0.01552495805252871,0.017560049249483435,0.00441385820648146
255,0.017348206742923977,0.9630604203756209,0.012487780775029904,0.0047437126246580785,0.0023598794817669957
256,0.044424019505692025,0.9139312678737649,0.0072946574903345485,0.030129509995615304,0.004220545134593239
257,0.044124414634428934,0.9073926817078664,0.013540566533478703,0.026567627361848305,0.008374709762377959
258,0.018267734435749597,0.9576853582837521,0.004371616303953391,0.01544683578545866,0.0042284551910859855
259,0.022476166900124814,0.3909634251915278,0.020924834214906304,0.0026521303722937145,0.5629834433211474
260,0.23047345866556565,0.15453314597799425,0.00047626629477565775,0.038978081940030156,0.5755390471216343
261,0.06570031804117367,0.02017843344678964,0.0001354521171212718,0.016187334020916336,0.897798462373999
262,0.5466266672813075,0.2340960663369724,0.00042745299584164665,0.02822751430207951,0.19062229908379894
263,0.25727565200935887,0.10566679157635958,0.00019130399588500343,0.08112667672810138,0.5557395756902952
264,0.27869025950286214,0.3217929045975976,0.0008200480877280889,0.16057560184991976,0.2381211859618924
265,0.015669370321586936,0.1361763319130859,0.005821227731042941,0.009587201173683502,0.8327458688606008
266,0.0135156953023,0.02364595473918617,0.0027309509889678917,0.0014628103430660128,0.9586445886264798
267,0.025915979705038984,0.017953591806962172,3.188774691289735e-10,0.0019195744081910218,0.9542108537609303
268,0.0014023117986073275,0.002894411622217811,0.00013771755968442382,0.00112075016609141,0.994444808853399
269,0.0013669501657868216,0.0021067505451318773,5.347653420725675e-06,0.0012272301162520839,0.9952937215194086
270,0.001405686066105941,0.002918405234785662,1.9033903938044452e-06,0.0010853625019378982,0.9945886428067767
271,0.0012137080347498857,0.0037173559863171463,5.043104463092579e-05,0.000921474128078382,0.9940970308062238
272,0.0007612634942893511,0.004435976636286137,5.6906736748345295e-05,0.0012592207182889545,0.9934866324143873
273,0.01732207416873332,0.0240699585754167,2.5910652123420144e-09,0.003032311081851032,0.9555756535829337
274,0.08447237720599808,0.043142637223018886,0.0005949758827760822,0.007179813270101193,0.8646101964181059
275,0.08255477658794434,0.009952578559689597,0.0001535663072707731,0.004857752474366963,0.9024813260707284
276,0.0002779353394972727,4.695494855506616e-05,0.9930921046722289,6.233393371729497e-05,0.006520671106001654
277,0.04972488220048989,0.002890423880622331,6.8545985227468475e-06,0.0378129830122141,0.909564856308151
278,0.04027037584049068,0.0029152569445364557,7.1303635224082275e-06,0.015222307420570215,0.9415849294308802
279,0.46581031047810373,0.0168018896878559,3.077882257610778e-05,0.08087990583415779,0.4364771151773064
280,0.7093149375466292,0.014977311684344836,5.663978514031201e-05,0.20166099515726146,0.07399011582662421
281,0.1044646742876132,0.00623905705688616,1.379327049866245e-05,0.19773013636308498,0.6915523390219169
282,0.33339664138311453,0.012130870219680798,2.558290816661119e-05,0.585552192438354,0.06889471305068408
283,0.2230234341586395,0.013514680884260603,4.020894371794649e-05,0.7454533790517994,0.01796829696158256
284,0.15022740304155197,0.050641081287318875,0.00011358482286969698,0.7820918829840359,0.016926047864223456
285,0.09279273200062577,0.015078777203760859,2.9485870116330688e-05,0.6144985196581607,0.2776004852673362
286,0.1376339988947726,0.02404034648214334,3.6055863846531e-05,0.823410647653968,0.014878951105269319
287,0.13885235031640877,0.06391001376406956,2.41354066554518e-05,0.7873062178515046,0.00990728266136168
288,0.1526935295758748,0.08882558790081402,7.271207823496032e-05,0.7458748012861122,0.012533369158964082
289,0.06948119883822165,0.17819679218295134,0.00014320864328184717,0.7382265150900613,0.01395228524548386
290,0.06818268041282986,0.10760071272198383,7.708594114848607e-05,0.7331915811589346,0.09094793976510308
291,0.08005722307587614,0.1149182482024531,0.00010055439781156961,0.7944039349585023,0.01052003936535693
292,0.02962984294314465,0.10662613010651033,0.002163058167649394,0.04715745848658936,0.8144235102961063
293,0.12555606484349235,0.03400214367262109,6.751170705269168e-05,0.37299523104934634,0.46737904872748753
294,0.20898852104160043,0.04030376078968239,0.0001223334585749237,0.1709527198431275,0.5796326648670147
295,0.6519331713788646,0.08943791862155721,0.0003400119545057976,0.16194355404564678,0.09634534399942565
296,0.059127066378690814,0.011194399063140115,2.107377976976454e-05,0.0531112320063607,0.8765462287720385
297,0.3506567991240482,0.04349828939035481,6.341427185916662e-05,0.17619829927146716,0.42958319794227057
298,0.533544981326705,0.04521942617868158,7.499646723096529e-05,0.19847846968270993,0.2226821263446724
299,0.5116680800632988,0.018720844954814186,3.904180685487983e-05,0.06305760241721102,0.4065144307578213
300,0.28978620047319104,0.09234585251979711,0.0001177172916551178,0.0814988471170114,0.5362513825983453
301,0.004251427238774714,0.004620404447056869,0.00248928245654835,0.0016928810743655463,0.9869460047832546
302,0.03881787959156681,0.008908848997678272,4.3049200431113676e-05,0.005441737022713168,0.9467884851876106
303,0.03494616945159003,0.007550704446681315,0.0002054839269120654,0.0035833229478538,0.9537143192269629
304,0.4028991889295313,0.030070209559575935,0.004411993063172106,0.019268177686533418,0.5433504307611872
305,0.001807606397745373,0.0007230454184366575,0.015832310329467005,0.0015190835343898994,0.9801179543199612
306,0.005030962068787872,0.00117059518679633,0.00018352257746789553,0.004494887627596797,0.9891200325393511
307,0.0007853402787598434,0.0002471245832751522,8.308343313479554e-05,0.0012284748691642092,0.9976559768356661
308,0.009815625745070309,0.0007471959966895,7.149861127045657e-05,0.004208529497415543,0.9851571501495541
309,0.006679716059284973,0.0007463675441008468,5.265748417186165e-05,0.012008026122606149,0.9805132327898362
310,0.006923107863277382,0.0018014939195225444,7.536086803163603e-05,0.027228433494870974,0.9639716038542975
311,0.0018303704487293217,0.000212457656349932,6.527257614183607e-06,0.0027105539574584585,0.9952400906798482
312,0.003613052703105641,0.0008674665497809998,2.470605421703322e-05,0.006238927450186707,0.9892558472427097
313,0.005347376075759641,0.0018318243445258032,6.544612306472074e-06,0.007612442226158907,0.9852018127412492
314,0.016448672585217858,0.009226951925789824,9.631844930124025e-05,0.016376321688643867,0.9578517353510473
315,0.0022282957643065576,0.0012047692922140495,0.0002809428290080839,0.0018622999576251573,0.9944236921568462
316,0.00833262769798986,0.001836146889007972,1.9777775026513446e-05,0.0031195828340962028,0.9866918648038794
317,0.004773109858022976,0.0015023359343615615,9.615393169663773e-06,0.007927853699001092,0.9857870851154447
318,0.008462447753685926,0.0020707487770033704,1.1575692700805988e-05,0.010407426500272873,0.979047801276337
319,0.008152344292786294,0.0017165541283259626,4.607379308269142e-06,0.009481496921081401,0.9806449972784981
320,0.008726610634378565,0.0029655455334012073,7.642517839091004e-06,0.017960160714266718,0.9703400406001144
321,0.030006065934457895,0.0017302634327970182,1.0239744401781686e-05,0.026989584445175522,0.9412638464431677
322,0.03507980642315934,0.027177527553683672,9.888887085161217e-05,0.10330630790852005,0.8343374692437854
323,0.025493211753230778,0.002796478600826692,2.0648759162206192e-05,0.06221416516575975,0.9094754957210206
324,0.03227261111761236,0.004208992777453772,3.225593954181091e-05,0.03733016441761738,0.9261559757477748
325,0.11781515956231398,0.008476664718304888,3.684143999213708e-05,0.11184648970863623,0.7618248445707528
326,0.5719604164814278,0.02190844497669006,6.860969696872474e-05,0.1539141650212068,0.25214836382370676
327,0.3767824106386656,0.03080705935293309,3.810408968425165e-05,0.20677132208503804,0.38560110383367907
328,0.07349559780835249,0.01509466652776989,2.3819717544296892e-05,0.14737988938288304,0.7640060265634503
329,0.22754092038947168,0.010050339439185717,8.275647520810489e-06,0.1259586656943582,0.6364417988294636
330,0.025913376755145677,0.00779759852024102,9.947029221543576e-06,0.1086586781630786,0.8576203995323131
331,0.03747081749253345,0.005440642071853158,8.959209712160294e-06,0.06002258431777292,0.8970569969081283
332,0.5283709028657416,0.018104414911082358,3.0188995053771666e-05,0.2726305144774261,0.18086397875069604
333,0.558192364238291,0.01463518846981957,3.301392780662451e-05,0.27571506063018936,0.15142437273389328
334,0.3278239398453029,0.09462021953339995,0.00022781080668215733,0.5087735667577328,0.0685544630568823
335,0.210524704180352,0.05735501056426576,4.148649641019558e-05,0.6858173910530373,0.0462614077059348
336,0.08467648076115072,0.4440783539981863,0.00024557894055370804,0.45613584175031074,0.014863744549798497
337,0.06786759096753492,0.011758491223381368,2.6476832626472105e-05,0.6846234448263636,0.2357239961500935
338,0.1740582319439078,0.03603972935880076,6.8317495639443e-05,0.7621820758134841,0.027651645388167948
339,0.207716319516361,0.34026817232403467,0.000465667842146585,0.40033432771786714,0.05121551259959072
340,0.2723853559221382,0.039456519388767104,7.692424995140904e-05,0.5091293437345875,0.1789518567045559
341,0.027771576765505585,0.015312057848840144,9.75615949511159e-05,0.10351685330197974,0.8533019504887235
342,0.024992152393530524,0.007580725268202594,2.752947237133522e-05,0.054944786908770915,0.9124548059571247
343,0.019921757527968913,0.0023518314830832474,7.5363449714653005e-06,0.03497095745497049,0.9427479171890057
344,0.005600928922509362,0.0015983731652499911,3.870621336928413e-06,0.014296084272099139,0.9785007430188045
345,0.010540009315652785,0.0006518512915086904,2.053118827342432e-06,0.009992952475887691,0.9788131337981235
346,0.010514567317013383,0.00026799453634451163,2.305292961747695e-06,0.006691948396192873,0.9825231844574874
347,0.010560714434056633,0.0005473620055067052,2.3635720866967497e-06,0.004442310575214683,0.9844472494131353
348,0.253596106967125,0.005346780632648812,8.731928394760149e-06,0.02972869465475111,0.7113196858170803
349,0.016732462932396417,0.0013772864895160307,6.267781182666164e-06,0.00957976179170137,0.9723042210052035
350,0.14777669890029715,0.006031932344079926,1.4909880983396881e-05,0.08030678655550315,0.7658696723191364
351,0.38219476336717734,0.008057242019329657,2.6814481107816757e-05,0.34797029762456544,0.2617508825078197
352,0.5362181111220118,0.016683710216245266,3.3138649217601974e-05,0.21472046297884473,0.23234457703368072
353,0.03189507142692239,0.018153655607121955,4.788213242546998e-05,0.048591706595576815,0.9013116842379534
354,0.31053440082654143,0.021331622748253364,2.0462653812811255e-05,0.09742319661334901,0.5706903171580434
355,0.21809827454009859,0.01562457080906086,1.9920255558228905e-05,0.052476743799844745,0.7137804905954376
356,0.5972295351365491,0.047671116974833894,0.0002486462232474635,0.09717326084211159,0.257677440823258
357,0.6536619072637339,0.016934483222663582,0.00016338747761035215,0.1570367129389319,0.1722035090970602
358,0.0362773849474991,0.013950645240237177,4.555459140410201e-05,0.023728574947591105,0.9259978402732685
359,0.012136707245473539,0.0018039322650975976,0.00020747922215280177,0.0008340041689011465,0.985017877098375
360,0.0007519088302195051,0.00014981727626999782,4.6541949009772e-05,0.00030424754437704025,0.9987474844001236
361,0.050934359750665695,0.0029548052984175945,0.0015121018101704263,0.00930356889489026,0.935295164245856
362,0.13414281650484944,0.014940250302712366,0.0005988739851145964,0.006518452254838744,0.8437996069524848
363,0.013479927788660645,0.001073372766972384,5.3235646992437626e-05,0.002321313726201648,0.9830721500711729
364,0.01978134195993128,0.018173635102029084,0.00023018870955271982,0.00572008419497771,0.9560947500335093
365,0.017557495370597722,0.005441883743496688,0.0016308315171130057,0.00238137768326931,0.9729884116855232
366,0.2608430634991335,0.07931835584537199,0.00843078031484368,0.021438776717993636,0.6299690236226573
367,0.015189375162747761,0.016901708191219136,0.0063705010552566384,0.004197939121874104,0.9573404764689023
368,0.008770304544047734,0.005024816491207885,0.0002956566829321374,0.003508181111818323,0.982401041169994
369,0.004942251883637151,0.005303842539341396,0.0011783344984018212,0.005071952932209778,0.9835036181464097
370,0.16105919628912235,0.11420148627489302,0.003417106491266738,0.05115491144273887,0.670167299501979
371,0.4187438377379968,0.06792621188411539,0.0012336923161342956,0.08651467839536321,0.4255815796663904
372,0.1661383356762688,0.040970321119673796,0.0015758440144577428,0.06357703926126437,0.7277384599283353
