epoch,N1,N2,N3,R,W
0,0.0028487087717297705,0.0002524091185034808,3.2356236419634954e-06,0.00025168095787054455,0.9966439655282543
1,0.03675086069462796,0.00035217529168905326,4.851380326988329e-06,0.00028533018731181545,0.9626067824460441
2,0.004898706238577482,0.000469896920352973,3.1038335144084605e-06,0.00019950096189985415,0.9944287920456554
3,0.044245292684432884,0.0007781422484289911,8.68079137017058e-06,0.00040454528779854424,0.9545633389879694
4,0.01847607326179449,0.00039875475928302905,2.5520326378680406e-06,0.0005754705106867232,0.9805471494355978
5,0.12038446213604172,0.0024732713785667023,1.0512478668326417e-05,0.00360911582354828,0.873522638183175
6,0.2851528090594357,0.0032952027293610157,2.318012393388581e-05,0.0094962133357506,0.7020325947515188
7,0.3253461954592368,0.018617442204254844,6.964967471888388e-05,0.022284185648183363,0.6336825270136062
8,0.15463500424867202,0.01717650529256505,0.0001777068047335456,0.044595031974710486,0.7834157516793189
9,0.040382624543884554,0.004143392459066144,4.7288244318774744e-05,0.023097481056245657,0.9323292136964848
10,0.03033639380640055,0.007892174283719841,0.0001562672219642392,0.022028666229107353,0.939586498458808
11,0.0019341411655964173,0.0005282489144143744,1.001737192098398e-05,0.0012777722147211434,0.9962498203333471
12,0.0010252156350302913,7.948610076502185e-05,2.461131582340287e-06,0.0003229926398858943,0.9985698444927366
13,0.023919021702964952,0.0016312321006493402,4.4244939063326616e-05,0.005464141982438819,0.9689413592748836
14,0.039556082575971895,0.0024931908686311537,6.316881969428901e-05,0.005640572806284295,0.9522469849294184
15,0.03898610079145993,0.0074010842779013535,0.0002033320564040359,0.011437419611907446,0.9419720632623272
16,0.000329640388412765,0.00011994602453921225,0.0001282607519245718,5.30116361323724e-05,0.999369141198991
17,0.0018020345491142585,0.00019809414605617877,1.0607515646473483e-05,0.0010817249389658305,0.9969075388502172
18,0.08875334620409028,0.002313769896092792,0.00011581813796849941,0.013192061916085839,0.8956250038457626
19,0.429190195604649,0.017497357956059095,0.0003147004680014243,0.024548992749300492,0.52844875322199
20,0.3426864312586614,0.1320182305147831,0.0013185276147481115,0.009764599819484441,0.5142122107923229
21,0.26396144467993754,0.5373755842982417,0.02150480641023774,0.015706299147480663,0.16145186546410237
22,0.15627389980166623,0.49058415663801147,0.0020702479290092887,0.14187235357601116,0.20919934205530177
23,0.013736406036311795,0.9570099174599466,0.013996747958147409,0.0019207020121459186,0.013336226533448153
24,0.04753983952423548,0.8967125988395084,0.0033101619179997533,0.031350703408642586,0.021086696309613885
25,0.04837565035764395,0.929822210714592,0.005385748145125402,0.005993344292583846,0.010423046490054867
26,0.0565844495070763,0.8894374742994398,0.004667427633765486,0.03155587687872701,0.017754771680991394
27,0.03378961767324527,0.937411490315803,0.006525088262973305,0.007797735242392054,0.014476068505586148
28,0.07072152574279825,0.8756587751837012,0.01458304031887454,0.012343573027296672,0.026693085727329407
29,0.015358330622634928,0.9567754927868116,0.01599211502625327,0.00490809958020684,0.0069659619840930186
30,0.032600481639195725,0.9389231096304934,0.014531679102066812,0.004926755281602072,0.009017974346641876
31,0.05790229509442509,0.8940400066139854,0.004070925009189684,0.02845308253257778,0.015533690749821801
32,0.1016191221040852,0.8326505511006164,0.007908474683849158,0.005688105462853665,0.05213374664859572
33,0.041675389081168336,0.9254995692713696,0.024055613803739488,0.0021850054947831557,0.006584422348939585
34,0.03529431583449636,0.9253394195810094,0.026316428610489332,0.0027492116593687047,0.010300624314636036
35,0.018896740448035125,0.9118688060897503,0.06052355979772465,0.0013607157347075717,0.007350177929782435
36,0.03937319868152767,0.9311313963802818,0.006164938682964644,0.013797553448114152,0.009532912807111714
37,0.014802369750098215,0.8588328605037182,0.1215260936116,0.0010527319399900594,0.003785944194593453
38,0.029568092410978474,0.9216927757720113,0.03444303865641002,0.006321433182854636,0.00797465997774563
39,0.13662236609093714,0.7969128484197897,0.024806399761929537,0.004520590960062635,0.037137794767280886
40,0.016060158554375883,0.9546189532882177,0.024609004307812196,0.0007159044199169559,0.003995979429677225
41,0.024143532136276118,0.9305502575888405,0.041512712782008895,0.00040869795508287777,0.0033847995377913713
42,0.019742134911817113,0.9070946997262375,0.06841897619427177,0.00039367188549082444,0.004350517282182846
43,0.010602151967310585,0.9049440871725984,0.08029137832754762,0.00036619838943236324,0.0037961841431109543
44,0.012159581446073202,0.9236878886446988,0.060466510393830414,0.0003734735507940644,0.0033125459646037303
45,0.01877609983645046,0.9183060807678233,0.05542403805726242,0.0003963506174850036,0.007097430720978558
46,0.023912442811038374,0.9204951148838352,0.044103801158053194,0.0010089506147345744,0.010479690532338751
47,0.020999079852066446,0.8834894768545578,0.0899310481169867,0.0006440970130263578,0.004936298163362742
48,0.012220562966092478,0.9074084666805775,0.07545952956215411,0.0004239745011351083,0.004487466290040821
49,0.017785925367076728,0.9162723006353007,0.0578546555031073,0.0009217431071782585,0.007165375387336831
50,0.007069619418160621,0.7515096345876215,0.23687268587244956,0.00041523407489764717,0.004132826046870693
51,0.010080365255043749,0.8532495322885475,0.1326744917899971,0.0005715791871324943,0.0034240314792790692
52,0.007734621763558545,0.9058171231356641,0.08112044686608902,0.0006028270617074282,0.0047249811729809695
53,0.01108766856780964,0.9005531308362597,0.0811300188392508,0.0006023739384854444,0.006626807818194537
54,0.00901934900688665,0.7723339901396886,0.20683547007746642,0.0004424368976782799,0.011368753878280095
55,0.011074159509282207,0.8920853770874274,0.08693949584235913,0.0007520597575889089,0.009148907803342455
56,0.009506661701528188,0.7804727614288006,0.19806008966907773,0.0008066773453310284,0.011153809855262313
57,0.013469964195318191,0.6454910874123176,0.32694196520681107,0.0007696810289909446,0.013327302156562061
58,0.014431524631983106,0.5942439996081448,0.370152690804317,0.00047366524480517533,0.020698119710749915
59,0.011780203427061108,0.7501396332063066,0.2263411099880084,0.0006559578311526713,0.01108309554747103
60,0.014246096245981414,0.7274875558650988,0.24659200794829694,0.0007682764597933533,0.010906063480829672
61,0.010051917190430843,0.5899297345448757,0.3907232014991473,0.0003901508036249576,0.00890499596192109
62,0.007791689509684579,0.6846058986872865,0.2996916434624537,0.00037903596037171304,0.007531732380203368
63,0.004697350522831272,0.5269091114281661,0.4648605173918067,0.00018406494658168736,0.003348955710614346
64,0.004772381290772881,0.7008857734569809,0.2886174535987143,0.0002554632265649618,0.005468928426966895
65,0.004234708091380324,0.633310488168281,0.35570937947577624,0.00022126128249847277,0.006524162982064033
66,0.011944777265600323,0.7724815933403655,0.2087724492470873,0.0007252795678536596,0.006075900579093098
67,0.007479818176857937,0.7167431791818055,0.26598131187893986,0.0004342664790811188,0.009361424283315614
68,0.026592597962348224,0.5288382917708114,0.4253198185736858,0.002271555602094558,0.016977736091060045
69,0.04076393106267852,0.6378098050208784,0.29312258726132173,0.002547133958215266,0.0257565426969062
70,0.004719806657552224,0.6127857083693418,0.3743743591182318,0.0007901988758193775,0.0073299269790547475
71,0.005467607491044215,0.4197857490980612,0.572414544963695,0.0005219895880381023,0.0018101088591613774
72,0.006847489379921397,0.6140032642241815,0.37231616716299487,0.0004662210090946366,0.00636685822380749
73,0.0028403516394607383,0.5124396939010388,0.4787591949572922,0.00029172452729322133,0.005669034974915042
74,0.034748468019259994,0.6659861827720153,0.29050026770524207,0.0014149822192089413,0.007350099284273748
75,0.010940833997117623,0.4237743869151422,0.5599630394741927,0.0010024083086272759,0.004319331304920208
76,0.004676618335499745,0.5436322510161772,0.44542007571373426,0.0003957682858632346,0.005875286648725471
77,0.01456437697946227,0.5645466062034817,0.4164940001814257,0.00038907592589717204,0.0040059407097331875
78,0.0032815156511430453,0.21494009733559583,0.7782562251300598,0.0006368500560369913,0.00288531182716431
79,0.015031594747347528,0.48924777727666674,0.48590929973197294,0.0008382201743187774,0.008973108069693923
80,0.039398080833517514,0.5296136138297336,0.4018450902284835,0.0034333828962132607,0.025709832212051986
81,0.03628021259421081,0.5713592400793561,0.3676466121492481,0.002818717093871295,0.021895218083313545
82,0.02193939189489024,0.35963182202139676,0.6054166934637129,0.0012520697384821565,0.01176002288151808
83,0.005034972316302054,0.3865065404970259,0.6016671251015957,0.0008562217340485392,0.005935140351027761
84,0.002533721228718364,0.3425775203318927,0.6515999541936451,0.00033078141801503496,0.002958022827728733
85,0.0044206992981998885,0.5123208834107206,0.47622686591099567,0.0008092937058319909,0.006222257674251822
86,0.009611048953359468,0.47356366361487545,0.510442831265294,0.001363408642971572,0.005019047523499651
87,0.00644139842014927,0.5561432235456882,0.43162964037056817,0.0017164749836905034,0.004069262679903807
88,0.00454490096346148,0.4559784186966245,0.5352298646054433,0.0020601264486936398,0.002186689285777183
89,0.007992109745441314,0.6952008913664164,0.2849251222662219,0.007229602783025236,0.004652273838895091
90,0.08594995430350115,0.6774017172214372,0.18525696201808603,0.017752636368692534,0.03363873008828305
91,0.05030054823466147,0.6178001806505791,0.29956563124039404,0.012606559164350932,0.019727080710014434
92,0.057660943378962444,0.3157113803707392,0.004633157138996305,0.5803509918821952,0.04164352722910691
93,0.14657597215093307,0.22482299551205315,0.0017341602750879778,0.3935774099079795,0.23328946215394616
94,0.07489711262974541,0.05717229189347106,0.000670352504099811,0.8486565225534785,0.018603720419205313
95,0.2384066985147525,0.03693232109830755,0.00032219356669296114,0.6714838473679174,0.05285493945232958
96,0.17297855563675385,0.06216185366126339,0.0004580057154609741,0.5229346641948976,0.24146692079162413
97,0.2962212736574434,0.22213673639763382,0.001230820910292113,0.4280672229332102,0.0523439461014206
98,0.3110556032079206,0.07246427768262456,0.003207422058786147,0.14920623657882962,0.464066460471839
99,0.07796724145553326,0.06051341904507658,0.002345601864040545,0.3067227918172568,0.5524509458180928
100,0.14354324936791185,0.13106572564634142,0.0024033322130972167,0.5916727526601145,0.13131494011253494
101,0.12976085516264174,0.05561947376100734,0.0006649213126331805,0.604921268940412,0.20903348082330575
102,0.16869198792000312,0.07439507948965454,0.0010279520671976428,0.6706074267000853,0.0852775538230593
103,0.1689708944102372,0.1069259336244815,0.00091558159946233,0.5901410333950915,0.1330465569707276
104,0.21887651677132047,0.11871799423870083,0.0026986262621592552,0.4650627640519393,0.19464409867588026
105,0.026171238221956904,0.0329427734412594,0.0004435306209141499,0.9089374261063186,0.03150503160955095
106,0.09690097831843385,0.053334396083005255,0.0006892640129321661,0.752732664062363,0.09634269752326563
107,0.08883884928925691,0.09135479076349973,0.0012188082097518052,0.6666137631212823,0.15197378861620928
108,0.14735355902598418,0.08187538238941855,0.0006931396938947977,0.6221308018604719,0.14794711703023053
109,0.05549321723242919,0.014185463015285026,8.763151408625024e-05,0.8460293218989585,0.08420436633924105
110,0.10627276833815458,0.11355609611330579,0.0009959533762513772,0.6842283783769741,0.09494680379531413
111,0.05323788406596258,0.01928452635719081,0.0002814596830470882,0.8958818447926193,0.031314285101180124
112,0.06841085693895686,0.021993556859652028,0.00011056965184911447,0.8366560536816144,0.07282896286792762
113,0.0743595618032336,0.08607134008379796,0.0005992992642571692,0.7682967733259585,0.07067302552275284
114,0.13952146817473624,0.04231130048342235,0.00035019570200913374,0.7619543729904823,0.055862662649349956
115,0.10117496574152803,0.025592920303503575,0.00023848722315176064,0.7677112032693976,0.10528242346241899
116,0.07109426624477526,0.07759274367876715,0.0005852362589578783,0.7954453231490494,0.05528243066845019
117,0.1521902479388981,0.04949511428696031,0.00032500700009599975,0.6511196254908252,0.1468700052832204
118,0.1227705190546524,0.027129553013245333,0.00015045285526543524,0.6448336458559897,0.20511582922084717
119,0.05659247171980504,0.08549436595320749,0.0009122909160447837,0.674587617838024,0.18241325357291865
120,0.03197285435090566,0.01281031013809602,0.00017206353660727462,0.9345168001722384,0.020527971802152833
121,0.03454975385482788,0.03791980102970205,0.000465551937492093,0.9099781069171416,0.017086786260836293
122,0.08860377441651149,0.03731162871692272,0.0004539879597674056,0.8192334103127178,0.05439719859408054
123,0.05912399581007943,0.018781336760874307,0.00020271166876361288,0.8844320718648574,0.03745988389542529
124,0.05417967818637616,0.015270130476600037,0.00013268995917789124,0.8948824152857269,0.03553508609211898
125,0.09250589214477294,0.02957662203731259,0.00012991739935798506,0.8408730022484142,0.036914566170142306
126,0.2515282943986424,0.04097169097651884,0.000422168800932127,0.6664732644795953,0.0406045813443114
127,0.2257729956152305,0.032194473390496026,0.0002593267182733079,0.6178826078026993,0.12389059647330088
128,0.1773018770274784,0.03923634872651472,0.00034834727703223227,0.7246169935348151,0.05849643343415948
129,0.15480066715095506,0.19976876632071053,0.000878388094191458,0.5943253090177555,0.05022686941638727
130,0.2562621921265248,0.13588692472453784,0.0008873855122779114,0.5603422482993164,0.0466212493373429
131,0.23943362234154547,0.10389790631522958,0.0007377790473081485,0.602429172072804,0.053501520223112796
132,0.15414813432385488,0.050584524345827206,0.001106396983160819,0.6744345197778564,0.11972642456930063
133,0.10171335068250102,0.044399615218920684,0.0003690089441185275,0.8041431509329738,0.049374874221485954
134,0.11659877622945268,0.03251009548312426,0.0004073154155521146,0.8383032358276082,0.012180577044262854
135,0.10150330269583475,0.10180289661476102,0.0007294134418859844,0.7836531251966541,0.01231126205086432
136,0.08898381755238845,0.05650092257145776,0.0006126877703155636,0.8423932073758675,0.011509364729970628
137,0.05730378829513853,0.03079668999403279,0.000287806247969326,0.8989206559698004,0.012691059493059029
138,0.07368703304612452,0.051504331355134686,0.0002694620426307777,0.7884304162931008,0.08610875726300919
139,0.06442421504520382,0.15357629352872754,0.000735347295807627,0.7587510654251596,0.022513078705101483
140,0.08571389608055209,0.20616158963715064,0.000681384036876107,0.6860843004456476,0.021358829799773462
141,0.06676885798129406,0.07168038312479354,0.00045898334139878933,0.8424307163935167,0.018661059158996723
142,0.055879618969847375,0.09450462131368816,0.0004663613588550951,0.8281358739083574,0.021013524449251766
143,0.03765015008802392,0.09074879065049535,0.0005387503443086147,0.8612392145133275,0.009823094403844676
144,0.15132156367803523,0.14290140935352735,0.0009069386889633166,0.6867692295733159,0.0181008587061582
145,0.09818473074340127,0.2057392239975887,0.001068861159161389,0.6837298758903005,0.011277308209548155
146,0.2170628329187613,0.05972556003761448,0.0002235360224130129,0.6734417191392132,0.049546351881997866
147,0.16498502796266182,0.39815501938829756,0.0013930302978462105,0.42207380891642465,0.013393113434769701
148,0.06537783592328172,0.7593906943966154,0.00429875059955647,0.16271807555992363,0.008214643520622776
149,0.18578793370758473,0.5988012875694562,0.0024596587018466324,0.20145317272359387,0.011497947297518539
150,0.273664733792507,0.6083177162481953,0.0025900321185198536,0.08407117741768082,0.03135634042309713
151,0.03882457981530497,0.9321544968267783,0.0014666783090154943,0.024082466239945362,0.003471778808955829
152,0.04259225829466519,0.9403949383993729,0.0019072152061221075,0.01096421130649553,0.004141376793344386
153,0.12778296927330537,0.7992611696069113,0.036636555673710415,0.008498254237663122,0.0278210512084096
154,0.01199342045286698,0.9729366907609898,0.0100130128378116,0.0022731607050481104,0.0027837152432833643
155,0.05820974215464862,0.9046034369839037,0.0019179850376876333,0.022549163315044574,0.01271967250871562
156,0.029535519649557203,0.9515716048409261,0.004145570558133043,0.003592018515418426,0.011155286435965426
157,0.020399120541692937,0.9637352474649218,0.009789689651794924,0.0019962212952071997,0.0040797210463832225
158,0.06479176599978323,0.9171720327764046,0.006555210787746383,0.002726225261279876,0.00875476517478584
159,0.005482358366674607,0.9435193451423266,0.047895779471911974,0.0007766385972065693,0.002325878421880263
160,0.039619309152117525,0.9225170664631349,0.01771189899077607,0.005338649049068176,0.014813076344903293
161,0.033490826950902136,0.913602582403834,0.02718412846346655,0.005629838698712574,0.020092623483084788
162,0.014431463501723281,0.9751519678902515,0.006098645647002001,0.0021312824027162705,0.002186640558307092
163,0.007151399563746891,0.9503618304201028,0.03859374015570741,0.001645529088792845,0.002247500771650127
164,0.01514190763728185,0.9349249752264449,0.02594184111960484,0.001599379644355684,0.022391896372312804
165,0.03457464100307735,0.8656707375193728,0.018258183864786906,0.006110355045639654,0.07538608256712336
166,0.0079825409990442,0.9285674220960155,0.05732247307258574,0.0007955456914844254,0.0053320181408701706
167,0.0106162529067992,0.9309699656836316,0.052822707104742475,0.0004951382548553791,0.005095936049971295
168,0.03980156914751892,0.8824791042047244,0.07016145141350726,0.0009145900879697997,0.006643285146279673
169,0.0221569763441981,0.8619056514794208,0.111198099669168,0.0011509839619539997,0.003588288545259037
170,0.012363696373168524,0.8458521464893581,0.13459462074993886,0.0004843542260254358,0.006705182161509032
171,0.03777584975032382,0.7917085098680161,0.15309123683700349,0.0031508575906824326,0.014273545953974037
172,0.014987358887058922,0.7514057746283077,0.22588764576456352,0.0007231531635513658,0.006996067556518329
173,0.002657151529468215,0.8113719251880658,0.18299591185121636,0.0002514332143196833,0.0027235782169300264
174,0.009147363277818635,0.7844692366132672,0.18836179473874848,0.0015435813164527323,0.016478024053713035
175,0.007046224396555659,0.6649668125854801,0.31538681086057824,0.0013313637719876991,0.011268788385398298
176,0.02273791279097808,0.6494364551688482,0.2781156709162097,0.004803685222311068,0.04490627590165305
177,0.030048787844286086,0.5653978779601191,0.30904549789607105,0.0034171797378992645,0.09209065656162456
178,0.018789357962989854,0.35998210670218855,0.5565271252809516,0.0032511294953243264,0.06145028055854583
179,0.014725456181430785,0.33287986439206496,0.6137232226684068,0.0033090161469348806,0.035362440611162636
180,0.017189287913340682,0.3693798291362136,0.5422310818304968,0.006419572787067204,0.06478022833288169
181,0.011764657718567481,0.2679056651846497,0.609439394110786,0.00205436196663602,0.1088359210193608
182,0.020234293460993168,0.26973927860943936,0.6790253885101716,0.002406878163848552,0.02859416125554731
183,0.021271719118329833,0.3332724349237769,0.6044447454945857,0.00270118283520169,0.038309917628105816
184,0.019137781761411416,0.3119269918951537,0.6144330915364027,0.003188110331556994,0.051314024475475256
185,0.013450549335368834,0.26600172923388327,0.6516304670277415,0.00467983582138669,0.06423741858161972
186,0.012205032728959822,0.22318184708397454,0.7305279942954378,0.0019205156786578337,0.032164610212970055
187,0.015063625173387968,0.24205167844451453,0.6255805130595504,0.0027336806593474634,0.11457050266319956
188,0.018911270730868145,0.2617028313159587,0.5587217991326278,0.015495384290109895,0.14516871453043553
189,0.010271179721489,0.24540532089503958,0.7351761062302772,0.0014249587678722394,0.007722434385321943
190,0.022289016749879157,0.3100951843827314,0.6021178143831292,0.007433060036996508,0.058064924447263654
191,0.015614036426803188,0.27348961743854006,0.5909456753070983,0.007637624182209693,0.11231304664534876
192,0.029585573385972397,0.33028649265825955,0.5330083017991544,0.006319649339962989,0.10079998281665067
193,0.017472539189648893,0.22807633000724736,0.6215103344811292,0.009258591800942932,0.12368220452103157
194,0.02683074761544877,0.22126618479154692,0.5961482596649799,0.006985500367902494,0.14876930756012194
195,0.008345144276963477,0.05664394555535001,0.9053029599589817,0.0012925513817074435,0.02841539882699745
196,0.029358981327300342,0.25947780820719435,0.5556741027957199,0.020588769041018303,0.1349003386287671
197,0.020626996260615267,0.16591762744518482,0.7019570487798782,0.004166556611148583,0.10733177090317318
198,0.020715427791116982,0.13742216378009847,0.7428088828254645,0.004432500012295639,0.09462102559102453
199,0.006582112214283272,0.16344881929843721,0.8229292342699183,0.001481681441229065,0.005558152776132126
200,0.015039897505501682,0.19649234765826917,0.7011916383267561,0.013569677402039541,0.07370643910743353
201,0.012828903441291043,0.222958836831861,0.7326576993053894,0.007424660234657382,0.024129900186801195
202,0.012596106784499364,0.22899082324520595,0.7176016113099534,0.009353277001105333,0.03145818165923608
203,0.008384550253885776,0.27424654246099367,0.6808932779326482,0.008411468822342777,0.028064160530129705
204,0.010586748283472691,0.2872748793459105,0.6493998886078868,0.008962510504543397,0.043775973258186586
205,0.010481319871670664,0.1256150578208469,0.8049468340627126,0.005077999869347627,0.053878788375422086
206,0.017701042034459342,0.18392444666392743,0.6909762791411547,0.007787921161276341,0.09961031099918218
207,0.06343796894620692,0.24782754077945404,0.43810887599761256,0.027921526472824445,0.222704087803902
208,0.06940931231428428,0.3062360002320985,0.3315850158947333,0.0408189513634883,0.25195072019539555
209,0.04743467302103593,0.3730199026251073,0.2375937435650316,0.1314901681970415,0.21046151259178358
210,0.03795840867697975,0.30389118100278834,0.3761568485005453,0.13740231107852455,0.1445912507411622
211,0.0780364495187709,0.2962597435774564,0.5083286026025499,0.022938208310190392,0.09443699599103246
212,0.5967431999544456,0.29853007426025646,0.029591894495762543,0.029432842987190216,0.045701988302345196
213,0.35236911961729805,0.07636236835235327,0.005439263059912721,0.039255610012008724,0.5265736389584272
214,0.5298742557103827,0.3227348416463154,0.01207252668524056,0.0770032037280255,0.05831517223003598
215,0.6193992419554255,0.31585440959878003,0.03741169705659751,0.013689912834709722,0.013644738554487267
216,0.153320814712933,0.7247923467888936,0.1054055424917524,0.009331654192046306,0.007149641814374743
217,0.10363539980342275,0.4670472026076649,0.10028170997259951,0.282801230842721,0.04623445677359173
218,0.036378224747540114,0.5419957878724957,0.07343005521509292,0.3100035781313269,0.03819235403354453
219,0.03216354861507821,0.6141078791729188,0.1746308476620952,0.10955046269525628,0.06954726185465143
220,0.031403936036720516,0.5884269054479535,0.18033230118360866,0.1385655014188721,0.06127135591284534
221,0.0083246258553293,0.47753338701872433,0.4980797243479271,0.008775030059214078,0.007287232718805128
222,0.029363066987068843,0.5360544319808611,0.32031752436726807,0.07505857265234533,0.03920640401245662
223,0.02137023841525738,0.4726172735041639,0.4871093363659202,0.01232213009716192,0.006581021617496439
224,0.030075648837245228,0.6210518189015484,0.32135460001769506,0.00921941877070121,0.01829851347281004
225,0.004119098059740667,0.642128663103426,0.33677273002783176,0.004656252084542386,0.01232325672445892
226,0.0665517291357297,0.6918167940577602,0.16097096241485262,0.05786423010754046,0.02279628428411701
227,0.03820364586030006,0.6888529003527265,0.23728575360447396,0.019127175501993256,0.01653052468050618
228,0.006668269251072419,0.38081130241632494,0.6056048386713734,0.0017312419661491421,0.00518434769508025
229,0.03999641880960094,0.5675052608686422,0.2515645842453581,0.0367161123218225,0.10421762375457637
230,0.03758643098914489,0.5942162561796862,0.3196391162149038,0.01499111378918332,0.0335670828270817
231,0.06053148263854122,0.6284782041057951,0.23050738191406484,0.029049199825456104,0.05143373151614279
232,0.04292508200389571,0.29203627855832914,0.6462958703060195,0.006751095655834544,0.011991673475921064
233,0.05336106280550842,0.47953006819417227,0.4470475191152435,0.006799862919824326,0.013261486965251338
234,0.0320706756437024,0.4087850037242289,0.4917380247178032,0.012922952456708634,0.05448334345755691
235,0.037189166207618723,0.5773319213394634,0.3072438648271007,0.01795097464859907,0.06028407297721798
236,0.031023642331325714,0.30621771061143294,0.6155132379755787,0.004010018937240314,0.04323539014442254
237,0.038729834821697486,0.23119876171419382,0.582882892812551,0.006717566158154918,0.14047094449340278
238,0.034643702408807264,0.22745101194549633,0.6199149062375862,0.005796361152003057,0.11219401825610711
239,0.05046657396658739,0.3098040471584696,0.408093768332613,0.007160734159948358,0.2244748763823817
240,0.012142125806676944,0.21554047164778814,0.7015013600919826,0.004168337594554992,0.06664770485899724
241,0.014314963502639583,0.25473205359716217,0.6427872068891707,0.0025538797536625245,0.08561189625736507
242,0.0198099434192911,0.31118142688770817,0.6139040848714188,0.002675595137429145,0.05242894968415295
243,0.03632691188664832,0.39994838416099143,0.4456943443719536,0.007389059143901876,0.11064130043650473
244,0.015470491117432317,0.2509091814889167,0.688022302913738,0.0029836571818536795,0.04261436729805916
245,0.01935140850959301,0.262314192151136,0.6875124009352782,0.00285556984930403,0.027966428554688838
246,0.019019097429559387,0.3951214214948012,0.5372865895651746,0.0077995032676575135,0.04077338824280737
247,0.015459802765959842,0.4367575667233557,0.48346215265473846,0.008223292476510819,0.05609718537943531
248,0.014627856469148595,0.3687575631041885,0.5680848847207611,0.009438872473293539,0.03909082323260818
249,0.009672877272927488,0.2468674097344906,0.722743878080532,0.003919096432960734,0.016796738479089336
250,0.008788100754917526,0.2737967872677744,0.6735046303504387,0.004800878074172746,0.03910960355269659
251,0.02562030204945676,0.5705627727844139,0.3343890068082813,0.01124100204679983,0.058186916311048116
252,0.0161907721492037,0.36019804531078836,0.5614867087962736,0.002768360074019839,0.05935611366971436
253,0.006948276096544456,0.20169612397190234,0.7703378362879142,0.0009906987504860506,0.020027064893153156
254,0.012588797564733294,0.22922581237961112,0.731036635743895,0.001683450596619959,0.02546530371514071
255,0.027303739127812168,0.4256251770770689,0.49510947293049556,0.005381225739716645,0.04658038512490676
256,0.015180263656451622,0.23582221550233742,0.7261173709282049,0.0072339048695696136,0.01564624504343646
257,0.03709499871707457,0.39064034065405573,0.4818326760960051,0.011677112606898377,0.07875487192596614
258,0.04503668371291296,0.47676565093973505,0.33428645467964757,0.026541504881057477,0.11736970578664692
259,0.07721264737186692,0.5139006208912736,0.12532177055334676,0.05002918938502872,0.23353577179848387
260,0.039183114506141224,0.0797456844089798,0.006655282392490787,0.013288795104430897,0.8611271235879573
261,0.1690343854859755,0.5098503344146422,0.007487239610716639,0.013268142149432827,0.3003598983392328
262,0.29823995363373373,0.4802246518066306,0.011217095955781175,0.04841401116474815,0.16190428743910643
263,0.2917420052145795,0.6690126824125555,0.009129042707994745,0.0034953778984588204,0.026620891766411574
264,0.28085393788381946,0.6787305267110406,0.005994331817713379,0.0208238715271198,0.013597332060306947
265,0.05646038087370788,0.9105948854158569,0.0023496565704142582,0.02625125515644002,0.004343821983581169
266,0.1248401047397435,0.8324783396385583,0.010019551817429076,0.018987506641780227,0.01367449716248883
267,0.02777028250154496,0.9563016900192884,0.005196059055479477,0.00875434740243558,0.0019776210212516434
268,0.04293383609670646,0.9069281493512116,0.0204283802265846,0.021283533371981852,0.00842610095351563
269,0.055233521733379226,0.8493768173514143,0.05483390788826382,0.028895468335359276,0.011660284691583363
270,0.1403113936461417,0.8086330884297223,0.005235378834678463,0.03907619343253054,0.006743945656926847
271,0.009897585552793724,0.9116380114250721,0.07094195173465169,0.004368013752031361,0.0031544375354513334
272,0.015801152747445802,0.9164835475961022,0.0537109867555677,0.01091120751950303,0.003093105381381339
273,0.04208254939067432,0.8831263116620999,0.031147498254167485,0.039065450012373125,0.00457819068068523
274,0.028642593821039983,0.9357603921865401,0.013858345468794438,0.014352875622423227,0.007385792901202446
275,0.0738884963112883,0.7828844449068032,0.009403359350531654,0.12349664439529685,0.010327055036079865
276,0.05799114360955858,0.6819275849885955,0.021835956263303646,0.23203391758493547,0.006211397553606689
277,0.054452551978104335,0.6990463913669015,0.008094827904059,0.23059253282134476,0.007813695929590268
278,0.025055476168393806,0.7798151003326886,0.027961493149238154,0.16099560453665115,0.00617232581302842
279,0.03999555318183317,0.6174584885515804,0.0038286680154978664,0.3208737356385527,0.01784355461253583
280,0.09413640527060373,0.14424862062504376,0.0011029136176733823,0.74452325764011,0.015988802846569238
281,0.10266250480897963,0.14421950385806234,0.000723565348547772,0.7436303576677091,0.008764068316701156
282,0.09423900449400112,0.26043474796585303,0.0008560534439246805,0.6227596480612081,0.021710546035012976
283,0.07214261557414713,0.08612563120649241,0.0005246057659239625,0.8311432283174363,0.010063919136000243
284,0.05530923320269019,0.03336835319247161,0.0002611836788317644,0.9002617903646644,0.010799439561342085
285,0.053923555375134075,0.05808047136752516,0.00027481189722781014,0.8058363425183058,0.08188481884180712
286,0.0618653828401783,0.019964992044881735,0.0002351209716270118,0.9100831573777988,0.007851346765514083
287,0.10734731679340023,0.08483823993264798,0.00042603446033223006,0.7987671442350549,0.008621264578564556
288,0.07309649338808351,0.03951033935188825,0.00024038793576653953,0.8775323277804684,0.00962045154379315
289,0.07611278796758043,0.03700259030676945,0.00020554208863964846,0.8759916531865165,0.010687426450493837
290,0.05538889186030146,0.055134265151048814,0.00031891367687632467,0.8838176939374565,0.00534023537431703
291,0.0567285425410187,0.033841744006042354,0.00019541410254519083,0.9038434965996293,0.005390802750764296
292,0.12843682622424368,0.028238983181476513,0.00044075492995436136,0.8244548049888775,0.01842863067544815
293,0.13876926981033963,0.03472087740471339,0.0009822355381486848,0.7821818610188505,0.043345756227947944
294,0.03932445748892299,0.007697089635658258,0.00013676181147967886,0.945840085523823,0.00700160554011609
295,0.13151622043404235,0.017298861112256755,0.00017347888412717294,0.8425413673611895,0.00847007220838429
296,0.08395776389059688,0.06886838087258933,0.00033092609135011925,0.8339051942294038,0.01293773491605988
297,0.07471719595943493,0.02955348533175847,0.00015914214055902249,0.8880722165534208,0.00749796001482673
298,0.08101376640433132,0.02255898916230513,8.010184454127669e-05,0.8764445478441174,0.019902594744704846
299,0.06999005685980246,0.02458814031351405,8.016343655514891e-05,0.8846736359404461,0.020668003449682074
300,0.07136767905211402,0.02460230777526627,8.548820936624653e-05,0.8958206079936843,0.008123916969569106
301,0.06830976646538482,0.02139735948411038,0.00010351171631175384,0.896460227973009,0.013729134361184133
302,0.05454437846597714,0.02357140965503083,6.258583755674451e-05,0.9149976755990294,0.006823950442405835
303,0.03913601309673721,0.03168864289647813,0.00014157177841193704,0.9197562794091179,0.009277492819254956
304,0.034271350918620054,0.02295475686895737,0.0002122664692641142,0.9376058990602241,0.004955726682934483
305,0.03627471187358867,0.019787647601147273,0.0001516569060599633,0.9384119438548375,0.005374039764366724
306,0.0651902046063927,0.018397193931941395,0.00015427560764184677,0.9076861484532198,0.008572177400804295
307,0.04561395408512791,0.013518632863780062,6.632359246939408e-05,0.9320095627962562,0.008791526662366411
308,0.06046618922640938,0.01642522759579301,0.00011961794678234992,0.9166269177064044,0.006362047524610649
309,0.07662497330304835,0.022738578789230073,0.00019818843643530334,0.8921202651345601,0.008317994336726052
310,0.06378021244851907,0.014352489741339762,0.00011649776623727622,0.91129325092534,0.010457549118563782
311,0.09552449230430139,0.015272364773402878,0.00011411807808241347,0.8665764439803605,0.022512580863852823
312,0.061284117879352416,0.054120091460980374,0.0006448441368269751,0.3228316954323123,0.5611192510905278
313,0.2071138486295796,0.045786388084778765,0.00013107941132374312,0.7123326965968947,0.03463598727742328
314,0.19172806114447008,0.14038133852893733,0.0003683989316593923,0.6502155297780984,0.01730667161683466
315,0.13783944245173185,0.03774762518537451,0.00018851216854142978,0.7929982322224358,0.031226187971916442
316,0.07999518368532714,0.03373939266285038,0.0001641746243617965,0.8715647510132372,0.014536498014223527
317,0.0721391381359043,0.015832800728828842,7.674948210857773e-05,0.8850912783909183,0.026860033262239916
318,0.09071129353685352,0.016615004625817383,0.00010193155674849468,0.8799487587085694,0.012623011572011083
319,0.06458644420701168,0.017833615656674774,8.57372268217838e-05,0.9081866446332754,0.009307558276216444
320,0.07414956404230097,0.017361372334378206,8.087950702250372e-05,0.8991117844140281,0.00929639970227033
321,0.06405207260100472,0.024917934277524038,0.00012765684186282216,0.8998629716748063,0.01103936460480205
322,0.03624240631350325,0.02761992550351215,8.33095481113585e-05,0.9244202990891963,0.011634059545676815
323,0.043954774970229524,0.01561876150130322,8.878169789263125e-05,0.9307768893959967,0.009560792434577992
324,0.06441062902501651,0.009045921702546821,4.0851560791652264e-05,0.9006643740148239,0.025838223696821084
325,0.07906441253251392,0.019863611050385425,5.164380301239267e-05,0.8714467185238192,0.029573614090269124
326,0.08999135233090771,0.021126739504856468,6.406370234719623e-05,0.87128444884682,0.017533395615068784
327,0.0824218687323157,0.015026065469453023,6.21410444643769e-05,0.877358083989746,0.02513184076402097
328,0.07100882369088922,0.011608390012030284,2.8171167198059802e-05,0.8874839390847569,0.029870676045125635
329,0.058258881284783584,0.010715361693029928,3.644705598118727e-05,0.9204853692388573,0.010503940727348034
330,0.05761833673355112,0.011770091874535277,7.017118921908181e-05,0.9230303005733776,0.007511099629316954
331,0.04977607543796057,0.01001405823763116,5.3471866307834534e-05,0.9328216114255767,0.007334783032523538
332,0.05893606800385659,0.015134628765465494,6.869000750397666e-05,0.9047441468065273,0.021116466416646704
333,0.05138885510929495,0.019377865274047612,8.01376652777226e-05,0.9211964867244918,0.00795665522688787
334,0.05141618450921215,0.008442300634316276,3.80886969672419e-05,0.9299045966815078,0.010198829477996526
335,0.06271246889263783,0.01451676087524527,8.693032706530294e-05,0.9116686843171321,0.011015155587919321
336,0.038461331137909456,0.01375408399804083,9.269023996301438e-05,0.9419840729210555,0.00570782170303136
337,0.05368425890368918,0.011565961661277163,5.855696393186849e-05,0.9278026952837698,0.006888527187331865
338,0.04956953321440306,0.015171956619045966,5.9739978773943396e-05,0.9273812198463006,0.007817550341476406
339,0.047752012858379767,0.013442762751471797,7.54683765698447e-05,0.9283206202201425,0.010409135793436145
340,0.04878030309032231,0.012428748674505965,9.83784217137574e-05,0.9291093566073665,0.009583213206091458
341,0.037365347467014275,0.02159804784088403,0.00011232818128623529,0.9326182354375344,0.008306041073281223
342,0.0389867681170251,0.015453056249583094,7.694752454920527e-05,0.9369817922254664,0.00850143588337634
343,0.03773852685076537,0.02518563808188161,0.000102375687245767,0.9262537813312762,0.010719678048831147
344,0.032727152722503226,0.013740070705064764,6.712557323197524e-05,0.9457131903489413,0.007752460650258524
345,0.070872285995163,0.03288323220210638,0.00011662840411842894,0.8770082560360114,0.01911959736260082
346,0.03638436025599819,0.021573348337127537,8.50881516706231e-05,0.9285314965829026,0.013425706672301115
347,0.03271205733954377,0.010465648707377938,1.8761227960442795e-05,0.9488394706073889,0.007964062117729003
348,0.07130712849646535,0.017714139150567614,5.237018708575428e-05,0.8988264223137596,0.012099939852121787
349,0.07406698769831767,0.03374132506603123,9.028608150883328e-05,0.8788006222019322,0.013300778952209907
350,0.06842013218990656,0.02003566502128773,0.0001270110036577063,0.8902027273000729,0.02121446448507509
351,0.055863716473924484,0.027636083266219864,0.00010726658059064674,0.9059199732026136,0.010472960476651347
352,0.032148807762159996,0.046698563484806783,0.0001298256946082942,0.9108676395204586,0.010155163537966493
353,0.06399306020686517,0.055835941962981715,0.0001771812675998296,0.8650123923746643,0.014981424187889109
354,0.16589445698603872,0.06725694194062483,8.535197767483869e-05,0.670342233442773,0.09642101565288856
355,0.10051950960950085,0.2181599010489704,0.0011548050379835608,0.6594970204778459,0.020668763825699394
356,0.1087072855018182,0.14669096402299603,0.0006336242785771519,0.7268837137429447,0.017084412453663916
357,0.11116006513122954,0.2578272911758595,0.0017968598543582454,0.5960393270150677,0.033176456823485044
358,0.05893845625947662,0.18730371740085747,0.0004247919890275334,0.7359696576647098,0.01736337668592855
359,0.04377691942494412,0.05716514495759863,0.0001383583694279461,0.8844707782528354,0.01444879899519393
360,0.033366014156335125,0.03325846870065788,0.0001980622388781111,0.9199499203041085,0.01322753460002039
361,0.07282278818521398,0.034493947414879364,0.00011258727134319033,0.8743960353941856,0.01817464173437785
362,0.08894530700524933,0.10140712323986903,0.000224054134653484,0.7953634212093005,0.014060094410927674
363,0.07971955392353175,0.23089186686928562,0.000707568062627877,0.6593833274756873,0.02929768366886741
364,0.05490797145731919,0.18259689360554768,0.0008810783726008509,0.7431228866271185,0.018491169937413923
365,0.12184987838661307,0.09194312980004059,0.000182076449194169,0.7573053506844666,0.028719564679685568
366,0.11808161799718675,0.32909399777664666,0.001280875236255227,0.5153858208628883,0.036157688127023066
367,0.2093481128256476,0.4575985672351591,0.00128777102886254,0.2600140565150775,0.07175149239525326
368,0.13680725192843626,0.5789867587344137,0.0021118628049962137,0.25247593642334787,0.029618190108806026
369,0.0935328182984162,0.6669329672447378,0.005034029993662083,0.20136202003001158,0.03313816443317237
370,0.083785495242964,0.7616442923830317,0.002962958380535503,0.1193802146287632,0.03222703936470555
371,0.10652573784518954,0.788319939502407,0.002079631706170922,0.07983242684626844,0.02324226409996418
372,0.08377182256023384,0.7972061819250977,0.0024538617665326307,0.08667767639591846,0.029890457352217337
373,0.04654681460219776,0.8714625718206257,0.0044693820073849425,0.05028176090662319,0.027239470663168532
374,0.07299195029415122,0.7476612611148242,0.0022181529073083232,0.1538991517920764,0.023229483891639747
375,0.04950236651481755,0.8715846536956082,0.0024194763012605814,0.05676806045289871,0.019725443035414982
376,0.04030669107240528,0.9151683575224161,0.0016837396371724477,0.03207850410716069,0.01076270766084557
377,0.07388250263869336,0.7363101986812396,0.002812935559712493,0.16013400863970792,0.026860354480646564
378,0.016180252855094952,0.9487514839106574,0.0020922570834491245,0.02737086016660238,0.005605145984196039
