epoch,N1,N2,N3,R,W
0,0.002764580865694178,0.0017814971980410895,0.0001775829599749657,0.0015565885935502927,0.9937197503827394
1,0.01320336325958889,0.004843955314738371,0.00013741995023244498,0.0005627791106482649,0.9812524823647919
2,0.0013967676866579641,0.0012716000695010294,1.9735267877986306e-05,8.801158788005053e-05,0.9972238853880828
3,0.029899586160866166,0.008756694638011283,2.72537794030949e-05,0.0025856087878670195,0.9587308566338525
4,0.23301303685185681,0.010341339423346209,6.89842267921031e-05,0.001871322279542859,0.754705317218462
5,0.473829738481488,0.06754560770238324,0.0003121808549787362,0.0036984866585468,0.4546139863026031
6,0.5200442104561922,0.1075498678459763,0.00039139121087775725,0.0068389212884210964,0.36517560919853276
7,0.23159890101066707,0.4586002260155241,0.03645887168085207,0.00482464404297666,0.26851735724998005
8,0.17543749926762173,0.35085943733553654,0.11672507062947073,0.0054141417705456454,0.3515638509968253
9,0.1345975235281216,0.7502084519358316,0.0012751955755904755,0.0063162362905805035,0.10760259266987579
10,0.04904872649185657,0.7737351437727249,0.0006401611442292672,0.00321606077088693,0.17335990782030236
11,0.10207637796603551,0.8059151850657436,0.0014577217526963516,0.0030107167903272694,0.08753999842519737
12,0.15273257614128022,0.7384501581906142,0.005383344049847006,0.0035584094126469967,0.09987551220561162
13,0.037476386059052375,0.9027374548124495,0.0020970536257718824,0.002203112263266304,0.055485993239460116
14,0.036852727236555465,0.9134244961652171,0.015362560123675937,0.001976385507930574,0.03238383096662091
15,0.01731834596860743,0.92842003583678,0.009305596392537625,0.0014101745643639052,0.04354584723771109
16,0.011582205380170098,0.9537009740273404,0.0015713797523753824,0.0016506768556121094,0.031494763984502
17,0.01786548371203971,0.658312831035624,0.27478485400364844,0.0015994831234961105,0.04743734812519187
18,0.02455233613711191,0.8665093139813389,0.048424739729317635,0.004178922498533939,0.05633468765369741
19,0.013978283381768679,0.8941559313753804,0.06429437772231507,0.0017769383017715989,0.02579446921876419
20,0.006907801581552851,0.8892754830781406,0.08369414868729048,0.001073360935385947,0.01904920571763003
21,0.01856472045106962,0.8994412693892755,0.054283182605833875,0.001338242409566601,0.026372585144254484
22,0.01429657364226081,0.8796240165150568,0.07466144197576294,0.001003675282176777,0.03041429258474278
23,0.012607419604713946,0.8852405521389345,0.08365453237805281,0.0009895677685952185,0.017507928109703523
24,0.017886443876021948,0.8805179513822421,0.08845085973819798,0.001098731198290284,0.012046013805247707
25,0.012986842968661276,0.7714463806540593,0.19754617464143068,0.0008749341071634656,0.017145667628685312
26,0.008807211795763565,0.7212270770488552,0.25937079574527216,0.0006827181748142633,0.009912197235294842
27,0.03609198390149724,0.5046206413263096,0.37067492611522895,0.0049367913754771895,0.08367565728148699
28,0.008731310177661397,0.4696220835784439,0.5089809521989942,0.00048021171295992105,0.012185442331940511
29,0.008727320608074402,0.4884849219387141,0.49387839382901333,0.00032245727690793024,0.008586906347290122
30,0.003015896430315453,0.36555238504969145,0.6245587870116728,0.00032455111857664776,0.0065483803897436604
31,0.05725796004597308,0.3502413969632743,0.4779450014676077,0.008349615051876692,0.10620602647126824
32,0.02544081820015798,0.3908424731170426,0.5537963038865847,0.0008858841874573958,0.029034520608757303
33,0.013040423950533717,0.29475192502448827,0.6780195143127987,0.0017399669738036446,0.012448169738375762
34,0.004855095336201718,0.1885491140471211,0.7895038046169985,0.002103747642912636,0.014988238356765785
35,0.0035572767916468417,0.3297285595355149,0.6620869863574464,0.00022194302427094943,0.004405234291120908
36,0.002101904112316001,0.2732407621110704,0.7221404552014861,0.00023944659492418274,0.0022774319802033025
37,0.005968418491064726,0.31602046252625526,0.6687013015952585,0.001599138724562162,0.007710678662859334
38,0.006209324362514764,0.26371934676668696,0.7272043110220724,0.00023085145567274828,0.0026361663930529705
39,0.007452931654437204,0.2546931376201185,0.7291638671519338,0.000624086008046304,0.008065977565464018
40,0.0014146125859736882,0.17983598073196208,0.8033158565614362,0.0013907342566685697,0.014042815863959304
41,0.0038044573840580924,0.20640436389627662,0.7809321228103209,0.000926257840361821,0.007932798068982571
42,0.002816976866586012,0.12588334801902176,0.8605579721311669,0.0005457092380221662,0.010195993745203242
43,0.00045874187694389584,0.03862076684608919,0.9572080159640104,0.0003163829173994847,0.003396092395556954
44,0.0013296142918489977,0.07987829545146198,0.9087652339653701,0.0005232349693173573,0.009503621322001525
45,0.00405246614341751,0.1089919584445613,0.8798150429656822,0.00017590222158288645,0.006964630224756084
46,0.0009620739509955122,0.10364272465681745,0.8839150031017973,0.00026452035614702845,0.011215677934242767
47,0.0005480465493253952,0.034221253677394245,0.9610565364912632,0.0001216679125666072,0.004052495369450466
48,0.0004774017310329601,0.04835203325560569,0.9428706696822712,0.00020974125228762682,0.00809015407880266
49,0.0005377365022613022,0.08268780091590071,0.9081912295176033,0.00014155495436761565,0.008441678109866905
50,0.0001999239767613613,0.013286107521607558,0.9843716305482711,5.936330904512634e-05,0.0020829746443148467
51,0.0010317997848421046,0.0846989266002317,0.9063931329902927,6.157642191093278e-05,0.007814564202722432
52,0.0012703405242966538,0.08682154730370475,0.9022148222215436,0.00037998661661762997,0.00931330333383744
53,0.00046403480089193973,0.05030403843820792,0.9458027382770436,0.0001629573676509825,0.0032662311162055565
54,0.0016094651008222766,0.06330730145704037,0.9301441712049998,0.0003425127184330675,0.004596549518704407
55,0.0003078026968183301,0.02722164361018849,0.9701700830056784,0.0006138098720124749,0.0016866608153021222
56,0.00115248343085738,0.04383192434742948,0.9522804206172342,0.00020795008618826688,0.0025272215182906657
57,0.0009102015719513268,0.043285097570632695,0.9533933633065124,0.00010357614817087566,0.0023077614027327375
58,0.0004662216999489973,0.01634546014202863,0.9820010210391636,9.539189737526505e-05,0.0010919052214836498
59,0.0004793820270064262,0.044074677031910425,0.953041017803135,0.00012004444262422199,0.0022848786953237844
60,0.0013102446240238002,0.10999743629369566,0.8846846996528691,0.0004435051288494351,0.0035641143005618096
61,0.00100206151041133,0.06237507147860412,0.9344279798269347,0.0003275454003839459,0.0018673417836658544
62,0.00033704218589942207,0.035825406794879555,0.9626932177224267,0.00015838713777362954,0.0009859461590207138
63,0.0009181697695630496,0.044833356556036555,0.952063578800326,0.0002101017084068718,0.0019747931656674345
64,0.0011734326253222578,0.07967944597324891,0.9159919961113369,0.0002854347784586515,0.002869690511633224
65,0.0009460125716821348,0.03416023001643472,0.963143958536292,0.00024187666453387313,0.0015079222110572976
66,0.0014132929343116172,0.10588411706966398,0.8895439646619395,0.0002415807804075779,0.002917044553677143
67,0.0008722456174752181,0.04333205693091899,0.953812451039303,0.00019111439186777753,0.0017921320204350622
68,0.0009120586514384942,0.05775393694308072,0.9380691866657682,0.00014642937385004468,0.0031183883658626103
69,0.0007422175321657706,0.07136958699322292,0.9222255080721865,0.0002370216178274953,0.005425665784597196
70,0.0006511451693033104,0.05163113497600521,0.9445847227691655,0.00015474121250908242,0.0029782558730169434
71,0.00042891853632527594,0.03989061364232452,0.9577664715253794,5.807577044748554e-05,0.0018559205255233454
72,0.0005159642323392849,0.033760400900073546,0.9645031947874101,5.7884290666863974e-05,0.0011625557895099511
73,0.00011360009630087688,0.0078655468303129,0.9917129503139133,3.720994636306277e-05,0.0002706928131099297
74,0.0005355703706894853,0.027414311357046438,0.9700150547983262,0.00014516170292112082,0.0018899017710169105
75,0.0005119008160668874,0.04232598067748427,0.9554316964898796,8.389821936775974e-05,0.001646523797201501
76,0.0010624984791230273,0.07688447409516333,0.9200117185553194,0.0002532783421581068,0.0017880305282361438
77,0.0008113043075138617,0.02712136591397836,0.9699643455169665,0.0004075669805678916,0.0016954172809733133
78,0.0008356004714691972,0.06328265905308615,0.9302590509668015,0.0014913155367491221,0.004131373971893966
79,0.0014631800293295803,0.060831987047259624,0.9255419141432144,0.0014076499560653404,0.01075526882413123
80,0.0031994698950753185,0.03557879516847555,0.9485125198718933,0.0023550216904992174,0.010354193374056526
81,0.008891597136875519,0.01985232992870852,0.04616080051700478,0.001198703687249677,0.9238965687301616
82,0.004938651379967925,0.009725075301413604,0.002262777681566709,0.00011917537479373508,0.9829543202622579
83,0.0592322999494734,0.06231536903224335,0.0008351587818917046,0.0003739244732287056,0.8772432477631629
84,0.1653324493909773,0.097914527096371,0.004483700342470848,0.0005871279376901231,0.7316821952324908
85,0.39250798081862726,0.28662210616747497,0.00670076997773437,0.0017710040761754202,0.3123981389599881
86,0.2603776920912885,0.6157030197216598,0.015257897779167612,0.00395679448765917,0.10470459592022491
87,0.10821360417564307,0.7716093421243669,0.0623686048902764,0.012468491138160983,0.045339957671552675
88,0.08229907088185966,0.7741122702216275,0.08045086704878011,0.013355130751566309,0.049782661096166705
89,0.02092015796321818,0.83696240842851,0.12966125571817452,0.006502320455963062,0.005953857434134193
90,0.011489335904003832,0.8639021149407733,0.10188998377685465,0.004128532782721352,0.018590032595646778
91,0.022700949458938444,0.811692361424378,0.14818710562510698,0.002953634625297237,0.014465948866279622
92,0.01634136926126914,0.6954907128234921,0.27411564397865146,0.0022338519249268224,0.011818422011660435
93,0.03484051298486988,0.7688849846949444,0.14706787118485423,0.0033249357432159404,0.04588169539211547
94,0.024458397878408256,0.6963622503636695,0.26296298250472533,0.00197527621239337,0.014241093040803617
95,0.012473804694246837,0.5915462875260845,0.3346231079277346,0.009234843817550848,0.05212195603438326
96,0.010717512369514865,0.5377500050260441,0.4244129040353963,0.002454989637837714,0.024664588931207126
97,0.008418111467625706,0.3890484920500666,0.570870201500787,0.0016696795336815888,0.02999351544783908
98,0.004919332233841228,0.32301618208966054,0.6536938293171782,0.002658989856697705,0.015711666502622356
99,0.01209292390659287,0.37866118855873465,0.5965001468828208,0.002607483800995312,0.010138256850856345
100,0.008474584803672936,0.29896284118392463,0.6835345368769599,0.0015829902921513427,0.007445046843291339
101,0.00956749130019614,0.29651729019304135,0.6825557153968741,0.0018225063045148927,0.00953699680537345
102,0.004074318901588684,0.23184574846872627,0.7460753748355113,0.008075927385209656,0.00992863040896427
103,0.006213497562294951,0.17570782591491788,0.8007556937668033,0.006807512839059313,0.010515469916924492
104,0.0011659401563791332,0.057464870615342514,0.933610622339806,0.0031217560823002454,0.004636810806171857
105,0.0018040576528683694,0.059499997451915844,0.9345545838861272,0.0009635244287847059,0.003177836580303724
106,0.001765406801088658,0.07348927745510841,0.9226689909903515,0.0001348146489873369,0.0019415101044642118
107,0.0017077569143641841,0.10616508666195197,0.8881801730979205,0.0004576362079554724,0.0034893471178077044
108,0.0007715005952991454,0.08677100035666016,0.9078699844002378,0.00038728098087268737,0.004200233666930236
109,0.000711862371506857,0.05214517111340971,0.9450200965814761,0.0003326025808753218,0.0017902673527319087
110,0.00031700061451442866,0.03328826220300316,0.9649333990993714,0.0002816954396359925,0.0011796426434750621
111,0.0017695133205405335,0.07997603782492547,0.9155797419369136,0.0005104706393463537,0.002164236278274082
112,0.0019081009161197337,0.0856443844616083,0.9084054085655014,0.0008660512695966873,0.0031760547871737474
113,0.0013238914443047852,0.06313015972261507,0.9335302614631101,0.0005430044513419102,0.001472682918628144
114,0.0003826267183545028,0.027002240186694386,0.971492562405756,0.00031608876555287013,0.0008064819236423653
115,0.0005955891632442737,0.02144859053807452,0.9769480035393724,0.00037893095604842227,0.000628885803260494
116,0.0014197678037874428,0.06907948327955184,0.9272365163869918,0.00028138427108846995,0.0019828482585804337
117,0.002017726889710325,0.1009660201873324,0.8949695081931615,0.00035482092917623486,0.0016919238006196855
118,0.00110717757160405,0.06716191870746316,0.9291186414119011,0.00045934019014365785,0.0021529221188880936
119,0.002685847814375276,0.15430124474758644,0.8369899248282094,0.0014942841578938536,0.004528698451935046
120,0.0013561697666774493,0.09377475050117713,0.9007994221451247,0.0010115306387867454,0.0030581269482339046
121,0.0013210545946334058,0.08416055174321672,0.9060963766538163,0.004760412700571818,0.0036616043077618166
122,0.0017897732604841164,0.04321229152618708,0.9338329669849392,0.007011706823850916,0.01415326140453856
123,0.008821866212709245,0.09196757870140045,0.8723155889883408,0.011328874765820951,0.015566091331728569
124,0.00452997334310163,0.17309667047422064,0.7581599785434063,0.03206099634569899,0.03215238129357237
125,0.014606619889918489,0.26008345522933074,0.1571350056800477,0.016304304784805847,0.5518706144158972
126,0.021084674257104582,0.10194182625162324,0.00987927810433825,0.014416899433416829,0.8526773219535172
127,0.1335298135211277,0.1579068144069231,0.0014450600191405294,0.034304627878320566,0.6728136841744882
128,0.07389708648971752,0.04650217141777562,0.0011162699505366637,0.005773766993077363,0.8727107051488929
129,0.12107811959950664,0.09008413843114038,0.0007121424935001253,0.0045433415437529925,0.7835822579320998
130,0.2990902949564499,0.32921586072148074,0.0010402535554584333,0.021486890621670498,0.3491667001449405
131,0.13714564294786147,0.7916587508848097,0.019974364487871935,0.007789585172882704,0.04343165650657425
132,0.23430741452488937,0.6678040200018147,0.010743107310965932,0.017717638947533566,0.06942781921479642
133,0.07059447622545935,0.6415216181169496,0.04608809900772899,0.08157237121051118,0.16022343543935075
134,0.05262704843084706,0.8048983454962776,0.05791258431068246,0.04521440337052095,0.03934761839167205
135,0.03538388746790367,0.7446896001948229,0.12966563873334855,0.025572114762247862,0.06468875884167714
136,0.03294683662390712,0.8446170685702791,0.04685452068886148,0.027840670179260025,0.0477409039376925
137,0.03999600493040006,0.8292112100368265,0.06675508797917366,0.01895094310122689,0.045086753952372646
138,0.038050251433340954,0.8094854864361732,0.0027757027132380087,0.038401823687749775,0.11128673572949788
139,0.07210772515079004,0.1526204549491674,0.0023755619120889057,0.011730760493744804,0.7611654974942089
140,0.10186802317570134,0.7794913263964852,0.021005110179308922,0.016851071892405204,0.08078446835609929
141,0.10822075643463423,0.7348503446102636,0.01571225905383433,0.02600361956556819,0.11521302033569973
142,0.10467323466582622,0.7556951901335403,0.0051089901506721925,0.023925720328586232,0.110596864721375
143,0.06760892153310556,0.745835371736877,0.05065468164262946,0.03229876671218382,0.1036022583752043
144,0.035783481293284215,0.8411620768644401,0.06769873302585722,0.02319418586751335,0.03216152294890521
145,0.06175650035654671,0.7900041824534338,0.055857804955683876,0.026675148096297632,0.06570636413803786
146,0.16097043948698353,0.5324990679760784,0.10041299437501354,0.056534615349725606,0.1495828828121991
147,0.05546678993495466,0.19773332334899818,0.001180045036453334,0.02730833905835822,0.7183115026212357
148,0.3380531842120814,0.29261983087521676,0.0002227483519728765,0.02774264729242059,0.3413615892683084
149,0.09097568955735474,0.8048821530239322,0.060363659580500016,0.0030860694218944116,0.040692428416318496
150,0.1983194018248694,0.4879260026588919,0.10640674164638787,0.012595759276140863,0.19475209459370996
151,0.11632318658082708,0.6859221522974777,0.04244400512549005,0.0484254944051192,0.10688516159108599
152,0.08522293510639685,0.4405141173603104,0.0017851645579441096,0.15863709244398297,0.3138406905313656
153,0.044462078241767636,0.7494859830601406,0.008454828374535027,0.029879493295895152,0.1677176170276617
154,0.05626206174225413,0.8410950706905038,0.03444496721887007,0.02097662147738339,0.04722127887098858
155,0.10111215019902649,0.7329104942965818,0.008271533374527814,0.028832068234624544,0.12887375389523917
156,0.007147565109540785,0.949559692284864,0.017004936580666093,0.015877784198734767,0.010410021826194193
157,0.01420077287310096,0.9319627215007596,0.03875340948078684,0.006844615005617925,0.008238481139734584
158,0.010115394731614807,0.9542273807894366,0.0018798346501952624,0.02454249020364321,0.009234899625110276
159,0.04121902946602811,0.8930950218709919,0.0048505315136226634,0.037243284909056894,0.023592132240300587
160,0.017451984943346408,0.946374414446387,0.0022586603387893746,0.023657960228724708,0.010256980042752144
161,0.007933238422523905,0.9650063440732491,0.00825344815334136,0.012522089596725523,0.006284879754159915
162,0.020548074844624942,0.9204090355294064,0.00896689476677005,0.03837004769798154,0.011705947161217091
163,0.014958275828639718,0.8861119410276493,0.0037383855614988564,0.07231947306049198,0.022871924521719853
164,0.014365807092973271,0.9415975768572693,0.00429458552479613,0.028265255507619907,0.011476775017341404
165,0.0548352438730656,0.8495597840667284,0.019876713201211073,0.041594261203636594,0.03413399765535838
166,0.025304382752808406,0.9346294466205619,0.0011460432436194293,0.02716144727498699,0.0117586801080231
167,0.05105624321973733,0.7041625210281842,0.00350017463724529,0.06093581943257323,0.18034524168225985
168,0.21959980575006074,0.4861933247215886,0.0001145371482144631,0.04332771752953531,0.250764614850601
169,0.09753552352936612,0.804798023080494,0.010560031782519195,0.015262953110155703,0.07184346849746508
170,0.12282233698293868,0.8220414730277315,0.00039580344011046285,0.03491440542394886,0.019825981125270377
171,0.07318735899542222,0.9010331940811013,0.002325170113349397,0.009300016478763771,0.014154260331363258
172,0.016370774022710668,0.9608502308699517,0.004751975027554665,0.01114048001344329,0.006886540066339775
173,0.009632779338611239,0.9636532964139245,0.0025802526400459744,0.01611999075445671,0.008013680852961527
174,0.025768775046644782,0.8443677888716065,0.027486402937005223,0.025537504741268948,0.07683952840347455
175,0.013739894480877101,0.9421147148676977,9.917581866246193e-05,0.027705316769454126,0.016340898063308573
176,0.010860804871388099,0.9560304928721234,0.001229019816309825,0.013344649759265607,0.01853503268091311
177,0.013514417145134107,0.9146334699875723,0.0008036586231534596,0.026956308821452633,0.04409214542268739
178,0.02079070994765474,0.9420983973955773,0.0015702012007828222,0.01735524185669635,0.018185449599288857
179,0.011635456546672073,0.9557641799255567,0.010267332857514832,0.010118300343158328,0.01221473032709829
180,0.05164910956683363,0.8198270207589147,0.01970660228444562,0.050031213848642175,0.05878605354116408
181,0.011588322449484427,0.9111169263047475,0.036511204177978054,0.027685176456961662,0.013098370610828356
182,0.015230946563519648,0.8875517490132185,0.03023744765448821,0.030916817571095417,0.03606303919767809
183,0.03768975100471456,0.8238917224218998,0.04724657926494629,0.06328597833736119,0.027885968971078184
184,0.010133686581418002,0.8687639305844299,0.06054871606260719,0.02441973214192702,0.03613393462961794
185,0.016968575105829647,0.019727770365739708,0.003459704475654887,0.01165110754052841,0.9481928425122474
186,0.07360833271077177,0.1725864473820262,0.0036870547750302075,0.028819624386084926,0.7212985407460869
187,0.25425767013877343,0.4941722408058416,0.003735360715404953,0.07282963874591014,0.17500508959406985
188,0.12065071022728088,0.578934276083043,0.009307983041801493,0.04021960464764065,0.25088742600023395
189,0.06841495635490932,0.2994473567771095,0.010364616881499554,0.04551413706919769,0.5762589329172839
190,0.06289702399155,0.07606304342633867,0.0018741360741863936,0.07278616603185277,0.7863796304760722
191,0.07729327768834264,0.5016063401105745,0.0063961119101929986,0.07027620732920337,0.34442806296168643
192,0.10275223037426469,0.5961273001578272,0.0033627323306350066,0.0948557016032311,0.20290203553404182
193,0.08277963144078658,0.41105719362549525,0.008116029101899958,0.04867305439188389,0.44937409143993434
194,0.04451338621311555,0.29497433468205475,0.006482890547881679,0.04578804392752592,0.6082413446294221
195,0.11412109466704057,0.658281624170358,0.010941406778606076,0.09347439908665345,0.12318147529734189
196,0.080160965191598,0.6331772773577271,0.007680101869544526,0.06802355594256469,0.21095809963856568
197,0.053798337071157276,0.719928296117263,0.055202429280390604,0.05511087219228711,0.1159600653389022
198,0.15762461739048914,0.5311336348787749,0.017932175317281245,0.12534375402513345,0.1679658183883214
199,0.07385707134380956,0.3298898990897321,0.026868597287843392,0.19930593885618703,0.3700784934224279
200,0.09739160917264031,0.46391532508896977,0.023269698285652844,0.16264379149042385,0.2527795759623132
201,0.2734087078711366,0.41961511937218565,0.027843222658404162,0.15812180825769048,0.12101114184058304
202,0.1431542558880868,0.6500579515210525,0.07404299528121171,0.06760543602120096,0.06513936128844794
203,0.11769229492866376,0.6794748656989507,0.11463998028957033,0.0479517743167636,0.040241084766051725
204,0.043772242459029144,0.7652232266306674,0.11936579095594786,0.011997517456388069,0.05964122249796751
205,0.023492712832219056,0.5842872846787596,0.37252915891785005,0.0070977492554936275,0.012593094315677789
206,0.03921407317821045,0.65637853838698,0.28054883389244784,0.014432232661835805,0.009426321880525812
207,0.01040166810307435,0.4034860472773113,0.5779344815753644,0.005078011947853189,0.00309979109639678
208,0.0038891350581068814,0.36804000482344446,0.6184636633068678,0.00394310031596556,0.005664096495615238
209,0.004615166292080368,0.2797801956838956,0.7118309652734587,0.0023629998811423225,0.0014106728694230374
210,0.004240760460522917,0.23666947647663172,0.7546403724587569,0.0021975688825419263,0.0022518217215464465
211,0.008646300676512899,0.3306691900981853,0.6501515107339836,0.005512777620608479,0.005020220870709852
212,0.011117338959185706,0.24722034323390488,0.7262737721232129,0.0073709073014992564,0.008017638382197417
213,0.06097822566722595,0.5711696190617578,0.31785800189010266,0.028223540779861944,0.02177061260105173
214,0.013418649317572013,0.5530152522992043,0.41424661653985195,0.007565182543198094,0.011754299300173701
215,0.03857315302437805,0.46517983432914234,0.4606627652197208,0.015332222397055967,0.020252025029702747
216,0.030184167033573992,0.06230776462273724,0.038771086385522985,0.007157733629476762,0.8615792483286889
217,0.2038773710637232,0.7086709075518894,0.04177206492899166,0.007768192187832932,0.03791146426756271
218,0.1370636428647884,0.7622457027443484,0.08266347095702563,0.005111072637949842,0.012916110795887703
219,0.15768657706006048,0.33623836566814574,0.029182935921499877,0.002188856492037208,0.47470326485825654
220,0.27027986139680854,0.5883882444847734,0.05945465952785773,0.0029955077389235947,0.0788817268516367
221,0.12254790496563132,0.8140925669407425,0.04592738285595033,0.0013601152144786333,0.01607203002319713
222,0.06035384989927066,0.8443230566367601,0.08530770551293942,0.00042806666393233186,0.009587321287097281
223,0.054550447356181926,0.8847337901342573,0.04466244723905087,0.0018161739172790554,0.014237141353230912
224,0.012616744900781634,0.7988196935127492,0.17089509536377848,0.0019822485044566447,0.01568621771823415
225,0.013244971138111988,0.8870992069994368,0.08782666190794086,0.0030484354706999794,0.008780724483810572
226,0.011359964221783744,0.9283313234652923,0.04248659002812871,0.003440780058094527,0.01438134222670059
227,0.029487262320669807,0.8793262620881492,0.08281026700437195,0.002045539976144127,0.006330668610664873
228,0.027481448669663715,0.8765709534653493,0.0875177681915214,0.0032895814986150782,0.005140248174850465
229,0.01907865836159032,0.8916441814715714,0.07840255610155078,0.0020926709567451237,0.008781933108542484
230,0.024106460066225927,0.8798140983343032,0.08718497010983446,0.004325311910371424,0.004569159579264933
231,0.024088113172772145,0.899759080689408,0.06628487280071046,0.0052507086125114675,0.004617224724597865
232,0.03201848451439614,0.8245630565423315,0.07025420186977605,0.006882645207903788,0.0662816118655924
233,0.08837188468412954,0.6823101281197118,0.032883777043475206,0.002459690975040315,0.19397451917764322
234,0.12267827143452395,0.8076891199153423,0.05171308611078616,0.0010093890047534744,0.016910133534593995
235,0.06756503133401971,0.8880232166822007,0.0370962433887537,0.001003699655785567,0.006311808939240187
236,0.021533059835493012,0.8917143622045205,0.07859035540213792,0.0010298904002156565,0.007132332157633103
237,0.01630477380511392,0.9575780474122918,0.0208055021131399,0.0018059351542716606,0.0035057415151827052
238,0.00605631206634072,0.9211360958239279,0.06667485112328236,0.0016931307424726525,0.004439610243976399
239,0.009116690640158466,0.8673770735116553,0.11421288023942075,0.0017951035537155705,0.007498252055049813
240,0.023930612598165903,0.8443081537917008,0.12364051576605202,0.0014611955412652553,0.006659522302815906
241,0.013914054577542122,0.8856338577252093,0.09558003348075854,0.0018310857927202222,0.0030409684237697695
242,0.0426296338315666,0.8618910067923696,0.08394984637280598,0.003158309080626487,0.008371203922631297
243,0.01861426820458856,0.9022491528690507,0.0728870680591041,0.0025456313536908574,0.003703879513565953
244,0.057957831385028684,0.8297787569151803,0.0949425114112172,0.008040742035414923,0.009280158253158722
245,0.048868618638996525,0.7771268022985409,0.16047426000580967,0.006513012087259186,0.007017306969393752
246,0.04184732958875801,0.02629881425956907,0.006505076136794084,0.003989880139897354,0.9213588998749814
247,0.09822640334347117,0.14190212136318756,0.0012574273020603938,0.0026414866540716664,0.7559725613372091
248,0.3920754381511248,0.3513000044242285,0.013103614955809183,0.009022776342300535,0.23449816612653696
249,0.3369884508692911,0.5923457682356634,0.024121510947791035,0.0013753715380079847,0.045168898409246414
250,0.2767709234648474,0.6856054436925311,0.005386858936533126,0.002189091869331174,0.03004768203675708
251,0.0458012021755638,0.9268052244685072,0.006857914797365358,0.0021934635648950614,0.01834219499366866
252,0.06974348228389533,0.8443173704009049,0.03631689972940444,0.006607352101622037,0.043014895484173414
253,0.07216228285269516,0.8860453982021649,0.02963825756850687,0.0049416196560555965,0.0072124417205774345
254,0.03383302198645094,0.929111667292688,0.008098723997017424,0.009066293046075313,0.01989029367776824
255,0.040861539133914014,0.8947640847060166,0.047671167540821305,0.010623348234496833,0.006079860384751089
256,0.04958130930945584,0.85824534737964,0.0405171224978711,0.015957139230801807,0.035699081582231416
257,0.044887985997693045,0.8969791443389412,0.01562039739867203,0.005943229185239357,0.0365692430794545
258,0.02675944304298348,0.9110493758939497,0.02931643558068715,0.002393175880649012,0.030481569601730946
259,0.131351437760319,0.7400760618400689,0.024058503244757987,0.03032263982943878,0.07419135732541546
260,0.08490164516046761,0.7635833384760902,0.04578480651959618,0.026792473118126818,0.07893773672571894
261,0.04102762394573495,0.8380139427408073,0.07325345840731501,0.004563562014142224,0.04314141289200056
262,0.11629787830926742,0.7454946343929881,0.05609014548203258,0.006803157296623944,0.075314184519088
263,0.035038554113558565,0.06681765834905629,0.004221007280393012,0.002129032068389244,0.8917937481886028
264,0.2707035518670967,0.2793129420899464,0.008180834103820209,0.014791461313745372,0.4270112106253911
265,0.25887015394731505,0.606145598595692,0.015344448729057625,0.0015564778566763008,0.11808332087125921
266,0.21047037872792884,0.6992885688037003,0.040083868492950314,0.002449768339146284,0.04770741563627412
267,0.08260898674727175,0.8308407589565309,0.03432313959918309,0.0023224933480166764,0.0499046213489976
268,0.07064546533350087,0.8493542903322685,0.05966846044842696,0.007481293620371166,0.012850490265432621
269,0.03929039615200041,0.896919902874186,0.011398300026683463,0.01023241755825955,0.042158983388870724
270,0.04056716019749384,0.8512037912505813,0.09310778618291941,0.004306719854372268,0.010814542514633076
271,0.040175440850932394,0.872134218105744,0.07425108636682941,0.004550146789457918,0.008889107887036174
272,0.01903932533752196,0.8639757838585013,0.10234707341275999,0.0036782508519980625,0.010959566539218696
273,0.03274077919816777,0.8035102423471342,0.12389728644478942,0.007112539350518257,0.03273915265939048
274,0.02981368701681039,0.8927228714885996,0.07061790120954264,0.0011170130685928764,0.005728527216454318
275,0.014451148541404307,0.880144849751463,0.09851469202123984,0.0014725745482474977,0.005416735137645297
276,0.012878121988660375,0.8949259279518581,0.08101693935667278,0.0007194922916264248,0.010459518411182325
277,0.028016060153696825,0.8422455578807957,0.1196542421092765,0.0010968882287187805,0.00898725162751203
278,0.005110503381814051,0.8111745635580474,0.1773380068463883,0.001010763425381655,0.005366162788368499
279,0.01601215417280825,0.7818685453769343,0.18777201456194814,0.0022619454904361344,0.012085340397873264
280,0.008339867178923373,0.7104320761242481,0.2713268946462575,0.0005322109027911779,0.00936895114777973
281,0.03820820661795762,0.7685310430340085,0.1503984933528799,0.017843646921522096,0.025018610073631934
282,0.01578083315037521,0.5069623612589763,0.45831432188166427,0.005580486500897587,0.013361997208086588
283,0.06538399255852445,0.7183523150494427,0.18136368379413154,0.014234013007432163,0.02066599559046896
284,0.034503962955035536,0.688684432629882,0.2455913530278331,0.010443311788903347,0.02077693959834596
285,0.013047503030048226,0.6363998561085112,0.29375261776816863,0.005067235348764007,0.05173278774450777
286,0.09332020517068182,0.7768595734514452,0.044088715815504595,0.010295260385773608,0.07543624517659478
287,0.02744394746266524,0.9171980670451884,0.0412797812451442,0.0018233220185731361,0.01225488222842925
288,0.04669364487751919,0.8862686416165289,0.055004387118044396,0.0026449465518870834,0.009388379836020462
289,0.012330021924893856,0.9250283855631212,0.05297315619111921,0.002433589925344815,0.007234846395520972
290,0.019671927861205005,0.9185283660949091,0.02885313627571687,0.0035712987141718984,0.029375271053997266
291,0.020394114254439703,0.878788423089861,0.08640624565926201,0.003123376342841221,0.01128784065359616
292,0.14698981060951186,0.3225048256691265,0.005293008801160819,0.003223803344725624,0.5219885515754752
293,0.15913431941414563,0.7512014419306978,0.068672151383145,0.0031690170428712704,0.017823070229140238
294,0.16443593725980046,0.7573535366477693,0.05859305353913891,0.0014556197334289953,0.018161852819862285
295,0.08416974776809365,0.8008020078593561,0.10137720473082226,0.0016327101618540665,0.012018329479873987
296,0.026692704449449652,0.8354428230884101,0.12925017154619822,0.0016081837597213702,0.0070061171562206944
297,0.012066965074684754,0.5662600340820761,0.4104150561006272,0.0027511110771129875,0.008506833665498903
298,0.025380004065139433,0.8006227948962416,0.14933661065795617,0.004529915166123042,0.020130675214540053
299,0.035390979302555615,0.6829187729173762,0.27105633753829156,0.004210715386569801,0.006423194855206984
300,0.11142434342817545,0.49965949718196345,0.35491264435139536,0.013259039740974959,0.020744475297490825
301,0.04911769823636856,0.37329348441244803,0.5408795803770973,0.010763516004327739,0.025945720969758276
302,0.005216936368385033,0.23962124000067647,0.7448909353530293,0.0004357877236917773,0.009835100554217489
303,0.011629486487962784,0.31468234111220583,0.6668717596732145,0.0009696477569563533,0.005846764969660597
304,0.03160522475207615,0.2683880930564393,0.6792810071127319,0.011151656128824067,0.00957401894992864
305,0.016786128595775836,0.24006664577338827,0.7367866406824358,0.0010961070439752803,0.005264477904424627
306,0.04759263219622666,0.24445227924434793,0.6801176405993089,0.007219215451353623,0.02061823250876296
307,0.0378357965080394,0.22039269399553604,0.7313535252327463,0.004181104090797895,0.0062368801728803725
308,0.008036832026322847,0.11830235532606402,0.8700076732873574,0.000873649763924849,0.00277948959633094
309,0.001452377899010335,0.06445690903057481,0.9328981592006228,0.0003173352758455593,0.0008752185939465667
310,0.0006913265287930211,0.0812011835741091,0.9170422663420417,0.00040661252404792375,0.0006586110310081856
311,0.0005697752505353661,0.04761184036191011,0.9508054516673893,0.000512615879589646,0.0005003168405757154
312,0.004768901389957079,0.12195962783043922,0.8677324788612446,0.0025198246637467537,0.0030191672546122676
313,0.0026574350963363227,0.06352699977517873,0.9322034342187399,0.0006038532587614872,0.0010082776509837907
314,0.00034441689454881426,0.02165179466437732,0.9769602364312353,0.0003727902145714702,0.0006707617952671663
315,0.00033888446196915587,0.012742356580955252,0.9862014200185516,0.0002607264866774242,0.00045661245184633293
316,0.0003158026360830306,0.021029764166295453,0.9775316929233718,0.00030328174116139194,0.0008194585330881472
317,0.0013974468143926541,0.02579346866902213,0.970482583758938,0.0004762248095532337,0.00185027594809396
318,0.0008879437016321781,0.03011380513419405,0.9674877349487461,0.00034954699392211947,0.001160969221505542
319,0.0010760159778777476,0.029604846030363695,0.9668308103407905,0.0005624528988342315,0.0019258747521336973
320,0.0008840654065203364,0.035397449312335294,0.9622637731691942,0.0004843288587019786,0.0009703832532480877
321,0.0009155989866394496,0.02519818548631387,0.9726681501012466,0.0005252754395195218,0.0006927899862805924
322,0.0004201727226025644,0.02421779097417775,0.9745577022447945,0.00033137487116691264,0.00047295918725829964
323,0.0027679007853936956,0.05751751140382352,0.9382052379341359,0.0007036388960422586,0.0008057109806046915
324,0.0006395107999125835,0.02624694440571171,0.9721372408400488,0.0003932280922943177,0.0005830758620327031
325,0.0019176827218553045,0.039459353956746886,0.9563842420606288,0.0009592527113582806,0.0012794685494109741
326,0.0005467176762686272,0.04469162630199653,0.953022456144641,0.0005061069491004803,0.0012330929279935315
327,0.00027435338009185824,0.03446523893340878,0.9641653759538727,0.00028221790231445603,0.0008128138303122734
328,0.0012130688552961762,0.04101556000434986,0.9470334411034617,0.003497553282869196,0.007240376754023035
329,0.0034819810787137468,0.13956859223829862,0.8485706286452721,0.0034133758320953893,0.004965422205620002
330,0.00592520956146039,0.14227902576863588,0.836350484723564,0.00955409686149249,0.005891183084847161
331,0.018117532192231903,0.2818619154947596,0.6160717567332671,0.0762766048491588,0.007672190730582686
332,0.024869269876909506,0.05642591224436004,0.01924867954413117,0.01788894664690768,0.8815671916876917
333,0.0339057720485599,0.07571069614523818,0.011539240789954929,0.0179196512322759,0.860924639783971
334,0.23170855849482036,0.2203462586792165,0.014208844431646052,0.040602261502509056,0.493134076891808
335,0.3012994890550812,0.33857833149172945,0.08715212146375291,0.04679470860464719,0.22617534938478911
336,0.10210073738360972,0.7915466107437171,0.011040339252914302,0.052878199501797854,0.04243411311796105
337,0.07788896580472865,0.7798413302424483,0.017071475036159713,0.1077510367589417,0.01744719215772172
338,0.057865165809080084,0.41529351525479474,0.005422750799086278,0.42465721709620347,0.09676135104083544
339,0.07437410094303243,0.6865244247328961,0.010233219141522304,0.19430110644062681,0.034567148741922266
340,0.04433110663747197,0.681380308224921,0.022365020514438783,0.2246119197954034,0.027311644827764818
341,0.1321317312205598,0.10908677960476476,0.0015345141045828847,0.05304286422385033,0.7042041108462421
342,0.11997093191959016,0.7077966546904728,0.005864858906247613,0.07192496197671079,0.09444259250697855
343,0.1196696794854277,0.8131492569317028,0.02228235543592681,0.027065979297410524,0.017832728849532086
344,0.10610850699464203,0.8141920841372272,0.05649661831953468,0.007831920186619086,0.015370870361976886
345,0.029494190114065625,0.8830378050275624,0.06563459313788089,0.011892663876209662,0.009940747844281577
346,0.018895809862510552,0.9058577130396613,0.02449353160894092,0.01633398872861186,0.03441895676027537
347,0.0278849523965342,0.9241538064474865,0.0217505871544098,0.01382440256572404,0.012386251435845581
348,0.018792310725292135,0.9161268629262762,0.012777220045386778,0.031531307876563795,0.020772298426480824
349,0.10080080349275053,0.8266367383582376,0.025248065754104217,0.037754597221496454,0.009559795173411248
350,0.27044790660903617,0.5504103821351118,0.004882866397577486,0.06720714794994248,0.10705169690833209
351,0.09326865332935709,0.8398250450811919,0.03601597757445247,0.02507107850145101,0.00581924551354782
352,0.12887856521211788,0.8262384782199179,0.018561605959260524,0.020531252364144523,0.005790098244559143
353,0.12002124067397327,0.7785383696477264,0.028005633063184193,0.06678096782989953,0.006653788785216707
354,0.07131336449044774,0.8758273212814863,0.010570200773307196,0.03845381930430207,0.003835294150456685
355,0.04329212252752352,0.6935306618269574,0.027682881719196768,0.22930608528387889,0.006188248642443561
356,0.06999312138293755,0.8188628207567844,0.036499877132973764,0.0686291310077014,0.006015049719602715
357,0.08152085477526952,0.7241944204645961,0.05281277112637295,0.11881555334534592,0.02265640028841541
358,0.09095636432261142,0.728360145578545,0.07122270323125947,0.09576552717476071,0.01369525969282348
359,0.10249281130131312,0.7305375518605259,0.07042658001190087,0.08963319246383553,0.006909864362424462
360,0.1083605012938532,0.711654154446542,0.051775735594183664,0.10619386001682105,0.022015748648600075
361,0.24875316557786076,0.5359215014929096,0.012106369961987025,0.17464329754252522,0.028575665424717313
362,0.03814222079038518,0.8127937127374678,0.052552622849322446,0.08599996890281537,0.010511474720009132
363,0.06765100503558649,0.7329779337631132,0.08358267934186861,0.05519088067940484,0.060597501180026964
364,0.1564066032886683,0.6856547202342427,0.10328182993315715,0.04089942605577787,0.013757420488153996
365,0.1279326188889082,0.7308932964026327,0.09295755483100926,0.0406443357700663,0.007572194107383444
366,0.11410816236788601,0.7839335012642199,0.07021510791506108,0.0278716239559452,0.00387160449688782
367,0.10102393084097898,0.7098507649309563,0.08755332236746288,0.07618945103154341,0.025382530829058333
368,0.100671116810167,0.807182090836493,0.013755632387201738,0.0701425788080835,0.008248581158054748
369,0.03355220580832518,0.8295462226348811,0.012073598715266998,0.06731836267326498,0.05750961016826192
370,0.1136471552945057,0.5399428446981432,0.0015269997180923387,0.2891002099488527,0.05578279034040604
371,0.0755654839381442,0.8626644205967404,0.016381630320170558,0.037067216810880925,0.00832124833406381
372,0.08764860642454972,0.7879720826896804,0.005372306065625845,0.07069006444248123,0.04831694037766276
373,0.15686440574045252,0.7151662797111109,0.0051450237669922304,0.0962002845404709,0.026624006240973445
374,0.029740812408941223,0.8903583301263608,0.0077865392999674965,0.05579355746292964,0.016320760701800788
375,0.10959766144607543,0.8479774845570414,0.010631234173115763,0.026667086771553192,0.0051265330522144385
376,0.08183467024736539,0.855515454459086,0.010936221422702046,0.0414033433735369,0.010310310497309643
377,0.0905011313245253,0.8419708126501738,0.0070356155642094815,0.04466231805228706,0.015830122408804288
