epoch,N1,N2,N3,R,W
0,0.0012890328209733523,0.0003462094656439095,0.0006933744270351134,0.0002671978030147234,0.997404185483333
1,0.006139907973614123,0.004416824770927855,0.00033827577056485983,0.000959344980059714,0.9881456465048335
2,0.00210127878827206,0.0024738934876796016,0.000784708550047986,2.1448234851874956e-05,0.9946186709391486
3,0.0018077615718777877,0.0031325348774135435,0.00019841222364749554,0.0011319943204927286,0.9937292970065685
4,0.058781033658080614,0.0483545161468888,9.290600120641646e-05,0.04767968597235152,0.8450918582214726
5,0.03700628922214336,0.006791816260822627,3.458949465730054e-05,0.0017589850948223937,0.9544083199275543
6,0.0020394183043340106,0.0021133691833109154,2.3035550690277456e-05,0.00016236831004681009,0.995661808651618
7,0.07014234791978195,0.00495842308334107,3.924391551164105e-05,0.0009684326910763526,0.9238915523902891
8,0.14374621980062083,0.004993128903911674,9.845756412115823e-06,0.002218986012410373,0.8490318195266451
9,0.0300172994688215,0.009326181509319256,0.00022450494858515182,0.00022547910233585404,0.9602065349709383
10,0.009976072734159309,0.003214161839957558,2.77417137765612e-05,0.0004540887704064834,0.9863279349417
11,0.0005212518968606536,0.0004893208254764009,1.6176777091661004e-05,4.4025839359330805e-05,0.998929224661212
12,0.045725264443546916,0.009966128383371705,0.00013077379149934343,0.0012151786724807017,0.9429626547091012
13,0.004623205961660693,0.0010159373858311825,6.982277822600017e-05,0.0003508530527673726,0.9939401808215148
14,0.03767231566308824,0.009252441442908174,0.00011478927879990198,0.0030014281592516444,0.949959025455952
15,0.013009319867181486,0.01399638807072681,0.00016035102714722903,0.003276311536111666,0.9695576294988328
16,0.012120373070770631,0.009512370580596728,0.00034734463468388626,0.00043245816195344554,0.9775874535519954
17,0.017894353663705804,0.012533255530717399,6.38197463818653e-05,0.0011107905338551567,0.9683977805253396
18,0.02038482537060913,0.006614923466423729,6.137133377709931e-05,0.0016121817685636794,0.9713266980606264
19,0.06572193622077295,0.01110434633087755,0.00017374131060197384,0.002151667903656952,0.9208483082340907
20,0.002951659050367885,0.0013361061518907397,0.00015799910718372907,0.0001905347446011104,0.9953637009459565
21,0.12517529525970608,0.04972127667320319,0.00022619591315641512,0.004134296915801702,0.8207429352381326
22,0.0017159392149191882,0.0016449445651733566,0.00012276601141822488,0.0001750534079616322,0.9963412968005275
23,0.019393132576172676,0.0037544469871257343,0.0001698777091840033,0.0015173023414544048,0.9751652403860632
24,0.019851694519850693,0.001977680274756529,1.67782156683805e-05,0.0006690904311683468,0.9774847565585562
25,0.06884010735748083,0.004709916786920418,2.2048829832063257e-05,0.003391648470912716,0.923036278554854
26,0.002036950431736462,0.0004813430803440277,7.980353552195777e-05,4.7940008123360584e-05,0.9973539629442743
27,0.00934439310232325,0.0009443537381197307,2.607248472541173e-05,0.00010515082228516682,0.9895800298525466
28,0.06528720385200586,0.006623630642529682,8.291052321527038e-05,0.0013924997546150332,0.9266137552276342
29,0.056430665864854415,0.00811866830838778,3.993328975122541e-05,0.0027874119598657564,0.9326233205771408
30,0.21886504029834156,0.01765102511636543,7.950880256495694e-05,0.0020173165112448714,0.7613871092714831
31,0.492017347061671,0.050017793113021826,0.0002947764261798925,0.004081695354892817,0.4535883880442345
32,0.36141008193659896,0.12174786155981289,0.000960081775419997,0.004477702791042165,0.511404271937126
33,0.5406821934560612,0.14005100631837897,0.003439965041778113,0.004146998459573441,0.3116798367242083
34,0.2706767620791961,0.04456772285585137,0.0001742068646553039,0.01576927621061236,0.6688120319896849
35,0.31595645542634365,0.07247033304172251,0.001085071918581787,0.012187993823476248,0.5983001457898758
36,0.19345894703596225,0.16414251388342813,0.0011002327477632882,0.02864420721191598,0.6126540991209304
37,0.10525067091685181,0.03255710943931179,0.00117809521951215,0.004094648676925048,0.8569194757473992
38,0.07953592541724587,0.11598721878114161,0.0006162135902269659,0.008088740899440465,0.7957719013119452
39,0.17424600761830608,0.13729840280221936,0.004200074824541464,0.006667117594034329,0.6775883971608988
40,0.015346424111691065,0.02307090880638654,0.0017218812755500704,0.0010011307591120623,0.9588596550472602
41,0.2039247876158013,0.087013070168423,0.00017611820488223068,0.022967220893309024,0.6859188031175845
42,0.10202634881638119,0.052668701562332214,0.0005615297487275336,0.004791364831732977,0.839952055040826
43,0.03846135638315724,0.021705103491723353,0.000489905775205294,0.0009159014752731261,0.938427732874641
44,0.02012131857743367,0.01305797013322255,0.0005797174272754351,0.0002637046236435963,0.9659772892384249
45,0.04213278127178428,0.02610332966706676,0.001407721776153558,0.0008928769682156018,0.9294632903167799
46,0.02159473545824127,0.015240110471588535,0.0018097755446261296,0.0010792837645220755,0.9602760947610219
47,0.005962031974953756,0.001726635623722091,0.002033960864280844,0.00030313474810304906,0.9899742367889401
48,0.009607672362559083,0.008317470189939712,0.0009411158555880807,0.0016776213401449337,0.9794561202517682
49,0.009806129923985905,0.004326760990888423,0.0005953669306886969,0.0005301658473093114,0.9847415763071278
50,0.045843170104398714,0.010496180866111877,0.00013412966684314936,0.001377335270490862,0.9421491840921555
51,0.05545568243263847,0.0050209648110440454,5.653078671539311e-05,0.0006228295571648674,0.9388439924124372
52,0.006555402228118935,0.0008712628265907968,8.879829240482782e-05,0.0001192779993262591,0.9923652586535593
53,0.002048791432497647,0.00029200965418297627,0.00025782126387590435,0.0001295505238499331,0.9972718271255936
54,0.00380701060940745,0.0007886755190851677,9.64841529481386e-05,0.00012041694298307404,0.9951874127755762
55,0.0015670969125444393,0.0005196944711928276,8.174710605297927e-05,9.563802073441812e-05,0.9977358234894754
56,0.010579707341002833,0.005495568500355459,0.0007405438517532715,0.0002919158135318993,0.9828922644933564
57,0.012321105130953575,0.005884909926544776,0.0011684218592262405,0.00030266856858333105,0.9803228945146921
58,0.004191599752630485,0.004332271432066687,0.0024142829547138876,0.00012212107685433143,0.9889397247837346
59,0.01801741349180239,0.021632724797955527,0.001802667088410558,0.0009129015436446364,0.9576342930781868
60,0.012519317750589,0.008703222141915897,0.000867944055251411,0.00021515846787575375,0.9776943575843678
61,0.03574684683941544,0.014137783465168599,0.0022186105959797393,0.00038857118441815836,0.947508187915018
62,0.07523623457990523,0.03083103149327729,0.009327922314403847,0.0011762053708814192,0.8834286062415322
63,0.03626247444359109,0.1344142537302482,0.04526808256954011,0.00228485294015236,0.7817703363164682
64,0.06098470054523317,0.18187350716797002,0.009648214218398869,0.004334617401763814,0.7431589606666342
65,0.019657663283842695,0.013006373602517848,0.0021815295490866596,0.0013635454609945772,0.9637908881035582
66,0.04802499768003057,0.06605681369777362,0.005980985132535046,0.0024993307431857505,0.877437872746475
67,0.0532687556420487,0.038436714280723226,0.0034514025325955914,0.0013382787492557066,0.9035048487953767
68,0.07362715112902218,0.029631554998140654,0.0025817481285533377,0.001331468239567962,0.8928280775047158
69,0.04306856317399472,0.015233448303917842,0.0013278536428505507,0.0006962431719871175,0.9396738917072497
70,0.018615832492493753,0.00802263326375346,0.0009302988158664655,0.0009201158431177107,0.9715111195847685
71,0.009961499291792865,0.0022269578863763255,0.0008086336504916631,0.0003856485978027639,0.9866172605735363
72,0.10113552021535724,0.01470222407405045,0.0005263693631389918,0.0013829187215209213,0.8822529676259324
73,0.038619166067432216,0.00878483868341253,0.00047521379302677174,0.00110493237666388,0.9510158490794646
74,0.01024618841081401,0.0015690427879140605,0.00038774348829289496,0.00031131225817714097,0.9874857130548019
75,0.05587732687630798,0.013259124171962566,0.00021515226691335085,0.0027947813444426923,0.9278536153403735
76,0.016434632840441322,0.0034454018430142867,0.0004354219484061566,0.0009087711025741829,0.978775772265564
77,0.003418325658842675,0.0012278017118606125,4.0946568290710237e-05,0.00014094755230651578,0.9951719785086995
78,0.0077042004158392255,0.002629913604539036,5.4970296601406376e-05,0.00015440532651438688,0.989456510356506
79,0.010536415499938877,0.0014136049008847947,0.0001878944340479011,0.00021483009540874528,0.9876472550697197
80,0.005172628478252342,0.0011493821787204163,4.757148520400432e-05,0.00024574156991403464,0.9933846762879092
81,0.0023998525766805072,0.00033417236754157827,9.376609245506472e-05,3.8396194208842465e-05,0.9971338127691141
82,0.024602911057942607,0.0014762589399946603,9.164996093328558e-05,0.00039648723790204914,0.9734326928032274
83,0.006831265351395291,0.0011555332268426307,9.950305078416187e-05,7.735612308521483e-05,0.9918363422478927
84,0.012686041253592312,0.0031282475040243637,0.0001124032084702603,0.00038972750603972795,0.9836835805278734
85,0.012772460487970944,0.00236224486043798,0.000106696507336703,0.00011448680411424466,0.9846441113401402
86,0.010228217616765359,0.0024922048808030096,0.000380951829098102,0.0002162825767190461,0.9866823430966144
87,0.015205172724798764,0.003090822324736005,0.00012282080147577344,0.0004701966071652555,0.9811109875418242
88,0.017287389313544413,0.005702399701198489,0.0005351468918099918,0.0007830923484775126,0.9756919717449697
89,0.0243625600503577,0.009411531583431164,0.00035779768180036414,0.0006973077318310873,0.9651708029525796
90,0.007332763725862655,0.002301945453983658,0.00038511516376719604,4.5092949218589494e-05,0.9899350827071679
91,0.1198743865592675,0.0237408954350293,0.0012693679367005697,0.0008073140943206936,0.854308035974682
92,0.02226510288958628,0.019250087423132015,0.007253398805381831,0.0010767051819540788,0.9501547056999458
93,0.1487146575158456,0.04260817937496125,0.004426624159690008,0.002355487948649126,0.8018950510008539
94,0.1156415235402604,0.06033349931255327,0.005579166520310619,0.005070330079914919,0.8133754805469607
95,0.3471306922645549,0.28599833362819943,0.006503770909431639,0.03345417797610305,0.3269130252217109
96,0.16893365121002857,0.13535776042366512,0.013997055394120656,0.009069386476077777,0.6726421464961079
97,0.050295884100590514,0.052513755344146165,0.002920161935165203,0.0064182855634281645,0.8878519130566699
98,0.058840465618547104,0.07585456205012941,0.0016047472722900537,0.039380175593978016,0.8243200494650553
99,0.0053558249600584125,0.008955921976848826,0.0013987958850998137,0.0023675186849300765,0.981921938493063
100,0.0064670806151216256,0.005856573456452158,0.00010783360926959267,0.0012655854180119378,0.9863029269011446
101,0.13628463859857715,0.05300539135982211,0.0006996267835540946,0.0032544557508132664,0.8067558875072335
102,0.036191043799864424,0.02109564307603123,0.0008778441894218964,0.0008036791141764555,0.941031789820506
103,0.08786891145800037,0.05903716296792613,0.0017261089814668586,0.003265650516959508,0.8481021660756471
104,0.24139798250200276,0.15737113771192004,0.00223200711437332,0.003434400871690627,0.5955644718000133
105,0.20826457029767548,0.42835658208647087,0.007118648541803842,0.028802508659909618,0.3274576904141403
106,0.12280610938008911,0.11646877611281922,0.0003541291077294235,0.006290808119991313,0.7540801772793709
107,0.38044641187138006,0.2099057354924132,0.0012411888860154544,0.005488976925764599,0.4029176868244267
108,0.09625350874386641,0.8518828207545278,0.005465244532280743,0.001416839000098374,0.04498158696922674
109,0.12279424953401182,0.8332466977739359,0.019670641882226322,0.0006797125981278993,0.02360869821169826
110,0.02714047581490363,0.908521509805686,0.05321415840163396,0.0014377811501230455,0.009686074827653263
111,0.014966407091504508,0.8201973043569359,0.15317576020725168,0.0017174233418692703,0.009943105002438574
112,0.0083583855158905,0.8062468914626044,0.1765769470487316,0.0015970202686310456,0.007220755704142571
113,0.00938168642565534,0.7389633824437533,0.2458757170358645,0.000551457246735124,0.0052277568479918626
114,0.005926653184002342,0.7215756962697509,0.26760688643009184,0.00028826027241400073,0.004602503843740848
115,0.01903385914323352,0.7508276207220238,0.21169137045991065,0.0017950467916293053,0.01665210288320273
116,0.002167490090355631,0.5245303264106006,0.47009256184041415,0.00025641963461919555,0.002953202024010395
117,0.007698500426443028,0.6488904685869353,0.33884450047459125,0.000903998660599969,0.0036625318514306067
118,0.0025599033627264622,0.5594356062678927,0.43350827245382534,0.0002904571112898683,0.00420576080426578
119,0.0006199075398990204,0.5467321493402914,0.45144158575296794,0.00021057346242320807,0.0009957839044183057
120,0.010248746118117439,0.7031712712926966,0.25854148882647715,0.0011596792013022536,0.0268788145614065
121,0.03996356850856209,0.6978620436849995,0.1897703114416928,0.0027670528454107825,0.06963702351933485
122,0.004013060405579952,0.7998111512083604,0.1894536055263574,0.0006406920399193441,0.006081490819782894
123,0.0305548732727273,0.7657306018782054,0.1773984503176518,0.0010022576494036826,0.02531381688201192
124,0.045996382061010976,0.788996277087485,0.15157235950069287,0.002053153572198186,0.011381827778612758
125,0.03987248901420588,0.8086374333806177,0.10813762618021637,0.002310190868789346,0.04104226055617067
126,0.07611316250060714,0.7451279048473929,0.0879647790737012,0.005066004229242268,0.0857281493490565
127,0.02275408566260216,0.8436543335648112,0.07884399595037514,0.0035319845866906385,0.05121560023552082
128,0.03122723583650371,0.870148917672181,0.0637050409502,0.00910926589660097,0.02580953964451437
129,0.08418400709404597,0.7997820899558594,0.042647896141491975,0.01002846468825796,0.06335754212034474
130,0.13696217424091103,0.7053994331437922,0.06699181656660105,0.00882664064782557,0.08181993540087008
131,0.0441491978122882,0.8448756430079225,0.0560049385420485,0.02134083572400162,0.03362938491373926
132,0.22442130345244218,0.4821817038706582,0.007905219264989539,0.09026918558681779,0.1952225878250923
133,0.11630630579837835,0.12443596178008985,0.012857108032068895,0.02422265666150096,0.722177967727962
134,0.09784895037743248,0.08582361017256676,0.009769266331138523,0.019417126757473768,0.7871410463613886
135,0.11564861316462864,0.14212763810577878,0.007450495599914075,0.016884198794974308,0.7178890543347043
136,0.27319054509555124,0.29685278572236995,0.01979735620170196,0.14962290235525028,0.26053641062512667
137,0.02406389465304057,0.042949655927213046,0.007517838932988706,0.03403497909275189,0.8914336313940057
138,0.11986883797006624,0.3282858052144223,0.006886240292026921,0.07048829781651891,0.47447081870696567
139,0.10810635114899526,0.1560854525010554,0.009723112886246388,0.07850713710931863,0.6475779463543844
140,0.07052020201943147,0.09738714428571942,0.013839436322281292,0.12217369377158785,0.69607952360098
141,0.2075859674908961,0.1289144634573656,0.013889496811161906,0.16207194411022544,0.48753812813035097
142,0.02033981628131306,0.047216054420153884,0.011936605408169787,0.07901011159743611,0.8414974122929271
143,0.05674846656817862,0.0689862651345285,0.01335461467834585,0.1096819637639223,0.7512286898550248
144,0.05429887508310648,0.06508370386407554,0.022013323755022015,0.08181320771005254,0.7767908895877434
145,0.03135805388631043,0.04624671427897005,0.008424830324771291,0.22060159525800227,0.693368806251946
146,0.07189357722314267,0.05674028368680869,0.014439380509735013,0.26385094175481866,0.5930758168254949
147,0.13201923065256757,0.06348390807121763,0.027598873535976003,0.29051285933719506,0.48638512840304365
148,0.12040515104634197,0.062104929984705966,0.01301949224948524,0.1301079389219532,0.6743624877975137
149,0.05489718247992072,0.020789281833667295,0.00038272432870887146,0.3700693380245614,0.5538614733331417
150,0.046645091467622656,0.02716052048597952,0.0017289294224042356,0.1285670584778,0.7958984001461936
151,0.09862815441349493,0.07370900832236442,0.0054474930096875315,0.06565010744876595,0.7565652368056872
152,0.26019268065396356,0.1332100437029327,0.0031388244363737433,0.14428849525846477,0.4591699559482654
153,0.12402741674396485,0.10517361012670967,0.009072335869103871,0.15872178374674373,0.6030048535134779
154,0.1363697042989258,0.10114703981680456,0.01054821983205392,0.03727773944576562,0.71465729660645
155,0.2378235719371676,0.09241080406733532,0.019120771821651866,0.08795525889240337,0.562689593281442
156,0.4004111136921068,0.17631791210221032,0.0205141335529445,0.08229709023081848,0.32045975042192004
157,0.44988623813349443,0.1367386529130704,0.03330711733862706,0.044062745838805435,0.33600524577600266
158,0.4910475242760313,0.2004074778786004,0.0646722369571246,0.03748909011263348,0.20638367077561023
159,0.1700475013075366,0.5929544766021967,0.10335782791019676,0.04963579530154798,0.08400439887852189
160,0.23302533440349563,0.44789080273605897,0.031264024261988786,0.05730499479772329,0.23051484380073345
161,0.2050809451543065,0.6787845034960585,0.02564594660527005,0.03295247519429761,0.0575361295500675
162,0.09134390736735352,0.864452581365145,0.016335960022069714,0.00652735387791488,0.02134019736751697
163,0.0800104703024474,0.83672056659062,0.060996888991657,0.006184566209398918,0.01608750790587655
164,0.09604803753459439,0.8251338741847672,0.035262623466661334,0.02233602682233065,0.021219437991646304
165,0.04442828526314368,0.9167024603149228,0.015569587042812036,0.005871625214720566,0.01742804216440098
166,0.010284481188562301,0.9388112148942771,0.044108058109166626,0.002627284639264139,0.004168961168730115
167,0.014981036559966248,0.8321954832453679,0.1439814512009931,0.0018344715209937974,0.007007557472679047
168,0.007437813632312484,0.8720501773160705,0.11425539412698885,0.0014752362847900741,0.004781378639838134
169,0.010531374365755795,0.833185463452087,0.14863836235676225,0.002601791242809007,0.00504300858258586
170,0.011034702335364318,0.8190076896631849,0.16104152414512163,0.0030972956472778983,0.005818788209051219
171,0.012212390214698072,0.7990158265778641,0.17867240891923444,0.0030585460992633338,0.007040828188939998
172,0.010991142943558635,0.5575549888318531,0.41696322857490564,0.002246165387368161,0.01224447426231452
173,0.005118357204105835,0.6250472397481103,0.3670046569846002,0.0005956675941609289,0.002234078469022749
174,0.011759319719832559,0.8094627977611664,0.17291049646617,0.0013312436261974764,0.004536142426633438
175,0.0022958981491880857,0.5004962773052531,0.49515978534498184,0.00035609467144825366,0.0016919445291286102
176,0.004074783091303486,0.4986306627697417,0.48942951289762227,0.0013786063330244035,0.006486434908308197
177,0.0038848602689032707,0.3962110963351605,0.5965323269806605,0.0005816015982425312,0.002790114817033192
178,0.0036153793758424597,0.4672045289862282,0.526553752978606,0.0005215952673191759,0.0021047433920042785
179,0.002851663277520916,0.31393676618751626,0.6810003192998202,0.0004370797657337761,0.0017741714694089756
180,0.0040048333150302165,0.5397592487881977,0.45319419270021793,0.000738488614346214,0.0023032365822077817
181,0.0038515163405392636,0.7509064583041455,0.23967744291856768,0.0019177240622938372,0.003646858374453805
182,0.005127773652057685,0.5050265190371539,0.477738155550689,0.0037037536781879786,0.008403798081911518
183,0.00830143420323901,0.5186784790713727,0.457961830427279,0.0020160964724922205,0.013042159825617189
184,0.022058824364091584,0.5841998025228454,0.3758304924530446,0.004813156261152766,0.013097724398865616
185,0.015743985262022735,0.6427522403475415,0.3329536473080163,0.0029083859412016378,0.00564174114121772
186,0.045042731902730546,0.7316670554042131,0.19516036086454752,0.004231268357054468,0.023898583471454397
187,0.011647647173075454,0.445528465403687,0.5298121657826383,0.0026413983447082165,0.010370323295891043
188,0.009085090578956352,0.6875956447537238,0.2954320228981449,0.0013685873722879258,0.006518654396886832
189,0.014361889240098314,0.5269049230965016,0.454363182157998,0.0008792536814354685,0.0034907518239666057
190,0.005624889950724741,0.3973339488526542,0.5929268624769095,0.0003703141684808053,0.003743984551230734
191,0.009575586871261744,0.5628853559218333,0.4195314070973397,0.0018974631759311586,0.006110186933634032
192,0.0036580616681884098,0.44383125137759605,0.5497098238018686,0.0006387161802508175,0.0021621469720960866
193,0.0017513705613532268,0.1907685584921334,0.8056265595767541,0.00042767196474707115,0.0014258394050121908
194,0.0019464302476253862,0.2394268112378377,0.7556583941394368,0.0006494718008703518,0.0023188925742297474
195,0.004151152667350861,0.22270007343792816,0.7685578056204427,0.0006686573554483036,0.003922310918829824
196,0.001367256329033796,0.260781513365137,0.736215220983121,0.0002454228304064107,0.0013905864923017442
197,0.005730397051460598,0.3178053964686936,0.6724269137918847,0.0004203791263818369,0.0036169135615791935
198,0.003755011460034545,0.25962404272529,0.7342618243007093,0.0003085962614029224,0.002050525252563371
199,0.002060762750034383,0.2435994263718978,0.7528190305673358,0.00035034534879810694,0.001170434961933927
200,0.0013651407853486127,0.16809007577685836,0.8285405519694468,0.0006652358733740656,0.001338995594972277
201,0.002158179893996928,0.16111280614684773,0.8335319476717349,0.0005818480230504307,0.0026152182643701155
202,0.0019590008263291893,0.24335094658324014,0.7526548315083403,0.000791990399739579,0.0012432306823508038
203,0.0012568260162363486,0.19898749812494246,0.7979073553783782,0.000412239792623207,0.0014360806878197991
204,0.0038420968424043174,0.2840706135576515,0.7070765188910808,0.000964297030888491,0.004046473677974973
205,0.002601384570766854,0.22239837000671367,0.7726659834259278,0.0004964749157203063,0.0018377870808714042
206,0.0011409183210614774,0.17231726166008784,0.8255838486081781,0.00019460046846228883,0.0007633709422103158
207,0.00205561791415421,0.20520867934829687,0.7908459885188368,0.0005209608694331865,0.0013687533492789243
208,0.0034138660284018384,0.27453368699731795,0.7195366443162154,0.000578574711729703,0.0019372279463350456
209,0.0034911927016838856,0.19694213876416772,0.7977641283477954,0.0007865149032612404,0.0010160252830917354
210,0.0030401180273037657,0.20486295809500404,0.7902108032372226,0.0007556022551430364,0.0011305183853263664
211,0.0010387224577636184,0.1949463931242435,0.8025561997967071,0.00042598568682375513,0.001032698934462137
212,0.0016611039814648726,0.1698617325303662,0.8265456220195534,0.0005670915953584249,0.0013644498732570897
213,0.0009419774376778915,0.18157714442889614,0.8159104304663277,0.00047072418152903134,0.001099723485569354
214,0.005318128640894797,0.23113404569113172,0.7572562687849697,0.002295269273710046,0.003996287609293848
215,0.007356818231565515,0.25166745743879115,0.7363322422400398,0.001983428327065576,0.002660053762538026
216,0.006999162313660172,0.27416390859660156,0.7120731296436298,0.002587408402973182,0.0041763910431353935
217,0.005830217682903901,0.35451143918751493,0.6365593795776349,0.0008150745601994292,0.0022838889917469168
218,0.014772047003755302,0.2581399219347271,0.720478174694726,0.0015442890638030773,0.005065567302988469
219,0.002972473543219,0.211135942293867,0.7838045695217986,0.0008314491675416889,0.0012555654735737025
220,0.005723981668442315,0.4563307117703363,0.5302315000367653,0.003122798698795821,0.0045910078256603025
221,0.009989501562037977,0.30891270751439714,0.6777575630304792,0.0009624952861778356,0.0023777326069078838
222,0.0028165374458920724,0.3408546427252854,0.6521731958196696,0.0009517881431136362,0.0032038358660393474
223,0.014340333753032189,0.32718195345552836,0.6548173459804271,0.0008886526138615284,0.0027717141971508783
224,0.006371455109214006,0.22953516398703833,0.7591357905682722,0.0017891640725736743,0.0031684262629016998
225,0.00404158669193984,0.22439413595033617,0.7685992773136736,0.001112851517253095,0.0018521485267972634
226,0.002482808743750045,0.17956866557671164,0.8161302536562791,0.0005430183102511327,0.0012752537130079353
227,0.008027127214036553,0.26184538632149645,0.7267774271801885,0.0010873842653967832,0.0022626750188818653
228,0.0014394635402630203,0.25789026261375336,0.7389338490229269,0.0005087845552947366,0.0012276402677619937
229,0.0037192495972111946,0.17225614659651897,0.8224331674856372,0.0005025499415482169,0.0010888863790843011
230,0.0022321562349007324,0.2542312415689209,0.7411232140205816,0.0007928932499175952,0.001620494925679073
231,0.001999829662479457,0.18771129914501228,0.8082244170306367,0.0004865747720535075,0.0015778793898178762
232,0.002297956926419819,0.14728992000312405,0.8484005529277224,0.0007174098586921604,0.0012941602840414583
233,0.005859952673947269,0.44141047671535183,0.547986302550535,0.0015268761313417868,0.0032163919288241147
234,0.0018793225941176716,0.24709788142575087,0.7487015869219124,0.0006058151855533358,0.0017153938726657209
235,0.000868634428541449,0.1361437984316908,0.8618732095374645,0.0001943560184337043,0.0009200015838695048
236,0.0013848399455881593,0.19617460258513428,0.8008039989977349,0.0003424402291566724,0.0012941182423859552
237,0.008749029596697362,0.28202980128024235,0.6992328403788057,0.0026437854072875874,0.007344543336967138
238,0.004801548264137669,0.24140717018591606,0.7516562816838546,0.0003274139964052765,0.0018075858696862826
239,0.004557755352204934,0.21757637268474314,0.7766301875938845,0.0002629998965935244,0.0009726844725738279
240,0.011855290834449908,0.2686455668693041,0.7121705788881276,0.004300159238656435,0.003028404169461934
241,0.0030458242595224113,0.11437860389001696,0.8754216655062794,0.004452883064772458,0.0027010232794086163
242,0.0011513548423610772,0.10682757173143598,0.8897875430614448,0.0016384875746089278,0.0005950427901491264
243,0.02241987512628502,0.21394016561540743,0.7135580164520317,0.0439885840517299,0.0060933587545459215
244,0.003352594729706002,0.11178626535251529,0.8793787310748162,0.0030455966505573504,0.0024368121924052016
245,0.008580476203492038,0.20420614112064245,0.782072745540432,0.0040541948229118885,0.0010864423125216715
246,0.008623681148769673,0.16988608613464007,0.8163350869606536,0.003513453308145029,0.0016416924477918435
247,0.013107054784937665,0.2024062366296345,0.7735684903043051,0.0076911269936426364,0.003227091287479967
248,0.0012177636894609239,0.07886332097311781,0.9153230955934535,0.0035325398144531693,0.0010632799295147287
249,0.008818166868267906,0.19687166451965313,0.7825930588651546,0.006588778060647454,0.0051283316862766855
250,0.0007918254310816529,0.13471025650940557,0.8630395295476384,0.0007497271192268277,0.0007086613926476372
251,0.0017704043749952965,0.09945444132877687,0.8943412868338777,0.0029632889695699683,0.0014705784927801304
252,0.010635896207661448,0.20449952340483202,0.7816306561348376,0.0016394068247756065,0.0015945174278930887
253,0.00977854034405297,0.23825650002772644,0.7482139721984066,0.0020457519310704267,0.0017052354987436176
254,0.009381369884550298,0.1659190877730057,0.8218886789487774,0.00143703336234569,0.0013738300313208003
255,0.01847824587521952,0.24205946098008896,0.7349502279545066,0.0022329275053196004,0.0022791376848653377
256,0.007358286410589556,0.18016643913871805,0.8051440186100494,0.002785704171133606,0.0045455516695094445
257,0.0021493748012586687,0.12283484133316663,0.8732264075208632,0.0008535405758952606,0.0009358357688160117
258,0.00891046101485403,0.2430497910674115,0.7425640056396385,0.0032139926255551946,0.0022617496525407814
259,0.002212199731108712,0.18683517760594495,0.8086245577903218,0.0005936919661767078,0.0017343729064477423
260,0.0010635692517636103,0.1466690138863235,0.8511623361027469,0.0004244491856494325,0.0006806315735164304
261,0.007244724191097881,0.22631708288938884,0.7631756007391216,0.001207249858423091,0.0020553423219685217
262,0.0018061124765204727,0.10081818434351218,0.895163697224476,0.0009750964803309101,0.0012369094751606942
263,0.005575488899293172,0.17263841262003396,0.8158469268280198,0.0016093158085606165,0.0043298558440922705
264,0.01651992376492108,0.35544591561549543,0.6207948067887546,0.002148724972274978,0.00509062885855379
265,0.04163317204007071,0.49165155658159654,0.4472742761489816,0.007603446929905952,0.011837548299445345
266,0.03954275409288834,0.476562237421785,0.4484228599950402,0.014738896500866199,0.020733251989420186
267,0.05542008553310942,0.29261353813311125,0.5875864191875511,0.030755367225412594,0.0336245899208157
268,0.09758536005165998,0.23032975315859883,0.6094014134337337,0.019089770047865492,0.04359370330814205
269,0.04958609286256921,0.1069120963218883,0.00487068270044483,0.0042767463610482535,0.8343543817540494
270,0.02883375331092634,0.01896130276390026,0.0002686765074854302,0.003963587296395571,0.9479726801212924
271,0.010239203553834116,0.003174260884044084,2.6008718870420008e-05,0.00879210963868259,0.9777684172045686
272,0.044152800999030566,0.030606707406262673,0.0002659340274335321,0.003911224780965321,0.9210633327863078
273,0.005477709707091658,0.0017103808111576188,1.5001156451732575e-05,0.0010792050015937808,0.9917177033237051
274,0.002210222974405806,0.00212730156097659,1.2060553415332157e-05,0.0009353406628039771,0.9947150742483983
275,0.003176597687176409,0.002045258055544509,2.714729326486272e-05,0.0008354657095420659,0.9939155312544721
276,0.0016537632932309906,0.0035719443602468767,5.318662696673652e-05,0.0007974865356401464,0.9939236191839153
277,0.0022232902835863538,0.004610137257957349,6.623940883923695e-05,0.0009038162981497132,0.9921965167514674
278,0.0031711802426345353,0.004175478919174319,0.00019971332078228685,0.0009135115557165318,0.9915401159616922
279,0.026588819951155244,0.013110803789764196,0.015587020289121052,0.0028513682163887996,0.9418619877535708
280,0.002525741306078522,0.002023007605392926,0.0006721055069934667,0.0011435871366214578,0.9936355584449137
281,0.010797551133527789,0.0007446272325225201,1.9563207774484723e-05,0.000606800315652076,0.9878314581105231
282,0.02563052620164075,0.006933144526440235,0.00015585309023117644,0.0021860270245754603,0.9650944491571123
283,0.20949461793130622,0.01566165574606337,0.000287036599382319,0.02776876955905445,0.7467879201641937
284,0.18021797049315988,0.03526370240564815,0.0002178483279186409,0.021132939206352955,0.7631675395669202
285,0.4963317494625169,0.06896887879412941,0.0004764125399951913,0.02290756105482364,0.41131539814853485
286,0.5855186208923756,0.11370244483819571,0.0007038637228211026,0.18724229680027954,0.11283277374632797
287,0.2991182278646804,0.08482965405630746,0.0002215791088645611,0.554309326716984,0.061521212253163655
288,0.401100609449075,0.08106681209885457,0.00019466396235189682,0.46940704853110155,0.04823086595861695
289,0.38492612188738823,0.13070377336927375,0.000569080743945118,0.4557772793592733,0.028023744640119662
290,0.16869454691643218,0.10234419106070179,0.0004730918852449938,0.5411254328351105,0.18736273730251046
291,0.24153812493581833,0.14086713363052114,0.0003987639402757931,0.5841272505491489,0.03306872694423589
292,0.3671499196998018,0.11103945853069083,0.0006088663262590929,0.3964897303754728,0.12471202506777544
293,0.39220677163989903,0.26557211235985106,0.001721685311851609,0.2729332501876335,0.06756618050076461
294,0.15525014692166825,0.5723325015608992,0.0042564778766373814,0.16308257934483816,0.10507829429595707
295,0.2170466470742436,0.4179236754492731,0.007047694478046814,0.23421605713099727,0.12376592586743936
296,0.19091372359208844,0.5277601107703873,0.004542753105583259,0.21434357176392985,0.06243984076801113
297,0.3956949864223399,0.15510396977830176,0.005550983955908402,0.26433382689023277,0.17931623295321722
298,0.4467848388731104,0.25748494363551616,0.0009682555917350856,0.2640600497581633,0.030701912141475135
299,0.41439759324898345,0.3389453810051245,0.0026718865426019357,0.1492600375774631,0.09472510162582705
300,0.1319220396531651,0.6826490378733786,0.007453379556276256,0.16233811226356634,0.015637430653613497
301,0.0643891083804781,0.7457023153538851,0.011005494289926202,0.15014455876203323,0.028758523213677438
302,0.1044439941145995,0.6465099564401227,0.007241563401373557,0.20303409851658652,0.038770387527317776
303,0.040149685664792906,0.7917061111701144,0.014042342306595595,0.10421678291604533,0.04988507794245174
304,0.1714923768899306,0.5494981770756209,0.019360958435231355,0.2181814145750609,0.04146707302415633
305,0.057074602064410805,0.8297840111531994,0.03109866736391372,0.0429975895970263,0.0390451298214496
306,0.14458338945914678,0.5015230374801243,0.006133101451570394,0.19684842258377222,0.15091204902538632
307,0.05057957599407339,0.9201483888214786,0.001124907523050029,0.023349333305067697,0.004797794356330245
308,0.15020397391486434,0.7598308450792591,0.0032001106960425187,0.07878530723255191,0.007979763077281996
309,0.06654897367325231,0.8792050639650617,0.001156822487319214,0.04182788045264883,0.011261259421717847
310,0.17091825183727202,0.6288248197645597,0.004072319880651834,0.11155549985571957,0.08462910866179697
311,0.2817459456677399,0.5633006987105863,0.001274505704842123,0.13702318045892162,0.016655669457910114
312,0.05083961317302458,0.903067709469284,0.001391049144055963,0.03398502386530158,0.010716604348333726
313,0.17984162136227816,0.632707628085212,0.0006642955250400367,0.17652106199520307,0.010265393032266739
314,0.07081421890250038,0.8691888648823417,0.006449437086759215,0.03156544485048704,0.02198203427791177
315,0.05263333108424053,0.8795051211477558,0.010736150767193912,0.04519663281651838,0.011928764184291505
316,0.059710278772323856,0.8590600477531184,0.012669526738598863,0.055002013019369876,0.01355813371658906
317,0.06081081342100426,0.8271104536001677,0.021685530446928343,0.0590193976526304,0.03137380487926951
318,0.1375327374236736,0.6832444294611904,0.007781315814868858,0.12219215452103856,0.049249362779228686
319,0.04517211153556793,0.9000485476661929,0.005736881596271148,0.039271958849153014,0.00977050035281508
320,0.12685648791185747,0.7715674942817781,0.0032775978809048067,0.061361474090671,0.036936945834788584
321,0.09529092874283034,0.8474417237799389,0.002629729248959745,0.03003953238842283,0.024598085839848023
322,0.21486314708629434,0.6743545424007844,0.009834016784315702,0.041207438840583845,0.05974085488802168
323,0.10225889027644501,0.8353650104459813,0.00421304178852595,0.015452541985940869,0.04271051550310676
324,0.12631885389691896,0.7465387104271632,0.00898871118873902,0.052610551586786396,0.0655431729003922
325,0.23913784723169146,0.7262812209770303,0.0006657251296021613,0.02614442254433067,0.0077707841173452535
326,0.07485265610911253,0.8927254537866924,0.01207472554902988,0.007564641539483424,0.01278252301568176
327,0.06946276188471251,0.8628921234662998,0.04091609058024605,0.010281979055687852,0.016447045013053718
328,0.05059903285861322,0.8575280062711341,0.027372752294748184,0.032830594705247115,0.031669613870257254
329,0.09038036874622953,0.7172983510380017,0.03903278995184764,0.08493201410259033,0.06835647616133073
330,0.06260598584175371,0.8379134665955992,0.0318403974172026,0.05728334357920972,0.01035680656623462
331,0.02960506351432642,0.757382749668416,0.17637838670050088,0.02958755496475759,0.007046245151999067
332,0.04379531441388562,0.7806834079472044,0.10501371085522967,0.033633860901889204,0.036873705881791105
333,0.2095535949708136,0.4099780420784546,0.1772241436682004,0.05202278966944524,0.1512214296130861
334,0.36973668120641656,0.46198900785967695,0.035584754184178176,0.08661746579048184,0.04607209095924657
335,0.13097511450776894,0.6954983404128673,0.08197846771542647,0.03699126962815852,0.05455680773577876
336,0.22226587626092814,0.3449704462141935,0.12852198690090183,0.06871960597958521,0.2355220846443913
337,0.16983630511438383,0.624542626648237,0.060779997079649574,0.074111630394167,0.07072944076356268
338,0.4556731425831655,0.3516096000162702,0.03715922170742957,0.05470077568360095,0.10085726000953375
339,0.21536160930633913,0.22382305504572342,0.12663885411328826,0.03638963988739012,0.3977868416472589
340,0.3972864351065288,0.19903788826738483,0.07552683802507783,0.07220086184548108,0.2559479767555276
341,0.17186370733242695,0.40281879554375033,0.0511628744072757,0.14419780561295814,0.22995681710358878
342,0.3791025292645596,0.1717665527580419,0.004106024485832785,0.21871281830223915,0.22631207518932664
343,0.1896446533383035,0.41940616542792863,0.03557355192969944,0.23352885231528284,0.12184677698878572
344,0.1601820332848805,0.5087610609766141,0.04151377191942498,0.2189409624148572,0.07060217140422317
345,0.23857135372787835,0.31985888032008575,0.011159127274773866,0.20936142067663668,0.22104921800062532
346,0.18880723825846524,0.2049259453293203,0.005128757434370689,0.5064543881349763,0.09468367084286748
347,0.23616825570482888,0.1475589353781916,0.003925198416170231,0.4536004913221274,0.15874711917868195
348,0.33287970972548936,0.2318996990659997,0.002890618511363081,0.40949550489188724,0.02283446780526053
349,0.28835566829747056,0.07516686561700728,0.001804426852390713,0.5803095534496796,0.05436348578345171
350,0.2163208204023271,0.25244813746760597,0.02550492543654322,0.3644643283056939,0.1412617883878298
351,0.16280552722107972,0.10154092187768465,0.0021568370267800027,0.7080741362709058,0.025422577603549896
352,0.20261707767800122,0.49899367361603947,0.0006663390389084239,0.25468076971711767,0.04304213994993309
353,0.29814221976273925,0.13422861917694281,0.0003823412309895753,0.45172441130366975,0.11552240852565861
354,0.25726253190740783,0.5801741478740171,0.001403912419447056,0.1499177733503035,0.01124163444882452
355,0.2985831414549236,0.4042627392666275,0.004202518264880004,0.2252520669440753,0.06769953406949365
356,0.296433491912754,0.18650412193046156,0.000706503602254202,0.3597216922894,0.15663419026513026
357,0.29658381765183833,0.46388033131817236,0.0007315594182562777,0.21143320636607535,0.027371085245657834
358,0.20008254871702189,0.6075219648927491,0.0006740430570108714,0.14447409196541472,0.047247351367803385
359,0.22236782611469194,0.6332572965241188,0.006979898819594341,0.08904865838065036,0.04834632016094476
360,0.2035853444407419,0.3200438640414666,0.00044407556874049875,0.42524843329723716,0.05067828265181396
361,0.41877447137957113,0.2594209216708009,0.00047964630962746453,0.26743431662223993,0.05389064401776056
362,0.18341112133147555,0.6916458358174411,0.0006616575965754796,0.11488643563032927,0.0093949496241786
363,0.14968208592588653,0.778026024657181,0.0008272317528123729,0.06587347332901647,0.005591184335103533
364,0.09040481109605855,0.7730299550024022,0.0007144837373239604,0.13045924740083648,0.005391502763378686
365,0.023296086999465025,0.9351863903507773,0.0025130737546600118,0.03370590762612651,0.005298541268970944
366,0.08250178286530585,0.6498520252513177,0.0003316902365554052,0.26253149152932026,0.004783010117500846
367,0.07294985960481007,0.7354597520420245,0.000818319876419957,0.1865599010134477,0.004212167463297874
368,0.03808085894624927,0.8814500038715134,0.0016782531891984566,0.0761421971435784,0.002648686849460721
369,0.033931546149770064,0.9188831532852096,0.00722295238695534,0.03791698857835168,0.0020453595997131945
370,0.04030034302946469,0.8376952380085568,0.004482314692396043,0.11528039580583953,0.002241708463742901
371,0.05148066927866599,0.8331784267100181,0.0018128021378048301,0.10874715212047292,0.004780949753038246
372,0.013572212845103728,0.9486636749459258,0.02047878912918939,0.015349077592598617,0.0019362454871825264
373,0.04758817377733066,0.8823269096708026,0.01342262578818414,0.04985287393617974,0.006809416827502691
374,0.024618433361026648,0.9457583020279573,0.004200543305401288,0.023090711537270533,0.0023320097683440333
375,0.013436557072752858,0.8917134052064968,0.07643461708326289,0.016279837234568467,0.0021355834029189716
376,0.12467401308175266,0.7925796015628488,0.0024976049911662485,0.05830989607381838,0.021938884290413657
