epoch,N1,N2,N3,R,W
0,0.006827660234721736,0.0013773162671810754,2.7164111877309627e-08,0.00018304001037811578,0.9916119563236072
1,0.022907286303344036,0.00587232279573087,5.98338447604221e-05,0.004535560707082906,0.9666249963490817
2,0.009815036187600263,0.0018452497220253603,8.101215971221575e-06,0.004293373777984382,0.9840382390964189
3,0.059156448900013564,0.012155112404260865,7.212419891640408e-05,0.01202859301227598,0.9165877214845332
4,0.03414752942149709,0.0064622500308694555,0.0003327447894817008,0.00733880957831287,0.9517186661798389
5,0.033667891457627316,0.003314571808608084,0.00011299284686382346,0.0023937391476789205,0.9605108047392218
6,0.05593969531792476,0.013311194369590081,0.0005675685719852311,0.006575710901505582,0.9236058308389943
7,0.03859172807766229,0.040449471811970596,0.0008441439196924952,0.0051877445835035955,0.914926911607171
8,0.012937828376882624,0.008395266495406157,0.0008962279611309652,0.000830255474873857,0.9769404216917063
9,0.03712913421774091,0.13694954583616623,0.003202814140760729,0.004026674529703744,0.8186918312756285
10,0.0030488929960360155,0.0030291243870864517,0.00018117462595214457,0.00026699978035057243,0.9934738082105747
11,0.017919333991983696,0.0028078091325979167,5.177423253214461e-05,0.00018224500063778067,0.9790388376422484
12,0.11685094009429986,0.019542333855278676,0.00403200806497146,0.001029285597940933,0.858545432387509
13,0.021962813945773,0.013533621284853952,0.004340660407551967,0.008337932592861405,0.9518249717689595
14,0.011066827803778866,0.011397841054181722,0.011584449828188273,0.0004886762193325395,0.9654622050945185
15,0.004614912870797011,0.014907602920889237,0.0010724931372029735,0.0002817361976114251,0.9791232548734994
16,0.011038619482477937,0.0038862725373509516,0.00013736213617823528,0.0004850508857708793,0.984452694958222
17,0.007822607639903707,0.009306685920650577,0.0007804531869677223,0.0006744293749959819,0.9814158238774819
18,0.0474386948737969,0.026235041465145336,0.0004537254061720609,0.0008881390815531456,0.9249843991733325
19,0.1405498355884376,0.1484854245105613,0.012205689864490341,0.016263839171076426,0.6824952108654343
20,0.012124304990559324,0.08635372594770481,0.019967467621506432,0.0007573784962538326,0.8807971229439756
21,0.00025533331441479347,0.00027717604925165605,0.00011841871398567,2.3573019955232544e-05,0.9993254989023926
22,0.00044150192925397673,0.0004181565799190514,7.198014796340074e-05,3.53794046796714e-05,0.9990329819381838
23,0.0028803952161576968,0.0008318242050033825,0.0001856134674734291,7.743637110311721e-05,0.9960247307402624
24,0.0018177312569874551,0.000433161183923362,2.0526112077219985e-05,7.444537565254973e-05,0.9976541360713593
25,0.005250779603177945,0.0005583822590528004,2.1351977098840592e-05,5.4368889952574876e-05,0.9941151172707179
26,0.003871050756060745,0.0013754520827693984,1.558298058507954e-05,6.349426273008752e-05,0.9946744199178548
27,0.0016779373145664987,0.00046263375376311995,2.109283595346843e-05,5.459965839388795e-05,0.997783736437323
28,0.00473502143004705,0.002602163971118854,0.00016877298560506257,0.0001081201645470926,0.9923859214486819
29,0.0037465958486815444,0.0011673867946550096,8.22281668489392e-05,5.503102407652284e-05,0.994948758165738
30,0.0015835449318927976,0.0009064102138190122,0.00023361923555094774,2.401689070505413e-05,0.9972524087280322
31,0.016416327664038523,0.0038611213834901063,0.0001091933146157873,7.445488438482187e-05,0.9795389027534707
32,0.015887005948205773,0.0047000076902309,0.0005035768748075718,0.00018172256568960954,0.9787276869210662
33,0.02060442227546508,0.010701431198381805,0.00018410047425513254,0.00013888242042375248,0.9683711636314742
34,0.04317815034881482,0.027356264906106455,0.0011427610993323867,0.00045459274493957707,0.9278682309008068
35,0.09136116191477667,0.049062897613365374,0.0015531228531432805,0.00036266096398338075,0.8576601566547313
36,0.016387995856008093,0.021104653050989495,0.0036709483615281874,0.00022994046798792333,0.9586064622634862
37,0.011061264303463386,0.004052565442823513,0.0004919352089791064,6.894982385996044e-05,0.9843252852208741
38,0.012253514674985241,0.0043679073826097415,0.00026518702001291353,9.657747300785927e-05,0.9830168134493843
39,0.07757606856602645,0.010149929510394798,0.00012428595526138645,0.00045106068810064676,0.9116986552802167
40,0.019188309475631445,0.009101142775718583,0.0007617518763302768,0.00014992050042829315,0.9707988753718915
41,0.0159876455492771,0.002871967658164954,6.64364315931063e-05,0.0001263949573042456,0.9809475554036606
42,0.017260613419132518,0.0023003647508952024,7.219406021164762e-05,0.00017907988880811257,0.9801877478809524
43,0.07725076390082429,0.013679623231393476,8.628032695026544e-05,0.00035294590612114883,0.9086303866347109
44,0.008814425092350914,0.0026074920220914193,6.0813182521086165e-05,8.823491907674063e-05,0.9884290347839599
45,0.008210723485212342,0.0015104123018320165,4.582442957572352e-05,0.00010651005351730098,0.9901265297298625
46,0.05441759398995295,0.004052624549032786,2.545227407200155e-05,0.00023171834545359111,0.9412726108414886
47,0.02260418133835116,0.0017121607001267926,1.2777736088009969e-05,0.00024354871087986534,0.9754273315145542
48,0.16228384013749012,0.014149557759737977,0.0003609028179056102,0.00032630300485122945,0.822879396280015
49,0.011286360441332542,0.004811649203479058,0.00037160563161659817,0.00013553744609118133,0.9833948472774807
50,0.010234585182104232,0.0010829790786040289,5.331917473665146e-05,0.00010765786815520383,0.9885214586964
51,0.00569727049797149,0.0021758918785647866,4.0300697546941375e-05,0.0001939677988601089,0.9918925691270566
52,0.005177249536858927,0.0010246462730529504,2.795354497519646e-05,6.336649615028629e-05,0.9937067841489625
53,0.006361348456914445,0.006337545769114652,0.0005671525547448538,6.687837730693215e-05,0.9866670748419192
54,0.13362257307338404,0.03004426152663149,0.0004912500172924231,0.0002442585826743398,0.8355976568000176
55,0.11456044573911973,0.04252390305027138,0.0014582423055542937,0.0002606909712412327,0.8411967179338133
56,0.10152515652661623,0.02849926387709661,0.0022301159390528875,0.00024045016582747853,0.8675050134914067
57,0.016716838570619567,0.009925195153113854,0.0008173675392274391,8.19603133335035e-05,0.9724586384237057
58,0.0822546917721511,0.02569683393193528,0.0013321637046759475,0.00022357413001488393,0.8904927364612227
59,0.052582065370547056,0.03140616610237421,0.0023464487622245666,0.00017405960317555595,0.9134912601616787
60,0.02875027726708513,0.013826533587495084,0.0015261992555709388,8.344372520995823e-05,0.9558135461646389
61,0.05865986601755409,0.010623118411864923,5.118346183951758e-05,0.0003717733159168075,0.9302940587928247
62,0.037707991434444116,0.008882164322229645,0.00015921170174348643,9.281730697947496e-05,0.9531578152346034
63,0.08113702460324804,0.01218461189743695,0.0008707419863199431,0.00021140501517321112,0.905596216497822
64,0.2425663442648927,0.03679498099003126,0.002099441201348815,0.0002122559829521224,0.7183269775607751
65,0.05680352860024513,0.09154507952443977,0.015107099262600517,0.00044076648422473565,0.8361035261284898
66,0.06049824979599476,0.018566343496826492,0.0025895618578926386,0.0005897479562261594,0.9177560968930599
67,0.00315275540086712,0.0016346617613958961,0.0003550406368865187,2.0286095062928638e-05,0.9948372561057874
68,0.009913298607201367,0.003050842364849926,0.00023854459579701845,0.00012812704096772906,0.9866691873911839
69,0.004177284738972833,0.0021742236077317034,0.00029700420081007985,3.7730605500563405e-05,0.9933137568469849
70,0.01691559995293635,0.003893750921422075,0.00019739824284381664,0.0002536754891542919,0.9787395753936434
71,0.01459564881987927,0.003935243971199175,0.0002103547263616241,0.00011147402762137198,0.9811472784549387
72,0.018633497370885585,0.0024515067894549923,0.0001987760571364248,6.686109782946043e-05,0.9786493586846936
73,0.01754848524549511,0.002821545574622769,0.0003826037208818455,0.00010391385540931747,0.9791434516035911
74,0.0031268805932924996,0.0012997500821061475,0.0002587949398200745,3.801994902627417e-05,0.995276554435755
75,0.011430732024939527,0.0016170949538705434,0.0001274667827924753,0.00013118248305831186,0.9866935237553391
76,0.015541242044701085,0.002283734041673095,0.00019606300741331867,0.00012409842558265663,0.9818548624806298
77,0.0033960858977099104,0.0029767699298919714,5.1910592779271025e-05,9.978401394288941e-05,0.9934754495656759
78,0.057378173398364395,0.009929157348816553,0.00038641964072731765,0.00035234607648797206,0.9319539035356037
79,0.0003125436816681114,0.0011402768857441345,0.00019137274364908145,1.6194853501501135e-05,0.9983396118354371
80,0.029993603060950422,0.0015884436879617827,0.00029780685990734245,3.061603102348497e-05,0.9680895303601569
81,0.04172821514017372,0.10883160693435147,0.0005387417522326333,0.0001220426683857924,0.8487793935048564
82,0.00021551063907575502,0.00020155649329774456,2.733283627556287e-05,6.239328284280828e-05,0.9994932067485081
83,0.0005668008011895962,0.001024806760805567,1.351520666846215e-05,5.029005330380632e-05,0.9983445871780324
84,0.00040549975175404343,0.0014644867067606314,2.1445799499933985e-05,5.98467594623167e-05,0.998048720982523
85,0.00696067943550459,0.0032327836111350292,3.67566395809872e-05,0.00021117858381387402,0.9895586017299655
86,0.014108606504340824,0.0031381934890232967,9.946548061180228e-06,0.00037203992288012975,0.9823712135356946
87,0.0037103320534723925,0.00023757584019939968,2.359073826338956e-05,0.00015136308531769798,0.9958771382827472
88,0.02401010614675789,0.0010843576232932293,7.417278856216429e-06,0.00052843917503567,0.974369679776057
89,0.0053680648706837305,0.0014178435517251536,5.9443631799157635e-06,0.00021056711182376625,0.9929975801025874
90,0.02552947512093199,0.005525654954761743,0.00016293309114028172,0.0004781022801760238,0.9683038345529899
91,0.049024817169364396,0.01272234952429097,9.564886458135431e-05,0.0010114542887996061,0.9371457301529637
92,0.053875821579141954,0.008766899656624806,0.0001701495951461076,0.0009721938210778744,0.9362149353480093
93,0.2902439534335884,0.05661734606317931,0.00034952833077207563,0.017356849894886818,0.6354323222775734
94,0.035338852132447036,0.006500914142393066,4.3746823569368956e-05,0.0015799613451701743,0.9565365255564204
95,0.0663923426002874,0.004623371540989558,0.00025651480210720374,0.002909684690360763,0.9258180863662551
96,0.02310777001765672,0.005000299290111588,0.0002665585366556837,0.0015273385624196324,0.9700980335931564
97,0.06661250247837225,0.009868559349797938,0.0002783528845892018,0.007378562521248319,0.9158620227659924
98,0.040301319409516326,0.013730950243643208,0.00012476860951177851,0.008700401106101853,0.9371425606312268
99,0.011988891063036073,0.0023289535041664425,0.00013471286873145265,0.0014491381866643966,0.9840983043774016
100,0.01041620243190858,0.003179068181178262,4.676419705131007e-05,0.0006805357393152237,0.9856774294505466
101,0.022468826814994448,0.00398850507264345,2.399565974698887e-05,0.0007191809240569649,0.9727994915285582
102,0.022352812043731896,0.004726610655656986,9.868763584665262e-05,0.0009278662924969583,0.9718940233722676
103,0.039837743614934945,0.02716415706307599,0.00017645803907430436,0.002920147196166837,0.929901494086748
104,0.019372000051434295,0.019392518491996233,0.0021905245355425406,0.001219454697622222,0.9578255022234048
105,0.031532072599336665,0.01964927685036998,0.0008486178596444582,0.0017256647904426037,0.9462443679002064
106,0.04589453310152462,0.01918297907919809,0.004276711104334709,0.0011010116244688944,0.9295447650904737
107,0.013176754156015125,0.016523663479260545,0.0012919851581057375,0.0005093738917009317,0.9684982233149177
108,0.13331488074471629,0.022686955269705624,0.004093106387688985,0.0024572131935004515,0.8374478444043887
109,0.056206119326140704,0.014833719194887504,0.0046209485722340906,0.0011927529987533683,0.9231464599079844
110,0.02807546089850105,0.0158090764847498,0.003424193192179109,0.0016932120975218326,0.9509980573270483
111,0.03854707370523129,0.004872538763761434,0.0004973897050828971,0.0014898686789615622,0.9545931291469628
112,0.004976654185113286,0.0187632115540825,0.006889082167971176,0.0005224355328841239,0.9688486165599488
113,0.004691586229966205,0.0033575827991342675,0.0009007241752800398,0.0005464731255860974,0.9905036336700334
114,0.005985160557967165,0.0012079314607458416,3.410892522568043e-05,0.00030830549549986107,0.9924644935605615
115,0.0035233899463197028,0.0008755634459809026,5.802500806511569e-05,0.00010480314042830884,0.9954382184592061
116,0.024589979465135026,0.0018757057919300342,0.00012117315984627725,0.00021395818709283988,0.9731991833959958
117,0.024705378659610755,0.008736846384293529,0.000834525635496069,0.0007981241463345697,0.9649251251742652
118,0.0073191002383042785,0.0032429194455117615,0.0005303251445724466,0.00016994823886531244,0.9887377069327463
119,0.03699157089522906,0.005071399281440392,0.00013408687493616795,0.0002771793794336857,0.9575257635689608
120,0.011190311275208082,0.004717796648001202,0.00030800467104505217,0.0001760619172007581,0.9836078254885449
121,0.18346880916295055,0.05615436343029026,0.0024496955570918323,0.0004909458860516953,0.7574361859636156
122,0.10752916237896457,0.042515995543330194,0.0033608221436227654,0.0010631661717633494,0.8455308537623192
123,0.06932897443654638,0.01820638806231696,0.003314062972465837,0.0004804511921570285,0.9086701233365139
124,0.17870446337994284,0.03215388609973538,0.0007741167132072415,0.0006824371776684418,0.7876850966294462
125,0.21782416320947282,0.057618339300014164,0.0073197661374131764,0.0018189611424323413,0.7154187702106675
126,0.12518989166303465,0.15475863713238244,0.010825053777955295,0.0013077034064597629,0.7079187140201679
127,0.16031978890606313,0.08218170387026164,0.010238345244163038,0.0014529043449913604,0.7458072576345207
128,0.17231723173018873,0.06988508948804337,0.005109915891522534,0.001420824433448402,0.751266938456797
129,0.18747465490097898,0.18451308169828884,0.009344046983057032,0.0014406266374669267,0.6172275897802081
130,0.2738282924108784,0.247174978378186,0.008688170101571161,0.0015783422429997377,0.4687302168663647
131,0.22390311065763088,0.272456268313507,0.024610270112218613,0.003004829447383417,0.4760255214692601
132,0.010903796573155473,0.006340200657498598,0.006643867256034883,0.00020439995426909185,0.9759077355590419
133,0.2046582014419494,0.04871947319391348,0.016010994889852456,0.002652900410330553,0.7279584300639541
134,0.0726247630615863,0.025260892461336715,0.012217567185998607,0.0010589992755724897,0.8888377780155058
135,0.04268425247380332,0.017521673896541832,0.008181747503948358,0.0005900605080229799,0.9310222656176834
136,0.07433237890794955,0.02519233513878751,0.005633863422904871,0.0011955378082901202,0.893645884722068
137,0.16274873969341747,0.058395941305213986,0.026076386859921735,0.0022192304620426073,0.7505597016794043
138,0.011610981553209937,0.0080404764908131,0.005509008755420052,0.00042481328512016767,0.9744147199154367
139,0.04021242310252994,0.01082463868555455,0.003657415269045744,0.005680753876849533,0.9396247690660202
140,0.07788037181226548,0.024231638732211305,0.00699051081792999,0.0033812862819007075,0.8875161923556926
141,0.07502037841132943,0.011212860079152438,0.0020329210059216426,0.001426121393276066,0.9103077191103204
142,0.009751457071543087,0.004201499163398888,0.0015044491987782902,9.83961779725786e-05,0.9844441983883072
143,0.05422342365339372,0.009196236466380068,0.001439962581734164,0.0004707153013371286,0.9346696619971551
144,0.0913189187336692,0.013256577712917004,0.003301259238251688,0.00012608114389882303,0.8919971631712633
145,0.0014735791667125006,0.0017179703444433708,0.00047402201479723293,0.0009869411166690376,0.9953474873573778
146,0.0005500716486975625,0.0019667330928219377,0.0001235672758118254,0.0002877129014288255,0.9970719150812399
147,0.0007930085695430322,0.0023723070271860235,0.00025456565038313434,0.0006004753719483179,0.9959796433809396
148,0.006440096804450763,0.0037433891515649166,9.893363465920384e-05,0.0003158707112532002,0.989401709698072
149,0.01755152606462989,0.0034723643080074424,5.8468591271664113e-05,0.0003636862056547039,0.9785539548304363
150,0.03851122260677105,0.003753534574436031,0.00012670533792137904,0.0003574978111696961,0.9572510396697019
151,0.05330351142826172,0.0026519793935453535,4.6636943008455386e-05,0.0010188659526119215,0.9429790062825725
152,0.044468078066566066,0.010680457509457892,0.0004470827088285408,0.001119443764718861,0.9432849379504287
153,0.009940999611980672,0.002994579127502386,0.00017585002079179008,0.00040146547769065357,0.9864871057620344
154,0.002162752654302289,0.0004699951381513167,7.677876526374197e-05,0.00020742131146414124,0.9970830521308185
155,0.01332814963817302,0.0021612620486691696,9.051677336153117e-05,0.0009305739455682654,0.9834894975942279
156,0.015591343282535797,0.0010408704154432253,4.0491338627063756e-05,0.00040093532937437716,0.9829263596340194
157,0.007791441284219666,0.0012484843093678144,9.112982538252844e-05,0.00018831066061437705,0.9906806339204155
158,0.0029877250453321964,0.0017594527375568898,0.00034338948688250663,0.0001844411213686713,0.9947249916088599
159,0.007004806725396941,0.0006036371612076658,5.609752463853078e-05,0.00029552284103853064,0.9920399357477183
160,0.022668065938056117,0.002456363987487038,0.00014126211350384536,0.0004197924864189735,0.974314515474534
161,0.040684824557925124,0.005552669462391214,4.079337497321595e-05,0.0016318870088712406,0.9520898255958393
162,0.052059009932965104,0.005121827055664917,0.00026914234714744007,0.003333816080787509,0.9392162045834351
163,0.07963113115404782,0.010732326370244575,0.0003664084116513645,0.01184139745927962,0.8974287366047765
164,0.11404394477674244,0.06851444845580501,0.006496240066477662,0.04493317543642169,0.7660121912645532
165,0.0900625393229761,0.012136961978640656,0.0004081754732412293,0.020206445364744235,0.8771858778603978
166,0.09024648047756781,0.06310821894494978,0.0030620795888106366,0.10993847658682684,0.7336447444018449
167,0.20979233637529898,0.06836035046875431,0.0005028851514685192,0.4096861741129532,0.31165825389152507
168,0.21676446440423827,0.28495810737826693,0.0017085939425235375,0.18112592424369603,0.3154429100312753
169,0.08521485754912525,0.566261792292077,0.021273188055538614,0.2927946956116603,0.03445546649159861
170,0.06426893837782346,0.6332059885814384,0.031163911121695115,0.09731694125725814,0.17404422066178493
171,0.009218612353182398,0.009944363360907512,1.8856872883413686e-05,0.013226866416280625,0.9675913009967461
172,0.2935303652366559,0.10331774891768698,0.0002994949560574291,0.31042087114133043,0.29243151974826925
173,0.3543052655016294,0.32244593790792286,0.02443849402358395,0.16076076439245746,0.1380495381744064
174,0.13874218233685734,0.05144336264191795,0.00038702681296104164,0.0630533162308266,0.7463741119774371
175,0.2087363741710784,0.2669642208725019,0.00391708700200278,0.2685589569828789,0.251823360971538
176,0.08332815508695907,0.6070382412698082,0.021020859312542165,0.22508966880002104,0.06352307553066949
177,0.24671795779959085,0.1998003978553287,0.005356586251765867,0.10011756958150791,0.44800748851180655
178,0.02627105724158363,0.7977908726963765,0.11886118745705287,0.04923720338648554,0.00783967921850141
179,0.2067506828271751,0.1868458363539416,0.0005598871142614871,0.48469994680100204,0.12114364690361978
180,0.08414712068266453,0.7972459963905315,0.03174915740844905,0.07146579713332388,0.015391928385030946
181,0.247800881276345,0.3345409350287387,0.011102079992121533,0.10364888585068,0.30290721785211466
182,0.1817049902849263,0.7333573872630442,0.022375061991256245,0.027226139742667847,0.035336420718105555
183,0.02389673358216861,0.8820500075159541,0.04781563656423221,0.030072090216482876,0.016165532121162212
184,0.044466576257363506,0.8892248884308784,0.012804514204618993,0.029671329897974944,0.023832691209163908
185,0.014130719485496625,0.8817802102718698,0.06911624027569972,0.02601031562268227,0.008962514344251328
186,0.1620691740815042,0.7129940432857597,0.023706364609449866,0.058611411191102636,0.042619006832183545
187,0.06967676785311173,0.7913401728408054,0.0447798846664509,0.005859321768193133,0.08834385287143878
188,0.02164750954274113,0.8533968973029054,0.11482909085322594,0.0011041542697764809,0.009022348031351315
189,0.02488822515354067,0.8530030207583452,0.044888313433078454,0.003187808104062612,0.07403263255097306
190,0.01318062088775663,0.9015935930771796,0.06668246412741635,0.0014107905712946666,0.01713253133635289
191,0.025797281423427323,0.5639658696088213,0.057642373070750354,0.003955025993401132,0.34863944990359985
192,0.027014233443257395,0.5446751742321535,0.31717253439706067,0.004945988726301913,0.10619206920122655
193,0.04447150349878271,0.4017609929677063,0.1339283368575124,0.0030769485161116104,0.41676221815988695
194,0.024876843872773235,0.6224869752158056,0.1515548316857527,0.002420521247787849,0.19866082797788065
195,0.005996066857009777,0.5195388937979105,0.3388979702603079,0.0014951919253034548,0.13407187715946836
196,0.018851991697285797,0.24895247693837316,0.05211484598099433,0.0007814464330793947,0.6792992389502673
197,0.015238472021028146,0.467796062750922,0.17775081898145423,0.001967968105001145,0.3372466781415943
198,0.05248368463799812,0.4661540590965933,0.18781118443826247,0.0018628571332916758,0.29168821469385436
199,0.022777934671624103,0.6706257443310664,0.22293379609117162,0.0010374990463759212,0.0826250258597619
200,0.01592103875231907,0.4144806619140754,0.5150323285000264,0.0020882922513663104,0.05247767858221283
201,0.009401723535455367,0.6322968080043087,0.2935315049544691,0.0014770319586874417,0.0632929315470793
202,0.01030681877172192,0.7055718102260486,0.2735302144508172,0.0024016452855923397,0.008189511265819918
203,0.017035436460417115,0.5182464521601754,0.4140640569550559,0.005890410802381777,0.044763643621969815
204,0.0022266164398838505,0.3324749161221204,0.6616007046496113,0.0007454075740181691,0.002952355214366183
205,0.006188322907609652,0.41680818727122493,0.572442305214324,0.0012367864557327832,0.003324398151108752
206,0.004749486187166424,0.3897043684771636,0.5943446196580496,0.0010896767463389537,0.0101118489312814
207,0.004063420124593493,0.49446708287231944,0.49787033705905515,0.0009551845241166214,0.002643975419915315
208,0.002757110271364412,0.3838325273431196,0.6097107770324027,0.000545623595086406,0.0031539617580268694
209,0.004843646242194434,0.5136447306708589,0.473492215209507,0.0009831417756521795,0.007036266101787441
210,0.001238669345534099,0.3296798021212851,0.6671214568309718,0.0003209939257563281,0.0016390777764524781
211,0.0025424498327547822,0.2754075210906168,0.7176688984151911,0.001028264122740061,0.003352866538697399
212,0.0004650878755526553,0.0842135403221395,0.9144970632016518,0.00026767712668895926,0.000556631473967067
213,0.003187803923932469,0.37870571960726324,0.6105357373049181,0.0008666642689459717,0.006704074894940304
214,0.0018854767156286857,0.18601941552889784,0.80937092196028,0.0005655793388603321,0.002158606456333141
215,0.0013777262880946535,0.1600833638061869,0.835714192677773,0.0004133736429450395,0.0024113435850004524
216,0.010608160490385593,0.3810288065799952,0.5488572997369338,0.004434724645351994,0.05507100854733351
217,0.007282111576236403,0.2640938981516816,0.7198180996531032,0.000718302750040266,0.008087587868938517
218,0.0013188002519969177,0.13376693423306737,0.862402880627378,0.00016668965476067155,0.0023446952327970437
219,0.011146956830147395,0.24844771017643014,0.7348488721951829,0.0004050547089620607,0.005151406089277442
220,0.0021793827521974078,0.11945201833627116,0.876602790567369,0.00022512262307043866,0.0015406857210919789
221,0.005032207975455158,0.21386076522416508,0.774958879139446,0.00046014692675882233,0.005688000734174815
222,0.012635778030791939,0.18410661489599023,0.7938829538591957,0.0009604148263581817,0.008414238387664167
223,0.04102874082986155,0.4245185748402574,0.5019905593354357,0.0012746108329053068,0.03118751416154011
224,0.02435796549433212,0.35947546947790454,0.3634007240952,0.0029102686342671294,0.2498555722982962
225,0.06183506430569695,0.17692827551211063,0.28978670347234226,0.007866836322023424,0.4635831203878266
226,0.12258216535192833,0.13584359117330283,0.38529357002629183,0.004912773779303966,0.35136789966917303
227,0.20665641462506437,0.17213496446702375,0.22741645246039704,0.00655634473859739,0.3872358237089173
228,0.161629589614473,0.40063357122189275,0.07033278917013502,0.004060779662771453,0.3633432703307277
229,0.21314408867928253,0.2876733962181873,0.29259649438132773,0.003926210470630833,0.2026598102505716
230,0.13969119172864763,0.5299139199245324,0.24088759425220035,0.001467805867444112,0.08803948822717546
231,0.04963044374630839,0.5834472776024243,0.352593801372368,0.0014513057990017545,0.012877171479897552
232,0.07041017753807229,0.6585855493319168,0.19294495113001794,0.0038184865041715256,0.07424083549582151
233,0.17143472813386887,0.5642819493840276,0.08073290933150166,0.0046463705596287656,0.17890404259097312
234,0.26371737572155624,0.5665685567808542,0.03873430833615882,0.01119874477228391,0.1197810143891468
235,0.01634425306860363,0.48566782245469975,0.4871689036833069,0.001376147348051944,0.009442873445338019
236,0.2663033575083318,0.5413382082853061,0.03229181979470472,0.0059542120958139275,0.1541124023158433
237,0.001976661340853791,0.18440946378268747,0.8121220134793873,0.00023249296456322253,0.0012593684325081472
238,0.04594619199534427,0.7942587157742588,0.13707302690472015,0.002184168261271811,0.020537897064404835
239,0.001265458539903928,0.10236905647611452,0.8951450126323981,0.00022627196808221273,0.000994200383501099
240,0.021935955459570246,0.7838068009584818,0.15764138190453716,0.005553064446767657,0.03106279723064324
241,0.0007797963839662634,0.1683448572579443,0.8294091609993858,0.0003537765081118229,0.0011124088505920324
242,0.04659417714724168,0.8155132930281873,0.07724648729515005,0.01183180384215652,0.04881423868726443
243,0.006606138920134649,0.40746682642605964,0.575799645360914,0.0025024832072723133,0.007624906085619334
244,0.02838339511666353,0.5001360917614205,0.4144403018463142,0.01707566811272107,0.039964543162880596
245,0.010349599152550777,0.24550993854643952,0.7134228854053905,0.01344879761548332,0.017268779280135836
246,0.026482175540582534,0.3758670221509914,0.5489961090977025,0.014814492515704955,0.03384020069501872
247,0.12333316299261131,0.47898904747198506,0.11291804576366457,0.02926086555012078,0.2554988782216183
248,0.028278084870461555,0.22630619324544105,0.06748164170957682,0.042494695307074726,0.6354393848674459
249,0.012533560680804625,0.028377656816808577,0.011279333016747712,0.008684138734251366,0.9391253107513877
250,0.08088923471698237,0.04308635395283027,0.003772139448751736,0.020157854819078384,0.8520944170623571
251,0.26312484332881836,0.28238840482781247,0.007190923008557124,0.04489657033380113,0.402399258501011
252,0.36485427143127036,0.3679129791667543,0.00950790061279219,0.06614142868029378,0.1915834201088895
253,0.010030401132973174,0.020266237533089898,0.0023701175331891375,0.013995795526409052,0.9533374482743389
254,0.048859994449754245,0.02726260418251194,0.0010763797630932743,0.017177485872894447,0.905623535731746
255,0.2613565949785567,0.12863960057339252,0.0018212878473297617,0.03490433735857511,0.5732781792421459
256,0.4032375570482967,0.25280122413328476,0.013154667922560074,0.006074342094058433,0.32473220880180004
257,0.3166821134889099,0.2284493702473446,0.0019148029055939318,0.019424770744230213,0.43352894261392133
258,0.13674675317083976,0.7370237254807362,0.02102455576493097,0.09164659968631822,0.01355836589717472
259,0.11502733097604026,0.6459146158812035,0.015365072726562736,0.10576592263464893,0.11792705778154441
260,0.022671814883838667,0.8481684052107115,0.0734915968665195,0.03873002103455103,0.016938162004379264
261,0.06151781815950563,0.86595674701073,0.02630564896660655,0.029415373809874946,0.01680441205328284
262,0.035328545758803495,0.8802008532759452,0.0692576903138376,0.003838476340714888,0.011374434310698888
263,0.1568362877962123,0.6162720035119139,0.011985855167471209,0.015193077337561211,0.19971277618684122
264,0.011771540210281168,0.9099948065433145,0.06630333020173693,0.004482013995092756,0.00744830904957458
265,0.08772187335572877,0.8440823925490484,0.03646027475186315,0.010865934848844435,0.020869524494515228
266,0.004646776451566322,0.7881940095413963,0.20008729169715375,0.0027279965779013287,0.004343925731982299
267,0.013472387687400436,0.8636555999187878,0.1115827310119996,0.003270460288902512,0.00801882109290974
268,0.023726417654230773,0.8214668878836043,0.1495755329863334,0.001122040963990239,0.004109120511841247
269,0.017217758909744155,0.7191918838328144,0.257643342450088,0.0014831717924681997,0.004463843014885112
270,0.2069056747793439,0.6573360872583681,0.027356135113416884,0.008767737578613112,0.09963436527025805
271,0.0034826830571184643,0.5199574347170566,0.472951893375354,0.0011909424539458839,0.0024170463965250454
272,0.09816983796614594,0.7887377739498559,0.09068224980213345,0.005084157355949734,0.017325980925915186
273,0.008568681669983211,0.602027714679746,0.38068556670367276,0.0010893394404331872,0.007628697506164771
274,0.08906207935047909,0.8077214307118682,0.08388944978304856,0.005028820898161278,0.014298219256442772
275,0.004567380772805934,0.3682826829453772,0.6241314853724806,0.0012007160660218127,0.0018177348433142703
276,0.11017387307194124,0.7177393777796554,0.07063588651321047,0.025201440899877685,0.07624942173531538
277,0.0919368314891585,0.8015607123382428,0.05342842909354954,0.0367506143445187,0.016323412734530453
278,0.09549900674117598,0.7981508897769901,0.03940281472788386,0.03686949206958493,0.030077796684365207
279,0.12138105982629431,0.6582230634784023,0.09562068662520656,0.07151340880471874,0.053261781265378186
280,0.08272074550620824,0.3889295828688568,0.05871163853343896,0.013590390626828435,0.45604764246466756
281,0.023959266179783757,0.0841844000347039,0.014590437254997679,0.008925630084744741,0.8683402664457699
282,0.031865100821697676,0.10173708090466177,0.0036534651033135316,0.008434037701411113,0.8543103154689159
283,0.19113419649901936,0.1805624572450503,0.005289904741348592,0.034758925688994746,0.588254515825587
284,0.16716286781821071,0.2016324568988543,0.0037518767828310924,0.01570223433821915,0.6117505641618848
285,0.12597462793324227,0.14764101543338642,0.011977795297999588,0.029244620925916853,0.6851619404094549
286,0.06284119903370619,0.07997490297217706,0.006771554463731008,0.011428180453038955,0.8389841630773467
287,0.024153043509823596,0.0504935303620429,0.006940379491301132,0.0043576046657675,0.9140554419710649
288,0.0839796431639114,0.1376482228023168,0.005168059402281606,0.0076421012490789685,0.7655619733824112
289,0.23308835664427394,0.2886027620911158,0.010520150188560827,0.010200836985108189,0.45758789409094114
290,0.06620343247970817,0.09202096475552267,0.005618540706044264,0.006226101428791896,0.8299309606299331
291,0.10081891621768303,0.2874807364460679,0.012089244335947155,0.010275598740806954,0.5893355042594948
292,0.12009824364923274,0.32615510102091333,0.03162866870791651,0.013379361975367588,0.5087386246465698
293,0.06217382322956458,0.04726804258733092,0.0061724515405359994,0.006185954602157056,0.8781997280404115
294,0.10630402639906847,0.1759494045769202,0.024132343287977587,0.009213052274840528,0.6844011734611932
295,0.1754356545573089,0.1304230765218384,0.020303142124323766,0.012755410648814481,0.6610827161477145
296,0.14442922414898077,0.11538261408702935,0.019242661197681185,0.004517013515112924,0.7164284870511959
297,0.036819908719408524,0.04250590197701473,0.006848034390515402,0.0007711218286418075,0.9130550330844195
298,0.25175672432454066,0.14541407608153104,0.004412376810967954,0.002948310373367249,0.5954685124095932
299,0.27285984994883317,0.2029574150347239,0.006697135932741438,0.003914075737214356,0.5135715233464871
300,0.26595017436651514,0.20409685811931252,0.006422209259761049,0.0082449726944318,0.5152857855599795
301,0.07925469864942541,0.5530023369417726,0.01634113020259906,0.008573696795153376,0.3428281374110495
302,0.11690134100435294,0.38712843872067126,0.020495597840862266,0.008949651378308505,0.46652497105580504
303,0.09584941089398585,0.27538766417282484,0.006247545240057506,0.00719768019272122,0.6153176995004105
304,0.15491075175519706,0.6687514739165238,0.020837650650873334,0.028985909144838087,0.12651421453256784
305,0.11449778976285893,0.4504549248659869,0.013901704281437036,0.02316136072642154,0.39798422036329556
306,0.015214087567727255,0.009228670616161169,0.00026910162414825115,0.0027335517097832637,0.97255458848218
307,0.08457966287808366,0.1822041342009022,0.005472192633754482,0.020557696104297595,0.707186314182962
308,0.172945981846706,0.5392807819950657,0.012221243137146372,0.03811959960467177,0.23743239341641023
309,0.041055202026956644,0.008114499633957545,0.0003966721545905351,0.0037947772104499496,0.9466388489740454
310,0.02783146307708726,0.01968128643827431,0.0014626615617335562,0.005139538738097845,0.9458850501848071
311,0.21953650671708716,0.265205045830324,0.004641934313115785,0.022292420716939158,0.48832409242253405
312,0.10715953904468523,0.02967251238242394,0.002293866042131148,0.007152931164036819,0.8537211513667228
313,0.055983332386483606,0.03375669005742458,0.003184270153882761,0.006504105184233361,0.9005716022179758
314,0.13087608013613902,0.08379826890700272,0.016946824199455996,0.008032502837263034,0.7603463239201392
315,0.23552500803919857,0.11533574641426356,0.029703152861468365,0.01340683273556065,0.6060292599495088
316,0.013435674591657934,0.0032264987321005694,0.00229037752320641,0.0009307173139148162,0.9801167318391203
317,0.2683297726325232,0.039408856032022904,0.0007076619767504393,0.0034383892605129762,0.6881153200981905
318,0.24468613035886952,0.08397406395278308,0.0015584739362540362,0.003652538286871578,0.6661287934652218
319,0.06858705042564037,0.10927051720080398,0.011835687323076468,0.002674507823806581,0.8076322372266727
320,0.1833168367622942,0.5684631085867475,0.013994870185013329,0.008034628257272396,0.2261905562086725
321,0.18800205516675225,0.6586228696488178,0.020249386096225896,0.012188216180362314,0.12093747290784165
322,0.18042141651858729,0.4439628772076734,0.022484259408080038,0.014805827406043762,0.33832561945961553
323,0.10960068438207372,0.31997279952514135,0.0076295431776441675,0.026762610832189886,0.5360343620829509
324,0.21226264113429694,0.568534186975139,0.006965633148839123,0.10470334264793608,0.10753419609378892
325,0.024089106866836817,0.009537275469610834,0.0003504794536890611,0.00916367009678378,0.9568594681130795
326,0.014260675220791831,0.0132293433907803,0.0009604425628740719,0.005127966795106519,0.9664215720304472
327,0.3375010727601211,0.16385248157723292,0.004663711556141814,0.3813713950336606,0.11261133907284364
328,0.1713416397113282,0.18172045734363065,0.007050910553872301,0.33851223337900527,0.30137475901216365
329,0.19003664302982895,0.14943141783205752,0.0036772948100316227,0.5119432903438365,0.14491135398424554
330,0.09267913715848151,0.21308077668160155,0.006885901459773744,0.572404281297287,0.11494990340285612
331,0.01857387810392548,0.003768073768553886,0.00020352619860188395,0.06727877298356749,0.9101757489453514
332,0.1380572673052946,0.042664184224434104,0.0009656000644500458,0.3331977997241889,0.48511514868163236
333,0.12613553789618595,0.11571106215016375,0.0016909474129458734,0.6046493115728456,0.15181314096785897
334,0.17710192170961767,0.10924959331355678,0.0023457979443377553,0.2368979050999972,0.47440478193249064
335,0.09480543798105087,0.1749246818910852,0.0015250109029015155,0.3471890891924574,0.38155578003250507
336,0.06258525927792398,0.07539865021465778,0.00106621991821939,0.22215689370731354,0.6387929768818853
337,0.05008150560791491,0.5499470225406666,0.005465321733913367,0.3593694277781892,0.035136722339315904
338,0.07102043716953335,0.055668781740406355,0.000692830314661069,0.14669373977915492,0.7259242109962443
339,0.039309407410963886,0.023470737063478686,0.0002843826826945916,0.038000439364247705,0.8989350334786151
340,0.036779068289670584,0.010520466794023423,0.0002299373562864071,0.025072785980593117,0.9273977415794264
341,0.06046508116562229,0.0059295087248169,0.00029775007100767565,0.043901370482023076,0.8894062895565301
342,0.03420135216871341,0.0029394487428461616,0.0001779046484628026,0.014741166955191459,0.9479401274847863
343,0.04190756847223776,0.005516232774825943,5.0131387165730416e-05,0.022538692163340642,0.9299873752024299
344,0.028814602137281292,0.0038493166919233036,5.2527258675308814e-05,0.020863134354521192,0.9464204195575988
345,0.22491752275110685,0.04063389453079245,0.0002247683365071604,0.38920680273409736,0.34501701164749615
346,0.09612062504397681,0.009963732029975761,8.20834057731557e-05,0.08103282306314187,0.8128007364571325
347,0.03695086182416046,0.0072844619105435745,0.00017870142263160912,0.12594858770313686,0.8296373871395275
348,0.13150013665727375,0.03353553488619741,0.0002271673445581593,0.4584496492410221,0.3762875118709487
349,0.10375307547319208,0.02863638071420542,0.0013811795168477046,0.15385351607540484,0.7123758482203499
350,0.207487641217935,0.03482860335264559,0.0008300835552100567,0.48188752208929975,0.2749661497849095
351,0.10431515624821475,0.26512756260357,0.0023510315736835594,0.5708590803963399,0.05734716917819185
352,0.06099151045143157,0.45996007246082765,0.0033916700033716145,0.45095544050942943,0.024701306574939755
353,0.11394548621039269,0.41187118565791037,0.008509214314224729,0.37526458458134637,0.09040952923612595
354,0.23435416660244762,0.4832519132871297,0.004189541076602841,0.18936314029896562,0.08884123873485421
355,0.10755016672046176,0.801751498626355,0.004874073117653049,0.0655966625506143,0.02022759898491602
356,0.07582096571568074,0.8775884725745252,0.013211627939144842,0.021496368707922018,0.011882565062727116
357,0.15914732401989815,0.7062616019997621,0.022288173422438544,0.07255755023586079,0.03974535032204015
358,0.035470951045401856,0.8456822813838695,0.05948169107275144,0.05162113047179457,0.00774394602618271
359,0.009753804781150476,0.8316179548421778,0.14321355541288958,0.004578593208308019,0.010836091755474215
360,0.03170350441312523,0.8419128553101344,0.09890715402663182,0.007160541904978997,0.020315944345129566
361,0.006105861592947209,0.6773202649430159,0.310595262088393,0.001821599380721589,0.004157011994922166
362,0.013813352556025567,0.7215818692111478,0.25147260153477574,0.0020390290825554064,0.011093147615495522
363,0.07979250541140674,0.8000198954482765,0.07849038367253482,0.005171098306281794,0.03652611716150005
364,0.004966636203261723,0.5796470279482326,0.41059713058974745,0.0013226384764207506,0.003466566782337578
365,0.07227481276796709,0.8561526741990046,0.015850968983397384,0.005959375577179535,0.04976216847245136
366,0.014101566511376798,0.7180911306016586,0.25575098590904527,0.0035187885168127308,0.008537528461106458
367,0.09020101070440469,0.8415157956946437,0.02019623900135025,0.009630422620737112,0.038456531978864054
368,0.019433757033986712,0.8471148424020635,0.11277325161993029,0.007177383981917091,0.013500764962102384
369,0.027878165794241048,0.8001352988441769,0.16032666525192613,0.0019885590442653253,0.009671311065390641
370,0.10418879526637888,0.8025443698882783,0.05138412300958533,0.004106582087019573,0.03777612974873783
371,0.02582935608820805,0.93460595820248,0.025401578733532063,0.002751319568769346,0.011411787407010784
372,0.10182049811830149,0.7731852357729618,0.032073522036533166,0.004424266406265323,0.08849647766593816
373,0.013094311180864507,0.7712493083487514,0.2012380475221603,0.0012390612384656078,0.0131792717097584
374,0.04901754123815892,0.757089866180332,0.12429429771268713,0.0028610757208460532,0.0667372191479758
375,0.013151115233785786,0.8276614775288875,0.14238499377023053,0.0013798978188163768,0.0154225156482798
