epoch,N1,N2,N3,R,W
0,0.00030427901717103675,4.287674409076317e-05,2.6086301233771567e-05,0.00030402703428264986,0.9993227309032219
1,0.002598707231138007,0.0002574514972550538,2.05018100221705e-05,0.0002049072815144695,0.9969184321800703
2,0.005119064297048302,0.00017816669616260383,5.870029573142893e-07,5.5854349025668384e-05,0.994646327654806
3,0.05501839008020658,0.0006313737700692618,8.919961113644484e-06,0.00032176875379293703,0.9440195474348175
4,0.019409076852032858,0.000615311477325415,3.6943797997568043e-06,0.0013017627907845153,0.9786701545000575
5,0.3024929684505833,0.004194699058303037,4.06612881084849e-05,0.0008714651673005464,0.6924002060357046
6,0.3664388891638966,0.005857296298918282,4.144071954790069e-05,0.0014689893276105446,0.6261933844900267
7,0.48977973671541836,0.026950079177503156,0.00016385637784289045,0.015937941884198024,0.4671683858450375
8,0.26066259927969093,0.04287800477755635,0.0002701815888601972,0.03131674750234364,0.664872466851549
9,0.16225421945190227,0.02153066081465194,0.00021263604265717148,0.011764883038793285,0.8042376006519952
10,0.020881636195560764,0.011043431915870455,0.0017274643396162448,0.0003772446422230732,0.9659702229067295
11,0.03417291031559717,0.005804664036157873,2.4029860787706755e-05,0.0030850850200887818,0.9569133107673685
12,0.8336508542026811,0.012110815122884557,3.480976547495513e-05,0.002517406755635979,0.15168611415332323
13,0.8555153902852186,0.04310568716430482,0.0001152589004518969,0.0032210102969874926,0.09804265335303733
14,0.8801863663126549,0.07902675642040805,9.425171344386589e-05,0.007713230652636675,0.03297939490085645
15,0.11007543313406508,0.8500857642023291,0.006721608373234043,0.013630312475477604,0.019486881814894094
16,0.054316375438076575,0.9101014504623439,0.0029206253237589307,0.02183373185418561,0.010827816921634948
17,0.03753331974273999,0.945486595383044,0.0021129514903597017,0.005756677191077997,0.009110456192778156
18,0.012503055892851243,0.8885530386309308,0.08837798812515185,0.0014899279750904052,0.009075989375975582
19,0.019197876893883994,0.9530347969634456,0.014403298162272081,0.0008690805202915125,0.012494947460106641
20,0.013012958450230578,0.9267633982629045,0.05310802299267575,0.0002754384396180995,0.006840181854571275
21,0.0026520375143164712,0.6923712266066874,0.299205610235286,0.00012923522884808242,0.005641890414862088
22,0.019145528775883165,0.941743502406525,0.027033543123323775,0.0010502084056068627,0.01102721728866114
23,0.006237302789149645,0.787311340017301,0.19686362452689155,0.00019965889980997194,0.00938807376684785
24,0.003908004478886384,0.48958813860947326,0.49405501458057166,6.844933210285824e-05,0.012380392998965756
25,0.002258154432745456,0.34455083151618837,0.6171526477988506,3.588193004812052e-05,0.03600248432216754
26,0.0037618508615717646,0.732560353301831,0.24618668446003436,4.831689449504648e-05,0.017442794482067918
27,0.00213778368279155,0.3619866060049398,0.6254672848626207,3.861232606883206e-05,0.010369713123579188
28,0.0012404283436667476,0.15348882057587243,0.8403027106680797,2.092276712414749e-05,0.00494711764525695
29,0.0014170725843089499,0.15045833685316573,0.8433000021218454,2.3847954332108117e-05,0.004800740486347757
30,0.0008186132535164115,0.15361828338572148,0.8426851064356128,2.039688920748024e-05,0.002857600035941822
31,0.001918845849586438,0.46360158026545983,0.5270064868592089,2.743309960346488e-05,0.007445653926141398
32,0.0002292052671085471,0.07891006265938084,0.9189737957290758,5.966551228476393e-06,0.0018809697932064037
33,0.0005391012825357278,0.07143094251321314,0.925112911438559,1.2498586755888737e-05,0.0029045461789363944
34,0.00017521159438593033,0.032638051637667906,0.9655377185235734,6.153663510215842e-06,0.001642864580862603
35,0.00044075519971340996,0.048243492037219296,0.9471490233518456,1.7948541270770075e-05,0.004148780869951027
36,0.0012691808448037566,0.15189055647469837,0.8311302114345046,3.474220504690554e-05,0.01567530904094637
37,0.0008201817532918827,0.1317398679269143,0.8610001416893974,2.148003644101673e-05,0.006418328593955268
38,0.0010812370107899454,0.06197602710714432,0.9062838098547975,2.0039542206076074e-05,0.03063888648506234
39,0.007327159649324022,0.07629727170798713,0.8525718004880669,5.6726192095716516e-05,0.06374704196252627
40,0.001227638655704713,0.07246507715897053,0.9196457445130349,2.398139765109039e-05,0.006637558274638679
41,0.00146825229335603,0.02816073395447235,0.9676635837867965,1.055638558340269e-05,0.002696873579791593
42,0.0005484577019799222,0.025640524545218497,0.9689753298212965,4.015554347389966e-06,0.004831672377157561
43,0.0009482122007631115,0.03095626363571474,0.9654477352109077,4.082875081910994e-06,0.002643706077532642
44,0.0002215679072548986,0.009651843036994798,0.9893780314651206,1.020419912898501e-06,0.0007475371707168654
45,0.00013889096214650008,0.008198664727763932,0.9908595275582696,9.669745941216773e-07,0.0008019497772259242
46,0.00010648954451968827,0.007425689780371632,0.9910766305127721,1.2506239793811318e-06,0.0013899395383574849
47,9.520232184521453e-05,0.009582596033325352,0.9891394829693598,9.375577144210965e-07,0.0011817811177551412
48,0.00021188775643360625,0.01150013020507902,0.985816977042826,1.4414453588008505e-06,0.0024695635503025203
49,7.527697429261466e-05,0.005265108972513081,0.9930413646482855,9.651605381587493e-07,0.0016172842443707026
50,0.00010194627704607433,0.007178339725836913,0.9907803511681792,1.4832866938001763e-06,0.0019378795422441673
51,0.00011987692745844483,0.013277290367638852,0.9835304573465602,1.834172047759156e-06,0.0030705411862946
52,9.75294050361425e-05,0.009886692620956756,0.9888770338403421,1.0340452169819478e-06,0.0011377100884478884
53,9.443398880818196e-05,0.010140256026980392,0.9890423386473586,1.305967425886299e-06,0.0007216653694270562
54,6.910477156356114e-05,0.008445215930097073,0.9908976612631023,1.4486784252029728e-06,0.0005865693568116359
55,0.00022559396074179342,0.02743146683790285,0.9712677411024673,5.103384558443177e-06,0.0010700947143295846
56,7.611985698612414e-05,0.013439499501784429,0.98588918259387,1.9414897047260426e-06,0.0005932565576546572
57,3.6690431562909753e-05,0.004713078737745936,0.9946162436173002,2.048197243025112e-06,0.0006319390161480355
58,5.464586811747809e-05,0.006922864475373604,0.9923583825343124,7.526335992707703e-07,0.000663354488597472
59,9.229257660180305e-05,0.011812602753465283,0.9861761093951585,1.4809560616135854e-06,0.001917514318712639
60,7.234798730808882e-05,0.009951796147744952,0.989132554206749,6.16169523142745e-07,0.0008426854886749192
61,5.2090565563978345e-05,0.005445905081132246,0.9937950981238005,7.316509766052927e-07,0.0007061745785266812
62,7.090103560638563e-05,0.008705358232515437,0.9904633282619417,7.425855678161347e-07,0.00075966988436867
63,0.00013469697512756405,0.006417220087030764,0.9906328632561864,9.71862471899448e-07,0.002814247819183387
64,0.000137748511912518,0.01066289313690821,0.9872668749533069,1.5623428062239057e-06,0.0019309210550662354
65,6.899137255330294e-05,0.00802595522279466,0.9903419150884144,2.6802725233915824e-06,0.0015604580437142122
66,5.910615518914887e-05,0.00716003499930471,0.9913515572116406,8.799935552646531e-07,0.0014284216403101927
67,8.918674616455278e-05,0.006859569454997432,0.992038986607329,1.3454217699572312e-06,0.001010911769739243
68,6.69461031941623e-05,0.007671240672531033,0.9902557317430511,3.1325082610022437e-06,0.002002948972962576
69,9.605687702412149e-05,0.00926344359539635,0.9890320027771311,1.7644426203870208e-06,0.0016067323078278722
70,7.87590625691578e-05,0.0068063479514087685,0.9916049149137245,2.6139327139682544e-06,0.001507364139583612
71,9.89617652955922e-05,0.009547440346640122,0.9877760293646165,2.1296585417516274e-06,0.002575438864905949
72,6.765597504772502e-05,0.0065668547722977704,0.9899123595599316,2.3813501456467428e-06,0.003450748342577311
73,8.028052178094978e-05,0.010041546438744026,0.9875761195842762,4.5401990029871345e-06,0.0022975132561959145
74,0.00013199853721533697,0.0101810938538111,0.9824069884498156,1.0772325936272307e-05,0.0072691468332215904
75,0.00020678663603395953,0.012107649828533998,0.9841223656070153,5.918119310841796e-06,0.003557279809105926
76,0.0001999747230389711,0.019371448948603643,0.9767260448023906,1.2036899442759421e-05,0.003690494626524126
77,0.001437266484692656,0.031238943136347615,0.9324735939912449,4.8492139448502864e-05,0.03480170424826638
78,0.0008117438496162327,0.030048256194731532,0.9060573497235336,3.0598317465432774e-05,0.06305205191465321
79,0.0010411113988984132,0.05029281506148713,0.9356916088255051,3.275735987868e-05,0.012941707354230756
80,0.0016834308754009935,0.05285986929409152,0.911440847877406,0.00010270442209297488,0.03391314753100848
81,0.0002912514335918214,0.014907835749277717,0.9766477691614031,2.6899449743660314e-05,0.008126244205983619
82,0.000518526980923959,0.023327072383823512,0.971732066359125,1.5125165085866015e-05,0.004407209111041646
83,0.0003510949646096359,0.010954378031237198,0.9828050446010885,3.650995547937034e-05,0.005852972447585264
84,0.0018044965713825487,0.046258186837388485,0.9332308367694094,4.893001454010361e-05,0.01865754980727961
85,0.0003209066625424964,0.043950885404135366,0.952985309382024,1.9016714285903447e-05,0.0027238818370123284
86,0.00042572196093335226,0.020144436286286056,0.9765712384784571,2.280778701515461e-05,0.002835795487308215
87,0.0005112465568091608,0.048635677150058294,0.9483760592903032,3.30467718023077e-05,0.0024439702310268935
88,0.0007505723216841787,0.0798465059817289,0.9155141076051249,7.264828435790415e-05,0.003816165807104325
89,0.0010819986754478366,0.1933445575105913,0.8029964657258017,0.00010992040150447286,0.002467057686654633
90,0.0005348635718355768,0.03014847949201262,0.9675210166339551,4.9471749771164847e-05,0.001746168552425659
91,0.0007052180492105416,0.048142058955572394,0.9485263728943968,6.571398197302728e-05,0.0025606361188472843
92,0.0011046297016569578,0.1655025144029288,0.8290497927089374,9.851430214425119e-05,0.004244548884332642
93,0.0014985109334636738,0.07144884203376509,0.9226326930124831,4.977684640458131e-05,0.004370177173883666
94,0.0010136571858402326,0.06796543035942526,0.9283314968129092,6.788571793751677e-05,0.002621529923887799
95,0.003943278460754927,0.21384878608623825,0.7698417021697644,0.0005326368608017364,0.011833596422440591
96,0.0060406988938749365,0.3463344936380603,0.6365276720084926,0.00021175046756467732,0.010885384992007568
97,0.0016912794406925506,0.1193837220570349,0.8718476439613911,0.00016611351959051326,0.006911241021290898
98,0.014082311131926884,0.5103668400482378,0.46741628751187114,0.000795097701025831,0.007339463606938326
99,0.019097611763674548,0.7870557631593753,0.1665239977189672,0.002201364156699877,0.02512126320128312
100,0.009612050860951314,0.48397575008151694,0.49083072664583954,0.000794885451704637,0.014786586959987552
101,0.0063567009276908676,0.41302320417430033,0.5691321373132883,0.00045960366155141553,0.011028353923168935
102,0.02157933483723567,0.9223305233383745,0.046478085008941426,0.0018877404208103574,0.007724316394638201
103,0.009214708115312066,0.6838515316900163,0.29452325967118387,0.0005335309461877544,0.011876969577299818
104,0.00896697381097881,0.858845765319575,0.12582031952334968,0.0008214479457244308,0.005545493400372067
105,0.007916636885673256,0.7604675167575105,0.2254238673139377,0.0003026895356782802,0.005889289507200218
106,0.0023311290611502094,0.40409091377902967,0.5888013464922414,0.00017882827615524515,0.004597782391423611
107,0.015262219793226303,0.722350924691993,0.2392168337851515,0.0008048586263802495,0.022365163103249024
108,0.028216859171622137,0.8098700055002506,0.1513462277186487,0.0011723801840727668,0.009394527425405844
109,0.007199078713598985,0.49665764181717,0.48929349368526953,0.00045213321533844295,0.006397652568622969
110,0.007557814563046,0.434805128861309,0.554267605564534,0.0004742917861202335,0.0028951592249907097
111,0.01279935507503154,0.7458984391685789,0.23204388143070354,0.0014870302347536487,0.007771294090932559
112,0.015981881878248023,0.8385545403264552,0.13556813146120944,0.004451116803161586,0.005444329530925652
113,0.005650412093087022,0.7119316389071965,0.2764757657858011,0.00125299046975898,0.004689192744156508
114,0.002798307009100217,0.5024835591731821,0.49175126450455164,0.0008642229581076852,0.0021026463550583557
115,0.10963719618151743,0.7968162063896608,0.017403644353415987,0.006972168074697523,0.06917078500070836
116,0.057098875316838014,0.8526884871651561,0.0763897096856106,0.0037698609242774153,0.010053066908117927
117,0.0462054184429003,0.9242345589644653,0.01954876461908926,0.0019071956178690675,0.008104062355676227
118,0.09793760542633458,0.8617705016780876,0.026737890476643822,0.0020427533715656654,0.011511249047368517
119,0.013347929203059989,0.721070903792163,0.2575588866514508,0.0015100014041559905,0.006512278949170207
120,0.03385530505554625,0.8642670971618049,0.07254504747342598,0.02178354385283166,0.007549006456391288
121,0.008764971812163173,0.5487704625225,0.4286143696984385,0.0060005199971423255,0.007849675969756073
122,0.01747805162850075,0.7350229407443264,0.16158216674575246,0.0642931547702616,0.021623686111158592
123,0.035905925636039886,0.7327218871952117,0.11424040154050565,0.07414456222518624,0.04298722340305642
124,0.13120184843607272,0.6194737605060071,0.022943264472511226,0.1298146124799108,0.09656651410549814
125,0.07923237830028376,0.7022946646245269,0.005721409536406657,0.17176846668511714,0.04098308085366543
126,0.07934174014764889,0.04655990866454114,0.00042935190580215015,0.01085639886710087,0.8628126004149069
127,0.8378951584494074,0.08158715252746458,0.00010965221929721373,0.014704888511807065,0.06570314829202349
128,0.49254756714891595,0.4114915443508959,0.00046323768749603896,0.008952816062825714,0.08654483474986638
129,0.14287670591402543,0.8316986766838872,0.006926852433602389,0.0018420346430911992,0.0166557303253936
130,0.09422430172503923,0.7960979023043868,0.008373147685924096,0.05730332189575134,0.04400132638889859
131,0.0502733426124123,0.7932151473120062,0.003810963705318242,0.04967176400662092,0.10302878236364232
132,0.03981815895126572,0.8030229079012612,0.006093411683195238,0.04436231173310727,0.10670320973117042
133,0.007312412711705888,0.007139561751931566,0.0001533222751267712,0.0019322756859527018,0.983462427575283
134,0.08553691939244355,0.011324305323451361,8.002030812790042e-05,0.0007070066692784803,0.9023517483066987
135,0.7341828007204378,0.05396388270220723,5.0291208661196974e-05,0.002026953909428948,0.20977607145926466
136,0.8059930841950156,0.171482564611281,0.00018230808051130837,0.006189136311104696,0.016152906802087665
137,0.07624849142376931,0.8775467180713782,0.022668181630813106,0.0011900243027401505,0.022346584571299184
138,0.06948463804365503,0.8961766141188983,0.0019127659586906267,0.026152279618502774,0.00627370226025346
139,0.01910644355620104,0.9241328221949441,0.0061160395415104235,0.04267188147267557,0.00797281323466868
140,0.02271818802023759,0.8711378656471143,0.008739598179395222,0.06434252968666498,0.033061818466588025
141,0.02875556358805593,0.912833207492165,0.008707409951368544,0.029407273738990512,0.020296545229420225
142,0.014235617355796683,0.933217464810201,0.039840168577949635,0.008529130684467761,0.00417761857158499
143,0.0684016658970484,0.87876497776739,0.020784294962700893,0.026545136134603943,0.005503925238256897
144,0.29298380880386715,0.569330280583939,0.002220135811694442,0.11849543378988654,0.016970341010612896
145,0.20289300852688946,0.6903387916670487,0.0025854613628744833,0.0963181931537865,0.007864545289400917
146,0.06564656479448085,0.8978582531977679,0.01667098190987147,0.016115180923282575,0.0037090191745970122
147,0.032995829935073925,0.9495047389323414,0.008822931431482784,0.004726919096399978,0.003949580604702072
148,0.021512855889864155,0.9164670976555781,0.049544296804887374,0.005699585995383315,0.006776163654286986
149,0.025273655555226284,0.9152643392397883,0.05193925508912979,0.004079152355127704,0.0034435977607280097
150,0.00654946472359348,0.7867281565302773,0.2007400536209484,0.002695077183299922,0.003287247941880972
151,0.012646099733204992,0.895706384010179,0.08338423080461375,0.0022231649133187593,0.006040120538683668
152,0.021074123727251138,0.9387571505792969,0.03231875235457737,0.003474181136141509,0.0043757922027332806
153,0.013881224650998083,0.8066105868332323,0.17278482350704932,0.0012417424010647917,0.005481622607655426
154,0.018450287040608852,0.7321299082767795,0.24177107703979805,0.0017693413045940104,0.005879386338219551
155,0.020146512024594516,0.8300521552198302,0.14278904432062411,0.001225833473559581,0.005786454961391645
156,0.03454575826678217,0.8770982894207037,0.07646194538349775,0.003970211847432065,0.007923795081584443
157,0.005475524802217107,0.6125067315539229,0.37205207583848054,0.000649314921358771,0.009316352884020796
158,0.019732853471165598,0.7496701812172578,0.2188439019314661,0.0026941351214558582,0.009058928258654605
159,0.01116461479894,0.6471829332787019,0.3331027738405574,0.0014549303655367345,0.007094747716263954
160,0.01753808097811314,0.6036152444461945,0.3715365018829996,0.0011165193989231923,0.006193653293769519
161,0.007778319804392684,0.7858015497339385,0.19191184568092798,0.0009657081186338633,0.013542576662106919
162,0.003122148403881894,0.38070691146306074,0.6124391212196337,0.00043083771443019024,0.003300981198993406
163,0.03520528105777065,0.8859298813498766,0.06934194849517121,0.0033138442984307075,0.006209044798750983
164,0.003920090171634303,0.4672154651138038,0.5249940685861967,0.0003281068768909347,0.0035422692514743325
165,0.006120577790786358,0.6333638338320146,0.3529283959775991,0.001369105393515591,0.006218087006084358
166,0.0025242355134524655,0.7264593733812353,0.2680653646841019,0.0004501307297829641,0.002500895691427508
167,0.003178523779916855,0.4758014047486466,0.5165190007405429,0.0010623026476408743,0.0034387680832526604
168,0.007694566754464722,0.6761078710993076,0.3097146092046699,0.0014576000196382395,0.005025352921919535
169,0.019490856012996816,0.7673901310812136,0.19968611372281414,0.006283683727465373,0.007149215455510008
170,0.0038399890249764864,0.6088144556674799,0.3800777476029251,0.0030814341715271914,0.004186373533091321
171,0.004159759120071615,0.3538902659505721,0.6271964995119859,0.005621044552460042,0.00913243086491054
172,0.011567546760711707,0.4970151297895094,0.4560144914482209,0.016607078503962296,0.018795753497595522
173,0.006533526219025622,0.3694217227777244,0.5916964432737201,0.010352059639101598,0.02199624809042832
174,0.00873991138743133,0.5934103161553825,0.36580759149907816,0.01191413002338876,0.020128050934719175
175,0.001988880591156285,0.008594002825727176,0.0016012639859039558,0.0010382583941021164,0.9867775942031104
176,0.09421740197536789,0.044788347904395336,0.0005704085259253183,0.0063599469479912255,0.8540638946463202
177,0.8238669456815323,0.10459668983007267,0.0001911074355020715,0.0010348750883238912,0.07031038196456907
178,0.8274761318207625,0.15809510850737746,0.00031193752405676937,0.0022921805288491416,0.011824641618954022
179,0.4888908034404866,0.4646884956853156,0.000480981231527824,0.016583302978205032,0.02935641666446506
180,0.14906880389050786,0.7926092529167834,0.004791212782029309,0.02693216292738406,0.026598567483295355
181,0.05924382223672493,0.8713629738840973,0.004472301373787869,0.053709647048654406,0.01121125545673555
182,0.007932765592773023,0.9229872699491947,0.024646108178150713,0.03672545694713407,0.007708399332747761
183,0.0116005874173251,0.9071136334917153,0.03267379824223961,0.042573101468798356,0.006038879379921607
184,0.016571071599348536,0.8083469709704683,0.13452786452766463,0.033866957405407266,0.006687135497111235
185,0.10692097531593864,0.7585548081155459,0.025202790604914104,0.03391480837057634,0.07540661759302497
186,0.15755639656514764,0.13987690635586533,0.000869403934261968,0.004519276565347706,0.6971780165793774
187,0.3436759693501502,0.6225849449612302,0.001132954371197249,0.0038799819515854123,0.028726149365836905
188,0.13083182734487972,0.8417533730089276,0.009110882578374753,0.0010143814128158715,0.017289535655002092
189,0.16398011870322832,0.8117512763160556,0.01217029956042793,0.001687768785600193,0.010410536634687982
190,0.018778862447151615,0.9458406903049089,0.02131586278544932,0.007155994365479573,0.006908590097010432
191,0.0477844149184183,0.9078102258934934,0.027976389793425357,0.009669972781389464,0.0067589966132736235
192,0.030952523891233322,0.9177470849643221,0.017873409423499,0.024974483408081168,0.008452498312864409
193,0.03791388971384552,0.942200672890264,0.005574482588710614,0.011612845500623055,0.002698109306556821
194,0.021697702257445935,0.9204168572449176,0.047219105064745616,0.0056387916497245534,0.005027543783166265
195,0.016014630762767056,0.9084845544212935,0.07006109894592562,0.0017191755875060257,0.003720540282507637
196,0.02331008393864562,0.9245456775322525,0.0317426895443554,0.0050798710489049406,0.015321677935841566
197,0.0138789065295914,0.9532900122005554,0.025152383888040083,0.005363564742797774,0.0023151326390154453
198,0.03117963447271024,0.9194395142361467,0.03221962583424655,0.007016448124073168,0.010144777332823395
199,0.012819969920743466,0.8717290200835907,0.11081386275138615,0.0014784236174548927,0.0031587236268249418
200,0.03751925330032132,0.8664612011589277,0.08401631118972046,0.0032481801632820682,0.00875505418774843
201,0.02075680156961022,0.8850502352472502,0.08644484300781795,0.0021457763500095203,0.005602343825311974
202,0.0346660927666848,0.9263804416757425,0.03199346421883248,0.002527333497831753,0.004432667840908397
203,0.00490636947774379,0.7155241155039767,0.27602306582235125,0.0007056364726801943,0.0028408127232481518
204,0.015775488082702457,0.9032745822890182,0.06905988621294641,0.006601134824866329,0.0052889085904663765
205,0.006713869993712943,0.830040807436441,0.15603877022609614,0.003091530012337654,0.004115022331412272
206,0.009252402312748507,0.8945167150178037,0.08538092098201487,0.005752784901448086,0.005097176785984693
207,0.020455627730402045,0.840948201985927,0.09612373516690688,0.027979935964806926,0.014492499151956969
208,0.025208665300244498,0.6430742552584016,0.2552884533335923,0.06286885609055266,0.013559770017209016
209,0.08427080709401197,0.7766794402014027,0.07555610017276711,0.029821889148404706,0.033671763383413586
210,0.11936302810643357,0.593538779434579,0.06162388966421652,0.07172245133322881,0.15375185146154222
211,0.06373934938662894,0.7426686633802119,0.06379956453388481,0.046592871417921324,0.08319955128135298
212,0.02888175131982792,0.05923802543336596,0.0006861420089638966,0.0051253377541405284,0.9060687434837018
213,0.04585186623645368,0.007363240985027801,0.00020503358116978816,0.0007667801728715837,0.9458130790244772
214,0.7718760352563335,0.16295707018036676,0.0005170174593167657,0.0025879043891521474,0.06206197271483092
215,0.14154573349268718,0.8248943366057065,0.0033655074882138866,0.0008275687477493512,0.029366853665642876
216,0.12837032019327393,0.7976807854357373,0.035159619893295,0.001214493199242773,0.03757478127845105
217,0.02978676065051706,0.8682624910634019,0.041075387555912855,0.029607822267335448,0.03126753846283265
218,0.05610652777921464,0.8802960035682301,0.01126952396309787,0.035685590839611994,0.01664235384984511
219,0.022113794305547673,0.9370311334673984,0.016753297863692913,0.016248189634979312,0.00785358472838143
220,0.010996886477391735,0.870564335598205,0.11201071734241948,0.0033450444498913327,0.00308301613209269
221,0.04323111117095021,0.9327146767966312,0.008832391811442911,0.009012639632061704,0.006209180588914036
222,0.01240378962126848,0.8527642967100131,0.12802872502832022,0.003726528301038017,0.003076660339360196
223,0.01834435003873985,0.8508697145452663,0.1146033272344783,0.010284821143106321,0.005897787038409211
224,0.021345325139903226,0.873982340537318,0.07489227406474008,0.01395854489675077,0.01582151536128789
225,0.16269538652833407,0.3228396552836738,0.013017766681337214,0.006324365358555342,0.49512282614809966
226,0.2543385517656019,0.7127265363367813,0.0070894410894207305,0.00537727622113055,0.02046819458706544
227,0.050962700311859836,0.8815268098307547,0.05653883455865647,0.0023095345299113173,0.00866212076881776
228,0.15236872472722995,0.8147860846691484,0.015762488718065893,0.007690139616658172,0.009392562268897713
229,0.01920828982635099,0.9475973549584835,0.022603221088311004,0.006887212609901662,0.0037039215169530127
230,0.014470383894499958,0.7792003637706814,0.1918043865565931,0.006454833702681024,0.0080700320755446
231,0.013433797644047323,0.927406125335797,0.04347269178573211,0.00802025335080189,0.007667131883621573
232,0.02064212410284641,0.754190949781954,0.20144062193862627,0.005758468921913453,0.017967835254659722
233,0.0775442472603789,0.7211124053932447,0.03408842183133619,0.08889921837781795,0.0783557071372223
234,0.13452588614709485,0.742055920491857,0.009799876151337112,0.004489521646570701,0.1091287955631405
235,0.6535693474002378,0.2998606314700442,0.0020259477170115527,0.010805991325626048,0.03373808208708042
236,0.17674065850086665,0.795543843205754,0.006957355623323021,0.0037367174918744306,0.017021425178181723
237,0.0936294812825393,0.8713122340183586,0.02053827651046384,0.004764853878859918,0.009755154309778387
238,0.06378343500299673,0.9106333372819879,0.00799161382046159,0.011767629103020568,0.00582398479153317
239,0.014493070064216448,0.9433053394811948,0.034817019701753486,0.0035294312305339214,0.0038551395223015493
240,0.05267269115428716,0.9041837148193251,0.022997873997628974,0.009937915185274373,0.010207804843484285
241,0.015196923601738233,0.8522567419049755,0.12478212291931387,0.0038003044194517507,0.0039639071545207035
242,0.0446739103033285,0.9287442613674475,0.006662041734075911,0.00857168527064727,0.011348101324500813
243,0.04121785351620902,0.9054749099614092,0.03639840998706509,0.005465737355012792,0.011443089180303814
244,0.02373744064573583,0.8882589048829587,0.06197306665060065,0.013546543369199339,0.012484044451505284
245,0.011160695305703424,0.8842407878066555,0.09752337720629549,0.0031691332888824524,0.0039060063924632035
246,0.030720693482166304,0.9032240988285619,0.04260292603412177,0.01775717845921488,0.005695103195935056
247,0.0337275422249097,0.8792178745874986,0.046952816804895166,0.03266701752042835,0.007434748862268439
248,0.05900830864973888,0.8909319984568445,0.014352077031310454,0.028812214649628763,0.006895401212477296
249,0.015475029091345177,0.8695526382783145,0.09712857504149572,0.013475380149899074,0.004368377438945712
250,0.058478090843589306,0.8772817009820666,0.04181843590886418,0.01572863623139707,0.0066931360340827
251,0.03859099702628232,0.8695190610975942,0.07068501094726597,0.016029022097995747,0.005175908830861806
252,0.046805711156986354,0.8986892998992166,0.03718530928201249,0.0051203512033321736,0.012199328458452287
253,0.06310482167955356,0.8521557311942638,0.05351157587934319,0.003962773938354348,0.027265097308485156
254,0.012927814394234573,0.8845163236931773,0.07510451279956538,0.003038426146304652,0.024412922966718154
255,0.038499715001543706,0.8555962040341977,0.06968134674614894,0.0061266675591562176,0.030096066658953386
256,0.1149916394300363,0.73863704208352,0.023981618616178396,0.009777595142742158,0.11261210472752317
257,0.11462248291874706,0.5472660091754663,0.004070138969512782,0.019486510561546874,0.3145548583747271
258,0.2928657200659965,0.40051898243914824,0.002251773352010446,0.02365008404314802,0.2807134400996967
259,0.12158177128055862,0.016904123272312874,8.578972647947642e-05,0.0008285938943802154,0.8605997218262688
260,0.8278227662977974,0.11010185723942562,0.0007872527400212597,0.0027267854397184012,0.058561338283037376
261,0.3532472217741081,0.5303387376303631,0.004284057666238033,0.004342055077284407,0.10778792785200625
262,0.16742233378541765,0.7640071066252351,0.02847736035842987,0.0024542296014036413,0.03763896962951364
263,0.028045743715938532,0.9383562537323247,0.022175243078464028,0.003788171175846904,0.0076345882974258854
264,0.07382183975432897,0.8616980212222787,0.036201988546425985,0.013510632599138187,0.014767517877828214
265,0.05437913781014726,0.8654190065732054,0.035994966751477765,0.017413949857157787,0.026792939008011857
266,0.07308387833545789,0.8585137491239645,0.033910085897941755,0.022621566704368826,0.011870719938267186
267,0.18377367136809789,0.7502070009208519,0.0021030816421428677,0.026112213350897112,0.037804032718010236
268,0.11892928122661162,0.8348279754361922,0.015377016459455033,0.0027791554500843675,0.028086571427656786
269,0.20253079471802374,0.7605496106791457,0.0035830260460381754,0.01830993885995017,0.015026629696841964
270,0.03924466402052681,0.9406195675102421,0.007887077034672951,0.006137839453889681,0.006110851980668399
271,0.057137521654960874,0.8971771740314746,0.011418186190163382,0.02099572921060553,0.013271388912795506
272,0.03948226792539065,0.9119645821224767,0.007477971088602337,0.036615174608500785,0.0044600042550295566
273,0.028605764483371685,0.8831941550762921,0.01674739148871291,0.0638950644544605,0.007557624497162884
274,0.06580963837671276,0.6005934299132245,0.02270998817281418,0.2654832544450253,0.04540368909222326
275,0.09572172804346907,0.43572378017487307,0.001296825481740133,0.4465236334710196,0.02073403282889822
276,0.06353152951164887,0.3939813887491621,0.002385334015061548,0.524216082728977,0.01588566499515047
277,0.28011773175155746,0.3661883317908433,0.0009241445176325417,0.32449031907308173,0.028279472866884942
278,0.16008183914302007,0.31898666940696174,0.00038788754758918597,0.5096035702207743,0.010940033681654589
279,0.2395844495111652,0.276697868256895,0.0006765962820020701,0.4668619761778017,0.016179109772136015
280,0.23210806548483778,0.4220572597974374,0.0005296338230706578,0.3334153772431632,0.011889663651490778
281,0.06787542833294084,0.7541892154526944,0.0007781446645269104,0.1498177409885303,0.027339470561307692
282,0.09659717273065241,0.8202853296926893,0.0021173202246455238,0.06614376656551865,0.014856410786494183
283,0.08586297995858447,0.7709334221608087,0.0021315171034179694,0.12675843299056463,0.014313647786624153
284,0.02942853120011563,0.8769598008922745,0.02675794172730091,0.03414755943993896,0.03270616674036995
285,0.10957623966601049,0.7217667884139165,0.014344228170575915,0.10837485897643283,0.04593788477306432
286,0.06712461019314897,0.12564722334604958,0.008184975821289261,0.023418813326307655,0.7756243773132047
287,0.43335434803178946,0.09682044672325726,0.0011954610623133518,0.01614110556116659,0.4524886386214733
288,0.5248813680796794,0.16189311351633492,0.0007750052745636957,0.024863553648420914,0.2875869594810011
289,0.5114371505673447,0.33434734395295673,0.0011612458688700193,0.012571689292874739,0.14048257031795383
290,0.31771862796821443,0.39993113332303143,0.004315964052206848,0.05951250516080675,0.2185217694957406
291,0.1662337968290998,0.27031385387033435,0.0018560935278072001,0.19237659184016015,0.3692196639325985
292,0.4795684553463716,0.440027903634709,0.0046148085793613495,0.029630999517799208,0.04615783292175881
293,0.39778055461407913,0.46107172392570067,0.005448333199731387,0.07806490455053013,0.05763448370995872
294,0.3371538928525417,0.5306649892669599,0.009251600985187562,0.0236110020571416,0.09931851483816904
295,0.3498801184778637,0.3812269401824087,0.006664471260878363,0.19823140585109328,0.06399706422775589
296,0.47143964385585435,0.3858365064984454,0.005931739857120266,0.048256486313571524,0.08853562347500853
297,0.4719947273156339,0.2754624697793035,0.0046029620486388294,0.12057053106372824,0.1273693097926955
298,0.32318124585728886,0.3521640917409789,0.008527154142036697,0.10016913817329051,0.2159583700864052
299,0.269248158167222,0.22638232099809313,0.004987985190384917,0.05991027655772071,0.4394712590865792
300,0.108952599377971,0.029134723180859846,0.0015794444372170102,0.01166727228964337,0.8486659607143087
301,0.05381929077184387,0.007853699710842973,0.00034141947588364996,0.005662501916789226,0.9323230881246403
302,0.21614638871203462,0.08442982061624778,0.0044521682050156575,0.045496334328400105,0.6494752881383018
303,0.059118467166753966,0.03389716961113265,0.004805020902849707,0.01533063813916848,0.8868487041800952
304,0.025313604386525405,0.0055404875527341226,0.0025314335743270226,0.00750040106857812,0.9591140734178353
305,0.1732458330927831,0.008950810149026808,0.00017714399432107304,0.007418148594933469,0.8102080641689355
306,0.16162212498315234,0.013961254838157465,0.00019304344904677435,0.009770378919302792,0.8144531978103406
307,0.18924700838187866,0.04732447788353703,0.0004604493123306892,0.035906022866351965,0.7270620415559016
308,0.030961826976656674,0.007715177206059301,0.00035919167260952816,0.057882842476082844,0.9030809616685918
309,0.4843049147467772,0.019654414711540592,0.00024635679884934256,0.15187672182441614,0.3439175919184167
310,0.3257797350103907,0.038865283686884425,0.0005622832904534241,0.2226787530163698,0.4121139449959017
311,0.4741757583587778,0.12401008813112457,0.0008604727516372977,0.26741395525981243,0.133539725498648
312,0.19113256996053857,0.06986689311764266,0.000862363354845701,0.2715097429362697,0.4666284306307035
313,0.05000810429566916,0.012554093742475972,0.0003259882456884313,0.10117857690065142,0.835933236815515
314,0.5345979873543414,0.03572913401678279,0.00010882990424647273,0.29208922497253165,0.13747482375209766
315,0.3294483013004575,0.08467726012942892,0.00014056573983142244,0.48020874215197257,0.10552513067830963
316,0.44771894061327416,0.0883199770433374,0.0005569620559040306,0.3963550232600626,0.06704909702742186
317,0.043925558633380095,0.11182065876349635,0.00023234441341329234,0.8367486896593583,0.007272748530352
318,0.03779639427752263,0.01914552271220331,6.93966845844578e-05,0.9352818441866185,0.0077068421390710535
319,0.033118103829844016,0.03849813983904109,7.06084165906745e-05,0.9218394655568406,0.006473682357683711
320,0.08957952087590439,0.18208320006651788,0.00016681487749228965,0.723683803840709,0.004486660339376639
321,0.05668365811525614,0.08610435672594491,0.00011214445338455137,0.8537495460976162,0.003350294607798105
322,0.044904697774559986,0.5395390828244364,0.00036413965387249676,0.40931494326037493,0.005877136486756149
323,0.05737488756315336,0.5683732884048631,0.0002770103833191025,0.3705259912175308,0.0034488224311336646
324,0.0266202225426648,0.6581503561658849,0.0005680537418953694,0.31030903043838914,0.004352337111165911
325,0.033597056359403715,0.6455824152227095,0.000432051940380787,0.31115691646124316,0.00923156001626277
326,0.04674702451572872,0.508489060485557,0.00031550022413915843,0.44038709071099336,0.0040613240635817725
327,0.04403119807853657,0.21876110274195598,0.0001694108806432188,0.7311227592250172,0.005915529073847017
328,0.034723850136163206,0.5121234935997203,0.0003855412752734594,0.4498343447700053,0.002932770218837691
329,0.08874135203869805,0.24288852027802765,0.00023319343291985646,0.6575026143440621,0.010634319906292322
330,0.052124750282546276,0.5576592664614777,0.0005186751893105076,0.3685407433423832,0.021156564724282474
331,0.1889902568196097,0.2702677909668472,0.000518483138559791,0.42865578109576696,0.11156768797921633
332,0.11259818468887245,0.6339635805218976,0.000587069178301855,0.22688407869415914,0.025967086916768894
333,0.013167793646717,0.03314851380107304,0.0007892983574051437,0.01178749102424346,0.9411069031705613
334,0.45467871875908733,0.13445943257306267,0.00024215074625045743,0.050084507778775926,0.3605351901428236
335,0.7198616815312903,0.057533553420353656,0.0001740838214794661,0.06273500437768921,0.1596956768491875
336,0.5766464274543986,0.2609727152169856,0.0011072376085363449,0.11767128938474058,0.04360233033533893
337,0.32766277912379527,0.5693316970714614,0.000240280411797777,0.09119125308813823,0.011573990304807288
338,0.07591387796633667,0.7983345703400373,0.0006236982619915205,0.11357077665233091,0.011557076779303607
339,0.08199962075774603,0.598027414008041,0.0004640327129545515,0.30302413802956896,0.01648479449168941
340,0.059799727335225254,0.781700399367262,0.0006165029476193282,0.1487382704968685,0.00914509985302483
341,0.05037406522028421,0.9079060953032321,0.00046074116694792247,0.03769054436457564,0.003568553944959914
342,0.07299110043849226,0.8956305928840695,0.0021363585852514503,0.020573876535297037,0.008668071556889487
343,0.05836903984725749,0.9063469390900308,0.0019528199694940095,0.02609043571718414,0.007240765376033518
344,0.023189910132170873,0.919376263683967,0.012553940432972479,0.015973714581772755,0.028906171169117187
345,0.23647267724081208,0.6919616931582903,0.0012845180545086282,0.045981422720929456,0.024299688825459565
346,0.036325479207544996,0.9546570126212884,0.0012176284374795785,0.005654723002152469,0.002145156731534557
347,0.015638505260374986,0.9803491491643949,0.0009761358361767816,0.0020182733404337464,0.0010179363986196751
348,0.051757340128089205,0.9325811954656981,0.0039596380527642016,0.007658675721107292,0.00404315063234119
349,0.02108877475084366,0.960437009843365,0.007328206280084324,0.0072432517190996306,0.003902757406607632
350,0.015100178874373005,0.9729686140373655,0.005010653572647511,0.0050840570441849945,0.0018364964714290386
351,0.03745428356823037,0.9404866545176721,0.007143259779531312,0.0053445859119930625,0.009571216222573127
352,0.008063445628873263,0.9623473982020243,0.02469014668284953,0.002525331371162359,0.0023736781150907114
353,0.015671860307112175,0.9667984695821696,0.007138326202174665,0.006148592096077106,0.0042427518124665406
354,0.020323491119368493,0.9516926051532539,0.013944946322030296,0.00725774738175263,0.006781210023594477
355,0.009923114091979815,0.9667793233392571,0.015956042115845673,0.003862827709347469,0.0034786927435701163
356,0.008481241061335848,0.9537098687064473,0.028758849469714916,0.0033809079013828918,0.005669132861118832
357,0.012781819073480498,0.9682483272005152,0.009733142235918993,0.005139964189337588,0.0040967473007478775
358,0.0565932097711548,0.9118785409830062,0.0077391313525960745,0.0045227583239480385,0.019266359569294685
359,0.05076342693286231,0.9053139747579645,0.02098685288271083,0.0040560840469777175,0.018879661379484682
360,0.10070963236458612,0.8397115220663358,0.02636033055484896,0.0076807067949278005,0.025537808219301357
361,0.08791527365116218,0.8260435362587414,0.036906908581198855,0.006814931738106061,0.04231934977079145
362,0.12173714433810047,0.8425287963797917,0.010076871836389714,0.00999682984119224,0.015660357604525787
363,0.055370523008692024,0.8177402786330654,0.07668543932155533,0.0066496359638524944,0.04355412307283471
364,0.0928808867773863,0.8488303102734448,0.017986544967868275,0.01045779394555289,0.02984446403574763
365,0.10398579249852816,0.8596659739895186,0.008429520392852696,0.003854961358104133,0.024063751760996156
366,0.23617765718318923,0.6539526343569773,0.03285785934109892,0.005770722406630397,0.07124112671210431
367,0.09161065507984162,0.8430152966111365,0.04160941379634179,0.0030013303591545962,0.020763304153525338
368,0.06465235652502004,0.898439356539469,0.028234499891570466,0.0020531744493756713,0.0066206125945649594
369,0.042301847150365564,0.8915741469525509,0.05208556338570209,0.004775304677747949,0.009263137833633384
370,0.04769429994436893,0.920258382489909,0.013204511489986609,0.012098288416511312,0.0067445176592242995
371,0.025892720231355026,0.9351469876623649,0.020278139146040677,0.007555380461246953,0.011126772498992308
372,0.013044796599980285,0.951177215085111,0.0239620418660313,0.006253096439713315,0.005562850009164156
373,0.010670800359056456,0.9314773028281632,0.05030402685862447,0.00345485462803747,0.004093015326118314
374,0.006264379955879906,0.9471517971642084,0.0419533086688048,0.0013016573842390485,0.003328856826867847
375,0.020359117541007898,0.9508946453389437,0.020153222260806555,0.005220013137510609,0.0033730017217310495
376,0.015175181967753134,0.9038202040818696,0.07261722960441483,0.0011480954552233575,0.007239288890739137
