epoch,N1,N2,N3,R,W
0,0.03485263068367632,0.0029370947403783362,1.9732168132427756e-06,0.00012952019276298094,0.9620787811663691
1,0.11736093600086707,0.002142066345442559,5.771403407923402e-06,0.0003739202810348599,0.8801173059692476
2,0.11673777205777387,0.0012417396169539991,3.816975084532393e-06,0.00021428474105762984,0.8818023866091299
3,0.01859878416740143,0.0003013931097137208,1.6843124779469201e-06,0.0001241240618878987,0.980974014348519
4,0.10970077160938356,0.0011572664118743045,8.382525527050546e-06,0.00024136697112123062,0.8888922124820938
5,0.17028566811276266,0.011528668703049616,1.2129304161528404e-05,0.0011357203906448435,0.8170378134893813
6,0.06877959045219371,0.0014984623815183812,1.1754732669148646e-05,0.00043885286217583045,0.929271339571443
7,0.18211674018270363,0.04275583463331366,6.667476682781876e-05,0.003981129659409978,0.7710796207577448
8,0.13309456979373205,0.2307655121611427,0.0001361829272951381,0.02296329954802454,0.6130404355698055
9,0.09292396206953384,0.31624598043670776,0.000169821723297887,0.023016220102786596,0.567644015667674
10,0.01191469805410213,0.013442438503136318,1.861260734497868e-05,0.026851789489028232,0.9477724613463883
11,0.009155671083229868,0.0030188057176423607,2.8608004988908617e-05,0.009428358177774179,0.9783685570163647
12,0.0059400070206859805,0.0006024619226506442,1.414937280686293e-05,0.0049778780571410695,0.9884655036267154
13,0.02753975116688154,0.0004241100762726804,3.4783558346383855e-06,0.0036342618808442285,0.968398398520167
14,0.026626683785257284,0.0009756697144874833,4.895728965760092e-06,0.004571199591434023,0.9678215511798554
15,0.03354124553857804,0.0008155913982267189,5.531923193359619e-06,0.004162310372746318,0.9614753207672556
16,0.054108787136053355,0.0013918404961639505,6.784992001628355e-06,0.004371635988420601,0.9401209513873605
17,0.033237966439450546,0.0009220193635353374,2.389927975431206e-06,0.002662267350953705,0.9631753569180851
18,0.03578279693001602,0.0005979887609201794,4.149207963397513e-06,0.004758185092307189,0.9588568800087933
19,0.11231254943406724,0.0013771453801801623,6.216354015814057e-06,0.014794331791016345,0.8715097570407204
20,0.022711264051561403,0.0006957972499083185,2.4613667487252833e-06,0.007947782686191845,0.9686426946455897
21,0.05845753369600673,0.002760358847451295,2.9904918273225253e-06,0.010942166466108887,0.9278369504986057
22,0.03324366856533088,0.00211777954413381,1.5404774502106773e-05,0.007264937136933207,0.9573582099790999
23,0.016103450303293732,0.0003944856024329182,2.610470737216639e-06,0.002387869437439379,0.9811115841860968
24,0.01226960803736825,0.00029721700410341483,5.636973700601494e-06,0.0033386260488904433,0.9840889119359373
25,0.004538390189761579,0.00016471929569486895,4.202922279696302e-06,0.0003601824022665266,0.9949325051899974
26,0.0065686373580180046,0.0001286555697522298,3.1725479027052198e-06,0.0004004224543286478,0.9928991120699984
27,0.001684453777521834,9.980266887521894e-05,1.6769808125258243e-06,0.00015058678792194275,0.9980634797848685
28,0.0011833226274169098,0.0001545735037226799,4.862921120035578e-06,8.84794021359291e-05,0.9985687615456044
29,0.00012116540446124666,0.00011673990146579238,5.505749533433422e-05,1.8249157719529905e-05,0.9996887880410191
30,0.00013503423021552784,3.894680664244627e-05,8.925887229289073e-06,1.62799937411861e-05,0.9998008130821716
31,0.0020105505870380955,0.0005274850250391869,5.669125248038491e-06,2.6465233619038416e-05,0.9974298300290556
32,0.0004561604331294298,0.0001882669282897648,2.162136338837336e-05,7.444981010867091e-06,0.9993265062941816
33,7.074031162104597e-05,3.9938081267889394e-05,2.014419367059387e-06,6.146747248066396e-06,0.9998811604404959
34,0.0001039534748667955,6.252029926240054e-05,4.215759582499661e-06,3.582023484315904e-06,0.9998257284428039
35,0.00010394831334625541,2.5220233870945192e-05,6.408526771151427e-06,2.93160258088969e-06,0.9998614913234307
36,0.002521735424846372,0.00038748251811551244,0.0038900221164809646,0.0002745273967630335,0.9929262325437942
37,0.005618806593170303,0.00041204608537197935,0.0001063412505582331,0.00016238629785804139,0.9937004197730415
38,0.0006965726568064908,3.3538321072694015e-05,2.0108747382733216e-06,3.755146508772158e-05,0.9992303266822948
39,0.013016945697523872,0.00010800220621657864,9.621034278610728e-07,0.0007778553225436317,0.9860962346702881
40,0.0012024860422270654,0.00013888462678163707,1.0680729765957098e-06,0.00016821885546768468,0.998489342402547
41,0.0012194741896613028,4.856314325515432e-05,3.9713910851450646e-07,0.00016324286861730327,0.9985683226593578
42,0.0037673587362312922,6.41471007657828e-05,1.5142242166050238e-06,0.0004374800094806214,0.9957294999293057
43,0.00882155987575896,0.00029375807054557175,7.167247540525077e-06,0.0004104477298456951,0.9904670670763093
44,0.015282603794379122,0.00017159292548258787,2.039137051647892e-06,0.0006275837744512256,0.9839161803686354
45,0.021602258740145337,9.254181446309782e-05,3.3708124303121574e-06,0.0005157589510595894,0.9777860696819017
46,0.030586253120730066,0.0002827698561991975,2.3786940274816494e-06,0.0004862019446706715,0.9686423963843726
47,0.038044369020834926,0.0015656120324419103,2.206852742466859e-06,0.0005543026059139098,0.9598335094880669
48,0.017966360383972188,0.0010845472739115624,2.6749895466388727e-06,0.000914971225187648,0.980031446127382
49,0.02451929299315106,0.00031904093209037134,2.3669341179452135e-06,0.00040100382648249543,0.9747582953141581
50,0.017869934712575985,0.000236477393919998,1.1168830711205745e-06,0.0003761642116364273,0.9815163067987965
51,0.058021456268457075,0.0007730355170861423,4.559488303805037e-06,0.000367299235735601,0.9408336494904175
52,0.18422345488684627,0.0003115184435838652,3.8822007088672e-06,0.00032391585859630633,0.8151372286102647
53,0.07816399683883778,0.00035283193409618653,8.716061054034056e-06,0.0004862844363225041,0.9209881707296894
54,0.11028404545205744,0.0003307780795762036,6.072515302900729e-06,0.00034160857264402164,0.8890374953804194
55,0.07918503962301016,0.001288872759746849,2.3988434898914974e-06,0.00029191978135664835,0.9192317689923963
56,0.031405400495114415,0.0002349362638562603,2.1077443294454245e-06,0.00018051610120073665,0.9681770393954992
57,0.01971241724085589,0.0001525426740603759,8.927188929224697e-07,0.00012248218385388707,0.9800116651823368
58,0.029164407495446354,0.00037395207436681,8.189515327677512e-06,0.00018672686076994215,0.9702667240540893
59,0.030434044385704066,0.0010450014610532182,4.449496422098774e-06,0.00024227195718443283,0.9682742326996363
60,0.045199602507625815,0.0007953497225717666,9.119961420613918e-06,0.0003339719663857077,0.9536619558419962
61,0.06262565786337336,0.0009749044366728141,4.2400429967721635e-06,0.000578384315453362,0.9358168133415037
62,0.006141960679399793,0.0004015446128065012,1.0340400235095238e-06,0.00032318490160155986,0.9931322757661686
63,0.006347474783181207,0.0003361196195248503,1.1484410561804588e-06,0.00040727324713855657,0.9929079839090992
64,0.02168857418440611,0.0004192611264736458,1.446945685542433e-06,0.0010547811070332016,0.9768359366364016
65,0.013442911765337524,0.00034751246952591204,2.147666466035969e-06,0.0008319531191467918,0.9853754749795237
66,0.02463449223551889,0.0007495291523720919,1.6893625495377633e-06,0.0008202824323204923,0.973794006817239
67,0.003207502591838132,0.00023733307761102253,7.088966096157123e-06,0.00012404192786187354,0.9964240334365928
68,0.010003367814759634,9.209553867895961e-05,1.1553261157173056e-06,0.0005787371490668939,0.9893246441713788
69,0.01199602272644102,0.00028241991102946206,1.8357832125884371e-06,0.0017017817145604855,0.9860179398647564
70,0.007611130308263472,0.00013288114749940294,2.6994634704770545e-06,0.0010664897075441855,0.9911867993732224
71,0.019734525208108148,0.00043812953762890325,2.7619131018366536e-06,0.00224934684822148,0.9775752364929396
72,0.023940597931000736,0.0005363494028925394,3.3104774588626637e-06,0.0016182603636757632,0.9739014818249722
73,0.07678168071420653,0.00035518016475518164,1.0529607141093625e-06,0.0012438281730622952,0.9216182579872618
74,0.05326388073301131,0.0004376592209199163,1.8991935650459113e-06,0.0017334740651159782,0.9445630867873879
75,0.17792550377441474,0.0006912935869278687,3.76986397304508e-06,0.0015417960577752197,0.8198376367169091
76,0.058600959064228055,0.0007074259041521475,1.2316939444988567e-06,0.0017384363475647787,0.9389519469901104
77,0.023466184473447022,0.00035069601075341027,1.2072360241476724e-06,0.002595126099119733,0.9735867861806557
78,0.019454915881378376,0.00015808831856100241,1.4135233306312674e-06,0.001591007010770159,0.9787945752659598
79,0.017420667164266185,0.0001120877383863042,3.1272520360262867e-07,0.0004355109343923834,0.9820314214377516
80,0.062034972988631525,0.0010704586568459297,3.03378720868038e-06,0.001688320660918992,0.9352032139063948
81,0.06430431445498348,0.0006600123645262178,7.430938604590207e-06,0.0010963730113154053,0.9339318692305703
82,0.03466169561889241,0.0005594303120159236,5.328555578004665e-06,0.0012734752762306213,0.963500070237283
83,0.026605136203973895,0.007032218756189567,9.319832151148085e-06,0.0025769793238880185,0.9637763458837975
84,0.014641293395874123,0.001007870276698659,2.253507445565724e-06,0.0010125632754632622,0.9833360195445184
85,0.035590788816246895,0.0012173461368408056,2.4685806613580442e-06,0.0011699101608991641,0.9620194863053518
86,0.03717266388026982,0.001115586334528022,1.0653041454283268e-05,0.0008959017092702838,0.9608051950344777
87,0.031630097932715186,0.002277312204029156,1.0944774447877208e-05,0.0010858039930711748,0.9649958410957367
88,0.0354066406999069,0.0025074401959787863,1.1879801626596443e-05,0.0014461459745933618,0.9606278933278943
89,0.08538793842912544,0.003692682877606399,2.8306402481720315e-05,0.003129251395329645,0.9077618208954568
90,0.08647298984008595,0.002908974906528097,2.2658927513571622e-05,0.0019114421765241648,0.9086839341493482
91,0.10847732229750875,0.002402461595533599,1.78606575201907e-05,0.0028887693497210267,0.8862135860997163
92,0.10528285873633308,0.001996333229641112,1.8893622803117455e-05,0.006151489020749726,0.8865504253904729
93,0.16628136728420875,0.0015624709581244982,2.041328674862963e-05,0.008006605915302866,0.8241291425556152
94,0.33090977443733904,0.003102343564875146,2.0931810023027728e-05,0.004192571390552364,0.6617743787972103
95,0.3233408173687141,0.004344323975479227,1.8833260012392057e-05,0.0070706602114861605,0.6652253651843081
96,0.25619876595383984,0.0016455689538605928,1.1072451518599775e-05,0.004037960235198556,0.7381066324055825
97,0.46431993755253176,0.004028415677100627,1.2525045997299154e-05,0.011064626261350905,0.5205744954630194
98,0.4078817954318931,0.08093414881647261,4.978941472315707e-05,0.044809320333134554,0.4663249460037765
99,0.21085568648792072,0.3507250548772986,0.000980700709439848,0.04777360854608849,0.38966494937925217
100,0.07959406611684179,0.021338540149491853,1.78105665007995e-05,0.18170881228135793,0.7173407708858077
101,0.018678972869992216,0.0034637314313087915,7.650218882273986e-06,0.03211327111605343,0.9457363743637633
102,0.058900384777128736,0.004139499289029911,5.746519516675059e-06,0.07821809823466153,0.8587362711796632
103,0.07553101537282218,0.0011373675596242946,5.097074448694202e-06,0.017576242961078792,0.905750277032026
104,0.046256315422051233,0.0009404582437427218,3.743374283608551e-06,0.007032071222541076,0.9457674117373814
105,0.23017034619586016,0.0005657165076470894,2.907982041297153e-06,0.002102050323393245,0.7671589789910582
106,0.5989622519031694,0.0018362135395701307,6.564001585016722e-06,0.0037513598817627784,0.3954436106739127
107,0.29880440779745443,0.0033279781965675605,9.169408068047541e-06,0.005519000347526199,0.6923394442503839
108,0.8999386281812929,0.022485675938754092,9.883270125474093e-06,0.005165370686223079,0.0724004419236045
109,0.22327478526609873,0.6213217352864411,0.00042375440896003243,0.07283244438135728,0.08214728065714273
110,0.030589196208021537,0.9293862140924006,0.0003332888747981588,0.026044500890052658,0.01364679993472684
111,0.02673509901226322,0.8736855403936986,0.0003855240801364742,0.08898274402440366,0.010211092489498148
112,0.10114822460899493,0.09567308836488013,0.0008359339874309232,0.06652701198404169,0.7358157410546524
113,0.32593075824523193,0.24416990421500265,0.00026441705534135674,0.08146468101226496,0.3481702394721591
114,0.3434975122975137,0.4348839771834197,0.00011757209715298114,0.05697800396222862,0.16452293445968508
115,0.038654374602879064,0.9328756328166657,0.0044203650678387605,0.004234279462340828,0.01981534805027571
116,0.12524158615518743,0.6824518023580688,0.00024255098888866877,0.11289185060218908,0.07917220989566584
117,0.0257960004908885,0.918804802297383,0.0012966719288439192,0.0242931438040953,0.02980938147878921
118,0.011182585483535252,0.00790385927349429,7.696379073027558e-05,0.010293408147404258,0.9705431833048359
119,0.01689698332547007,0.0074273620755148624,4.32159712842651e-05,0.007821245877969596,0.9678111927497612
120,0.04672510847343762,0.002490246784504952,1.724101374308548e-05,0.004162459786959247,0.9466049439413552
121,0.1407780878823917,0.004151880729447798,5.7672479031407255e-06,0.008430667016805667,0.8466335971234518
122,0.17639052323196644,0.0020807550221340976,3.140209501731632e-05,0.01703976901634513,0.804457550634537
123,0.36418122383830165,0.007290098444023344,3.0183080699953656e-05,0.02510206464212506,0.60339642999485
124,0.4093341716764988,0.02373046213502723,3.210925892638902e-05,0.09088948741721044,0.4760137695123371
125,0.5117682363922745,0.0108813431055355,2.9485624711341183e-05,0.1016486012714046,0.375672333606074
126,0.23628727537345126,0.005844606435079534,5.058501351779732e-05,0.061220975975013546,0.696596557202938
127,0.42147862346264003,0.007109355538951118,4.5641096064911335e-05,0.03609904498036312,0.5352673349219809
128,0.8513474326337337,0.007918857416659096,1.8135038047912895e-05,0.01379105464885826,0.1269245202627012
129,0.8415750351364923,0.08672522309496752,7.116892930964347e-05,0.016820722725845026,0.054807850113385397
130,0.3641017141504217,0.5819041351701617,0.00021705074108912216,0.0335781310386877,0.02019896889963971
131,0.13121153203632355,0.8107271139930109,0.0003311415045973595,0.0423261933033497,0.015404019162718668
132,0.017066803368626805,0.9650335440381392,0.0002646413550352372,0.014799405577352416,0.0028356056608463795
133,0.016994982763946127,0.9779606179904164,0.0005673580855912835,0.002237212496509332,0.002239828663536873
134,0.004736964524558068,0.9912371720095646,0.0011711254200411757,0.0008574280886004833,0.0019973099572355027
135,0.0030185633070831806,0.9925395809350132,0.0008713200894892939,0.0016383521555865348,0.001932183512827873
136,0.026920759060174607,0.9654748125727738,0.0018223698783277121,0.0015660196557067837,0.004216038833016819
137,0.0024587217738043193,0.989827539892902,0.006261607875834965,0.00043574115341251524,0.0010163893040461113
138,0.0010404366303158861,0.9841364085808223,0.013849235894858918,0.00012521969563667102,0.0008486991983662742
139,0.00041973492990260897,0.8348753219124971,0.1634961026422464,0.00030463494774997656,0.0009042055676040682
140,0.0015975753799145108,0.9506533251290353,0.04452014519092331,0.00046658554637943675,0.0027623687537473795
141,0.0054251705561186355,0.9476482082401785,0.04364536102117806,0.0007232979715210417,0.002557962211003712
142,0.0005601451111367523,0.6337351218869892,0.36422767457592303,0.0006352315432475514,0.0008418268827034685
143,0.0014182529326449513,0.8317898832480369,0.16431173859941273,0.0003849908399864917,0.0020951343799187274
144,0.0024364095744175964,0.9084794382799454,0.0863621219321578,0.0005971418385565719,0.0021248883749223884
145,0.0012931976935515895,0.6396724441473546,0.35575785839090607,0.000537795171517443,0.002738704596670333
146,0.016310330390839636,0.733366895387218,0.2445065491036728,0.0017369333725092988,0.004079291745760235
147,0.0049444335684417345,0.9538263158562814,0.03788366765816006,0.00045542459519847564,0.0028901583219182675
148,0.001429491260294835,0.7896890830254062,0.20702140227210916,0.00020165752537642327,0.001658365916813396
149,0.00236397586928801,0.6996092553425681,0.2955962047562772,0.0004291044446105999,0.002001459587256005
150,0.0005810419699789452,0.5107871376588236,0.4862930869494562,0.0005854199485638659,0.001753313473177447
151,0.0007075644946352673,0.5023891886190537,0.4933898839201327,0.0013291590263584691,0.0021842039398197585
152,0.0021294603935920237,0.5248459787919023,0.46612688413801917,0.0017985728840687332,0.00509910379241768
153,0.0011118680661611963,0.1481940105610578,0.8462626070940257,0.0005955279606480325,0.0038359863181071977
154,0.0020836797916448505,0.21034792625959517,0.758304813422681,0.0007647862805163038,0.02849879424556261
155,0.0013983079968708577,0.002292787628170597,0.0007722663087582007,0.0002855155025528854,0.9952511225636475
156,0.012370937192179158,0.0017149464675261488,6.6764906322207294e-06,0.0006025046179829707,0.9853049352316796
157,0.08067465708386229,0.0017030967062145624,1.4888420161765557e-05,0.0013949469285725056,0.9162124108611889
158,0.44610273342065226,0.0015526234858573437,2.3460932447172862e-05,0.00035717713153986713,0.5519640050295033
159,0.8429549625814917,0.0038741781808010944,9.525952090565261e-06,0.0017472538202009276,0.15141407946541574
160,0.45037436702616557,0.06526623436107647,8.116514946675328e-05,0.0223589131574655,0.4619193203058258
161,0.5402638796034761,0.05454669403182565,5.182810389160087e-05,0.06472528695485696,0.34041231130594973
162,0.34477870978014485,0.10781353197006162,9.72363112552267e-05,0.41756326377236286,0.12974725816617536
163,0.38150672627806825,0.10529020506245344,0.00012009982554875073,0.4231543873400566,0.08992858149387285
164,0.06664059544830546,0.8479729170454866,0.0005164081740549332,0.07859813683743337,0.006271942494719481
165,0.2904224759336294,0.1877239036145737,0.0001742355168320629,0.20968277779182146,0.31199660714314337
166,0.6422786876272263,0.17794435414919485,0.00019944813761741943,0.10973611393306931,0.06984139615289221
167,0.13737518935783266,0.8156140812963143,0.00030034112819689876,0.03339633167463415,0.013314056543022021
168,0.46935340780602847,0.5154933016656139,0.00016397944115614845,0.006569329281027158,0.008419981806174282
169,0.011576486284724722,0.9842334282566811,0.002828923695816675,0.00036428820179502496,0.0009968735609827183
170,0.0028879005786074776,0.9893358068342649,0.006570301919304604,0.000505580378971298,0.0007004102888514784
171,0.0012837921353311766,0.9905616065835352,0.006477012110990127,0.0006593239057610209,0.0010182652643823751
172,0.00041828049574138565,0.8877440552998969,0.11041276173563615,0.00036553751566719333,0.0010593649530584246
173,0.0005262861031939506,0.8256924945542264,0.153951376112664,0.00022933975710701386,0.019600503472808655
174,0.0007643315939832498,0.8350645801846692,0.16290428269728643,0.0005084171683575912,0.0007583883557034744
175,0.000576951500411548,0.39704163880630133,0.6008094694214537,0.0007451922873647448,0.0008267479844685104
176,0.0010282745292371981,0.8392994178398087,0.1574870143287817,0.0004759395596139318,0.0017093537425585407
177,0.005087056494177893,0.880186034152492,0.11233843166605051,0.0004309810336709955,0.0019574966536086845
178,0.006757271336605343,0.7484628840335456,0.24105691071535343,0.0007669025479507867,0.0029560313665447173
179,0.0027479946187326265,0.8747905252448549,0.12017075684576722,0.0002539490849833397,0.002036774205662099
180,0.0012151773819801214,0.6117390798167999,0.3856597755364569,0.00011766738565816188,0.0012682998791049783
181,0.002477520352626517,0.8334005873761019,0.16223907573907057,0.0002451417239658392,0.0016376748082352107
182,0.0005017907027350853,0.1647233083926018,0.8339504824998476,7.598392805426299e-05,0.0007484344767612344
183,0.00016066959052743758,0.19502796589247023,0.804307249708026,4.724942611121045e-05,0.0004568653828650622
184,0.0007173048502424633,0.5752331236494067,0.42219882005919,0.0001501665655724936,0.001700584875588419
185,0.000568287612034987,0.627740831360599,0.370382922637752,0.0001341946995395911,0.0011737636900741868
186,6.835321621845604e-05,0.05535652736625489,0.94433320290665,2.954343122410436e-05,0.0002123730796525467
187,0.00034295090080958064,0.12190084328943127,0.8773107054355396,4.85478226916169e-05,0.0003969525515278862
188,0.0004369472638865682,0.10529486769187246,0.8935661390834545,3.215797962398218e-05,0.0006698879811623409
189,0.00043576165898737677,0.13905452476131144,0.859610256837022,4.028056942119456e-05,0.0008591761732579938
190,0.000867520187417299,0.18376873068167524,0.8144952185992735,7.293582610062746e-05,0.0007955947055334419
191,0.0017265584306764019,0.19156546792259485,0.8050152023298532,0.00015014787409384198,0.0015426234427815759
192,0.0005679274024203112,0.06390794293984921,0.9350998764815517,4.217908862825138e-05,0.00038207408755056797
193,0.00041664651332545957,0.3828698639750221,0.6158943924347513,6.781616255746317e-05,0.0007512809143437236
194,0.0003124194336791257,0.1959806665096093,0.8031285781941347,5.1902436830826386e-05,0.0005264334257461548
195,0.0003333552993761902,0.11796875617124175,0.8809633595199404,4.5285293523416657e-05,0.0006892437159181409
196,0.0003591301976826761,0.043243032374625644,0.9557085531469893,5.997020122893443e-05,0.0006293140794734627
197,0.0005535232394338946,0.342214993678963,0.6560442162997898,0.0002875997795378416,0.0008996670022753899
198,0.000556851458915504,0.04675289128429526,0.9514793845582348,0.0002614601124654616,0.000949412586088805
199,0.0015007728652426289,0.06661599127680991,0.929734332335293,0.00039791188889804174,0.0017509916337564713
200,0.013769196067939506,0.6569500794083472,0.30660434922627205,0.011288170053436406,0.011388205244005007
201,0.25779845207489677,0.07347087002222116,0.0015336979035815602,0.1667148724734219,0.5004821075258786
202,0.12607820363998015,0.0576836467679502,0.0003027016531544375,0.0543640335771452,0.76157141436177
203,0.2820464704274306,0.06342511320083347,0.0001126266148593541,0.2747908173598564,0.3796249723970203
204,0.17555149707562856,0.04595165390347557,8.708890736990324e-05,0.06722976543681504,0.711179994676711
205,0.002280731068490338,0.00091439238621916,0.00010127344796168163,0.0011603196233602555,0.9955432834739686
206,0.002873042041373642,0.00022466277073935757,8.363489776835499e-06,0.000521380525129908,0.9963725511729804
207,0.03938521111661786,0.0013897133461170373,1.949495940134457e-05,0.0043371225260454595,0.9548684580518182
208,0.07706388784349605,0.002017481391617678,0.000151956990171551,0.005566563397367246,0.9152001103773475
209,0.09897786487712137,0.006088730260857359,0.00012143608227836989,0.027114046827157484,0.8676979219525854
210,0.14326957536740323,0.5942235099045656,0.0008590745220865394,0.045560918433591335,0.2160869217723532
211,0.025617907114089677,0.005132679456862884,0.00013627511917912639,0.08365160007639608,0.8854615382334722
212,0.03903863393755543,0.005564729439342483,9.173268738356541e-05,0.11364629339293676,0.8416586105427818
213,0.005998998937923512,0.000590739245231613,7.002465889103101e-06,0.016484818909658177,0.9769184404412976
214,0.05664816555800411,0.000570111795275374,1.4808913100984576e-05,0.018733230749677553,0.924033682983942
215,0.09501862985183335,0.0017865143778078246,2.3892653183553992e-05,0.02450048469414297,0.8786704784230323
216,0.48589089685997344,0.009586697983250554,4.86353989754044e-05,0.14369556059894098,0.3607782091588596
217,0.09683961915651511,0.01067158032516399,6.818010160501326e-05,0.09725023159671711,0.7951703888199987
218,0.42767447572605916,0.015909418282462697,0.00013748306421694796,0.382324201701483,0.17395442122577828
219,0.3356145990563657,0.04610032332803434,0.00012238948601880608,0.5344525643151254,0.08371012381445583
220,0.19646488679422372,0.12006884029012917,7.823900196711577e-05,0.4615038508166548,0.22188418309702518
221,0.44938361069239735,0.06672308626627606,0.0001911651503043417,0.3247794900496666,0.15892264784135565
222,0.515043955754223,0.19145419763705285,0.00016627817899060883,0.22322297975966376,0.07011258867006973
223,0.5572104473009666,0.21154944514565768,0.00014522536240594468,0.06733899180748251,0.16375589038348726
224,0.3461026643774565,0.49664861244066816,0.0005747333562628309,0.1415992534016636,0.015074736423949023
225,0.027596280487094716,0.9287830476111534,0.001816105908268184,0.03650372001389611,0.00530084597958756
226,0.09082960824843583,0.6797885944045875,0.0018430786227596329,0.21839564813465454,0.009143070589562291
227,0.12053076172668627,0.6191392707435475,0.0012790130800486527,0.23125080268921086,0.02780015176050662
228,0.07161593357298551,0.8445643493094309,0.001121168388673699,0.06818779449792724,0.014510754230982605
229,0.21913634004424676,0.6198099080936765,0.0005777448953341679,0.14351969590114597,0.01695631106559663
230,0.08374606025293209,0.8822127505430373,0.0007720904115893748,0.029945171547180634,0.003323927245260856
231,0.208605291605726,0.7433382013912162,0.000376792464360927,0.039338726920528956,0.008340987618168032
232,0.012418295278771026,0.9811624605212472,0.0022493328562363966,0.0029549029047437948,0.0012150084390015895
233,0.04700208102474355,0.9382999145161564,0.0009713533512599749,0.00877133349079529,0.004955317617044587
234,0.023268781558624493,0.950564346546689,0.0055587237148742325,0.018918376037119752,0.0016897721426926426
235,0.008288587398459366,0.9758974251265606,0.005520476569334004,0.008338452121960261,0.001955058783685597
236,0.03641493809988594,0.9309246595279641,0.0040743308928448884,0.02553188630835553,0.003054185170949761
237,0.017602281250936432,0.9739214797338474,0.0021462008832145996,0.003999498600509533,0.0023305395314922018
238,0.012141918732235784,0.9789889384424583,0.003774666800394471,0.004111505022216413,0.000982971002695095
239,0.03269716076294809,0.9560994017050453,0.0019489706839837604,0.005223656421480436,0.004030810426542654
240,0.0038174666913467757,0.9918834166723399,0.0018596388304790235,0.0016234068337281698,0.0008160709721061661
241,0.0078752364668596,0.9871199102944903,0.00235707657294242,0.0017365411288523473,0.0009112355368551608
242,0.002977300009098518,0.9913870730741705,0.0035308609390431295,0.0013603122877545895,0.0007444536899333574
243,0.0013330426568975214,0.9813964732536815,0.014939206318718245,0.0017099771613621783,0.0006213006093403801
244,0.030970894575045236,0.9457049724026917,0.01471051080783774,0.005678371402147885,0.002935250812277354
245,0.0005444173546506451,0.9829402930161246,0.01509963771303689,0.0009056404091440281,0.0005100115070438078
246,0.0020441599166755213,0.9859284791289777,0.009505426226323223,0.0013800736393898203,0.001141861088633835
247,0.0005276248691266404,0.9877251932578972,0.0075850462724531805,0.0013619724260505233,0.002800163174472646
248,0.0006561709333462063,0.9090655523256205,0.08712746344718399,0.002297898296325125,0.0008529149975243295
249,0.11488358898726521,0.7833799271554265,0.007689860418604206,0.07581200821089498,0.018234615227809198
250,0.0026871890239427076,0.9700191492448871,0.013351445279266764,0.012665356644283782,0.0012768598076196502
251,0.018599683577264367,0.9376768094525975,0.005434287224984642,0.035300002855083584,0.0029892168900701645
252,0.0031107527850211766,0.972875939865147,0.009596228100150345,0.012427549009194735,0.00198953024048666
253,0.020424696307803202,0.7834562809888028,0.005068866116084704,0.18548070492800467,0.0055694516593044726
254,0.022706301873220966,0.17979477515460615,0.0022391500652393136,0.7902821034414618,0.00497766946547183
255,0.031169951159794144,0.04496265842146832,0.0009880682782628912,0.9013920150294276,0.021487307111047106
256,0.005721967900453784,0.009837346489468433,0.00016495656781731672,0.9825415888676973,0.0017341401745631462
257,0.008460466955242283,0.013422939236254384,0.0007941277985811714,0.9750219251026203,0.0023005409073019573
258,0.003070131520913976,0.003144431251090813,7.869159313891656e-05,0.9918235295732157,0.0018832160616406599
259,0.0016610257105733907,0.0028546963964260793,5.576473728137344e-05,0.993176837071098,0.00225167608462111
260,0.002052647133323395,0.0009838836241920963,5.4813236513485045e-05,0.993297983962076,0.003610672043895083
261,0.004732955141221793,0.00198407328899112,0.00029836122613125806,0.98846920239901,0.0045154079446457955
262,0.00270038808797029,0.0013337276881113728,0.00018040803536689698,0.9925458976538836,0.0032395785346678602
263,0.004804462433660083,0.0011428747022065925,0.000567447378776832,0.9860179684358408,0.007467247049515705
264,0.0009421812134060129,0.0004085277476183517,0.00045886205879805164,0.9951892966503046,0.0030011323298730574
265,0.002936559707882875,0.0009939005932641564,0.00048430593521070107,0.9741127905228689,0.021472443240773468
266,0.004628711114842165,0.0018298046228420878,0.000689693155647329,0.9799146526909659,0.012937138415702362
267,0.0016740150238266042,0.001769848979693971,0.00026237516175570396,0.993944584793187,0.0023491760415365885
268,0.0028473075449289256,0.002113598923390448,0.0005479564854041775,0.971114435441713,0.02337670160456355
269,0.0026820422232518627,0.0028658067212183644,0.0010536293346955058,0.9867809619383585,0.006617559782475818
270,0.0022738410259257364,0.0022488984762601867,0.0006214536435299354,0.9919086302100131,0.0029471766442710026
271,0.001979451003647513,0.0016772617005996286,0.00030569704416270573,0.9929621991863431,0.003075391065246933
272,0.0021739220352489895,0.0015959191972129496,0.0002264707022614897,0.9920104854426622,0.0039932026226141915
273,0.004540238521523227,0.006906907524015558,0.0004064514555773878,0.9844889454260289,0.0036574570728548353
274,0.004817708525023046,0.003710494813689922,0.0014144498840404154,0.9850976106377597,0.0049597361394871165
275,0.0020179111839061905,0.001802498552221149,0.00026158401894071584,0.993337972607861,0.002580033637070788
276,0.008775804426055862,0.0028488674948675893,0.0013264476563588686,0.9808697751424262,0.00617910528029126
277,0.0017049758372435426,0.0005276186850458051,6.285977892619717e-05,0.9902278637616343,0.007476681937150246
278,0.006880450959821924,0.000803348617819665,2.1467730137003446e-05,0.9697354540001878,0.02255927869203365
279,0.032953872768412044,0.0017681417409168402,3.343314434902017e-05,0.9568701990046475,0.008374353341674636
280,0.1119675410694266,0.014942856329066966,2.9285382154802024e-05,0.5938600961189106,0.27920022110044107
281,0.02042319748534299,0.0008042137881080808,0.00017243190530303224,0.005893413680796539,0.9727067431404494
282,0.710643546331639,0.006124378426231284,9.143611846736216e-05,0.1502597648355058,0.13288087428815665
283,0.8007197614378181,0.005871789191268165,3.444740867563408e-05,0.09082600929080226,0.10254799267143577
284,0.7935039853159267,0.03417443408903789,7.506233018873995e-05,0.0501270721453513,0.12211944611949546
285,0.36344814400742714,0.1949335539251297,0.00037087818884715606,0.398843865075549,0.04240355880304704
286,0.2414200367585349,0.26827837248518677,0.000425946328904205,0.466521463856835,0.02335418057053908
287,0.0646055782934261,0.49049158889288264,0.0005019986762813127,0.4373354573771679,0.007065376760241996
288,0.004356320136643225,0.8195082706603796,0.0089937352085269,0.1633221690062748,0.0038195049881754595
289,0.021014554349893994,0.04014716610806825,9.373652373886841e-05,0.9332940817444128,0.005450461273886224
290,0.014981612674881172,0.1113688431990486,0.0012332054705419485,0.8665339371752323,0.005882401480295983
291,0.010355780550201215,0.439153266124896,0.0006249070857828258,0.5448238425701115,0.005042203669008501
292,0.020628615678534874,0.008855005865031686,0.00010557203194298718,0.9443902278736076,0.02602057855088298
293,0.01647025115177079,0.008540531674605308,6.401961228815994e-05,0.9537272051842718,0.021197992377063782
294,0.06890977958733724,0.008331988963531397,8.304623435091293e-05,0.3416008081139005,0.5810743771008801
295,0.26644502579999757,0.012146823984767928,0.00015412230815412467,0.138824304676071,0.5824297232310094
296,0.3967877055221358,0.021746738358498597,0.00014436080282901725,0.25606068421584094,0.32526051110069576
297,0.5815380215908149,0.051709162341066074,0.00012736958168133294,0.2764206357523776,0.09020481073406003
298,0.04815150087058144,0.8663502077707189,0.011455229339153092,0.06508450483850797,0.008958557181038556
299,0.01246282864557928,0.8546884840204055,0.00020618660215777316,0.1309854698573269,0.001657030874530684
300,0.056307607958080194,0.07064563888718223,0.00011440425395298115,0.8602727073334178,0.012659641567366797
301,0.08706902878632877,0.10443011768752207,0.00020090264370756493,0.7789834631791096,0.02931648770333204
302,0.4091310851358604,0.08102343718345731,0.00019217309027167695,0.4264427164763309,0.08321058811407973
303,0.9120982794256336,0.055724784351778266,6.649459758610544e-05,0.023331541336005797,0.00877890028899627
304,0.04438156217834261,0.9490126451460235,0.0007744768817194469,0.004901141489737946,0.0009301743041763744
305,0.01424907734977655,0.9802955252266515,0.0018647605438943398,0.002836269038632892,0.0007543678410445847
306,0.1266525618802163,0.8493805887397461,0.0011283735847910175,0.017879342867725516,0.004959132927521172
307,0.003649964728325272,0.9875749228419898,0.0033406198086464224,0.0047386382891588235,0.0006958543318797977
308,0.004946065275518679,0.9687698466939259,0.021062310635136288,0.0038164641713104566,0.0014053132241087752
309,0.022096934068972136,0.9499346041555468,0.016456371691723645,0.00895242930060953,0.0025596607831479125
310,0.0013210988907643622,0.9891818149814747,0.004082022945327348,0.004802529261152731,0.000612533921280548
311,0.008328168117818701,0.9772058157074236,0.0049464740969779614,0.007598923817966348,0.001920618259813214
312,0.011428503173584275,0.9685990993355507,0.005214971033167899,0.012627602227705953,0.002129824229991098
313,0.21148292065459492,0.6696559718580575,0.0010686898388174617,0.07136291312464269,0.046429504523887416
314,0.08176958494626124,0.9076859988031496,0.0009130197861936841,0.005218588165555422,0.004412808298839893
315,0.011147356965428906,0.9854756241996018,0.0015441672051034903,0.0010124042456587925,0.0008204473842070324
316,0.023026319097320145,0.9742043630016125,0.0007677676373467663,0.0010681927444535608,0.0009333575192670126
317,0.002521198641779397,0.9844942772353715,0.011460511027331791,0.0006906515620876361,0.0008333615334296899
318,0.0037710857494113867,0.989966234044331,0.0048820903036972734,0.0004413815077698006,0.000939208394790433
319,0.02122316966609454,0.9754664222326878,0.0007770210417043675,0.0010509911463474151,0.001482395913165982
320,0.0012894600942604663,0.9784875859955235,0.019344143818914875,0.00045280829732493986,0.00042600179397637436
321,0.005148270781977762,0.9891169304055952,0.004330705753109353,0.00021801896281375442,0.0011860740965035663
322,0.0006197541393746696,0.9636807492813857,0.03521367320423132,6.736325059714549e-05,0.00041846012441120026
323,0.0009221342268496264,0.7873428238843062,0.210725130956248,0.00014145776129217678,0.0008684531713038263
324,0.0010323411634496516,0.96924321308324,0.028911750412480983,6.953283155874254e-05,0.000743162509270517
325,0.002024386517389502,0.9183623563784139,0.07805842814843174,0.00017412133999566108,0.0013807076157691697
326,0.014683427016828555,0.9521716198947361,0.03068282215915244,0.00037251938336488197,0.0020896115459181843
327,0.002338501156446855,0.9005463468310799,0.09518768119107934,8.927740635515503e-05,0.001838193415038689
328,0.001175506562481078,0.34521658801444105,0.6524721492007424,8.185980359273187e-05,0.0010538964187427672
329,0.0029310812477505127,0.9182845694525729,0.0769995077384891,0.00044096664755453283,0.0013438749136330387
330,0.021689660423019227,0.9551333595802638,0.019178703650875404,0.0013687009483903864,0.0026295753974512185
331,0.0012369103460097796,0.8317322632006127,0.15149734381591157,0.0007505922045642298,0.01478289043290196
332,0.005363375006169657,0.8008461275140353,0.19046960335365498,0.00034368420057317604,0.0029772099255671995
333,0.007588924991500549,0.9613477295036589,0.02802508961419528,0.0007566821073871429,0.00228157378325804
334,0.009220781863757186,0.8982832983335393,0.08749433734517324,0.001398484770712041,0.0036030976868182026
335,0.008051027348977939,0.9620859677054774,0.025882753545962593,0.0013881335321570233,0.0025921178674251652
336,0.0007855383611364424,0.6329616400208468,0.3645321983881661,0.0006264118538321154,0.0010942113760186284
337,0.0009873437996572145,0.28224650447441596,0.7152293836466723,0.0006306675417344703,0.0009061005375200812
338,0.0066287795198840494,0.6965686931273175,0.286559378677179,0.00669060217773064,0.003552546497888828
339,0.05026597496673182,0.521379329981066,0.024306856465874823,0.004961712654277155,0.3990861259320503
340,0.13312062418901605,0.011851797488063734,3.5209500257700195e-05,0.008584581808087126,0.8464077870145755
341,0.047799936565245255,0.008271652662959808,0.00010338613034533465,0.004092450762978086,0.9397325738784715
342,0.3963023114875572,0.009770616604600503,0.00017733852342195628,0.007325303318659888,0.5864244300657604
343,0.4923553681535659,0.006040020618975554,8.307884860792466e-05,0.016695180320728743,0.4848263520581218
344,0.788987339881462,0.01615666970506357,8.758068833134475e-05,0.06472139771965402,0.130047012005489
345,0.6201547838328082,0.030328210883083673,0.0002735150433129958,0.30837758168868556,0.040865908552109496
346,0.13990362883974514,0.5182912807641952,7.205742956901322e-05,0.32938051886920156,0.012352514097289099
347,0.3729909474398978,0.06413026801310348,0.0001627814714140997,0.3393055196808702,0.22341048339471453
348,0.3505435556568345,0.469228016085435,0.00013702024398856979,0.15668305939843916,0.02340834861530285
349,0.49296207584699864,0.35076471741632004,0.0001633328641224218,0.09442869538563257,0.061681178486926426
350,0.053696621057988836,0.9336864067709819,0.0001750714202792053,0.007898865194563127,0.004543035556186823
351,0.010847506310563746,0.9668000445536106,0.016939336129934864,0.003980120098454175,0.0014329929074366993
352,0.09279075219741263,0.8843535664314994,0.0007643009656539886,0.011867160693049248,0.01022421971238446
353,0.013813692000134034,0.978546444709477,0.001632474487356598,0.0038713862384416996,0.0021360025645908555
354,0.01162789967429452,0.9819360262929344,0.00045856470352201507,0.004466980834796461,0.001510528494452658
355,0.1334385099455565,0.8434244362105344,0.0006357494703946685,0.00614797463613082,0.016353329737383477
356,0.006898426243316507,0.9908081292390682,0.0002565732970938084,0.0006362933471041338,0.0014005778734173461
357,0.0026131078579393206,0.9954497504893094,0.00040314414368416084,0.0007498208521804337,0.0007841766568865771
358,0.013338941998951664,0.9772261897673364,0.00664170316855266,0.0008653585328973647,0.001927806532261906
359,0.006287708368600975,0.9631174468059931,0.027491219111499647,0.0008589941766323051,0.002244631537274027
360,0.004606829778745998,0.9902781999496624,0.0028749747224852858,0.001250466242340003,0.0009895293067663485
361,0.03725347014855891,0.918625135716785,0.020009167388694724,0.005254248313008792,0.018857978432952727
362,0.009656504625724077,0.9705476347983366,0.01455445253023459,0.0011622666978061203,0.004079141347898619
363,0.00748327517401955,0.9336001563804635,0.05515864561635804,0.0004008531347145519,0.003357069694444664
364,0.038195394109492846,0.936955945512344,0.01579552637290643,0.00265428016291314,0.00639885384234365
365,0.0026436462093162106,0.9758727617567879,0.019909071293566206,0.0003008649302174085,0.0012736558101122226
366,0.002109240550330345,0.9692286965573665,0.025291747136224334,0.0005480742993625983,0.0028222414567159767
367,0.017324238548332052,0.9484141674646346,0.02538941178628453,0.0013538766979746327,0.00751830550277413
368,0.0008274830163000107,0.7963326441744606,0.20032421866765215,0.00022281588585284324,0.0022928382557343644
369,0.0018477633242875823,0.7961992730421525,0.19938835318926082,0.00045420879850557264,0.0021104016457934773
370,0.0021500531769640856,0.9720022990013967,0.021871386651106196,0.001956679811018295,0.002019581359514605
