epoch,N1,N2,N3,R,W
0,0.009971915351336048,0.0005903319608225167,1.4865685145533784e-05,0.003470257898582493,0.9859526291041134
1,0.008840548701708164,0.0007397827115847418,2.1406679467028223e-05,0.0019872077273976074,0.9884110541798424
2,0.024767581374922132,0.0008841625929062108,2.3348264762608763e-05,0.004667070623837706,0.9696578371435715
3,0.02983011176892703,0.000880783023313622,9.509220524899235e-06,0.005688654815908265,0.9635909411713263
4,0.2761526624209596,0.0612159683110363,0.00020360278897021804,0.11770671322883655,0.5447210532501974
5,0.14900939582109127,0.07049749968271167,0.00011911065183786578,0.14897517653780398,0.6313988173065552
6,0.10154921766276159,0.028179079392328034,0.0001994292867153806,0.0770924002240242,0.7929798734341709
7,0.17735107277803053,0.05584555259721341,0.0005958016891148833,0.08682782126001644,0.6793797516756247
8,0.30964605998586203,0.14279305083122956,0.0009892676095165588,0.19651337362834248,0.3500582479450494
9,0.31350990421844716,0.0789414370818453,0.00019879432014033885,0.11713421136568312,0.4902156530138841
10,0.10098906333997479,0.039353610454712314,8.39659081259882e-05,0.023607460098350304,0.8359659001988367
11,0.4625398759992131,0.13576084262795649,0.0015823049927582106,0.09185609256821702,0.30826088381185524
12,0.416028282240221,0.07624872230368901,0.0008637172914130166,0.054518099271115304,0.4523411788935617
13,0.015399744497308581,0.012410483697911657,0.00023093601465982316,0.001168487966827244,0.9707903478232927
14,0.024499942897831455,0.007049420991419436,4.843342581610682e-05,0.0015117773702828382,0.9668904253146501
15,0.09135817950823816,0.017360210433547962,8.446152581519381e-05,0.0057857928081835675,0.885411355724215
16,0.27349879680382666,0.018062556828162084,0.00020957103524473902,0.011747949753351257,0.6964811255794152
17,0.5782368068391104,0.06539924870052415,0.0005742311137912196,0.045201427209272775,0.3105882861373014
18,0.2778592153398743,0.043839160619722574,0.0003786473727613486,0.15741279118663565,0.5205101854810061
19,0.22768382304008336,0.08821364592513864,0.000303525263387446,0.3287819012727401,0.35501710449865054
20,0.21918115442435482,0.05470954385975341,0.0004154178552267821,0.3139511203863115,0.4117427634743535
21,0.14479917884538304,0.09129202533521322,0.00035217477867189917,0.4794727009330829,0.28408392010764877
22,0.1394187821458277,0.08157243623527707,0.0007275388567939274,0.4944516306710371,0.2838296120910643
23,0.20980964010998657,0.13384181478890392,0.002385523711989297,0.17935928684831048,0.4746037345408098
24,0.1307047804481457,0.32194338456115756,0.0033796324157271116,0.29113806386543184,0.25283413870953786
25,0.19066999101472076,0.18992376252783524,0.000568197258993304,0.3480358755174864,0.2708021736809644
26,0.23788935961915258,0.18161970275853168,0.0009378495978158141,0.2908322593808653,0.28872082864363474
27,0.2287059500708091,0.1898763363403692,0.0004093380058055143,0.3071705188793435,0.2738378567036725
28,0.07977425779921284,0.03784397828247674,8.827197273164401e-05,0.01620343839150902,0.8660900535540698
29,0.5798462742020899,0.10749942084892652,0.0004937537974573797,0.09830493049516452,0.21385562065636168
30,0.5875390417133846,0.18952087803234416,0.0010468762031566757,0.01480726368369931,0.20708594036741526
31,0.6320159637298873,0.24199442501755436,0.002975293581908127,0.0088162720646875,0.11419804560596264
32,0.30364439491678297,0.6203415451033198,0.007182806544305407,0.026125363763267608,0.04270588967232441
33,0.3699964057314988,0.42138727332771947,0.006882438560146178,0.00940204239237775,0.19233183998825784
34,0.3850094210600704,0.45838984384422526,0.008830272093161583,0.032049470961381596,0.11572099204116114
35,0.14902678780607004,0.6638941021001161,0.02546029912283476,0.03056649589231472,0.13105231507866427
36,0.3224786337846865,0.35891145063023794,0.0059518920171959585,0.06104898039440353,0.2516090431734761
37,0.027475914189430413,0.016307795087317032,0.0007488188359811136,0.0018495344035652415,0.9536179374837062
38,0.030557118659223403,0.013943137916841625,4.576292069850895e-05,0.0026961579253174505,0.9527578225779191
39,0.25327859736692077,0.05910661868401371,0.00017578550089817423,0.006242356918546314,0.6811966415296211
40,0.31774300179223125,0.030403904487325297,8.628687535090268e-05,0.0027898190476855567,0.6489769877974071
41,0.15561221946027418,0.024278960508057654,5.1398610610127116e-05,0.004044718397396751,0.8160127030236612
42,0.23461840046334578,0.032417884093258555,8.407068476431353e-05,0.006082595700636535,0.7267970490579948
43,0.26896510685083286,0.03439800424478686,0.00019371304098665464,0.003130201557802792,0.6933129743055908
44,0.21657967945608345,0.08886621522523852,0.0008080494722519959,0.004060645070622611,0.6896854107758035
45,0.0421089888260953,0.015622674345149953,0.00013427386505972095,0.0012085154777807005,0.9409255474859144
46,0.029401331561572677,0.02166577156168924,6.516423814558255e-05,0.002417323584188777,0.9464504090544037
47,0.011916633694622914,0.007433918039375189,3.421128445896747e-05,0.0002955080659297496,0.9803197289156133
48,0.1923268248377197,0.013832065889253726,9.71652886914119e-05,0.0012411919235232015,0.792502752060812
49,0.14780246393549581,0.013648627497589235,7.402271892780699e-05,0.0009670800530022787,0.8375078057949848
50,0.09360110967549615,0.027915199465332715,5.522354318741863e-05,0.0014612004769467691,0.8769672668390369
51,0.01107295855348216,0.007835194562166517,0.0003477670104941176,0.0002505907389410318,0.9804934891349163
52,0.19506988048086843,0.025329618958619418,8.791116404099573e-06,0.0013743750332714019,0.7782173344108367
53,0.3416914369018079,0.022370786880833667,2.4900946211249397e-05,0.002324940130087711,0.6335879351410595
54,0.3360766936610006,0.029915321178621057,2.9559602976178126e-05,0.0028266031250031172,0.631151822432399
55,0.32977329178184167,0.14271026158380978,4.375753287311892e-05,0.00979122024386358,0.5176814688576119
56,0.1647549199016303,0.06603798149050141,0.0009091008175813553,0.0024224599344788576,0.7658755378558081
57,0.0680143865633724,0.13105850564566193,0.001393508453419955,0.0017375031326659167,0.7977960962048798
58,0.009488679988555869,0.00270314349486455,1.4734324272379175e-05,0.0008499313570534988,0.9869435108352538
59,0.1480175778745156,0.016050996728386908,0.00010166618483568509,0.0024898844707339366,0.8333398747415277
60,0.025510437747440582,0.004201285534405348,2.2353150720826798e-05,0.0004519464289905365,0.9698139771384428
61,0.26201339985984773,0.022701808898169158,0.00015123116908035116,0.0031033733601814645,0.7120301867127214
62,0.1759417091682605,0.024982068853428314,0.00015356776987294883,0.00842754676561545,0.7904951074428228
63,0.31259912279370095,0.04401961206093983,0.0003516857131828774,0.01729478737033946,0.6257347920618369
64,0.12784633508802554,0.028828377596798946,8.083644996343611e-05,0.04470382829953874,0.7985406225656734
65,0.49728443235835423,0.06006581069345178,0.0003901198856497655,0.2363951636856518,0.20586447337689243
66,0.38501457006984374,0.1132179493386772,0.0002722991039469572,0.2951238065503772,0.20637137493715485
67,0.2764784549031771,0.09699750323328939,0.0006216100857622246,0.5214078576797806,0.10449457409799072
68,0.1313193737111285,0.27688214464167393,0.0008500776355367906,0.5476948436715825,0.04325356034007835
69,0.09386877893990211,0.2217097658509891,0.0008752713546928928,0.5947339533198159,0.0888122305346
70,0.12719961537034097,0.17579421983918175,0.001191536801750178,0.6040217165213264,0.09179291146740082
71,0.11197343730558015,0.14451359874867364,0.0005276686105958995,0.6541757627136205,0.08880953262152967
72,0.05937737111664257,0.05457299648727027,0.00030712094592899244,0.0724382098235477,0.8133043016266104
73,0.03170569775165343,0.009782444136566367,8.103038011125917e-05,0.023352002607986037,0.9350788251236829
74,0.21986218494548834,0.025081783875039818,0.00031164660797334035,0.00801675475342854,0.74672762981807
75,0.21398974443905783,0.018752743619577017,0.00011481731723237138,0.0018088238157166162,0.7653338708084162
76,0.2339319643557333,0.019785309296013014,4.258017467077295e-05,0.00789905114455935,0.7383410950290235
77,0.17408141552648693,0.022261053849785526,3.350295865507495e-05,0.010282388382082805,0.7933416392829897
78,0.053691498017308645,0.010569659887570427,5.424860947244881e-05,0.0016511197118602903,0.9340334737737882
79,0.015606999136304695,0.0013214631628318584,2.851367591462521e-05,0.0007948916121106477,0.9822481324128381
80,0.03279875881313096,0.0050850261767978805,0.0001532395973325173,0.0011308566606615259,0.9608321187520772
81,0.4973858451080085,0.033044312841795605,0.0005561347052121551,0.008206288784158501,0.4608074185608252
82,0.6072071784078992,0.15107371860322047,0.0014146451420608685,0.019039502680073907,0.22126495516674557
83,0.41130655337622385,0.1457442497122248,0.0005907791609788037,0.20740440137815805,0.23495401637241448
84,0.26495519083608066,0.14092549072540456,0.0001317480531237155,0.23292474455581724,0.36106282582957394
85,0.4016656821458773,0.09931694624461421,0.000183338905440823,0.3227117606031427,0.17612227210092501
86,0.4960236151873106,0.15196908377645033,0.00025678923411140463,0.16665735764305806,0.1850931541590696
87,0.305074589555478,0.09906973595970679,0.00011959618422155911,0.10411048022847318,0.4916255980721205
88,0.584529655983054,0.08900740758266174,0.00013918126263646305,0.10598969089350974,0.22033406427813823
89,0.17879008887900438,0.02959155341154618,7.937321588536656e-05,0.03225944887273358,0.7592795356208304
90,0.31307542604481586,0.039348579173386876,5.018085778662885e-05,0.015207163347910278,0.6323186505761001
91,0.09131225593620253,0.03112408452464237,0.00017514916655201796,0.007768941806461105,0.8696195685661421
92,0.027753603788964343,0.007532504869907322,8.285107131296043e-05,0.0012799794651494295,0.9633510608046659
93,0.03280725633036312,0.0035877692572734215,4.3077225805988155e-06,0.0015297455063409274,0.962070921183442
94,0.6554619385991185,0.06410090104602117,0.00018514416137945344,0.031381751239323935,0.24887026495415684
95,0.14565937080701763,0.016785716942269824,1.8241666377806912e-05,0.007224496886256405,0.8303121736980782
96,0.5236797761696499,0.13838920243123612,0.00013757843361618047,0.07775876660499068,0.26003467636050703
97,0.3233766925625936,0.07952381794624619,0.00016671909059209563,0.09729876268664893,0.4996340077139192
98,0.1892227099886029,0.09298472923271088,6.93472617964209e-05,0.07895588472188213,0.6387673287950076
99,0.4788442879568216,0.15794961302897886,0.00022000136751969466,0.11874108792415135,0.24424500972252844
100,0.42344404958922754,0.16698854003493224,0.00010780578861758735,0.10941944984826239,0.30004015473896023
101,0.23406233783180735,0.03652704941047445,5.2836995349571075e-05,0.016909668137971734,0.7124481076243968
102,0.0413089801151939,0.009648607170290138,1.772255581444539e-05,0.003512284198266077,0.9455124059604354
103,0.08225385834417127,0.0045066525112037285,1.0996336022175162e-05,0.007498483624691622,0.9057300091839112
104,0.009647988326583748,0.00039912084678378083,2.3131894686400643e-06,0.0005573590825667018,0.989393218554597
105,0.0138500511245036,0.0010811249714492246,9.728482298818766e-06,0.0007177730123410808,0.9843413224094073
106,0.03637678328749429,0.0014452027972238469,9.086686030231765e-06,0.003250207737973029,0.9589187194912786
107,0.004866982674153099,0.0010413577789784496,1.5848505296099614e-05,0.0002022057117968578,0.9938736053297754
108,0.008610585528007801,0.002291892667114364,3.6829650404856743e-06,0.0012979920217245575,0.9877958468181127
109,0.013954759777413324,0.0023075476956100197,1.2927786604191605e-05,0.0023406633825414484,0.9813841013578309
110,0.006333336819215822,0.0010968383251111799,1.560008920701001e-05,0.003482942045289241,0.9890712827211768
111,0.06978192907274867,0.004332817942332999,2.6611691978280564e-05,0.006942563406086126,0.9189160778868538
112,0.029840272624130505,0.003821446849295269,3.733433076170931e-05,0.0026882202575675557,0.9636127259382449
113,0.009847841825422435,0.00245564578807902,1.0245917638216974e-05,0.003039983318254591,0.9846462831506058
114,0.02583279861877586,0.0053128231244305435,3.2294496758426934e-05,0.012270231778776973,0.9565518519812582
115,0.10587905055311139,0.00721888127316254,6.034890727464265e-05,0.01023584241728272,0.8766058768491687
116,0.04971618743221424,0.007561095583179367,6.159098697729995e-05,0.008042689996555932,0.9346184360010732
117,0.2503091710800487,0.0320475286711776,9.949189877080816e-05,0.014610870463808847,0.702932937886194
118,0.02888644351730604,0.0036092097968661147,3.9984193075644735e-05,0.004751495125573699,0.9627128673671785
119,0.036773714624498036,0.005822576092589258,3.07269033344922e-05,0.0012098333848844574,0.9561631489946937
120,0.04705769057639359,0.0030924438040842057,2.7075501277401994e-05,0.01223924635017166,0.9375835437680731
121,0.08252191634770992,0.010633325542154346,4.828686335499797e-05,0.024937202274204602,0.8818592689725762
122,0.34179799680190404,0.034646661945369396,0.00018795567427295037,0.11235694216681884,0.5110104434116347
123,0.27213842206624544,0.04267549943148527,0.00014345392122668037,0.11843114831384163,0.5666114762672009
124,0.2708123105074135,0.049166564125707295,0.00013741067277245954,0.3720041660400198,0.3078795486540869
125,0.23169059050380464,0.04192049079703003,0.0001065378022346302,0.28818572176992113,0.4380966591270095
126,0.15571476169094317,0.03311644137470352,6.795691502056691e-05,0.3279108375598,0.48319000245953275
127,0.2251668524408646,0.02177385369911606,0.00021120441531814348,0.3968761255078265,0.35597196393687464
128,0.24553421787592533,0.038533430205227585,0.0001495776212767308,0.4532755543687136,0.26250721992885667
129,0.0987023404589728,0.021599156274686827,4.4581700236665634e-05,0.2869842233747826,0.5926696981913211
130,0.27358573137840536,0.03762809686416424,0.0002649693117261825,0.16992229254273628,0.518598909902968
131,0.26272789508307975,0.05408952348841355,0.00011497127307560597,0.1535693749224846,0.5294982352329465
132,0.030660528640205853,0.003830765196312729,4.109895142896866e-05,0.014947935861400901,0.9505196713506515
133,0.36406433057911686,0.04726691117913153,0.0002486963142845513,0.09692871249422912,0.4914913494332378
134,0.014375184181412207,0.0018496890873105844,1.2336692762181996e-05,0.0022824015604154,0.9814803884780996
135,0.02304880983688164,0.0017853963996323347,1.7678462838363958e-05,0.004560577766173198,0.9705875375344745
136,0.0044199003434041585,0.0007281335756112575,1.323256952081656e-05,0.0022269896334270634,0.9926117438780366
137,0.01740851971294152,0.0008892270350881549,7.193865978683852e-06,0.0014092496737542666,0.9802858097122373
138,0.03306221198124674,0.0012329363600455843,6.4916958842861454e-06,0.0012275129804321413,0.9644708469823912
139,0.22118889659029123,0.00823643509704448,7.483600267942573e-05,0.015631983928912886,0.7548678483810719
140,0.049457881169970276,0.0031133370535068325,1.3960573428349126e-05,0.013315003203287771,0.9340998179998068
141,0.02394588335071165,0.003012843677422958,1.4435346924864855e-05,0.00763212015946638,0.9653947174654742
142,0.01328200277775729,0.0017916568066848636,1.1187821700443305e-05,0.004531527607773848,0.9803836249860837
143,0.00629392574155723,0.000670790159294654,1.2522804194444915e-05,0.00106666874811207,0.9919560925468416
144,0.010205250165619087,0.0009885288860129395,1.7149748077840824e-05,0.0009266999990982933,0.9878623712011919
145,0.1613015422607157,0.0068500256621282065,8.221060614231447e-05,0.013746750782721607,0.8180194706882922
146,0.30879324364945687,0.022121150661277286,0.0002486521113092612,0.04362665550696182,0.6252102980709947
147,0.34446492868732864,0.0538838942665314,0.00014013165583215878,0.1691683357725285,0.43234270961777943
148,0.03525474659957717,0.03883195992188018,0.00040481661742464945,0.008568371649140552,0.9169401052119774
149,0.4790375936382869,0.1323535383917009,0.0002951588942367758,0.12030235794307097,0.2680113511327044
150,0.36812474277590235,0.025008922322311253,0.00020931534218604205,0.0709378596407549,0.5357191599188456
151,0.2775488354912473,0.04355720623106034,0.00020019893072823676,0.11083998074743773,0.5678537785995263
152,0.07555517437376294,0.017213987714413886,3.8879231694947914e-05,0.13589705704306215,0.7712949016370662
153,0.025901788432716278,0.007807395656201235,1.1201997735213137e-05,0.02711825326077004,0.9391613606525772
154,0.016460673364218924,0.006281189710323604,4.1265179121136576e-05,0.015192515443427508,0.9620243563029087
155,0.0024747691146358585,0.0011891615527993714,1.0172979138915063e-05,0.0015777750879531671,0.9947481212654726
156,0.006209975317023941,0.0017797782326209564,1.1029947374859496e-05,0.0006892088716874357,0.9913100076312928
157,0.051536878560718084,0.002943674730099815,8.299303320238334e-05,0.0010057053638580704,0.9444307483121217
158,0.031420269069555716,0.0021645915931221204,0.0001271776550443435,0.0008117718511053276,0.9654761898311724
159,0.01604990729748172,0.003329360944029442,0.00011048197847506009,0.0011893843424883048,0.9793208654375256
160,0.04361418229800533,0.02064347445582723,0.0004171742858462871,0.00239184323972067,0.9329333257206005
161,0.07974462162878118,0.052256097085754946,0.0007748245091594406,0.0021097727078230955,0.8651146840684814
162,0.18120352837715936,0.13423086647269966,0.0014902722638174203,0.006153023378369997,0.6769223095079536
163,0.07076677495219862,0.22610562674374246,0.001233316701539416,0.006332153199371268,0.6955621284031482
164,0.13353520667722382,0.4249668197300217,0.0013481004976422207,0.015084397743857699,0.42506547535125444
165,0.1207914890879711,0.5318684263073933,0.0018439161133528244,0.045357219181199344,0.30013894931008356
166,0.1882882156583937,0.6761047115753834,0.0023477716654120833,0.02720774564753003,0.10605155545328082
167,0.1522296989946978,0.7562004991501285,0.003104632968012505,0.013960344912387023,0.07450482397477415
168,0.08959552673956142,0.8927937512360896,0.00561657917400273,0.001530723813486352,0.010463419036859923
169,0.10931602883245271,0.8779305153858692,0.007382959477279379,0.0007635660568525657,0.004606930247546226
170,0.00603481951905207,0.9643229644749649,0.026066993220884106,0.00026472232063749903,0.0033105004644613683
171,0.03056891816346125,0.9356923881781689,0.02905989985346781,0.001607840486868329,0.003070953318033684
172,0.00859622155283985,0.9680060760549746,0.021002335755257517,0.00034470047792889826,0.002050666158999256
173,0.0016495883893043737,0.5363382943415972,0.4595156614923097,0.00014442673323134084,0.0023520290435574765
174,0.00771708641093411,0.8617243453716367,0.12563980986698217,0.00016795872700617464,0.004750799623440727
175,0.0017065511107088834,0.6631615282011918,0.3325935323673855,0.00012421961630004042,0.002414168704413997
176,0.002725217292781424,0.32899080838974587,0.6651911544444007,0.0001069506074576329,0.002985869265614535
177,0.005986113502148964,0.8929742399903046,0.0983708869754771,0.0002309544876085215,0.002437805044460966
178,0.0024860841323939863,0.875280245886164,0.11914233853005816,0.000215836882532828,0.002875494568850847
179,0.0020736433954390986,0.6882852835379677,0.3070311935178862,0.00014420363461472525,0.0024656759140923162
180,0.004956848070874841,0.7674096929961756,0.22302513155679307,0.00032005884316368017,0.004288268532992886
181,0.0016652955806269732,0.831838385427663,0.1634775127551148,0.00014843997238818648,0.002870366264206985
182,0.0018829145344383838,0.44750282039684725,0.5468853166690029,0.00013112293172302605,0.003597825467988299
183,0.009754380328013287,0.9387226882874153,0.04844404526354988,0.00041664233438918377,0.002662243786632299
184,0.002577275167435233,0.8385788260012859,0.15619836230807366,0.0001297290553448084,0.002515807467860566
185,0.005408976424999162,0.7029476790243235,0.2888276436311477,0.00018549420366024497,0.002630206715869205
186,0.0020013840670257215,0.8719000439786506,0.12457896599260367,0.00012423190130244838,0.0013953740604175184
187,0.0030868961823513276,0.6968625288150471,0.2982963891373504,0.00012209184791219836,0.0016320940173389425
188,0.0019902956545420234,0.7823690219710369,0.21332775006595828,0.00011521415245133426,0.0021977181560114962
189,0.0010605201454907914,0.49985104832150856,0.49762546580249495,7.059449975317295e-05,0.0013923712307523373
190,0.00025857692906339024,0.09663216402952977,0.90248953841884,1.814253046339722e-05,0.0006015780921032854
191,0.00013391046303043504,0.04154931069393429,0.9578937581371936,1.0483744666128083e-05,0.00041253696117579474
192,0.0010945638616711713,0.21944817156070145,0.7763946757416528,3.618551028582849e-05,0.0030264033256888413
193,0.0001332299591013136,0.04976546172496343,0.9495581238716196,8.035862934107253e-06,0.0005351485813813593
194,0.00031694045575900956,0.025611333385091816,0.9731870516973476,6.01598579255525e-06,0.0008786584760089979
195,0.00025157328015712786,0.030732013658441696,0.9682653162805266,6.952909715957024e-06,0.0007441438711586082
196,0.00038494622540090367,0.034667636075610346,0.9637485680805887,1.1940448626970557e-05,0.0011869091697733216
197,0.00021403763754577508,0.013956675707937002,0.9846235355828595,1.7337938017135564e-05,0.0011884131336404875
198,0.00044146734638061345,0.025513219124058014,0.9709521010791038,0.00011098338601213922,0.0029822290644454814
199,0.001191433133031271,0.04999699918325298,0.9444026266144004,0.0004781948704202963,0.003930746198894808
200,0.04311319518087278,0.03616376914836258,0.0077273070650199635,0.007632833217320602,0.9053628953884241
201,0.09497170606314703,0.11731760582750676,0.0009882739435036867,0.008263892224145628,0.778458521941697
202,0.021889922369158533,0.0065504963361858876,0.0001802574630881296,0.0011187405265328406,0.9702605833050345
203,0.6115635880331738,0.12579689967678775,0.0005601221681648906,0.01558557082261926,0.2464938192992544
204,0.2589933865546001,0.2661496096231501,0.001959273186114553,0.028076675682263012,0.44482105495387225
205,0.30723108874509997,0.46812476686890475,0.0023081912230754867,0.06850692083212405,0.15382903233079576
206,0.1086679960952317,0.6078180566927198,0.008424775448242107,0.08291280289283713,0.1921763688709694
207,0.13583575305416332,0.3963274585184432,0.0020992886128095587,0.32170492551237206,0.14403257430221186
208,0.03594884390142233,0.06745393257781643,0.0007213396676233779,0.8831139352939782,0.012761948559159533
209,0.04812171824498092,0.14649319947723682,0.0010990890999750462,0.7848305255336747,0.019455467644132547
210,0.1975157667652519,0.21782966048891975,0.00037884659267126266,0.3682146768069595,0.21606104934619735
211,0.10159121303833193,0.34798001425911596,0.0007464547324012431,0.5349937996166191,0.014688518353531821
212,0.12897056163091794,0.3575276830354681,0.0007691471187916596,0.46346765525458083,0.04926495296024157
213,0.10991812977521627,0.6545794409366306,0.0018305253295659248,0.2130629582746527,0.020608945683934572
214,0.1174026849405119,0.69800152784989,0.002419866354941355,0.13793539790026543,0.04424052295439125
215,0.0997687218356114,0.8210090875371459,0.0011348389268337736,0.05754758669292151,0.020539765007487342
216,0.028107372058179064,0.016467252919157814,3.9787575839118654e-05,0.003331040302595176,0.9520545471442289
217,0.042772795344536006,0.04657878980800385,0.0017742888451510218,0.002152624116720682,0.9067215018855884
218,0.028947304185974625,0.008918550292299888,1.5068386093156432e-05,0.009379689959546023,0.9527393871760863
219,0.13481064110365112,0.016935685935172543,1.802641348414568e-05,0.0074280657623615725,0.8408075807853306
220,0.6930379239267414,0.14117227035010974,0.00039764614301777946,0.02875653979840175,0.1366356197817293
221,0.6233879721734487,0.07162033576397778,0.00023345264374598375,0.10108104593103702,0.20367719348779045
222,0.30408430376322015,0.08467098604159666,7.545208864158169e-05,0.32571501176254497,0.2854542463439967
223,0.16990480009388917,0.10188936328467241,0.00011686566876184226,0.6728880639359441,0.05520090701673234
224,0.15443240262409547,0.2101668856018972,0.00013869838627912726,0.6077334789467712,0.02752853444095685
225,0.11454224210445947,0.03963532791691795,6.944292244472295e-05,0.5683073597199783,0.27744562733619965
226,0.08905041796652173,0.022099902678360695,3.1636659046309774e-05,0.7650840731386546,0.1237339695574166
227,0.12132406652873279,0.06320742542988761,0.00014668617255483667,0.799113256012453,0.016208565856371746
228,0.11130707433034641,0.14263212669178757,0.00023247279885380858,0.7376402573771498,0.008188068801862536
229,0.047393428481958995,0.03752362650837376,8.211171975472385e-05,0.8875195457745243,0.0274812875153882
230,0.03954376845850245,0.16312785055644766,0.000368706258295895,0.7922883858245189,0.004671288902234997
231,0.04293498138023872,0.03500913434771548,0.00010215659335949771,0.7064781599760698,0.21547556770261653
232,0.04791298233012694,0.008969608266355032,6.036722921778023e-05,0.24374136060253423,0.6993156815717659
233,0.3132241222448391,0.1084780573526099,0.00030004570946613724,0.3556652920761787,0.2223324826169063
234,0.499753760774504,0.061184166730811444,0.00032075039445089406,0.22160648577848588,0.2171348363217478
235,0.41858807175699636,0.1937590443429121,0.0003864200685851555,0.3295157346472889,0.05775072918421742
236,0.1896425979763011,0.11125492899434382,0.000261406374361818,0.5592801162718455,0.13956095038314775
237,0.11836012007463317,0.09818971690893634,9.65205616861054e-05,0.5799690197925662,0.20338462266217824
238,0.1548735144650462,0.14811050229046258,0.0002972680213972892,0.4453986421496403,0.25132007307345366
239,0.008552710116819453,0.0038561091420270767,3.30040954489538e-05,0.006333326438408642,0.9812248502072959
240,0.08611732578876168,0.004608353842896854,4.9853791481949694e-05,0.024734128741754974,0.8844903378351046
241,0.6004329409874094,0.02143647102715185,0.00014541529382376323,0.061015663486909635,0.3169695092047053
242,0.4612908872261239,0.016742831756358382,8.834973109532191e-05,0.03431808540394484,0.4875598458824775
243,0.5529260706111401,0.07493191370839054,0.00012461202787450418,0.21942985538764448,0.15258754826495038
244,0.2741102408522233,0.03914637848549373,0.00011650658094965988,0.38067113570185174,0.3059557383794816
245,0.10071449487158349,0.012644852240425622,6.415967543531194e-05,0.12087542433216643,0.765701068880389
246,0.25305941195436066,0.03670358695443928,8.178966053710037e-05,0.2907894739394976,0.4193657374911653
247,0.476800609271571,0.08327175340838869,0.00027132795887825753,0.2576067454186287,0.18204956394253324
248,0.19482373813803758,0.346387276473224,0.0004462674649133711,0.445133592657009,0.013209125266816063
249,0.11846810611892865,0.0323372079816673,3.506834923067665e-05,0.05686939005546582,0.7922902274947075
250,0.018773277383414118,0.007789301966709718,5.3384434815727405e-05,0.002760670595026613,0.9706233656200338
251,0.1899042659983168,0.013364927589148572,5.791471371030505e-05,0.023028420256812985,0.7736444714420114
252,0.2567034456573781,0.02944051890421628,0.00012746385593142816,0.021553814489262947,0.6921747570932112
253,0.011248261360336508,0.0015606426373995003,4.452628135234028e-06,0.0014836479098647827,0.9857029954642639
254,0.07426764548446493,0.005932838260961652,1.8275929193845013e-05,0.013030770359743508,0.9067504699656361
255,0.18616957518807717,0.026687194853892263,3.17417001104001e-05,0.012523083611001627,0.7745884046469186
256,0.009189604557125254,0.0015471732964743997,1.847850455180235e-05,0.003155200513140442,0.9860895431287082
257,0.4957875849934616,0.026165425906739325,8.019536970575614e-05,0.04340139384270864,0.43456539988738474
258,0.5006368981645546,0.056022173324409626,5.496469807542958e-05,0.06928279961893165,0.3740031641940288
259,0.03219878232254438,0.0034648114875142234,3.899953450591652e-05,0.011583002696911319,0.9527144039585241
260,0.38679301974237956,0.055666260516350735,0.00015687583594685192,0.16827839288882573,0.389105451016497
261,0.5064021146419898,0.08133582877468878,0.0002514675706652077,0.22811316081536132,0.18389742819729493
262,0.11186903394848843,0.021300583694776623,7.398262503889827e-05,0.07206047124913509,0.7946959284825609
263,0.452536947028996,0.11156446106484186,0.00015356813161408612,0.17910744204385745,0.2566375817306907
264,0.4952472105509854,0.13819537042706417,0.00015967478940999858,0.2569937651385009,0.10940397909403948
265,0.2325663199803197,0.055598950141558766,8.868072382023691e-05,0.21648529364876648,0.4952607555055348
266,0.2952878161138416,0.1563411014473314,0.00021075901439501573,0.4666345082954728,0.0815258151289592
267,0.18498698038545378,0.08918133260157297,0.00015944922630997498,0.6441912639713258,0.0814809738153375
268,0.20717762299809767,0.09568543087638962,0.00011239927904515078,0.4085418202099994,0.2884827266364682
269,0.046898608180238874,0.02254021482173935,4.2080214930439044e-05,0.01894403248403508,0.9115750642990563
270,0.029432460000493554,0.009970368336314407,1.720719719730786e-05,0.0037256716023646727,0.9568542928636302
271,0.46888383813109447,0.05267908584615827,4.961964309157832e-05,0.01576810570396022,0.46261935067569554
272,0.023856418108598305,0.003548007451186073,7.142971806921985e-06,0.0018107107371189049,0.9707777207312898
273,0.021040612713917908,0.0020835998444300326,7.5727436835356455e-06,0.0016504281790556028,0.975217786518913
274,0.008402069355327989,0.0013433176305861483,2.1981259257320885e-05,0.0022674178822301074,0.9879652138725984
275,0.030387618173753423,0.0017953895015957264,3.19773977127612e-05,0.005402201426562331,0.9623828135003758
276,0.030317308653388664,0.0034272550150743417,3.108663149346539e-05,0.006365471534492986,0.9598588781655505
277,0.014837226533714096,0.001160604153181634,1.4956288008286965e-05,0.0037448933600174776,0.9802423196650785
278,0.005106554871547187,0.0007163011108952415,1.6456336973080817e-05,0.00199446631715632,0.9921662213634281
279,0.04822706752160213,0.0037926670346694175,1.442015018426731e-05,0.005770311305472008,0.9421955339880722
280,0.14454413337405167,0.007481942860404644,2.6980615645844748e-05,0.010192633474674197,0.8377543096752236
281,0.04498775571249172,0.006418611662903997,1.367263798338281e-05,0.005506205768974274,0.9430737542176465
282,0.42956662761883474,0.01855433572916916,4.02182169426286e-05,0.00662663091995924,0.5452121875150943
283,0.36253932349081514,0.025420868625949403,2.883386640237255e-05,0.01121748278594301,0.6007934912308901
284,0.014909273000336303,0.004283572799987165,2.8064377317669792e-05,0.0008570349096986229,0.9799220549126602
285,0.006987893846993646,0.0007548749899690108,2.29587156840758e-06,0.0006007135676103949,0.9916542217238585
286,0.013347695112330844,0.0012235823061363415,6.272047570715537e-06,0.0015009393145022948,0.9839215112194597
287,0.017839894405977455,0.002549063093100658,7.844905705662588e-06,0.0010021962631062793,0.9786010013321099
288,0.6175388873688125,0.07879228246462966,0.00014416417582440425,0.049144020505657415,0.25438064548507605
289,0.3900162149130927,0.24429161970235444,0.00041163703525795234,0.11303975320578216,0.2522407751435127
290,0.44845505022098525,0.08237322592461997,0.00025923902200601027,0.22279260494278164,0.24611987988960712
291,0.21194774348032214,0.09357111697177393,0.00015695566681917913,0.44297253091866906,0.2513516529624157
292,0.0656068822264504,0.043902797847823985,0.0002618400936357898,0.22194801982693366,0.6682804600051562
293,0.4609531357819153,0.07254407535252479,0.0002541759526296418,0.3485237672007194,0.11772484571221069
294,0.34100753817419616,0.10483299405080602,0.00031538399281084235,0.45672514420113314,0.09711893958105383
295,0.29142995726392645,0.18088061198544048,0.00034826760570809867,0.39500021070840885,0.13234095243651614
296,0.08369289334633928,0.029117585117951376,0.00014342179041347948,0.04596204684845116,0.8410840528968447
297,0.35982235074604907,0.12287915605895083,0.0005857454395937303,0.3423151762935737,0.17439757146183277
298,0.1279495202839037,0.019652912213769278,0.0001392098794885909,0.1615513385636217,0.6907070190592167
299,0.5212365427369423,0.11703220881966049,0.0007753986182369318,0.3044168567531195,0.056538993072040876
300,0.2894676729568949,0.1796186318733276,0.0003426759949789197,0.2970200055013001,0.2335510136734984
301,0.05878497327272734,0.012870937257868711,9.190837221086028e-05,0.14438821633739005,0.783863964759803
302,0.09092069336686928,0.01486898829125425,0.00016197847511799864,0.17277783488026208,0.7212705049864964
303,0.1278462475090992,0.007664956338500716,0.00013917521540040322,0.11004809060803096,0.7543015303289686
304,0.455905346526085,0.04656492674923929,0.0005169197866155016,0.31140043437194165,0.18561237256611854
305,0.4003742996567605,0.07640861727044161,0.00020841580260279007,0.45673463456481783,0.06627403270537725
306,0.21394353303554797,0.059155837042575404,8.733045410350296e-05,0.665894802730883,0.06091849673689018
307,0.2189763134224251,0.17605095729418122,0.00016715475500652456,0.5712301071977662,0.03357546733062098
308,0.2946385219233412,0.10230288865968888,9.603857510965951e-05,0.4820916678500875,0.12087088299177266
309,0.2279388489847463,0.16271077763564437,0.00014605306100857956,0.5918929232669575,0.017311397051643185
310,0.170519108084389,0.067993372813172,0.00016558612073182526,0.7429158667978322,0.018406066183874994
311,0.2078357920969852,0.0760543121184949,0.00016284615248399583,0.6997773701176483,0.016169679514387806
312,0.16209469167363397,0.05742187487297914,0.00027368650376276987,0.14036042922627476,0.6398493177233494
313,0.23914322079823788,0.05147936408558911,0.00011803037627595673,0.10194243738412002,0.607316947355777
314,0.6553089847108972,0.07057395281524317,9.628886491249759e-05,0.08386797650605965,0.19015279710288757
315,0.6990317374670062,0.17119889945927294,0.0002373138522510598,0.09437950416852738,0.03515254505294228
316,0.6699463653580013,0.1630308784248021,0.0002124429031743895,0.09640255006518667,0.0704077632488355
317,0.40071776840299034,0.1324385974006168,0.00019770825973454428,0.3011378252624899,0.16550810067416835
318,0.23245113963248887,0.32670971871653404,0.0005181324565139506,0.42576662611113936,0.014554383083323694
319,0.35720137032761795,0.16644644166816766,0.0002794877544875926,0.43390750598438776,0.04216519426533882
320,0.0858446141545167,0.6977880908877477,0.0012220779376793398,0.206714652887441,0.008430564132615144
321,0.08079306101307224,0.023655435715099815,3.9354400718698664e-05,0.01680877083929886,0.8787033780318103
322,0.23066843828771194,0.055893651327905164,0.00019885470961339524,0.022717285169514156,0.6905217705052552
323,0.10446269376250777,0.011901620581690937,0.0001207231848066632,0.013100103556965554,0.8704148589140291
324,0.05077709838281556,0.0017131852255272526,1.2832840132645268e-05,0.0028191486364469226,0.9446777349150777
325,0.27446538732768244,0.019183480304374802,3.607150496137436e-05,0.020860826577341823,0.6854542342856396
326,0.7416789947871548,0.11326567440840096,0.00025740890784613197,0.06888145995759452,0.07591646193900373
327,0.3649980084753838,0.07114033172873092,0.00035794227773381363,0.06655131213476916,0.49695240538338226
328,0.04440660224177494,0.0078019509523239335,5.563654194486774e-05,0.0304894975280775,0.9172463127358788
329,0.013618649926560557,0.004559668086438775,9.285098234113456e-05,0.00491696425267571,0.9768118667519837
330,0.012332693553165906,0.0018438132959023093,5.256235728034054e-05,0.004875766579136878,0.9808951642145145
331,0.03550370360338014,0.003336309715487478,4.310366045259755e-05,0.0057595958304800165,0.9553572871901997
332,0.6078672303439172,0.0774967225311693,0.0004517095376015501,0.04415538848014505,0.27002894910716674
333,0.08361675481907407,0.010408716943345508,0.00015443349183764048,0.008799321633650057,0.8970207731120928
334,0.1376883874472019,0.01548496224160795,0.00017951371395814376,0.04502666718937064,0.8016204694078614
335,0.6496543225410425,0.0991725740343624,0.0002520576941856256,0.11013739155341795,0.14078365417699137
336,0.6226870638031726,0.1922558934877835,0.0004383022489660053,0.11380353147777598,0.07081520898230205
337,0.4815495956302387,0.24241850197180748,0.00033457749425613924,0.23634775627844137,0.0393495686252563
338,0.11282591870727965,0.042489275423622117,9.825107636255853e-05,0.06620323293215975,0.7783833218605759
339,0.053020330812944584,0.014166810730399411,7.015804222857101e-05,0.04073406927645523,0.8920086311379722
340,0.3051291769470632,0.10552886340675902,0.00012752850308112175,0.13826715742636733,0.45094727371672927
341,0.30916327722510156,0.04895239654850579,0.00016802639531259903,0.04824938639620043,0.5934669134348797
342,0.01643635031236265,0.019469176442438563,0.0019188529444482268,0.013836994258012377,0.9483386260427382
343,0.020720342443450043,0.003385331010530882,3.3961518337522435e-05,0.0051122160226706,0.970748149005011
344,0.3571331732936772,0.020238612394026825,0.00010507677957547695,0.020628123052300454,0.60189501448042
345,0.16332033707352508,0.012733266348788,2.2442656977452908e-05,0.011202880854468932,0.8127210730662405
346,0.4980146022370925,0.0465719874946415,7.38113791703023e-05,0.15165870638959728,0.3036808924994984
347,0.27696432577381574,0.07197012195962507,8.540806641175224e-05,0.39813475395308845,0.252845390247059
348,0.0982677588193303,0.0328212602248706,1.9039863524755934e-05,0.08259285152388884,0.7862990895683856
349,0.19581726982407152,0.08816325001013367,0.00010366316077218674,0.5986584014191718,0.11725741558585079
350,0.13779306715668044,0.09131993332211633,9.647128512861838e-05,0.6068433451872801,0.16394718304879444
351,0.12166051034562454,0.05918886389601227,7.837713900482196e-05,0.7303718109788836,0.08870043764047475
352,0.13393830934254092,0.11960851877968513,8.717514858541011e-05,0.7083380379650408,0.03802795876414774
353,0.18902966953069217,0.24995515824055248,0.0001672270109105192,0.525449998662406,0.03539794655543884
354,0.19523133625319272,0.0834656600548228,4.302036346616677e-05,0.5613013010613724,0.15995868226714585
355,0.05262303165371281,0.04214261174704408,7.310561592179623e-05,0.025501073382961408,0.8796601776003599
356,0.5885684087668737,0.0651411488965713,8.055398717358962e-05,0.19084802024466505,0.1553618681047166
357,0.7639933672061002,0.10811406337433227,0.00011799817326875877,0.06862077534512039,0.059153795901178356
358,0.10137580696275084,0.03985800826815086,0.0009460176156958457,0.004660758027068385,0.853159409126334
359,0.022400475861137376,0.0043882759740024304,5.232307782355781e-05,0.0015819948774779837,0.9715769302095587
360,0.23872125838781885,0.02628648002234635,0.00021384432382857984,0.018387630137184096,0.7163907871288221
361,0.8584879161128557,0.04800885351523157,0.0006744093400299003,0.024754879405197053,0.06807394162668592
362,0.5275301984922971,0.2333757033705477,0.0008190307734620833,0.17870622081075416,0.05956884655293896
363,0.23053462286110482,0.37289276916597475,0.0009040046330638952,0.3479832670300596,0.04768533630979691
364,0.2641641858519774,0.20144770604346915,0.00033986882278249416,0.333613607915785,0.20043463136598608
365,0.11610624228872281,0.06155268142206737,0.00022792426597594622,0.17601908729884758,0.6460940647243864
366,0.36357400592160133,0.10172713611518068,0.0005282210336513423,0.3949922815886233,0.13917835534094325
367,0.14223788428352233,0.018919916122421294,0.00024089705691287123,0.10610522333649969,0.7324960792006437
368,0.3561583688016289,0.14937775926316565,0.000616862648319107,0.4708444789951184,0.02300253029176801
369,0.20511843594275794,0.10749301846523918,0.0005305961389730336,0.633640664596621,0.05321728485640885
370,0.3469049641819838,0.06620390174437586,0.0002948004986425622,0.5005500070816364,0.08604632649336136
371,0.0791143765839174,0.5461236423097864,0.00147118775710018,0.36751970707161036,0.0057710862775856835
372,0.05421924937212875,0.7033118696268227,0.004360926412693938,0.23527819945290823,0.0028297551354463436
373,0.059994457840089783,0.24982381580887855,0.0005821006551394884,0.6777837141308233,0.011815911565069006
374,0.029618647135686314,0.5350322911614372,0.004795257799870096,0.42505620435769853,0.005497599545307883
375,0.1353527239022388,0.09556610191669931,0.0002697728180037046,0.5191347187997601,0.249676682563298
