epoch,N1,N2,N3,R,W
0,0.00036992594657001536,0.00011645428087894789,8.936849389350888e-06,3.840092712999596e-05,0.9994662819960316
1,0.0017495729896424039,0.00035414795532212986,1.5854292864817037e-05,7.252452155645246e-05,0.9978079002406142
2,0.0004736555553990739,0.00013896007249269914,7.778834492190908e-05,4.3747789781404914e-05,0.9992658482374048
3,0.009284910317953726,0.0014459485611336524,2.5176797399047726e-05,0.00023573038598889923,0.9890082339375248
4,0.029422148879377136,0.003840059385940502,4.559070620307482e-05,0.0009467428900271868,0.9657454581384521
5,0.001634868075184524,0.0009182361241385085,0.0002604902269774848,0.00035110934073522156,0.9968352962329644
6,0.2100962662498138,0.0158236175153647,0.00011795563711870699,0.0022745729418783473,0.7716875876558245
7,0.0026305043411022477,0.0007942525692272247,0.000644548326147615,0.00015938378596745196,0.9957713109775554
8,0.22325996137915693,0.029602966996733142,0.00020229856523914158,0.0018763315126360685,0.7450584415462348
9,0.3874827008528563,0.22880443718055452,0.0005424124288365899,0.004056341120675398,0.3791141084170772
10,0.15760931925918034,0.7286809746803528,0.001268077728184912,0.005803715688491193,0.1066379126437909
11,0.012046398181209296,0.03106695922290381,0.0015886854650662438,0.0028942059921823987,0.9524037511386382
12,0.19096407948896246,0.1549800559465677,0.0005742678381560616,0.011506678762145225,0.6419749179641686
13,0.2768641491520172,0.47264608095358307,0.0004127378611381834,0.02636567830681198,0.22371135372644965
14,0.01809381711938935,0.025290572362089682,0.0004669550483127107,0.0015251689619326517,0.9546234865082756
15,0.20170003530961067,0.06401497014873397,0.00015811327317712283,0.007542758915738591,0.7265841223527396
16,0.17137653003537787,0.6265063748817591,0.0009865648213184628,0.005718120061982062,0.1954124101995623
17,0.041791124914182194,0.02845028238657538,0.00044972197678865743,0.0023496894725435658,0.9269591812499102
18,0.22305578606500268,0.6595252955645954,0.0002813978104297757,0.014780258915426017,0.10235726164454617
19,0.015538618942839621,0.0497498071871349,0.0007088824670489804,0.002032258448134592,0.9319704329548418
20,0.04825469119773736,0.026809706042344998,0.00014598722248139207,0.0013562829256953367,0.923433332611741
21,0.38319156784197644,0.32167713406468657,0.00045052148506014196,0.0074219117588572876,0.2872588648494195
22,0.09890825031355426,0.23350575584730351,0.0005835818489472314,0.0018730973456876068,0.6651293146445073
23,0.3627005846298211,0.3916638098405035,0.0005627658283163783,0.005738701541452498,0.2393341381599066
24,0.23814243653240091,0.24738503251175412,0.0002173100079495771,0.004212037211667511,0.5100431837362279
25,0.06685367446382864,0.7636655780090257,0.000930185740469577,0.0013882791520246247,0.16716228263465152
26,0.07269488195521061,0.43458877093537673,0.0005337566437597378,0.00186325138548314,0.4903193390801699
27,0.18823983996810068,0.6777902015247729,0.0005156619626207276,0.004544685318659423,0.12890961122584638
28,0.19899808863539736,0.6356753254640052,0.0002596680193437918,0.013711985924338622,0.15135493195691505
29,0.0866970577129803,0.7177640890870034,0.002276952974994561,0.002512691467665801,0.190749208757356
30,0.022022496043355756,0.0468565908153821,0.00024972739504360475,0.00039963441404179044,0.9304715513321768
31,0.15995011571076723,0.46184440220897816,0.00048514661944673527,0.0019824780723716583,0.37573785738843624
32,0.06073628531025411,0.4304121859762478,0.001405219995340203,0.0005807144484649844,0.5068655942696928
33,0.16843331922543126,0.3998802594327462,0.0001819480783960643,0.000819548786954872,0.43068492447647166
34,0.0589873128484135,0.8837407723317482,0.000848231461963425,0.001259512893309633,0.05516417046456523
35,0.05021407635950892,0.34792351833947316,0.00025105393053733463,0.0007262868758309705,0.6008850644946496
36,0.02150427745250606,0.9511036286047383,0.0012969775167883928,0.0010082631370354658,0.025086853288931864
37,0.09995239295404724,0.29543668303474635,0.0003649024664443368,0.002212659582149331,0.6020333619626129
38,0.03819525604311728,0.8341960776962863,0.0018880927953817894,0.0008897845147890957,0.12483078895042558
39,0.06800749547860303,0.35412504902348035,0.0007802228664793165,0.001252629724208393,0.575834602907229
40,0.12152526072767186,0.8194761985964402,0.0005381795596464009,0.002956745022646432,0.05550361609359517
41,0.13559974851371853,0.7244783552213594,0.0005398046451615625,0.008419987424157028,0.1309621041956034
42,0.07821229940227627,0.8994318243255908,0.0007019002178114354,0.001788759254576464,0.019865216799745084
43,0.08155457729914162,0.8797591937708675,0.0004893429322273488,0.004559248997163576,0.03363763700060008
44,0.07970685521283445,0.8950856791292859,0.0005612015946811415,0.0031794818082485697,0.021466782254949923
45,0.08685571656873803,0.7677894544380129,0.005506807813247881,0.004865166098544079,0.13498285508145702
46,0.13006532177169383,0.7601803913609226,0.0011266308574772485,0.00449498558488579,0.10413267042502043
47,0.10394847121450108,0.4740542458414235,0.001354341327095065,0.00211985991784025,0.4185230816991402
48,0.10098052619035391,0.8712485627073037,0.0007339054411290171,0.001900811837322524,0.025136193823890953
49,0.007412600932365834,0.9703522569481552,0.002550601895877592,0.0001617165121794184,0.0195228237114217
50,0.07126094830447569,0.8255486737506426,0.00359293675645991,0.0007059514960088441,0.09889148969241285
51,0.09225350836574156,0.2990179857810801,0.0011913979113727395,0.002165900847578652,0.605371207094227
52,0.03087903039141041,0.8814695661266666,0.0026031486790435957,0.0011470786272192394,0.08390117617566008
53,0.12974703243000607,0.5420018530275342,0.0018437205722268636,0.0016052587917624336,0.32480213517847034
54,0.11916421531739207,0.8280520336386555,0.0014898319492486671,0.0014173988695215872,0.04987652022518225
55,0.017066792303867644,0.9239927740462689,0.0105344412439323,0.0003038420955491816,0.04810215031038213
56,0.1022084681431336,0.16846553086983096,0.014818194673151035,0.0009643937861625184,0.7135434125277218
57,0.25045121681505633,0.3671024331561512,0.00039743166072827755,0.002735173013954298,0.37931374535410994
58,0.10886676500476171,0.622845745056991,0.0010467086430474952,0.0007565762080309474,0.266484205087169
59,0.3395988806134937,0.4924003111748277,0.0008033362708312263,0.001140091840284629,0.16605738010056278
60,0.04487845512142974,0.93566692838672,0.0004179205263166228,0.00040878389980091023,0.018627912065732572
61,0.05586692593079995,0.9236536670986978,0.0005944559531553504,0.0013930284877348188,0.018491922529612195
62,0.2396287499225433,0.6984483008137167,0.0009793888031593805,0.00538409825901318,0.055559462201567676
63,0.016223808384208012,0.9458887023647569,0.0267774828793212,0.0006620512983248432,0.010447955073389333
64,0.014960708171852332,0.9643725615784209,0.004982366451188205,0.0006987002371878071,0.014985663561350752
65,0.01232776658367583,0.9713941994809576,0.0008565827631627972,0.0014018831568452527,0.014019568015358507
66,0.02204087842815474,0.9592806241232688,0.00816832607991099,0.0012524566627215732,0.009257714705943651
67,0.007395799582716578,0.9290331052452031,0.05355999110739329,0.0007958553139029242,0.009215248750784215
68,0.03609548435704739,0.8902039121748206,0.010473212003514755,0.0015665841671042226,0.06166080729751315
69,0.07615671410842251,0.8625791497440678,0.01804278350079592,0.0022853617396119408,0.04093599090710186
70,0.1291324440874144,0.4104087025294457,0.000338056164931518,0.002557733337891447,0.457563063880317
71,0.005692124865663799,0.9662358916475999,0.013363591741450258,0.00036071813988631786,0.014347673605399886
72,0.16422445888164805,0.6343364403484422,0.0030650526372668747,0.003019811970021293,0.19535423616262143
73,0.13437717911992997,0.07842606664552235,0.006876400837864445,0.009485922308555899,0.7708344310881273
74,0.2796732024473861,0.5918361070729515,0.00032244248368515897,0.014124478084388402,0.11404376991158875
75,0.30363182115289694,0.5100471947495514,0.00038357343299019893,0.005452443954894376,0.1804849667096671
76,0.07784817569977953,0.8562662220098542,0.0010620316605943194,0.0029202113561504427,0.06190335927362142
77,0.16037925754674345,0.6723571520148486,0.0002000251217500636,0.013063827476908143,0.15399973783974985
78,0.16713402189824417,0.7748646396501456,0.0004538854626987298,0.010228610384691226,0.04731884260422004
79,0.1186602672348786,0.7722890970618205,0.0004119456149790935,0.04305803670520605,0.06558065338311575
80,0.09062670273545681,0.10575500536342818,0.0014832800842574836,0.009032010012747558,0.79310300180411
81,0.41402519926465875,0.39005693375244277,0.00030696555408037254,0.043643339526631034,0.15196756190218716
82,0.1529814724296742,0.7094449129785994,0.000450753372620173,0.010183096369350674,0.12693976484975567
83,0.2353729017418652,0.7088736851527969,0.001517063685708331,0.006513844696410068,0.047722504723219296
84,0.0560129725899586,0.15861671583657744,0.020553960356414387,0.012998815808339042,0.7518175354087105
85,0.06203317099955039,0.7318043228110521,0.02988544219735308,0.005143385058482971,0.1711336789335614
86,0.12728433205102957,0.7088477396172413,0.013289088279868728,0.010857132138355995,0.13972170791350433
87,0.132073569786836,0.4359743589236109,0.0036148479461053135,0.010881886226479646,0.4174553371169682
88,0.2648844606220363,0.5989255900967535,0.0006922047621075986,0.03439393471477517,0.10110380980432755
89,0.12106702797542486,0.7842056606961032,0.0006783798434325303,0.02018041288018546,0.073868518604854
90,0.2664298380416901,0.5350712167363337,0.0004906690027449296,0.016133418462197548,0.18187485775703355
91,0.17110634987448614,0.34329263759514567,0.0012645747543806598,0.009329383084780667,0.4750070546912069
92,0.25034588337703567,0.6631601912069398,0.0005361829649009421,0.009100621634691842,0.0768571208164318
93,0.13715526527602692,0.6121396348944262,0.0007687014416024752,0.007550337480381351,0.24238606090756304
94,0.30276225986718447,0.5795064813597288,0.00032957384627494134,0.058956345300814825,0.058445339625996864
95,0.13502996332373657,0.5047347001335476,0.004622750371682328,0.01130621500250222,0.3443063711685312
96,0.020996070423236996,0.016775371748295135,0.0007214363857546416,0.002063914673405876,0.9594432067693074
97,0.5327270660201918,0.2528497331582009,0.000559639700275775,0.02690810190839105,0.18695545921294038
98,0.07604645649537017,0.7290218414462033,0.001097090154607428,0.004856968287394216,0.18897764361642477
99,0.126221114015697,0.09858613696836584,0.0024105706707493726,0.007226704139238609,0.7655554742059492
100,0.3041000363673546,0.612699314339487,0.0005944351345816463,0.023305537942078656,0.059300676216498045
101,0.2323369739727372,0.6908239797236795,0.0006009640044734029,0.01582255460981513,0.06041552768929473
102,0.23538879490377662,0.2397601694629983,0.0019374932348318289,0.014805707424115867,0.5081078349742775
103,0.26649487049473103,0.6753357237133552,0.0006240561392944864,0.011420091318478353,0.04612525833414097
104,0.04337649969983335,0.8159835646178559,0.004470056334548783,0.002079199897241562,0.13409067945052044
105,0.10112525815060157,0.12123195301141315,0.003589958523451316,0.002400908880986257,0.7716519214335478
106,0.17929328395026964,0.7351273271629605,0.0008818240873800471,0.0032904406448794076,0.08140712415451065
107,0.33497718696650547,0.2478425003878512,0.0003482430381655808,0.0021755647822018697,0.4146565048252757
108,0.35493199326519886,0.5155578428206774,0.006276781308292642,0.0005049006339774554,0.12272848197185367
109,0.11496911384803771,0.8250506674071639,0.0013106976763495354,0.0008540198615086843,0.05781550120694001
110,0.0851736441245051,0.8353866198486473,0.0017830194410188465,0.0010229771334332818,0.07663373945239563
111,0.03185231279762012,0.9394225819055132,0.002387476562329714,0.0017354957779347807,0.024602132956602407
112,0.012163361612858104,0.9190955088997103,0.03672365686238705,0.003101120876596001,0.028916351748448425
113,0.026610834284048288,0.9258893120825716,0.011386654568991003,0.008102871400759317,0.028010327663629573
114,0.017653710570575555,0.9218572947526681,0.024070799263726805,0.020699045016873825,0.015719150396155804
115,0.22897438345107135,0.2297701953014113,0.00737705965403628,0.029847099100700956,0.5040312624927801
116,0.08639439403565323,0.06491822371739746,0.000931219363709942,0.03249158825069209,0.8152645746325473
117,0.05032850551734,0.03699962405928231,0.000770067383906512,0.007295818954862702,0.9046059840846083
118,0.01133249643043671,0.004089672860055527,4.33500940485604e-05,0.0010314493679987444,0.9835030312474605
119,0.02036523660513044,0.0034098597678223295,0.0004190416782489499,0.002158664239930661,0.9736471977088675
120,0.4920250876401023,0.039529007928645644,3.890231659114686e-05,0.01954054505130002,0.44886645706336104
121,0.5251887150065779,0.22447621356111078,0.0003429687187344328,0.01663135431969567,0.23336074839388116
122,0.5891065143167019,0.10121726933902642,6.893531022035758e-05,0.11118014170685989,0.19842713932719155
123,0.41972958269157806,0.1219226920290682,0.00010843285193050418,0.06058251853991344,0.39765677388750975
124,0.24285908272094336,0.1695172393913764,0.0001496157529718237,0.5367412320184944,0.05073283011621394
125,0.09292275320069131,0.5602677968845495,0.0003080852010598495,0.3117856455437649,0.034715719169934336
126,0.06182180997853849,0.5257827699831275,0.0003583738137342296,0.3898915849789996,0.02214546124560018
127,0.021062949592188206,0.7471439053821548,0.0003092705262564573,0.2177462834598027,0.013737591039597898
128,0.0719278737166979,0.3629325249518242,0.0002519539112418552,0.4751136185389792,0.08977402888125671
129,0.11631265449792076,0.2405182729982602,0.0007422239463821772,0.2879024659890226,0.35452438256841434
130,0.10099645644403744,0.08046404264156753,8.353404380260922e-05,0.054585082331869234,0.7638708845387232
131,0.25601141480120415,0.0795527196772901,0.0001002516443887656,0.11955292679045751,0.5447826870866596
132,0.41664772535366984,0.36905439691824043,0.0001598473187712444,0.1426367438442022,0.07150128656511621
133,0.20397894639524464,0.3698476935936367,0.0026244704448292007,0.1323056739145749,0.29124321565171457
134,0.17997895374392633,0.5010218411252427,0.0002491342511733027,0.15763541457134966,0.16111465630830796
135,0.060645733836728215,0.7344749623762503,0.0003965688995174882,0.17912658140163723,0.025356153485866846
136,0.13410414281329117,0.25911768446858247,0.0004103752026301691,0.09095465025476872,0.5154131472607274
137,0.017553617474768808,0.925504084885506,0.00027700286522365676,0.05267375975520837,0.0039915350192930845
138,0.17647994660166377,0.24869088105814866,0.0009054766078687928,0.24641414758336966,0.32750954814894917
139,0.09179616103779623,0.541757989272419,0.00022874163527674077,0.3494450107700826,0.01677209728442534
140,0.03637107610104051,0.6535678282768431,0.005569735751919925,0.28632239393772263,0.018168965932473875
141,0.04296352930337206,0.39257957354814577,0.000160869259387212,0.5411935210116594,0.02310250687743546
142,0.06609309914107736,0.36022311474066687,0.0005133751138312136,0.463913971250067,0.10925643975435757
143,0.07345789674404218,0.26340574638786673,0.0003453932718732274,0.6389339034591509,0.023857060137066965
144,0.02559837328311027,0.43577547977443915,0.0002722629934188181,0.5278712544076967,0.010482629541335041
145,0.027758700466465287,0.06013133159032374,0.00021710632711202917,0.39202265213239645,0.5198702094837026
146,0.01858978262750733,0.01469930275235488,2.8438109010490824e-05,0.950732860012176,0.015949616498951453
147,0.05023849843766424,0.04585324145310012,0.00010928340663263965,0.7829534951778483,0.12084548152475467
148,0.08650248931600948,0.03844143804425728,3.44876555415503e-05,0.8428240142229896,0.032197570761202096
149,0.04070215796096988,0.020933289074383958,2.5449208532951164e-05,0.9173811660053098,0.020957937750803252
150,0.03465873310750233,0.02062349721000112,1.7294408189194238e-05,0.9236660665175681,0.02103440875673922
151,0.02704992449890023,0.012876135786518032,2.052887188811781e-05,0.9439082811335776,0.016145129709115927
152,0.015717708776084378,0.018581115554622423,4.111486541436882e-05,0.9456824931978045,0.019977567606074574
153,0.030066082443753427,0.03617189199745281,0.00016902617903290904,0.3280083924643474,0.6055846069154134
154,0.016707829363431403,0.016356346864789126,5.755219226489978e-05,0.7213991048192102,0.24547916676030443
155,0.12538065074051902,0.050205568014800625,4.007615387201076e-05,0.6967165627864964,0.12765714230431185
156,0.023029082416770184,0.006473812126128526,1.0206908455876941e-05,0.9541729341917604,0.016313964356884994
157,0.007927713546415804,0.005854097328855147,2.2454961314099262e-05,0.9536911830612984,0.03250455110211647
158,0.013417167175792456,0.0035174038944764943,3.3450984581567914e-06,0.9658050584533721,0.01725702537790089
159,0.02011327640597372,0.017133711264162375,8.710715607997003e-06,0.9306146007067306,0.03212970090752546
160,0.020264366869412298,0.0077904565284245934,6.33843209412323e-06,0.9459977529364578,0.025941085233611386
161,0.006475035447971524,0.002778185328565142,3.4545713190572376e-06,0.9845001312831333,0.006243193369011002
162,0.007098524376758371,0.002965087625986338,3.3829621451691163e-06,0.9784304846121297,0.011502520422980335
163,0.01078566942744929,0.0073054033096399944,9.542929784650938e-06,0.9593785011797601,0.022520883153365874
164,0.0037708454182056915,0.002894167135864638,4.748455205708524e-06,0.941940909690431,0.051389329300293045
165,0.005053986010721833,0.0042586076835278005,8.733446040446895e-06,0.972097586002969,0.01858108685674074
166,0.003362997269005793,0.0018660265906365987,4.799548194127948e-06,0.9832199314561045,0.011546245136058854
167,0.008045542210477628,0.002608432667207212,9.400953683230694e-06,0.952362889350129,0.03697373481850294
168,0.010108421896122254,0.002243488474581808,6.1496774830035824e-06,0.9374372493976669,0.050204690554145906
169,0.006686942418925634,0.0014881465735852083,6.472482393517127e-06,0.9840381230774115,0.0077803154476843795
170,0.013285051825970033,0.0032448585245682623,1.0435341828425602e-05,0.6401588945480206,0.3433007597596129
171,0.02822408855641101,0.004691638079377021,1.3547752826749447e-05,0.7915039153052279,0.17556681030615728
172,0.2297108364475266,0.03512902613644597,5.4094059669652283e-05,0.3107443236582929,0.4243617196980648
173,0.28345498294170923,0.08373056136170422,5.9532691701137426e-05,0.22803743095598553,0.40471749204889995
174,0.1774924957562328,0.02287281093801566,1.2756258477388093e-05,0.7238406406053483,0.07578129644192577
175,0.17605151724621732,0.013805069685007984,1.671602605934042e-05,0.7122888020015412,0.0978378950411741
176,0.04558038874751456,0.07803664560143378,0.00011079394201837752,0.6732187041030354,0.2030534676059979
177,0.01704226839356623,0.004608209734977331,1.5187732424643806e-05,0.9665527327396221,0.011781601399409754
178,0.011145578998564006,0.022157249928471453,5.608196257692098e-05,0.9397724420750484,0.026868647035339168
179,0.009292604275708766,0.00657639600691332,1.840450958918475e-05,0.9620009923356442,0.02211160287214463
180,0.014080171420902298,0.0030927605176354496,1.402035063677046e-05,0.9637832713061788,0.019029776404646603
181,0.016439544148758367,0.027292861623732272,9.03667893009664e-05,0.7269636577086924,0.2292135697295161
182,0.008083019668895092,0.0038096283773973766,1.1329154500527084e-05,0.9786867582148185,0.009409264584388332
183,0.00794411354203783,0.007694356413647732,1.976445977789931e-05,0.9787603330071261,0.005581432577410546
184,0.009694767425072684,0.01531928149688343,3.098236838918232e-05,0.8720289704584765,0.10292599825117804
185,0.008743310525659896,0.0025924139367599444,6.13772625809873e-06,0.9824770271632145,0.006181110648107418
186,0.013370734393213188,0.0038753213056654276,6.857635492732727e-06,0.9600423620639271,0.02270472460170171
187,0.05046932188833582,0.07200726797194254,6.735238388149773e-05,0.8668084886358411,0.010647569119999067
188,0.014410055628018552,0.006010462251264592,1.4113262756807748e-05,0.9751767876695837,0.004388581188376363
189,0.010225958237353729,0.006638108387258249,1.01109456502964e-05,0.9750720969099814,0.008053725519756309
190,0.008698894087428417,0.009008735693644698,3.881777803836566e-06,0.9729323952150208,0.009356093226102159
191,0.012049721329473686,0.009645957306102492,1.2263408223441705e-05,0.8900760078907662,0.08821605006543402
192,0.028643306562531248,0.0103683327175906,5.20331157659605e-06,0.9485159496663748,0.012467207741926712
193,0.02379239312879726,0.029748639525147422,5.809413994354846e-05,0.7143898550904187,0.23201101811569305
194,0.08081418482295376,0.02534741238220457,3.311315028885272e-05,0.7411052827146069,0.15270000692994584
195,0.06998850778880551,0.060163652080607824,1.901060317730388e-05,0.8572594540542566,0.012569375473152757
196,0.06935079706116862,0.11590163989518083,5.5602849727812785e-05,0.7522219440180881,0.06247001617583464
197,0.058531602950293686,0.04642694651346238,2.655512663140879e-05,0.8869705889279411,0.008044306481671521
198,0.017641456511083793,0.25436373067001783,0.0002430008700512362,0.7169710462316787,0.010780765717168567
199,0.022659579661704794,0.0912171269134428,6.247949952638566e-05,0.8100073248764804,0.07605348904884564
200,0.02201754515063332,0.2496191367112147,0.0004581107573405211,0.6892800732002639,0.03862513418054762
201,0.022414295321322723,0.0847050797951779,7.233208819735342e-05,0.8572744558579348,0.03553383693736716
202,0.02303642227560976,0.5127276391486444,0.0003742929311207819,0.44531822321276976,0.018543422431855295
203,0.013691092494217313,0.5110308217160433,0.00017345403625855253,0.4638113910612042,0.011293240692276657
204,0.0447245669366284,0.08521727554124428,0.00011505711019698975,0.8084306479283846,0.06151245248354573
205,0.03201980660025803,0.13166216000348757,0.000187304651351944,0.8175735070861031,0.018557221658799295
206,0.0423864144107916,0.4054521002680914,0.0002800994713837562,0.5206601512502501,0.03122123459948307
207,0.039293774431194514,0.3535561597430049,0.00018253274330328668,0.5945588817203118,0.012408651362185396
208,0.12133969105488715,0.3866439906933293,0.0003970648403597082,0.39658286813649163,0.09503638527493218
209,0.027119524704579463,0.7830296003186531,0.00046470622605284626,0.1662211242549886,0.023165044495726136
210,0.0764487455623626,0.7527663308249832,0.0011281199532297034,0.12770287670933317,0.04195392695009129
211,0.25969514777690267,0.5551131556164268,0.00035754630758481437,0.12373532024384494,0.06109883005524079
212,0.0051159553905643345,0.9826882828842283,0.005530857380543531,0.00248617943284378,0.004178724911820271
213,0.154519915729104,0.776223278030637,0.000774456540567941,0.019953764294093887,0.0485285854055973
214,0.009260728098090563,0.9841430063197117,0.001105344589780749,0.0011009075240043503,0.0043900134684124945
215,0.049913126622852175,0.9156131925490936,0.0007092332188340375,0.015682455734248493,0.018081991874971802
216,0.010421518543120395,0.9783192338497281,0.002473674313779022,0.0032129415367885402,0.005572631756584171
217,0.004431718833757499,0.9556041699979355,0.02425452050230893,0.00698531961007652,0.008724271055921775
218,0.32825044555935545,0.45016276723895027,0.0006799734167202096,0.06399358215388871,0.15691323163108534
219,0.01279309800472549,0.9524639160607962,0.004025318573569333,0.003466266242429513,0.02725140111847968
220,0.19100858689223055,0.7461737319003747,0.0007403958949225928,0.017379107062469912,0.04469817825000212
221,0.04407132850492635,0.9446305143515429,0.0029399743975639272,0.0017412432691362573,0.006616939476830819
222,0.055146961328167245,0.9174914133614269,0.001911121910022488,0.0020683203642734185,0.023382183036109762
223,0.01775329901401812,0.9744963512667845,0.001045307676772071,0.0009936397441921926,0.005711402298233004
224,0.004431075502274797,0.979678728820435,0.010968613931644278,0.0006958590265052453,0.004225722719140515
225,0.13532561221779932,0.7748816383756375,0.011953062677033591,0.0023293248723386837,0.07551036185719096
226,0.0163968043287258,0.9530616709131445,0.01732599691903306,0.0012977579381793303,0.011917769900917044
227,0.0458792382847601,0.9257627420219879,0.00900871725381336,0.0018777457826938452,0.017471556656744602
228,0.071438974976534,0.9030338022695061,0.00237061503289408,0.003058730126537345,0.02009787759452848
229,0.005414160719914395,0.952767977622464,0.03854381482500521,0.00043131530467948155,0.002842731527936812
230,0.006231205607287832,0.9676719534735665,0.023694422877816118,0.0003171759677600729,0.002085242073569467
231,0.00877546704941598,0.9774185456865004,0.009446830119575138,0.00038754080688839564,0.0039716163376201825
232,0.0017047633296742467,0.743532862152416,0.25161010263663613,0.00013157891286597084,0.0030206929684076776
233,0.0015708945313386005,0.2981477600927051,0.6985582839285462,0.0001204291362488643,0.0016026323111612544
234,0.0024762721332695233,0.7765695569637971,0.216543267605104,0.0001344384554391917,0.004276464842390169
235,0.0030501937280602793,0.6058188374147684,0.38690097180648114,0.0001529396347246276,0.004077057415965469
236,0.000673998078796811,0.2757802039264092,0.7217777223329266,6.505879640934678e-05,0.0017030168654578381
237,0.0001552354834393456,0.09495225301222517,0.9043424473804884,1.8763265806807327e-05,0.0005313008580403174
238,0.0007020622399572495,0.2907429611894168,0.7063353618979215,8.286097704540533e-05,0.0021367536956592103
239,0.000305715504427909,0.13509521839879735,0.8635472149612478,4.697477993438745e-05,0.0010048763555925103
240,0.0009714715639055941,0.43039447689503113,0.5661007796094912,0.000137854971294756,0.0023954169602773178
241,0.0005081569534069849,0.14076118824667805,0.8573726004523455,5.218654377422221e-05,0.0013058678037952654
242,0.00019510072016708937,0.08214895991911922,0.916498533101568,2.6686022799518206e-05,0.0011307202363462561
243,0.00024066072828281317,0.084301069554051,0.9147560018163465,4.3910339669514397e-05,0.000658357561650317
244,0.0002017159780076072,0.0491652988566516,0.9499710291954196,3.4648577531931835e-05,0.0006273073923892493
245,0.0008611891520624713,0.2668272269465653,0.7286911517921706,0.0002742462531411209,0.003346185856060427
246,0.00026493177119791877,0.08311481202665254,0.9153337458207857,7.458012244929603e-05,0.0012119302589144727
247,0.0002715931324963406,0.05694946127556802,0.9412134113108035,6.727645103335746e-05,0.0014982578300987738
248,0.0002004208167005553,0.060594784385995894,0.9375199821321907,5.396046281258107e-05,0.0016308522023002472
249,0.0005458435281527411,0.06619615371787754,0.9311260382493074,7.982651869214936e-05,0.0020521379859701366
250,0.07705267636574639,0.629952012833684,0.2565478529939111,0.0014251651285722678,0.03502229267808645
251,0.004033814219923265,0.949514817983697,0.042211530192067546,0.00018353732296505585,0.004056300281347225
252,0.003862830316983049,0.8394065588527038,0.15465910549952036,0.00027797417074865155,0.0017935311600442228
253,0.00036593046023263796,0.1153217096235132,0.8833134358847493,4.1408625935062205e-05,0.0009575154055696683
254,0.0007011773568556345,0.25555618984738204,0.7412321888724612,0.0001625567064457095,0.0023478872168553474
255,0.0002840637630612157,0.12506022193846006,0.8704608530688751,8.946919586528125e-05,0.004105392033738412
256,0.0007225727649699864,0.18842321974809687,0.8082514371524843,0.00022480831810973707,0.0023779620163390906
257,0.0008630799419006466,0.41088905174707474,0.5852591857197459,0.00026063731874742475,0.0027280452725312976
258,0.0037683863244447192,0.39868278326454193,0.5889554621225,0.0003428333654565539,0.008250534923056602
259,0.0034116761170214925,0.946053203403523,0.04806373370922727,0.00020276732806951268,0.0022686194421588537
260,0.0010739290204152376,0.31867866396980227,0.6787365114792707,8.147912108603432e-05,0.001429416409425705
261,0.0008629198778381059,0.12830870366666292,0.8686150116953746,6.401415360859398e-05,0.0021493506065158787
262,0.0003339061826115113,0.07136161646864896,0.9269803684533675,3.7111871358252924e-05,0.001286997024013657
263,0.0012923966497353863,0.19288265141029573,0.8006126066599083,0.00011970301527167988,0.005092642264788803
264,0.0006406905508343699,0.07467453448863318,0.9215833073602954,6.334155916842608e-05,0.003038126041068569
265,0.0005597030655507852,0.11251666797120216,0.8856886543857188,6.392074740879035e-05,0.0011710538301194
266,0.0017058671906035473,0.25763392502668986,0.7360112606393324,0.0001523925127433693,0.0044965546306306335
267,0.0003276618481490755,0.08897785830785936,0.9099307811177383,5.64689430289859e-05,0.0007072297832244254
268,0.001730487353901092,0.2588166598823221,0.7353765132620629,0.00016623451074264522,0.00391010499097131
269,0.00037757976238663295,0.06179620492827945,0.9360500792674719,3.839637767778936e-05,0.0017377396641843259
270,0.00030525551421413947,0.05094937441728431,0.9478338293296802,3.617339368602917e-05,0.0008753673451351987
271,0.00039944630797523963,0.10910495499112365,0.8891678269592903,6.987635026028801e-05,0.0012578953913506923
272,0.0004848625308757928,0.13622921464039606,0.8603431393035919,7.728891825197883e-05,0.0028654946068842405
273,0.0010107096347811957,0.4086506917323935,0.5864804540174733,0.00023571006733280373,0.0036224345480193095
274,0.0005929755864953575,0.3075217498723571,0.6897656735038898,0.00015830064667409264,0.001961300390583484
275,0.00020712305800584224,0.05199501837976571,0.9462928462266956,6.365698535516679e-05,0.001441355350177613
276,0.0028417042959036462,0.15188469579595548,0.8396242933747777,0.0002536148420755789,0.005395691691287707
277,0.010799315409761541,0.9656103220721642,0.016952366496219395,0.000788711946752171,0.005849284075102616
278,0.0015557875432039838,0.6121586197203932,0.38260820891059494,0.00026754063828935684,0.0034098431875183217
279,0.0008596205337294978,0.3162496104013514,0.6798990984323011,0.00011821711761237245,0.00287345351500573
280,0.0024102434401136086,0.7770379832872836,0.21740669576,0.00033065944063614684,0.0028144180719666453
281,0.0005936521913530628,0.1831103618474646,0.8141992876579188,0.00016993461666092098,0.001926763686602474
282,0.008775716901099882,0.3432469474276466,0.6329436306977517,0.0003239007359963601,0.014709804237505288
283,0.04468016815601959,0.9248658529940718,0.013444739981073508,0.0011537055484020016,0.01585553332043304
284,0.00612142850386981,0.6882159771492872,0.2947906944347292,0.00023139358266363963,0.010640506329450185
285,0.005792729608088409,0.9469840150261684,0.04421204398935276,0.00023327975471124348,0.002777931621679211
286,0.0030810972342524973,0.930054334684407,0.0640668727423923,0.00022606419767083445,0.0025716311412775227
287,0.0022355673589125437,0.4618501723956824,0.5320966054515022,0.00020074358686433268,0.003616911207038472
288,0.0023727376302370403,0.690786554904093,0.3043399635325617,0.0002465143712538466,0.0022542295618544856
289,0.0030746019188319495,0.567315996316058,0.42648298913446653,0.00023760174664351873,0.002888810884000062
290,0.0005020115857145875,0.1792342093672882,0.8185681459568392,8.854599727698059e-05,0.0016070870928811697
291,0.00032921841484142,0.06898697468915703,0.9294583120213633,3.7913808434142195e-05,0.0011875810662040015
292,0.000970424484950693,0.24586618831682217,0.7503541500365513,0.00015045285230299362,0.0026587843093729517
293,0.0008499829197410723,0.22506365033941048,0.7702447028539355,0.0001320883618380702,0.003709575525074961
294,0.0014817785035891981,0.45087727753793155,0.5435257010710347,0.0002600598765412098,0.0038551830109032387
295,0.0017526359454898247,0.31508616489215635,0.6772913967672055,0.00023294448728189554,0.005636857907866379
296,0.009892243860082748,0.8750677323535938,0.10687320145483636,0.0005619276419842014,0.007604894689503085
297,0.0006197100935232862,0.13255674048459007,0.8646348981246813,0.00013395307185498553,0.0020546982253503323
298,0.010780343363733383,0.9420294663103618,0.0391366850947306,0.0009039854087669416,0.007149519822407632
299,0.0023347890256000597,0.935571791591106,0.05751078994236237,0.0012511423838893003,0.003331487057042289
300,0.08302670974053539,0.7738072426723499,0.10225912779371482,0.00820669447611307,0.032700225317286856
301,0.008254647251712311,0.9824517228595793,0.0029151861546536833,0.0027036350871085827,0.0036748086469462443
302,0.06651672465462864,0.8857241877681368,0.0336406973248477,0.006655225721042789,0.007463164531343955
303,0.08334811639749544,0.8963513061295515,0.00272451405324368,0.0071746561812182814,0.010401407238491289
304,0.03429353801679176,0.946974597763913,0.007596105761008838,0.0038522948925596937,0.0072834635657267775
305,0.25341382656587996,0.5444264416211463,0.0033145106902811253,0.03784918658678107,0.16099603453591146
306,0.03837695779985839,0.9173231799886223,0.021664131190607745,0.010628342015767409,0.012007389005144179
307,0.0344517186323082,0.9451971626140713,0.0005343128211796727,0.014306484581952992,0.005510321350487808
308,0.05844422108614042,0.9128382800844924,0.0020757968420416217,0.007035462075542352,0.01960623991178306
309,0.04156880821578569,0.9422919250458733,0.0006406515638155185,0.010130181823834133,0.00536843335069133
310,0.007622753183384119,0.9870578704714098,0.0021808283967177633,0.0015068831102460207,0.0016316648382423654
311,0.013927349754111747,0.9351349426768029,0.032674139508238796,0.004920014016247574,0.013343554044599111
312,0.0935352834014958,0.8804325016816424,0.004795696165003919,0.013341692561845893,0.00789482619001192
313,0.035538651496279675,0.9542797898053527,0.0017877292006028005,0.004690263214096035,0.0037035662836688537
314,0.011241634224300023,0.9844266467459452,0.0008143944209681329,0.0014497593636735252,0.00206756524511312
315,0.08014501489799723,0.8875082352561955,0.015522472397739722,0.0018269148860891543,0.014997362561978405
316,0.012290480360346575,0.9815418088663118,0.0028857202366279985,0.000768752019246822,0.002513238517466814
317,0.07592677438134417,0.8909203545914692,0.0013066069443287624,0.004244696089879701,0.027601567992978242
318,0.02662425003142297,0.9263346384332721,0.03327256699277478,0.0011881317237572588,0.012580412818772828
319,0.006582833219761207,0.9787260857029196,0.010896027029043886,0.0006454457107045609,0.0031496083375705483
320,0.009859259620262385,0.9685025976468096,0.016845926096697147,0.0009623298120252345,0.003829886824205716
321,0.004295407067268311,0.9472829881264397,0.040566327483355695,0.0005779491261806572,0.007277328196755683
322,0.009768181702614393,0.9323486532689993,0.04754927874264408,0.0007606737427056176,0.009573212543036627
323,0.006282937418278533,0.8280333497796293,0.1604369840239855,0.00046583428971755977,0.004780894488389034
324,0.008004434151534278,0.8345198106090215,0.14925291424682322,0.00042505759260247047,0.007797783400018587
325,0.008496759760359813,0.8960865146276403,0.08841979132867214,0.000507144905414295,0.006489789377913348
326,0.007993905869508268,0.9248172165360345,0.06225478850503542,0.0005424215239816507,0.004391667565440052
327,0.0067320893805839135,0.9115922524130972,0.07555978824148021,0.0003961632990228867,0.0057197066658158865
328,0.0023067856016224294,0.8031235584681907,0.19213335614774027,0.00025083543366371836,0.002185464348782934
329,0.0010675621119646144,0.8433608628962233,0.15328423377506334,0.000237342913732447,0.0020499983030161186
330,0.0017971006175673946,0.5057264313340938,0.48844523617856384,0.00026785101265409207,0.0037633808571208723
331,0.008044685204873649,0.6431164321928704,0.3353071868054741,0.0005468916418089748,0.012984804154972876
332,0.0024683028519075683,0.7326090524949096,0.26119940171503453,0.00036417896589035364,0.0033590639722579966
333,0.004156219018382141,0.8877880371766114,0.10387387864686332,0.000455729714476764,0.0037261354436662476
334,0.0017051351315556962,0.39946076011684617,0.5952819607824651,0.0001871581816461579,0.0033649857874868553
335,0.002444349620137119,0.7367985103594956,0.2549718165250179,0.00022635476670966321,0.005558968728639782
336,0.002560489291756699,0.6400897688582208,0.35205789167947366,0.0002150295366136753,0.00507682063393499
337,0.011311404190601811,0.7572606373922939,0.2265444773637497,0.000383301318740811,0.004500179734613669
338,0.003401463914919186,0.9456407759153657,0.04796739808301896,0.00024378846284842887,0.0027465736238477655
339,0.0012428414005610194,0.32400150788351106,0.6720175742705395,0.00014366518060038492,0.0025944112647880604
340,0.005630834432732126,0.7592155640179176,0.23254011679808156,0.0003376557199870622,0.0022758290312819155
341,0.0026164591958572365,0.5416517825026049,0.45252275909257234,0.0003516383612250289,0.00285736084774049
342,0.006030419386514562,0.8762975278961213,0.11000802862602722,0.0006101479199783137,0.007053876171358587
343,0.0014168467930217648,0.19630570695077537,0.7980543608841154,0.00022334810778788536,0.003999737264299663
344,0.001267384207216846,0.27677622819996334,0.7176388294163139,0.0002678677276735422,0.004049690448832393
345,0.001206652609657185,0.20502768989555548,0.7906486754613364,0.0002471770829927476,0.0028698049504581246
346,0.15509855948443557,0.7569732175866496,0.04195208761682811,0.008465437741174326,0.03751069757091241
347,0.015080881882693433,0.8074319453057678,0.1692358496690817,0.0021226131139500293,0.006128710028507337
348,0.05407918340017289,0.7046033581016269,0.20964768951014123,0.00499094643368991,0.02667882255436907
349,0.024117853573401415,0.9657312993931759,0.0029992658357388987,0.0025540776615205697,0.004597503536163194
350,0.008937058503663048,0.9056413642688105,0.07602788048952949,0.004503423369464483,0.0048902733685323415
351,0.03842835707563198,0.9297751025843438,0.012112625300596562,0.01018574164740794,0.00949817339201972
352,0.05400859152566113,0.9084808629307276,0.01407311231917337,0.009935871780571714,0.013501561443866297
353,0.17186850301707648,0.764381217731676,0.0022758761178191898,0.04902959265027897,0.012444810483149453
354,0.018074415860045864,0.9691444256040166,0.004299622807829206,0.0032158724747431227,0.005265663253365095
355,0.04959990949379537,0.9304270802356163,0.006488443852945277,0.006224736120322603,0.007259830297320638
356,0.07590720917587293,0.9028809083490426,0.0012428799271457529,0.011584069083969981,0.008384933463968751
357,0.01741331182588241,0.9230521781958119,0.05348592227986606,0.0030586458819416994,0.002989941816497794
358,0.05600219891773388,0.8702646758850224,0.057266076222730104,0.005898024673631227,0.010569024300882385
359,0.04869946718799038,0.9063090459476669,0.03195162402272008,0.0044205846819763825,0.008619278159646125
360,0.17233623834022047,0.6648195486584376,0.017146017416222698,0.00526931003295573,0.14042888555216354
361,0.030170270802849536,0.8437766596092463,0.09405411743733887,0.0033947589106244954,0.02860419323994078
362,0.12349254140634025,0.8464506154765582,0.0017731076555920111,0.009559472802705868,0.018724262658803587
363,0.07271652958052223,0.7439709407868316,0.08267754019757922,0.00957857004270682,0.09105641939236019
364,0.4011890390772553,0.3943787416727777,0.0014066716068078624,0.03601398390988324,0.16701156373327583
365,0.05243745692896742,0.9153708439579994,0.002219575899144903,0.008418877872801957,0.021553245341086505
366,0.05014062008238017,0.8925625956440632,0.0005122432925154913,0.008632413429484414,0.048152127551556866
367,0.08239421586857983,0.8732706456567181,0.0069807044998401084,0.027327723826984892,0.010026710147877167
368,0.04248773196498512,0.8502310061252303,0.01724554469327486,0.01669521967084904,0.07334049754566083
369,0.0703589942571478,0.8954992464829762,0.001514935231184166,0.014752783560643756,0.017874040468048205
370,0.030888235499325237,0.9400408864352208,0.006232581459670417,0.01357818759426844,0.009260109011515432
371,0.10269289494105052,0.17083615419185355,0.0032228338376727693,0.039388686839215585,0.6838594301902077
372,0.09587263409697763,0.7673738299404765,0.001264785765976249,0.12809652358316728,0.007392226613402342
373,0.10740093887314578,0.6771190736492059,0.0021448526684060814,0.14278177072440632,0.07055336408483608
374,0.06658078552976573,0.730301597532593,0.0004732449221653579,0.18906678970759846,0.0135775823078776
