epoch,N1,N2,N3,R,W
0,0.0053425526118661614,0.0005188373613797336,2.8330164501540765e-06,0.0001749543046442906,0.9939608227056597
1,0.0024730188924989246,0.0006108994337472436,2.5909698429564234e-06,0.0001911803666417408,0.9967223103372691
2,0.007147132572871767,0.00033629439436572953,4.315630351411536e-06,0.00020386943498494774,0.992308387967426
3,0.0025549733745601475,0.0001233113388126609,2.069061945197023e-06,4.90150051569781e-05,0.997270631219525
4,0.005797459513566519,0.0004695619206453137,8.21993694927678e-06,0.00023233938756473348,0.9934924192412742
5,0.01654180009461118,0.0006251059214126579,1.0016021112027945e-05,0.0007787021343765175,0.9820443758284876
6,0.0076037931547770325,0.0004614707751650716,5.257533686548767e-06,0.0009013281442916123,0.9910281503920797
7,0.02073881917773092,0.0011891629018368779,2.613577924247901e-05,0.0006165684542706055,0.9774293136869192
8,0.02962872507737996,0.0012973596118333564,1.8955339375319304e-05,0.0011578285370518486,0.9678971314343595
9,0.04062673989040389,0.0017263143857146437,1.6461783594454027e-05,0.0025272899607084454,0.9551031939795787
10,0.21508549442532895,0.006603002861999382,9.777120577416595e-05,0.030787342357801742,0.7474263891490958
11,0.054869187692620044,0.0053861344531697785,4.498038532725018e-05,0.01207509553690414,0.9276246019319787
12,0.1730843269246817,0.01015560284713663,6.017497550008333e-05,0.017004104969297756,0.7996957902833838
13,0.3039396701232673,0.02455473253891128,8.278179002442863e-05,0.01650145909372551,0.6549213564540715
14,0.4742099888651478,0.03242007463423167,4.870884407068032e-05,0.011352552137789452,0.4819686755187604
15,0.39944768354004206,0.13613625248363415,0.0004623831601200857,0.02075924794449416,0.4431944328717095
16,0.2668275995667007,0.4225694009878295,0.000852420998022137,0.04796884237208817,0.2617817360753596
17,0.3348190236137166,0.40233709338671325,0.0005091680261795911,0.06508581251535028,0.19724890245804025
18,0.2203029759122012,0.6218683202898725,0.0034567169179481215,0.019114537065669103,0.13525744981430904
19,0.08898279069093079,0.8516410012995872,0.018559129346180613,0.005167637025184715,0.035649441638116584
20,0.1868279000950378,0.47591845164182955,0.0021491563353496835,0.0016962819713264722,0.3334082099564566
21,0.14861514244836235,0.7542550279089257,0.009567346389891233,0.001175631173056073,0.0863868520797646
22,0.13788043801127023,0.7766197338738731,0.013515963187345293,0.004121467374003987,0.06786239755350729
23,0.20388612540626266,0.7291976114338831,0.011160579769107002,0.0017864460838707436,0.05396923730687637
24,0.05576956192480586,0.9058047653235115,0.01860895603792373,0.0020745825229104764,0.017742134190848493
25,0.029468136454568465,0.9036972674556162,0.05178288809961924,0.0007327751261955429,0.014318932864000506
26,0.10852622385216194,0.8427264071072539,0.009352531181039837,0.004409669838276333,0.03498516802126787
27,0.06338390819104406,0.8241067311489897,0.04365963408011233,0.0013775062135268263,0.0674722203663271
28,0.022019906880063694,0.7663150294707892,0.18776560124312028,0.00032011573943153276,0.02357934666659534
29,0.12772161925689718,0.7661318990204488,0.051792251826977685,0.0017206190934019752,0.05263361080227444
30,0.051204194847945604,0.7123140515009658,0.18707820837094574,0.0008403209861920201,0.04856322429395095
31,0.08919936252321767,0.6219879223223428,0.227400310092636,0.0009094745982087659,0.06050293046359478
32,0.05008756483095173,0.7667218773716189,0.1633337348336035,0.001164302350552596,0.018692520613273242
33,0.048485617308453126,0.6425716704233729,0.23596390130996883,0.0008933527160761755,0.07208545824212885
34,0.05504354459032066,0.7686478914467051,0.14066620430742208,0.0009581735817861368,0.034684186073766166
35,0.036185150606283356,0.723387839667766,0.20459556653930863,0.000634423937583069,0.035197019249059144
36,0.10553575678878407,0.6960325627571275,0.08950095689447943,0.0021953469732678426,0.10673537658634104
37,0.037644085314196295,0.6050877427688903,0.31591889972376547,0.0005386033225141055,0.04081066887063386
38,0.19293293611090384,0.7068264231901875,0.05558798142321572,0.0011677390441742362,0.04348492023151853
39,0.0510268056044989,0.610928187266576,0.31325589859834224,0.00038246571067350655,0.024406642819909414
40,0.06594764055937512,0.7612093848980928,0.14075855935200948,0.0010436620217167925,0.031040753168805814
41,0.10223284398837743,0.6798521618449946,0.11010753238318897,0.001132420929859871,0.10667504085357919
42,0.0284971664658883,0.8016274705310427,0.16132701903493898,0.0004209164058344716,0.00812742756229572
43,0.02417575239190038,0.8021438367770245,0.16478354977330875,0.0002560066964318908,0.008640854361334466
44,0.013527283017795494,0.3216190962467356,0.6576572126554614,0.0001713241752985755,0.007025083904708925
45,0.07373756224681054,0.8297133144246638,0.07590765410257264,0.0007942313804990761,0.019847237845453888
46,0.026985723881275004,0.7690339282337435,0.1914627882642899,0.0005334485480731002,0.011984111072618478
47,0.04056163849197332,0.7028874271137242,0.24624069159093614,0.000890991761706703,0.009419251041659629
48,0.01716635691620465,0.5723147575292382,0.40178728242795414,0.0007157388983943173,0.008015864228208587
49,0.19023613071219878,0.6801784035847108,0.04328718109463718,0.0018959611439191208,0.08440232346453416
50,0.013120753887018529,0.9294826404764007,0.05388075634065597,0.00023515065513789096,0.00328069864078699
51,0.018614953822342867,0.781497779330925,0.19360525849888066,8.846406295067729e-05,0.006193544284900815
52,0.02761751298447386,0.8829074475926996,0.08103572712811279,0.0001858178384114051,0.008253494456302548
53,0.019716331674999695,0.7835615709773284,0.1868246764155355,0.00023569742539630167,0.009661723506740104
54,0.012880015716526038,0.5540174716485148,0.4269976574425253,0.0002937574765697832,0.005811097715864125
55,0.04404366924337139,0.820031077496516,0.12731002179784925,0.0022153198999871494,0.006399911562276134
56,0.013171611861941908,0.6057381906181802,0.3668738826414064,0.0011211851058973783,0.013095129772574054
57,0.04371341257990952,0.8392622063180891,0.0807188875648187,0.00646869486546797,0.029836798671714865
58,0.09409157543771847,0.7375191345254942,0.03292198687105401,0.007439016979720256,0.1280282861860131
59,0.0458059484593789,0.8244965524651382,0.03766616170354928,0.003375015570329804,0.08865632180160378
60,0.02561307487387132,0.07065066922994775,0.0022720408095112856,0.00023999893348679684,0.9012242161531828
61,0.003817833640867943,0.0018464078857157186,3.7734908410675e-06,4.773231537356775e-05,0.9942842526672018
62,0.0031421550033762734,0.0006222436130286651,1.9281754241253323e-06,0.00021967213771252736,0.9960140010704583
63,0.00971630203438044,0.0013013214791888345,7.088464450285423e-06,0.00018033772157455383,0.9887949503004059
64,0.00444540723272282,0.0017440086606209802,2.398280244390409e-05,0.00012384544394252267,0.9936627558602696
65,0.02850494710531344,0.005379701102645851,6.774075467198366e-05,0.00034639986127309093,0.9657012111760956
66,0.02205125230842187,0.004250793102267664,5.6776540999848937e-05,0.00030969239854216317,0.9733314856497685
67,0.07121863027426514,0.007927079269862221,6.117813825266695e-05,0.0005197206635667206,0.9202733916540533
68,0.24396970404723756,0.012909894592268609,0.00016908683317514312,0.0006286818655830157,0.7423226326617357
69,0.6136498523877846,0.02694816918613724,8.931031302838694e-05,0.00093091303429608,0.35838175507875375
70,0.7810913754816079,0.029718028810414982,3.940211318979703e-05,0.001965645524640379,0.18718554807014717
71,0.7137519440584315,0.17247349514488788,0.0002660076531889846,0.005765291542508621,0.10774326160098308
72,0.4118462367219615,0.3867318638805898,0.0005060319593090388,0.019086106407426175,0.18182976103071344
73,0.2641241920644363,0.6824429007608768,0.0029791549414374683,0.012517690870490174,0.03793606136275921
74,0.09755704856303392,0.8639374147698257,0.012311314090385937,0.0072362684808842176,0.018957954095870318
75,0.10647232684602745,0.8571436379248002,0.00651936050287259,0.00509168889286465,0.024772985833435263
76,0.03431386778722475,0.9181667374994332,0.03218741996768209,0.0032872164069962045,0.012044758338663595
77,0.3180648965618235,0.5918897492564887,0.004961461669736517,0.028003183037883777,0.05708070947406749
78,0.1878574471581702,0.77537806865802,0.013255494687000602,0.007572061082681961,0.015936928414127405
79,0.0360382616034857,0.8687731393820466,0.08534614729838978,0.001943673345425855,0.007898778370651999
80,0.057853175204415457,0.8972563695305177,0.03415700693259387,0.0024674084227431434,0.00826603990972968
81,0.04984047584867835,0.8940147126445488,0.04729759350665479,0.0013816389945969251,0.007465579005521035
82,0.030828815433617065,0.8345765176152163,0.13037359895373876,0.0013025198709414243,0.0029185481264863856
83,0.029790882412016384,0.9213724051731239,0.04155665364727494,0.0016823440180366261,0.005597714749548177
84,0.028831463955739017,0.7224431211714331,0.23768223068489766,0.0014585385936916584,0.009584645594238559
85,0.015294967676448565,0.7215231455114055,0.25597564902163655,0.0007147700039358762,0.006491467786573562
86,0.03314112218535434,0.5705013450910248,0.3678300416892749,0.004299823139700186,0.02422766789464574
87,0.04710386100654229,0.8248266453175187,0.09389939789545503,0.0067761154855535315,0.027393980294930582
88,0.03464281178806301,0.7648208087781828,0.190196493705966,0.005206642449787327,0.00513324327800094
89,0.24069544493137526,0.21979237620405814,0.002651350124891696,0.02484627274614761,0.5120145559935272
90,0.1984532237729461,0.5470050379029766,0.02792597514907544,0.0035527455362903623,0.22306301763871147
91,0.13620085967270176,0.7636686952048491,0.07205967620800799,0.0022535625876290316,0.025817206326811865
92,0.1797442086088409,0.7151386007675553,0.04701126737615876,0.0023941954741511866,0.05571172777329384
93,0.05049297167659798,0.7152756946377034,0.2131225572768356,0.0021337318851732904,0.018975044523689616
94,0.1198384456007974,0.705757553413102,0.06588090150297721,0.0023832183601253058,0.10613988112299798
95,0.13021661923901648,0.6854258223717015,0.05659736976592256,0.002365974155676408,0.12539421446768304
96,0.0682118205709827,0.8017227546054863,0.1143996698294372,0.0005875476467313519,0.015078207347362548
97,0.027356038543054774,0.7439926652212517,0.22120215851067904,0.00044939576678455827,0.006999741958229714
98,0.024746554116885488,0.7236923675986628,0.24403955469903874,0.0003674384619482899,0.0071540851234647455
99,0.014695659849219996,0.385468825324028,0.594699595794341,0.00018502851211283828,0.004950890520298071
100,0.020084125704232077,0.6556329350610913,0.31569914931637233,0.0003517329054072474,0.008232057012896926
101,0.006225663498976347,0.32191923444529236,0.6690326163286402,8.493351337009876e-05,0.002737552213720942
102,0.0007324790826464861,0.1608352924766718,0.8372953781858915,1.2727648113525218e-05,0.0011241226066765703
103,0.0037465663510651845,0.457012496942387,0.5364042700192485,6.850941012126989e-05,0.002768157277177945
104,0.0014248083107770394,0.1235748199021026,0.8728385187203463,2.4263423351886955e-05,0.002137589643422213
105,0.002832075143516258,0.19587901778334105,0.7986090376143306,2.5028590542138117e-05,0.002654840868270019
106,0.005365391801721189,0.24034471829225512,0.7512527680202196,5.754691969897891e-05,0.0029795749661053047
107,0.0025769325335533804,0.15925371818906148,0.8359544555563534,1.4543532073658139e-05,0.0022003501889580504
108,0.002909610889011294,0.24995648379178478,0.7431532002465471,6.0058813183638095e-05,0.003920646259473152
109,0.0007836926304594489,0.08314317478378283,0.9139907253373236,1.1380920361617352e-05,0.0020710263280723463
110,0.007596692160893703,0.1830737181666516,0.8027016942157028,0.00015582731970208597,0.006472068137049941
111,0.07369513789812063,0.47723346867168664,0.2785682810316658,0.005498205948064676,0.1650049064504622
112,0.16455328245506187,0.6328195064260342,0.12254941126241453,0.008631777335920838,0.07144602252056853
113,0.2073552817880567,0.4406461367889838,0.026262192728770988,0.01866270957086365,0.30707367912332484
114,0.21747664669383893,0.12502348462303597,0.008053045782306372,0.0035626452304804673,0.6458841776703383
115,0.03205846029986908,0.010358483826051621,0.0006482410116962294,0.0005274791390472987,0.9564073357233357
116,0.08927247756159706,0.009861300324068007,0.001136452677608312,0.0007577799959375488,0.898971989440789
117,0.005788696949507259,0.001350544767669862,0.0009449914520538446,0.0002479441214261467,0.991667822709343
118,0.0990229140437266,0.0036130294185943387,0.00031289457139893346,0.00047771869530010007,0.89657344327098
119,0.14933202152164987,0.011497811342483837,0.0005290392830024978,0.0006716814156067282,0.8379694464372571
120,0.11132289901996015,0.010558883645978732,0.0001459366563109923,0.0014111840581667212,0.8765610966195835
121,0.3289892554653278,0.11061798104423917,0.0072832727186721204,0.0025577074055379186,0.550551783366223
122,0.41820406165204427,0.16204046532645175,0.005018549373245977,0.0019925252569514638,0.41274439839130667
123,0.6064219606731402,0.1667224573148295,0.0010883032103219494,0.004463762510761823,0.22130351629094652
124,0.36589030255385674,0.5170670001601809,0.01755142056816165,0.00647114670983936,0.0930201300079615
125,0.36254712094883046,0.4896062750230288,0.004723993595281676,0.022076274717121636,0.12104633571573731
126,0.28198046653339587,0.5682815128944472,0.03832738218648307,0.031223773737052568,0.08018686464862136
127,0.16815952376920856,0.7388916883477508,0.022801094612487274,0.05488282293491728,0.015264870335636014
128,0.2633087572601466,0.516434380908462,0.05777518555177671,0.019365577336804163,0.14311609894281035
129,0.14342807602296898,0.7373126786647699,0.06805062082807299,0.012850165389278884,0.03835845909490922
130,0.0682714293159066,0.8878584521752857,0.029186447186080402,0.008919244466954237,0.005764426855773064
131,0.14077452939200333,0.7937329811301282,0.03941818023925812,0.011534517400251073,0.014539791838359307
132,0.04970020037315738,0.8423430401948387,0.08987361469084768,0.006478545981725687,0.011604598759430429
133,0.055440509936307766,0.8336997287576201,0.09984596881881291,0.003727949258114018,0.007285843229145248
134,0.1297367484958016,0.792368114478112,0.052006703264015505,0.00955797231405407,0.01633046144801684
135,0.03860765829663297,0.8918862255030542,0.057179734486064296,0.006180688046949557,0.006145693667299044
136,0.10703203184242738,0.7876569669504617,0.08660182248220573,0.003707842088510519,0.015001336636394698
137,0.023609307429849624,0.8935002802033216,0.07781175603916486,0.0013982557973115895,0.0036804005303522386
138,0.04244407052582843,0.8469077774811958,0.10317737409527973,0.0020618558663954177,0.005408922031300667
139,0.07998604443763266,0.865203005704826,0.03974391520710778,0.0024205107982358002,0.012646523852197803
140,0.05784827444927692,0.9092390802142161,0.024777838304833263,0.0040361842406192935,0.0040986227910545115
141,0.03171673755771343,0.8882631652382292,0.06726189185249426,0.0020097416726373605,0.010748463678925861
142,0.029128785316244563,0.9222895786851858,0.041184326184218696,0.0019114738711248187,0.005485835943226235
143,0.0601872917467233,0.7794538141771268,0.13456503567612202,0.00342596233515216,0.022367896064875818
144,0.03983285340086159,0.7938080213294011,0.14965134269378952,0.002368497508991152,0.014339285066956704
145,0.0203144162534095,0.8811709138431764,0.07752668229677832,0.004333340342995902,0.01665464726364
146,0.033516468342962284,0.6358485801674876,0.3090584450355928,0.004597661513816813,0.016978844940140573
147,0.30326771587865714,0.2548799401065636,0.004630259724954443,0.07982131484897159,0.35740076944085325
148,0.011221789195053984,0.012119410408693545,0.0024195551241915332,0.0022918362462196994,0.9719474090258412
149,0.045965529166788,0.0041987593617587565,0.00016661496473693862,0.0029853794228030727,0.9466837170839131
150,0.025674427180935093,0.005594280877100922,0.00011529648049286807,0.003424355362033739,0.9651916400994374
151,0.04517962935961819,0.004511827534137394,0.00035540642234356735,0.002529337475363609,0.9474237992085374
152,0.07719995060900807,0.0035367612728007215,0.00017856441708859154,0.0014579293337143029,0.9176267943673883
153,0.02817631577710196,0.006399636235731603,0.00021759204158302875,0.0012731877947382226,0.9639332681508452
154,0.0395988227166526,0.002852508882837095,6.455663129972168e-05,0.0009231168751215933,0.9565609948940891
155,0.007622185466554349,0.0005033309209270892,5.790299886087279e-05,0.00037716552265089164,0.9914394150910069
156,0.04898647492411747,0.0031962646921792027,0.0007473854865157614,0.0010330207830456517,0.9460368541141418
157,0.04793012761968971,0.0022139011387435348,0.00027594512805073797,0.0007129935134049647,0.9488670326001111
158,0.07849900768038882,0.003864516276390808,0.0006371120429302457,0.0011658633744395836,0.9158335006258506
159,0.010213381916529787,0.0016623216323156612,9.403653971436367e-05,0.0006498390837475578,0.9873804208276926
160,0.02468648315505182,0.0020931494151627387,6.961154591808284e-05,0.000723919500651157,0.9724268363832161
161,0.02368991770017975,0.0033761548743311597,4.398837566049999e-05,0.0007860413972308734,0.9721038976525977
162,0.03581272029827136,0.001926749776696706,2.326203277358244e-05,0.0012480339300740527,0.9609892339621843
163,0.023144926549523073,0.0016351821075148182,1.0797144949320333e-05,0.0012084994143835846,0.9740005947836292
164,0.04488777233203358,0.007276698808263943,6.892706731589696e-05,0.0036334734122321012,0.9441331283801545
165,0.008313415738195646,0.001167195369183766,1.849186974159384e-05,0.0008422235618093514,0.9896586734610696
166,0.011319740699622426,0.002593261709285519,9.451161818607517e-05,0.0010851816987404175,0.9849073042741655
167,0.0022560200597946042,0.0005124931338638481,2.2289267810389614e-05,0.00034713587794149136,0.9968620616605897
168,0.020495514035556276,0.0007140051016240185,0.0001554718455639642,0.00043948504697774216,0.9781955239702779
169,0.03805674934588457,0.0014586093989664953,0.0009925218597146518,0.0007765837461799959,0.9587155356492543
170,0.008141481870005303,0.0013511700307663056,0.0003899831301606813,0.0006135780088709249,0.9895037869601969
171,0.015498162195870517,0.002757962655554046,0.0001576274422025117,0.001273433079328963,0.980312814627044
172,0.0033659899245133424,0.0015672859869696593,2.475481973652062e-05,0.0007186087621797525,0.9943233605066008
173,0.0032270624815833935,0.0006120689396362423,1.2973175234010908e-05,0.0006028393078163783,0.99554505609573
174,0.011875980734937557,0.0021588966867098014,0.00027637372944203407,0.0007693751250921415,0.9849193737238184
175,0.004312219314025782,0.001632396777112727,0.00015501260069001512,0.00039296279730749613,0.9935074085108639
176,0.0043219669874365076,0.0006775884491288687,9.998382074885866e-05,0.0003916240677457761,0.99450883667494
177,0.006657667199036638,0.0006437434851809298,4.517714007184059e-05,0.0004647484025749534,0.9921886637731356
178,0.02062929216904274,0.0018563240189233391,6.734657413071281e-05,0.0022314173716586672,0.9752156198662445
179,0.019848382430510576,0.002233009270069307,4.9722751089261196e-05,0.0008374914915928171,0.977031394056738
180,0.14010189092501832,0.010661069110348186,0.0003268588178039287,0.005599496232032939,0.8433106849147965
181,0.32113038073322064,0.017483068124753788,0.00019389424190043155,0.03673489994062732,0.6244577569594978
182,0.12039229916760363,0.018675156089809984,0.00018515731716394797,0.021070418841861754,0.8396769685835608
183,0.3120467008557117,0.04014990734151107,0.0002949297471975106,0.07200723506185815,0.5755012269937216
184,0.5285912485204074,0.032900775650624214,0.00023315351618985106,0.06183591631881997,0.3764389059939585
185,0.6021137824757342,0.07271010625574005,0.00019947151057202016,0.16959438891990253,0.15538225083805132
186,0.533217401792866,0.09765224137522266,0.00016962453529760255,0.24505010802640811,0.1239106242702055
187,0.5555377678437179,0.1382120092129408,0.0001839933043258965,0.0782626366117795,0.2278035930272358
188,0.33026975615719584,0.24620459762756888,0.002088393883125558,0.09532323403134553,0.32611401830076414
189,0.1202780737979779,0.8114824986828881,0.010809928353623701,0.01820171085118949,0.039227788314320874
190,0.2908534486698778,0.5511416647766333,0.0040856642841603265,0.10143821019719698,0.052481012072131634
191,0.09304239248460171,0.7729400642253006,0.012997683001755,0.09838892608947526,0.022630934198867476
192,0.3517009473861792,0.324109724286622,0.0030495621761016567,0.19661967930121754,0.12452008684987956
193,0.2383852447711047,0.6880620165193254,0.028890430321631914,0.018712844085741694,0.02594946430219636
194,0.16653510520304293,0.7361270217937488,0.06978630831285461,0.011404123792028563,0.01614744089832511
195,0.31364546250608494,0.6077192314348675,0.042383165047490186,0.010911538284732195,0.025340602726825163
196,0.08014019307888054,0.8327283837051591,0.06420462627639946,0.0069516967575195465,0.015975100182041433
197,0.20188398455713585,0.6936818180276694,0.07176506465433366,0.011415610845414,0.02125352191544696
198,0.0776338140895613,0.8419032227870252,0.06805135212148601,0.0036897248105195206,0.008721886191408014
199,0.019067668734250687,0.5622007335444166,0.41050366035207575,0.0015486484836807718,0.006679288885576315
200,0.010973858494326147,0.5752958915338799,0.40787465396074735,0.0007888189318197207,0.00506677707922677
201,0.006478324673047331,0.47763648974004735,0.5102112617714599,0.000642124652512164,0.005031799162933227
202,0.024413616754997407,0.6396694881065057,0.32776796200914654,0.0010372161581646531,0.0071117169711856785
203,0.03570230516938344,0.7891877158695245,0.16804337128364835,0.001050649162181483,0.006015958515262255
204,0.0077903637756092155,0.5409035148193634,0.44922940219808033,0.0003237722040575937,0.0017529470028895648
205,0.003359779182680581,0.35164707582356325,0.6434804728331511,0.00012368569584269532,0.0013889864647624408
206,0.017781506271823004,0.5848825394596995,0.38638254082385287,0.000946089648261021,0.010007323796363697
207,0.008356063165261112,0.5802805230482545,0.4089654415986175,0.00027634486688570724,0.0021216273209812243
208,0.0027682660412048153,0.43606388406511704,0.5587454360054388,0.00016599131484718363,0.0022564225733922474
209,0.0019863025858247434,0.32319888087452686,0.6739140991763694,5.1049350724178824e-05,0.0008496680125549056
210,0.0012388900378943637,0.28638337329982727,0.7115834021761163,6.32325038857342e-05,0.0007311019822763856
211,0.0031471448214394635,0.3081771573033436,0.6870760935100465,0.00011873094446495046,0.0014808734207054977
212,0.0015880110503467782,0.13503460046817284,0.8625737940248402,6.628754580818256e-05,0.0007373069108318948
213,0.004177440130695112,0.23504169196172978,0.7582168536228355,0.00014910523634043612,0.002414909048399019
214,0.003396947068443877,0.28508660902925537,0.7095553022097014,0.00010223152806907675,0.0018589101645301981
215,0.014862574603145348,0.6971753188116451,0.2778947184228982,0.0026658809668482493,0.0074015071954631785
216,0.018305791996556485,0.6935809962021512,0.27791422341964067,0.006422206921530045,0.003776781460121546
217,0.017192172808199204,0.8123198631171145,0.15699538477447977,0.005682182483241737,0.007810396816965018
218,0.33742630170499477,0.4000695314226527,0.011567167271041423,0.09159289104377728,0.1593441085575337
219,0.1754199546534119,0.07016119038513184,0.0014720277392987638,0.025176403205602434,0.7277704240165551
220,0.27875129885079036,0.13901841359680847,0.008615099763488392,0.044514382231481936,0.5291008055574308
221,0.05963438475082523,0.023674658315992872,0.0016424857493327865,0.008355831263475921,0.9066926399203733
222,0.09769392424839002,0.0032630330689354075,4.3344369307262475e-05,0.006244558670412761,0.8927551396429546
223,0.2199630882490775,0.010676840401172455,5.2341594686403466e-05,0.004197490997128285,0.7651102387579354
224,0.31699056877489534,0.012009796005962846,0.0001426030107755448,0.0036403973131344204,0.6672166348952318
225,0.5873014236570627,0.042231530535099204,0.00016723035846023015,0.008449619168790511,0.36185019628058734
226,0.42811770197595345,0.13580762767574225,0.00270299412037907,0.034723388521106895,0.3986482877068183
227,0.48877759504529966,0.20972076256695707,0.0018134275849347684,0.053278142234161566,0.24641007256864686
228,0.2199447704660998,0.18983032838879896,0.005500541549120849,0.03764149489059629,0.5470828647053843
229,0.25300608394777985,0.5498826825199447,0.024301756962792593,0.09920399491395406,0.07360548165552887
230,0.10763403770939571,0.05654090671271933,0.002116747256604791,0.017098318078054318,0.8166099902432258
231,0.17088629718144552,0.18738088009567333,0.005573251858696943,0.03406498122717868,0.6020945896370056
232,0.028007653886410862,0.020814038142474886,0.0016738867552094602,0.001988105220621675,0.9475163159952831
233,0.046867263090910063,0.006203333902125094,0.00014407596401273812,0.0031802881111478564,0.9436050389318043
234,0.014652540153699375,0.00363261267111111,2.0062468669745332e-05,0.0017130509852936663,0.979981733721226
235,0.004091202397673653,0.0010819133201675265,0.00012494667459613743,0.0005670118699726196,0.9941349257375901
236,0.03610095604194086,0.0028001885190246417,8.145565121122126e-05,0.0011716852133820794,0.9598457145744412
237,0.01569067185499876,0.001479965139700959,6.760600491679847e-05,0.0008769993800244502,0.981884757620359
238,0.010481988234117357,0.0013572145884264875,0.00011183010352262918,0.0012178097795375051,0.9868311572943961
239,0.029421925588674673,0.0028997186332280784,0.0003922348509675586,0.0020470266718159557,0.9652390942553137
240,0.02174748141797328,0.0011834348440191442,0.0001231076748792505,0.0012146977588515997,0.9757312783042766
241,0.047242875337984845,0.006341200912061807,0.00018891778218322374,0.0016515323708870353,0.9445754735968831
242,0.06696415059404857,0.005903721520001343,0.004212851085028076,0.0036304966802122303,0.9192887801207097
243,0.1712608094407434,0.016146753711164082,0.004753522809765198,0.007178572530843879,0.8006603415074834
244,0.0661935606640238,0.005400928568916653,0.00043967133603857315,0.004469651831972598,0.9234961875990484
245,0.14327364817253382,0.021752102281241054,0.0028082347099088897,0.007614498490654434,0.8245515163456618
246,0.20134172753292673,0.03391712135968754,0.0015991566290458842,0.013942346064989975,0.7491996484133499
247,0.22201768888077866,0.060030923786868015,0.003844253762091473,0.010174597864122574,0.7039325357061393
248,0.11779954984117888,0.01617632452621874,0.0008571996163622817,0.007077220656005331,0.8580897053602349
249,0.1883391113492371,0.03186850666300156,0.001024474985108334,0.01055711632089474,0.7682107906817581
250,0.7617567074252676,0.06306440182984038,0.0012728226788317031,0.016256787305695627,0.1576492807603645
251,0.34037264851178933,0.04820845600804006,0.0010149259029842957,0.02485238592622079,0.5855515836509655
252,0.5040529424247671,0.07482510430838242,0.0008572754892438479,0.06883379995426296,0.3514308778233438
253,0.3304999816487272,0.09082121271944449,0.0011045072897578295,0.17584683270593807,0.40172746563613243
254,0.5316166318821219,0.1392044607588107,0.0019294528777821444,0.15673750421966665,0.17051195026161842
255,0.7065001125700243,0.07190731273209673,0.0006161968847108151,0.1588065863477652,0.06216979146540284
256,0.6540641059898654,0.17757398585510664,0.0008012141030287104,0.06455646753143457,0.10300422652056473
257,0.40183661115146246,0.522926785333439,0.005944426745867403,0.029174030129438446,0.040118146639792684
258,0.21097677140281482,0.7114845938033102,0.007256731740409832,0.05763992415033562,0.012641978903129639
259,0.47025672246086025,0.30281652252137076,0.0015424570047416904,0.1030198926541523,0.12236440535887494
260,0.07158877506006009,0.8646148373356388,0.010174826912919035,0.04228631289091424,0.01133524780046773
261,0.37680026479945217,0.538724865015264,0.0013861456017051801,0.06846755355314689,0.01462117103043182
262,0.12372912058737397,0.8474743685420023,0.0047286278001934445,0.017409094925521815,0.006658788144908328
263,0.24862951350624476,0.6942738584570318,0.003363005900385127,0.031687781773317,0.02204584036302113
264,0.07548135352744974,0.9011520158187273,0.004855198897731698,0.007649669838634147,0.010861761917457165
265,0.08710880786314674,0.8729767605214543,0.010991050994964252,0.013147634898466959,0.015775745721967632
266,0.11878827520998028,0.8456690464584135,0.005468220019533877,0.022108487042958324,0.007965971269113976
267,0.17970003124476938,0.7777222072278405,0.003976205319911141,0.025583224038505076,0.01301833216897398
268,0.040872288764185076,0.921856055107601,0.018403672688169885,0.012194005861477989,0.006673977578566186
269,0.016508980493886577,0.9614482522940597,0.008624216001314543,0.00866426862764857,0.004754282583090473
270,0.04270835799828623,0.9225120958715964,0.004540914343903346,0.02345539322871533,0.0067832385574985825
271,0.5245321127491407,0.3197191305864044,0.000473932502647073,0.08259487746596497,0.07267994669584284
272,0.05392256988057267,0.9142117642589898,0.006648107352241159,0.018691247236854305,0.006526311271342139
273,0.3206624375637551,0.5685595121975412,0.0013172604323501652,0.07528899686534841,0.03417179294100509
274,0.22286968530009044,0.07355844038846025,0.0002666321781849719,0.00846740710514661,0.6948378350281177
275,0.7321875883839076,0.17785048943199228,0.00033406314165507184,0.020031760859156766,0.06959609818328825
276,0.31149390254989917,0.6706369256658044,0.0027587422745785593,0.006994109845802679,0.00811631966391538
277,0.5490625055942833,0.42851141198122955,0.0005361564556215691,0.010787322182646287,0.01110260378621923
278,0.037720840871002206,0.9353243352265483,0.01879326839774153,0.0029241262777628947,0.005237429226944968
279,0.039225470934694494,0.9336738784150466,0.00906646648414254,0.011301199971272168,0.00673298419484424
280,0.053501035922907454,0.924721610713178,0.002422647900773141,0.015483585024008829,0.003871120439132564
281,0.34682215234854835,0.5699465210182264,0.0012549705245471219,0.019834413429409337,0.06214194267926877
282,0.07952799732052505,0.8900981908475334,0.013142995339873656,0.012244310798837022,0.0049865056932308395
283,0.191425652039194,0.7845138140256694,0.0022867800398377425,0.011494063889161238,0.010279690006137454
284,0.11405275733641711,0.8655287648013892,0.0029269375824978886,0.009073654354534775,0.008417885925161036
285,0.16769267993833,0.7884003792266272,0.0033692713284842264,0.024188681139172122,0.016348988367386384
286,0.11166539898598483,0.8544601560910834,0.009482665365764677,0.01471345673818068,0.009678322818986613
287,0.2905432318445742,0.6407474419620658,0.0054408781718281885,0.017268168838167418,0.04600027918336438
288,0.20868042253960703,0.7575086235776385,0.008404561425497349,0.01232258725272881,0.013083805204528405
289,0.4537885561374988,0.506447169238891,0.002737342852075223,0.01387909165664736,0.023147840114887765
290,0.07821741643621619,0.881368325828513,0.03090661605615112,0.0022760404073628904,0.0072316012717566925
291,0.1283813818903902,0.8505376432655473,0.0085908047196891,0.0054291032598587285,0.007061066864514572
292,0.08061144264860351,0.9000349814525137,0.013250820134006877,0.0034085818347937163,0.002694173930081899
293,0.03177708157086398,0.8321686347307005,0.12746393996993494,0.0036671878786070657,0.004923155849893489
294,0.05128078638595889,0.9113359228608604,0.03044379356899818,0.0034983772654838255,0.0034411199186987445
295,0.010677891677987638,0.8986972922851449,0.08574946526662068,0.0016056602714484476,0.0032696904987982037
296,0.053487825146212795,0.8712303184546204,0.05617391098035156,0.0059075986693419,0.013200346749473438
297,0.06277446043513267,0.8623643777197497,0.06176616218365773,0.004885110050484373,0.008209889610975386
298,0.04299305627089507,0.9017639009517129,0.044940546134851024,0.005531516206810663,0.004770980435730493
299,0.02062462169971439,0.8666888155673776,0.10575046113941225,0.0022497256408773227,0.0046863759526182555
300,0.05402759046381321,0.9082889343535757,0.02296437910242037,0.006855313158762712,0.00786378292142813
301,0.04366466766702846,0.9085212075988945,0.0353883473299096,0.007128121927733986,0.005297655476433393
302,0.033694882302048694,0.8670222848982547,0.08790149490406515,0.005978933159050001,0.005402404736581267
303,0.0971898561362402,0.8713379815486977,0.0171896867167163,0.008792654248066,0.005489821350279608
304,0.037479303074327924,0.89832879352796,0.04618970995823134,0.004988056958012913,0.013014136481467998
305,0.3630403904424004,0.5894852974725887,0.0030604889898508893,0.024588302543247762,0.019825520551912133
306,0.027351115843488188,0.9096165482728518,0.05895216303282029,0.0016975809766037614,0.0023825918742358208
307,0.061366730068751256,0.8744450575631921,0.05171925015468108,0.0038347092818122094,0.008634252931563294
308,0.025724056175974157,0.8735586612459163,0.09593318215064313,0.0020305524709311085,0.0027535479565354427
309,0.032089388949264816,0.7900144324835164,0.16609755087374947,0.005300316789917094,0.006498310903552157
310,0.03870037171887083,0.869602917491825,0.0680301430413813,0.012570860070549085,0.01109570767737387
311,0.13109166981935852,0.7471134143057196,0.06136522667894672,0.03307229715940905,0.02735739203656598
312,0.05298254969953853,0.7986242695406953,0.11850975120574504,0.014472661137300943,0.01541076841672031
313,0.14519561268526196,0.73098395014936,0.023791754972126475,0.01638775610403902,0.08364092608921249
314,0.06701919900550277,0.8975657153706065,0.021853652629104527,0.0056218203771244415,0.007939612617661771
315,0.13781150185475935,0.8271667315125523,0.017050983025135306,0.007684836701222622,0.010285946906330496
316,0.0594389298544947,0.8924319704700965,0.0430361536398208,0.0018089575688868792,0.003283988466701227
317,0.06679309062316965,0.8699608385345838,0.03980455649761257,0.013471987874422206,0.009969526470211465
318,0.041717525240309514,0.9148304025760069,0.031518139816528956,0.006551461949980144,0.005382470417174332
319,0.055079869049675115,0.8891222473924782,0.04291818378100118,0.00902763241426157,0.003852067362583765
320,0.25214581251492374,0.6998475487243475,0.002678264154564283,0.016265863521369713,0.02906251108479477
321,0.11344321482128922,0.8522374623090369,0.01281006981701697,0.010144890051929655,0.01136436300072733
322,0.1297519468125285,0.8188093103333317,0.028294963739936205,0.005594086589109171,0.01754969252509465
323,0.11070832229324522,0.8374159292691956,0.027567330411014866,0.005516304351883895,0.01879211367466043
324,0.025747676476056316,0.869703000095373,0.09755053119735667,0.003451835529180013,0.0035469567020340645
325,0.021523166048620552,0.955196007502145,0.013880625744414779,0.003988596525886031,0.005411604178933881
326,0.030698262732194316,0.8546458887907348,0.09487085465145387,0.010438228693612809,0.00934676513200401
327,0.026766489104128675,0.8470722829648608,0.09757988940206955,0.010950440230623387,0.017630898298317356
328,0.19106094747252278,0.5001700209709521,0.012364114987471328,0.11462168112198762,0.18178323544706615
329,0.09712330788055651,0.026497184489734715,0.0001665638796324614,0.06569836537481046,0.810514578375266
330,0.010941530115157576,0.008724025660834238,0.0019244586688885253,0.004184554367469059,0.9742254311876507
331,0.035916527995244654,0.006168918805808663,0.0006413421159239386,0.0033292617657798467,0.953943949317243
332,0.0829433430574487,0.005950760659991478,0.0003035528340056497,0.0030515464355194283,0.9077507970130347
333,0.06509473898869486,0.015542913505598664,0.000957702787973337,0.009709692630838497,0.9086949520868945
334,0.017491285971699227,0.004941845543954637,0.0001679870665503696,0.006196089514734407,0.9712027919030614
335,0.10184835247353752,0.01822604301647789,0.0006718761955334828,0.014928925964263219,0.8643248023501879
336,0.0969684332219684,0.021966144263876705,0.0007203684337297735,0.01561937996032487,0.8647256741201003
337,0.16915010510287715,0.030599155630487613,0.0006282381620999274,0.007894159660496393,0.7917283414440389
338,0.004601679102290825,0.0013146499374427723,0.0006056644213331892,0.0007031423006924485,0.9927748642382408
339,0.032009061568891654,0.01248148530530584,0.0001490340229801695,0.0031729799431010524,0.9521874391597214
340,0.058216720882953675,0.007389405856837463,9.607028992698149e-05,0.006248149344448509,0.9280496536258335
341,0.013774647999567105,0.002875286381301115,9.993886451956526e-05,0.0013103695288159114,0.9819397572257964
342,0.023670582202208225,0.0038935752436295096,0.00036236129952465644,0.001093779704315052,0.9709797015503224
343,0.02483374899540082,0.0019696272869138267,8.780536647853365e-05,0.0014972935868968291,0.97161152476431
344,0.00970372133650734,0.0014919919706559315,0.0005445136609657853,0.0013987840401966497,0.9868609889916743
345,0.007789788647017463,0.0017833501144961076,0.0004465534070464547,0.0016121609922487583,0.9883681468391912
346,0.010427842164393727,0.0015297335066113459,7.843795596711444e-05,0.0031497427068738143,0.9848142436661539
347,0.04873059424431944,0.007084322443658633,0.002188316738935051,0.014025450522073024,0.9279713160510138
348,0.01489846825137864,0.0020773736807687274,0.0005625500996246889,0.0052913838403927495,0.9771702241278352
349,0.015603688379743162,0.0008076085787493766,0.001599145357146702,0.0013250724079119497,0.9806644852764488
350,0.01074187401210522,0.0018687927620878347,0.005021094149962085,0.003018248321723899,0.9793499907541209
351,0.04263388439448956,0.0017071178330156887,0.0006011012747982675,0.0021618679643967647,0.9528960285332997
352,0.06088969713728763,0.0037605262125237075,0.0021146577004085287,0.0026463790075112836,0.9305887399422688
353,0.02347699805415858,0.004172469835247616,0.0019915180627241577,0.001559773233828329,0.9687992408140412
354,0.04903280289745431,0.027404443476762776,0.010648093563571338,0.004168667018889742,0.9087459930433218
355,0.04187981038485889,0.013203724457600565,0.00952547156177566,0.0051802648124822165,0.9302107287832826
356,0.0492952958919361,0.01360936915141217,0.03292066407126095,0.003930249818569312,0.9002444210668213
357,0.01812872273891295,0.00650193641959609,0.08064863071581901,0.0011552147480977288,0.8935654953775742
358,0.17002748745944107,0.022473388689486746,0.033373873128426906,0.007496435346745326,0.7666288153759
359,0.07759828195270474,0.01985200316907065,0.042872148266932635,0.011460251170193163,0.8482173154410988
360,0.13960725108222713,0.03106884837842747,0.059870076913849365,0.011285796147347054,0.758168027478149
361,0.01884135876460367,0.012539792532709648,0.0650214032090194,0.008644278939242434,0.8949531665544248
362,0.08655936231001726,0.021597258526074914,0.06869045683868773,0.01405522544765064,0.8090976968775695
363,0.02278979314924019,0.00515083753170975,0.008210205635326255,0.002873947586848543,0.9609752160968752
364,0.04372962070142809,0.01009090437985161,0.014675749018613012,0.007627035531290899,0.9238766903688165
365,0.01510659939502847,0.003961383125431909,0.0016781211759927235,0.004774430858261574,0.9744794654452852
366,0.00724014081628806,0.000708094185430696,0.0003315127072139208,0.0015459214924176243,0.9901743307986498
367,0.014814420099655147,0.001145956520255452,0.00017438590576008636,0.0030182402975105294,0.9808469971768187
368,0.018552351360233258,0.0012592955629569236,5.74458269972382e-05,0.003514749683008575,0.9766161575668041
369,0.04021725139839045,0.002468024757570144,0.00011831363870508699,0.004074396802150794,0.9531220134031836
370,0.03638051913999988,0.0022840131332528073,0.00017449022778272288,0.0042152588576874345,0.9569457186412773
371,0.03178241424480969,0.002878324458267624,3.786030886940039e-05,0.005397932012536548,0.9599034689755168
372,0.10474573130747789,0.005283291873775939,5.599054107352572e-05,0.016481306936077453,0.8734336793415951
373,0.039757454148687255,0.0031542752675142224,1.802222018826378e-05,0.007065368701799698,0.9500048796618105
374,0.03558206445778299,0.005689153204443036,1.865580960519903e-05,0.02202180453354297,0.9366883219946258
375,0.07304240649150255,0.004051278317020829,3.934208109034594e-05,0.04164642048188184,0.8812205526285044
