epoch,N1,N2,N3,R,W
0,0.012957650357052286,0.011629984203356366,3.704608776039891e-09,0.0001035751488732744,0.9753087865861092
1,0.0042171833403872585,0.008123041492557197,0.04577310019332851,6.30762758237825e-06,0.9418803673461447
2,0.007279149218996937,0.01677407013972821,0.13304930968842274,1.6636884092885656e-05,0.8428808340687592
3,0.0028987960025027046,0.013090428455331487,0.2566549863912122,5.1369684045095065e-05,0.7273044194669086
4,0.0011122577408405412,0.006572148840852062,0.10486558873419184,0.0002975514056315037,0.887152453278484
5,0.003994780832982104,0.01966039062581919,0.09088559984775672,0.0010072873764400594,0.8844519413170019
6,0.0009057434803907029,0.005913345754298515,0.024107068316698357,5.7989319522360654e-05,0.96901585312909
7,0.0006689972695361358,0.002239134295883398,0.010558240942852737,2.6439700934282935e-05,0.9865071877907934
8,0.006260247315790401,0.008530723001847694,0.04409224797917446,0.0004094767540336176,0.9407073049491538
9,0.0038786919607033143,0.024684821105518773,0.004054272062345195,0.0003314092600129092,0.9670508056114198
10,0.04339762718708256,0.03151630981345373,0.0004151222867007191,0.005214563926179131,0.919456376786584
11,0.05844083073746112,0.007758724506563417,8.758564063062068e-05,0.0050683796206018525,0.928644479494743
12,0.012450519682409204,0.0044175499153153355,3.698883338930859e-05,0.0010491134550038432,0.9820458281138824
13,0.004557859009594493,0.0022848758852029244,0.002501606164850811,0.0008270650379761206,0.9898285939023755
14,0.004762840348064853,0.0005714897938714911,1.3553808376802108e-05,0.00021560114160972427,0.9944365149080772
15,0.06851211520427389,0.001931010602867993,1.288969597294606e-05,0.0016258477311517283,0.9279181367657335
16,0.025053961747813935,0.0031963023001989,1.127849655268644e-05,0.003261450900814266,0.9684770065546202
17,0.045497544271132395,0.004590783489675136,7.563648870111761e-06,0.005959917524850542,0.9439441910654718
18,0.06775468518055258,0.015316804368798464,9.987092367593624e-05,0.03286177649039667,0.8839668630365763
19,0.08925399848653302,0.0042056981168132135,1.0817803851926412e-05,0.004373336487968452,0.9021561491048333
20,0.25662596583002195,0.01385117304857278,2.763023189402221e-05,0.025547786617755815,0.7039474442717555
21,0.049779142649781,0.006652140989157531,1.1633027559077665e-05,0.004466262752207654,0.9390908205812948
22,0.3106527040061395,0.11918123777596007,0.0001393337580159059,0.02589902006466099,0.5441277043952236
23,0.08099822618181145,0.020311787408143805,4.64678336627736e-05,0.0031702971825270767,0.895473221393855
24,0.3295465882724129,0.06662820352700637,0.00010752692137762105,0.009163101484805574,0.5945545797943975
25,0.23358867568437194,0.4277260954078077,0.0011737541351683073,0.006492544100093808,0.33101893067255816
26,0.42763633674698825,0.3337794003500851,0.005308177380632314,0.002970801247574818,0.23030528427471947
27,0.03263352198304209,0.02558083746839384,0.01971519063792292,0.0006083412475309474,0.9214621086631102
28,0.027620940704457555,0.033317505647880774,0.15118035540588684,0.0011259247485740644,0.7867552734932008
29,0.04499294544809775,0.04768191699938993,0.04326107033164482,0.0009798632184722484,0.8630842040023952
30,0.013617052195937826,0.03425513806286543,0.047954256549031925,0.0016012464136288284,0.9025723067785361
31,0.12823759863834383,0.1907818826438763,0.013693822143348773,0.012451793184516238,0.6548349033899148
32,0.01778145093709074,0.013340789312639658,0.001672134226845535,0.00026765533627093856,0.9669379701871531
33,0.002253535453572585,0.001182721263025182,1.59097286915967e-05,0.000317962296512293,0.9962298712581983
34,0.0015405056810226143,0.0014799060593954645,4.493321580388445e-05,2.1739877086832365e-05,0.9969129151666911
35,0.11574894342547504,0.010754723869449052,3.051188229111608e-05,0.0003646689466349784,0.8731011518761498
36,0.014444520916632569,0.005139546732131296,4.4639880083390907e-05,0.00012135086685171164,0.980249941604301
37,0.03183177294168251,0.011981750543280984,0.0003361459870628053,0.00022329710732767934,0.955627033420646
38,0.026777695590461652,0.004705764520608516,1.6103887023192065e-05,0.0008023087800505841,0.9676981272218561
39,0.013162916648734839,0.005151953756196657,3.238423216520329e-05,0.0003176008498122226,0.9813351445130911
40,0.049148374957841134,0.006070469271658195,1.26312629501748e-05,0.0008774819427410771,0.9438910425648094
41,0.0035547031075386553,0.0018978271897330213,5.2092153304440325e-05,9.291625619120595e-05,0.9944024612932327
42,0.0015064356330949178,0.0006106984707055811,2.2438187695364e-05,4.69009230056971e-05,0.9978135267854984
43,0.027275186682437016,0.004041772544723562,3.9664086949836706e-05,0.000706660961202468,0.9679367157246871
44,0.0038063496876816166,0.0004908906089864266,3.905916642280252e-06,0.0001340129712159601,0.9955648408154738
45,0.017582544184292496,0.0017804207515800217,7.686991287735174e-06,0.00021504235066428996,0.9804143057221754
46,0.019472237833282755,0.0021275311549683144,7.828162834849773e-06,0.0006140762490988032,0.9777783265998153
47,0.013457528196506913,0.00403228564557199,0.0004991923854733434,0.0004579789569329199,0.9815530148155148
48,0.051546645297510844,0.018633939056419788,0.0011618243163946903,0.0011154651435832475,0.9275421261860914
49,0.05432755399869907,0.029840513463763093,0.0016673350920501516,0.0017047208745227332,0.912459876570965
50,0.12539306924728674,0.02829420370525178,0.001206215555788708,0.005733045029122646,0.8393734664625501
51,0.2541736857117984,0.03362633579967117,0.00044935751148663186,0.01695952160929218,0.6947910993677516
52,0.12105876291817821,0.059130549110141255,0.005756416432251374,0.002075666870550126,0.8119786046688791
53,0.1286298472062826,0.05896517709654384,0.02576395959886204,0.00908432767377704,0.7775566884245345
54,0.05046905401827511,0.013638779515233658,0.00023961328902497275,0.003159354526794358,0.932493198650672
55,0.23225687893017682,0.06004768454305658,0.00045541387896155176,0.009032588470624046,0.698207434177181
56,0.1868248583045952,0.07741028302463687,0.001879859930754615,0.007250034956243458,0.7266349637837698
57,0.03644716341947392,0.014400226101653592,0.0070082061785819005,0.002635569779391356,0.9395088345208993
58,0.006904065744861638,0.006429216359816082,0.007659009101312494,0.0008269440283400837,0.9781807647656696
59,0.003022049057385472,0.001256102570291379,0.0016852157277430391,8.68284758329657e-05,0.9939498041687471
60,0.0031969456170712496,0.0006215724798409826,0.0006928528358505334,0.00020256232921560396,0.9952860667380216
61,0.0021599362602094494,0.0002399627157249424,2.2899151301313345e-05,0.00011471691276848679,0.9974624849599958
62,0.005233891653601033,0.00015341895327442714,1.0779856801509146e-05,0.0002597915722260838,0.9943421179640969
63,0.013922040540603826,0.0012252314129996143,1.6113546315313815e-05,0.0001818836406040586,0.9846547308594772
64,0.03169441442329968,0.002067864924246368,9.500437944564223e-06,0.0005280883314665178,0.9657001318830428
65,0.007639833280783762,0.0034372721047652376,5.71447890653692e-05,0.00016720874300623153,0.9886985410823794
66,0.003404025431961144,0.0009606085531999157,0.0002499631844404113,0.00019034495862554475,0.995195057871773
67,0.002674020141100643,0.00034539269919793016,1.8680150998689806e-05,0.00013022912159721064,0.9968316778871055
68,0.006451383435826644,0.0004892816968878531,7.232067435284527e-06,0.00029410395304453553,0.9927579988468057
69,0.045216979462790706,0.0041705837218839106,8.208521503947273e-05,0.005249437777957908,0.945280913822328
70,0.008397356627860788,0.0008976347267974912,1.6529292850300366e-05,0.001331488425080195,0.9893569909274111
71,0.17624032682973567,0.003950845898988116,2.3752675880245047e-05,0.0008319416186179526,0.8189531329767781
72,0.03810076453204481,0.011715149090581717,0.0008524310094661516,0.0010523548913241078,0.9482793004765833
73,0.03899137767710121,0.010241352956412505,0.0008196502399603757,0.0013322660189909836,0.948615353107535
74,0.011101684853088366,0.005762141121332733,0.004134015924909023,0.0008853965022633474,0.9781167615984064
75,0.12487494842040281,0.02566599871634857,0.0006049116301789401,0.0016498260769227074,0.8472043151561469
76,0.24434935639520405,0.02085519841257375,9.631053767826104e-05,0.01701844772327399,0.7176806869312701
77,0.01029445162549263,0.010745660006541079,0.0028842954753504424,0.0007649377134027852,0.9753106551792131
78,0.0080470289378372,0.0035598190868044847,3.081755412893935e-05,0.00016930365594416556,0.9881930307652853
79,0.08592273898757699,0.04797655829927651,0.005064924525831445,0.0013137757567872302,0.8597220024305279
80,0.43061218506119137,0.11020468343867217,0.0015373749520982006,0.010716297102363225,0.446929459445675
81,0.8189215450719365,0.06324455021737273,0.00022353008405164718,0.005917514108420293,0.111692860518219
82,0.09238526920740178,0.11707309144398302,0.007596968391376549,0.0040305459647720565,0.7789141249924666
83,0.14428308419321212,0.2515122630646003,0.005559954726787492,0.006175497162533127,0.592469200852867
84,0.2991875884955809,0.25016823983833925,0.0016139268488457568,0.02119600764449132,0.4278342371727428
85,0.21937758272562938,0.4523843263313889,0.009320926787320289,0.022336352675717305,0.296580811479944
86,0.32737135752160734,0.12920101430336173,0.00132487800271531,0.019602476146299907,0.5225002740260157
87,0.2555700370394253,0.1569009657953032,0.0007202247076961115,0.00789862742225359,0.5789101450353217
88,0.2237009273723231,0.6589402180800455,0.0016156649770940714,0.025983620818298508,0.0897595687522388
89,0.2874060698466615,0.23550651514908594,0.0005565504870903149,0.03265464760863716,0.443876216908525
90,0.012776658461452354,0.019601622932021195,0.0024476111899773036,0.001513975885031457,0.9636601315315177
91,0.02161696712499607,0.01594851270912047,8.310650847547826e-05,0.0018180620887539238,0.960533351568654
92,0.16579296319400344,0.0803636940560374,0.0003326331377266439,0.005504951818627397,0.7480057577936051
93,0.010516453813690964,0.010629087811213937,0.0009615124075266484,0.0004036803416507023,0.9774892656259176
94,0.05149555623404115,0.007871530657537594,3.2390047431886455e-05,0.0004950800853239434,0.9401054429756655
95,0.010502252551056012,0.006890310393287247,0.0005661537985828319,0.00035437635289316125,0.9816869069041808
96,0.03585018550230168,0.014598183337188625,0.03362031505885156,0.004332846101621608,0.9115984700000366
97,0.02877510069820515,0.006039541792055197,0.007002774149695641,0.011073524603037978,0.947109058757006
98,0.024213423464276216,0.005445840582577175,0.00021786657434210815,0.005780045450070049,0.9643428239287345
99,0.008088882682010582,0.001339735874921406,2.6987477206629492e-05,0.0019629442500097754,0.9885814497158516
100,0.020543656030755874,0.001603965598408562,2.387254941235881e-05,0.002738277728143254,0.97509022809328
101,0.038649303593259826,0.005156855219972069,9.99574932541754e-06,0.0004365572589570803,0.9557472881784855
102,0.008963806643632668,0.0010198426628496551,9.379816871652481e-05,0.0003662580631631221,0.989556294461638
103,0.0064808997946338735,0.0005418694566351544,1.7472687166417845e-05,0.0003368522649644724,0.9926229057966001
104,0.0008722583166940122,0.0002947225582397966,7.157322313732162e-05,0.0001230302682896511,0.9986384156336392
105,0.0027912291617296523,0.0002535378510816472,1.3592122450770113e-05,0.00016973951713512384,0.9967719013476027
106,0.1026129887095652,0.005057537276572734,7.200038715030891e-05,0.0018391706186923127,0.8904183030080194
107,0.0902850084449033,0.008275780278651872,5.327499681532991e-05,0.002860763251580608,0.898525173028049
108,0.059135798486586455,0.006702093171670343,3.3111650323061293e-05,0.0025254776911909516,0.9316035190002292
109,0.017232241121031496,0.012005016287503258,7.618080853346101e-05,0.0006929216815576061,0.9699936401013741
110,0.08439259019226712,0.0320069398019356,0.0002509807930962968,0.007519577150278819,0.8758299120624222
111,0.018905393109759198,0.018191283683481402,0.00022343365899035584,0.0053052443086954075,0.9573746452390737
112,0.003059443756719619,0.002483755364770048,7.813184970470352e-05,0.0005864607212870645,0.9937922083075186
113,0.0028013967910955166,0.0007711094312907134,6.419648348405582e-06,0.0005217189084768632,0.9958993552207884
114,0.020439883928384393,0.002160510531829147,4.08294927617236e-05,0.0007343098678930483,0.9766244661791317
115,0.016024734691781676,0.0006692251447828694,1.1821332411721503e-05,0.0008348664470459041,0.9824593523839779
116,0.02300420457820223,0.002232754678515168,5.4693870330362216e-05,0.0013703166604744944,0.9733380302124778
117,0.0641783775285315,0.001190405614761305,2.5710939633570065e-05,0.0028188809335974404,0.9317866249834763
118,0.25141660079947864,0.007014598235461202,8.532828114364257e-05,0.03472421491570804,0.7067592577682084
119,0.16711011105419085,0.015194205007353166,0.00013821358928983466,0.07252208489711558,0.7450353854520506
120,0.13934163445089404,0.029970178443559082,0.0001859608465846708,0.11829450413232626,0.712207722126636
121,0.11575854609164875,0.03218936084797308,0.00015389442103001845,0.23149424728550946,0.6204039513538387
122,0.08764678963285664,0.05547898761720472,0.0001557190588363105,0.016284745347054753,0.8404337583440475
123,0.11379961526736511,0.029364428951740375,8.6933312620382e-05,0.15195248009621745,0.7047965423720567
124,0.3516775698378906,0.0941028293437051,7.34379913179862e-05,0.15305586741750382,0.4010902954095826
125,0.0588157131432409,0.07982108034166423,0.0009726399579321296,0.004791190683692258,0.8555993758734706
126,0.28620788220350574,0.169310965456505,0.0005096857771638635,0.032627253464048676,0.5113442130987768
127,0.2795618933010744,0.13060869356933094,0.0013143315213413732,0.013427740265459816,0.5750873413427935
128,0.2088414818332578,0.43147010822964765,0.006420020112992347,0.1520608776560374,0.2012075121680647
129,0.134236372402217,0.48808296242550386,0.0021999195127575953,0.011774466455276383,0.3637062792042451
130,0.15191774393169213,0.4802524545631137,0.010641901382227273,0.0069855532566710276,0.3502023468662957
131,0.30807251033777866,0.42869232662702766,0.003969641596865077,0.06121896727834003,0.19804655415998862
132,0.1801511528567992,0.17271214978654664,0.0018650291637341357,0.021359856745149283,0.6239118114477707
133,0.18099466059619618,0.20688358070496066,0.0036086039305800953,0.004274233192885877,0.6042389215753772
134,0.2943968874287212,0.18041003254840768,0.003111690235133444,0.0062311113486908905,0.5158502784390467
135,0.22672396225065172,0.2322801191529797,0.004617002854305709,0.010198005674216238,0.5261809100678466
136,0.013020905764184956,0.012237979885179264,0.0007743415852652587,0.0007638561942397723,0.9732029165711307
137,0.03577473758270799,0.03786196474513993,0.0010935617330417567,0.0023880331460037056,0.9228817027931067
138,0.0031294729034821445,0.0028115033015747378,0.00012169972884290831,0.001192180508656646,0.9927451435574437
139,0.08523016954107493,0.03891498898358601,0.0003985331044402158,0.006813744015666427,0.8686425643552323
140,0.007950168142955821,0.007686458577548375,0.00020809096070059887,0.0037704887493814434,0.9803847935694139
141,0.008171954440365921,0.003557173942478558,9.700556912992809e-05,0.003092994088005024,0.9850808719600205
142,0.0015437614047244454,0.0008155443250150214,0.00024203409521477502,0.0002967360757176217,0.9971019240993281
143,0.018744783276693253,0.004207844925247597,4.935895989549733e-05,0.0011269353534816738,0.9758710774846819
144,0.014992066419091742,0.0031834536190128247,4.443855056875121e-05,0.0014209753717385292,0.9803590660395882
145,0.001528541007705802,0.00045568748860193433,3.0765498479648476e-05,0.00023909225328067377,0.997745913751932
146,0.04615824923759874,0.006677866133466262,6.436365714296845e-05,0.008178824584082816,0.9389206963877093
147,0.04788448693592742,0.010012846880464726,0.00016644106138683594,0.002651653710916157,0.9392845714113048
148,0.004713283749853411,0.0003960251713376708,0.00032970896619510825,0.0007174809972948802,0.9938435011153188
149,0.0007221383779488743,0.0003098401669944348,3.616866507690853e-05,0.0003121556600368434,0.9986196971299429
150,0.003942921773163673,0.00022213861041441555,1.8542868726166656e-05,0.0007277090051145471,0.9950886877425811
151,0.0007585080528880042,9.641357874483516e-05,2.887342765562271e-06,0.00028046260213608225,0.9988617284234655
152,0.028395201955456154,0.0008581748658649573,3.793802837215785e-05,0.002275653508650583,0.9684330316416561
153,0.25299958789754445,0.015744913969158846,9.07278549936492e-05,0.02291405517800771,0.7082507151002954
154,0.058181156765798006,0.02502872746616219,0.00012209857888613104,0.008914111064927194,0.9077539061242264
155,0.012814992456766448,0.0034746122970367175,8.48398263733417e-05,0.004111524156873932,0.9795140312629497
156,0.13654776314550782,0.026230678379661743,0.0001333355597198288,0.18023929908795186,0.6568489238271586
157,0.16631472111854442,0.017124269033907805,0.00019650374901159604,0.4960591691538038,0.3203053369447325
158,0.20354487166204965,0.051723488950012046,0.0002314796243277365,0.2752547552665194,0.46924540449709107
159,0.2858121929930354,0.19393866428085801,0.0003123834843954808,0.4248709450559341,0.095065814185777
160,0.278735329239437,0.24222994151286706,0.0003981238826802425,0.45145357333881614,0.02718303202619945
161,0.2400470276616189,0.37344036831788213,0.0007074497780205398,0.22092039786195253,0.164884756380526
162,0.36376538274652315,0.21760384781192982,0.00407232144653474,0.0870147658908615,0.32754368210415086
163,0.15933074240744466,0.7323928832606286,0.0008321568892331566,0.09463200939052331,0.01281220805217017
164,0.30012881733294156,0.5594447164960932,0.0023198589806025563,0.09670266839806733,0.04140393879229527
165,0.43349151930449004,0.35209815532706956,0.0014436926373054596,0.06241493157327421,0.15055170115786073
166,0.2769076745173121,0.4646475598989889,0.003978171683674517,0.023317343887874837,0.23114925001214956
167,0.2345433643607428,0.6680813232178514,0.006657735707057337,0.0036526371470268658,0.0870649395673215
168,0.08075612424965639,0.8749444688969212,0.01593949700152585,0.0037196662641760386,0.02464024358772054
169,0.2725827982031746,0.6455938096008335,0.0042725952223561904,0.013273244605356319,0.06427755236827946
170,0.24415297922024032,0.694639474383252,0.015133767431680187,0.007891689146407654,0.03818208981841971
171,0.05193575133386035,0.872245645901258,0.04257284725940238,0.007204725746467716,0.026041029759011416
172,0.05211650485630436,0.870595490896232,0.053594816739871626,0.006924231583143201,0.01676895592444877
173,0.05501369551927966,0.8733233171475142,0.059435927079419186,0.006868821054563848,0.0053582391992231665
174,0.022207231847272867,0.8570674319800285,0.10783011962439525,0.00715643239991514,0.0057387841483880556
175,0.055222923100723166,0.773204839478366,0.11100567700575173,0.001973027331542568,0.05859353308361656
176,0.23831188143003992,0.6694098936326922,0.04473088359546281,0.0064488927233047905,0.041098448618500365
177,0.07525468510532543,0.898790631954,0.017053038376476645,0.0025874202114287382,0.006314224352769245
178,0.01754964404459545,0.907872497426097,0.06669017067851862,0.001881930246914393,0.006005757603874435
179,0.02958588848659384,0.8935213117726606,0.07199422237845307,0.0024302048743835973,0.002468372487908863
180,0.006537784820226022,0.8487579195837964,0.14086563816365755,0.0015313266175349743,0.0023073308147850374
181,0.005028682992875154,0.5312138496881531,0.45897776501443954,0.000959140916635601,0.0038205613878966585
182,0.014525965129002633,0.8682241319299346,0.10808626984007719,0.0029027497289888277,0.0062608833719965985
183,0.00995930694748474,0.8181826777459464,0.1632492003706518,0.005067876042364731,0.003540938893552235
184,0.014270244183886031,0.7361675845218243,0.24004476232318905,0.005063601738505439,0.004453807232595225
185,0.049989725766180174,0.6796132232911364,0.2242004009328321,0.013478009813146447,0.032718640196705034
186,0.22328989435696936,0.3984095619037403,0.01849641259577484,0.10137160279073161,0.25843252835278396
187,0.18867296574378392,0.22710180660585913,0.0065334221255629165,0.07665430874795873,0.5010374967768353
188,0.24048007546166333,0.0670014201662454,0.0008945971181157765,0.05047881423999025,0.6411450930139853
189,0.31524403002537654,0.13910419055675013,0.0008251012495197977,0.05800570146552531,0.4868209767028282
190,0.007503489788965091,0.0054931456670604594,9.737789229370674e-05,0.0044121586670989605,0.9824938279845817
191,0.03991502721094314,0.02535723902131651,0.0004607836898858874,0.014416059879925117,0.9198508901979294
192,0.02270741606902238,0.049542019731470384,0.0025566026551619206,0.005878420313945423,0.9193155412304
193,0.03160623353954246,0.01725812274483855,0.00010428249794721958,0.005477379999460443,0.9455539812182113
194,0.012976498051005758,0.004208461796001351,1.1542389641854213e-05,0.0025156447981474353,0.9802878529652036
195,0.04088930061729119,0.00620867016843225,8.496457826384095e-05,0.0017739952097746393,0.9510430694262381
196,0.17070053402970906,0.012338278922273191,0.00019240897003567869,0.00936209093611871,0.8074066871418634
197,0.48851642475718365,0.03881685944260223,0.0007274168751320086,0.011860942521075455,0.4600783564040066
198,0.08960388000433049,0.05568077427959904,0.0013733368234006631,0.010022457809775785,0.8433195510828939
199,0.2313002974044927,0.17555008153950263,0.0030911073485797224,0.009027609754365786,0.5810309039530591
200,0.03003546695894546,0.08630884089587718,0.012257999510019942,0.0016564551319856542,0.8697412375031718
201,0.14582981110223525,0.11377037063607921,0.01739156139004933,0.002487784095662087,0.7205204727759742
202,0.09041055696488759,0.0516687257780344,0.06261107638407087,0.01492700414682154,0.7803826367261856
203,0.2644457233476637,0.549663734835326,0.037575485614364426,0.010278694368865025,0.13803636183378087
204,0.14749441856975187,0.2979453103847509,0.00402532296963852,0.006253409858108444,0.5442815382177503
205,0.4197062635841963,0.08090011025836231,0.0004635308516400572,0.0069329731908592904,0.49199712211494206
206,0.41322650219426177,0.5036241654556463,0.0033825535780237603,0.006588575454349354,0.07317820331771899
207,0.1466622862539343,0.7271564699097408,0.09082931713690895,0.003877108418286918,0.03147481828112911
208,0.06388379490758554,0.8664790237073702,0.0510627777545456,0.0020992337373758048,0.016475169893122844
209,0.02087158411693909,0.8700859192251682,0.10314390742109333,0.0025036545572528165,0.0033949346795463797
210,0.008032980296137091,0.7324714116875406,0.25042100507534504,0.005589906938981023,0.003484696001996351
211,0.06002798998819519,0.8973660050374982,0.016446851653328307,0.015019639891298833,0.011139513429679428
212,0.0876712622619673,0.8351565114639533,0.03650444827425141,0.024150572848149532,0.016517205151678205
213,0.21441709594503397,0.7103907039460023,0.00965241362082843,0.013507401099338153,0.052032385388797245
214,0.03777392343710704,0.9009854397797986,0.05252247064744697,0.004179323735064959,0.004538842400582522
215,0.02691369831392302,0.8869387516637186,0.07978161526268057,0.0035599765236724117,0.0028059582360052807
216,0.0925667922847944,0.8855092686561092,0.008356242011596383,0.008355424231660403,0.005212272815839544
217,0.03746517863623933,0.9223973191249026,0.020942077338042615,0.005307506016883108,0.01388791888393229
218,0.05645075854616178,0.9212626170061747,0.013275469283552449,0.0042750429126966714,0.0047361122514143605
219,0.003967307434416182,0.8182320631148269,0.17372617187979073,0.002062187834705575,0.0020122697362604837
220,0.0048824346339996615,0.7054103427112692,0.2868465657835012,0.0013787624485717583,0.0014818944226581312
221,0.0033873168386230577,0.5586369424820492,0.43521118730332264,0.0014248324573743647,0.0013397209186307726
222,0.005674654617842384,0.8095651513738695,0.1794324836031277,0.0036252804769565422,0.0017024299282040085
223,0.004781803478723309,0.5093352302448095,0.48187072618977883,0.003103633204705261,0.0009086068819829806
224,0.006128379045384516,0.689958035010356,0.295520175865738,0.006533504980566696,0.001859905097954775
225,0.004112622812189631,0.5684238881116375,0.42170989456418456,0.004580119679272387,0.0011734748327160416
226,0.002364231906573162,0.4083847645967488,0.5857705117042252,0.0024875090591135996,0.0009929827333393937
227,0.0038264377978900234,0.4966490163938816,0.4902722991835259,0.007943705594429251,0.0013085410302732263
228,0.007645530326860561,0.796045811851703,0.1774299641086051,0.013598326459948063,0.005280367252883317
229,0.12507088796236365,0.7203171583218283,0.012264611985571935,0.05689532576062805,0.08545201596960807
230,0.023365607325434377,0.9064939673723943,0.03849608656143656,0.027577168337851704,0.004067170402882829
231,0.2011337751785938,0.40360571310326837,0.0018016006331228488,0.05393574085489019,0.33952317023012474
232,0.24885375629707773,0.5144947752895399,0.0021256871506151738,0.03165245639922453,0.20287332486354265
233,0.2487412734694473,0.47472647016414543,0.011171474987873712,0.0361905273384812,0.22917025404005228
234,0.08732018983508838,0.8603014864715767,0.00433062935451057,0.04202040320870734,0.0060272911301170115
235,0.11430895070159289,0.46718066687369897,0.005472502853572557,0.3962167087603139,0.016821170810821594
236,0.10684889743684337,0.2932397644571458,0.0004905368373041038,0.5318495071776845,0.06757129409102222
237,0.13888965450473645,0.3245445920362374,0.0007914109649319957,0.4876412667918822,0.048133075702211967
238,0.17705523113527674,0.07835929552984876,0.00032713294276934116,0.4590820666662775,0.2851762737258277
239,0.4481044652647908,0.2012840348431713,0.002178928794992387,0.047940785684406344,0.300491785412639
240,0.5100422958561771,0.22215999358913646,0.00771564686033082,0.07409611067996157,0.18598595301439394
241,0.32365502757234227,0.17434367657066682,0.0013104579233159165,0.4385526870956329,0.06213815083804205
242,0.14672305108546083,0.18583845861363557,0.004140566866945513,0.3760847623605499,0.28721316107340816
243,0.1483486611771503,0.2422117549936262,0.0028690070540799144,0.1841279659444717,0.42244261083067186
244,0.16278847275609312,0.317661769586169,0.0015589147451827885,0.3745853466905858,0.14340549622196933
245,0.14740882770567415,0.15010634062828246,0.000859513951791058,0.6502038271113921,0.05142149060286015
246,0.047793996025106644,0.042224839627113035,0.00025667193163441174,0.8341481085942484,0.0755763838218976
247,0.06666797189818657,0.04806941250908522,0.000201811182022558,0.8549152053383853,0.030145599072320485
248,0.04817984961658272,0.03956798527842451,0.00015897223662450656,0.8057175784636044,0.10637561440476387
249,0.13987142488204776,0.10694532621660977,0.0002441350146803926,0.6877655874262594,0.06517352646040263
250,0.14343487386825826,0.11834096022451616,0.0005859978037511131,0.6543004224589041,0.08333774564457026
251,0.1290269020731122,0.15488028492031108,0.00024968196910989663,0.569187299444668,0.1466558315927988
252,0.15308249519975478,0.0588028084711408,0.00010993908052005482,0.6292394566259691,0.15876530062261512
253,0.11344072256730976,0.08204694077390468,0.0004333110039331947,0.2883022435304436,0.5157767821244088
254,0.17425371118117977,0.06742572229277782,0.0003213727539422208,0.2260253987850284,0.5319737949870719
255,0.20546075565702815,0.06534033853665604,0.0004555653332031923,0.4686140185386707,0.26012932193444194
256,0.5496612072496839,0.06646245107828577,0.0002908476536324631,0.20637585654627788,0.17720963747211987
257,0.33709476749920564,0.2120391596717305,0.0003240796722351346,0.28102410444732784,0.16951788870950085
258,0.20267261773308004,0.6065391446314173,0.002467210378913101,0.09360798592282121,0.09471304133376827
259,0.2564976356124742,0.5815638135592618,0.005432599434900489,0.07443220850818243,0.0820737428851811
260,0.3324447986844834,0.5465795355591797,0.002374931461637709,0.057536833467127846,0.06106390082757141
261,0.3921034710367928,0.3740514345084394,0.0024272790746718074,0.01774075042823368,0.21367706495186237
262,0.32753383515538115,0.6211355571525337,0.0024048391989668896,0.025521589487809304,0.023404179005309084
263,0.3209605926144389,0.6420489734986434,0.00627541109850558,0.01198592384230717,0.018729098946104906
264,0.08629992973811904,0.8931521795488356,0.009818679424457851,0.005317110579415332,0.005412100709172246
265,0.046135485508067745,0.9199569460728213,0.020795091900461377,0.0040494735909464286,0.009063002927703227
266,0.010726162472991827,0.8961606343428117,0.08564771101681358,0.0009876970436643758,0.006477795123718804
267,0.016513592072667182,0.9305806995214274,0.04822729963581431,0.0012901835520342827,0.003388225218056989
268,0.006853314245265003,0.8591928893940317,0.1308379176115991,0.0006961374448159923,0.0024197413042882877
269,0.005790732774578708,0.7701354866629485,0.22092905726451298,0.0005448326665084756,0.0025998906314512703
270,0.004725347377125371,0.680919709045286,0.31260649553536995,0.00020038268510386395,0.001548065357114798
271,0.001981654305638585,0.511972679249799,0.48500490973779065,0.00015643886148762376,0.0008843178452841309
272,0.0020764079412788957,0.6508697997434357,0.3458026213114517,0.00021171336772751474,0.0010394576361062238
273,0.00677770738360185,0.6331335307062848,0.3560471874816483,0.0006537721702900115,0.003387802258175067
274,0.0025467461668203274,0.5397455033575533,0.45625643926742265,0.00018385952934606918,0.0012674516788576966
275,0.003985623666919466,0.6586610371435782,0.3359487648039053,0.00022083945695622253,0.001183734928640918
276,0.0027241602297846147,0.3414487241756342,0.6545752452148365,0.00014902622860617082,0.0011028441511385333
277,0.004995764519260705,0.693702552031458,0.2997128644977828,0.0001951406357991197,0.001393678315699359
278,0.0034513560380621186,0.5042959151705594,0.49028143599955415,0.0005681237912582132,0.0014031690005661401
279,0.0042877734854496925,0.7923454439948616,0.20101120171457124,0.0010150428753954621,0.0013405379297220324
280,0.006779543316178368,0.4510812695451426,0.5368262804995054,0.0027625341961632186,0.0025503724430103363
281,0.021825930052148508,0.18268959517805802,0.7410356612602761,0.036930400661887235,0.017518412847630158
282,0.21770555691169927,0.28080818762066423,0.10912326051832834,0.0634495209466809,0.32891347400262727
283,0.17318921313445576,0.4433465656911132,0.011262732385583517,0.2400217802669554,0.13217970852189223
284,0.019390247189585645,0.005718499926334331,6.581355379195461e-05,0.020295439912008707,0.9545299994182792
285,0.005378532879187132,0.0022000658615776002,6.137528304579431e-05,0.0014929933596796463,0.9908670326165099
286,0.034338540993897035,0.003293666424332236,1.3829505256793317e-05,0.0067234267371183674,0.9556305363393955
287,0.007682751018925282,0.0010412175262520557,3.6752354774015023e-06,0.0023987401507338563,0.9888736160686115
288,0.012534471324641371,0.00129674108700917,1.3822961498201608e-05,0.0044167610863139984,0.9817382035405373
289,0.02050856156736181,0.003311761026482351,3.945222838892364e-05,0.012362436174606679,0.9637777890031604
290,0.08563156671692994,0.006511335934344538,0.000135903681339662,0.030194157633528576,0.8775270360338574
291,0.1375160779376064,0.009905874282854976,0.00017872581706794972,0.09375756424357037,0.7586417577189003
292,0.314762627669171,0.03590016162689299,0.00035658352458216666,0.280708411205348,0.36827221597400583
293,0.362916254356978,0.047686571838736674,0.0004628432581986608,0.404843784004909,0.18409054654117774
294,0.16332253329936647,0.06967099213872173,0.0005853440544103647,0.3929803493580468,0.3734407811494546
295,0.051532222012649245,0.09995567635902199,0.0009388913789876011,0.1539505656502329,0.6936226445991083
296,0.04187631333593184,0.038851207963233096,0.0001584122470468117,0.10191111159293702,0.8172029548608513
297,0.013626639686099682,0.00774210190661101,0.00020054009792556772,0.028512687051950737,0.949918031257413
298,0.05454426755489428,0.02815328465682293,0.003804387944440885,0.013274205540570459,0.9002238543032715
299,0.014828281448374921,0.008095051923160384,0.002032392291410669,0.007711031590224875,0.9673332427468291
300,0.0076320520240559095,0.0022230276938198425,0.0003208173615477493,0.002945160564723201,0.9868789423558533
301,0.011362565088368071,0.003246546886749758,0.00018314947782691025,0.002802679059542929,0.9824050594875123
302,0.024672079489154106,0.0010983846337594171,1.3082958582733397e-05,0.004650122705030316,0.9695663302134734
303,0.01558750434960502,0.003933225811800355,0.000159041397113831,0.005726577043961152,0.9745936513975196
304,0.006774448439528068,0.002194534242058625,3.733572891829156e-05,0.004924343201573375,0.9860693383879217
305,0.06101260328320003,0.004846373144865457,3.948808063089319e-05,0.03138216896401932,0.9027193665272844
306,0.0468163762322999,0.005658627935787386,3.0453480742378775e-05,0.03444463301757809,0.9130499093335922
307,0.16001984459604807,0.01066280532124727,0.00015290264968018683,0.09602049761486608,0.7331439498181584
308,0.4779176457272483,0.04339649484412911,0.0004391162604652926,0.1289555948913352,0.34929114827682206
309,0.4651965490995147,0.028475486014687055,0.0002665307316433153,0.24618682824486005,0.259874605909295
310,0.4169514078221126,0.04596302461035389,0.00020339673716148791,0.28850180027890454,0.24838037055146744
311,0.3032902323380702,0.10335300781242544,0.0004946562077931639,0.38486277972025235,0.2079993239214588
312,0.1866897553549408,0.12824032432433832,0.00024554898776158346,0.6655005769426452,0.019323794390314057
313,0.23618026286731103,0.29719018770686007,0.000580845747905355,0.42355945638817893,0.04248924728974451
314,0.39601703915232633,0.18504320776796915,0.000556267278602356,0.3662064538588676,0.05217703194223453
315,0.18035506437814472,0.5167053296110716,0.0017460697338960065,0.2844001301779426,0.01679340609894508
316,0.37997909903241184,0.49156527002007616,0.001806937641129924,0.10041594750196149,0.026232745804420685
317,0.07409749746345452,0.9019204020982828,0.0022812056078887837,0.019838934844656955,0.0018619599857169812
318,0.013077482308633617,0.9793585126993365,0.0025008794337205596,0.004140386010245315,0.0009227395480641107
319,0.01923984195867716,0.941420186972431,0.020672670526629203,0.011863177066510923,0.006804123475751634
320,0.013040194092377971,0.9353394873201747,0.031207375160314854,0.012394837338348997,0.00801810608878357
321,0.028800554978817564,0.9469551927466393,0.012076870864328251,0.010264189670991877,0.0019031917392231031
322,0.06325513828424577,0.8984217679287917,0.02028795112032348,0.008303032390296462,0.009732110276342508
323,0.015275676198616878,0.8627459565268324,0.11204293937836328,0.0015459723095501336,0.008389455586637397
324,0.014793257513088135,0.8864630982686853,0.08897613230258655,0.0020764757998139646,0.007691036115826072
325,0.009761557288641195,0.8392222254067218,0.14678330601298173,0.0015612489164517048,0.0026716623752036555
326,0.020155642582714274,0.8750505924256115,0.09707269465281862,0.0016245832948784244,0.006096487043977315
327,0.019106429916481937,0.9059418935176561,0.06739007792726653,0.001971142798265141,0.005590455840330246
328,0.00740637543361929,0.7204170778878126,0.26771670336219244,0.0014555207674036418,0.0030043225489719584
329,0.010078215201740322,0.8256526696019837,0.15982662358763355,0.001730518541017873,0.0027119730676245595
330,0.0022432831784411564,0.5257367040016956,0.47025486493723995,0.00041915876496682815,0.0013459891176565901
331,0.01708061896173888,0.8409692146218282,0.13511573863681636,0.001885432412425329,0.004948995367191217
332,0.0022447568006759926,0.4725664927349263,0.5234424872296407,0.0005947941740938707,0.0011514690606631718
333,0.014717006204878109,0.8752681558569454,0.10492849552521652,0.00088160441849316,0.004204737994466864
334,0.021866176139952318,0.8740645104860831,0.1002778077290046,0.0006430931754078092,0.003148412469552261
335,0.01032887146839038,0.6915289099254206,0.29611936012071527,0.0003611746691878835,0.0016616838162858798
336,0.002397145081382526,0.538969664616822,0.4572821930592902,0.00021750278277873436,0.001133494459726595
337,0.0016578593320766158,0.5166887474112841,0.48066147477661375,0.00011205054776375737,0.0008798679322616088
338,0.004999351058068999,0.6109003173346563,0.381236249405018,0.0005275857928246294,0.0023364964094322012
339,0.0007555137488087872,0.2535949870311997,0.7451745774238613,8.871986873905072e-05,0.00038620192739106853
340,0.0027947804275720353,0.3215371919679192,0.6744771186471827,0.0001872787944359349,0.001003630162890083
341,0.0014423798361362004,0.45244899994199905,0.5452676490472188,0.00017186344160967205,0.0006691077330361682
342,0.0006717643046697777,0.1381458086817973,0.8606170640732249,0.00010446672736485528,0.00046089621294304506
343,0.0012888311293380314,0.3630469295532524,0.6347776386207247,0.00016121358900483249,0.0007253871076801471
344,0.00035605746609533313,0.11639678376250898,0.8829339266806774,7.255145514985364e-05,0.000240680635568465
345,0.0003989077007157277,0.17851332969238734,0.8204462097318209,0.00014336922276687595,0.0004981836523092069
346,0.0005171735118877646,0.22741419859179265,0.7714479020281337,0.00010711041405380219,0.0005136154541321033
347,0.0014043637324679032,0.34189994757197134,0.6554188608703644,0.00021850241231811252,0.0010583254128782042
348,0.0009215052250223913,0.16344032374162104,0.834812463796839,8.686894624764527e-05,0.0007388382902698221
349,0.0010766645868915286,0.28786153217201443,0.7097188488691966,0.00017970518118298702,0.00116324919071432
350,0.000734825890596492,0.20887865094944288,0.7895516365767565,9.738199335399262e-05,0.0007375045898500031
351,0.0005172769274774353,0.07700727599890707,0.9219937191744498,0.00012839231122693765,0.0003533355879388802
352,0.0008597211767139286,0.29438649065398154,0.703780934133621,0.00011512087790786127,0.0008577331577756189
353,0.0002900797523656566,0.059911763400132705,0.9394271225786384,0.00011119661785792697,0.0002598376510053105
354,0.0008297387084789317,0.15632124374339154,0.8420521956950899,7.027310336232992e-05,0.0007265487496773558
355,0.00027364851143422324,0.10508603825654138,0.8941742418975168,3.158777555225106e-05,0.0004344835589552206
356,0.00021864335551804542,0.08141773899981986,0.9180901199314048,4.4477988384111854e-05,0.00022901972487304753
357,0.0002499732616646589,0.10634854507827325,0.8930416288047103,3.8950961302268065e-05,0.0003209018940495647
358,0.0006403243541535561,0.2630400568355005,0.7351647545949702,0.0001650712427120244,0.0009897929726637627
359,0.0005011937158468181,0.1508790353193273,0.8479346436300023,0.00012335831094802986,0.0005617690238757031
360,0.0006968108267939438,0.17170887967171822,0.8268957963066376,8.745975299193592e-05,0.0006110534418583024
361,0.00043982707226539484,0.06186291338903578,0.9370112752618183,0.00018435700415889145,0.0005016272727216955
362,0.0005658145574699364,0.08260249112498047,0.9163839854244112,7.071297590791283e-05,0.00037699591723048474
363,0.0012422596730913065,0.2928271201249964,0.7043121727749689,0.000204676119541673,0.0014137713074017378
364,0.001058379921903149,0.13305421971560316,0.8649562861687298,0.00023411112208685292,0.0006970030716769078
365,0.0007705233215433136,0.15916217735154597,0.8393326368566009,0.0001354945151801811,0.0005991679551296914
366,0.0008289255734670061,0.19268665052865855,0.8056025050882732,0.0001860346588545175,0.0006958841507467676
367,0.0005915393648700407,0.1512724754326032,0.8474626074176838,0.000104919172104368,0.0005684586127385976
368,0.0008947533147829136,0.1032203006396584,0.8947685342598684,0.0002396315538637746,0.0008767802318265183
369,0.0006092548601047657,0.16521423470927993,0.833399151638407,0.00021679144066486685,0.0005605673515433376
370,0.001086999666984444,0.3089336256468314,0.6884128274598523,0.00021982749511546864,0.0013467197312165926
371,0.00046492787814895277,0.09135448820746449,0.9075771195680282,0.00015342382353475013,0.0004500405228237192
372,0.0037588813847842005,0.5592917495721313,0.43464014158430625,0.0004909848869374293,0.0018182425718409037
373,0.0004945154969545887,0.08082601317718946,0.9181135859751842,0.0002023544156771943,0.000363530934994493
374,0.0008566388860889418,0.14601740338568633,0.8522143288177467,0.0001405941054765362,0.0007710348050014062
