epoch,N1,N2,N3,R,W
0,0.03586743631530996,0.0014811454027773515,9.061939488178522e-41,0.00835164829812277,0.9542997699837898
1,0.003909058741545192,0.00028920439775548246,1.7651156432696757e-05,0.0009736598468596731,0.994810425857407
2,0.001747403738846948,0.00024375746241686727,2.052011039016076e-06,0.00029543154522822186,0.997711355242469
3,0.07438272365601001,0.005690349745944963,1.4707259057547446e-05,0.007742062126078098,0.9121701572129094
4,0.006148070005070214,0.0005286032879394131,2.110180103089752e-06,0.0013823275578282146,0.9919388889690591
5,0.00359887853671086,0.0006268325727379169,4.108651600516287e-06,0.0025826653999524193,0.9931875148389983
6,0.022495579780658182,0.003001461059412686,7.030224172166633e-06,0.010728203103859996,0.9637677258318971
7,0.046251625029672186,0.009396701456012164,1.7016385488991305e-05,0.019529205456941947,0.9248054516718847
8,0.05266544205905855,0.00602753761595248,6.865636536682889e-06,0.02587233737591881,0.9154278173125335
9,0.032922968928341984,0.0038659598591135862,4.528574699071361e-06,0.02372184907904871,0.9394846935587967
10,0.03976472595013912,0.00419253205151318,6.400773704447844e-06,0.027563307248567714,0.9284730339760756
11,0.011862430535197378,0.0010321091611292222,7.828699072480557e-06,0.002264458491976364,0.9848331731126245
12,0.03196805288008775,0.0016507067226372441,1.8748253428285306e-05,0.002018341861268723,0.964344150282578
13,0.09930380605655692,0.014166699108602878,3.281617133250202e-05,0.030397520441047755,0.8560991582224599
14,0.030622119875141646,0.0107104678491453,1.1095950844354361e-05,0.011310507391231612,0.9473458089336371
15,0.11410219655833058,0.04712876224229697,5.354912478661616e-05,0.1499765961311264,0.6887388959434595
16,0.19291583264048962,0.04901475480007178,4.5091427794619464e-05,0.08477055250125394,0.67325376863039
17,0.18246869523339643,0.10998950078727017,0.00021686712614885277,0.01696837716828522,0.6903565596848993
18,0.26256460982898944,0.14130451047623116,0.00018766228125067388,0.12400733718611803,0.4719358802274107
19,0.12445344090612344,0.14775320607450618,0.0011820708139867635,0.02870573236779893,0.6979055498375848
20,0.10135551325411304,0.16257706431817734,0.0027376599571593105,0.025288586627899512,0.7080411758426508
21,0.14579602960916704,0.5810971094664663,0.0015036218755717962,0.07366448156027461,0.19793875748852027
22,0.12697523537677316,0.2586071852549534,0.00031988457365030504,0.05514800453875587,0.5589496902558673
23,0.35771425230333137,0.29443184505104236,0.0001858654754713324,0.03995858978224454,0.30770944738791045
24,0.21003052533653108,0.5346260838492207,0.0016488255307767065,0.008796734035631946,0.2448978312478395
25,0.17264260161086034,0.6211633698336447,0.016084222637803305,0.01642799735770552,0.17368180855998602
26,0.11657427038857555,0.560367608269544,0.00798495748583232,0.02084523557731538,0.29422792827873273
27,0.20843508204209796,0.2930588261984642,2.6151394775410113e-05,0.15257122472405743,0.34590871564060505
28,0.3496203529084003,0.3599816120343372,0.0002794017260099927,0.12716522643761521,0.16295340689363735
29,0.18927268528355182,0.6977769742408022,0.007954248806610074,0.00953144468051128,0.09546464698852473
30,0.19555116894698665,0.5674611488930308,0.010237349057513398,0.008936621056222767,0.21781371204624622
31,0.2088037087698776,0.5634368370844443,0.00634607965196363,0.03263645983015515,0.18877691466355934
32,0.07593366628929155,0.779831072515496,0.011361246490012796,0.012910445875558044,0.11996356882964165
33,0.13119279515078885,0.6545740173900256,0.0031739605248317826,0.0566358110159891,0.1544234159183648
34,0.0360805851820443,0.8006178408562042,0.07439297439119769,0.014795460133060755,0.07411313943749306
35,0.0429871738851699,0.38028584901750623,0.01391364874322183,0.0216778416847103,0.5411354866693918
36,0.022640668837031596,0.15402518897066958,0.0038271896343538936,0.010987459504497251,0.8085194930534476
37,0.01023467105659244,0.03218250851113836,0.0001339428607540699,0.008577839469016321,0.9488710381024988
38,0.00210102879198769,0.00038233763597969616,2.1252708685264136e-06,0.002245908974970597,0.9952685993261935
39,0.0016071049171876486,0.0002476272696494703,1.8647917885338702e-06,0.0007043028633211115,0.9974391001580533
40,0.00376346294258704,0.0005102945227865918,1.0907127305833676e-05,0.000631564269724611,0.9950837711375959
41,0.01791397176886124,0.0013508941441513899,0.00030727924802978864,0.0011310443641390359,0.9792968104748186
42,0.0012151521549535781,0.00033566889134326874,2.8104389164564334e-06,0.00013354729081167493,0.998312821223975
43,0.007220494075496286,0.0006345900916156272,1.1749804444733107e-05,0.0004043255650787109,0.9917288404633646
44,0.016061422273540224,0.0013140750511360486,0.0002894206710464917,0.0005217519490196612,0.9818133300552575
45,0.005382687854077736,0.0004811989046555338,0.00016401183635088735,0.00021604052858898898,0.9937560608763268
46,0.0508712838264167,0.005805178050926588,1.3489239130701276e-05,0.001093680170949163,0.9422163687125767
47,0.008919437644442422,0.001712520213451775,5.242716137922577e-06,0.0004156692900211709,0.9889471301359466
48,0.033124575088279026,0.00196823036009998,8.269685826887186e-05,0.0008033393609320279,0.9640211583324201
49,0.011706247589040675,0.003087701444217717,1.4609375012290673e-05,0.0006230778750017993,0.9845683637167275
50,0.0022262988114149806,0.0011175435599464427,5.591328438479352e-05,0.0001094572791735494,0.9964907870650803
51,0.008395628041396506,0.0011606436299345458,2.4423044556085403e-06,0.0007015293456147507,0.9897397566785986
52,0.005974489180754057,0.003632210170193859,8.166486290699125e-05,0.0012719119721562092,0.989039723813989
53,0.002431635700702426,0.0010555830294087663,1.0389415682759684e-05,0.0005805795663191334,0.9959218122878868
54,0.0036218753504757037,0.0019579492312165373,3.88553501963569e-06,0.0006477399790494325,0.9937685499042386
55,0.005678718902630226,0.0009741791586884494,5.64332677549416e-06,0.0008082112253224147,0.9925332473865834
56,0.0033571283898102345,0.0007058875789499805,6.119478361941894e-06,0.00047293232543013755,0.9954579322274477
57,0.0018100003844421179,0.0006986779815717277,3.233724474545868e-05,0.00017503978745945766,0.9972839446017813
58,0.021414062577036833,0.002905692853345202,8.337165393784417e-06,0.00194814541454878,0.9737237619896755
59,0.0026969684312285933,0.0002280276633897478,3.3045758232598233e-06,0.00031872640691906726,0.9967529729226393
60,0.0019429499747192268,0.0003057281223180728,1.7190676879633896e-06,0.0005085631384796084,0.9972410396967951
61,0.003683790739356811,0.0006454764248481716,2.8354517343655864e-06,0.0007377222018263714,0.9949301751822341
62,0.01936243220256016,0.0010049503815037805,5.130455175955088e-06,0.002078121791908163,0.9775493651688518
63,0.005627269312862263,0.001462565547197206,7.342862536995729e-06,0.0012875857131266254,0.991615236564277
64,0.005274372822838854,0.0007502823799987901,6.182981376857641e-06,0.0017682583958294252,0.992200903419956
65,0.005584213540814603,0.0005135458161239489,2.1685623102456927e-06,0.001066157298524656,0.9928339147822265
66,0.00813095007266186,0.0009019435123967546,5.396610948660973e-06,0.0014745853285374185,0.9894871244754553
67,0.008758630536608964,0.001489325060409026,6.842656757414555e-06,0.0014783987382852753,0.9882668030079393
68,0.006025996423875731,0.0010180531963754752,1.470125285837269e-05,0.001261041523009276,0.9916802076038811
69,0.004156673599001019,0.001078663831121391,5.4021323101846405e-06,0.0018150243869689863,0.9929442360505984
70,0.010188793753725767,0.0011539440264874664,1.1258645038527947e-05,0.0018112789407989935,0.9868347246339493
71,0.0039071083949893315,0.0006392392725007671,1.089617978045917e-05,0.0026451668428234864,0.9927975893099058
72,0.031005854936554198,0.00283320727457464,1.0627883590764078e-05,0.006595705071120179,0.9595546048341602
73,0.012766542266377997,0.0028282970551327265,8.323477074501552e-06,0.0038107245780584,0.9805861126233564
74,0.040706013807810644,0.0027926480741948087,1.078912761274159e-05,0.012215716821544214,0.9442748321688376
75,0.05671399579955509,0.0038079433038175708,2.1110094850467137e-05,0.020102109707943867,0.919354841093833
76,0.013485919743611503,0.0006931919577231215,1.7214989962704766e-05,0.0031661630192936154,0.982637510289409
77,0.0024108747683857183,0.0004979682498450092,1.5580244528148208e-05,0.0023463005669755294,0.9947292761702655
78,0.0038789867782824676,0.0003488435355976161,2.990285670772083e-05,0.0007757289223260795,0.9949665379070861
79,0.012285355326663642,0.001210607101002641,7.740687172869179e-05,0.0019105811706860004,0.984516049529919
80,0.009930199774221318,0.0008168743167334299,4.817715919631275e-05,0.0006842561895365857,0.9885204925603123
81,0.003868728034195912,0.0005521634791613121,5.5117702727703116e-05,0.0007956438861055356,0.9947283468978096
82,0.006896815103985947,0.000480554366156412,3.22342040565661e-05,0.0006645491217104973,0.9919258472040905
83,0.012472897636588928,0.0015265990811776436,6.286576762881681e-05,0.004204266396193281,0.9817333711184114
84,0.0054435325387363915,0.0011650906097488763,4.623528903321708e-05,0.0017908757331908897,0.9915542658292906
85,0.012322886157972765,0.0023907840200932547,6.483311925801043e-05,0.005403878738626028,0.97981761796405
86,0.00902175291336299,0.0011631371068586854,3.4778682157197664e-05,0.0007111806574119977,0.9890691506402091
87,0.03440478886500734,0.008557494629272145,0.0002167104134492369,0.004788260959950125,0.9520327451323212
88,0.0633349340333187,0.03063342316058082,0.0003843579640852058,0.009453040729389368,0.8961942441126259
89,0.2251751336581541,0.09543730186614442,0.0007721294955561408,0.011731464197137617,0.6668839707830077
90,0.11926650760239484,0.04420046933059594,0.000362688886974773,0.028601537463616006,0.8075687967164185
91,0.0869676870454382,0.04198976731280422,0.00046208039420849844,0.010546110139401411,0.8600343551081476
92,0.47542628561849987,0.12866434362449308,0.004272584756405105,0.015365552915930444,0.3762712330846716
93,0.3255992226304467,0.4755875340071837,0.0122199428437674,0.07253032424400493,0.11406297627459715
94,0.17765240204465058,0.40070907517167875,0.0027570614797523926,0.34028704298006424,0.07859441832385385
95,0.18003797379012748,0.3451366079773514,0.00849306334463858,0.3472488171756989,0.11908353771218365
96,0.13933129144734172,0.45147570662511294,0.004917001527492648,0.2837387057574885,0.1205372946425641
97,0.10003464515981109,0.6277596992052668,0.02866785325306369,0.1303653066250939,0.11317249575676472
98,0.06358251117623503,0.279112384303825,0.003459483528031479,0.10167492856463263,0.5521706924272759
99,0.054549474477617405,0.5661726265299681,0.02479705936803031,0.1492044275479355,0.2052764120764488
100,0.03773304222562277,0.588711944486531,0.017212071700461306,0.09191401100411398,0.2644289305832708
101,0.08203888687142286,0.14680593656369853,0.0001773909099764471,0.25366631121155736,0.5173114744433449
102,0.104791369526148,0.16407705232786127,0.0007384315402975608,0.09699510155550882,0.6333980450501843
103,0.2075400652463013,0.1311526309766265,0.0013870291274549348,0.051397468468271694,0.6085228061813455
104,0.2530676955569914,0.16202003268730628,0.0006073432080774105,0.06563112957279642,0.5186737989748285
105,0.17350436685225387,0.255247109909124,0.005240348271985111,0.014663134430926088,0.551345040535711
106,0.18231295752938836,0.522813517004835,0.0037185368157728964,0.037466312440907736,0.253688676209096
107,0.19056064778847057,0.5714128099496597,0.005665405606493289,0.08878732204768491,0.14357381460769156
108,0.11869056893274108,0.7801438232431467,0.021789854925048254,0.022733971693636928,0.05664178120542712
109,0.060894761097588644,0.8671972382374759,0.012962119135833098,0.013133823223809545,0.0458120583052928
110,0.04631439100630284,0.8738276260695376,0.03088037789967543,0.01330663523956369,0.03567096978492063
111,0.06346492765885531,0.7382818772680315,0.02422075749433744,0.045664478010066144,0.1283679595687096
112,0.15018609175061526,0.7048761827082267,0.008200528535160314,0.0958047899651528,0.040932407040844915
113,0.13335939574679054,0.6725681743196992,0.0167180330130603,0.10271298888585818,0.07464140803459192
114,0.11373382685544063,0.6556926522026709,0.06612627113610939,0.07763702215718002,0.08681022764859894
115,0.20865932565483064,0.6822925902003111,0.05349178398998108,0.036563164186251364,0.018993135968625962
116,0.07302057338285278,0.8578994278422835,0.0264966168470678,0.01398518736050472,0.028598194567291235
117,0.04353866293816424,0.817476585585439,0.10999540243155141,0.01125518045066014,0.01773416859418525
118,0.16083288455267558,0.7117417645603901,0.03304964410105743,0.013383163708406857,0.08099254307746996
119,0.04185340399363766,0.8429700422766443,0.07670013903668725,0.003919273306675758,0.034557141386354844
120,0.06592042740629048,0.8128527583330533,0.0871967540283817,0.008476520916219803,0.025553539316054696
121,0.07631593532390124,0.7780607228912146,0.1176850171744726,0.006496415442320671,0.021441909168090936
122,0.05408605464756798,0.7777839922621567,0.12621827861354032,0.007403102911326341,0.03450857156540887
123,0.03854713303401822,0.7417516013654954,0.2068166971517083,0.006581897436162423,0.006302671012615738
124,0.023792393482392857,0.6506912406662372,0.3009065044194156,0.013807080628765596,0.010802780803188583
125,0.01627834875704236,0.6351581367309959,0.334518584134843,0.008918984348400912,0.0051259460287178
126,0.013933022988881076,0.6007637364238521,0.3726830003428926,0.004423258539974575,0.008196981704399873
127,0.044115288746482004,0.7376668026450119,0.18720327718220633,0.006570971111051524,0.02444366031524829
128,0.01433601637489829,0.6336921082059763,0.34778130158392395,0.0013062040566464248,0.002884369778555197
129,0.028288117890717158,0.6536881529668189,0.2968954029593953,0.004507268358282653,0.016621057824786043
130,0.04253554121027547,0.7252078851566544,0.18236568002185655,0.011529153622781249,0.03836173998843226
131,0.04010225852873142,0.6820946506486458,0.21088198342390588,0.03962730427070141,0.027293803128015593
132,0.022340405512336785,0.638181900532527,0.3186473331955211,0.01657391367216451,0.0042564470874506734
133,0.019937070095888677,0.6210001182077727,0.34668407372882587,0.004431505297838054,0.007947232669674818
134,0.05091741554907113,0.7314439054955627,0.18512556806391528,0.012117958751429368,0.02039515214002164
135,0.03249430540305796,0.6830573138026538,0.2674506468840041,0.005883379606022041,0.011114354304262296
136,0.01865853149233847,0.6717163463092996,0.2970724063032168,0.005881726163790233,0.006670989731355069
137,0.01735181689991136,0.6936547263879734,0.2669544483968982,0.008495263910370317,0.013543744404846752
138,0.017044293855626055,0.6278107184754168,0.34016678729566446,0.005938051609162917,0.009040148764129936
139,0.012543983468345237,0.6016234573921315,0.3710596723997542,0.008280937443536175,0.00649194929623285
140,0.009942782053278126,0.511405927480398,0.4696553027660542,0.004448751033734588,0.004547236666534949
141,0.009479376428923277,0.47866357377982294,0.5040529895619862,0.0037387545203027717,0.004065305708964789
142,0.011362614497233262,0.5685001913245535,0.40841423033010144,0.005039886375883175,0.00668307747222866
143,0.012634711454584313,0.6103055523805225,0.36708059367117823,0.0035982980745763297,0.006380844419138502
144,0.030075337652531245,0.7474315034216573,0.1808577315047529,0.004611362565263041,0.03702406485579554
145,0.015479265064625509,0.5591602758234384,0.42002780423422525,0.0020097980399223707,0.0033228568377882952
146,0.014570399628662365,0.5273258887195444,0.45438387316682416,0.0007105758306408008,0.0030092626543281914
147,0.006254525129304345,0.36964317783671286,0.61926405603253,0.001010281235211172,0.0038279597662417165
148,0.02020084678562065,0.577182234729795,0.3893693011538556,0.004324898417972145,0.008922718912756665
149,0.013537509161393228,0.4783148104908801,0.496755866083149,0.0028482437010378444,0.008543570563539795
150,0.008311263369990614,0.2554885098394118,0.7310309521435348,0.0024327030612650495,0.002736571585797834
151,0.0017921250348169324,0.1867900054734285,0.8091165765602034,0.0006879485311662815,0.0016133444003850232
152,0.002350761860014961,0.272344537866202,0.7213971769165016,0.0012331990078233404,0.002674324349458077
153,0.015506479068342655,0.4701410211726103,0.47834544267006845,0.007937135303770802,0.02806992178520778
154,0.0037173888749389653,0.2409440408457397,0.7520481813911671,0.001322181707983889,0.0019682071801702
155,0.00650331937553449,0.3035857102526644,0.6827476194597146,0.0024335947594264482,0.004729756152660206
156,0.011616493513633634,0.3484512405243781,0.6296690627256993,0.004206201593255159,0.0060570016430336856
157,0.010124556918218099,0.31638011940620514,0.6662667988663286,0.0037354987788587495,0.0034930260303894733
158,0.02001132709714245,0.48150279033722876,0.4829460394730939,0.006783662281602984,0.008756180810931973
159,0.01420496059304129,0.5014606849030838,0.4653897566545784,0.006662569684059818,0.012282028165236557
160,0.012096718814969551,0.42979403164466545,0.5465906576484992,0.004233948930334747,0.007284642961531073
161,0.007100457160416312,0.29518131458260755,0.6930216613996202,0.0019102993834406023,0.0027862674739152914
162,0.01228402296127088,0.37223954242755714,0.6032855363806437,0.005997948737577629,0.006192949492950712
163,0.0258342090626619,0.5219811932394259,0.4289403674269886,0.015880401360534892,0.007363828910388524
164,0.01136993453467473,0.45411877058118544,0.5260851097730664,0.004346509469989015,0.004079675641084317
165,0.011368357498235792,0.4902256177113745,0.49209893570208857,0.0031113886280881215,0.00319570046021294
166,0.02408288241258832,0.4939689410967904,0.4608990695447402,0.011577296611139477,0.009471810334741771
167,0.028358830715276062,0.4929111508373769,0.4481053503729458,0.022099892681435494,0.008524775392965787
168,0.009437586565520125,0.32983778700225075,0.6466189834990251,0.010684178463446393,0.003421464469757719
169,0.02467796241974813,0.415654432555107,0.5058051712660125,0.03892225597863817,0.014940177780494092
170,0.026076848629235528,0.46566111485892386,0.4622560046810373,0.035070813373675985,0.010935218457127516
171,0.07827751367568615,0.4601117593467134,0.3562099973280389,0.08612058616547137,0.0192801434840901
172,0.041307266467765565,0.11640689900155969,0.003744671686837979,0.037904100256287356,0.8006370625875495
173,0.2004929285123278,0.3398056394298798,0.05057106465309035,0.12663742218879262,0.2824929452159094
174,0.34126109684039646,0.3434144281819111,0.009934542224407674,0.06376957584199774,0.24162035691128717
175,0.40519869163322714,0.30906955569801386,0.009081125776164234,0.0331367341555738,0.24351389273702104
176,0.24024048988306893,0.5255952661342636,0.01546359371376983,0.05067959171474458,0.16802105855415306
177,0.08931739295053996,0.6346597094643175,0.04026919739087241,0.07201127446346993,0.16374242573080036
178,0.1496929727346255,0.6138973985144914,0.08501635154039942,0.04890130193555506,0.1024919752749284
179,0.08296922202166847,0.7849778008230041,0.03362613816792167,0.02853563687178927,0.06989120211561672
180,0.15299470947881333,0.5924379759012406,0.048157382047758795,0.03086344272770706,0.17554648984448018
181,0.0658194044668891,0.8180159701582898,0.06628958268322768,0.022586298160529237,0.027288744531064103
182,0.06976235841797124,0.8145927441498234,0.03628815860591516,0.01873340013897928,0.060623338687310804
183,0.10628409342733756,0.7358631354324743,0.035229068795664786,0.014956467970888877,0.10766723437363451
184,0.056292137469476124,0.8337844018290272,0.03993562445480963,0.012319450046701241,0.05766838619998585
185,0.1328342094186213,0.8063022468724952,0.04421459701801822,0.0046935323412333595,0.011955414349632194
186,0.1501018335508901,0.7735625293092392,0.022318445133995907,0.009954592339414635,0.044062599666460124
187,0.046913188915776574,0.8506455802802748,0.062360346233262726,0.010473723290099627,0.029607161280586106
188,0.09076877059168545,0.7826549754181734,0.0264142454806581,0.02386387511042737,0.07629813339905557
189,0.05466184317859164,0.8780457747053343,0.0484920103762548,0.010601687717463223,0.008198684022355967
190,0.02493512492439166,0.8605191597880798,0.07908068158362086,0.0184672555167127,0.016997778187195233
191,0.04191917848669964,0.8253916334099213,0.08560698871190024,0.022515758793838873,0.024566440597639874
192,0.07663566773222691,0.8200755783827716,0.05253318303453115,0.02527853044540829,0.025477040405062244
193,0.03565599741939346,0.8336179930014621,0.09380626550306602,0.022020979602044098,0.014898764474034421
194,0.024404441764339015,0.8455820099407891,0.1037110400063147,0.015234248787514048,0.01106825950104322
195,0.01087064678991889,0.788046994800663,0.18446830279327558,0.013762990798286039,0.002851064817856531
196,0.020029021120490705,0.8806097262534623,0.0700968280180244,0.01752175364141136,0.011742670966611057
197,0.03185215500210222,0.8241894050558295,0.1002935594278013,0.020332017840720088,0.02333286267354681
198,0.04465947726988098,0.8452991074970346,0.05241477156489695,0.01566715894711806,0.04195948472106952
199,0.016549072405267356,0.9063408640721523,0.06638268255841512,0.00625734767543722,0.004470033288727978
200,0.03005329924471139,0.8900877626169579,0.0671994436040409,0.0062995436265060505,0.0063599509077836335
201,0.02494468448945903,0.8964506280681442,0.05511129013989564,0.016667121870582845,0.006826275431918251
202,0.029214606336148564,0.85432084725477,0.08276214150352688,0.02265597213273907,0.011046432772815418
203,0.0428314108886373,0.7655819811247556,0.06131749644900945,0.11470302099562507,0.015566090541972681
204,0.025998375720763002,0.7968030747279662,0.023265980594150307,0.13285007167406643,0.02108249728305388
205,0.02001532549138317,0.818546608257585,0.09103323917452331,0.05218808916687872,0.018216737909629716
206,0.0189137422728687,0.837200736311533,0.06659469424103936,0.06223717785754653,0.015053649317012316
207,0.11709440182199442,0.5115245202429156,0.03464566515174261,0.12652464148590925,0.21021077129743793
208,0.2458665888480993,0.16603191430303263,0.0049279397154912315,0.11287061574523366,0.47030294138814305
209,0.2219207032340759,0.277829380259207,0.0033239993046044916,0.046363145680358736,0.45056277152175395
210,0.16742004609665356,0.7388976094218074,0.012209949050361057,0.026424314810328045,0.055048080620850044
211,0.1942204915340833,0.5928849521440938,0.03805536393457014,0.059848282362124076,0.1149909100251287
212,0.08146007230399635,0.7536532850758851,0.029666239120035305,0.04755175621839974,0.08766864728168336
213,0.09513399850723071,0.7935706936861185,0.04033411836444604,0.031542335241744456,0.03941885420046021
214,0.0317120677184496,0.8826373628987245,0.016811450583243,0.043668633609710225,0.025170485189872596
215,0.0767338091728825,0.7957904620698752,0.014145560565363115,0.028358475212685974,0.08497169297919321
216,0.07106203076647538,0.7056302571595415,0.03100050647176491,0.012486527864786691,0.17982067773743143
217,0.17267321352186651,0.7677314894219249,0.010593035089495587,0.02409642425649845,0.024905837710214544
218,0.05942881711720084,0.8946252784866746,0.02813978483634232,0.006575230195234456,0.011230889364547813
219,0.08042502063148012,0.6749093229302597,0.018823120452999095,0.011749246853713381,0.21409328913154768
220,0.08768901038419251,0.8513471794969356,0.01417717598517569,0.008812043219594994,0.037974590914101256
221,0.06365550306987118,0.8476833452176425,0.0141666236175302,0.011710415503680986,0.06278411259127523
222,0.13827422817299018,0.7614232789558624,0.003975795403011482,0.024219311606924032,0.07210738586121207
223,0.172321898050891,0.7224200001007324,0.03678790361962804,0.01875708470501755,0.049713113523730965
224,0.16078092731612698,0.689359505172422,0.019732106556927406,0.04266855513304454,0.08745890582147928
225,0.0909635280068391,0.8505887994206469,0.042023579612742584,0.008690638088704124,0.007733454871067316
226,0.1373980563143482,0.7063676434359369,0.026229671436023942,0.04167901241298642,0.08832561640070456
227,0.06127722234334643,0.8362731285790327,0.06650896445148466,0.023366897918926183,0.012573786707210134
228,0.09517436271177934,0.6784492027879402,0.027586411572150447,0.0716806042107105,0.12710941871741957
229,0.21442721499506068,0.6679760267929103,0.02566393069759037,0.05066891421667979,0.04126391329775884
230,0.05537748433890613,0.8630375587327402,0.012466578428925396,0.01843765735308464,0.050680721146343664
231,0.0516139510986647,0.8654206432725345,0.04641723098788111,0.018084182458358824,0.018463992182560864
232,0.2142256888936355,0.5505283102945246,0.009938852700981275,0.078505940947095,0.1468012071637637
233,0.05687540683093187,0.5562639314193941,0.005996401758450482,0.11558513920957539,0.2652791207816481
234,0.16221399680518067,0.40366433546981323,0.0006198360219361403,0.4000669039522658,0.033434927750804186
235,0.13138176103121263,0.21830412409710434,0.028131314949716574,0.08084423870880109,0.5413385612131654
236,0.27582143343767695,0.20409473515736098,0.00492004039359316,0.09895592895350196,0.41620786205786703
237,0.2749626021503195,0.20628839220943004,0.00301980623135352,0.36332358002425835,0.15240561938463865
238,0.09432419620599473,0.11524971516086721,0.006673222377799076,0.14062325544212034,0.6431296108132187
239,0.19326033111241298,0.2917075366875006,0.004873150234833235,0.25140934699664164,0.2587496349686116
240,0.22441728657462395,0.27546228731301814,0.01370821550293404,0.1485147558866104,0.3378974547228136
241,0.18489874225769015,0.2791238271546598,0.005255951089752113,0.28101448950695335,0.24970698999094457
242,0.10902403739984172,0.25426670269207124,0.0024494701144696976,0.304715969233338,0.3295438205602793
243,0.041693916652869124,0.04902143973014858,0.003506961528053802,0.10215248112388516,0.8036252009650434
244,0.21810346663395944,0.2814557220273695,0.003986104317296362,0.08502215050105145,0.41143255652032323
245,0.19180534199430416,0.1611990918685827,0.0020141443519368454,0.1398952679996624,0.5050861537855138
246,0.2797050651877887,0.18135400231027082,0.003587920998637451,0.33344981640552684,0.20190319509777616
247,0.20126753435657413,0.3295827393248477,0.0032067685873645433,0.3801359079309556,0.08580704980025794
248,0.12108165662072007,0.30539206345722114,0.0038068440120194707,0.5175047123996794,0.05221472351035989
249,0.11672876712151022,0.3472567645262321,0.005984217184923899,0.3901884232971386,0.13984182787019528
250,0.11090484902206486,0.14304504870475182,0.0004955011082622994,0.6885319064376957,0.05702269472722547
251,0.15280076240952156,0.20090722254349477,0.0008044052117663522,0.37271317018240646,0.2727744396528108
252,0.28966279893450686,0.29604631466296355,0.002362401001251256,0.32971535746232733,0.08221312793895089
253,0.14596878936645794,0.28021812154825243,0.004817446574193287,0.3973308271975883,0.17166481531350816
254,0.1581607200453588,0.20251283991952052,0.004376750011526648,0.41068232599432025,0.2242673640292738
255,0.1066430518379227,0.14474887682876053,0.005873431615282538,0.31708290413177026,0.42565173558626385
256,0.15573480158004052,0.22598468440571906,0.004363507164373075,0.3949724154076233,0.21894459144224396
257,0.11644962329511514,0.1721010994832504,0.0015136202058392788,0.32897248062225853,0.3809631763935367
258,0.1439516503733658,0.2708483152638903,0.009087573419474236,0.1685106182255277,0.407601842717742
259,0.08410615987298842,0.06664700802117579,0.013067210334405764,0.09312359003854544,0.7430560317328846
260,0.18087927965006081,0.10408410160571499,0.003999013405932398,0.2312991803036928,0.47973842503459896
261,0.46554110093037276,0.12539737102632045,0.0020213939529916754,0.28882702627521645,0.11821310781509878
262,0.15205408348187383,0.09251270702424796,0.0010791475514229894,0.7015806324424502,0.052773429500005097
263,0.13565745823886383,0.2216496521672442,0.0009730270974383558,0.542511856902429,0.09920800559402461
264,0.12297936475636694,0.23204210597482863,0.0021531127603058456,0.4464728462130936,0.19635257029540507
265,0.11984036805937685,0.10947198184019556,0.0011334757517593224,0.2971912809983628,0.4723628933503055
266,0.28252957355926084,0.09236853450616556,0.0007112385890303576,0.4542725493609573,0.1701181039845859
267,0.13034659270463084,0.16382285247940037,0.0010607034206662302,0.6159140732466672,0.0888557781486353
268,0.2710426804207515,0.08336347467674157,0.002906642538217377,0.22409234505149248,0.41859485731279705
269,0.14625483273425594,0.09248586172811137,0.0003421009293878717,0.7375683941814605,0.023348810426784265
270,0.10299054593425126,0.09969005592809313,0.0009265439880200213,0.7688407457148739,0.027552108434761566
271,0.0780987775624873,0.078935006168343,0.0005367292319985385,0.8277736815065382,0.01465580553063312
272,0.06994084596323953,0.09934721601000943,0.0005674098249144809,0.8057713005335138,0.024373227668322707
273,0.1019373841992805,0.12373681803741066,0.00265661421170191,0.5379071603669939,0.2337620231846129
274,0.15871746895712951,0.05551348076480732,0.0003885866589214846,0.6604314507433552,0.12494901287578655
275,0.17319287052667592,0.15300732777311926,0.001688956303141012,0.4727180395903258,0.19939280580673782
276,0.2187010200759333,0.06054457722289014,0.0003765400574430514,0.699419344377484,0.02095851826624959
277,0.17579866183447973,0.0872033509050632,0.0006427998518011585,0.7101886411063424,0.026166546302313517
278,0.08620996671586134,0.0696204334017575,0.000854189499127987,0.3497422397374127,0.49357317064584055
279,0.1431903441872192,0.26536131129458684,0.0008046397363029117,0.49630319829269925,0.09434050648919186
280,0.20649244212499676,0.37193142140404456,0.0029124659622827244,0.342652706529058,0.07601096397961787
281,0.0954160426819301,0.5082010381885269,0.007734204078235956,0.19230161063723286,0.1963471044140742
282,0.10099367884778665,0.10058270422597018,0.05626694110552601,0.5055438552878253,0.23661282053289187
283,0.14019214364501636,0.22180502616687225,0.0015616043434248674,0.18413916614124065,0.45230205970344584
284,0.16500606839836274,0.5667889267106111,0.007319882492743501,0.0913484995549927,0.1695366228432899
285,0.039471778818468646,0.04572110560128252,0.0010331090857649133,0.010993598651161996,0.9027804078433218
286,0.2604079718043258,0.5528947708084084,0.00456859816379662,0.04169451669392154,0.14043414252954778
287,0.27356263452454943,0.31251181188029364,0.0035106667291967125,0.05306532772117282,0.35734955914478744
288,0.12160813078186693,0.7762144515452206,0.0026023979852526622,0.020521579619542412,0.07905344006811738
289,0.0918402805819465,0.7943940439383761,0.005742784954659302,0.026101902863225904,0.08192098766179241
290,0.19592227570329857,0.5525676256910282,0.04196940078277972,0.032697709365812254,0.1768429884570811
291,0.2240218498473918,0.3525488804091822,0.005822770424065562,0.0726289324832465,0.344977566836114
292,0.13926534442777863,0.41566986389942323,0.007875342807546766,0.028576834837469145,0.4086126140277823
293,0.12771274197107382,0.7223454383244122,0.03211282462621326,0.015078202085175645,0.10275079299312512
294,0.15956962014243017,0.6737632659857,0.050622470159787866,0.014780322013836224,0.10126432169824559
295,0.23596805055655487,0.585175096960196,0.05274790328822516,0.033070662253662265,0.09303828694136178
296,0.1110866284679373,0.5299717712625266,0.03969620975018068,0.03542420896066717,0.28382118155868835
297,0.18419573184073956,0.5932974610008475,0.03643315443900249,0.034953276009182264,0.15112037671022818
298,0.08941721698868071,0.47294079999279726,0.025578234290381203,0.01773831347704314,0.3943254352510978
299,0.02562002305978389,0.04378599036018166,0.013063506016855441,0.005069151121817075,0.912461329441362
300,0.26538589420072684,0.3881941373538872,0.026201980643146536,0.012525708183678212,0.30769227961856127
301,0.1332443286963627,0.7412038536428862,0.032720507206285755,0.010457539830292998,0.0823737706241723
302,0.1330452575384433,0.7136617793273133,0.018389706806347963,0.00983180881480627,0.1250714475130892
303,0.018598168280727398,0.9267555456273003,0.02768249551756172,0.0039847447498423325,0.02297904582456831
304,0.13534703943333654,0.8132799748147207,0.03861923372480302,0.006537565991853585,0.006216186035286202
305,0.033554744257360554,0.8733587647959724,0.03210216453629137,0.01006840960219038,0.05091591680818518
306,0.06868526959397202,0.8432683800214991,0.0348268476624896,0.011060305114441844,0.042159197607597405
307,0.05565800731329702,0.8608395270267315,0.0710459329022642,0.004519265767575353,0.007937266990132062
308,0.06121999542607576,0.8002990147215652,0.09472158793249842,0.0068839395639411225,0.036875462355919604
309,0.03414072907532517,0.7090331250616769,0.235986351351312,0.004004871966391084,0.01683492254529489
310,0.05950007274060871,0.7097479524951469,0.12456465776836742,0.004753083847009907,0.10143423314886713
311,0.02890193038181282,0.7924844481587164,0.16635558783636673,0.0019295697235900077,0.010328463899514036
312,0.0384116760023332,0.7571739804447818,0.19333766867583668,0.0019643354989629792,0.009112339378085418
313,0.06847185504828188,0.6092046894451244,0.28903352307473035,0.0036542386937814873,0.02963569373808186
314,0.07156215532525391,0.6156580582344051,0.2926175608195004,0.0028019716665201953,0.017360253954320348
315,0.10287875103215194,0.6030275254969181,0.20810330436370028,0.0064123549325541835,0.07957806417467549
316,0.05421639798381301,0.727026123923221,0.12246545917910748,0.003949530146575623,0.09234248876728292
317,0.26726035059383624,0.5418836923875588,0.1268102941522689,0.005399287063066429,0.05864637580326944
318,0.12142628844304804,0.5074425227472877,0.3539990973596296,0.0031324684039396693,0.013999623046094888
319,0.15919835839740132,0.4775729688259906,0.23250887598357592,0.017479754821535243,0.11324004197149688
320,0.09380691615306584,0.4188191947244553,0.4356291471660276,0.0039658285435953625,0.04777891341285584
321,0.02073030499549076,0.25866789258544526,0.7044712445518581,0.0022772618963895104,0.013853295970816358
322,0.012160386529177798,0.11707986459781165,0.8605022538685856,0.0020033708260517808,0.008254124178373231
323,0.02172983048569247,0.2199639036041675,0.7336664374176051,0.00447939399859762,0.020160434493937462
324,0.0355215646723195,0.25444958421992586,0.6876233883951761,0.006679529594666682,0.015725933117911765
325,0.00329669574626587,0.061545234598620505,0.9311713539068456,0.0012853671810605163,0.0027013485672074673
326,0.006336468516927158,0.10698765332490716,0.8793852325971876,0.0025924143170872366,0.004698231243890843
327,0.03409673680158547,0.37851685873989493,0.5551194968398272,0.010172236013315185,0.02209467160537724
328,0.0026353113374569795,0.07841422153801957,0.9151027334681491,0.0006270915438962994,0.0032206421124780804
329,0.005134818689315555,0.0907715802013647,0.9001573562668844,0.0014214547286343971,0.002514790113800744
330,0.01915018713846715,0.193905877182648,0.7771210916857381,0.0020045747360226086,0.007818269257124248
331,0.06778720841027341,0.48460930624707793,0.23982850224200875,0.005888745809526344,0.2018862372911134
332,0.022335601433525445,0.6206985186056502,0.341242312474516,0.004065963477089893,0.011657604009218461
333,0.04919133450322468,0.4292812864013425,0.5061303976950821,0.0035110548738388615,0.01188592652651181
334,0.05880099916083773,0.5023247881705906,0.34227468378601617,0.012384203879333948,0.08421532500322143
335,0.026326242655648834,0.303761887255749,0.638581901693156,0.005513429471742949,0.025816538923703298
336,0.07205635601533046,0.431030205135553,0.45191150030321103,0.008271534910830556,0.036730403635074786
337,0.1217205429318396,0.46911879146606356,0.21730817789641876,0.029804094015004296,0.16204839369067373
338,0.11184142897952691,0.2684295972112965,0.5020257817371,0.015759292736354083,0.10194389933572251
339,0.07781406886277231,0.3794269578581485,0.4087263351998371,0.020713731768160833,0.11331890631108107
340,0.04232891970207645,0.35330048339943615,0.5358987655609374,0.011405742400810801,0.0570660889367392
341,0.13159673109514441,0.31365843763155604,0.5040644596326314,0.015107280015506448,0.03557309162516174
342,0.032792198056940995,0.16808301334808862,0.7873167010204662,0.0028039576524490984,0.009004129922055081
343,0.10846352436983832,0.4316690414830964,0.42239569166176044,0.01657922128193719,0.020892521203367532
344,0.03847905796628912,0.30317579500644104,0.6395743475388465,0.00542395916775647,0.013346840320666882
345,0.0058807749747884054,0.1318774253168302,0.8547536411845299,0.002013962823519241,0.005474195700332148
346,0.008808201390005738,0.14624724542300074,0.8288820776231466,0.006995544401647637,0.009066931162199303
347,0.0019912983499756815,0.0691089198957891,0.9236830899988246,0.001570512408472767,0.0036461793469380267
348,0.0006554777334229735,0.06836826484520311,0.9274330965097435,0.0010874445276426849,0.0024557163839877705
349,0.0009553661470888646,0.05777152736885093,0.9362755373946281,0.001180460573334909,0.003817108516096959
350,0.007016127524445713,0.3649844515395864,0.6164391410004482,0.00485533640381768,0.006704943531702092
351,0.0023581134401687914,0.1025633700443301,0.8916140995800125,0.0009532690846625483,0.002511147850826052
352,0.0029595698870633455,0.13595481595169445,0.8554845614827096,0.0020755844842641814,0.003525468194268389
353,0.010829328359929126,0.29474788562617454,0.6888886285511112,0.0021516226460347606,0.0033825348167503106
354,0.0009712303495151648,0.09442654482307618,0.9017306927882605,0.001049242419790219,0.001822289619358145
355,0.008036769002523031,0.3040095286332601,0.6803477397995248,0.0031408687807589217,0.004465093783933177
356,0.003830515150045974,0.2015566991439696,0.7896262860088714,0.0019124205155243942,0.003074079181588733
357,0.0033676130252706603,0.19050149993506088,0.8033554101892433,0.001317775340514089,0.0014577015099110106
358,0.015549325051615293,0.4620520754678818,0.5080471982848246,0.005347130707762106,0.009004270487916305
359,0.015488488736925845,0.3963664740394127,0.567224303706257,0.0061042879825948726,0.014816445534809423
360,0.0019213202743094985,0.10799462128811692,0.8825390905214127,0.0018064008187221015,0.005738567097438657
361,0.0009648608139210793,0.06700610256005524,0.9286562613790783,0.0009260481962926732,0.0024467270506526176
362,0.0010949946778795448,0.11786128889817554,0.8787872843783713,0.0005706760273778708,0.0016857560181957987
363,0.004439962658257778,0.1377778705884491,0.8511047402174134,0.0029093285836220718,0.003768097952257762
364,0.0005640113567832216,0.07382338565309304,0.923268008661011,0.0006678172119579473,0.0016767771171548387
365,0.0022532100642174823,0.09510547991155946,0.8978309727823351,0.0018138655391201296,0.0029964717027679546
366,0.012038327837424614,0.2081961945383624,0.7605866398324415,0.008391625153658766,0.010787212638112829
367,0.00744881031437343,0.09765481685986528,0.888338460391308,0.0026425767721161325,0.00391533566233701
368,0.0035086882552553714,0.07602273236867164,0.9177173385954854,0.0008473896604784738,0.0019038511201092349
369,0.004165920964832714,0.08790218627812718,0.9030671732805273,0.002023302497131928,0.002841416979380927
370,0.005520004494273805,0.24645721811091612,0.7336678007134941,0.003117794684027748,0.011237181997288155
371,0.01124719358017903,0.45592860330415924,0.5164107471961331,0.004193284639574043,0.012220171279954603
372,0.0771634850269296,0.5993256323918407,0.3069470151550473,0.0031550580304860044,0.013408809395696497
373,0.13231735673157302,0.4865354904476778,0.3656512784089759,0.006025571708868219,0.009470302702905088
374,0.1139848466651632,0.5056417395522715,0.35845544685933284,0.006841404236211656,0.015076562687020692
375,0.03254546199352886,0.24607018745190337,0.70645094292922,0.00587215121647999,0.009061256408867947
376,0.35256545139084244,0.41324579239324244,0.1077094762857293,0.011899967584948917,0.11457931234523713
377,0.09852434818154318,0.47466280415290873,0.39913360460275915,0.006674245772245867,0.02100499729054294
378,0.1106024656913728,0.32637651730161044,0.5352890344641904,0.006252324627102918,0.02147965791572347
379,0.17739656159348577,0.31511294676771123,0.4513890097470561,0.008619526003447736,0.04748195588829915
