epoch,N1,N2,N3,R,W
0,0.0006990885329921729,0.0001541035130817828,3.277653879076714e-07,0.00011757066516940454,0.9990289095233688
1,0.0018212068629514543,7.852968222671205e-05,3.226192528691308e-07,0.00010722797380510618,0.9979927128617638
2,0.004316758545074084,0.0001325102806063298,3.3773914095153755e-07,0.000145746913037782,0.9954046465221409
3,0.015453449303810067,0.00023427591319649446,1.2597712461844684e-06,0.00016779799230534753,0.9841432170194419
4,0.003854322974630799,0.00048223452176227976,5.2277704168409025e-06,0.00019861479406613504,0.995459599939124
5,0.0036018079072673184,0.00032045357914995304,5.552296525811393e-06,0.00015625661277052138,0.9959159296042863
6,0.03536304653497846,0.0011864641610322094,5.46681301698992e-06,0.0007497973229541781,0.9626952251680182
7,0.0812754169215504,0.003907747167944993,4.206454287255492e-06,0.0015999861362543091,0.9132126433199631
8,0.22676791892446696,0.024701333559597787,2.7486268708640886e-05,0.0078113514799099636,0.7406919097673167
9,0.05209222052417621,0.0032331992272607497,5.012563153686336e-06,0.0019537979420044646,0.9427157697434049
10,0.005740892960491445,0.0009248417572587455,3.3993171805645986e-06,0.0004267341556368131,0.9929041318094325
11,0.0869932474041013,0.0038115206330886367,6.060067392490495e-06,0.002323264756511025,0.9068659071389065
12,0.06881596733235801,0.008012059330269612,2.473572180524391e-05,0.001713690927222162,0.921433546688345
13,0.00877587595742471,0.0018376522992812386,1.9997436147271492e-05,0.0005899042762381112,0.9887765700309086
14,0.017679987861255995,0.00262585079263578,6.8172399162841585e-06,0.0006363768222358156,0.9790509672839561
15,0.02412578070466528,0.0018968757604569519,5.556066857130682e-06,0.0019692799694025595,0.9720025074986182
16,0.002229322139554039,0.0003643493061367373,1.4787914926062443e-06,0.0004091606243507924,0.9969956891384657
17,0.06525543924640803,0.004029962121119725,2.0347537332333664e-05,0.0026372997957279038,0.928056951299412
18,0.017552234100492534,0.0007415550186862304,6.290456496752996e-06,0.0012752681086966684,0.9804246523156278
19,0.09642099778238741,0.0039805050962025456,1.0829143481336044e-05,0.003796605897511588,0.895791062080417
20,0.004695454744784355,0.0002566038303578234,2.3539232117712617e-06,0.0006559555617875644,0.9943896319398585
21,0.0421240301669272,0.0007972400375527596,4.74071222719187e-06,0.0013242420013206842,0.9557497470819721
22,0.0038513434162812314,0.0005000692621215693,4.193440165469275e-06,0.0003997357004524105,0.9952446581809794
23,0.013981108818958182,0.0004950734218498606,4.37596104232055e-06,0.000559870857969839,0.9849595709401798
24,0.04973516291911573,0.003277251841537637,1.3559152324616438e-05,0.002491247383330778,0.9444827787036912
25,0.05382937410539642,0.0050142484425719,1.9020145509265757e-05,0.003718105893947788,0.9374192514125747
26,0.010445207251774547,0.0007670413892611226,8.89304549098242e-06,0.001361848077242905,0.9874170102362304
27,0.056497364054876535,0.003964269100709209,1.8373366086325905e-05,0.002903990516009052,0.936616002962319
28,0.018822516072856458,0.0020915273476863508,1.601746431047523e-05,0.0011650327607103978,0.9779049063544363
29,0.0502274677764369,0.0008495504625355925,1.4734607338223392e-05,0.0017147141576289143,0.9471935329960604
30,0.030117464533053834,0.002228073954855191,9.911622776443304e-06,0.0011392319572394788,0.966505317932075
31,0.0725338728285733,0.006201692066355691,4.132586466267825e-05,0.0022627312416034634,0.9189603779988048
32,0.003810495539360661,0.0006196041173043339,8.631422760568148e-06,0.0001893700636029375,0.9953718988569715
33,0.007555072557328589,0.0006619491471880185,5.1526026009323255e-06,0.0005211467664635162,0.991256678926419
34,0.013746804923813492,0.0019471367172526751,0.0001213491611759679,0.0002256545951317251,0.9839590546026261
35,0.10919928579537637,0.00348631384882242,0.00010107019287339349,0.0002727580066333889,0.8869405721562945
36,0.013136505322527168,0.0009226183901736502,0.00030449355318832645,8.053652593390815e-05,0.9855558462081769
37,0.18819297703638305,0.005018677959467084,0.001008535610048633,0.0002955312401193397,0.8054842781539819
38,0.02405880965969545,0.002555027126271026,0.0006847737208817558,8.779074485268257e-05,0.9726135987482991
39,0.18006094963325692,0.012992423714747566,0.0005908210023856798,0.00041154323055232154,0.8059442624190575
40,0.16912321727114027,0.011460297487908586,0.001149581607431492,0.00036550966922369705,0.817901393964296
41,0.15360756557206826,0.017902917762851696,0.002433326145138097,0.0005230536830114341,0.8255331368369305
42,0.3736926871816328,0.036362668854571546,0.00723835966494828,0.001019905043736504,0.5816863792551109
43,0.0724707596394327,0.0220552677241898,0.003947880985447799,0.0007642407840135888,0.9007618508669162
44,0.08892835852535291,0.02503368681021009,0.0028497009495481113,0.0012024616435599169,0.8819857920713289
45,0.11533149534282999,0.04828200717438193,0.0038256847635474043,0.0017620291254467077,0.830798783593794
46,0.03618270163105755,0.03699244090624913,0.007283397553323667,0.0012239246289489317,0.9183175352804207
47,0.18944754942913497,0.48928641216059143,0.10846613898049733,0.004240693058623535,0.20855920637115274
48,0.16666523581988085,0.10546988142073171,0.011556106192085542,0.0023313032235327508,0.7139774733437692
49,0.20852014609715938,0.15667699892851186,0.02015414537934256,0.0033716166246611765,0.6112770929703251
50,0.1783166797516799,0.19454758839293412,0.03196809567777816,0.005228733711029064,0.5899389024665788
51,0.09550449719834524,0.5100368820794965,0.1612633860313261,0.002980499339338478,0.23021473535149378
52,0.01889211939782007,0.015722293658915167,0.0006880121944611475,0.0005442182683518337,0.9641533564804519
53,0.16506527196132093,0.040672365372063396,0.0013483603064473881,0.0012699595667352145,0.7916440427934329
54,0.30158126576540367,0.07085992091655582,0.002487557395907698,0.0012801964879954738,0.6237910594341373
55,0.43151558455232797,0.19772410712447847,0.00996912485125435,0.0017507666474535612,0.35904041682448573
56,0.3552136592524759,0.2066811020202686,0.013399408212481109,0.002205740371293462,0.4225000901434811
57,0.49755239994538353,0.33441004105659217,0.011175785242646926,0.0026974625256757432,0.15416431122970164
58,0.10888804134045636,0.7716980780712583,0.03866843739918348,0.0028324406740383324,0.07791300251506338
59,0.20340314767059703,0.4079052204181619,0.014386854741546514,0.0028408936306152975,0.3714638835390793
60,0.5577755588192852,0.22299278602581674,0.008883299307219409,0.001387650116177596,0.20896070573150102
61,0.28902086761713996,0.5068794268938767,0.02676327266312667,0.0028439119377676463,0.1744925208880891
62,0.4583388856400627,0.4151203614116498,0.0410974189547758,0.0026006146093313417,0.0828427193841803
63,0.15425234696060672,0.6732947588478341,0.10462651481509294,0.0028793426838041435,0.064947036692662
64,0.20055586437159967,0.5733849844996022,0.05498446576208954,0.0050797463269030355,0.16599493903980556
65,0.10868114945059147,0.729811085084016,0.12193682660492129,0.002629232425403929,0.03694170643506723
66,0.1850659923825988,0.5791525973565389,0.026343272246471663,0.005827432096793013,0.20361070591759778
67,0.19025973516816544,0.6466927262637434,0.09308755363052355,0.004430887682919698,0.06552909725464799
68,0.25805504531968443,0.5327924460110108,0.08192799237256447,0.0037563930440210197,0.1234681232527191
69,0.0573178639527738,0.7746823159248925,0.10341827731708535,0.0027356689513771543,0.06184587385387127
70,0.029237398797476742,0.6987383040607023,0.16993155545853453,0.002025785294485821,0.10006695638880073
71,0.07086804808516516,0.7883926058018115,0.08650273831362609,0.0017790601334211804,0.05245754766597601
72,0.05318162454316468,0.8197553498689292,0.07901989896853157,0.0020818727042362047,0.04596125391513831
73,0.010281267990451943,0.4208965052732056,0.5401042611876062,0.0008324998534875791,0.02788546569524861
74,0.07396849335105522,0.6906370561992831,0.14243370717337883,0.0017479985036840543,0.09121274477259875
75,0.009292428386224367,0.5176617418020967,0.43355746823043734,0.0010634779808786673,0.0384248836003629
76,0.02778873433741326,0.7039521993560908,0.2278456875811197,0.002300131618183686,0.03811324710719244
77,0.029415409134993766,0.598977634174801,0.3299764796779514,0.0015602468614804746,0.04007023015077338
78,0.026020499542240727,0.7377980526631612,0.21349911387328488,0.0009862424612568721,0.021696091460056324
79,0.031437551443680774,0.4735123843804542,0.45244494499786897,0.0012897584551315904,0.0413153607228646
80,0.003895968578204507,0.41285400704606084,0.5704379109824403,0.0002614692221163707,0.012550644171177969
81,0.013368212572642495,0.49902350230759795,0.4665650367961725,0.0006249904952478756,0.020418257828339156
82,0.0051443265248844105,0.2740707600109808,0.7107082721838412,0.0004002514212522557,0.009676389859041328
83,0.024675643179358477,0.4803340933238249,0.47618710540610426,0.00042590879823430354,0.018377249292478085
84,0.003647923769540535,0.23503669968595378,0.7545966945807063,0.0002746372247972459,0.006444044739002298
85,0.0031409417040865295,0.45743783539244137,0.5323698836762368,0.0002816493948050207,0.00676968983243028
86,0.003008972739406753,0.26846131544579915,0.723208237484753,0.0001639930702398808,0.005157481259801089
87,0.0045739071876889,0.3278196587722259,0.6543326011839969,0.0005117940476464874,0.012762038808441721
88,0.013259275253694752,0.42868761097865793,0.5453673825887145,0.0006488493878165968,0.01203688179111619
89,0.025022098144518164,0.3810857349199278,0.5749022894747385,0.0005739104885038985,0.018415966972311657
90,0.007628431975493853,0.41802027484131216,0.5571522345893463,0.0008674751690135327,0.01633158342483414
91,0.004897136033737577,0.22742164840561271,0.7608708093494126,0.00021317585718246356,0.006597230354054577
92,0.002041590407244178,0.07825961769573248,0.9167660574870079,5.759008534640305e-05,0.002875144324669088
93,0.02531239202788495,0.3344690419297355,0.6246146514812629,0.0007996602544995717,0.014804254306616969
94,0.003336814255824186,0.18361290469238728,0.8072916688318023,0.00015398727826049417,0.005604624941725872
95,0.00590066145079961,0.12714940091983618,0.8508120762561489,0.0004094703056013252,0.015728391067614072
96,0.021710299517649523,0.645837410308735,0.31364003157692616,0.0012394253575489956,0.01757283323914037
97,0.0032341116013822986,0.20247089832269624,0.7866326592396354,0.00025274750444191814,0.007409583331844026
98,0.005411833357382079,0.2550418136597289,0.7342332846606365,0.000272680670642938,0.0050403876516096485
99,0.015661758895863492,0.2815567084874948,0.6950498556820449,0.0006367096485581079,0.0070949672860385685
100,0.01200562296684439,0.2372844838341376,0.7330681384793865,0.0015821406194388632,0.016059614100192583
101,0.0406358171839602,0.6705787154668116,0.23685153059622127,0.0025674914552861394,0.049366445297720773
102,0.08137975366147006,0.6420261643925835,0.2164245471564322,0.0027841546831003437,0.05738538010641411
103,0.037932880245160144,0.8027675751970624,0.1009185590424503,0.00436218760048762,0.05401879791483953
104,0.045752212857873474,0.8878274717599064,0.04602172506887652,0.0022566741252144197,0.01814191618812919
105,0.02177603150264589,0.60526862984463,0.353719942854121,0.0012760605791440598,0.017959335219459
106,0.017504373183417618,0.607212588736021,0.3594931207129402,0.0010256252487770847,0.014764292118844134
107,0.09121315544016177,0.6757691863525958,0.14172581802301865,0.0019927566708927862,0.08929908351333109
108,0.025850149112085427,0.8731522100562488,0.08068750530018186,0.0008486277330558764,0.019461507798428014
109,0.07252520328016829,0.6539918448421992,0.24431427578357404,0.0013076459655701263,0.027861030128488222
110,0.021063610088621548,0.6880264130472242,0.27567319910428706,0.0012420320330565838,0.013994745726810559
111,0.07067621066769901,0.8550733578416576,0.039342701113460624,0.002364632100935978,0.03254309827624659
112,0.12057154424335478,0.7093209081277418,0.0713335210155042,0.0022070377965096454,0.09656698881688934
113,0.023413183989624806,0.8885585908784565,0.06624082564696374,0.000642831326194544,0.02114456815876034
114,0.020997542866612373,0.7467745439512223,0.21991146897032557,0.0006091229228758382,0.011707321288963908
115,0.12773963193282517,0.6539462346477177,0.1839153636422408,0.0014262154861404703,0.032972554291075845
116,0.009654994146466093,0.8157251414216999,0.16607393542343235,0.0005711904982064775,0.007974738510195017
117,0.23736243502019794,0.5989741694243839,0.0256139652083734,0.0053566814551691475,0.13269274889187552
118,0.04723053098608191,0.6326092748078326,0.165427718456206,0.001860752178198473,0.1528717235716811
119,0.09894644446918714,0.6751121480395345,0.10452854360025556,0.0035008854099867256,0.1179119784810362
120,0.10401501145481654,0.7767969813511617,0.0709617200452279,0.0029412415189204043,0.045285045629873406
121,0.11808874421864485,0.7743707611526952,0.064220490738256,0.005638227972624605,0.03768177591777915
122,0.1035676367252159,0.7363140552192001,0.0517944969327269,0.005595826562325524,0.10272798456053144
123,0.030423841184960547,0.8401267356966925,0.10146202242535245,0.005164860499892908,0.022822540193101513
124,0.13734509578882945,0.7330439458126151,0.03155061884972453,0.01192684557683252,0.08613349397199829
125,0.22827449470881855,0.11661187285417372,0.002072821558902194,0.0033890098555659632,0.6496518010225397
126,0.6532785583627342,0.2913932923974068,0.005673030360938516,0.007121130351015776,0.0425339885279047
127,0.18918675087705863,0.7614542162500924,0.026452648337844373,0.0030413410338966805,0.01986504350110809
128,0.206753030233313,0.723383926233423,0.03481361824378467,0.003736210922536564,0.03131321436694282
129,0.02425046211296486,0.8580329766246513,0.10738814606177392,0.0029396374041648827,0.007388777796445058
130,0.12301244125293538,0.6724256007779857,0.15577299478745435,0.022337776379370105,0.026451186802254403
131,0.03529527476274343,0.9068012319898068,0.030850801968228047,0.01941646609831465,0.007636225180907008
132,0.04734125987648185,0.6777749110573719,0.1717335130612782,0.04138646504575264,0.061763850959115386
133,0.013310800143761101,0.7273870626582271,0.23955619555527768,0.013865549936361077,0.005880391706372954
134,0.14231729803194348,0.6777768643855575,0.03494215049214187,0.04586443451326546,0.0990992525770916
135,0.20310147241704185,0.66138221933271,0.015923090961284914,0.0574269147269589,0.062166302562004325
136,0.05434430727061856,0.5620083333747297,0.31419448786979315,0.02076565071249285,0.04868722077236566
137,0.14726628171559464,0.6709361462447323,0.021542703996246294,0.14116760013429452,0.019087267909132257
138,0.34552534477041186,0.4031854625601736,0.005542055060466078,0.17779624605439825,0.06795089155455018
139,0.2125538287435493,0.5008097348555598,0.01309748780927812,0.1104092875650819,0.16312966102653098
140,0.22177282979056168,0.3863305114034582,0.004296101476881883,0.2811908226881508,0.10640973464094744
141,0.19949772312808842,0.29926109853550087,0.008582350838471413,0.40801065231615935,0.08464817518177992
142,0.16306189337815738,0.4669102175641405,0.029607409480990474,0.15442147907871914,0.18599900049799256
143,0.08554428149540709,0.3622674373833211,0.003550790408886133,0.5074555079182145,0.041181982794171235
144,0.18669996115556642,0.34339687862275986,0.007040930575374694,0.252315727900705,0.21054650174559394
145,0.1278356268647822,0.1594544110242035,0.001603638865253942,0.5242445228603708,0.18686180038538958
146,0.14494203567591887,0.05388489659739492,0.0007206666679770645,0.5368542858115245,0.2635981152471847
147,0.07208011006606567,0.07738513018562004,0.0006987052788654931,0.6445180646693194,0.2053179898001294
148,0.11330939125788465,0.04280350596427874,0.0006152609044020234,0.5791711082948034,0.2641007335786312
149,0.15250173332955078,0.050557892970254086,0.0005968351463431401,0.5682868311628492,0.22805670739100278
150,0.07746610749679732,0.0394289162939826,0.0004949504470942914,0.5913250349684591,0.2912849907936666
151,0.12613932696970664,0.027273403487190078,0.00026179632434249303,0.7444686135946746,0.10185685962408617
152,0.05492360755720631,0.029466754843957273,0.00036240992808090255,0.8548472589601851,0.06039996871057034
153,0.06704135485728442,0.02767548757953281,0.00033524871213777444,0.451764812193503,0.4531830966575421
154,0.13641356843893884,0.02292642340458444,0.0001757660462111328,0.6869407942520906,0.1535434478581749
155,0.07726469652567165,0.026183564179956497,0.0003038159626232762,0.11953772404522009,0.7767101992865284
156,0.19719491591505997,0.054327739779274915,8.033116658332988e-05,0.36565232281440924,0.3827446903246726
157,0.19090359578429597,0.06416144179010964,0.00022029042328188453,0.3262227466926727,0.41849192530963975
158,0.05853729119635041,0.013545772601914282,0.00018182471913849525,0.047410530408207356,0.8803245810743894
159,0.13714382614940068,0.024880735390650693,0.0001933840290552254,0.15844441765826617,0.6793376367726272
160,0.0348254977543029,0.010190837013925546,0.00010164797346112304,0.05516776961503567,0.8997142476432748
161,0.2389425588869049,0.015779398583930782,0.00010796849887966415,0.3364257729643858,0.4087443010658988
162,0.14085928357747943,0.021192395782912515,0.00017972674531591083,0.33700660753604345,0.5007619863582488
163,0.2658152698860495,0.03036150292539682,0.0001741956459774534,0.44240026019018797,0.26124877135238844
164,0.12472765003426761,0.0262457504628107,0.0001828125925011267,0.4595779472912546,0.38926583961916594
165,0.08346719790961404,0.06402735091103257,0.0002599750796868529,0.7282975299376175,0.12394794616204902
166,0.06685455229743122,0.027302070983489465,0.0003179846379109665,0.49316831941346845,0.41235707266769994
167,0.0987648326373512,0.0425206585258153,0.00011713751714606035,0.5048294118533352,0.35376795946635226
168,0.10175604478265662,0.03641925053863546,0.0002216050995950161,0.6864688679228552,0.17513423165625774
169,0.11993286046861705,0.04518827516487269,0.0003330845842027553,0.681036335636966,0.15350944414534157
170,0.13043401505928667,0.04836880071022398,0.00020320618758508485,0.7344974259559195,0.08649655208698488
171,0.08557744748627905,0.029671187561331296,0.0002839105475514411,0.7783387570592866,0.10612869734555154
172,0.06672424163380437,0.036869688785570565,0.0002170275998625105,0.8323106434212433,0.0638783985595193
173,0.10779717738637246,0.05265558716478205,0.0002913218648776654,0.7460133837448887,0.09324252983907912
174,0.12916789975713935,0.06149762895889813,0.00021056649331305791,0.7334205103576449,0.07570339443300447
175,0.0993742187359037,0.05898473358085738,0.00047013846778824455,0.6188648821337428,0.2223060270817079
176,0.08870589528293561,0.04668922789232974,0.00044757867547561486,0.6354782512075604,0.22867904694169863
177,0.06408567014644262,0.0435996166541775,0.00016083835407673598,0.8654274955934113,0.026726379251891804
178,0.1294131965052672,0.09466847886102539,0.0036927965212112082,0.22579709369592202,0.5464284344165742
179,0.07908101869972113,0.09879367694372367,0.0028097733727657052,0.39289474279269027,0.4264207881910992
180,0.06946041426297717,0.06616163287634301,0.0005659168912324284,0.7860909793291158,0.07772105664033162
181,0.09737227836324422,0.049051850928905315,0.0006869262793038563,0.6883451010883623,0.1645438433401844
182,0.123721421749464,0.1072988613952473,0.005366651824426381,0.24197145208987597,0.5216416129409864
183,0.1580058100727763,0.19956168548430034,0.002726726204852572,0.404433253858147,0.23527252437992374
184,0.2039359723862801,0.2512727055030862,0.002052507433858454,0.32343101601900326,0.2193077986577719
185,0.15378384829662597,0.4793444479236601,0.010258877161391388,0.15569215149432475,0.20092067512399786
186,0.1761477138724536,0.2824698286892864,0.0022153474641696245,0.21079324471258656,0.3283738652615039
187,0.24250502064770071,0.4644306201179379,0.004565508747505704,0.15455258461356874,0.13394626587328695
188,0.08691758409115095,0.7942077797859161,0.02365879582240984,0.02502171800006757,0.07019412230045556
189,0.12216728600056052,0.7845149816101012,0.01129729881329921,0.06149068423876253,0.020529749337276637
190,0.16492035363100493,0.7226042485395827,0.049907315915511216,0.020097777484801346,0.0424703044290999
191,0.05628675388345749,0.6397910765628295,0.155429293203353,0.017127092342631503,0.13136578400772855
192,0.2814485618886141,0.5736354476901302,0.07035749901010259,0.016266249288204842,0.05829224212294825
193,0.1267831217557368,0.7172463603070283,0.10830780773049516,0.013181689966190438,0.03448102024054915
194,0.13827296733799424,0.7390051262021042,0.07889496817933754,0.012227289207657128,0.03159964907290688
195,0.07102200728398388,0.8400571526409784,0.06336369536167173,0.005381187366442136,0.02017595734692392
196,0.04434254655607481,0.845105102305383,0.09034463957165237,0.002186136206673375,0.01802157536021641
197,0.040835703446946765,0.8797637799422227,0.060579354199707135,0.002321177420735706,0.016499984990387795
198,0.03254121153586073,0.8688900826163469,0.07757008695016403,0.002349957944970836,0.01864866095265741
199,0.03492468183717576,0.8037719017086085,0.14683901145299696,0.0028409814347651074,0.011623423566453626
200,0.03952545996265903,0.8291928397358731,0.09710223093220136,0.004070388053131678,0.030109081316134746
201,0.02494656161815671,0.8778578235439354,0.07843358849152758,0.002736921295789242,0.016025105050591126
202,0.02301993767039766,0.7822239442572373,0.17929903176877018,0.0017443064341796219,0.01371277986941513
203,0.01553575759574081,0.7772865852591345,0.19907757180532118,0.0014414098945055537,0.006658675445298192
204,0.0375014003020066,0.8486231471487283,0.1039062064521312,0.0008855322038091677,0.009083713893324668
205,0.053126133271273177,0.7590156990054412,0.16251805660732033,0.0020621058112008394,0.023278005304764565
206,0.097468402122519,0.7430358591530959,0.12121724595353706,0.0027554865236441386,0.03552300624720394
207,0.027237374505606676,0.8249156179348517,0.1256074573439605,0.0017738375063842738,0.0204657127091967
208,0.028406669324292658,0.8919282125294994,0.06219793517590805,0.0020660748856978235,0.01540110808460208
209,0.03461138240033959,0.7076328567484051,0.2373412289637673,0.0013007340854733296,0.019113797802014654
210,0.01477174496739175,0.7748924607027003,0.18832450618107882,0.0015311189542633744,0.020480169194565714
211,0.07905960190706712,0.8137255606389542,0.0683598032400251,0.004446856172240692,0.03440817804171309
212,0.04169408665869363,0.7640374878220476,0.10318826404812352,0.002833066667330239,0.088247094803805
213,0.10585170189450212,0.588943365012984,0.052809440796556265,0.0030478056024222334,0.2493476866935352
214,0.1568176079286019,0.6810084607387308,0.04090833006627985,0.001796379050848346,0.11946922221553936
215,0.13184363945951322,0.7925933080029351,0.04142986069087099,0.001970332173023652,0.03216285967365699
216,0.3028439096403635,0.6708878300441357,0.009276599126145122,0.0033211064918185953,0.013670554697537089
217,0.13239362723021733,0.8266865307069304,0.023516882788725175,0.002420526052941777,0.014982433221185172
218,0.0180077351166668,0.6387963045617769,0.3339938459139804,0.0007259895637308974,0.008476124843844789
219,0.01538977168770835,0.5870701024039947,0.38989656899407976,0.0009284583158227347,0.006715098598394367
220,0.06380307120321117,0.8862419582198249,0.038371776539065094,0.004499809754429366,0.007083384283469371
221,0.03772239233451017,0.8747091074094786,0.06098138195891989,0.002931618165278832,0.02365550013181241
222,0.02679349740471439,0.8097921465535209,0.1306992067395401,0.0030434322860035615,0.029671717016221035
223,0.04281866011010749,0.8480608653672648,0.09030917305843388,0.0027667550179210593,0.016044546446272952
224,0.021588939626030115,0.7265846644621189,0.2405824793299081,0.0018517844318664224,0.009392132150076567
225,0.014835595390957725,0.4795752875550944,0.4832691008756436,0.0023652848537927002,0.019954731324511452
226,0.05860955691988819,0.5363481645539089,0.3831488751115048,0.00237625571122228,0.019517147703475894
227,0.020496642650024533,0.70780536493631,0.24779534692547095,0.004202815704543904,0.019699829783650837
228,0.010005494179349634,0.6694527327288678,0.3086956373375745,0.00290513986192501,0.008940995892282958
229,0.019677928378686895,0.6092820485685672,0.3574812678966951,0.0039857361877293825,0.009573018968321525
230,0.05681635535456407,0.6003560927854354,0.28106392512337053,0.013570208038344167,0.04819341869828578
231,0.029977457793855466,0.4519323794856351,0.5016835902088077,0.002893531637628303,0.01351304087407341
232,0.0069796676104767206,0.23184751097324352,0.7542908338796123,0.0013933826407402218,0.005488604895927356
233,0.05048112490820544,0.7270131376156955,0.1791035305848761,0.020638843161443526,0.022763363729779322
234,0.0127513017317914,0.25841366464258825,0.706371473602325,0.012441609433964287,0.010021950589330997
235,0.030286951943974412,0.551909643933214,0.40236723296863436,0.00489919358473963,0.010536977569437635
236,0.012395502127969511,0.5633598903175309,0.4061778166200039,0.004167024669897757,0.013899766264598112
237,0.005068389480145916,0.2036824559864587,0.784962728773276,0.0021123644033770924,0.0041740613567423195
238,0.020270330899918303,0.36360613746659537,0.5858413396965261,0.01281375866625079,0.017468433270709488
239,0.017216171531545928,0.2800243038063475,0.686062470726547,0.005421876021859325,0.011275177913700361
240,0.00960684430438154,0.24381125631914066,0.7371225431515769,0.0012889525024078084,0.008170403722493037
241,0.025225710796326302,0.33842054237647623,0.6108084889437713,0.0026791996770365247,0.02286605820638973
242,0.005787634458930257,0.3801074235193416,0.42556963262517844,0.0012392579244342183,0.18729605147211542
243,0.0589439139451906,0.3842531711020184,0.42283577165919056,0.00641512203134129,0.12755202126225926
244,0.015738999456808032,0.4196110321057606,0.5544030514850716,0.002084075850933132,0.008162841101426687
245,0.011286641286449245,0.4053567997983009,0.5692958074675134,0.001960981049479915,0.012099770398256559
246,0.03357416966464598,0.7754886151513638,0.17303955320651407,0.002861569403909778,0.015036092573566492
247,0.030027329566774483,0.5635177508037761,0.39009663172177333,0.0025763265910780718,0.01378196131659807
248,0.004948114836035806,0.5054584038576007,0.483261189736258,0.0009137984084128123,0.005418493161692843
249,0.02661010651003582,0.6798388879070719,0.28367244268943487,0.0015408692453800752,0.00833769364807717
250,0.021675521225094693,0.5571844989929579,0.3928368582037602,0.0016367309038693284,0.02666639067431789
251,0.024918097384556824,0.7616921288016519,0.19652943284447005,0.0032135248101345247,0.013646816159186692
252,0.018188222969026,0.6188806419749748,0.3433439016291171,0.0026505180620774926,0.01693671536480462
253,0.018244245801148938,0.8509853935096828,0.1147144706761952,0.0025601515528832822,0.01349573846008985
254,0.01687132160589523,0.7182181425146301,0.2568107090851303,0.001868435842592309,0.006231390951752091
255,0.007616294853416547,0.47446105679640266,0.5133471751900914,0.0006934349754876951,0.0038820381846016846
256,0.03070197127615532,0.6642606260644351,0.2693403267952083,0.0054134782216329926,0.03028359764256835
257,0.007576279762024457,0.5059488323600718,0.4756845893431084,0.002282527096706193,0.008507771438089118
258,0.01367342707967376,0.2480578582461606,0.7089297614428535,0.0029769710371001026,0.026361982194212197
259,0.010941846792651574,0.40742970009258245,0.5722973977730806,0.0014519586087551725,0.007879096732930147
260,0.02368978518745235,0.7035372288054914,0.25998961374500923,0.0028627325091101167,0.009920639752936864
261,0.007822138210114023,0.47004522332750176,0.516111354756365,0.0009822378210707359,0.005039045884948501
262,0.006878508181053949,0.27665198779091793,0.7085993821329856,0.0009280709769985517,0.006942050918043879
263,0.003872971551138441,0.1371675749573045,0.8565398783686471,0.00029265970383014566,0.0021269154190798824
264,0.0058456775422992425,0.3210764090340145,0.6685428346326181,0.001394240282878277,0.0031408385081898287
265,0.005642805880362718,0.18372256823344427,0.8076622748513097,0.0003240150436929079,0.002648335991190389
266,0.006646584428887817,0.24291077604160569,0.7468089385562255,0.0005949007445641776,0.0030388002287169663
267,0.0033049096733155058,0.2939954287639611,0.7006512205114632,0.00030622414743921417,0.0017422169038209371
268,0.005804958744305476,0.24113005470020973,0.7488457440446076,0.00037045548914826346,0.003848787021728996
269,0.0008159970763267442,0.048017680561808905,0.9498046714695244,0.0001345465617897955,0.0012271043305502505
270,0.0025527567850100246,0.14295678703429135,0.852160792683907,0.00021824708063516375,0.002111416416156717
271,0.0009120539098553006,0.051167928214901556,0.9466755473019803,8.401980284300769e-05,0.0011604507704197243
272,0.0013513746854171404,0.06496124740555947,0.9304283409311116,0.00039915130867290314,0.0028598856692389606
273,0.001149342561812002,0.0694126586337162,0.9266888468018237,0.0003461155238142055,0.0024030364788338054
274,0.0072479132518886,0.2453324740704568,0.7399977654368242,0.0009731116375872292,0.006448735603243257
275,0.0009749188035035945,0.049876555169254065,0.9465878792850868,0.00016922243409662327,0.002391424308058805
276,0.0007155742255147579,0.04997730924058381,0.9471333119894094,0.00011062792921494916,0.0020631766152771312
277,0.002616908002507039,0.07035311044687147,0.9235366772214663,0.000431169617660947,0.0030621347114941425
278,0.0020699434670764334,0.10947191550337752,0.8839459814003245,0.000357365540362259,0.004154794088859192
279,0.001039553624029441,0.05875286317961957,0.9381530054895619,0.00014400372327367898,0.001910573983515369
280,0.004401661294465647,0.1758343545657407,0.8166623770705633,0.00040032545666216575,0.0027012816125681826
281,0.003309879027177731,0.13378212923842012,0.8589715361306496,0.0002740730910285698,0.0036623825127240833
282,0.0006189249648240678,0.06327420456459089,0.9347024597225662,6.594327855172925e-05,0.0013384674694671644
283,0.0019888980555803084,0.07597850213767482,0.918390227167761,0.0001806289390243169,0.0034617436999595293
284,0.00370415928850673,0.08717307742324444,0.904658876978578,0.00018031749621054023,0.0042835688134602815
285,0.0029376630656910902,0.11491444143829523,0.8706118523218427,0.0004059621688471837,0.011130081005323806
286,0.0009118996584566821,0.034361959668705276,0.9630510151395602,5.754120530045409e-05,0.001617584327977576
287,0.0016727546816263075,0.04652282822930271,0.9495050019446577,0.0002639787565155873,0.0020354363878976422
288,0.0006808991868160425,0.04667125722529725,0.9512153969913424,9.365595126478295e-05,0.0013387906452794786
289,0.0036021360087681387,0.13481695987313408,0.8536170727447578,0.0009634867534703541,0.007000344619869572
290,0.005945028903143862,0.22790469452491954,0.7591441781304163,0.0009439157505369437,0.006062182690983454
291,0.00231908546133109,0.12795277505111893,0.8634631076704237,0.0005646824024046071,0.005700349414721691
292,0.0038006744112513316,0.20258295611679325,0.7876564909016375,0.00043975527709386435,0.005520123293224043
293,0.011520373926987095,0.48613832792178646,0.4869611926924404,0.001472112482484407,0.013907992976301542
294,0.0026772200560747595,0.11449751326286457,0.8742162300983762,0.0005063569295112951,0.008102679653173113
295,0.01416625465525242,0.48026310191100796,0.49274533543182597,0.001999591878128443,0.010825716123785325
296,0.0035838519782926447,0.177736482395843,0.8105266118122467,0.0005611639564986349,0.0075918898571190885
297,0.016762291381484964,0.39270515907478165,0.5729947515363427,0.0025988535990453606,0.014938944408345306
298,0.0044964280700233155,0.23277983614833359,0.7565976956723052,0.0013010824781707429,0.004824957631167082
299,0.025609876277502233,0.5067403361891315,0.44108690947375634,0.007312872830390628,0.019250005229219366
300,0.04165581751924194,0.33832994330929306,0.10471823991674582,0.0048706547977750946,0.5104253444569441
301,0.0442770926812409,0.2845209218751258,0.6316604290784587,0.0032758472932236864,0.036265709071950945
302,0.03965426775935801,0.7268127253081422,0.1861078786869274,0.005350850649661492,0.042074277595910786
303,0.09430673951908207,0.7700398790610369,0.06830463708390123,0.0030383705376997284,0.06431037379827986
304,0.33711267145743945,0.5909091703796777,0.00535480459917939,0.00937310508820421,0.05725024847549914
305,0.07707669563290495,0.873360453504998,0.021796199416970505,0.002824573663526939,0.024942077781599625
306,0.07472642206860601,0.8684192716919603,0.03980835346984574,0.004108726977634155,0.012937225791953636
307,0.052173928340176874,0.8314194278446004,0.06823123288558659,0.002701661706033292,0.04547374922360291
308,0.06342730852163302,0.7676928390799214,0.14538324820802923,0.003670247737743073,0.01982635645267335
309,0.030395125813607593,0.6686220029160597,0.25331755358456354,0.004036151886459607,0.0436291657993096
310,0.024593164606243223,0.7598802521165856,0.20314691770345858,0.003925863863443007,0.008453801710269566
311,0.019382023094495184,0.7725979100138858,0.1827700649827788,0.005038398408271378,0.020211603500568956
312,0.04276408258145862,0.8256468829993366,0.08067944825261299,0.015116774569709286,0.035792811596882426
313,0.050699570692526945,0.8463904347214062,0.07396124007435123,0.01620795923025193,0.012740795281463798
314,0.026455213252173232,0.7687108673624475,0.16214371841432362,0.00812841829958362,0.03456178267147192
315,0.12303678907662562,0.8219598736288906,0.019997658611053903,0.013580869769963425,0.021424808913466622
316,0.13339116972791987,0.7366172242395743,0.05996517118069931,0.015069862187805748,0.05495657266400055
317,0.135256297711477,0.7281937610875987,0.049019750366218265,0.050149150004912865,0.03738104082979303
318,0.05916049603218216,0.8411505486908285,0.0640981325825499,0.022521573668752442,0.013069249025687008
319,0.05908962908161717,0.8428283986116842,0.04460729871661706,0.04357792821906904,0.009896745371012337
320,0.15182072017083553,0.6172273349523972,0.011982584505716161,0.1982391124169283,0.020730247954122864
321,0.2619442656368786,0.419069863460189,0.004317265959757508,0.2745860910018635,0.0400825139413114
322,0.1892457715221483,0.28952908418237994,0.004606302071333478,0.030325241071014704,0.4862936011531235
323,0.5131773108863402,0.3179701717516193,0.0017849775290099373,0.12720531430341817,0.03986222552961222
324,0.12106857137851483,0.7476714430076856,0.019824318474827726,0.08119591026489363,0.030239756874078077
325,0.257179533928361,0.30408312233244855,0.0005431993289297086,0.37532319575411577,0.06287094865614493
326,0.06300308991834713,0.07574522262267838,0.00030887841832110937,0.8488032266378754,0.012139582402777894
327,0.04060859748214378,0.039475135643792444,0.00011964910988887927,0.9118950338866716,0.007901583877503341
328,0.03805526470717794,0.04359774180357616,9.108879491486419e-05,0.9072806357375697,0.01097526895676137
329,0.07671954739617311,0.20107138247589879,0.0007006892899834088,0.6577318969632644,0.06377648387468038
330,0.023489061711239094,0.047983439463915895,0.0001161233164293617,0.9216196283175441,0.006791747190871338
331,0.02156699932386864,0.024932814338426097,0.00015070599714075235,0.9459575587517353,0.007391921588829334
332,0.030785089621551073,0.03784560581114355,0.0001394035199492874,0.9207205639109363,0.01050933713641971
333,0.01804523806004018,0.031571074464566834,0.00011767354885168499,0.9455960615347417,0.004669952391799454
334,0.02341518358368431,0.016370095305857684,0.0001230131548262544,0.9541900534999613,0.005901654455670469
335,0.013702376411441971,0.023908722989668174,0.0001448626328738705,0.9583933053357189,0.003850732630296965
336,0.04155662008039993,0.0289223119830083,0.0001853119311868154,0.8933586756519781,0.03597708035342693
337,0.05411933184007298,0.03535280559569688,0.00028032300984683637,0.8954517598475434,0.014795779706839911
338,0.06003573776011288,0.059783954215760826,0.000174977986978975,0.8680689290151872,0.011936401021960074
339,0.14603582421980005,0.05010394920238247,0.00017833929391722141,0.7590803516295294,0.044601535654370764
340,0.10552292232283653,0.12182112115585482,0.0005045493554531017,0.7172324904789652,0.05491891668689035
341,0.20676563913446405,0.06771791557362293,0.0002914292958676702,0.6549091319060795,0.07031588408996595
342,0.31925075883216797,0.07909673109201987,0.00021174757529009326,0.3321198547641269,0.26932090773639505
343,0.19697366415916723,0.08288463371301082,0.0007692819977516537,0.1954594673493443,0.523912952780726
344,0.5674595038631693,0.09245525263110442,0.0004025846208079406,0.21448530583004463,0.1251973530548737
345,0.5344220469408113,0.15032271299398867,0.0003679534599286653,0.2650762625838499,0.04981102402142144
346,0.3042116632411176,0.3009076792444005,0.002045037456566778,0.24561537093511526,0.14722024912279988
347,0.14151333736461955,0.5319266624967735,0.0036410663045186387,0.2802678954469634,0.042651038387124925
348,0.09478993759001361,0.22507463862531907,0.0007599527865907936,0.6660188686980035,0.013356602300073047
349,0.09069198302722818,0.31370686984709995,0.0017576988525983522,0.5504937675400553,0.04334968073301836
350,0.13327457892198982,0.44918044240914895,0.0021558461950470765,0.38716151010958005,0.028227622364234144
351,0.2104871041181679,0.48435800386691685,0.00191527973883848,0.2589659624001406,0.04427364987593612
352,0.10294897194164342,0.7794337256507161,0.003259555285623015,0.10423710030917482,0.010120646812842637
353,0.04872555022003992,0.8436027345748964,0.01275064794416428,0.08979789159972011,0.005123175661179303
354,0.23351667560237724,0.5631565446820439,0.0010919356265280398,0.17651971273012682,0.025715131358923955
355,0.1242742435899262,0.7604508223169152,0.0024062846474857276,0.1002931405091328,0.012575508936539966
356,0.10501473293598466,0.8298023031008579,0.005432313019375597,0.050760345390428355,0.008990305553353594
357,0.09411455578971713,0.8760833421711681,0.0044167445174482746,0.017725201537058692,0.0076601559846076975
358,0.05509938046055112,0.9124353215936715,0.005972332890611165,0.013533391426340365,0.012959573628825875
359,0.011606018163810359,0.9796492561982714,0.003550889817515854,0.003053030942381889,0.002140804878020736
360,0.019137284238188286,0.9651360905207841,0.00715413435373578,0.006486189487472647,0.0020863013998192507
361,0.0727357999602689,0.893940803582558,0.0028856032019926666,0.026533032418077925,0.003904760837102368
362,0.13348509962987407,0.8316732551087949,0.000659442958040555,0.020867588616897494,0.013314613686392798
363,0.03259952724069399,0.9449395060844008,0.011907877752162167,0.006152359409045411,0.004400729513697606
364,0.019213712065211788,0.959112197850037,0.016060399177894057,0.0022638864430098277,0.0033498044638474063
365,0.10011846676362848,0.8803281088956181,0.0038165304467912588,0.00948736760050361,0.006249526293458752
366,0.028759311040523743,0.961697709059352,0.0027327082902131278,0.004267138666138397,0.002543132943772596
367,0.00862771799309278,0.9596736290447966,0.028275039095651974,0.0014697371015492025,0.0019538767649093635
368,0.05377757884438331,0.931978553295082,0.0038696119081660955,0.005605108182021094,0.00476914777034767
369,0.02939648999971632,0.9343500160373707,0.02775364886078342,0.00227587705063727,0.006223968051492302
370,0.04340036631987639,0.9408192487591973,0.006624151667853461,0.0031024992144848564,0.006053734038587852
371,0.030220704240564354,0.9418263153157672,0.01945795164958921,0.002223295204238132,0.0062717335898410526
372,0.06563849996361115,0.904274014723094,0.01013481125523655,0.008273072950724008,0.01167960110733432
373,0.06278498969500251,0.6372289529858791,0.018470812190546235,0.004500083201451374,0.27701516192712067
374,0.38566969813048235,0.34224745684553276,0.0011050926694792826,0.008694817958352852,0.26228293439615286
375,0.4692607694498074,0.30210830052645155,0.002063644697121148,0.01697439324970755,0.20959289207691242
376,0.15530304980917628,0.8043251479642118,0.004213203423140625,0.0043250909165695114,0.031833507886901806
377,0.04162353209993337,0.925886591735125,0.023305226328901876,0.0015730800433158385,0.0076115697927238105
378,0.06894166552654694,0.9105238276594402,0.0045210897934966415,0.00883842586189163,0.007174991158624689
