epoch,N1,N2,N3,R,W
0,0.0004129533874147822,9.15859168698527e-05,3.194121623945667e-31,7.020786686212115e-05,0.9994252528288532
1,0.0007662232690151575,8.44284314317596e-05,1.0826060183659852e-06,6.662010480042226e-05,0.9990816455887344
2,0.00026602492550120005,8.760816528643312e-05,6.195083918519234e-06,1.9445571455342052e-05,0.9996207262538384
3,0.02332570272354866,0.0015433318418021924,1.4231969328975163e-05,0.001466883942968992,0.9736498495223512
4,0.0022873954437771064,0.00022996544884011722,1.2727677726610492e-06,0.0003173797945229112,0.9971639865450872
5,0.1618337099386394,0.012186609989865201,2.003608948596209e-05,0.00810682123694513,0.8178528227450644
6,0.31218578812955017,0.11623244456926567,0.00022541183313774557,0.019818109478604278,0.551538245989442
7,0.0029396984342654866,0.0008091277604171046,3.746399547928556e-06,0.00045285400004722127,0.9957945734057223
8,0.3010427355067765,0.1594630620967244,0.00023572231026280037,0.009678440015785113,0.5295800400704511
9,0.001215803704673777,0.0004985307370841607,0.00014303294130721975,0.00010994093824529006,0.9980326916786896
10,0.0009719278944655226,0.0006770652970371174,0.0002745056592895136,2.6273908581019812e-05,0.9980502272406269
11,0.0039353604608402095,0.0012958287905722797,2.4971697048004873e-05,0.00017771425055048513,0.9945661248009889
12,0.5047536859182392,0.06029431340934955,0.0024202724731435987,0.003722832773206996,0.4288088954260606
13,0.006033100839452851,0.00218913220798946,0.000549142029398057,8.712906658518196e-05,0.9911414958565745
14,0.005332120875599366,0.0014823520487127382,0.0004245780578278306,5.639122723352861e-05,0.9927045577906265
15,0.1745113532971273,0.0410916323508,0.001135491932422458,0.0008185047076663871,0.7824430177119838
16,0.14003185726370707,0.7178371043108872,0.045337517686503286,0.0019969325401975983,0.0947965881987048
17,0.2305978990490559,0.6987941863895208,0.00747904267728353,0.006802304369011033,0.05632656751512869
18,0.09463073170850743,0.18867966273161046,0.018883530400622642,0.003334138026642854,0.6944719371326166
19,0.024298352746892554,0.02402194196488428,0.0006938155223564985,0.0018811655835908137,0.949104724182276
20,0.17856071672848303,0.2668153127672852,0.00645365577467774,0.0017627060944311749,0.5464076086351228
21,0.12865272832729,0.7961261520380449,0.01850159707313625,0.006211356206546671,0.05050816635498228
22,0.05839533048420935,0.9011485881301898,0.014057787970271166,0.003458742555187689,0.022939550860142044
23,0.4596369296607097,0.4463888657406111,0.0012321359908169663,0.022371896450436156,0.07037017215742597
24,0.049300780211998865,0.9330492935033302,0.004470393312300056,0.0032805266286431035,0.009899006343727862
25,0.048937449427897226,0.9290294590420718,0.008913957188433004,0.0009994909910950975,0.012119643350502928
26,0.07171959784924188,0.9076947555217602,0.003989063838522499,0.005009272200288096,0.011587310590187439
27,0.036950391931538575,0.9196815966563712,0.03143698866805391,0.0030403788050369428,0.00889064393899948
28,0.1842690870929039,0.7875697117087013,0.0007324749789636263,0.006110342654019748,0.021318383565411204
29,0.02106374376738194,0.9527431065088452,0.01866544056423305,0.0009909201590131663,0.006536789000526564
30,0.023545441783724697,0.8954922615170375,0.06940363798007958,0.0018807846986684143,0.009677874020489623
31,0.047153232574353214,0.9248469772336674,0.012506547918309921,0.0016453601866826548,0.013847882086986894
32,0.03501138587853832,0.870062773406874,0.08128974299898958,0.003419955437716328,0.010216142277881809
33,0.011212094340941595,0.8029845289633829,0.17223326866228975,0.0032137042373606033,0.01035640379602519
34,0.016557978809663327,0.8954919869891514,0.07522380889856162,0.00196434253404609,0.010761882768577691
35,0.020498433408025686,0.8865675584290917,0.07539065222183496,0.0030240883367199803,0.014519267604327658
36,0.01680366440911546,0.9434156690648038,0.03118491441000512,0.0014841675953544931,0.007111584520721171
37,0.005649053241121734,0.8652844979272329,0.12338311418912964,0.0008275839609577848,0.004855750681557878
38,0.005854031044101182,0.8601615123604351,0.12850111024938185,0.0005565778560250311,0.004926768490056543
39,0.006964627115037015,0.6095884384106715,0.3779933375875843,0.0003653759228852728,0.0050882209638219355
40,0.006401117491818547,0.7410377885963894,0.24827316320918533,0.00047464926903591345,0.00381328143357091
41,0.005643967719546828,0.6738268663331218,0.3166063005354081,0.0003897861033908422,0.003533079308532267
42,0.0019137184237106172,0.24824280516553363,0.7478361637883828,0.00017349574844138964,0.0018338168739316966
43,0.0034205149926539156,0.5201280891204214,0.473658629408227,0.0002444467811567421,0.002548319697540912
44,0.005037967225183572,0.34604151507736003,0.6458342550428917,0.0003563948881237987,0.0027298677664407967
45,0.002683315511649853,0.6112750908964386,0.38331970646921376,0.0004685954737600163,0.002253291648937647
46,0.004179989291460335,0.5223684626688598,0.47066024317462857,0.0002799206468968551,0.0025113842181544825
47,0.0032684217924935895,0.5019587554916112,0.49260331823538916,0.00018508625085191508,0.0019844182296541338
48,0.0018428482714678463,0.18391572839527648,0.8131435872304976,6.744895733117314e-05,0.0010303871454269446
49,0.0027642814045100144,0.31796724711346636,0.6770328230478123,0.00015244913677318843,0.0020831992974381457
50,0.001283835899543487,0.20239224860738517,0.7940449651076297,0.00015323515421505278,0.0021257152312264176
51,0.005245263934510228,0.5162504839314911,0.4728256242734963,0.0005393775265457728,0.005139250333956664
52,0.0028478814537549594,0.305343806841016,0.6887696017487042,0.00038167252313775274,0.0026570374333871635
53,0.0035978007336135683,0.3412822385612225,0.6510918558829364,0.0003685390883173445,0.003659565733910374
54,0.015389022423963169,0.9055342462809614,0.06951026351618014,0.000507041910475869,0.009059425868419466
55,0.004579260598184053,0.5137362862349585,0.47921989628667166,0.0004828377558839543,0.0019817191243017788
56,0.0048980381798170635,0.5278167405274579,0.4644003293603107,0.0005153736393520785,0.0023695182930623185
57,0.0036131656717179,0.5090047239418093,0.4833627633513668,0.00037439545839409137,0.003644951576711937
58,0.004424586149932598,0.382626413011822,0.6072802713162998,0.0006766307088729956,0.004992098813072727
59,0.004803059311295179,0.4212527454285028,0.5490690919014362,0.0009066288953964048,0.02396847446336946
60,0.06040446418204537,0.12260574642298425,0.025005957373637498,0.002684920514718698,0.7892989115066141
61,0.3306118693485784,0.4236182341339906,0.000783453667580084,0.038004004476490195,0.20698243837336072
62,0.4186711597324698,0.2570568745251986,0.00019529216759089102,0.053278151177369,0.2707985223973717
63,0.5026814579226838,0.24789113151197492,0.000480601798574667,0.05548002559601699,0.19346678317074956
64,0.11345200498994641,0.08380370969638197,0.0012981435730090992,0.005073872591813342,0.7963722691488492
65,0.019779781785120975,0.009653045077038678,1.9003046513953243e-05,0.010005267556061043,0.9605429025352654
66,0.1837950056571508,0.025851441554859866,7.536002573441634e-05,0.05378225397259243,0.7364959387896626
67,0.20381914089748496,0.02485851422971635,4.765372556529264e-05,0.048025208745891564,0.7232494824013419
68,0.06567296958619356,0.00673636489450712,0.001989652446575273,0.003416574275610546,0.9221844387971135
69,0.03732098844795942,0.005274621606224835,2.593848235514568e-05,0.007072788020209183,0.9503056634432515
70,0.07934348410033977,0.017983741625257267,7.688662492649878e-05,0.007806804233273437,0.8947890834162031
71,0.006985081164299217,0.0012293716422915085,0.00013260190425068457,0.0025396457188236457,0.989113299570335
72,0.26485855617827253,0.013170222343393018,8.3939842494727e-05,0.03792284597960336,0.6839644356562363
73,0.011236254717969518,0.001975361877954676,7.252305366794723e-05,0.0011745429832359948,0.9855413173671719
74,0.0382375855939106,0.0009138331487360971,5.112298058432123e-06,0.002259967625737548,0.9585835013335572
75,0.041360532003879555,0.013292330072313915,0.0031429550512795308,0.0012701687417537779,0.9409340141307732
76,0.0010305379030990417,0.00021347879412374576,7.501953232177469e-06,6.802489122415761e-05,0.9986804564583208
77,0.00455862218407741,0.0003644074787569875,1.9588644503630963e-06,0.00032380582101870683,0.9947512056516965
78,0.0009864911995959528,0.00024503167980817047,1.571838541584372e-06,0.00013771362015459781,0.9986291916618997
79,0.0004928076170315569,0.00014318930576430277,1.2715068868634154e-06,7.968850241847961e-05,0.9992830430678988
80,0.0010282142338791708,0.00019515136269845283,1.965218734890633e-06,7.395403527874473e-05,0.9987007151494086
81,0.0027197853499553422,0.0003344030880587771,1.2671230326577376e-06,0.00024039504075343103,0.9967041493981997
82,0.00840495532748221,0.0011214853043675465,2.786057619800349e-06,0.0006109101550768855,0.9898598631554536
83,0.0011068304203664416,0.0005800220866550859,1.0369211076094872e-05,0.00014821188353013405,0.9981545663983723
84,0.0012364651572965262,0.0003100962142142609,7.918010451703313e-07,0.0001491317302581009,0.998303515097186
85,0.0010080349234350826,0.00021451597912839032,1.4368244339095435e-06,0.0002858833750981642,0.9984901288979044
86,0.0004993681837049318,0.0001746810559519667,3.608135252965227e-06,0.00012311983327972185,0.9991992227918104
87,0.0007384456041838093,0.0002521321361874706,2.9167083782457277e-06,0.00011954001503166925,0.9988869655362189
88,0.0013651625808802862,0.00037578321785179707,8.561489274181725e-06,0.00024237128103343444,0.9980081214309602
89,0.0023072283872429787,0.0009271144924596989,3.6009462881084654e-06,0.00027348136761181957,0.9964885748063973
90,0.0024497310542377928,0.00041554100523768047,2.6747538266799906e-06,0.0005114270182030354,0.9966206261684947
91,0.0007551830023445964,0.00030308253956208174,7.839824587205262e-06,0.0002057454209781105,0.998728149212528
92,0.010843545438398838,0.0008581124431422922,2.709214978752989e-06,0.0019648205424756134,0.9863308123610045
93,0.0006348292452964025,0.00019868266044710932,9.441616361413022e-07,0.0002187252233646947,0.9989468187092556
94,0.0010869669530926946,0.0003223789883074423,1.4700438447207123e-06,0.00023835092502427367,0.9983508330897309
95,0.0008592366589129565,0.00023776820880849132,1.2203920659507916e-06,0.00015424808335663714,0.998747526656856
96,0.0032178698558594614,0.00027008966217190384,7.167206682741451e-07,0.00015979912917217097,0.9963515246321282
97,0.001682513659710329,0.0005054975224544023,1.1874759026383812e-05,0.001933819566048323,0.9958662944927604
98,0.0007215171837644333,0.00015605648916574972,1.4028797942921778e-06,0.00017115108633024235,0.9989498723609453
99,0.003592662925514067,0.0002908193078354397,1.578710471462127e-06,0.0009898562543679647,0.9951250828018111
100,0.0037701245382073547,0.00023216343323998406,1.0517075720349992e-06,0.0009376987599795741,0.995058961561001
101,0.0030241064387515138,0.0002542343567652145,1.2510798501563455e-06,0.0007830819720453438,0.9959373261525879
102,0.42440710877076815,0.13639288519134615,0.00011690692681129613,0.042455757841257845,0.3966273412698165
103,0.0012955007962040033,0.0006460376386898399,3.7377018270456603e-06,0.0008928312162244103,0.9971618926470548
104,0.26630108328517993,0.21868889310540313,0.0003788719489702717,0.03937167517862897,0.4752594764818176
105,0.0008544549123474056,0.0005507744044101107,2.14057127826467e-06,0.0015910160970309263,0.9970016140149334
106,0.0014942159769125408,0.00042215258351791505,5.064927656407873e-06,0.0003697743160806867,0.9977087921958325
107,0.0007415842383602305,0.00021393380928487772,9.65625922867119e-07,0.0007689597832356242,0.9982745565431963
108,0.0008201081875329022,0.00019701964994065204,1.0207257065340141e-06,0.0003127467363527907,0.9986691047004672
109,0.013516204763958442,0.0006784138896983997,3.4479265125413105e-06,0.001780392973985793,0.9840215404458448
110,0.0005780719581494211,0.00017652693158659396,1.1036345579529612e-06,0.00019949549567325456,0.9990448019800328
111,0.0003142300420919021,0.00018421309267263125,9.721697080987427e-07,8.416899334653454e-05,0.9994164157021808
112,0.0004510098062340079,0.00016000401443853432,1.5267081641382452e-06,0.0001349961749777723,0.9992524632961854
113,0.06694618139853944,0.0057688438271839716,1.663847940926892e-05,0.0027608553468007175,0.9245074809480667
114,0.0009843206258958253,0.00017174558953338145,2.4807081038327144e-06,0.00020518573977254247,0.9986362673366945
115,0.0011975679903780943,0.0002810686694970691,5.866448289177501e-06,0.0007244277741885473,0.9977910691176471
116,0.0003803512977946727,8.996731558747911e-05,5.48624181344006e-07,0.0001206407703088909,0.9994084919921276
117,0.0005700917213655068,0.00011267786828396746,1.3730597711621792e-06,0.00017813865861895968,0.9991377186919604
118,0.0026530483336758884,0.00039786756816771794,1.765281551381324e-06,0.000927571949298563,0.9960197468673063
119,0.0017698578172480443,0.0005250550418706702,1.8216712567492604e-05,0.0002490531071585063,0.9974378173211552
120,0.00041125708137842266,0.000253076195914252,1.5735271294576598e-06,0.0001366672792736984,0.9991974259163042
121,0.00032379242239518897,0.0001607116469519006,1.1720648805022857e-06,0.00022384984172034187,0.999290474024052
122,0.0007492894937434245,0.0004901394126771118,1.8292919767204834e-06,0.0003364257509831074,0.9984223160506197
123,0.0004281710209659182,0.00039225389879988604,5.9133504332787925e-06,0.000215549109605761,0.9989581126201953
124,0.021323305806694986,0.0016113307190887514,5.028731488450694e-06,0.002002484042090139,0.9750578507006377
125,0.0006154194852427521,0.0006954704874448136,1.4585164284482915e-06,0.0004097720045340742,0.9982778795063499
126,0.0012714882447357706,0.0004988478566063742,7.144765964692628e-05,0.00013894445732430812,0.9980192717816867
127,0.0006964061804814935,0.0002080175592492571,5.095517089952193e-06,0.00015300126919371918,0.9989374794739855
128,0.0006374267223689617,0.00010513448811682685,5.386717326270429e-06,6.603235197060836e-05,0.9991860197202175
129,0.000993090271307373,0.00023504443459022875,6.910429670056677e-06,8.545228708964818e-05,0.9986795025773427
130,0.00044574143004830517,0.00023202666465919233,2.0280470839531845e-06,0.0002551130447184009,0.9990650908134902
131,0.0007796004786124957,0.0003071568751721481,1.8311040369006403e-06,0.00023843733814180932,0.9986729742040367
132,0.006029205995276747,0.0027225344579502224,0.0021187558038530266,0.00029147490546248175,0.9888380288374574
133,0.0003969899506022676,0.00010437864488833664,4.78989208823511e-06,3.103483719271185e-05,0.9994628066752285
134,0.0015689768290358494,0.0003829353258171207,3.0095924938700372e-06,0.00029555000857305313,0.99774952824408
135,0.005560806889784449,0.0006833118092815374,2.8359790917974333e-06,0.0007337342016191969,0.993019311120223
136,0.00567494218695699,0.0007867414850525041,2.2564921078090707e-05,0.0014544009822097224,0.9920613504247026
137,0.0766976042573398,0.002761099631411989,1.2676500818457567e-05,0.009333597254572942,0.9111950223558568
138,0.28284219640858627,0.016897146695031152,4.255076798898961e-05,0.0665686467839092,0.6336494593444844
139,0.44534954819257144,0.07290211562137626,0.00015287119387897655,0.2645434279736257,0.21705203701854775
140,0.006959142095647358,0.0016130919542777437,5.505214601069437e-05,0.00841991947317537,0.9829527943308888
141,0.5205581979631024,0.17793075838600528,0.0003441646172856087,0.14882380454167538,0.15234307449193132
142,0.48736805132591837,0.1560981603663815,0.00022235982582640665,0.22191666175138933,0.13439476673048426
143,0.3490498935413185,0.4553833739604978,0.0012172964560387225,0.08477333837214938,0.10957609766999558
144,0.5631364662125622,0.1726267458969825,0.00027869171868515996,0.2064244131979314,0.05753368297383886
145,0.07947152182230877,0.8936104271426298,0.005030596096246334,0.012574294296638183,0.009313160642177127
146,0.24257069595030847,0.5695247008765849,0.0005818629448860821,0.14313610938862045,0.0441866308396
147,0.01841722232317672,0.9679194275401317,0.00274721090829294,0.007966642041595988,0.0029494971868027045
148,0.014820968100585634,0.967033013889586,0.0023934658068164626,0.013223086151654007,0.0025294660513580677
149,0.02911273731480255,0.7569298009762139,0.18098936024109355,0.004176766326320933,0.028791335141569077
150,0.0027522809123550736,0.004651996204138878,0.0002551269432393734,0.0011344966944457206,0.9912060992458208
151,0.00902436369890352,0.004730655663710462,2.7053975765377e-05,0.006856591474098287,0.9793613351875224
152,0.03131711783087864,0.004772141803723675,0.0001023246434058346,0.0006077864992110322,0.9632006292227808
153,0.04547821292723709,0.009348394152224947,0.00016511099497885625,0.001236926805356888,0.9437713551202022
154,0.008967001208129422,0.007384740910474195,0.0010704324905602977,0.0005367762605551717,0.982041049130281
155,0.006802569403641286,0.002102265277202171,7.937341499356837e-05,0.0004227942350292318,0.9905929976691338
156,0.3092879213582046,0.1386784400897339,0.0031912598802544445,0.014019308575496898,0.5348230700963102
157,0.020393416688191512,0.004530556045573448,5.0640092047011414e-05,0.0010494593268862123,0.9739759278473019
158,0.012033349655090725,0.007807476090159327,0.001199839405274051,0.00048305336835106444,0.9784762814811249
159,0.3766399301721385,0.15142453626629443,0.0014627924900836502,0.01108664518558479,0.45938609588589874
160,0.011827209947765215,0.01588387117863374,0.001253522999987616,0.0007346563571827897,0.9703007395164307
161,0.10808486118207071,0.05751985412624669,0.0008802976835603888,0.0036011930727596654,0.8299137939353625
162,0.07461506381994908,0.8076700004605324,0.0787106128444605,0.006200183711611692,0.03280413916344636
163,0.0437539772600954,0.021495450328709465,0.00046142933759728624,0.001664222309537691,0.9326249207640602
164,0.48672500258152923,0.43745699243038805,0.0038545439974081597,0.005551348496974843,0.06641211249369958
165,0.04336050923257381,0.8987714811015542,0.04702460129207236,0.00618527991962049,0.0046581284541790235
166,0.21756703045503195,0.20253010969469046,0.004564344239939968,0.011791169927413676,0.5635473456829241
167,0.03765373011270192,0.9546601185958582,0.003837360146948043,0.0020121714747336765,0.0018366196697583198
168,0.02064468250200493,0.9520638259048918,0.018416828228922363,0.005847996270620156,0.0030266670935607852
169,0.017578734229507134,0.9498384874758227,0.02530220855828936,0.0043252690903191554,0.002955300646061628
170,0.15153879753011792,0.8188020954044347,0.005646056923655538,0.014566344205576577,0.009446705936215265
171,0.013185527125123294,0.9711187974654392,0.009824908006783603,0.004131499829845478,0.0017392675728080697
172,0.008951019028882212,0.9433678532788212,0.043952650936253466,0.002751203911642462,0.000977272844400529
173,0.013304802630876432,0.9418419439211547,0.036779711798414445,0.005504729322458587,0.0025688123270956294
174,0.015109797723655092,0.9189205039381828,0.055719592235216074,0.007425266508315638,0.0028248395946303202
175,0.02228351003294527,0.8621629792475141,0.09089531819063064,0.019426151338625613,0.005232041190284485
176,0.02090942404433412,0.9382836561526342,0.021300716948151208,0.015940617568471257,0.00356558528640908
177,0.007925757310702986,0.8843220780089747,0.09190706470462776,0.013984838009315154,0.001860261966379524
178,0.02631490336646755,0.812792988559589,0.018785661243541862,0.13774684768148582,0.004359599148915717
179,0.022761721103177302,0.7041120229580331,0.18116766235448573,0.0857525146262629,0.006206078958040803
180,0.017739552226583875,0.8237202611381539,0.0252102422479898,0.12632168767582155,0.0070082567114506346
181,0.1230085245341993,0.46907831842709896,0.002421900217587537,0.3819330750952437,0.023558181725870448
182,0.06990652360082872,0.15046282349398316,0.00031317088980831393,0.7675396138491254,0.011777868166254507
183,0.0399221676660133,0.040352048211954004,0.00011233660394221112,0.9071711186983749,0.012442328819715538
184,0.0638628155148486,0.05473394657534683,0.00010466482535603178,0.867206073175011,0.014092499909437525
185,0.07599978436260266,0.039036367277243224,7.133264280827609e-05,0.8699262021420346,0.01496631357531132
186,0.11905403554988067,0.05050797159925535,9.724432112821848e-05,0.8053484969147926,0.02499225161494325
187,0.08891589564002678,0.05864929082812021,0.00012324179801526174,0.8254572646227448,0.02685430711109284
188,0.09542342817558692,0.029131750065188103,6.790227824704582e-05,0.6764424756179651,0.19893444386301287
189,0.10699132922595858,0.03621350820690926,8.674094292660386e-05,0.82805676165047,0.028651659973735574
190,0.12722269616659093,0.0522421125295152,0.00014518611219260699,0.7606515969069914,0.05973840828470984
191,0.12526763052853998,0.07285415890602732,0.00011356616986826682,0.7691432692793541,0.032621375116210244
192,0.09288756532988567,0.015029392661825323,5.966326197636211e-05,0.8368197490415898,0.055203629704722645
193,0.06794183330981912,0.051752514108828335,8.647326099046364e-05,0.8645031957463857,0.015715983573976317
194,0.09832094772158075,0.03086745047732657,0.00011375111573842838,0.7854167525153506,0.08528109817000366
195,0.09008068359933179,0.015777900131497092,6.1895455567922e-05,0.8339838989186258,0.060095621894977316
196,0.16321352445072704,0.04970458346141794,0.00019315930610090128,0.5583284418798865,0.22856029090186755
197,0.09469383669732721,0.01878110806298803,4.1998352875769905e-05,0.8419938397582778,0.044489217128531273
198,0.11792341702612624,0.04219680013565926,0.0001009324967435427,0.6757466208716029,0.16403222946986817
199,0.08781254011059349,0.017545175287084262,4.9401511672022166e-05,0.8504445812887257,0.04414830180192453
200,0.08787682970909327,0.01622627265582917,5.481786523668427e-05,0.7720129019736947,0.1238291777961461
201,0.10749239458720733,0.06994220096137983,0.0001099687794332583,0.7666510034007097,0.05580443227126991
202,0.0873131622423352,0.09204240699430227,0.00013068457144268866,0.7808152924718141,0.03969845372010571
203,0.04252408711487771,0.025465043106110575,0.00017400570634659823,0.1109086840336377,0.8209281800390273
204,0.15292712978809303,0.0733399088285712,7.786550483635756e-05,0.6331665806031015,0.14048851527539796
205,0.05463561230717478,0.01044605334462297,3.7734524002505254e-05,0.11658565277081429,0.8182949470533855
206,0.21863852565318392,0.1255389193178215,0.00016897693436782873,0.25921988579992616,0.39643369229470066
207,0.2948755299607937,0.29141044661228815,0.00017542786586608792,0.3113518012314821,0.10218679432957006
208,0.30270145284422123,0.37610292029978243,0.00044940876679731097,0.23872093479394738,0.08202528329525158
209,0.1736983565668886,0.309794842726525,0.0011898191859377575,0.4359882711085674,0.0793287104120813
210,0.07813432249811758,0.08158434551789054,9.889506497128455e-05,0.14499838546296057,0.6951840514560601
211,0.23925867070569481,0.38753193741794906,0.00027782654521010504,0.34417116243947743,0.028760402891668643
212,0.06518676039988701,0.8583711051867506,0.004772344132227927,0.06330115365242037,0.008368636628714133
213,0.17261297470147924,0.685057622825523,0.0012273784282823127,0.11260709724738927,0.02849492679732621
214,0.0568864176389677,0.8870009044985392,0.0011321712119630178,0.044951772284003336,0.010028734366526746
215,0.11635122032306762,0.817590176600268,0.0008948768485752981,0.05109100865507366,0.014072717573015337
216,0.1745604196787937,0.7592890266737224,0.0008108376346500402,0.05295896837589928,0.012380747636934612
217,0.09025252966831213,0.8786120842130539,0.003983875002130787,0.021017289940728087,0.006134221175775194
218,0.140799756246006,0.8149810151521119,0.0018282802289439864,0.03618493668920857,0.006206011683729611
219,0.031860810292706786,0.9466976687367358,0.006309077440597599,0.011154488079320908,0.003977955450638883
220,0.03969848066354068,0.9216208055571857,0.019693517957322416,0.012768533247959912,0.006218662573991209
221,0.01826309321939657,0.9468634870236919,0.02338990645974153,0.00873090933884378,0.0027526039583261846
222,0.012203939857911033,0.8656549818874493,0.11405995733497158,0.005409747197026532,0.0026713737226416135
223,0.01953195998957763,0.9127682431259657,0.05826801333713457,0.006840392716493584,0.002591390830828393
224,0.009281452382843927,0.9026812547239931,0.07852149547475215,0.0068259465871283965,0.0026898508312824827
225,0.014206085769576271,0.9398241117731398,0.03509008894681099,0.006601440650515605,0.0042782728599573515
226,0.014016612942844857,0.9261860383802957,0.034518046795728605,0.02023947835287595,0.005039823528255045
227,0.008982793000674213,0.6514138598926669,0.32988987951149884,0.007886749834928026,0.001826717760232105
228,0.030409426572488053,0.8482135950397502,0.05377582191692165,0.05037812102900116,0.017223035441839056
229,0.14025367553247345,0.3688294785143585,0.06781936547207887,0.036532428359183515,0.3865650521219056
230,0.5023947919320305,0.32991375126337,0.002716917478198642,0.036904632386924346,0.12806990693947654
231,0.2888759263222493,0.6156496717662924,0.0076767015098279144,0.011611242691113343,0.07618645771051723
232,0.042889934543784126,0.7940753592381349,0.14517546006448656,0.001835066531598782,0.016024179621995822
233,0.40597021267147193,0.3020185100950163,0.005635282613452439,0.027365871548034246,0.25901012307202514
234,0.054206441267050674,0.9348452056087874,0.0005044923677376697,0.0066495892872819595,0.003794271469142507
235,0.07212978796365954,0.8912081150140323,0.005365533040331227,0.007420141738647914,0.02387642224332887
236,0.33620688493735806,0.6092992631222438,0.006129208103161124,0.0053085203246142545,0.0430561235126226
237,0.024000995644346025,0.9418666107251121,0.014381099231088598,0.0037305215625996866,0.016020772836853634
238,0.029034661591993763,0.9107466023672385,0.04041901285813091,0.0046899526510904566,0.015109770531546227
239,0.20127576144656067,0.7255186567165288,0.023923716796379318,0.004409470321052038,0.04487239471947906
240,0.009292132743500558,0.9363591920675679,0.042769157017896256,0.0013517238128880535,0.010227794358147085
241,0.04052529506317675,0.8954552156799939,0.04203168317182386,0.0038122126384837673,0.018175593446521726
242,0.0406246156646805,0.8701538303560302,0.07938989600572426,0.002257178759656833,0.007574479213908184
243,0.053088534478974395,0.8420732849060288,0.09454351830786764,0.0009780028617836828,0.009316659445345517
244,0.0505334358581715,0.7341477513604417,0.2028792551269913,0.0010248163585243062,0.011414741295871271
245,0.036517170959154695,0.9139814426674587,0.03753249332373726,0.0023240673378356015,0.00964482571181401
246,0.012119029402019853,0.7507130222048154,0.2298893403923759,0.0010373198017262421,0.006241288199062732
247,0.04120940453337183,0.8912171033415341,0.05571294867393442,0.0013921505529285146,0.010468392898230981
248,0.010781555823416212,0.6594023531132617,0.3251778764799882,0.0004740423394609082,0.004164172243873105
249,0.026932978654732015,0.4924720442094917,0.474394400460524,0.0009214230324159506,0.00527915364283631
250,0.03422436447303737,0.37814022235323774,0.5806294943449822,0.00044701736582614815,0.006558901462916637
251,0.010123058732707663,0.4145410088789649,0.5706625755529589,0.0008956909114709562,0.003777665923897638
252,0.0444112687421376,0.5761935229806863,0.3656312625129477,0.0010648942360076239,0.012699051528220838
253,0.020350624742681588,0.6128145156568064,0.3581019096861515,0.0006570335736220234,0.008075916340738268
254,0.07922997680526883,0.48780704905173927,0.42039751490140836,0.0010232424593512896,0.011542216782232306
255,0.07949089580010237,0.5998833785151012,0.3108872353034942,0.0011782270871187395,0.008560263294183372
256,0.0948152137555248,0.6803196278889068,0.211026292226883,0.001610871246363101,0.012227994882322336
257,0.05520113953237867,0.3876882212112055,0.5486247755195869,0.0018834733642108582,0.006602390372618168
258,0.014150487687326033,0.33975950803173693,0.6402235715902105,0.0008740390704868548,0.004992393620239739
259,0.028185969777307033,0.5353779883037388,0.42430324061349217,0.0018346096501518454,0.010298191655310191
260,0.014314946598262535,0.5155755186953311,0.4601993933832932,0.0010371494474295958,0.008872991875683581
261,0.050444744125684705,0.5349998407040066,0.3963804685345698,0.0024563799249719743,0.015718566710766754
262,0.03268201908811082,0.5915419013752949,0.3652989071422471,0.0014542627315538611,0.009022909662793158
263,0.022165551523763188,0.18604488512799114,0.7867204446988382,0.0012547460433668545,0.0038143726060405735
264,0.022850761918224632,0.27167084343437864,0.6987359453163294,0.000846315776860956,0.005896133554206345
265,0.01179833793680312,0.3339179661580546,0.6500338874955773,0.0011654280215352016,0.003084380388029693
266,0.007383010422696554,0.24760338638063412,0.7166523330486955,0.0014646704453119004,0.0268965997026618
267,0.004063319152648633,0.16640612683288494,0.8166232527124029,0.0008630843095854227,0.012044216992478032
268,0.003865447501775441,0.16770447945107386,0.804128355820884,0.0008994645352693316,0.023402252690997452
269,0.006102082652089881,0.33974257777605815,0.6408569701848496,0.0009021384301645278,0.01239623095683796
270,0.0037111700414337056,0.14549359214752156,0.8332766170947292,0.0005555064382684369,0.016963114278047024
271,0.0051713378160558165,0.1732949417837892,0.8039686885673036,0.0007910649060949495,0.016773966926756294
272,0.005770242159635178,0.2067185902189502,0.7725177583505056,0.0011863765502115058,0.013807032720697486
273,0.006273542630512072,0.1799882922492629,0.7948141009726934,0.000992401553963261,0.017931662593568418
274,0.003575906635342329,0.08675173531623516,0.9070493415249411,0.0003585531081936455,0.002264463415287531
275,0.005074334168446331,0.10794988732434611,0.8805623487205475,0.000529913403778496,0.0058835163828817715
276,0.00021586631623056414,0.034674962003700044,0.9644908201478745,9.237692568142394e-05,0.0005259746065134998
277,0.013611747631720478,0.2401558212315375,0.7252393487180175,0.0019644371747631543,0.019028645243961338
278,0.0021207097826706537,0.12945558361752313,0.8665513289901472,0.00023925562477972745,0.0016331219848794325
279,0.010522799007191596,0.18224038252353997,0.7984877996729779,0.0007990199073033053,0.007949998888987288
280,0.03365436628143864,0.43101519251082165,0.5059925361220694,0.0034909707615485867,0.025846934324121745
281,0.07527750864319359,0.584668148708457,0.3219900487003628,0.004229363043881457,0.013834930904105166
282,0.008212823959732302,0.16489788374776773,0.8236083172068197,0.0003948839800627028,0.002886091105617505
283,0.014117442791046967,0.1484257380716449,0.8128842521307991,0.0013021041471122038,0.023270462859396927
284,0.00855448950813981,0.0953710859011523,0.884317055113868,0.0008294449518059471,0.010927924525033791
285,0.004291161811802193,0.13163504541762608,0.854071747843817,0.0007071782858557927,0.009294866640898845
286,0.007344150226107291,0.19230233502524066,0.7790329682192795,0.0010821427371892618,0.020238403792183203
287,0.009180102308988239,0.24617115140168513,0.7324459504166705,0.0005648017208710482,0.01163799415178511
288,0.006755777597256228,0.17584156459992617,0.8053566965227206,0.0006565712646679038,0.011389390015429228
289,0.009523075020744304,0.411360919322539,0.5498215870369924,0.0016775743858867783,0.02761684423383758
290,0.008770602427893175,0.30210798521272797,0.6596218237235043,0.0015847654244299679,0.027914823211444534
291,0.006188077638319143,0.17037410368643113,0.7991835323500596,0.0009330907803568371,0.02332119554483315
292,0.011214208459612724,0.34197982266791727,0.5976773442290371,0.0020709463163220004,0.047057678327110906
293,0.012741020029628096,0.37836751771270943,0.5756908025322511,0.0015016098040408971,0.03169904992137046
294,0.006455739234470367,0.2060836894564195,0.7754360240266917,0.0006977147934622189,0.011326832488956256
295,0.013728028313538095,0.22396343532820293,0.7037125823063282,0.002826331168143958,0.055769622883786854
296,0.033336087325550656,0.4439720787493301,0.509437085108677,0.0015116415263279422,0.011743107290114246
297,0.008346962930223157,0.19197164680175074,0.7931097183035496,0.0012833460932665836,0.00528832587120994
298,0.06313463699260101,0.43813551603207523,0.458570390614869,0.003699797160910507,0.03645965919954426
299,0.003918802639200847,0.5619841600715607,0.43202268035255054,0.0005250222405512274,0.0015493346961367336
300,0.006757182004241526,0.3498236656953818,0.6385396981082594,0.0008002594972292533,0.004079194694887937
301,0.01937992770800897,0.29935799333297536,0.6767612794161912,0.00115308761509282,0.003347711927731807
302,0.015315412133534462,0.3633131971063004,0.6177805334041989,0.000668821821725453,0.0029220355342406638
303,0.06343032963367422,0.3938033716651162,0.51189187410705,0.007665270671239977,0.023209153922919504
304,0.026852007466873343,0.5626365923335839,0.40038473574343897,0.002418258211303096,0.007708406244800573
305,0.062135537261857166,0.4698166303157183,0.398499404711114,0.008606111810614898,0.060942315900695605
306,0.015986383012631254,0.5966263396362693,0.36656947599791945,0.002563073864819017,0.0182547274883609
307,0.06050219373278336,0.5642456996203264,0.3603385722718045,0.004437716109608691,0.01047581826547698
308,0.1321932937052667,0.7596677379841852,0.0726301718245473,0.005438223426457105,0.030070573059543675
309,0.16256821775503533,0.6145682523764379,0.21318891603386306,0.001623162832610439,0.008051451002053366
310,0.15256075378805656,0.37181303506987096,0.4506164731565271,0.007313982454811413,0.017695755530734117
311,0.06158144339560456,0.2991856760865306,0.6160025542998412,0.0067770419516522875,0.01645328426637112
312,0.017265503121778786,0.37353226891863905,0.6023727738643464,0.0016274210606293975,0.005202033034606244
313,0.016896486285769945,0.10725846180818689,0.8487018314083357,0.0029865850813117524,0.024156635416395823
314,0.11481565620145436,0.4844864491525457,0.3622112275507093,0.0046406483327544965,0.033846018762536276
315,0.004176600379755627,0.6647898938285253,0.3259604533116707,0.0020324109700995026,0.0030406415099489413
316,0.13886880666166485,0.5909903684037845,0.21572139849243,0.009353453894844585,0.045065972547275956
317,0.03170155441209648,0.5073881222697115,0.45092893329028577,0.0013539682196781267,0.008627421808228015
318,0.10922737817292023,0.6557621762381679,0.19062297688761728,0.003570270135862153,0.040817198565432505
319,0.10331095111434663,0.7652039691003908,0.10056339298638077,0.004531405955414927,0.0263902808434669
320,0.12846294871682115,0.6245110213998566,0.20838909230342878,0.006584846344312165,0.03205209123558113
321,0.17368534394816063,0.646437044786433,0.14668784882269706,0.004553975438030524,0.028635787004678646
322,0.2170346820417574,0.6172920695504366,0.0737323555701288,0.00889781032627868,0.08304308251139854
323,0.1352768547466498,0.7957056738077978,0.030448321459415104,0.007864165176462145,0.03070498480967507
324,0.03695973882623378,0.7576676338003351,0.18346275605067938,0.0032306947278427224,0.01867917659490895
325,0.06227602736049161,0.113429593185221,0.018741646983838074,0.005817527759632044,0.7997352047108172
326,0.2664758194958993,0.6044930368926884,0.021786652580706466,0.017181336553227056,0.09006315447747891
327,0.2157552849140263,0.7307016005185304,0.006342618324705743,0.01588640544277789,0.03131409079995973
328,0.30916125577393266,0.5904248161906424,0.03231490081898765,0.006807827078278379,0.061291200138158926
329,0.04224949286651515,0.8675291787201229,0.05302188839751019,0.009868982242695008,0.027330457773156815
330,0.11889112448473153,0.6158145276065509,0.05064624476172633,0.006792135790079333,0.20785596735691178
331,0.27804303350037646,0.45090954465497873,0.014505579530360512,0.010564074690574795,0.2459777676237096
332,0.25484675499898807,0.3351471459638969,0.019664443156807196,0.031212916691797793,0.35912873918851
333,0.18268566596717103,0.6090167143015713,0.006231648215479091,0.021678593873652813,0.1803873776421257
334,0.06954887536432565,0.84142984051765,0.059795652906736,0.015040468772251374,0.01418516243903699
335,0.05897563558285716,0.8040908808988991,0.07192565969544314,0.01764219520703876,0.04736562861576188
336,0.008513130791858461,0.49771394669852675,0.47567854620556815,0.009499685900658455,0.008594690403388254
337,0.3032268165273565,0.21781060748859585,0.001462824267976352,0.30250621155513435,0.17499354016093696
338,0.09727258968294071,0.1513892340111233,0.0008527345844678482,0.7269392671390142,0.02354617458245395
339,0.025893387892599592,0.05997889040246724,7.17134077315393e-05,0.9084154690918016,0.005640539205400049
340,0.049034818637350354,0.06184156386369587,9.063792049233633e-05,0.8820431758733595,0.006989803705101948
341,0.04262195295712543,0.0681056035123275,0.00017089507467955563,0.8825585246319652,0.006543023823902378
342,0.08973884555532699,0.078949750634711,8.837644362180297e-05,0.7963008337823193,0.03492219358402091
343,0.04381045917951148,0.04605292100472627,0.00012278052946147587,0.9011931973131168,0.008820641973183871
344,0.03089959130542298,0.02319310305105957,5.14592436418685e-05,0.9385300391416812,0.007325807258194222
345,0.05211888191322209,0.05580700631748469,7.154280904461184e-05,0.8785484025984305,0.013454166361818254
346,0.059139111352335294,0.038922809303613234,9.046718500201478e-05,0.8919425971725452,0.009905014986504266
347,0.10687567024969441,0.09850606116591437,9.567550891932924e-05,0.7777466491661896,0.016775943909282165
348,0.11381905238389493,0.05442390019925071,0.00010947783309027752,0.8186179618151957,0.0130296077685684
349,0.09494226342777733,0.05926354612748258,9.707427573909813e-05,0.8318476998384594,0.013849416330541627
350,0.15344713408830543,0.06688780340970382,0.0001727740570158362,0.7372406198254329,0.04225166861954213
351,0.07649484337680354,0.07951607334641551,0.00020828739371253955,0.8327711831003413,0.011009612782727227
352,0.0947871755932473,0.08224402209967009,0.0001392097159962296,0.8075978411678397,0.015231751423246592
353,0.08035118604732344,0.07804071578378419,0.00015585661736710352,0.8309440661238224,0.010508175427702875
354,0.11663272567915062,0.1066449234308731,0.0002068737320742577,0.7635046821738753,0.013010794984026757
355,0.09162153911793987,0.08054839915714444,0.0001236552820008436,0.8142579357434401,0.013448470699474867
356,0.05426203828146239,0.03382098121695422,6.364125386998934e-05,0.8998330454449387,0.012020293802774676
357,0.07773725778020099,0.14334238620023684,0.00010757164852336281,0.7671234131352964,0.011689371235742317
358,0.11449403915968279,0.08412294380531193,0.00010233441945933758,0.7902835842234949,0.010997098392051064
359,0.08523461012140152,0.08516816679655599,0.00010542789556282346,0.8201277477223785,0.009364047464101109
360,0.05606460661435999,0.08251998877506461,0.00017617743991396159,0.8527592472987287,0.008479979871932742
361,0.06777527227930166,0.06511163167641743,0.00010135795642999557,0.8540244812334802,0.012987256854370764
362,0.1322167862536421,0.061045446486309704,0.00017289258694327852,0.5789162284810833,0.22764864619202163
363,0.2602726828034752,0.09136815701735937,0.0002084886062177377,0.5522604189750504,0.0958902525978972
364,0.19575938898478104,0.0678513365479188,0.00010386007518588004,0.7172038801348841,0.019081534257230304
365,0.1898174997169363,0.06225504315013034,9.846962856095815e-05,0.7259248075660065,0.02190417993836583
366,0.07931682974210365,0.049691696140378425,7.683539360010531e-05,0.8617613943123652,0.009153244411552726
367,0.08323825760121915,0.0792290067144268,0.00046799083914684744,0.8136743939067185,0.023390350938488756
368,0.04615675859301218,0.07080510816914413,0.0003649773203091098,0.8736458020322444,0.009027353885290268
369,0.0424067254543625,0.07711365673288505,0.00011303103590474792,0.8725211597504032,0.007845427026444593
370,0.05773561282522708,0.05997473507295028,8.152919183530813e-05,0.8669400822057153,0.015268040704272118
371,0.09151856074224034,0.06450917283308899,0.00010334966958084908,0.8072304000353127,0.036638516719777345
372,0.10007424801652638,0.06843869472055562,0.00015362297888122433,0.8200877169183799,0.011245717365656945
373,0.08711423298283957,0.09543376190504521,0.00010684814369559064,0.8032260571108275,0.014119099857592096
