epoch,N1,N2,N3,R,W
0,4.8727644835875875e-05,1.2205273512380627e-05,1.7377188539064676e-07,6.855132904293415e-05,0.9998703419807234
1,0.0005957085229740273,6.133794523610639e-05,1.91154102260735e-06,0.0005481249942057611,0.9987929169965614
2,0.0011015141127480896,2.5834924037704812e-05,4.890256634932656e-07,0.0003907258868877994,0.998481436050663
3,0.0001654561706858473,1.0282224725488102e-05,8.439832351897124e-07,0.00015510480080607486,0.9996683128205475
4,0.0013235019960171738,2.5470432261081796e-05,8.336838095051387e-07,6.711079308954072e-05,0.9985830830948227
5,0.007908038109829726,3.012420872073251e-05,1.3365837149183995e-06,0.00019964195458337865,0.9918608591431513
6,0.07534470915846876,0.00048619172052411755,9.565768966853667e-06,0.0014270731511881866,0.922732460200852
7,0.015277870728208885,0.0003811070662752916,2.513128349091522e-06,0.0027569281586640785,0.9815815809185028
8,0.10301849347676585,0.0006637014469219114,6.688180193892774e-06,0.006356559696778915,0.8899545571993395
9,0.08725513774663914,0.0009163389625034046,4.858236166969146e-06,0.006256293027452961,0.9055673720272375
10,0.17421291621579355,0.0034185834158657075,1.5061027825115569e-05,0.0034882490623178233,0.8188651902781978
11,0.45370481216172864,0.005846031660599246,8.26224726678834e-05,0.008547422300238583,0.5318191114047657
12,0.6031185314176103,0.011793077417745436,3.011191496301096e-05,0.007313415049421162,0.3777448642002601
13,0.5457590605560864,0.03187321677186861,9.277161043172228e-05,0.020690128377025187,0.4015848226845883
14,0.43807149030990117,0.22711742963616519,0.0003381907907102964,0.02896310651147426,0.305509782751749
15,0.10217241394265608,0.2604360822650018,0.0006460883412706109,0.021446000451815498,0.615299414999256
16,0.09519040770624461,0.07528883921202668,0.00012304878834498584,0.024545706023969615,0.8048519982694142
17,0.07985109789993777,0.07942574731841184,8.181389451908566e-05,0.023283754937466376,0.8173575859496648
18,0.0904339646495794,0.07321770896464883,0.00014786099798108737,0.0077009531217983535,0.8284995122659924
19,0.00017492389063320527,0.000114033246591588,0.00018987603875426183,1.7220460556544275e-05,0.9995039463634645
20,0.00045968738530176366,3.375089914431589e-05,6.358711525462833e-07,1.890475563195583e-05,0.9994870210887694
21,0.0053122204248498344,8.137711251786306e-05,2.2401294271143233e-06,3.1831087816801113e-05,0.9945723312453884
22,0.027306462193812574,0.0001045809529143463,6.243026098476582e-06,2.5346942858823813e-05,0.9725573668843157
23,0.08396099880094345,0.0005020953691652823,6.442674768259997e-06,4.778488629493373e-05,0.9154826782688281
24,0.20367559814677333,0.002383577286329949,3.144953309832611e-05,0.00014182249348384696,0.7937675525403145
25,0.2741385453384899,0.06296700998364903,0.00011210675189177337,0.0005017926864191155,0.6622805452395502
26,0.24439018841610002,0.47966150955893994,0.0019770849262986142,0.0012686011344433751,0.2727026159642181
27,0.17775346752983492,0.6309215111872087,0.0014074529178567951,0.0018608232589198115,0.1880567451061798
28,0.027355943736274767,0.7697038599164443,0.008772702548992262,0.0006598698916918269,0.19350762390659684
29,0.01800998146480082,0.8152523209557937,0.061061331612621665,0.00017623240020873886,0.10550013356657503
30,0.035841610729444355,0.8868699396970398,0.016404742359249252,0.0006421563213265352,0.060241550892940025
31,0.015702361383634934,0.9524372892969637,0.006040743361414483,0.00023088606327210476,0.025588719894714586
32,0.030996654143625485,0.9281136622235349,0.011582022716367452,0.0003111825884743515,0.028996478327997868
33,0.10744780115063912,0.8648757698044459,0.005127953863748451,0.00049171874155858,0.02205675643960804
34,0.03396382325850122,0.9465474818585301,0.012289554268918937,0.00016589380439030745,0.007033246809659587
35,0.04230725538207351,0.9433497212418254,0.00623905800782354,0.00033319868239866155,0.007770766685878997
36,0.015783525870790103,0.9270516285780495,0.05079830385598406,0.0002757698844625954,0.006090771810713814
37,0.017228404775325595,0.9519514707182106,0.01860816908601538,0.001434676244179587,0.01077727917626857
38,0.007608632343735533,0.8859790278541259,0.09515792642589892,0.005105669254729987,0.006148744121509643
39,0.032124929336914625,0.9117371031784078,0.0065247014937194585,0.026411315508892905,0.023201950482065286
40,0.04892035468245315,0.8986878106697872,0.00990184038322252,0.029845465713792384,0.012644528550744931
41,0.23942115368581285,0.25596992506522015,0.00031367963361411894,0.012133281206993928,0.4921619604083588
42,0.24121199155113013,0.7245366621710523,0.0047333928885239735,0.008539725109985068,0.02097822827930859
43,0.6062894016398048,0.35448568112700723,0.000304919566558238,0.004651913533067308,0.03426808413356237
44,0.1633600444203303,0.8231628368673828,0.0032356437641050395,0.0003565477263795745,0.009884927221802248
45,0.1442012063463039,0.8340654311383197,0.0011316916013949744,0.007396335455303388,0.013205335458678242
46,0.1922752237664357,0.7853190673508817,0.0011358749661977954,0.00167839706515125,0.019591436851333396
47,0.087891419805175,0.8989339107620632,0.0031387802968164324,0.0018960416362166013,0.008139847499729014
48,0.02994402980249219,0.9589745922672148,0.005956981267708844,0.0010064850020904917,0.0041179116604936495
49,0.033246036577054265,0.9552147567446119,0.004458049205001407,0.0014283767031523986,0.005652780770180166
50,0.018901634507266448,0.9593754062693141,0.015401444637915665,0.0003973262126408741,0.005924188372863032
51,0.010414509045686277,0.9531384648192067,0.031698806360762395,0.00018137958981542172,0.004566840184529248
52,0.014250921478135772,0.721943292694836,0.2512321992811145,0.00024108536890514695,0.012332501177008513
53,0.16866555993197113,0.6822092539895626,0.0037728529496801762,0.0013196876841808987,0.14403264544460515
54,0.05908943041245304,0.8819971620959659,0.02489717871525019,0.0005688616558563931,0.03344736712047436
55,0.01459380821171434,0.899403284872272,0.05337679638776671,0.00023166650219650078,0.03239444402605068
56,0.04017877672773408,0.8851730900731795,0.03740310271162605,0.0006719112159146291,0.036573119271545836
57,0.03291388959882534,0.71275653778788,0.020828474087736994,0.0026672444108685007,0.23083385411468912
58,0.008401602787913087,0.5730969617897128,0.2727290335853759,0.0006263083225580259,0.14514609351444016
59,0.0007347499114243083,0.0009302616703698971,0.00033296748288827276,2.192143271012681e-05,0.9979800995026075
60,0.0022907941038419234,0.0008580583282585356,1.1184652342450042e-05,6.975418151035927e-05,0.9967702087340468
61,0.17943287921884504,0.0024699678947298076,1.6426079027517876e-05,0.001478241698820669,0.816602485108577
62,0.795677233873259,0.005034952178916174,4.019344047529367e-05,0.0007038660523344979,0.1985437544550152
63,0.8323974122239415,0.11490332309664858,0.00010613455415744057,0.001826312396797453,0.05076681772845502
64,0.880094740344695,0.08218707618122323,0.00013069534018416272,0.0030606073824725705,0.034526880751425175
65,0.28710070200343224,0.6541998613769096,0.0013389354124258908,0.02230597560016236,0.035054525607069946
66,0.05314405596297515,0.8928979033041874,0.010361480219850045,0.021492529692335647,0.022104030820651478
67,0.15330734076772973,0.7581772460770075,0.013980249899822474,0.05095196168695181,0.02358320156848833
68,0.16898595420498744,0.7478481782720091,0.006532894794175682,0.04686475052424154,0.02976822220458627
69,0.042157656485141484,0.9148018043277737,0.01732496097637225,0.014033981187419824,0.011681597023292752
70,0.10028758118783065,0.8656463257357795,0.006767890215203534,0.010928663430573835,0.016369539430612375
71,0.03028244849801773,0.9387878219911215,0.021153257443691783,0.0009236332603940029,0.008852838806775034
72,0.279899718570332,0.680954822786536,0.001504887864550562,0.006109926606608818,0.03153064417197281
73,0.07274289949577183,0.9076121430909128,0.007304971565508456,0.004538044826912883,0.0078019410208940605
74,0.02257692914879948,0.9616527026840365,0.006952967777969378,0.004893759819365507,0.003923640569829147
75,0.01890392556233744,0.8932666112426273,0.08355977830720586,0.00048021866053919835,0.003789466227290084
76,0.01318554784529338,0.9550262232510848,0.02570461883819943,0.000360638221364887,0.005722971844057505
77,0.019996333086816063,0.8694852247043823,0.10227817611503781,0.0001802831367009287,0.008059982957062893
78,0.003468335703149221,0.6904534064732754,0.30234252600704326,4.950041176933722e-05,0.003686231404763011
79,0.00475016448819152,0.696868234295841,0.295146723305087,7.101137009462793e-05,0.003163866540785932
80,0.0010169899141568542,0.45180712842529297,0.5441460762872709,5.079289515362978e-05,0.0029790124781255353
81,0.005893236134037597,0.6249223926064721,0.36552624164604264,9.644627774610116e-05,0.0035616833357015884
82,0.0017948079243351915,0.5211929277347488,0.4739926803426677,5.758046343611224e-05,0.0029620035348121845
83,0.0012189501146671186,0.42003153303319296,0.5763858414178901,5.339996534807824e-05,0.0023102754689018714
84,0.0001870202839866626,0.07221989866652576,0.9268895510238934,8.294167110047112e-06,0.0006952358584841047
85,0.0009298425462256258,0.5055841159353566,0.4915932526339086,5.372068960583298e-05,0.0018390681949035366
86,0.0002131279805313888,0.08186066865197417,0.9170490703667507,9.620496031206562e-06,0.0008675125047125246
87,7.165108970811567e-05,0.03961965016804293,0.9594463425209252,5.155710870284692e-06,0.000857200510453481
88,0.00019226852523687626,0.055043928216868425,0.9429987447186138,3.155352507466405e-06,0.0017619031867735435
89,0.0015089922842068738,0.691915883730531,0.3015184145494385,5.541512931973518e-05,0.005001294306503736
90,0.00023282866007953219,0.33463200405921517,0.6626139717118745,7.947588705020303e-06,0.0025132479801258352
91,0.0015076201154796546,0.6048435036928859,0.39031089620558457,3.527336483551574e-05,0.0033027066212143615
92,0.00021643531712234516,0.1923266616119933,0.8055360964503573,4.45725538590252e-06,0.0019163493651411562
93,9.560598835623048e-05,0.053682638490237786,0.9455300017317944,3.0751397185525313e-06,0.0006886786498932856
94,0.0011229813706910765,0.4518366145761751,0.5448594115783071,3.976223569209551e-05,0.0021412302391347563
95,0.0006519562576849945,0.6606591640498019,0.3369052948685676,2.8728376922124168e-05,0.001754856447023413
96,0.00012164604723163047,0.18692361144664185,0.8115365475649908,6.930389960065926e-06,0.0014112645511756667
97,0.0002514239814274906,0.2052611106234157,0.7929006854031801,1.2775313112676104e-05,0.0015740046788641042
98,0.00018132954591688284,0.08111281671757439,0.917549366957797,6.506279189777185e-06,0.0011499804995219907
99,0.0007005424509802043,0.28221094227483473,0.7154563558544783,2.7866357988094084e-05,0.0016042930617186483
100,0.00020624782715674556,0.0755895108512536,0.9233208904090661,8.564311338123944e-06,0.0008747866011856273
101,0.000589389196114151,0.45494641952538106,0.5431763799157053,7.637064972396461e-05,0.0012114407130755585
102,0.00018967096351180663,0.1197074705855331,0.8790874819516791,1.3223707162798e-05,0.0010021527921133077
103,0.0005066193884929501,0.41167146415432476,0.5863813595412652,0.00011517368884683122,0.0013253832270701908
104,0.00023154843506535268,0.13128335595756135,0.8677041895364206,4.4414090991102984e-05,0.0007364919799617392
105,0.0003589702480787903,0.19453641110210965,0.8034163367420865,4.259703015069219e-05,0.0016456848775744121
106,0.0017197317245791171,0.41860410211456206,0.5742598113017966,0.00014073408296630253,0.00527562077609591
107,0.031244841509536957,0.8793817812799082,0.07853515067171013,0.0021454148677906328,0.008692811671054188
108,0.005178744466228314,0.889592688821864,0.10298715335862851,0.00017609178475745018,0.0020653215685218318
109,0.024278836156287818,0.9423033435085704,0.030921863939383062,0.00019707941499204614,0.0022988769807664655
110,0.0014501428857525487,0.3087503880406949,0.6885555811092263,4.3358145130612634e-05,0.001200529819195558
111,0.0005019380097568391,0.3014890499745708,0.6964495541184039,2.9635430629263693e-05,0.0015298224666391701
112,0.00444964545652864,0.6852567010204176,0.3053863053188505,0.0003089476514357298,0.004598400552767397
113,0.0013016537165040074,0.7590624006275348,0.23716568238688213,0.0001028308921719668,0.002367432376907043
114,0.00169433326605378,0.5104093612171549,0.4846114558635535,0.00020043814236364515,0.003084411510874053
115,0.0011626098679785577,0.5794944087862892,0.4169731255424192,0.00022373739069624177,0.002146118412616812
116,0.0005915257804685859,0.3146991291052227,0.6833097728773824,0.0001388204036188909,0.001260751833307436
117,0.0014096475561594275,0.24616996338980343,0.7502949037246395,0.00027787619341931207,0.001847609135978364
118,0.0003933469418322195,0.07859829873781232,0.9193576065460344,0.00024747288266330767,0.0014032748916579085
119,0.0007795652457511757,0.07732686217328583,0.9184248917272217,0.0002124651047816971,0.0032562157489594836
120,0.018437735204935475,0.1974682197056193,0.707199692332171,0.002499776112784958,0.07439457664448934
121,0.13592667798995453,0.08963158252867769,0.002398654114682797,0.004432463005668091,0.7676106223610168
122,0.5223417524183986,0.3255152624025666,0.0068630829659807255,0.027373769203423007,0.11790613300963097
123,0.15614853241577628,0.7782994459964421,0.008852305890015014,0.003336543167888728,0.0533631725298781
124,0.18413615177634002,0.754788297405406,0.023084508197493404,0.001537555850906542,0.03645348676985403
125,0.03920289149248166,0.9337530499587703,0.009667626074208676,0.008854774676339622,0.008521657798199824
126,0.027336751932629525,0.9329881909512796,0.025984259546775485,0.006656199605807248,0.00703459796350813
127,0.009902098681941272,0.800803320380736,0.18040324219583556,0.0018330093324005561,0.007058329409086657
128,0.020950757543917935,0.9355033108461392,0.03048288836673483,0.007213001261965498,0.005850041981242438
129,0.012877214921006682,0.033462331914073586,0.006716213592241952,0.0009302954947592562,0.9460139440779185
130,0.09077607771633249,0.0290935134340386,0.0008651398726337648,0.006053913503805263,0.8732113554731898
131,0.3753711398685189,0.43119499128145305,0.005097704162115533,0.005591702546523565,0.18274446214138895
132,0.18760885917046527,0.49722649392524687,0.007927705661419742,0.015012610914824526,0.2922243303280437
133,0.04713481258007543,0.8257117881500081,0.003237308709491903,0.00939294099935579,0.11452314956106861
134,0.0014588902317205408,0.005010013502402544,0.0006157219560671629,0.0003357321973670995,0.9925796421124428
135,0.0031247724917177954,0.00047018483280801765,2.0498579507940854e-05,0.0003391776822219052,0.9960453664137444
136,0.25365332688357944,0.0021425440321853014,4.964429716053049e-05,0.0043643854802529886,0.7397900993068217
137,0.6789931938497461,0.012913270496370127,7.450941956876795e-05,0.012235080303079168,0.2957839459312357
138,0.6763810255835558,0.04003425999391357,0.0001772404458128427,0.027769555552133077,0.2556379184245847
139,0.5950591261310321,0.2759843947677158,0.0009045982955411028,0.03469792157189812,0.09335395923381279
140,0.39796647779663863,0.31473200121966954,0.0006280782341069263,0.15532143040632948,0.1313520123432552
141,0.5278518261512968,0.2425687545095461,0.0004387320316645946,0.16099097275190702,0.06814971455558541
142,0.2355502554203231,0.518859967784053,0.002249788786326174,0.20645563563154432,0.036884352377753546
143,0.07055898374772998,0.8626602856544221,0.0030926064328278924,0.05351231974999714,0.010175804415022891
144,0.06626335933321442,0.8558794023978302,0.024136191319830858,0.023324007079479462,0.030397039869644808
145,0.14791045901938774,0.75227230397504,0.002127640605489264,0.0537643266473182,0.04392526975276485
146,0.05465269221599023,0.8240726053264831,0.02757291535662454,0.04168644435144931,0.05201534274945295
147,0.20592749065418697,0.5576888568091063,0.0008602396744991922,0.18723286052900656,0.048290552333201044
148,0.0823479195614835,0.844574364748035,0.0020907608463126485,0.0231074493859902,0.047879505458178394
149,0.0006406599169079887,0.0008803111968118394,0.00014186149584142306,0.0002883319345154212,0.9980488354559234
150,0.02688347185717006,0.0009478674467328072,8.725943406338522e-06,0.0011836201576305068,0.9709763145950603
151,0.6924158038876952,0.004085170243937781,3.220174547584171e-05,0.001978054756763213,0.30148876936612795
152,0.6538364667239426,0.11631897542610416,0.0008112994250739438,0.005123645462391691,0.22390961296248757
153,0.69737151100056,0.16372488869050061,3.833822285100612e-05,0.0050661398869946,0.13379912219909387
154,0.7475605327617038,0.1373428440201088,0.0001403121558545982,0.01106036360338198,0.1038959474589508
155,0.1586468296586923,0.8079146921606569,0.001371145326946897,0.019425194415839217,0.012642138437864716
156,0.17480690532087476,0.79569679815841,0.0010586104150485068,0.01976188041482301,0.008675805690843691
157,0.09559942311871587,0.8822721078231369,0.0005803043834820527,0.014184618975503561,0.0073635456991617285
158,0.013353317510751516,0.9562092721709005,0.0020006503115989334,0.02746297689233386,0.0009737831144152413
159,0.007815801348346644,0.9720996099718378,0.011763239251997244,0.0066890955913025425,0.001632253836515892
160,0.01978271992923677,0.9537840633534832,0.002121421758209619,0.022302761605094732,0.0020090333539756673
161,0.011801573130883985,0.9493885780845156,0.004219175014004496,0.03148214989288896,0.00310852387770719
162,0.027526779333054606,0.8921162521010685,0.016836740325712453,0.05956874611986278,0.003951482120301604
163,0.10772376869238064,0.7979419286871596,0.0012502160742388457,0.07873272632931977,0.014351360216901424
164,0.02871422013692701,0.945520594127212,0.0077827657424608555,0.014357214268839066,0.003625205724561058
165,0.08545538690611976,0.8792257836804901,0.0025653010513949632,0.026532071273312387,0.006221457088682742
166,0.15236062809270395,0.7908126648626372,0.0016749651088014184,0.014938029144521046,0.04021371279133642
167,0.21656777257904328,0.7112222452589033,0.002478740725047772,0.04362687160086831,0.026104369836137137
168,0.059810843716182005,0.9110103507405669,0.004670503822720572,0.010918895445688331,0.01358940627484235
169,0.5118817187244258,0.2793926417369125,0.0013323728827877707,0.13869778385525128,0.06869548280062274
170,0.040728868076278076,0.920929576379514,0.0032814286460083448,0.015303892556855814,0.019756234341343652
171,0.008668007211974648,0.12301966063168648,0.011204397866589179,0.0021408137046740293,0.8549671205850756
172,0.007720522665436209,0.00578377153052551,0.003470898574042282,0.004006973419987532,0.9790178338100085
173,0.00868515741736919,0.0006880218461553108,1.0388676391441677e-05,0.0015853302353238668,0.9890311018247602
174,0.5708963413064332,0.004592744390682373,5.6876633964599684e-05,0.004164246122498443,0.4202897915464214
175,0.9026165714538282,0.03304684748611546,6.720518346910321e-05,0.001434390589486489,0.06283498528710066
176,0.6884901118061911,0.2365887046480393,0.0025679460648135163,0.0076599770868741625,0.06469326039408194
177,0.24176800601993953,0.713520334849571,0.000989356041263069,0.02803994792554654,0.015682355163679995
178,0.030721956197617344,0.946127012290502,0.003573251866941,0.010686845042474765,0.008890934602464753
179,0.2705642700052896,0.4150761145621761,0.0005640029887276154,0.23933869308671762,0.074456919357089
180,0.05256198797144595,0.8222007935962709,0.0015238724070883907,0.11653771817097298,0.007175627854221951
181,0.10199096298741231,0.7310677990701052,0.0009049219070612331,0.16011000193027994,0.005926314105141326
182,0.12770312545754442,0.833764605872559,0.0019282575646235563,0.01829113685830212,0.018312874246971002
183,0.47352561922660535,0.38015168826466383,0.0002791934476469674,0.08409612451157795,0.061947374549505815
184,0.29959168457487423,0.6784674290070093,0.0003155514223312494,0.015706714368813053,0.005918620626972147
185,0.0622124300239749,0.9212443905951644,0.006519161199716793,0.004156706340887443,0.005867311840256488
186,0.03751967581475642,0.9472882478599277,0.009920280682148685,0.0020162992301639635,0.003255496413003311
187,0.07690081720185814,0.9002919500833171,0.0034203940748163773,0.016429393471989007,0.002957445168019492
188,0.029045621173429577,0.9495036660410354,0.00551861315497114,0.012983870189158725,0.002948229441405231
189,0.016206364955538677,0.9670470259312642,0.008766879946477471,0.005803642749496488,0.0021760864172231677
190,0.021479952617322454,0.96365837306308,0.006498052836903842,0.00601188716442048,0.0023517343182731638
191,0.008958039188705916,0.9683988754746635,0.016017109296312764,0.0039652259625240684,0.0026607500777935935
192,0.01065391035347816,0.9123426071183671,0.06491131956796635,0.008381776932974627,0.0037103860272139676
193,0.03932468154849728,0.9258061640557413,0.012001678948264377,0.014960729982274636,0.007906745465222464
194,0.0654396677052736,0.8782708193802423,0.018281266014060858,0.026577013320127803,0.01143123358029544
195,0.0600469245420412,0.9019986800848069,0.00986244619472023,0.02043929379643032,0.007652655382001429
196,0.020870828935139155,0.9484366655637071,0.012087788551963281,0.014033119665438262,0.004571597283752372
197,0.04289832654967726,0.9035289504837932,0.002725394523609644,0.04724704377473761,0.0036002846681823606
198,0.2761800879376197,0.6517325156753352,0.00047387946543216543,0.03682189601144751,0.034791620910165244
199,0.0875254794122275,0.8787419417776905,0.0030832463775526202,0.025828053493011923,0.004821278939517509
200,0.02437889876653,0.9613497667248403,0.005215473448903274,0.007266726356175633,0.00178913470355063
201,0.05131382159836468,0.908360828951544,0.012793535649981353,0.02485339252369974,0.0026784212764103046
202,0.3454094348522448,0.38446332876085804,0.0011923417082545476,0.07658578326970895,0.19234911140893365
203,0.11824240643439307,0.8580458037905585,0.0030252550238687045,0.01623438512287756,0.004452149628302103
204,0.03916413265313914,0.946105759705459,0.009225802575542216,0.0031981522333256306,0.0023061528325340874
205,0.06738643546932853,0.9221042559110902,0.00377731757785128,0.0026135879965030295,0.004118403045226769
206,0.01368271702908975,0.9713204176965673,0.006696396555408048,0.00696184809389399,0.0013386206250407759
207,0.031623937004463885,0.9495317118401002,0.006360931780602456,0.008573341088805453,0.00391007828602782
208,0.010896329130918845,0.925204298745483,0.05754347275257383,0.0017443806538705604,0.004611518717153584
209,0.16091617992502483,0.8079687394636872,0.0026766986570481988,0.00991877101464309,0.018519610939596944
210,0.1201543842577053,0.8528158698867522,0.015729805218345983,0.0030470040454872913,0.008252936591709318
211,0.03921821624155501,0.9316002248890302,0.02318810613042872,0.0013411208083223465,0.004652331930663771
212,0.08240204488777365,0.8805720488694015,0.0028524924568397005,0.002739137021345452,0.03143427676463975
213,0.2666462938872741,0.6747702779786795,0.007673726091042567,0.016205992830614167,0.034703709212389515
214,0.04743429218023554,0.8910628390351751,0.05046039809853098,0.0016890257375146325,0.009353444948543736
215,0.13224049827914405,0.850284703453432,0.005871007387217688,0.002013231691658104,0.009590559188548469
216,0.054866536592509084,0.9229842959513912,0.010524285747502306,0.006766760524751384,0.004858121183846151
217,0.07547226042296101,0.9017650449679271,0.004240308656301709,0.01227196470028732,0.006250421252522754
218,0.019603373511619695,0.9299853170677315,0.043645418711589425,0.0034837814560263925,0.003282109253032924
219,0.12512163806236073,0.8289909166240502,0.012436160558713006,0.027091642087075023,0.006359642667801089
220,0.07056591881049183,0.9075575845592522,0.00739053849119714,0.0040682654679726205,0.010417692671086172
221,0.06618281284661712,0.9171435728057651,0.0065034038512557825,0.0038438137454976005,0.006326396750864472
222,0.06069554510168631,0.9338086744672766,0.0014109425257920125,0.0006259769994361249,0.0034588609058089016
223,0.027508204064540204,0.9547906790396382,0.015184705261672217,0.0004585220130255874,0.002057889621123635
224,0.46445596851841425,0.5015158804564414,0.0008431334067119242,0.0033877987867603917,0.02979721883167205
225,0.026553078117795795,0.9534377091583738,0.01525141001997963,0.0019320356807493732,0.0028257670231014117
226,0.012457107823061777,0.9598531952236484,0.022600043378372993,0.0021713790220462834,0.0029182745528704033
227,0.054347731509532336,0.9277966026443634,0.003286090077410136,0.011206466604401638,0.003363109164292505
228,0.00947650249404014,0.9551866437975601,0.025893805085519632,0.006755058779739698,0.0026879898431404516
229,0.0473517202192117,0.9312980775692177,0.01054462299177593,0.006070037216667572,0.004735542003127194
230,0.03836868781406498,0.9362757468599399,0.015798971353512544,0.005579719782357486,0.003976874190125131
231,0.03374582533780434,0.9487856897520822,0.010816822479393806,0.0027639416119466334,0.0038877208187729183
232,0.14712156689209563,0.8278871396882148,0.0031164570781211805,0.012242957341374329,0.00963187900019413
233,0.03204912801362519,0.948042532177122,0.013894326890372186,0.0029443933992309625,0.0030696195196495044
234,0.051713674938424464,0.9094238407229923,0.03141096212397547,0.0019250741529813578,0.005526448061626437
235,0.01110152722001345,0.91946416888536,0.06608884058282545,0.0010468008792170183,0.002298662432584279
236,0.07624563955894277,0.9029649174977583,0.00853620404795636,0.00661539426257096,0.005637844632771488
237,0.019921784994299408,0.9314971685026193,0.04338614926143584,0.0014913561998452572,0.003703541041800294
238,0.009524067940965135,0.9465819784023883,0.03960082175993829,0.0019994369514035677,0.002293694945304417
239,0.032039953439261075,0.9427554633595199,0.017927232449787608,0.003085194324957387,0.004192156426474045
240,0.029656871627848663,0.9342870885920495,0.02532695621105135,0.0066592346806811364,0.0040698488883694674
241,0.06698254527922243,0.90476613040532,0.012669771253642608,0.007368683320872473,0.008212869740942631
242,0.0241920002931485,0.927160796587287,0.04223507375833434,0.0016074156401048763,0.004804713721125353
243,0.011616663365587462,0.9616592645912208,0.024167366539045845,0.0007436657380952344,0.0018130397660506515
244,0.10079742459857323,0.8783303335373382,0.008402978907037931,0.003342928308582479,0.009126334648467977
245,0.06054655830967356,0.9202926079226119,0.012289591462532291,0.0014349783053461092,0.005436263999836307
246,0.010744606601060816,0.965106328208063,0.020844131921253086,0.00048179693705505583,0.0028231363325681275
247,0.027496848681277462,0.9524107858931626,0.015558809834776128,0.0014731450385597447,0.0030604105522238838
248,0.012871904914299324,0.9540921693087864,0.02815095722399946,0.0016851326852864567,0.0031998358676282724
249,0.023236124492721236,0.7727790516015468,0.15882538751178557,0.002576681992721379,0.04258275440122503
250,0.26498252926998156,0.6549441196364482,0.012648369874705492,0.010571366903775222,0.05685361431508963
251,0.08939067606173548,0.8603429025704165,0.04104428686211983,0.003183004033945952,0.0060391304717821144
252,0.13111076279727743,0.6996578890176045,0.1512478768950875,0.0021665135494755403,0.01581695774055512
253,0.14745054560585982,0.7930859219967452,0.03181676656904678,0.023374848786578525,0.004271917041769624
254,0.04204254698718464,0.8952236755644228,0.010896847950703694,0.04670258655086137,0.005134342946827455
255,0.05659039687325814,0.8738088353076696,0.009452569886985576,0.055429709913143055,0.004718488018943702
256,0.040089477476773994,0.8976221195608574,0.015756163217948007,0.04042097497313704,0.006111264771283807
257,0.2552292245026427,0.32998981650805015,0.000608197706700266,0.36813155002109826,0.04604121126150882
258,0.2562338704274883,0.6681448951364162,0.0027330734741421127,0.05217692276211454,0.02071123819983894
259,0.04697700740166309,0.9326417757635058,0.0024485362742415894,0.013955810251920067,0.003976870308669284
260,0.09685337928097985,0.10839320270719713,0.0002859907535784124,0.01144573124300529,0.7830216960152392
261,0.5603388119896974,0.2917611041113787,0.00019223538681044058,0.06933573436474476,0.0783721141473686
262,0.12926486749344687,0.030021370650244267,2.896300362200468e-05,0.007237901871696239,0.8334468969809907
263,0.46025796671903635,0.44126677932237063,0.0005513482105298103,0.016063499366224497,0.08186040638183871
264,0.242102922091675,0.6936138524995231,0.001346188881755324,0.02470179080419659,0.03823524572284991
265,0.2849541306530557,0.6256805603512198,0.004795732859389712,0.012875400679963123,0.0716941754563716
266,0.12042949763711965,0.8094454443170706,0.008204956538360954,0.029201887646284584,0.032718213861164226
267,0.10886630065827715,0.8554461740349584,0.006329029853587515,0.01722917307952298,0.012129322373653962
268,0.01967460951574081,0.9648740759534536,0.008071780412818376,0.001856704294272181,0.005522829823715094
269,0.030352289197153295,0.961132086771422,0.0029934788568201465,0.002321845627629963,0.003200299546974441
270,0.02977127524815611,0.9607939704296597,0.00460869364434987,0.001625425535923843,0.003200635141910432
271,0.01762263144071699,0.9577880072967792,0.02061311069425453,0.0007233858123230862,0.003252864755926437
272,0.050421563765422096,0.9424680022393433,0.0029054521261479356,0.0009497251707445071,0.003255256698342319
273,0.13282819610045893,0.840983376730774,0.0007185927904502424,0.0023603388070685986,0.02310949557124838
274,0.012501476564760363,0.9803857750831408,0.00494489828326976,0.0005903903846756686,0.0015774596841532421
275,0.17891521786433412,0.8097920210421046,0.003306195603477773,0.001731637800379175,0.0062549276897044485
276,0.008723990146994544,0.9247502563573078,0.06194816964803268,0.003231302346919288,0.001346281500745629
277,0.06414149577833625,0.9029849208810409,0.001973496980062877,0.025172016426978364,0.005728069933581605
278,0.05184580827502145,0.9313475171444626,0.0031202050087964003,0.007067050072291998,0.0066194194994275025
279,0.012380821889135201,0.9668831814409821,0.010863945651885303,0.007572347545905228,0.0022997034720923727
280,0.08783285470485978,0.8940844373639694,0.00608306142212197,0.0053180286580397145,0.006681617851009206
281,0.012794332620547631,0.9537448522909281,0.02929304257169337,0.0019758813255925612,0.0021918911912384
282,0.009599523135490118,0.9702710565807375,0.017481355936604978,0.001168980771562531,0.0014790835756049385
283,0.01687191647289934,0.9271599145576166,0.05221826298121925,0.0014315476334107013,0.0023183583548541426
284,0.005300008936739599,0.881975758500666,0.10750563847812311,0.0022627691674706363,0.0029558249170006127
285,0.017518076157909082,0.9390037395976649,0.03745122002783918,0.0013013478901277597,0.004725616326459009
286,0.011419299051351478,0.926077354376481,0.05791236899655901,0.000745529956852535,0.00384544761875595
287,0.015593790568259125,0.9384497691089146,0.040615468685872555,0.001173039797475442,0.004167931839478259
288,0.09578928324417854,0.7975273618366542,0.027328380814298624,0.0008658083600785902,0.07848916574479008
289,0.07173774731448058,0.8718206289834245,0.047029557474290655,0.0028392219574635827,0.006572844270340702
290,0.12170501965940632,0.8562641393750113,0.01489009398639037,0.002730166613682273,0.004410580365509597
291,0.029270305604793698,0.9346219557390875,0.030059163051071883,0.0010184552637564465,0.0050301203412906345
292,0.0011213391945132413,0.7126793864804501,0.2842694824057483,0.0006465879319816263,0.0012832039873066662
293,0.04492760178512727,0.9325475957795677,0.010454674724007289,0.007205605913554254,0.004864521797743562
294,0.014367543402366564,0.9591310137422209,0.021593176120367433,0.0015983605394947007,0.003309906195550407
295,0.006855902353746077,0.9871332517505101,0.0040018618050103975,0.0007501105296282825,0.0012588735611051003
296,0.028020575416998768,0.9658333823641514,0.0034016048442031496,0.0010135941312760825,0.0017308432433707163
297,0.02035954167542284,0.9642370695727713,0.010565059778083946,0.0007215983396894738,0.004116730634032148
298,0.007649324165115075,0.949710345372612,0.04007286127406336,0.0006311344235625254,0.0019363347646470833
299,0.02438265297253664,0.9485659150225138,0.02064790316841504,0.0019946025005668842,0.004408926335967725
300,0.09339468126328107,0.6305530434125101,0.0429515059815395,0.004327489758741022,0.22877327958392835
301,0.4013861927345287,0.5067340579028149,0.0009241578118800354,0.007899083900116233,0.08305650765066017
302,0.1677332932472963,0.8177072045201078,0.004014222494126165,0.0010732875709899819,0.009471992167479704
303,0.06526669401891438,0.9185727344462801,0.006795690735514706,0.0027085427507566743,0.006656338048534245
304,0.0692653508367107,0.9215247021191488,0.0017527957967242342,0.003093495621938882,0.004363655625477275
305,0.004078814759895262,0.9792700113245032,0.010769755226728118,0.0042135006741399325,0.001667918014733457
306,0.30231589863644737,0.5214808082439025,0.0006633718009344873,0.046461580604256335,0.12907834071445923
307,0.06378596187349496,0.9241377849421201,0.0019095579583669412,0.004466721938893337,0.005699973287124717
308,0.15058850072567903,0.832166589481093,0.0006875803457391124,0.00949928636690689,0.007058043080581885
309,0.05442271968832165,0.934998806679131,0.0034936518860771396,0.001786936215113951,0.005297885531356367
310,0.06978966039264049,0.9013421460612216,0.002587971363428969,0.02315621327623505,0.0031240089064740128
311,0.0493382142905951,0.8941368235354761,0.004106859968336526,0.04222252665433619,0.010195575551256164
312,0.1826218835397858,0.6736761672504938,0.002008598570195704,0.10157411478017378,0.04011923585935074
313,0.15315383791068185,0.650407516891318,0.004047648720186328,0.16216001276792957,0.030230983709884234
314,0.03879419318012309,0.8463328998168503,0.0274004982709479,0.07649254489661042,0.010979863835468206
315,0.15651712953318025,0.21487277304811744,0.0021164617607244145,0.4022435344800668,0.2242501011779111
316,0.10431029851012605,0.6012275067027143,0.003279434078272564,0.24407190581232407,0.04711085489656298
317,0.19898781472102828,0.12803166933288304,0.00021706293594466602,0.12109286391462967,0.5516705890955144
318,0.7417903599771783,0.11564946977676194,0.0001326687345900116,0.04837737959113105,0.09405012192033856
319,0.25693263309011916,0.7111488699391556,0.0008899219494079744,0.012691317491432779,0.01833725752988448
320,0.1878432919333387,0.7730881681582306,0.0047208576299412825,0.01469352690175153,0.019654155376737932
321,0.023601120255382666,0.90944842238042,0.030028236146244516,0.018840136215501724,0.01808208500245113
322,0.04043501481995324,0.7609796474712083,0.07066184118646203,0.09588933247805952,0.03203416404431684
323,0.10184851816752619,0.5673494987449366,0.06751883555075666,0.19637131654223397,0.06691183099454666
324,0.08588231230558162,0.791089626513994,0.02526448671103853,0.06535312378350895,0.03241045068587696
325,0.004855603791033635,0.00851413972230046,0.008847990425241455,0.0009554769452051645,0.9768267891162192
326,0.37044019793815963,0.008888130649860692,0.0002311863093093872,0.0033787532500044095,0.617061731852666
327,0.7992921497026383,0.095255626784233,0.0016769534715744818,0.005581807613545763,0.0981934624280085
328,0.5059470205372454,0.05916295392061248,0.0006469168453563845,0.0042639834199466094,0.4299791252768392
329,0.3447685510025424,0.584177699517452,0.0008008882920413305,0.027381739095169156,0.042871122092795186
330,0.09269659518306696,0.8480224366398532,0.0007097891448112338,0.022888340352880857,0.035682838679387874
331,0.03279969780938458,0.9191476719351207,0.0012742339416535002,0.0059523423453034605,0.0408260539685375
332,0.008926022430953607,0.01870623264713152,7.630249005131187e-05,0.004325767050679562,0.967965675381184
333,0.01991282099487677,0.0012817268283372447,1.3313020828340168e-05,0.0032768827691877344,0.9755152563867698
334,0.5059645551095483,0.0050085652489282725,1.9864949881587905e-05,0.02036728225024139,0.4686397324414004
335,0.7249577798287646,0.00284782299454352,1.7558215325522837e-05,0.02161275098138339,0.25056408797998303
336,0.8057558901619417,0.04466022444360478,2.749056694631043e-05,0.058163346091403424,0.09139304873610385
337,0.16429202457825798,0.5317773630551464,0.001688423396764177,0.13464577237793288,0.16759641659189853
338,0.17235723440205394,0.23207920681547034,0.00035161340381850817,0.4907387718799737,0.10447317349868349
339,0.035797043380703754,0.029234545104812232,9.963517387158293e-05,0.3498877318937979,0.5849810444468145
340,0.06681553944284875,0.1423198511396954,0.000536048223929138,0.6614322055443485,0.12889635564917817
341,0.21074504221320078,0.06508253591933155,0.0002612284170660249,0.6314414087525605,0.09246978469784109
342,0.13424819782029182,0.12935404737425546,0.00012762376099270805,0.336016151819063,0.4002539792253969
343,0.003952461941503818,0.002303690157335159,2.405454186650422e-05,0.02470077592178931,0.9690190174375052
344,0.6615484696743669,0.00670350998458573,3.175218236731401e-05,0.1227315207108035,0.20898474744787657
345,0.7372016315510335,0.08191988269736757,0.00019807706174408563,0.13466842033737078,0.04601198835248434
346,0.7914633003843349,0.09297483192073691,8.206734627004752e-05,0.07691899513166842,0.03856080521698983
347,0.34299152636756214,0.40214536007309687,0.00038113058246535517,0.23656661045211283,0.017915372524762736
348,0.07568362858289453,0.7282799287398676,0.0005690420774596584,0.18137468396883763,0.014092716630940586
349,0.02036273169784157,0.9033002938885821,0.005543717718523748,0.06631886573738352,0.004474390957669018
350,0.2238994277499514,0.4673645341945639,0.0006448589401957446,0.2983504707869353,0.00974070832835366
351,0.034403834930502274,0.9327418634287353,0.0035895416575697885,0.02443623757898972,0.0048285224042028665
352,0.022321049426157456,0.9698180765198038,0.0011198909700624038,0.0054174468595563135,0.0013235362244198815
353,0.013768718942444781,0.9667658177069417,0.013665535913917129,0.0035284785255731343,0.002271448911123392
354,0.10396018871495367,0.8157121789366493,0.0025896032938906794,0.06983525438923151,0.007902774665275012
355,0.08119493996585089,0.8896212282873487,0.00749319848467277,0.01475863781519838,0.006931995446929141
356,0.025065428166775715,0.8651335877637346,0.09648934612692295,0.009320010042731867,0.003991627899834878
357,0.09014123151647145,0.8185499992521555,0.003176044209404438,0.06053675586084924,0.02759596916111937
358,0.14201341241506488,0.7118784038336318,0.014065288111321943,0.09852722066543677,0.03351567497454466
359,0.29746387447242295,0.30149412559836347,0.02732547890536801,0.3241107600090051,0.049605761014840315
360,0.03500011230162105,0.5485073838748339,0.37916784910938905,0.024520883197090844,0.012803771517065073
361,0.07837389559730319,0.01150112538633277,0.0005608857649956592,0.026583330694849652,0.8829807625565187
362,0.7426152122273468,0.11942335045565479,0.0012506214592469225,0.05738912642181049,0.07932168943594102
363,0.47605662391999515,0.42082972138115154,0.015775027322001988,0.054994724810649216,0.0323439025662022
364,0.354943065779057,0.6106321246193035,0.0006514698596003579,0.024261247580863066,0.009512092161176091
365,0.039651777143055796,0.9103118969204592,0.00699580656753962,0.039595531195612245,0.0034449881733329087
366,0.02523865548320422,0.9140049357728911,0.004635774056957537,0.05140053007600689,0.004720104610940144
367,0.1849138881817074,0.6638689904764791,0.0004449203086467192,0.09390236354694233,0.056869837486224484
368,0.00826290793690168,0.980349796402252,0.0009916495946719988,0.008336879029111937,0.002058767037062351
369,0.09150199206413591,0.7865736024266528,0.00013228041257653552,0.05083032682908234,0.07096179826755245
370,0.019265352631099568,0.9583347613397429,0.0005721022159373529,0.012747049481927123,0.009080734331292875
371,0.0666791555857909,0.09308494405186014,7.38381314487519e-05,0.07289854246433011,0.7672635197665701
372,0.09397684680210777,0.8235125985611785,0.0006275610200159905,0.0351584597894384,0.046724533827259364
373,0.055931937633988335,0.46167688375948984,0.0010822789441269404,0.059877885712300793,0.421431013950094
374,0.02273765233317925,0.0035782326715521518,3.145747002965816e-05,0.006001143895053797,0.9676515136301851
375,0.5724333782456602,0.007497914253615566,2.9183091891643913e-05,0.04473818641682553,0.3753013379920071
