epoch,N1,N2,N3,R,W
0,0.023892117649124908,0.0007481314354755907,5.28531039442494e-06,0.0003165875650232977,0.9750378780399819
1,0.004663656057812622,0.00015287565310641776,3.703325435062409e-06,4.462981367901687e-05,0.9951351351499668
2,0.2056395089276896,0.0030957941339327475,6.142581357771849e-05,0.0005634153119971798,0.7906398558128028
3,0.005478826310969014,0.00025550909526642193,5.466259290062312e-06,6.0522178890292005e-05,0.9941996761555841
4,0.09322514616357125,0.002279603726329675,4.479462973769049e-05,0.0003836780810495249,0.9040667773993118
5,0.37451023728576927,0.01861019378004749,0.00021458809466710208,0.0018969838558621447,0.6047679969836539
6,0.007037141443866632,0.000584299870562158,6.023747274714606e-06,0.0001580455730802534,0.9922144893652162
7,0.1740548682563914,0.008277025442953698,0.00026531782295400626,0.00044922814756726806,0.8169535603301337
8,0.07486146454212565,0.041428941207706405,0.0006808154886470843,0.0026984124625469364,0.8803303662989739
9,0.08456830011671297,0.03280943474229656,0.0003637485119665328,0.003565185067007276,0.8786933315620166
10,0.005414678784018066,0.0006054645955976539,3.936025766517913e-05,0.000147515111023679,0.9937929812516954
11,0.005579620328722703,0.0013709515522148407,3.2483514423704156e-05,0.00029523557573053256,0.9927217090289081
12,0.002582830312634581,0.0006877024163357837,1.8692569271655704e-05,5.6504686759444655e-05,0.9966542700149984
13,0.001754182210960389,8.217253848736811e-05,2.142014429929494e-06,1.700249962605872e-05,0.9981445007364963
14,0.03291200669701713,0.000608883788574879,3.2640980735387277e-06,0.00016779368597835196,0.9663080517303562
15,0.0052255328019678235,0.0004753980187396194,6.1007401616609375e-06,6.0170059076654716e-05,0.9942327983800542
16,0.005205721452687965,0.00044093915294210614,6.101637230229578e-06,0.00010612386727737862,0.9942411138898624
17,0.005872504868794759,0.0005076613827208377,3.0099492776227315e-05,6.327788412911861e-05,0.993526456371579
18,0.004835453743093447,0.0005824145352770148,1.2987049458419463e-05,8.595310209754312e-05,0.9944831915700736
19,0.04394353410640399,0.002054517305465348,1.3540169747054704e-05,0.0004687242666041161,0.9535196841517795
20,0.02287920044266795,0.0010223867516208126,5.952623851729017e-06,0.00035464992745103764,0.9757378102544085
21,0.4053013234639693,0.009167057489264338,4.823733072301615e-05,0.0014523476271157737,0.5840310340889275
22,0.013132565680349236,0.0004901426243268677,2.4129028790496537e-06,0.00013793627766895588,0.9862369425147758
23,0.18836270607500724,0.0019618708360417663,7.811120297994694e-06,0.000754734884081587,0.8089128770845715
24,0.07674893714006756,0.0013676315413759187,6.461311762534087e-06,0.0005494537467108164,0.9213275162600832
25,0.7529266927947345,0.023163750954091816,7.136375343448596e-05,0.0014202951842685844,0.22241789731347056
26,0.4701614644441623,0.15575142982739312,0.0007151464231660187,0.008345015279277213,0.3650269440260014
27,0.294240347337901,0.027263079067973536,3.245530490652087e-05,0.005140818869450343,0.6733232994197687
28,0.6636921750536368,0.08087975513076864,0.00015261465098170046,0.02189892671570488,0.2333765284489082
29,0.49024980171981286,0.36673297090631757,0.0010126855757857315,0.06523180049999963,0.07677274129808434
30,0.7542554833641876,0.06257814902995215,0.00013905135070407633,0.028253665314628945,0.15477365094052722
31,0.3726217206989494,0.5123798436544311,0.03515317100908634,0.01420969670590505,0.06563556793162806
32,0.17169698216041968,0.65332957439129,0.14752664866629384,0.008085343971027373,0.019361450810969186
33,0.0628774813836781,0.8527164482635354,0.07036900469926595,0.0013893878586157646,0.012647677794904628
34,0.04639703106597578,0.908831300602474,0.028300616808096164,0.00467107535030043,0.011799976173153601
35,0.07118091699027779,0.8887796205633787,0.022503468911026444,0.002048294249241597,0.015487699286075471
36,0.07444125675181905,0.8961623919333792,0.01912514906932023,0.0011326836448814247,0.009138518600600156
37,0.024727539150432007,0.8967708319940756,0.07486360840189396,0.0003762045821918155,0.0032618158714063585
38,0.010106399645059062,0.7948666716906199,0.1915044103225424,0.00030977094190904464,0.0032127473998696237
39,0.021561909859212473,0.8963996441995139,0.07675739805058591,0.00045773294675210724,0.004823314943935626
40,0.02573782639283928,0.9162422074847992,0.05212095452793087,0.0008027395470651716,0.005096272047365434
41,0.01277631341232227,0.9240335650359468,0.06054470180873443,0.00036259496807580625,0.0022828247749207406
42,0.005474093526963686,0.39664281358575126,0.5928628061535287,0.00011973311541159218,0.004900553618344793
43,0.013377734746699656,0.7964998089070379,0.18354267407516991,0.00014015687118579582,0.006439625399906677
44,0.002166021602378226,0.7113506776161236,0.2781486211301605,8.960742818240981e-05,0.008245072223155231
45,0.0073640020867475195,0.3358697236189504,0.6451238459312207,0.00019235705407708476,0.011450071309004278
46,0.0011837944776731753,0.25338424971735407,0.7416379339402612,4.594793079359326e-05,0.003748073933917835
47,0.002854567393438414,0.3166098312764915,0.6746854611032301,0.00011458593571359657,0.005735554291126434
48,0.0011496965963281277,0.1294578145341432,0.8650323671161516,5.4469938836332735e-05,0.004305651814540655
49,0.0005719686584856552,0.16629839125752857,0.8308190690977774,2.546046644193482e-05,0.0022851105197663696
50,0.0015731632696454755,0.21684556676936906,0.7777239542040587,3.289565627310299e-05,0.0038244201006535803
51,0.0007127723734178149,0.1030293349959454,0.8932374203253463,2.590743772038343e-05,0.002994564867570189
52,0.0005926874631755849,0.05003790477143142,0.945666779086835,1.720232557095878e-05,0.003685426352986929
53,0.0064903081440849985,0.33330174218846276,0.6391336336746083,0.00017339655649351526,0.02090091943635051
54,0.027848878349552582,0.03284922213971648,0.14413038569881914,0.00045017799218539836,0.7947213358197264
55,0.013446384724021203,0.2341010279543346,0.6934791398452982,0.00016059332007172322,0.05881285415627423
56,0.014569110401878995,0.16137855085571104,0.7856575653507578,0.00010714780110337862,0.03828762559054873
57,0.012255149472077662,0.2505720159184336,0.6905067209089651,0.00010344361273076977,0.046562670087793
58,0.0009133368586446761,0.03555564294649894,0.960408850368207,1.6764844058497067e-05,0.003105404982590982
59,0.0007616242065744997,0.07969918355548558,0.9157164925412886,1.5063758025775272e-05,0.0038076359386256513
60,0.0005225834713271884,0.07626947527475327,0.9214564274979116,1.1142641159492636e-05,0.001740371114848513
61,0.0004073586231430114,0.015344537194191918,0.9831441225303954,8.613150778644568e-06,0.001095368501491124
62,0.0007248769736578052,0.31020182568679305,0.6860342778872446,2.73054116654793e-05,0.003011714040639105
63,0.0014078351036059394,0.07493552647742419,0.9147272069410395,3.281762392793313e-05,0.008896613854002507
64,0.001898895888337774,0.09032084915173334,0.8923893911784778,5.9133112037858935e-05,0.015331730669413148
65,0.002925899361634056,0.09262659528576762,0.8869499985447475,5.3741030611873e-05,0.01744376577723897
66,0.01115980699736531,0.0984260272241834,0.8568149421222173,0.00010122909029413065,0.0334979945659399
67,0.0008935160918391755,0.03005457959348918,0.9597376895614425,4.1207793940897516e-05,0.009273006959288286
68,0.0022005788053897544,0.0341554830745295,0.9474311764232344,5.225917151480374e-05,0.016160502525331685
69,0.0048740281041858785,0.03127712814180238,0.9411824657682513,6.530186375094713e-05,0.022601076122009563
70,0.017187169437868997,0.10022387117450615,0.7699279144521709,0.00010128049395723356,0.11255976444149661
71,0.025680060851470468,0.08141191851496199,0.8283480088317324,0.00010818578946167264,0.06445182601237345
72,0.016405607924447948,0.0664446481356104,0.8684814653893427,0.00011131646673514581,0.04855696208386366
73,0.017178706581042397,0.12381678395704712,0.8163849769056977,7.76003350515923e-05,0.042541932221161184
74,0.001334843495271237,0.0425314953092947,0.9408842623449863,5.317554180068137e-05,0.015196223308646978
75,0.005014746352412961,0.08070258924045363,0.894174492470534,9.5356785596338e-05,0.020012815151003092
76,0.001149366389016173,0.025929697976929948,0.9625186680406232,7.541318111478813e-05,0.010326854412315923
77,0.0020520362908739713,0.09153949316050343,0.8932854995474158,8.918209579290953e-05,0.01303378890541399
78,0.0003136775704542108,0.05729536735238185,0.9407604316201122,1.4299067710714041e-05,0.001616224389341107
79,0.0004217039268275182,0.09120689253908049,0.9065055929931591,2.2457507887906748e-05,0.001843353033044951
80,0.0001504467941021705,0.012123737602078454,0.9868878138049643,8.023416324186396e-06,0.0008299783825310734
81,0.00021552741691110156,0.025224115410922305,0.9737023235201823,1.5971292428690966e-05,0.000842062359555499
82,0.000167929413696611,0.007776980672253936,0.990916263384094,1.3624633117439284e-05,0.0011252018968381475
83,0.00012938630983907163,0.03327466897620354,0.9658879172638185,1.1844371002314992e-05,0.0006961830791366759
84,0.0004160310040137363,0.08839957606494966,0.9102940170977615,1.7463140178130173e-05,0.0008729126930970612
85,0.0004991931281894586,0.1294480354108701,0.8685920402241284,3.458783965303669e-05,0.0014261433971591206
86,0.0004747652897839028,0.09148610491325798,0.906668397848533,1.5647589580078617e-05,0.0013550843588451833
87,0.0005570183402253928,0.08101596025481908,0.9163692631947012,1.664765825577443e-05,0.002041110551998472
88,0.0006435128323858337,0.05956378543400926,0.9381367005441016,2.5829870133526083e-05,0.0016301713193698358
89,0.00047404720988987296,0.03705546195367396,0.9611709038152588,3.940437212060145e-05,0.0012601826490569051
90,0.0007253795493783082,0.05220633037882723,0.9454135735800904,4.016308332223754e-05,0.001614553408381758
91,0.0010982015339275559,0.04978305332509872,0.9463589641427914,0.00015664036688328332,0.00260314063129926
92,0.002245126300110384,0.05854964807885479,0.932328749904162,0.00025404770001221256,0.006622428016860596
93,0.003560107726100133,0.09238967063510124,0.898494043496214,0.0004142619587393294,0.005141916183845493
94,0.024766830588440366,0.07974917462780329,0.02559102140687806,0.003704926435066845,0.8661880469418114
95,0.04072704230562825,0.1446034802919132,0.11772429610541559,0.01547053158719979,0.6814746497098433
96,0.12224021270061852,0.14171603294732035,0.005651852808798223,0.05920001056598313,0.6711918909772797
97,0.03344308223340957,0.04278783441867566,7.674592321169088e-05,0.0059824338841070164,0.917709903540596
98,0.011957163575060171,0.007274780656143966,0.00011324606994852375,0.0011609885534615153,0.9794938211453857
99,0.01957904175579738,0.010761173128575762,0.0006152143131585064,0.0005045343673968443,0.9685400364350716
100,0.1542439271237616,0.014701551062351898,3.2054754330530184e-05,0.0017621725120672276,0.8292602945474887
101,0.4501908759245035,0.013110982514224155,1.9742051560867516e-05,0.002207356670838498,0.534471042838873
102,0.6149464258540573,0.035316058991607,5.264346588115229e-05,0.005343923859001152,0.3443409478294533
103,0.4343047642931113,0.09961368542979904,4.3716321664887766e-05,0.022325485223501883,0.4437123487319227
104,0.29575016902297463,0.02824115705749658,3.673678462541888e-05,0.030223123223214333,0.645748813911689
105,0.009085709179389485,0.0021927712201079627,8.16281253420699e-06,0.001099409212183108,0.9876139475757854
106,0.12127053161114663,0.0046668135720362,6.083364549387578e-06,0.002642910701321285,0.8714136607509464
107,0.6974745336627749,0.012598616941814965,1.7678103854789595e-05,0.01852746485699102,0.2713817064345642
108,0.7937957739898653,0.053080962313118714,7.728226255957174e-05,0.09499743977369703,0.058048541660759054
109,0.4291161036549826,0.2130136147264045,0.0002959565769391756,0.21095389441986914,0.14662043062180447
110,0.09665565279957719,0.012344808966395164,1.2970620156252399e-05,0.029742149727297152,0.8612444178865744
111,0.43462474696714226,0.2775465457854658,0.0002430297057582294,0.19676903821453443,0.09081663932709937
112,0.5735370916522858,0.08906645795104941,9.694797199435713e-05,0.15620255949775722,0.1810969429269132
113,0.13556373912461084,0.38249356671144924,0.0007139035678962618,0.09264092335553807,0.38858786724050565
114,0.21684875462025363,0.05566852021913807,5.385731455488803e-05,0.14637213687199194,0.5810567309740614
115,0.06515743911891768,0.2846117730782607,0.0009207898282047359,0.06136393568237494,0.5879460622922419
116,0.02056157954551939,0.7350803524019074,0.013482886524475482,0.009449751971983923,0.22142542955611375
117,0.03323271521278202,0.014451249854045363,9.810366131339194e-05,0.005718218074483443,0.9464997131973759
118,0.002033539611505284,0.0003288395066792605,8.845359148837932e-06,0.00036264720965852336,0.9972661283130081
119,0.01348497870245961,0.000806095560281873,4.06828298836909e-05,0.00026638250249534125,0.9854018604048794
120,0.004137816602480312,0.0017038465305104075,2.8371984828714703e-05,0.0005454948181033628,0.9935844700640772
121,0.0006227848762725291,0.00011739641753927243,1.1156790767835414e-08,1.0144913344145172e-05,0.9992496626360532
122,0.001015288028145793,0.00024967204819025435,4.7632160244831344e-08,1.8896199239623704e-05,0.998716096092264
123,0.0020144288998553417,0.000282319297594971,3.4001572845266677e-08,9.740748797784808e-05,0.997605810312999
124,0.006246223147172807,0.0004568800780136366,6.8540686090183425e-09,0.001289786257198322,0.9920071036635467
125,0.017708644648893358,0.0018835761229899542,0.000511595900704356,0.0016963976699831407,0.9781997856574293
126,0.0027972736457342433,0.0002667098700353493,2.414572975245558e-09,0.00029462663269504645,0.9966413874369624
127,0.009110715919424299,0.001049937696357093,0.00010447864226439522,0.0007396980594562737,0.988995169682498
128,0.0031839638985949334,0.0003550409139577636,8.726897984669178e-07,0.00043865585100409725,0.9960214666466447
129,0.00974211140440678,0.0009085249461386983,2.6695579116966835e-05,0.0002243304284772332,0.9890983376418603
130,0.008182205559396045,0.0012932471302482523,9.052293037207327e-05,0.0002224968430955711,0.9902115275368881
131,0.0034576485302424747,0.000713542519789461,7.445517725040757e-05,8.820342693177107e-05,0.9956661503457859
132,0.0028074808125206456,0.00031178863600237925,1.3649872236342235e-06,0.00010939617258969017,0.9967699693916636
133,0.033525179717350986,0.004635379263021395,0.0010612245425240558,0.00042359932622957166,0.960354617150874
134,0.017889193767344453,0.0021235377067519404,0.00017647300668168354,0.00020379631488130895,0.9796069992043407
135,0.013443492392864497,0.0008174142698362508,4.9603094409137774e-05,0.00015488787246612778,0.9855346023704239
136,0.0017058580861428248,0.0002261734083573229,8.184979201991132e-06,9.956340492333245e-05,0.9979602201213745
137,0.009722078585151483,0.0009798411120873968,2.4276676783097113e-05,0.0001786887052932054,0.9890951149206848
138,0.019307130514034786,0.001166933035159569,0.00023807469568971342,0.00012445296774105487,0.979163408787375
139,0.01006027105809055,0.0017942298713283507,0.0006337009261726908,0.00032159116026776903,0.9871902069841406
140,0.003943292836142287,0.0010346314569838963,6.78301105295649e-05,0.0002748937005351663,0.9946793518958091
141,0.005167224481362612,0.0006676846725302094,6.569049856269433e-05,0.000625476497438603,0.9934739238501058
142,0.0027949799894095655,0.0006181101593034783,8.223612342571445e-06,0.00023591373279210887,0.9963427725061523
143,0.003668063754056509,0.0011274814162750872,3.2358794031806032e-06,0.00036008630363793464,0.9948411326466272
144,0.038743452897636255,0.005477211970872575,1.2082105167715986e-05,0.0011547852821925536,0.9546124677441308
145,0.022704697350675054,0.0051978270313367166,4.821477502957218e-06,0.0004642897283451706,0.9716283644121401
146,0.036938054601843164,0.0057122536487419166,3.781438588707197e-06,0.0016898318517251862,0.9556560784591009
147,0.011933829312289708,0.002515235232364603,2.7846634477019733e-06,0.0002133876676099287,0.985334763124288
148,0.12191556239211912,0.004765671308603328,2.938128763758308e-05,0.00439824853127337,0.8688911364803665
149,0.32798895723056776,0.011431684002238885,0.00010571533170689582,0.0059345948438063335,0.6545390485916801
150,0.020918585867000725,0.0009541168701605659,9.003950086172813e-06,0.0004946378267254991,0.9776236554860269
151,0.0030036463194721957,0.00020503103131549986,2.3869239237485167e-06,0.0001223647746631657,0.9966665709506253
152,0.0020715906617401747,0.00035407699508173716,7.911990987269874e-06,0.00027897787015918074,0.9972874424820316
153,0.00971310351850236,0.0004769399566640709,2.967237035058282e-06,0.00021629656129764906,0.9895906927265008
154,0.01185781390906824,0.000402796760473199,4.094004998046958e-06,0.00010641984484337522,0.9876288754806172
155,0.009295309232242623,0.0004970090043849877,4.4494772183045524e-05,4.0626718265175514e-05,0.9901225602729242
156,0.003927634727749154,0.0007225616495789076,0.00017577297671492675,0.00010362391370547077,0.9950704067322516
157,0.005077972947248914,0.0007921794397853129,0.0003335179988643952,0.00018791759732226967,0.9936084120167792
158,0.0034338370992754077,0.00021999264002820046,0.00015485445871343633,0.0001297777284036652,0.9960615380735793
159,0.026945116023565578,0.0019218425847832331,3.537474174407773e-05,0.0008689429094907752,0.9702287237404164
160,0.004600059392518633,0.0005699396698503767,4.193949073643181e-05,0.0004310205634854473,0.994357040883409
161,0.001045564945099019,0.00031826961757651893,1.166841369261429e-05,0.0002698968846690391,0.9983546001389628
162,0.012373196383198587,0.0022976098036885263,0.00013079139983012048,0.0010676999629922622,0.9841307024502904
163,0.012447945267152009,0.005386975691096294,0.002014441621969513,0.0009915833369530964,0.9791590540828292
164,0.010651042165928623,0.0026560438523232,0.0005146389303353029,0.0005768594576783245,0.9856014155937345
165,0.007433145925998045,0.008223624246539525,0.002238668510943328,0.0010991062620561334,0.981005455054463
166,0.017917042616044546,0.018187320643038733,0.0004340237015295659,0.0013966132264499028,0.9620649998129371
167,0.002868916401931716,0.0068862043480626065,0.002876076145328691,0.0006611430405361262,0.9867076600641409
168,0.00145424024801299,0.0009842006920085546,6.967670282291272e-05,0.0002629159182373107,0.9972289664389181
169,0.0021369451491259415,0.0007263123706770718,0.0002901677089855049,0.0002758800354216916,0.9965706947357899
170,0.01204080047510968,0.0020869276055767976,0.00022504445735608888,0.0002255027299388474,0.9854217247320185
171,0.01877114657650193,0.0029506664698894527,0.00012222942231575443,0.00044390546940618317,0.9777120520618867
172,0.017071869734217853,0.002051773696674349,5.182756917527996e-05,0.0005152744927596782,0.9803092545071728
173,0.11113254781395021,0.025843249883073637,0.0011182668266126914,0.005271994870586513,0.8566339406057769
174,0.03959817905994421,0.00600236608975273,0.0005785621053593093,0.002781447381399376,0.9510394453635445
175,0.011037492708053756,0.0023467784125996093,9.261336700398633e-05,0.0012462818722468606,0.9852768336400958
176,0.0037053592761961615,0.001196215906489075,4.7133663099006155e-06,0.00031388182486096427,0.994779829626144
177,0.0074038775684270785,0.0002892732730114438,3.0361750077465743e-06,0.0002211257796786065,0.992082687203875
178,0.11762443678137789,0.006361094039396016,4.3444898052153935e-05,0.0017200093211623294,0.8742510149600116
179,0.013031427576966506,0.004492222391440931,0.0001872984252120043,0.0001411829543744072,0.9821478686520062
180,0.028788077561723923,0.007067848793498792,7.67063307367162e-05,0.0009110200603302919,0.9631563472537104
181,0.03337056194261642,0.019091005751807118,0.0013917104966754083,0.0005543132113333025,0.9455924085975678
182,0.0018871519413885239,0.004072856740867218,0.0004738350948929689,0.001503117251528563,0.9920630389713229
183,0.0007602623782290005,0.01488972488114389,7.39311953302276e-05,0.0003847721293471867,0.9838913094159497
184,0.001936666559926757,0.013378048711081362,0.00014339366614665375,0.0008429867951461285,0.983698904267699
185,0.000751276091688478,0.0016296454673258365,4.653571960638139e-05,0.00029844718109981616,0.9972740955402796
186,0.0008256707404073954,0.0029475620672116416,2.7390525369068328e-05,0.00027931550907081716,0.9959200611579411
187,0.0007984911114416782,0.0016821671614215934,2.8824710253239703e-05,0.00015640935466451142,0.997334107662219
188,0.0031224919980407427,0.009190114522035327,7.039788158298105e-05,0.0005195395661734737,0.9870974560321675
189,0.007307284181649461,0.0006731836384547266,1.6001841180024915e-05,0.00015937346307213238,0.9918441568756436
190,0.004288889921112586,0.0002302839686297023,1.2747878533408382e-06,0.00022900502682874046,0.9952505462955756
191,0.0026971162112217465,0.00033777219895779167,3.968781581029729e-06,0.00015028117933478424,0.9968108616289045
192,0.004657295345258039,0.00023355804424946895,4.218624086740173e-06,0.0003415842590212894,0.9947633437273844
193,0.009449590673603426,0.0010837482236061417,4.35413062755821e-06,0.0005712240981694058,0.9888910828739934
194,0.00753477268476355,0.0006418454135224263,3.7900520001532277e-06,0.0004128357620846548,0.9914067560876293
195,0.008673041679253075,0.0004924216336245469,1.0154318020069423e-06,0.00026710466662493656,0.9905664165886955
196,0.012729333745644635,0.000723029286698261,3.1333164222457338e-06,0.00036018021460477415,0.98618432343663
197,0.014968466335976104,0.0014701057733755806,5.338121587175584e-05,0.0023650053129034253,0.9811430413618731
198,0.0029359883674902935,0.0003691899893513596,1.3605630902730842e-06,0.00018335879229315686,0.9965101022877748
199,0.0020565597272931527,0.00033951643726047896,2.493229258487487e-06,0.0004917148430251619,0.9971097157631627
200,0.002102116182379088,0.0003101363876881571,5.537063795690195e-06,0.00023545051373929723,0.9973467598523977
201,0.005295885919475241,0.0004426086687833472,2.0347478956589234e-06,0.0001782504381067255,0.9940812202257392
202,0.0020604391889596355,0.0005582265414702601,3.7363242729743976e-06,0.00016959541427984888,0.9972080025310173
203,0.006929256780856089,0.001977608652573551,4.5991554359680265e-05,0.0007720893729161926,0.9902750536392945
204,0.002212975148550905,0.001546335548401606,0.00011960528397080624,0.00029134227494033785,0.9958297417441364
205,0.02476886190317035,0.032443628488770804,0.007691100141487188,0.0038698802344184686,0.9312265292321532
206,0.0392355382279428,0.022932832814530377,0.004768626439634209,0.003302172056635313,0.9297608304612573
207,0.0029886220288601723,0.0014693285881085772,0.0005096371037817696,0.0001556058421260701,0.9948768064371235
208,0.007380207820437424,0.0006526631847230881,9.034755353742986e-05,0.00012587184778200392,0.9917509095935201
209,0.002595914230325694,7.451669688242491e-05,8.123039556541256e-06,3.096474769348293e-05,0.9972904812855419
210,0.0015803136152382961,9.690615476740493e-05,1.5454885882280545e-06,7.371887373120658e-05,0.9982475158676748
211,0.004143412813976976,0.00010699610481666414,3.1173180689746276e-06,0.00012953024991825212,0.9956169435132192
212,0.006166774890376989,8.76528547564902e-05,9.952452578912641e-07,0.00027123724425554403,0.993473339765353
213,0.018973606250384776,0.000348888681716505,1.3262664157340043e-05,0.0013831467387391072,0.9792810956650023
214,0.03397721259731928,0.01727677707964091,0.0026661027567463,0.028346328528607717,0.9177335790376858
215,0.007935148160498113,0.00025557213915234267,3.660120457079176e-07,0.0011020680213210756,0.9907068456669826
216,0.003470339313403735,6.0307642696926674e-05,9.626453805661543e-08,0.0004900058523176855,0.9959792509270436
217,0.00245657463185156,5.026236624885494e-05,2.7934575510187475e-07,0.0003255242059341173,0.9971673594502104
218,0.00343374710550637,5.169175323542008e-05,4.82992812009225e-07,0.00017328489873847497,0.9963407932497078
219,0.01012759865563372,0.00016079474751227942,5.726375402117488e-07,0.00015105135813272422,0.9895599826011812
220,0.007903856145969277,0.00017666544677145341,1.0836177325683837e-06,0.0001366174261551898,0.9917817773633715
221,0.0034460739596062014,0.00030936839938245996,1.691764071209282e-06,0.00020351801611763254,0.9960393478608225
222,0.02336279218386081,0.019113905467417057,0.009928516672519544,0.008998871381102587,0.9385959142951
223,0.001196402933088376,0.00029203595031875593,5.4370672589417676e-05,0.0013943029271558916,0.9970628875168477
224,0.0013685949430950254,0.00018133112665624248,1.179292865189202e-06,0.00021469363676987252,0.9982342010006137
225,0.0013667494634705402,0.00035153219102112746,4.1679867128328145e-06,0.00017926687367295462,0.9980982834851226
226,0.0029875564354165285,0.00031171518406445357,1.9825962899103267e-05,0.00049557353632993,0.9961853288812899
227,0.001332891533720313,0.0004900780840217127,2.3520388984280963e-06,0.00015294354246126685,0.9980217348008983
228,0.004402358853454755,0.0004345660149777868,1.3335313731417927e-06,7.971419147633039e-05,0.995082027408718
229,0.06085867844793015,0.002650760075893215,1.7922110062613614e-05,0.0038351298875445423,0.9326375094785695
230,0.07300753155647388,0.0030908999325782835,2.9127390460828303e-05,0.014017540800601401,0.9098549003198856
231,0.027670318154530922,0.0015235744292129618,1.1638368317701909e-05,0.00818221542720172,0.9626122536207367
232,0.005110950765594963,0.00040364894945176227,1.1682219701585018e-06,0.0008158592476104712,0.9936683728153727
233,0.5921923420776328,0.022798715395441798,0.00011614240503165138,0.02992741805357949,0.3549653820683142
234,0.563121729540723,0.03623051524560187,0.00023852411523800823,0.06214837781264488,0.3382608532857922
235,0.35151693294736247,0.0182249608679512,4.4773072006765174e-05,0.04820293874684002,0.5820103943658395
236,0.4028483357828034,0.07718327921426926,0.00019570582373061346,0.3620672075083926,0.15770547167080412
237,0.7891598138097249,0.046882559726307026,0.00013556311918927504,0.09468518754389826,0.06913687580088054
238,0.5624199435259206,0.21370404188405315,0.0003218002976906849,0.21393782850957477,0.009616385782760823
239,0.05674244748273175,0.7665436132722424,0.001851925415544922,0.17102688464811547,0.003835129181365448
240,0.045237295610605736,0.7566358492684631,0.02247261557851242,0.1692344510341101,0.0064197885083088655
241,0.033721969015001185,0.2772307751185143,0.0018273911548102838,0.6637925550067094,0.023427309704964736
242,0.023129056331001093,0.4292706608663459,0.00485016534104296,0.5301119650942493,0.012638152367360671
243,0.03291407699818796,0.6047696848744437,0.007810523502293905,0.34328831890700223,0.011217395718072244
244,0.08930720645180495,0.061713843860692334,0.0002222788248424553,0.8117343926605933,0.03702227820206696
245,0.0402692040073504,0.22599628211481126,0.0002164778977876432,0.7137041895214193,0.01981384645863128
246,0.17658827433452987,0.06906941360644903,0.00010643836540956914,0.2521899329633951,0.5020459407302165
247,0.4566866091388686,0.12579508089276234,0.000180700102043522,0.35763071776796745,0.05970689209835828
248,0.25543485698946317,0.240868998241831,0.00048366377140012754,0.4805778558481852,0.022634625149120534
249,0.28575751945387834,0.06926296386153426,0.000273891501688154,0.621012848150494,0.023692777032405233
250,0.10525728676376363,0.17035064526288554,0.0012011060518005811,0.7071842651259326,0.016006696795617687
251,0.019668674948735112,0.05250008240034338,0.0003604299987366431,0.9245049143153082,0.0029658983368765126
252,0.01398258920770133,0.029250046761848263,0.00012547102657671033,0.9516596011082412,0.0049822918956325315
253,0.053974128084060484,0.047108445422302234,0.0002447485764896438,0.8688045391057158,0.029868138811431823
254,0.08004013319559554,0.05541910975367519,0.00029947011983187194,0.8440822257130248,0.0201590612178726
255,0.057802699449360825,0.041863767104111126,0.0001313724208163991,0.8911115902818127,0.009090570743898848
256,0.17414876175486735,0.274240985878576,0.0017389185455981314,0.5333251334292863,0.016546200391672202
257,0.0793461640964947,0.1134768089262223,0.0012042411736636668,0.7724285452360623,0.03354424056755695
258,0.020437667233216793,0.04711962658465517,0.0002508047914022503,0.9259623147265625,0.006229586664163335
259,0.029072708808472406,0.08812869618751688,0.0008397750128547356,0.8742148064766785,0.007744013514477521
260,0.08856356574411856,0.20702234643884612,0.000330546917684764,0.6367607607807726,0.06732278011857806
261,0.10488839041042582,0.6126512845907282,0.0020858720721022663,0.27317745204533705,0.007197000881406642
262,0.16208945791846668,0.19056698047031975,0.0005299533267209272,0.6068472105556687,0.039966397728824016
263,0.3835182151757241,0.2920031300317864,0.001240303314324835,0.2992987510878781,0.023939600390286492
264,0.14523467430875944,0.6041208773587942,0.0019788764965529343,0.24225091799106413,0.006414653844829282
265,0.1711234234996631,0.7823056835416085,0.003655401858119018,0.034756942903633334,0.008158548196976152
266,0.030833257291528395,0.9343757055587927,0.015323205089252244,0.016624161906949944,0.0028436701534766736
267,0.07260028177572143,0.8639975937990216,0.0022023975739439406,0.056328128352448964,0.004871598498864169
268,0.06820866926017866,0.8653780503153129,0.017849530639054548,0.043319072792590424,0.005244676992863415
269,0.05537428456213259,0.9105723831212822,0.011010948127739653,0.017644624711007143,0.005397759477838393
270,0.02773142487217083,0.9643275971019778,0.002123324815435697,0.0039046541175558522,0.001912999092859905
271,0.007825656019095741,0.9651463266950554,0.02291688441203824,0.0029933120680701764,0.0011178208057405152
272,0.044239820921380894,0.934791261452466,0.010481637978531957,0.006718619943459937,0.0037686597041613028
273,0.010954572309474959,0.9561641773806462,0.025506881491141924,0.00563059376122771,0.0017437750575090413
274,0.004688963235118026,0.9545802476822874,0.037517986647852795,0.0021605830937764213,0.0010522193409653493
275,0.007539297298222924,0.8854770841005999,0.10424813217267173,0.0012769108425145525,0.0014585755859908229
276,0.005469850824261299,0.9167397862559005,0.0754447004391669,0.0008426862224739572,0.0015029762581973282
277,0.00570619297280719,0.7453995322478749,0.24645515858494896,0.0009578244460119149,0.0014812917483570168
278,0.0037255738637827635,0.9446830780371838,0.04918354322679189,0.0013009006032354735,0.0011069042690061348
279,0.0014654986678574182,0.7953227755154121,0.2015815723546516,0.0005503138539357536,0.001079839608142936
280,0.003021923470941698,0.5613189934618945,0.43299482344699824,0.0008440669562111129,0.0018201926639545248
281,0.002950709220263194,0.6455817552637555,0.3487403834024968,0.001004383715411407,0.0017227683980731508
282,0.0014049314519979342,0.35809315895661764,0.639331886732631,0.00045138762681838396,0.0007186352319351667
283,0.001389077986649768,0.6834439548274771,0.3130251120779262,0.000755461113965131,0.0013863939939818563
284,0.0013904530991778342,0.8084415623968518,0.18839857525750967,0.000815784934334423,0.0009536243121261223
285,0.0025518839920207247,0.4289962056567429,0.565645148466712,0.0009991863689561482,0.0018075755155682225
286,0.002004412187364169,0.5450705897087356,0.4512754901758367,0.0005831761603412616,0.00106633176772236
287,0.0011498713558995828,0.2243777752241479,0.7731936618283849,0.00022061798862198185,0.0010580736029456147
288,0.002434885541224554,0.3900222514381911,0.6054870638715751,0.0006320729039236474,0.001423726245085582
289,0.001797948446783511,0.6956468491706237,0.3002686811897866,0.00093486393480154,0.001351657258004687
290,0.0010913424239071393,0.24697023631219087,0.750934823607721,0.0002648764177339629,0.0007387212384469381
291,0.001499044247410625,0.4290610453615176,0.5672777296808463,0.0004437511018409017,0.0017184296083843364
292,0.0005825190470099822,0.25615059187709177,0.7421890749775846,0.00013847475638607704,0.0009393393419278021
293,0.002546964599012758,0.5930982211397325,0.4014980564817306,0.000826990621384605,0.0020297671581395015
294,0.0005001104278081244,0.1319641022618014,0.8666798489596889,9.540178055304301e-05,0.0007605365701483513
295,0.0010304504057451521,0.449218711378952,0.5480821726708114,0.0002410318607387419,0.001427633683752863
296,0.0007973476133055594,0.577439944453263,0.42042259391347475,0.00016186440565915469,0.0011782496142976934
297,0.0004582002839214645,0.17512393103222998,0.8234878739465274,0.00012921422978837453,0.0008007805075327589
298,0.0007593953156441604,0.21832722758788506,0.7797116028326818,0.00020122474903833582,0.0010005495147506578
299,0.0007641901128061203,0.22999242502402653,0.767927697476306,0.00014551797920685724,0.0011701694076543966
300,0.0009660995653775682,0.45490218457085246,0.5411257534992153,0.0004884701716351402,0.00251749219291942
301,0.00021269306100195427,0.06948052822607896,0.9298858447120503,5.864872423244587e-05,0.00036228527663634177
302,0.0006350267865468278,0.19898284305737352,0.7991042502036466,0.00020047997752069613,0.0010773999749123307
303,0.0005506227810753478,0.19031675966669362,0.808362604295178,9.214975964149221e-05,0.000677863497411452
304,0.0005991171791625343,0.08417479695349644,0.914111827784323,0.0001765158116688024,0.0009377422713493028
305,0.0012974427618541945,0.2518012241291181,0.745373330655473,0.00024399120203336033,0.0012840112515214708
306,0.0005816909457444814,0.23060561806643326,0.7679322540928779,0.00010667109534843662,0.0007737657995959662
307,0.00048110973633689756,0.13101603311318566,0.8676930999001581,6.309496216226081e-05,0.0007466622881570785
308,0.0004320469541142021,0.1846888887241946,0.8142691607059688,8.894880736425404e-05,0.000520954808358321
309,0.0008183785838987603,0.13309427426541157,0.8653369119207348,0.00011750755508530693,0.0006329276748695209
310,0.002325088102044708,0.13047925315594078,0.8657002994881121,0.0002171875815647266,0.001278171672337699
311,0.0024292103328440212,0.6531680363848374,0.34074232669463395,0.0004431709182252164,0.0032172556694592905
312,0.0008663291809234018,0.16796294196617034,0.8297092342946879,0.00011227599126194435,0.001349218566956426
313,0.0010200563199554442,0.4114127808479663,0.585485173928129,0.00026724804058131965,0.0018147408633679355
314,0.0005414347541271263,0.11322199938687258,0.885112593981186,0.00012008868194443225,0.0010038831958699172
315,0.0013277917521603455,0.35877343212367435,0.637678334673322,0.0002420686804167394,0.0019783727704265936
316,0.0006499898408993931,0.11410093653167049,0.8842804047663082,0.00010000590455234254,0.0008686629565696771
317,0.0013561981982702464,0.39877275685310065,0.5983967223538345,0.0001791351811771921,0.0012951874136173374
318,0.0006414773353259,0.230640528814992,0.7679252414147123,7.90081506441937e-05,0.0007137442843255993
319,0.0003459567262188941,0.06984410491556549,0.9290921758870431,0.00010368040590849208,0.0006140820652640207
320,0.0005515356172163444,0.37233075395632864,0.6258379774151854,0.0001323336873605473,0.001147399323909
321,0.0004245342757305314,0.07770487862645686,0.9212542549055316,7.505612062081922e-05,0.0005412760716600803
322,0.0005648575661166265,0.37141540550410396,0.6265008386768541,0.00021082452932441478,0.0013080737236009063
323,0.000535188957179589,0.2758075915559755,0.7227756857909575,0.0001328712317091786,0.0007486624641780243
324,0.0003158082084608203,0.16830530424277196,0.8306405268789336,5.269890617210161e-05,0.0006856617636613546
325,0.00030257460009880464,0.054724498402372236,0.9437546570689835,0.00010443040423284324,0.0011138395243125673
326,0.0007132968285955978,0.41018197268238227,0.5868943140086551,0.00023112152214776273,0.0019792949582193194
327,0.0004798706632168979,0.07213002518465218,0.9267498452131283,7.145344605466424e-05,0.0005688054929480096
328,0.0003733895637136142,0.04113083673362471,0.9577536937176729,6.458314925635807e-05,0.0006774968357323159
329,0.0003890734215233546,0.059257346202187255,0.9397492632074139,4.300229242007311e-05,0.0005613148764554096
330,0.0005258746920244681,0.14876467605319796,0.8495007515183208,0.00014717024987609927,0.0010615274865808128
331,0.000510939408126716,0.17913583035004724,0.8191912687347428,0.00023518299962807223,0.0009267785074550244
332,0.0011382065515698554,0.3337552121814354,0.6635847858208399,0.000468769630314567,0.0010530258158401777
333,0.0004135125193354113,0.264656682917347,0.7336987989207201,0.0003502132827666025,0.0008807923598309466
334,0.0016512237939188686,0.2579836334965951,0.7364906409746399,0.0016605213771581449,0.0022139803576880063
335,0.0020749712040818756,0.12065288479039082,0.8701428463325344,0.005580903291185259,0.0015483943818076988
336,0.008218457150055892,0.2112186071286527,0.7301795806259049,0.04170020552130987,0.008683149574076713
337,0.061180235050568334,0.2552192884802985,0.22448087443185408,0.29800249745114804,0.16111710458613104
338,0.05586070148116144,0.49938201116095066,0.03555429040024742,0.3626356025037981,0.046567394453842365
339,0.10303268064047477,0.38153211706333917,0.0012752573873258714,0.4213346180131957,0.09282532689566456
340,0.08721928252622911,0.05589561413855146,0.0002608119077042717,0.6250577973335231,0.2315664940939921
341,0.10085019072644823,0.08986841823830154,0.0005811744339075963,0.30836182364254744,0.5003383929587952
342,0.21641813745458505,0.07847452275455079,0.00023252173851145096,0.217491520201396,0.4873832978509567
343,0.22460687001505794,0.06445910390521972,0.00042174965630551977,0.15272019977819906,0.5577920766452177
344,0.09493516970689243,0.03276510778204209,0.00016642282173026397,0.11369512595437896,0.7584381737349564
345,0.3796893380736218,0.12880145314231317,0.0002434207539781993,0.2721279294540033,0.21913785857608356
346,0.43602462580797813,0.2058119499651101,0.00028049504280750013,0.2728378873929898,0.08504504179111455
347,0.32621375914143025,0.3633364696238608,0.00034881523676168067,0.25591914340291033,0.05418181259503697
348,0.0696253630418373,0.5644696868329508,0.0010150556509209926,0.25284375282881233,0.11204614164547855
349,0.12405201245838526,0.5358789172699173,0.0003507186950571843,0.29021254099000715,0.049505810586633184
350,0.33406174015573253,0.08773148495321045,0.00017811315423366854,0.12077745323891395,0.4572512084979094
351,0.2903360212171087,0.5877395735476622,0.0014331217901183994,0.08689453088803573,0.03359675255707499
352,0.13143350752689484,0.8422046185285518,0.0013884748710377448,0.018722603500918512,0.0062507955725969715
353,0.09752442692191461,0.8843523169517588,0.0025076913994934312,0.010856663916810196,0.004758900810022883
354,0.06396869466602145,0.8938460099535336,0.0053181603132112934,0.03266202381424169,0.004205111252991882
355,0.023659163001291113,0.95565535954606,0.005225074898337622,0.014086478244803389,0.0013739243095078396
356,0.00585141350437674,0.9747206598143573,0.012180848783111412,0.005582025737370261,0.0016650521607844873
357,0.013808105059984001,0.9631787444934862,0.012035203090242913,0.009197601532457772,0.0017803458238289452
358,0.04627431445622167,0.9238490719092739,0.004088445461106395,0.02204392290015205,0.003744245273245863
359,0.027336640930452263,0.9536704421506569,0.0038835793285681196,0.012337700522080537,0.002771637068242317
360,0.009807611431044116,0.9667777371243356,0.005497026737999319,0.016572106387388673,0.0013455183192323278
361,0.07044812322168535,0.8527900148047278,0.004384623902027436,0.066625546117539,0.005751691954020472
362,0.07194265219591355,0.6934527515406713,0.004819216348464429,0.2190774753353091,0.010707904579641485
363,0.032480822386994256,0.6329467364345839,0.0039089505957956875,0.32637586162579246,0.004287628956833804
364,0.02457757127855622,0.24676836649424108,0.001034879820782144,0.7216150392194014,0.006004143187019204
365,0.026283283835769593,0.10202342776278599,0.0002825135979162399,0.8687160038679467,0.002694770935581411
366,0.025184157692027313,0.021925173626252147,0.00010112433252106662,0.9407616580946272,0.012027886254572299
367,0.02036362372662251,0.022740031845618833,4.881329759308055e-05,0.9316425102190792,0.025205020911086368
368,0.027376483339198267,0.021350390275944812,0.00013690893506863874,0.9284928559980447,0.022643361451743612
369,0.08933632344152254,0.01881870363461491,0.00013594784569632246,0.8530626790969047,0.03864634598126153
