epoch,N1,N2,N3,R,W
0,0.013280942060909863,0.0005100678956432448,1.5181929375961613e-05,0.00010091785705927957,0.9860928902570117
1,0.01566619011533176,0.0004833773707608888,9.00420514026253e-06,0.0002732724752132112,0.983568155833554
2,0.050845061701848895,0.0012114804389396583,5.09469553119396e-06,0.0005380425065143832,0.9474003206571657
3,0.05358598815287449,0.001639173602137505,4.749708055286792e-06,0.0004972373803529623,0.9442728511565797
4,0.04745271041146875,0.0011083854158828496,3.347975081494454e-06,0.0011376916164570587,0.95029786458111
5,0.028397369495347415,0.00031918650220516054,1.2363020528453128e-06,0.0008206493907299974,0.9704615583096645
6,0.023502586161771515,0.0005082302483741862,1.133120079804465e-06,0.000924645696020812,0.9750634047737536
7,0.05098397468587993,0.0006008253320641899,1.5180181717127336e-06,0.001206244455726974,0.9472074375081572
8,0.5840317449137578,0.0010773247374831951,8.055852160190978e-06,0.004731216681453974,0.4101516578151449
9,0.7686118922089444,0.0009886399496872567,6.9994481949775975e-06,0.004942674610874722,0.22544979378229862
10,0.8039174472833354,0.0008726149090391321,9.269105931138319e-06,0.004184855601051482,0.19101581310064286
11,0.041270538683849584,0.0005705050135082051,1.332345440673679e-06,0.005236248170346567,0.952921375786855
12,0.6850998855053752,0.013639835488716326,1.7945174572299902e-05,0.060870301448048,0.24037203238328816
13,0.6974246402395968,0.004906740096805257,2.1640793344937975e-05,0.026462773931068655,0.27118420493918444
14,0.6968557128262935,0.04832834386710138,0.00012993373364184578,0.043434077335517095,0.21125193223744618
15,0.16414042820778724,0.05520243574884889,1.635859319072353e-05,0.2355014032450309,0.5451393742051422
16,0.467205819293941,0.08751731427952952,2.5761417521010407e-05,0.20828788475272658,0.23696322025628175
17,0.4325724017965199,0.08570577060762703,6.510001319766031e-05,0.3744418202241231,0.1072149073585323
18,0.4610288246719298,0.27273821984534363,2.8359600338070113e-05,0.1790782468779424,0.0871263490044463
19,0.1131590607840917,0.8172624827066625,0.0005116847146918129,0.034173288543935885,0.034893483250617974
20,0.06522285461863203,0.8263462215420049,0.001311529388602621,0.05511613155485875,0.05200326289590156
21,0.07558096275172588,0.8024032467489274,0.0011055779420658337,0.02822850123861688,0.09268171131866403
22,0.09375748593874696,0.7873413005778418,0.0014874201279562525,0.034719564307345435,0.08269422904810965
23,0.08149644256720072,0.7958185098608661,0.0007489971960726874,0.015306063630734043,0.10662998674512647
24,0.06623621361951705,0.8584164882839767,0.0005954253957483916,0.015747932658371953,0.05900394004238605
25,0.029487051148493374,0.9255112082200193,0.0021029676764536234,0.0014341385812672112,0.0414646343737664
26,0.22414437596803305,0.5476266941139797,0.000265228784520316,0.01929465867957746,0.2086690424538894
27,0.06418477429113273,0.8903533506373958,0.002253971382089755,0.0038281732157678704,0.039379730473613754
28,0.08100892087406625,0.876785083474122,0.0007284508503448224,0.004302047137477652,0.03717549766398929
29,0.07455936884549462,0.8788341576207825,0.0012811447331875117,0.00432010284035955,0.04100522596017566
30,0.09578852016121353,0.8624730443736746,0.0018923709123770248,0.022740247087785114,0.01710581746494974
31,0.088006304678781,0.8863747299645125,0.0019541760830967983,0.007201242625212455,0.016463546648397328
32,0.1592550256114685,0.7988815723971301,0.0009426722470563628,0.020080424730223687,0.02084030501412126
33,0.1115254795834562,0.874658939236501,0.003144537808016208,0.0020459659058396145,0.008625077466187113
34,0.0381551168717763,0.8547266366311131,0.0988420504713564,0.00030268802072913636,0.007973508005024806
35,0.059125406522396826,0.9074409500048298,0.02032443366601525,0.0007601221789895751,0.012349087627768233
36,0.012008692215876209,0.8970998727357972,0.08134216158289807,0.0014354108492563057,0.008113862616172354
37,0.010944497455428883,0.8005061141637377,0.170347858991053,0.0009286581470578501,0.01727287124272267
38,0.01331501160387426,0.8028376575154997,0.16770859672838545,0.0006696650778224374,0.015469069074418076
39,0.014675459372337244,0.8516223850207645,0.12411543893471633,0.0007280150888357961,0.008858701583346203
40,0.003011883106786472,0.28707202700952145,0.705690430004583,0.00017095739284706942,0.004054702486262024
41,0.005024207443734735,0.9287879444156204,0.06079963738719446,0.0004185840020679874,0.004969626751382461
42,0.019696781878712016,0.8323649111323886,0.13177364954524917,0.0004096468869330848,0.015755010556717335
43,0.016943975065719204,0.9075789370384455,0.062230035652458195,0.0005923469972475071,0.012654705246129275
44,0.005453104511893988,0.7386603335419705,0.24945349863501856,0.0001845432873384736,0.0062485200237785464
45,0.003666988938693239,0.6524176888306418,0.33865755292559524,0.00017509209106929342,0.005082677214000497
46,0.002932047450580688,0.7535371191853582,0.23908715332086913,0.0002580329779928277,0.004185647065199046
47,0.004097590581663439,0.882488281194622,0.10837774066902564,0.0002526779851907196,0.004783709569498266
48,0.00449028886593792,0.5458137776947827,0.4403506653402364,0.0003316401564135357,0.009013627942629483
49,0.003989127918457851,0.752779566253684,0.2376909516646428,0.0003912933928743261,0.005149060770340969
50,0.0076722872406784215,0.9475164097457676,0.038859393855675814,0.00018685960865917088,0.0057650495492190795
51,0.004232535210305734,0.6345928939560103,0.35509467012943746,0.00026894829726661017,0.005810952406979963
52,0.009247804235018996,0.8979873360207088,0.08734948111102907,0.00038671876192775335,0.005028659871315458
53,0.004534462509080297,0.7310349793618499,0.25814775408046164,0.00017073243640528885,0.006112071612202942
54,0.001646680541152536,0.30879429684831833,0.6869498782652285,8.319682995243625e-05,0.0025259475153482963
55,0.003629682822690379,0.3112210847639571,0.6769285606676377,0.00020741274488343263,0.00801325900083146
56,0.0024528708024257,0.3161956872000345,0.677910355395047,0.00017513915097031556,0.003265947451522559
57,0.0021952589020391745,0.6149762643731345,0.37717924471728137,0.00016663140024939787,0.0054826006072955956
58,0.006709957992723508,0.8289315726527344,0.15896464062056986,0.00016071658532208148,0.0052331121486499975
59,0.0010068006584836424,0.3030913552209954,0.6940029495771033,2.3399679563104493e-05,0.0018754948638543736
60,0.000920580282064774,0.2462711716788131,0.7496144012573625,2.9334628400245875e-05,0.0031645121533592593
61,0.003087457589965252,0.48609483564809886,0.5041118393399375,7.302092300230907e-05,0.006632846498996165
62,0.0033610609936422678,0.5956489979420397,0.39252599020390716,9.61583620396355e-05,0.008367792498371353
63,0.0005260728999825097,0.11019078591325611,0.8879493539455772,1.2530986522611738e-05,0.0013212562546617713
64,0.0007279493891546254,0.05915913931358432,0.9368369177876099,1.9911018433585892e-05,0.0032560824912176525
65,0.00047793142149553825,0.06434897538909462,0.9325236062677356,4.929528617565144e-05,0.0026001916354987326
66,0.0017763633684314613,0.39276180256161375,0.5980101128705062,0.0001892896600455243,0.007262431539403116
67,0.0007681302995534714,0.12971285292675458,0.8647320304651254,8.135418938992644e-05,0.0047056321191765085
68,0.0017491122893314797,0.3374876203063537,0.6539884195213216,0.0001505716700309509,0.00662427621296218
69,0.0011592932841017556,0.2668893215499545,0.7282995196972545,9.610515699446925e-05,0.003555760311694722
70,0.0012064926045268624,0.13786124773252542,0.8553601179423099,0.00015261298103290595,0.005419528739604825
71,0.0006220336065680495,0.09428615855378328,0.9032489566045369,0.00011066110258145072,0.0017321901325303946
72,0.0031955538425922038,0.34799000095297755,0.6277074280945933,0.0006302411602080591,0.020476775949628746
73,0.008397576837732025,0.5345666011022833,0.4221835272906158,0.0012244182978997618,0.0336278764714691
74,0.20016106925280394,0.08752254201716789,0.0022981094262129755,0.0006539122627846141,0.7093643670410307
75,0.37678158405264073,0.5571687901680916,0.004124289597013805,0.010124144803466094,0.05180119137878786
76,0.1262735972114906,0.7808650959076863,0.034506914470845626,0.0008006786593404553,0.0575537137506371
77,0.07409345593151945,0.880893729519549,0.0038960693010320607,0.0004861891653596981,0.040630556082539716
78,0.021411713211720272,0.9176612506544083,0.047588661145677315,0.0008426257122414172,0.012495749275952737
79,0.015619797817310453,0.9715894493941032,0.0069136482901727084,0.0017817107473012696,0.004095393751112352
80,0.022709269124065196,0.9586460737117835,0.008839643630471239,0.0018929766668442341,0.007912036866836067
81,0.00932767946175411,0.7663044094900228,0.2118698299427448,0.0013691013315489903,0.011128979773929463
82,0.006811760550557069,0.9410364171194325,0.047003487717322295,0.0009302891863637445,0.004218045426324233
83,0.005001849426382707,0.8863447719905055,0.10144765303013858,0.0017500614661235588,0.005455664086849497
84,0.21549708277808446,0.2684122001910761,0.001644248151606539,0.004297998474696345,0.5101484704045366
85,0.2786117893265532,0.6796589984677484,0.013202682815074238,0.0020106231883604483,0.02651590620226376
86,0.17799462685070985,0.7830775197352294,0.009922564876673857,0.003019071008655327,0.02598621752873148
87,0.3762654412374275,0.5789795163570067,0.004672961697423022,0.0021340945994987436,0.037947986108643965
88,0.08514123127777477,0.863483685526087,0.025947327977817777,0.002783673288916632,0.022644081929403884
89,0.030881021181512477,0.9552591986723,0.00690160616347344,0.0013213605071353504,0.005636813475578871
90,0.013868838400352124,0.9309579924946375,0.04898332163792368,0.0013656069223414535,0.004824240544745075
91,0.019642849879176076,0.8558880307867405,0.10989866859305397,0.0013493710896231542,0.01322107965140647
92,0.010588460444284716,0.9096115881059722,0.06999245614504844,0.0029440512775458106,0.006863444027148965
93,0.00874895896850782,0.7274455709839988,0.2553084270818551,0.0014106697737217859,0.007086373191916622
94,0.002820422644807717,0.7024554855567409,0.28923720366356437,0.0010677771479632424,0.0044191109869237705
95,0.002913177649909396,0.6953470312326608,0.2976705456290737,0.0004450106839878317,0.0036242348043681915
96,0.004598238613133757,0.6675410343428371,0.32280829625121654,0.0005223122695474341,0.004530118523265197
97,0.010044794104081567,0.6298292511006878,0.34778476657921364,0.0005669543000379322,0.011774233915979076
98,0.0012312345487392863,0.2325192319480668,0.7643030883132242,9.707502129035476e-05,0.001849370168679422
99,0.0024039662013026347,0.6127129924001298,0.3795425515747226,0.00031737860253553763,0.005023111221309387
100,0.0011315903877197652,0.22826491638401902,0.7659057763944456,0.0001288279563174443,0.004568888877498168
101,0.0012423744795225186,0.13493747234107714,0.8614586896661117,8.219624792339549e-05,0.0022792672653652256
102,0.0016721301948375692,0.3471630881975082,0.6479374082492539,9.395989470522606e-05,0.003133413463695214
103,0.0006084588493576495,0.15890179444038122,0.8392215927994561,6.404748965908045e-05,0.0012041064211458959
104,0.0007490736157793346,0.1272008913597836,0.8682424859645155,8.233050332896155e-05,0.003725218556592497
105,0.00013040666269745755,0.026756311515362403,0.9727368832234761,2.3455592728926645e-05,0.0003529430057350567
106,0.00036358065288724634,0.09349979199038065,0.9048989583448537,5.760770675926348e-05,0.0011800613051191659
107,0.001967178802193137,0.433414047932849,0.5600191944697598,0.00029269759400855515,0.004306881201189486
108,0.00067354818010662,0.14201246127731187,0.8537908971376623,6.757278724676879e-05,0.0034555206176722477
109,0.00039679846698220705,0.08369264326796051,0.9147080738657104,3.247294654789814e-05,0.0011700114527990015
110,0.0002948700342157649,0.1264769961203112,0.8718133856407894,3.7820396008636934e-05,0.0013769278086749699
111,0.0004096868565446242,0.12264871298310667,0.8749078854567532,3.945294318881804e-05,0.0019942617604065817
112,0.0003452351858165276,0.12056866820922424,0.8776698074740406,3.816904110400171e-05,0.0013781200898147334
113,0.00017752986686011486,0.03811218790950757,0.9608383920630705,1.859249618884461e-05,0.0008532976643728773
114,0.00038267656897048003,0.08002601533219876,0.9186464595449383,3.619819165780364e-05,0.000908650362234629
115,0.001267804664670859,0.3523649114888911,0.6444116833338146,0.0001969329355273048,0.001758667577096028
116,0.0009062942291874093,0.20407842600010345,0.7931712155201088,0.0001437484599545645,0.0017003157906459246
117,0.0010176425273485893,0.07535424661594067,0.9224915277613049,0.00011830454927769331,0.0010182785461280701
118,0.001105212272786939,0.12186338993409435,0.8730554524806051,0.0001068363327976052,0.0038691089797161307
119,0.0013206452422556431,0.19354122090985695,0.8021041120844468,0.0006623580638996499,0.002371663699540863
120,0.00477625545887538,0.3594232391244112,0.6221782289529058,0.002140292316170252,0.011481984147637255
121,0.006751641040521128,0.5605597860149424,0.4108821089233129,0.012641478912299926,0.009164985108923655
122,0.01774530862911659,0.780908755305733,0.15923975635243864,0.026804740148467805,0.015301439564243978
123,0.0073208686585958475,0.7939500194552503,0.17410556003240749,0.014572209174525914,0.010051342679220407
124,0.08246475133081575,0.8043580030652295,0.004373155110416137,0.09080020209230534,0.01800388840123337
125,0.0018480866296779587,0.0012653317511576204,6.024943461761842e-06,0.0001194526883013337,0.9967611039874014
126,0.7903423989246445,0.033264025685003355,6.834973634743864e-05,0.06541138278157638,0.11091384287242846
127,0.6649293779543638,0.2351171048437024,0.00029900909630449827,0.01933015827844254,0.08032434982718661
128,0.7367880074918745,0.19834325000239436,0.00018336265218619452,0.010290675483217588,0.05439470437032726
129,0.10520775370328969,0.8262084770049101,0.0007901552498451895,0.05088992688183735,0.01690368716011773
130,0.06480116461805095,0.8366586752757903,0.0006894102903809147,0.08532545841434254,0.012525291401435332
131,0.036888126035692394,0.9138561596574643,0.0007556798948646122,0.042485948607163704,0.006014085804814961
132,0.07750128800592516,0.7211918182252964,0.00010523778406382429,0.19174240283805657,0.009459253146658096
133,0.19903852773887717,0.6146783848601122,0.000563859481192055,0.1545320063955503,0.031187221524268345
134,0.02988146982748225,0.9436453400897851,0.001899218036320662,0.019010215099126235,0.0055637569472857746
135,0.05500389042841849,0.8301854163492938,0.0003168943505944045,0.09918035770889645,0.015313441162796919
136,0.06574605943546576,0.7766253784128546,0.0007451240346228518,0.15062803899769178,0.006255399119364887
137,0.06871206313364832,0.7399469764646857,0.002599069432670971,0.17647341648281512,0.012268474486179931
138,0.06970104781223026,0.7854659025361952,0.0025375691905448463,0.13282488401921408,0.009470596441815683
139,0.12423223007371076,0.258920251909133,0.0005309096689565373,0.6096905904645292,0.006626017883670432
140,0.1345764208421229,0.01380185109701487,4.983225330038192e-05,0.2085514913901124,0.6430204044174495
141,0.38897163473030527,0.24061134481508584,7.068475473211939e-05,0.3486834329245357,0.021662902775341157
142,0.2746952668592883,0.4873337659357877,5.386416620651064e-05,0.13618386464322998,0.10173323839548751
143,0.26440018646006147,0.6445157513924615,0.00030902872889951267,0.06501258210654563,0.025762451312031996
144,0.022312291233751086,0.9195204072236708,0.0010486419207818153,0.05450015410374089,0.0026185055180554763
145,0.0560459453362023,0.7378315553710207,0.0004607339734913677,0.20209382621999525,0.0035679390992901317
146,0.01911345093504506,0.8993019287398727,0.0010871149888439576,0.07777673216322864,0.002720773173009534
147,0.008293471165050038,0.9604409161914662,0.0007585603595984761,0.028186415434394232,0.00232063684949104
148,0.05353941394294185,0.8657834117769477,0.00010813081331152414,0.07617347962499767,0.004395563841801135
149,0.012793076753761908,0.9633003971426815,0.00014208106976746496,0.02243532896085077,0.0013291160729383695
150,0.05175474008224879,0.9202314962799543,0.00018385784623275726,0.025269073344329734,0.0025608324472344867
151,0.009081383795675985,0.9871125977559904,0.000634564247534463,0.0022345869457271687,0.0009368672550718941
152,0.02548119440570688,0.9419955870739495,0.0004323696308304415,0.028867048772627656,0.0032238001168857157
153,0.004568881243062732,0.9824153257645719,0.009537160304413395,0.0029065642869484914,0.0005720684010034661
154,0.0056954416685112775,0.9741274980525305,0.010076594336401522,0.007350417330413133,0.002750048612143411
155,0.01252746577413805,0.9692088329595784,0.005222710746224728,0.009421337379339662,0.0036196531407192674
156,0.006352551481833437,0.9539933319907823,0.010072798302523696,0.02761941746527016,0.0019619007595903654
157,0.024284300932234812,0.94078244680698,0.0008704025237232186,0.029068682205693887,0.0049941675313682245
158,0.14938594656625526,0.25519518617913917,0.003127251673560478,0.07843563838507518,0.51385597719597
159,0.5679527610224213,0.23959018010992064,0.00017867915963712478,0.16949306411312653,0.022785315594894297
160,0.29425903423025485,0.6737777869128241,0.0001393519231162602,0.02134814546098945,0.010475681472815319
161,0.24966389958468393,0.7247504213691381,0.00042853515760582283,0.01316835044243297,0.01198879344613932
162,0.0493851159180407,0.9336045622926349,0.0005357278534039396,0.013250940379734543,0.0032236535561857597
163,0.1106803501526315,0.830577724881191,0.0005140927711149917,0.04766489787084708,0.010562934324215489
164,0.03149629848519987,0.9428226340206495,0.0008560472235252315,0.022413739407427587,0.002411280863197727
165,0.02183085244493479,0.9575785599147723,0.006144493210316797,0.01015524666149646,0.004290847768479706
166,0.09546335805472922,0.8585127178538264,0.001111514879914358,0.03345044835602344,0.011461960855506695
167,0.00781729913506863,0.9806759555492561,0.005096125400752739,0.004918293797873076,0.0014923261170494302
168,0.006546388559436178,0.9832971831178853,0.001603284198669961,0.003645607336078609,0.00490753678793005
169,0.02317531924747825,0.9628067857418502,0.0007851152779221882,0.010452913435528642,0.002779866297220704
170,0.009362306721099112,0.981801393693717,0.0017247700860045002,0.005015974106813491,0.0020955553923659403
171,0.03381432481007376,0.9425200168711177,0.0076788029619677825,0.004216574671231267,0.011770280685609322
172,0.0452949838125499,0.9449749381525205,0.0012467837200032675,0.0043165168009650055,0.0041667775139611314
173,0.03741192710872999,0.9510235360736652,0.0014721406785139638,0.0055217652277334784,0.004570630911357204
174,0.07098907568873133,0.9092773753657395,0.005471854302868384,0.006138706650942672,0.008122987991718187
175,0.043494424419195904,0.9370628085062015,0.010835350601025718,0.0019144012787562002,0.006693015194820794
176,0.023454382474429887,0.9422428321980456,0.025993421028711244,0.0032245610859876306,0.005084803212825464
177,0.007881302478136221,0.9715062209900804,0.014835067442600533,0.0035258344524501067,0.0022515746367327135
178,0.008692938106448191,0.8699732743135302,0.10897547174070658,0.006392914188039634,0.005965401651275374
179,0.009584333068342625,0.9579559804710029,0.023424516776203608,0.005172215520941706,0.003862954163509139
180,0.023068811718502766,0.8315846542242638,0.11773493729523403,0.010560192408025899,0.017051404353973686
181,0.02424196908168277,0.9491399504661652,0.006206958520535937,0.014908495648384264,0.005502626283231764
182,0.06712289162179334,0.9042857053493906,0.004919252456271509,0.01311530520773773,0.010556845364806553
183,0.009612614839457074,0.9551103687252165,0.02917578025110426,0.002717985415249241,0.0033832507689730124
184,0.030776540266658704,0.8906414125657531,0.06270849557470544,0.0021270713110918575,0.013746480281790862
185,0.025685920368268368,0.9166243268699732,0.013995756197164567,0.001104778478324112,0.04258921808626974
186,0.010482999763261044,0.8133370334887453,0.14033561983998466,0.0014880703139842904,0.03435627659402465
187,0.018421422516636914,0.9235532976102692,0.02950241194757086,0.003484147514340587,0.025038720411182415
188,0.006989668080669616,0.5462121034496965,0.3908868394398706,0.0009243321700862488,0.05498705685967707
189,0.0017900504871579171,0.0038457206085364065,0.00015998424906041469,0.00014279344074031732,0.9940614512145048
190,0.0013471633210794243,0.0007811008803811653,0.00019856402497447754,0.0003054066637735463,0.9973677651097914
191,0.017605770610660678,0.003502079413042383,0.0003924863015777154,4.711970639024595e-05,0.978452543968329
192,0.001104089504211552,0.007361144022408997,4.098822378257128e-05,0.000532352678351747,0.9909614255712451
193,0.0022012665003969143,0.009458499850760726,8.491698026574825e-05,0.0012154892908205798,0.9870398273777561
194,0.0023983473537466066,0.012811286225846657,6.199086693298866e-05,0.00033823402149566574,0.9843901415319781
195,0.01832462001393996,0.016140549961723927,0.00026809755457062994,0.0008212492205276179,0.964445483249238
196,0.01377592347904662,0.008441021351347843,8.32878718891208e-06,0.0028743268731032654,0.9749003995093133
197,0.007696457293004503,0.009503629849477606,7.007286720446007e-05,0.0011094934821941414,0.9816203465081192
198,0.008195251757808747,0.0019866010881345844,3.232495360593115e-05,0.0008429439965022249,0.9889428782039485
199,0.0020555874501662946,0.0007159380256391053,1.7970459457767435e-05,0.000266034583272943,0.996944469481464
200,0.0017519672814777982,0.000616689683624534,4.857416145483343e-06,0.0006088100047998174,0.9970176756139523
201,0.03482835103697868,0.00647650911752874,0.001266694250768547,0.0007958772039030744,0.9566325683908209
202,0.006846188331277182,0.0012427675222691074,0.00010011996800607431,0.0005528762803868745,0.9912580478980607
203,0.020912849416271754,0.0013241471762982034,3.488477072328958e-05,0.0007367421728104051,0.9769913764638964
204,0.01148724278004463,0.0003164003648273314,6.995726768348733e-06,0.0008579364563741579,0.9873314246719856
205,0.012874735661145265,0.0002900177945510861,3.202429417403688e-06,0.004635254991529897,0.9821967891233563
206,0.40156530820985326,0.006683616950121311,8.782418997868478e-06,0.04167157318380134,0.5500707192372262
207,0.8338549294259172,0.005343841938718951,6.935723409492916e-06,0.03585790893408005,0.12493638397787446
208,0.7152671926309458,0.0186256123755433,1.4256186766800695e-05,0.12473239182400431,0.14136054698273962
209,0.16571456769860515,0.09932319207108921,0.00010615611432873599,0.7153861820138325,0.019469902102144387
210,0.1013180805153323,0.48971700216395936,0.000570428701952162,0.38789606647493285,0.02049842214382341
211,0.047629528581974945,0.3579102916647021,0.0002097114197706476,0.5860411162970199,0.008209352036532336
212,0.04269853634684842,0.49453343202134986,0.0004893811791427064,0.45421775074989124,0.008060899702767766
213,0.13298402230478526,0.27028313644847074,0.00012683887729409256,0.5467590351745112,0.04984696719493877
214,0.09837475006066806,0.6604946650393733,0.0006846491879096593,0.23398773351997887,0.006458202192070174
215,0.05494969344361361,0.6837743261932884,0.0008347308254392512,0.2552524989816378,0.00518875055602083
216,0.027963840741196854,0.8486807843019947,0.0013109457509272563,0.113830408811887,0.008214020393994291
217,0.009562474651716363,0.9167993507583629,0.0014219869510838927,0.06957954396672021,0.0026366436721166116
218,0.07020680094243192,0.05032943824338184,7.710020062655564e-05,0.23898128481249006,0.6404053758010696
219,0.39184472305233314,0.18943931662703062,0.0001825704035145647,0.4102745379703176,0.008258851946803935
220,0.14172310581206585,0.6370133603441769,0.0019315392228815371,0.2016263842188038,0.01770561040207191
221,0.1068423029380603,0.8568737254989259,0.0005744225823295209,0.0308306007964386,0.004878948184245739
222,0.04509831611973024,0.8014714309574887,0.0006531941436888664,0.1489324053278669,0.003844653451225298
223,0.012936987843241234,0.9363682649142447,0.002435897394169388,0.04543128694643392,0.0028275629019106395
224,0.014091750703423191,0.9424267683347286,0.0006767833293333869,0.039886083354895616,0.002918614277619173
225,0.026935097524884263,0.9173792811514284,0.0006990015941295855,0.0521107056457408,0.0028759140838167433
226,0.010678070249133205,0.9652500672904282,0.0037404738977796113,0.018422707328129645,0.0019086812345293959
227,0.020233295369069263,0.9500317513059413,0.0049821027229570635,0.020650203297001155,0.004102647305031112
228,0.2790558977561961,0.3147188004251332,0.0007230227373519586,0.18951896934288162,0.2159833097384371
229,0.10930890001073526,0.8104688226804878,0.0015996398124848827,0.06528780508529677,0.013334832410995362
230,0.40715492166917633,0.5402070579821522,0.0002246494422098553,0.04269067179074961,0.009722699115712071
231,0.1258388989428873,0.8536924421196667,0.0006945934230458934,0.01319368869253404,0.006580376821866158
232,0.023882709805733583,0.9444118307213103,0.01545133060162386,0.01146703509905602,0.004787093772276162
233,0.026153759425142604,0.953951856937092,0.004237418409127061,0.011589885857144102,0.004067079371494027
234,0.08034010047475065,0.8584026811814538,0.002151991417750293,0.050536870089728216,0.008568356836316925
235,0.0839756276823183,0.8686852876366727,0.0019078269055558734,0.03849372266057566,0.006937535114877438
236,0.11005111669916849,0.8483963927134358,0.0007725902684804918,0.036060869415454166,0.0047190309034608625
237,0.017665384748063565,0.9088884157865972,0.06553184569209707,0.004424410900667748,0.0034899428725742123
238,0.05362499101174014,0.9296439842954582,0.004483324933991792,0.008154388254150874,0.004093311504658681
239,0.023912066188972018,0.9517381122647921,0.010773212402962262,0.005939503750639232,0.007637105392634259
240,0.02949143658567261,0.9427012729303518,0.00951361983088171,0.009880505372773796,0.008413165280319743
241,0.08862488823898504,0.8922700267727505,0.0018555241030833597,0.010737729983098463,0.006511830902082475
242,0.033993279941132354,0.9520323072506157,0.005499309276979144,0.006085626797925218,0.002389476733347671
243,0.04293261678199983,0.9474108464110456,0.0020706206438247735,0.004922095450131294,0.0026638207129986964
244,0.013096340287390583,0.9686137724767656,0.010007865317795383,0.0031829026512439347,0.005099119266804495
245,0.027736311612571417,0.947712815885698,0.010379928832079284,0.008620594725443641,0.005550348944207507
246,0.034655736373311895,0.9551789524915194,0.002305698954479234,0.005335938879245223,0.002523673301443897
247,0.01864684327866585,0.964392123993704,0.005921133513445834,0.006609327089834222,0.004430572124350168
248,0.024831107755666753,0.9337277889036839,0.031269513650860156,0.0044101993485777995,0.0057613903412113724
249,0.017089595973868953,0.8738193108435364,0.0893716834929541,0.006260555975171,0.013458853714469485
250,0.020396196346837793,0.9552669596991256,0.01023473112041247,0.007233084905611698,0.00686902792801242
251,0.006209927498440156,0.9357187954508412,0.0485169629738145,0.006354418628286832,0.003199895448617402
252,0.025480876880247968,0.8426665884964288,0.09074847572151193,0.016277691653229814,0.024826367248581345
253,0.01391125167060193,0.9513183725545343,0.015331052259444672,0.013642803731564618,0.0057965197838542185
254,0.02489526153917565,0.927177861589697,0.027595349119708526,0.01252686067658776,0.0078046670748314045
255,0.01930655554100737,0.9292135062523142,0.031785315666926287,0.009667116452585538,0.010027506087166481
256,0.16742095059314527,0.7960062351785918,0.0034335172979470317,0.007813566567136892,0.025325730363179064
257,0.05361969254340792,0.9238224514117401,0.013898090060312908,0.0033610721810705332,0.005298693803468546
258,0.007896222380376352,0.8572641744041332,0.12702969027167357,0.0016363684625017776,0.006173544481315144
259,0.0071040713010249576,0.874201560494089,0.11360831292588515,0.0007385800049690152,0.004347475274031809
260,0.004534961979785892,0.8344226649122306,0.15430651978303,0.0014837853213997467,0.005252068003553767
261,0.004984819283445928,0.6460053718506326,0.33977852677956066,0.0012284608394813993,0.008002821246879439
262,0.01633551808875558,0.9213133564472621,0.05714950836808238,0.001683146636769719,0.0035184704591302374
263,0.0024290483795767715,0.8192408436470511,0.17372069281736877,0.0007153688831504577,0.003894046272852913
264,0.002622442001574042,0.6485234653205246,0.34435174478934744,0.00036346614255831027,0.0041388817459955705
265,0.002734131790948335,0.5211041233369618,0.4727498387929259,0.0006626568246652797,0.0027492492544987862
266,0.0014730145223176832,0.2608995023868498,0.735236031098828,0.00033144032068527495,0.002060011671319182
267,0.0036185249142577005,0.5293556406842896,0.4560847955219523,0.001678334786788059,0.009262704092712256
268,0.0013390906675466308,0.2540279449310935,0.7394195726216964,0.0011249199643205007,0.004088471815343114
269,0.003224680036886645,0.2597344431309024,0.7304625733429675,0.0013791101007909247,0.005199193388452815
270,0.0039425884200962385,0.7357887950019748,0.24999309234593955,0.0042464850098690695,0.006029039222120451
271,0.01932829639259612,0.04117141125870218,0.02587530834072942,0.0013106687969774234,0.9123143152109948
272,0.4955169217894988,0.3889986221069276,0.006605438849296063,0.011915512037942859,0.0969635052163347
273,0.23417171332279976,0.7160428836197684,0.008156900417442913,0.0019524316147620032,0.03967607102522686
274,0.15228215340343387,0.8231687887745676,0.0056199603573405445,0.0006138781398979628,0.01831521932476021
275,0.07040480509037961,0.9063923918980401,0.006632612321721166,0.0022057651000752057,0.014364425589783592
276,0.0841335031227145,0.8963492845927589,0.0023774155837342527,0.004015973634291019,0.013123823066501316
277,0.12498623730971223,0.8387940364264045,0.007850856985070756,0.006158687390717933,0.022210181888094573
278,0.026647225862184144,0.9362195087624228,0.026854026148465243,0.003440322640219427,0.0068389165867083655
279,0.04048559466307043,0.9315896544865973,0.018208315490493968,0.004608143873590329,0.005108291486247903
280,0.009332542071645742,0.9642885809425981,0.02189544571349775,0.0008019582739552211,0.003681472998303183
281,0.030503739711144267,0.9024580570117886,0.050108197907132834,0.007620897067157576,0.009309108302776592
282,0.040284496358191084,0.8738513507775697,0.07047562216553631,0.007940604963387297,0.007447925735315619
283,0.028258994136948896,0.9171513853013225,0.04348056638246673,0.005857456682314301,0.005251597496947706
284,0.009850200276232086,0.8971334535510894,0.08451621135846636,0.0029761410629033547,0.005523993751308726
285,0.017311939226792458,0.8655543207250096,0.10722893749120535,0.004873266672178265,0.005031535884814623
286,0.011053558858054884,0.7970903734206988,0.18221966305257628,0.002867077740260767,0.006769326928409223
287,0.0038559536643428573,0.8425279960385951,0.14895876977467817,0.000982744536161572,0.003674535986222286
288,0.009196430157711832,0.8644677536856877,0.11912960854331457,0.0018694453579654441,0.005336762255320528
289,0.0017216600380850682,0.578485892032518,0.41662982121789865,0.0009604360209639389,0.002202190690534197
290,0.015590606937268674,0.9187419324449732,0.058172838744318375,0.0027663159513629993,0.004728305922076659
291,0.005971778515149348,0.8093013730742988,0.1797207645099612,0.001217626633177399,0.0037884572674133864
292,0.005524375512335972,0.6587843825469631,0.3309789072070205,0.0010923271080910868,0.00362000762558922
293,0.006549791831364703,0.4980171253941413,0.4870768000348715,0.000900869293223011,0.007455413446399474
294,0.005948267106724179,0.3680230092044571,0.6172603255564847,0.0014580615729945195,0.0073103365593394885
295,0.04817532137935166,0.787368777372279,0.037346069463027876,0.01030529472530008,0.11680453706004121
296,0.08829337748982378,0.8945992309286357,0.0062793334227803825,0.006373806718830599,0.004454251439929655
297,0.008715021583960142,0.8053766331790985,0.17607639464461305,0.0032602368425718267,0.00657171374975655
298,0.025640870453686345,0.863641465406216,0.09783469135952495,0.0040408193007600976,0.00884215347981273
299,0.017368060990585823,0.9094488362336587,0.05962936569197014,0.0030556977530210245,0.01049803933076438
300,0.014415931332685636,0.8819530411787948,0.0956114634617979,0.0022412501084963883,0.005778313918225257
301,0.03966631616606185,0.5716254941398444,0.21057313669049102,0.0014173235469049361,0.1767177294566977
302,0.24449103738992414,0.7195180853894644,0.011084276463399293,0.008345649465755216,0.0165609512914569
303,0.07045816721661442,0.90833483965616,0.005800211409768917,0.004127611564371082,0.01127917015308555
304,0.04886949925330618,0.9121787442291943,0.03102207771366952,0.0019137832154081126,0.0060158955884218835
305,0.021283720516180937,0.9434643149368216,0.027100073717030843,0.003032183389836382,0.005119707440130243
306,0.07726485645077483,0.8438359181179091,0.020182398914526986,0.009559963815611784,0.049156862701177036
307,0.0075819957989783715,0.9015714184637952,0.08378817196746705,0.0028440225512401706,0.00421439121851909
308,0.020425977596686642,0.9063322135181473,0.057375126021264274,0.007846408422067894,0.008020274441833692
309,0.022227256818589433,0.9593097569410387,0.007438267628327079,0.007119981486093546,0.0039047371259510826
310,0.0031672724659436353,0.7210838067161662,0.26720830530868467,0.00440911637755189,0.004131499131653575
311,0.013249611873986959,0.9206527165848779,0.0504400300466708,0.009339220108253134,0.006318421386211079
312,0.01326333005059674,0.888756844703181,0.08737356170290934,0.00521805786187747,0.005388205681435511
313,0.019887799188965733,0.8440169383829427,0.12411859357243854,0.0070191171974650175,0.0049575516581879964
314,0.006061040219744743,0.7729878395262466,0.21423983114497155,0.0026881717342737716,0.004023117374763335
315,0.012409852388016467,0.7177654258359034,0.25837086013595484,0.0064246026196298905,0.00502925902049545
316,0.010747433537484185,0.7511635751120317,0.21841462953353366,0.01321254309829399,0.006461818718656333
317,0.01277070879509542,0.8557920138082451,0.10289263678956191,0.01833685856448504,0.010207782042612471
318,0.013107169787805666,0.6628728916132987,0.30033021455663583,0.01623034445522494,0.007459379587035032
319,0.05659214978504815,0.9087982035468732,0.006220714726774891,0.02205179514163839,0.006337136799665374
320,0.015439587440449579,0.9629092827674621,0.010324777389319612,0.007131742053029088,0.0041946103497397715
321,0.015607375379238992,0.9358171197466565,0.03270878736603602,0.013282311892614944,0.002584405615453645
322,0.0525207105898487,0.9107678500989129,0.005469528414627668,0.02487353330717101,0.006368377589439739
323,0.025108552436205397,0.8900766967979183,0.06344747358780507,0.015292310251530454,0.006074966926540836
324,0.055101468277143094,0.9071833128541994,0.01158739005560629,0.021123115599224314,0.00500471321382699
325,0.018163335051726716,0.8698762003391436,0.09839565863920281,0.00898394058451472,0.004580865385412211
326,0.026444386979015997,0.9226834316961544,0.032464376964710745,0.012790429182621642,0.0056173751774973284
327,0.012524474399455338,0.9582414712329028,0.009075933370062739,0.015990432790805954,0.004167688206773044
328,0.012341102958006514,0.8935032957345329,0.062146689067927786,0.027246287812357887,0.004762624427174999
329,0.014553959537669251,0.9347769633622592,0.004502886498492386,0.04340564218514323,0.002760548416435829
330,0.04840615738634241,0.768416495005014,0.01545800638491945,0.028933068944113103,0.13878627227961096
331,0.07270781759264881,0.7781148351450861,0.01651780441448424,0.11135853786261646,0.02130100498516439
332,0.0450698862713076,0.8474253534925325,0.011069772260940204,0.08438828672666128,0.012046701248558413
333,0.08066584307241606,0.42299007702686603,0.0010097518525659709,0.4847049705837502,0.010629357464401582
334,0.04480300017388773,0.08775521059713845,0.00028970094832530375,0.7557165567029263,0.11143553157772225
335,0.029745324209480763,0.013845128413250097,0.0002104081025214868,0.950440876787591,0.005758262487156589
336,0.04319023933366894,0.045800184399243715,0.0002695918538534536,0.902508391394938,0.00823159301829595
337,0.03888932511527868,0.013894003950218276,0.00018691054094299999,0.868739479748091,0.07829028064546906
338,0.05141527304784744,0.0516816713181897,0.00043179572599796515,0.8701388049217009,0.02633245498626404
339,0.10151702266327323,0.08171050810823656,0.0008788899650520284,0.7808714557440819,0.03502212351935621
340,0.06378410766225896,0.0802222327047486,0.0006494119507567799,0.8172392481627486,0.038104999519487
341,0.019004830238288428,0.01780796547452933,9.69769192939478e-05,0.953877231012941,0.009212996354947338
342,0.024300184689825883,0.029998057994263284,4.99397923366331e-05,0.9338943585852483,0.011757458938326007
343,0.022420613526565245,0.015872517905846237,0.0007744089013402198,0.9101737329127447,0.05075872675350368
344,0.012260721194763114,0.013030842526492788,1.2365565464561881e-05,0.9628810758846595,0.011814994828619836
345,0.003983456079125217,0.00290651054513109,9.532599330495549e-06,0.9910543937409592,0.0020461070354541445
346,0.0026332636530925456,0.002293046681040387,1.1339067911744454e-05,0.9931215121447543,0.001940838453200915
347,0.004426906090913274,0.005168725458956012,5.237730874810163e-05,0.9874084911311508,0.002943500010231895
348,0.004936729417056925,0.0043571753101524745,0.00012002381626775316,0.9885916764334349,0.001994395023087966
349,0.009493786091091406,0.006768355182745323,0.0002707751384294072,0.9775111337298243,0.005955949857909481
350,0.004392018879628484,0.001959736299690559,0.00038747434069855195,0.981347373251531,0.011913397228451474
351,0.003203164646925556,0.004202742437030212,0.0005193742265287741,0.9635105196419091,0.028564199047606254
352,0.0010619825816025022,0.0008288003282826848,0.00011834534484081559,0.9956114653159491,0.0023794064293249212
353,0.0030647220237502108,0.003684604040269139,0.0004274206579382685,0.988736179499916,0.004087073778126483
354,0.003598383972641159,0.0020234208946226604,0.0023475341542840093,0.9678080394754544,0.024222621502997747
355,0.002703702898350912,0.0015940734301720242,0.0028532655069100307,0.9868158038141316,0.006033154350435543
356,0.0006002682156937856,0.0013451019966049442,0.0013787520080005581,0.9929326568995883,0.0037432208801124077
357,0.0007923939145433756,0.0029344835662547,0.0012777849892189263,0.9897116153806043,0.0052837221493788325
358,0.001093592500551968,0.0031896986015811568,0.002147581442438041,0.9882526440930833,0.005316483362345454
359,0.0025032484804777635,0.0036372909395329805,0.00744806285224016,0.9721991912752772,0.014212206452471836
360,0.0011463029613074396,0.0028971588385346934,0.002962721008735004,0.9808690716363344,0.012124745555088625
361,0.0013686821311053546,0.002992858800993387,0.0017014739622801766,0.9810764922959034,0.012860492809717686
362,0.0015992980742395293,0.003957969805968046,0.006364341577230578,0.9575558100045062,0.03052258053805577
363,0.004166324328652993,0.014318742058909394,0.008648753115148462,0.9526975935864311,0.020168586910857995
364,0.006429650352180714,0.002570953193654369,0.0008754528193524276,0.9802136578041973,0.009910285830615038
365,0.005407007457212244,0.004905887878706316,0.014236936700411268,0.9599621900088132,0.01548797795485684
366,0.0045548706282431345,0.0026174829391641527,0.0007950480150047546,0.9874454566509985,0.004587141766589488
367,0.0010804598421201533,0.00150682025435359,0.0005557880682285237,0.9854467598278832,0.011410172007414747
368,0.0015387839315627997,0.0009566679227149345,2.1458235507272433e-05,0.9949311721915104,0.0025519177187046265
369,0.0014050297063811614,0.0012933107086033607,1.381875109386624e-05,0.993835561008954,0.0034522798249678518
370,0.00195030841096661,0.0029155342006384043,1.9902648838507845e-05,0.992425364165572,0.0026888905739843373
371,0.006096233436298849,0.013175684518564169,7.271475068706813e-05,0.9731217114393383,0.007533655855111653
372,0.013997846391626725,0.008213004751981206,0.0001609835943592037,0.9555592339518671,0.02206893131016579
373,0.0036782273579820755,0.0014447616875210751,1.1702543782394878e-05,0.99306681784625,0.0017984905644643971
374,0.010037825558326953,0.014496321226151729,8.827807830237709e-05,0.9650581894227426,0.010319385714476392
