epoch,N1,N2,N3,R,W
0,0.12890861613148843,0.0050281729329767376,2.3011716197555672e-05,0.020607977221348987,0.8454322219979884
1,0.0345650732538148,0.00123889182853596,2.2479135311834348e-05,0.0019610612976861627,0.9622124944846513
2,0.10904444836429712,0.005251925505302149,0.00010119197532151358,0.0160141251333651,0.869588309021714
3,0.2631217795821171,0.01600053054782958,0.0004274900448712848,0.0338647880406042,0.6865854117845779
4,0.08686139891130443,0.00236502736691405,6.27668752282518e-05,0.007023472391928553,0.9036873344546248
5,0.05517381594729363,0.0012729331542058878,3.5718827459555925e-05,0.005665590348922555,0.9378519417221184
6,0.24264107326301282,0.005600721344722298,0.00017575414473254436,0.05350782156982996,0.6980746296777023
7,0.0865998353012331,0.0016368406993842652,4.3097203872376274e-05,0.0037136998648706647,0.9080065269306395
8,0.051063599914824925,0.011077287584725468,3.63365850527603e-05,0.001317022076830957,0.9365057538385658
9,0.16877045683667669,0.0031289391159402117,9.525630361126312e-05,0.007356651287072469,0.8206486964566994
10,0.14027055278212605,0.0021190511380842934,4.0464607501978556e-05,0.003830742948574532,0.8537391885237131
11,0.17684242063549419,0.004079072717675597,0.0005943173548209296,0.002495915749652755,0.8159882735423565
12,0.19139774923129774,0.010250695545144236,0.00010077734402130787,0.0051554415314987515,0.793095336348038
13,0.43981301931237204,0.028920438061704377,0.00021841816031886502,0.030860644282033608,0.5001874801835711
14,0.19799963842022128,0.014111062862112429,0.0001291869546400329,0.011028027509655449,0.7767320842533708
15,0.3056964715794148,0.06685841602447878,0.0004521309370487354,0.015071268987065912,0.6119217124719917
16,0.10484389753116752,0.007216471673464442,3.905672587278742e-05,0.0033496100747828976,0.8845509639947123
17,0.2378337332228959,0.014296494891999936,9.861847446174913e-05,0.002133332266331502,0.7456378211443109
18,0.08195914633564273,0.00618644780814689,7.855764436946076e-06,0.0008772404519092777,0.9109693096398641
19,0.06307630921711657,0.0018928794672060587,6.744247505189251e-06,0.0006783155560735583,0.9343457515120988
20,6.748731382293526e-05,9.209961086320087e-05,4.5817237511122984e-05,3.0812593652632103e-06,0.9997915145784375
21,0.00043140632287897275,0.0002572813186292611,4.969121418369196e-05,8.810082692984196e-06,0.9992528110616151
22,0.0008710696973685821,5.5088248222968356e-05,7.967085900733428e-07,1.1549785340498566e-05,0.9990614955604779
23,0.004978288492080389,7.419471557618736e-05,4.689714993777488e-07,3.8940694539991535e-05,0.9949081071263042
24,0.00016255601458029263,6.806291576324314e-05,7.380667087609926e-06,7.933359619457341e-06,0.9997540670429494
25,0.0025680208262147232,0.00021239453785665963,5.81534447494256e-06,1.143539398068394e-05,0.997202333897473
26,0.015444448988837194,0.0005276308221723926,5.033298988797435e-06,3.391928524620478e-05,0.9839889676047554
27,0.08299267572308912,0.0014334827040849462,1.1866191044962208e-05,0.0001720124682199282,0.915389962913561
28,0.007609761545699123,0.0006122558910043811,3.541307196258531e-06,0.00010284617799429251,0.991671595078106
29,0.106027774857542,0.001327443502171387,1.474561414474235e-05,0.0005929406141159713,0.8920370954120258
30,0.035892161111548596,0.001259775239662673,6.341428604292044e-06,0.00044104824667209647,0.9624006739735124
31,0.056920637407340886,0.001333610420370775,6.820947386876237e-06,0.0004875672975098394,0.9412513639273917
32,0.08429870103973076,0.0019040759080518703,5.350843310863307e-06,0.0007433071347876134,0.9130485650741189
33,0.2962142431406493,0.011879787350470001,4.8434733272591183e-05,0.005136864764033595,0.6867206700115746
34,0.3303278653161945,0.004170558549777362,1.2015599273081316e-05,0.0014996170591205164,0.6639899434756346
35,0.6488177961422881,0.004964530182750479,1.752797060097842e-05,0.002485754886988633,0.3437143908173719
36,0.44949401058486926,0.15974165431621784,0.0012351910169622277,0.13018350226778488,0.25934564181416575
37,0.6458152559624055,0.049945742430176215,9.644113146828532e-05,0.07020004835257432,0.2339425121233758
38,0.18998183241691824,0.026412813486049704,2.7235815814578313e-05,0.003266267706144297,0.7803118505750732
39,0.49866173226205596,0.380756742190244,0.0011562137773777383,0.04025704677565075,0.07916826499467153
40,0.5052508640284166,0.4035850274463614,0.0008568831942955556,0.027060592593525338,0.06324663273740107
41,0.42541652526283463,0.5165256383819319,0.000782760530954751,0.010468769055113795,0.04680630676916499
42,0.06377434456558663,0.9085509341953972,0.005071211496400191,0.014737123959247589,0.007866385783368348
43,0.0453799678876278,0.9376132785374836,0.005688793425733876,0.005547364776761182,0.005770595372393688
44,0.015339081709687768,0.9601246421672318,0.016693392046707223,0.0035206434749633303,0.004322240601409967
45,0.02142965145743129,0.9244136008332235,0.04059489232042775,0.007700972936843529,0.005860882452073884
46,0.02100237742465837,0.9593704026657716,0.01087503585432222,0.003720125022029679,0.005032059033217956
47,0.007334391855976976,0.9638223336630893,0.023424548273938254,0.002632396357383285,0.0027863298496121464
48,0.00610903222355924,0.9687445853727323,0.019239756705594212,0.0037631454521047836,0.002143480246009503
49,0.004996600802982989,0.9598740816582002,0.028899088996669164,0.0021069740081051287,0.0041232545340424975
50,0.0024880327597410585,0.8263368072556656,0.16909142031960314,0.0002311862609316902,0.0018525534040586314
51,0.005198270646166614,0.8642788649990354,0.12600984411243843,0.0002584692960143342,0.0042545509463451855
52,0.007557620778588807,0.9505232124795723,0.03745800477635405,0.0004997671084716752,0.003961394857013398
53,0.006638883096435387,0.7699702612067992,0.22080797020976145,0.00020014052288606593,0.0023827449641178034
54,0.013260352566666848,0.7447012388193562,0.23428381298537113,0.000255250041294941,0.007499345587310836
55,0.004447520137641578,0.8123187420694661,0.17911845345891653,0.00011086384108192579,0.004004420492893823
56,0.006416360315147739,0.8228062278522067,0.16789325738471297,0.00015653342895207396,0.0027276210189804886
57,0.002924421724446507,0.7324642282764459,0.26195808752054517,8.722482418895433e-05,0.0025660376543735295
58,0.0014541297288985138,0.6541256021259773,0.34255486534542934,0.00013553904659021013,0.0017298637531047456
59,0.0008134603751476429,0.3233258748338942,0.6748720888494465,4.617693405030532e-05,0.0009423990074613292
60,0.001495428252308091,0.6384972771643724,0.35744390579000457,9.985306961804986e-05,0.0024635357236968114
61,0.0006904626890648784,0.443631351945847,0.5538907907438189,7.108445651883085e-05,0.0017163101647504832
62,0.001151062418314231,0.3951994601830816,0.6018346988953649,7.594342516618473e-05,0.0017388350780729216
63,0.002004004261284583,0.7567394521321024,0.23905214300823613,0.0001397680490016757,0.002064632549375301
64,0.0007759394244250843,0.136207764875922,0.8621472190901812,2.1051136019387497e-05,0.0008480254734522275
65,0.0008115244376226736,0.15699888328305958,0.8410823628719202,1.8449344339000163e-05,0.0010887800630586422
66,0.001959294640436705,0.30502616331537685,0.6900539335630066,3.319535269164705e-05,0.002927413128488121
67,0.0005582584849132453,0.2435775004276798,0.7538305425369379,2.1712731070448145e-05,0.0020119858193985546
68,0.000770296694282539,0.21360612420852293,0.7826301161918707,1.9929195902692348e-05,0.002973533709421105
69,0.00031375164361328997,0.06375610666786302,0.9350817112304223,7.1600020629132245e-06,0.0008412704560384435
70,0.0006511310622475407,0.4236421986561027,0.5717877298281915,3.5295962462781836e-05,0.0038836444909955458
71,0.00038660386134837366,0.03461475192726533,0.9641066616613874,6.14219342262131e-06,0.0008858403565764142
72,0.0011777692050161856,0.25558240215113587,0.7413256650636098,3.3745681229796846e-05,0.0018804178990083182
73,0.0001057994529736332,0.052367842994438196,0.9470636610122397,4.846236778054195e-06,0.0004578503035704771
74,0.000597482955920794,0.13083918153348242,0.8672947215975645,7.536421248479701e-06,0.0012610774917837715
75,9.030550531795923e-05,0.044670188400583476,0.9544547960753564,3.4371941523020577e-06,0.0007812728245897689
76,9.347762932332999e-05,0.07998543639005007,0.9188391673813969,3.3396657886658365e-06,0.0010785789334411778
77,8.677699443509537e-05,0.06333866081344972,0.9354548855254942,6.7309411636921756e-06,0.0011129457254574105
78,0.00016113599288138003,0.04557121134230709,0.9532072923730405,7.753668899301007e-06,0.0010526066228717372
79,0.0002919865625710953,0.07146890130296948,0.92678097604404,1.554228920809413e-05,0.0014425938012114703
80,0.000744898635967308,0.16265771711347843,0.833424357394974,3.1865887476226027e-05,0.0031411609681040683
81,0.00042682700187166765,0.11817646426532512,0.8792418998101726,1.4224503850357086e-05,0.002140584418780188
82,0.045997121391552064,0.6914235187928031,0.2103992035185045,0.00018984766068576598,0.051990308636454784
83,0.0054811638220846615,0.7549799541257554,0.23592215298667854,0.00018458410058851528,0.0034321449648931314
84,0.011638181267301427,0.8054241391429608,0.17845190221843088,0.0002929818894782554,0.004192795481828574
85,0.004935598210247524,0.733834796591997,0.2578216535295054,0.00029116303746334893,0.0031167886307867385
86,0.002988471938846619,0.7551550906899414,0.23888475061680042,0.0002731824876342218,0.002698504266777436
87,0.0008747294896651273,0.23118784565737097,0.7668976424797467,2.8534783577544963e-05,0.0010112475896396683
88,0.0009489234231090489,0.39622100790946113,0.6010208762949951,4.5967626379036186e-05,0.00176322474605569
89,0.001202053930785455,0.4116296808493748,0.581982708901447,0.00011855958092417335,0.005066996737468585
90,0.0010887480047954458,0.16465848983593878,0.8325944804671535,5.198681372156634e-05,0.0016062948783909289
91,0.0026320122730934467,0.7245460089629618,0.2695373254559469,0.00013522309413881883,0.003149430213859058
92,0.000262795032243893,0.06383777281632538,0.9352939424852471,5.419483000796343e-06,0.0006000701831829795
93,0.0008221465808304558,0.39783696944890684,0.5985714079259719,3.608811304338161e-05,0.002733387931247472
94,0.0001806363601245457,0.020671290248076426,0.9788352579190052,4.13323488884582e-06,0.00030868223790509337
95,0.00013136986087958016,0.035162081203261475,0.964252473723057,4.3983742076833365e-06,0.00044967683859412446
96,0.00016313778694439828,0.0591798459206631,0.9396064522660212,5.689052559198234e-06,0.0010448749738121797
97,0.00022995908740413288,0.0981060519356603,0.9003154997684651,1.000546708550832e-05,0.0013384837413848276
98,0.00015863934858220455,0.18027906399235666,0.8180142767714383,8.755623838425952e-06,0.0015392642637844
99,0.00025140464155337536,0.18078214087542788,0.8178241922771385,1.1184681818387987e-05,0.0011310775240617266
100,0.0004223200484818159,0.06331363378088378,0.9351609277085977,1.0545738834264764e-05,0.001092572723202587
101,0.00010496072019175124,0.08722260320320589,0.9117591559189329,4.5753574811993675e-06,0.0009087048001884614
102,0.00023277142950196654,0.022448867969240453,0.9767663254573972,2.662976732644276e-06,0.000549372167127735
103,8.128417336935745e-05,0.02765204473215113,0.9717628913469507,4.177973776229674e-06,0.000499601773752505
104,0.0004775156247756233,0.16618110641330192,0.8306403536925057,2.0541921964671747e-05,0.00268048234745215
105,0.0002956793570936337,0.07179104422869217,0.9267265927345981,1.1914908818750412e-05,0.0011747687707974038
106,0.0006008683162643767,0.2891496977237207,0.7076192237671166,6.214949875506855e-05,0.0025680606941431653
107,0.0007801405725749735,0.09779480013552255,0.898380022681051,5.356973584094222e-05,0.002991466875010566
108,0.0003994985972721155,0.08256913285153412,0.9129080092331774,8.483825435298616e-05,0.004038521063663185
109,0.0011626132001103819,0.09267118188882571,0.9011488868337647,0.00012981066153426203,0.004887507415764928
110,0.0023399890747248632,0.6139191970830947,0.36709023807734226,0.00015444587947805244,0.016496129885360086
111,0.04623418468637513,0.13156219821677334,0.005692684224322688,0.0006289105748181285,0.8158820222977107
112,0.14824499698165602,0.7362304611390845,0.04436570423079648,0.0018855043592993373,0.06927333328916373
113,0.166366692501606,0.6830360237494723,0.0617172210772948,0.001333375827775424,0.08754668684385164
114,0.07843512322604727,0.8268506323381035,0.0662205840841233,0.0013619331754773072,0.027131727176248597
115,0.10283197543974379,0.7197375521898044,0.03717973594856352,0.007888189866271681,0.1323625465556166
116,0.033865318376709946,0.7556101216045261,0.12738754179590966,0.007676710344983758,0.07546030787787057
117,0.09877058557142246,0.7784153290208526,0.015733785187109807,0.018692357601351246,0.0883879426192638
118,0.13444665978197362,0.6742539589299912,0.005532776263815603,0.007717457001515872,0.17804914802270375
119,0.24680193512058746,0.6555455395959205,0.020706948336711904,0.0143377588443109,0.0626078181024692
120,0.18896579425097002,0.22772015568117984,0.0016291308528196364,0.00182927164144012,0.5798556475735903
121,0.4914614721373661,0.48465400671194986,0.0012959373627454294,0.0033568925784125147,0.019231691209526027
122,0.10773628526065719,0.8729187585521699,0.00526174825504611,0.0034187777151517655,0.010664430216975166
123,0.2929285501359672,0.6757369567327707,0.0023408008075482263,0.01827389689460863,0.010719795429105146
124,0.06311267813544989,0.867011017735142,0.003619344495671335,0.05172564686434054,0.014531312769396287
125,0.03339944162392867,0.926976513692545,0.00875521165228153,0.024701980097421992,0.006166852933822612
126,0.01332031799301195,0.9409526106607238,0.018398793630788515,0.022820500904468636,0.004507776811007256
127,0.011662011633868529,0.8640742801071611,0.05639800935384172,0.056880922442912915,0.010984776462215644
128,0.09421892649762403,0.5426755907611678,0.0007970120017868597,0.2318181330167789,0.13049033772264243
129,0.2646019229314815,0.17825019212042334,0.00043280901979563836,0.2969235729678047,0.2597915029604948
130,0.4485747095550954,0.23470302279464428,0.001079124904517276,0.14486895958270063,0.17077418316304235
131,0.5378522103011544,0.16723976205392735,0.000307218944600066,0.034448117621674386,0.26015269107864386
132,0.8031315232713886,0.14120920992663674,0.0003811762346930055,0.04142183430852033,0.013856256258761291
133,0.3235674318459919,0.4992590537638916,0.001213032660233401,0.16663210904549416,0.009328372684388993
134,0.17541062456784728,0.4246845057830222,0.0013718267826010534,0.3844007619751396,0.014132280891389763
135,0.06583004808720391,0.6480909628313734,0.004776039826563217,0.27465224685202155,0.0066507024028379874
136,0.12029591905015781,0.7019839493804725,0.0033100081587695384,0.15327931490815036,0.021130808502449763
137,0.11968976378110135,0.8408254542255954,0.002191654599976818,0.025644614195873872,0.011648513197452566
138,0.09087630726698369,0.8818371879613984,0.002670241479982003,0.020064544894863697,0.004551718396772236
139,0.08400771571335935,0.8975614427867287,0.0032826955454660946,0.007437402339171761,0.007710743615274174
140,0.04487662924824066,0.939335067725784,0.007883247341911226,0.004248843184132467,0.003656212499931527
141,0.010960603518021944,0.8891905257109766,0.0936933476214692,0.003126215096778562,0.003029308052753799
142,0.018186433143326363,0.9223313549716614,0.05102586075113037,0.004281138138056962,0.004175212995824894
143,0.07822960346229908,0.8852157121538227,0.007930089628891775,0.01998184209409385,0.008642752660892452
144,0.015220406343278833,0.9682347204329522,0.009826342887812069,0.0028805392073388857,0.003837991128617774
145,0.01815720520503249,0.9615381690566669,0.009706603520565535,0.0036028886783326178,0.006995133539402517
146,0.011879661682427966,0.02327267560669828,0.0003019361235374796,0.0009965445821408729,0.9635491820051955
147,0.0012295990841910917,0.0015571973864331422,0.0005151953675521046,0.00017081357335349664,0.9965271945884702
148,0.10077449123563517,0.00989091482637254,3.571692743433854e-05,0.0007306122871290269,0.888568264723429
149,0.9123643614236732,0.017852237668442232,0.00011252587518378964,0.0011036944088536633,0.06856718062384717
150,0.5571382831999174,0.36881102717824155,0.0020493099950522776,0.0027429189692020346,0.06925846065758656
151,0.6763495418721824,0.25974851813277355,0.0004870024688138275,0.03912976111810678,0.024285176408123433
152,0.25289835049732334,0.3736414444684091,0.0010892105596466502,0.33446254120802993,0.03790845326659113
153,0.2680341350321433,0.3112216280720479,0.0008875695590076223,0.2395843056673957,0.1802723616694055
154,0.06416408861052132,0.8703178362292865,0.0022637574610935665,0.0573299851611188,0.0059243325379798135
155,0.014831945872088333,0.9512858582090675,0.006945279198646494,0.024312295591590264,0.002624621128607525
156,0.14854650726691476,0.5893468640520538,0.0017794730277448001,0.23030574046430383,0.030021415188982672
157,0.036339623418967244,0.8616332293421191,0.003122906332604536,0.09277374149534776,0.0061304994109614985
158,0.08102211952816323,0.8620627880145025,0.002745769736313411,0.03945532051665572,0.014714002204365029
159,0.24180643339231883,0.4708907740370716,0.0015706257431951187,0.2550722197699196,0.030659947057494953
160,0.24747300928644236,0.45754136769988035,0.0010309173856922899,0.25165958138452804,0.0422951242434569
161,0.06281104200942053,0.8643034409875628,0.002859501128548818,0.05998860336019473,0.010037412514273116
162,0.2884988769635259,0.1349017489829639,0.00043155623238570344,0.14780363299135663,0.42836418482976785
163,0.0024043480050282336,0.001493416754285981,0.00017108606851741988,0.0001550745572137,0.9957760746149548
164,0.29419072413876335,0.009426430588899247,3.542046941640172e-05,0.0009831234282596903,0.6953643013746613
165,0.9232548228834108,0.009957121463750256,4.485080036778271e-05,0.0004760517027917232,0.0662671531496795
166,0.9170947326163329,0.019719302723306537,8.0338872757599e-05,0.001209469364765435,0.061896156422837495
167,0.6473598487361993,0.27516866439961424,0.0012224004753953622,0.034104031546793874,0.042145054841997195
168,0.35730651304871913,0.2770814738963619,0.0009142175115022321,0.3257459494550925,0.03895184608832424
169,0.2035774161769985,0.21060197729170121,0.0008965300202305107,0.5528095570078531,0.032114519503216754
170,0.06440241677008308,0.16185816163759967,0.0007379868423424792,0.7664853746283429,0.006516060121631898
171,0.13987862296465234,0.020033792464850424,6.725343226177168e-05,0.6861121435887457,0.1539081875494899
172,0.36295661172931865,0.14235352945589075,0.00082697226738091,0.44601155631398404,0.04785133023342561
173,0.12324371211929062,0.6837304714482744,0.005765091041949757,0.17315175096263669,0.014108974427848465
174,0.3416626893241697,0.34872698763668275,0.0015973106435699768,0.2789001688924231,0.029112843503154528
175,0.12463588545020625,0.2911753910842511,0.0015558630453144484,0.19478880145413463,0.3878440589660936
176,0.32221224501893697,0.13629564573228567,0.0004917666307999702,0.15043609289646828,0.3905642497215092
177,0.0457863824596345,0.017430904871771135,0.0002405011572300286,0.02989456852267438,0.9066476429886898
178,0.01981818129286646,0.0354222458011406,0.005065220107753251,0.0011396150171396006,0.9385547377811
179,0.1529300723533373,0.005433944847113195,8.113481991128867e-05,0.002139696350358444,0.8394151516292798
180,0.7175077124191713,0.009528516205217313,0.00014056400467563909,0.00304527895770045,0.2697779284132354
181,0.9156355311148773,0.03632842860310388,0.00022472665003616096,0.00464706638134098,0.043164247250641496
182,0.827993437659004,0.08134850364341609,0.0001495056261203496,0.03521566777038826,0.05529288530107129
183,0.3358914963427567,0.5196612985184563,0.0007902408897822843,0.11457695772584785,0.029080006523156884
184,0.0845967968026893,0.7254473461819994,0.0014788255377525257,0.16975413545198348,0.018722896025575378
185,0.028679618213222215,0.9011397825691775,0.01320128917131191,0.04002170908049723,0.016957600965791082
186,0.03449850420434713,0.020997724682470208,2.9218454958366628e-05,0.04731249307717159,0.8971620595810528
187,0.48268848201944914,0.07355858112987436,6.535122238980447e-05,0.35369267661342985,0.08999490901485696
188,0.6497872305851952,0.01552279016159837,1.5632986716257334e-05,0.11403567970302422,0.22063866656346595
189,0.9293597722751927,0.029371095112467296,3.080964480993318e-05,0.023861125087706644,0.017377197879823215
190,0.16432972915141847,0.6917622902181135,0.000512512950080261,0.1373156422381675,0.006079825442220272
191,0.14639804498013675,0.0993949281836916,0.0001345695666601009,0.05645598428469877,0.6976164729848128
192,0.15050316735369915,0.6804173562741315,0.0005567967228391024,0.15102401057173356,0.017498669077596767
193,0.0660160761413553,0.7943827372267462,0.0014264659852212974,0.13158051887081787,0.006594201775859122
194,0.36924298270938716,0.4271374502238172,0.0004454630945311604,0.1377884934719785,0.0653856105002859
195,0.13548836773781878,0.5023636183852633,0.001065377928043029,0.30983249514628686,0.05125014080258797
196,0.3382432683925635,0.41102595078936716,0.0007919987173328305,0.2222393517680008,0.027699430332735656
197,0.020763509524288244,0.9583883006719459,0.012558988174943444,0.0061051408680656,0.002184060760756612
198,0.22692753419688447,0.7099474005285881,0.0008472529378939327,0.034092315115132,0.028185497221501703
199,0.01203802163109915,0.9637868912452833,0.01025216881869846,0.0118092437449572,0.0021136745599618575
200,0.39501252763731093,0.3588819310258778,0.0005707067545830062,0.1772066823393213,0.068328152242907
201,0.12783858200984646,0.7499380051900935,0.001106313647811394,0.11128457905368402,0.009832520098564855
202,0.00606738758247177,0.9817958911344207,0.000970185734619353,0.00957604930720214,0.0015904862412858432
203,0.23288691614447804,0.28099580386677214,0.0001614524440247639,0.1412055726075043,0.3447502549372208
204,0.07658015006640569,0.7779869259414223,0.0007780424057166749,0.12827843140723613,0.016376450179219175
205,0.25783519579114544,0.27459287957376777,0.00028584129793171077,0.42131190202764596,0.045974181309509116
206,0.4128901370563694,0.12489572086720954,0.0003266923093622149,0.3127174517413325,0.14916999802572634
207,0.0315065136262776,0.019584440435288168,0.00014776036457073992,0.019336415885835966,0.9294248696880274
208,0.07413208024200135,0.01616718927340653,0.00011658978446386003,0.008975050030630942,0.9006090906694972
209,0.8101964279649762,0.021931323403970297,9.637398342136056e-05,0.013608500772295723,0.15416737387533647
210,0.8191357080011346,0.06338419493401802,0.00023316337592257125,0.012330370533112346,0.10491656315581253
211,0.7194119836688143,0.07050518857640181,0.0002324140753250797,0.02649996863242248,0.1833504450470362
212,0.4300511395928679,0.03902812370862745,0.00013303266202081268,0.07097857603418561,0.4598091280022981
213,0.5202706083326758,0.03490373485078909,0.00015399807570918,0.06297493301626078,0.3816967257245651
214,0.5778667089480926,0.06493869022032477,0.00030260665735609845,0.06625180941830063,0.29064018475592573
215,0.017047399473094214,0.003819892835950428,5.328682280493417e-05,0.0030139042890933603,0.976065516579057
216,0.001755096151261516,0.0020406768615529956,0.00027157048586109783,0.0005304943418599305,0.9954021621594645
217,0.005572465425833927,0.0018362778718233816,0.0002635168795591014,0.0011951746263046516,0.991132565196479
218,0.012988529129786337,0.0005467421981665157,6.114410835472888e-06,0.0008682859840973014,0.9855903282771145
219,0.016717202114421934,0.0005953959708902994,6.043589444195866e-06,0.0009677810077590628,0.9817135773174845
220,0.0012828490967828968,0.0006748075039425639,6.38511466503608e-05,0.00034999022210813137,0.997628502030516
221,0.002599624451039588,0.0004058899669390798,4.8464809853948756e-05,0.0002208440991367891,0.9967251766730306
222,0.01783059806738164,0.001059665630070103,3.882494712994073e-05,0.0005514405697487058,0.9805194707856695
223,0.014141739254879807,0.0006376612858482843,4.263333262782712e-05,0.0005066989295868539,0.9846712671970573
224,0.04034364753739213,0.0019584865207779357,4.2249281144027616e-05,0.0009531694226003321,0.9567024472380855
225,0.05224066234944787,0.0015579065556796618,3.0082445657439193e-05,0.0017661140242630985,0.944405234624952
226,0.012095870293032503,0.004064574081441463,2.6670151727953342e-05,0.0005790819919050843,0.983233803481893
227,0.003702494589043898,0.0008688703906064368,4.705050056616178e-05,0.00027822675275160325,0.9951033577670318
228,0.020474837148306998,0.0015450480484255358,2.2538513706921683e-05,0.00025690280088510074,0.9777006734886754
229,0.006615130417067926,0.0007648724184833916,1.347366811231822e-05,0.00045031224935666294,0.9921562112469797
230,0.24491042176703134,0.012411304438810018,8.261333338862956e-05,0.0025078809380896815,0.7400877795226803
231,0.002753190656693043,0.0009206959567936667,0.0005772661714879623,0.000332648206169314,0.995416199008856
232,0.0064523000173971464,0.0010662653097392014,2.3288917257500977e-05,0.00022895032489502872,0.9922291954307111
233,0.0032273530275822126,0.0014873200270856975,2.8326718467526053e-05,0.0004913987305802677,0.9947656014962843
234,0.04660129126366636,0.001041074387489288,1.8262257264887215e-05,0.0004923141404741669,0.9518470579511052
235,0.020136189250637305,0.0020397955364630633,4.8803962011936014e-05,0.0006942345449995198,0.9770809767058882
236,0.08548151935798609,0.0025339654157174045,2.5375889772402747e-05,0.003385966024113697,0.9085731733124104
237,0.28486859141382376,0.0037392045066827174,5.548898600946341e-05,0.025475752759629766,0.6858609623338543
238,0.052831333716829104,0.005450104042785042,2.9528233223545097e-05,0.020740824968797762,0.9209482090383646
239,0.15576588408450331,0.0057596913616530755,3.4198476339415855e-05,0.13637777949047605,0.7020624465870281
240,0.25023406405251275,0.0051650163748481375,4.476685156482778e-05,0.320638938382539,0.42391721433853524
241,0.20602919790320368,0.004247956690901784,3.808476548770823e-05,0.2540863898406347,0.5355983707997721
242,0.5337895005273614,0.011574375974401913,0.00010213730743645375,0.28089706251725216,0.1736369236735481
243,0.43385330289068436,0.02423612646591999,0.00010878232144627035,0.17834689342010826,0.36345489490184113
244,0.06440380365718676,0.013145996134681877,3.446310805596659e-05,0.049186078986206756,0.8732296581138688
245,0.0074443186668913044,0.007230238932254301,0.00023088729978664618,0.0018711620803361175,0.9832233930207316
246,0.04166091512543734,0.002109051199607025,2.3318228207461076e-05,0.001478891519866387,0.9547278239268818
247,0.07913106195020783,0.0030716636021535927,2.2169784507652028e-05,0.0017082821869488633,0.916066822476182
248,0.03793335854241489,0.0028047126351815796,2.533101543065046e-05,0.0012837373405043433,0.9579528604664684
249,0.03360847049164738,0.00210886031579368,3.3624644689069065e-05,0.0024653723960197447,0.9617836721518502
250,0.04196345242488114,0.001626276180149219,1.2775009375676283e-05,0.004689236008802918,0.951708260376791
251,0.0668547874861079,0.003334347298778302,3.331702899045061e-05,0.005956350569228598,0.9238211976168946
252,0.009459965086440356,0.0049383535305247165,0.00016285312942864908,0.0014441097583652786,0.9839947184952409
253,0.002393695217842676,0.00151062057225119,0.00025074056869435273,0.0003912204481743028,0.9954537231930374
254,0.00263301904711675,0.0011070520795291936,5.000602732418753e-05,0.0004607497305241856,0.9957491731155057
255,0.20768708690742466,0.005674172180476565,2.646094019700116e-05,0.002382221185499469,0.7842300587864024
256,0.061777915690997685,0.007069706417671109,5.124138402680364e-05,0.0014812568778940329,0.9296198796294103
257,0.04393622483417613,0.002881836450287118,0.00010601646467889982,0.004403198989608768,0.9486727232612491
258,0.31143943584894357,0.033370306300453026,0.00018875795493334055,0.0185940176468512,0.6364074822488189
259,0.22177698814636285,0.017966392974121264,0.0001931254652078805,0.034717867937406936,0.7253456254769012
260,0.059293111003600206,0.0033505313886541704,8.757327498862555e-05,0.06663112548485343,0.8706376588479036
261,0.07088646967891649,0.005518436472848621,9.937392497021017e-05,0.1604978282111425,0.7629978917121222
262,0.03937134731143554,0.0013120716577832456,3.7767795757485716e-05,0.03362312360571192,0.9256556896293118
263,0.04406596714696428,0.00204619210452184,3.19005021217703e-05,0.03219399876025573,0.9216619414861364
264,0.028886650304149723,0.004579662545576534,0.0002738956209463342,0.03561788171747336,0.9306419098118541
265,0.09062805597023944,0.0022872442338764372,6.71596696207125e-05,0.016346680955901208,0.8906708591703623
266,0.016576338008424008,0.0014648129516773348,5.694765874996298e-05,0.005584251782196755,0.976317649598952
267,0.14564710503886114,0.0019200293689220433,3.2955703860300555e-05,0.03945839194819873,0.8129415179401578
268,0.3225680062086719,0.011450043949291446,6.0377277279459174e-05,0.03337468923726394,0.6325468833274933
269,0.210028596921155,0.002873089248669652,3.909849183320862e-05,0.010042932157082907,0.7770162831812593
270,0.399309944393167,0.020310065768827684,0.0001474226509857528,0.011672418552588515,0.5685601486344309
271,0.048796490398926744,0.0072179118893269814,2.8615164962574104e-05,0.006769338406200633,0.937187644140583
272,0.0031489285208882362,0.00183022057829974,9.561290146251488e-05,0.0013563858351616968,0.9935688521641878
273,0.04806858132265088,0.0027505052884846688,5.145253023424049e-05,0.001158922080295469,0.9479705387783347
274,0.03860891288409212,0.0018306059842433697,2.6846481380602328e-05,0.001296375462914093,0.9582372591873697
275,0.09361333575919988,0.005979777161871613,0.00010308330034297596,0.005953827692365406,0.89434997608622
276,0.00393165577997736,0.0015059608812199843,0.00024141318426327185,0.0012916128853325147,0.9930293572692069
277,0.003270111062978572,0.000721751606222173,6.685864466470293e-05,0.0006290880967549041,0.9953121905893796
278,0.01470437027947339,0.00047165144712362606,6.511278562350398e-06,0.00046333310518214746,0.9843541338896584
279,0.07466253399406832,0.0018165929652032941,7.896857905519996e-06,0.0011157764261447015,0.9223971997566782
280,0.05000567094119679,0.003344303234654694,1.29995322634529e-05,0.0006781491767632267,0.9459588771151218
281,0.10943491757772417,0.031276486276579474,0.00013904591064638035,0.0052323015757362165,0.8539172486593137
282,0.3794806276805756,0.029432232019195884,0.00012071800639742483,0.02519184999472915,0.5657745722991019
283,0.6298479607987909,0.01964869890162731,0.00011362176897319013,0.03325628622724131,0.31713343230336727
284,0.2608014671272641,0.011185724670070235,4.516058099426427e-05,0.05742262162436345,0.670545025997308
285,0.18478511498615102,0.004821103496698238,3.121320750071292e-05,0.034742791227045565,0.7756197770826044
286,0.6996301881379893,0.016913826530756983,0.00026305219547894434,0.11149447974853234,0.17169845338724263
287,0.7898975941160348,0.013758649907210327,7.227409444369719e-05,0.08043367949276606,0.11583780238954514
288,0.8527984337354194,0.020081993227242877,0.00010233111427646543,0.09478394943042068,0.0322332924926407
289,0.6477681702265276,0.14805990519675458,0.0004726930273747967,0.19123021366722226,0.012469017882120749
290,0.043751133146769455,0.8536412998548771,0.031995241759812755,0.06631996911037878,0.004292356128161678
291,0.1956056978839313,0.5742396245642585,0.0009437602060343305,0.21603984223402292,0.013171075111753118
292,0.05222899983377363,0.8959046970603458,0.0037717558626359057,0.04157914285333906,0.006515404389905492
293,0.10437488696438398,0.8330910661165405,0.0029302375053448133,0.04653467583228701,0.013069133581443727
294,0.03765925978432783,0.9370062568185449,0.005479343647278953,0.014332179271910475,0.005522960477937918
295,0.041006245248250105,0.9235380435713169,0.012576101112058195,0.018989329756357302,0.00389028031201761
296,0.05078920103639075,0.9338255573263253,0.0031000142197201725,0.008840476126461964,0.003444751291101655
297,0.019589129530322328,0.9707660491709357,0.004030924521159529,0.0038291380679593514,0.001784758709623211
298,0.055182797459302574,0.9239260605367919,0.0031173331875285885,0.015052341123587635,0.002721467692789234
299,0.06650811701582114,0.9067019707174789,0.0032611391709074433,0.013549848050362957,0.009978925045429533
300,0.016347211243650035,0.9636969864312653,0.013499666024391828,0.004739524845669927,0.0017166114550228905
301,0.022107168908234543,0.9524164939247997,0.018316485378605547,0.005690657706410633,0.0014691940819496943
302,0.02454347293926126,0.9496808750299003,0.015314248045845103,0.0076746277432300745,0.0027867762417633805
303,0.021027546221878808,0.9535693442057461,0.013893419360811263,0.009771909413574857,0.001737780797988937
304,0.007899489207309821,0.9588519648589101,0.025432171924715353,0.0057446766602457545,0.0020716973488189025
305,0.0048543861232915935,0.8426217038408188,0.14349705833243512,0.0067793575909180824,0.0022474941125363375
306,0.1882859514062948,0.7290243861484983,0.00761044876772564,0.040960219897215586,0.03411899378026558
307,0.2593512398553041,0.6319635572113712,0.00897537876593023,0.06825782324351637,0.03145200092387811
308,0.05223428923907564,0.9205556206787744,0.009810649279972192,0.014987445380724202,0.0024119954214533797
309,0.020014076271693968,0.9510248789531005,0.014478307143108755,0.012027921067702325,0.0024548165643943918
310,0.012295143611143445,0.9248836150737311,0.025846716591862873,0.03334218939848944,0.003632335324772976
311,0.008536114896773235,0.8596827123302537,0.03580774471683591,0.09343251943776822,0.0025409086183687674
312,0.06757435448780942,0.11467081990828198,0.0020913102618504184,0.0133995316815804,0.8022639836604778
313,0.7038127499730987,0.20836222408500224,0.0007642060573542424,0.05439121719626306,0.03266960268828167
314,0.6126252310199161,0.3549702632953699,0.0013208596584419982,0.01989409060615917,0.011189555420112799
315,0.5516319634444312,0.4282809272047315,0.0012894478533015776,0.01304478981825148,0.005752871679284182
316,0.05305550467821147,0.9158034200521638,0.013740381568490475,0.013700232045740763,0.003700461655393442
317,0.08421864491874584,0.8541219776479604,0.011471855031151312,0.041152665315677926,0.009034857086464504
318,0.03874825091561027,0.8969036644565231,0.041984383028718764,0.016135664503338087,0.006228037095809741
319,0.03978984248712799,0.9319957284878679,0.009622011111484832,0.015386594387713039,0.003205823525806301
320,0.008297091467707083,0.8991455818535798,0.087680557458531,0.0029535016306906315,0.0019232675894913748
321,0.010095276827276149,0.9279139036319466,0.05455705304064241,0.005470622782253514,0.001963143717881391
322,0.012843146536954791,0.943937877612305,0.03632690622344583,0.003541127379963421,0.003350942247330804
323,0.007646871138631512,0.8725476369923294,0.11464060600548233,0.0029309914443804695,0.002233894419176222
324,0.15157643342685312,0.818125740450496,0.005080089583934332,0.010042216563197528,0.015175519975519287
325,0.053535500643190424,0.9202745126922828,0.017313368888022332,0.0058009864583829195,0.0030756313181214867
326,0.0048248993105971015,0.8571784664276128,0.13312951323877845,0.0011616271386515455,0.0037054938843600945
327,0.010431108128164609,0.8847859081040548,0.10033925753766565,0.0019480121492150414,0.0024957140808999096
328,0.004832120107802721,0.8425202253249018,0.1496184100321773,0.0011901952081723075,0.001839049326945875
329,0.0024593236598926703,0.9096357794146229,0.08486878363779032,0.0013854031806393777,0.0016507101070545812
330,0.0008600912311556283,0.748707472428381,0.24884167975810503,0.00030636327046495076,0.0012843933118933347
331,0.0011573554912536145,0.7255627602180679,0.27127301949514704,0.000497919788727933,0.0015089450068034125
332,0.0009240729479902015,0.4220237270680715,0.5753403902841061,0.0004678622611318783,0.0012439474387004156
333,0.0023521701252896187,0.6158763888846057,0.3797331477759788,0.0005338062059582161,0.0015044870081676264
334,0.002131892053465275,0.4304389089196865,0.5645723293079024,0.0006955225558563338,0.0021613471630896174
335,0.0031187034387408974,0.49301697235831987,0.49978540192699894,0.0015339025318627582,0.002545019744077592
336,0.0031595981488847474,0.7241638533726636,0.26987746941785323,0.0008909256579146436,0.0019081534026836832
337,0.0017111432208820683,0.5528508212169168,0.44331473439576263,0.0007100534391670197,0.0014132477272715313
338,0.0009682196542192988,0.5010510301089873,0.49680127544839875,0.0001846580326653149,0.0009948167557293512
339,0.001329752687695109,0.692299372562068,0.3043266068112947,0.000494922110412325,0.001549345828529974
340,0.002025158828527109,0.41286897175868775,0.5831627610353236,0.00025696431954624866,0.0016861440579152382
341,0.0007101436524265773,0.5356778451303758,0.4624558765428192,0.00014689029968866963,0.0010092443746897949
342,0.00020332623708977168,0.051551260600647,0.9477613954823672,4.7615607986848235e-05,0.00043640207190916863
343,0.000407512977740551,0.5010677477355343,0.49646356904560274,0.00016497514365918485,0.001896195097463149
344,0.00025969760823114365,0.19727661407241173,0.8014416013270568,0.00015813884335569604,0.0008639481489445504
345,0.00022650248705422763,0.08917576495047964,0.9098019658397121,4.136168720635536e-05,0.0007544050355475884
346,0.0006777562066898987,0.3155612460729972,0.6812879446486615,0.00024794315232757615,0.0022251099193237953
347,0.00041129299990398915,0.25486727704206075,0.7436240513244353,0.00016719071568229257,0.0009301879179175194
348,0.0003571377502080334,0.13567633617392438,0.8624461669660212,0.00013465658816925774,0.0013857025216771342
349,0.00028185258208404483,0.15836673589441022,0.8405030756978766,7.395644377529831e-05,0.0007743793818539124
350,0.00024705294077510673,0.05783340329827502,0.9408995669263877,0.0001002382971992429,0.0009197385373630387
351,0.0005511684315788861,0.2742277836775867,0.7238381087389569,0.00015792032658041555,0.001225018825297187
352,0.0003714033490501805,0.1957446889885212,0.8024058305858714,0.00011099847753017097,0.001367078599026935
353,0.00039649825755520867,0.16890208661911155,0.8295486594851508,0.00011834337894607946,0.001034412259236307
354,0.00020154935316561012,0.13362132108547708,0.8653058924398649,0.00016478277983333938,0.0007064543416591617
355,0.0014262161095535397,0.700033084117212,0.2957213268889057,0.0008164939621025666,0.0020028789222262524
356,0.0009963268950578632,0.18387768953425174,0.8113709612892854,0.0013656246291387393,0.0023893976522659974
357,0.0007785101469491136,0.22862513258462844,0.7683131875643775,0.0003157480412181801,0.001967421662826726
358,0.0005812776357712923,0.2710642103981248,0.7262255598179741,0.00027072366692408893,0.001858228481205729
359,0.001697607284250101,0.19236908105354794,0.7926184366717519,0.0017044415236295405,0.011610433466820546
360,0.0038918589034448122,0.5075629239981344,0.47629881307711014,0.0027132278639237116,0.009533176157386886
361,0.018477499592396432,0.0855949802751721,0.001973927622950409,0.001713897903809278,0.8922396946056719
362,0.25805134610269614,0.4816210281921262,0.004983977226438224,0.02899821050586466,0.22634543797287499
363,0.1449995952766778,0.7820112002333399,0.005277496988702909,0.012647183893293775,0.05506452360798581
364,0.4155737835372381,0.46027669140937333,0.0037765303021423126,0.0063316915211682695,0.11404130323007793
365,0.29463564493073097,0.4705335221145762,0.012111153877635025,0.18374782533428338,0.03897185374277416
366,0.1354520903175179,0.6792899418745613,0.003121587951070155,0.1614669187197784,0.020669461137072482
367,0.10713697552690071,0.338826254099835,0.0015327835556254261,0.5315302040690942,0.020973782748544577
368,0.13928776069699642,0.3057840209863548,0.001133430926188899,0.535524620506715,0.01827016688374475
369,0.12776965506913876,0.28674674778531306,0.0021531650323637465,0.5407174298221358,0.042613002291048654
370,0.36349383809184527,0.36996017253092117,0.0008696998799298409,0.20447789077110332,0.061198398726200386
371,0.11782611327145916,0.7336704026235298,0.006318404807533307,0.13078205004928622,0.011403029248191567
372,0.19761438989320615,0.46058988561993697,0.0017995546134897743,0.3250193235074944,0.014976846365872733
373,0.2716571412935726,0.4494239074314537,0.0012158924871640902,0.08245951553393512,0.19524354325387455
