epoch,N1,N2,N3,R,W
0,0.0006835466110093802,0.0007377179046230507,8.016317438509947e-06,0.00010706745586679365,0.9984636517110623
1,0.0027896112389696713,0.0007112729051697734,2.9048646780335577e-06,0.00016655570544162285,0.9963296552857409
2,0.0055650635209681075,0.001769012923046647,4.041637531167858e-06,0.000158816425994693,0.9925030654924593
3,0.03178694674982378,0.004368035022645161,1.1714234906977364e-05,0.00022632931905561493,0.9636069746735686
4,0.017420655347918642,0.005160376528540703,3.061773117324989e-05,0.000240352409629762,0.9771479979827377
5,0.5443146636961864,0.015161632079184997,1.6858867973533552e-05,0.00034521404926788685,0.4401616313073871
6,0.08928517288399479,0.011796095482419321,2.5335185614884876e-05,0.0004638145669137554,0.8984295818810573
7,0.4074276135365223,0.19976817443824088,0.00026285070032152914,0.002259769007134048,0.3902815923177813
8,0.21074748140376307,0.4586665918158021,0.0008791214567421924,0.0026782346041265125,0.32702857071956604
9,0.35169692676130787,0.3296443066706781,0.0004929050269588074,0.012295692425112718,0.3058701691159425
10,0.16424312972442434,0.7628564551814864,0.0004825972308724407,0.0029146957970127394,0.06950312206620424
11,0.12097891825152539,0.8465451673154855,0.0021922523882469407,0.0007685953823850995,0.029515066662357373
12,0.06687105087420687,0.9105521385425844,0.00264472093147745,0.0012664306967940342,0.018665658954937124
13,0.030825485571380734,0.9525908515012085,0.00214673608793732,0.0004992774136879953,0.013937649425785624
14,0.10442336333423478,0.8536589460578369,0.0021359727581502356,0.008472714305380474,0.031309003544397654
15,0.03626729833356275,0.9466201101866183,0.005185913589011002,0.001211663586356507,0.010715014304451377
16,0.052324416708846654,0.925863208965614,0.005945406090057616,0.001337694124807073,0.014529274110674754
17,0.02284320404092021,0.964746424957411,0.005145270870835074,0.00046694778086221115,0.006798152349971477
18,0.017670200083125216,0.9701806090939037,0.001761019514640886,0.0009356021218814891,0.009452569186448474
19,0.02528588850210928,0.950388470867831,0.0141634017254228,0.0009250875060751688,0.00923715139856183
20,0.034958869572238406,0.9294098968055016,0.02186370823743483,0.0009029605881887807,0.012864564796636136
21,0.0381081467143851,0.9332468245233677,0.016358022325984753,0.0015197386143285996,0.010767267821933874
22,0.01826261771655051,0.9386876524808366,0.026144793423334655,0.00016296033452372645,0.016741976044754376
23,0.05021717994549201,0.9216641171794254,0.01544094061982718,0.00027161210118107016,0.01240615015407428
24,0.01743482928427592,0.8919682457792691,0.07823122631204776,0.00015388177910282197,0.012211816845304237
25,0.03396229808974315,0.8485827814747023,0.09626840621146705,0.0002215973659538821,0.02096491685813357
26,0.006456746420364688,0.8209895576442013,0.1623931267551769,0.00011717930873555921,0.010043389871521586
27,0.004475992291728731,0.6253337447866066,0.35925186615110427,0.00011691258842552855,0.0108214841821348
28,0.00698921253183442,0.7362945762231753,0.24670095552958685,0.00011216583479263326,0.009903089880610876
29,0.0024836332802474865,0.6091183581340597,0.3806637231103794,6.01842889236527e-05,0.007674101186389878
30,0.008387361925417924,0.6874671910475548,0.29399159522294693,0.0001345618205929966,0.010019289983487311
31,0.0012160536967541096,0.561793238315845,0.4298394124489362,2.7651055441044872e-05,0.007123644483023503
32,0.002266485611645075,0.3743361470067821,0.6186810745318745,4.6442764173303236e-05,0.004669850085524985
33,0.0038030904118500743,0.4550486017737015,0.5345128786707061,6.172321460849034e-05,0.006573705929133762
34,0.0017610591482841071,0.43949327632772967,0.5530966262516631,4.131532481980274e-05,0.005607722947503283
35,0.0027539636152915303,0.39293068341415255,0.594731070901457,6.756541940582757e-05,0.009516716649692863
36,0.001542815317441352,0.4114137660403147,0.5814075500945709,7.528789200220155e-05,0.005560580655670789
37,0.002839071884946933,0.5749311150985809,0.41830735535737573,6.825017412615362e-05,0.003854207484970295
38,0.0029195432003248957,0.5806399481462419,0.40956425648782996,5.699378611352814e-05,0.006819258379489611
39,0.0021873905251641908,0.5809695575934671,0.41181627230150036,7.672443032102204e-05,0.004950055149547276
40,0.000837756779749476,0.19079456385954496,0.8060512414455938,3.22399113723469e-05,0.002284198003739372
41,0.004576597669449279,0.4402452172716657,0.5431216896125243,0.00012877818362664345,0.011927717262734026
42,0.0019202632691018473,0.21821954777369026,0.7744315191746118,6.924949175165142e-05,0.005359420290844543
43,0.0016377047202550486,0.15374043138365945,0.841903497244192,3.381921312727266e-05,0.002684547438766252
44,0.0010674619013807494,0.20794050949540777,0.7884812568398427,3.5237793336862825e-05,0.002475533970031856
45,0.0031614301030440497,0.21568335126431384,0.7746060162716684,8.290314602753684e-05,0.006466299214946239
46,0.004281353205857911,0.2694703058749266,0.718918827752941,0.00015132069570502355,0.007178192470569416
47,0.005389081454671792,0.3818863771374604,0.603848308578973,0.00010894849686244134,0.008767284332032391
48,0.0035201095268192293,0.33740744580054655,0.6546659234044503,4.4015557200775934e-05,0.004362505710983175
49,0.004291470974570421,0.4131228166711888,0.57765030181855,4.4405987795515434e-05,0.004891004547895086
50,0.002064992887255351,0.4612173881669917,0.5319292277031614,6.823914160064733e-05,0.004720152100990827
51,0.0011500090930410282,0.25116114798466427,0.7437049888628634,5.066498395660498e-05,0.0039331890754747195
52,0.005468822903381189,0.746709022835747,0.24052866336955236,0.0001592658740527355,0.007134225017266699
53,0.00237875403174809,0.24147441805087538,0.7520855153740326,4.566821612274828e-05,0.004015644327221032
54,0.0023029215273117193,0.3608578094149796,0.6326603024271461,5.3107194380682704e-05,0.004125859436181839
55,0.002333458351657857,0.14725630254370492,0.8467819572641876,4.4281290013571384e-05,0.003584000550435978
56,0.003781607218710445,0.36651301499329914,0.6239453591562539,8.354977906431475e-05,0.005676468852672194
57,0.0013905263314867523,0.27463358784727876,0.7206332262081591,5.7119417132475615e-05,0.003285540195943008
58,0.0005987403170853327,0.1056256626713594,0.8916034315882686,2.897883810112762e-05,0.0021431865851856773
59,0.0025130202243548875,0.21283440916003935,0.778843764584032,8.638330822609523e-05,0.005722422723347691
60,0.0008473175814488286,0.0894418545675547,0.9076795979830774,4.0825699252772936e-05,0.001990404168666387
61,0.0014198474461394137,0.1171207138365797,0.8780526618230078,5.445688450260157e-05,0.0033523200097704533
62,0.004128971095492569,0.3059547146030961,0.6803129129323704,9.4749716676612e-05,0.009508651652364291
63,0.0031659603152773617,0.19423283487850165,0.7972470511969938,7.453976806273613e-05,0.00527961384116452
64,0.002352940305274198,0.15358045759038502,0.840170837164972,4.601014019286248e-05,0.0038497547991760517
65,0.002561847411738084,0.19014030939943122,0.802647987441004,6.844743443246256e-05,0.004581408313394275
66,0.004427618921735875,0.23153539721703792,0.7602591665589329,0.00010554519957038418,0.0036722721027229303
67,0.0008152159591744387,0.1008587141610662,0.8966066817526157,3.5266131406481234e-05,0.001684121995737247
68,0.001788479423805369,0.1285054547901565,0.8678548307185842,6.614625096578614e-05,0.0017850888164881544
69,0.004020781355710323,0.46557396284505426,0.526770395191554,0.00015716261493707196,0.0034776979927443725
70,0.0009517547835538222,0.15936005525485394,0.8380168770640852,7.478404238917799e-05,0.0015965288551177124
71,0.001280226624781448,0.22443771854650219,0.771592869340291,5.62279058762053e-05,0.0026329575825492966
72,0.0022927496511813386,0.46489482204674604,0.5296646993253685,0.00010024621895708665,0.0030474827577469804
73,0.0024617251115991714,0.2190007077024434,0.7760914131794701,6.547280276892326e-05,0.002380681203718449
74,0.002571558969505625,0.2547098470990736,0.7396744072684994,6.147931130483175e-05,0.0029827073516164987
75,0.0010353519084880865,0.17660144177461473,0.8203549287559679,3.69993329661882e-05,0.0019712782279630997
76,0.0015543792182171664,0.19893688013527633,0.7967942750032472,0.00010174964926358208,0.0026127159939958737
77,0.0036902037659343008,0.2569468312741434,0.7331815778450415,0.00030197216167058644,0.0058794149532103695
78,0.00175249464441364,0.15868781955219313,0.8369810582425772,0.00012104093463456442,0.0024575866261815193
79,0.001180715443671566,0.10750107119944066,0.889663294529,7.093661416457194e-05,0.0015839822137231397
80,0.002040815795148882,0.13839050745275272,0.8564729179280042,0.0001109362888005012,0.0029848225352936174
81,0.0019226456618673133,0.17636186764379475,0.8188754604809498,0.00010381887608510596,0.0027362073373029955
82,0.0014461273723632327,0.1179966025471859,0.8786962568623639,6.685990587803337e-05,0.0017941533122088054
83,0.003208829165725651,0.4547430047976663,0.5384931569627961,0.0001595958027901373,0.0033954132710218247
84,0.0015613957745117472,0.12479547568267732,0.8700669234183827,7.936895466705185e-05,0.003496836169761216
85,0.0021796675123933584,0.1421256812585621,0.8517050321361525,0.00012283570098844195,0.0038667833919036553
86,0.0010367626513913674,0.0863307704590342,0.9108784504426958,6.726615562766473e-05,0.0016867502912509384
87,0.007417601049010004,0.3202431615619014,0.6683339630291529,0.0002536769461432202,0.0037515974137922767
88,0.0033315158944732044,0.2061979652507481,0.7863445273171183,0.00016008971948117947,0.003965901818179173
89,0.0018928775170737346,0.18936333089971943,0.8059509192041353,0.00010939164666764009,0.002683480732403941
90,0.0025607326842142235,0.23955119227844057,0.7539001837520661,0.0001503426330607997,0.0038375486522183853
91,0.0009065426343758346,0.19476967052310118,0.8018316568572286,5.840777423678607e-05,0.0024337222110576546
92,0.0010692766987904438,0.10163578149730879,0.8954191490959102,5.9440708294339386e-05,0.0018163519996962198
93,0.0032200650823828894,0.3858410747138804,0.6074539487050312,0.00013960817817280924,0.0033453033205325454
94,0.0011489883321091935,0.09092557854534465,0.9056214867450888,5.59368732956936e-05,0.0022480095041614795
95,0.0008757676851988246,0.0820251027034236,0.9155950352405401,3.767957789872354e-05,0.0014664147929386948
96,0.001974449330883155,0.15268253962694986,0.8420795836694311,0.0001218893335083331,0.003141538039227576
97,0.003003771685241647,0.28435550510536034,0.7097890241170325,0.00012215609606407857,0.0027295429963014035
98,0.0007915635228453163,0.07700120881688852,0.9204843792934281,4.826651639455746e-05,0.0016745818504435002
99,0.0008006324473440849,0.11974268173333333,0.8780307072215786,5.729811378766392e-05,0.0013686804839563513
100,0.0002529619939037335,0.060698085263557945,0.9376859786511452,2.3986956028971778e-05,0.001338987135364138
101,0.0015068897633337588,0.23952792635835227,0.7555087414802394,6.416341036412017e-05,0.003392278987710408
102,0.0015951939174899954,0.17104161861335623,0.824278865122722,0.00012881242299272105,0.002955509923439034
103,0.0011747787433133894,0.07513680954581088,0.9214644937159367,5.945812731120724e-05,0.0021644598676276317
104,0.0024985594269837093,0.2949110684432768,0.6996750781160058,0.0001782719626774715,0.0027370220510561606
105,0.0021206976148670127,0.19144065817538225,0.8043105485851892,0.00012054786344814105,0.0020075477611131544
106,0.0006817960605037104,0.08473905553468943,0.9128788574201298,5.2200202548092836e-05,0.001648090782128983
107,0.0033507260018420344,0.3261940606899787,0.6650707682865723,0.0004030731856927264,0.00498137183591421
108,0.00277906366088203,0.1903017572612096,0.8034326119163492,0.00018596021498237992,0.003300606946576893
109,0.0016927659773815933,0.11954654130913131,0.8769836257215191,0.00012092335590362642,0.0016561436360641333
110,0.0007564406725114988,0.20209271039572746,0.795320634431043,9.55346537680148e-05,0.0017346798469500817
111,0.0011910165716242066,0.10525279114806359,0.8909494252956676,4.119609730338339e-05,0.002565570887341359
112,0.0030798096323244473,0.19337048028884055,0.8005370831441895,0.00020365439460314093,0.0028089725400425656
113,0.0037864177041091835,0.5981026163234315,0.3948073389964203,0.00038402093711842697,0.002919606038920568
114,0.0006455626996960123,0.09747242446285534,0.9004475041742319,9.526707157968195e-05,0.0013392415916370331
115,0.00026080976573044897,0.056380502567337704,0.9418215241745703,3.491080884615569e-05,0.0015022526835153887
116,0.0021655471285536537,0.2396739169579429,0.7546328981978007,0.0001640044655685753,0.0033636332501341083
117,0.0023569433778753844,0.2990830017280241,0.6946799223513882,0.00028453131873744684,0.0035956012239748477
118,0.001643320492840524,0.11471482175409653,0.8798434592213824,0.00010872023206519278,0.0036896782996155178
119,0.001091415431992746,0.2147568643111609,0.7823430753584826,9.076902334411042e-05,0.001717875875019742
120,0.002220767735823946,0.22975695066525367,0.7653316140774161,0.0001642595513823973,0.0025264079701238095
121,0.0015955772270672144,0.20115336956940033,0.7946962589946186,0.00012758302811781766,0.0024272111807960278
122,0.0010589038780081076,0.1368371523721579,0.8592984063632707,0.00010155762332321547,0.002703979763239847
123,0.000880172781850798,0.12421585767319669,0.8731063592266934,8.817508905001217e-05,0.0017094352292088564
124,0.002101975963884333,0.4201017639559896,0.5753681556017822,0.00022241934764756713,0.0022056851306964053
125,0.001443823335978692,0.1986078174327588,0.7976452318001597,0.00018783005723318306,0.002115297373869691
126,0.0015316013017441796,0.10303991982124083,0.8936056097804587,0.00011982073765800945,0.0017030483588983622
127,0.0014737925240639158,0.30344570653574143,0.6932893230483589,0.00012962382691327512,0.0016615540649225211
128,0.0019484609798947586,0.21233237559150425,0.7829648278431279,0.00013339279132599022,0.0026209427941470214
129,0.0017098447448055697,0.32019295002555376,0.6755607354268718,9.41943059910124e-05,0.002442275496777854
130,0.0005550389311651869,0.10428119321989018,0.8936743800564451,5.4903959115903966e-05,0.0014344838333837221
131,0.0017097819280744615,0.23025915461837307,0.7647669951552227,0.0002354435522230055,0.0030286247461066527
132,0.0006652769421057669,0.1888280640557753,0.8086442267229169,0.00017053205565809777,0.0016919002235439627
133,0.0020928318677650277,0.24441147969518126,0.7512043856225298,0.00021822217388059117,0.0020730806406433822
134,0.001421636491433753,0.10504108307493967,0.8911268002172311,0.00013665203950471858,0.002273828176890793
135,0.0011824496055187065,0.21201683696738766,0.7847142080597508,9.065389830599895e-05,0.0019958514690368427
136,0.0013065655308315426,0.13239239373091571,0.8642045717040336,9.487831132911532e-05,0.0020015907228899386
137,0.0011805539432822552,0.1545494640505177,0.842411366485996,0.0001358976439031363,0.0017227178763008202
138,0.001784728238649463,0.12532942456667698,0.8703261536649907,0.00012801560316056323,0.0024316779265221495
139,0.0023294754888896216,0.15601443733333917,0.8389375831357875,0.00012400932882910968,0.0025944947131545204
140,0.0027186504384163214,0.21886510042835422,0.773900184743021,0.00030588336034299493,0.004210181029865296
141,0.003292767580216712,0.3001212924185261,0.6923353543252633,0.0002979736019681817,0.003952612074025796
142,0.0017522938489853432,0.18761288453167568,0.8062949099114014,0.0003383652743460855,0.00400154643359154
143,0.004403305131436993,0.25201611080113817,0.7376975154579745,0.0005510132771887345,0.005332055332261684
144,0.004153849338826593,0.21684695888979244,0.7749586837674673,0.00045027731780818457,0.0035902306861054184
145,0.002912089414744284,0.23634442975711129,0.7522852572556533,0.0006189457025811875,0.007839277869910082
146,0.02517835418269202,0.5295277000255547,0.39996482964811897,0.0028630187074613206,0.042466097436172946
147,0.021945073295285004,0.13279849864068644,0.06675463383139989,0.0005300249318112062,0.7779717693008175
148,0.19746385687138157,0.6739486701436606,0.08222075609927966,0.0012669931280209798,0.04509972375765733
149,0.09175434522103164,0.786162943786167,0.10295470896980258,0.0005777257715217604,0.018550276251476948
150,0.08378784616656526,0.8602246235480168,0.0466390905335391,0.0005043875534566931,0.008844052198422171
151,0.011971670903293988,0.8581312802835275,0.12285786331144453,0.0017363519123894482,0.005302833589344455
152,0.011471758038346996,0.6354674962136613,0.3381086717953301,0.003032861048022336,0.011919212904639272
153,0.006895451914982711,0.7889215625385039,0.19629000597402654,0.002905467699469509,0.004987511873017267
154,0.009246900551360274,0.6202950462193936,0.3604073852113305,0.0036783119775220543,0.006372356040393767
155,0.008138613045939914,0.6039480544007232,0.3779338085165103,0.0054687991798815574,0.004510724856945076
156,0.0211142765502331,0.5144800863465964,0.43709551297265453,0.010610887145438739,0.01669923698507728
157,0.02067505706142289,0.7508991506436021,0.21591219415743995,0.005966503192587127,0.006547094944947981
158,0.014666205941062225,0.7627149186645455,0.21073491423298202,0.005347992707005781,0.006535968454404397
159,0.013658414881712518,0.5853685177944918,0.388762741079929,0.00351125726535105,0.008699068978515639
160,0.015138224319105024,0.5571983301759118,0.4127572622759069,0.004408278986432932,0.010497904242643305
161,0.005699842327288843,0.7632767404059726,0.22491442260659605,0.001430533088123292,0.004678461572019201
162,0.017544326189010005,0.5867144052919453,0.3772699728482033,0.0030055322774700196,0.01546576339337134
163,0.004858950112403493,0.5482959793501285,0.43848372802927355,0.0016026674036476098,0.00675867510454694
164,0.005045770583302002,0.6164355268529262,0.37352258846344355,0.0019646209857978503,0.0030314931145303575
165,0.008373241962479537,0.673322147046575,0.3103275662632225,0.0033561442972527777,0.0046209004304701914
166,0.010207388833480314,0.38207242351948045,0.6003411624494445,0.0022744918745898107,0.00510453332300506
167,0.008624160873248035,0.5043690391822467,0.4758250499345125,0.0022141165384522506,0.008967633471540365
168,0.008641432803816,0.429226846398974,0.5537790238458092,0.0015400259224712751,0.006812671028929554
169,0.008796663862741295,0.41666974074893903,0.5647944306803598,0.0022129837621078946,0.00752618094585185
170,0.02295276340934477,0.45281728490881235,0.5068722001599092,0.004527034256711918,0.012830717265221857
171,0.04304621788839279,0.7896532550955968,0.15461535702261645,0.006160920522118631,0.00652424947127532
172,0.008431357369537047,0.7620159295146638,0.21889633862713412,0.006286259658723997,0.004370114829940932
173,0.003323671869780107,0.40078605336020756,0.5918858949409695,0.0018853345193782104,0.0021190453096645244
174,0.012729918745306908,0.685733987068724,0.29267134915367593,0.0047628339897186935,0.004101911042574426
175,0.011579210854566938,0.631099914981495,0.3494680831137882,0.002972291924374843,0.004880499125775066
176,0.013992906782805743,0.8908259614864674,0.08780018056840537,0.004143759302637364,0.0032371918596841988
177,0.0039059684595063268,0.3464035540213374,0.6456464974803712,0.0016918664419021277,0.002352113596882966
178,0.011577486301412377,0.7641835245652213,0.20993946414873296,0.008113496779009905,0.00618602820562331
179,0.011261701556494034,0.6476613856686264,0.33197332750225017,0.0049873330089868296,0.004116252263642508
180,0.027842916041313247,0.7723006260825073,0.18574402891502964,0.009467074336051868,0.004645354625097936
181,0.01071786295570224,0.7148394146842799,0.26728012577614496,0.004373781320700709,0.0027888152631721833
182,0.012462750447171544,0.7341999353886364,0.2378231914563875,0.009906166417719764,0.005607956290084583
183,0.022710306843106456,0.8984511458634171,0.06215749643767791,0.011102984065974411,0.00557806678982376
184,0.012260424290813568,0.8818901231479228,0.08631341762655675,0.01641842327095984,0.0031176116637468393
185,0.0805066554070819,0.8470798245423803,0.04213767064546768,0.021166067200544314,0.009109782204525905
186,0.01523374712176458,0.9303888977088309,0.039668708146708385,0.011600448474087192,0.0031081985486087244
187,0.03610620179046116,0.919823091232235,0.017969020658771064,0.018997467753482683,0.007104218565050145
188,0.04636674699524947,0.89675410420142,0.03633320000193779,0.01453497500698606,0.006010973794406638
189,0.057614285744957895,0.8807922990804332,0.021733871570855528,0.03094785111055425,0.008911692493199067
190,0.05288153192080049,0.8810715425284749,0.04020503975363183,0.020047783269996136,0.005794102527096713
191,0.04644879977285746,0.9078308197743084,0.011844041884820689,0.028302191807281687,0.005574146760731944
192,0.06137596567069146,0.862012285591749,0.010108317389720421,0.05766394227085839,0.008839489076980437
193,0.04129857260847171,0.9081685761641278,0.01257178938359694,0.027939008277277463,0.0100220535665261
194,0.2314316619719537,0.6505116004138726,0.006777304526542512,0.09695510360960069,0.014324329478030622
195,0.1687986230798196,0.7277166885898836,0.004774760392147511,0.08763596875193566,0.011073959186213771
196,0.07624588931912435,0.8517891737646882,0.0048650340273083984,0.06224163882412101,0.00485826406475813
197,0.05072319219181853,0.60584650728315,0.003183439171847413,0.3357188962575851,0.0045279650955988605
198,0.059162399688409646,0.22043620011116838,0.0011690099177839477,0.7126979692346355,0.006534421048002706
199,0.03373735333406622,0.09601400901033097,0.0005897937643471171,0.864819220996628,0.004839622894627661
200,0.03588917439446376,0.15267955021695068,0.00037090278736666074,0.8074413363305711,0.003619036270647724
201,0.04651159870379067,0.08604315079365032,7.118232664355106e-05,0.857689280125516,0.009684788050399332
202,0.05351683294899373,0.10682718428128021,0.00013338217092840254,0.8169248620706687,0.022597738528128793
203,0.12177121548278827,0.06871907969121177,9.192458750381828e-05,0.7897740105572187,0.01964376968127721
204,0.09533333499048038,0.08186874076786838,0.00016275965282581297,0.8190645714717802,0.0035705931170452584
205,0.03114950287620928,0.08456809469234364,4.470363120948002e-05,0.878221135776143,0.006016563024094552
206,0.018921885746961055,0.017728018159361134,2.317334143332459e-05,0.9612607232239452,0.0020661995282993855
207,0.025834206734215187,0.02256266283999713,2.2653193068421264e-05,0.9446778501484298,0.006902627084289526
208,0.050468577992843495,0.030696278394773638,2.6989961847413042e-05,0.9095943349957127,0.009213818654822703
209,0.04848735623998127,0.024286053323866748,3.691712335531225e-05,0.9238833855859021,0.0033062877268943886
210,0.08575640439342844,0.10635089876069054,3.65534789336079e-05,0.7870396342116615,0.020816509155285975
211,0.05533360484498807,0.020369502147870897,2.535302042821145e-05,0.9180498226658041,0.006221717320908705
212,0.02128214160090285,0.0167104276990041,1.5439086039765298e-05,0.9593894585975016,0.002602533016551653
213,0.0236447805972386,0.01668940906300624,1.5403230170514743e-05,0.955937125421057,0.0037132816885277592
214,0.025436036388282738,0.013874806923361321,9.035278292627716e-06,0.956403583011384,0.004276538398679443
215,0.022577047865472315,0.02983071683895736,1.477731380276989e-05,0.9447228899421733,0.002854568039594109
216,0.060876172366325566,0.03183921506079051,2.1567916827972796e-05,0.8976769502919878,0.00958609436406806
217,0.03618203320374504,0.03169706838292706,2.274717575970011e-05,0.9290741441703421,0.0030240070672262454
218,0.031029743749891932,0.02604876131557518,1.7079619935306086e-05,0.9345962873391882,0.008308127975409392
219,0.0759692474820998,0.02130905224416716,1.8789208818886576e-05,0.8707307438946097,0.031972167170304336
220,0.08165978424939292,0.019451299295412876,2.7217784263495204e-05,0.888744980040512,0.010116718630418704
221,0.1495159812272068,0.025945650957598255,2.5451780834103932e-05,0.7895990824591033,0.03491383357525756
222,0.10086147316172063,0.020252143803393304,2.5515189440361397e-05,0.8698328905912088,0.009027977254236905
223,0.0549350198565908,0.048837712463498016,1.8431986278945436e-05,0.8803394631999435,0.015869372493688756
224,0.041863820083599367,0.02170392025997469,2.284738960599465e-05,0.928932081286847,0.007477330979972949
225,0.06312476058094375,0.06612713961526452,3.487515892087343e-05,0.8337020971281949,0.03701112751667589
226,0.044665509252195035,0.06039476121529767,3.279113468201166e-05,0.8851207852864895,0.009786153111335563
227,0.03506222227864423,0.04834419913938394,1.94122798379431e-05,0.9089394790654467,0.0076346872366871085
228,0.09500160634549724,0.028805165437940573,1.6838062668450392e-05,0.8345124389856922,0.04166395116820167
229,0.044375972308466335,0.01531227113368681,1.275640899230906e-05,0.7760220308589844,0.16427696928987004
230,0.11721502582164182,0.013145435661657741,2.4460222223177847e-05,0.7410652915249338,0.12854978676954337
231,0.3055085714838293,0.024803920405294413,6.16807255428716e-05,0.6262488941550163,0.04337693323031714
232,0.4021893563555649,0.022124170676534768,6.0953668048045584e-05,0.4605142740068395,0.11511124529301268
233,0.2020586861954216,0.09673466618240388,4.0293503773564736e-05,0.5907291581769943,0.11043719594140654
234,0.13035791318186063,0.026451203422040995,4.628685924252062e-05,0.789372567936765,0.0537720286000909
235,0.19115453570805235,0.01214178783578051,2.8717618609249745e-05,0.6557757732948352,0.14089918554272274
236,0.2511901812173961,0.07536327280117071,0.0001015261956004968,0.6123224301872873,0.061022589598545375
237,0.10545603818778039,0.02963301345324161,1.8603344606285877e-05,0.8351730810340967,0.02971926398027495
238,0.13558783800707525,0.01659755662153494,2.6782786598141076e-05,0.7903949818727061,0.05739284071208559
239,0.1341359922416398,0.014361829317789473,3.1335271796615146e-05,0.8184658221646524,0.03300502100412174
240,0.11932058991144655,0.028563259118956578,4.333509270156596e-05,0.8221899485225564,0.029882867354338944
241,0.14661472043011647,0.020531264439585452,1.5808621946484106e-05,0.7817308106535181,0.05110739585483353
242,0.11633591250947642,0.01761860209200173,2.2015998578291828e-05,0.8099766843241649,0.056046785075778684
243,0.234122858846064,0.017558437870668495,3.916509452680992e-05,0.5995232271705351,0.14875631101820555
244,0.3263691963058096,0.03590044266263376,6.327556788869038e-05,0.58521970856389,0.05244737689977799
245,0.2511035648608558,0.11170570317726915,7.023525654376824e-05,0.5520905900056944,0.08502990669963696
246,0.2003111405765405,0.018555209932730632,3.275949786878388e-05,0.7079516937862613,0.07314919620659871
247,0.18071254269189094,0.013327795138069868,4.682692258820539e-05,0.7083291766840994,0.09758365856335166
248,0.1337221104576243,0.01209897932451901,2.3475098173226433e-05,0.6192372098693822,0.2349182252503013
249,0.1575021152155988,0.13405984282692182,5.833806714451675e-05,0.6515850875761299,0.05679461631420505
250,0.1812994410812695,0.09573588947566379,7.442819122470107e-05,0.5958151794468068,0.12707506180503517
251,0.30155222554267364,0.032377331290867645,9.575386194238928e-05,0.5471401799034697,0.11883450940104667
252,0.10660504582960682,0.016476081807835736,3.0018005841674268e-05,0.8324595785941391,0.044429275762576596
253,0.14365997215718243,0.061059926636422165,4.8514828079666506e-05,0.7586670903343748,0.03656449604394082
254,0.16846204656536296,0.019932210552128706,5.610269482212054e-05,0.7249494723452732,0.08660016784241305
255,0.18455011012870545,0.05331707481281204,5.3277519771333895e-05,0.6627246991954906,0.09935483834322047
256,0.22184831765766427,0.0550341196320843,9.514683944011743e-05,0.6545456274202325,0.06847678845057871
257,0.19538853661997274,0.04124074617564132,5.655904395091941e-05,0.7099107773666423,0.05340338079379265
258,0.17287395489346705,0.011620704333190403,2.2288774214142385e-05,0.4651514396651459,0.3503316123339824
259,0.208608565741409,0.060551573955281116,6.40341073410414e-05,0.4670309137683689,0.26374491242759984
260,0.27738469492587525,0.02365699487959844,4.533892880976023e-05,0.5928017776876833,0.10611119357803346
261,0.255924363692339,0.03705990762017586,1.731599109783604e-05,0.6415222236339687,0.06547618906241856
262,0.12206918729377303,0.029814406738971594,4.1327023775535495e-05,0.7340717592349366,0.11400331970854317
263,0.14658538252371595,0.059961418112281506,8.52560180147139e-05,0.6439393877915449,0.149428555554443
264,0.12952844003288486,0.025493635572013652,2.565943573542183e-05,0.72147078631829,0.123481478641076
265,0.12970865761860068,0.025598725729435248,2.5015391119833383e-05,0.7290680167417993,0.11559958451904491
266,0.16183103469513335,0.061530501858141615,1.4668375002443936e-05,0.5034827516166651,0.27314104345505746
267,0.26603802522267794,0.03650107302513756,1.833697390270201e-05,0.5020470065539936,0.1953955582242881
268,0.23799601726394487,0.11693292005590837,3.1480637910054326e-05,0.28561256623454956,0.3594270158076871
269,0.15248131186747443,0.04418705919479593,7.386030982637296e-06,0.2016903908851421,0.6016338520216049
270,0.06975263480293915,0.018844425028359917,0.00013899928538618338,0.02789617487122158,0.8833677660120931
271,0.056179736556042234,0.01774705714191556,4.122208502006933e-05,0.037777062382772925,0.8882549218342493
272,0.6855205332277065,0.0524316566311691,4.62400305552203e-05,0.12487141897223496,0.1371301511383344
273,0.2363864862164467,0.35383791459398334,6.090604723252726e-05,0.12225462040799567,0.2874600727343417
274,0.2988034110539566,0.03291659848453621,4.886564632091318e-05,0.48865106065457264,0.17958006416061364
275,0.08831044308890199,0.11319074111089868,8.997726872553402e-05,0.21376390315597446,0.5846449353754994
276,0.2283727715719664,0.09220875458481746,0.0001003845520860577,0.2138120651194746,0.4655060241716554
277,0.3585209224002072,0.039793469233043756,5.557250674747186e-05,0.23403492083586172,0.3675951150241399
278,0.37415669610733104,0.03000210519194717,4.4187601149617684e-05,0.2254035253182752,0.37039348578129705
279,0.38017070270248626,0.3158551826249592,0.00010603503413974889,0.23125811627650983,0.0726099633619048
280,0.5649301301100159,0.0656935749262768,9.036137773106435e-05,0.2626393887649926,0.1066465448209836
281,0.520816118682468,0.2725981147662511,0.0003194898829755968,0.16224577803282048,0.044020498635484864
282,0.2864778777726963,0.3464301956519661,0.00030026272650369957,0.34529377131054806,0.021497892538285785
283,0.05955876683209032,0.8191243168183497,0.0003707364755598322,0.11263120153395698,0.008314978340043029
284,0.17187624008141328,0.6095972438371401,0.0012377747642174095,0.19767820175764136,0.019610539559587865
285,0.02770835193937146,0.9157831391813452,0.000868954739056174,0.05297964727498348,0.0026599068652436004
286,0.07946831120444649,0.8207471473464978,0.000798357520453037,0.09141736160462366,0.007568822323978958
287,0.03536099916848158,0.8784414361382364,0.0006897763964776788,0.08102797974017668,0.004479808556627624
288,0.06977628891163375,0.8025135478742994,0.0008446386170260179,0.12045069127172077,0.006414833325320219
289,0.03740939403111918,0.8782413488872899,0.0016376296594270286,0.07776850658638881,0.004943120835774981
290,0.14777359659424613,0.5434527483996853,0.0005788935892136483,0.2901843998418103,0.01801036157504467
291,0.030727054650704338,0.9133912301517335,0.001054932183064967,0.050853186279917244,0.003973596734579839
292,0.07127131106180275,0.7464789384021822,0.0014489158741318481,0.1694243022541338,0.011376532407749431
293,0.18567237678502826,0.38309858280331743,0.0006146867895400021,0.4124118056855116,0.018202547936602562
294,0.056023607536014465,0.8273303495570531,0.0007228565543393357,0.10350597552193194,0.012417210830661168
295,0.063487112232296,0.7001308977913523,0.0006322956970507504,0.230131445969239,0.005618248310061873
296,0.1091079718209484,0.6472780345547983,0.0007129949706117052,0.218370685177208,0.024530313476433658
297,0.10380669240201276,0.6750833916415466,0.002823417624826733,0.20492097981433,0.013365518517283735
298,0.18249332946801522,0.4864247186208168,0.0005596436007985137,0.3142236043831201,0.016298703927249563
299,0.22175683852049605,0.5533624009719544,0.0005265317408938746,0.20878554353396545,0.015568685232690279
300,0.07986288089240627,0.7607724988519682,0.0011095752455019155,0.14820739365210947,0.010047651358014125
301,0.03959605441045815,0.888666523116838,0.0004774571693744999,0.062115764751832746,0.0091442005514966
302,0.09257891167827981,0.6065861379919497,0.0015428339743604046,0.28012395365016785,0.019168162705242093
303,0.05350039084099287,0.7534628984745677,0.001442909300520308,0.1754387667957826,0.01615503458813656
304,0.024066651868468382,0.06564541094161386,0.006067823049605066,0.007690660355709857,0.8965294537846029
305,0.13146216031186447,0.09303461022613066,0.00018558443389642444,0.006850820085178898,0.7684668249429296
306,0.22198779028679208,0.02802047575846549,6.899153511823997e-05,0.004276323272941996,0.7456464191466823
307,0.851780119569274,0.04549368211965572,8.956826093386411e-05,0.0033643709850130635,0.09927225906512305
308,0.4848093640966673,0.4972121232463952,9.148256242256215e-05,0.007139917085649016,0.01074711300886585
309,0.33815336849272054,0.5941289520559645,0.0003773485157040424,0.04703281916897286,0.02030751176663815
310,0.10810390685501055,0.8389401496349889,0.000664257296104929,0.03336158911781678,0.018930097096078825
311,0.033666441863808176,0.9440515126450391,0.0006174718421724832,0.017195886945662035,0.004468686703318209
312,0.08751817952692494,0.8546365047925673,0.0009203463281937175,0.04976293186371154,0.007162037488602573
313,0.012143529975288822,0.9781362359989185,0.0002761883355556811,0.008099854362656991,0.0013441913275799517
314,0.03892833904701116,0.9194520130518992,0.0010982475191516463,0.0353612552907041,0.005160145091233874
315,0.0197825049788551,0.959673476938471,0.0011919629443801604,0.015380411478474632,0.003971643659818883
316,0.020265950867583326,0.9633646018113348,0.001329726661657921,0.012003366553843967,0.003036354105580155
317,0.019427239590535328,0.9660136052634161,0.001213084550712287,0.01083321258734823,0.0025128580079880392
318,0.058313337669738396,0.9150588371644908,0.001010225343457506,0.02022568095746166,0.005391918864851903
319,0.03900070706232728,0.9391377316670616,0.0030846674433445123,0.011957320416049407,0.006819573411217111
320,0.06253444715721065,0.917742851502544,0.000933509471350601,0.011639669311419047,0.007149522557475837
321,0.02199374443371616,0.9690098916113791,0.00042923485078821474,0.006162551206428242,0.0024045778976884346
322,0.058459011308631965,0.9140158710914039,0.0018189887340588156,0.018559389202707353,0.0071467396631979185
323,0.022562353998460814,0.9648493155641711,0.0017085806043262877,0.007260104708112781,0.003619645124929006
324,0.029491356278621036,0.9562125628405874,0.0015201782943757738,0.009599976362912788,0.0031759262235030667
325,0.05205669399697816,0.9307282965403808,0.003846205272751974,0.007709208909028847,0.005659595280860234
326,0.010730115438394958,0.978814503539878,0.002790626599533505,0.006313732352178306,0.0013510220700151206
327,0.0491688899087698,0.9331922948077919,0.002846693254633098,0.011284153648345839,0.003507968380459287
328,0.06237278435952214,0.9112222270060091,0.0018005231653620392,0.018907077158250546,0.005697388310856162
329,0.04959922891100232,0.9338375790896136,0.0023796832112439807,0.008250950135943305,0.005932558652196659
330,0.025002099890602834,0.9669895488858251,0.0026209740059991342,0.0026029728485191953,0.0027844043690536816
331,0.020489672289187112,0.9722509557912846,0.0024612091421383035,0.002464249298533892,0.0023339134788561314
332,0.04029511759046015,0.9444743649680905,0.007564567801405332,0.003524166232142601,0.0041417834079016
333,0.024058974469798405,0.9685299621039315,0.002407160192903056,0.002877721913230634,0.0021261813201362443
334,0.016655269615376736,0.9769672375957211,0.002168361838030699,0.002210330898698849,0.0019988000521728457
335,0.036932880302394167,0.9491119426815682,0.0041078002177037274,0.006572100547283215,0.0032752762510509046
336,0.015239574124480798,0.9718873673116547,0.0076995440071790005,0.003115122281346488,0.0020583922753391846
337,0.013667648521839982,0.9772584499759138,0.004845070909629602,0.0026259359996113874,0.001602894593005268
338,0.031737389622156456,0.9541459435071117,0.0031075492861509977,0.0074761595402512955,0.003532958044329549
339,0.01838923139931371,0.970922949835341,0.0017634260770474468,0.007076829073049039,0.0018475636152488035
340,0.028658105042197016,0.9553128719726669,0.005157220903901752,0.00788987712426174,0.0029819249569728126
341,0.04693962149946983,0.9139796083035587,0.008581540221854167,0.02559607010001188,0.004903159875105393
342,0.1297157011558368,0.811601523969312,0.006636198318867254,0.043191446665176186,0.00885512989080782
343,0.07179582876255815,0.8845286795303127,0.00565381827685054,0.030103275524858683,0.007918397905420102
344,0.012888459827073541,0.9706446766779537,0.0030701357511381685,0.01192586930405635,0.001470858439778369
345,0.04112708368206703,0.9233339838495055,0.008645159337900159,0.02117831911259254,0.005715454017934647
346,0.030496825984129085,0.9322233653724714,0.008284679808664932,0.02460415216626143,0.004390976668472977
347,0.1125500776402384,0.789252864861264,0.022063534824264923,0.055968358775019926,0.02016516389921294
348,0.0751840023527909,0.8639951436665007,0.00361623677949161,0.05157985144567405,0.005624765755542811
349,0.027016667494077908,0.9015415539263172,0.008038647837723399,0.058263988569628694,0.005139142172252903
350,0.07334334319975322,0.6848213887885454,0.021621696345891648,0.200847260940562,0.019366310725247776
351,0.06960781030375804,0.7925210062553149,0.004516502755380063,0.10726722216955903,0.026087458515987975
352,0.05095714212644513,0.7724889985193004,0.008550874962792283,0.0974623455599062,0.07054063883155602
353,0.07124612137122438,0.7355887526165072,0.004406094954209424,0.09870605861706384,0.09005297244099508
354,0.01340168574454976,0.01968653841069873,0.0024709566669909974,0.006822942679048109,0.9576178764987124
355,0.004558585741455791,0.007920764549970403,0.00044822421092297353,0.0011287306777731593,0.9859436948198775
356,0.00456344706434262,0.002103271603901629,0.00031212549614700755,0.00046910487136163316,0.992552050964247
357,0.02507199376182017,0.038795741063372635,0.0018994961319357966,0.0014539668809224124,0.9327788021619491
358,0.0029514450579337594,0.002775661914328364,6.155508729161411e-05,0.00029904791596700394,0.9939122900244792
359,0.006335453640741701,0.01835078193036955,0.00013539931456788858,0.004353338572466743,0.9708250265418541
360,0.007646272339676174,0.020733710960279653,0.000832861710907734,0.003588752938972567,0.9671984020501639
361,0.004567166880736638,0.0072392946896755435,0.01682081564619761,0.0013034882392956475,0.9700692345440945
362,0.006510199149259541,0.008584410095595378,0.0029125594749562726,0.0016182953371110826,0.9803745359430778
363,0.08923240523894915,0.02510616484310537,0.0003043187505314375,0.03237441945174605,0.8529826917156679
364,0.019639347374054542,5.716545684972196e-05,5.135237425934556e-08,0.0006812058060758595,0.9796222300106456
365,0.010008919634016693,0.0003802464510305444,0.6969521910286008,0.0005302208137288752,0.2921284220726231
366,0.0837856578931133,0.005873662659491584,0.10685330787195974,0.0017858392614931464,0.8017015323139423
367,0.0536490862695222,0.0012692732341656025,0.15436038636079114,0.003598094821842542,0.7871231593136784
368,0.018469449795415167,0.004694422778304365,5.555975240602932e-06,0.0016273474446968272,0.975203224006343
369,0.002043329298301088,0.00031184532813347714,1.562560658707523e-06,0.000294475111108649,0.9973487877017981
370,0.08022191361833422,0.002663125815826605,3.7735257606369927e-06,0.0016847837979158838,0.9154264032421627
371,0.15999081846493118,0.0037873097533962876,7.344867233074002e-06,0.008283457163589625,0.8279310697508498
372,0.018091591449066302,0.002099669929117772,6.125804011301702e-06,0.0041036315060128704,0.9756989813117919
373,0.03807076833062573,0.003467893415892203,1.042015879251639e-05,0.011132563137655692,0.9473183549570339
374,0.12888880319148138,0.009899998207683428,2.7825163367956447e-05,0.04726183291871695,0.8139215405187502
