epoch,N1,N2,N3,R,W
0,0.010015515692337922,0.0010040130083307651,2.5954929872507742e-31,0.0003100089346707866,0.9886704623646605
1,0.03060880159405278,0.0006599426351541299,1.1007315608975183e-06,0.0003552914282015042,0.9683748636110308
2,0.016191529638069264,0.0009778235394864235,2.141221343532335e-06,0.0004078173651416578,0.9824206882359591
3,0.05730202661027881,0.0010316603412736168,2.393002634738481e-06,0.0007341487973902707,0.9409297712484226
4,0.3997135201801636,0.0013840463606981158,6.246531540892598e-06,0.0008074161495223772,0.5980887707780751
5,0.3469232647930916,0.003769734788204321,1.1487832454219317e-05,0.0016455912042972615,0.6476499213819527
6,0.13584010708446556,0.0024814909157079,6.8692923917906846e-06,0.0005041841415654778,0.8611673485658694
7,0.005169929115820367,0.005772366982081473,2.752951251306615e-05,0.002290984498054095,0.9867391898915311
8,0.09018709122898122,0.002865902314207703,6.944103307199271e-06,0.009876939659201138,0.8970631226943027
9,0.12389855321158415,0.016461798472585245,4.637584385255133e-05,0.04974311623336584,0.8098501562386121
10,0.1181361345464986,0.14095705748931273,0.0002832871260040503,0.0051426014478096645,0.7354809193903751
11,0.04281721380271085,0.1984911441768562,0.0007592709873221582,0.00636686628861883,0.7515655047444919
12,0.03830525083114386,0.04091660286728721,6.068321622884506e-05,0.024905924263460645,0.8958115388218794
13,0.02469892038466477,0.06862421301229471,0.00012085681264872835,0.0048324234326326,0.9017235863577592
14,0.20883079179865027,0.30628778545817414,0.0005340059439444458,0.053763132150812555,0.4305842846484187
15,0.10929776013111057,0.3300876432922072,0.0008836534131911811,0.009195593911972891,0.550535349251518
16,0.23709762134963666,0.16022803079812567,0.00014659488806777362,0.09036471389211084,0.5121630390720591
17,0.05902637913493712,0.37204836481179965,0.000686467060303465,0.003989740239239791,0.56424904875372
18,0.033631684908315806,0.44642889184291823,0.001838023150552412,0.006382399135829709,0.5117190009623838
19,0.030624485029182184,0.3692989422722203,0.0005458632051286866,0.0032152562581519418,0.596315453235317
20,0.003815181843881287,0.003639357135082571,0.000252196442867158,0.0006649344350947371,0.9916283301430744
21,0.014823071928331707,0.0005166621990180812,4.062889068604349e-06,0.0008799589825409087,0.9837762440010406
22,0.2662807402142066,0.002247169421454969,8.580558765293532e-06,0.0013130466260190667,0.730150463179554
23,0.6947069763142987,0.009148599273307323,1.4413939458867215e-05,0.001392770136935552,0.2947372403359997
24,0.5676663407974644,0.05432811563105395,6.709921551753485e-05,0.0025135958638016877,0.37542484849216234
25,0.14959334745420044,0.24227190018295847,0.00013144375475953102,0.011350465505486688,0.5966528431025949
26,0.05626995954726526,0.2989633421199871,0.003206057674791394,0.002739526924157765,0.6388211137337985
27,0.06313894084772624,0.3490682911261375,0.0005502414361220191,0.013293726732609317,0.573948799857405
28,0.021929705503609974,0.5562573703710738,0.019369111337466067,0.011312009377019911,0.3911318034108301
29,0.02255332954202022,0.014813906915763184,0.0003445838074608069,0.007708377867291662,0.9545798018674643
30,0.1333965223956767,0.3281121490232997,0.005083102165017272,0.023669804527595546,0.5097384218884108
31,0.008555124390772818,0.0025382860984398303,5.926476744053981e-05,0.0004658483149541521,0.9883814764283927
32,0.5780896014849478,0.007111583279167693,2.0547204595778292e-05,0.005359349079538484,0.4094189189517504
33,0.39561321564735996,0.006820572302693156,1.6249330755441465e-05,0.0024067284746901764,0.5951432342445012
34,0.7334762686811606,0.1461901405301685,0.0003164069553139281,0.0040048675356440045,0.11601231629771308
35,0.5609363798151368,0.40179322752193675,0.0007123762617506843,0.004160358513880434,0.03239765788729541
36,0.08080782564155525,0.897774517486168,0.0031511217982808904,0.0007829043796608137,0.01748363069433487
37,0.044656106491342835,0.926851128129937,0.011980784077654722,0.0007334782029854343,0.01577850309807989
38,0.09633007279032095,0.8780224729455929,0.009037924698433288,0.0007697193077406667,0.015839810257912264
39,0.016168589343611456,0.871961191446809,0.10735358668364438,0.00024995532776302603,0.004266677198172128
40,0.021743163148436627,0.7999462728604381,0.17267194431169985,0.0005408497854940879,0.005097769893931459
41,0.020823700618456314,0.8232074969535647,0.146925189327266,0.0019131508037564678,0.00713046229695655
42,0.007595699416122223,0.6330746136482616,0.3525588494717126,0.0011572911522172422,0.005613546311686366
43,0.004270647067408455,0.6429880559820583,0.34642417129141384,0.000549664979627575,0.005767460679491808
44,0.0024215879312131697,0.22015634916939664,0.7752680852506496,0.0001381970903485305,0.002015780558391871
45,0.001607083694663801,0.14861227777601158,0.8473169203320579,6.991607514678818e-05,0.002393802122119934
46,0.0007988399232510701,0.06189511932023696,0.9365362141489051,2.0881144104427137e-05,0.000748945463502332
47,0.001776859749847633,0.08622720523494845,0.9100541006328274,2.8183685254548608e-05,0.0019136506971218297
48,0.0007622128029657985,0.06449432988233168,0.9328127318375828,1.6474738131739353e-05,0.001914250738987888
49,0.005663117999126329,0.07894582131353658,0.9098706038572654,0.00011948090818085211,0.005400975921890784
50,0.0012822936324296131,0.060810156293706584,0.9320872612436981,4.886602589187308e-05,0.005771422804273854
51,0.004442987970597847,0.08074529638050804,0.9070688333125041,0.00019824254850417958,0.007544639787885974
52,0.010896666000549251,0.08609343295074953,0.8838855133252086,0.0008512505638518215,0.01827313715964079
53,0.004722169556445511,0.1486447584310173,0.7809038500650537,0.00035199555609950837,0.06537722639138417
54,0.06390734762911299,0.017836038134582424,0.002153881644031594,0.0024365475941062957,0.9136661849981667
55,0.42236569145937425,0.2006785826648158,0.002256872645618586,0.022548069834428367,0.35215078339576295
56,0.4926351013875688,0.3778325256799027,0.0022729524301804594,0.0029764381889275204,0.12428298231342051
57,0.14933968570938036,0.7761176065029577,0.00932027818557376,0.000275699989666759,0.0649467296124215
58,0.017388291592611554,0.9017246405322008,0.06978537019576274,0.00031234250170874943,0.010789355177716111
59,0.0388002446838784,0.8822959842945679,0.025083145985023356,0.0022560226516683108,0.051564602384862025
60,0.011810653916813005,0.8187111154423081,0.15507387862922029,0.000637875965820638,0.013766476045837995
61,0.005552038523243615,0.44320644198458986,0.5476362994438118,0.0006548171027749313,0.002950402945580016
62,0.013254472624922029,0.914790814341794,0.050210295161086015,0.0015756014505885357,0.02016881642160939
63,0.004546592017632806,0.27584792527059293,0.7115347968415835,0.0001444024847077268,0.00792628338548319
64,0.009528513594613843,0.21645271149863504,0.7696110950304539,0.00013704807348026345,0.004270631802816995
65,0.013020272444975679,0.2485821721018915,0.7348628575843086,8.596377297722622e-05,0.003448734095846886
66,0.0007932237791016607,0.07763992623358937,0.9205618917695633,2.2071087191086005e-05,0.0009828871305544748
67,0.001497727662874248,0.09329056071137237,0.9039281847076612,4.181102270524362e-05,0.0012417158953869076
68,0.016160969883696263,0.24983277902830126,0.7258757363833944,0.0004557905559423009,0.0076747241486657715
69,0.011617486761591505,0.37661587108359235,0.5946070954301311,0.000570391890693448,0.016589154833991492
70,0.01908866694569764,0.4130497334850404,0.5534786258991965,0.000948472453775409,0.013434501216289942
71,0.0723846829728629,0.7341497434445114,0.15275250319260325,0.007692724881801043,0.033020345508221374
72,0.06724468652475372,0.855250000283377,0.031124674092609744,0.015545128359774668,0.030835510739484855
73,0.11151008604195027,0.8516545497731765,0.008861724006974893,0.008366212849241566,0.019607427328656647
74,0.06462261468987733,0.908010098882865,0.011666984514573627,0.0014168033519107468,0.014283498560773504
75,0.04764855449767805,0.9161952243423479,0.01312025990860824,0.0016450055975167595,0.021390955653849086
76,0.04989975047141677,0.8793450020792571,0.05360109962575637,0.0020236565786439387,0.015130491244925747
77,0.026894115983983276,0.9138166328160447,0.04102766850810518,0.009278859482010007,0.00898272320985678
78,0.007541151929183577,0.798112240006761,0.16417177536111258,0.0019332347398037508,0.028241597963139138
79,0.025116230286602436,0.6746303017600717,0.2261168138651226,0.003670660447771068,0.07046599364043225
80,0.11697856317955013,0.11502793356180543,0.011890783497075837,0.00596486829954004,0.7501378514620285
81,0.4819343703528847,0.31125125398332953,0.001079547897711094,0.022422300231231557,0.18331252753484312
82,0.3195992496353345,0.6140335784480305,0.0027524546808706026,0.009177676541252875,0.054437040694511434
83,0.055246165950694474,0.8013646905939943,0.08387672069847972,0.00037633402130996473,0.059136088735521564
84,0.31283013326048864,0.6352559315313385,0.0009466417149893886,0.00604744145064103,0.04491985204254238
85,0.02515026659792559,0.9534493136046865,0.008519760168063847,0.0005713632994376117,0.01230929632988618
86,0.021618225020747277,0.8463146795774172,0.1175063825043229,0.0011333287369224144,0.013427384160590288
87,0.018387682459741508,0.7420599590503713,0.2094725128181284,0.0006867195248585204,0.029393126146900216
88,0.0048144343644954705,0.622865106440313,0.3416920816713049,0.0006709271631756924,0.02995745036071099
89,0.013814818000226641,0.7204877519366873,0.12344285262705708,0.0030595671298049958,0.13919501030622383
90,0.014204975262696677,0.49454254448636925,0.4015936156942371,0.0011770606674615393,0.08848180388923527
91,0.008744648398391779,0.007578604728182631,0.0011913004047626055,0.0003509360239779866,0.9821345104446849
92,0.19556267232836366,0.10822729948294238,0.0009722363673476384,0.017936416364418874,0.6773013754569274
93,0.08717459361688307,0.5930236514576589,0.014215570242078736,0.0085346880234136,0.2970514966599657
94,0.4182433112212474,0.16954654855252554,0.0010858322645892063,0.04751974492735732,0.3636045630342805
95,0.30422609482631496,0.4723459323543534,0.0005697031614698293,0.1369931233061645,0.08586514635169751
96,0.23796554627982827,0.6598679352386784,0.00381578749598319,0.009615284466444319,0.08873544651906595
97,0.26361882008712745,0.6421230394252289,0.000991251568298074,0.04256716286944683,0.05069972604989881
98,0.03750743405850042,0.9431427719285097,0.0017640178782087203,0.00698855328885121,0.01059722284592993
99,0.047695689376859925,0.9372268398130672,0.0042144120473888045,0.006912339056353705,0.0039507197063303025
100,0.04859535323972772,0.9401728845848615,0.004346669915060658,0.0013636821380336808,0.005521410122316504
101,0.031057557804766208,0.9302838508979113,0.03271542138016311,0.0015744903014940797,0.004368679615665512
102,0.014933920883061827,0.929099571020824,0.04943810760241279,0.002382490036818863,0.004145910456882425
103,0.014666329379859273,0.7884481275067271,0.18200386117136141,0.002378358771377302,0.012503323170674742
104,0.012776691872666971,0.6714189418050474,0.28100918805143543,0.00753981744169573,0.0272553608291545
105,0.015833136130612255,0.5023592530655712,0.4455064479371739,0.013393773688648813,0.02290738917799386
106,0.039061632413388066,0.31741579980811463,0.1323215110099884,0.0056041754000250976,0.5055968813684838
107,0.07987017431574266,0.06140729254659299,0.008441934847588812,0.013204744758306023,0.8370758535317696
108,0.1740796814197728,0.35069054985844783,0.005381707489219129,0.02281173455993766,0.4470363266726226
109,0.08413665958991313,0.8344777623379644,0.012535352672122373,0.009272304129406543,0.05957792127059373
110,0.09184247609801115,0.792543109155159,0.00742982468972727,0.031009880300022948,0.07717470975707963
111,0.38373379616862774,0.14492548515051598,0.0001597612413497595,0.11267170432163798,0.3585092531178686
112,0.4119904868047244,0.19148312274337448,0.0005565793304360472,0.04155886748818306,0.354410943633282
113,0.40489425339518315,0.4344575567630945,0.0005639479962368387,0.03145112356629803,0.12863311827918747
114,0.23799537241805402,0.7091892279315252,0.0015476179542064298,0.01666523593691127,0.03460254575930309
115,0.05909695427945203,0.9231684279527309,0.0017523137158326418,0.00444194593604547,0.011540358115938763
116,0.017983491858517886,0.9625559274022121,0.010882300856480584,0.0027515851541020553,0.00582669472868746
117,0.007475575777833823,0.983441809960109,0.00497423444546155,0.0011769359763899535,0.0029314438402055854
118,0.02034314451132224,0.9713555965968613,0.0021216383515115823,0.0013602835526517595,0.004819336987653053
119,0.013034271809019017,0.974529079826611,0.009397791577747155,0.00052021035088386,0.0025186464357391325
120,0.03939064932288764,0.7789386384591912,0.17793990647401986,0.0010802124921879038,0.002650593251713217
121,0.01696234218754448,0.9320418938478827,0.044251067683661105,0.002571918183981826,0.004172778096929737
122,0.026836214415367047,0.7273591669996063,0.22951173509005202,0.00962989404175355,0.006662989453221017
123,0.07920188880267964,0.8741011237216975,0.015292249147496849,0.01827031625822155,0.013134422069904412
124,0.012062432817513735,0.8856179408873627,0.0962456166845458,0.002852001657222371,0.0032220079533555037
125,0.012322515556465151,0.6459799445128153,0.3363100668757825,0.0018664950757027792,0.0035209779792343804
126,0.012924033249740197,0.6252629158041519,0.3538563971470197,0.0028781683011359785,0.005078485497952194
127,0.005099685103525544,0.5473771812926514,0.44164934045887083,0.002341007217019484,0.003532785927932634
128,0.010392186268571987,0.4864494874010482,0.4885664244170842,0.00485682349067736,0.00973507842261822
129,0.00880005926396589,0.9290809597013816,0.05641696566381923,0.0016294144537693492,0.004072600917063856
130,0.0035361781775536164,0.8616800562659492,0.1309814764124697,0.0011073734514856746,0.002694915692541597
131,0.022615981115069454,0.7418565034995291,0.22417823193830663,0.006383131054909207,0.004966152392185499
132,0.012594872030222252,0.5145395884207749,0.469703557157367,0.0019031228231468514,0.0012588595684890301
133,0.010285635749419065,0.31166161669567644,0.6751606234517759,0.0009731112698171875,0.0019190128333114469
134,0.004993511197024566,0.3219045990578915,0.6691761938558879,0.0009098558666108601,0.0030158400225851287
135,0.003700084358437493,0.17950878239798038,0.8152686434402974,0.0002655371171954003,0.0012569526860894149
136,0.003147290664400298,0.1882672716027531,0.8071924965992207,0.00022915009659089214,0.00116379103703512
137,0.0005762627323234287,0.055669814464466456,0.9432020510984781,6.439876184879183e-05,0.0004874729428832169
138,0.001237426751613835,0.09805327169094039,0.8998511652407973,0.00015996950277002186,0.0006981668138783927
139,0.007236457125586317,0.1428329967388175,0.8470187709814558,0.0007600183120847563,0.002151756842055681
140,0.0030699976419857264,0.1126929365302134,0.881231469037659,0.0016047063337334768,0.0014008904564083867
141,0.0066027385793464115,0.15963559132290855,0.8294869646746188,0.00258197227541667,0.0016927331477094125
142,0.03462242019981105,0.6687375508069315,0.20722515929951507,0.054341204166418564,0.03507366552732381
143,0.20189426154560924,0.386781773071936,0.016999211031475947,0.32613802008884557,0.06818673426213308
144,0.13338213948548963,0.41823464363302904,0.002215158257517439,0.3959534374562331,0.050214621167730754
145,0.2287150595848914,0.5436606825904526,0.0010957551544215917,0.20514757315821114,0.021380929512023333
146,0.10625942054582474,0.8196356042034294,0.03307955458352879,0.02902382668747052,0.012001593979746573
147,0.03727338621112981,0.8268784408674118,0.0022703788778270393,0.12531417911781398,0.008263614925817503
148,0.08786268092937936,0.5670903253522938,0.0006133107056251674,0.3309658203975705,0.013467862615131132
149,0.014795065187762907,0.9496051050469935,0.007183292598229749,0.025107148070238484,0.0033093890967753367
150,0.18814622737882597,0.5379488171004546,0.0008154887038465485,0.25995872909987083,0.013130737717002022
151,0.06399661946768821,0.9190932749520726,0.002510847313542699,0.011111761371995595,0.003287496894700832
152,0.01477655606141069,0.9654749910144151,0.012068777393303904,0.004842103452542297,0.002837572078327917
153,0.16955370799155972,0.783440955557089,0.0005019071365566047,0.040267777274920744,0.006235652039874166
154,0.034011081151180136,0.9534931826657627,0.007088179881094502,0.0028511875366712836,0.00255636876529131
155,0.03744323212648584,0.9554781771679257,0.0032193096822166287,0.0026529160851481667,0.0012063649382236471
156,0.04736237519378158,0.9078688439835079,0.04065421021769783,0.0016581100240944968,0.002456460580918129
157,0.009545865013892619,0.7643682854924151,0.2215616630910894,0.0024016334141818557,0.002122552988420997
158,0.010091589614043625,0.8374773085469743,0.1451155614948436,0.004824267003386584,0.002491273340751825
159,0.00994140014291132,0.7983468012184748,0.1849524197349568,0.00393530499698502,0.002824073906672149
160,0.004864389351275954,0.6214777536449709,0.36606582907404767,0.0042386982602684135,0.0033533296694368726
161,0.003802631722011671,0.4022254868268135,0.5891047999258375,0.0034032440618820704,0.00146383746345529
162,0.004788573217568046,0.2913168066840497,0.696456090794673,0.005718182324365758,0.001720346979343619
163,0.06430032462080179,0.7721914270390347,0.11868880229120456,0.0133823568821042,0.03143708916685474
164,0.02940405867284501,0.7663831643722729,0.18639269311481674,0.009361225153361323,0.008458858686703902
165,0.05196004351785483,0.9270239376134229,0.009727535102062363,0.007903083772336438,0.0033853999943232824
166,0.052297185826732574,0.6465900673675625,0.2944019564720872,0.0032732868487379643,0.003437503484879813
167,0.020228495515111886,0.8490681095875641,0.12318624396943118,0.0032887428843795543,0.004228408043513554
168,0.06009638746625646,0.8057812215500516,0.1064979723099746,0.01455725024599091,0.013067168427726211
169,0.013864844172870755,0.8937996332104408,0.07783326635874514,0.010412896472852394,0.004089359785090832
170,0.015119986838063313,0.7521712855427912,0.22217969382558928,0.007959462183617965,0.002569571609938226
171,0.05305075835978394,0.8044179913168636,0.08616792750128206,0.0473168641446885,0.00904645867738185
172,0.08171646475911938,0.7743580062637445,0.004118868695880291,0.11121750689960314,0.02858915338165274
173,0.06838464491672043,0.8421872630881547,0.005634413600918417,0.07441514508577265,0.009378533308433818
174,0.11262483584917422,0.7137206653559257,0.004121371123522679,0.14469180555186462,0.024841322119512767
175,0.09902370572902007,0.7658274826071038,0.0161322230410103,0.09938494947497045,0.01963163914789529
176,0.09171793434488802,0.17464162839295455,0.017169267653663188,0.0073442379110166085,0.7091269316974778
177,0.3276478063301943,0.36749728761271827,0.002275940659539445,0.17001113913726149,0.13256782626028635
178,0.17753957740433812,0.6270685984215428,0.005238160675850698,0.11719366812948381,0.07295999536878452
179,0.09768596420142217,0.7880520592356058,0.01812630289655844,0.06527528813212183,0.030860385534291504
180,0.25089869279477167,0.422771179139688,0.007743671294238103,0.07433208077037406,0.24425437600092828
181,0.2790319275510739,0.04803957088209032,0.00016342268475508925,0.3270639372264851,0.3457011416555956
182,0.4203375063872322,0.17031874869412553,0.00021667110877820307,0.3483589590511908,0.060768114758673386
183,0.07046713521954023,0.8706452206466503,0.008419039334696425,0.03180221202129678,0.01866639277781648
184,0.2974184381120214,0.28115212557732566,0.00021541093703703813,0.3567374924125341,0.06447653296108184
185,0.05719956245383815,0.7876024361248534,0.0019904974586263573,0.1340207819365488,0.01918672202613328
186,0.02033202080504363,0.903942905828092,0.003673346337259566,0.06146750277103417,0.010584224258570647
187,0.01455122008486823,0.9453416990828118,0.010304950045706177,0.019637201494202255,0.010164929292411567
188,0.018054129047954025,0.954450145628959,0.0013919541297658957,0.020251877144747563,0.005851894048573478
189,0.2604782875605709,0.382550850469833,0.0006196950870593316,0.33546283327715765,0.020888333605379072
190,0.29960579260412545,0.5738155796471364,0.0007136081760774172,0.11653724531722484,0.009327774255435966
191,0.06336961889503968,0.896398475585752,0.0022473373985828766,0.02998009050820382,0.008004477612421564
192,0.03273663196667109,0.9132503436030744,0.018463179941562213,0.02275645520437591,0.012793389284316446
193,0.011020269690696353,0.9648162052318041,0.005107813362062117,0.014406294189151648,0.0046494175262858034
194,0.02213914935996714,0.9147614087422594,0.015309887142842779,0.032706515836744506,0.015083038918186244
195,0.015450130076083146,0.9332620187641087,0.011004454628201682,0.031617801157261746,0.008665595374344442
196,0.07055369826035932,0.3627049148321102,0.0019012184710015827,0.4821779187672463,0.08266224966928268
197,0.33636778695899994,0.2589111629125781,0.0003210212915229474,0.3731822291278485,0.03121779970905044
198,0.7420741026464297,0.07781994900083376,9.657425065865249e-05,0.1493382700799781,0.030671104022099802
199,0.22014363970675926,0.7139300143516221,0.0008769259261642557,0.04642783102702769,0.018621588988426682
200,0.06869357124646423,0.8977872338638891,0.00110014011588303,0.019876283198057402,0.01254277157570623
201,0.044285345489213014,0.9194711641134181,0.005614904580433969,0.020269587503886802,0.010358998313048248
202,0.02954827905612628,0.9160439181160144,0.03562781403360651,0.015307195898607849,0.00347279289564505
203,0.012331492361624204,0.8975941320306748,0.07077043163068693,0.014215623426615644,0.005088320550398503
204,0.22439990426783382,0.271643556816775,0.0005205167165145051,0.46724186896839,0.03619415323048679
205,0.008912869654343675,0.9693047329549307,0.014463134074285585,0.005670050318867392,0.001649212997572577
206,0.04408067408793159,0.9293624614653997,0.0011386310729082658,0.02135805127740392,0.004060182096356599
207,0.055380070011162824,0.9275948593222283,0.0008741265168237983,0.012284660641426439,0.003866283508358818
208,0.012443728928179394,0.9684336449801215,0.00595424928280229,0.009726666436799845,0.003441710372096923
209,0.08233367568069272,0.8132590478235062,0.0020702455401380017,0.09314146328432198,0.009195567671340873
210,0.016190342370962757,0.9569296147735549,0.0031787023316646058,0.02126462604493384,0.002436714478884151
211,0.01208011644214558,0.9576544111957158,0.003991637977623845,0.02322011828217688,0.003053716102337995
212,0.00967565708811712,0.9490910983597145,0.002693731221643277,0.03468848691376125,0.003851026416763844
213,0.08516066672531383,0.42798307115710854,0.0005101568270974558,0.47188204564041136,0.014464059650068995
214,0.08237741722132097,0.14698790973921555,0.0001674180400560474,0.7593629577238785,0.011104297275529047
215,0.08421037405733618,0.18114855484024717,0.0003283636726314486,0.7233609185926989,0.01095178883708641
216,0.0902710669793314,0.028847416151344646,7.371002994770147e-05,0.8766699252431481,0.0041378815962281055
217,0.10039461643195272,0.10315668017478918,0.0005332766591792182,0.7869745422368926,0.00894088449718639
218,0.074853107186515,0.03463774797191463,0.00016874653366797193,0.8837437114240471,0.006596686883855412
219,0.06093249647746033,0.08164361526720308,0.00014674031542489112,0.8530363526597129,0.004240795280198766
220,0.019327193524944428,0.046384720449744024,0.00012650764478500253,0.9308197901608422,0.0033417882196843294
221,0.025618257725437184,0.013242175331676289,4.150122067804839e-05,0.9575534350384405,0.0035446306837679104
222,0.034100721099647076,0.009876532328185627,2.9255331050971586e-05,0.9506832470229654,0.00531024421815099
223,0.04359897191024547,0.03075672122280338,0.00012628451481000802,0.9064536057159317,0.019064416636209322
224,0.08789551015617433,0.02467788105923448,5.4724898972498384e-05,0.8680147422276031,0.019357141658015664
225,0.12324815854093542,0.028341642846089095,3.354985222152843e-05,0.8189901625230074,0.029386486237746676
226,0.1212134313386707,0.01649508273744613,9.759442323070663e-05,0.7735390382171697,0.08865485328348281
227,0.1015793799864571,0.024391900730903866,0.00017271305993547782,0.8304372468294918,0.04341875939321185
228,0.08257888731563758,0.015276405712578333,6.020263335422625e-05,0.8356252248482916,0.06645927949013815
229,0.07245410869348551,0.01537737579809717,0.0003470282698556408,0.5604840603189516,0.35133742691961006
230,0.49551303309186934,0.008002834175825075,8.285802753336418e-05,0.42320144010040156,0.07319983460437071
231,0.4358160390284768,0.01619148227547533,0.00017770675808791874,0.48574429699864524,0.06207047493931466
232,0.22342798075461254,0.1725373509047421,0.00026650157744675614,0.5276010283046848,0.07616713845851375
233,0.1892171552328618,0.15441663722472757,0.00018595658426498918,0.6278226607468931,0.028357590211252604
234,0.0832043258267844,0.2052231784988159,0.00040833919059805467,0.6823005985087459,0.02886355797505567
235,0.07294061270246775,0.06448111247010585,0.0003318673444650442,0.823066783009927,0.0391796244730343
236,0.03657951824585597,0.011303885236125003,2.7224509082655675e-05,0.9434925176387987,0.008596854370137675
237,0.052051849054469454,0.01657320104009499,3.96601648526851e-05,0.9177154515188155,0.013619838221767414
238,0.12336584050759881,0.026076056385312595,7.015283575144978e-05,0.8252263167368475,0.025261633534489597
239,0.36276063426087435,0.061971999301527046,0.0001122155410035056,0.5448554153973955,0.03029973549919961
240,0.30540418507463296,0.0722439425936564,0.00012368721273687492,0.5753749184113064,0.046853266707667277
241,0.05830594395574289,0.8753693206531369,0.003978366740343155,0.033790454635092115,0.02855591401568491
242,0.12718191157763126,0.7019507746108337,0.0009426071977505742,0.12728645881969325,0.04263824779409129
243,0.011931668668948082,0.9387538480849761,0.00444889586732821,0.02446940112226233,0.02039618625648548
244,0.10058884138195218,0.692947891663867,0.0017914623011384973,0.14291425484127682,0.0617575498117655
245,0.017334877664373225,0.9323072334531829,0.012420173896681623,0.016786583937555246,0.021151131048207147
246,0.14081511195986876,0.7546848918074733,0.008287320446388358,0.025119309256560206,0.07109336652970935
247,0.34328449358390056,0.5626675608748871,0.0011534473856564028,0.046352926742508634,0.046541571413047184
248,0.03839414988462946,0.9523558909105206,0.0012310919014800028,0.0038338745232330187,0.004184992780136901
249,0.01917641334928185,0.976673572491259,0.0012947280927073591,0.000668616383063003,0.002186669683688875
250,0.05814696855871809,0.9336874922907034,0.0016817342958348749,0.0037859590843807595,0.002697845770362907
251,0.01014904055419151,0.9847212706701844,0.0029798588843181375,0.0005984840728694154,0.001551345818436295
252,0.021436093067573454,0.9580748716851237,0.016666913003435452,0.000745652736868587,0.0030764695069988132
253,0.0038409614838014723,0.9596560886410488,0.035568900943292237,0.00011881636418614464,0.0008152325676713158
254,0.0047814433506568185,0.9377522041432974,0.05614588858006907,0.00042322991955324427,0.0008972340064233406
255,0.006135875932789686,0.9616349397529337,0.030469887640403995,0.0007161211247081388,0.0010431755491642821
256,0.0020827396578959865,0.7067641936071782,0.2901535127626952,0.00020511348817483848,0.0007944404840556879
257,0.002645364346289945,0.4461470820638083,0.5494702606618705,0.0003609865006846483,0.0013763064273466408
258,0.0038631489525118834,0.5004606905020135,0.49292350615548985,0.0004864028753104873,0.002266251514674215
259,0.0009224016008249795,0.14763613078654858,0.8509650075872908,0.00011421723388658746,0.00036224279144908707
260,0.004499447214233501,0.27547312835468063,0.71846251193723,0.00024477536815358257,0.001320137125702348
261,0.0006298117611133244,0.14394787391850047,0.8544481712262467,6.53556220290593e-05,0.0009087874721103848
262,0.00045028021758255436,0.0699082244252928,0.9291231971380697,4.467496097497277e-05,0.00047362325808001927
263,0.00042485362130628284,0.04898805426338367,0.9502845993498943,4.20989248553242e-05,0.00026039384056057594
264,0.0005672854356114542,0.040813233618886426,0.9580367611723217,0.00010249966806515744,0.0004802201051150887
265,0.00020905776129249087,0.022630624740739277,0.9767216741535704,4.067652071370893e-05,0.0003979668236842254
266,0.0008392477405838321,0.027514562746843454,0.9705241851430856,0.00022896305756759164,0.0008930413119194749
267,0.0012648312533100267,0.036418143436192596,0.9610101455995429,0.00019305532138070086,0.001113824389573576
268,0.0004001840411911563,0.029850647231649454,0.9673441873955004,0.00010481249005437085,0.0023001688416047637
269,0.0007272908128759856,0.03825286303807745,0.9583008285421767,5.4428227943175966e-05,0.0026645893789265444
270,0.00057962181453592,0.032568887962789755,0.9651578136843456,8.087283967966118e-05,0.0016128036986490083
271,0.0015920519505628582,0.06386448507659886,0.9311643110024216,0.00017884258139007472,0.0032003093890267016
272,0.002961515367972302,0.06530074271624205,0.9260130655079006,0.00023347824725095852,0.005491198160634071
273,0.0014032613636000876,0.04719538978540104,0.9479834235766115,0.00010221268196858821,0.0033157125924190016
274,0.008481778023035251,0.14118409411735777,0.8297982978414099,0.0007787766667669086,0.019757053351430107
275,0.018013841535233808,0.21211524337923865,0.7256387953432063,0.0015068341504565373,0.042725285591864656
276,0.025237828305865646,0.38093948604051775,0.543492942533782,0.0037854864899679545,0.04654425662986658
277,0.033749864781477394,0.29144841440965696,0.6138292464967166,0.0009391446455886352,0.06003332966656044
278,0.005516077391931048,0.1873196983009755,0.796488974629169,0.00027928999676833167,0.010395959681156119
279,0.0007708563589123626,0.035212123050638616,0.9611600908495979,8.963586020176217e-05,0.002767293880649195
280,0.0004449109140113054,0.03956894915783609,0.9591099701730263,7.915445837046801e-05,0.0007970152967557301
281,0.0007571671674554405,0.04470742222276193,0.9537199779879316,7.986867454635366e-05,0.0007355639473045646
282,0.00015499773141344962,0.01891824586430749,0.9803711636202082,3.860220078431151e-05,0.0005169905832864559
283,0.00029518584441643863,0.045672266236714616,0.9532343107912254,7.27969202392732e-05,0.0007254402074041428
284,0.00024400618400940573,0.017349732990354597,0.9814016057246292,0.00011352542400754592,0.0008911296769993401
285,0.00022431331359671033,0.016191825283223747,0.9828455094022713,4.6341754520114955e-05,0.0006920102463881362
286,0.0001406016181573771,0.01584400484363767,0.9834965122391278,4.715972300255095e-05,0.00047172157607462093
287,0.0001878026606931293,0.010678274183904643,0.9885821491348231,3.637638543732109e-05,0.0005153976351416857
288,0.0003035612034122289,0.02488250899436092,0.9738645131343323,6.768598666994553e-05,0.0008817306812244585
289,0.0012934010892161022,0.05723003896015675,0.9354182201059655,0.0003090123278546366,0.005749327516806926
290,0.000542493559129155,0.03458026459455095,0.9622481692344751,5.359605973653974e-05,0.0025754765521083514
291,0.0022794679723303277,0.08141907722297363,0.9046901841660357,0.000407793406368359,0.011203477232292001
292,0.0018786665996729278,0.061302359470225144,0.9311365145805595,0.00027156920463990646,0.005410890144902591
293,0.0014029492084784677,0.04471089785225733,0.948070795918534,0.0002240525684180949,0.0055913044523121045
294,0.002622587932850495,0.07274154904996227,0.917293373185925,0.00034170686201486384,0.007000782969247324
295,0.0010931431325500328,0.04815217563855565,0.9445372870498401,0.00016281400871658358,0.006054580170337705
296,0.0012772966308877594,0.05548682031023827,0.9350316474737537,0.0007522833143444959,0.007451952270775803
297,0.0013218716105523102,0.03441939682476238,0.9609614529849201,0.0005989168698048301,0.0026983617099604596
298,0.0010901893591404594,0.024680604805895127,0.971856515172641,0.00012724973828432703,0.002245440924038796
299,0.00030023375690229297,0.018376252712600544,0.9802702800204165,5.770675142613207e-05,0.000995526758654526
300,0.0003518988135327369,0.027744554520699485,0.9709466067124493,5.400546599385371e-05,0.0009029344873247549
301,7.076601423947624e-05,0.016554702765154125,0.9828411981220464,9.845187363084159e-05,0.00043488122492908054
302,0.00039860102147968235,0.0614417723095948,0.9368489007232279,0.00033439201716782134,0.000976333928529913
303,0.00016893674763893786,0.024713080826961182,0.9742623162522299,0.00022308999575216127,0.0006325761774177465
304,0.0012158807998060854,0.0689375419360959,0.9264854378214136,0.0011971964440088813,0.0021639429986756225
305,0.005621841229855643,0.1228207771147099,0.8589004749773514,0.005987624708593442,0.0066692819694895026
306,0.012367503844640616,0.030547969169653664,0.15782205846687292,0.023329048696568003,0.7759334198222648
307,0.15436948878812287,0.3330770325749364,0.01779441880161398,0.19622989285110243,0.2985291669842243
308,0.3224088700743957,0.3932091232487878,0.003943732727837535,0.2255932242173513,0.054845049731627474
309,0.22455769565535943,0.6717785681660806,0.010751063859108081,0.03698648356178974,0.055926188757662275
310,0.11614915765079918,0.739427720233215,0.001700557610789374,0.11769284146873006,0.0250297230364664
311,0.0547516638395692,0.6772563961848461,0.001689715845547179,0.22134109526220397,0.044961128867833496
312,0.02554046254605323,0.5399020163045952,0.0008859415681853374,0.41958451154287385,0.014087068038292442
313,0.05921418608056277,0.48339476099605155,0.0006077615626884196,0.44208935440676345,0.0146939369539338
314,0.09581211822309688,0.6672412568139405,0.005790503090704045,0.22547007966008054,0.005686042212178004
315,0.0423226222316206,0.8517999751651665,0.002722826386032073,0.10024568739361521,0.0029088888235657777
316,0.07030828202163482,0.8543003203941005,0.06381162565670334,0.01020933979334031,0.0013704321342210516
317,0.021200269230334873,0.9342050250600191,0.023142016323706542,0.01713465648174771,0.0043180329041916125
318,0.021428774681731894,0.9248672350476321,0.03841172085422526,0.013106245074955822,0.0021860243414549272
319,0.0029388683312407036,0.8391839185034218,0.1556017449971065,0.00166149628298985,0.0006139718852410826
320,0.011022778171611847,0.7623819586951769,0.21917888734287463,0.0051172830008605645,0.0022990927894761316
321,0.0140603440826189,0.6201678474842118,0.3534961896071303,0.006220877260069652,0.00605474156596926
322,0.005905551448660046,0.7233636793550591,0.2635045244796676,0.003291179022331634,0.0039350656942817915
323,0.007199402535126457,0.9512621042476086,0.03564348667426595,0.0028877961434436825,0.003007210399555238
324,0.0066003780112574234,0.9456275190759658,0.04472166568351446,0.0015475017099977287,0.0015029355192647995
325,0.020788542577657297,0.788191058227103,0.18142788881887942,0.004781217917815184,0.004811292458545065
326,0.009490363851248858,0.8331856144341832,0.15365073539183594,0.0011728077609426308,0.0025004785617894635
327,0.00556106626915797,0.4466399827701063,0.543829622504174,0.0005634959091741946,0.003405832547387601
328,0.014926114274210386,0.45625209321261573,0.5258013923596002,0.0007201820513082553,0.0023002181022654246
329,0.005818804919614341,0.2920115639261661,0.700315901071717,0.0004244829387384756,0.0014292471437639584
330,0.0035431614412261355,0.20950455094656006,0.7838284747782812,0.0004948443966031657,0.0026289684373294354
331,0.002675513401009266,0.37332828247872246,0.6209598039854929,0.0006436185155608565,0.0023927816192144606
332,0.001672677610276499,0.23212050324940509,0.7651487190451062,0.00024274846375020327,0.0008153516314618205
333,0.002018485202879853,0.19467026517234223,0.802460589416464,0.00019992131746725944,0.0006507388908467033
334,0.003043959183675544,0.3803019803492683,0.6137407561379157,0.00043092727944560555,0.0024823770496949014
335,0.001489843405563061,0.15900568402181559,0.8377178822259305,0.00025679648079973477,0.0015297938658912177
336,0.00679289989482897,0.16798421398335936,0.8207810310351408,0.0017308598730493337,0.0027109952136216155
337,0.0015083308515019985,0.19585661353273442,0.8004754732397635,0.000470426371542203,0.0016891560044580713
338,0.009451997362572096,0.16548300489477746,0.8177527203225333,0.002608223988556811,0.004704053431560351
339,0.014644048023842376,0.8524175886711775,0.10752511263744315,0.0119980943817092,0.013415156285827932
340,0.024053473167099614,0.8329737039801424,0.13320338694630898,0.004481656881630739,0.005287779024818303
341,0.01631367699904261,0.7561327689121428,0.22219061988110764,0.002290268271926619,0.0030726659357804133
342,0.03172690508614502,0.7437819801687399,0.21752228462460502,0.0031011093395341897,0.0038677207809757947
343,0.00820296197547498,0.6895415384784058,0.29703053324941936,0.0016358450054708138,0.003589121291228964
344,0.007989124229088419,0.7875356441159647,0.19885374373953282,0.002018896629365452,0.0036025912860487494
345,0.013548309561655484,0.5522019684552381,0.4301176781835468,0.0013420054911755471,0.0027900383083841107
346,0.008152824676260603,0.655480156086965,0.33417395990887905,0.000563745615974384,0.001629313711921089
347,0.0066346417684366365,0.4309745049092613,0.5587035517631136,0.0006218483949078542,0.0030654531642805545
348,0.005550815843782462,0.28673994920518997,0.7058233632888371,0.0004893216147413457,0.0013965500474491849
349,0.013359130644889677,0.4497103880397645,0.5317206294273058,0.0009452656199110061,0.004264586268129066
350,0.004236307555408413,0.2817259159685181,0.7116693654283945,0.0008847830230072102,0.0014836280246716637
351,0.011821700374780397,0.4656419376278869,0.5158960854158013,0.0027013746140604903,0.00393890196747095
352,0.038360419431255094,0.49478631317631583,0.4522871184883433,0.009014194697758141,0.005551954206327739
353,0.019375872969684783,0.5387244301496882,0.4127693801235582,0.019814152736985193,0.009316164020083745
354,0.028180132910382693,0.48707591949228735,0.45310458846933693,0.020794190990566678,0.010845168137426333
355,0.042748970789479396,0.8793564833369575,0.029155618058622965,0.03717548098344185,0.011563446831498316
356,0.029563161704942147,0.9213405495053646,0.03742568202663552,0.008852226000254287,0.00281838076280339
357,0.03399629252335326,0.6295149848671789,0.32310818868648655,0.007171048038512532,0.006209485884468801
358,0.020798680243953774,0.9257772480293199,0.04312282252905311,0.007475836574520254,0.002825412623152804
359,0.04578218892893599,0.8919509918357944,0.04942172288360482,0.009490826103744672,0.003354270247920092
360,0.01576657943892999,0.7799882739980962,0.19583268326762177,0.005525017391829476,0.002887445903522455
361,0.019120047972549674,0.902918621515624,0.07158868809276117,0.004376447027681683,0.0019961953913834292
362,0.03170991175841758,0.6651423794949525,0.27915147887281866,0.020006064299045462,0.003990165574765668
363,0.009087466034384407,0.8358478274799338,0.14574854863511275,0.005839385979179218,0.003476771871389746
364,0.003341245718352676,0.798418258151513,0.1912281312860199,0.005254221682673506,0.0017581431614409112
365,0.04847676923116564,0.6473268614413785,0.25794315452772226,0.03250048617992014,0.013752728619813434
366,0.1303690244896182,0.8086857592996016,0.029567254278880576,0.013479057385377385,0.01789890454652214
367,0.019236718390593995,0.9243481893287975,0.04869004865599748,0.005198633739661982,0.0025264098849491178
368,0.03502386012930165,0.9253432849270624,0.03365149062704443,0.0035455591544505775,0.0024358051621408004
369,0.045470460946770146,0.8466248063083902,0.08800763396623469,0.017201794203991896,0.0026953045746129717
370,0.00794192353249074,0.9266236188303486,0.06118611859951265,0.0029169898450173448,0.0013313491926306093
371,0.017839637777790244,0.7902878828544571,0.18044192426577668,0.007727715660838619,0.0037028394411375057
372,0.008293889127099139,0.8414491283781036,0.1444329090615448,0.0035951517636825217,0.002228921669570055
373,0.012493274662454593,0.5139118800134987,0.46941777124289336,0.0028695687210407617,0.0013075053601124824
374,0.016427808534856505,0.48605736116882303,0.48278963544332265,0.008593025771145148,0.006132169081852957
375,0.005419331378317341,0.7352027100934752,0.2538756544584297,0.0024606382739349743,0.0030416657958429083
