epoch,N1,N2,N3,R,W
0,0.0005896734901543192,1.2972850386409582e-05,5.432765428975418e-11,4.640716919360111e-06,0.9993927128882123
1,0.006183037800766482,0.00020772657237768812,2.7530073621059653e-05,0.00011394429031553856,0.9934677612629192
2,0.005333270547648193,0.000324694618861003,5.5859864197916206e-05,0.00035969791393621037,0.9939264770553566
3,0.006461466634783748,0.00035097849811145936,0.00030581215838138237,0.0004847229498440511,0.9923970197588793
4,0.026185461302000702,0.001127316579633715,4.414599328433475e-06,0.0016335976202883418,0.9710492098987488
5,0.015607220328311404,0.0007190087749189578,1.2264038434581055e-05,0.0041507013643793,0.9795108054939556
6,0.0215115473997463,0.0022194461214536418,4.430649478499654e-06,0.002607979483387087,0.9736565963459344
7,0.09192860889091228,0.004210297775854745,3.264901904015762e-06,0.023062423073780057,0.880795405357549
8,0.012296565068555873,0.005993352481675381,3.957864559980623e-05,0.001807958006574848,0.979862545797594
9,0.004894224126232716,0.010110102278079725,0.00014405960041101568,0.00024371071714186814,0.9846079032781346
10,0.01948043835809213,0.14317110223670984,0.002604716896875803,0.001376455174318031,0.8333672873340041
11,0.055292079296157766,0.3474198091860246,0.0012490620837068314,0.005104291681403037,0.5909347577527078
12,0.05781151815793191,0.312227115415146,7.633795704311017e-06,0.02333344987567254,0.6066202827555454
13,0.034062242873341954,0.7613983072253883,0.00010559234130318812,0.00790661914654626,0.19652723841342018
14,0.006047394216582116,0.9549849783101171,0.00025127786940456825,0.0031324417062567095,0.03558390789763939
15,0.01389542966914911,0.9333795455583886,9.913064051345939e-05,0.010791554026332893,0.041834340105615785
16,0.012491772311615435,0.9430701591256113,0.0014055508580009279,0.024978445879264195,0.018054071825507865
17,0.010355542744049092,0.9483139565326486,0.00034004893970819745,0.021478859961907324,0.019511591821686675
18,0.010966836531115309,0.9578194254888058,6.202805921417695e-05,0.006779999489301769,0.024371710431562908
19,0.010740090782324688,0.9553720346013195,9.599006638114724e-05,0.01408449702688156,0.019707387523093155
20,0.006744703008902996,0.9783787023173781,4.703161244645593e-05,0.006614916753900736,0.008214646307371634
21,0.009789776298630115,0.9674759349859839,0.0008949749095704144,0.009170157851019857,0.012669155954795626
22,0.018420642154772834,0.8834396842713478,0.0007168991647268522,0.061845226459070694,0.035577547950082056
23,0.004209084848697308,0.9506450925368092,0.0001810327110553947,0.03295781410146845,0.01200697580196969
24,0.00917463398553003,0.9308118585220402,0.013752314874171627,0.027125841708320757,0.01913535090993744
25,0.010237315890796144,0.9353024570477602,0.003951214506937912,0.0301051863160856,0.02040382623842005
26,0.01962349730968844,0.9387315252163164,0.008753684338521433,0.013018055667462504,0.019873237468011295
27,0.04402771623891199,0.9025624939090847,0.01601704800923938,0.009516031941196526,0.02787670990156769
28,0.0782871776529312,0.8678240953010712,0.012179714362844719,0.003957554862939634,0.03775145782021311
29,0.06338171639429008,0.7950122731998283,0.11513564057615978,0.0026380775623182032,0.023832292267403788
30,0.026097151103984435,0.8486638630488894,0.08712805271486498,0.002702214310725934,0.035408718821535325
31,0.031543272282169396,0.8150341689290348,0.10937308364895296,0.0016922048797606657,0.04235727026008214
32,0.0438390142706492,0.8526140921615799,0.06687832568427574,0.0016013430607936402,0.03506722482270137
33,0.030491004960059718,0.5533314292472099,0.3885735887897374,0.0006725712926088693,0.02693140571038409
34,0.038911715165040175,0.615256276983606,0.31857801044580236,0.0008371687168033759,0.026416828688748076
35,0.1937880511600131,0.4592702966747593,0.008322218347900963,0.0052538579596134605,0.3333655758577132
36,0.14224562589138423,0.7230885058040525,0.031093875188701124,0.0019258800627567699,0.10164611305310546
37,0.24735953655150264,0.6726648066981918,0.0170667255851809,0.0007598208834905766,0.062149110281634036
38,0.3665707964318922,0.5797314412825038,0.011083029232245122,0.00041561646385298147,0.0421991165895059
39,0.3269880023042802,0.6075069664441044,0.005020663503915039,0.0004490012526032713,0.0600353664950971
40,0.1454847190208183,0.8226149235129221,0.00901520224167732,0.00022579794205648959,0.022659357282525716
41,0.018414995163661022,0.8486182925810921,0.12101314396427086,0.00028435764045606356,0.011669210650520042
42,0.023396277569743947,0.7540785053157886,0.2157199998793954,0.0002943806080469544,0.006510836627024992
43,0.02422928627322246,0.8405255219919848,0.12673891481218907,0.00043109578607390084,0.008075181136529714
44,0.03832118345959992,0.8247958431158999,0.12363169072135903,0.0005398986332990107,0.0127113840698421
45,0.05638371838471579,0.8016813833561329,0.12705284226706437,0.0006448157264350125,0.014237240265651903
46,0.012842360678578545,0.7020497592090069,0.27622882048354375,0.0002520888588829277,0.00862697076998789
47,0.006319917157871491,0.471509130718194,0.520333251690682,0.0001307333679731352,0.0017069670652793364
48,0.0018780591590745787,0.28747579685526753,0.70914352980135,7.953708201906952e-05,0.0014230771022887552
49,0.0028378208262613046,0.43631351142320207,0.5562794475189984,0.00033946799751484425,0.004229752234023288
50,0.005444212341019789,0.4668154512152575,0.5185592708506992,0.0005251485281270575,0.008655917064896478
51,0.0016540015447899514,0.23707214222623843,0.7592264554037703,0.0001991127820691613,0.0018482880431321823
52,0.0020698277327267714,0.30755703236457843,0.6888481657298385,0.00013726677484206742,0.0013877073980141075
53,0.005147218367312126,0.552495803621484,0.4388652658500408,0.000612738453687781,0.0028789737074753
54,0.006247707924215949,0.49301465554102836,0.4943694906720605,0.00032612119852976285,0.006042024664165409
55,0.006673321973519092,0.6682105382064634,0.3207831168568079,0.0002762128763210104,0.004056810086888753
56,0.008238204559334054,0.813330626536543,0.1730877899051944,0.0006349478069472236,0.004708431191981234
57,0.007341337617834972,0.6584400368429616,0.3312179845682365,0.00045471044548966956,0.002545930525477158
58,0.00650615357133041,0.6180595301054369,0.37004545577801873,0.0005675840036839698,0.004821276541529942
59,0.004368309597948883,0.514516365437625,0.47660286589017153,0.00022412561298756767,0.004288333461266875
60,0.004197138508073275,0.6592784832639667,0.3293613609347736,0.0004584242499811269,0.006704593043205356
61,0.007204203059610286,0.40114980922339477,0.5839587558431288,0.0018986921068039789,0.005788539767061978
62,0.010912139377867945,0.41272416640419535,0.5613657386167018,0.0008597996309750151,0.014138155970259898
63,0.011683348576192085,0.5348506179651329,0.4349903405142635,0.0004902533019486163,0.017985439642462804
64,0.002935330410599754,0.46413687699693323,0.5191217143069938,0.00021724850539047891,0.013588829780082745
65,0.0044028171656081624,0.39294874351837317,0.5960363270938406,0.00028049313284711063,0.006331619089331005
66,0.004365399418410047,0.6070823649802527,0.37876976195402795,0.00033932252694027335,0.009443151120368984
67,0.001562588824369593,0.2672715145740258,0.7281006872386256,0.0001611521806807703,0.002904057182298032
68,0.0020799087198324685,0.343260743979225,0.6501370617302655,0.00028470572737465243,0.004237579843302224
69,0.002463581810267656,0.32316322063479946,0.6691850937805482,0.000303361856210346,0.004884741918174253
70,0.0035657824124394793,0.27177545394294267,0.7200126790260182,0.0004528495455500211,0.004193235073049709
71,0.006316282900891305,0.45596611157603145,0.5280934717798172,0.001357605007901149,0.008266528735358833
72,0.004031501857039664,0.6988677642780853,0.2837927700509177,0.0008828702329946153,0.012425093580962646
73,0.008793726381333813,0.7609521001404689,0.2174160050770407,0.0008551705507977228,0.011982997850358704
74,0.007592869063777431,0.8055357806509369,0.17913421858469575,0.0017196711320389324,0.006017460568551042
75,0.016016577822439523,0.6464283643362019,0.3293129990194588,0.0016555461317602485,0.0065865126901394466
76,0.01070906246375587,0.6621630596196049,0.31967640993143714,0.001477122157038658,0.00597434582816353
77,0.008178383726349896,0.6331680749778626,0.350309477738405,0.001508176995536132,0.006835886561846368
78,0.003508011531907314,0.348078180390253,0.6445744170259378,0.0009122153917186238,0.0029271756601832654
79,0.006632425948683705,0.5530506517477815,0.43339653388271643,0.000705430176343234,0.006214958244475327
80,0.0075916274343897855,0.36998032878072484,0.6148818264210079,0.0008802424908219624,0.006665974873055446
81,0.006356269576650209,0.31384371858369864,0.6744128711896522,0.0008591151359754435,0.0045280255140234624
82,0.006724770803603155,0.44593821274499523,0.5380169814940332,0.0004953730628338396,0.008824661894534645
83,0.006392907795176043,0.4535071083345862,0.5343292044637907,0.0005500798083548442,0.005220699598092113
84,0.0033385127995584287,0.13068070680831118,0.8639197368962342,0.00034501227366586033,0.001716031222230375
85,0.003435822410209084,0.09932416453096735,0.895894251878235,0.00019228346828056102,0.0011534777123081445
86,0.004860471449700324,0.20536541471732833,0.7867555879958407,0.00041582450646068374,0.0026027013306700415
87,0.005482505611107026,0.22913337208611853,0.7613397466309135,0.0009704918136158819,0.0030738838582448674
88,0.002666944589056072,0.23821843882338173,0.7521821176305366,0.0011168369958922371,0.005815661961133535
89,0.005593514325111389,0.13391512488500887,0.8558433295532488,0.0013864200538966707,0.0032616111827341566
90,0.005648327037348647,0.4061339730037384,0.5715848784050575,0.003399990330733245,0.013232831223122186
91,0.011286236647526086,0.09104736270715398,0.8470815802698687,0.022581368251441893,0.02800345212400923
92,0.03459660233818111,0.2872612916729394,0.4733886803949776,0.016425396814163253,0.18832802877973862
93,0.014492157762078526,0.2934583599708088,0.03522405882504275,0.01787363877364494,0.638951784668425
94,0.04903831953529108,0.24343292848218218,0.0019871080804498976,0.020571652836448268,0.6849699910656286
95,0.027666924647850418,0.04038092623071155,6.668787842979317e-05,0.06502827797723137,0.8668571832657768
96,0.006317961235930085,0.0024766499493600884,1.6547792791016808e-05,0.0012053033799882765,0.9899835376419305
97,0.039058137933340314,0.003657435062182691,3.2513509032638895e-06,0.017776510510084803,0.9395046651434888
98,0.10490547872377615,0.00963938213722887,4.373330003088757e-05,0.012587496548090993,0.8728239092908731
99,0.09575956271834378,0.02063850058740968,7.654033703453564e-05,0.024626744945586074,0.8588986514116258
100,0.22146220415812526,0.03306541317935056,2.9315109214432816e-05,0.10513102372146102,0.6403120438318487
101,0.27797347500615965,0.1502081224116616,0.00025879423283934835,0.14616247548974423,0.42539713285959524
102,0.41783966401518857,0.1032959620309366,0.00037716479130564236,0.04275643247087391,0.4357307766916953
103,0.228480855212275,0.09893637089440162,0.00032995259288999795,0.5705653103369845,0.1016875109634489
104,0.07067333829378228,0.6205555591170091,0.0006715359407606787,0.28395373758425474,0.024145829064193183
105,0.2659933787064698,0.5871476588689604,0.006961022912061364,0.04254179962713916,0.09735613988536934
106,0.14835125360959758,0.7694947716474592,0.010284157939030729,0.020994078924554085,0.050875737879358555
107,0.10994102148738237,0.7853341563548338,0.013361857604233413,0.023229270046372947,0.0681336945071774
108,0.14918736683941206,0.747086411293952,0.005212447653277555,0.019156279474563064,0.07935749473879522
109,0.08516976495215185,0.8248227180997505,0.002858065376263875,0.011462771823418934,0.07568667974841473
110,0.09318734351852513,0.8740998347255127,0.012724440876690777,0.0016670798810705495,0.018321300998200677
111,0.0169385099195122,0.956185200169615,0.01029971450512256,0.00230294960569398,0.014273625800056498
112,0.030053998473475473,0.9269611211534843,0.019733330689895794,0.0018540580644376926,0.021397491618706504
113,0.0648692629193483,0.8887022382532653,0.03010240717699181,0.0012241497980266627,0.01510194185236766
114,0.12000652008545823,0.7684023708326672,0.01643507929722792,0.0024363447317041044,0.0927196850529426
115,0.06744080577897314,0.9012974919162589,0.0234687521921866,0.0009302939858390497,0.006862656126742285
116,0.07685601579433407,0.8868618064483696,0.025387645408598683,0.0012973216874134796,0.00959721066128382
117,0.06483987190677278,0.7894869329196769,0.11877337871404964,0.0036717738565717616,0.023228042602929096
118,0.06660584679534604,0.8230827231787519,0.09018825813357718,0.003424342034607622,0.01669882985771741
119,0.05335652626619321,0.8900701762169778,0.02117876141955341,0.006215180922384155,0.029179355174891432
120,0.02768297007396984,0.8631065500906174,0.09331201516669207,0.005683554600751446,0.010214910067969356
121,0.046442605828240446,0.8585702697505908,0.06816611784048929,0.008335724788456724,0.018485281792222724
122,0.11497926996307149,0.8473804694648269,0.006977349216411808,0.010377391192105692,0.020285520163584012
123,0.03098471325520971,0.9307962140741026,0.02654338865631609,0.005802486749671869,0.005873197264699761
124,0.028582688599043126,0.9357493419236795,0.01700937854926419,0.007936438585216567,0.010722152342796682
125,0.02695387811811721,0.8995939289747761,0.06369493039243973,0.006192575814850304,0.003564686699816787
126,0.04939127493225394,0.9007003550470323,0.006613384398683593,0.029792448719679277,0.013502536902351068
127,0.04607085562788391,0.9153930582976477,0.02125494338952222,0.0081974702178373,0.009083672467108799
128,0.034429237136671356,0.9383859483424639,0.014601745850626666,0.008934425631723208,0.0036486430385149174
129,0.01651698102374365,0.9610605770172107,0.009612672242481836,0.009317237956526012,0.003492531760037759
130,0.008785770406104395,0.927665001333041,0.045340163737097504,0.0154310868751018,0.002777977648655262
131,0.014591220970280159,0.8733129689987197,0.07318479619670615,0.036072061879007196,0.002838951955286913
132,0.005449035789077943,0.9758446753659678,0.001745147191887199,0.014420877234095332,0.00254026441897192
133,0.00337056590340193,0.9615512244805337,0.02635655970094323,0.00758913750061814,0.0011325124145030033
134,0.0073453453491181125,0.9641573455632372,0.004304789462083341,0.01704857724808929,0.007143942377472098
135,0.015274388518057286,0.8403402399565929,0.0006520163953864853,0.1359652406744537,0.007768114455509697
136,0.03740641283459,0.6483220242552127,0.0005388768290701245,0.25302761970202925,0.060705066379097956
137,0.028908974235023206,0.7015849120888417,6.533393450307946e-05,0.18152210599851998,0.08791867374311188
138,0.03513278141633353,0.7803065965255288,0.0001103282652754208,0.13975235604590566,0.0446979377469565
139,0.15872978734644336,0.6965777061092977,0.0003079329281975667,0.0183850361391309,0.1259995374769305
140,0.11537062938645148,0.3756459058639897,8.940381108706226e-05,0.428472229395177,0.08042183154329481
141,0.06629877010790905,0.5909897968710802,8.409596428773432e-05,0.28175279435943934,0.06087454269728356
142,0.06314515412950472,0.521771292847593,6.277608117827e-05,0.3386720582373814,0.07634871870434257
143,0.11339851594279975,0.17452944423609226,3.686179771641358e-05,0.6783698002938705,0.033665377729521016
144,0.18471404838198163,0.1357752323780043,0.00012314896518590094,0.02664625083888238,0.6527413194359458
145,0.12659179018075348,0.1491235520460124,6.880177536200238e-05,0.2791919499383197,0.4450239060595525
146,0.14071696053395413,0.0687992971855075,4.1905532930732353e-05,0.07007304860419916,0.7203687881434084
147,0.06152108115453894,0.022849806943690685,6.104223737706216e-05,0.17379669984305474,0.7417713698213385
148,0.02334664800639674,0.0016488077495241873,1.0752857402670599e-05,0.12331004769591772,0.8516837436907586
149,0.07826284176301944,0.008534179986016395,3.537725751151591e-05,0.2132306241790942,0.6999369768143584
150,0.04428691809304392,0.012884169366115434,1.4070342824613692e-05,0.2617814911703314,0.6810333510276846
151,0.29989224428478395,0.017865664539878468,3.2250605980022154e-05,0.11728522046540059,0.5649246201039569
152,0.277421296254209,0.07743885731839069,0.0009959412590195018,0.04563305123566968,0.5985108539327111
153,0.035213636231297474,0.03768025301892988,8.259044612858767e-05,0.0340621313424727,0.8929613889611713
154,0.14240395330119038,0.12058100406217237,0.0012774791466148233,0.051929173455370396,0.6838083900346521
155,0.03720185474263894,0.03640515229751189,0.00040275695177915765,0.028556161465141994,0.897434074542928
156,0.1342805904419128,0.10799973314872473,0.000376656173409731,0.02515906778247136,0.7321839524534813
157,0.028858066681965024,0.045934573531973506,0.001028262212696292,0.005405759876614576,0.9187733376967506
158,0.019576678995888924,0.026048388671411894,9.64261637505031e-05,0.00204697966459903,0.9522315265043496
159,0.0013537284845569902,0.0003766414810805634,1.5467550749002614e-06,0.00041159542817041455,0.9978564878511172
160,0.017335570642973953,0.003385143204020719,4.1929655717981037e-05,0.001075381037261047,0.9781619754600264
161,0.06805633579415571,0.014399359049798397,0.0005502937719757638,0.0019982005694945707,0.9149958108145755
162,0.2240320160766261,0.16052567086388528,0.0005029798339741938,0.006334058479634694,0.6086052747458797
163,0.09834618442344024,0.5172526379982031,0.005627234263018799,0.005092927085305023,0.3736810162300328
164,0.20637503788684589,0.5098639871375152,0.002124242278573452,0.014555154126765717,0.2670815785702996
165,0.08112864230025253,0.8600028131538217,0.02075575676350252,0.0017499151373233258,0.036362872645100214
166,0.021962067577955796,0.9397328075403033,0.0026612571399650953,0.0029785419094425615,0.032665325832333184
167,0.055996765922897256,0.9040427223378061,0.003951710646875053,0.0012449677802022468,0.03476383331221934
168,0.06091838656008086,0.9018555884971268,0.012519073925906732,0.002048125895660786,0.02265882512122488
169,0.0178516857307159,0.9537153676637798,0.019923053051838897,0.0008825034049973102,0.007627390148668004
170,0.05627595834276482,0.9071181920123335,0.017672461800116192,0.001891322219530257,0.017042065625255152
171,0.018063522926527794,0.9413634750984982,0.009385795755664299,0.0024828718710151222,0.02870433434829448
172,0.03169790649885706,0.9288238331985045,0.02668132537991398,0.0027632664659618007,0.01003366845676264
173,0.02857247660149618,0.8954622072748841,0.04382585086690693,0.002990186368809816,0.029149278887903037
174,0.028368680842301253,0.8877057394442252,0.018586458312326505,0.005236532492540231,0.06010258890860702
175,0.09604083372113005,0.8325718939126848,0.006457510467231995,0.013254950251740314,0.05167481164721269
176,0.0874270420675926,0.830613776000017,0.008066094459875687,0.02598656900769951,0.047906518464815306
177,0.11330978997601007,0.8025548910374858,0.008803416760199826,0.032647455761647,0.042684446464657244
178,0.31306861668046637,0.5327006769710481,0.0028916767640894494,0.02947353901777244,0.12186549056662378
179,0.4020831207058975,0.4797548223070214,0.005046899232635381,0.04159084912593548,0.07152430862851024
180,0.10812865830150326,0.7910637177116524,0.006449091419665218,0.03940216626228414,0.05495636630489504
181,0.1274435114275721,0.8013688439979584,0.007665920880180147,0.04142830416529621,0.022093419528993283
182,0.04621119697607021,0.8143676724486647,0.010691093822958183,0.04159762955515989,0.08713240719714696
183,0.02186058942508752,0.9071381714809653,0.018500192853392338,0.036403066610365506,0.01609797963018931
184,0.12495838822538546,0.6932389120300656,0.002972984050357922,0.11470331114610188,0.06412640454808914
185,0.040224273485177986,0.8508240208750575,0.006233396338331324,0.08993739350144979,0.01278091579998334
186,0.046540606179265684,0.8748505027551281,0.03253727132413326,0.027728088379898378,0.01834353136157467
187,0.08918636392726981,0.8327720263160366,0.010688163095869627,0.048285737398619265,0.019067709262204722
188,0.042800446619869065,0.9059050178802068,0.00917437739853774,0.02743599952323939,0.014684158578146858
189,0.18680130777305656,0.693591732165158,0.00362517072692766,0.06229377761630805,0.05368801171854978
190,0.07019504180306764,0.8327245099133425,0.008158041418775719,0.0703624567628057,0.018559950102008685
191,0.041595987225684,0.9027422546242264,0.010490292055349295,0.034976507146284856,0.010194958948455372
192,0.02409629443427076,0.9409163009615521,0.009486258072612927,0.017475757184027357,0.008025389347536835
193,0.026684998213610072,0.9197768067697243,0.021944816261920286,0.021049433988119537,0.010543944766625886
194,0.016210206717711895,0.9441734053969284,0.011584870818092625,0.02162061720644789,0.006410899860819358
195,0.013101889433222816,0.9616311627399509,0.006273682677872087,0.014133789160281681,0.0048594759886723725
196,0.01596555868584315,0.9240230738076786,0.038457480446256104,0.015286772998189197,0.006267114062033062
197,0.002979387170769095,0.9516107017036504,0.03544512220117875,0.009291015065437,0.000673773858964795
198,0.00480886694453349,0.9049720689170363,0.058369428792415814,0.030370681490435647,0.001478953855578665
199,0.007127967905085067,0.9201367553372178,0.016169849398602595,0.053153970526046965,0.003411456833047566
200,0.003006655021707703,0.9461509227394601,0.035089584357910875,0.015133448690813033,0.0006193891901082493
201,0.004844909586231463,0.9436312814794019,0.017980705666015343,0.032304020616640707,0.001239082651710715
202,0.007927058915764893,0.947766117886188,0.026578995494774788,0.01398241772392535,0.0037454099793468977
203,0.0031961839115358095,0.9808690139421544,0.0029233272587920085,0.012559164752426667,0.00045231013509084767
204,0.011772768830172777,0.9202204374677784,0.0036068227342370206,0.06262617442197833,0.0017737965458336428
205,0.01016073968562202,0.91586055231731,0.05014562781132525,0.022860464891684334,0.000972615294058339
206,0.005176192994859931,0.9368824261093542,0.003865921549099363,0.052989159486374574,0.0010862998603120763
207,0.003323469818029908,0.9500079387411591,0.018223224658044202,0.027326996939353917,0.001118369843413071
208,0.004212426067833105,0.8572228280038701,0.057918134286494616,0.07945350991512166,0.0011931017266804715
209,0.008314466474723552,0.7762789721991188,0.03239029983460804,0.17988224002942504,0.0031340214621246093
210,0.01347357516699478,0.8537977436416253,0.042876127908872304,0.08655309548706339,0.0032994577954440297
211,0.0158067961343483,0.9247283257558649,0.007722247078358219,0.04377354148990863,0.007969089541519994
212,0.05271253971036249,0.8931879424343265,0.000878400866712573,0.03617546771580368,0.017045649272794783
213,0.02130233990072309,0.9584499884412504,0.0009985990849393277,0.0075365676694723735,0.011712504903614921
214,0.031006873154740062,0.9277081165294055,0.017109622418120984,0.021070998178884554,0.0031043897188488844
215,0.00832481057064993,0.9618999584537571,0.0039965033792625365,0.024474085214694914,0.0013046423816355643
216,0.0069029148961138416,0.8333555024938549,0.02538911362210093,0.13278017997245053,0.001572289015479844
217,0.008858162230917555,0.8648437647632947,0.033598226249430506,0.09109947003581034,0.00160037672054688
218,0.03396124524382317,0.6826944754271139,0.019979541744201957,0.2557144604272197,0.007650277157641234
219,0.0171580830026257,0.8679196383411161,0.0028984813770769713,0.10157075193943613,0.010453045339745082
220,0.021548748447654167,0.8125838029809008,0.001080411704148064,0.1477621555185003,0.01702488134879667
221,0.03599880841183381,0.5185809601300709,0.0002740778699456993,0.35319692865474517,0.09194922493340442
222,0.13882212167990343,0.44669660766526775,0.0012483779584913732,0.22712007200319628,0.18611282069314106
223,0.08517928581405768,0.12050275801564089,3.668203482930561e-05,0.7652022911612505,0.029078982974221755
224,0.2329656698988359,0.12671396998923604,0.00012844168605200763,0.530216550481768,0.10997536794410812
225,0.05482321374703078,0.11964376284868548,3.37950934852134e-05,0.7461995176115069,0.07929971069929165
226,0.13568593965899128,0.02800702582963383,8.620999483921753e-05,0.2616869857633641,0.5745338387531715
227,0.18282066236258876,0.011813912298060104,0.00010264352418813574,0.23057049504597024,0.5746922867691928
228,0.07110700429398487,0.005901516584357869,7.556703423982931e-06,0.8867690264914073,0.036214895926826016
229,0.06213675874369403,0.006751372520738318,1.4993438273144785e-05,0.7625965557772928,0.16850031952000172
230,0.264172244416025,0.0033990995153934667,0.00018258047339137073,0.13722912986773445,0.5950169457274557
231,0.00719294150336889,0.0007005631199730607,2.972820177384084e-05,0.013149039411938745,0.9789277277629453
232,0.08428207328185706,0.0008751302257101555,2.6613898419036385e-05,0.01915358862984852,0.8956625939641651
233,0.14392641697542724,0.0018650404203411903,0.00029867875875790566,0.04926046753327503,0.8046493963121987
234,0.02971102840798172,0.002292948495248156,1.0633161806371403e-05,0.03138327064728378,0.9366021192876799
235,0.04449486584426317,0.002610858873922999,1.303536451471531e-05,0.5095573716571417,0.4433238682601574
236,0.02686669604743603,0.0007014061026065174,9.504692663114868e-06,0.13135844958966306,0.8410639435676314
237,0.2229256709437641,0.003802977893705351,0.00019859256912885517,0.15786760772085537,0.6152051508725463
238,0.1234403443901574,0.0050325354378329586,2.9571290226439922e-05,0.7078725980230477,0.16362495085873538
239,0.06537778196857555,0.00365897817525763,1.6822378420849827e-05,0.5016490720017599,0.42929734547598614
240,0.12128069911839696,0.004811023169670046,0.00011559628181699882,0.17233312141406343,0.7014595600160526
241,0.07523884464197138,0.0024590385428305073,1.1882090838488911e-05,0.5390372467672256,0.38325298795713403
242,0.06027336228746804,0.001804938939292484,5.186590090505529e-06,0.8686823096781684,0.06923420250498065
243,0.07264213732522062,0.002716966343566903,6.586388275778929e-06,0.8892059761448805,0.03542833379805613
244,0.09724026239599806,0.006641501549136686,1.1481484551095803e-05,0.7710846358195534,0.1250221187507607
245,0.20589429259990896,0.005791186779180035,0.00018500719725284413,0.2849407324735737,0.5031887809500843
246,0.06531124861837363,0.004574568341535967,1.3379785718353336e-05,0.8229872795133367,0.10711352374103526
247,0.15360095102868207,0.0036880878977069553,4.536979081422557e-05,0.7437327714019023,0.09893281988089449
248,0.09824046429233892,0.016645262133332964,2.8856490840274712e-05,0.8112160711152989,0.07386934596818882
249,0.17242251223550817,0.06445039964453389,1.3146718028258943e-05,0.5899333250241835,0.17318061637774615
250,0.2181867603654133,0.20139516269067095,1.4439570575402879e-05,0.48806478433020123,0.09233885304313924
251,0.06037641997713372,0.08909821621531401,1.1779921986595296e-05,0.6519364810959024,0.19857710278966334
252,0.16208434835667326,0.14117256149551377,1.066439015301501e-05,0.5753495444626557,0.12138288129500424
253,0.15283446273327417,0.23559952289655592,1.2192299165308989e-06,0.5532851572085785,0.05827963793167484
254,0.1311980293010318,0.12229476419400861,7.134910727091421e-06,0.6910523554258522,0.05544771616838027
255,0.10008815390312878,0.12439056819835508,3.0144708490406345e-05,0.7204044792603682,0.05508665392965747
256,0.11474778937916923,0.05778857623837836,1.267622073980693e-05,0.7789174850177,0.04853347314401263
257,0.19086945717133175,0.12062349552396565,4.4968100734379016e-05,0.6066055668229707,0.08185651238099745
258,0.07177985779237707,0.10539070823170467,1.8651767235399854e-05,0.7730387639302937,0.04977201827838905
259,0.14485792747243292,0.08307730826123402,0.00012354105611029606,0.5913711682329637,0.18057005497725903
260,0.06858309084237121,0.06107825672975242,4.3196383064892385e-05,0.7632141995822511,0.10708125646256031
261,0.07371500093759373,0.08697516807729871,4.016095183967797e-05,0.7951073127373596,0.044162357295908415
262,0.06795805157949855,0.01471255552603646,4.677861716075695e-05,0.44234834199343487,0.4749342722838694
263,0.04375544511273028,0.014981905442750555,2.325519767295727e-06,0.7756523311690725,0.16560799275567933
264,0.08056336499637301,0.012631484453197745,2.9158803758467196e-07,0.8152938246877803,0.09151103427461114
265,0.05579493985649701,0.0032308762809925,8.058149313345237e-06,0.3838627010321034,0.5571034246810938
266,0.017280351315885123,0.0007113182445446759,2.633683597714499e-06,0.015091783949013705,0.9669139128069588
267,0.003598894904691063,0.0002707913516388347,2.4652936409469076e-06,0.014503150092855323,0.9816246983571738
268,0.01935545354007893,0.0012769984469357943,7.572514649232089e-06,0.01647184455642071,0.9628881309419152
269,0.04011948637578098,0.0006709175969419211,4.763067092519029e-05,0.011957556578779354,0.9472044087775726
270,0.10017907073504169,0.0009957675272589065,7.324349991196309e-05,0.013421044540954405,0.8853308736968332
271,0.1492257812443728,0.003197029439341764,5.469867743865715e-05,0.029117452265739183,0.8184050383731076
272,0.00643148321616747,0.0005951524507123254,7.75967771685408e-05,0.003856759444661634,0.9890390081112901
273,0.0267307892602567,0.0008795639953856383,0.0001421605352842075,0.026263314038936714,0.9459841721701369
274,0.012340646938627102,0.0008958971896809268,2.3702577941367284e-05,0.11530145898829589,0.8714382943054546
275,0.1426549420949093,0.004092722948339412,6.584787925760028e-05,0.24903954230706615,0.6041469447704275
276,0.08041369529349526,0.0013700416353128685,1.1882342269950005e-05,0.8962436993741288,0.021960681354793087
277,0.041412765284506374,0.0040688775274206855,1.614296195232237e-05,0.7990998878642753,0.15540232636184523
278,0.06279397632452,0.007949152542239758,8.069691542022618e-06,0.9069187614673996,0.02233003997429856
279,0.05921629730404126,0.010124226228287597,8.501059760736128e-06,0.9232680532297992,0.007382922178111159
280,0.1121642263412877,0.01838887370218661,1.2662561217331058e-05,0.85765995225243,0.011774285142878477
281,0.08355989766896109,0.024939014953344787,3.536541978820728e-05,0.8322616545309627,0.059204067426943154
282,0.039220199112195604,0.007317613389273753,1.5230976470005111e-05,0.9452679583681767,0.008178998153883843
283,0.049703389939141904,0.010989271872674894,3.0131788966662767e-05,0.9286953485887933,0.010581857810423168
284,0.03886889838520974,0.010272249938725086,1.8464908801920195e-05,0.9442650238689904,0.006575362898272922
285,0.033206940315428625,0.020496161460098392,3.864275301287915e-05,0.9326491678380536,0.013609087633406488
286,0.06254049024601233,0.015789447307219085,1.0579801230855219e-05,0.8349646264810433,0.08669485616449424
287,0.2009857359582179,0.008886503892002065,4.9135177746821794e-05,0.21348729504397573,0.5765913299280574
288,0.4537071625147696,0.018312732102707882,0.0002657746039674991,0.2517243141405335,0.2759900166380215
289,0.3425259454632295,0.010694471369087374,0.00042087132812863615,0.09204401246043777,0.5543146993791167
290,0.33623243015560134,0.010298862820560828,9.971600642358063e-05,0.3509815424515921,0.30238744856582217
291,0.26959463880817974,0.012044789561301438,0.00023690265031281338,0.3162585187828458,0.4018651501973602
292,0.11276344780460117,0.011413180695347386,1.6460078645348007e-05,0.8161001325394212,0.05970677888198497
293,0.09860157024372915,0.020730895977791694,1.1533251611915794e-05,0.8415250875550645,0.03913091297180272
294,0.35774951537024946,0.00602842319997598,0.0008765840976384942,0.3652025819494158,0.2701428953827203
295,0.05278724892494566,0.0032794559109667644,0.00016582915031269755,0.8167357477263986,0.1270317182873763
296,0.11241868432932632,0.012771693679984512,0.0001672664940581787,0.7798865318718331,0.09475582362479779
297,0.0967896727053301,0.008926170957046847,9.008966690448076e-05,0.8698296721770372,0.024364394493681343
298,0.02576894458471376,0.009603521422776389,1.6307130384518535e-05,0.9499232412986817,0.014687985563443449
299,0.05899766076628525,0.03590770385398852,1.4368484434210062e-05,0.8086563894017302,0.09642387749356196
300,0.06406349056594977,0.0809180828654064,1.4677270981777011e-05,0.8233206716615068,0.031683077636155195
301,0.060728301107016464,0.02497687226466198,6.369517444008666e-05,0.8549836020588123,0.059247529395069116
302,0.05821833255011338,0.013177920281195793,6.69401292742632e-05,0.9080863362283923,0.020450470811024187
303,0.06922136661664056,0.029411201879406705,0.0001947761234340881,0.855276858797972,0.04589579658254656
304,0.1799790139290491,0.007616854361783564,0.0005308006882664425,0.5078310479380425,0.3040422830828583
305,0.21818681145060137,0.006669282598887076,0.0009463799775927046,0.2634480137903606,0.5107495121825582
306,0.14886375154028905,0.024879463922586373,0.0012831180738358755,0.14244284208247857,0.6825308243808101
307,0.18540821903251026,0.02327443563326422,0.0006434863217330603,0.4129252723948622,0.37774858661763033
308,0.1541229673742496,0.023448371956082525,0.0009366778545876753,0.7008351955585396,0.12065678725654057
309,0.11649774566728667,0.022820049218099048,0.00022182420362096064,0.7779421800234544,0.08251820088753906
310,0.060983357794042355,0.009889007009973942,0.0026803659941054604,0.10949886639265613,0.8169484028092222
311,0.18895762560429985,0.07226552925088868,0.002614385991929031,0.3158433361049848,0.4203191230478978
312,0.2925353787793486,0.05522207107365151,0.0030534896719425987,0.45339343951333805,0.19579562096171935
313,0.08496313841640672,0.012010362628226237,0.004121737849761932,0.10094839223175942,0.7979563688738457
314,0.26582473428407194,0.03261427295478426,0.004665396880244663,0.4805524381495355,0.21634315773136353
315,0.16853344220239416,0.03910348915898778,0.010059905029075727,0.3093744640687894,0.47292869954075306
316,0.28158919277531347,0.07057288203055499,0.0027834618065973064,0.32731310718504714,0.31774135620248706
317,0.23164191235162407,0.018952246999340793,0.0010375653885254064,0.27086914873906937,0.47749912652144033
318,0.08798834023769186,0.0566538741955267,0.0030074701255772456,0.6630736113264584,0.18927670411474587
319,0.308570412882457,0.03283369451773061,0.006186028266975989,0.23062384754313794,0.4217860167896985
320,0.34278798406644745,0.23470342497999352,0.010595044053271083,0.35558942300306673,0.05632412389722112
321,0.05050603288275842,0.02757318592169577,0.0005040390236140816,0.9105146448930675,0.010902097278864282
322,0.09933366997247113,0.04974047409635157,0.02209794309282734,0.11078605584160561,0.7180418569967444
323,0.29985061326826795,0.09931679544707177,0.0023181193820599835,0.2982639707691784,0.3002505011334219
324,0.4145378310596818,0.2968208386606936,0.003060731995714709,0.13702107546190945,0.14855952282200058
325,0.1981871807704267,0.7209385258757073,0.014184043183452963,0.02966010358232102,0.03703014658809199
326,0.42946735420764764,0.4525526146215659,0.0017935172228127911,0.08048148807648917,0.035705025871484726
327,0.04546200049123694,0.711463656128902,0.0009237484234971219,0.2371773995652661,0.004973195391097835
328,0.02712590664847885,0.9203501362894486,0.003573620985873218,0.03984693973922796,0.009103396336971535
329,0.10984876633642389,0.8427008799091026,0.008097804376348374,0.01651810236992391,0.02283444700820117
330,0.027055205376270916,0.9556557467978977,0.006558888370669013,0.004189023889228358,0.006541135565934111
331,0.022084399495678513,0.9671797013177733,0.004423631355739703,0.00262377628781986,0.003688491542988427
332,0.022791472993042468,0.9560242901290378,0.009964490874298567,0.003233549719383522,0.007986196284237588
333,0.00463841967038647,0.9795091834280523,0.010345157476056481,0.0013237617848486146,0.004183477640655947
334,0.012286803147757914,0.9644086033575922,0.007764731611319732,0.006398624363872493,0.009141237519457494
335,0.005121388897028006,0.9822924734199158,0.006935210544476726,0.0016739152398653706,0.00397701189871392
336,0.011154105365673229,0.9781014398155123,0.006094421495307833,0.001155033492169017,0.003494999831337782
337,0.01540064168212465,0.9370462925423259,0.026484389186501697,0.0026948485768872083,0.018373828012160344
338,0.008511911402086679,0.9589987698641459,0.028306206377886795,0.0006584140506422731,0.0035246983052382784
339,0.004214485613937167,0.956980333527066,0.036528174400308755,0.0003375181915575973,0.0019394882671306232
340,0.016303694661786113,0.9541442313164561,0.023503619364992682,0.0007708619776781979,0.0052775926790867836
341,0.012091217784225746,0.9164170073629758,0.06725168201068402,0.0010229724503342018,0.003217120391780345
342,0.015701751983963178,0.9054820363521683,0.07448384911119756,0.0007409075157737508,0.003591455036897051
343,0.00813213961768055,0.7527942800521032,0.23666051615973197,0.000971263652416443,0.0014418005180678757
344,0.017055406412445115,0.8321413986530959,0.1458195989601905,0.002330854171879112,0.0026527418023896522
345,0.004691384009787683,0.766455887667986,0.22398614921729962,0.0019182869574708025,0.0029482921474559007
346,0.004390061635005079,0.7638566325890733,0.2286914977996671,0.001411943425120498,0.0016498645511341422
347,0.024402215136685126,0.9301641831329018,0.03367824824633267,0.004503238456541775,0.00725211502753852
348,0.014562926025934139,0.9304259363401225,0.046177411356552206,0.0051335595662197146,0.003700166711171546
349,0.003976218146736456,0.732104140507331,0.2604178506120592,0.0015424617537972431,0.001959328980076121
350,0.006373359075068053,0.6746855632791983,0.31585511431111996,0.001413412010714951,0.0016725513238987151
351,0.0030731360954975345,0.767457316276756,0.22675865957178512,0.0009601106442361712,0.0017507774117251917
352,0.0016642180147553368,0.4612194303367507,0.5356014528241406,0.0005798895302989577,0.000935009294054234
353,0.001597675440571835,0.4748957611134914,0.5206630571211535,0.001189043221554598,0.0016544631032286033
354,0.0012469011211206635,0.5446319555501292,0.45175778119195364,0.0006037144758714257,0.0017596476609250278
355,0.003382827471487269,0.5457947572089275,0.44655834978787295,0.0011230574697619793,0.0031410080619502373
356,0.0012916543466934345,0.3555677409067565,0.6411968702185192,0.000983613157180246,0.0009601213708507023
357,0.013796006565813392,0.6250786044579776,0.3535094821530842,0.0018365254637833946,0.005779381359341496
358,0.03010332462361657,0.8833292957747706,0.06962949319674465,0.006807632625166233,0.010130253779702036
359,0.02452723668969211,0.8555912299644104,0.10802412044762437,0.003166658564520944,0.00869075433375208
360,0.01271971664459386,0.44748415813725245,0.5314943545025119,0.001573525736701911,0.006728244978939859
361,0.013438417311588744,0.7966010714140397,0.1848641497728471,0.0012959038715734512,0.0038004576299510372
362,0.0012119084232628447,0.2397285688709478,0.7573721475327904,0.0005352414495122683,0.0011521337234867751
363,0.0019247152277674848,0.31905432967331265,0.677222274731732,0.0006631691869784324,0.001135511180209315
364,0.001179902441232481,0.13630344616723972,0.8606890283670903,0.0007056856079674069,0.0011219374164700257
365,0.0004656977758328416,0.13883384687124678,0.8594299324908278,0.0006375062790593546,0.0006330165830333312
366,0.0009516095705001789,0.182220356278118,0.8148695484708823,0.0008513741688891217,0.0011071115116102045
367,0.0005482211773365729,0.21393214908815836,0.7837956030766101,0.00062981610804394,0.0010942105498510466
368,0.0009067844981157913,0.24612378621481648,0.7517581244094534,0.0005246655679123316,0.0006866393097019899
369,0.0010415735903680928,0.15091379107174036,0.8460230926283727,0.0011880051538792967,0.0008335375556395799
370,0.0012984341976777893,0.07924519774045433,0.916250545827518,0.0020248604421281334,0.001180961792221715
371,0.001008497986909042,0.2556604089255435,0.74088058212831,0.0012065672517210045,0.0012439437075165067
372,0.0016719834729766955,0.23362639434371807,0.7603534808756228,0.002827668558040909,0.001520472749641516
373,0.00588245125763051,0.5106432782905136,0.47503742346075223,0.005039853588199802,0.0033969934029039633
374,0.0035702123334614487,0.4940892612087896,0.497616846078078,0.002964097971938131,0.0017595824077329529
375,0.03404029051154829,0.6126679925948864,0.3259648742240461,0.01675815118409975,0.010568691485419427
376,0.12150655281509391,0.5931140358285495,0.1846706257190402,0.03598942246866431,0.06471936316865205
