epoch,N1,N2,N3,R,W
0,0.2157109316990661,0.0032402458740121696,9.877707291661358e-41,0.013752259194637512,0.7672965632322842
1,0.3778550434702973,0.03455564514066594,8.594369033066531e-40,0.08251576888207282,0.505073542506964
2,0.5369487091144977,0.01905017913036126,8.469808335476575e-40,0.07123487850396497,0.3727662332511761
3,0.25656161687463236,0.04565075324366463,0.00016513894083132984,0.10298003770459463,0.5946424532362771
4,0.35944827175555416,0.014573863613047558,5.9702585563634784e-05,0.045939582871110565,0.5799785791747241
5,0.2327384792914519,0.0047714805252287084,1.5539288758298053e-05,0.011549736898913648,0.7509247639956474
6,0.5566634381970512,0.018381069585423307,0.00021595026283311597,0.02112455265224447,0.40361498930244794
7,0.24892045559453307,0.19451426167908306,0.004310806265224491,0.08666219315414976,0.46559228330700964
8,0.060738047832138216,0.023292012422983708,5.148490146637524e-05,0.11939555818453325,0.7965228966588784
9,0.05729103078868175,0.014997446298518489,3.7742995591372546e-05,0.05418866491672292,0.8734851150004855
10,0.30580644509600813,0.0539268999857771,9.756949402747839e-05,0.16941749288541583,0.4707515925387714
11,0.9075363138708582,0.01232669605307253,9.94702933072614e-06,0.03467728590428529,0.045449757142453105
12,0.7338076508322308,0.11127632705431587,5.491995236324372e-05,0.06472507905847032,0.09013602310261996
13,0.7857101963509031,0.06444788951434635,0.00027652760333613695,0.04833593529501522,0.10122945123639926
14,0.138029385884732,0.03201011875639484,4.554740888692528e-05,0.028398479246491845,0.8015164687034944
15,0.4395919745889682,0.14696258275357257,0.00014013680049857684,0.1848146463013984,0.22849065955556216
16,0.30757465140235507,0.3214252675755475,0.0008454826007140201,0.27569085088824463,0.09446374753313876
17,0.17058924223970015,0.4921323084557685,0.0012781813300804885,0.22613425423121603,0.10986601374323494
18,0.24860521552191311,0.1878950962168558,0.00012351739540779002,0.09584261205172048,0.46753355881410286
19,0.11080031386847673,0.6152121635573443,0.0011697082633790787,0.22776281943573706,0.04505499487506273
20,0.09798124327588818,0.6526097675226536,0.004003525874700477,0.19887300714379474,0.046532456182963
21,0.404150575119796,0.17261649451832745,0.0001403313076130098,0.1089128129250598,0.3141797861292037
22,0.2419177451580429,0.6567022770353412,0.0010499836864856888,0.025324007080734134,0.07500598703939608
23,0.4903227997099069,0.33877977529867126,0.0009979739880176153,0.05806272525101934,0.11183672575238497
24,0.3953166833762304,0.562412681522053,0.00536961876765139,0.006347242510024923,0.030553773824040363
25,0.05672895615643228,0.833436408708534,0.07578152679963703,0.007606294655873119,0.02644681367952352
26,0.23259503053992817,0.6791030143048792,0.006340700331186583,0.01019376383708103,0.07176749098692503
27,0.023700047219512195,0.7525558763421296,0.19439866596188532,0.008046813988589223,0.02129859648788349
28,0.0649316431898391,0.8139687682504438,0.023474061590836166,0.003959810181998376,0.09366571678688268
29,0.42598416114132825,0.5091750055828871,0.010870489475648048,0.0031625876962740533,0.050807756103862504
30,0.05816228519355306,0.8353736461871349,0.08364312362288318,0.005466314508878382,0.017354630487550298
31,0.2570290739756918,0.6744091351620558,0.03736461744579377,0.00195672168815682,0.02924045172830161
32,0.11887259592836422,0.7340670183729856,0.1160222944628106,0.001859208765654787,0.029178882470184804
33,0.0509058233238185,0.7213702814186513,0.20128944639269955,0.005582591022220788,0.020851857842609997
34,0.33326384257924924,0.5929379990328654,0.01531432095925495,0.0055786744408626325,0.052905162987767734
35,0.07279927501821035,0.7646608704717689,0.14057533148751192,0.0028450256109268423,0.019119497411581976
36,0.07055453440887823,0.7743607456217259,0.1354079669801162,0.002491543158360517,0.017185209830919174
37,0.21280289426611418,0.7354834215589052,0.026744809360493928,0.000863882409733504,0.024104992404753146
38,0.0091884326855927,0.7190352006934884,0.26782980661574574,0.00028143043071699635,0.0036651295744560457
39,0.008588187930019921,0.7735336082439561,0.2114238684700807,0.00044168235804355064,0.0060126529978994795
40,0.01632406080558148,0.6157715029954778,0.3573704345546688,0.0009092136512864338,0.0096247879929854
41,0.009776834568080204,0.5535448282924791,0.4279469245643771,0.000822647602036362,0.007908764973027223
42,0.04821039138612913,0.583979503624258,0.3312929046525079,0.0032013098916200138,0.03331589044548507
43,0.004456984950330279,0.6209336513644558,0.367267562732768,0.0005038753126996759,0.006837925639746308
44,0.009006571051225605,0.6342148136970303,0.3483885051602912,0.0011604714344929335,0.007229638656960023
45,0.026540582792143233,0.6709686120259158,0.277515866404816,0.003225846250147235,0.02174909252697762
46,0.005117130808568954,0.5320549158618288,0.4501780435842429,0.001949575166414355,0.010700334578944926
47,0.006080880875768258,0.6897166073042041,0.28661113375529684,0.003893695274917912,0.013697682789812917
48,0.3118635046921638,0.4142681993715408,0.031073837009149303,0.09810969376091747,0.14468476516622866
49,0.10096179879029216,0.7163468950857651,0.08703174845264819,0.06223602944143087,0.03342352822986367
50,0.31244743903409034,0.43808158758658144,0.005323211693399288,0.00808713107648789,0.23606063060944096
51,0.4139844643469218,0.5177658093909402,0.015753179805065184,0.005358929520170384,0.04713761693690254
52,0.04547180835038354,0.8861014735122307,0.0495618202040602,0.004488029185802139,0.014376868747523405
53,0.5021785913884299,0.33939299017089647,0.0023039957036032743,0.005193839414834452,0.1509305833222358
54,0.12487963234215443,0.7928083092830092,0.017183962467779784,0.004714883926581001,0.06041321198047565
55,0.16652188292633266,0.7777219761915842,0.029812995118208705,0.0071409376193555365,0.01880220814451896
56,0.06780515009777872,0.8723079751229518,0.044308537586843125,0.0054489324666268215,0.010129404725799611
57,0.43044985729617724,0.44490315846022,0.002581264965829426,0.01216332925295467,0.10990239002481864
58,0.13519644524606747,0.8249582129757607,0.030298971706902045,0.0035635882279726797,0.005982781843297178
59,0.1414615646160989,0.8322818744579671,0.016739356229272362,0.0010661713578945893,0.008451033338767101
60,0.07359170322122555,0.8589742000951591,0.061002894253020204,0.00027230838485060914,0.006158894045744477
61,0.021614670537348796,0.7830586986791189,0.1857744133095151,0.0018732253984139779,0.0076789920756032085
62,0.041711922904210365,0.8216713851238852,0.12270504854273713,0.001961151945752356,0.01195049148341508
63,0.007301211117841923,0.5836312401059328,0.40159122524330565,0.0018552352458144302,0.0056210882871052395
64,0.006696004153140357,0.7180634981534051,0.2604815417446429,0.0028625373666594242,0.01189641858215217
65,0.023471044749027788,0.5007382039896094,0.4542645911234182,0.0069650819695845,0.01456107816836005
66,0.008256275439815728,0.526801644059955,0.4512643608732804,0.0026833705321230522,0.010994349094825785
67,0.06615716000093412,0.7375647844893133,0.1660902888794583,0.0091765634324075,0.021011203197886814
68,0.041754676278180566,0.7606784876129572,0.1670031322551003,0.0059449383012279205,0.024618765552533874
69,0.05744551203818638,0.7424600869216061,0.18194750758783867,0.00503219125688352,0.013114702195485273
70,0.006311236570575355,0.6621197207474865,0.3257622424486224,0.0014624171065177286,0.004344383126797786
71,0.21951555121531147,0.7104149692103252,0.03300923660773538,0.010313786011446125,0.02674645695518173
72,0.01981154734009156,0.7586492334215688,0.207577487256598,0.00470314717507821,0.009258584806663413
73,0.004637549111459607,0.655526918331909,0.33153186603989226,0.002807675619945775,0.005495990896793229
74,0.12262977198108752,0.7781587939850032,0.08056169997137207,0.007382600507038421,0.011267133555499045
75,0.009316801999433038,0.708219110969247,0.26984845066142943,0.006800388870975475,0.005815247498915016
76,0.0825241608472564,0.736398159779103,0.12005118886419777,0.016270533421708207,0.04475595708773466
77,0.014877040069562648,0.7293627659290781,0.24785029261030325,0.00273933818510863,0.005170563205947327
78,0.00872565033664996,0.5822835578274518,0.39279595471983064,0.00415461229587344,0.012040224820194111
79,0.025972479068800024,0.8153340059790565,0.09861199905081869,0.04104763700157086,0.019033878899753994
80,0.012401477454846313,0.6873745422428316,0.23799194448948946,0.03918556312839014,0.023046472684442647
81,0.3692676804145071,0.2505629239214692,0.011234032679381157,0.29822848157092874,0.0707068814137137
82,0.1383794526235265,0.7707736353622701,0.017075370400539722,0.04722107751539155,0.026550464098271987
83,0.320852238116913,0.6451466705936839,0.004933860993594266,0.005852298850507478,0.02321493144530118
84,0.14322424304453749,0.8372493455827661,0.009641599086794225,0.0018828850080093772,0.00800192727789292
85,0.2319627629085041,0.7370193140400908,0.006274131694915635,0.005238452983079605,0.019505338373409845
86,0.24830130474686254,0.717319132429103,0.013985723762370804,0.005061269716389046,0.015332569345274676
87,0.0104619345230832,0.826861773903779,0.14947788282950183,0.008161118962136798,0.005037289781499194
88,0.25695500879747213,0.696128786116933,0.015365218092515578,0.01292420605882905,0.018626780934250277
89,0.012174408010995005,0.8841023925165689,0.08975489725394753,0.01011732945866846,0.0038509727598199173
90,0.12953882765914984,0.7735763333805981,0.028381353046063363,0.04404101438258877,0.024462471531600017
91,0.07791959961683276,0.8299832694100365,0.0740949506623772,0.003592611152762645,0.014409569157991109
92,0.014148575529179414,0.8157562357311164,0.15322647501955391,0.008033441355980466,0.008835272364169842
93,0.20976662935486645,0.6911763636637879,0.035685142972987104,0.004375108845497846,0.05899675516286079
94,0.08359003359637361,0.7433446717131851,0.14464431873119044,0.013224306099101305,0.015196669860149578
95,0.07038051093864933,0.7507807229455856,0.12323073931418693,0.012990524130284887,0.04261750267129323
96,0.161618688938387,0.7650288027308341,0.048709695023443876,0.013340875279461673,0.011301938027873479
97,0.006594604562289102,0.6675256987385949,0.3100045356816311,0.007741450148391701,0.008133710869093098
98,0.12447163452823769,0.6317302148028862,0.1733419456470827,0.029834636325422614,0.04062156869637085
99,0.012702883768677745,0.7342933756240192,0.22591803305806768,0.005233322515521309,0.021852385033714044
100,0.14224393770782373,0.6580216419027324,0.13947134763110577,0.031532490035579556,0.028730582722758587
101,0.07461260083135361,0.8444764376570495,0.06989930066781996,0.002494077670813313,0.00851758317296351
102,0.48366772056435625,0.4254368621126523,0.0204340080399177,0.008013787251594963,0.062447622031478786
103,0.019074846397351033,0.79572508328779,0.17669724691865427,0.0030329761774117274,0.005469847218793016
104,0.0893794709190995,0.8462710498174598,0.025547889833257027,0.009733895603842512,0.029067693826341112
105,0.08074062033157517,0.8638073780969762,0.03590054938556549,0.0069050356524686905,0.012646416533414622
106,0.03567916310402905,0.7798116415623247,0.1468636271221827,0.021342010884533257,0.016303557326930347
107,0.41558958802022244,0.5393793267604029,0.0058390550050719,0.005787131712101513,0.033404898502201165
108,0.10495603932603619,0.8268250532033208,0.05923061438578782,0.003822612670978582,0.00516568041387677
109,0.00693104065305046,0.7446446338274496,0.2364215375545916,0.0041197871245233835,0.007883000840384872
110,0.06147223924035016,0.6966847227536213,0.22428370397628633,0.007844703683234398,0.009714630346507698
111,0.012753654581193137,0.6720324442749709,0.3007564790446374,0.00967596340065554,0.004781458698542917
112,0.05970461446038811,0.7029878462538924,0.19950825257344854,0.022552707956906445,0.015246578755364571
113,0.010729920654845885,0.7103504046436989,0.2726280163832298,0.0027140086188243437,0.0035776496994011898
114,0.003925431654702501,0.6703890100775379,0.3210898849930316,0.001646319805282097,0.002949353469445827
115,0.04769004743703079,0.5878858406570964,0.3481995115263957,0.0049627424189860984,0.011261857960491168
116,0.0022654227548052795,0.5081084416426156,0.48552471992790147,0.0005318330213714962,0.0035695826533061613
117,0.18877577090358227,0.6050157245177818,0.1593191270714188,0.015050454423547337,0.031838923083669736
118,0.013586845155460894,0.647143121938228,0.3310679641373208,0.0016271254982820336,0.0065749432707083505
119,0.01449033597766004,0.7653750473662048,0.19805830746860056,0.0037204991788862903,0.01835581000864846
120,0.028584126794288612,0.6675587062677376,0.2899927337814238,0.004564331095808284,0.009300102060741656
121,0.013379813232958606,0.6522422849638139,0.3129419176607782,0.011456932356790102,0.00997905178565928
122,0.33586572807719695,0.5416977070466804,0.03288368118341577,0.03750815441781955,0.05204472927488742
123,0.06270173090889873,0.7628493143905704,0.1236593199661921,0.037232675095035514,0.013556959639303385
124,0.036439840217036314,0.8589857505438218,0.07304553118100302,0.021004023507228114,0.010524854550911008
125,0.3147256420666217,0.5925146516075014,0.0434442594545195,0.02971288918136187,0.019602557689995637
126,0.052960884934899484,0.8720344872453764,0.059251869479646516,0.011543745145177106,0.004209013194900531
127,0.06972212332829539,0.7886687703993152,0.1233106374632897,0.003784735345114605,0.014513733463985148
128,0.09362842282726809,0.8006249060591645,0.09790265925012669,0.0034026748861625674,0.0044413369772781704
129,0.06706223395760053,0.8512994062525654,0.06883394090037963,0.004858945773153569,0.00794547311630074
130,0.10090715258118307,0.7628836631434552,0.1214831411361463,0.00822822529116425,0.0064978178480510984
131,0.004136152006151069,0.6393896614619892,0.350166977985961,0.0036848035859638763,0.0026224049599349363
132,0.009697527635020891,0.7671313480648265,0.20913564718697486,0.007844419020351594,0.006191058092826213
133,0.014885774060806458,0.7349662528492129,0.22925601550660837,0.01369963260221107,0.007192324981161132
134,0.023648532408669223,0.754345733055621,0.1993337187381139,0.016289061395505334,0.006382954402090649
135,0.10792608638390955,0.7350085954225177,0.11230360776096614,0.03153788693836648,0.013223823494240042
136,0.009350789709248342,0.8035574854140154,0.17668802732137906,0.0065248401244266205,0.003878857430930481
137,0.16579412583010747,0.7447219174803155,0.046922087969586385,0.021543936049946304,0.02101793267004431
138,0.06331096880135993,0.6888823110564836,0.22328645757026727,0.007385757842741525,0.0171345047291476
139,0.03683254478940041,0.8247545032705331,0.08132357660582913,0.022621232230557325,0.03446814310368002
140,0.0953599345314061,0.7952424341043095,0.0554069999870996,0.03405732758931424,0.019933303787870442
141,0.019682060788584078,0.8834952181332026,0.06951923998979402,0.01880116129702243,0.00850231979139688
142,0.371399790727247,0.48778243552862666,0.0033068193948770147,0.008686827472127954,0.12882412687712133
143,0.2613401266220983,0.7060978746981582,0.011486880435523851,0.004798559914559939,0.016276558329659685
144,0.48738877327855246,0.3908504357428122,0.0035667683445385254,0.0036940574534581982,0.11449996518063857
145,0.4686501621403136,0.4883563486342643,0.007819665901545926,0.007491858181907757,0.027681965141968506
146,0.201720489077871,0.7196845327416889,0.009185983282307634,0.03050094485051391,0.038908050047618575
147,0.38449166430942405,0.5193707676831884,0.018484968633636703,0.05947696771570542,0.01817563165804544
148,0.142040820094734,0.7497020852803976,0.0683563214770447,0.03347752283390695,0.006423250313916652
149,0.365666834193441,0.5640410008617692,0.0014389964547658605,0.00786718849809284,0.06098597999193118
150,0.13933508898100525,0.8190205738648484,0.011393321170127832,0.023740626181058072,0.006510389802960743
151,0.046084682945166176,0.9222557445127498,0.01600031408182902,0.011110387976228979,0.0045488704840259105
152,0.183285242004458,0.7565316475285085,0.006998317419645526,0.040772566889543706,0.012412226157844097
153,0.011981764193950363,0.8993755683076534,0.06699192918722205,0.014679774009577533,0.006970964301596519
154,0.1178667438113288,0.6243592403454559,0.015493668095591277,0.21051231288908825,0.03176803485853583
155,0.05960045608677372,0.8362301823554509,0.03223027325795642,0.0610447949478716,0.010894293351947432
156,0.05585697270133859,0.8409682655657267,0.03166024152396426,0.010163272374315427,0.06135124783465508
157,0.36618044416133544,0.49774524727192243,0.0045012210144199346,0.050361593804321654,0.08121149374800046
158,0.0632843829514025,0.8470765592983114,0.01743436700336185,0.05728625090305765,0.014918439843866805
159,0.4931897698994609,0.2695351579810053,0.0020904315454939384,0.19189818518520124,0.04328645538883846
160,0.03809548551293668,0.7551479809951409,0.005620209921292072,0.19872053202134252,0.002415791549287757
161,0.26463546349895006,0.2058722297533122,0.00030696661666344946,0.4136830456864917,0.11550229444458246
162,0.19545282475691533,0.6941244749210315,0.00335810789142852,0.09794650098374998,0.009118091446874631
163,0.11356765246175128,0.6477873224621682,0.013318342131484836,0.21226722619009508,0.01305945675450065
164,0.4693825101912836,0.42971697739205117,0.005479513520480188,0.07827873255533058,0.01714226634085453
165,0.020482067867754306,0.8436025857924015,0.06758494198793613,0.06186991359527264,0.006460490756635598
166,0.09967928193766339,0.7425210871340071,0.0185623770688126,0.1235518396059738,0.0156854142535429
167,0.05150960447745826,0.8105580403015054,0.10475033638273017,0.027797974064967944,0.005384044773338152
168,0.04157617702705163,0.814954932194145,0.06741985704730197,0.06598413756809551,0.010064896163405819
169,0.12101804301005978,0.7357082521272086,0.05398329988489239,0.07868122898516369,0.010609175992675756
170,0.009670671802365173,0.8197829318070102,0.12218831045338974,0.04298622957831966,0.005371856358915003
171,0.3067922871661175,0.3950071467491392,0.0017337302116019761,0.027917861788034404,0.26854897408510686
172,0.2155437803401203,0.7256047455945697,0.010266267893251121,0.02819245150982228,0.020392754662236594
173,0.09496075319839081,0.8507007089176115,0.03386515435083371,0.009168278044420903,0.011305105488742903
174,0.3453939221115955,0.6177832366746089,0.0026806486432473797,0.009532774648047913,0.02460941792250034
175,0.03506520973854467,0.9213716859234568,0.0259233215294399,0.014600247149515312,0.0030395356590432574
176,0.08571548762818812,0.7992359074942476,0.06392066994690536,0.012446864919111806,0.03868107001154719
177,0.19488054264518972,0.7211649900762529,0.050305199275954976,0.015752471740888233,0.017896796261714133
178,0.03244867365986853,0.8591708793157263,0.07228775378782497,0.009174148507845762,0.026918544728734464
179,0.6066257123714621,0.36469646680686335,0.006412875522303278,0.008507512559994986,0.013757432739376246
180,0.058711304029300734,0.8903164759189828,0.039452950739762564,0.008536216505682426,0.0029830528062713916
181,0.1660482490969281,0.7406859209463625,0.0075572721326413244,0.009704836923139405,0.07600372090092851
182,0.18152382727185865,0.7878101014506849,0.016433246867551966,0.008816519135914087,0.0054163052739904394
183,0.00596984687837809,0.820178121435466,0.16375137855437924,0.006395345537491483,0.003705307594285183
184,0.19761417638672454,0.7451368840981947,0.028004916567454755,0.019607036990204163,0.00963698595742171
185,0.00985752530080643,0.8655662437853572,0.11555914599858422,0.006528024503401818,0.002489060411850262
186,0.1760079508033664,0.7319572577436418,0.018297127562457556,0.015355474369933914,0.05838218952060034
187,0.10969131378418653,0.791683109915004,0.07188570585135158,0.011583230158387733,0.015156640291070235
188,0.060832178018967065,0.8612101537858947,0.05809800774633606,0.011127796953554519,0.00873186349524784
189,0.4138185417475183,0.5588206437565415,0.007436918773935158,0.006952419568515367,0.012971476153489614
190,0.054873349011675794,0.8929279601448069,0.0416970944830416,0.007786360019069549,0.002715236341406164
191,0.08802641072004731,0.8099351075769622,0.027201839107361212,0.004724608884228256,0.07011203371140105
192,0.2500251369457935,0.6857272940669643,0.04168836034542904,0.008386684816320185,0.014172523825492967
193,0.11778382635075911,0.7945825533663874,0.04962470958192867,0.02401564758640474,0.013993263114519998
194,0.3205012214486863,0.6395061977403251,0.01308143845633275,0.015287217288209658,0.011623925066446116
195,0.009801976213709459,0.8754516100506379,0.09593371900804884,0.013413618065384826,0.0053990766622189984
196,0.10955717568774015,0.7962291202190295,0.022925595167609423,0.025721870511079388,0.045566238414541806
197,0.15287396920130886,0.7874786514147157,0.0329795157347779,0.01862624065146103,0.008041622997736454
198,0.059791604049770956,0.8555683324427464,0.04454364335973863,0.028282431245383523,0.011813988902360484
199,0.053901670311004256,0.82638046298613,0.09663906194788875,0.014508122979002728,0.008570681775974384
200,0.017775326322800024,0.7873741695951332,0.1615376109949492,0.022213657988540924,0.011099235098576757
201,0.23750652464002558,0.3500906001036467,0.012693553739023767,0.378264210396307,0.021445111120996847
202,0.024934056490508432,0.8026482782639576,0.10483753109758154,0.05885843261184265,0.00872170153610969
203,0.07178051961538993,0.7738413646618678,0.08898403535750257,0.042050141252999676,0.02334393911224002
204,0.1345106679054263,0.804637420464233,0.03243383583942503,0.024461490202282016,0.00395658558863372
205,0.09577941252073352,0.8031967285799894,0.042497098596964655,0.04928625027266913,0.009240510029643403
206,0.11161804673374658,0.6377638788442507,0.05736909017935026,0.17746317853631363,0.015785805706338845
207,0.059082129851685615,0.6430530449815227,0.05003019151177798,0.2390338548227953,0.008800778832218355
208,0.1964311699125959,0.5917780367916227,0.004850856472410567,0.15076218047339857,0.05617775634997232
209,0.06591312613194758,0.8646823391715556,0.008922437365078412,0.04850874129956291,0.01197335603185532
210,0.13066237695153532,0.7784365879051697,0.012569805534425299,0.06095574855433318,0.01737548105453654
211,0.5764501163047453,0.3584149813258274,0.0007516700598624499,0.05649679633244457,0.007886435977120361
212,0.07524786497050842,0.8741941684654647,0.01776279163492414,0.028766339904792805,0.004028835024309868
213,0.15805707686358222,0.7995641909324557,0.009844067476761992,0.023152087198035496,0.009382577529164578
214,0.07119629343599151,0.8794460829759818,0.010871631885726459,0.03388133318302704,0.0046046585192730345
215,0.03022993256471099,0.8822660404087656,0.0538286039378563,0.02398805657799452,0.009687366510672485
216,0.2775292345241403,0.6475689730659692,0.013971776856904239,0.05041786652129722,0.010512149031688992
217,0.05641883533630056,0.8944606118371496,0.028719661972636354,0.01643419860808513,0.0039666922458281035
218,0.06959801890304301,0.8271327440462551,0.06701191786865854,0.022763630899947256,0.013493688282096015
219,0.01668534754224174,0.8632622229479565,0.1012841787699683,0.013508804771446361,0.005259445968387084
220,0.2141375189878171,0.637884429026427,0.016255906689446774,0.11478183615724433,0.016940309139064965
221,0.03312185271038398,0.8698872528737418,0.06721751005502534,0.024916913566586305,0.004856470794262535
222,0.010683655313390312,0.8974422114124827,0.07926443363372279,0.008354139858122505,0.004255559782281621
223,0.2172595786736507,0.737297951587628,0.009479723119049292,0.01648719055679296,0.019475556062879124
224,0.03801583320505739,0.9188308238409251,0.034619639924159756,0.005969921371411023,0.0025637816584469326
225,0.11336359049920759,0.7697425546587591,0.0811120163764976,0.005340573673726024,0.030441264791809447
226,0.07933193038178717,0.8386005741113629,0.07736093312493077,0.00216001654972522,0.002546545832193988
227,0.0035809877218428844,0.6325347800780384,0.35648522505384134,0.0011679473626966896,0.006231059783580586
228,0.12302388954042434,0.7057290906537069,0.14603328921709063,0.011103435544274752,0.014110295044503254
229,0.002705101701566554,0.5292300929191622,0.46485127988654934,0.0013068924924284665,0.0019066330002934977
230,0.0179108590394258,0.6191824470188335,0.33880519889817123,0.0013222996407522994,0.02277919540281697
231,0.056083295698291534,0.8246640772513619,0.10637922731370607,0.00866614419007736,0.0042072555465629494
232,0.014419137006380502,0.6315137068234646,0.3390436566437981,0.005040060600266113,0.009983438926090679
233,0.07526710614832378,0.7084255765478249,0.11347771861995833,0.07430075599087914,0.02852884269301408
234,0.03182243247048131,0.6725548657601498,0.15764628989405438,0.132049927628459,0.005926484246855543
235,0.035287102015227875,0.393041048895896,0.04170919780509946,0.5198529092721405,0.010109742011636315
236,0.0731213542176821,0.2091807210162378,0.003432737309332965,0.7024251754452523,0.011840012011494679
237,0.07243108970189817,0.09828289007955394,0.0010291461551021923,0.8177551060566364,0.010501768006809319
238,0.11204376112055407,0.286317652480389,0.00150048750836994,0.579513608669556,0.020624490221130914
239,0.4698496876493042,0.044520350252671106,0.0002477814200823555,0.4530720591425652,0.03231012153537712
240,0.21775800843319157,0.17532147623709957,0.0018385109492684724,0.593280084005444,0.011801920374996406
241,0.05576839770661647,0.05962410188196685,0.0007838461132453957,0.8745214470230801,0.009302207275091281
242,0.04420653798000288,0.23033464082487448,0.0014581525530163505,0.7130647794213898,0.010935889220716416
243,0.021682249220827822,0.008972804858413255,7.386096896931147e-05,0.950894305611828,0.01837677933996161
244,0.03273647445521518,0.035609102907649744,0.00018639789074416805,0.9280402844478562,0.0034277402985345993
245,0.033066295942398544,0.01708001986830393,6.24251062716459e-05,0.9429958517877878,0.006795407295238222
246,0.07340061014421556,0.017234873889729337,5.3046891736857085e-05,0.8941398361594571,0.015171632914861094
247,0.034533725072776224,0.017011736378521054,0.00011879497123148743,0.9393794461983711,0.008956297379099963
248,0.02821243218366219,0.01066430185826071,6.061446061637152e-05,0.9568196903710147,0.0042429611264461695
249,0.051109437251203906,0.015938066757440465,4.942388298891368e-05,0.9229117315893673,0.009991340518999189
250,0.04545207439255424,0.023749372400350126,0.00011390561034479113,0.9198825735777177,0.010802074019033076
251,0.028396869157605153,0.005153253689952989,1.4444950461894967e-05,0.9623951350996971,0.0040402971022829685
252,0.014734732868120467,0.0032537721419545426,1.8716451579011525e-05,0.9795028148020225,0.0024899637363235794
253,0.01790568640568933,0.008900018194039272,1.252887383966812e-05,0.9712688314734115,0.001912935053020355
254,0.027870457880294307,0.011669735434269546,1.8089011583250512e-05,0.9553265003410475,0.005115217332805439
255,0.02375735303598329,0.00887467126874358,3.891295409253122e-05,0.9649248534185034,0.0024042093226772964
256,0.026658776575841682,0.005411872488307725,1.7782445627481063e-05,0.9641104729910893,0.003801095499133693
257,0.039160162342285816,0.004524645805835332,7.356491533459324e-06,0.9420303128371402,0.014277522523205381
258,0.04095276193738437,0.01099492996485177,2.3329305815434296e-05,0.9455320549779911,0.0024969238139574993
259,0.0696429358328919,0.016807548500551932,2.7579651867535257e-05,0.9030576652212032,0.010464270793485388
260,0.0479194530870559,0.009994398875820813,9.711124912587415e-06,0.9382686373351514,0.0038077995770592786
261,0.03015927634189584,0.010965851247475665,5.086686577003038e-05,0.9534055995264519,0.005418406018406538
262,0.07147008968424352,0.01598028266386749,6.252109117991614e-05,0.9064241911862801,0.006062915374429001
263,0.03246435869119062,0.011022348686999214,5.3322836177305675e-05,0.9522530648660844,0.004206904919548359
264,0.0349639962384453,0.010805062777655128,6.354543885616024e-05,0.9495965098980302,0.00457088564701315
265,0.021683257212190627,0.007047446743790888,9.788396091117382e-06,0.9651118299261519,0.006147677721775417
266,0.036855514131919266,0.016745476932484432,2.374228105102091e-05,0.9395748784676515,0.006800388186893675
267,0.10386783376033329,0.02821995217608076,2.4122148743457252e-05,0.8544496176984446,0.013438474216397895
268,0.06064136814458529,0.03498549670195773,0.00015698459123266803,0.8997711912175586,0.004444959344665763
269,0.058464407543864935,0.028021314634804843,0.0001125552667502773,0.9018031016544865,0.0115986209000934
270,0.07184966247650977,0.023200279580587527,0.00014803559422800917,0.8992913875421411,0.005510634806533675
271,0.0410975691026169,0.21728106502462755,0.0007704530680278874,0.7371515507031681,0.0036993621015596464
272,0.14434800341877818,0.09942456483911097,0.0001878570043968116,0.7125116661170788,0.04352790862063533
273,0.05158811157063703,0.09933050763478472,0.0001880284475905355,0.8451218126768533,0.0037715396701344162
274,0.04951768302853881,0.1542837084205285,0.00025604907552711294,0.7896326874912205,0.006309871984185093
275,0.39211646241486314,0.11732368415001729,0.000357556699119232,0.48121654809404973,0.008985748641950488
276,0.051949819094121316,0.326267145867712,0.0003966156172988673,0.6193669323947378,0.002019487026130046
277,0.09914786504281747,0.11715170104624302,0.00018240094941831232,0.7728315900367999,0.010686442924721267
278,0.09948731982479479,0.30755651062021255,0.0004658501823833973,0.5879567205247072,0.004533598847902131
279,0.02375141860990924,0.4945394827476452,0.0041956898211855335,0.4706944425116488,0.006818966309611281
280,0.024845576738776156,0.8340235445401938,0.008057653097733842,0.13004682694548436,0.0030263986778118587
281,0.0415441641801273,0.6639814567242202,0.012683862354373219,0.27448051655597655,0.007310000185302824
282,0.1832470780634743,0.2839053847064728,0.0022167828765577097,0.5169184494332503,0.013712304920244917
283,0.07106883211617863,0.7703454067848242,0.008174763182665922,0.14693164823598176,0.0034793496803496075
284,0.1616960362912889,0.7668292096434722,0.009760541378816927,0.029813251029653983,0.03190096165676799
285,0.26483029596839375,0.5847330166555548,0.004849587851022532,0.13374413223908382,0.01184296728594509
286,0.05204401341690315,0.8880802237299446,0.025759626196122654,0.01042433425594828,0.02369180240108138
287,0.39957837052159345,0.5502371632363904,0.003521244256709907,0.008076051879612679,0.03858717010569371
288,0.122044229876145,0.8448465542526468,0.012754653362623125,0.015570220316903187,0.004784342191681833
289,0.22074254259373063,0.5267917492732236,0.026178314529120682,0.010756276585907843,0.21553111701801725
290,0.1992861814681514,0.7609703207447651,0.01330641060477723,0.01564608606170156,0.010791001120604706
291,0.18419313779627425,0.7263884654298681,0.02058868864201602,0.009468843898644096,0.05936086423319746
292,0.7218138942678509,0.2373831230107526,0.003306410884711825,0.015193116878899734,0.022303454957784928
293,0.06215351669977194,0.9077828454825987,0.016997748824079048,0.005450302233317753,0.007615586760232555
294,0.7378007592995087,0.18289081569885735,0.0010929577615919467,0.019753405344135725,0.0584620618959062
295,0.23762560238885952,0.5788928040606214,0.00203327386637464,0.1683029128941114,0.013145406790033044
296,0.1186619013622831,0.7127256387868341,0.005462272470812149,0.09262848994389553,0.07052169743617519
297,0.08307909210186364,0.7366788880588827,0.0015739262653943179,0.1684008189971039,0.010267274576755348
298,0.0933077025117143,0.7708960339341849,0.007983868090845388,0.09104291285794285,0.03676948260531257
299,0.39035191408501846,0.40150728316396694,0.0018994107969057398,0.18756856775125375,0.01867282420285517
300,0.32493248937029856,0.4030189059037571,0.0011988700719453846,0.2366065754080281,0.03424315924597094
301,0.26876046678261634,0.5166186135952741,0.004021714620932517,0.19455333070672898,0.016045874294448134
302,0.48084362110309387,0.3487966011437602,0.0012363355359737915,0.1175168445103197,0.05160659770685244
303,0.05308999554622936,0.8721373454536818,0.0032753819577006067,0.0669994921315844,0.004497784910803643
304,0.4312683662577487,0.4742179106744701,0.006081729533930231,0.03918110730162584,0.04925088623222507
305,0.18317046803240186,0.7855231068021442,0.00781781150523943,0.014227320833524737,0.009261292826689888
306,0.029344908080077024,0.8588611458538224,0.08971094715425373,0.01489132046784248,0.007191678444004431
307,0.09337511413740726,0.8048626441359719,0.026605976024716163,0.06019668815488586,0.014959577547018878
308,0.06454999037143014,0.8402675123362837,0.045544309409736146,0.04599283534419332,0.0036453525383568085
309,0.3271525869365033,0.5349811440440372,0.005816925873013899,0.044012331184527194,0.08803701196191845
310,0.12153105997981088,0.7876863724108192,0.0163295167834163,0.06958459608473515,0.00486845474121825
311,0.09549206072897985,0.7165816904971838,0.13534256692613478,0.009343898855915186,0.04323978299178627
312,0.582050810470825,0.31717861681353,0.00691877987381524,0.057971153070335645,0.03588063977149414
313,0.23293456027278378,0.6546109452642458,0.012330331139342838,0.039497414184837924,0.06062674913878972
314,0.6856320668664502,0.2337771081483051,0.006922108822472164,0.036797379007163546,0.03687133715560895
315,0.11283437084855631,0.8111881430100295,0.006785280659033176,0.0616968437101168,0.0074953617722642385
316,0.04034603995736834,0.1627055069342148,0.005978450824596994,0.006259704176835268,0.7847102981069847
317,0.3511601685552188,0.37262857668573224,0.0005803763369525915,0.054411881726956914,0.22121899669513936
318,0.20693472823086834,0.7079289982660278,0.004317744041134029,0.02988781957749294,0.05093070988447697
319,0.5202195326919734,0.38459573909632827,0.001385884125944622,0.026414986854251893,0.06738385723150184
320,0.5344045251162826,0.21881282329010354,0.0006646042012646472,0.1936388169094721,0.052479230482877115
321,0.3442737791761038,0.4257772459890852,0.0017342180764047998,0.09872574929513843,0.12948900746326775
322,0.09417094606405188,0.8418364806744708,0.001223263393451439,0.055400707961562316,0.007368601906463525
323,0.03931192715856547,0.9200066742749821,0.004904138477122756,0.013745841077706853,0.022031419011622845
324,0.1363657505410572,0.7043221302908357,0.005808146988149271,0.11573327472299004,0.03777069745696773
325,0.06549161404660107,0.8606219407999371,0.01565603847719242,0.013939316060600228,0.044291090615669215
326,0.27110719407293526,0.620325668684601,0.00892846645679342,0.07413487813686585,0.025503792648804386
327,0.05163693761478651,0.923443141255319,0.0066702727304031265,0.010240409876182839,0.008009238523308315
328,0.3915553469360495,0.49182018981936465,0.0018919953608592225,0.01708153439713339,0.09765093348659334
329,0.10544802365510958,0.7966906640446907,0.0058366737436630995,0.07520793311621961,0.016816705440316958
330,0.30980822800719154,0.27282404984704134,0.002290469892826338,0.3694594875481265,0.04561776470481424
331,0.18508329338214521,0.4609897781888469,0.003420528016654679,0.33751455846827,0.012991841944083222
332,0.09781188343475655,0.4741545559499181,0.040333511070899705,0.12782991792859605,0.25987013161582956
333,0.5047872806626474,0.11232368378160211,0.0005153232397469117,0.33909270466132885,0.043281007654674616
334,0.2508395647734204,0.4315935094564583,0.0018209757961372478,0.24410164069977588,0.07164430927420803
335,0.6039876931115095,0.1561820757667844,0.00048090211246748325,0.18608493934824094,0.05326438966099773
336,0.26857466427449855,0.5961729698409683,0.00047260881185906534,0.1221251187691121,0.012654638303561904
337,0.47653837993849224,0.18537610375786426,0.00018088813391958696,0.28169811347735846,0.05620651469236559
338,0.09044929108960958,0.805454241845021,0.0006074598219444115,0.0973121249475957,0.006176882295829152
339,0.12498115703706626,0.6648144415650924,0.0009402658287954247,0.1826229645452308,0.026641171023815066
340,0.1830252454338562,0.5848937351173853,0.00045477667258739994,0.17094171136289002,0.06068453141328121
341,0.46767796101679854,0.15909978360724972,0.00010330979734654419,0.31240419860925606,0.06071474696934916
342,0.27476150814844474,0.5816296957853291,0.0008599574975004583,0.12335785431801312,0.019390984250712666
343,0.5124217183096919,0.21876830535431388,0.00015956105645464775,0.18084129210921984,0.08780912317031972
344,0.2953658225450663,0.4212291943327915,0.0005380455022717233,0.23191717863636901,0.050949758983501396
345,0.308518223458207,0.4094151902207497,0.0006640177381298173,0.11182384582283071,0.1695787227600829
346,0.16679111682109657,0.5348333283183273,0.0013331808054380745,0.1871073883153314,0.10993498573980655
347,0.062265183853332205,0.6908763652171247,0.006092500676921455,0.17191326325692854,0.06885268699569307
348,0.28295343175999027,0.28461580234010525,0.0012896875867407305,0.3935004256993722,0.03764065261379153
349,0.0952202090057839,0.46343497965092345,0.004583367051200736,0.4262515066732641,0.010509937618827682
350,0.3285265423779501,0.20157976532016034,0.00030410117529474956,0.4098414565856882,0.05974813454090662
351,0.04362537134605024,0.7899406193325091,0.005362217319420713,0.15505610144002932,0.006015690561990644
352,0.14950913139670552,0.350858670615612,0.00046381699940777185,0.48659972353816194,0.01256865745011292
353,0.023618222995281477,0.9055320762123055,0.002113609946740814,0.06651003346259998,0.0022260573830722194
354,0.09087278993024867,0.46948965241454915,0.004123087000825,0.056009695672444716,0.3795047749819325
355,0.4629738720729148,0.2703479115365303,0.0003472408986151988,0.13288603017303194,0.1334449453189079
356,0.2770866165346709,0.46744297002533375,0.0017755558423533503,0.16262367557410146,0.0910711820235405
357,0.5729070361980492,0.13110580503614686,0.0002982923643018639,0.0660085240933636,0.2296803423081384
358,0.2426629576702897,0.38732199635770503,0.00045200337905739314,0.3116564877963894,0.05790655479655865
359,0.28960362237052584,0.029647260680708897,8.397980499013787e-05,0.19626514558158648,0.4843999915621886
360,0.1886930573613531,0.1044620334609147,0.00031643696817150463,0.6021321746204947,0.10439629758906598
361,0.029602151062189032,0.008660728791986943,4.789443163789201e-05,0.033505591238367854,0.9281836344758182
362,0.3337172214376727,0.11913953167311107,0.00018266655309973488,0.17687825719122346,0.370082323144893
363,0.024377072599116208,0.004306270876999302,7.060672249672053e-06,0.0029087108392325677,0.9684008850124023
364,0.06748013978966494,0.020608861790440493,2.823036762215895e-05,0.010320047988971062,0.9015627200633014
365,0.06048756948229416,0.003389024992375365,1.8324336641656726e-05,0.00412289395943703,0.9319821872292519
366,0.14223560487901632,0.024930802786085192,6.895354959825595e-05,0.04174655693668475,0.7910180818486154
367,0.12012437385933823,0.005453413470132386,1.0801063247144427e-05,0.008201720287943037,0.8662096913193392
368,0.0678357039054297,0.0036030440635554007,6.666299457746648e-06,0.007458768286255267,0.9210958174453019
369,0.23072224182328266,0.02714894211169032,4.671564309285787e-05,0.005374241685522696,0.7367078587364115
370,0.2753123327543387,0.0834252145984278,0.0004415748184231476,0.01939143707014432,0.6214294407586661
371,0.04497437639524173,0.0077065681160521406,6.890546503149414e-05,0.0035294265526151242,0.9437207234710595
372,0.14114734229451467,0.03152783133865329,2.310288698095299e-05,0.006907213863065604,0.8203945096167855
373,0.35457905654271976,0.06719091836470034,6.561580122494014e-05,0.010800145037976704,0.5673642642533784
374,0.0027756793012603045,0.9969422808663907,1.5346129259438895e-05,2.044891043474043e-06,0.00026464881204616727
375,0.7101202769043661,0.18099004800240504,0.0016193720781024657,0.0023543852536613862,0.10491591776146494
376,0.7754238144321514,0.11571173170870348,0.0028868428035883466,0.0017238943395073423,0.10425371671604951
377,0.7161222043042941,0.18131767892233253,0.0005585705552167468,0.002121832148339423,0.09987971406981716
378,0.057154956053980584,0.28468258348596354,0.008625142219815548,0.009427768216480503,0.6401095500237599
379,9.90412803737239e-06,1.2271719622205809e-05,0.9999680958337854,1.1061279378128847e-06,8.622190617242907e-06
380,0.5657631997159244,0.05265002882367825,9.814928645146053e-05,0.05337915568240165,0.3281094664915443
