epoch,N1,N2,N3,R,W
0,0.005323188123985237,0.00033272546464448074,5.240482573861052e-06,7.949995508984345e-05,0.9942593459737066
1,0.000282159714263521,0.0005766512906278258,3.0699035983614063e-06,2.4958200729680626e-05,0.9991131608907806
2,5.57615235221401e-05,0.00012456531804996759,7.831614927013373e-08,2.8230014831518615e-06,0.9998167718407955
3,5.1788814560066146e-05,0.0019134974458822885,7.749641555163262e-07,4.303572193128565e-06,0.998029635203209
4,2.8477646487428114e-05,0.00108951473810104,6.02811680404529e-08,2.370328217604399e-06,0.998879577006026
5,2.7915931593291783e-05,0.0008424882556886497,1.8358984145473822e-06,1.9647057572844917e-06,0.9991257952085462
6,0.0002910160744092155,0.0023136657765120967,6.418624754807219e-06,1.4777372577049229e-05,0.9973741221517467
7,0.00010073448732579644,0.0006584024570402938,1.7052879057320434e-06,4.004034173577898e-06,0.9992351537335546
8,0.004886402943524569,0.00016026263364581604,2.1795817176465947e-12,0.00011552770844344946,0.9948378067122066
9,0.002060032606437826,0.00044393013420091735,0.0019532314552227225,9.707920646370694e-05,0.9954457265976749
10,0.00046946991722762076,4.638448079121024e-05,3.4124145998723877e-10,7.927056456284304e-05,0.9994048746961769
11,0.0004047068448451156,5.8529232966864084e-05,4.64745789627241e-10,5.5860299282068926e-05,0.9994809031581602
12,0.001289098348060227,0.0002299597927625371,7.574848101905826e-06,0.0004027172504619,0.9980706497606133
13,0.0008917812214090683,6.062500865557479e-05,9.89729720063162e-07,0.00013546908157857797,0.9989111349586366
14,0.001362931353737746,7.514053675963618e-05,1.1695487546615764e-06,4.55390050424774e-05,0.9985152195557054
15,0.004843913854169158,0.00022568489223950903,5.981503277882703e-07,0.00014450003864685656,0.9947853030646167
16,0.006839886703733203,0.0004373639946410926,1.3463068067227106e-06,0.00018243860937654116,0.9925389643854425
17,0.1825645974899412,0.09961538033796148,0.0005116932638545666,0.004020795282204301,0.7132875336260384
18,0.05304599874435971,0.009491162043559664,0.00014601690307453768,0.010447388039215638,0.9268694342697904
19,0.017088922441463532,0.0043690951882508445,6.3332812025796655e-06,0.0024591057037458524,0.9760765433853372
20,0.0008545670269279708,0.00035303043803691636,1.9907548655734364e-06,0.000529757983410957,0.9982606537967585
21,0.0024231202934746135,0.0003885155503177959,1.7749937096260415e-06,0.00036439287027999266,0.996822196292218
22,0.023430360956828846,0.001769337304450722,6.677894916549305e-06,0.0006133654052889639,0.9741802584385149
23,0.009575859944097204,0.0008127716707777007,4.8993253967253525e-06,0.00022938528553851314,0.9893770837741899
24,0.10854437158855744,0.003432103582451104,2.2446480964453335e-05,0.000712242604453461,0.8872888357435735
25,0.467927049870473,0.03187145322155916,9.500441302963523e-05,0.009131053067278365,0.4909754394276597
26,0.3442639400955458,0.4474024856579526,0.0015090681448032708,0.011839515135138166,0.19498499096656005
27,0.21870877177496503,0.08312629602541596,0.0001375062843927224,0.026140207619772197,0.6718872182954541
28,0.21814307073647504,0.11055949586342663,0.00012183067718861672,0.028364147038554166,0.6428114556843556
29,0.054718582554496895,0.8080076183273855,0.05800037609090839,0.014146381644071549,0.06512704138313756
30,0.32635520465699686,0.33684720141369845,0.000194119848501382,0.17704700714522195,0.15955646693558143
31,0.08449848409661781,0.1656973622941175,0.0005221464338186003,0.03196510536233585,0.7173169018131103
32,0.18232434357364086,0.4184080090605527,0.0002991143776873454,0.09534071740687139,0.3036278155812476
33,0.04753052049522806,0.04583484096293128,0.0001735065317562118,0.011101295787583749,0.8953598362225007
34,0.2630181177625439,0.5626443950439195,0.0030770763166668353,0.03888021630020488,0.13238019457666486
35,0.2143596369639536,0.681725506706054,0.0023910479259253562,0.042130784410840505,0.059393023993226435
36,0.07838943755685004,0.12864237298582284,0.0001809513603560932,0.027267459579812012,0.765519778517159
37,0.16770586143540303,0.09962912130345983,8.535167238215522e-05,0.06220334900216179,0.6703763165865931
38,0.15954783245003235,0.07994603423421485,5.2153936663742255e-05,0.011367527516584305,0.7490864518625047
39,0.28892127005955476,0.5621756908098727,0.0007962248503457052,0.01575037497875034,0.13235643930147636
40,0.3257561087356145,0.06243344824535883,6.252852179762739e-05,0.023943640791572535,0.5878042737056566
41,0.09447629730458128,0.8647142403735021,0.0065779109949875725,0.0036231427608750012,0.030608408566054002
42,0.2495345510420507,0.6340819564725471,0.0001757492661967541,0.031823087861241814,0.08438465535796363
43,0.3431965405780974,0.29981336646691403,0.00012427868945520508,0.017378680154665302,0.339487134110868
44,0.02537740528016483,0.9034481004306385,0.054784218520182434,0.0035105747243292596,0.012879701044685058
45,0.12857165293174092,0.811378640816792,0.0013456075493343646,0.009382935419362472,0.04932116328277029
46,0.062351094919459206,0.11600797593026899,0.0002935334653509322,0.001264638262490469,0.8200827574224304
47,0.06304186608142566,0.8846360703701028,0.0024400410747642794,0.0016631142986701854,0.048218908175037205
48,0.062205554000483894,0.8946135223405108,0.0023214204309131487,0.0010574954678355497,0.039802007760256636
49,0.31525429140938444,0.26957055636880933,0.0001506770035843347,0.004257252787422292,0.4107672224307996
50,0.02011737556936454,0.9502735082975141,0.01189252459695092,0.0005550598092210461,0.017161531726949435
51,0.06984610719526561,0.8886395857492886,0.003742000054249266,0.0015822337013252827,0.03619007329987109
52,0.06272296413453236,0.887301885707866,0.004469978247642321,0.004031697304317442,0.041473474605641936
53,0.023805266749425548,0.00865641619330987,7.615675946650894e-05,0.0011581482781027983,0.9663040120196952
54,0.16905950053854898,0.6965150946033783,0.0007662558952566433,0.009664508511028699,0.12399464045178747
55,0.18332592899564543,0.7064320401983395,0.00024533416584890784,0.009114446915905815,0.10088224972426038
56,0.045122014670672,0.9320485975424535,0.010051269077913802,0.0021668745537374266,0.01061124415522346
57,0.24680654034411453,0.35201705615333573,0.00022046442053736223,0.014410266763856878,0.3865456723181555
58,0.09078859457014084,0.8572270779119001,0.00032952398535961657,0.006717714799129594,0.044937088733469924
59,0.21431885522655583,0.6147169509108125,0.0003786823673608281,0.022825454035957635,0.14776005745931328
60,0.061484784036599495,0.9217045319265312,0.005086875653813543,0.0014354495757014664,0.01028835880735404
61,0.20185206278407722,0.636798984913521,0.0007860875503990738,0.0035331905744555897,0.15702967417754723
62,0.02197012555080005,0.9562148066185681,0.00216694999300831,0.0002730489691596802,0.019375068868463897
63,0.06655496149174338,0.7152776772923385,0.10180604360875277,0.0012368928481109338,0.11512442475905442
64,0.17114440322314087,0.6876006669997056,0.0006107296734344448,0.0029098473049643065,0.1377343527987548
65,0.14066916734030477,0.7561105637152856,0.004672723848355342,0.001362669671928955,0.0971848754241253
66,0.06579680228242354,0.9112618727769465,0.006441021704436256,0.001018666687484362,0.015481636548709338
67,0.0829815377747538,0.9025433246063392,0.00278223405160505,0.0012681216397572854,0.010424781927544672
68,0.011867797236897418,0.8861823619018121,0.09600556906576667,0.0005894717577504488,0.005354800037773353
69,0.3231443195564246,0.524018683173305,0.0012351687544441426,0.00967537579353408,0.14192645272229223
70,0.009896693073010686,0.9571719684780999,0.027606202410419074,0.000258883626494584,0.005066252411975845
71,0.03171760863157641,0.9235075180350767,0.02057173030622479,0.001327359252450674,0.02287578377467145
72,0.026868646620373696,0.9380974376437778,0.02315730002152566,0.0005114398319396992,0.01136517588238328
73,0.0598023161608695,0.909929961186774,0.0024449078092632108,0.004013118856073784,0.023809695987019472
74,0.018214537286179507,0.9061208368592899,0.00898741899562949,0.0030795241879749895,0.06359768267092594
75,0.03918381097713257,0.912599226500055,0.002656498806293888,0.0023141865194963272,0.04324627719702215
76,0.08990796636888748,0.29147635195945953,0.004426029379328082,0.0037923644260488536,0.6103972878662761
77,0.07891716080536214,0.8167686019548611,0.000690647655997525,0.002831550873154315,0.10079203871062484
78,0.04367201058342117,0.06116887515875362,0.0005665485154425428,0.0007772099477275947,0.893815355794655
79,0.02044891641451914,0.01164548500119884,2.490572606272504e-05,0.0006806796914113005,0.9672000131668079
80,0.5032337347013587,0.34133907348327247,0.0003542200987968538,0.01121522057823848,0.14385775113833343
81,0.5251042558746365,0.3202018979981649,0.0004969557810996133,0.010070228079515938,0.14412666226658313
82,0.48310264982198603,0.3466467761697214,0.0001847802496705244,0.011831778395574696,0.1582340153630475
83,0.30566424054692254,0.4465213654755338,0.00031723264068928117,0.022657085140549194,0.2248400761963053
84,0.018644208435063734,0.8862364349182996,0.06786322272175378,0.00275274026871642,0.024503393656166522
85,0.12023735801681419,0.04253208516351476,0.0019499468331191808,0.0035633861995618453,0.8317172237869899
86,0.31804015907377375,0.08138191084623096,0.00013000482612451645,0.023322632422213354,0.5771252928316575
87,0.36232636084630054,0.36799169210986993,0.00028384409991920545,0.05154607195399458,0.21785203098991573
88,0.4154557545188125,0.30747207083444633,0.00011768673420777609,0.024170529179236684,0.25278395873329673
89,0.27937616787881087,0.6256360793482212,0.00016952393824559828,0.02754441300009917,0.06727381583462322
90,0.0770108624734756,0.1132297988641024,0.0004579409486080372,0.006176291285938251,0.8031251064278757
91,0.4903490253356712,0.14142824423880984,5.428282961943151e-05,0.03453541453773033,0.33363303305816905
92,0.06880695758597771,0.8818346440462987,0.0012667887299468129,0.005118930712336399,0.04297267892544039
93,0.29933903359733277,0.25511148666286754,0.00013776180349958978,0.05205610639881915,0.39335561153748094
94,0.0869692569843589,0.8496016427223217,0.0033676879565453163,0.010953255121130288,0.04910815721564392
95,0.09842367172886286,0.09754937489172795,0.0006977691461356868,0.028965809342435235,0.7743633748908382
96,0.1499206434369049,0.27262197970117164,0.0020971022422062524,0.035506714650955895,0.5398535599687614
97,0.08441618961138576,0.08325561003171356,0.00017183397748780064,0.04532264478256577,0.7868337215968472
98,0.0015806499023857785,0.0023560541581356814,2.2609926048086648e-06,0.0015420267599732694,0.9945190081869005
99,0.009291029426899848,0.0016940658801367532,4.05513059497984e-06,0.0038617318695951274,0.9851491176927732
100,0.002282979462566664,0.0006833509619604987,3.8062263036261355e-06,0.0012896635719722204,0.9957401997771969
101,0.011530822999140659,0.00043234031389867476,5.307401693445487e-06,0.0007836669480812642,0.987247862337186
102,0.0013204858454342189,0.00034703423945975544,1.989309963944337e-06,0.00028765193560697643,0.998042838669535
103,0.0017362260119956994,0.0002900667088746302,8.97278069757482e-07,0.0002398389879775054,0.9977329710130824
104,0.004848979029999099,0.0006022828765071287,3.0293920832833972e-06,0.00038382536905660387,0.9941618833323538
105,0.005769677818322062,0.0004287036505387612,2.4170332039656635e-06,0.0002717920739443243,0.9935274094239909
106,0.005681127019798172,0.0023066653988973915,5.998737332112232e-06,0.0009610446619016513,0.9910451641820707
107,0.0026980114333242217,0.0002896495815546376,1.2515023340711076e-06,0.0021943808156757926,0.9948167066671113
108,0.001008525369233058,0.00017466163133647396,4.6874829884517094e-07,0.0018068218743647797,0.9970095223767668
109,0.0022323780622702277,0.0003915826012472817,1.7431967961916475e-06,0.00093309447051572,0.9964412016691706
110,0.0016520220422927604,0.00038971384991864244,7.597161126672246e-07,0.00031703391559570487,0.9976404704760801
111,0.024167502308459342,0.003350995508834058,1.990995283377878e-05,0.002609210045822081,0.9698523821840507
112,0.002501414046462284,0.0007942052143349564,3.1226897725609085e-06,0.0008834448251005718,0.9958178132243295
113,0.00289504612333618,0.0007882081939507955,3.4595883771043044e-06,0.0008325701843260684,0.9954807159100099
114,0.0025018954130248206,0.0011254407566704335,1.0881386337123078e-05,0.0007798354882573262,0.9955819469557102
115,0.24950036127318978,0.008842296841251046,4.0463578795022546e-05,0.0030228859682843645,0.7385939923384798
116,0.03506041261546931,0.0021249856300316144,7.133967444242371e-06,0.0018095253828378172,0.960997942404217
117,0.15514003944065446,0.008896522342887169,3.4835126288654116e-05,0.0049518339046046665,0.830976769185565
118,0.5694293243408286,0.31622502826387483,0.0002593082773823326,0.01929829989957006,0.09478803921834408
119,0.4363720694461894,0.45430001802605996,0.0016941532579051771,0.029461311743404835,0.07817244752644081
120,0.1353523425074507,0.7330119220872396,0.0033641222981513376,0.030866654912044704,0.09740495819511376
121,0.04056735230404537,0.8953637145285052,0.008198599309632291,0.006987691382233491,0.04888264247558347
122,0.09200657567341843,0.7841668723607926,0.0012848687104135917,0.010682771517968915,0.11185891173740642
123,0.022113247515016053,0.7678756313813389,0.16661464514702573,0.0025594310130340058,0.040837044943585234
124,0.07076027825548344,0.862776037609797,0.0017743026767485341,0.002186578808058362,0.06250280264991262
125,0.039893903672692084,0.9283795360548793,0.005028651083645113,0.0010530579341364301,0.025644851254646973
126,0.0271147903166368,0.9178293630877912,0.030898332556439024,0.0013634116998457986,0.022794102339287192
127,0.013780402581956029,0.7885102871814519,0.18006209608052193,0.0016047716566522563,0.016042442499417928
128,0.05833937006319274,0.8067115738565744,0.017852146613339642,0.011008762710923783,0.10608814675596938
129,0.025355659585560325,0.7004798955217192,0.047560973049772644,0.009299365921604415,0.2173041059213434
130,0.12885654133769528,0.37915733854121686,0.001162918015308682,0.04013297982294574,0.45069022228283334
131,0.08054722474817372,0.289383518581604,0.0013746362566896503,0.05525724956411035,0.5734373708494223
132,0.03852277999578326,0.22040870695162826,0.0016481826222380154,0.05844619430803786,0.6809741361223126
133,0.06855850538881882,0.2418936506668808,0.001514171030480903,0.3889727370832005,0.29906093583061905
134,0.06838184029278975,0.04798617417413849,0.0004981752574186657,0.6547356953406372,0.22839811493501583
135,0.09120644932567039,0.038429167653728176,0.0005456839150873962,0.5870562277835771,0.28276247132193705
136,0.09323178394360192,0.03302479360057807,7.807661448821039e-05,0.5529937709131534,0.3206715749281784
137,0.1110511606947135,0.03571979408621076,5.250320000829192e-05,0.6220581630056599,0.2311183790134076
138,0.15157187213324974,0.06449395027066956,6.235091085940306e-05,0.544425256894927,0.2394465697902943
139,0.028032815841494554,0.016246161383572752,2.3238366818278162e-05,0.26339040385822854,0.6923073805498859
140,0.0900755176421956,0.031070687631451377,0.00014800677196803426,0.3519259425384502,0.5267798454159347
141,0.09047463908223731,0.03496310904186523,5.352756690979364e-05,0.3462238209285259,0.5282849033804617
142,0.10796519742387882,0.027923061599696947,4.7692246650964156e-05,0.3051924473695687,0.5588716013602046
143,0.1638784675117522,0.05467367964497718,6.420053053921838e-05,0.40699807695235224,0.37438557536037914
144,0.1562336897150447,0.041551375144596184,5.6521613653340344e-05,0.5212110575893815,0.2809473559373243
145,0.13391388560508574,0.0572468775828786,8.605968554635782e-05,0.6147676664914451,0.19398551063504413
146,0.11244586688778685,0.054505588834770184,7.436877637157272e-05,0.45969291262088563,0.37328126288018576
147,0.043388080166497714,0.07884928549977246,9.552333841118247e-05,0.1715243507853976,0.7061427602099212
148,0.04428110149253393,0.020144360078893787,2.3972411163944912e-05,0.0700919366347632,0.8654586293826452
149,0.11139467030544184,0.04697152366673485,7.892591057885198e-05,0.11712423688505043,0.724430643232194
150,0.1551620200051716,0.03525602358463902,5.522280179863287e-05,0.12718387258814468,0.6823428610202461
151,0.14830275161693654,0.09540253209437198,0.00019801841281623953,0.18122662700974293,0.5748700708661323
152,0.009892854092697306,0.006485119594450245,2.5171592717601945e-05,0.01275499419980875,0.9708418605203261
153,0.1289717048287218,0.03502252579881258,0.00013809983610654525,0.08279033486259109,0.753077334673768
154,0.044356839462574876,0.01192547535731141,2.175628960473135e-05,0.037272945738314196,0.9064229831521947
155,0.06156702885960288,0.01237901735310034,5.058258170148043e-05,0.03267942201606499,0.8933239491895303
156,0.017444247132871234,0.004860892496089045,1.1503514698287356e-05,0.014709127554696923,0.9629742293016446
157,0.024537258001625026,0.00384396321257955,1.818097192578766e-05,0.016841744354720533,0.9547588534591491
158,0.08619624274284644,0.03303979190651711,0.0006282028134277167,0.07458014796763411,0.8055556145695746
159,0.0010103950720775005,0.0004153235115676844,2.223787942591765e-06,0.003849574600499063,0.9947224830279132
160,0.0013019546149911601,0.0003460476031708399,2.553810475787902e-06,0.003015801126704862,0.9953336428446573
161,0.0007447041546151914,0.0003908111705223046,2.272405447643814e-06,0.0009815211119398762,0.9978806911574749
162,0.003178777916185413,0.0005854792654183369,4.851781464233524e-06,0.0008354755387135423,0.9953954154982185
163,0.020045664474741688,0.002234308768187989,1.2297558397867004e-05,0.003239795960426792,0.9744679332382455
164,0.002907920850450699,0.0006268196917516118,8.039726210765268e-06,0.0009312380913249833,0.9955259816402618
165,0.010644976972505101,0.000977505090644912,3.848384679131789e-06,0.0011238737197983594,0.9872497958323725
166,0.5731633953821983,0.03769858328441642,9.100613184618402e-05,0.013548702543191125,0.3754983126583481
167,0.03268033333702276,0.004424636989969391,1.3487806643268007e-05,0.0015284963251002595,0.9613530455412643
168,0.6315657365078426,0.19238643990331544,0.0005698710054985155,0.0037034801168902938,0.17177447246645308
169,0.11372864491788026,0.8710938504286889,0.0022032798229170395,0.003695585751075188,0.00927863907943855
170,0.3510466099128828,0.4568647538917495,0.0003736898571883561,0.0056395069826714874,0.1860754393555079
171,0.06000462295346696,0.9283457403625468,0.0005923277530293566,0.0021041234988583516,0.008953185432098533
172,0.013912420939385679,0.9240835831178361,0.056772227305837704,0.0007710940565877032,0.004460674580352893
173,0.009441533919895382,0.9842086540379454,0.002745458166234808,0.0006481879443540164,0.002956165931570618
174,0.007100566493342104,0.5053066532412068,0.4815732278327207,0.00039164514338730456,0.0056279072893431975
175,0.015074392446446386,0.852149595151443,0.12686875674625034,0.0006969000127344327,0.005210355643126056
176,0.020220454356394857,0.9615414542229145,0.007144176303363501,0.0005463942302507359,0.010547520887076566
177,0.007390958786116377,0.7935113638111606,0.19419321938007622,0.0005445503515755523,0.0043599076710711445
178,0.0220435705502427,0.5980265953537125,0.37143655670298914,0.0009793948831255115,0.0075138825099301185
179,0.007970212211299402,0.8462488171358223,0.14305787255102537,0.00045150858812491903,0.002271589513727988
180,0.01316111168357394,0.6965647354355227,0.28430756850250083,0.0011910573332714947,0.004775527045131054
181,0.009853163885586382,0.46188023775592363,0.5188846999561731,0.0010274017095690641,0.008354496692747893
182,0.019992019444059754,0.866236488674293,0.10693501307849021,0.0010013446983448096,0.0058351341048121655
183,0.016559571345353245,0.6293862939296666,0.34585527928016785,0.0011735295709058198,0.007025325873906514
184,0.021408005769797362,0.8089743621126677,0.15887868050276235,0.001310633964658378,0.009428317650114308
185,0.19365453229928353,0.7310307049640392,0.004376605110034038,0.003990692842476697,0.0669474647841666
186,0.009318764596502131,0.9806447751990978,0.006359414594580564,0.00033474316310535255,0.0033423024467140235
187,0.01242755245833753,0.8245436460830542,0.16067631455388834,0.00018718999795084177,0.0021652969067691248
188,0.023585258690123293,0.5826577807740726,0.38745475467490265,0.0003807645985657682,0.005921441262335725
189,0.007394365120660028,0.9488639746490439,0.0368285190500795,0.00018440995552441926,0.006728731224692132
190,0.007719090733656473,0.34777813704386656,0.6406837872937325,0.00016262271894340694,0.003656362209800863
191,0.003974319737325188,0.45362488759102576,0.5392011889672472,0.00018651913233474424,0.003013084572067133
192,0.0022288778187892744,0.1377359245981241,0.8571123560238617,9.937875790563736e-05,0.002823462801319334
193,0.008987272354059807,0.2969041034551225,0.6877087132477132,0.0002819206070795273,0.006117990336025074
194,0.007650220737774333,0.7445961093589094,0.2450921490569896,0.0001982143378026487,0.002463306508523891
195,0.0067147071517593086,0.4034476918761661,0.5851208491690132,0.0003871960794324389,0.004329555723628988
196,0.0022033846668458694,0.28988259003015937,0.7050253511926683,0.00044817988813578436,0.0024404942221908435
197,0.007256986254140467,0.7091376558309765,0.2787495961296627,0.0013830375678433905,0.003472724217376724
198,0.09724064026510769,0.7171902132177024,0.13934185970386476,0.01856123459773697,0.0276660522155883
199,0.07551722293540063,0.8826829513794927,0.0065059389130196505,0.014003940591315607,0.02128994618077136
200,0.056678212481663624,0.9212348692371432,0.00800836278721965,0.0021825475325409054,0.011896007961432867
201,0.013967948064399272,0.7918154677165637,0.18899534272777246,0.0004000701215934675,0.004821171369671117
202,0.006234305764423139,0.4477388016739849,0.5429122158154012,0.000719636155927906,0.0023950405902629676
203,0.1616695404105573,0.7845184651245969,0.0076071550453206,0.00835318767325552,0.03785165174626963
204,0.01739542471790999,0.9514292331913548,0.021919392866775533,0.0028120791883742085,0.006443870035585598
205,0.010699727269664394,0.6592626110178255,0.3166783919066626,0.005613199250469455,0.0077460705553781695
206,0.10205719404613259,0.8638868033242271,0.0062454773375554135,0.014654814714885422,0.013155710577199347
207,0.20584539611095667,0.5914789978050364,0.00200690691466166,0.026621745790034755,0.17404695337931053
208,0.2671545923150476,0.6849266055103689,0.0017108575966232325,0.015217642783043701,0.030990301794916627
209,0.04361535999456341,0.9452652583675553,0.0010384142404048255,0.002731530652048455,0.007349436745428246
210,0.03375733695946145,0.9575136151800694,0.0023689694266989516,0.001444943412243225,0.004915135021526833
211,0.015570475236493056,0.8846475259878264,0.09615885602205604,0.0007932577313075269,0.0028298850223169732
212,0.022315143212153717,0.9395957219374897,0.02985452110343706,0.0022334345275434,0.006001179219376053
213,0.011504165186846122,0.8925587610862988,0.09170819603957706,0.0012685565780506157,0.002960321109227419
214,0.012038522011006114,0.5708890663418638,0.410443752460574,0.002009793299322018,0.0046188658872339874
215,0.05626414873854105,0.8821738126990937,0.027506988412558435,0.006354370148760781,0.02770068000104585
216,0.03995794470148193,0.94056484026938,0.008562350858066725,0.001397568450932114,0.009517295720139282
217,0.028383846998855693,0.8821181989127141,0.08288374591286428,0.0010183106558659355,0.005595897519699956
218,0.04042616898451035,0.9460337407148178,0.00493654499004839,0.0014268307186757776,0.0071767145919475065
219,0.010088580101666014,0.7280097981739905,0.2569192218765498,0.00025061412373360796,0.004731785724060169
220,0.005670196671142488,0.7891662666026833,0.20216812164695608,0.00045671938320925254,0.002538695696008809
221,0.009811827232667769,0.4755380505124015,0.5069568215124742,0.001035396810788275,0.00665790393166816
222,0.06043798606749727,0.8518470351390418,0.070642697175437,0.005670873424354106,0.011401408193669787
223,0.03338461507760751,0.9056157985838349,0.04395929067824528,0.00393207541731746,0.013108220242994812
224,0.0581924775992611,0.9141675798797099,0.011155373845881942,0.002529470032821207,0.013955098642325867
225,0.005520806129843562,0.783315500056068,0.2081767659689055,0.00016532132982116198,0.0028216065153616916
226,0.004827840494012854,0.6434315614734808,0.3492622258773865,0.00029560141225254915,0.002182770742867384
227,0.02354439484694872,0.8264962382753965,0.145094634595817,0.0005755360690843078,0.004289196212753392
228,0.00774085224329295,0.6940601770564939,0.29392585689477024,0.0007471201383104883,0.003525993667132168
229,0.003653004279845877,0.42839280101557586,0.56438665371654,0.0008664299489020629,0.002701111039136207
230,0.02158302015294118,0.33121629025086397,0.6270367762934671,0.0027873819475919877,0.017376531355135786
231,0.02756470928023023,0.9046785343413857,0.054674981012645466,0.0039042164825387753,0.009177558883199904
232,0.004221628842219043,0.2697370419887042,0.7207038471499199,0.0018305706513290219,0.0035069113678279262
233,0.036255908588282156,0.32278397906570605,0.6183372784338109,0.0067128407556921125,0.015909993156508807
234,0.2723700762952908,0.5491670570204901,0.001421373381151279,0.023101337740113543,0.15394015556295426
235,0.021831132170512073,0.9641581357696498,0.006345862143714953,0.001708330821833722,0.005956539094289296
236,0.01664608760110843,0.8535189146911566,0.12296703047552526,0.0008882970649494124,0.005979670167260289
237,0.043615262571824485,0.9404883947888895,0.004987194483244493,0.002581356524818371,0.008327791631223058
238,0.009843391258029452,0.980045118401861,0.006752221098054826,0.0006963716241073657,0.002662897617947346
239,0.019845033456178475,0.9334700796568517,0.03739495183457105,0.002025495902132727,0.007264439150266167
240,0.008669827726172663,0.960067951375991,0.028693352000715013,0.0007177713200301626,0.001851097577091022
241,0.013313246401899695,0.7084545452455188,0.26165622013451234,0.0050871160873912245,0.011488872130678139
242,0.12173758275414771,0.8262820704377449,0.00405332789131311,0.019454928750585507,0.02847209016620873
243,0.015911012941137465,0.9536339844974943,0.019676191195771513,0.00376490917379638,0.007013902191800428
244,0.18353925110952912,0.6824599015553289,0.001428767164986397,0.06491853876312481,0.06765354140703085
245,0.013326725246669955,0.9178723430344503,0.05801331284988691,0.003758919072679207,0.007028699796313689
246,0.15933329122957973,0.4519686156878195,0.0011826568064188605,0.2238588077378338,0.1636566285383482
247,0.19958880728271197,0.47286574277532484,0.0012468375721547227,0.16247098197206664,0.16382763039774187
248,0.11607634071193298,0.5276200500242498,0.0006844627370681641,0.30649002582970863,0.04912912069704054
249,0.10358157661842156,0.5070207980273129,0.0003124869454454841,0.3252613164976271,0.06382382191119287
250,0.0609951007673006,0.055884814945084106,0.00012764891061308115,0.13186675305828474,0.7511256823187175
251,0.016002809036750918,0.009829897418077587,2.7394641616903652e-05,0.04380179878931693,0.9303381001142377
252,0.07692992252932133,0.01916378245171848,9.007983871039352e-05,0.05499148763424898,0.8488247275460009
253,0.0782506707421851,0.014327205147268623,4.556011083642588e-05,0.019359731137235985,0.8880168328624738
254,0.3628526283062898,0.038271386919534744,0.00014510181282947334,0.06609819764487067,0.5326326853164753
255,0.015374246831962634,0.005128525314815176,2.078622398621785e-05,0.011054508016778824,0.9684219336124571
256,0.4067114589373958,0.3164788533407002,0.00039975982446048466,0.0802548195264151,0.19615510837102837
257,0.020539628267946475,0.007528764796202733,3.067144314019847e-05,0.016928552157340803,0.9549723833353698
258,0.012489448407281651,0.004389444462688403,3.923806592635217e-05,0.006495907754103627,0.97658596131
259,0.019497689571305002,0.02204009690113445,0.002408973725551559,0.014763275572839888,0.941289964229169
260,0.0022430561858852037,0.0011190964134221038,6.70048227688526e-06,0.0012644608942509908,0.9953666860241649
261,0.01301305402658157,0.0029133461865489545,4.727391214954324e-05,0.0032280313445976825,0.9807982945301223
262,0.002247977836706093,0.0008276828098541096,3.52801554865669e-06,0.001749085191343738,0.9951717261465474
263,0.002863988626453682,0.0006033028280578929,3.846816902179563e-06,0.0004745904494402755,0.996054271279146
264,0.021048774833865712,0.0024810518859320944,1.3949415545460595e-05,0.0026566003519281987,0.9737996235127284
265,0.051857046340540926,0.005097515532242526,2.387215450073059e-05,0.006022538069917081,0.9369990279027988
266,0.4373171785621558,0.26526445257612863,0.0003921728477835582,0.03304616837215663,0.2639800276417754
267,0.24562363320868916,0.642065991815436,0.0025499799251372446,0.04486585707843404,0.06489453797230346
268,0.18284417121058943,0.672610078237315,0.0024110823116210503,0.10579445571434987,0.036340212526124516
269,0.1303240138623775,0.5666593882927421,0.0012839795697020594,0.23140449764545606,0.07032812062972221
270,0.14239676069459933,0.6519280034081597,0.0008764818011473298,0.14991053580884584,0.05488821828724769
271,0.1543319473105346,0.6788383844222295,0.001679676590648764,0.07995407110437924,0.0851959205722078
272,0.26813986467042084,0.3553933865215773,0.0005777188984617007,0.15782295275151306,0.21806607715802703
273,0.027215391884986232,0.911362326782237,0.032837844650324854,0.02061345315126164,0.007970983531190391
274,0.10569894132476663,0.8269812137988997,0.0019002462718658826,0.02211435333284721,0.043305245271620545
275,0.10829447288473229,0.8595979255271786,0.0016671102828461095,0.004273482363237895,0.02616700894200506
276,0.08720983218776475,0.8888277286600506,0.0011578243651227031,0.003988112539394264,0.018816502247667868
277,0.01784995159330296,0.9566056305189661,0.013574639425632307,0.0006872532820640203,0.011282525180034891
278,0.02977598348545568,0.957166242372353,0.004926740057219445,0.0013556356561818517,0.006775398428789904
279,0.016071541914519805,0.8995893039798568,0.07927850549347695,0.0006826089100445432,0.004378039702102002
280,0.014433043878175966,0.973322649355535,0.009221968324356546,0.0004948479193965385,0.0025274905225361145
281,0.0216860845707516,0.8953403971859161,0.07380496570974861,0.0009066000576700836,0.00826195247591351
282,0.008165528584684025,0.7590008322836658,0.2290055063889314,0.0003423263973961308,0.0034858063453226083
283,0.0062001577199753116,0.3780290112685653,0.6075486441640244,0.0005848805405073655,0.007637306306927615
284,0.008219832543329975,0.42792228965974,0.557408140413575,0.0008795372211304676,0.005570200162224644
285,0.00881973973640626,0.7067559864796409,0.2803248631476734,0.0007211064553252451,0.003378304180954196
286,0.0073863518541695955,0.17783764931503684,0.8086065415092653,0.0010173366344057373,0.005152120687122625
287,0.00877447665416155,0.20618608745144512,0.7769591154679028,0.001677491316837301,0.0064028291096531595
288,0.05633616017474276,0.7000811751465313,0.19323504730435304,0.016308773575780255,0.03403884379859257
289,0.030760989611869172,0.8689176681898423,0.03669321967568281,0.012856361014089022,0.05077176150851685
290,0.05323002781607527,0.7601446159930394,0.11817172783758315,0.016737641468551476,0.051715986884750806
291,0.029969783347320724,0.9064895489813709,0.021326008466797105,0.016929630706707947,0.02528502849780332
292,0.07271505075657286,0.7702699566692525,0.011189271808664684,0.06579153939647209,0.08003418136903787
293,0.13199805262190012,0.5326572183364505,0.004260755503993029,0.1608789659662751,0.17020500757138127
294,0.08379316603243117,0.1409592889724109,0.0008471104841015251,0.643706941453023,0.1306934930580333
295,0.05541020145574314,0.051534001872430374,0.00038756723020044016,0.5775671093569238,0.3151011200847023
296,0.09488140758808523,0.05981870179581157,0.00038796168425708695,0.7955014274742338,0.04941050145761228
297,0.06619233436969123,0.1088276389103145,0.0002530612801445151,0.7993375215652311,0.025389443874618764
298,0.05091694403780714,0.06992993136691257,0.00017412628430798924,0.8318746009684227,0.04710439734254955
299,0.03511444156159085,0.027166318976341964,0.0002004501036428241,0.9046324446114298,0.0328863447469946
300,0.043587005541669555,0.03747810217860625,9.469329067412105e-05,0.8609395344802713,0.05790066450877886
301,0.08535120517412102,0.04922295663417913,0.00021888144630411376,0.7843144964529921,0.08089246029240373
302,0.08377955415876387,0.04426150736219103,3.224853562243415e-05,0.835650599284171,0.036276090659251796
303,0.06616200048664078,0.039079573528479856,8.094286746970434e-05,0.85278290189242,0.04189458122498969
304,0.048520336635599556,0.027923924860962547,2.4217149612496957e-05,0.9019688628689924,0.021562658484832974
305,0.027927849240016112,0.028120882731891103,9.616494872661025e-05,0.9259095226144227,0.01794558046494328
306,0.05286913928268701,0.03261024619255438,0.00013131617676185873,0.8151923519626144,0.09919694638538216
307,0.042188315331508235,0.03994278016011112,7.626433787412767e-05,0.8041367814065171,0.11365585876398937
308,0.08172750182645859,0.05811379662152849,0.00016837524113474286,0.7245237742651169,0.13546655204576125
309,0.11215663663616665,0.03976577726001323,0.00010403199276187445,0.5159867834229047,0.3319867706881535
310,0.20985186486123722,0.06805047307619316,0.00014898520076345311,0.5380735800676438,0.18387509679416236
311,0.22124906364417413,0.05595943314042196,0.00022714052898968777,0.5443129771550439,0.1782513855313704
312,0.042227934481747394,0.032289818090534717,0.00021146784829645648,0.21313014874574465,0.7121406308336767
313,0.14521624089982632,0.07590882398792059,0.00015890393311666768,0.589608053564546,0.18910797761459036
314,0.1752836478513057,0.06311362619726255,0.00020512100478390431,0.5805703190902596,0.18082728585638827
315,0.147351149534144,0.04470429351120146,0.00016189684700334368,0.6634313029830303,0.1443513571246209
316,0.08408574859987847,0.04510455767672793,3.936487047806575e-05,0.7746996092538274,0.09607071959908801
317,0.04888842817662028,0.03161838900071863,4.209850586834206e-05,0.8432243650001915,0.07622671931660129
318,0.06429294629189534,0.028916331733325217,6.596496891622387e-05,0.7951727178714059,0.11155203913445731
319,0.07828945901042765,0.0375177067191064,0.00017413700053958855,0.7109409436727809,0.17307775359714547
320,0.09173819214671239,0.034044543767421366,0.00025168536445178985,0.7946679591240331,0.07929761959738144
321,0.11656335969331424,0.058498032962632576,0.00015759958980511465,0.700250216304609,0.1245307914496391
322,0.08677978242644442,0.06256553991850855,9.217503503954692e-05,0.7064849066569229,0.14407759596308448
323,0.10153501152382542,0.05717134635568944,0.00021872232247143895,0.755758789875518,0.08531612992249564
324,0.10242738395391555,0.07550595343769419,0.0002270257072414583,0.7364147064772024,0.08542493042394639
325,0.16966300466692014,0.0884416198395793,0.0002558926825106877,0.6616689711894412,0.07997051162154854
326,0.17781011765136265,0.116514049741836,0.0004382355914161594,0.48413795544771354,0.2210996415676715
327,0.2615633760918208,0.10072281083650515,0.0005927953859938475,0.5865331640886466,0.050587853597033404
328,0.11015816998664346,0.352276336179703,0.0008270045610654902,0.4877114809035766,0.049027008369011624
329,0.0779189848341906,0.09814651547382508,0.00024203335228886117,0.6839819438460891,0.13971052249360635
330,0.13008111644690853,0.10034312059411292,0.0003541493627770451,0.5956586866397825,0.17356292695641898
331,0.05808394566664295,0.4125387219303612,0.0011298486258338044,0.49026357288364153,0.03798391089352058
332,0.08902953561897455,0.3466817570044756,0.000640881712448673,0.5085223102506454,0.05512551541345579
333,0.06218486794473578,0.1625105382650914,0.0005942240234111765,0.7455051400279608,0.029205229738801013
334,0.055197406753265246,0.07438623495900125,0.0005384279133979125,0.8194054780749074,0.05047245229942827
335,0.05390447835411712,0.056128420931231535,0.00036848337283631127,0.7491986594274714,0.1403999579143435
336,0.07946446328585617,0.06916490821242689,0.00040289376798118747,0.7348625213440247,0.11610521338971108
337,0.16881443086107173,0.07698750567331533,0.00024159704144671715,0.6303098735400509,0.12364659288411525
338,0.1852718239222295,0.09236916098943679,0.00012998863948291363,0.4166818135436413,0.30554721290520953
339,0.2632616198119305,0.10926781301803037,0.0002635352362867547,0.4039539173791072,0.22325311455464525
340,0.1909604266923412,0.07367964055198903,0.0001578272416007024,0.5505952299942898,0.18460687551977933
341,0.07134081779455853,0.06978310786064093,0.0007282835390651324,0.12109969104075995,0.7370480997649754
342,0.2290257323185834,0.022532670072414947,4.315299251106432e-05,0.2098646130843319,0.5385338315321587
343,0.42932551792642354,0.04986514658302551,7.17225385535054e-05,0.1620441196376786,0.35869349331431877
344,0.04818779175224276,0.014545078869940768,0.000100556822122197,0.010134375026399267,0.9270321975292951
345,0.1788985175416373,0.0942666868977271,9.419978186223938e-05,0.04425867603861287,0.6824819197401605
346,0.0983183462515443,0.042276805828067573,7.350561397721112e-05,0.014860952092917872,0.8444703902134931
347,0.2195802417249783,0.056183692248269954,2.6642461370189547e-05,0.019144174902510764,0.7050652486628708
348,0.014021750889688392,0.010597637713983579,3.0389836802680574e-05,0.005951456374417976,0.9693987651851074
349,0.2264313730868375,0.0871737140479447,0.00028835472751816555,0.0417886713424475,0.6443178867952521
350,0.06594579289208158,0.013538263731863755,0.000765728316517547,0.00930352333354097,0.9104466917259962
351,0.02680042403035612,0.004410649041834149,3.529139484803027e-05,0.0029947466470967507,0.965758888885865
352,0.21678922313274196,0.04136011557955849,0.0003550617265405175,0.025094978647047492,0.7164006209141116
353,0.005653353096591977,0.0032689979710468255,6.198780375907401e-05,0.002969511314290025,0.9880461498143122
354,0.005810379742019952,0.003060174198754096,9.663384223965368e-05,0.001397499713996964,0.9896353125029894
355,0.45860683426772475,0.045496184307328456,0.0002373083997659874,0.012713455272953507,0.4829462177522275
356,0.14304919598886232,0.06175473600870299,0.00029721905875744605,0.012923727090169673,0.7819751218535076
357,0.4946486697171801,0.21236126342625652,0.000811891364503802,0.0354161477513477,0.25676202774071183
358,0.33738029546533277,0.13619491204468578,0.0002208729360713338,0.04224785971178223,0.4839560598421278
359,0.344109997415283,0.39597044227696715,0.0007232054043952192,0.02858428398179871,0.23061207092155608
360,0.06705117966752037,0.9103474674156168,0.004874219904304369,0.0041611330818822,0.013565999930676325
361,0.17962492729014987,0.795903495417488,0.00035607221437254443,0.014625192679521972,0.00949031239846776
362,0.020750638921699833,0.9663271195564066,0.005959537977391641,0.00115935838500984,0.005803345159492
363,0.02533753475668437,0.9630252173338765,0.0033995583340341736,0.0014261145959327854,0.00681157497947224
364,0.006666311524198622,0.9509717392608931,0.03989878514949246,0.0005457611073921616,0.0019174029580236256
365,0.01020732969045319,0.8695312542907226,0.11557527413639472,0.0009436782591130397,0.003742463623316395
366,0.01091632061077907,0.9531930545663416,0.03296994124239171,0.0008037756033025869,0.0021169079771850554
367,0.011419625606983164,0.9412494986082518,0.044995322704223885,0.0006575138619984256,0.001678039218542643
368,0.003702840827391695,0.5938049102122895,0.3993644396212858,0.00038587765326277153,0.002741931685770211
369,0.005160690263466154,0.3875275561680258,0.6036867773674798,0.0008105904369248472,0.0028143857641032767
370,0.03289121771953996,0.9334662858952345,0.02743417524682931,0.0025744981117995043,0.003633823026596869
371,0.005101918255829446,0.7364240000255086,0.25151061105245154,0.0003739879966383288,0.006589482669572263
372,0.0064867597773081665,0.6518589628399225,0.33599284413434444,0.0003987226418708726,0.005262710606554034
373,0.004926638457709833,0.696009377738133,0.29708337544990426,0.00022122282594651472,0.001759385528306282
374,0.011416164506183678,0.7157208321563052,0.2691561011784269,0.00034478994825495944,0.003362112210829168
375,0.006750695269539569,0.510954221120289,0.47962106916004443,0.0004180723017120551,0.0022559421484148914
