epoch,N1,N2,N3,R,W
0,0.009556712542684049,0.003863639727541342,1.4193898649463988e-09,0.002632252866617869,0.9839473934437669
1,0.004765744878537875,0.001691267561291192,3.1534525178864454e-06,0.00203265507679457,0.9915071790308585
2,0.014180273960111919,0.004811991112071987,1.1226495991349241e-05,0.011644417984658215,0.9693520904471665
3,0.002646473072754256,0.002059978909201669,1.2878144748690918e-05,0.0057240995417149965,0.9895565703315805
4,0.009707028651745313,0.0036400145140663346,2.08461433366229e-05,0.012024529609594234,0.9746075810812574
5,0.00487547272448559,0.0036765011898961843,6.046232579383758e-06,0.029551970888103064,0.9618900089649358
6,0.02844099888273459,0.029555485162227255,1.502850570552639e-05,0.1889364170533158,0.7530520703960168
7,0.01325696039064755,0.01101070768486122,1.1879485276445646e-05,0.03145101764326979,0.944269434795945
8,0.007054641483804151,0.0037287490954846948,1.6115123021212692e-06,0.008407168413572466,0.9808078294948365
9,0.02619170989648028,0.004222193593744122,2.22786427485071e-06,0.016359382120947445,0.9532244865245532
10,0.00865247615532306,0.0008716845455069818,2.722688332410427e-13,0.003648092648204573,0.9868277466506931
11,0.012559324047447347,0.0014124639702462185,4.944796655120826e-13,0.003876603200219406,0.9821516087815925
12,0.0016238575324672802,0.00016612418364833224,1.1338648347621634e-13,0.0006550713236871593,0.997554946960084
13,0.003699975087899411,0.0004758270540730433,2.8036752412936714e-13,0.0012666788492619332,0.9945575190084853
14,1.4924569090132479e-05,9.918496913581342e-06,1.6464030465273456e-07,1.906800820786507e-05,0.9999559242854837
15,0.00042812211853715266,6.423874112115943e-05,1.7704261830211388e-07,0.0004323884649310756,0.9990750736327922
16,0.0005487230606005857,4.4900604530188245e-05,2.5386579417782194e-07,0.0002806084534941164,0.999125514015581
17,0.00398837026745348,0.0002824676066404684,4.460603748884692e-08,0.0021623684547305544,0.9935667490651381
18,0.02304573265049476,0.0016767556117980658,3.3644491351869685e-06,0.011774108822362439,0.9635000384662096
19,0.05185072561080409,0.0033688064880253313,2.0633011825872166e-12,0.009833041607862065,0.9349474262912453
20,0.013665209857472637,0.0015639038666243256,2.4137053203584877e-06,0.012743596932977126,0.9720248756376055
21,0.007568433242293215,0.0028550963887346405,4.053978761292788e-05,0.0027268864169398134,0.9868090441644195
22,0.009436613213844614,0.008491590117780744,2.490147764033775e-05,0.026104133575618325,0.9559427616151159
23,0.010502110269664253,0.005374352130776246,1.3512393628262018e-05,0.01823761240771535,0.9658724127982159
24,0.019407431660714205,0.010451930916695157,1.96585518821188e-05,0.009195271572741456,0.9609257072979671
25,0.03243984742642851,0.016300159602401863,2.857875057457873e-05,0.017198205490738007,0.934033208729857
26,0.01614769156768563,0.00849757347680805,1.6329129170229362e-05,0.011373941557178214,0.9639644642691579
27,0.04764557551943738,0.03960536297132328,4.894551863678267e-05,0.053125118906142216,0.8595749970844604
28,0.016463877113969662,0.011102112757131686,1.589577762052485e-05,0.0114288310657159,0.9609892832855623
29,0.02278698750336969,0.016539072784019324,2.6622325635528596e-05,0.03239706778379449,0.9282502496031809
30,0.08770774574453075,0.053658282715483833,6.255604212415197e-05,0.08690518668002996,0.7716662288178313
31,0.05054651820510293,0.029905619566016315,4.0760327811710356e-05,0.05269894072199687,0.8668081611790721
32,0.13837206793045054,0.07284485191148125,6.26311685696994e-05,0.12731739853080562,0.6614030504586929
33,0.08786190310190872,0.02584922406294971,5.209470033894282e-05,0.07170082682637409,0.8145359513084286
34,0.07220059997856453,0.033226632602161396,5.6707382608781996e-05,0.031124871953569125,0.8633911880830962
35,0.10904678950028468,0.02578830669653411,2.5117261869861696e-05,0.08811783371444795,0.7770219528268634
36,0.19061053723793012,0.09126723628510543,7.449948588964316e-05,0.16199664901661873,0.5560510779744561
37,0.1005841509819882,0.03262873018917301,2.7072320027570726e-05,0.06666353086110915,0.800096515647702
38,0.0793891954112066,0.025825552676086796,2.6710647302724923e-05,0.10818057015348384,0.78657797111192
39,0.11434784687331408,0.023106780988585093,3.632752454748798e-05,0.05848825264167753,0.8040207919718757
40,0.139083778792204,0.05982158845249529,5.462114765748837e-05,0.12496875119251358,0.6760712604151297
41,0.08738496891610997,0.03286148410751152,3.65869593655114e-05,0.02180349834862491,0.8579134616683881
42,0.08410586116159621,0.01480913442006204,2.929704483261403e-05,0.025305598765636608,0.8757501086078725
43,0.15628341656655462,0.04204090166915361,3.746671809205161e-05,0.11023790649136538,0.6914003085548344
44,0.13862254051702105,0.08630427752508706,7.290410711098992e-05,0.0827222904814412,0.6922779873693398
45,0.21055740776891552,0.09807693961611846,5.591928506610256e-05,0.11882078039194349,0.5724889529379564
46,0.15796315582624917,0.10409909767329069,4.7817322703314205e-05,0.1573374155950785,0.5805525135826783
47,0.03472932433858966,0.01515468512641467,1.8804326526723145e-05,0.04664666475269651,0.9034505214557723
48,0.10688601191275798,0.04243844835218053,5.352428741728581e-05,0.06463463460469844,0.7859873808429457
49,0.07369536342868273,0.03790714923997263,7.418698488955339e-05,0.0289612117655165,0.8593620885809387
50,0.31835747830769356,0.14163252641451488,8.04997895661017e-05,0.041769305890599066,0.49816018959762637
51,0.21741413399073345,0.4068929482369027,0.00012960490812005812,0.06255457269652064,0.31300874016772323
52,0.03519222232535949,0.02119935604272207,3.142506124947842e-05,0.017428537897225475,0.9261484586734434
53,0.051197955018397454,0.02361670410511245,1.4517981912718787e-05,0.01624525153873515,0.9089255713558422
54,0.08765605028771845,0.052730346241286155,4.101552346465681e-05,0.019957023138787566,0.8396155648087432
55,0.16612473132037842,0.03591930628523292,3.81284202630398e-05,0.01939109367912676,0.7785267402949989
56,0.1471607504735024,0.10621586457355624,5.778995185195912e-05,0.018329858339587165,0.7282357366615022
57,0.14670914683810363,0.3711736718168708,0.00012019160923345965,0.030411340721085353,0.4515856490147069
58,0.23985299454615,0.1931200518670671,7.182004767089142e-05,0.0392314452919296,0.5277236882471824
59,0.11151793076740243,0.11434852659730496,3.691053361972606e-05,0.01745582212377018,0.7566408099779028
60,0.1687634853522426,0.526047687112759,0.00020585329045403383,0.020907021673009445,0.28407595257153495
61,0.10861922122822744,0.0686186634841725,5.012873207227091e-05,0.011752289978823008,0.8109596965767049
62,0.049739803748682115,0.7221524466530005,0.0005013848026090919,0.006256488960422433,0.22134987583528584
63,0.10574861211583705,0.4349019401514691,0.00040258691578505594,0.01723228467330121,0.4417145761436074
64,0.0652092217739826,0.03378771469422002,4.014499898323234e-05,0.020657429299811948,0.8803054892330021
65,0.2802998201492995,0.24457478289428192,0.00013422026032737256,0.06458275174741496,0.4104084249486763
66,0.14961353543031808,0.5472683236551421,0.00032525370555402835,0.0449708680753279,0.2578220191336579
67,0.13265475183667105,0.6900234991550342,0.00036792355314933773,0.02117032768038023,0.1557834977747653
68,0.20774738113260127,0.5564016183850875,0.0010569683459590831,0.05736435186787574,0.1774296802684763
69,0.14064136084835363,0.2238647822757111,0.0001920100284148435,0.12128393067829506,0.5140179161692254
70,0.08583830426529672,0.7879189243566475,0.0006935674134664765,0.03246712377336545,0.09308208019122391
71,0.15129907426294753,0.10229398914927904,0.00010777403868045886,0.12303932878554175,0.6232598337635512
72,0.14687034643196942,0.6168071288136664,0.00023392090666946773,0.014117112221426968,0.2219714916262679
73,0.20229607145025177,0.37791572450063965,0.00032160916437264,0.028429180010809445,0.3910374148739265
74,0.14485659766525438,0.38662073791847823,0.0003212388762505731,0.008963564447842617,0.45923786109217424
75,0.0727568190423255,0.7721663564253957,0.0003216031620301868,0.014009055311658128,0.14074616605859047
76,0.0318563319516733,0.1487719310329399,0.00018303234995311864,0.02540235331440017,0.7937863513510334
77,0.15214391662607457,0.48836577475874865,0.000114644729018902,0.02106998961158818,0.3383056742745696
78,0.1366411275641848,0.564810748568415,0.0002872753342727745,0.041209697405363455,0.25705115112776383
79,0.19745188703333677,0.3773917484277073,0.0001751492983835,0.06686549849056662,0.3581157167500058
80,0.07983808742892896,0.7733741489477894,0.00038394689351291494,0.012549327563907807,0.13385448916586085
81,0.11571901188556041,0.6187469951846347,0.00019644634425197523,0.022048550824036717,0.24328899576151627
82,0.16080383560217917,0.4689753651240823,0.0004601659057470631,0.06017877281919429,0.30958186054879727
83,0.15015233845327827,0.33143237773867257,0.0001513014453265363,0.018601348466831653,0.49966263389589105
84,0.1110062928355948,0.6430585837859859,0.0006647003412956307,0.02495340132475396,0.22031702171236986
85,0.0672436521429566,0.8574785070373927,0.0004011447676613981,0.005108584003362184,0.06976811204862715
86,0.0912778941565679,0.7689265124371192,0.0005435826368892085,0.007781648797225832,0.13147036197219789
87,0.039787831059804685,0.9222186517661729,0.00042112516965257297,0.005296389719485562,0.03227600228488418
88,0.048488159462714515,0.9031478264977011,0.004139474497529426,0.0024254135110778653,0.041799126030976956
89,0.05263427036356866,0.9030254250015355,0.0005997114501161675,0.005181581023478381,0.03855901216130134
90,0.11941549044171128,0.7732666794708178,0.0002569046947276838,0.026396636339524833,0.0806642890532182
91,0.028989750195028086,0.9189638015307269,0.011545412032583063,0.005206291361480076,0.035294744880181715
92,0.06380132051884889,0.9001200322105327,0.0014847763694551136,0.00904114416260596,0.025552726738557473
93,0.048541229000361785,0.8931823139140587,0.0005237356020378757,0.015526444515554015,0.042226276967987766
94,0.056756929946846814,0.8754560039383027,0.0031727482110480622,0.01247065936017105,0.05214365854363143
95,0.0758033985689957,0.8597453991921313,0.004131276066280158,0.0167662072978353,0.04355371887475763
96,0.04013740771248999,0.9009262417645434,0.010830453293043746,0.01713944740932621,0.03096644982059661
97,0.2506326003755613,0.511299171960308,0.0014542674285051489,0.17017444056231218,0.06643951967331341
98,0.08869185056042142,0.804793570228425,0.0025214124349777415,0.042033328229566146,0.061959838546609754
99,0.17346714701639424,0.7204526049956208,0.0013800552359308717,0.05108517304163576,0.05361501971041831
100,0.025547765444028543,0.9492347533317541,0.004352320029868063,0.005737564972905546,0.015127596221443626
101,0.023330256090111325,0.9416801139800974,0.006399554980810198,0.008043963725198722,0.020546111223782224
102,0.08608858270988973,0.8689931804836312,0.0005399161383073769,0.02618293742627381,0.01819538324189787
103,0.07109173624599571,0.8900529154520629,0.0003141449970855492,0.0175876595966084,0.020953543708247504
104,0.027617118544573944,0.9503413138330074,0.0020821292001867975,0.0017211895126207286,0.0182382489096112
105,0.020112241976627292,0.9603345848315383,0.002563030441350409,0.0009182451284744417,0.01607189762200955
106,0.03018090686114328,0.9421892390188039,0.00577581247069492,0.002591767788716576,0.019262273860641298
107,0.030274013697165505,0.9211471621508257,0.008905278431821437,0.003218897322007233,0.03645464839817995
108,0.063846806027684,0.8653880099239906,0.017645506493427398,0.006011040732563189,0.04710863682233475
109,0.1608446520526999,0.7863108935633984,0.0037679526042772487,0.011111377078235712,0.03796512470138876
110,0.08041901630651568,0.8690319710614544,0.004454334446944301,0.003179344800113062,0.042915333384972526
111,0.04537381900339717,0.9090815658328114,0.0056809029595704386,0.0018730514905312685,0.03799066071368955
112,0.07311114781791418,0.8823785279060848,0.003072394540874421,0.0037367798815551734,0.03770114985357153
113,0.13129026210975075,0.8034925068554332,0.004146623562262647,0.002931503529706559,0.05813910394284694
114,0.03490113714169522,0.9270837038554052,0.005296440541929398,0.0016895828774586164,0.0310291355835119
115,0.050289345195961344,0.9007272367258984,0.0067395925472912115,0.002701562150102668,0.039542263380746366
116,0.014652770199226235,0.9550237281637852,0.007533239779868914,0.0019290701126453058,0.02086119174447454
117,0.027067707135116012,0.9368400595307009,0.012770078129861799,0.0015268074555295134,0.02179534774879174
118,0.02230062939960743,0.9308587982328781,0.010443677078405,0.0018969701747448778,0.034499925114364505
119,0.02730808540726915,0.9235884747236336,0.023599555848381536,0.00155118836239028,0.02395269565832544
120,0.03920828145933388,0.8918047191213838,0.01724043682772591,0.0023265190374355195,0.04942004355412076
121,0.01799415064079888,0.9436302326292821,0.013288704903564033,0.0018037886940383302,0.023283123132316508
122,0.012024993326796017,0.9063346556977842,0.060401545377888465,0.0011426194880673629,0.020096186109464034
123,0.02008147477420315,0.9326056220737644,0.022063336533844,0.001949365783887472,0.023300200834300976
124,0.007954280787364898,0.9405609058023728,0.023171099639786624,0.0008500839677688402,0.02746362980270685
125,0.005905365355261332,0.873204474693037,0.08379559335610472,0.0008281453624347266,0.03626642123316199
126,0.013917032954901605,0.9422804640285215,0.014524816859365037,0.0010773816953138647,0.028200304461898036
127,0.012154214256699058,0.7851917267913331,0.16407581553156475,0.0010800139506444543,0.03749822946975869
128,0.024517218630218492,0.9246231769718878,0.014692393701007079,0.0036995146314803347,0.0324676960654063
129,0.04365088374930855,0.91224341966232,0.024767932631610323,0.0013096870230545584,0.018028076933706564
130,0.023940548561578262,0.9232937936165543,0.01275019926814267,0.0015122208717342819,0.0385032376819906
131,0.010919844658884388,0.9133581049801058,0.052822301221575364,0.000701557421833209,0.022198191717600936
132,0.008584845235833876,0.9429130118412283,0.03319262748695916,0.001073462636571184,0.014236052799407524
133,0.02169555420564089,0.8827445984981606,0.02716495978623598,0.00647916510041832,0.061915722409544176
134,0.012382835279712233,0.9259919275954116,0.028351853104854562,0.00448599701250869,0.028787387007512804
135,0.06486867946036008,0.8527968484571558,0.01218305108664686,0.01448831285072256,0.0556631081451146
136,0.10267374298455413,0.8441511201512224,0.011853072661034494,0.005328374770763322,0.035993689432425716
137,0.03131284877664431,0.920940107206257,0.030772735301427583,0.0017197192664300072,0.015254589449241341
138,0.08249746574830155,0.8644947216170931,0.018082226933617756,0.0033709759818978152,0.03155460971908985
139,0.08785546762426924,0.7963372958255835,0.021812193577303768,0.004774553365997082,0.08922048960684655
140,0.04326944069149403,0.8809226432860077,0.024270898900307963,0.002294651119924206,0.04924236600226627
141,0.048945188962155134,0.887036103518952,0.01824306815321179,0.00222431650945064,0.04355132285623047
142,0.02611131485080625,0.8150519883995117,0.10691069388371631,0.000786635501951589,0.051139367364014275
143,0.10682003075884255,0.8228753961884854,0.012239259113515904,0.0027845065481042356,0.055280807391052046
144,0.028300344269080395,0.8920412417390847,0.0467426424914446,0.0008857508386199149,0.032030020661770374
145,0.026564444485212876,0.763088422242511,0.1466453291469903,0.0011572572810823782,0.0625445468442034
146,0.06023560161211127,0.8700565694069706,0.015934603213752438,0.0017347744191086065,0.052038451348057034
147,0.09781650211238625,0.853893923908956,0.007195029099582229,0.002365913575348815,0.038728631303726516
148,0.039510765539692856,0.9143092612896221,0.0156367891865364,0.0015148781432950714,0.029028305840853724
149,0.00624383873746412,0.8091997075247994,0.17124502364955488,0.0006849872268118074,0.012626442861369708
150,0.009532529459568468,0.8754039125622909,0.09600588315660925,0.0010242008096957903,0.018033474011835617
151,0.01412770208045151,0.8198011424844949,0.12705077968213968,0.0016907033176091172,0.037329672435304675
152,0.06805743879157869,0.8671151495512449,0.02640871938086213,0.004816295769893473,0.03360239650642076
153,0.05220535838225544,0.8586095707278532,0.043665127001594764,0.00223304698726765,0.04328689690102901
154,0.056347145548668216,0.859513591991114,0.02301208813222057,0.002397123280109301,0.05873005104788815
155,0.011043233719023507,0.7172522266800494,0.25422921358063205,0.0008623069679153009,0.016613019052379666
156,0.03051567295000389,0.9022294343266017,0.03138048213958004,0.002298010171907587,0.033576400411906626
157,0.008459886283024503,0.5114714284315415,0.45384412695825505,0.001487127428766739,0.02473743089841213
158,0.07472538004345242,0.8130709981785466,0.06847077746630618,0.004446835997571839,0.03928600831412287
159,0.025648819755505217,0.8045584463077935,0.146422631877641,0.0013124127976240898,0.02205768926143627
160,0.012440077760790967,0.8122635171960029,0.12525471481165684,0.001157012323173027,0.04888467790837633
161,0.06392762752173575,0.8749682520077208,0.01921096770479535,0.002114210577002994,0.03977894218874516
162,0.07410547560264398,0.873887249099334,0.015978637704307096,0.0032482165595529577,0.032780421034162004
163,0.03242302005996097,0.8793049969600034,0.06316857482841041,0.0012035930058169576,0.023899815145808412
164,0.02286138209268974,0.9301643169957423,0.01732070603962129,0.0010813619526058723,0.028572232919340815
165,0.010898874341108583,0.8157711995164805,0.14629716564411022,0.0018689023420329646,0.02516385815626765
166,0.013891171397993689,0.8986121162073548,0.04431880935086802,0.0019291613223980438,0.04124874172138547
167,0.04665194725921711,0.9007633877138688,0.012307145823019233,0.003347146723508472,0.03693037248038627
168,0.01387904289456558,0.916901866974294,0.03666822850986649,0.0018237799287384071,0.03072708169253569
169,0.007107163892289462,0.9226772066763017,0.04314109015937651,0.001079686588189273,0.02599485268384311
170,0.008459751186874108,0.8681503184763834,0.07947629953612688,0.0015026116003704114,0.04241101920024527
171,0.023602063777258115,0.8962919177686574,0.022452467268718933,0.004473713533881061,0.05317983765148454
172,0.04097447198009194,0.9180281597555604,0.014829576702475493,0.004042922860203867,0.022124868701668313
173,0.005598698349036399,0.6998300495035974,0.26995649333180166,0.0007765834907049823,0.023838175324859507
174,0.02354733879751555,0.9327893258129748,0.009007349488889446,0.004163885675752563,0.030492100224867508
175,0.047240294828444926,0.8183171408393359,0.0707724594958409,0.00282452134096423,0.06084558349541403
176,0.025267169899930154,0.9340410639052488,0.015029923650956702,0.0023689497576502012,0.023292892786213854
177,0.011419209123556024,0.8779997639828584,0.07727198297196612,0.0010302714518350177,0.03227877246978434
178,0.02372940346468041,0.9201118098188843,0.028874340687164272,0.0018827361124319102,0.025401709916839012
179,0.009374407553276115,0.9328003033883187,0.03126002429476025,0.0025900434560407813,0.023975221307604124
180,0.02363451296366494,0.8194096737788145,0.08869019109915235,0.0038189829017946054,0.0644466392565735
181,0.014854994015751615,0.924657381035588,0.022854207736446502,0.0023871264642774,0.03524629074793672
182,0.11084895757545614,0.8314171317152314,0.009884653252429427,0.010689553945648718,0.037159703511234404
183,0.04161702286087365,0.9125989977382953,0.017520325241434567,0.002607180263440243,0.025656473895956353
184,0.00944271744140828,0.9491229008977663,0.025137956846567614,0.0019542630198500508,0.01434216179440786
185,0.006460285807442542,0.9256920803930031,0.050778534848437515,0.0017669915412185028,0.015302107409898348
186,0.01758473584532712,0.9430983941632282,0.02685886487623586,0.0026179628990580946,0.009840042216150417
187,0.010649166858012397,0.8866865192633698,0.06988101436254805,0.0024932826305049008,0.030290016885564996
188,0.01495971286913717,0.9176620312299371,0.030502016837249703,0.003973139764427519,0.032903099299248444
189,0.048704228123646214,0.900905625523528,0.015689075056783207,0.004196536733069874,0.030504534562972703
190,0.018763578458696147,0.9017004627365256,0.04704343860604506,0.0020731331931982616,0.030419387005535117
191,0.03247311347755407,0.9292675706905801,0.021161886009419918,0.0034012466676196966,0.013696183154826128
192,0.010646237346259357,0.7858156029845579,0.18301535903932745,0.0019016829873273477,0.01862111764252797
193,0.014960372196885922,0.9186845418219509,0.02790273462437866,0.0037122520224925786,0.03474009933429181
194,0.021271800711674237,0.8773840383009068,0.040624051068509054,0.005467658538090494,0.05525245138081946
195,0.03297732625874088,0.9293520221484087,0.011159697743421584,0.00397756955250228,0.022533384296926407
196,0.020924506475196954,0.9309182553517339,0.02163766206933611,0.0032041307726282876,0.02331544533110478
197,0.022201435266728894,0.8528538711241406,0.08124475459394254,0.001774461791676232,0.04192547722351183
198,0.018184343943099278,0.9299747121716228,0.026993104413942183,0.0018002884062582728,0.023047551065077523
199,0.019656651301351875,0.8352914191177581,0.08983771744496048,0.002970287652383377,0.05224392448354613
200,0.04092839573805018,0.8822086771743697,0.040579884832642514,0.004312866950998201,0.031970175303939315
201,0.02921577116276935,0.8921413924956639,0.020677155386744802,0.0045760329574573285,0.05338964799736468
202,0.03342707453162,0.8787473356450622,0.029387191503908523,0.006386250634078472,0.0520521476853306
203,0.025823255677595202,0.8548310662860128,0.07972421549691827,0.004258273864020161,0.0353631886754537
204,0.015315500321718249,0.9119299827499648,0.04220748699508035,0.0019506645901606115,0.02859636534307605
205,0.010685483541667257,0.6867682818663443,0.25846902126920995,0.00186090021209973,0.04221631311067874
206,0.03718753840772637,0.8749563294483547,0.04911240660532408,0.0053794764408216355,0.033364249097773184
207,0.021649823490684096,0.8774210541876628,0.05991745913141204,0.003056216227990602,0.03795544696225026
208,0.025382736834213923,0.8689243831585811,0.07384110444215439,0.003532528707845014,0.0283192468572056
209,0.03805402741021362,0.8848333976340994,0.03326205678036079,0.005289211906410396,0.03856130626891573
210,0.023588915810390756,0.9187575136902326,0.01790437310319088,0.0027303486324011324,0.037018848763784716
211,0.025749778188536857,0.8584899066654043,0.08795885231783417,0.0025886749581973175,0.025212787870027228
212,0.031413132775679045,0.7922052091118744,0.11423061357861199,0.0032663847117616043,0.05888465982207301
213,0.02558524962564796,0.836466992936003,0.10523868638211269,0.0033707522206043775,0.02933831883563191
214,0.028302242618574416,0.8263297375498477,0.06661922705163409,0.004718452811223328,0.07403033996872041
215,0.021034687786835007,0.8789758325984407,0.06979939439557671,0.0029531467586493662,0.027236938460498142
216,0.017697746056892328,0.9190851966985428,0.02223954482617144,0.004032288434783625,0.03694522398360985
217,0.021185538857123716,0.894300359243049,0.02548295694722336,0.0032646267369074128,0.05576651821569632
218,0.06190872069416221,0.8665337013362157,0.024629335823757793,0.008912540218543765,0.03801570192732075
219,0.029866968508660698,0.8960220291259553,0.03922475625616093,0.0017629648723680707,0.033123281236855075
220,0.019153666458815933,0.9268035108312305,0.027993184028052426,0.0016351750762330047,0.024414463605668377
221,0.04156437020028713,0.9027718504350513,0.023713811799685413,0.004218463229283278,0.027731504335692894
222,0.009340355926882428,0.9486746478737369,0.03141348420553348,0.0019579228933987026,0.008613589100448417
223,0.026273253896933968,0.9364891084834166,0.021901714537610084,0.005054615210193027,0.010281307871846451
224,0.024294663327854137,0.9198443481954368,0.025853228681917927,0.004881257965250299,0.02512650182954072
225,0.007070620422726903,0.9364881917980853,0.04472122152476996,0.002316184448182202,0.009403781806235646
226,0.0561708660223278,0.9064314711699105,0.02010059229297828,0.0037330488663067296,0.013564021648476747
227,0.014466896599347053,0.9299227341225145,0.03647248290021434,0.0015356575529830005,0.017602228824941262
228,0.05659586831216636,0.8897437048640071,0.03596157020795918,0.0030017176457560854,0.014697138970111226
229,0.016524446839933,0.9513263301272804,0.013614637556707497,0.0019764984172922126,0.016558087058786763
230,0.059420805105499,0.9115842419273869,0.009847821730694204,0.004833780381102599,0.014313350855317309
231,0.03456823283316007,0.9442596750890062,0.00817957267758262,0.004076326512852157,0.008916192887398708
232,0.04535516810260268,0.9213531203618858,0.006267446455868364,0.0043497052010708515,0.022674559878572358
233,0.004521209325377909,0.9734476920604097,0.015495087661050051,0.0011856191963233087,0.005350391756839094
234,0.02548281056895768,0.9324754103354288,0.01602938651743802,0.006068308949485528,0.019944083628689806
235,0.025582873293882515,0.9526216923104502,0.007956413066102322,0.004280828093852631,0.009558193235712545
236,0.021917322910858145,0.9448739110929253,0.016913934992739348,0.003181737063563359,0.01311309393991399
237,0.008429973639000662,0.9709375441046032,0.00973850836620332,0.0016286436357151868,0.009265330254477521
238,0.012876941917993776,0.948071135474617,0.028425936178782064,0.001179955440943384,0.00944603098766372
239,0.020306770695512243,0.9528184427386667,0.017689882740300897,0.002100433372099826,0.0070844704534206325
240,0.017905486102099605,0.959031370038126,0.008933364965157528,0.002048279828563026,0.012081499066053738
241,0.022279652164069626,0.9451773630398274,0.00768793453066725,0.0027030006936133036,0.022152049571822666
242,0.010235122325279858,0.9551110531171092,0.02719583387586464,0.0010458628946489947,0.006412127787097333
243,0.009581044822438491,0.9322404311689392,0.04617891753892909,0.0023143562621640978,0.009685250207528938
244,0.008593523020495077,0.9250218830149043,0.04593126413494967,0.002047845814485327,0.018405484015165514
245,0.007835216820986389,0.948097248501886,0.02724338788157101,0.0033191684733697626,0.013504978322186903
246,0.013525430318895875,0.9610178679714101,0.009268341804017118,0.004017031371908785,0.012171328533768214
247,0.07966104477950654,0.8778287574574922,0.008739139771922777,0.006328530418502112,0.027442527572576217
248,0.017433796615804992,0.9599502605930141,0.006351650415066227,0.002952473489644135,0.013311818886470516
249,0.031081195726379216,0.9395977771563393,0.005042892424196154,0.006057967964617945,0.018220166728467546
250,0.07607899000879455,0.8809198672262154,0.004367066207348745,0.0179054367599077,0.020728639797733515
251,0.03905270327712192,0.9294610425714267,0.006378577880402533,0.009005344264991373,0.016102332006057353
252,0.09837040211503145,0.8472250626573995,0.010771204752268115,0.030937612367003,0.012695718108297971
253,0.02962335812074068,0.9216695254248658,0.01506724481797357,0.016037838998056015,0.017602032638363952
254,0.08667630860017543,0.6090392709449055,0.009051904363102495,0.2567626700431857,0.038469846048630844
255,0.05910724558874115,0.6651951982317952,0.026282607384667252,0.1867109439850206,0.06270400480977587
256,0.07089771534112363,0.40619940233166174,0.000672349934993689,0.22079509153434482,0.301435440857876
257,0.10524742055040283,0.16279842739408398,0.00020022400212212606,0.4913689512683206,0.24038497678507054
258,0.07245774589034687,0.11905484254354136,0.00023101613696676382,0.33708096748466854,0.4711754279444765
259,0.09175270603052992,0.1442730904420948,0.00023199749184408625,0.42021671270311645,0.34352549333241467
260,0.06714359666344978,0.07540034020637551,9.05855380638394e-05,0.4722171906318957,0.3851482869602152
261,0.13261658178032965,0.11455491203636455,9.414559743480912e-05,0.5478688041150125,0.2048655564708585
262,0.07797929150331577,0.14110209828328124,0.00011288316277148316,0.698204338016558,0.08260138903407355
263,0.052697538170006004,0.06314616632664223,6.62065941066941e-05,0.7402241873572655,0.14386590155197973
264,0.03275041720874912,0.08292985639357416,8.406510952322467e-05,0.7700311584553867,0.11420450283276667
265,0.03279411851160166,0.07292202251358845,5.813824039939833e-05,0.7590997877113892,0.13512593302302126
266,0.0231226707824327,0.11972598554555941,6.863738938934138e-05,0.7875988824855259,0.06948382379709274
267,0.018252256849509575,0.11619958187474469,4.479635967605578e-05,0.7764171081757911,0.08908625674027842
268,0.013546533171427608,0.07470070283195153,2.6330027150744703e-05,0.8271776243549022,0.08454880961456793
269,0.01620236793335669,0.05962267491774224,5.527750837421367e-05,0.7833395811848507,0.1407800984556761
270,0.013544470959839898,0.04738645596658227,4.6022083633235626e-05,0.6108836440050512,0.3281394069848933
271,0.01416247886275075,0.03957359620361194,0.00011169492888594069,0.5261054162066567,0.4200468137980946
272,0.023320321441186065,0.020844683408696774,9.864711086846047e-05,0.6232296971199742,0.33250665091927456
273,0.018036111599481708,0.02319394122441275,0.00010304594711030688,0.570938734783839,0.3877281664451563
274,0.01857064865360975,0.0198569728494242,5.993720923310127e-05,0.5435343293868307,0.4179781119009023
275,0.019462113509066528,0.03658978113144337,3.9467878035418556e-05,0.7818067156188404,0.16210192186261435
276,0.015659339319499952,0.03240810306611384,3.9924905606317285e-05,0.4899402123412347,0.4619524203675453
277,0.0145458418963189,0.06675765060589434,4.077689292553945e-05,0.7170100579458925,0.20164567265896888
278,0.01621212236308395,0.027790346262810905,4.1219368084754353e-05,0.7504096957848189,0.2055466162212016
279,0.03322205202322343,0.03645681394496605,4.168757419531867e-05,0.5132430484903215,0.41703639796729364
280,0.022480785521851263,0.024439708720987552,3.9620059574757545e-05,0.5504161291291496,0.40262375656843685
281,0.03535757862646779,0.022939916235844838,3.472786458146581e-05,0.5886398397357256,0.35302793753738027
282,0.040495635085228236,0.04560002706443673,3.145706761168228e-05,0.6791621512613365,0.2347107295213868
283,0.025978478249624636,0.010500610899543,0.0001032819656958762,0.19237496475020674,0.7710426641349298
284,0.11254216839351064,0.04378276601539803,7.37907117134999e-05,0.2416441610937747,0.6019571137856031
285,0.09049503828767017,0.04884241970930866,3.0673995592223025e-05,0.3653294957440607,0.4953023722633682
286,0.09867508059473766,0.09292327985390542,4.4465448312136e-05,0.6348447629226197,0.1735124111804251
287,0.04789169525089948,0.12328817750280589,7.419828133613761e-05,0.6970531885338374,0.13169274043112106
288,0.03824437116623836,0.078511558704018,2.6116771337119192e-05,0.8141612467419402,0.06905670661646615
289,0.036529636214951436,0.07172919154693137,3.7243073376298475e-05,0.7396634935642408,0.15204043560050018
290,0.04944334372924195,0.053728155573616404,9.212277353681117e-05,0.44606353310669755,0.4506728448169073
291,0.03934072406450472,0.04019705476069559,0.00010210222367963882,0.5109393543415893,0.4094207646095308
292,0.05789272856072298,0.04416086018323779,5.886794821960785e-05,0.4208453527149269,0.4770421905928928
293,0.05611046972598776,0.11160617224783116,5.369263769289502e-05,0.6219292507632976,0.21030041462519056
294,0.01720912700092016,0.049835916988642995,3.914765262297837e-05,0.5246251108429976,0.4082906975148164
295,0.02725295759174707,0.10645364788991465,6.863753033099429e-05,0.6761561755203509,0.19006858146765646
296,0.03192546594601467,0.11819409879914536,0.00011151748317378185,0.6757613001098692,0.1740076176617969
297,0.033273847262033265,0.14870005363209998,0.00017547840191923858,0.7088417014362632,0.10900891926768436
298,0.025702382681863797,0.14101636558970063,4.683669788248026e-05,0.7774840903232105,0.05575032470734276
299,0.027944937105800843,0.07935889265862593,4.57376577882908e-05,0.7281133050976721,0.16453712748011284
300,0.02656695293565872,0.03886126826776144,2.7817672927127224e-05,0.773310812827733,0.16123314829591975
301,0.02786583851749454,0.12982664301030686,4.034497816450544e-05,0.6847917888756198,0.15747538461841434
302,0.03213607749316517,0.06792174680639831,3.40183621652727e-05,0.7514411937820027,0.14846696355626865
303,0.04529327260538885,0.05940154825926721,3.157092822606934e-05,0.7636754199190826,0.1315981882880352
304,0.02858152684453722,0.03267984264127237,7.490117713865141e-06,0.8365518677103261,0.10217927268615039
305,0.031462670354048435,0.08552825223805878,1.7079196518900725e-05,0.8035624084492884,0.07942958976208543
306,0.037368831416417364,0.03590737657381475,1.3248421277693037e-05,0.844612494372799,0.0820980492156912
307,0.04557171569764958,0.07237650303961786,0.00017384399209087684,0.7916992461357653,0.09017869113487642
308,0.05229001600566605,0.04797995383417108,0.0003373069474800419,0.6905442474438729,0.20884847576880994
309,0.07968653434469179,0.022803987161500495,0.0012295196553944944,0.38643056411888216,0.5098493947195311
310,0.08500499025359387,0.032931195601702996,0.0001187421733665638,0.5500994530942951,0.33184561887704145
311,0.10926711606530251,0.04221596782475654,0.00012260726821351406,0.6864795487872919,0.1619147600544356
312,0.12700368953953012,0.028004134160316142,0.00037417822553757345,0.3882733142845663,0.45634468379005
313,0.11183398039356464,0.023809467998181913,3.095660694397271e-05,0.4391545034320112,0.42517109156929833
314,0.08821078613547674,0.028144020075608213,5.700992432117305e-05,0.6109572957242598,0.2726308881403339
315,0.07244513335239934,0.037471364073950304,6.955330727475341e-05,0.5458866265469613,0.34412732271941426
316,0.05183330283256789,0.0917816485616042,0.0002818957113082615,0.6735874872782754,0.1825156656162443
317,0.021654286508049715,0.005396058375735279,0.00015106609277653048,0.029646558954600145,0.9431520300688383
318,0.06378870657063569,0.01647042234533559,0.00023331610133342121,0.029770861279920565,0.8897366937027748
319,0.04770143370036589,0.02029380697620188,2.6129797566401147e-05,0.06924133027524018,0.8627372992506256
320,0.12912291066356313,0.03515926054818908,3.0107909140120732e-05,0.13826095740897723,0.6974267634701304
321,0.05716099664203538,0.16795083852465323,7.859272167506463e-05,0.4187492095172313,0.3560603625944051
322,0.03975404845831914,0.21252077797646976,0.00015502109367925834,0.5039742093962782,0.24359594307525362
323,0.04783929914516189,0.07152236697044195,4.0360819838977014e-05,0.4636961067900037,0.41690186627455333
324,0.0377028624631982,0.05739260058570383,2.3990373414783743e-05,0.7715539379830528,0.1333266085946303
325,0.019023059041136936,0.05998767770624637,1.209353424869903e-05,0.8403363491829435,0.0806408205354244
326,0.015142790030457449,0.07031493838778376,1.7950573618133298e-05,0.8514054645734578,0.06311885643468287
327,0.025683997103086133,0.0630432853022375,1.14927007572145e-05,0.8310983099055481,0.08016291498837108
328,0.049383343226636046,0.14813026874974122,3.860169258152724e-05,0.6357421846128165,0.16670560171822468
329,0.04658217249255919,0.08983737395615846,5.8559266803619575e-05,0.7519374269385817,0.11158446734589687
330,0.041066536802539105,0.04521869767706906,5.982481724262959e-05,0.7483032964598616,0.16535164424328758
331,0.05940877515185152,0.08924489397393351,0.0003057356413503835,0.737737635902956,0.11330295932990847
332,0.07353184557689858,0.06336529322133445,0.004564533607458565,0.14029191903147084,0.7182464085628376
333,0.10781086640696438,0.13428691944036958,0.0009581638123687323,0.3828170684875646,0.3741269818527328
334,0.1510391855444498,0.15025188738498027,0.0005637797223455839,0.44561786563876926,0.25252728170945504
335,0.12502315899890404,0.04904853133221219,0.000515652088079584,0.2532448483367172,0.572167809244087
336,0.13240274571477095,0.08430028682087824,0.0023603772320641946,0.394619050945737,0.3863175392865496
337,0.05554394871102619,0.04844205345433896,0.0002686465073739673,0.20996517525497715,0.6857801760722838
338,0.10517869136898274,0.05201400738030952,0.00018323365831512766,0.41353404995911786,0.4290900176332748
339,0.08075640168241859,0.04808782244265852,7.493087328025475e-05,0.7432445434459095,0.12783630155573308
340,0.04457697590936767,0.06480938717951346,3.288030664626766e-05,0.775272566642305,0.11530818996216759
341,0.018577259091530702,0.0676053615282135,2.5262127197602948e-05,0.9020545395998683,0.011737577653189953
342,0.01347710398666047,0.05334677444080034,3.29020980565064e-05,0.9038783974078807,0.029264822066602015
343,0.013523006176305667,0.085290279563035,4.3478347272725495e-05,0.8694328454959522,0.031710390417434245
344,0.02290131048629865,0.06622848377939777,4.4401011243718864e-05,0.8762510802478632,0.03457472447519663
345,0.03240193142753639,0.023549354062641727,2.4866620042508696e-05,0.918238735528666,0.025785112361113492
346,0.0285969184929542,0.052416207878003294,2.3496904117701018e-05,0.8905041224797446,0.02845925424518035
347,0.0271576776021243,0.04086550443403852,2.1535151122303026e-05,0.9189571698409766,0.01299811297173826
348,0.029189677589906197,0.04134232784947321,9.739013939124597e-06,0.9125319889735606,0.016926266573121043
349,0.02285886642735126,0.05484775940103861,3.008090556600352e-05,0.9050266688172653,0.01723662444877867
350,0.02296031164357312,0.05172728890404879,2.4624478326113937e-05,0.9166620664838129,0.008625708490238995
351,0.021267283516938885,0.029386177681526137,7.889740361437159e-06,0.9340338917471702,0.015304757314003423
352,0.019343883955536434,0.03087281094703378,6.414567423491572e-06,0.9054450088694295,0.04433188166057681
353,0.015294458600568621,0.028230157202745156,1.6261333907874795e-05,0.9145052516633407,0.0419538711994376
354,0.051594668976017326,0.04219895012527906,2.2258886020627126e-05,0.8370825431044249,0.069101578908258
355,0.047419593655099394,0.041206407511939186,1.7419991794882577e-05,0.8828906095680458,0.028465969273120804
356,0.023703201995701542,0.0416448938867595,2.235897052138013e-05,0.9155058762160089,0.019123668931008593
357,0.025319868863796852,0.06316273035859639,6.472548832223115e-06,0.898673857592573,0.012837070636201557
358,0.016670835285831263,0.03916145635298577,5.9572279727119665e-06,0.8996308067447806,0.044530944388429666
359,0.021595935126190544,0.03318146228509742,1.1647528193737318e-05,0.923171607341841,0.02203934771867723
360,0.02329489080249289,0.04474753802296984,1.0477718928852482e-05,0.905778571661647,0.026168521793961466
361,0.018345985379528036,0.048250098897166874,3.7977403101365397e-05,0.8921531090415755,0.04121282927862821
362,0.03764726368809289,0.04169308865354055,9.17783688305454e-06,0.8936873401973456,0.026963129624137928
363,0.03981155574826797,0.07042070746468827,2.3260045878846757e-05,0.8651049704544821,0.02463950628668276
364,0.023361580963299627,0.054846987796347155,2.7896539399053105e-05,0.8949584807374347,0.026805053963519617
365,0.023036592667891993,0.062215666250233066,2.7416389948824427e-05,0.8798188973662653,0.034901427325660796
366,0.017896781248150494,0.061423363292037396,2.8814523650607683e-05,0.9011992388025143,0.019451802133647295
367,0.03253528539098165,0.05412801527232589,2.9643951103384212e-05,0.8557143437573802,0.057592711628208976
368,0.030316829692530918,0.09917854267586203,2.9482358395549607e-05,0.8379542414065837,0.03252090386662772
369,0.02940763489958386,0.04243478427259199,2.064907745773953e-05,0.8225772811679067,0.1055596505824597
370,0.03946612066691228,0.10344908905875007,3.686180212988503e-05,0.8186769977852392,0.03837093068696852
371,0.055599883143603014,0.0636134165067155,4.011397728714492e-05,0.7739596608310683,0.10678692554132614
372,0.04469079863570697,0.10674398001325347,2.2651052521149387e-05,0.7813085920444334,0.06723397825408518
373,0.04937137417656106,0.04802413310609336,6.197078066203254e-05,0.5649918516422366,0.33755067029444696
374,0.05540947391417982,0.04081098090449169,0.00010507042748598675,0.35207148476206745,0.551602989991775
375,0.09104839079885896,0.05175955311624907,6.206950559696777e-05,0.6207383710796857,0.2363916154996094
376,0.10808107939221569,0.0665708444483224,6.836126164167953e-05,0.6765801208181927,0.1486995940796276
377,0.07797875299235937,0.08674244024776381,4.365956186919523e-05,0.6726077201888861,0.16262742700912142
378,0.06687409299216755,0.11114688721346891,0.00012880087130079823,0.7666348728237085,0.0552153460993544
