epoch,N1,N2,N3,R,W
0,0.0069341552123620915,0.0020022552169898116,1.3682746139330932e-06,0.0008947888799269161,0.9901674324161072
1,0.0016700811259679307,0.0027634705517555853,3.360521182460553e-05,0.00039487528074828637,0.9951379678297035
2,0.0029334346407820216,0.005398732837398781,5.684466163380223e-05,0.00039029472535726694,0.9912206931348281
3,0.0006988752506055607,0.0009627091510350903,3.7218634702915743e-06,0.000218072708288379,0.9981166210266006
4,0.0002514035303038339,0.0002553115566289492,0.00014593437544367996,0.0001112736093261101,0.9992360769282975
5,0.0003383698486603511,3.637772678459379e-05,8.84105601897193e-06,2.4777041773572808e-05,0.9995916343267625
6,0.0002938124345734812,0.00014510645843792972,3.687636154675406e-05,4.761531725709615e-05,0.9994765894281847
7,0.015945892320714063,0.0012660592950408485,0.00013260750239995077,0.0006431177620390786,0.9820123231198061
8,0.001179457192100675,0.00048251790248038184,8.283427868423105e-05,0.0006393064178762671,0.9976158842088584
9,0.00021368247680460153,3.543577621432986e-05,7.790860540548781e-07,9.378397592955093e-06,0.9997407242633342
10,0.0008171362886430839,0.0001419306044188691,9.684612590908615e-07,4.630561266184225e-05,0.9989936590330172
11,0.013932862564358155,0.0005732848994362537,5.239619431361406e-06,0.00046599808587415617,0.9850226148309001
12,0.12658449654581685,0.0026963353560994214,7.871845278105424e-06,0.0006134502851184578,0.870097845967687
13,0.23468503200745663,0.012883423305556937,1.3590974826141437e-05,0.003008549371282977,0.7494094043408773
14,0.06332488328703677,0.0061114680724592575,4.278014955858888e-06,0.002929717141469245,0.9276296534840789
15,0.0014442443885798305,0.0006402640035044054,8.89383083746277e-06,0.000639451876878472,0.9972671459001998
16,0.4411582016768255,0.06318281040554287,0.00013223532189845518,0.011020064511260664,0.48450668808447234
17,0.47587209938381037,0.10526238226144263,5.586827647210574e-05,0.004953953424376598,0.4138556966538983
18,0.12689870323182006,0.27112163513872045,0.00016610218543896058,0.0070321677618510586,0.5947813916821695
19,0.17987516002061152,0.49067976474291053,0.0001804087186119392,0.020550434858443798,0.30871423165942224
20,0.07311441048895226,0.738635877074374,0.0001531797961314704,0.04234192509057201,0.14575460754997052
21,0.112018540683031,0.6683194304345257,0.00012662563977080467,0.022227494600519274,0.19730790864215342
22,0.09891391096101536,0.6071144333568492,0.00035685743139618616,0.009876180450362471,0.2837386178003767
23,0.06745506429431865,0.6250812108751964,0.001042546534334365,0.00523584919994125,0.30118532909620943
24,0.12358211772869912,0.644557781624735,0.00045726920120943876,0.026136256457771873,0.2052665749875846
25,0.13599956081131767,0.6871114821171215,0.0005875647944350884,0.009786429853131474,0.16651496242399427
26,0.15531139129697255,0.6740621103601137,0.00045936590524359,0.019231953379297863,0.1509351790583725
27,0.07491459169452211,0.8226903560737496,0.0017722306284492066,0.003895476838992384,0.09672734476428665
28,0.28092582685966216,0.33339034463932415,0.0021999846105553444,0.011484559469051157,0.3719992844214072
29,0.20088733757098046,0.706330213636292,0.0010996411682940158,0.008559175869006966,0.0831236317554266
30,0.04005504412590816,0.9017865353460196,0.0017611064472367072,0.0011377969147662063,0.05525951716606928
31,0.08148477861174523,0.8683004368087494,0.0017829161536941035,0.0011607303458513003,0.047271138079959855
32,0.02203534235090881,0.9410743975557426,0.0036704103064904136,0.0010958457093735651,0.03212400407748447
33,0.06130374081946488,0.8948809856024119,0.004623933168249386,0.004705869147326971,0.03448547126254692
34,0.02450201781033098,0.938715841221698,0.009477962554671236,0.001172437367727773,0.02613174104557184
35,0.02470000436286373,0.9426717130234538,0.023778518601986733,0.0015761004959353997,0.007273663515760398
36,0.028455101729261863,0.9018136840497005,0.012431036139182844,0.0029477856362749347,0.05435239244557973
37,0.03923350706676831,0.8771969267503535,0.015214699724313767,0.006038799938329851,0.06231606652023452
38,0.023687464888603026,0.8869154406323282,0.019310340081149863,0.00400887465827146,0.06607787973964753
39,0.03794164534290486,0.0971104364403978,0.04472336973085897,0.0036393684062726145,0.8165851800795657
40,0.06027348869093625,0.014737142271376335,0.000280227343481254,0.0018005132691563525,0.9229086284250498
41,0.5347756461186381,0.33152986354128505,0.0005901673106645971,0.05761066454864844,0.0754936584807638
42,0.5197143669162652,0.34045331362064063,0.0007895113248376059,0.019229395292790996,0.11981341284546562
43,0.3630569715572505,0.5080665770450927,0.004930561538908218,0.00217312059737418,0.12177276926137438
44,0.09374512920718764,0.7859434670835268,0.0016383276249325493,0.002078220114084814,0.11659485597026817
45,0.11306405880540848,0.8230809061081625,0.0038781142137991635,0.0037367768590244577,0.05624014401360529
46,0.05675033113916185,0.8316890727395355,0.005643312566015985,0.0021241150186477632,0.1037931685366387
47,0.0802490881092794,0.8703337757659393,0.009093017613130916,0.002143078925053166,0.03818103958659713
48,0.09190000021219197,0.8399283002262721,0.009994551112337791,0.002967863856743421,0.055209284592454694
49,0.010025177175760519,0.9379813128729909,0.032309552719843614,0.0005732486713397804,0.019110708560065106
50,0.03963516555450617,0.2669039974072676,0.006859650897799158,0.0026487155936843498,0.6839524705467427
51,0.011003210089308957,0.043921263681384215,0.0024152596631296847,0.0009504873494551294,0.941709779216722
52,0.24010508312881476,0.09992427279330762,0.0013427291951893,0.003308828754691116,0.6553190861279972
53,0.15011385285348589,0.20255392841611727,0.005959549523811217,0.0017694742538681063,0.6396031949527174
54,0.44927474528811484,0.3062667161830064,0.0026912123821655,0.001268148978422153,0.2404991771682912
55,0.34718773467046876,0.33992050263058604,0.047772265929821346,0.0021732966592369644,0.262946200109887
56,0.11419053148618596,0.7154702600045472,0.09306392986163026,0.002943694978893083,0.07433158366874353
57,0.04314534963474362,0.6791796549055746,0.01305821583467993,0.0014738597572920087,0.2631429198677099
58,0.05495635726644254,0.7120162156293132,0.04325138588870966,0.001192038437213331,0.18858400277832132
59,0.032142032562706264,0.7272145072946181,0.16637941293827438,0.0018157261378614487,0.07244832106653985
60,0.19787324556019736,0.6515163129668178,0.028486940202556228,0.002208634841301478,0.11991486642912733
61,0.08586946322198066,0.763129190384378,0.10482579548697923,0.001527249646408318,0.04464830126025388
62,0.16394657486982667,0.5775782936441352,0.09226501290715441,0.0019173037112991823,0.16429281486758443
63,0.04474314866914574,0.7880570947166496,0.14907809216566828,0.0006271951524962689,0.017494469296040205
64,0.04146474936949943,0.7513767394580009,0.1839626146576346,0.0006383775486706727,0.02255751896619434
65,0.018511519382875003,0.5668138234496559,0.4021737913084119,0.0006013126334144319,0.0118995532256426
66,0.01110691512768033,0.37724474951283965,0.602495865666539,0.0003744494546958822,0.00877802023824518
67,0.1297644620924406,0.4320618530294315,0.31181542362311143,0.0017572314838317643,0.12460102977118472
68,0.06663004456303874,0.7301730807393594,0.1752622732109851,0.0018065464194359127,0.026128055067180782
69,0.022806143923525746,0.38641779182558406,0.5790164053475139,0.0005988695189836947,0.011160789384392761
70,0.014365482367738809,0.3258652078798096,0.6405132324448284,0.0004274707980824054,0.018828606509540848
71,0.05542261262927892,0.4803354966105518,0.4382820023449097,0.0009672119358356707,0.024992676479423943
72,0.011518650379154057,0.31755027314976036,0.6605164701207091,0.0003140237434604678,0.01010058260691598
73,0.0752068789854281,0.5217156869929425,0.36653483671736997,0.0012238780076784914,0.035318719296581
74,0.009901194507950314,0.28039033366843574,0.6982676994871383,0.00036705684176910667,0.011073715494706452
75,0.014929861241354654,0.3627391194761109,0.6065824945180475,0.0009848250351881633,0.014763699729298788
76,0.018857269030198912,0.378095260360571,0.5886958124525399,0.0012098600781538847,0.013141798078536247
77,0.05563631485800453,0.33684764437300074,0.28434972127220737,0.0035986394757763288,0.319567680021011
78,0.19715805074137494,0.4895660453567739,0.2620946690178735,0.002361309167642093,0.048819925716335554
79,0.014111362319252859,0.2811366503060048,0.6921751184279448,0.0008403719473167715,0.011736496999480801
80,0.16279285495268186,0.5355367654072296,0.14747075027912213,0.003236990772886559,0.15096263858807993
81,0.009847056618102529,0.19546345821202651,0.7857647972533105,0.0002827412151472638,0.008641946701413218
82,0.013023469642387795,0.32449877984920333,0.6530649348460406,0.0003023497438980331,0.009110465918470442
83,0.040273290415155844,0.4779200135435285,0.469678545888885,0.0005213987705991829,0.011606751381831744
84,0.0022165950311945873,0.09102710153979188,0.9038124362249207,0.00012899733373821753,0.0028148698703547442
85,0.012896793868192107,0.2896424187280159,0.6835829996659815,0.0004376733161685258,0.01344011442164193
86,0.004003263564635689,0.09910148842759688,0.8927156240947045,0.0002660902058706197,0.003913533707192315
87,0.004409400736033034,0.19582336726284189,0.7920825406426133,0.0004499726646323554,0.007234718693879428
88,0.002379830116114564,0.08829866787800025,0.9012664610550237,0.0005993056183482907,0.007455735332513227
89,0.0032883502385785963,0.1709456227468076,0.819987988490031,0.00041156192952127816,0.005366476595061494
90,0.0047777861545859075,0.2769037306779305,0.7128075886688823,0.0003842732547915453,0.005126621243809641
91,0.007332366522524439,0.16120660818595373,0.8233218988560237,0.00041145597159672926,0.007727670463901399
92,0.007743042002096953,0.1292229067951367,0.8559617235778028,0.00045642908400466694,0.006615898540959055
93,0.002721486130344787,0.1375449679700849,0.853073153268911,0.00030551469689726787,0.0063548779337620565
94,0.037291999340894555,0.224794298515801,0.709134129640336,0.0013098665616904865,0.02746970594127813
95,0.002637202374525701,0.15320256975834967,0.8398264080750972,0.00021378699407356754,0.004120032797953866
96,0.00727099777081406,0.3018305176472615,0.686274557986879,0.00037536420868783724,0.0042485623863576846
97,0.016557888627769853,0.34513941393119846,0.6184908356688943,0.001646366755017971,0.0181654950171195
98,0.009529136543967963,0.32468361333125323,0.6533481562354724,0.0007208753473422954,0.011718218541964146
99,0.0044742698208460755,0.19323123047090204,0.7957455367197568,0.0004142024659419934,0.006134760522553193
100,0.004699702297010605,0.17930796829557125,0.8085198529883457,0.0003884951934810708,0.007083981225591384
101,0.02574256070423056,0.27049448310975666,0.6784374548069927,0.001492577115361869,0.023832924263658305
102,0.003497333629185779,0.20429724115072748,0.7865766154487266,0.00038167602046525835,0.005247133750894857
103,0.00782037105316176,0.16246552128140057,0.8235709838147327,0.0003100494706532854,0.0058330743800515585
104,0.024661978378991666,0.26883253746570335,0.6864460711618205,0.001088411996625601,0.018971000996858955
105,0.011128203260570523,0.2654426572678806,0.715146727941189,0.0008126602706124174,0.0074697512597473635
106,0.02092531159341155,0.3260891142763693,0.6235602525475287,0.0011224393426725343,0.02830288224001802
107,0.0020088721775192767,0.1782832974011941,0.816354915925971,0.00014197433016819815,0.003210940165147483
108,0.003978513725551592,0.08768190846484725,0.9061963533405223,8.654548148377733e-05,0.0020566789875948754
109,0.002577455326235543,0.09274208488391815,0.900898753050612,0.0001507851587032515,0.0036309215805312755
110,0.003907953168460492,0.10678553136533595,0.8813713517603236,0.0003786251060153602,0.00755653859986464
111,0.006742299141618319,0.1222497872198082,0.8670897955277587,0.00030239024101305655,0.003615727869801761
112,0.0027554055474466287,0.08905682349915461,0.9064538470670143,0.00012951757252662745,0.0016044063138577133
113,0.0014623092127941477,0.049907172283224534,0.9457312163447386,0.00021996077037422185,0.0026793413888686218
114,0.0009019220951295888,0.08931426765218944,0.9078407364581104,0.00011562006051383986,0.0018274537340568164
115,0.000689365298731261,0.03743374983039199,0.9592749051173262,0.00012606248432721936,0.0024759172692234315
116,0.0009972515967594084,0.06869577124215494,0.9282156200258134,7.767007204221133e-05,0.0020136870632301
117,0.0005851539129828638,0.03758698224063388,0.9596805651196894,0.00012098423867181878,0.0020263144880218386
118,0.00031251879278950626,0.019224735552356414,0.9792608867591316,9.021066006700873e-05,0.001111648235655225
119,0.001669805215923451,0.0919895667173087,0.8997573105437714,0.00024131167097295831,0.006342005852023534
120,0.0005048513811664447,0.026305914916500726,0.971375043662166,0.0001173667801508088,0.001696823260016064
121,0.0009628027947217828,0.024520164262117925,0.9709728526028327,0.00024947171032826607,0.003294708629999257
122,0.0008623265642533481,0.05511346218952871,0.9419177518686974,8.747687305205795e-05,0.002018982504468583
123,0.001082090494084448,0.05430587057851156,0.9378171763621026,0.00021667499720781004,0.006578187568093402
124,0.0024069731011736226,0.04516412798719281,0.945501129637025,0.00016967711924035893,0.006758092155368154
125,0.0018644451360350595,0.05315675558005281,0.9434674243797417,8.264413502005574e-05,0.001428730769150267
126,0.003478972301706862,0.044274541881333986,0.9483577409332496,0.00029007438302361985,0.003598670500685822
127,0.0009604474747127327,0.05638568776849186,0.9394251949964637,8.946133673613777e-05,0.003139208423595594
128,0.001291581550487852,0.08215698698961867,0.9110954568090052,0.0001274122478221831,0.005328562403065963
129,0.0006403874380770457,0.053960727291030346,0.9421343587822281,7.898538096975343e-05,0.0031855411076947247
130,0.0013648137929582027,0.08659592707338422,0.9074027081679229,0.00029423261310166174,0.004342318352633121
131,0.0009152433222690246,0.04705017233093254,0.9484737471395478,0.00022414545620436883,0.0033366917510461425
132,0.0012492199061943337,0.08587931655841977,0.9072130841201421,0.0004470985355950519,0.005211280879648847
133,0.001678609654994598,0.04564017433493454,0.9498450325085109,0.0001924374963077138,0.0026437460052522923
134,0.0014903951050562719,0.036495053923644084,0.9580021842187717,0.00043412860302490734,0.0035782381495030467
135,0.001727270642065107,0.062217337516423936,0.9328295875037356,0.00027014038823999884,0.0029556639495353335
136,0.0007852959565176561,0.018170353961965025,0.9795686615085701,0.0001653857269076511,0.001310302846039629
137,0.002243442743382335,0.05794353982674866,0.9311498349809179,0.0005385552582197457,0.008124627190731508
138,0.0023670584881297653,0.049152631462417586,0.945605749028008,0.00020526501671899492,0.0026692960047255123
139,0.003379641046996828,0.050840712363635715,0.9395224597739187,0.00042925916939877455,0.0058279276460501414
140,0.0009177728517466223,0.0379068079627128,0.9600656203475734,9.463647413774394e-05,0.0010151623638294566
141,0.0019288124554587714,0.050233224885032124,0.9422107581900394,0.0005227871223228837,0.005104417347146767
142,0.0007655377370672637,0.03402357842368291,0.9620029604897272,0.00021135556739581494,0.0029965677821266693
143,0.0010115012994373251,0.032231223292048326,0.9644134951106558,8.947390688425059e-05,0.0022543063909742063
144,0.0006890022210267646,0.023669248345960944,0.9729789606971067,0.0001827698753487405,0.002480018860556924
145,0.0028877693489569142,0.060092041468190166,0.9241357496750079,0.0003975073111708294,0.012486932196674277
146,0.0008467633602775519,0.05187428676081033,0.9457882294848005,0.00012932177093913396,0.001361398623172691
147,0.0007702332223033604,0.03994217046474654,0.957668284817826,0.00020354958301432803,0.0014157619121097015
148,0.0004354473087328957,0.052330431294224454,0.9463167880339274,5.5266633783221816e-05,0.0008620667293322791
149,0.0011284386778138095,0.040131684139957054,0.9577826193743226,0.0001490919461447283,0.000808165861761751
150,0.001028549977870507,0.056734587761132896,0.9402988407781542,0.00015384402246127575,0.0017841774603812766
151,0.0006320877081171264,0.021084007132421607,0.9772923311901605,0.00014562350336715004,0.0008459504659337341
152,0.0010811638439801813,0.04958804969674773,0.9478160254277278,0.000181473911595342,0.0013332871199489174
153,0.0006340771112893205,0.02732951221295061,0.9703924089263422,0.0002539686953097989,0.0013900330541079552
154,0.0009056998230098337,0.030918044127715753,0.9656157761671279,0.00043822070328260995,0.0021222591788639623
155,0.0017835059581878762,0.07142633910391608,0.9205342479855982,0.0014769552558368379,0.004778951696461024
156,0.04149441958585473,0.341129780208405,0.519972330896069,0.01370654953223813,0.08369691977743327
157,0.04352438243048204,0.2538003487822375,0.6512611033484275,0.012575993528636817,0.038838171910216296
158,0.10408635658181359,0.5119704442190939,0.30848881200316636,0.02873920362306225,0.04671518357286392
159,0.12962341834243674,0.7700654452124536,0.06285907620713585,0.01231565674823608,0.02513640348973786
160,0.04472158902281192,0.7521234594133467,0.19262183292147156,0.005352430720626325,0.005180687921743468
161,0.11947427063401278,0.7810327554687682,0.047575025771696776,0.02119573353733937,0.030722214588182938
162,0.0691111011170217,0.7665163830665951,0.1330570124796638,0.016698147255255178,0.014617356081464285
163,0.05325698037783282,0.7450732313147422,0.18664568079936367,0.008213115866614907,0.006810991641446329
164,0.015953134233825376,0.7974145384467379,0.1743294213456037,0.005141820631415503,0.007161085342417437
165,0.1083846080855292,0.669958365865887,0.18650353127453073,0.011486825541983808,0.023666669232069254
166,0.024872315947592503,0.5909925283293526,0.36860054562911343,0.005695180573062928,0.009839429520878662
167,0.015605701521658067,0.5457488748623514,0.41835765151438375,0.0039561404317929325,0.01633163166981385
168,0.1240316797656601,0.7073788816989421,0.13707232195397334,0.00746395754050256,0.024053159040921885
169,0.040866097931779914,0.6371070627643569,0.29930067462424703,0.0046883766977704865,0.018037787981845667
170,0.039643650567447807,0.6429416741141462,0.30641027561444223,0.002755376800003067,0.008249022903960835
171,0.1662573461811513,0.6632795279595547,0.1521367197843609,0.0034844680906635514,0.014841937984269606
172,0.02202172664649061,0.6404524999779183,0.3202587401299904,0.005402188014119022,0.011864845231481498
173,0.14375250804798942,0.7559508655622063,0.07803623812150101,0.007208526800923953,0.015051861467379286
174,0.044282812451600394,0.7667875426668884,0.1773351969638125,0.0043574006855279105,0.007237047232170782
175,0.07269957190710555,0.6506386571365258,0.2275068792370935,0.02147037128233218,0.02768452043694278
176,0.030107415627810788,0.5491706346809173,0.3911303960277994,0.006899857054439302,0.02269169660903318
177,0.18114692252098016,0.668382656937533,0.06686882889767325,0.015484724811359535,0.06811686683245419
178,0.07270911779300818,0.7116589357909401,0.15176039250508203,0.006975853830468415,0.056895700080501314
179,0.026895785072783816,0.8416600614855873,0.08838336060813769,0.00624482605239082,0.036815966781100384
180,0.057946988798763595,0.6348115088807059,0.08596762909022816,0.007303419247400918,0.21397045398290152
181,0.015148798772412708,0.025216525604658237,0.0012487778544569735,0.002371845672115114,0.956014052096357
182,0.16173697715231466,0.1421910933979758,0.004764077268371515,0.016949315438168824,0.6743585367431691
183,0.24080743822315895,0.1388001783359867,0.015201845862403144,0.015931017509786566,0.5892595200686647
184,0.22708419558125306,0.04135424574886846,0.00034149164233873876,0.044468172524975605,0.6867518945025641
185,0.5757448945484048,0.09920565091439812,0.003575283016429188,0.026237505833616993,0.295236665687151
186,0.5162721559693525,0.18147075427061246,0.0009706773632762417,0.07755492680121909,0.2237314855955398
187,0.30001743509378936,0.5919595554791685,0.0031659067865404894,0.036117520230991795,0.06873958240950978
188,0.23886542076842776,0.594832571384904,0.06259288039302868,0.058048239050615576,0.04566088840302415
189,0.05596016622679759,0.8899874218937482,0.007699464502361773,0.0263299779125358,0.020022969464556443
190,0.02883200456407656,0.9055271125221346,0.039127582456411264,0.01761053770798114,0.00890276274939634
191,0.05768019310447733,0.7968300123376845,0.09767130717086171,0.02995931846114929,0.017859168925827226
192,0.027204873603151384,0.8969740832852592,0.038142677274710754,0.025292558246628658,0.01238580759024996
193,0.014940777902845492,0.9031433598369489,0.067079986385427,0.009683590844341033,0.0051522850304376285
194,0.010823304453826033,0.8421917782590302,0.13717870736724483,0.00729483072628637,0.0025113791936123616
195,0.012825875045945116,0.8677420451302627,0.10627938169165485,0.009290867767392757,0.0038618303647446083
196,0.036139715496203796,0.8780344822628716,0.03913300773449449,0.027412670790791634,0.01928012371563852
197,0.04077497374869979,0.9050783927255796,0.023741388951582527,0.026952809422854856,0.003452435151283255
198,0.0378594198772162,0.8445062538590268,0.10182507762040899,0.013156314390081449,0.002652934253266617
199,0.026150409341580413,0.812008006128805,0.14790096258933885,0.009515309473943571,0.004425312466332204
200,0.025283805394960206,0.872475890015111,0.0906004633697811,0.007098963787668611,0.004540877432478964
201,0.013871480439924354,0.8841769249858599,0.09350505446376048,0.004764638826844784,0.003681901283610632
202,0.013436548337947368,0.9344017745873484,0.041845912516202254,0.0044455546885038034,0.005870209869998147
203,0.030271950380128157,0.8401884505876712,0.11891650042115398,0.004807612250362081,0.005815486360684474
204,0.015485079370111827,0.8410974594259186,0.12856014000045,0.0032075670270475054,0.011649754176472134
205,0.010040728828738072,0.829994261237166,0.1356338202937358,0.0027760038125095652,0.02155518582785049
206,0.024737457098836547,0.8434004675108182,0.11755404574742954,0.0038282250194656433,0.010479804623450079
207,0.02331112408389862,0.750017399571571,0.19933517405562448,0.006049434357781604,0.021286867931124342
208,0.029005940953676684,0.7744590873629492,0.16761101209310433,0.004393032559866417,0.024530927030403285
209,0.06723619925658333,0.6168390583047918,0.2676558677184942,0.01113340971875318,0.037135465001377474
210,0.04969030466669619,0.5392624353810532,0.3770886231474771,0.014613412121965614,0.019345224682807777
211,0.18284278903546913,0.6815398892165152,0.0828076935279087,0.030732596206626668,0.022077032013480505
212,0.15711151546791158,0.7265387502356154,0.06891545876282909,0.026752731280036284,0.020681544253607523
213,0.09916868406639029,0.5954298893430878,0.23865663127564812,0.033736151455925005,0.033008643858948535
214,0.17030404111544672,0.6660067602101493,0.11950796415667946,0.024658924582157876,0.01952230993556673
215,0.058378122099793636,0.8079421327421866,0.10869776805668314,0.014786857880081716,0.010195119221254956
216,0.013332713800987887,0.6512136785080949,0.31657575511398317,0.010822055065842768,0.008055797511091423
217,0.1403067708210156,0.6726564647818903,0.1561499938241002,0.017957947382984053,0.012928823190009823
218,0.040766843885876126,0.6945999835567768,0.2308806772932964,0.017573957725505112,0.01617853753854565
219,0.04443437091261415,0.6130119300057746,0.32829796170668185,0.003301776901391468,0.010953960473537878
220,0.026086401909622196,0.7516530752626772,0.1945240007069151,0.005528270381346733,0.02220825173943847
221,0.038844072174479265,0.784400948436795,0.14783376542501167,0.01114143282844592,0.01777978113526816
222,0.02618395026087423,0.7900821689636672,0.16666341435779028,0.006769748550412661,0.010300717867255808
223,0.04710520296736108,0.6852617984040008,0.24887331044038963,0.008693773672272798,0.010065914515975797
224,0.029424873329742342,0.41797446921286785,0.5209770839949769,0.011283092308479124,0.02034048115393377
225,0.009288712543540176,0.38179908797388656,0.5911063340983582,0.00637908329396931,0.011426782090245684
226,0.007614254064292398,0.3897280829754943,0.5896897803994718,0.0051328105766418495,0.007835071984099506
227,0.008532439602074204,0.2618360448350272,0.7141793302125558,0.004785496299856896,0.010666689050485834
228,0.07297499384391597,0.6947189761679449,0.21565290903068535,0.00755698977310606,0.009096131184347864
229,0.023459112193891817,0.46047409111170834,0.48839361278427673,0.012695848299574639,0.014977335610548361
230,0.045722403024391955,0.7006176143163589,0.23435326402827597,0.010602775316579749,0.008703943314393454
231,0.03809860094795121,0.5842969380188586,0.2694942435093821,0.01273381042061367,0.09537640710319446
232,0.09730133882054502,0.6222367783692362,0.24496588177229583,0.014820766578996602,0.020675234458926346
233,0.036851766336343336,0.789761398847328,0.15328922690196883,0.00852457040800686,0.01157303750635289
234,0.03200098748881653,0.4750548963250106,0.4674069248317557,0.010688617782690951,0.014848573571725964
235,0.10144783615757391,0.7111398075825011,0.12431718907807897,0.0368637900068299,0.02623137717501623
236,0.03889092097779718,0.6171719958233971,0.31683529524104764,0.010788800479139812,0.016312987478618462
237,0.059429629047784,0.6498721191773117,0.2551698309958285,0.02080364218367247,0.01472477859540328
238,0.11226377976901109,0.7336485287812746,0.12013517998379611,0.021772853257997927,0.01217965820792026
239,0.032146096825276645,0.7685674833621434,0.147710568114471,0.027352994730017056,0.024222856968091726
240,0.021439135316533832,0.33683704549531057,0.5865422931489427,0.025312989619273394,0.029868536419939522
241,0.08142663241482379,0.3833096630239497,0.4061688690734022,0.08345533668032423,0.045639498807500116
242,0.03902822623532044,0.5334931679285889,0.33469035806582675,0.027299709858613422,0.06548853791165044
243,0.03236235655708246,0.6749123107654587,0.22916425489002365,0.01796070474077402,0.045600373046661084
244,0.004855734850838844,0.01547512412477518,0.005190245941025484,0.009030702234011884,0.9654481928493486
245,0.012632121338534225,0.031157097758465008,0.0026837804189264003,0.007670446581964427,0.9458565539021099
246,0.25678670619578825,0.4216162445539406,0.006360487094701569,0.039843875245573535,0.27539268690999613
247,0.012236063305365997,0.03573692691507505,0.0009497874833038442,0.0016658347512802118,0.949411387544975
248,0.011745023602546308,0.0270079071078103,0.0035000482074218253,0.0041549063583205224,0.9535921147239012
249,0.29053516326855156,0.355658854619803,0.0028676594040223306,0.030885133856470615,0.32005318885115236
250,0.3063381534838245,0.4542746994014781,0.021085204731771338,0.0230972395750721,0.19520470280785404
251,0.20485257457163472,0.5411308683862803,0.03699244795438127,0.02599273229136905,0.1910313767963345
252,0.20987031313252594,0.5576893082555036,0.045151933493534344,0.04946079293207261,0.1378276521863635
253,0.10193928634564511,0.6980337035122052,0.04922920568688876,0.04931250943619514,0.10148529501906589
254,0.15857998338782833,0.6464165316999143,0.025099152903806272,0.042276384271765194,0.12762794773668598
255,0.16087032463735482,0.7794990810691977,0.012071258735029658,0.015444497425064084,0.032114838133353606
256,0.049641372845392065,0.8037920266881882,0.08819593009399457,0.047043969247819575,0.011326701124605832
257,0.04728913426680471,0.7602696147068377,0.08841328827207481,0.09937363453685362,0.0046543282174292605
258,0.034753854333838076,0.38139961065918154,0.014208557599418026,0.5387785378066255,0.03085943960093679
259,0.04507418600866192,0.15946796255289786,0.002319735452454246,0.7542489353389963,0.038889180646989735
260,0.012262169328951794,0.04679314357316945,0.00017044098033858288,0.9226702221508092,0.01810402396673089
261,0.02913189315794171,0.012293898618906054,8.314496869466329e-05,0.9200584878478583,0.03843257540659931
262,0.029104775408861028,0.009539755352483442,3.2152357328683285e-05,0.9579613392188461,0.003361977662480836
263,0.023506500444015054,0.009234167713328415,2.6548569090552258e-05,0.9635448888862166,0.003687894387349495
264,0.010105215081638351,0.011023787279462285,4.6186368153708936e-05,0.9735286939541079,0.005296117316637712
265,0.042815206574306194,0.00847744247186987,5.809532141562094e-05,0.9326532211117683,0.015996034520640044
266,0.03116788754242277,0.015461837655167317,0.00013292535829388433,0.9404881013311628,0.012749248112953152
267,0.028167042607493867,0.017338234225724326,3.3198175290970856e-05,0.9495450886361501,0.0049164363553408615
268,0.0329132363473912,0.019798108479008716,5.922704220797967e-05,0.9386982995364086,0.008531128594983603
269,0.0355331723650741,0.018604337549635662,5.172534029147083e-05,0.9319374613907985,0.013873303354200135
270,0.024006746839366544,0.040651414942738134,0.00022540877402540908,0.9134533734903235,0.021663055953546246
271,0.010397347425644122,0.044951377215750085,0.0003875371249825973,0.9027397048537895,0.04152403337983363
272,0.02112836845096493,0.02679371605239985,0.00018558541130638825,0.8118170904138685,0.14007523967146032
273,0.022259770585241007,0.006376298414870715,2.8923771088739793e-05,0.9492008368813247,0.022134170347474714
274,0.04190394490625724,0.014736249814209422,0.0001898542169014793,0.8118643156317976,0.13130563543083404
275,0.016700109509516083,0.008604118124510578,7.733739733372973e-05,0.9357939764844438,0.038824458484195704
276,0.03031798953722383,0.009178512458894852,1.6960140064236465e-05,0.9464184210779417,0.0140681167858753
277,0.06844548814158012,0.014870889226870085,0.00034516224789359897,0.8239754753756794,0.09236298500797682
278,0.021090713729964506,0.005613433814376874,9.531688629166307e-05,0.9367898663193669,0.03641066925000003
279,0.03999639794965266,0.009239826940587814,3.046923740623701e-05,0.8968914975389958,0.05384180833335755
280,0.02531519127226206,0.008076021146061095,3.382330050020106e-05,0.9595483510808281,0.007026613200348378
281,0.007767554387477288,0.005271762756632195,2.2386365853121058e-05,0.982803969509661,0.004134326980376309
282,0.011003837959375571,0.005946296211929013,7.066822549304734e-05,0.9768274102364803,0.006151787366722041
283,0.011124675097168362,0.010241717956957965,0.00010384714116592254,0.9663077554361141,0.012222004368593635
284,0.05551682934305089,0.016359867353550946,0.0004519848544375788,0.9028135835681091,0.02485773488085122
285,0.043218965396392896,0.01937893859935829,0.0006622256621632965,0.914452793535256,0.02228707680682949
286,0.009437548938313774,0.007449257556218898,0.00019607126692659403,0.9705906577623428,0.012326464476198062
287,0.06319220645416379,0.01034719146150547,0.00011373270751084288,0.9139762875920483,0.012370581784771392
288,0.055926975236276384,0.02226042327679883,0.00014331462223771423,0.8797510172345401,0.04191826963014689
289,0.20247625589549878,0.1455971827900792,0.0010798606066939095,0.38048705539397587,0.27035964531375223
290,0.21940309802444727,0.032562133193440965,0.00010673562970418218,0.7132329134252126,0.03469511972719509
291,0.11698987280965477,0.07146706861007047,0.0006658202516634841,0.6967700046699372,0.11410723365867415
292,0.11700955228130079,0.04961868747886196,0.001478690062741387,0.6930946286212071,0.13879844155588875
293,0.09823544613637653,0.0349179822031059,0.0011110831334591653,0.8053367963700874,0.060398692156971065
294,0.025539015656244494,0.007995534173738515,0.0027158901891389813,0.9285952785030358,0.03515428147784215
295,0.01987834096454328,0.005379281544404771,0.001731113121427483,0.9591974668226336,0.01381379754699081
296,0.016727933777207948,0.0038775360422485497,0.0010268187826227848,0.8691160648543416,0.10925164654357927
297,0.03133471142232365,0.006077047731323657,0.00015664417371210622,0.9541432273796027,0.008288369293038
298,0.05335833750202618,0.014823864295560714,9.682187415016237e-05,0.913731988264755,0.01798898806350793
299,0.024574907778575746,0.030905624743489405,0.0002089188889025094,0.9289518754092212,0.01535867317981126
300,0.034494356397500224,0.008377463190733205,0.0017418597949474166,0.905098077519125,0.050288243097694224
301,0.06538090383765846,0.017301079021192236,0.001280731749274391,0.8815217958993175,0.03451548949255732
302,0.012486399744986405,0.011265826819163185,0.0003791717464920396,0.9655155465058215,0.010353055183536993
303,0.07232943748150614,0.01841402529550421,0.0023245967049711183,0.6716886164294265,0.23524332408859208
304,0.03750183118059542,0.009667826849485526,0.00013516417432817105,0.9488675068102319,0.003827670985359017
305,0.026336643770036576,0.020412307016988512,0.0015383954826672125,0.9366044197713499,0.01510823395895781
306,0.04226869694497132,0.04482977208843516,0.00028426956294358766,0.8728734170066212,0.03974384439702872
307,0.09260070929171942,0.06674977006253227,8.998262698124143e-05,0.7945657298549943,0.04599380816377279
308,0.012213316255955833,0.01133435292170706,0.0017603967282789465,0.024922574473671882,0.9497693596203862
309,0.28448303700353894,0.02257581281365908,0.0002858838355947505,0.2354943707192454,0.45716089562796175
310,0.29311923437162873,0.05031603436975823,0.0006445079605079108,0.11568172508533082,0.5402384982127744
311,0.29660653620241045,0.08980635748226759,0.0009702027654256431,0.09707641033937717,0.5155404932105191
312,0.07365900759050796,0.09882485912110141,0.001509951649986272,0.06824295158311185,0.7577632300552926
313,0.4560647623558641,0.05705920402654126,0.0009815659978204886,0.35044328154957216,0.13545118607020212
314,0.4182118260223384,0.03518002248646663,0.0005659103995953806,0.2904025785127585,0.2556396625788409
315,0.5146059329798579,0.21070717798361166,0.0004981644918660628,0.18985766053704786,0.0843310640076165
316,0.3473717404131118,0.5535140705663666,0.0028072810468173785,0.02945318494042815,0.0668537230332761
317,0.20758603282546007,0.7363067500888805,0.002822122957100104,0.03281610238695498,0.020468991741604534
318,0.07351256018065416,0.8699690364870758,0.0047081222615383,0.03779342348453176,0.014016857586199832
319,0.03946090826979587,0.9206812730203785,0.0033202559998057953,0.033963195801929184,0.0025743669080909135
320,0.02114326410566773,0.9354993333741858,0.01518796536803205,0.019994111182253718,0.008175325969860495
321,0.02335023713227704,0.95066428232161,0.002139993483911395,0.02176932207059507,0.0020761649916066207
322,0.009579547435759438,0.965684306762198,0.005768225242471615,0.01613476002921597,0.0028331605303550398
323,0.027035593922685865,0.945220517408765,0.002714587848628525,0.019919498120419574,0.005109802699500956
324,0.027309713157308343,0.9345739183921253,0.0039279130504243295,0.025548325008821277,0.008640130391320848
325,0.0164580791888033,0.9453903169244549,0.024253307804993976,0.011279725413522197,0.0026185706682258156
326,0.05709134111197383,0.903170730827496,0.007756506821307148,0.015185429698621857,0.016795991540601227
327,0.07698527123198659,0.8759752915924829,0.008210016627531541,0.028883676146992564,0.009945744401006503
328,0.01305650339243752,0.9612643850335812,0.019055335689997704,0.005267861864892721,0.0013559140190909096
329,0.03596816448556051,0.9313729280910846,0.023593270552018278,0.005361027233604346,0.00370460963773232
330,0.0112857643386777,0.9000142088559774,0.07678810724033568,0.003877974792978939,0.008033944772030243
331,0.013248929378678477,0.9256917028105511,0.04656026139680841,0.011065785356086611,0.0034333210578753846
332,0.010685981440527193,0.9631302932611234,0.01835035235264595,0.0029366088343916277,0.004896764111311769
333,0.017488655421527798,0.9032944504975631,0.07398102299558616,0.002590973400735526,0.0026448976845873506
334,0.007165405247103328,0.8972766795821808,0.09009026040752935,0.0019677797283861186,0.0034998750348004385
335,0.009891515717698019,0.9260870242921073,0.05898613126764833,0.0008660778529891663,0.0041692508695572025
336,0.024175646908367564,0.8952590598654574,0.06935168579407303,0.0020399601968644977,0.009173647235237652
337,0.005284825482407354,0.7742876931536712,0.21732616260298937,0.000687937692331472,0.0024133810686007796
338,0.007672805144059785,0.8853658186953643,0.09879499365833413,0.0010028588907989183,0.007163523611442673
339,0.028164438382032555,0.8712246954470467,0.08305177722797984,0.002325970072420395,0.015233118870520439
340,0.01842969444927349,0.7415288954946329,0.21707264952196756,0.0009236300139499579,0.022045130520176127
341,0.04676108947092046,0.8403615177840765,0.09443045664824933,0.002667996652884345,0.015778939443869405
342,0.06496973376363148,0.8348587501210036,0.07465364253580138,0.0023623406994455805,0.02315553288011776
343,0.05516815857051703,0.8396507509492288,0.056202516647269614,0.002541525152374079,0.04643704868061046
344,0.01898208967463706,0.8706323551377674,0.10641311560558614,0.0008295430770415222,0.003142896504967749
345,0.009490126124919018,0.7460148488426156,0.23935836944343247,0.0014196881925367987,0.003716967396496221
346,0.03151912340913015,0.9239228675761645,0.028289746882106923,0.0035096432156647896,0.012758618916933771
347,0.007669291109394534,0.6493846231717599,0.3397132740166323,0.000677118575334298,0.0025556931268789144
348,0.01599870943827792,0.8005658660954635,0.16141663058256073,0.0016970479582821723,0.020321745925415784
349,0.01097172918878832,0.6406181741955373,0.34346358959537576,0.0006637314168395949,0.004282775603458982
350,0.029087579709546705,0.6684530604190111,0.295915739732481,0.00150566202153657,0.005037958117424746
351,0.009547209194446887,0.6528239891015906,0.31701374433692925,0.001057697424633527,0.01955735994239972
352,0.009089853239148652,0.40212980737436255,0.5839645893532753,0.000778013984382183,0.0040377360488312595
353,0.011900670263185961,0.6517419126711989,0.3280670225698278,0.001048051111453331,0.00724234338433419
354,0.012909990847063844,0.7007563822448322,0.2758583290028521,0.0006545476552378171,0.009820750250013907
355,0.006432940473653562,0.5783545791112062,0.4101320645311921,0.000593456325109448,0.004486959558838671
356,0.004274133222842452,0.5798271000520961,0.40958009700566955,0.0008770584025241225,0.005441611316867745
357,0.006609886347185256,0.4858426638999486,0.5037711506457971,0.0013747900610748937,0.002401509045994091
358,0.0034321709891206305,0.4136837782864993,0.5806895326847762,0.0009838520738628283,0.0012106659657410356
359,0.003892744703577171,0.3865084799779263,0.6065333534908637,0.0012599019531332955,0.0018055198744994574
360,0.0010216130821732031,0.17247975761645998,0.8251367418670068,0.0006348072459088504,0.0007270801884511092
361,0.0030875153076174566,0.2984068764156723,0.6959707678147695,0.0011496369356240317,0.0013852035263166842
362,0.0028418361649761373,0.2886930309823441,0.7053878572702315,0.0014076108325373107,0.001669664749911051
363,0.002506278013622481,0.22085603884658667,0.7736971266861666,0.0012964360402681087,0.0016441204133559601
364,0.0032766122335726156,0.7413900832266379,0.24982913609101037,0.0017800647117211948,0.0037241037370578617
365,0.0029875950307413513,0.5203738042283642,0.47334589568638824,0.0012289699058965205,0.0020637351486096412
366,0.0019274488131087709,0.3406251854053316,0.6541299905577438,0.0012468596561787538,0.0020705155676372564
367,0.002367744353919611,0.18618030274073452,0.8091423692253237,0.0011742820345326545,0.0011353016454895527
368,0.0021520089264448245,0.428908367710926,0.5654292912493665,0.0010414188596746248,0.0024689132535879984
369,0.0013294309978345612,0.21208504079589333,0.7848947561118856,0.0006112655366680772,0.0010795065577184069
370,0.0021909870212817512,0.22995481679312607,0.7649005468435581,0.0016414976070263183,0.0013121517350077033
371,0.000828635956200679,0.21868946360198413,0.7791594944699294,0.0004562921729864604,0.0008661137988992645
372,0.0018213280394332539,0.2641051241880451,0.7322402453742565,0.0005640515753664279,0.0012692508228986956
373,0.0013652583437930499,0.16374218310356328,0.8332711320970163,0.0004348512947203765,0.0011865751609068938
374,0.0007809893876288303,0.1770878454378963,0.8211018064493091,0.0002410961278261656,0.0007882625973395715
375,0.0011271144073235044,0.09126643090285134,0.9059398535092054,0.00053298960633312,0.0011336115742868115
376,0.000680099034117278,0.08935711071541252,0.9091196185157306,0.00014495261483968186,0.0006982191199000696
