epoch,N1,N2,N3,R,W
0,0.0020156358918497668,0.000265098163706721,0.0,6.88239702279578e-05,0.9976504419742155
1,2.6516210813084516e-18,2.5000763748313e-19,0.9999999999999993,5.445307332283498e-20,7.415264908800374e-16
2,0.0049777481002376235,0.00039043492104555276,1.659503884875453e-06,2.8087260841243462e-05,0.9946020702139907
3,0.004171615403274312,0.00023936134409725785,1.3159173936868938e-06,1.6416020552919867e-05,0.9955712913146819
4,0.01334977908028266,0.0007191125656660791,1.2626618229397953e-06,5.116925739842109e-05,0.98587867643483
5,0.006118671827594963,0.0002871064698829987,1.4980765661809395e-05,2.8205392718304418e-05,0.993551035544142
6,0.007290803773577529,0.00012452781605441516,3.5702886551760494e-06,2.8354623698684e-05,0.9925527434980141
7,0.0026366344731499577,8.635464208246653e-05,9.424602093686535e-06,1.6569738964252735e-05,0.9972510165437096
8,0.013281751070973813,0.0004043309299544709,1.6031740029808747e-05,0.00010663038421278207,0.986191255874829
9,0.004231740601466098,0.00022815417164478017,8.938195118980092e-05,3.074888172553802e-05,0.9954199743939739
10,0.008632718395726451,0.00023057481398025626,6.175083068906874e-07,5.984443523765002e-05,0.9910762448467488
11,0.025633040534811857,0.0006304035638886896,1.1347244526371846e-05,6.708048536752458e-05,0.9736581281714055
12,0.01691389643872203,0.0005504662244949911,7.514143324554714e-06,6.211474074825605e-05,0.9824660084527103
13,0.01385920787250982,0.00010644164042789707,3.059231980012842e-06,2.1514764967933278e-05,0.9860097764901143
14,0.003036460456762245,0.00026387574855838477,1.570247807623727e-06,5.4558052536700246e-05,0.9966435354943349
15,0.0029134858876495666,0.00040869471398306915,0.00024389813222349448,1.6510689272712243e-05,0.9964174105768712
16,0.0022524501643965593,0.0005065744197142088,5.240125239882288e-05,2.7298772644899838e-05,0.9971612753908456
17,0.003857574843075164,0.00015255398280635796,5.320617614275641e-06,0.00013921700340481475,0.9958453335530993
18,0.0028032850332796572,0.0001265874029559426,6.871990915553544e-07,0.00011758450571998536,0.9969518558589527
19,0.007730946391609521,0.0006461508430306875,4.165143419539441e-07,0.00018683637127941987,0.9914356498797385
20,0.010619985379567742,0.0007333672323540705,1.3305262673431319e-06,0.00011374974177900505,0.9885315671200318
21,0.0677853623601875,0.00807268599063024,1.5925498453359992e-05,0.0005814582730314213,0.9235445678776976
22,0.04086325346003161,0.004086537113335,2.449351954037938e-06,0.0003467148921373367,0.954701045182542
23,0.2873315520250463,0.03021221646529705,4.08434865432858e-05,0.001018532536133632,0.6813968554869798
24,0.16173063672380736,0.01031215489112486,1.0440833582858825e-05,0.0005161438809807713,0.8274306236705042
25,0.27087759081927976,0.062472672724502,0.00019663217908906015,0.005035558565392678,0.6614175457117364
26,0.3835090333551877,0.15372838542472325,0.0012278094668637834,0.006556586523678408,0.45497818522954675
27,0.41723467951878246,0.027826431999547672,3.415449949009381e-05,0.010708780273480297,0.5441959537086996
28,0.3843771069643857,0.19597997894040955,0.00040475032017808294,0.01886312435088637,0.40037503942414016
29,0.1573876774607263,0.552994363141568,0.0015213002690432015,0.05808209971559167,0.2300145594130707
30,0.20176754864628307,0.608776378633415,0.0006681908569912276,0.06705091705694233,0.12173696480636814
31,0.07395628878492386,0.8163194020501146,0.00630952808795463,0.035455408190609786,0.06795937288639711
32,0.27946457107515404,0.0971993889508146,0.00013087182678868964,0.11313607709765326,0.5100690910495894
33,0.28593017149006245,0.44586816093280773,0.0025933951909498515,0.032102061894377,0.2335062104918029
34,0.08251516570099192,0.6076212007190364,0.06082216169981865,0.005155103993594294,0.24388636788655887
35,0.2633939931706587,0.4302908659801421,0.0004801091228799412,0.10623350625861469,0.19960152546770465
36,0.1021128733507385,0.6078393920999807,0.027173104790041924,0.016934432166120377,0.24594019759311847
37,0.011576618803221179,0.00434807631881426,0.000127431426132086,0.00098630231064857,0.9829615711411838
38,0.013038422744313771,0.002271171462098667,5.7790587731742696e-05,0.0019914000918415144,0.9826412151140144
39,0.05469406809624475,0.0018168584040185558,2.1709376462228144e-06,0.0007398454109345844,0.942747057151156
40,0.7535497741680165,0.02427072558827586,5.038960001993329e-05,0.0032436945347301387,0.2188854161089576
41,0.5929401714819262,0.15397174826831023,0.002968220303533634,0.0004867763405659753,0.24963308360566408
42,0.6482004143848556,0.21782267908063507,0.00013005115207605867,0.004547669292249486,0.12929918609018373
43,0.18879679484056047,0.6509727683997389,0.018419195162443863,0.006242124514949253,0.1355691170823074
44,0.14118162773882595,0.768081941552382,0.010680806716719542,0.01083129977815724,0.06922432421391546
45,0.07962097812183179,0.8571805906691132,0.03123801256009815,0.005098243088405592,0.02686217556055119
46,0.3716295523472343,0.5628105893786114,0.0002167435915988961,0.034664883522164874,0.030678231160390423
47,0.037439810303665694,0.9335701294707659,0.020682937545266983,0.001462168057346917,0.006844954622954482
48,0.024333625529379534,0.9333120718477714,0.03638360459569138,0.000548985555794015,0.005421712471363607
49,0.01798075107904498,0.7105909870970489,0.26114097079462784,0.0007083118354903656,0.009578979193787772
50,0.07266685766727529,0.884991327639395,0.014544306190666293,0.005892757240198837,0.021904751262464345
51,0.05503742104300733,0.9181559896349674,0.005234349977691393,0.0029966130785457406,0.018575626265788132
52,0.07325964246640299,0.9136361262105066,0.002735895503288274,0.003991024148886834,0.0063773116709153746
53,0.044131966930324694,0.9156717561582451,0.0329833573724425,0.0007394961683925183,0.006473423370595118
54,0.015071623933362852,0.8658104048096161,0.1115324610800808,0.0006494775785895525,0.00693603259835068
55,0.019595900484472947,0.8916501626100766,0.07601465155991972,0.0014438471255985537,0.011295438219932267
56,0.016185916384552336,0.7557910983342104,0.19393590141819878,0.0019536704885877152,0.03213341337445069
57,0.11112443379447462,0.49886281886010964,0.014672016423641916,0.007008834625927999,0.3683318962958457
58,0.04099888152751787,0.9006304755802157,0.009785732182744498,0.001168679625152586,0.04741623108436935
59,0.07244593065139612,0.8477558606429448,0.009934287630783436,0.0013778173323601896,0.06848610374251517
60,0.5440022251064758,0.39755462276952963,0.0004585372561428467,0.004537888510383809,0.053446726357467826
61,0.022413598962828768,0.5736645546458335,0.38555089930503333,0.00020275863653691022,0.01816818844976763
62,0.06440226325069912,0.8889091252121618,0.027258759007062077,0.0002367930348656014,0.019193059495211533
63,0.010949620202973428,0.6357592723889043,0.3409431962024283,8.298667995660848e-05,0.012264924525737443
64,0.005575236908291647,0.613225548428791,0.370805862182162,9.028487093181953e-05,0.010303067609823453
65,0.011568811114629257,0.7245105992558809,0.24316275350849745,0.00012407588404718745,0.020633760236945076
66,0.003144547324688787,0.14534854342962086,0.8191829179427171,9.858976054893827e-05,0.03222540154242425
67,0.009166478807059054,0.14424858692605552,0.7252668495920574,0.00012304666813753868,0.12119503800669043
68,0.03498635978196995,0.6354810921948024,0.28252304424599467,0.00017734456334034745,0.04683215921389267
69,0.0132748212140506,0.6974657868207426,0.26226495909433706,9.289281015811654e-05,0.026901540060711736
70,0.0017569040856704717,0.09295567595802307,0.89473071691243,2.7753815247828782e-05,0.010528949228628723
71,0.0074048328645038635,0.26036348593308384,0.719066583702753,8.241753250436866e-05,0.013082679967155017
72,0.0013334605158359422,0.08833034296168739,0.9023085844048588,3.2156375055951636e-05,0.007995455742561965
73,0.006271561638297594,0.27535189218266487,0.6991720958086911,0.00020647231894875933,0.018997978051397604
74,0.00162696213750008,0.19377673612259186,0.7966321805046808,0.00011236316467980326,0.007851758070547655
75,0.005818842635836558,0.49731658278140234,0.48509881068573113,0.0002922781749925161,0.011473485722037541
76,0.001685392513122819,0.28723473079279016,0.7061373741301736,0.0001646548275441939,0.0047778477363692295
77,0.0026281133577549355,0.38329414941569495,0.605147880599149,0.00021638212337462095,0.008713474504026519
78,0.013034612152354566,0.8712798018591108,0.10663345692583948,0.0005802705821554278,0.008471858480539813
79,0.0025500569570505744,0.23058648869572346,0.7600680743858338,0.0004035295681905622,0.006391850393201542
80,0.010506169093656606,0.36145044128133547,0.6153330843233223,0.0013720867852654928,0.01133821851642018
81,0.008318409869406865,0.7880807727319699,0.19565375738846674,0.0015404304288899233,0.006406629581266404
82,0.005502026593866548,0.7713317808555403,0.212945947705259,0.0019126129137292714,0.008307631931604722
83,0.005928597716288928,0.5256371940084497,0.45600190598779217,0.0011457096962462483,0.011286592591222824
84,0.0517806324161335,0.9027679708702147,0.030020320409568833,0.005403347702812721,0.010027728601270419
85,0.04125618698742113,0.6725339812031192,0.2535310304822138,0.0024477284813940086,0.03023107284585188
86,0.13191539089129614,0.8237575041762248,0.009169210278580487,0.009038948609089463,0.026118946044808824
87,0.07074594461216475,0.8983116280275835,0.011170285368685178,0.004225949642911288,0.015546192348655362
88,0.11641565582520921,0.8112532146586227,0.03230183446519277,0.0037080814810968006,0.03632121356987864
89,0.0700687262703794,0.8306458799382688,0.082222243360848,0.0021516800788372635,0.01491147035166624
90,0.0601636804202041,0.8775674224570325,0.046188925870604684,0.005417034616202749,0.010662936635955994
91,0.058492470352641775,0.9069907762222598,0.022745628921972485,0.004839180763955518,0.00693194373917044
92,0.024033991071310705,0.8697052820182943,0.09693214919123541,0.0024315966563094467,0.006896981062849922
93,0.034840992095347946,0.7458347904178031,0.19818190692994156,0.0019252219739301143,0.019217088582977045
94,0.005237882191797878,0.6269990481553376,0.3602375584300288,0.0009809746871004565,0.006544536535735386
95,0.018755874748793415,0.7527526840752631,0.21952224698970632,0.0025352949474048768,0.006433899238832224
96,0.012109353869904088,0.6897294523901246,0.2866025468794117,0.001553802857207221,0.010004844003352519
97,0.0031376173353090077,0.36810904288762253,0.6192705634682975,0.0007206367038632184,0.008762139604907916
98,0.004198218070767036,0.4708566750766441,0.5167521548878033,0.0008455545756242926,0.0073473973891612894
99,0.012725795868734627,0.7925113908832396,0.1840206764941892,0.002726718585574336,0.008015418168262326
100,0.008320219624843134,0.5371545038506167,0.44174966673211224,0.0011437083100385428,0.011631901482389406
101,0.016662279605293512,0.9180535773216913,0.05766492903819644,0.002033040568991384,0.005586173465827207
102,0.003215457256252687,0.36203925594454,0.6294514413164285,0.0005188925693735617,0.004774952913405272
103,0.017720065185516026,0.571775457666929,0.3948835831628842,0.0017674842205515611,0.013853409764119183
104,0.003955807851419073,0.2777500176384962,0.7145392659793566,0.0006205938778253525,0.0031343146529028277
105,0.004705353682904457,0.5375381134968288,0.4510182504358971,0.0015926432330453646,0.005145639151324239
106,0.0022723810581503864,0.3804477506334404,0.6114754560956064,0.001834809677784136,0.003969602535018641
107,0.011336166583406153,0.6351371116068713,0.34199727314660305,0.006952869871764,0.0045765787913555275
108,0.026012476275308432,0.3427751142317116,0.6067155925729845,0.004910805605846208,0.01958601131414935
109,0.06517039372581311,0.9058713723320093,0.018070249089555224,0.005201964908163011,0.0056860199444594035
110,0.029386002439659713,0.717253346027634,0.24561023579219107,0.002154199447014818,0.005596216293500384
111,0.03285649947972891,0.8880228117855301,0.07084183378522564,0.001918415408639211,0.006360439540876126
112,0.009520435787231826,0.5790987706291794,0.4054175099323647,0.0010910244499244565,0.004872259201299644
113,0.00478574028882274,0.7472682690651936,0.24269375762322218,0.0017510830853229372,0.003501149937438628
114,0.011135578618327898,0.6837305565095997,0.30015889749696334,0.0005814981762512029,0.004393469198857815
115,0.0019431735394445726,0.3216017525232532,0.6737705921115117,0.00027045941294213043,0.0024140224128484473
116,0.004643194377008372,0.40858592184334475,0.578972496779311,0.0004009470034719684,0.007397439996863974
117,0.005329246737846069,0.5579199906589706,0.43108576699938755,0.0003959960854297225,0.005268999518366034
118,0.001512572746787897,0.24164407907276134,0.753345607871846,0.00024119632546784874,0.003256543983136984
119,0.0011299493215111936,0.08746544398242441,0.9086790457561466,0.00014441709668485374,0.0025811438432330126
120,0.001093080164337167,0.1271912504974913,0.868564646857813,0.00015278513758539545,0.0029982373427731033
121,0.0016474956864482727,0.10452279220105293,0.8886853857721231,0.00034834876746104654,0.004795977572914701
122,0.0016574164207529794,0.11128677222700055,0.8839999883286777,0.0002489546088951414,0.002806868414673877
123,0.002718080469836676,0.2059120971600441,0.7847638375075667,0.0005118923593475351,0.006094092503204852
124,0.0006943724567994888,0.08037127601706488,0.9175639455310903,0.00018653595951538535,0.001183870035529872
125,0.008230947184171866,0.22231052636270082,0.7608955472495524,0.0016834792153973942,0.006879499988177503
126,0.005838218727492001,0.2504346607826638,0.7341841847215148,0.0015005209302691128,0.008042414838060395
127,0.013844881014209554,0.6407146406209652,0.3301539327742626,0.00746345733767658,0.007823088252886181
128,0.0866145522634617,0.7851115976077374,0.08718017869844871,0.020706143103077054,0.02038752832727512
129,0.017883467580383085,0.9229271845969409,0.05256366127351489,0.002730428682998287,0.0038952578661627297
130,0.017187645336434205,0.832837378237827,0.14152235814182254,0.0020294846854123113,0.006423133598504086
131,0.020257339956009868,0.9296048818260115,0.04354248518843498,0.003151412479584336,0.0034438805499595886
132,0.003610143333385258,0.3540377194342365,0.6375820733221763,0.0015161711273213633,0.0032538927828805785
133,0.011423852490710668,0.6273566316622232,0.35159375827428335,0.00498482752646919,0.0046409300463137616
134,0.012215030386530506,0.698057484275075,0.2775283473725901,0.0067034032790542885,0.0054957346867500565
135,0.005582628825092282,0.46516268502612,0.515757519546009,0.005471540543338834,0.008025626059439824
136,0.007802837106688181,0.7599815907956174,0.21766637964446994,0.007198536689824727,0.007350655763399868
137,0.010726960379728428,0.8001023739769948,0.17175920240613163,0.008647292396374379,0.008764170840770743
138,0.13234949746998126,0.8077786353454162,0.020583605548592974,0.031170359912879423,0.008117901723130226
139,0.00916029378221061,0.38050125155235626,0.6029104421735385,0.0024890806226245997,0.004938931869270112
140,0.14265542873799236,0.8275869434448574,0.008959378432586176,0.014577160014044663,0.006221089370519394
141,0.012991399412147577,0.7725829088923881,0.20731454070311842,0.0020119896064965514,0.005099161385849341
142,0.002743667379663464,0.47436281912642436,0.5167630193498738,0.0019061547961774135,0.004224339347860972
143,0.007251528166785356,0.4283432256553948,0.5550043686472008,0.0020962946672037444,0.007304582863415296
144,0.012391542433631185,0.8567468052367454,0.11789717366542311,0.0068554881293577865,0.006108990534842501
145,0.005723072172514525,0.5456827726040713,0.44075732642722953,0.0015019908650469546,0.006334837931137655
146,0.009846058044403909,0.45657980922495006,0.5229081255809372,0.0022845856066583477,0.008381421543050348
147,0.008825886636025708,0.76999514901936,0.21516294264809274,0.001633514209978779,0.004382507486542819
148,0.002769591978318559,0.3581303843551037,0.6316484504348606,0.00125410903641427,0.006197464195302854
149,0.00442881906427803,0.5135717477862359,0.47396624401257653,0.002107314586866177,0.005925874550043292
150,0.0048369053813465184,0.4382450396127962,0.5464027366594333,0.00324186620223405,0.007273452144190072
151,0.010917046787361407,0.556951814128012,0.4110084449250898,0.011010852136763095,0.01011184202277369
152,0.0037300951593281467,0.4295294070631376,0.55790702468451,0.0045039423071301585,0.0043295307858938975
153,0.023715653747033008,0.3305245042972261,0.6095271435930774,0.012599399393746496,0.023633298968917048
154,0.10167895053292728,0.6953753851459188,0.12073207535011699,0.06255078311246638,0.01966280585857052
155,0.05897395939632634,0.6144079879079305,0.23694872735155753,0.048505619751427295,0.041163705592758344
156,0.08999782753366999,0.7214034840635815,0.0888268783645515,0.0452078994364552,0.05456391060174183
157,0.061005608455406646,0.7131658233778057,0.1581414344634275,0.022944402314150104,0.04474273138921018
158,0.09320485277269636,0.7692388917861346,0.040887726576363824,0.06494036783421363,0.031728161030591756
159,0.044796459549428944,0.7335699077901406,0.18057763622504336,0.022125394665664586,0.018930601769722638
160,0.0821728928449021,0.48669546286649373,0.002009896388839337,0.4056821422855079,0.0234396056142569
161,0.036168504051881226,0.8427664075386422,0.05576604783397276,0.05021983047104308,0.015079210104460835
162,0.108728870264198,0.6240058052481593,0.02017174432137087,0.19802922653947444,0.049064353626797466
163,0.03780330340178998,0.5922898125901843,0.001535839857449213,0.36307873218575365,0.005292311964822871
164,0.033421333618400204,0.3248902870466643,0.0026798565834903567,0.62950846936358,0.009500053387865163
165,0.03669915004873868,0.43120955313116105,0.010749377954659094,0.500565149076869,0.020776769788572246
166,0.04900675327512685,0.4444542304134468,0.002674161661879351,0.4835620900836228,0.02030276456592409
167,0.03899854122273692,0.21588102776928458,0.0003716210366458449,0.7315373345298005,0.01321147544153209
168,0.045829228755951266,0.10947408644511024,0.00014802519813710872,0.8334216626560713,0.011126996944730216
169,0.07689595682769634,0.15563606735209926,0.00023959112396488866,0.7494909103596139,0.017737474336625675
170,0.1112769803442119,0.1563671607916733,0.0004339781216865282,0.7133843144819778,0.018537566260450517
171,0.1533086502203057,0.1399907116152451,0.00010025230499360204,0.6919700876864419,0.014630298173013766
172,0.06969291325140023,0.45601992964562466,0.0019070504074679838,0.41719332348362814,0.0551867832118789
173,0.06752928240578428,0.24377143553369637,0.0005087892661436003,0.6537315939991976,0.034458898795178314
174,0.061402188507354544,0.2949256566957449,0.00045699620929751333,0.6206361503452261,0.0225790082423769
175,0.09257231659067394,0.14163174289054983,0.00012946981443135642,0.7543169780626109,0.011349492641733978
176,0.11357706573458602,0.15634928097037215,0.00019664189694534016,0.7123504409097434,0.01752657048835311
177,0.0850326956321683,0.3299739901361153,0.0005740777068097165,0.555552136386125,0.028867100138781743
178,0.11549615952319102,0.2765505864135269,0.0003855249337358072,0.5827323264280284,0.024835402701517784
179,0.0952459326949188,0.5307848629325883,0.0027474593901387154,0.28368504926738886,0.08753669571496539
180,0.10255134306058081,0.2955191837009897,0.0002843847136087628,0.5648799513530279,0.03676513717179273
181,0.056195805787752684,0.36335067429206014,0.0014904211389455142,0.5301714013758402,0.04879169740540143
182,0.03837046184254659,0.21664269865560062,0.0004415420083215962,0.7230772944097126,0.0214680030838187
183,0.0700966833487519,0.3014080715347927,0.0005777639073538125,0.594390433262836,0.03352704794626556
184,0.09949709602653062,0.04362695364836053,3.9670425215726214e-05,0.843456165330282,0.013380114569611114
185,0.12949248023635518,0.2665050014157145,0.000460128158255717,0.563691413143456,0.03985097704621858
186,0.10809180561510923,0.09766315136090185,7.537740107285507e-05,0.7727039107128025,0.02146575491011364
187,0.14979168583192312,0.14624121904589477,0.000518988291138567,0.6732222873956547,0.030225819435388736
188,0.1120236157658498,0.22918751248673608,0.00012592421601181122,0.6227516010282018,0.035911346503200575
189,0.13400861003419043,0.08423879947248737,8.132229498912741e-05,0.7569133748124149,0.024757893385918144
190,0.08877418286529587,0.04008421838254688,0.00029747634480913206,0.28522307446974865,0.5856210479375996
191,0.35857424116720715,0.04918590557514308,3.348030643446161e-05,0.45087688987823543,0.1413294830729799
192,0.4085341403203533,0.19367606627154052,9.086877482000313e-05,0.3221327817544703,0.07556614287881595
193,0.3547772890607089,0.2959979628674408,0.00022989577974396225,0.24359617046444723,0.10539868182765917
194,0.4324347033635606,0.2180162184930909,0.0002503071199041934,0.27499925591070346,0.074299515112741
195,0.10079590549499128,0.7476755426325358,0.008008909395045841,0.08743482180518823,0.05608482067223878
196,0.1509026595178884,0.4913786637049226,0.0010487734794137104,0.3165309753018106,0.04013892799596457
197,0.08875337326614344,0.5973944457793264,0.0012602188654581433,0.30010014243246735,0.012491819656604569
198,0.12202461935720489,0.23982864440339252,0.00048803088966771567,0.6079777291581318,0.029680976191603155
199,0.1374299042035515,0.6984950649173665,0.007896733398927039,0.11543545396037208,0.040742843519782725
200,0.12785709509063695,0.7190830866386052,0.0009605851703594975,0.13902553465023573,0.013073698450162671
201,0.05937741329031576,0.8585083415517498,0.00841249349929228,0.061876076494547426,0.011825675164094758
202,0.05302383496422078,0.843947361640172,0.0014746294263677455,0.0930418784329646,0.008512295536274835
203,0.07108350354574305,0.8237495491377104,0.0014905159472160783,0.09194705785925089,0.011729373510079463
204,0.06198709707176826,0.8650033392406629,0.0014555693441146793,0.060377931917532886,0.01117606242592148
205,0.10312875940588369,0.7829611819471074,0.007411487149661733,0.0716121763856969,0.03488639511165034
206,0.13140355668303547,0.732157401863002,0.0006817742697281636,0.1254350661137219,0.010322201070512441
207,0.04377742939176654,0.8583874950614803,0.016930832906004823,0.022138089132935256,0.05876615350781318
208,0.27800586625032536,0.17435306432133585,0.0006040592856268686,0.06355153637674736,0.48348547376596457
209,0.24157923691092825,0.6164663803559042,0.0005788144051867317,0.08660388627720567,0.05477168205077514
210,0.22241824489745066,0.6494993189450383,0.0015209890453193313,0.05992726237877892,0.06663418473341287
211,0.4116843769139785,0.5011481742103963,0.00035869228748798164,0.03716037793277213,0.04964837865536523
212,0.15562745618949322,0.6934755103374518,0.0007858673555721666,0.08889837470448962,0.06121279141299308
213,0.1427584818744609,0.7071760188256757,0.01551275632189359,0.03232823061493151,0.1022245123630383
214,0.23565198572356075,0.5326581814416865,0.0010263711726988074,0.16096712323604614,0.06969633842600763
215,0.17094933735630224,0.5438096936479297,0.0011482350541018984,0.14252397127469713,0.14156876266696916
216,0.4598405977882858,0.1765511052593794,0.00011806953803103616,0.21267784897112624,0.15081237844317752
217,0.1509698035722174,0.7430842169297666,0.0038313776225983947,0.05872593005030939,0.043388671825108256
218,0.21837459952942864,0.17662187091172932,0.0019562271088057045,0.11830772843869178,0.48473957401134454
219,0.11877316529328809,0.06481345163544486,0.0002717067005202808,0.05310625114931496,0.7630354252214318
220,0.272910029076081,0.298085724733158,0.0002066995256308371,0.31268376528914826,0.11611378137598197
221,0.16847242888131295,0.6893962803964556,0.001255530850296082,0.07116628771139735,0.0697094721605381
222,0.20841387038476897,0.677137140276513,0.0012092535710897876,0.06087831138046898,0.05236142438715932
223,0.06826720778669017,0.7645465588172058,0.006956606304024267,0.09991990563141215,0.06030972146066769
224,0.0278809038189679,0.8072258110169542,0.03843336863002717,0.0545013021294274,0.07195861440462326
225,0.026701469292762698,0.7841657075578031,0.007069643093431566,0.12157571737887339,0.06048746267712925
226,0.02043222170098554,0.0015685678917073888,4.626016801924402e-06,0.07466791131531723,0.903326673075188
227,0.009533364771000577,0.0010691465640504901,1.5164958620032397e-06,0.003966068951133041,0.9854299032179539
228,0.6761210291451135,0.045308166680616664,6.386065656231782e-05,0.05127835633941578,0.22722858717829164
229,0.8931614245947437,0.03948081874020889,4.1230304895052724e-05,0.013783954811470177,0.05353257154868201
230,0.6205121589257387,0.21154899144893133,0.0017989940639862143,0.037845529970265766,0.12829432559107798
231,0.10766837209652409,0.7617367681665909,0.006884098467308276,0.09528053106324469,0.028430230206332233
232,0.1773918924534789,0.5354092152281824,0.0004919186424189354,0.27754201035742015,0.00916496331849972
233,0.02256078759253274,0.9007271265378824,0.049864341658022004,0.018951969482839913,0.007895774728722778
234,0.07734504961091436,0.8669324420968962,0.005867180626733115,0.03532879657801332,0.014526531087442937
235,0.0673835523991536,0.9076616682521658,0.007551571194363891,0.00889869435384248,0.008504513800474267
236,0.13377293017723682,0.8270644837235751,0.003267090461018103,0.029573768143034137,0.006321727495136054
237,0.029947729669468647,0.9147425565375961,0.04525800840290744,0.0030476853533534624,0.007004020036674475
238,0.0747668687969337,0.7581261625679321,0.1188048618908834,0.003081855108172377,0.045220251636078325
239,0.1999672238929808,0.7722321760299402,0.002334830956331757,0.002796946533967401,0.022668822586779803
240,0.01371394893408965,0.9657219211448427,0.016399409013586323,0.0005024192320596186,0.00366230167542166
241,0.010911363363530874,0.652292483126954,0.33158340579202417,0.0005946491367525813,0.004618098580738334
242,0.009387200646470745,0.9480221313544219,0.03929568749766106,0.0005112526814686053,0.002783727819977593
243,0.001954875423887774,0.9137509420772658,0.08122656478748765,0.00042563004710728533,0.002641987664251604
244,0.0056719308943320515,0.5834073239762952,0.40583334704803115,0.0006190683902601181,0.004468329691081341
245,0.0013946883156948102,0.34325653393266337,0.652290803037131,0.00022542620169087267,0.002832548512819804
246,0.0034996010833113107,0.926959693139482,0.0646923554826468,0.0005175376349170753,0.004330812659642814
247,0.0008932275853129344,0.3318839275909383,0.6609311064167029,0.0002015950259507601,0.006090143381094872
248,0.000697428673765297,0.5017075389405699,0.491979942728514,0.0001804469228889044,0.005434642734262038
249,0.0010653710336095716,0.165980478057776,0.8269631906835478,0.00010804461613291073,0.0058829156089337245
250,0.004148460799862975,0.6370730118742468,0.3527221407556327,0.0005210397399813586,0.0055353468302762375
251,0.0007802705190139645,0.16219952202124588,0.8335959810516562,9.012337744799081e-05,0.003334103030635957
252,0.0005622824085092109,0.4512947257035983,0.5445165769207354,0.00012625103168141535,0.00350016393547562
253,0.0006447636927477869,0.09390842505122848,0.9035692589253757,4.755493208118584e-05,0.0018299973985667188
254,0.00044364643153542194,0.12331013427373062,0.8749375940702762,9.656831228670622e-05,0.0012120569121711713
255,0.0006795045587926792,0.09431677098942026,0.903815390906969,0.00012948794902934392,0.0010588455957886104
256,0.0016024420102662166,0.13399161293550804,0.8614808186332481,0.00030600269595300826,0.002619123725024617
257,0.0018810893351896868,0.6539969660997932,0.34106795583699107,0.00059962615575215,0.0024543625722738445
258,0.001289931426477625,0.09928777940961311,0.8967147673447685,0.00028637322101514735,0.002421148598125307
259,0.0010393739554079733,0.30570102900671337,0.6902468967473582,0.00027949445665258996,0.0027332058338679663
260,0.0018201432199349739,0.2211724126430642,0.7736282731010345,0.00032260003149622244,0.003056571004470151
261,0.0014844261507320567,0.33863622702938867,0.6556058575528584,0.0003291839785217298,0.0039443052884991225
262,0.001735553044994195,0.3588489537350189,0.6362999465627454,0.0004156939178389757,0.002699852739402607
263,0.0008046452476254245,0.09628346809750933,0.9012499786118783,0.00020398969540434,0.0014579183475825891
264,0.002787076136093669,0.4019926614487315,0.5897338395045113,0.002065360296073607,0.003421062614590013
265,0.0017300418399387432,0.11824915393792336,0.8751267935300284,0.0010159172541311544,0.0038780934379785055
266,0.04996215852480152,0.3800488829234859,0.19758748343364882,0.005245532141654889,0.367155942976409
267,0.08015979460064507,0.7897255753565665,0.10406312111577101,0.012170173369590668,0.013881335557426874
268,0.09527944361370187,0.8670179571798714,0.02227555682574292,0.00613838600033901,0.009288656380344956
269,0.03828736325106729,0.7957898261779072,0.1606755026539454,0.0010889255514130725,0.004158382365667249
270,0.02606107075311678,0.9675768480729114,0.002869819413243435,0.002258253769898164,0.0012340079908301736
271,0.0045817579487804,0.4252189402681517,0.5679494818010381,0.0008627031498048594,0.0013871168322249073
272,0.015109823044286309,0.8623370606465615,0.11520030287900077,0.0033420666723435596,0.004010746757807862
273,0.012546054319934156,0.9635945784166732,0.0188391226812653,0.002438628873240409,0.0025816157088870617
274,0.007109377173988178,0.6850146129012793,0.3038487532066677,0.001944914021348871,0.0020823426967158144
275,0.012758086021126764,0.930090513707508,0.053815299959534345,0.0014751838091273132,0.0018609165027036994
276,0.002216647836348411,0.3237568737379421,0.6724272230508149,0.0003565059619293731,0.0012427494129651604
277,0.004897748750276011,0.9654972395715462,0.025693032602117933,0.0016741427583756732,0.0022378363176843515
278,0.0008856147837258972,0.1258105758642768,0.8721237052572649,0.00013968390575066616,0.001040420188981511
279,0.021187761333708203,0.8900038873399494,0.08140424952197729,0.0025262582226506297,0.004877843581714458
280,0.0010558940577096655,0.2522051576243722,0.7440573876051573,0.00015559334383124005,0.0025259673689295554
281,0.0008954415453963915,0.3438614364451215,0.6527701061488254,0.0002105668787276191,0.002262448981929257
282,0.0006854944395970118,0.1625050680327942,0.8349506434275432,8.165382090592027e-05,0.001777140279159692
283,0.0003533668284040094,0.07874702953639177,0.919730248001095,4.047587693231382e-05,0.0011288797571767284
284,0.00038893410650494263,0.0907334321580607,0.9081215620671461,6.0677675151695905e-05,0.0006953939931366021
285,0.00016894425563552347,0.06403852482628108,0.9353832273506355,3.469629107274713e-05,0.00037460727637504297
286,8.69830744202995e-05,0.08608087162697221,0.9134038546143161,3.31768095508217e-05,0.00039511387474055516
287,0.0001465608000126493,0.07171641013729245,0.9275784885006894,5.6179449754854634e-05,0.0005023611122506883
288,0.0002935417188853,0.026546779865528905,0.9726718571422603,7.776545174920967e-05,0.00041005582157634286
289,0.00021895849741043727,0.05677857436033371,0.9425876660457163,7.27642896035317e-05,0.00034203680693598395
290,0.00019967022297469458,0.030454743092686417,0.9688916430926036,7.517306610787065e-05,0.0003787705256273408
291,0.0001707616488012923,0.037831970462496624,0.9616854938778899,4.523550593535862e-05,0.0002665385048769214
292,6.855797397883202e-05,0.030319972580240794,0.969393821679232,2.7093132199891445e-05,0.00019055463434842373
293,0.00019882114078019922,0.04504977027840545,0.9543401083152245,6.478588497616484e-05,0.00034651438061376633
294,0.0002971823277843233,0.04810323127625435,0.9511805220592046,4.7923322560173885e-05,0.00037114101419675533
295,0.00021899716180121356,0.023399237940895354,0.9759143831829639,3.1269060078751065e-05,0.0004361126542609156
296,0.00012127821232340431,0.03562885807057301,0.9637497663122062,4.274670477224435e-05,0.00045735070012525283
297,4.6483820240950494e-05,0.03419495394538347,0.9655365147926176,2.5264353051768295e-05,0.00019678308870623546
298,0.00011686425622614062,0.021670950168817378,0.9779278014873033,3.748189056194049e-05,0.00024690219709104695
299,7.493983429862307e-05,0.03233968849584793,0.9672604634572878,3.0506548974337223e-05,0.00029440166359134926
300,0.00011128523637720358,0.012797765084996374,0.9868288582609616,3.2247059366014334e-05,0.0002298443582989033
301,0.00031615597727884404,0.03544147807138345,0.9631793757531036,0.00018170054408204087,0.0008812896541518123
302,0.00011532623121165692,0.03785924827384186,0.9615884178465277,3.639904954354446e-05,0.00040060859887508233
303,9.401272686647381e-05,0.03317500424721984,0.9664296330997092,3.266572623091049e-05,0.0002686841999735008
304,0.00020405925941421814,0.04153077424927447,0.9577714402549021,5.047592118179646e-05,0.00044325031522730727
305,3.5362592905257156e-05,0.012293989342165025,0.9874629525435457,3.0597923427434425e-05,0.00017709759795650078
306,5.4635023874136644e-05,0.01869282158111727,0.9809425792411005,5.5235168588488766e-05,0.0002547289853194137
307,6.438159653437224e-05,0.02220231394060227,0.9773643943979913,0.00010480993105317755,0.0002641001338187356
308,0.0012537763675685568,0.04049340765034777,0.951503880610948,0.0016343244868478987,0.00511461088428774
309,0.00044490554025546157,0.09943542124064712,0.898130168010391,0.0003982254434784145,0.0015912797652278573
310,0.0016412053858691818,0.22174057264211552,0.7732161287413098,0.0007843159571417381,0.002617777273563589
311,0.0030957318794258763,0.17137580511515807,0.8212970608699304,0.00118916129363526,0.0030422408418504317
312,0.0023462767257809722,0.43653578958992756,0.5534792188582468,0.004020179097606482,0.0036185357284381076
313,0.006014142405702007,0.7636821384467725,0.21134549515471646,0.014725018296885852,0.004233205695923323
314,0.0015450280386152377,0.15701447793588866,0.8356169436217226,0.003600910280816442,0.0022226401229570344
315,0.018617986204295153,0.6339451457288295,0.2907926310053904,0.04745027212098273,0.009193964940502257
316,0.04882827055608942,0.7752679516091391,0.0884567594797466,0.07737494576471206,0.010072072590312854
317,0.034786233678881166,0.6471776859909067,0.24707119735759606,0.06305728592910548,0.007907597043510602
318,0.136484644013802,0.7093845608834696,0.011060962838979222,0.13643366898897946,0.006636163274769851
319,0.008869939192800783,0.8226474386807698,0.15682065720072397,0.009143441942622961,0.0025185229830826587
320,0.05089114222579897,0.8411131160986884,0.03761143060138497,0.06451785781144574,0.005866453262681994
321,0.06201165748170344,0.8672643424546469,0.009884822312388351,0.055389723775965405,0.005449453975295985
322,0.01829785218021017,0.8614147708179566,0.08514041336168973,0.03140166990037522,0.003745293739768359
323,0.0255037901104557,0.8740280856256973,0.0801990303184569,0.01671645314224775,0.0035526408031425452
324,0.008985617434451748,0.7159009585872281,0.2642444506175494,0.007139486302648866,0.003729487058121814
325,0.016689626103831054,0.8400014828147293,0.12461106504676685,0.013258179241049512,0.005439646793623367
326,0.016162882614078493,0.880876852040573,0.08594197277539287,0.012786530758783068,0.004231761811172664
327,0.005948848043868077,0.8346681871655083,0.1387810140574246,0.016756565615985795,0.0038453851172131456
328,0.024103263492711982,0.8965974700314446,0.04685881145645705,0.02742813574179107,0.005012319277595329
329,0.04563152653642583,0.8773029208678038,0.01699545169859957,0.05343786666699963,0.006632234230171006
330,0.04034028451568088,0.8059467368372397,0.08540359106735172,0.05545231336651645,0.012857074213211169
331,0.02928742133907943,0.6058015099203725,0.25294544406102226,0.06002612276935067,0.05193950191017513
332,0.038817362263157816,0.7171584809639804,0.04969368824669967,0.14355654662551945,0.05077392190064262
333,0.08427455083748624,0.37041318096556214,0.004444622591740076,0.5065092539464561,0.03435839165875547
334,0.04992401705393459,0.28517489454186434,0.0018445129389354734,0.6334301429069714,0.029626432558294113
335,0.06055537206248634,0.056686809044320614,0.000122859447704726,0.8635022099740766,0.01913274947141182
336,0.31885950867684343,0.05984265933620847,0.0003787228091771647,0.42979164247374263,0.19112746670402844
337,0.245042200061177,0.317104324133411,0.00049885925461053,0.4114206217657391,0.02593399478506232
338,0.18345734725185633,0.43053016161530716,0.0018661203106315077,0.35786161163471397,0.026284759187491184
339,0.1002764148522049,0.18639156886751476,0.0006002273980077539,0.6888224590891139,0.0239093297931587
340,0.04118781897389473,0.22018478318620086,0.0007777011471830588,0.7222620505209097,0.015587646171811558
341,0.04841458404521225,0.35706866938721904,0.0009064623548066239,0.5421979447829213,0.05141233942984092
342,0.07654045465629142,0.2209053560202628,0.0004502585512574818,0.6007461153135024,0.101357815458686
343,0.029995633987611438,0.39516675622710407,0.0009370411827296453,0.5599797453371635,0.013920823265391225
344,0.033283062133403866,0.14188316215548633,0.00029609809837671195,0.8126869646283945,0.0118507129843386
345,0.0179928479603146,0.08257963687483341,0.0002175941175948014,0.8781557383101984,0.02105418273705876
346,0.014973493874520051,0.012282132355536003,4.585385307375743e-05,0.9649014204182769,0.007797099498593547
347,0.03207616437168115,0.004756905509713807,1.2610968843459426e-05,0.9590444948757629,0.004109824273998592
348,0.03986048632439606,0.013188778706460307,1.2693442535441777e-05,0.9421298993188879,0.004808142207720189
349,0.042516491024841604,0.009850180106199598,2.0753183583447048e-05,0.9417695759216622,0.005842999763713257
350,0.022536542999250942,0.010672516890675514,4.08823744836432e-05,0.9640360574131773,0.00271400032241262
351,0.022699060285357633,0.0230917164313513,4.876580528058153e-05,0.9508153204325132,0.003345137045497365
352,0.024241483146901346,0.01268464604188182,2.4944799344967767e-05,0.9587393174623897,0.004309608549482123
353,0.027069625068945783,0.020061460737478748,2.7484800880025807e-05,0.9488024097834875,0.004039019609207856
354,0.032806968879690576,0.032222514815531865,5.415869976418774e-05,0.9291174590553614,0.005798898549652096
355,0.019319245430377927,0.008165730486637612,1.90628689723348e-05,0.9693379519870904,0.0031580092269217087
356,0.0200784495455345,0.007900629386497743,2.5978965364490194e-05,0.9679504207987975,0.004044521303805945
357,0.025434236530746952,0.005284001407451404,1.3017674796875506e-05,0.9617236891522051,0.007545055234799732
358,0.025490458571486418,0.004392849467915303,9.824141486396037e-06,0.959817498506696,0.010289369312416051
359,0.028788179269446386,0.006073384861413394,7.058105392717344e-06,0.9606537003745004,0.004477677389247281
360,0.03865949463357326,0.007531628395813044,6.22248555082378e-06,0.9481062123388715,0.005696442146191422
361,0.05612258983738983,0.025706753383858985,4.7767618506602344e-05,0.8556996826102176,0.06242320655002696
362,0.05987082915696953,0.016302872159428983,2.3700911951423516e-05,0.9154109625759261,0.008391635195723942
363,0.09499352213356693,0.013988513962769787,1.9286480529359198e-05,0.8363953866371499,0.05460329078598409
364,0.06277590178651549,0.017494415475151393,3.746137444888867e-05,0.8957700620788063,0.023922159285077987
365,0.08676508776827581,0.004129710214073726,2.2870049764188927e-05,0.8923731488182746,0.016709183149611673
366,0.187478638642493,0.01445707205141394,1.2011978937600928e-05,0.6166300122315357,0.18142226509561982
367,0.055140661445740036,0.01194054445239592,1.0472387321481927e-05,0.9232522872698065,0.009656034444736098
368,0.1115473415205985,0.021127501633739516,4.2095211082368425e-05,0.8085170622416546,0.05876599939292491
369,0.09121941265146889,0.035983920267261514,3.105538347388237e-05,0.8543064590393945,0.018459152658401097
370,0.06294675343841727,0.00988593090031065,2.181858502655386e-05,0.8596904954820745,0.06745500159417092
371,0.04913243259279122,0.03178573548337008,3.9164763011148126e-05,0.9005312413456444,0.018511425815183294
372,0.08203244241205362,0.04456228021812836,4.056893769096313e-05,0.6400199770790648,0.23334473135306233
373,0.0615313456102786,0.03926471961239618,2.375309106532743e-05,0.8818188124359999,0.017361369250259984
374,0.0723247002616557,0.02627796740778329,3.9587847261528994e-05,0.893355664051326,0.008002080431973382
375,0.07024836972206568,0.08712762736188165,0.00015026790254271216,0.8134464454912887,0.029027289522221066
