epoch,N1,N2,N3,R,W
0,0.10179975070327373,0.010623080314000607,1.14312737327907e-08,0.002943677328737104,0.8846334802227149
1,0.1296990297121372,0.014890895144905048,6.4782659351602604e-09,0.01143089800042847,0.8439791706642634
2,0.25422606369189804,0.016515370104821302,2.4859438449808163e-08,0.013809446756947293,0.7154490945868949
3,0.06024798194596889,0.013015763514859181,2.3777558014169153e-05,0.002329926901894935,0.924382550079263
4,0.0936045912275053,0.015367936762219675,4.273174684495607e-05,0.008291769246097454,0.8826929710173326
5,0.39114744470537943,0.03011696717055048,5.649218940528622e-05,0.004881040531554769,0.57379805540311
6,0.2500855517329994,0.0248173487968482,4.979717359242587e-05,0.005401043110320767,0.7196462591862393
7,0.39637652984019767,0.04162047051566548,0.00013357989993128305,0.004979209597466151,0.5568902101467395
8,0.07422291993699452,0.04670609173727708,4.5609021687625284e-05,0.006504437449845029,0.8725209418541957
9,0.27245922411053397,0.040216394319067116,4.897837356986699e-05,0.00871628447962488,0.6785591187172042
10,0.20286959500966506,0.05881457620185585,0.00015624983630824248,0.005739888700531534,0.7324196902516393
11,0.06258443192280942,0.08634480501545233,3.566402539482963e-05,0.0038707954471321783,0.8471643035892112
12,0.24545109075801225,0.23380305334457682,4.113844960311376e-05,0.007438445106999269,0.5132662723408086
13,0.3004047414183319,0.06799522795835629,0.00018194137152994458,0.009170281822759795,0.6222478074290221
14,0.22440520260418756,0.1938695397400321,0.0006860994215358463,0.01021981781599947,0.570819340418245
15,0.134960398383771,0.25617129473718103,0.00016405872895420095,0.03233737527301517,0.5763668728770787
16,0.1368421991725232,0.20331724440398088,0.0001901334133169796,0.01060937612160841,0.6490410468885704
17,0.13997253962368575,0.11861700876873794,0.00023046207383719362,0.01822506830126481,0.7229549212324743
18,0.2405695922839792,0.4122184932770782,0.00018605332780578855,0.010911609075603176,0.3361142520355338
19,0.11900382200441308,0.5948018757554112,0.0012668678566669506,0.01852900733993462,0.2663984270435741
20,0.08790373436468635,0.32827884792679096,0.00016467282733025287,0.016528867243579982,0.5671238776376125
21,0.12990440675974127,0.6181873278379055,0.0007322066281994054,0.04129159134073865,0.2098844674334151
22,0.22278469650138594,0.6462868979341635,0.008503392982067795,0.003425933702992814,0.11899907887938993
23,0.21034541316306693,0.643262138113942,0.0018546151135794074,0.014180311989794523,0.13035752161961706
24,0.269231487151157,0.3409931173694729,0.00010126119477858567,0.06613537521850445,0.32353875906608703
25,0.14276689396854503,0.7161228479025091,0.0007142830808556528,0.00989929112789466,0.13049668392019556
26,0.212714692715176,0.6808742400223858,4.359504584929364e-05,0.008508352949978659,0.09785911926661015
27,0.06406227032305131,0.9188872608770738,0.0008026211067075661,0.0029917115885672186,0.01325613610459996
28,0.1713738584331118,0.6999470128816966,0.0005950999389050161,0.018377114852399255,0.10970691389388733
29,0.2866851764591564,0.6455137899874309,0.0013719381115847064,0.010787502754667878,0.05564159268716007
30,0.12082280626077738,0.7911258871267333,0.019962901259440932,0.013501996784571747,0.05458640856847656
31,0.14615390586209218,0.7907569968215905,0.003175054951514934,0.01277301283698933,0.047141029527812954
32,0.07619641228075166,0.8731725570150176,0.004388342179722744,0.0084497903038737,0.037792898220634245
33,0.027524073934426335,0.9404683249915143,0.0034878164016393775,0.0029344857346508377,0.025585298937769105
34,0.06469578058025117,0.8300967134078862,0.07124074811062985,0.001207694970881456,0.032759062930351246
35,0.13992773543730913,0.7591689819388395,0.06526180410792665,0.0007060702331564294,0.0349354082827684
36,0.06126483099000343,0.8545346453975149,0.06543549911248794,0.0011582592059549638,0.017606765294038658
37,0.05819558584741431,0.7200971144167049,0.16654316761733112,0.00238663576385291,0.05277749635469685
38,0.1868177013357911,0.3848081957664626,0.2828805211065323,0.004336654141277554,0.14115692764993654
39,0.14768254941634576,0.4132526170253077,0.09191349975793743,0.0156775125099958,0.33147382129041336
40,0.016326657984444132,0.1371614563146148,0.02727827248082929,0.0028876550356977627,0.8163459581844139
41,0.0023645466131457537,0.0031707353120376076,0.00023026834689371766,0.00014687034872929802,0.9940875793791936
42,0.21054399870552407,0.0299181987839308,0.0002509703565783264,0.016134090414301947,0.7431527417396648
43,0.47054510807194927,0.06450631725117423,0.00029366862256441004,0.0038793832705477436,0.4607755227837643
44,0.4176758594319525,0.18984952153961152,0.0007416573938751378,0.011276781975825751,0.38045617965873507
45,0.4631606578487846,0.055728074214182376,0.0002185754307607533,0.0029177074915985065,0.4779749850146738
46,0.4562018223641849,0.22534637001660748,0.0006294175577267097,0.017965898927260575,0.2998564911342203
47,0.39781732358711464,0.22778661614983264,0.0007470293175124199,0.016106258265201692,0.35754277268033874
48,0.07190777722881922,0.2996260287035979,0.010916851269807149,0.002115628532894825,0.6154337142648809
49,0.010492594407918863,0.06674673327110986,0.00018559892000485128,0.0012347773088279646,0.9213402960921384
50,0.03739291425502604,0.07828089110771379,0.0002481302132554057,0.0011533622313611323,0.8829247021926436
51,0.05519492360927057,0.15708886531664726,0.0007999553591817674,0.0033044462072564142,0.7836118095076441
52,0.020315361386756367,0.05918150584130032,0.0002404610753951551,0.0015245996564325786,0.9187380720401156
53,0.01796297983876464,0.04989169615994764,4.8904275697447935e-05,0.0012919767675923374,0.9308044429579979
54,0.08344957358519706,0.10687522085644376,8.101098477742799e-05,0.003269132003180822,0.8063250625704008
55,0.16972644222251526,0.1756245200470491,0.00011155281376864064,0.0023247145935554273,0.6522127703231118
56,0.1112085480446585,0.07376853717289206,0.0010393171828683714,0.0012738200412113476,0.8127097775583697
57,0.0336109589972161,0.04203902892680661,0.0011182751456257926,0.0007936294373307131,0.9224381074930208
58,0.07657933944455426,0.3028965236424579,0.003652116236584894,0.003350447300844666,0.6135215733755582
59,0.16967427286822112,0.09072557840778198,0.0003905850359079065,0.003181466419874012,0.736028097268215
60,0.1709109623859942,0.2915191005570092,0.0015114755112482993,0.003917660780320762,0.5321408007654275
61,0.12713001153421125,0.11869542925767652,0.001544393040302025,0.0007662081174227438,0.7518639580503875
62,0.1503783661001145,0.18958336745837256,0.0036110375014120535,0.0019874418372346813,0.6544397871028661
63,0.20123331722215795,0.2707185643135472,0.0011042817749650886,0.004009525524499991,0.5229343111648298
64,0.15520718604244804,0.3106040278406774,0.05105822293223546,0.0019136573191836643,0.4812169058654554
65,0.10572955577167488,0.10246556551894084,0.022254910327021944,0.010802960366692189,0.7587470080156701
66,0.030943026771887632,0.0471224048465135,0.004547294421867417,0.001153226023350636,0.9162340479363809
67,0.13375529131187858,0.3524936974596235,0.032790144378791165,0.00794696093226281,0.4730139059174439
68,0.02019174937767008,0.03258949855183498,0.002571708617767859,0.0008239572349856064,0.9438230862177415
69,0.041791752909225814,0.043223193121816696,0.008435434353613998,0.0005104348162762807,0.9060391847990672
70,0.10446855534582117,0.17377486060935715,0.016148292314678743,0.007714615349587095,0.6978936763805559
71,0.07033916318084465,0.10302487485070114,0.012831788147091273,0.0026914536148051815,0.8111127202065579
72,0.02253690662977867,0.04663322935631741,0.0037181893045196888,0.0003493374333864971,0.9267623372759978
73,0.021188408210536993,0.021168180781628663,0.0018005864788640167,0.0013683855551838917,0.9544744389737866
74,0.1003579365108964,0.0971137376158511,0.007778029168475165,0.0009675644809189234,0.7937827322238584
75,0.08993825508864756,0.07571480981560907,0.007029458206813874,0.0036554079632306895,0.8236620689256987
76,0.04437057242563028,0.08388235606799196,0.01601040948111533,0.0014034951709475658,0.8543331668543148
77,0.027373189540923472,0.06349397295078381,0.006289637329115772,0.0013933228486787497,0.9014498773304983
78,0.03909444972910797,0.08855025316019365,0.019129533331714108,0.006416616071877787,0.8468091477071066
79,0.10756464714481992,0.3283488334789292,0.02207401294967843,0.004714945329787914,0.5372975610967847
80,0.07745642581943193,0.32821158773578935,0.015145548873965447,0.003136714225543498,0.5760497233452698
81,0.15893853868858474,0.48739023961737515,0.05363112216042078,0.015345890524461336,0.284694209009158
82,0.008302319444716447,0.020909876585694813,0.0007398640665790218,0.00020480821200250933,0.9698431316910072
83,0.0670328771507908,0.10339059519866733,0.002782965468148845,0.0006427220210758358,0.8261508401613171
84,0.14864967377188054,0.2099524006607266,0.005945128750086173,0.0007255485891731742,0.6347272482281334
85,0.42655750125496833,0.4668050473850857,0.03752691956657791,0.0031788968803846194,0.06593163491298351
86,0.11586712442560518,0.7160943627073226,0.0743472335414939,0.0011519555768860934,0.09253932374869218
87,0.061908035545055175,0.7655209938868736,0.06669925981245865,0.002591720792730646,0.10327998996288204
88,0.14280334224963107,0.5711113212189746,0.007302040099071701,0.008154324801402102,0.2706289716309206
89,0.08296152317192679,0.719951618995074,0.08644109540502616,0.004621128912081383,0.10602463351589161
90,0.1333321297267677,0.2558081592749171,0.018678261022773122,0.002872861569929142,0.589308588405613
91,0.11906406324197254,0.5996985689731403,0.0813712025756274,0.011447156738711547,0.18841900847054824
92,0.06716205197921438,0.16244892812989126,0.041592220629883735,0.0023004747449740758,0.7264963245160365
93,0.22980647697784828,0.5592706297368181,0.07533392201713024,0.012889415080017277,0.12269955618818619
94,0.18832503495147437,0.2545476048819088,0.05570621844724654,0.007261693104520311,0.49415944861485
95,0.12287328632990499,0.46126156110786387,0.05292353274255234,0.02300675645929522,0.33993486336038364
96,0.031724794791358105,0.06331930193967104,0.029052796397960795,0.0018090196067066658,0.8740940872643033
97,0.1884854069740008,0.5549744908909423,0.06865349497771328,0.016606635867612057,0.1712799712897316
98,0.14564902002749244,0.2331099951935496,0.1783158139073257,0.007163853050065503,0.43576131782156674
99,0.15922492567257132,0.34041893859560096,0.072131523883744,0.016223493620279715,0.4120011182278041
100,0.03757901972981444,0.08067354098170189,0.02109405639814434,0.0028413951128148634,0.8578119877775245
101,0.17091462338577956,0.2293771719144687,0.016189382012801654,0.005671516128848623,0.5778473065581013
102,0.1943892670105156,0.16654282084072902,0.04660835550962484,0.017227219372981172,0.5752323372661493
103,0.1288450713764457,0.13493722077289616,0.015695211204397354,0.008464429717912782,0.7120580669283479
104,0.10539375941672491,0.03833623571941929,0.006684099319919448,0.005812741618246198,0.8437731639256901
105,0.027463319207665367,0.01763658719163911,0.00014787412388940675,0.0013035655074015529,0.9534486539694047
106,0.03835448147304472,0.01307316308903226,0.0017060345680164465,0.0035352977247390793,0.9433310231451676
107,0.010370130500350575,0.005703455259076188,0.0009277364740638684,0.0010511783883129526,0.9819474993781964
108,0.018128011517791216,0.012196763212973957,0.002985977500772015,0.000628410039253857,0.9660608377292089
109,0.017679939063396936,0.013612358856029818,0.00016778737616621615,0.0018290439813735168,0.9667108707230335
110,0.10652154896099093,0.03364496953983951,0.00025904951163029864,0.012136137965054541,0.8474382940224846
111,0.00751016293402545,0.004024345647544581,8.541488028603315e-05,0.002047448469673863,0.9863326280684701
112,0.0143532953910536,0.006493173096794315,2.8134884966234285e-05,0.006353360730811414,0.9727720358963745
113,0.03445728446110821,0.015251301529278281,0.00016671263609268825,0.007239875592445989,0.9428848257810749
114,0.022341239967063768,0.004826825980628562,8.219148684373839e-05,0.007435128280824693,0.9653146142846392
115,0.056077765907346894,0.011989775126508069,3.721617664476717e-05,0.007500616914973525,0.9243946258745268
116,0.08120591608497124,0.009621939842500999,0.0001566368827239738,0.001627006533605543,0.9073885006561984
117,0.17872718627994186,0.019741005596167788,0.00019860348415653815,0.0037599860380611323,0.7975732186016726
118,0.3543266154702747,0.04890533182551122,0.00014619079597374962,0.015063713085111485,0.5815581488231288
119,0.0473898104285092,0.06682699205811274,0.002471196354295538,0.05720352092659797,0.8261084802324846
120,0.05380654153145883,0.030935061114422648,0.0006768483195960808,0.013461745190617172,0.9011198038439052
121,0.19777080793657184,0.14574418434979572,0.003092864043275849,0.06627872786398295,0.5871134158063737
122,0.04834132948049367,0.028169005303298994,0.0032090548632447108,0.00832929687265183,0.9119513134803108
123,0.3653655532798097,0.384768581566324,0.01542519762575075,0.009545182165865985,0.2248954853622494
124,0.2005742198979045,0.5237178219554319,0.013849402723989266,0.06726166144501741,0.19459689397765687
125,0.1899615468773395,0.22114997914329187,0.00349589386831116,0.008754524083425603,0.5766380560276319
126,0.2697727094025344,0.5154426511892426,0.028749738518754505,0.019777236458531283,0.1662576644309374
127,0.1859343193618289,0.6132389764695574,0.02026269113828022,0.02578382951686138,0.15478018351347203
128,0.15976690522266954,0.5214682882477768,0.014245625985673221,0.03088307792882991,0.27363610261505045
129,0.13753349170616494,0.2467807201992766,0.0038332656040837906,0.027149407900116388,0.5847031145903584
130,0.16647610009088432,0.12721641445186507,0.0019171595853072839,0.008499285892825425,0.6958910399791178
131,0.30721580723961034,0.16511857868629634,0.0019716509385422146,0.035566821103507826,0.4901271420320434
132,0.19015458597676832,0.14255764247934982,0.0031295358436138664,0.0077138206721668245,0.6564444150281011
133,0.15079522433925738,0.6521262546831621,0.03306108041334642,0.06689039488210224,0.09712704568213185
134,0.08404150309649477,0.09712729986060821,0.0031235327850130242,0.01103232270259437,0.8046753415552895
135,0.2363561751140126,0.507411489650138,0.015262336735108892,0.08561251310033877,0.15535748540040176
136,0.21209545664673662,0.5398131526878829,0.03245061550963492,0.06865356360054946,0.146987211555196
137,0.2215861605338877,0.5227677367483552,0.04865549994861686,0.028689597825810608,0.17830100494332943
138,0.11256694805542415,0.6465418110761925,0.0847241680598573,0.0070583187977938935,0.14910875401073218
139,0.12380256389064792,0.7173142380173565,0.08900892545600188,0.007485811116260249,0.06238846151973336
140,0.23538093986083658,0.5217296575934467,0.05322723272789908,0.02461727579755077,0.1650448940202668
141,0.10763081415686772,0.7601091438833938,0.03763057244596563,0.03242452023242534,0.062204949281347593
142,0.10208619172279815,0.6406797497317156,0.03765625242515711,0.05491073387410153,0.16466707224622765
143,0.14496743487674732,0.45698461766088344,0.03845891346529727,0.05186345069254183,0.30772558330453026
144,0.09735257787614546,0.3802624713592217,0.020157668714401847,0.09921876666986043,0.40300851538037064
145,0.02287037420861093,0.02538922282473484,0.0014054774642782407,0.0058599032389338316,0.9444750222634422
146,0.06112860137430565,0.007133943504615984,4.159871029508065e-05,0.01094971622565048,0.9207461401851328
147,0.4728617392194404,0.10450896969811302,0.0030202959922161787,0.035120293799137024,0.38448870129109336
148,0.2892618521641988,0.3331379660020906,0.01056830276632481,0.026958783138274035,0.3400730959291117
149,0.3474156879014041,0.42188333782526993,0.022668950220132135,0.13790655980580085,0.07012546424739281
150,0.050365670498211994,0.046115805125235804,0.00022595598144563433,0.03376843062081316,0.8695241377742933
151,0.03127033937791131,0.007360742942605223,6.37038411358033e-05,0.024926440859248597,0.936378772979099
152,0.2063986694035438,0.07769621070836671,0.0005772235909408596,0.008299617760642137,0.7070282785365064
153,0.5598706084206815,0.13028411949818466,0.0011764621549000141,0.012908346559319744,0.29576046336691414
154,0.3440111342741549,0.3813460354365058,0.006770362368043494,0.04451786981641694,0.2233545981048786
155,0.15739349820659884,0.6200983262234937,0.011898984661409503,0.13203859381155064,0.0785705970969473
156,0.07329901047280069,0.08106140364127801,0.0010067409678008758,0.03865268999019072,0.8059801549279297
157,0.14783176003300857,0.29954118606382313,0.0026202635325893136,0.2967863346404332,0.25322045573014584
158,0.29978327386621706,0.49548014750444136,0.007065101411233583,0.030855852564197716,0.16681562465391025
159,0.2676687827145617,0.5369306724490462,0.03277981346119169,0.03329557381516866,0.12932515756003185
160,0.3052821774653418,0.5281512491696545,0.005809862525596305,0.08141461616809276,0.0793420946713146
161,0.14197269945182928,0.4331193736210477,0.028853295929753386,0.3567485380058063,0.039306092991563436
162,0.21245586310415707,0.12613134827248598,0.0009091758757540547,0.3356133581526597,0.32489025459494314
163,0.07587218013223786,0.7689115112300299,0.016869638937641533,0.08911083421800862,0.04923583548208213
164,0.20140514821024025,0.6748888995545149,0.009354519164336867,0.04248278494417098,0.07186864812673696
165,0.11614237993131914,0.7779688352768573,0.0740102540579979,0.022602926347084513,0.00927560438674106
166,0.10438917052648738,0.637312776743397,0.06895578851750704,0.17959696101410602,0.00974530319850253
167,0.09065127899442205,0.7656515381124399,0.06337118871924656,0.05469245374687566,0.025633540427015756
168,0.37237639767738273,0.25310483186429494,0.0031083864109308114,0.21079381191916946,0.16061657212822208
169,0.22306147730587245,0.43536839390753396,0.03762221978960784,0.19620827040845124,0.10773963858853457
170,0.28429573016152726,0.5906700718871355,0.031276467385038,0.033332421513888245,0.06042530905241097
171,0.09507917733600289,0.7539486202593797,0.0654999969800862,0.01753494059594393,0.06793726482858732
172,0.10764539510871791,0.5879583318196486,0.07349750987323028,0.13706192150515353,0.09383684169324974
173,0.15422877116650446,0.6215699995169451,0.04759378565646846,0.04451130377597732,0.13209613988410454
174,0.09481111927540278,0.5415519112715877,0.10120074865595644,0.11971201098879264,0.1427242098082604
175,0.042401169018447066,0.05437959703825181,0.0013483041194757165,0.013764326624073755,0.8881066031997517
176,0.13782064129342456,0.022327527119269077,0.00011356031960531861,0.02763029725801282,0.8121079740096883
177,0.34329968918465414,0.1288529763430326,0.0004950722352461951,0.04429651504547426,0.4830557471915929
178,0.3772704938575355,0.42208175035756906,0.006403762625613388,0.00820825387193298,0.1860357392873489
179,0.25297637445702725,0.5713916494590614,0.010867551831096318,0.006846920066392713,0.15791750418642242
180,0.22112410835596907,0.6183883026354957,0.04865856923861896,0.04114303823383894,0.07068598153607725
181,0.14846032078624521,0.7556936122251877,0.03597748256055116,0.034257992413593084,0.025610592014422853
182,0.09352975981421531,0.8089993549731259,0.034492400245307024,0.014366727726191878,0.048611757241159896
183,0.1798247855622611,0.716600781326434,0.08660001497859014,0.004464851354075555,0.012509566778639136
184,0.11778260293812438,0.783442637568515,0.03115024288627396,0.014333274479572597,0.05329124212751392
185,0.06714549245048776,0.8160661525907853,0.10186100729814651,0.004160016672551923,0.010767330988028598
186,0.12679758585756876,0.6946866007079137,0.13850347524019807,0.01766163200267565,0.022350706191644008
187,0.11398116046609938,0.6200042511379464,0.24205191140736895,0.008704337939953398,0.01525833904863183
188,0.05981314533632972,0.42387276776572863,0.43736871345379125,0.03252323511420776,0.04642213832994275
189,0.09523812671198674,0.6189802849747115,0.21472338869964117,0.004567886960940462,0.06649031265272018
190,0.06262396900199815,0.5220591884311567,0.3570480499831557,0.005009950952856613,0.05325884163083295
191,0.15862836038380057,0.5660703062156187,0.2134931963872139,0.004264575617864893,0.05754356139550181
192,0.09480722389280381,0.47570200695488335,0.3592800550785153,0.0064277202948744335,0.06378299377892303
193,0.10421101200733329,0.4324754139687367,0.4116764189986526,0.0068130574286638275,0.044824097596613564
194,0.04963173163214884,0.6337676875799423,0.30173375949746606,0.0017586427537968283,0.01310817853664592
195,0.042427912965413435,0.48079220884367485,0.46021328701747743,0.002203873230881424,0.014362717942552884
196,0.02772036377745132,0.484852708661848,0.4719059364100185,0.003219971935128364,0.012301019215553842
197,0.015869060452513874,0.2802736749937564,0.6888127565031412,0.004448106794864103,0.010596401255724365
198,0.02442910371001284,0.5362876364442423,0.3879544147440835,0.00545722921993299,0.04587161588172839
199,0.02142977838866859,0.27609085507423425,0.6774154959962913,0.0039641637414113695,0.021099706799394446
200,0.032995991425702705,0.3762210482974006,0.5752289182858121,0.004165637157999047,0.011388404833085614
201,0.07981216803949902,0.5498986368512824,0.34275509113027575,0.001726061165218968,0.025808042813723873
202,0.013043016317522726,0.24223630899327633,0.7315928987865588,0.003166858546077214,0.00996091735656506
203,0.012395265593875028,0.2192326560576252,0.7566708143343295,0.001364018713189853,0.010337245300980479
204,0.01852895804126467,0.440293616422222,0.5297000310596313,0.003679937741917286,0.0077974567349647925
205,0.016014996974161044,0.23044247954190777,0.7431168652916307,0.0017996384694861122,0.008626019722814402
206,0.02501894173943797,0.4321652850784975,0.5224263488065263,0.003384077435607888,0.017005346939930402
207,0.02076333756839254,0.20238741901956683,0.7520600178830306,0.009744176937827151,0.01504504859118301
208,0.045175813836817465,0.3273922525643142,0.543968442541534,0.015590302405735886,0.06787318865159864
209,0.09964565574421114,0.3267092315079196,0.4807872201317763,0.015855399877260003,0.07700249273883283
210,0.029945397589041533,0.30727471102882703,0.6035412735590446,0.02072462187144582,0.038513995951641164
211,0.44363765202421906,0.35117096635779455,0.023261842596501766,0.04617334970938667,0.13575618931209787
212,0.06716577601843109,0.60590329036719,0.28240153149335745,0.018536974785394105,0.025992427335627274
213,0.09067816745771222,0.7469064090005275,0.10475107291072168,0.011408718953501411,0.0462556316775372
214,0.10371579233757561,0.5793499466787086,0.24129782319275805,0.031343101511215485,0.04429333627974223
215,0.061767436300234575,0.5733616503407885,0.32080167868722115,0.020067267166775603,0.024001967504980164
216,0.09016115044078245,0.7031220068755063,0.14695468668327266,0.015615493265237722,0.044146662735200806
217,0.021203603173789335,0.3309069478722615,0.6174696308320421,0.011184745628761024,0.019235072493146193
218,0.07628127014158409,0.5239299091750627,0.37418582856680505,0.0028853476492415875,0.02271764446730648
219,0.015611666527855138,0.21757890731126825,0.7476454438536863,0.00716481037170016,0.011999171935490346
220,0.0398886356268037,0.5241343675915132,0.3560973650326107,0.013264095068994284,0.06661553668007822
221,0.028526702463950344,0.36756159588686305,0.5787082427344614,0.0088912031348279,0.016312255779897294
222,0.015609320899313205,0.17594155907451622,0.7890802796313715,0.0076816337933196385,0.011687206601479568
223,0.01091504251583038,0.07971041205866335,0.8900608403767273,0.006144252153151835,0.013169452895627345
224,0.01988053835725137,0.14543169464196834,0.798169962647732,0.007555364343724809,0.02896244000932347
225,0.013268395038649313,0.16616454686274817,0.8012185169782889,0.004270429681309281,0.015078111439004303
226,0.018367601196767263,0.268730975303622,0.6775789280200947,0.0035667763267459894,0.031755719152769896
227,0.04959568865441001,0.6159156709320228,0.27266380433680987,0.01853727787248344,0.043287558204273824
228,0.010057679849743744,0.2703367905000888,0.7148011229826389,0.0009363372911656572,0.0038680693763630115
229,0.023765827802011145,0.49291093034856526,0.4386901326178919,0.010092957329958996,0.034540151901572724
230,0.04491366797201491,0.6047446047528878,0.30269903946915866,0.010335917732842089,0.0373067700730965
231,0.027340081439056967,0.39405587213488447,0.5578186803734207,0.008239793048895286,0.012545573003742608
232,0.09415689651896483,0.6457368944006104,0.10152506074656709,0.012306791372075087,0.14627435696178262
233,0.09358892979679406,0.7110876449427876,0.17073282686946661,0.005653668408162841,0.01893692998278864
234,0.036340382626756824,0.820710357347428,0.11602821495435368,0.014670493042301443,0.01225055202915991
235,0.1530294459095528,0.5358541216472187,0.04011395104200896,0.007519790279776315,0.26348269112144324
236,0.16079591336307933,0.681592884354041,0.07182049138314839,0.007072115879329518,0.07871859502040174
237,0.07541724416230323,0.7905501900293056,0.10414657268562719,0.010796212379495502,0.019089780743268628
238,0.12731541329277657,0.7739218274698214,0.06828713011035273,0.013674572083640436,0.016801057043408812
239,0.024731210883345248,0.7132848510858134,0.2492884523769212,0.004064817439494279,0.008630668214425962
240,0.02826204908876839,0.5011289607191095,0.45098987910214383,0.0034198175066973086,0.01619929358328092
241,0.04090511855014939,0.691375600718785,0.23625673499659627,0.006882116059409258,0.024580429675060078
242,0.025786046952119872,0.40605164417280043,0.5365717896179649,0.007897897851909455,0.023692621405205328
243,0.03609387334590964,0.4471714587225265,0.4875565541019295,0.006848824864748322,0.022329288964886094
244,0.02893460281912395,0.24900891865957897,0.6781088625093279,0.016201874698452936,0.027745741313516346
245,0.07267350939718437,0.5240503415275097,0.2823364542755872,0.03407355547071067,0.08686613932900798
246,0.06215681587274631,0.3777761982527098,0.38561281781719015,0.12068057650001987,0.05377359155733365
247,0.1058001828909868,0.41503994729730487,0.06642888008897607,0.06918035547310587,0.34355063424962645
248,0.3117190070309308,0.3007200255159466,0.03848039298176158,0.14130698429888797,0.20777359017247304
249,0.10864560682777182,0.2932276891377644,0.03278305001418661,0.09453104947286652,0.4708126045474108
250,0.37112941537165856,0.18054102098808192,0.0006843603854299832,0.21539849787199755,0.232246705382832
251,0.21286256961729325,0.5069738325888419,0.001994215929252639,0.058020542032456345,0.2201488398321558
252,0.13069460358456966,0.13488676228879898,0.0007205677787232335,0.02744172310345931,0.7062563432444487
253,0.21344136233255634,0.08500484850621018,3.461106892152866e-05,0.04086213735553275,0.6606570407367791
254,0.22292566598240557,0.11495464450200213,0.00011348790146927692,0.02703008967274651,0.6349761119413765
255,0.2998346273041264,0.0887576197137719,0.00013174247751960344,0.023152720333753624,0.5881232901708284
256,0.2508086221956229,0.07181804732951767,0.0001198254257225305,0.04315715147302594,0.6340963535761109
257,0.43127137530573595,0.14346382986739792,0.0031248974077538764,0.030551339499703362,0.391588557919409
258,0.5760599516529816,0.14073108716394575,0.007431661873262259,0.16017402261609842,0.11560327669371197
259,0.22319887535497496,0.36872064541238747,0.020508051011568464,0.26737936369333115,0.12019306452773801
260,0.2797032101421658,0.4659497637338818,0.02248020940090968,0.10030647623129171,0.13156034049175105
261,0.11011263650051697,0.6137911297722951,0.14133665595734737,0.09582397795018172,0.038935599819658925
262,0.1904681864773668,0.648807971394375,0.08038209847793623,0.024139699447201984,0.056202044203120013
263,0.07137665870995813,0.7759846239598595,0.11496954575350143,0.008460822259236049,0.029208349317445037
264,0.13218573902531636,0.8010138995021563,0.030648622393938858,0.005162409805915389,0.03098932927267308
265,0.11339039801223146,0.6869906436563682,0.16926375242409816,0.00973715560014596,0.020618050307156327
266,0.12148686127880216,0.668451319851764,0.18267887121763837,0.010952335022337901,0.016430612629457515
267,0.09760004803707903,0.7759889998650512,0.0816967933895695,0.004070016207990679,0.04064414250030961
268,0.19319757334457596,0.5678016712652323,0.14216621013037295,0.016727646058199607,0.08010689920161917
269,0.17750313500542722,0.6921011104322256,0.11106000356255842,0.004756812493033075,0.01457893850675565
270,0.07773372930657232,0.5899609243448201,0.3058984794313565,0.010638187108073474,0.015768679809177653
271,0.12604240059929317,0.743498162143114,0.09153479858660989,0.004170722981796984,0.0347539156891857
272,0.08035537042952336,0.6545900156293035,0.21214690073955955,0.020579225579613426,0.03232848762200029
273,0.05679628953580028,0.6563881242116248,0.23193748735605998,0.014771093339009583,0.04010700555750527
274,0.05623355223002672,0.5288983460946276,0.37531746344627553,0.018735533557736713,0.02081510467133332
275,0.07707264364547162,0.48204806465817623,0.37790134566098,0.016978105719774917,0.04599984031559721
276,0.24367323166701677,0.6214710109266869,0.05313760135839563,0.008579772877881798,0.07313838317001882
277,0.03985682174775461,0.2696521140381391,0.6582411152084078,0.015675512650187767,0.01657443635551075
278,0.34062823837799405,0.4893846894601816,0.02460943062167265,0.008462423886787716,0.136915217653364
279,0.1219077447637284,0.537856478962565,0.31557802523784406,0.011186989790415831,0.013470761245446543
280,0.13745667595685943,0.5686950113167596,0.24946752482049883,0.00819015029867963,0.036190637607202605
281,0.09481191955465935,0.47215907847716176,0.41678929132116016,0.00741961412518423,0.008820096521834618
282,0.0291142249850311,0.5712512769012247,0.3866522014426256,0.001341272502933724,0.011641024168184898
283,0.020185100028042934,0.4338044184680142,0.5362980718717167,0.0033579273663223042,0.006354482265903859
284,0.010486745590041915,0.14205282736206284,0.8313267229537797,0.003462725594911265,0.012670978499204183
285,0.03433606859016453,0.6213408993531419,0.3131313612089993,0.003690067304491035,0.027501603543203218
286,0.020310708505883752,0.33624900713466194,0.6300792206848416,0.0035971789209441212,0.009763884753668569
287,0.03193066415414499,0.5400736683549128,0.41122485526498137,0.0012303342471940244,0.01554047797876692
288,0.014160743040434343,0.517869607868299,0.46160755674901754,0.001330441612806778,0.005031650729442281
289,0.012728156268924692,0.46235058562257864,0.5155682483169247,0.0020674402285047,0.0072855695630672825
290,0.017870705113182693,0.5202162137860971,0.4351018166633333,0.005608879771630925,0.02120238466575604
291,0.010281296649905642,0.23384011091774015,0.7399824639173894,0.004347212287092922,0.011548916227871752
292,0.029861157636179223,0.530129246007714,0.4072731140860939,0.005653363229025161,0.027083119040987855
293,0.014179387497911557,0.21546441197914307,0.7572828623638574,0.004749524610075097,0.008323813549012864
294,0.022989159786402875,0.43176077109115885,0.49042825667321616,0.027838963799253318,0.026982848649968832
295,0.022277175642405216,0.6281667745751515,0.3128915520695593,0.015387166186513585,0.02127733152637046
296,0.049839335390240457,0.4928831929800986,0.3734757907766205,0.06490112874446657,0.018900552108573915
297,0.04770199773681316,0.25238400937120864,0.4380641465185517,0.12723328499935277,0.13461656137407366
298,0.01754522835060648,0.004878459946749455,0.00031567360386131695,0.004238690813478493,0.9730219472853043
299,0.2730708926786776,0.24820406098054656,0.010029436256151469,0.08829116254468622,0.38040444753993813
300,0.5699343273443918,0.20708268938109095,0.0010524551398107518,0.13487944516677441,0.08705108296793217
301,0.3925388735178747,0.30791492531894155,0.011337968719580196,0.03318894606723737,0.25501928637636617
302,0.4949277302627904,0.34811132217509116,0.0016764448955470716,0.054734493354002704,0.10055000931256876
303,0.20377890625282988,0.5865584910919031,0.06896209060545883,0.09601213070231703,0.04468838134749123
304,0.0836301385931357,0.8593355879103489,0.019837716896401115,0.02536413587757077,0.011832420722543546
305,0.04110126570343401,0.8781521669306089,0.02816792971144104,0.04255303247110496,0.010025605183410823
306,0.1348528109031186,0.727058289137516,0.07444182966851186,0.0237818844916282,0.03986518579922524
307,0.08717797115428927,0.764729215051378,0.06433480184468861,0.057138467418634785,0.026619544531009114
308,0.08464039446975873,0.7415165861893953,0.03456170678531294,0.015364135312882722,0.12391717724265038
309,0.436529796528858,0.4137364619850141,0.008962400444135987,0.022745093386711473,0.11802624765528043
310,0.0389944182460648,0.8816694253588813,0.05659786880413528,0.0037654147197215193,0.01897287287119724
311,0.07659032370454916,0.7809284423266106,0.03891060529643415,0.08929425809209822,0.014276370580307889
312,0.05604316173001159,0.8819269313337941,0.02079092357963653,0.011877458529667524,0.029361524826890393
313,0.08934668605543185,0.7414285808019079,0.0923631407096031,0.06761169946118709,0.009249892971870153
314,0.06996877429075753,0.1712924408043665,0.005753247395610239,0.014183074809667337,0.7388024626995984
315,0.2397576410419396,0.5952922281401205,0.025904441893528533,0.025263261596719037,0.11378242732769242
316,0.034329478062140845,0.920168867912401,0.013462057798157902,0.017630209092785683,0.01440938713451444
317,0.11182155229515985,0.8009751824027176,0.03638569753749411,0.013345042418618074,0.037472525346010435
318,0.035044866417792725,0.8985804507952069,0.026820878467069535,0.03102677933934564,0.008527024980585149
319,0.05940334099073078,0.8430620286942033,0.045950221979442686,0.03592457630665318,0.015659832028970037
320,0.16079518514087612,0.7283445492972098,0.01769311261400975,0.03495090673351013,0.058216246214394154
321,0.06607690640765382,0.8627117716727887,0.044591047089394015,0.014102593080960481,0.01251768174920312
322,0.0552805176001047,0.7882343674873485,0.04649249084761263,0.10092425148329033,0.009068372581643874
323,0.2311726644300572,0.5138042267892613,0.0033737466271790964,0.14383916148990286,0.1078102006635996
324,0.0754908147979284,0.8585356519329647,0.009428026648891384,0.018662306815922666,0.03788319980429287
325,0.12303155554591715,0.6638177944110621,0.02376059747470679,0.1075322178289468,0.08185783473936709
326,0.14114373614234166,0.7902980195508617,0.03734439262338843,0.01263645868370025,0.01857739299970796
327,0.4403789646053904,0.46254111588926655,0.034491872413423746,0.03827809802132381,0.024309949070595624
328,0.04986328711666554,0.7236246024230268,0.09122490060936689,0.0337405090439904,0.10154670080695027
329,0.047940251722597166,0.029317741728462382,0.0005569097225131048,0.010850339948760362,0.911334756877667
330,0.35434136334165117,0.18229732661379294,0.00043789307208496117,0.028176694546601024,0.43474672242586976
331,0.4553064214621388,0.25354819946346424,0.0006367404365559976,0.017986684946002682,0.27252195369183824
332,0.48778367588790206,0.2781035611096934,0.00010858424170864579,0.008773707795710522,0.22523047096498539
333,0.5693297966117273,0.3651057902100501,0.008326279545996972,0.03871138546829607,0.01852674816392971
334,0.28463385362129356,0.36682882863059996,0.004658654411862962,0.0419318301742605,0.30194683316198306
335,0.1208651192115386,0.748170670635745,0.04233801632495505,0.026020987483418568,0.06260520634434279
336,0.16914219960694363,0.4399861069102764,0.021742746320453893,0.03499783462013101,0.33413111254219513
337,0.043192421460314004,0.8933873126863318,0.044687210783614456,0.003274609814225153,0.015458445255514427
338,0.16781916869557417,0.6672406644866996,0.043404257401003364,0.030303648633589864,0.09123226078313305
339,0.05593652624835928,0.8889702647049328,0.03867071751959491,0.0018578669534014835,0.014564624573711294
340,0.14190764026398153,0.7844275480867656,0.02054856483948767,0.0042391187113095495,0.04887712809845549
341,0.08437771997558412,0.8261860766090554,0.07046970286847731,0.013208398741545434,0.005758101805337661
342,0.2742036177227461,0.6300639435460154,0.01604030425842682,0.005264008232804633,0.07442812624000704
343,0.06780504047675986,0.8407119162726214,0.07759323005152058,0.008885628694762887,0.00500418450433521
344,0.09547543639074664,0.8004998031277327,0.08303527015210274,0.0026865890779084038,0.018302901251509414
345,0.05886200386904535,0.8328820005014317,0.09250717666081044,0.006728315402892428,0.009020503565820143
346,0.09403166787893862,0.7936143822937006,0.08968293454755273,0.003846283642808193,0.018824731636999707
347,0.08373786353631774,0.7308436008545458,0.15070326756515293,0.023333889693017508,0.011381378350966061
348,0.11101888517098144,0.7909542275833724,0.04907607057737474,0.003552924378234091,0.045397892290037364
349,0.06008013247444153,0.7379103059755463,0.16865475213251346,0.017530519917379882,0.015824289500118802
350,0.10380457949753563,0.714970392739468,0.083219084335675,0.00919243708890731,0.08881350633841407
351,0.08301746267491919,0.6334673483373092,0.1702426428860357,0.07823267424066636,0.03503987186106942
352,0.05840569856090145,0.6962191619739526,0.08138092092524903,0.017545161708402795,0.14644905683149423
353,0.07687482811467475,0.3954686798482135,0.3210025361644092,0.08764831708866674,0.1190056387840358
354,0.09981230089117009,0.20632390827766703,0.012365425889563112,0.010575263291041725,0.670923101650558
355,0.19000216196801348,0.1514438229287451,0.0011310521893728516,0.021900466430796295,0.6355224964830721
356,0.2742828376462912,0.2499056931029561,0.0008391389529411141,0.02101514368923783,0.4539571866085738
357,0.3550178145187097,0.21839717394893082,0.03666864415889104,0.018979128872340944,0.3709372385011276
358,0.1639317437466377,0.2502173041058829,0.031239849763943003,0.009914163787175146,0.5446969385963613
359,0.14111626995748833,0.4528374164839047,0.011631385305944403,0.012693602900827263,0.38172132535183534
360,0.10121341102489273,0.4829319980310192,0.09278099972776381,0.00495253745642059,0.31812105375990374
361,0.09022023268124668,0.6224308853426449,0.09106764800931497,0.005047939473058357,0.191233294493735
362,0.07005291118291165,0.44762259025279616,0.05378839745284212,0.011504705108629089,0.4170313960028211
363,0.052537482366896274,0.3635578707767743,0.10174625871014312,0.009078636330826579,0.4730797518153598
364,0.08746261559117426,0.42846736142555486,0.07663141190294394,0.01472275112352942,0.3927158599567974
365,0.06677106801758917,0.3439887364643306,0.06619017659683157,0.01144863824110682,0.5116013806801419
366,0.06251570246301495,0.4058540772541296,0.2199264458480938,0.00697684776082006,0.3047269266739416
367,0.07139969631166436,0.4087212785977433,0.10941935868907526,0.015929081600555714,0.3945305848009613
368,0.08467126524565805,0.46031263378876247,0.1154252623560692,0.009455171718699595,0.3301356668908107
369,0.03157481781372541,0.4694511889975396,0.07999449374236958,0.006879013356544179,0.41210048608982125
370,0.03945787307930788,0.24781046985346583,0.06523528965257476,0.006905379682749795,0.6405909877319018
371,0.048826814476852415,0.5013342603751603,0.05398711341913391,0.008766082448465945,0.3870857292803875
372,0.06711536723839133,0.30562836785202435,0.004857004246676314,0.06401214650266011,0.558387114160248
373,0.05874213203579949,0.2540180026889355,0.0026033095252642117,0.015551323990447685,0.669085231759553
374,0.06651664766787334,0.36384369589564114,0.025904840290189014,0.02129991203792364,0.5224349041083728
375,0.20420805936076142,0.24842288775388674,0.05286457021613675,0.060878714173715674,0.4336257684954995
376,0.07683355956433237,0.33625629617134173,0.022489633987950706,0.007270529685192671,0.5571499805911825
377,0.03419072478146891,0.22241543527776078,0.008477562399873444,0.005928222413681832,0.728988055127215
378,0.08420460389575385,0.3454464181501785,0.04381330907681374,0.013168559221823306,0.5133671096554306
379,0.08139337512895546,0.39176602907184505,0.010809661639343451,0.005842987484098331,0.5101879466757576
380,0.13103423632983624,0.3671455286790326,0.016795302197124762,0.0472093213571225,0.43781561143688397
381,0.025027292073802415,0.05008478402102563,0.0028195331964202784,0.006287459741848469,0.9157809309669032
382,0.033490719196903815,0.08057874110137575,0.004884657795127118,0.003410629829949895,0.8776352520766434
