epoch,N1,N2,N3,R,W
0,0.001011372887743231,0.000622435358531545,8.647785810063374e-05,6.107065848051913e-05,0.9982186432371442
1,0.008887026256981215,0.0013180006610639915,0.0003428197403804564,0.0004145445497705945,0.9890376087918038
2,0.003557634779574245,0.0008533434485975813,6.230777584752675e-05,0.00018282259609767333,0.995343891399883
3,0.12431923978281194,0.0018560087710793563,3.822086159225608e-05,0.0008608373918262221,0.8729256931926902
4,0.37756498100862407,0.010828074420034176,4.9822722845270956e-05,0.0009964108528675904,0.6105607109956289
5,0.3630323489927792,0.006632840204707955,3.696593402375864e-05,0.00046312142040695283,0.6298347234480822
6,0.5154710523395177,0.009679814285082928,2.581163475557822e-05,0.0012289001857545758,0.4735944215548891
7,0.03290924045505637,0.01047641835633442,2.5505877220736715e-05,0.00048169230334885345,0.9561071430080397
8,0.014214183900274091,0.0030187875157940596,3.948231388320371e-05,9.009043244480082e-05,0.9826374558376038
9,0.30600523934405716,0.009472763212859999,2.1059301897929686e-05,0.0005609066346537,0.6839400315065312
10,0.5038556780218668,0.008623809889775194,4.038490353506427e-05,0.001292003224131225,0.4861881239606916
11,0.6147114330686875,0.005740297289259872,3.068689084496351e-05,0.000605188187423848,0.3789123945637838
12,0.6287547027661051,0.005943806340203325,2.7646651797100572e-05,0.0017938751957637712,0.36347996904613067
13,0.8927867530742793,0.011800490063959244,7.301663785011868e-05,0.0032488479971217944,0.09209089222678958
14,0.7608909345687397,0.045606528870111816,0.00018042012534993408,0.017200680468951922,0.17612143596684673
15,0.6477682328658801,0.101647647894866,0.00039999085109925024,0.08200341633030211,0.1681807120578525
16,0.14923998803641045,0.5269920464076409,0.004817675495025412,0.21611028079986758,0.10284000926105578
17,0.10175778365575709,0.07861229774551426,0.0003513033433282397,0.6630695273727535,0.15620908788264692
18,0.2968717079138231,0.18590285259919945,0.0005968042424470775,0.438793617453916,0.07783501779061444
19,0.24880048438275945,0.5352611106499607,0.006637110922636526,0.16589990891026923,0.04340138513437402
20,0.17372773805823907,0.7125544690605833,0.008173004981355538,0.04812599543434118,0.05741879246548087
21,0.21667428446164866,0.10923718303680477,0.00044366441246350413,0.32578776661915365,0.34785710146992943
22,0.242097168740096,0.3971924636534888,0.002017876028161908,0.1417184406453794,0.21697405093287395
23,0.22057791143426833,0.6254556014171667,0.0012445365748834539,0.08179168661827485,0.07093026395540682
24,0.08356550358262659,0.8289236923343886,0.013199776391938438,0.008551727525680479,0.06575930016536613
25,0.19046515801026528,0.15367259460403263,0.00021548861133594482,0.17185263579657997,0.483794122977786
26,0.34861954574670845,0.07791171044856733,7.740902389589193e-05,0.04970167771837985,0.5236896570624486
27,0.6673287338782381,0.0897548955505636,0.00021126795737061324,0.03508475868715852,0.20762034392666903
28,0.8485504965386674,0.09858452642985538,0.00020793950271943843,0.014356874537150417,0.03830016299160752
29,0.5214498829681166,0.3191917736263138,0.0008258591713848724,0.06842556161932045,0.09010692261486443
30,0.1018075851338423,0.7487049678696972,0.0010480475766160022,0.08711877903329868,0.06132062038654582
31,0.37876373401645064,0.14334975545928252,0.0003365030055745746,0.3086784742978457,0.16887153322084655
32,0.49971346777644454,0.3210921017511735,0.0003651566379354164,0.1268717548366147,0.05195751899783182
33,0.1709679943176421,0.7820187692391609,0.0010240267391760445,0.02222183733550784,0.023767372368513156
34,0.20696545327284127,0.7259928040518728,0.001531293989261924,0.04935849475340667,0.016151953932617074
35,0.03507428604377264,0.9081379798356912,0.023276356802435498,0.008028648761237368,0.0254827285568634
36,0.1199356128572336,0.2123466493296076,0.00028037918348324784,0.03450311025765947,0.6329342483720162
37,0.4623926049730706,0.1423870309917117,0.0006738340189806132,0.06449244090695697,0.33005408910927997
38,0.6039888737700714,0.2734833096383634,0.0013259237623832777,0.02860593932189638,0.09259595350728568
39,0.3652101488838458,0.5635086675880887,0.005514605051132745,0.008394029471054089,0.05737254900587869
40,0.17921155461021973,0.05104185532579238,6.159935707500593e-05,0.014279342437313743,0.7554056482695992
41,0.6378508940468928,0.09585478671793127,5.2586822976699905e-05,0.03195728894897492,0.23428444346322433
42,0.8987822232733921,0.009142870610406107,1.264423011192546e-05,0.004632521027039667,0.08742974085904993
43,0.9726119705002115,0.012492264364430378,2.6323983882528013e-05,0.002039908787222595,0.012829532364252773
44,0.63871677552749,0.34172136198793207,0.00035907587142296237,0.006495814153816873,0.012706972459338205
45,0.05826013520496723,0.9302069600828041,0.0030392043102494505,0.0017964465538497258,0.006697253848129499
46,0.09581047733374815,0.8135752075008905,0.0029668597806674253,0.07513279963947861,0.012514655745215281
47,0.04909734359502322,0.9246049777712279,0.003906033650643835,0.0098239803555727,0.012567664627532575
48,0.16260189890361842,0.7995368953717942,0.007836438842262075,0.017288458465923102,0.01273630841640233
49,0.17437086054540682,0.7583416887185397,0.0038302242198057323,0.05262164580698176,0.010835580709266124
50,0.03057281693170397,0.9390105623732111,0.015881901107305956,0.011616562842637573,0.0029181567451412828
51,0.21301919005741313,0.6545019574424037,0.00437659990183234,0.020071376568879525,0.1080308760294713
52,0.3062065575395571,0.5815717711770259,0.0015169576897600201,0.07420680398408415,0.03649790960957293
53,0.248711663596033,0.7073302833573901,0.004962735895259892,0.026751543253092706,0.012243773898224215
54,0.1902792095378419,0.7951402516443927,0.002121244630606878,0.003452372567739828,0.009006921619418561
55,0.5329114323938999,0.34855158267118136,0.001538562483918385,0.054710080761999354,0.06228834168900097
56,0.6324037480304956,0.33023112517294684,0.001009145513189028,0.009081488330261112,0.02727449295310724
57,0.5769919371784713,0.41161491203908207,0.0011168056647909237,0.0019288388597461063,0.008347506257909598
58,0.06382406468921963,0.9019598132960848,0.030809558790818606,0.0010620585716948226,0.0023445046521823106
59,0.06047230085499638,0.9158869775798759,0.01138581926362359,0.004235979094415537,0.008018923207088498
60,0.01414330930557216,0.9223308567728655,0.056263049289124886,0.00255528345659448,0.0047075011758430105
61,0.07366528688203688,0.8906990802466724,0.010974892601334657,0.01092314501149171,0.0137375952584643
62,0.015217508279311943,0.9466260508593514,0.03343917760579739,0.0011803931442445716,0.0035368701112946147
63,0.3803953270202964,0.5438165458589647,0.0021915233263865947,0.010522014303985536,0.06307458949036686
64,0.015774815293940845,0.9410764336245201,0.03729716920961709,0.00044162609005844576,0.005409955781863647
65,0.25863212422760723,0.35311733834255676,0.002420066539232469,0.002547970884372199,0.38328250000623126
66,0.6268544102532154,0.31214671951184003,0.0019658928711442434,0.002139510622283557,0.05689346674151668
67,0.07729219940629074,0.8722325743827514,0.009324599959165613,0.0015693923760136006,0.03958123387577887
68,0.3303746785388165,0.14507643789993768,0.00019392401399219832,0.0012082515218409815,0.5231467080254125
69,0.31572237243018986,0.572984732190771,0.004165979939693291,0.0016768389813467204,0.1054500764579991
70,0.5549370981885765,0.25987709176581114,0.0021026011632336527,0.0038865267086368397,0.17919668217374182
71,0.10933582942989835,0.7938157841215516,0.00942157670626235,0.000849247327595561,0.08657756241469229
72,0.02744236076192194,0.012262837567853294,0.00020537195966646783,0.00023660625949696864,0.9598528234510613
73,0.842915131297644,0.033013638775023245,0.00032042029175024037,0.00050784613128651,0.12324296350429606
74,0.8728805583423183,0.11464316318281605,0.0005287589246568136,0.00018577486579481745,0.011761744684413917
75,0.5483041173121118,0.44204350649683527,0.001981656809913127,0.00016308077678788016,0.007507638604351856
76,0.030007398094839134,0.864014711321832,0.10119449244484252,0.0017881976939996636,0.0029952004444866536
77,0.0024917314063654496,0.9056413708060197,0.08851214020552757,0.0016468338321404452,0.001707923749946791
78,0.007142174687965625,0.9002696203483779,0.08066846533882988,0.0054951455900309875,0.0064245940347956495
79,0.002412768505556666,0.6293747157477706,0.36506499007580734,0.0003120394529800733,0.002835486217885328
80,0.003745865254810287,0.6781656628089026,0.31347806811834605,0.00021294462049726496,0.004397459197443881
81,0.0014812400096792138,0.5687410800069606,0.42681281995209813,6.680071459195878e-05,0.002898059316670234
82,0.0015325977849694635,0.20356864398139426,0.7928259148515324,4.098727443940664e-05,0.002031856107664402
83,0.002198142758475223,0.5870372214357227,0.4057700642708936,0.00021321143912700856,0.004781360095781384
84,0.001424634593855354,0.3943419863165933,0.5995296207987355,0.00011175223040556027,0.00459200606041023
85,0.0006343165870679227,0.20908682868301345,0.783643627356535,9.173466631166827e-05,0.006543492707072053
86,0.00023426358667347376,0.07070890739872951,0.9278555167811089,3.283768517539977e-05,0.0011684745483124747
87,0.0003384139218323991,0.03754472772536966,0.9599625347764551,6.673134256377828e-05,0.002087592233779034
88,0.0018316406435672388,0.29590424294793183,0.6984202209965862,9.6369378361258e-05,0.0037475260335535394
89,0.0004065808714611327,0.03368070899620531,0.9640036100833512,6.47131349451341e-05,0.0018443869140370957
90,0.0004845706231985541,0.11605869565124949,0.8809210793704396,7.322182307174365e-05,0.002462432532040606
91,0.001384063545708749,0.20057647376260182,0.7929673249190197,0.00022534638354876547,0.004846791389120943
92,0.0004761982442968841,0.18368075151888744,0.8122088415248073,8.877612218759058e-05,0.00354543258982069
93,0.001890602483113453,0.3232790543576677,0.6649721655035937,0.0002197889712516163,0.00963838868437367
94,0.0008322101895273235,0.19043163924045073,0.8048247238329916,0.00016602471387148793,0.0037454020231588126
95,0.008230449797365022,0.4966089389842088,0.48275303727073265,0.0009357526525855911,0.011471821295107858
96,0.0735476521066937,0.598348631898028,0.23082754634228972,0.0018736606455684501,0.09540250900742014
97,0.6735645713817134,0.25058781099420696,0.010898673021235263,0.00623413447780997,0.058714810125034274
98,0.6354735282898145,0.34588606275293765,0.007235484953696013,0.0022902902650026318,0.009114633738549168
99,0.12407094689203427,0.8145379094288934,0.05478681246268009,0.0004576147389368558,0.0061467164774554744
100,0.04537418663053914,0.9088931348246143,0.04106553288531756,0.0013284037888255222,0.003338741870703343
101,0.007257008900226151,0.8354682661529019,0.1537019342057822,0.0009517032269760267,0.0026210875141136317
102,0.0012467584796106198,0.7020956573439061,0.29475632752736003,0.000238080141954598,0.0016631765071684684
103,0.006420007423546912,0.7116219726259031,0.2782796415094939,0.0003582575320557914,0.0033201209090001965
104,0.0016374861856482293,0.405604672604981,0.5901749408011933,0.00020093610616743278,0.0023819643020102227
105,0.006196646122121069,0.44044913747788667,0.5490955771909419,0.00025388544817839216,0.004004753760871906
106,0.0034160321488462507,0.5916305736227481,0.40020420432780396,0.00034023707485718465,0.0044089528257444804
107,0.002938397678791078,0.3254145034626401,0.6689752998525084,9.026301680717027e-05,0.0025815359892532776
108,0.037078732044532124,0.7777744567422403,0.1729597591406851,0.00232662054356949,0.009860431528972976
109,0.002997488537073678,0.7677227866600859,0.22628882139761727,0.00020685620304995267,0.0027840472021732382
110,0.003207004662739415,0.7004578119491596,0.29307752649670055,0.00011468903364809122,0.003142967857752452
111,0.00812576886155463,0.8510510562417548,0.13697560680335016,0.0004091382363989333,0.0034384298569413367
112,0.0018762757232502498,0.5930583403479393,0.4029286853766544,8.451813502966396e-05,0.0020521804171264816
113,0.006078830321506737,0.6890807493893207,0.3007524555843446,0.00026769341424987653,0.0038202712905780717
114,0.00511323068537341,0.6082996026863994,0.3819730820789285,0.0003970344491290653,0.004217050100169825
115,0.0024719958532759853,0.3701823902797281,0.6241551595091968,0.00012554824890445487,0.003064906108894726
116,0.00658441195977056,0.5672459330207263,0.4203742709777007,0.0009277028094549256,0.004867681232347531
117,0.016200393345624606,0.8229384377605622,0.14973117231798028,0.003338847213347882,0.007791149362484986
118,0.003802762083655649,0.4916662209154416,0.4982685882438661,0.0009826650834370003,0.005279763673599576
119,0.025596552282379188,0.8887244257712172,0.07234727985495985,0.005689496688228539,0.007642245403215267
120,0.02530159006695813,0.8958046942286568,0.07175435560780069,0.002165916989125923,0.004973443107458497
121,0.014588160165258839,0.8937246797882774,0.085859362295806,0.001195034737711234,0.004632763012946489
122,0.21477661724659902,0.7637476095193578,0.010992346909218775,0.002567638345846414,0.007915787978977958
123,0.010189874012617686,0.8158240591027534,0.16670375587881667,0.0017365296817432718,0.005545781324068809
124,0.07498903837210873,0.8911335858475891,0.01933137008062492,0.007190327013110316,0.007355678686566924
125,0.05296179608935673,0.8671927149735686,0.04336223471386006,0.009523188536384997,0.026960065686829755
126,0.04000509756438885,0.8780370453808378,0.04789245771285039,0.017335571059302925,0.016729828282619912
127,0.11498087241544022,0.5532892089310998,0.006987306892928777,0.008223484620597203,0.316519127139934
128,0.47873842320576104,0.04314781813978992,3.283868937369173e-05,0.005607224661008303,0.47247369530406713
129,0.7410636648322669,0.21486758895516,0.0008203436745191033,0.013944375328730085,0.029304027209323718
130,0.6073000109525646,0.3505322330813856,0.00033640388811024906,0.011087546565812647,0.03074380551212686
131,0.7423945208017889,0.210673712949704,0.00020757121125438132,0.032648790325035315,0.014075404712217224
132,0.08332887722447328,0.816298109738272,0.001100515518755617,0.08945409120316289,0.009818406315336335
133,0.10678912957948385,0.8357579258773429,0.004815517000771541,0.04788878405088969,0.00474864349151185
134,0.13319893495969298,0.6866393918196314,0.004083522361164488,0.15249596028151516,0.023582190577995925
135,0.04731471149364803,0.8587511149002123,0.06120219894375011,0.02670242667682637,0.006029547985563462
136,0.1656426690673691,0.4989114034095038,0.0028059550691320206,0.3197683635073466,0.012871608946648327
137,0.15040936731585547,0.32992549258320863,0.001086376484740735,0.50717325221188,0.011405511404315118
138,0.020787596171875464,0.8983426613450207,0.009693920208351,0.06732460313568601,0.0038512191390669367
139,0.09424650878888975,0.7516019714867844,0.025312769105772112,0.11517333029812012,0.013665420320433611
140,0.05667487966175728,0.31014713038165725,0.002990619383477454,0.6170346575505005,0.01315271302260731
141,0.04606953301935466,0.41096856991900577,0.024197206675327577,0.46427446585685866,0.054490224529453214
142,0.046866687401519065,0.024056337945081885,0.0005449305567461364,0.8552258619153165,0.07330618218133635
143,0.032474386555068034,0.0040759421011061295,9.880768166862024e-05,0.9358601475192636,0.027490716142893713
144,0.1667651082698657,0.009092620007495137,7.832534726672545e-05,0.5250654073566345,0.2989985390187379
145,0.5988986315888887,0.007823521920816494,0.00013969542111493905,0.3407575119907878,0.05238063907839205
146,0.7577710485017588,0.028195407312213476,0.00012770199419171358,0.16284406337521293,0.051061778816623084
147,0.4071380301719235,0.05028875614756962,0.0002465679793296376,0.5049518364567427,0.03737480924443453
148,0.14657915981983796,0.04262386377658799,0.00023036017187958683,0.7923683025169644,0.01819831371473003
149,0.044042617192139914,0.04647761141537398,0.0005054641602848965,0.8940800686835432,0.014894238548657936
150,0.039927706814794864,0.048732306056239794,0.00022753801273808606,0.8946346876942196,0.01647776142200771
151,0.04203433423003237,0.09123663093211,0.00020864557357010014,0.8594035061058198,0.0071168831584676765
152,0.05008222720484421,0.04064664252291664,0.00012156471509638623,0.9035659077806621,0.0055836577764806945
153,0.09464963596883764,0.2332457166671853,0.00041905124963136694,0.662564348006276,0.009121248108069727
154,0.06018931096707798,0.28509771824903024,0.0008279127216931977,0.6395135490641363,0.014371508998062228
155,0.08000847944994996,0.11729623509526407,0.00022342079193804048,0.7716109262196174,0.030860938443230634
156,0.02935927158587783,0.019463851306737966,0.00010990823009450629,0.9452502515049797,0.005816717372309962
157,0.15181539724117818,0.3917014806636953,0.003698826637822473,0.42316383993619217,0.029620455521111817
158,0.10465724764808314,0.14065766232434074,0.0007426018723182063,0.7387410534447698,0.015201434710488062
159,0.0681684429920609,0.19398442837414012,0.0009345000521593168,0.7202148646536756,0.016697763927964123
160,0.0076605442454952604,0.011181981990368718,4.358330120454236e-05,0.9782161208068394,0.002897769656092044
161,0.03502083803420791,0.06886710368661489,0.00015123186368636642,0.889323620270941,0.006637206144549964
162,0.0467479208037507,0.02031767125569557,6.0294179931807974e-05,0.9212038086652338,0.011670305095388024
163,0.06642879513914743,0.042057481067581844,8.638537061113741e-05,0.8849590702452697,0.006468268177389798
164,0.03876594052836351,0.040015045606563826,0.0001944618947398497,0.9175531606116066,0.003471391358726191
165,0.033616961925087584,0.015211543668158118,3.8041635332876854e-05,0.9474012637606665,0.0037321890107549827
166,0.0659048814023006,0.016101094404897126,7.526439700566752e-05,0.9111085279403783,0.0068102318554182206
167,0.17185046852438124,0.06985529225155825,0.00014422254951294017,0.7468812634841144,0.011268753190433248
168,0.10856193026495545,0.030209987091221236,9.654057881350413e-05,0.8096266077095802,0.0515049343554295
169,0.23330603797007496,0.1084761137494656,0.0001358734926571758,0.648671269432301,0.00941070535550113
170,0.12602820124682684,0.11942813687428777,0.00031130558226517667,0.7462191113238229,0.008013244972797323
171,0.4889087629650204,0.24960355721209368,0.000531277724066171,0.2519960408690265,0.008960361229793302
172,0.25376164221992314,0.29066982829620513,0.0003982087787408962,0.44265323285645997,0.01251708784867078
173,0.11729285749847645,0.8554021824525888,0.000317014371835058,0.02570536252484563,0.0012825831522540205
174,0.022770838797324514,0.95300673743797,0.0019464554540648928,0.02166449454412616,0.000611473766514568
175,0.029877403640502613,0.9583684632816509,0.0005172095165895085,0.009362462967861123,0.0018744605933962103
176,0.008708984905392382,0.9798161868110008,0.003630655533429308,0.00664198945551175,0.001202183294665717
177,0.01507536161258153,0.9689872008669874,0.007228092737818527,0.00650803689113005,0.002201307891482573
178,0.11861310454863962,0.864072639943921,0.0012317057180718759,0.011283324125243927,0.004799225664123665
179,0.010557948886702048,0.9607100824030743,0.026605001868165803,0.0014494659034481104,0.0006775009386094692
180,0.014475824027596887,0.9690480023581447,0.014356590911124041,0.0011738408390211826,0.0009457418641132043
181,0.008565397037908856,0.9727270786817888,0.016691928934344787,0.0009437149614596155,0.0010718803844980227
182,0.0017328778040147073,0.8681652941658909,0.1284107039889494,0.0010701517643859318,0.0006209722767591876
183,0.01113486144613279,0.8670399303207755,0.11723628950086974,0.002177849649297915,0.002411069082923818
184,0.016335467807568765,0.9249294734109806,0.05408953169301675,0.0025634783328723145,0.0020820487555616705
185,0.05986184419170926,0.9054837335180766,0.0271500764129248,0.003331643180962053,0.004172702696327017
186,0.026019858795661235,0.9413384779668416,0.028825478188206785,0.0022946050660670354,0.0015215799832235144
187,0.006099801237664148,0.8589305021124196,0.13301030567891964,0.0008655516140588224,0.0010938393569379634
188,0.03415722991701058,0.9250385505540355,0.03407608316337434,0.002322067152980218,0.004406069212599156
189,0.008077335209533172,0.8881715476524995,0.09910800317220556,0.002703691559828249,0.0019394224059335536
190,0.012343073945713946,0.8892011374857185,0.0895889053958683,0.0043827789717545305,0.004484104200944618
191,0.05808828755485872,0.8841990181913629,0.04062079414325396,0.013302756253302376,0.003789143857221866
192,0.006481059176919585,0.8766659016513633,0.10827515387697687,0.005235559388881,0.0033423259058591765
193,0.08907448543625465,0.832275355413691,0.03413182262502706,0.03376448233479454,0.010753854190232765
194,0.01736552880731069,0.9641485978071997,0.007020915386654353,0.008169806620554944,0.0032951513782803255
195,0.06187539578802035,0.02116621128090363,0.00011144047488956824,0.0022644331462056723,0.9145825193099808
196,0.8807994154224905,0.07426359949419167,0.0001228596171746472,0.003942728700087121,0.04087139676605608
197,0.41535338442534697,0.4832053656592001,0.0002790519242047248,0.001805342941093568,0.09935685505015454
198,0.652010004534561,0.1414384268917403,0.00012485092954090383,0.00252073293814055,0.2039059847060172
199,0.7237875113622237,0.2379686406860696,0.0006195445626664937,0.012195364126043311,0.025428939262996792
200,0.03924678584687403,0.9329320566146285,0.020118845899819358,0.0020121066772773007,0.005690204961400708
201,0.060971551316392696,0.8945635607652608,0.034175604879960624,0.003104723563052896,0.007184559475333158
202,0.020370410317051547,0.9181572773587023,0.057335085088314246,0.002037829454415306,0.0020993977815167075
203,0.002071969394211251,0.7773586149520274,0.21856482794512125,0.0003027910261678533,0.0017017966824720986
204,0.0016378409979958587,0.7851549668374868,0.21142389882091175,0.00022763717091102103,0.001555656172694544
205,0.003709664628690654,0.6906405211298894,0.3027431290675093,0.0003000345292298698,0.0026066506446807175
206,0.0010896291335800554,0.28643654838221894,0.7117451547432349,8.600847809732666e-05,0.0006426592628686704
207,0.0009845063772324946,0.4521089356304356,0.5459051695637318,0.00015081463236235859,0.0008505737962377196
208,0.0013352106328607628,0.5365583975846455,0.460299510023924,0.000175870400998203,0.0016310113575716079
209,0.0009237702801300404,0.3362440068457419,0.6615051684725006,0.0001689156936885368,0.0011581387079388778
210,0.0011413669441547967,0.5707443686011876,0.4266893749860746,0.0002076939456025548,0.001217195522980472
211,0.0007289691813886066,0.10428539491657851,0.893927747255341,0.00017478963853858622,0.0008830990081535188
212,0.0015181123221962734,0.37924832128222236,0.6164492290315245,0.00043939180688861156,0.002344945557168308
213,0.0021883286377896317,0.4306150440174027,0.5633387704761844,0.001967045623122084,0.0018908112455012587
214,0.000368796796626983,0.10495341672391126,0.8934418109310347,0.00029304848941199223,0.0009429270590149936
215,0.0009907623399188154,0.21338181877877377,0.7833821507984919,0.0005642700445962728,0.0016809980382191212
216,0.00039047268353633495,0.06417343471056697,0.9346903267673046,0.00017761052211912634,0.0005681553164730707
217,0.0007394399258206013,0.1492862427441577,0.8479374848532238,0.00033395934635588656,0.0017028731304420612
218,0.0003178793083661632,0.19283345465742852,0.8053290533402426,0.00019407508040611695,0.0013255376135565006
219,0.00029759241034607836,0.025302501031291523,0.9730235903237984,0.0003093498159274934,0.0010669664186365095
220,0.00022153341601752227,0.047143178336315324,0.9513143857709627,0.00021809401802457622,0.0011028084586796963
221,0.00012017146418751624,0.049683236706397405,0.9488787661153065,0.00016929084072473985,0.00114853487338375
222,0.00022082460383197842,0.02519158055160159,0.973511828673109,0.000176686377168316,0.0008990797942888897
223,0.00029198630245442445,0.11967822322373935,0.8785088129205455,0.0001859742578004497,0.0013350032954602031
224,0.00016849556949491914,0.023040314441300745,0.9757456154451073,0.00012154201145747025,0.0009240325326396226
225,0.00017397171804403396,0.023313394508892273,0.9753843556281014,0.0001164242740867911,0.001011853870875493
226,0.0002433409561821037,0.036833539170622556,0.9619453907149361,0.00010327896044530823,0.0008744501978137468
227,0.0003308613223169554,0.14360625407323666,0.8542607278581247,0.00019713665215604728,0.0016050200941657897
228,0.0002590086587522801,0.022699735131598984,0.9754537178475671,0.00013434744156494769,0.001453190920516664
229,0.00048576101186541726,0.04012729804090043,0.9580145029668871,0.00028644072914663744,0.0010859972512003773
230,0.0003043885164809434,0.04622914429267044,0.9513068338859663,9.060838626937134e-05,0.0020690249186129414
231,0.0003596675327724191,0.04135483069185222,0.956454579263901,9.321704357355573e-05,0.0017377054679009957
232,0.0005313713506835873,0.10182990646936574,0.8960944959773715,0.00016068697103548653,0.0013835392315437835
233,0.0002053336354497068,0.02260232669741675,0.9759144902750079,0.0001276301479029792,0.0011502192442227363
234,0.00022356018795922458,0.029251122397671414,0.9697169481224934,7.233796523869799e-05,0.0007360313266374681
235,0.0002072420738298872,0.024343225157382135,0.9748120102564268,5.711923499372785e-05,0.0005804032773676165
236,0.00026405713913361115,0.03927741119700526,0.9578111278217389,0.00025108099159005647,0.0023963228505320625
237,0.00018193499085374868,0.03211530867120968,0.9669031653261186,8.475363605389634e-05,0.0007148373757639949
238,0.0003191274236353144,0.02955412333226339,0.9682050263452626,0.00034043695637154197,0.001581285942467163
239,0.00045457111118663913,0.04711071451553978,0.9485777536841287,0.0011740984154323753,0.0026828622737125824
240,0.0011307790505060522,0.11263413465592073,0.8814518848051138,0.0013915496279174903,0.003391651860542036
241,0.0002761467922972411,0.0470574382991597,0.9508873193365756,0.0005678373796225994,0.0012112581923448575
242,0.00040491082075372163,0.06825476123936536,0.9283597954806603,0.0012271880911339827,0.0017533443680865385
243,0.01237972517673261,0.2848379382036516,0.5467628844388053,0.01593190238874906,0.14008754979206148
244,0.017011243691005342,0.5086877316446142,0.4255040545844233,0.005309970184954564,0.04348699989500257
245,0.02517496595644973,0.6945331894861357,0.26019633379917834,0.0027488892469355636,0.017346621511300668
246,0.014206548944828286,0.7428273322531265,0.23694275252501518,0.00103613259596253,0.00498723368106737
247,0.018019815236140133,0.7885363008524331,0.18289005321200505,0.0034145402903943784,0.007139290409027492
248,0.002281967737542353,0.8259725197845947,0.16904870846094122,0.0006074619601776862,0.002089342056743963
249,0.0021774051240477012,0.6281434294770079,0.36710911343742164,0.0002591742188702376,0.002310877742652612
250,0.0078100978160416425,0.7104622121506875,0.27703320334123904,0.0009465373556035674,0.0037479493364284294
251,0.0012124774397936887,0.5835272288811344,0.41280911912022084,0.0001854197287070447,0.002265754830144148
252,0.0017148467467128846,0.5922373879666825,0.4041295598702169,0.0004981489784067926,0.0014200564379809693
253,0.0027211302716115336,0.6284248373592243,0.3651657337628788,0.0007519897849133721,0.0029363088213717995
254,0.0025430609791232857,0.730514599068816,0.2645909246038853,0.000734845036592052,0.0016165703115832433
255,0.0005230978748055529,0.18999380144323053,0.808611332729952,0.0001427857906018927,0.0007289821614101004
256,0.00437859250892803,0.6239082160446263,0.3681028080125099,0.0011422284220494662,0.0024681550118863305
257,0.0027563685363837247,0.55583117212251,0.4377101121929229,0.0005074915226036909,0.0031948556255796926
258,0.008326576431338259,0.7484038590576865,0.23630160528224167,0.0028888476737775415,0.004079111554956147
259,0.01493270113664681,0.8920029909504708,0.08904630046102086,0.0005935735014588577,0.0034244339504028963
260,0.04204509998195485,0.8264108720273885,0.12548389172477464,0.001969930194251318,0.004090206071630543
261,0.010736559238551427,0.8769159914550496,0.10909414362165078,0.000669852554699483,0.00258345313004858
262,0.014425024781139844,0.90892095767618,0.07261850221707225,0.002086681018854348,0.001948834306753531
263,0.0017175243848159406,0.6785107268781689,0.3172799803371503,0.0006066248404402168,0.0018851435594245695
264,0.053226635775750375,0.8540545291979865,0.07460555671751959,0.010060182417001354,0.008053095891741968
265,0.018937016749287865,0.877705428194192,0.09694760868353434,0.003261440849620955,0.003148505523364982
266,0.2003890719581025,0.13474782476287028,0.002761702538101667,0.001036312756721136,0.6610650879842045
267,0.3422165293313142,0.6371309763062614,0.01488035306667503,0.000707494492698354,0.00506464680305119
268,0.03980338751108321,0.9101158847374069,0.04488236448051245,0.0008704351450076552,0.004327928125989631
269,0.07308467647792705,0.8286794968985803,0.09477821733832452,0.00023757248014989925,0.003220036805018223
270,0.002052410946444155,0.6153615977593796,0.38097282739863714,0.0003123411504227858,0.0013008227451165018
271,0.003427959580755206,0.852395492981432,0.13993841782811198,0.0012460616933431406,0.0029920679163575247
272,0.004367343229283107,0.7671016989993751,0.22400142483194205,0.0012854131799517417,0.003244119759447943
273,0.0023397455833133432,0.8528435950594109,0.14253778686541826,0.0005131128346495585,0.0017657596572079096
274,0.002345085850190751,0.4886940728210119,0.5066128398937072,0.00025243896825801826,0.002095562466832108
275,0.0027458267294460923,0.7107460509946206,0.2840003751542011,0.0005400023161504867,0.0019677448055816786
276,0.0013950932733076203,0.5279173414935657,0.4682542416327252,0.00022947370710042121,0.002203849893300892
277,0.0006385389552547814,0.5122115960199998,0.4852935355929949,0.0002544670305182745,0.001601862401232221
278,0.0013808217663068257,0.34603794902140833,0.6500867131447639,0.0004522772507520795,0.0020422388167689997
279,0.0004728182618714121,0.32798499741058645,0.6700857025645226,0.00018118042854900395,0.0012753013344706191
280,0.0005389809861154254,0.22222786279416698,0.775775257085084,0.00016720092266717836,0.0012906982119665145
281,0.0004017539556069503,0.161797382988945,0.8369239558482694,0.00013885808494536035,0.0007380491222333727
282,0.0014593742993847085,0.3086236852025053,0.686567735452084,0.0007904332383586456,0.0025587718076672157
283,0.001351354564176908,0.32210588757700154,0.6719676822941708,0.0007519967063775265,0.003823078858273148
284,0.00706597621299754,0.6844763641602111,0.30234825353358113,0.0019070700048468016,0.004202336088363442
285,0.002235702875706273,0.5264552384619863,0.46860516145477965,0.00030293306647898613,0.0024009641410488603
286,0.006865260415972126,0.7846222652003827,0.20414956558819936,0.0007990086702262648,0.0035639001252194347
287,0.0044441970292432905,0.7581660469601077,0.2341361169259313,0.0006527668758319122,0.0026008722088858775
288,0.0016589955815716796,0.23326546809008186,0.7632850373751378,0.00022411131184314374,0.001566387641365629
289,0.0057023442867330755,0.7099151142061155,0.2791826843144234,0.0007370052979119334,0.004462851894816023
290,0.011962785610548421,0.7499723193636036,0.23334930323356684,0.0013306282340131033,0.0033849635582679917
291,0.003122793403986396,0.7799053228572,0.21495820719722183,0.0003165752446791668,0.0016971012969125526
292,0.008506921859152588,0.7021090625854927,0.2855913280028814,0.0004852627023907327,0.003307424850082531
293,0.004526654583931988,0.7429293388578232,0.2496202097984857,0.00044844679868566775,0.0024753499610734968
294,0.003022841832697738,0.45549263764473347,0.5385470249904678,0.0007417902062656582,0.0021957053258353444
295,0.006339023288996558,0.47380934865382074,0.5148684557431515,0.0012603215258532878,0.0037228507881779016
296,0.005733770795696249,0.4690225994057304,0.5184377477759687,0.002775642979376335,0.004030239043228197
297,0.0049016672445626845,0.48851178260682443,0.4930718045603897,0.007361577041184153,0.006153168547039222
298,0.10352536791154547,0.6688989549834895,0.07523743040263109,0.13388539650909112,0.01845285019324296
299,0.08341616991404059,0.7779552879729541,0.037556741054263515,0.08342243530031593,0.017649365758425923
300,0.06959197945275138,0.18212985451857683,0.0012454938221088212,0.7304060651311405,0.01662660707542246
301,0.06742843401991373,0.08854702196774664,0.000736620412756161,0.8286944298331419,0.014593493766441472
302,0.06312996492779233,0.027213393977412858,0.0002537970023512,0.895455315764899,0.013947528327544602
303,0.0585061359576445,0.019435231279326295,0.00018469976901350953,0.9112492551330471,0.010624677860968674
304,0.025377305449527324,0.014605411572246601,9.668336787918866e-05,0.9346928066000316,0.02522779301031511
305,0.07858625421381546,0.007408465247337052,3.768720442032335e-05,0.867375249236271,0.04659234409815606
306,0.08667170276089103,0.009428749199180296,0.00014313598576926794,0.8414838316260255,0.0622725804281338
307,0.049461848502765596,0.008671186759870575,9.07909963955284e-05,0.9202309420078741,0.021545231733094247
308,0.050721748370584636,0.009548035934843938,3.635796871618139e-05,0.8995450004941801,0.040148857231675154
309,0.17427511092277032,0.028640963529553476,0.00011962515346429102,0.4542496042372529,0.3427146961569589
310,0.35098667283558593,0.02498847786010777,9.450126591002105e-05,0.5969824575481162,0.02694789049027996
311,0.17151749030713934,0.1110783449201982,0.0003406973735651488,0.6825050576946202,0.03455840970447718
312,0.08463127160457715,0.01009259020045898,3.5585019664104064e-05,0.8856793054930947,0.01956124768220513
313,0.012573257888598201,0.014410485665685513,4.604502547013649e-05,0.968529794096118,0.004440417324128116
314,0.010809015481393408,0.005157314753808363,0.0002132317252294882,0.9808191631711329,0.00300127486843575
315,0.00862285410654863,0.008280813972744546,0.0004762675426707243,0.977461858839135,0.005158205538901205
316,0.020757337635976657,0.009993861144359852,0.0005833429694542086,0.9646954448774504,0.003970013372758898
317,0.009145950145095108,0.010524144961600113,0.0005591555701325092,0.9754786345111777,0.004292114811994584
318,0.042186627752615946,0.02276480163406748,0.0009595532504225629,0.8150396370534093,0.11904938030948468
319,0.0335187946302738,0.019949423561686226,0.0008054172868401895,0.9330453901542332,0.01268097436696656
320,0.2005046047383509,0.08505820217396519,0.007428761747989288,0.6534120428388451,0.053596388500849544
321,0.11600556406642887,0.0383197580699204,0.0028930405145412407,0.8209207107393499,0.0218609266097596
322,0.008197256995568036,0.009971204349706938,0.001680603137952727,0.959918732400197,0.020232203116575368
323,0.01993833537346483,0.028062919076702234,0.00864290992933749,0.9029979224202268,0.04035791320026858
324,0.02005518250762562,0.032952797460321294,0.007255250970899674,0.894848606216716,0.04488816284443734
325,0.019767054081851913,0.03661695708549302,0.01822783571221984,0.8481952525001099,0.07719290062032544
326,0.00859562389467077,0.015360259108110876,0.003617064702914808,0.9531007847337699,0.019326267560533558
327,0.0029448695851135003,0.004343359567410898,0.0004161809427068951,0.9881723061146893,0.004123283790079294
328,0.011696486627589401,0.014931023459396005,0.0010726527295856015,0.967237453709296,0.0050623834741329995
329,0.1118447305081354,0.034464849990550876,0.0008798726667444432,0.8344082705668293,0.01840227626773995
330,0.2462044122318973,0.4061191633362231,0.0007420466345757063,0.33136929925417635,0.015565078543127641
331,0.07052812825158965,0.2290538042553235,0.000516870565373864,0.6917003951096277,0.008200801818085423
332,0.10285834250134299,0.40479413963573985,0.0008765541411311206,0.48156899450551094,0.009901969216275158
333,0.04672335743629836,0.6514139116473745,0.0013961580750487118,0.29570168130646063,0.004764891534817893
334,0.05551805561389091,0.7664565618955482,0.0016858241648494575,0.1685430703174985,0.007796488008213003
335,0.033326506522542425,0.8754007812817983,0.0014364177255176134,0.0750230369492201,0.014813257520921561
336,0.14758066026131098,0.35054196542633004,0.00048766427763468863,0.4038343564906515,0.09755535354407284
337,0.27253458710039596,0.41656692657293476,0.0007521891098210094,0.270299837476016,0.03984645974083236
338,0.07736787558684914,0.8736217187323758,0.000993626353590228,0.03687578202836548,0.011140997298819379
339,0.11018357324299603,0.677924754781954,0.000668022089083124,0.1888867277658873,0.02233692212007947
340,0.12462189051502912,0.7022233007784716,0.0014002728895763314,0.06694354880372226,0.10481098701320059
341,0.13782969910494566,0.020167086160400024,0.00016123786509202485,0.050196349357860943,0.7916456275117013
342,0.9143204484573582,0.016489797536111878,2.7701272346631956e-05,0.01612127341364462,0.05304077932053879
343,0.8516552337077034,0.11425599431586039,9.384754747238485e-05,0.01733487631239035,0.016660048116573477
344,0.442576059342416,0.5248537550272271,0.0005660575192323877,0.013714761009414515,0.01828936710171006
345,0.23688054244506818,0.6520328921944628,0.000566727357556427,0.1008965366646966,0.00962330133821613
346,0.019687898323785084,0.9473454100706913,0.0010682973331830649,0.029885236601394735,0.0020131576709458737
347,0.0202996849712149,0.9552887023242349,0.0010569621291533213,0.020934659762176046,0.0024199908132207008
348,0.09629438544622429,0.8151601566477877,0.001073441332574185,0.08166864104461163,0.005803375528802144
349,0.037994176155006984,0.922296320712865,0.0015590386974872915,0.03533504656087606,0.002815417873764574
350,0.020618019725950332,0.9587746395555456,0.003043022750312895,0.0165635330878163,0.0010007848803746623
351,0.15692197319318946,0.7853631188576408,0.000593018954190205,0.04729972386747412,0.009822165127505484
352,0.08502586904577239,0.8968143461259128,0.0018159634262761234,0.012978677692714331,0.0033651437093244183
353,0.052684879456254254,0.9271304546910425,0.002131689302242408,0.016002324278938204,0.0020506522715226087
354,0.05384944762197389,0.9330486133149161,0.0015504913687909851,0.00911012134546363,0.0024413263488554542
355,0.14284324931530046,0.8279791071076986,0.0005728457541090064,0.020956002089394205,0.0076487957334979186
356,0.07352884220575984,0.9035542034072963,0.0028581745930099664,0.0175238859418782,0.0025348938520558784
357,0.03920077717171878,0.9488975841958684,0.0009792144860545238,0.008983666014244291,0.0019387581321139676
358,0.015052417569107687,0.9696753385930383,0.00355485162871141,0.009223555238265176,0.0024938369708775005
359,0.02484263697914739,0.9339740309797908,0.0017219030605965945,0.01952791072498165,0.01993351825548343
360,0.020913687814949025,0.9456999456454287,0.0019026661189846137,0.017610324192659628,0.013873376227978124
361,0.014873458949805376,0.9564788260738748,0.002315197673001195,0.012237947219621516,0.014094570083697055
362,0.05974013809844827,0.07886046774622285,0.0005082393554592062,0.0046544978438470075,0.8562366569560227
363,0.006753229509828087,0.0038419342429536923,5.1382478912386335e-05,0.0024772097849966664,0.9868762439833092
364,0.0434163654941471,0.01949953475316388,5.580509561841373e-05,0.0012877918706219217,0.9357405027864486
365,0.023655241631439266,0.0030574260699877324,2.4000784366167666e-05,0.00011033063169543998,0.9731530008825114
366,0.01520224273844567,0.0020286860623080333,9.150016791281262e-06,0.00011051851879234216,0.9826494026636625
367,0.0006917268597734131,0.0029998587106674153,1.726891454055384e-05,0.0002028364519938221,0.9960883090630248
368,0.002835198390007116,0.0009256136528536329,5.023875468071958e-05,0.000106205258217624,0.996082743944241
369,0.006633274283031684,0.003326478259128909,9.625730155701884e-05,0.00026727055146180694,0.9896767196048205
370,0.01207603767247342,0.0042731396526633535,0.0002754105716305862,0.00028997185553633696,0.9830854402476964
371,0.037262010022490896,0.006259074188503461,0.0015351416183648988,0.008357727241146291,0.9465860469294944
372,0.2667026369940898,0.004083828947566787,4.85321179980828e-05,0.001118953472363519,0.7280460484679818
373,0.6801952681629617,0.0012099718059007578,4.0737691118497595e-05,0.0005689651258456986,0.3179850572141736
374,0.705194325564224,0.002423674590944737,5.446034170008143e-05,0.0013493439077229337,0.2909781955954082
