epoch,N1,N2,N3,R,W
0,0.0021951455302065036,0.0003134840725620668,2.2405950548360895e-05,6.379316846502058e-05,0.9974051712782179
1,0.0031603442241692277,0.0004897078505677531,1.3270446273049722e-05,7.272813423504466e-05,0.996263949344755
2,0.00027702647663687687,6.586337873574951e-05,2.011822225432067e-05,6.087103456309842e-06,0.9996309048189167
3,0.002478671420488732,0.0004247773036848836,5.260643632062805e-05,5.792159305566705e-05,0.9969860232464501
4,0.005313652571532456,0.0006073449522232899,0.00010526587489654039,0.00010793826846866861,0.9938657983328789
5,0.013983725504236703,0.0015924502265336103,7.254490010494074e-05,0.00019901046559810476,0.9841522689035266
6,0.029414454157766164,0.015743863876484108,0.0016186970947660291,0.0015051374355883422,0.9517178474353953
7,0.011351248460726982,0.0068932660693467205,0.000796571115508804,0.000853199397766488,0.9801057149566509
8,0.017866278291811595,0.009331866240170746,0.00203425280754717,0.0012207136507342126,0.9695468890097363
9,0.01296763184226795,0.03988454051870783,0.0005265983299781499,0.002811227632211707,0.9438100016768343
10,0.0031835733506017476,0.003355347212243687,0.0007845465796694627,0.0007058388608160102,0.9919706939966692
11,0.013168992280170495,0.010841359426292645,0.0010249597671055188,0.0011405260617302901,0.9738241624647012
12,0.008850669220107632,0.009212173870771525,0.0034065157464502663,0.000645135716237565,0.977885505446433
13,0.04477431820293902,0.00679982677266254,0.00038518746852646296,0.0008091819181128417,0.9472314856377592
14,0.026458867281384593,0.008694168975782965,0.0009095878047399661,0.0010154685965429132,0.9629219073415496
15,0.010303343195358854,0.0036699693956977857,0.00038520400889954483,0.0006705720566403814,0.9849709113434034
16,0.02553179008262527,0.005843193317663535,0.00012940857714682297,0.0006309927099548298,0.9678646153126096
17,0.07557371060354523,0.04940037753421059,0.00018625101092491342,0.005039251426672695,0.8698004094246465
18,0.03335622982766075,0.009136956038638991,4.214087920393316e-05,0.00033041776758264567,0.9571342554869137
19,0.08440644127014815,0.2601047426638292,0.0011732941443408503,0.001491668639962253,0.6528238532817195
20,0.1140997480149886,0.5089128650268576,0.00041399440332380317,0.006897263586021358,0.3696761289688087
21,0.07551337885645595,0.7901759433027683,0.0005942492224750482,0.006560915028421832,0.1271555135898789
22,0.05530900469894294,0.05373261534991197,0.00043335170158210817,0.005137432266812988,0.88538759598275
23,0.05819402710961249,0.82975916943096,0.0004116668148933067,0.00220765856294424,0.10942747808159015
24,0.04354047373887192,0.8727326776420833,0.0007262990056543857,0.0010118083773089808,0.08198874123608134
25,0.052139423594088054,0.8978066751193051,0.00039091383356412506,0.0011537628500502177,0.04850922460299243
26,0.06786888901055241,0.7971639540967114,0.0003042326795316465,0.007450722623443123,0.12721220158976151
27,0.10918640713976308,0.8105127864493803,0.0007907115768889941,0.0035804337160314365,0.07592966111793621
28,0.05674959910125223,0.9015377939890292,0.0007974218132260168,0.0012836998013802353,0.03963148529511255
29,0.008789176611128414,0.9646674543133664,0.0029343096818387282,0.0003871386895668398,0.023221920704099706
30,0.02178234123258601,0.951512571713632,0.0012037332327486843,0.00102145458684153,0.024479899234191745
31,0.012051032564259377,0.9194078276578321,0.018059455739958066,0.00035418413762235,0.05012749990032807
32,0.04722406829451663,0.867888081369931,0.0020126198420517584,0.002091461978112454,0.08078376851538828
33,0.034866303117477036,0.9281603198298886,0.0057982798670560935,0.0017342404672464338,0.029440856718331933
34,0.02110030171268078,0.9406348756206816,0.00590662611905239,0.0006664922653874833,0.03169170428219765
35,0.007094514275554116,0.973711830567735,0.007466349985884536,0.0006810542636071665,0.011046250907219323
36,0.020641895256850014,0.9518881825556343,0.013232358868015971,0.0003078309798966384,0.013929732339603028
37,0.027152748023392143,0.930230336047521,0.005692596294221094,0.00033202043602389075,0.036592299198841834
38,0.005065215297003485,0.9697807396172716,0.016503613954817073,0.00013754667952350542,0.00851288445138434
39,0.0063768011915200495,0.9293679745926982,0.057323312523682834,3.777930058534609e-05,0.006894132391513498
40,0.006378540035076263,0.6831514126435732,0.29009585198466714,9.216668355837941e-05,0.020282028653125124
41,0.0045009398791674825,0.9583834071148926,0.019426890102412112,0.0001588715469615896,0.017529891356566015
42,0.0036332873285993116,0.9295826281118789,0.05387031135478442,0.00012322147701583614,0.0127905517277214
43,0.0025775635766574667,0.8919605832763213,0.09365160457633591,0.00012858140203129926,0.011681667168653929
44,0.001777061850160726,0.8600934579062461,0.12219707659636138,0.00019840201207363905,0.015734001635157938
45,0.002038167639129348,0.43919250288214284,0.5169833248646452,0.0003884352891311149,0.0413975693249516
46,0.002579393678942173,0.7647559363037097,0.20805795180745912,0.00013338873836982553,0.02447332947151927
47,0.005331715324090111,0.7892203844947088,0.1623420383217853,0.00017083158414142257,0.042935030275274434
48,0.0037774002201876413,0.9689457270175282,0.019697896793007926,0.0001493731429244697,0.007429602826351665
49,0.0019839769251728673,0.5568493756563587,0.42322239320529553,0.00010670175948457912,0.017837552453688416
50,0.0019533208798922456,0.18029115765801373,0.7984493458297172,0.00013606547455669398,0.019170110157820046
51,0.002289031432984603,0.8468683993255952,0.13666158184463667,5.209083924757445e-05,0.01412889655753613
52,0.0023964282819054217,0.9100250406799456,0.07068975191537011,0.00010129902949803937,0.016787480093280863
53,0.0010137260744517269,0.18060099032694643,0.7745954483157099,6.761983069304688e-05,0.0437222154521988
54,0.002105558797939071,0.36174720883206873,0.5454428071560387,0.000300349521767133,0.09040407569218653
55,0.002200916958086677,0.7679562479056411,0.19566285556050428,0.00016082694984992968,0.034019152625917995
56,0.003030204226088364,0.44727497344225525,0.4768149888371466,0.0005020303688107192,0.07237780312569919
57,0.005747164668034518,0.40805395922373106,0.4549943329957207,0.0004650908878265813,0.13073945222468702
58,0.002178588636706193,0.6309469333440183,0.3351235257411954,0.00026984185202860516,0.031481110426051506
59,0.05285125242015895,0.732313908680061,0.12295927298310433,0.0005633117076283555,0.09131225420904734
60,0.004693903568894949,0.7838894935970614,0.18909064551895424,0.00021039335751540207,0.022115563957574094
61,0.004093231364332179,0.1871700203744931,0.7831004307228292,0.00011220603496225437,0.025524111503383195
62,0.006389420111964245,0.46054625928545345,0.478258598763418,0.00021903638805273421,0.05458668545111163
63,0.0020611207003301173,0.2605666214253136,0.7025179194922302,5.698560215123358e-05,0.0347973527799748
64,0.013291214062164896,0.6817172016695237,0.24275436102097073,0.00037607372456910316,0.06186114952277173
65,0.0016574403257321832,0.2747299911050223,0.6896598198558753,0.00021074324658186612,0.03374200546678844
66,0.003215707045750651,0.5167277913721008,0.3674214380515611,0.00033552094494790173,0.11229954258563955
67,0.0028215535282514986,0.25993649980424655,0.7130131896672843,0.00019907847552638617,0.024029678524691334
68,0.0029497442702073238,0.4669522838396295,0.4899444755317836,0.00020262590864408993,0.039950870449735255
69,0.0023738728233968867,0.2819628550131839,0.687117640576931,0.00017860311068134836,0.028367028475806678
70,0.002548406152751122,0.6383702200533545,0.2504902773898912,0.00018420901272561758,0.10840688739127742
71,0.0017968433298452622,0.9550165946443423,0.017073788904528972,0.00032313209703226466,0.025789641024251103
72,0.002797398514387468,0.5700927886033147,0.38527589543280333,0.00043137506358012924,0.04140254238591426
73,0.00545623421392429,0.5614189418930666,0.38626751600847903,0.00023164158822024694,0.04662566629630964
74,0.004614420584676828,0.630998212712915,0.3338228498692399,0.00018410188931575737,0.03038041494385261
75,0.002216265712141206,0.37616277085454447,0.47667088861997947,0.00029764059136710026,0.14465243422196777
76,0.0022387489996062737,0.5370381145066166,0.4439311106607858,8.869705378189908e-05,0.016703328779209388
77,0.0008843202454962378,0.325388924357336,0.6438778377383891,9.522331985964346e-05,0.029753694338918862
78,0.0016316441731144707,0.5360935703116306,0.38967323716720825,0.00019591020953477675,0.0724056381385119
79,0.0032023664737310807,0.7948097495195395,0.17455364368327356,9.220686376346764e-05,0.0273420334596921
80,0.004525607046397356,0.7609666542331626,0.20631295392672924,0.00027112091688933975,0.027923663876821398
81,0.005062463397407973,0.36428377563876535,0.5982295899469496,0.000349458938044072,0.032074712078832945
82,0.001397575923825369,0.3582890283191563,0.536365200310155,0.00026383796810489524,0.10368435747875847
83,0.0027967357707201364,0.37349475312877933,0.5813807671181477,0.0002176116799039908,0.04211013230244885
84,0.002742248355425157,0.552212386976029,0.4071137364065635,0.0004586459781283598,0.03747298228385397
85,0.004391953768838951,0.5436282824369381,0.42144984627444204,0.00019244131976036766,0.030337476200020592
86,0.004831661120685329,0.31120081991794574,0.650136509968802,0.00030798527901119727,0.03352302371355563
87,0.028023397195424363,0.6563149311674481,0.26211849209005017,0.0005465291759173772,0.05299665037116018
88,0.0030937871038647373,0.30035280447245,0.6646686004185961,0.0002059780159460986,0.03167882998914303
89,0.004366174840626233,0.23514598057482394,0.6955185188232977,0.00025775644139053034,0.06471156931986155
90,0.007705885388907056,0.3477778953482622,0.6032625234151393,0.0006668416860988876,0.04058685416159255
91,0.025216134569681047,0.734122053519391,0.17800596433714244,0.0009917145083710094,0.06166413306541451
92,0.03617699761896575,0.8586835055836377,0.04947508119606881,0.0017521413945494266,0.053912274206778334
93,0.01847531846547814,0.8866524999907744,0.06586994379171371,0.0005480625582862796,0.02845417519374737
94,0.01177986961446855,0.8741400388510805,0.09421912990412913,0.0003033232716705084,0.019557638358651454
95,0.008134223777861264,0.8753754965038333,0.09776678546683978,0.00027605869178818504,0.018447435559677573
96,0.019874930668455852,0.7580517147888067,0.07431362727306196,0.0006310027743927723,0.1471287244952827
97,0.02311863083761203,0.589567789153059,0.258976544101154,0.0033005291570985433,0.12503650675107655
98,0.009506717495656236,0.887146902712311,0.08054755266915495,0.0030939567081767145,0.019704870414700905
99,0.11096939375559357,0.691000745773176,0.026410372125414555,0.05307191804821945,0.11854757029759641
100,0.1845825731664526,0.16607508014870612,0.0014614540201771725,0.08229075899154169,0.5655901336731223
101,0.031294756898312466,0.9087363955842471,0.0026829188791397283,0.040324129075538194,0.016961799562762604
102,0.12970658664304824,0.18331377721234138,0.0006138990669668715,0.0834911379619687,0.6028745991156748
103,0.047843599407289286,0.06310016947273335,0.0003140661485682694,0.05720933299841709,0.831532831972992
104,0.1932458282915783,0.09362191190528327,0.00017417876240920647,0.14128811821387813,0.571669962826851
105,0.23468534428327203,0.174293792146636,9.654940070823401e-05,0.02795476680043322,0.5629695473689503
106,0.2139865288638454,0.08100744067979922,0.0005599222817124025,0.05212038401954353,0.6523257241550995
107,0.32290559624312104,0.11081598853243661,0.00015652100203641738,0.23508510518427775,0.33103678903812805
108,0.15614643226110822,0.20465931190184833,0.0003396702473781698,0.15582927211146358,0.4830253134782017
109,0.10294366782546924,0.426551753279311,0.0003407658158021469,0.19244015390529834,0.2777236591741191
110,0.14537460179480488,0.5392310933468265,0.0006588790731934972,0.17496409297295346,0.13977133281222165
111,0.06151171317874207,0.052577259027096965,0.000100129243830233,0.09256496902395792,0.7932459295263727
112,0.10175413339195045,0.6586243314694273,0.0004898595547966261,0.07860454791007798,0.16052712767374755
113,0.046642284706674746,0.02282649944036165,9.400434652341515e-05,0.0268278608070298,0.9036093506994103
114,0.13914642731933002,0.0419669088444379,9.802518754532256e-05,0.06329406640280444,0.7554945722458822
115,0.10570550686727462,0.3223138773943979,0.00016712743579739726,0.16042312999945485,0.41139035830307524
116,0.1800147817571975,0.053874340490208,5.75458707659796e-05,0.017586227456848007,0.7484671044249804
117,0.1301189088374724,0.13247316975263956,0.00014230997868412243,0.03347409671296073,0.7037915147182432
118,0.14901921558425324,0.15760692014553263,0.0002334481925603672,0.06969615037635332,0.6234442657013004
119,0.3141078835385268,0.32638181376076913,0.00019541514484984785,0.0791368489685598,0.2801780385872944
120,0.23034896246653697,0.44853740567740275,0.0002817033184626863,0.1509574185086017,0.16987451002899584
121,0.2088328297149475,0.433569101646767,0.00031551721122442583,0.0774846081491689,0.2797979432778921
122,0.17045135673645923,0.6247664662804656,0.00015698024416601494,0.03786484185359143,0.16676035488531774
123,0.10023699783973224,0.21320149577275294,0.00018900213629787776,0.15134871307412204,0.5350237911770949
124,0.20354453710877454,0.19284352580518557,0.0001442937061160018,0.10048085437293687,0.502986789006987
125,0.10587109319238265,0.16126672660650757,0.00028998554369405585,0.04646969677300803,0.6861024978844077
126,0.010745195934882582,0.02186187524611381,0.00041268784242446733,0.005282489174164814,0.9616977518024143
127,0.07381913326016794,0.017675303589689724,0.00011525256393861232,0.0185817811536352,0.8898085294325685
128,0.10308504537346601,0.06304129996877555,0.00015158437046983452,0.055007639719637375,0.7787144305676512
129,0.1428510467896573,0.06973893636274343,0.00010948057972693501,0.09042833407439567,0.6968722021934768
130,0.09394782984359784,0.11909484515655787,0.001118456122389644,0.039149873799937035,0.7466889950775176
131,0.1948932550082262,0.1573098562158768,0.00022380012196654382,0.23918427201841624,0.4083888166355143
132,0.1673607608991344,0.23002768108948374,0.00022319734128531661,0.49227161751902687,0.11011674315106969
133,0.0968075679197474,0.06945439653744755,0.000115754381387707,0.5916590541059289,0.24196322705548848
134,0.05140706869462607,0.1158926979930462,0.00023192150780716205,0.7222762767414338,0.1101920350630867
135,0.05441118313836611,0.05770171479792151,0.00011752972768373649,0.4126783420833036,0.4750912302527251
136,0.14157042933461256,0.07225766293290076,0.00012922846808781114,0.36700570120289455,0.4190369780615042
137,0.22817995878417788,0.06356897919161625,8.632736315711639e-05,0.20315571674904964,0.5050090179119991
138,0.31536548722676433,0.1929112403400059,0.00015158228386087668,0.29764754541823657,0.19392414473113243
139,0.2369528569789432,0.2936592521619749,0.00022238435992196932,0.3522799888662636,0.1168855176328963
140,0.12199442577525735,0.2510289853170907,0.00015928465741630994,0.4795923699391312,0.14722493431110453
141,0.09333775611058764,0.44126510805983765,0.00042277698158133155,0.39872150111589055,0.06625285773210293
142,0.08534112243287706,0.2467857417762815,0.0003908807096693239,0.4394852090704862,0.22799704601068604
143,0.10838599415998208,0.4691893792970037,0.0004709621535771296,0.24133036721882156,0.18062329717061557
144,0.14933614336343265,0.2165663068257245,0.0003300603672795565,0.31221796977217525,0.32154951967138806
145,0.2539346213809754,0.3573606827320399,0.000338766451489335,0.12177604270798151,0.26658988672751394
146,0.33873800099616286,0.3913199741733196,0.0003113579479148898,0.09856317307677848,0.17106749380582423
147,0.07569791103720055,0.7918561219987482,0.001294351209281147,0.021574913893937692,0.10957670186083222
148,0.11209783923731996,0.6117919677385053,0.0013109118831442584,0.032266185956839735,0.24253309518419072
149,0.16091183522647404,0.6099148989072912,0.0004093869291279584,0.07797030422387408,0.15079357471323276
150,0.08967266491076871,0.7068054757488037,0.00025007057089178114,0.14400530200303271,0.059266486766503125
151,0.10982591615026348,0.5390079800708858,0.0009101150703356227,0.055057067213364896,0.29519892149515026
152,0.04802196537758628,0.08703111987800435,0.0005269868702190897,0.037229305788945566,0.8271906220852446
153,0.1211555169171352,0.13643746662086828,0.0003466448705174939,0.07334551159017476,0.6687148600013042
154,0.06681926903888745,0.4608090260193827,0.0009562153347869652,0.03788885179381142,0.4335266378131315
155,0.18692646770418014,0.35941734325451086,0.0004491950387781643,0.07232247932872433,0.3808845146738066
156,0.18706511371287776,0.11894418927818191,0.00041753458093483437,0.14116451742759223,0.5524086450004132
157,0.11037356164584188,0.7329835455600291,0.0005451641020364007,0.09245017235499374,0.0636475563370989
158,0.1731128611958542,0.7141698789274628,0.0005790652675970381,0.04264247917124672,0.0694957154378392
159,0.33225377568675013,0.2372755907272716,0.0005529067960561951,0.05810879923958433,0.37180892755033784
160,0.21080428467647863,0.3151594181303539,0.0011804444128981643,0.0978492726020769,0.3750065801781924
161,0.180759174345583,0.6386008425996694,0.0004505890706204779,0.02593862683256609,0.154250767151561
162,0.17809029157848372,0.7440133512389909,0.0005327208559171113,0.0383670999570335,0.0389965363695748
163,0.10095817928678759,0.8384282737877569,0.0004694918317149126,0.02131676006002987,0.03882729503371059
164,0.14540402205684166,0.7285217306272153,0.0008195431737804414,0.011925077708335126,0.11332962643382753
165,0.11835025838625944,0.8138026841201764,0.0006488832419148943,0.021265002978221117,0.04593317127342814
166,0.09868620172470985,0.676634047552183,0.0008474277017178573,0.00529654807241168,0.21853577494897758
167,0.13889344206931725,0.8027834853089864,0.00040235120778295725,0.006779601672783096,0.051141119741130336
168,0.0673044578825992,0.8293779067746471,0.000968916181264155,0.0060790404475912435,0.09626967871389822
169,0.01153727548409964,0.9752885976530066,0.0010266793464119891,0.0022123753193679604,0.009935072197113912
170,0.039830637684035934,0.8928947440805567,0.0016413039378426525,0.004821116144258074,0.060812198153306594
171,0.04408098544071062,0.9272571954504778,0.0021389533148584265,0.005762302795974863,0.020760562997978467
172,0.00899083356766483,0.9591656439248659,0.004684618295574151,0.0035252795099892224,0.023633624701905862
173,0.0266970514637935,0.9096755804123247,0.003216958641833747,0.004686789503895734,0.05572361997815233
174,0.029005928171439474,0.857550604847122,0.003482684625936134,0.006284986989262004,0.10367579536624037
175,0.012574730565893196,0.026866880125020746,0.012034941239108064,0.0016868813212683263,0.9468365667487098
176,0.31641754704881087,0.37662655502777254,0.0011242245282355005,0.015827037356785163,0.2900046360383959
177,0.19257113667316816,0.5489427381023131,0.0012967100710626748,0.004732677956734803,0.25245673719672124
178,0.22877523204792363,0.6798223673624293,0.0008152942512243003,0.004355141842724571,0.08623196449569814
179,0.09446650068570918,0.7804397272015139,0.0014830731174361304,0.0023500534007264116,0.12126064559461436
180,0.024928985205664254,0.9364855491471207,0.0024042807679320794,0.0021130486876951467,0.034068136191587904
181,0.017009083637151038,0.9709379773439575,0.0008507051268299481,0.00431079686801031,0.006891437024051042
182,0.019783569278629447,0.9511497540455521,0.00037436256354476016,0.013635550963895184,0.015056763148378416
183,0.24782475652395386,0.5201859640166425,0.002248859969634828,0.026013187480365928,0.20372723200940274
184,0.11062728546490115,0.8222959750023685,0.0006508212395804346,0.006487748208630783,0.059938170084519175
185,0.08802461546786479,0.8837898234961394,0.00038153891670435766,0.006017685560074639,0.02178633655921686
186,0.0699472033632966,0.8650739510131067,0.0007624109944179413,0.0032698968440236344,0.060946537785155096
187,0.12169799698507604,0.8368678601351048,0.0003370309815169977,0.003293316418898576,0.03780379547940353
188,0.08016289897460589,0.7165204336670156,0.0008213278427142045,0.008311815651282861,0.19418352386438137
189,0.02932146864802541,0.938514880697813,0.0005120372825023244,0.00782295308644979,0.023828660285209406
190,0.03367960233273224,0.9230778053374186,0.0005532755062670927,0.005588597472747445,0.03710071935083489
191,0.06801100003257977,0.8749668079775188,0.0013696635576462386,0.013433961449702304,0.04221856698255294
192,0.10826145444048627,0.800010936007056,0.0010212221480983322,0.008678704182755377,0.08202768322160399
193,0.050394562427876106,0.9248869491123923,0.0005159388149636302,0.00261808697743201,0.02158446266733606
194,0.12913601633697644,0.7848267922767056,0.0005687417419582793,0.012013131604886039,0.07345531803947355
195,0.04097119471608052,0.8459071521802486,0.002371946435675377,0.0045767861396790325,0.10617292052831638
196,0.49358008529293207,0.29457073356299707,0.0006773691253524534,0.01139439216017963,0.1997774198585388
197,0.09210224363417673,0.8665043399779582,0.0007819697057713082,0.0054810061694883245,0.035130440512605325
198,0.03646048121433676,0.9432954669457961,0.00089722597715751,0.0036958218357725347,0.01565100402693711
199,0.06732086741138542,0.9166865975371563,0.00026615959263663635,0.0031612930729163183,0.012565082385905148
200,0.05126555352984254,0.8110760827001223,0.0018161883835746513,0.01297418117011735,0.12286799421634291
201,0.10657164649671198,0.793000333143724,0.0006298150478319215,0.006803062127769464,0.09299514318396254
202,0.016881126835386867,0.9661624485034533,0.0002600336866416544,0.001649325991578874,0.015047064982939468
203,0.08381289284273839,0.8877701533201833,0.0003295528821705638,0.006399379386959011,0.02168802156794893
204,0.04271565787104121,0.8817712381085975,0.0020174121997869505,0.0033666713167031475,0.07012902050387122
205,0.128526168982604,0.7490848331212069,0.0005989733912245011,0.007369363554373466,0.11442066095059125
206,0.05683645963801988,0.8926686538060579,0.0007545265332973108,0.002651412305831789,0.04708894771679307
207,0.08253495770833753,0.8245704189351282,0.00048526120730574664,0.006321654526326882,0.08608770762290166
208,0.08654880315766428,0.8827963361798454,0.0018943115986621755,0.004117317965432428,0.02464323109839583
209,0.10620349396106268,0.828958986434832,0.0004991715070980519,0.0173146463987539,0.047023701698253456
210,0.14151776536467314,0.24172622276243563,0.0004754445425768948,0.024393554337589902,0.5918870129927244
211,0.14237069410142697,0.6522810742327223,0.00019429805404667114,0.12950721176311017,0.07564672184869381
212,0.18555040425523395,0.276605566389118,0.0010474003671073792,0.09079749861629581,0.44599913037224487
213,0.19096733903425747,0.056770985275323704,0.00028331166971431266,0.07157519383802373,0.6804031701826808
214,0.1795373288258436,0.09430732865097319,0.0001230079624510905,0.06468469663830956,0.6613476379224225
215,0.10317071033468134,0.025070729055935683,3.9774280877832287e-05,0.03371665347236369,0.8380021328561413
216,0.2970325873970898,0.16239960744106624,0.00017915309394633157,0.13258539262007377,0.4078032594478239
217,0.13242649851340393,0.0567782116720931,0.00010499582389862301,0.5210536679415119,0.28963662604909246
218,0.09984378935103858,0.07852224092137525,7.917339701483347e-05,0.3355149762160049,0.4860398201145663
219,0.08712782325304141,0.07007834405794917,8.519170294438662e-05,0.3442450336491663,0.49846360733689876
220,0.07858412237331042,0.0545706054182952,5.3717424471235085e-05,0.3361197533336359,0.5306718014502873
221,0.13321010083621143,0.03565182719214587,2.1785354599469402e-05,0.46227425758439966,0.3688420290326435
222,0.15263027926565825,0.08346447426784398,3.758219668094945e-05,0.6210131913975362,0.14285447287228067
223,0.05367777537106015,0.048722905127957454,4.580764129420007e-05,0.4180866304772817,0.4794668813824067
224,0.08370753443069362,0.03360978780178276,4.233072885684569e-05,0.6239005947198366,0.2587397523188301
225,0.02704037204647389,0.02016793901306927,5.7663148266869126e-05,0.3777057058465787,0.5750283199456113
226,0.03700860861456889,0.024757286563334233,5.466542411752858e-05,0.612958671156801,0.32522076824117835
227,0.03221680529692558,0.007774174693402511,6.78797036340623e-05,0.8273727865899873,0.1325683537160505
228,0.020241486386988954,0.011323328080479684,8.392543599078001e-05,0.330045192257568,0.6383060678389726
229,0.019494327256440704,0.045794500198626534,0.0005872408481647851,0.22006375427585462,0.7140601774209133
230,0.11143256441546591,0.032471818816114606,0.00023040766975622717,0.5868639452836125,0.26900126381505085
231,0.13139143053885968,0.052110344450374116,0.00012991308945061578,0.45615404981905744,0.3602142621022582
232,0.06611908999798509,0.06404841843814907,0.0002418839418875488,0.6625246829883449,0.20706592463363344
233,0.03512148600473929,0.015294957357857472,0.0002668792089906027,0.8390194335013095,0.1102972439271031
234,0.015396934471591397,0.02730582293333335,0.00011964763391062603,0.8783877005601719,0.07878989440099272
235,0.02225261722114663,0.02634461200192181,0.00023605620974017597,0.7938139162732986,0.15735279829389281
236,0.02288102747894199,0.018548653704948185,7.38493616697278e-05,0.8279765135157775,0.13051995593866264
237,0.012068107228695505,0.013114037438032305,0.00014975987812731388,0.8797649545600242,0.0949031408951207
238,0.012065343752616399,0.007819840425277148,0.0001884652597643134,0.8820140547554063,0.09791229580693579
239,0.018748049473506383,0.010074226525155992,0.0003775872850136594,0.7716664690277595,0.19913366768856453
240,0.022894585967772992,0.006837687421454843,0.00030364465860752355,0.765349452611796,0.20461462934036853
241,0.026292217917437403,0.026693223202705275,0.0001855460257014259,0.400871350282782,0.5459576625713739
242,0.014176226239477242,0.009287858480773762,0.0005093518373232304,0.2945832133683347,0.6814433500740912
243,0.035091828199856706,0.02777561179736259,0.00038827423491198323,0.6420200831149155,0.2947242026529532
244,0.021191074554197505,0.0172811877261435,0.0002872616792165516,0.6579779351321327,0.3032625409083098
245,0.009783079848584291,0.009156294891175398,0.00027841620327371543,0.14487374778517,0.8359084612717965
246,0.024152337573280298,0.00850271716192869,0.0001632942691319228,0.698009932062799,0.26917171893286
247,0.015176640954883283,0.00802836208090616,9.70298387254355e-05,0.374704383107693,0.6019935840177921
248,0.02429868572305477,0.008569670293073779,8.938362272033475e-05,0.32997943494724535,0.6370628254139058
249,0.0398474437580643,0.01094733413204018,0.00010492345943039906,0.37025448762187274,0.5788458110285924
250,0.03916870021153759,0.01587146530286564,6.98132441532699e-05,0.15702734606118657,0.7878626751802569
251,0.01950323555787843,0.0030385295687981773,1.9497793505853432e-05,0.045107511737625505,0.932331225342192
252,0.06308833033540436,0.01238531804955011,0.0001708132304256667,0.2930431587890665,0.6313123795955533
253,0.006734042187533454,0.0036755171190352453,0.0001610577084377801,0.04114089361232627,0.9482884893726672
254,0.008059653849674076,0.000734287428610301,8.312438443494799e-05,0.03370079814728929,0.9574221361899915
255,0.03859335449379152,0.006141632988722485,6.698109219327542e-05,0.1177798900129713,0.8374181414123215
256,0.06502609626087187,0.005009804520629625,1.3666095617998561e-05,0.28069926528030775,0.6492511678425728
257,0.02608013311416693,0.010528925490762862,4.2257358887174894e-05,0.21778030527577896,0.7455683787604042
258,0.06339050618899676,0.016223771038550765,4.686772077241677e-05,0.48401314408482016,0.4363257109668599
259,0.033551823697312126,0.011816034706694657,2.3267206363393966e-05,0.11259837976717518,0.8420104946224547
260,0.06020837401832024,0.022144057837297712,3.651065784787283e-05,0.14032302497857435,0.7772880325079599
261,0.04734434285930674,0.020393334092618707,2.537536702635732e-05,0.12857520843451206,0.803661739246536
262,0.039871181202530706,0.03047740995376435,3.935564849910374e-05,0.07224616686267951,0.8573658863325263
263,0.030762183104902266,0.012400312485028812,9.368805359494269e-06,0.03720532244140656,0.9196228131633029
264,0.03328967888270162,0.010803647359234005,1.2190942961191161e-05,0.02602118775572862,0.9298732950593744
265,0.05337018463201729,0.021144892353971153,3.4518498421896045e-05,0.04635553839078912,0.8790948661248005
266,0.04974715216594474,0.013549625791023062,8.650693794267611e-05,0.02435943251018872,0.9122572825949008
267,0.023848603854255534,0.007105890319774937,3.565787906239372e-05,0.009897628795639527,0.9591122191512677
268,0.02247746946518924,0.012627570149557916,4.347126292563771e-05,0.021538968968551186,0.943312520153776
269,0.01936614089809372,0.0032699403346477672,2.6951881318890805e-05,0.006621251569634095,0.9707157153163055
270,0.028777855464908613,0.003941537774530298,3.070614700531756e-05,0.009699779518261674,0.957550121095294
271,0.029612498714471778,0.005587593721651614,3.241123852133676e-05,0.013900213715895537,0.9508672826094597
272,0.05923026547868464,0.006266122082994131,6.41811541204505e-05,0.02149507704708431,0.9129443542371165
273,0.16576358593666402,0.006925458123048526,6.35191694632576e-05,0.061686815878431354,0.7655606208923929
274,0.23817297523846565,0.006810058896694562,0.00012761154285245856,0.1554996796128033,0.599389674709184
275,0.16268271927539357,0.02957149790870895,6.383025214978357e-05,0.37986325274769855,0.42781869981604903
276,0.13830954422551228,0.017399856497091977,5.693161573951237e-05,0.605842739255636,0.23839092840602016
277,0.05755253342021718,0.026140363450747422,3.8257957553535815e-05,0.8479943214437512,0.0682745237277306
278,0.05032741253574182,0.02022682162881483,4.610906790573807e-05,0.8265787019245718,0.10282095484296563
279,0.09269315555875055,0.03519894936492982,6.657516149220144e-05,0.7442680882493752,0.12777323166545218
280,0.06365417150367124,0.07115399403770006,0.0001585625751407291,0.7536238168403018,0.11140945504318621
281,0.09822093967868319,0.06923913966001366,0.00018738037568187652,0.6681628096393366,0.16418973064628473
282,0.045454699329582286,0.18359784821988803,0.00015947983616358704,0.7075770048667076,0.06321096774765836
283,0.03605573340985096,0.0924669199390514,0.00030607113817598903,0.3239065073540332,0.5472647681588885
284,0.21137347551356234,0.09374795057515849,0.00047656354738164646,0.28033794618188035,0.4140640641820172
285,0.10227775298282675,0.2974543712967558,0.0002302959650242506,0.39841337786461717,0.201624201890776
286,0.10298420857436598,0.14577862084840312,0.00023441356958480187,0.3189858666388497,0.4320168903687964
287,0.15191585906318086,0.06390568693320375,0.0001778802174635601,0.3073358086619594,0.4766647651241923
288,0.17381467235036135,0.18248936268365176,0.0002874426667289033,0.22851910067790498,0.4148894216213531
289,0.16009019959992749,0.19561846081753528,0.00027714199941521276,0.2660274446329626,0.3779867529501595
290,0.09490417838438699,0.3165526311536382,0.0003376243652359313,0.5229165421014317,0.06528902399530732
291,0.12811946702834678,0.1733781326115126,0.0002110301881500788,0.26388966388821206,0.43440170628377844
292,0.09450108346625818,0.24012741560558762,0.0002523209514835975,0.45348368980932946,0.2116354901673411
293,0.1914222732804677,0.15760879235614408,0.0002757878454796152,0.32577966169225586,0.3249134848256527
294,0.21308710236020012,0.22230047050645949,0.00020606600683327345,0.34297159237632274,0.2214347687501844
295,0.1226125624439603,0.20813620195757812,0.00026222335950770503,0.4816970043019973,0.18729200793695672
296,0.35350949726690395,0.17416768045768377,0.00021688973875720667,0.2735018507628452,0.1986040817738098
297,0.13330368530208844,0.2558485752335782,0.00019539010754290474,0.5356528640377848,0.07499948531900584
298,0.16963580737953396,0.21258840432448206,0.00021520100114843187,0.25101909778926124,0.36654148950557414
299,0.1732471959083421,0.17556417863375834,0.0001928699539033795,0.5081707390695107,0.14282501643448545
300,0.1153346142299967,0.3343728185571532,0.00022565880528376746,0.4930398768133464,0.05702703159421998
301,0.0841312568275708,0.6185950932645409,0.0002405947615080645,0.26005568063826884,0.03697737450811141
302,0.11178686548990448,0.13078897891350577,0.00023349650807408465,0.07571764347750182,0.6814730156110138
303,0.1338966627382306,0.5929068755171939,0.0002661626369194167,0.1343812888015866,0.13854901030606942
304,0.14266000209438365,0.6519286910836017,0.00022985548537191004,0.13921825860677606,0.0659631927298667
305,0.16460312356655962,0.6189400111104839,0.00039167364710676513,0.10087850324227694,0.11518668843357271
306,0.15732985555347684,0.5068930818298918,0.00041120995571294905,0.05759992190294568,0.2777659307579727
307,0.10635570506306778,0.7182361896088223,0.00043231790858041814,0.08171778762128047,0.09325799979824922
308,0.094704272280581,0.8567792036031363,0.00016917385294439778,0.02536370131263713,0.02298364895070111
309,0.11122708523025802,0.7118139956420332,0.0004445175080571241,0.1312700695799107,0.04524433203974099
310,0.31895128256440597,0.5035492158148873,0.0003129866046542998,0.056887013222667294,0.12029950179338511
311,0.08074903612710968,0.7433224827165826,0.0004995279905563095,0.07658449326656816,0.09884445989918318
312,0.10307443780442317,0.33996398343813355,0.0016716866023744259,0.01195047849435518,0.5433394136607138
313,0.11818684607579584,0.8100689568389116,0.0011642244466105287,0.007632904763752908,0.06294706787492896
314,0.06071742242145865,0.8611182035580537,0.0024872865667944334,0.007375220220157988,0.0683018672335354
315,0.37289806972300604,0.14135396822364482,0.001403314267822779,0.015307030895220255,0.46903761689030593
316,0.17870360438733135,0.7265599799011958,0.0016936618273599216,0.005517396279847721,0.08752535760426525
317,0.14693554635941133,0.5145478780343326,0.002853596048961895,0.00541968960039581,0.3302432899568984
318,0.5010040578056938,0.23341909719170412,0.0016724938101074919,0.0036940617418702686,0.2602102894506243
319,0.05594925805735188,0.9237619771829215,0.0010899048569912773,0.0013502010256419173,0.017848658877093488
320,0.1318024248727696,0.8322780370028802,0.00024070438462402822,0.0021219646085594867,0.03355686913116656
321,0.05055551049022106,0.9277002822603503,0.0003380785415986836,0.0005952008375470416,0.020810927870282922
322,0.023668563440195568,0.9603288499189119,0.000605360193344261,0.002507058513855879,0.012890167933692165
323,0.019660051953811746,0.9590720743959137,0.0002398294685810737,0.0013756525567297489,0.01965239162496387
324,0.04569216357988934,0.8651901519521138,0.0005309675764776303,0.009613415654512496,0.0789733012370067
325,0.015004035622455619,0.9724674001403194,0.004256118390649301,0.001504426179367426,0.006768019667208168
326,0.07109164667706429,0.8666225631866501,0.0004292211278023119,0.003929230580545706,0.05792733842793784
327,0.03796058205420794,0.944536907478169,0.00019524283279473076,0.0053592563601322024,0.011948011274696132
328,0.3521541177069288,0.371933133235663,0.0005281584826397182,0.005003707861037704,0.2703808827137308
329,0.08026810615928674,0.9012318350526488,0.00017183040888061314,0.0018244229640756908,0.016503805415108288
330,0.03219535139092071,0.9513100592873664,0.0001733728937282398,0.00047636413461163776,0.015844852293372996
331,0.02169366127945749,0.960337884933062,0.0014201446267883967,0.0005170098371172593,0.016031299323574815
332,0.1463511196672671,0.8036085527738365,0.0002525707033048321,0.004105007853008546,0.045682749002582956
333,0.05193750651813353,0.9016593122740612,0.0004583862283986327,0.0024823931667770434,0.04346240181262954
334,0.06171661447800906,0.9093923315815272,0.0004204611208316944,0.0010616987802898033,0.02740889403934213
335,0.024362054302738037,0.9537232993105784,0.0006475708495895052,0.0009966168446145884,0.020270458692479523
336,0.0060114836426765845,0.9863890419988924,0.0015062608828408685,0.0006045300238949868,0.005488683451695233
337,0.009225513064724208,0.9820310346885933,0.0015384560678074837,0.0009962261541677526,0.006208770024707342
338,0.006800756864476288,0.9503037448189723,0.011871466758929446,0.0005196128944007874,0.030504418663220956
339,0.0045223417660887845,0.9786696035336813,0.005283987222884559,0.00047791143775440464,0.011046156039590804
340,0.009555231558415084,0.9805428813173579,0.0034088513636971332,0.0008015302106280039,0.005691505549901924
341,0.004881079650954754,0.981839987600968,0.0037623527294386844,0.0009347004596236932,0.008581879559014759
342,0.0012493684864366523,0.9746989350570857,0.018141335118387752,0.0003098091753660943,0.005600552162723772
343,0.0026684057667959752,0.9891214132256743,0.0035221335493402614,0.0004413514143610381,0.004246696043828474
344,0.005386592314469067,0.6274415669242541,0.1648395394667881,0.0017429106878496365,0.20058939060663888
345,0.007582340836133206,0.9648922542186478,0.00785421721833395,0.0010638402538111968,0.018607347473074135
346,0.01936339547157211,0.9119492020486997,0.03209171916421603,0.0008143294306479673,0.03578135388486386
347,0.00837539714255406,0.958166328549738,0.014192019725342056,0.00035182688196913966,0.01891442770039673
348,0.0072741887484490805,0.966718920955676,0.004502594415625915,0.0007542334996851197,0.02075006238056379
349,0.0030123867405964307,0.9646800826726727,0.01407690707107041,0.0012763138460352385,0.01695430966962521
350,0.01557671634284736,0.9433038725278154,0.004568431015293277,0.004317964623037319,0.03223301549100642
351,0.011334193837678887,0.8522069688255063,0.06061854419009172,0.00572985101747957,0.07011044212924371
352,0.020397127220720478,0.05568431239584229,0.003116163945920877,0.008576175707392922,0.9122262207301234
353,0.01604125266917257,0.010261819860901533,0.0010157913382210333,0.005369736226782311,0.9673113999049225
354,0.017423819214067184,0.013228077673882474,0.0007961312992781393,0.004355194085241463,0.9641967777275308
355,0.018455704006585742,0.007207223226807859,0.0007028496499005729,0.0016617605178404489,0.9719724625988653
356,0.037410744965303805,0.009341955754391161,0.001343744076282199,0.002402812504727265,0.9495007426992956
357,0.026390879144326543,0.003795141497232273,0.0007007925555009429,0.004685943183032532,0.9644272436199077
358,0.018309932199744163,0.0025669041952234447,0.0001792900373475428,0.001474994986774115,0.9774688785809108
359,0.011679764294650256,0.002975268190169839,0.00013796312673232497,0.005509715060202919,0.9796972893282447
360,0.018879953295715943,0.0045584682275567326,0.0003911883512557176,0.00606738886525468,0.9701030012602169
361,0.039491311900477104,0.004375878873136128,0.0007675927902486955,0.007386832316672666,0.9479783841194653
362,0.024950035445530584,0.006625888771511312,0.0004636446407168022,0.014790470190659858,0.9531699609515814
363,0.04714736400562424,0.004746695611756729,0.0001386312732856978,0.008554422810678006,0.9394128862986554
364,0.1523481486842314,0.019689026652865423,0.0011772902677854877,0.031314891500754005,0.7954706428943636
365,0.09098876350764235,0.052122521151825675,0.0005726789528638492,0.12628911827906067,0.7300269181086075
366,0.07830098351138277,0.029835595553135027,0.00015365140769666572,0.050002212501001515,0.841707557026784
367,0.128027717890195,0.09084966577124295,0.005681016035509385,0.031939408584242664,0.7435021917188099
368,0.1256863730192625,0.24713513781721838,0.0047310067232097745,0.13135792915589073,0.4910895532844188
369,0.036587842835189635,0.11513790692418491,0.0029023861716059272,0.026062824566201383,0.8193090395028181
370,0.16865149036916502,0.23311607031752224,0.0013229998303407034,0.09736364870912037,0.49954579077385153
371,0.04960931934168676,0.1368466241633197,0.0018296835435279127,0.08894518667951654,0.7227691862719492
372,0.1216785661231292,0.38288639132417085,0.0014635569780698122,0.1757361229440547,0.3182353626305755
373,0.07423780135383627,0.29006311961427517,0.00048360371384504843,0.5351510374405345,0.10006443787750896
374,0.0600728927203471,0.08929698713174913,0.00032594331819134933,0.5384239136022977,0.31188026322741474
375,0.05669992113131059,0.09403815150742771,0.00024127378628939088,0.6474530441833223,0.20156760939165005
376,0.039827453831384765,0.16387833348575673,0.0003034442829941759,0.6823334312231248,0.11365733717673943
