epoch,N1,N2,N3,R,W
0,0.0012050314194484322,0.0011987469706556512,8.764077108840865e-05,1.9292669698748592e-05,0.9974892881691086
1,0.0018784058103804239,0.0010606023124842758,0.000342001493785143,3.391084552180882e-05,0.9966850795378284
2,0.003137158636480405,0.003480879310917751,6.210221397690324e-05,7.604760724427496e-05,0.9932438122313807
3,0.0023024553167373283,0.0020461586646053718,9.355491734082888e-06,0.00014940460000594728,0.9954926259269172
4,0.010649789698210862,0.008294593925449066,0.0009941639989196284,0.00027435257379745427,0.9797870998036229
5,0.019817023993838827,0.0030262133910388318,0.0005291375118271005,0.0016314858057530197,0.9749961392975424
6,0.03719773326453264,0.005014520984624517,2.3594472552654784e-05,0.0021058526752217722,0.9556582986030683
7,0.06962560395872561,0.004408885256291729,4.7889784415336744e-05,0.0011117975861942883,0.924805823414373
8,0.12989589947574146,0.008206152648080086,0.003040230717332796,0.0025564595872563647,0.8563012575715894
9,0.1274135090730549,0.00768556159692724,0.0004399943274040512,0.005773172079940378,0.8586877629226735
10,0.15655969903894693,0.015090427095614447,3.415285509093165e-05,0.0050235052167584724,0.8232922157935892
11,0.47629903298219994,0.13137956188564148,9.309814670477372e-05,0.029050929846890648,0.3631773771385631
12,0.18964625461849682,0.1832976625359757,7.727015004312157e-05,0.04021392032315919,0.5867648923723251
13,0.20099183718779726,0.3771394146907297,4.2074164172888965e-05,0.1209872192947933,0.30083945466250694
14,0.13656104558440121,0.6419610918468323,0.0001851371020026189,0.028041610732873357,0.19325111473389034
15,0.10755086898290109,0.5354682182176931,0.0003890468519293038,0.05297872725667429,0.30361313869080214
16,0.08994150381788982,0.398223728036391,0.00125434052935774,0.006419505373859151,0.5041609222425023
17,0.05159934337231421,0.6950616978727193,0.009254739156549783,0.005509144434671828,0.23857507516374493
18,0.009143291099232044,0.016691234555845758,0.00229796427460609,0.00032242248551592293,0.9715450875848002
19,0.0012497743194236494,0.0017646881077229874,9.537864663110606e-05,9.930803949738912e-05,0.9967908508867248
20,0.0017414674991877042,0.0014063805727565642,1.2490974656265173e-05,5.5251487612229704e-05,0.9967844094657872
21,0.0014819443230685186,0.00037303589597487786,1.3300524895857586e-05,2.6242015777755642e-05,0.9981054772402831
22,0.0016435907732710187,0.000629810335530899,6.636302548719879e-06,4.855951329866424e-05,0.9976714030753508
23,0.0035287423265667997,0.0006303405344114249,8.288236085948575e-06,7.288384280246252e-05,0.9957597450601334
24,0.02596450252110957,0.004356184403117841,1.0276918966984358e-05,0.00016608386460274934,0.9695029522922027
25,0.00278015699180025,0.0010145284225374432,0.0023339680165965163,0.0001173548822619213,0.9937539916868039
26,0.016580107535535397,0.004604420633117419,0.0031568695087321836,0.00030671520964260454,0.9753518871129724
27,0.0030161619190645335,0.0010022710027903217,0.027569865751607695,0.00017296866066958608,0.9682387326658678
28,0.005793627934323939,0.005125724815902638,0.0006522786429604881,0.00041234330416668616,0.9880160253026462
29,0.005925741166492061,0.00748822474474378,0.000585126733651827,0.00021994687654100837,0.9857809604785713
30,0.019032545545406915,0.0056230734992038026,8.19324704880314e-06,0.00046629239360124116,0.9748698953147392
31,0.12524412836823542,0.017896087936016977,1.5573993281487152e-05,0.001402529727903026,0.8554416799745631
32,0.2796787830430669,0.04132279441331871,1.7732362188203774e-05,0.0037381034446528428,0.6752425867367732
33,0.378112519551644,0.05222230381109584,0.00010280333217509406,0.004900158395757447,0.5646622149093277
34,0.3217441980909832,0.30503098872303996,0.000271782651306115,0.022825763623605513,0.35012726691106527
35,0.165744775322803,0.2940825256738395,0.000490538172739431,0.09698368123944276,0.4426984795911754
36,0.03607211320039165,0.08939457709413494,0.0004258415138395065,0.017371551252759763,0.8567359169388742
37,0.08659817261380613,0.14224396351969099,0.001292250240041854,0.032400291865257586,0.7374653217612034
38,0.1495459581023072,0.20420359903550164,0.0008634211279016966,0.010571441809336946,0.6348155799249525
39,0.14208825706595996,0.18411472595491155,0.006178017417390789,0.0062340158459906385,0.661384983715747
40,0.036755081962045966,0.06313463099252188,0.0005489394856795037,0.004451759904576384,0.8951095876551761
41,0.15766239831225892,0.1254069975320511,0.0011692808561028047,0.0034126121196790924,0.7123487111799081
42,0.28208447611558674,0.22719506063705525,0.002596338005623162,0.01471890619779967,0.47340521904393523
43,0.049052767596583204,0.035318807671258515,0.001080557658396592,0.007536891761848484,0.9070109753119132
44,0.09464650196739485,0.14070171311652743,0.00379452068431902,0.0030722869209697913,0.7577849773107888
45,0.03511052310742267,0.03053044088515048,0.0011762954326212478,0.0019201272455939334,0.9312626133292117
46,0.23414682066208317,0.14399573801528456,0.018667891601577606,0.0021389481150997382,0.6010506016059549
47,0.14147374061070697,0.10715164678600266,0.0040256961162679315,0.000995661504490391,0.746353254982532
48,0.18377407702635049,0.48463667273081923,0.027126167790721432,0.004414333915217,0.3000487485368918
49,0.06519178956282155,0.16041595793017357,0.02678843351277654,0.004672823352572743,0.7429309956416555
50,0.08517061943951465,0.2041138244177728,0.022700229314816554,0.006291486341822771,0.6817238404860733
51,0.12514654692068375,0.36815949795522124,0.04511917454264072,0.007917268648046451,0.4536575119334078
52,0.04475730055498298,0.11216997327179326,0.007457553271482092,0.004003057222824073,0.8316121156789175
53,0.023208981318007034,0.06409105268334574,0.006042814864957414,0.0011291391690992861,0.9055280119645905
54,0.06561019041465846,0.15832661077670976,0.011792907026388981,0.003289647358771591,0.7609806444234711
55,0.16851278247507442,0.11356722019960387,0.004481116557812956,0.0033522126277667364,0.710086668139742
56,0.12199375739695632,0.1952702049531134,0.006484092323018278,0.0015309484104133395,0.6747209969164987
57,0.04189858176859131,0.1094408813829071,0.010033081033513355,0.0019023850305597658,0.8367250707844285
58,0.2321731814851112,0.34225404019687267,0.02793784482746531,0.0054973800613056486,0.3921375534292452
59,0.14185398643606945,0.5771281758861123,0.028407409132620375,0.004571814555390908,0.24803861398980687
60,0.013569391768781981,0.013362995844661716,0.0005732091592097817,0.0009293923769295795,0.971565010850417
61,0.05183398316082052,0.1319030290883147,0.015258975871936326,0.0014117615134260544,0.7995922503655025
62,0.11661118011816089,0.14328194305127775,0.008678838710763602,0.0020116108133885146,0.7294164273064092
63,0.016841730441103358,0.02726797410511369,0.0031633874335249396,0.00027160513848895415,0.9524553028817692
64,0.15571067799225718,0.22556619857141716,0.008711152021614668,0.0011022611123408415,0.6089097103023703
65,0.2065867078245752,0.4340871051942738,0.0059856470241543384,0.002589385942904963,0.35075115401409174
66,0.24957759989242437,0.30964498945889696,0.019794570676652842,0.003929845253167759,0.41705299471885804
67,0.1448750912493806,0.4146433506240241,0.007533076679426054,0.004789671586415012,0.42815880986075405
68,0.08748266837889904,0.3374093325492535,0.02789250102459894,0.004359400134038963,0.5428560979132095
69,0.004273648665797315,0.017733463538235728,0.003797237352645841,0.0004719579618628949,0.9737236924814582
70,0.003757849194248086,0.013931680368094976,0.0011729172572036604,0.00015315564419488746,0.9809843975362584
71,0.0016599160329673062,0.003652388528645112,0.00022860090778597535,6.348104359858821e-05,0.994395613487003
72,0.018217060775354357,0.01098422130757647,0.0017227375074035497,0.00011137118857367476,0.968964609221092
73,0.0009664061534811976,0.002875654489599172,0.0012040479036937689,2.437444593896072e-05,0.9949295170072869
74,0.0021305167393041854,0.0007159649356240624,0.0003686720767127642,3.183673782892668e-05,0.9967530095105301
75,0.006280612212764321,0.001990006298790149,0.001027584989421569,5.571332111024748e-05,0.9906460831779136
76,0.003548297193246053,0.0025957277997212397,0.00043436834049097274,3.568989513675135e-05,0.9933859167714049
77,0.014987131160488758,0.005327018705127041,0.0013209636060397456,8.826326529931098e-05,0.9782766232630452
78,0.059593128169815296,0.04509407664836731,0.0057606930505187896,0.0005906905924124259,0.8889614115388863
79,0.05670841322839041,0.036239624331318845,0.007010589241710323,0.0009579633647476762,0.8990834098338327
80,0.11706895059130948,0.16991204394194268,0.01331756851977112,0.0042302274327382745,0.6954712095142385
81,0.031938248099628204,0.05916300463122692,0.005260057751804757,0.002696709215236378,0.9009419803021038
82,0.07580455518473725,0.10677331251507287,0.022151485617267392,0.005354447154701191,0.7899161995282213
83,0.15532519688276689,0.2963945241778154,0.04128284219348333,0.010392039622464998,0.49660539712346935
84,0.2127062946279776,0.33267773428666336,0.04526976552302914,0.011051986939200047,0.3982942186231298
85,0.021258674574626907,0.04201366430762582,0.008935861128433002,0.0015941831334640062,0.9261976168558502
86,0.10100629401914754,0.27923122578228915,0.05296220284313651,0.004743998814695462,0.5620562785407314
87,0.0025950005878583073,0.00552971481904943,0.0009039003717448795,0.0002541884761036308,0.9907171957452438
88,0.0630080793789428,0.04119540035280729,0.008319373247981834,0.00034674748649592504,0.8871303995337722
89,0.08420336116616717,0.09490758975872034,0.02459900471423179,0.0006779315703292251,0.7956121127905516
90,0.16984377266501008,0.17279462339915871,0.02534168134495489,0.0012018846810349993,0.6308180379098414
91,0.15449402043221644,0.28780265526040427,0.03592667469444997,0.006112750627568323,0.515663898985361
92,0.00613857227693006,0.009050538033935369,0.0011081462210657414,0.0006444610602615074,0.9830582824078072
93,0.15417126993789804,0.14618254217341817,0.007242387061320624,0.00382156719733909,0.6885822336300242
94,0.14569391082559333,0.16716858507822024,0.01899081779196753,0.0043363357907528375,0.663810350513466
95,0.17581027871457117,0.21712762676711006,0.024726375552804273,0.004919231372478571,0.577416487593036
96,0.01276257795049803,0.012254570268924417,0.0012901058604154383,0.0011972194780055674,0.9724955264421565
97,0.12021217183107993,0.09572566197868476,0.005188551492598612,0.0037837761602556572,0.7750898385373811
98,0.16008644628549754,0.1827128683962097,0.01659713034956827,0.0037742502428912564,0.6368293047258332
99,0.19117078137393698,0.10790119475869712,0.004294693523881422,0.0007260606064971268,0.6959072697369874
100,0.2344759129452512,0.48482100617497775,0.007628361536810972,0.003530700861862101,0.26954401848109805
101,0.3076617718545337,0.26225513239451914,0.007358358043191036,0.007270434161772132,0.41545430354598406
102,0.2758212844256179,0.47989678473460845,0.02487681565175758,0.005054379138519343,0.21435073604949675
103,0.1687697222482931,0.6712615038856743,0.009707661814001773,0.014195428439184518,0.13606568361284646
104,0.08352462640089786,0.842870525147366,0.01806713613127682,0.018372924544230358,0.037164787776228975
105,0.09258098037171833,0.8232607553454602,0.018635455108037036,0.012715402790777174,0.05280740638400728
106,0.11037951970789989,0.6544174665018107,0.025928726913137527,0.013053000407429429,0.19622128646972253
107,0.07238610935841379,0.8694402683532891,0.02268960724534154,0.0085462641661985,0.026937750876757073
108,0.0925671466386621,0.6844111604299364,0.026264379109027756,0.019895218837323047,0.1768620949850508
109,0.051298067360934604,0.7504959861312868,0.14189557232207853,0.028316051925301296,0.027994322260398875
110,0.04500459729826463,0.8580953354894771,0.017455668395261442,0.06270629101848917,0.01673810779850773
111,0.0742892135469085,0.35952094714146116,0.008581016254210325,0.060059398450697,0.49754942460672297
112,0.07367332078428786,0.795622335641466,0.006391554477207172,0.04554201679791922,0.07877077229911972
113,0.10580425897105111,0.4198787752015436,0.011042948844596905,0.026253556746513543,0.4370204602362948
114,0.10237732318783176,0.3604784888927404,0.00806970152078324,0.026784874081652893,0.5022896123169918
115,0.04676125043204069,0.3457763698356851,0.01290914985786019,0.020352497957518707,0.5742007319168952
116,0.02045907728656389,0.030858017620207755,9.489289998827774e-05,0.028929280910289477,0.9196587312829506
117,0.015210984970221712,0.01821393989764684,0.009511029633454685,0.00311896382914687,0.95394508166953
118,0.005858646380317968,0.008397411416280344,0.0003764452015362893,0.0006102645568982267,0.9847572324449672
119,0.0037906618504349038,0.001994942062904805,0.00038468556588265053,0.00036032182647204616,0.9934693886943057
120,0.017987479633905963,0.011440223502403219,0.0005204061901058289,0.0025257935650401524,0.9675260971085448
121,0.010418530940112627,0.005213685397317595,8.27578284717543e-05,0.0025168298537091662,0.9817681959803889
122,0.015693649228442814,0.015458110973897314,9.85698402143491e-05,0.006782108866324054,0.9619675610911216
123,0.10075675113954019,0.058622449154949914,0.00867349045558318,0.004773638445608637,0.827173670804318
124,0.03775444558713436,0.011038417610717641,0.00032633760265508925,0.005962284837941873,0.9449185143615509
125,0.04265088394276427,0.031598967055046036,0.00022112349717079226,0.013887194121367064,0.9116418313836517
126,0.01022673098817835,0.009898118876636375,0.00012963866823634374,0.002246721803617877,0.977498789663331
127,0.054172940792188796,0.028321820187181077,0.0002715184717050362,0.008493306657252361,0.9087404138916728
128,0.04753236791851744,0.020458290640243817,0.0001441937500004983,0.009912166349465679,0.9219529813417726
129,0.028874145029152823,0.009681370987489843,0.00013534115547664342,0.00808392658693368,0.953225216240947
130,0.015872068442244553,0.007095075462680668,3.0309058160094583e-05,0.015987460361417676,0.9610150866754971
131,0.024475342396290876,0.004979442146721183,0.0002780479713888545,0.001734623534311995,0.9685325439512872
132,0.007524152546667274,0.005205867320855681,0.00017685195951477282,0.00270334928699751,0.9843897788859647
133,0.015042922002345228,0.007571961589510354,0.0003627592171870126,0.004528363124151874,0.9724939940668056
134,0.009138661229347943,0.003719040182892619,0.0002727428714316203,0.002529468254936029,0.9843400874613917
135,0.025866728385296873,0.006162873874635451,9.460094658903237e-05,0.002241223118782804,0.9656345736746959
136,0.009289976195226736,0.003955596172895451,6.152743504198294e-05,0.0027880140084945546,0.9839048861883414
137,0.03478989407723136,0.009091405706150649,2.5024113956649302e-05,0.00630657628879664,0.9497870998138647
138,0.01857348923441643,0.014403451555791138,0.00041931529444922045,0.0017673229817299612,0.9648364209336133
139,0.012095057509355713,0.005634385315211938,3.216219672717798e-05,0.0036247746257665366,0.9786136203529386
140,0.013083299651202291,0.019391358119633686,0.00010831771682170194,0.0006000569070194546,0.9668169676053228
141,0.00374201787351872,0.002637930700851638,2.892382813076613e-05,0.000618182533321339,0.9929729450641774
142,0.016149697205772546,0.00730235112387294,3.470746304537003e-05,0.003039503103909293,0.9734737411033998
143,0.049583408168852774,0.029686699332158006,0.0016149645078512732,0.004477733827002903,0.9146371941641351
144,0.010186301325133242,0.004211006097051037,0.0004365590235827493,0.001807737144365705,0.9833583964098673
145,0.014792276835901372,0.00705029546886687,0.00024401656225526728,0.0012886188374796612,0.9766247922954968
146,0.019267532469022797,0.00856631925828624,0.00121227026368713,0.002869131529733965,0.9680847464792699
147,0.10145369491329674,0.07457638592873002,0.0006652865249191391,0.010668270501316275,0.812636362131738
148,0.05322018210886312,0.03280991348139444,0.008624332258211903,0.005536689699692698,0.8998088824518378
149,0.09657477747221321,0.04854272353900546,0.0051155649514602625,0.008484223223969557,0.8412827108133515
150,0.017638756930922362,0.039472245952689035,0.007116978620153016,0.004391553658125465,0.9313804648381101
151,0.13996453556699684,0.0992433761531354,0.010224568729475443,0.009849092962796483,0.7407184265875958
152,0.037268665352954464,0.03455097828327274,0.0029215269544814195,0.04759064943107601,0.8776681799782154
153,0.15450621111221635,0.144889892815297,0.0020403840468329686,0.043673376723979966,0.6548901353016736
154,0.18391228396411982,0.2928942015242202,0.010339918513577944,0.04963523395618402,0.4632183620418979
155,0.03613676452725981,0.05439791576753227,0.003088886589641709,0.02961500448213452,0.8767614286334316
156,0.13191671175315445,0.27806645132473,0.002915821288629558,0.027068280819306484,0.5600327348141794
157,0.17053925774842377,0.13606070357124786,0.01067636221640971,0.010118829656034384,0.6726048468078842
158,0.14365401228300784,0.7516048484031633,0.010377672873672106,0.03292337846204531,0.06144008797811116
159,0.008929251111022185,0.02095954079685925,0.0022450586635524425,0.00891245135144786,0.9589536980771182
160,0.15392773201890492,0.17099424477476555,0.008616634205677216,0.01177565373820844,0.6546857352624439
161,0.21232113944480685,0.2087445762894313,0.004545387207403739,0.02099572194115939,0.5533931751171988
162,0.30951942806624794,0.19078641377294642,0.0034212842264715556,0.01298103802300433,0.4832918359113298
163,0.005981239204946907,0.012807408721172853,0.00634363317323412,0.0017723049436835132,0.9730954139569626
164,0.016741482948691048,0.01633288216372476,0.0013065186892745266,0.001228463292168678,0.9643906529061409
165,0.07067507325531758,0.030325871414872637,0.000483885530704166,0.0022328376510231973,0.8962823321480824
166,0.33182372131652815,0.06854937642188262,0.002507620393557829,0.002461071807966997,0.5946582100600644
167,0.40522644794828394,0.21863774351065685,0.0073336300148768505,0.00250251167093258,0.3662996668552499
168,0.3124999179183101,0.39662401628815186,0.011609710023948719,0.008572055360927585,0.27069430040866166
169,0.24168526980262145,0.40147885890577867,0.0226831246695825,0.019574017490809708,0.31457872913120766
170,0.2831801699616939,0.25515481459134953,0.011704125416842447,0.019913967040625452,0.43004692298948866
171,0.1946624787819903,0.41886969663842627,0.03546952747643352,0.14432504855864972,0.20667324854450034
172,0.16692410211526443,0.6870448913303829,0.037747325634708236,0.040826680150207656,0.0674570007694367
173,0.17468973577931698,0.6886978342723495,0.00788585467757065,0.04614714942946655,0.08257942584129638
174,0.07890667648717721,0.6794763628940089,0.05980536901686761,0.019495347123523462,0.1623162444784229
175,0.21551881123802638,0.6258504174379321,0.0062938792012195086,0.04887264977590171,0.10346424234692018
176,0.037528850383551096,0.8879296512235763,0.025348808487442358,0.025706865707347516,0.02348582419808271
177,0.1183434432909911,0.3584876529435939,0.008434789809229003,0.06416058051181621,0.4505735334443697
178,0.04142021062997175,0.857061236726513,0.022356399950994546,0.038519192439070135,0.04064296025345058
179,0.18874185069737434,0.1413624781993813,0.003411843128496155,0.03051024754022917,0.6359735804345189
180,0.18479801929994094,0.6626409708664855,0.012639929212592538,0.02896510243398727,0.11095597818699365
181,0.13394450002664113,0.2965444344697573,0.02592635436289934,0.055074675578261574,0.4885100355624407
182,0.29012068242302125,0.40514966622113346,0.021736713212043953,0.05763511511009991,0.2253578230337015
183,0.17670698662745754,0.254881816622983,0.0033906867852399204,0.10350529953956547,0.461515210424754
184,0.027449603497399486,0.09108896426653769,0.0008963838557654213,0.004622521333552151,0.8759425270467452
185,0.0021677781173727474,0.0027599124273063546,0.0005186408280843066,0.0016654357422225094,0.992888232885014
186,0.0007812908956795594,0.0013350332863592297,8.017852605920048e-05,0.00029500381538675655,0.9975084934765153
187,0.0020289076445397522,0.0010789106612409164,0.00011784902061922801,0.000369350128927232,0.9964049825446728
188,0.0013068401752390302,0.0007182158047603079,0.00015117973421072998,0.00024501822586252655,0.9975787460599275
189,0.0010126500640213725,0.0007330592099912621,2.7985040033565832e-05,0.0005274312265918232,0.9976988744593619
190,0.0008544612910515461,0.0009641482852750187,6.470675189893533e-05,0.00018522613446588244,0.9979314575373086
191,0.0016069352740758604,0.0011641717322715523,9.6040127164403e-05,0.0004309242817003886,0.9967019285847879
192,0.0012526607520195136,0.0016318223357246293,0.00017092473782634752,0.000613409127357777,0.9963311830470718
193,0.002508448228352665,0.005516886567904069,0.0013217926771842113,0.0012000947791781747,0.9894527777473809
194,0.0007699020436403142,0.0029183939068580674,7.689028427071472e-05,0.0024924244874956923,0.9937423892777352
195,0.00277954605522223,0.003991283712473749,0.0001540442506292535,0.0035939914408133597,0.9894811345408614
196,0.0022088880531146602,0.004192566264085854,0.0002789097929158887,0.003391597195821385,0.9899280386940621
197,0.004104223558576207,0.004168538991856388,0.00012109051665011236,0.007144950471925398,0.984461196460992
198,0.0068502364777772344,0.0016699440230340246,0.00011790113595145269,0.003059868676701501,0.9883020496865359
199,0.0355134950093452,0.012625760696232238,0.00017029835967874,0.006283233066886088,0.9454072128678578
200,0.06880449412763921,0.02714641204118482,0.0005903681755073499,0.00465012381408454,0.8988086018415842
201,0.20257700074565096,0.07398739461651618,0.003185442217416451,0.009005366808246191,0.7112447956121701
202,0.3855582932537973,0.21252583883160914,0.02097627507059835,0.010023215215586726,0.3709163776284085
203,0.2826062632464719,0.2781085747906003,0.02711497132709074,0.12700399617578276,0.2851661944600542
204,0.19058805563038722,0.4698714731785308,0.04445842357809614,0.17849003507410205,0.1165920125388837
205,0.17868328380684753,0.3346805012557242,0.07151701630411293,0.14405542865493576,0.2710637699783796
206,0.2581344505317534,0.38638792886603324,0.05612775152484394,0.09446106714274503,0.20488880193462433
207,0.22647802172355513,0.48023924406742713,0.052605818614694065,0.05674125239077781,0.18393566320354585
208,0.1698677971547757,0.6794325686968392,0.027602347234268017,0.031752713113240766,0.09134457380087638
209,0.14111596699044238,0.7176662395832805,0.049126547298734155,0.029235125456048727,0.06285612067149428
210,0.20050549900600761,0.49649313434727493,0.0421310717648126,0.02176696159110637,0.2391033332907986
211,0.20045755117754688,0.6734469574439553,0.023925856625483414,0.0204462635594567,0.08172337119355776
212,0.24483249520203446,0.557850099016384,0.011853140711866187,0.08655358333312899,0.09891068173658636
213,0.18272845506946306,0.3738331490964532,0.010808024622747308,0.029990183664994507,0.402640187546342
214,0.20191456944377603,0.1472631262093844,0.0011632457896974479,0.007475555301287101,0.6421835032558552
215,0.33926590017828306,0.42117978890554164,0.00583657986164087,0.007290690810779895,0.22642704024375457
216,0.4286000784368765,0.4813284464829928,0.00265343515822303,0.010657968660723353,0.07676007126118432
217,0.29818267358309875,0.6000316579558574,0.011672155433220812,0.008398773374508617,0.08171473965331431
218,0.09208145423314937,0.7751338954697895,0.06658461473632415,0.01698380520018947,0.04921623036054754
219,0.13866458452096528,0.723227546914257,0.061883307752371566,0.010931278751723469,0.06529328206068252
220,0.06545780865169115,0.8037211051238575,0.0974452514355185,0.012120373795112495,0.021255460993820332
221,0.01584876772171064,0.7334271072092653,0.23558234053187935,0.006948798279052988,0.008192986258091435
222,0.02921906755368333,0.828931255481835,0.09550063795481788,0.017435682623747107,0.028913356385916935
223,0.07489583323865753,0.7728800166338852,0.04501994700647508,0.0114000786964639,0.09580412442451829
224,0.03762072149145616,0.8280208746330916,0.06712445145256365,0.004970557902540702,0.06226339452034803
225,0.11329477949757842,0.7819458646735433,0.04901141063619111,0.019086551649461977,0.036661393543225174
226,0.03990916782213243,0.8909429753480287,0.027908574819844652,0.007096301378024626,0.034142980631969855
227,0.0767887490170685,0.823661520299662,0.048562090903084276,0.01008253722745398,0.04090510255273142
228,0.1320139130345205,0.733134447110801,0.06750843401582293,0.012737637475186823,0.05460556836366866
229,0.10407486843579375,0.7383760832590344,0.04421550054601075,0.010686975639529596,0.10264657211963142
230,0.07239568266004816,0.8272704755195642,0.07609810196918967,0.00484790808756192,0.019387831763635836
231,0.04368998256554437,0.7504702181950429,0.18265577787001408,0.006442677779391842,0.016741343590006775
232,0.019708447016534777,0.8529944326079509,0.10963260155206715,0.009134538404069073,0.008529980419378264
233,0.04401619439501695,0.7601563834260922,0.07367808868851637,0.034792864630257166,0.0873564688601175
234,0.07228457620991523,0.7674759195931715,0.026728530371062285,0.051794440992618616,0.08171653283323248
235,0.041960066494452504,0.834902738916629,0.05202969705218608,0.027891353784293627,0.04321614375243891
236,0.15332456716470355,0.657119957852197,0.008329123221397589,0.03220872184854065,0.1490176299131612
237,0.08395702950505134,0.7709387095046362,0.04354818655944213,0.029124611823677454,0.0724314626071929
238,0.013186003977712595,0.026293698162948177,0.02470020729067046,0.0037243700999192685,0.9320957204687496
239,0.009391437717097075,0.023825536720021558,0.0010620474722043487,0.0013153927685983352,0.9644055853220787
240,0.019634457142673332,0.011390327447817938,0.0011057338175754908,0.0011148562041790005,0.9667546253877541
241,0.1127201121642052,0.04402573889768375,0.008053463842474688,0.0023289520664425078,0.8328717330291938
242,0.3179662262831681,0.1849017942485545,0.019986996888489712,0.017917184892643392,0.4592277976871443
243,0.1732618722583051,0.1327373349549617,0.028875548029384013,0.029910491941800614,0.6352147528155485
244,0.0010610741334070367,0.002318486904172599,0.0024827738518466386,0.00041794675409410296,0.9937197183564795
245,0.005848167749522859,0.010747938046454233,0.003689951834574788,0.0008932628993240943,0.978820679470124
246,0.004815535694353771,0.0028252252030229546,0.00017048154380916176,0.0007141930244074363,0.9914745645344067
247,0.008357882996891719,0.006452237339397702,0.0012574881301060435,0.0006110706939977395,0.9833213208396067
248,0.023545036529248088,0.06112755957800652,0.023567603483936606,0.003993324471960309,0.8877664759368484
249,0.005007216832625924,0.006203825331126243,0.0018396369427889094,0.0010225680200735077,0.9859267528733855
250,0.001020716640959268,0.0016537173622204065,0.0005308944513805914,0.000516698944651129,0.9962779726007885
251,0.0019584782445299627,0.0029682364049394843,6.904337599978716e-05,0.0027124262869324964,0.9922918156875984
252,0.007639918177572706,0.010523225985469961,0.0002429978563794597,0.006039652805950119,0.9755542051746279
253,0.0016984821968930044,0.006125991632143014,0.0004317229788317084,0.0037419162308962492,0.9880018869612359
254,0.003035364182953451,0.011560186008986839,0.00024976146095681166,0.004954296615763471,0.9802003917313393
255,0.0021627829208345425,0.005090119161591195,6.796515678092805e-05,0.0060787374192546595,0.9866003953415386
256,0.03308994741804926,0.01733131984165592,0.0003220079922722091,0.011287895594728625,0.937968829153294
257,0.08856800122642801,0.020398340236508675,0.0008846595636691236,0.030694433701961298,0.8594545652714328
258,0.11529547019392997,0.06159815396785281,0.0014339703638114403,0.022166109294131056,0.7995062961802748
259,0.09318833761220703,0.06886952552141955,0.0005231447032314479,0.0371027476749026,0.8003162444882395
260,0.14755578401356587,0.07962478992788073,0.0009342707576376077,0.07722609449105604,0.6946590608098597
261,0.3851145468091263,0.20746853723424724,0.004202938588323266,0.08225078446497729,0.3209631929033258
262,0.07900876007421115,0.06474881505471332,0.0005724618221844505,0.02943754669105272,0.8262324163578383
263,0.32099018249423106,0.2887211831425682,0.003902075626426902,0.10163519114992735,0.28475136758684644
264,0.022597649362551403,0.020741595152589613,0.0007448464624386236,0.006995116890264064,0.9489207921321563
265,0.26351051944745923,0.16613376494806115,0.004674623345842338,0.03282233209328001,0.5328587601653573
266,0.29426316224442667,0.2070542621615921,0.004259484515070605,0.03686584060860501,0.4575572504703056
267,0.03331325298106544,0.04315643851428849,0.002704095085342585,0.005456856766482721,0.9153693566528208
268,0.13529611962893087,0.07961823367140672,0.004461669185798777,0.03247873144458866,0.748145246069275
269,0.030750880909623295,0.03616963520145637,0.001675152341697572,0.013825635710209793,0.917578695837013
270,0.16886368011428937,0.15307836696929672,0.008378360696441427,0.05763661011001639,0.612042982109956
271,0.006881053974886655,0.005069530961738826,0.0005850382862981778,0.0015002763874164265,0.9859641003896599
272,0.03816150349226015,0.019769566181396556,0.00038656701449631234,0.00921487087538489,0.9324674924364621
273,0.01118562003760032,0.016260405019191036,0.0012503330976779022,0.00343849070932321,0.9678651511362075
274,0.0064767339171414515,0.005957529204946187,0.0005087672458328421,0.002092539328528188,0.9849644303035513
275,0.006823511744906752,0.017146359198141822,0.0012780042230451662,0.0009855570204971933,0.973766567813409
276,0.01826178076051441,0.02289521806222324,0.0001955974198573024,0.0023148736836374768,0.9563325300737675
277,0.10747286807337589,0.04533189792546837,0.004282440133291971,0.006734089460662673,0.836178704407201
278,0.18927926118641353,0.09256715081798038,0.0037774272843765166,0.0055230973521538185,0.7088530633590757
279,0.2421672556919287,0.2762317008341124,0.009181684371563753,0.016206195131892594,0.45621316397050254
280,0.2826851926154477,0.35786379640221533,0.02401140702894465,0.030108518052561522,0.3053310859008309
281,0.28498903698607486,0.2998885051658824,0.0695207619448973,0.03739075385810529,0.3082109420450401
282,0.20741967920685525,0.6114599440761802,0.04736367858776208,0.022265036960114098,0.11149166116908829
283,0.21214194961130386,0.5988884206056694,0.03912659580536318,0.021767105490696787,0.12807592848696664
284,0.1120102151222591,0.5736758334393576,0.11439420038775716,0.028797650140072576,0.17112210091055366
285,0.2656398106638184,0.37382260936224365,0.0161133160396894,0.03585822259691433,0.3085660413373342
286,0.22392254830597122,0.4512014688083346,0.06950587011703777,0.040143056081552234,0.2152270566871041
287,0.02819170096570551,0.3666613370687579,0.05301955300357034,0.006556531609918797,0.5455708773520473
288,0.010495360502234312,0.009297012123886407,0.0032452665141668633,0.0012202677824024839,0.9757420930773099
289,0.017448775827826276,0.028697951189948313,0.0102498777717816,0.007632839380774939,0.9359705558296689
290,0.0013452408689008319,0.0016867595344650346,0.0004562360712626519,0.00024383410578318818,0.9962679294195883
291,0.0017572697150530143,0.00441938246237373,0.00023292941149132413,0.0003450530326825124,0.9932453653783995
292,0.0018255748513510324,0.0014385382036216315,0.0007718719788711125,0.0007643125926365159,0.9951997023735197
293,0.0007885492080608145,0.005774806782809992,0.0011773409952640659,0.0009535771970494224,0.9913057258168158
294,0.0009647533533453369,0.00490646820976296,0.0005503279708168966,0.0005549429812495951,0.9930235074848253
295,0.0022769236090136036,0.005269104402834192,0.0014416504836286057,0.0020990634760270277,0.9889132580284966
296,0.001473842553064156,0.004860358869211408,0.0006113498997206795,0.0023250016303787936,0.990729447047625
297,0.001797886642614468,0.005283466461235915,0.00035966627206982264,0.006902693812650735,0.985656286811429
298,0.0018178062632947824,0.00648344809095276,0.0001235940215949171,0.010984309542987557,0.9805908420811699
299,0.0016995748412406224,0.007195829593022863,0.00017882241780658163,0.005212529076203792,0.9857132440717262
300,0.0030128778730357363,0.010570978335664697,0.00014246059986311595,0.007604754394306868,0.9786689287971295
301,0.003078325976005621,0.01041352535790663,0.0002517970353934047,0.006756348242057102,0.9795000033886373
302,0.0035540898028618784,0.008600123499642771,0.00013791966501961448,0.006456401074168069,0.9812514659583077
303,0.0027395241609152266,0.006456258990328492,0.00014677598053586713,0.010262406429627316,0.9803950344385931
304,0.004184001350380379,0.00638486671087342,7.09536217916677e-05,0.011045660469318763,0.9783145178476357
305,0.01249289355194561,0.0131969201093655,3.592641711634676e-05,0.022552111233611012,0.9517221486879617
306,0.006838543586825424,0.0066812252771720395,0.0001766903805161343,0.004634687728373837,0.9816688530271125
307,0.02229504604018108,0.01642240179936597,7.267131742029697e-05,0.027724353821619356,0.9334855270214133
308,0.008065676199689656,0.005809643973408987,9.538208910622351e-05,0.008845950117798103,0.977183347619997
309,0.0959496782953273,0.074184454304722,7.365646423685077e-05,0.09074669922211588,0.739045511713598
310,0.025699154174033918,0.01731347857266703,0.00033267477894766926,0.03283116548920851,0.9238235269851429
311,0.016202211258204143,0.01606765022241254,0.00018931296959563462,0.021022947226957654,0.9465178783228301
312,0.0068306208263669696,0.013163655658739941,0.00011727545516275406,0.012051430797332853,0.9678370172623973
313,0.012582608250928499,0.018202427713736286,9.45408850687793e-05,0.012545832203073187,0.9565745909471932
314,0.051922392869216676,0.040567213948535664,0.00032685782900736325,0.015995338919373506,0.8911881964338667
315,0.02248203239732276,0.0320608230324436,0.002586698467511546,0.01720629347169463,0.9256641526310274
316,0.01159089505796124,0.024401791580143134,0.0008649073997170979,0.004637820337812388,0.9585045856243661
317,0.006361789706161061,0.021063166106563284,0.0036260006565447638,0.0019397011859045368,0.9670093423448264
318,0.0009394604207208696,0.002708996374176946,0.00029173147535027107,0.00036687441131627016,0.9956929373184356
319,0.004288638968898035,0.0022434100443621354,0.00017398787178550014,0.0005008280191188043,0.9927931350958356
320,0.07719585785767118,0.03270809755089667,0.0007821411524129157,0.0038598069367736373,0.8854540965022456
321,0.026097862519127473,0.012330788486493174,0.0011225743875995352,0.0015417881503030472,0.9589069864564767
322,0.12198953118684089,0.0687126709952586,0.00665208470450443,0.009140511925695476,0.7935052011877006
323,0.11966637988703466,0.12826738180472033,0.021023904930111435,0.03349268339056788,0.6975496499875656
324,0.21886778007086743,0.27520697701948516,0.029739620276286197,0.05466092046635509,0.42152470216700616
325,0.09850718954861178,0.11691570044680152,0.036852280428180645,0.04075525208839714,0.7069695774880089
326,0.058790678477091664,0.13636681622325933,0.038374163857239296,0.043926970423088775,0.7225413710193208
327,0.001681193333983907,0.009608135483379422,0.0007646412166810313,0.003521950087241976,0.9844240798787136
328,0.030839212336353717,0.03218014019214777,0.0020857829085536624,0.010310074996598336,0.9245847895663465
329,0.004811233361218137,0.00450755591301643,0.0172855453427401,0.001498130871875005,0.9718975345111502
330,0.030295928412409207,0.009006312570434619,0.011651457765748583,0.008406649468620887,0.9406396517827866
331,0.08119413349502923,0.02294829673052821,0.021616841180061363,0.05604998597724721,0.818190742617134
332,0.00907316082387957,0.004593559105403141,0.003504276851509151,0.002184006714748115,0.98064499650446
333,0.0811965635676423,0.02314622822604161,0.013054158010034808,0.02336722267910544,0.8592358275171758
334,0.126297176158696,0.029102928739980882,0.011372003002370689,0.02711315401512231,0.80611473808383
335,0.09874077572585024,0.03265246698288794,0.016941005099641283,0.06797796055986488,0.7836877916317557
336,0.029300318854145913,0.029148976324339045,0.005357673138884907,0.1515577507108894,0.7846352809717407
337,0.048246907246743485,0.02472218011426728,0.006121694123829215,0.1617312113789467,0.7591780071362133
338,0.11112388158154597,0.03938124204313119,0.021204902510859425,0.5116142015477695,0.31667577231669386
339,0.0950760937114736,0.03548667799741226,0.004058583550461913,0.32870543159059756,0.5366732131500547
340,0.07860258542833316,0.08228124906614641,0.0014522054707058107,0.3546841264815026,0.4829798335533119
341,0.07079883336651324,0.03456770217313285,0.0004213694955906343,0.19205249988330986,0.7021595950814534
342,0.10806127159782725,0.05518226729971648,0.0010972512177606609,0.4052417772733986,0.43041743261129706
343,0.07506409490961602,0.12341051448746458,0.0010484117849697248,0.2965884270052701,0.5038885518126796
344,0.09628062293797592,0.055363195997790576,0.0026057006006183904,0.5521654592170268,0.2935850212465883
345,0.20988236425463044,0.12597243620778067,0.003550952328471316,0.28314132076277965,0.37745292644633793
346,0.060458286142822955,0.04175506030107171,0.0007212590246258663,0.37199325262404903,0.5250721419074303
347,0.036111258765514895,0.023010754152605593,0.0006240545510838566,0.1883358355071401,0.7519180970236556
348,0.014019382559149087,0.004881816993885664,0.00032215136755623785,0.07118604938707854,0.9095905996923306
349,0.0981612877427693,0.10322134871306039,0.000892748704376108,0.062078267850332707,0.7356463469894616
350,0.2043824818464674,0.12292576282077941,0.0007413732073783256,0.11064635610104245,0.5613040260243324
351,0.12518356415031587,0.03898151405010504,0.0006797259521344972,0.12295776006168588,0.7121974357857587
352,0.08364045168399253,0.06383454498932196,0.0009388553399518317,0.5008407997650061,0.35074534822172754
353,0.11170977162650365,0.05237915307423335,0.00035306855970926613,0.5830136748651423,0.25254433187441133
354,0.1049995170662121,0.0609136387091785,0.00032411768593814945,0.39618488858965145,0.4375778379490198
355,0.051627513982676204,0.09445011847825706,0.00013463444210736877,0.5477499685642465,0.30603776453271286
356,0.40736518719626363,0.11057299809210298,0.0009461153140641487,0.30142594920111404,0.1796897501964551
357,0.10907322741239986,0.08621690217737951,0.0004515792336656964,0.47253386499978156,0.3317244261767732
358,0.10056965433987576,0.0660148900476478,0.0006312097796859474,0.2644213449329236,0.568362900899867
359,0.11728639544232249,0.09337973036047985,0.00035241874370854295,0.3845633060130613,0.4044181494404278
360,0.03637476059834809,0.07400229746607537,0.000243089930457202,0.36828546792513767,0.5210943840799817
361,0.05978797307943903,0.04626757779612853,0.00017662136606702558,0.11230001049946957,0.7814678172588958
362,0.07973932477187758,0.08195043266104449,0.0003311031290896277,0.48940709573521946,0.34857204370276884
363,0.02844932724199267,0.030451137284481216,9.316250633447703e-05,0.05826015873217847,0.8827462142350132
364,0.019190216807861017,0.02078865894190745,0.00010606969274932771,0.03126305560408245,0.9286519989533997
365,0.0808464471186786,0.03433527039461192,4.0265842135187636e-05,0.1705908056335578,0.7141872110110166
366,0.04370475225266747,0.0663322145641229,0.0011664598061403018,0.03833318705637844,0.850463386320691
367,0.1611933426662279,0.10738900055150138,0.0010951839650638728,0.0761845310359166,0.6541379417812901
368,0.05936761438254326,0.21522816485016724,0.0044725843137248394,0.03921338094725066,0.681718255506314
369,0.06698671198816677,0.06931122990126415,0.008273731898021735,0.03627709638385986,0.8191512298286874
370,0.0962411150588794,0.10228208719584861,0.01594307863101068,0.08262471415300122,0.7029090049612601
371,0.11142498261714351,0.09075032044521304,0.016943280319525602,0.12044627196471093,0.6604351446534069
372,0.18345648968210357,0.17814006092446288,0.04708082015734023,0.1259801828981671,0.4653424463379263
373,0.13151809435296963,0.16006836988337708,0.07004354312186768,0.09840428799023507,0.5399657046515506
374,0.23512560173141517,0.2989292580840551,0.030783561839530404,0.11638196446589803,0.3187796138791012
375,0.15915901301546356,0.10425853963879902,0.01487606324704494,0.026182116099291046,0.6955242679994015
376,0.20210182601548987,0.4453660164014304,0.034160338282560224,0.048668742985651985,0.2697030763148676
377,0.2601286172619969,0.4882193996370865,0.015045003395923842,0.0921415793073541,0.14446540039763875
