epoch,N1,N2,N3,R,W
0,0.2543028931232016,0.04397987806250412,1.7014931219888004e-08,0.01312489923242419,0.6885923125669389
1,0.14092623360896972,0.04910164784279787,6.876663517674522e-05,0.005637849858077641,0.804265502054978
2,0.2789743851311329,0.08320928795097121,2.5962824852810007e-05,0.008984879074983016,0.62880548501806
3,0.45466559926826866,0.1523466345715186,4.367956896587451e-05,0.02145423358586224,0.3714898530053847
4,0.25299017706064036,0.1624484545149059,4.076602218915192e-05,0.014749886201364682,0.5697707162009
5,0.2906757198431674,0.1448852394995795,0.00011628433122110721,0.015979503104941988,0.54834325322109
6,0.04348877667436326,0.05584497492682835,0.00012170240326895239,0.006591708878951785,0.8939528371165877
7,0.23505002728649704,0.03755474076296213,3.097643185863306e-05,0.010592756581263595,0.7167714989374185
8,0.465024075217475,0.11972749637006137,6.975583188445463e-05,0.022225755367795707,0.3929529172127836
9,0.5575557134003734,0.1253761505587051,5.3732427215955706e-05,0.030152636893372175,0.2868617667203334
10,0.43522991614735645,0.17586527634900975,6.354109687015233e-05,0.04851596439264162,0.34032530201412203
11,0.2882249286610364,0.2537792538894515,9.38013893265335e-05,0.01217313580100842,0.44572888025917706
12,0.28098147967161224,0.15431393914939306,0.00015969868299763114,0.025170665044025164,0.5393742174519718
13,0.5222568438115165,0.11180212569467961,0.00012194563529754206,0.04824995022692922,0.317569134631577
14,0.6107055534525858,0.17078435654102037,7.593028285003169e-05,0.0215257509282626,0.1969084087952812
15,0.6604558728074612,0.13510252970337466,6.883591793361719e-05,0.01897038448698078,0.18540237708424964
16,0.41643627471018196,0.4117822812155702,0.00020887006886650936,0.014666159040274093,0.15690641496510732
17,0.20708318125663006,0.5517295215119433,4.7160023331907196e-05,0.021411579041817896,0.21972855816627687
18,0.2878705679987917,0.531118009535829,8.970321529956773e-05,0.039279658194939,0.14164206105514077
19,0.364870527046663,0.44967963672306466,3.238447269860431e-05,0.02724641466087256,0.15817103709670124
20,0.4473244693983488,0.37756458776416624,6.004976579509334e-05,0.029148090498067387,0.1459028025736225
21,0.26286748033273283,0.2935898959349239,3.2895545071757386e-05,0.0421556183256858,0.4013541098615857
22,0.3555861652936988,0.35384646550804916,0.0005313172110839725,0.03611372157746783,0.25392233040970036
23,0.3354086771397731,0.25662822812790004,0.00013676733098044334,0.0540139547038576,0.3538123726974889
24,0.5661105894019444,0.2732557037626728,0.00011215880327295552,0.051163627442493975,0.10935792058961585
25,0.2811733737280076,0.38916187950854164,0.006751849738953984,0.013517475459414943,0.3093954215650818
26,0.1749527874824205,0.6747818042406791,0.0040921862828210975,0.05564693022040167,0.09052629177367745
27,0.07628903116667743,0.8414487596672174,0.0026553443787495014,0.02981157553515158,0.04979528925220434
28,0.13532976093069837,0.3222642853021227,3.14993783724213e-05,0.33857709632412913,0.20379735806467736
29,0.1105447813779572,0.7368375302983334,0.0001618345672920771,0.08042642694482145,0.07202942681159578
30,0.19585212123020762,0.663472842888381,0.009045503472956726,0.015963869866355188,0.11566566254209937
31,0.2713996995091038,0.5837155034609007,4.1687030339160074e-05,0.041695632538416974,0.10314747746123928
32,0.16567388726588184,0.7816983225507518,0.006814666583656481,0.027119976976747624,0.018693146622962294
33,0.04750358976122829,0.8682113558246356,0.0019033760360994186,0.06416590300130512,0.01821577537673151
34,0.0534620433417637,0.7008237837896997,0.00016706085473980044,0.21893774096164015,0.026609371052156543
35,0.023015380847074645,0.9539502819315402,0.003951233491807047,0.009036968688752494,0.010046135040825566
36,0.03063374232975833,0.9445837428211531,0.0009192526964153573,0.00792364685855443,0.015939615294118702
37,0.04274455535858574,0.9198309406485187,0.003860272102292604,0.010050768475221003,0.023513463415381956
38,0.09854849120709537,0.5414413519805442,0.002328953215007003,0.031274609874380015,0.3264065937229734
39,0.0806195644034589,0.7280285505866785,0.00035591576821222343,0.14119264932661235,0.04980331991503816
40,0.256590958348771,0.5804211555264494,0.0053913270330563,0.10668512319891525,0.050911435892808055
41,0.05755911199963963,0.7172903330773803,0.0004020252003577568,0.20231669309855857,0.02243183662406392
42,0.07855581136452397,0.5654137659002002,3.7194497660530823e-05,0.08072723152278913,0.2752659967148263
43,0.12243686220126729,0.8080206580268382,0.0014475539233821492,0.05067112877250497,0.017423797076007434
44,0.17688237574589372,0.7322805254522098,0.0020610788711097508,0.05243124455818491,0.03634477537260179
45,0.22840102191577913,0.6217380627808237,0.004223734908779158,0.07012336964538043,0.07551381074923766
46,0.045403746705255356,0.8408879280305306,0.003233451388786527,0.08239096909233125,0.0280839047830963
47,0.052317645713127525,0.9026059769700979,0.0036495401627123,0.02863779594176364,0.01278904121229874
48,0.03100535218797977,0.8822000303472717,0.0017341602036578848,0.07873761975330963,0.006322837507781106
49,0.05566244257651646,0.8751757565143958,0.0009825153172929996,0.05951753156015694,0.008661754031637908
50,0.028290418500362177,0.9363806148618675,0.0017533955157072614,0.017628906927178754,0.01594666419488426
51,0.03662386167163458,0.9458016272215584,0.002936026651012037,0.010751975816730312,0.0038865086390646986
52,0.03463184364354488,0.8559983692786084,0.08832921394323819,0.009907457225236787,0.011133115909371672
53,0.023521760994410137,0.4147477953840547,0.5564227966356916,0.003475739022139069,0.0018319079637044693
54,0.01395869937296986,0.6987997239198881,0.2600842910859319,0.0063533325441537305,0.020803953077056573
55,0.07335333432729331,0.5105772628004812,0.33858046144349674,0.014229421536953005,0.06325951989177568
56,0.07448147853563163,0.8558369378607787,0.007681326548172623,0.046138881903117636,0.015861375152299323
57,0.10542575356472189,0.8303288715169969,0.0033322291174499846,0.030255385933698267,0.030657759867133018
58,0.0367150125158626,0.5880531449437287,0.3329593369884017,0.0152466855443836,0.027025820007623408
59,0.11389883671095757,0.6427333652512061,0.18338006237812654,0.028087042682541457,0.031900692977168243
60,0.12258368237569803,0.6140356255524877,0.12267969200634912,0.02548205208998332,0.11521894797548188
61,0.060489529065530116,0.8669823797164601,0.028697153175379134,0.00577485160790341,0.03805608643472744
62,0.033696296332359266,0.9355190175899968,0.011862062659798809,0.004857587825433795,0.01406503559241133
63,0.061717187586673654,0.8727609658709307,0.019623733868346135,0.006336704483942213,0.03956140819010734
64,0.15286705826545025,0.41047534342513003,0.0002153321055008342,0.2863602741124365,0.15008199209148237
65,0.09687963756005252,0.8580439206096381,0.0036618154339905624,0.01754781956657002,0.02386680682974866
66,0.08224681292344788,0.8031775828231452,0.0029020250919772773,0.04804980893431956,0.06362377022710994
67,0.09929799194824243,0.7261925662583607,0.010819699487608882,0.05238778052533442,0.11130196178045346
68,0.054880981326381605,0.7472894144086799,0.0025177988192716045,0.10278651291444901,0.09252529253121784
69,0.07112839516583229,0.6765439469424358,0.008196783006037042,0.021790874697759408,0.22234000018793557
70,0.14876666249386972,0.6593817842209949,0.0011240112438051135,0.09788328913390111,0.09284425290742916
71,0.12482193818548526,0.42687175211428935,0.000753222629143134,0.23950933759566195,0.20804374947542048
72,0.20913423557492078,0.20525948786590945,7.499816451567124e-05,0.4380726443874817,0.14745863400717252
73,0.13943551273089438,0.6440596656288772,0.001508988707445352,0.1689772846887659,0.04601854824401725
74,0.2938287227917073,0.29062718129720577,0.0001510495433981133,0.315940395501032,0.09945265086665689
75,0.4718906075880131,0.29778476284836836,0.0010494499706500567,0.17778593882430532,0.051489240768663125
76,0.11302746037456017,0.6987653253726311,0.0034238564050077204,0.09113378918529892,0.09364956866250194
77,0.06716944096349588,0.8460545537138721,0.0030393722428033727,0.03750203529141812,0.04623459778841028
78,0.08487859852674683,0.6678522691872677,0.0008397542303885796,0.215382664479249,0.03104671357634785
79,0.14141519680848963,0.33757092687381735,0.00011460718810366269,0.4374101792782522,0.08348908985133721
80,0.2159306822116875,0.5952141585438372,0.0019464294564608443,0.14868650161329694,0.03822222817471749
81,0.1281672811868297,0.3439857485173325,0.0003230671109882272,0.47396491839730637,0.05355898478754306
82,0.1334205764460604,0.6378754405048499,0.0009634734639411953,0.19380763507089793,0.03393287451425051
83,0.08880423374812153,0.6456050385550082,0.0033335435629674756,0.043033823370618875,0.21922336076328394
84,0.22443189478771647,0.590187522290466,0.0006664984713499327,0.10992774505155481,0.07478633939891279
85,0.09156462117444396,0.802622303103888,0.0032044585136386554,0.027135607637864406,0.07547300957016516
86,0.05266408503268003,0.8901425452000163,0.005553550367883402,0.021542245132832143,0.030097574266587948
87,0.18182933511465732,0.6486346348653214,0.002078572079144523,0.04913587189645763,0.11832158604441909
88,0.025645762329875667,0.8825306933672341,0.001137166980716275,0.06402664252746036,0.026659734794713508
89,0.07121731651090694,0.6334893566743651,0.002029644057259672,0.020435027520518446,0.2728286552369499
90,0.0174746882002991,0.03507312939571958,0.00039001959188516097,0.005319035815279243,0.941743126996817
91,0.10239939794125354,0.04033869103803911,2.630093335834078e-05,0.20318344338646105,0.6540521667008881
92,0.16042045576947864,0.03509144028003338,5.35434376518055e-05,0.15758678075548124,0.6468477797573549
93,0.11818406442175695,0.01528898976091993,3.2365378597216206e-05,0.017936111178653385,0.8485584692600725
94,0.013059294287012059,0.003628786371425455,2.8946562610133896e-05,0.0005584341886107144,0.9827245385903417
95,0.014174060390366141,0.0017403553668877518,3.486260782282449e-05,0.00039083535749581834,0.9836598862774275
96,0.023549006747896405,0.002357347953101347,2.6216692243499828e-05,0.0012255609251113013,0.9728418676816474
97,0.012377862967904557,0.0013552485317181696,8.100871829827548e-05,0.000273321891202582,0.9859125578908763
98,0.0011923859835200963,0.0008756676988523426,3.163318340145373e-05,5.1005376605987475e-05,0.9978493077576203
99,0.004707815086792691,0.001158560240820531,2.1492730910778096e-05,3.8883849507655064e-05,0.9940732480919683
100,0.005534785748253379,0.0006898858076348957,2.3053237752866576e-05,8.280914965695362e-05,0.9936694660567018
101,0.008668490366230627,0.016219193096922446,0.002586086458837023,0.0001555896139025538,0.9723706404641075
102,0.006740418139484031,0.0006614148012743784,5.575818421110727e-08,5.1076866429879865e-05,0.9925470344346274
103,0.09352596870974866,0.0062453305052906916,5.013072771501519e-09,0.0016442304162967972,0.8985844653555911
104,0.08930970671546629,0.030347091469897013,5.9316665892125244e-09,0.01646226879003554,0.8638809270929345
105,0.18485435067621758,0.08298180743178678,0.000745181345376771,0.024034386780308833,0.70738427376631
106,0.45326659074486375,0.03733949460234156,9.277214030834436e-05,0.09405797021214973,0.4152431723003368
107,0.29128614846130063,0.04242728863024598,7.342148895791519e-05,0.15018744878486087,0.5160256926346345
108,0.2609687841381067,0.12123116454430449,4.902979647786115e-05,0.1271881187143494,0.4905629028067616
109,0.3725520559396074,0.12053028317244387,4.671293745528947e-05,0.1954532199796905,0.31141772797080286
110,0.38156257450873743,0.17794056574551773,3.58332023520449e-05,0.22042123043312262,0.22003979611027022
111,0.3343928897272586,0.16853944356766165,0.00010051750235793575,0.18208545352293234,0.3148816956797895
112,0.4684303919824247,0.17005302782918988,9.759164923896723e-05,0.21185678703489078,0.1495622015042556
113,0.32477798873148284,0.23383708279876103,0.0004906936433393533,0.10231258919127317,0.33858164563514354
114,0.048154946331325374,0.13597249070810044,0.004948486431935332,0.005506363039943747,0.8054177134886952
115,0.11568911845798713,0.05670446959066619,5.236112570446492e-05,0.09447061299359932,0.7330834378320429
116,0.255200762094493,0.09320753973796876,6.382770351947734e-05,0.23341320188803424,0.4181146685759846
117,0.369257669950814,0.10102779550926873,6.652893382655505e-05,0.34146415115043466,0.18818385445565605
118,0.2982369187401181,0.1921638070472176,0.00012720673773773273,0.22582117026565665,0.28365089720926984
119,0.554542232032846,0.09504393797659083,6.13475313979296e-05,0.0873207534879125,0.2630317289712527
120,0.37125864095903577,0.17366840312713885,9.206570057003881e-05,0.3735728528520687,0.08140803736118658
121,0.4341205531181406,0.20693248679775286,8.835635193475867e-05,0.25885694101625145,0.10000166271592029
122,0.25226803850337853,0.23439756555304866,6.40465965920781e-05,0.19690700033514308,0.31636334901183766
123,0.19617648211791347,0.3862889910146445,0.0001023171437510785,0.274709110363084,0.1427230993606071
124,0.24064705173443,0.2668776613351224,0.00011617655281163103,0.28985781744290917,0.20250129293472668
125,0.3306533443660936,0.2828929074254577,0.0001247369310888873,0.14048320719209953,0.24584580408526022
126,0.3923133939778458,0.20673738870873112,0.0008621520547031936,0.26931069296550236,0.13077637229321745
127,0.2874556105948078,0.14842816110018245,0.00019990066801437397,0.4189201731669267,0.14499615447006858
128,0.18416598887794963,0.13007536060381114,0.0003194053012560612,0.657943109018718,0.027496136198265367
129,0.09602460486556434,0.09375432526591013,0.00029597786442777757,0.7942048590121272,0.015720232991970562
130,0.08646093109190474,0.2043376477376532,0.00012007002714566407,0.6988392024840296,0.010242148659266885
131,0.19970770202900376,0.13658386466679392,0.0010544586631802354,0.6534757465202269,0.009178228120795242
132,0.2207188785327776,0.4685148126490749,0.04447826007819591,0.2558544714809954,0.0104335772589562
133,0.2008489403556013,0.29241475311678083,0.021251358116743287,0.4700291939876135,0.015455754423260975
134,0.06387453533872572,0.6308919771489699,0.008264768213502142,0.28991743317198454,0.00705128612681777
135,0.16420841292831562,0.6873977904440596,0.012989100330008762,0.10772196167671781,0.027682734620898226
136,0.22224985393005592,0.47917180052785296,0.011593457805747666,0.12556339638120756,0.16142149135513603
137,0.24768162644057012,0.5791675235357266,0.04567689743231042,0.07546807508395466,0.052005877507438104
138,0.23199365503982466,0.6778946781916627,0.012995668599665543,0.04477166647206321,0.03234433169678387
139,0.26476942403492126,0.6351810410967711,0.013221832999936423,0.060174089127397926,0.026653612740973342
140,0.1619093344004559,0.7163367702522372,0.0123773935907951,0.0619437867746739,0.04743271498183791
141,0.21854500383336017,0.6341315578319522,0.018142075619119992,0.08307352172429636,0.04610784099127135
142,0.2707442343798159,0.5923291093771905,0.014037420953294336,0.03296884721091342,0.08992038807878584
143,0.15726208541925435,0.710983849636026,0.04773421940368032,0.029132974721588357,0.05488687081945081
144,0.20551222494644275,0.6259688812775914,0.02131062158763489,0.03331420451590145,0.11389406767242946
145,0.1548612323334354,0.6749236135782846,0.06182023592052467,0.04403102376459932,0.06436389440315617
146,0.1581117230781756,0.6024984124300962,0.0974091373967692,0.0531351092477578,0.08884561784720113
147,0.0971696997577123,0.7437550507867984,0.06229021531084078,0.03489809394545106,0.061886940199197334
148,0.16450118309580095,0.6728478446136347,0.04144233708849572,0.041638056360203145,0.07957057884186565
149,0.19795826139113604,0.6711016670788739,0.02643605584078945,0.06513184624005358,0.03937216944914716
150,0.104779065334554,0.7299978610178247,0.13056603437513742,0.019559422764984836,0.01509761650749885
151,0.11937515496485607,0.5889667444354084,0.08437639160259501,0.028048970452064267,0.1792327385450762
152,0.062077225602793,0.8223519770283326,0.09024272942951934,0.008994389445761227,0.016333678493593698
153,0.12180301699629026,0.7252270905173263,0.09775742455653239,0.01700653373686932,0.0382059341929818
154,0.07777193961267499,0.7482857242740678,0.12228835125086289,0.008588771377082822,0.043065213485311525
155,0.05071343434683833,0.6892299067217768,0.22309469680070207,0.004604635921162563,0.03235732620952047
156,0.06264153007325869,0.8175339965527465,0.08751056482360285,0.003289787690782351,0.02902412085960945
157,0.08109763289340721,0.776005151880368,0.08427055027305114,0.007942339194106713,0.050684325759066916
158,0.06552818083132811,0.7248326870557406,0.16439484692963272,0.008574072422173158,0.03667021276112563
159,0.13005070182264727,0.7086850500234182,0.09142276294698017,0.01839237902175169,0.05144910618520264
160,0.10288072587711299,0.8465117817411855,0.028594637284401755,0.009853206459757902,0.012159648637541941
161,0.10490944322178715,0.731641103861609,0.080061361882242,0.02216052354117716,0.061227567493184816
162,0.09353383746605742,0.7549450020178816,0.04449536565810671,0.01277986422118862,0.0942459306367656
163,0.0656711827676268,0.815454448265702,0.1046801569461383,0.006406855221822624,0.007787356798710392
164,0.1714534092085954,0.7938327843789887,0.015150220529297254,0.005436730996945266,0.01412685488617338
165,0.08019169905029694,0.8996223762014015,0.011121486599601025,0.0020641558331910862,0.0070002823155094224
166,0.07414045103466546,0.7850541422213392,0.11864215925034012,0.004441447356683251,0.0177218001369722
167,0.15662876998411845,0.7609484939954827,0.013479371627163466,0.008840546081250431,0.06010281831198486
168,0.10082086114382038,0.7767175641825013,0.0649514066863652,0.006304008454976881,0.05120615953233643
169,0.08521265646341143,0.7900096391073071,0.0931628369893365,0.016663692474877635,0.014951174965067307
170,0.034268144053521056,0.5993167870336883,0.3280632188759763,0.003966516351697075,0.03438533368511746
171,0.2408772586241882,0.6146912996705601,0.027805018394505,0.008064052602977401,0.10856237070776922
172,0.05322775101852181,0.8528862904320685,0.08365780024625794,0.003715427013714079,0.006512731289437707
173,0.07494202077533912,0.7838744565742218,0.12843192340107662,0.0032424045099388715,0.00950919473942345
174,0.020323732898637516,0.7630242424495355,0.20644831113511855,0.002044006144313315,0.008159707372394987
175,0.04618275366793542,0.8746224131455106,0.06557856481171717,0.007399889150305731,0.006216379224531068
176,0.1628536364347964,0.7006283003423851,0.07704412353668784,0.013185304659916058,0.04628863502621466
177,0.08923181058511669,0.7367848610126618,0.054358353145315556,0.009214193855071273,0.11041078140183459
178,0.10590855888207676,0.6896232275669215,0.091479117627664,0.011632413887547842,0.10135668203578989
179,0.10842788401888398,0.6899736128363645,0.08154846839648315,0.01831665839423862,0.10173337635402951
180,0.04850641468892342,0.7755837496848517,0.14010619660090395,0.006708586431346924,0.029095052593973894
181,0.08152714548086898,0.6397857836294445,0.039144476067785164,0.01005697621696932,0.22948561860493197
182,0.09621887872236495,0.8243751153019332,0.03133157208523031,0.0035688886074260228,0.044505545283045435
183,0.055457205751968615,0.8204658068631736,0.09513084212405717,0.0022161120782703283,0.026730033182530175
184,0.0909231623469688,0.7411815573793117,0.13159341394924334,0.0028580612212207117,0.033443805103255266
185,0.05229546229328702,0.7440325039520537,0.06259549975302127,0.0037871991552597666,0.1372893348463782
186,0.021937809326268223,0.4770638660596531,0.49066347479901845,0.0015433198810113939,0.008791529934048775
187,0.06125758148631968,0.6733491422427137,0.23330353823388175,0.003414866534469039,0.028674871502615818
188,0.07205314250606358,0.6966115940010222,0.15556838968460063,0.007933772762224558,0.06783310104608897
189,0.04009840986790468,0.6602785157866086,0.2657039472006072,0.004489487772443572,0.029429639372435996
190,0.17849791384798108,0.6831080293998021,0.04627863716835297,0.009150391997335753,0.08296502758652824
191,0.1382064280810742,0.7064936241043358,0.06267219501321365,0.007975382264725042,0.08465237053665134
192,0.0722019026617853,0.625068640978835,0.16615548175554704,0.008890303244381977,0.1276836713594506
193,0.11295654906182023,0.6933035659201572,0.14209760454780174,0.004824962035207066,0.04681731843501398
194,0.07470810247365268,0.5632896858648331,0.296724841532303,0.017885789955330127,0.04739158017388096
195,0.09680632492733914,0.686841098114401,0.057908661807899206,0.01684478245397198,0.1415991326963887
196,0.07572589226766015,0.7915145653727401,0.05396879422734133,0.010385259957945002,0.06840548817431337
197,0.04378567464544016,0.7572242297090496,0.1549789961906079,0.005439707433584585,0.03857139202131783
198,0.10055369297674335,0.7526071189379108,0.11682087661323329,0.003936116619734753,0.026082194852377734
199,0.12371618259168611,0.6442086582846699,0.032966619733315716,0.007515759084887808,0.1915927803054404
200,0.10207983984303202,0.7230893966358302,0.08491269005924441,0.015874375942173464,0.07404369751971997
201,0.10216797091486221,0.7174268987931002,0.05330224940576031,0.012930030130413678,0.11417285075586385
202,0.22579802281953226,0.5741024629787398,0.014891915232648805,0.013675194268575755,0.17153240470050343
203,0.15012769208137575,0.7019927045791586,0.06800862850861476,0.008364221060666477,0.07150675377018433
204,0.08945920609398415,0.6228311938884583,0.22759659723994077,0.005252553897616039,0.05486044888000065
205,0.13135558065054723,0.5941838629610698,0.1022616960493046,0.013066390537506908,0.15913246980157136
206,0.10647203768674442,0.5941247237006492,0.16592425725450166,0.01553189953128598,0.11794708182681894
207,0.0359059568693092,0.7398059612049647,0.16559472337069167,0.008866318150707866,0.049827040404326534
208,0.07877892254665879,0.7369855311138376,0.11511559783856323,0.017821916598047893,0.05129803190289264
209,0.13584309958811933,0.5955549705077676,0.05684793627405203,0.028461413099887572,0.1832925805301735
210,0.15357810593419852,0.7161405941220266,0.044987435625618986,0.017291237097533923,0.06800262722062204
211,0.09786858093174923,0.6047645643034678,0.23099391235322214,0.020250961648073107,0.04612198076348778
212,0.0641324422877348,0.6563445488021691,0.20950947179116472,0.022804647082551036,0.047208890036380416
213,0.06480304458407993,0.7370822852818637,0.05023088391223238,0.032039041613886175,0.11584474460793777
214,0.41143573900911823,0.44110717019750095,0.014452410702564682,0.042501169153018166,0.09050351093779807
215,0.16470766890028682,0.6544051541785809,0.044239707560364494,0.016669932173244226,0.11997753718752353
216,0.2309951044789776,0.6782379304303939,0.030825202158819304,0.011876615982799776,0.04806514694900938
217,0.17217044294937306,0.6783068329670106,0.017186100876361486,0.018868315715230618,0.11346830749202412
218,0.07391381428477459,0.7829090517127844,0.023427499047679275,0.030827183133795268,0.08892245182096668
219,0.0622264102529496,0.8609147028944705,0.02768714866931455,0.009212582013717047,0.03995915616954843
220,0.04365514286866911,0.8472379126904324,0.030810170087685912,0.011900890104656366,0.06639588424855596
221,0.053156128129695085,0.8910120162308655,0.011969382564660541,0.008142763254019685,0.035719709820759275
222,0.06362551066576515,0.8556605062801803,0.0404763519315189,0.012500175208751985,0.02773745591378366
223,0.049385682366730556,0.8254380365260062,0.06347699694947527,0.010901053332857026,0.05079823082493068
224,0.06988500838383883,0.799820887298985,0.0658753874105861,0.009365225573767103,0.05505349133282286
225,0.13250998855979743,0.6236954733338308,0.01330763660836841,0.01557991339359232,0.21490698810441097
226,0.2668442882350824,0.5716155031002068,0.04708897019482317,0.009804699099228752,0.10464653937065879
227,0.12565489331342042,0.8097316076024004,0.02525806420803857,0.004011739990856191,0.03534369488528458
228,0.12187312275019652,0.8212145755371862,0.022393957292774883,0.0077302680592421045,0.026788076360600294
229,0.0391134119512234,0.8297357079736569,0.09738679499130559,0.0041947935429769035,0.029569291540837355
230,0.05476220690856925,0.8021568854176354,0.02977811906901727,0.023089450290644905,0.09021333831413318
231,0.10158097462180664,0.4867753158665553,0.015190066258886857,0.0181329585745447,0.3783206846782064
232,0.006163978371044159,0.011413103261845971,0.003948813136055043,0.002494308465504856,0.9759797967655499
233,0.5245183651374024,0.2965017652862257,0.0009903538325295106,0.07010341272922145,0.10788610301462107
234,0.2111959317382631,0.6956701430849948,0.027187465617295493,0.01282942517928192,0.0531170343801648
235,0.27791169029429713,0.5360017004833697,0.01640303497239859,0.015721502432552163,0.15396207181738242
236,0.44394005039195505,0.30743789029515606,0.0054828407338041495,0.02257058908582592,0.22056862949325867
237,0.34904220006429937,0.462859425335693,0.015843518192620604,0.04929700729065617,0.12295784911673083
238,0.3178707598331689,0.5622415074058681,0.014074896867812426,0.016867131454526372,0.08894570443862423
239,0.5633716669080019,0.32614677951394516,0.0037944613215558495,0.012626319209631143,0.09406077304686596
240,0.11838562308969654,0.6788213517705242,0.1742277375991418,0.016267118777310675,0.01229816876332674
241,0.09097934322195768,0.7901404607644178,0.08376561411408738,0.016754006861107475,0.01836057503842968
242,0.19276890293647836,0.42437633950799,0.10106785036777075,0.019472522690287965,0.2623143844974729
243,0.36293136373805324,0.4137178022998674,0.004399342238942332,0.02092173029563791,0.1980297614274992
244,0.10684611305158409,0.7474028132205075,0.08791798573392746,0.006634863170226585,0.05119822482375432
245,0.16136983104270555,0.7272556347295125,0.03782083920226848,0.008498191113926188,0.06505550391158721
246,0.08460988316624955,0.8011804320184963,0.04233541347201262,0.008453362423915523,0.06342090891932597
247,0.07295898492614833,0.8296298413308886,0.04614457742845839,0.012777590952128508,0.038489005362375955
248,0.051917370963527734,0.6707547094823743,0.16988561567662627,0.010503927078495711,0.09693837679897595
249,0.1739244170463096,0.6082216243495183,0.07181602639560644,0.020000646587171128,0.12603728562139452
250,0.07846242093703167,0.5249367401942753,0.030371040914709366,0.055920283920740665,0.31030951403324303
251,0.2402354335548315,0.29970127728403406,0.026601500714273724,0.04271241049830852,0.3907493779485522
252,0.3029076308973542,0.10308160327176054,0.006407951861691963,0.04352906616342518,0.5440737478057682
253,0.034954793579536736,0.07426144359375338,0.011360965540635313,0.05487854708569186,0.8245442502003828
254,0.03867819455009444,0.018206185921782185,0.00023621757140906697,0.023878873599758276,0.919000528356956
255,0.36659343337371414,0.12386235932751352,0.0003835416097447535,0.19604417451693357,0.313116491172094
256,0.4223801483615371,0.03498478188387339,4.3917275886499714e-05,0.3172193699310115,0.22537178254769147
257,0.5417915010908742,0.0798226898156673,6.0887453330031176e-05,0.23849542201628732,0.13982949962384114
258,0.4284197467860327,0.32914417104776345,0.001958747646231353,0.16719531768333631,0.07328201683663631
259,0.3192671726384466,0.3677894056713678,0.0043466796072128494,0.2544497570136375,0.054146985069335116
260,0.1303847282066384,0.7024301926862996,0.0011616827187901182,0.07610074684866024,0.08992264953961164
261,0.06275060038295692,0.8780116460089351,0.008417643261725062,0.03887868008729468,0.01194143025908835
262,0.17027115022279826,0.7402724464409487,0.0021272887072133137,0.05703718683080865,0.030291927798230964
263,0.199874621904784,0.513849236839729,0.006410739367755204,0.04697322191698146,0.2328921799707504
264,0.26384819331720694,0.5515395921361915,0.09040021819204389,0.02091709398773116,0.07329490236682651
265,0.23719792965233455,0.48805013555590127,0.036220183616984494,0.014271570816069664,0.22426018035870998
266,0.14890730036816247,0.6599946730186607,0.05056574006917519,0.017942768756459018,0.12258951778754264
267,0.18227822621364598,0.6320152199632546,0.09270355619621048,0.014815803676876321,0.0781871939500126
268,0.054374380702946104,0.5737115260755175,0.27974467613780835,0.01170993325818837,0.08045948382553973
269,0.26018677918831157,0.6638087776034358,0.036595822250788015,0.013670191777184638,0.02573842918028002
270,0.06481966591163256,0.8339584130285024,0.06198316504781285,0.006301705516002948,0.03293705049604929
271,0.07851192331143785,0.7974475545803311,0.07748913036433468,0.005603794590788875,0.0409475971531075
272,0.1813010681470858,0.6744615235655063,0.013625808974991785,0.013874237753561076,0.11673736155885504
273,0.12173329549172969,0.7567440421278279,0.08045805526708225,0.008166545520601849,0.03289806159275854
274,0.12859630412673467,0.6100575539492769,0.21589965082884732,0.009072039443514989,0.036374451651626165
275,0.16094134965757534,0.41603700967166124,0.16457993092286563,0.026489925122792902,0.23195178462510485
276,0.15510432867606624,0.4186175641437569,0.0863612833047573,0.028334448441043308,0.31158237543437617
277,0.022021383179501926,0.08677133313683956,0.012458824196319926,0.0036445542700407007,0.8751039052172979
278,0.6542192114455141,0.2063091340267457,0.003101009800401065,0.01206682677363094,0.124303817953708
279,0.49565942681409253,0.4456964442242145,0.002993569821564444,0.004655595028720203,0.050994964111408296
280,0.22876815342590104,0.5695631034539751,0.019538452592557307,0.003780784587679165,0.1783495059398874
281,0.4503833563352026,0.4744034292660637,0.008264360421400963,0.010313638605401574,0.05663521537193108
282,0.19571762996428163,0.6292532519666664,0.010640441915690302,0.021514057744363203,0.14287461840899848
283,0.23988075532502176,0.4634085999900935,0.03956337712056012,0.05017656150992026,0.2069707060544042
284,0.17186346411122655,0.3755305023000963,0.034650326135584754,0.019413612557966593,0.39854209489512576
285,0.15067339664176418,0.3376950136698995,0.02903750176242631,0.019527053496861638,0.46306703442904834
286,0.07449660084397247,0.12793579797490567,0.014495848789270807,0.01566122608393166,0.7674105263079194
287,0.004358733564023026,0.0023988082409420733,0.0002385150072026953,0.0011916583737019539,0.9918122848141303
288,0.272282345874477,0.010341225250509187,7.898152248910425e-05,0.01759707584499991,0.6997003715075248
289,0.3746624880727874,0.11166202035140567,0.0003794596314923716,0.10385536673875251,0.40944066520556205
290,0.5206200990490122,0.11695113219213528,0.0004745768937608931,0.042044562673959736,0.3199096291911319
291,0.5728812635338241,0.265355092909142,0.004488705985767263,0.025425773781250046,0.13184916379001654
292,0.2834292776700763,0.3113499945301238,0.001558164642158371,0.08353299488900613,0.32012956826863537
293,0.3042869048032247,0.45055942404933874,0.000716596301761559,0.11263531624801884,0.13180175859765617
294,0.3206999737745629,0.36651654888771246,0.01979028382586238,0.04837463430047076,0.2446185592113916
295,0.2043710124339457,0.49975764593877736,0.028764436927459964,0.029549094533572576,0.2375578101662444
296,0.17668556129006932,0.37879410879270425,0.014276691974302542,0.029136215534474815,0.4011074224084491
297,0.11336966437837342,0.6804769904883274,0.05864740495293895,0.03091077376428594,0.11659516641607433
298,0.24529419364009405,0.5518774766877219,0.05273478335358487,0.04476836574278609,0.10532518057581317
299,0.29076589921497503,0.4500457502011715,0.009254409767597217,0.02298104744537469,0.22695289337088176
300,0.16685708160312898,0.7069887381712903,0.04015264357243481,0.017211872655753344,0.06878966399739256
301,0.17738583847138714,0.5578747189311506,0.021007703308036935,0.007967893269337086,0.23576384602008826
302,0.4646723766891033,0.3881678888266725,0.005796598854594733,0.014144496942751356,0.1272186386868781
303,0.1634368759361825,0.740920513488999,0.04370990978469381,0.012512276132881018,0.03942042465724345
304,0.40657642252262377,0.4246544184384006,0.02180453520233957,0.023255213452712288,0.12370941038392382
305,0.06988813505360324,0.7567898163956995,0.06277772239152363,0.025112501162261203,0.08543182499691229
306,0.10203602351062054,0.12423459492568152,0.001128828107298394,0.011019318356065838,0.7615812351003338
307,0.2126708465600974,0.4984235942745657,0.029274069461490606,0.08427528033633541,0.17535620936751092
308,0.22253990317127995,0.6146609494386658,0.03720846762240011,0.024182052691450902,0.10140862707620323
309,0.326662653244761,0.5518407985524628,0.03164174626393014,0.028515983895067733,0.06133881804377813
310,0.27233565604605475,0.637124611188427,0.009098577789773382,0.03496403818130284,0.04647711679444192
311,0.18622110300850542,0.6442683815621368,0.08351680660745388,0.03595388395691244,0.0500398248649913
312,0.10286229557932869,0.8147732366136312,0.03502268305557737,0.0256057795387562,0.02173600521270656
313,0.09223972692181383,0.7896044424739682,0.0563732816375484,0.018262666312765987,0.04351988265390342
314,0.08631288418007382,0.7792917258106222,0.05182173845954632,0.028256594830195533,0.05431705671956199
315,0.10322323006307323,0.8278283869809996,0.013321786791875928,0.01275840897965374,0.042868187184397666
316,0.19992115983060105,0.7349296003538067,0.008725346478003557,0.014933410364179335,0.041490482973409334
317,0.1225118127076354,0.7842925833659591,0.0382836799380921,0.013525139077064997,0.0413867849112485
318,0.03444604704555324,0.8815586163561199,0.05474016452908489,0.00593841444125521,0.023316757627986705
319,0.10258802684673869,0.782616422745542,0.0662319294095382,0.014925601661219144,0.03363801933696207
320,0.04087259313157159,0.8579080434796322,0.03355070698629043,0.03139612505052714,0.03627253135197871
321,0.049748432863247885,0.7966371434540135,0.06530117295972046,0.06463531496878211,0.02367793575423589
322,0.25047335847059826,0.5534745234030461,0.011778313969021218,0.041655104073849314,0.14261870008348504
323,0.23721424944355224,0.6731433657478159,0.017819180841762847,0.01870763431498305,0.053115569651885894
324,0.2493963162936961,0.6737854094355602,0.020913806347814784,0.03822088771370353,0.017683580209225315
325,0.2852245425242629,0.6222712237526008,0.015613633106957325,0.04661938413372306,0.030271216482455857
326,0.07643327307887522,0.8315432698525496,0.011875922474509925,0.0663531157807639,0.013794418813301446
327,0.04906703116653097,0.7376690730926797,0.06554091920394987,0.12681492984907897,0.020908046687760463
328,0.10755567129355417,0.5196692793219213,0.02286442934619618,0.2954580385112868,0.05445258152704139
329,0.07288221749396323,0.5740331349802388,0.0336060768470933,0.26602530903801397,0.053453261640690676
330,0.136789619060956,0.25509601966705614,0.0142454646180297,0.4478835164321925,0.14598538022176577
331,0.20484893206966515,0.11841774441706604,0.0004501078734741857,0.21755165796318504,0.4587315576766097
332,0.3756100105721452,0.25277648937075875,0.001221268354964854,0.21044342115729472,0.1599488105448366
333,0.22158101366643213,0.5128064708602019,0.0028414717278262835,0.15643309408479666,0.10633794966074311
334,0.4206265009545099,0.3217897657326677,0.01384267188305009,0.14907456574162825,0.09466649568814414
335,0.2116430247750429,0.5170658193222134,0.01323629328514159,0.14467634014709085,0.11337852247051135
336,0.11874925575731396,0.10482537017674336,0.00033653246774378653,0.06963008783398879,0.7064587537642102
337,0.17066924251705276,0.20882699643774985,0.0012641391358172449,0.07641029491115883,0.5428293269982214
338,0.5002359868282035,0.18342817294241773,0.006232125086558311,0.14285599336858462,0.16724772177423583
339,0.3651346793135778,0.14066595948858654,0.004613327189321183,0.09180336566325428,0.3977826683452601
340,0.3398913301188461,0.22569846740260593,0.01207742652283863,0.1841841288714735,0.23814864708423603
341,0.40183063166345306,0.2800252369301408,0.02592065495754103,0.0670849507080735,0.22513852574079166
342,0.20342919342862142,0.2032472067646595,0.16552980335023657,0.024961834438930627,0.40283196201755195
343,0.14609516005519418,0.07635321637367709,0.02066732283337915,0.05690640301091423,0.6999778977268353
344,0.11137293833672501,0.20922791145151684,0.1496170777820526,0.10607140783977416,0.4237106645899314
345,0.2629789880078212,0.06988648003641862,0.0025375940581581604,0.03941597092755538,0.6251809669700467
346,0.38225577664765165,0.25908985020844894,0.006906838761238008,0.03509201146450357,0.3166555229181578
347,0.1088971806480867,0.4114202037491736,0.13559896507652333,0.02761981713824009,0.31646383338797623
348,0.2362154345133453,0.06264654510357603,0.005935064996013542,0.04036472335680223,0.6548382320302628
349,0.04296526057876491,0.027686348429477165,0.005339651299457644,0.008185917197315087,0.9158228224949853
350,0.012525728555567852,0.0019245021584946337,0.0006820870109046322,0.0009176283177213869,0.9839500539573114
351,0.004574415115320878,0.0019275387384105956,9.692157157118787e-05,0.0014581668118803463,0.9919429577628169
352,0.039856598855202534,0.029785969754800634,0.00032598519353234677,0.0008063578161341535,0.9292250883803304
353,0.021184029225945682,0.003423060181822568,0.00020595723067159795,0.0004044260419485581,0.9747825273196116
354,0.03218513329645117,0.003839384225928408,4.5398681365120357e-07,0.00028585352721445805,0.9636891749635923
355,0.24771237004955476,0.022767897071906934,2.4925307545418445e-12,0.00045890677664800825,0.7290608260993977
356,0.06191669375266998,0.016341270159904504,0.0027588031521668865,0.008234908277105569,0.910748324658153
357,0.20351883094671108,0.025270330437076008,0.0004062763877483916,0.014632126066987869,0.7561724361614767
358,0.0751903067381689,0.006422923639941749,9.604802996263207e-05,0.004880377014100243,0.9134103445778264
359,0.18583674697320327,0.03666264263362147,0.000536305995565438,0.03012811412075145,0.7468361902768583
360,0.5081466524680737,0.03370538353033814,5.0558022769257657e-05,0.10185208338400069,0.3562453225948183
361,0.31520571303604733,0.054919678400024444,0.00010025333862419026,0.21321861905282433,0.4165557361724798
362,0.19868732112554557,0.04895642422667907,6.197560782854148e-05,0.5576339042132777,0.19466037482666912
363,0.32662464177847894,0.1334480148511193,4.530349125720961e-05,0.435130918091482,0.10475112178766244
364,0.38347553387355643,0.11541511605641465,7.4010793227938e-05,0.31627332722123874,0.1847620120555623
365,0.33873196782714593,0.17639018950310506,6.641095869089926e-05,0.37478956243464717,0.11002186927641085
366,0.41910683678687277,0.1253430199018462,6.027421569985993e-05,0.3781943271895798,0.07729554190600146
367,0.360331848681173,0.1704038494232992,0.0002606480037759297,0.14473413627892018,0.32426951761283174
368,0.2172111958277074,0.15082863110426747,8.787873481934563e-05,0.2825661572806254,0.3493061370525804
369,0.19096208492938133,0.138769351474559,6.287615499961797e-05,0.5762034301954451,0.09400225724561502
370,0.1530095629109393,0.028296543981991003,3.442192455288231e-05,0.7606643441467015,0.05799512703581537
371,0.22052295144510034,0.026485590904243628,4.3112734058374446e-05,0.7040033605803817,0.04894498433621598
372,0.3439318579657636,0.06048436953258399,6.334405776797822e-05,0.5133180836227014,0.0822023448211831
373,0.6579249840178804,0.04658760727784469,0.000333389226550087,0.11473443197964762,0.18041958749807724
374,0.14999637055984022,0.1406096181166548,0.000824446043797788,0.4039118504172184,0.3046577148624888
375,0.14078087376911178,0.07097459027646591,0.0014318963588656084,0.44842423621816124,0.3383884033773955
376,0.19211909425518736,0.11252273696578406,0.007628859560893537,0.5755219679788438,0.11220734123929124
377,0.22861578717399791,0.2224540124448523,0.013727029111220635,0.3819325151129219,0.1532706561570071
378,0.17880238066255721,0.1700444243644994,0.025014629606126614,0.4778824481312012,0.14825611723561563
379,0.13987180658571868,0.14310664864349937,0.03625722144343523,0.5650634377774129,0.11570088554993388
380,0.10561376203766497,0.15852160328073772,0.014444839692780119,0.5764472974742606,0.1449724975145566
381,0.12516504053528363,0.06321276435075662,0.006239736780259846,0.6861149801704036,0.11926747816329625
382,0.32930093406840416,0.253628025970841,0.04194353003736625,0.26471474803087514,0.11041276189251344
