epoch,N1,N2,N3,R,W
0,0.0004940358394112526,0.0006106982083187871,3.842976167417614e-09,1.401584226067971e-05,0.9988812462670331
1,0.008951382405218738,0.007595075004755438,0.0025339829515166603,0.00014947888815888607,0.9807700807503503
2,0.001381633211442841,0.0005425274043520689,0.00017543803263268278,1.9859066992968513e-05,0.9978805422845795
3,0.0013199479638257724,0.0007013076033775305,0.0002843581297137494,1.5671359209464023e-05,0.9976787149438734
4,0.0024751518059539274,0.0011978792995663845,0.0006728575253153363,4.549683636068282e-05,0.9956086145328037
5,0.0037750848581120616,0.0020432510213830805,0.0005722776070372585,0.00011515464213064067,0.993494231871337
6,0.015328757551538317,0.01271272149827971,0.0018129156061327367,0.0004494075479100149,0.9696961977961394
7,0.030256388402201777,0.027471812485362575,0.002432388584174749,0.0004272598742592363,0.9394121506540017
8,0.030193948953223994,0.04176337488630936,0.00333387912570547,0.0005636633580990585,0.9241451336766622
9,0.13701013863496259,0.13786508561405503,0.023065623257017796,0.003322860910403431,0.6987362915835611
10,0.2196917160023412,0.3724282111575628,0.06261467540672176,0.0040919016758262155,0.341173495757548
11,0.13266553041110507,0.7149125250980535,0.04518032749811086,0.003431481049354712,0.10381013594337567
12,0.0731488247930324,0.19534698491188401,0.032700621325321935,0.005596632034306129,0.6932069369354554
13,0.12395095063044069,0.5262715588730303,0.1967842924536059,0.005232621935781755,0.1477605761071414
14,0.06611328866387708,0.19049654398104904,0.02983050192195034,0.002334588848510706,0.7112250765846129
15,0.16670366214564855,0.3715006093714936,0.1269739439424917,0.006248038853975816,0.3285737456863903
16,0.19179028841145793,0.5078532473661999,0.2001072453904458,0.003142950279855706,0.09710626855204078
17,0.11776963907673839,0.5290304247347236,0.2967035403813556,0.001915478545050388,0.05458091726213202
18,0.14970077416873465,0.39450945728829034,0.12459871093397336,0.008115316325835667,0.3230757412831661
19,0.21197823087392875,0.5233469318361669,0.11172960119610767,0.006413989343515446,0.14653124675028126
20,0.09898453509952788,0.5660293233928924,0.12973101796922176,0.003351160689939745,0.20190396284841833
21,0.12372639001865804,0.11608610092538568,0.0492090467089273,0.0043947414410229636,0.706583720906006
22,0.007407198115985684,0.02285776268908966,0.006417300675727577,0.0003836176981784139,0.9629341208210187
23,0.013901104390541591,0.018478795860197236,0.005525348098893192,0.00032748040777050844,0.9617672712425974
24,0.0407177980220173,0.03303585633213407,0.005936254388057876,0.0006503994076613532,0.9196596918501293
25,0.0055045880536306975,0.006054813270286776,0.001350355077883349,8.964513844876038e-05,0.9870005984597504
26,0.003178116249062651,0.005650107510340332,0.0013062762461259877,4.945344648238705e-05,0.9898160465479886
27,0.009313790884834488,0.015383004883156328,0.0022847426716091114,0.0001733959902628085,0.9728450655701372
28,0.004625045880855037,0.013012409485764249,0.0024935060220511607,7.070896203392052e-05,0.9797983296492957
29,0.00901857360709902,0.010118922530819953,0.0036661695261427907,0.00014246489747606698,0.9770538694384623
30,0.002150425629698235,0.003240141534380452,0.001523520556221331,7.460118574255313e-05,0.9930113110939573
31,0.014069663043959794,0.012254449231526465,0.003410577641780112,0.0003338943040621073,0.9699314157786716
32,0.0018687640694561576,0.003038243475003793,0.0008849029808542483,4.7274624737315315e-05,0.9941608148499484
33,0.0017050081740526196,0.00215635239107516,0.0004278540656603193,3.822032656268706e-05,0.9956725650426492
34,0.030262327863295406,0.011587440922248449,0.0037022121629240127,0.0005137830388420389,0.9539342360126901
35,0.004378999326069411,0.0042902629477082664,0.0011381228878704274,6.597139629942737e-05,0.9901266434420525
36,0.0026556074249765643,0.002487625569937198,0.00044992005285201224,1.5920182642919154e-05,0.9943909267695912
37,0.0016824373877763414,0.0016680597549647812,0.0005096173032958491,1.5294299789416632e-05,0.9961245912541736
38,0.00428214333903113,0.008216587400043168,0.0003422094808032176,0.0005470739340175358,0.986611985846105
39,0.0006725086465338826,0.001959305186812926,0.00018782385241158055,0.00010140765542367712,0.997078954658818
40,0.0005330038483677312,0.002110142870693744,0.0004295614631854789,0.00017131833079519901,0.996755973486958
41,0.0007011221871451182,0.0035090203743171266,0.0002941910657256981,9.30488402698028e-05,0.9954026175325422
42,0.0005810289066016218,0.001062454919192955,0.000539156958515928,3.5999440398923566e-05,0.9977813597752906
43,0.001965644781213451,0.0030655754770739165,0.014476227983167198,1.0698838345074498e-05,0.9804818529202003
44,0.004482710265810001,0.0012310293343702086,6.999027918560814e-05,3.824872527876976e-05,0.9941780213953554
45,0.0028741621821027994,0.001154002033195564,5.9221289500649704e-05,3.154311160311366e-05,0.9958810713835979
46,0.004594115901427704,0.001811747551169766,0.00019060467845992968,0.00013463049568867959,0.993268901373254
47,0.006096849065784455,0.004901929181395836,0.0006497443018095126,7.648983924302195e-05,0.9882749876117671
48,0.004549743039284819,0.003737017953007094,0.0006218058682195066,0.0001409219303910142,0.9909505112090975
49,0.002641282849292503,0.003952984801714444,0.0004141435550445241,0.00011650341663946157,0.9928750853773091
50,0.0021960729697684273,0.0017983442585669943,0.0007332417670445127,0.00012348788236705893,0.995148853122253
51,0.006088896533093129,0.0031250313558582564,0.0004906623102195046,0.0001098839431727915,0.9901855258576563
52,0.0027673265709787435,0.005354781133395885,0.0005872166239613899,0.00028099731052453545,0.9910096783611394
53,0.003841661511538425,0.00907135024923409,0.0003889873348129943,0.0001853218802840174,0.9865126790241305
54,0.009411278938682082,0.005376546023096701,5.6593066055589904e-05,0.0008773955825608883,0.9842781863896048
55,0.03710343796072912,0.06942693937837628,0.004454631821638763,0.0009048009824286676,0.8881101898568271
56,0.012899939063593543,0.009164475860121413,0.00042700525510015367,0.00020400283800525048,0.9773045769831797
57,0.0026647095866302126,0.0024188610949398416,3.246732931712259e-05,0.0003124294639964148,0.9945715325251164
58,0.0058582819264254606,0.006276555949126591,0.0001624173425149178,0.00015010367046462754,0.9875526411114683
59,0.013620391471246943,0.017991304476988105,0.0023284530881229047,0.0033551516275588567,0.9627046993360833
60,0.0034445040037164986,0.00514078614626251,0.0007692725911882874,0.0018610326939294663,0.9887844045649032
61,0.005146368300079523,0.01705109999756001,0.0064033615176203795,0.0004493868671288062,0.9709497833176112
62,0.003040362893987782,0.007078991264078091,0.000521214155653078,0.0001105274470363659,0.9892489042392446
63,0.004187027789809818,0.009095190447608629,0.0010800948846013871,0.00012358535834922316,0.9855141015196309
64,0.002609758693654784,0.012725066538539775,0.0014382805330298168,4.2912622258909044e-05,0.9831839816125166
65,0.004505099519249196,0.010551437822179878,0.001383811920162191,0.000104320810746314,0.9834553299276624
66,0.006731989507208616,0.013582990637369141,0.0003010332945978405,0.0001299992222307187,0.9792539873385937
67,0.005405777409304717,0.017886115326674362,0.002216101163101675,0.00020023337250284578,0.9742917727284165
68,0.005222305559441551,0.0048283742050547395,0.0008645571611952212,0.00010598564751484912,0.9889787774267936
69,0.002724432955848693,0.0026383833089116565,0.00012969096876962627,6.357419034370533e-05,0.9944439185761264
70,0.004322808557855373,0.007285522483122284,0.003941924794916239,8.30897415322505e-05,0.9843666544225739
71,0.003958380716345431,0.007680750484526367,0.0048207391288469835,0.00013744249391025332,0.983402687176371
72,0.004924444762498687,0.005741707978354946,0.003471240532612959,0.00010209718076047188,0.985760509545773
73,0.0027368041842363387,0.004400164455459636,0.0026487260209713632,4.948709547194466e-05,0.9901648182438607
74,0.0024195852027552736,0.0034251019316227185,0.0024361550254888126,0.00010332025787409959,0.991615837582259
75,0.002099010435135989,0.0017950258458343633,0.0016605609198286548,4.8331448162328444e-05,0.9943970713510387
76,0.0018248088255306833,0.0022665651979204638,0.000785457792885853,6.916840910761832e-05,0.9950539997745554
77,0.014064485984684506,0.006158895740988308,0.002517399337842423,0.0001821089946478146,0.9770771099418368
78,0.01011456584266711,0.0032434235903244335,0.0011590096636838877,9.006079988386799e-05,0.9853929401034407
79,0.0024574222053523526,0.0019088362540663445,0.0010923083687323014,5.4403409231997316e-05,0.994487029762617
80,0.004736840371538401,0.0016182300935254953,9.866476333011615e-05,8.134404707568771e-05,0.9934649207245303
81,0.0020890231073518732,0.0010911324959340803,0.00011942685774020523,7.478137595009523e-05,0.9966256361630238
82,0.01034808973565965,0.006604694603673721,0.002919754619820379,0.00012751556841664023,0.9799999454724295
83,0.0038706604985133367,0.002786727488085899,0.0005095193741535208,9.528693531336248e-05,0.9927378057039339
84,0.0049883535863020235,0.0020978584469941615,0.0004425234339120279,9.22842975261217e-05,0.9923789802352657
85,0.006384090276398599,0.006574537381060656,0.0010793652177716374,9.578747405451406e-05,0.9858662196507146
86,0.006706193009883079,0.006226091049463277,0.0008240227255768984,0.00011097236183019603,0.9861327208532465
87,0.021682658799318882,0.015119714714384272,0.0014407960651838287,0.00019002574834961117,0.9615668046727635
88,0.007800805153734331,0.00598738393982847,0.00034777911015707817,0.00010714281715788556,0.9857568889791223
89,0.003978865118623503,0.007060792183415572,0.002064014042206173,9.217994489179642e-05,0.9868041487108631
90,0.0050167590048759,0.003351841052654107,0.0009025785555308313,0.0002478178238959027,0.9904810035630434
91,0.0056744797021873305,0.022289271145898383,0.003949010040932589,0.00022847691595739158,0.9678587621950244
92,0.0011415540810228327,0.002568093571195601,8.854029399173099e-05,8.029838825213102e-05,0.9961215136655378
93,0.0014278793358270983,0.0021719970404798245,0.00012918175920493616,0.00012391951207961518,0.9961470223524086
94,0.0041791418721916305,0.006691975343901292,0.000179595800680662,0.00013657332070169046,0.9888127136625248
95,0.0015903484591474558,0.0017092927728751823,1.9299207301468237e-05,0.0003444096728879842,0.9963366498877878
96,0.0054043189960533465,0.002937715258440602,4.5435197754660427e-05,0.0001298981345145254,0.9914826324132368
97,0.0010910876398508786,0.0010616080024719668,4.423067896478303e-05,0.00012035367973092615,0.9976827199989813
98,0.0009196213029411601,0.0005012746250833258,6.909895706965178e-05,8.887942172428506e-05,0.9984211256931814
99,0.004784596494519367,0.0020492034680123124,9.786143743962993e-05,0.00023746981228675546,0.9928308687877418
100,0.0017430648271701,0.0014166943426513444,6.000895639817026e-05,0.00019277832903044135,0.9965874535447499
101,0.009628469513701887,0.005440407632432629,9.568200546452771e-05,0.0019903422631521684,0.9828450985852488
102,0.0652210873100581,0.042311252844389094,0.002472770360838859,0.01965571273199045,0.8703391767527235
103,0.009521857043963954,0.00424520193418738,0.00016570009617363212,0.0013113158199756952,0.9847559251056993
104,0.021720950751717233,0.015451956741660071,0.0001447577199901061,0.003867757503000117,0.9588145772836325
105,0.0787517737850215,0.02790769165141357,0.0005445998432263939,0.003495143465686999,0.8893007912546514
106,0.197056960367554,0.10555026203137423,0.0006027741343994483,0.02470692017255267,0.6720830832941197
107,0.031144694814736577,0.010193772976340243,6.890229865436255e-05,0.004768656674611837,0.9538239732356569
108,0.010671813455181789,0.006409072292274136,0.00014510459143324104,0.00156285793992709,0.9812111517211839
109,0.004464496090084013,0.005106344365598305,0.00021693415036260383,0.011995803258967801,0.9782164221349873
110,0.01212249645074704,0.007200606144025556,0.0003857320696652547,0.007126997860786722,0.9731641674747754
111,0.005669070983517976,0.00527040372662085,0.00037788068511189683,0.0003490630547879062,0.9883335815499614
112,0.004823677672044572,0.005047242449476767,0.00010688681660161413,0.0008811743815591604,0.989141018680318
113,0.003758780606210371,0.004076974447751797,0.000437857386834664,0.00012797975899497808,0.9915984078002082
114,0.0027460276040782994,0.0021138317762763883,9.738706820702547e-05,0.0005020734898266551,0.9945406800616117
115,0.005664323259030948,0.0022276487320200006,0.0002823069971251099,0.0002278911275329199,0.9915978298842911
116,0.004016876174243235,0.0021650592752406384,0.00037336317545248775,0.0003190345095961217,0.9931256668654674
117,0.008904689514091471,0.0027419662226309833,0.00021767683959051217,0.0002038111153024087,0.9879318563083845
118,0.002432489766267776,0.0018860593314987877,0.00018577453362897224,0.00017474017764691709,0.9953209361909576
119,0.0038232922014405854,0.0018754077160061011,4.0998435148197026e-05,0.0020184276144987402,0.9922418740329063
120,0.007917786739074204,0.0028397355302046214,6.266151437999455e-05,0.00039831066295891376,0.9887815055533823
121,0.003124737665096973,0.0022200317490565723,2.420132726772782e-05,0.0006093516002269146,0.9940216776583519
122,0.00195033677460401,0.0015747533752324167,7.023022175729686e-05,0.0009080854346668381,0.9954965941937395
123,0.0010810965990710449,0.0007096745079709059,1.1001950404707633e-05,0.00041777622712075343,0.9977804507154325
124,0.0022599436438467757,0.0014287162124665908,1.0912461904523781e-05,0.0006716395567358054,0.9956287881250462
125,0.004682905419818826,0.001977664985129325,2.0212509767679876e-05,0.0012246648796686382,0.9920945522056156
126,0.0070907724751336325,0.0026002016502591568,6.917446955309917e-05,0.0019065790723411182,0.9883332723327131
127,0.0013568444754682985,0.0007218667856692543,7.324433743305939e-06,0.0010118503606671866,0.9969021139444518
128,0.0013462830550221116,0.00044159625534304087,2.9756337577205073e-06,0.0008898015880847934,0.9973193434677924
129,0.0038083575148875805,0.0003437186799261068,1.1839282592889246e-05,0.0005296281991602298,0.9953064563234332
130,0.0020304980086990054,0.0005192219019600161,1.3495720412582274e-05,0.0008713422328512793,0.9965654421360771
131,0.0031203537043544218,0.0011126199064130616,5.609497408604025e-05,0.0007702949276385329,0.9949406364875079
132,0.004529502327051858,0.00154629920901581,0.0001588567810045442,0.010318042872984878,0.9834472988099429
133,0.0025284620568655834,0.0007792246173094774,3.669274837422208e-05,0.0005727834574338795,0.9960828371200168
134,0.020044396653967785,0.004698734383378289,0.00011412460936132242,0.010505595528929754,0.9646371488243628
135,0.24376658177219337,0.025524416945317048,0.0001691845588189606,0.16193915641167167,0.568600660311999
136,0.30615253575777335,0.08159513142982892,0.0007763484584082899,0.027463484436018176,0.5840124999179712
137,0.12552071501538656,0.37874530617617314,0.014239032745790895,0.03892564206202549,0.44256930400062394
138,0.04265369968455853,0.024408681612999687,0.00029583578891553575,0.04074168311977958,0.8919000997937466
139,0.010548072982321712,0.007103167657799575,7.90441069569242e-05,0.006040678576888556,0.9762290366760332
140,0.0038470928172981357,0.002662249037656402,0.0003009208526661741,0.03547831972565669,0.9577114175667225
141,0.01768302420524983,0.004886955263980881,0.00018679242810755857,0.0011487860053447725,0.976094442097317
142,0.01019548359385139,0.01025814565682439,0.0017681341217756434,0.0013338249459109565,0.9764444116816378
143,0.00904445913487063,0.011015189322106237,0.0015902294278098458,0.00048231435798058893,0.9778678077572326
144,0.022041389018382353,0.026940239352305738,0.0020668559421220672,0.0006008818927384916,0.9483506337944515
145,0.005797409247021512,0.02207612429377202,0.0020503016702923525,0.00034004137535672733,0.9697361234135573
146,0.026385945830348756,0.04758253417052537,0.009748549051620745,0.0006092380891179824,0.915673732858387
147,0.014642839368015196,0.018406973579796544,0.004777344997865908,0.00033060797961765394,0.9618422340747047
148,0.012756083985800925,0.01999543583571896,0.0037626633275214885,0.0005680301246564675,0.9629177867263021
149,0.02823771529411365,0.02182354656473432,0.005142198897812057,0.0008104582450338714,0.943986080998306
150,0.01347391537547602,0.015237049146829232,0.0036017651353430044,0.0008896450629073897,0.9667976252794442
151,0.004583393009401803,0.007829989199580967,0.0012248791229562456,0.0005690217687883895,0.9857927168992726
152,0.012011744180012336,0.010027245471139775,0.0015888288469158372,0.0006922393210175092,0.9756799421809145
153,0.0034289156019973776,0.003395148617399811,0.0004938360761568623,0.00025425459884682785,0.9924278451055992
154,0.026272745371364325,0.030801301783278272,0.0026001183195997492,0.003001441346581388,0.9373243931791763
155,0.019585164280457385,0.0131235317582774,0.0015683627234410905,0.000995353226355566,0.9647275880114686
156,0.008250811275106299,0.008169407167939766,0.002263000423063444,0.0008629447503558018,0.9804538363835347
157,0.006730010634099513,0.011717008085050587,0.0010018763242155445,0.004413876650275957,0.9761372283063583
158,0.0018774652878343393,0.013733750660379483,0.00033731613766283853,0.0017823608884455834,0.9822691070256777
159,0.0009304358984308627,0.02179592037047124,0.0009193245138199406,0.0011517403266812548,0.9752025788905967
160,0.0012095070111024476,0.016032236282143203,0.0005045203881968927,0.0013475860393915185,0.9809061502791661
161,0.0011480728384674044,0.007296999170689403,0.0005942388592500074,0.0003341054786069765,0.9906265836529863
162,0.0012542949146923962,0.007838925821058421,0.0004467607063304307,0.00022732415069113385,0.9902326944072276
163,0.0018941094092070083,0.006510564362130411,0.0002874027063132609,0.00036606335017559346,0.9909418601721738
164,0.002013497939875148,0.005417894843695761,0.000221982474958602,0.00021438039696022854,0.9921322443445102
165,0.012780850483881024,0.0007466539642120374,1.3928639399479846e-05,0.0002086220749746041,0.9862499448375328
166,0.10461396414560237,0.009366067777474311,0.00112854725579658,0.001150617747316567,0.8837408030738102
167,0.003638893138784947,0.002340543806734495,0.00011710245359302544,0.0002638091098521087,0.9936396514910354
168,0.0013337143976929972,0.0025386902490290115,0.00013363362383495895,0.00012776494813954668,0.9958661967813036
169,0.0025728086826777375,0.004249492326582812,0.00012244233890551328,0.00022401803419315014,0.9928312386176407
170,0.0011632595902557894,0.005114774513207081,0.0008440833434807027,0.0003035325583810226,0.9925743499946753
171,0.0023012157854304265,0.0034509585661939416,0.0005502281387360801,0.0003730863043676836,0.9933245112052719
172,0.004765936088423028,0.0034774689582759656,0.0009459299018095058,0.00044877163730886474,0.9903618934141827
173,0.009023928106235833,0.003242250854295952,0.0008547643023405876,0.0012943509076960525,0.9855847058294316
174,0.003969061468940271,0.0017416596798409362,0.000410584383037417,0.0006462659381563941,0.9932324285300249
175,0.000872330832696678,0.0003525041197632546,1.7517715649117188e-05,0.00041411247560503393,0.998343534856286
176,0.002703449512816549,0.0003468787963779452,1.7644152520805636e-05,0.0006246551911478698,0.996307372347137
177,0.0007499269304720075,0.00020188611706376444,1.4983079111071921e-05,0.00015009314217630514,0.9988831107311767
178,0.0037199746452078936,0.0009350239910614855,4.218666834921863e-05,0.0007271373201363602,0.994575677375245
179,0.002845249923787566,0.0014798185728752914,5.7841114207605095e-05,0.0004095590633095727,0.99520753132582
180,0.010439527466139626,0.014516062701467087,0.003353247652708526,0.0012460728154876676,0.9704450893641972
181,0.008112670952776735,0.008786168102197187,0.0010680684881740597,0.000778360857732865,0.9812547315991191
182,0.004589057998922563,0.005138810712290842,0.0002962686445391965,0.0005813812319341048,0.9893944814123133
183,0.003975722493586367,0.012107788133268372,0.0020897943839011846,0.0005374777017404616,0.9812892172875036
184,0.006301950804080921,0.008583825966072892,0.001379484888484518,0.0008489995120960549,0.9828857388292656
185,0.004781112505519167,0.007371307160714387,0.0024973356877112315,0.00042372620631118,0.9849265184397441
186,0.005718290306666866,0.002578896093649233,0.0001042191674205416,0.0005930492220544149,0.9910055452102089
187,0.012631027604773703,0.010614537922248684,0.0008775407131331724,0.001357061205372329,0.9745198325544722
188,0.01634546700927849,0.011492253668668902,0.0009330366065730145,0.0011404384188002945,0.9700888042966792
189,0.020891314225314244,0.013865147960193043,0.0016509381186711298,0.0013801618086213044,0.9622124378872002
190,0.01711287018162045,0.009155037529823036,0.0011967663231296972,0.0009181656290767708,0.97161716033635
191,0.014577876380228717,0.008116850587584918,0.0007704317376875025,0.0010386492668544099,0.9754961920276445
192,0.00857572551342639,0.004748398541028097,0.0007886119621779679,0.0008238754248254038,0.9850633885585421
193,0.003216164448883639,0.00243608516135467,0.0001879550431367725,0.000278540570797119,0.9938812547758278
194,0.003935643600080305,0.003466663380622718,0.00035268205343754876,0.00020198402540134845,0.992043026940458
195,0.011581852924541051,0.015123805082738303,0.0025289415857908796,0.001467886600700445,0.9692975138062294
196,0.0036416564291884804,0.01006000493674842,0.003172383966509849,0.0006753390953648704,0.9824506155721884
197,0.015261338300434347,0.02130506477922807,0.002689749260922381,0.0015453886832418626,0.9591984589761733
198,0.021507562421212774,0.035447829063221394,0.0018083024973998398,0.002698559453019798,0.9385377465651462
199,0.0163550758257793,0.026243978846341283,0.006386569810455396,0.0021449177930554842,0.9488694577243685
200,0.011259281111017856,0.008702070690637397,0.00016786671320897758,0.0028453266361086723,0.977025454849027
201,0.06638514787120961,0.04374749927656705,0.002074264667135615,0.004231531469839728,0.883561556715248
202,0.22866629821869888,0.18020715287765274,0.005009356645557519,0.006477429703328176,0.5796397625547627
203,0.413909726918405,0.4525748861399108,0.005053725060835815,0.008460791117843156,0.12000087076300535
204,0.29227443440414336,0.5818278891961673,0.04203753631129061,0.019851928196429662,0.06400821189196891
205,0.16143908592165943,0.7493088603693294,0.047082185274539556,0.018081756667587864,0.02408811176688357
206,0.15712590246110295,0.671674788510457,0.08607392889087831,0.04581526919259787,0.03931011094496411
207,0.17315198459222741,0.5878126037049467,0.09802965564807965,0.05190765672898134,0.0890980993257648
208,0.06329085918735702,0.7700496347625169,0.14033544743026485,0.012908350576950103,0.0134157080429111
209,0.06495631816648774,0.8002054693079707,0.1019890323454298,0.01708631683963466,0.01576286334047715
210,0.11808668327036356,0.7027251330862964,0.12006037189715325,0.02377876517516799,0.03534904657101885
211,0.07833112557557757,0.7702660739703283,0.10285079496866824,0.02500580445266848,0.023546201032757258
212,0.0472691097080591,0.7869428231094888,0.1404145135248685,0.006806250009627155,0.01856730364795642
213,0.07855055760042572,0.7502377039336963,0.10416878242712355,0.031143242471555758,0.035899713567198836
214,0.05993561284632894,0.7157819474215003,0.12070486415468894,0.04686378888637692,0.05671378669110489
215,0.07514402232786795,0.7189278959857932,0.17320782609856059,0.007257259647062114,0.02546299594071615
216,0.07968840592067303,0.7209052287834607,0.13760866993075574,0.021268987501753548,0.040528707863356966
217,0.1525242311998961,0.5988418267258423,0.18406307121823934,0.007833529340212166,0.056737341515809954
218,0.049179641523958,0.49767777461682927,0.3967639518229754,0.03416942655236897,0.022209205483868396
219,0.05963386127376809,0.541230324138214,0.3408018279323652,0.015726658804856217,0.04260732785079641
220,0.05675039586327035,0.5119329746003543,0.3385389885629783,0.025439455669427298,0.06733818530396979
221,0.027559471810130725,0.4100642231018106,0.5128572403773635,0.017647910499461746,0.03187115421123338
222,0.04316791416304006,0.5639969437015296,0.3241292271915412,0.025740880313068818,0.04296503463082028
223,0.026487865298560412,0.4142755447220185,0.5297299873781071,0.011549253805642088,0.01795734879567199
224,0.043912626987469415,0.5938256612156256,0.2809647598700042,0.029374619610985926,0.05192233231591489
225,0.04793827447588063,0.5851499987650949,0.29068661989260114,0.02338476338428087,0.052840343482142615
226,0.04280572842639311,0.5976591892381337,0.3186054197973561,0.015560908053351868,0.025368754484765235
227,0.036556879444878926,0.4210016509649304,0.4793873098836556,0.017350693533456987,0.045703466173078106
228,0.05507191924303799,0.5951343641525085,0.2509598843014587,0.03332509611114447,0.06550873619185026
229,0.03209924016164203,0.4599744297174302,0.4562826443336007,0.016189101230326138,0.03545458455700084
230,0.03455725780476896,0.49617118447035724,0.41173977686396224,0.026280978941972295,0.03125080191893919
231,0.04403401147460318,0.3774629990577336,0.5211395323336501,0.027452268035566607,0.02991118909844655
232,0.039109916283596835,0.46847088848756285,0.4363915187295462,0.02989909329140943,0.026128583207884516
233,0.30974636555368135,0.32063329575101046,0.01623092812419583,0.03626483774583358,0.3171245728252787
234,0.11523632822770216,0.5435962276937591,0.14253979281316675,0.041130772330446354,0.15749687893492556
235,0.0669337011895653,0.617659024347713,0.24814426713576598,0.023001279032330353,0.044261728294625234
236,0.06574933004953332,0.5732564646634455,0.300543271974087,0.018206424724504032,0.04224450858843023
237,0.03933437410530322,0.3225176959377765,0.5893042897957641,0.02080141401875996,0.02804222614239622
238,0.027764726677658207,0.30447495318357026,0.6109041440945108,0.02887088556599988,0.02798529047826101
239,0.023572962732679423,0.25493154858968925,0.6791520544141818,0.014178897654551428,0.028164536608897978
240,0.0211450376982385,0.33180025058797213,0.6041675964166697,0.013831185134455692,0.029055930162664095
241,0.02693701751098431,0.19776252759672555,0.7201574941537332,0.01871508716100582,0.03642787357755126
242,0.021010225811549745,0.22666700315923272,0.6613478596487127,0.032128529513303646,0.05884638186720114
243,0.023509208382861517,0.22680249943884243,0.6616024031947417,0.03373071990692496,0.054355169076629406
244,0.05918850537248789,0.29203448996015446,0.4942481122981739,0.04542953833574161,0.10909935403344206
245,0.07836975100541763,0.476090564168604,0.05747743503211544,0.055722589474467954,0.33233966031939505
246,0.07810239898494953,0.03308835174721533,0.0020010007604540562,0.014013796972639206,0.8727944515347419
247,0.0035198437314264835,0.004038195801478667,0.001427825016844798,0.0015085808202602922,0.9895055546299899
248,0.01680860575117939,0.019113620478826653,0.003080472363884908,0.002973824936603091,0.958023476469506
249,0.04240805726939795,0.025849423917472508,0.0019847009607674355,0.006217842129918291,0.9235399757224438
250,0.02109794974629201,0.02695678852348731,0.003251481805308479,0.001650239744791051,0.9470435401801212
251,0.04310349459005959,0.08919017739064333,0.006599166216827244,0.004749952061247406,0.8563572097412224
252,0.027502147396203474,0.026415453706735984,0.003220936085756713,0.006569845616709581,0.9362916171945942
253,0.10497614443749423,0.17346957076967545,0.009717805083582562,0.024772073074864804,0.687064406634383
254,0.021717325901395742,0.025677201798195194,0.0019126192393523825,0.004033665532391256,0.9466591875286655
255,0.002614008668493736,0.004498070725715929,0.0007043500884452668,0.0006598143061378306,0.9915237562112071
256,0.03036144893358184,0.029729372949554918,0.0016879438260786655,0.004349506268519132,0.9338717280222654
257,0.31769993147169817,0.26886408496683,0.018625636541901778,0.017442830414531534,0.3773675166050385
258,0.15942436693300485,0.554836567970516,0.036577368045551076,0.035877726445255616,0.21328397060567253
259,0.3113915978263275,0.4025328300299807,0.02549735802762551,0.03471957117726804,0.22585864293879818
260,0.12579900970046556,0.7669486154035928,0.05076266680738046,0.01972976069716761,0.03675994739139357
261,0.13625205351740705,0.7680972580878764,0.0606394244380203,0.00903035543864173,0.025980908518054385
262,0.06790837994753492,0.8040224682609024,0.11668519542162731,0.004842403437204355,0.006541552932731247
263,0.06688660870937985,0.8295479285328877,0.08111736825291105,0.007255972519638991,0.015192121985182574
264,0.08964368906722102,0.7606354908672661,0.11853027091913851,0.013815676328831539,0.01737487281754296
265,0.02390885025532527,0.8322570747060136,0.13340351650225402,0.0022954852899778025,0.008135073246429274
266,0.035524761881909714,0.792977283710417,0.1623482765432306,0.0023629193833429006,0.006786758481099839
267,0.057687774022051976,0.6308716372513794,0.2653742594214879,0.021372774832668976,0.024693554472411734
268,0.08547095639363726,0.7021285412004558,0.17429535852142103,0.010945082414027078,0.027160061470459004
269,0.07185844356022104,0.6695516111052062,0.22581657646468348,0.016908183203755596,0.015865185666133607
270,0.028101360610132905,0.6679265034947419,0.2849812894476869,0.00744732756039441,0.011543518887043965
271,0.04354945212615456,0.5022427896230928,0.4178792287698136,0.017505923342133387,0.01882260613880561
272,0.02710297926643214,0.4488595178815605,0.49220680574109804,0.01736911217647262,0.014461584934436807
273,0.047152164189751176,0.5775676653013776,0.3129028706225964,0.026743684178418808,0.035633615707855976
274,0.16072654998190758,0.5802212250067409,0.12305459464628123,0.013641296380267637,0.12235633398480261
275,0.0590259293175284,0.613065279458704,0.30161312211879676,0.0037921071190565717,0.022503561985914165
276,0.08293285929749432,0.6135798624645814,0.223849154607642,0.031816524798027906,0.04782159883225439
277,0.035064046469516524,0.4906874584535055,0.4535115494702551,0.010424920997031196,0.01031202460969147
278,0.04494582593494252,0.4612973262338696,0.4544423835443246,0.016836395423888872,0.022478068862974432
279,0.034986011539594325,0.3281924509193121,0.5967550893089356,0.021839299433986218,0.018227148798171715
280,0.04413700181795113,0.3634865695758355,0.566711618079806,0.011109962445183155,0.014554848081224278
281,0.02619980465633472,0.4442191470371093,0.4998083276943555,0.012531458994076167,0.017241261618124146
282,0.03724486949176136,0.4720215467796859,0.4339907027300461,0.024275822516471153,0.03246705848203578
283,0.01377050860386709,0.29619633601482254,0.6835870967431499,0.0029746215283122162,0.0034714371098484454
284,0.043431682954764086,0.5873033854403604,0.3221296348553324,0.022885422831240062,0.024249873918303102
285,0.04456434070239543,0.5049071164638734,0.39500785313204917,0.024344460213478473,0.031176229488203547
286,0.024234993826043088,0.37984448945301147,0.5560054683454557,0.02208614430755087,0.01782890406793871
287,0.0911865872400446,0.6420774263897029,0.1721747320859481,0.03446467678705497,0.0600965774972496
288,0.03186917734744382,0.6704173476515396,0.25794261344943664,0.009253904444895026,0.030516957106684783
289,0.04743091323065669,0.5422464576363347,0.3272106696895369,0.027831390216316625,0.05528056922715515
290,0.20367390284929282,0.5098013875669829,0.06369161033765505,0.0204786541794303,0.20235444506663888
291,0.09214885318640982,0.7591023080357747,0.12153455722838861,0.005290216179048283,0.021924065370378585
292,0.15486755357671664,0.5823004675184626,0.17284000674762187,0.03260751474889677,0.057384457408302066
293,0.23636259624786501,0.4803284931807267,0.016980936690414058,0.025407043876114747,0.24092093000487963
294,0.24558457825830138,0.2507041803495114,0.027402575070671155,0.028494781307943664,0.44781388501357233
295,0.25468236035656167,0.5443363932338746,0.015697372892008885,0.02156020612388103,0.16372366739367364
296,0.196706638163015,0.6634184227507186,0.06161874348932657,0.02844450369756143,0.049811691899378424
297,0.12427188965120078,0.2796309374274008,0.024101762693540276,0.01641348625203549,0.5555819239758226
298,0.025762971251429605,0.008473888861429153,0.0003409443767809506,0.006282191506088575,0.9591400040042718
299,0.006046957893047024,0.008065241770180325,0.0013316360353513989,0.0010418364612664848,0.9835143278401547
300,0.003970577835383665,0.0010229429685492731,0.000418948713852904,0.0005387924986140275,0.9940487379836
301,0.010586662137636703,0.002055257818847803,0.0033343028906634487,0.0009956250543471559,0.9830281520985048
302,0.032636757953023766,0.011045813346795105,0.0008344789252263434,0.001635590109750924,0.9538473596652038
303,0.024589420740567084,0.013841989925528894,0.002113514998974219,0.002395077769999593,0.9570599965649303
304,0.00773734012332371,0.002692937724906111,0.0003584925072947462,0.0018921616142791844,0.9873190680301963
305,0.009725060119393815,0.006893007331476238,0.0006868426346514633,0.001203499487778333,0.9814915904267002
306,0.005648462685557843,0.005234144701397325,0.0004812864153088926,0.0007274168130252659,0.9879086893847107
307,0.02398230522739202,0.007389468869528195,0.0015566336195099464,0.0011899062024183493,0.9658816860811515
308,0.013776207781428063,0.004250051469069993,0.0021339571742824584,0.0007600516550105605,0.979079731920209
309,0.18493140559885152,0.1392614677059782,0.015779991969501115,0.013796966354400428,0.6462301683712688
310,0.1873495462695957,0.34965426578421466,0.03770046935659586,0.03628305309881042,0.3890126654907833
311,0.14387892410718484,0.5720295080230404,0.059541261384125216,0.008836499084125503,0.21571380740152402
312,0.20888363671247911,0.4192758741363517,0.03756748244475468,0.051815257872994146,0.28245774883342034
313,0.07342007031751908,0.8424801307887725,0.033854149406099335,0.0070518301204363565,0.04319381936717255
314,0.15220586863854144,0.7300943636375935,0.07266429858936295,0.021506758092943296,0.023528711041558834
315,0.1085198932373952,0.7350520458648822,0.12118850417259812,0.025856389003095667,0.009383167722028811
316,0.07146219344514101,0.7469158482431079,0.07279943961728952,0.08086467215428947,0.02795784654017239
317,0.0646586179543062,0.8151911219904369,0.03404948553817583,0.0622076820988356,0.023893092418245672
318,0.2090227821772115,0.2834090994623348,0.004814741545444044,0.10282230820624948,0.3999310686087601
319,0.3524531057556162,0.3546050103622235,0.006714164679824714,0.08501022972188085,0.20121748948045462
320,0.3814474057600049,0.46762116240642315,0.013551152040413265,0.0915441441956705,0.04583613559748827
321,0.3926757491679573,0.5075197822794365,0.012888280829664424,0.038129869005790004,0.04878631871715188
322,0.2077763476813689,0.7079809136889474,0.028580704838197652,0.028102682577867837,0.027559351213618178
323,0.11617135228589567,0.7769077214627836,0.07777599133217737,0.021859487997495812,0.007285446921647555
324,0.017007381897117646,0.8930825353304528,0.05962055579084087,0.024440023600992983,0.005849503380595475
325,0.02548385299954811,0.7060662392464347,0.24690707907647724,0.014591045101837981,0.006951783575701845
326,0.1614419307784539,0.4994220955031865,0.029750564332916788,0.06585070128942569,0.24353470809601704
327,0.1094420929622257,0.8044752260766721,0.02920340398260439,0.031165981017021848,0.025713295961476007
328,0.11005440271390474,0.5037324945386507,0.024611337005420727,0.3313533609728026,0.030248404769221325
329,0.05138528606272354,0.6543874515233066,0.0704775356672907,0.2007613635723664,0.022988363174312704
330,0.07616897149196872,0.427969147523535,0.004708668597069822,0.4531119550916266,0.0380412572957998
331,0.0616063715942855,0.28470450244997625,0.005711708079637182,0.6265325056947746,0.021444912181326433
332,0.05148312876224848,0.11638630678980608,0.00014096642437982197,0.7924590715092246,0.039530526514341136
333,0.05473967024679461,0.10493086893312774,0.00018983299205659678,0.7218944404128762,0.11824518741514484
334,0.06589461684760858,0.08528966399008772,8.352262404264779e-05,0.7258415930698069,0.12289060346845415
335,0.18420364795203745,0.1019338639140536,0.00010677344603458214,0.3883165350571455,0.32543917963072877
336,0.0818059458675659,0.1662740646009327,5.6902111209443427e-05,0.5471801369362433,0.20468295048404858
337,0.1284144863180374,0.23337583710503382,8.04788755318182e-05,0.5297697421175234,0.10835945558387348
338,0.01979457840328761,0.024942182765856438,2.1922980766629363e-05,0.06937534794502488,0.8858659679050643
339,0.04620675168605524,0.009173664063189771,3.4709087404085674e-05,0.050110320153107235,0.8944745550102436
340,0.018982046307424588,0.07187917364493772,0.00010831121597352798,0.16740697295814477,0.7416234958735194
341,0.03270583462603031,0.05117430255445267,5.969612346674368e-05,0.15110213453868473,0.7649580321573657
342,0.06684705843185537,0.13971684860572992,0.0003105357710197688,0.7007774955915175,0.0923480615998774
343,0.07959546016590571,0.1930076611871142,0.00013820533101024788,0.6962515965244425,0.031007076791527408
344,0.11353580225023842,0.20280501400434373,0.0012804547133439545,0.5113857197898318,0.17099300924224217
345,0.08049137186298713,0.1127154445404548,0.00010183025518906334,0.6845038583419671,0.12218749499940186
346,0.05699904307396503,0.06727671482236093,0.0004774319475144018,0.3737779788676645,0.5014688312884952
347,0.12826721273219363,0.0917641765338,8.701409878666683e-05,0.7173928402675414,0.0624887563676785
348,0.19126444453705382,0.1067147930366851,0.00021592751199468938,0.5807573635331571,0.12104747138110936
349,0.1950825377361448,0.10779176337313978,0.00011059171445234085,0.6066470717074036,0.09036803546885948
350,0.08664026875586826,0.18630411963486515,0.00019312493556501313,0.6907078067616107,0.03615467991209083
351,0.06751513868721791,0.18068694958673587,0.00028684188898690533,0.7168429893012913,0.034668080535767976
352,0.05944648082387204,0.09812285234693231,2.606566117197915e-05,0.8265071745782872,0.015897426589736422
353,0.09217580292988278,0.11915757058977104,2.4967158019109482e-05,0.5560881051531723,0.2325535541691547
354,0.16425766348182158,0.17469253815156188,0.00023616676386790884,0.42161219910939335,0.23920143249335526
355,0.11879425244491021,0.11542285030307371,0.00013404178897140278,0.7167056089307966,0.04894324653224796
356,0.12614163729727756,0.2997459017042195,0.0001337285956833253,0.4465607913911504,0.1274179410116692
357,0.09936183125915904,0.47056125840432034,9.205363910704912e-05,0.3966524362784378,0.033332420418975627
358,0.14062675784180656,0.2796214489728444,5.977970471007165e-05,0.365915922162035,0.21377609131860395
359,0.13072337090013006,0.4815911833648856,6.379657405674421e-05,0.31091056878308915,0.07671108037783833
360,0.014130489142776995,0.07325543919644395,0.0008119524819888062,0.016401307404330486,0.8954008117744598
361,0.2286627306936458,0.40270072058969286,0.0004971595779112146,0.266773243296033,0.10136614584271698
362,0.16580443695498995,0.4656070875175718,0.005751611358643293,0.03823866608074553,0.3245981980880496
363,0.3112741337445198,0.3123502771134,0.0005431925997604628,0.2820791866233082,0.09375320991901151
364,0.1080623052252114,0.2978981565709416,0.03148451379873429,0.16100599624942077,0.4015490281556919
365,0.18884301721382105,0.11518577706203807,0.0012964727617559826,0.19667166159446228,0.4980030713679225
366,0.20125299090077547,0.43701401288883795,0.0035924843831403666,0.2508768749583109,0.10726363686893513
367,0.12069470113122177,0.4796174517596593,0.008830885153437603,0.2534150076588792,0.1374419542968021
368,0.1503333051610713,0.49065039754421835,0.029856743446506497,0.09612889552417356,0.23303065832403033
369,0.032878060017242125,0.2533117173238267,0.10323694034737282,0.05841874696052044,0.552154535351038
370,0.1363909513442457,0.04641063503669471,0.002841560500967827,0.04895928768261516,0.7653975654354767
371,0.12436418838108901,0.045095456790891,0.0017709237105319915,0.023857008164421035,0.8049124229530671
372,0.06286822894274362,0.06584348777931276,0.0008350806743823546,0.04221450376267252,0.8282386988408887
373,0.2945148161231998,0.12437757850969701,0.0018682754935343,0.08025191709690387,0.498987412776665
374,0.27061814001676093,0.20570757314231383,0.0016456883107802103,0.11053185419993657,0.4114967443302086
