epoch,N1,N2,N3,R,W
0,0.0008359540597532333,0.00012604535199655766,3.285049593033028e-06,3.872207092424595e-05,0.9989959934677328
1,0.0004115532175834104,0.0001148440896128966,3.7149987274450575e-06,3.514983040358171e-05,0.9994347378636728
2,0.0002380984185635749,0.00021267752792027033,2.0759557111591047e-05,1.2299158337521565e-05,0.9995161653380671
3,0.0003175654551258366,0.00013198048641418797,8.21454586673383e-06,3.801018123055809e-05,0.9995042293313627
4,0.0006731159267956599,0.0002517150887907107,7.071363830309446e-06,0.00011048790265514692,0.9989576097179282
5,0.00037305983656628583,0.0001529559107948583,6.4391620875147575e-06,7.47198327718617e-05,0.9993928252577795
6,0.0036385222166528193,0.0004117330458537475,1.4148064388167552e-05,0.0001792975013252292,0.9957562991717799
7,0.0009487144148075513,0.0002409610022062003,1.636655043294004e-05,0.00010089890700996942,0.9986930591255434
8,0.008581355299668391,0.0006797105468166954,1.2303766332035656e-05,0.00027429126898358917,0.9904523391181993
9,0.4991004264394713,0.014533024822182807,0.00023152393610221427,0.003536571715487796,0.48259845308675603
10,0.0016364813128504953,0.00011819262480963928,2.339678842512303e-06,0.00011419476339366481,0.9981287916201036
11,0.0005027532665780496,0.00013739705987127445,3.1569697515854366e-06,2.7138266525556054e-05,0.9993295544372736
12,0.00047837100446940944,0.00013345753386871865,2.8528094623083412e-05,2.158263405408985e-05,0.9993380607329847
13,0.0007088233482411209,0.00015019540697950302,5.107899010328942e-06,5.789865746981983e-05,0.9990779746882993
14,0.00030931275794008316,0.00012050443789932258,1.404595325293805e-05,1.4950890081615243e-05,0.999541185960826
15,0.0003015657296586991,0.00011461193889449187,5.211665965505978e-06,2.6441197262572592e-05,0.9995521694682187
16,0.0003142120192164336,0.00010626236238950185,3.83275784987448e-06,2.178553089932988e-05,0.9995539073296449
17,0.00024403378654462096,0.0001277142252556344,1.953367502963961e-06,1.8580478650296144e-05,0.9996077181420465
18,0.0007264636450071792,0.00029802057322397493,1.3677905099202315e-05,3.209159968077506e-05,0.9989297462769889
19,0.00038813338410920455,0.00018637396188346834,6.654290344194348e-06,0.0001380059833614306,0.9992808323803017
20,0.00740303431156426,0.006068198226630942,0.00017134340186616956,4.013264262830149e-05,0.9863172914173103
21,0.00013325360265212908,0.00018364133374106656,0.00011890329705445121,2.254535684376599e-06,0.999561947230868
22,0.0005297486213906584,0.0013956418545481865,4.174374000638246e-05,1.2645653842681278e-05,0.998020220130212
23,0.0003136521518497613,0.0003501996146570168,1.188570948045855e-05,1.1119602352528645e-05,0.9993131429216602
24,0.0002626078434080591,0.00017848760708936477,1.8450151109773807e-05,9.822336500896883e-06,0.9995306320618919
25,0.00026895737370141075,0.00047906401581639845,8.067733943455552e-06,2.182782693319057e-05,0.9992220830496056
26,0.0024879727807815386,0.0009321294231001113,7.899156060727428e-07,5.721873134418344e-05,0.9965218891491681
27,0.00032353249339712585,0.00013277299510632711,2.5870961243150403e-05,4.013533217250169e-06,0.9995138100170361
28,0.00028571861414223844,0.0008542729986837812,1.4429080268887191e-05,1.689069951537441e-05,0.9988286886073897
29,0.0016694326479322985,0.0007422405232207061,2.4217730346029156e-06,0.00010486160155968089,0.9974810434542528
30,8.771313840296631e-05,0.00014374796319009483,1.8631409522422973e-05,6.652267766322602e-06,0.9997432552211182
31,0.0009394718847658034,0.00044469745394319296,6.5112288106830894e-06,2.1090739410557748e-05,0.9985882286930698
32,0.0014968585918249354,0.0004985334790400789,4.287409287733533e-06,6.851354532444248e-05,0.9979318069745229
33,0.006642236312710907,0.0005061731842192574,1.5525585198304286e-05,5.39624685221101e-05,0.9927821024493495
34,0.00024601216442559737,0.00041705036018807704,8.615570003821967e-06,4.36975997769378e-06,0.9993239521454048
35,0.0035194138602804613,0.0006764456846144412,4.177817326164289e-05,5.838403539494053e-05,0.9957039782464485
36,0.0015904071849321703,0.000809293119532133,6.8145764977588015e-06,3.34881434678782e-05,0.9975599969755701
37,0.0005641562721995525,0.00024364202246609652,4.1444931412951566e-06,4.023915261256359e-05,0.9991478180595805
38,0.0023026927102519604,0.0003390007724772863,6.5988898678185305e-06,6.748072376106269e-05,0.9972842269036419
39,0.0003228440219589463,0.00011880558689392281,6.025566445403476e-06,3.005708530147677e-05,0.9995222677394001
40,0.0008143118930786763,0.0003084048457294983,2.329165711768939e-05,4.212947364232322e-05,0.9988118621304318
41,0.001035423512389675,0.0003638152791409977,1.1548584450255738e-05,5.1576581883505717e-05,0.9985376360421356
42,0.007909369191135163,0.0013504547019511602,1.7630964473071576e-05,8.573853295904396e-05,0.9906368066094815
43,0.00966793425770605,0.0009584916253235595,5.609479053760515e-05,5.449971356338312e-05,0.9892629796128694
44,0.00214437022687391,0.0005310440220622937,1.2714211232464782e-05,0.00011009891822729466,0.9972017726216041
45,0.0009260390952936807,0.00040564941264250345,1.0862660036536382e-05,4.9930382151487014e-05,0.9986075184498759
46,0.0012027271868359536,0.0006336294708413398,1.0603063553826943e-05,6.517479100560398e-05,0.9980878654877633
47,0.0025786144410484776,0.001426542417461125,2.068363468859751e-05,3.3958630635959654e-05,0.995940200876166
48,0.00043937064321865137,0.0007928845918207702,8.360828192384813e-05,2.1980028798706566e-05,0.9986621564542381
49,0.0002955318597193612,0.0003211853487164671,6.348346810062565e-05,1.4052242485803438e-05,0.9993057470809779
50,0.00018401118321559586,0.00014401624852379268,2.8496181486521035e-05,1.0741838840769793e-05,0.9996327345479333
51,0.0003676487873661817,0.0003655460197413989,3.586452121119989e-05,1.3812057412223444e-05,0.9992171286142689
52,0.000600745390565802,0.0006722854531233576,0.00011343241461411575,4.661507790309709e-05,0.9985669216637936
53,0.00021461462816089083,0.00025086698354630796,4.015970880403809e-05,1.4988359288634749e-05,0.9994793703202001
54,0.0009475322987270787,0.0002659210185080513,1.928004134589523e-06,1.4787559566967233e-05,0.9987698311190634
55,0.0009759435161121558,0.0006212483863602447,4.317583633736995e-06,3.857167771636552e-05,0.9983599188361776
56,0.0012172839504463722,0.0005871670515875488,5.233456672216293e-06,6.459934372898304e-05,0.998125716197565
57,0.002178046235406247,0.0008953523121734795,3.731630397211405e-05,0.00013718551581340082,0.9967520996326347
58,0.002361801141659222,0.0005731000572250784,1.0672409802166816e-05,0.00010152564898841688,0.996952900742325
59,0.0007244425959237374,0.0004317659910507138,2.480752240250411e-05,8.274537669196018e-05,0.9987362385139311
60,0.0015285251025345399,0.000336576549520438,1.1902476808372044e-05,5.7241227185646776e-05,0.998065754643951
61,0.0057357885824465245,0.0003893306266448036,1.2170241414230978e-05,2.9964086881602115e-05,0.9938327464626129
62,0.0015489797739694478,0.0003706195392756773,1.1391944360634363e-05,9.910704836810055e-05,0.9979699016940262
63,0.0019918733685479403,0.00031523762963920574,1.0514744096355766e-05,0.00011494761471252961,0.9975674266430039
64,0.0008897102991535997,0.00019694194266630646,8.892136496403673e-06,4.1431981709161707e-05,0.9988630236399745
65,0.0008557568645433369,0.00020573311399660192,1.1928856326065579e-05,6.449533878315927e-05,0.9988620858263507
66,0.0008375688117634954,0.0002591990888504853,1.3218318906215732e-05,6.339217279132497e-05,0.9988266216076884
67,0.000840617036992428,0.0002824862191651864,7.0530302379111054e-06,6.943496254148537e-05,0.998800408751063
68,0.002291730573081031,0.0007141303145819251,2.1657196764373657e-05,0.00011214698072727499,0.9968603349348454
69,0.002002022355927403,0.0003847881839121237,1.6628383559040307e-05,0.00010384925780710601,0.9974927118187944
70,0.0017220510129710399,0.0003996453385663418,1.0367641610316547e-05,8.30901176152298e-05,0.997784845889237
71,0.001323918114094517,0.00047656059911175907,1.9856190494982413e-05,8.671462715869089e-05,0.9980929504691401
72,0.001458497569972236,0.0004208755404781919,1.180187100018446e-05,8.472350094257927e-05,0.9980241015176069
73,0.001117529634198435,0.0003648234655636897,1.3276226647741758e-05,8.763907837392758e-05,0.9984167315952163
74,0.0008385897085407068,0.0003288525293394358,7.092038514326474e-06,8.466880504210435e-05,0.9987407969185634
75,0.0008204542511719704,0.0002811316888261654,1.77823918552705e-05,3.804042800996513e-05,0.9988425912401366
76,0.0006148317807718996,0.00020577757611537102,4.169586236883953e-05,2.5094700096166075e-05,0.9991126000806477
77,0.002768270039460141,0.0006899448926414444,1.0367444315382938e-05,0.00010340870892045464,0.9964280089146625
78,0.002090178101873525,0.000414340229168277,2.3967804678046048e-05,7.877136024253752e-05,0.9973927425040376
79,0.0010601212377185523,0.00018662810892231148,9.836645307848619e-06,4.748968911672669e-05,0.9986959243189345
80,0.0009794552150306389,0.00030083461328656496,6.4923387623353305e-06,6.490438588689821e-05,0.9986483134470336
81,0.0016855662041573398,0.0007805170394341263,7.643432922416314e-06,0.00012693546485064764,0.9973993378586354
82,0.012553959717394923,0.0012238257753264135,1.4662263662684357e-05,0.0003008144014481328,0.9859067378421679
83,0.0005059464901939206,0.00020261711631572234,1.5612468944559632e-05,6.015852675629542e-05,0.9992156653977895
84,0.00024080897031371757,0.00013081962839108587,1.5265835108771785e-05,4.0231986909214536e-05,0.9995728735792773
85,0.00033501259390435406,0.00010576624521502869,3.846279053519625e-05,8.690370641745202e-06,0.9995120679997036
86,0.0023718685559367,0.0006916236863836451,0.00017129973155910542,5.186011662599912e-05,0.9967133479094946
87,0.0009716443210743304,0.00014597834412726635,9.030172265319904e-05,1.203554298482647e-05,0.9987800400691604
88,0.00991805681743023,0.0019134637301487206,0.00019780059245256198,5.747727436586594e-05,0.9879132015856026
89,0.0012786445597903263,0.00020180066134095327,8.226676877303621e-06,2.9801399977100213e-05,0.9984815267020143
90,0.0014582560976466132,0.0001827760448493101,4.344846764511869e-06,9.834961439468437e-05,0.9982562733963449
91,0.0004694457742235468,0.0002008545105194754,4.5067732173567766e-06,4.4918721777376696e-05,0.9992802742202621
92,0.0013419841178251566,0.00027361142120256636,9.602249062182595e-06,4.553188276556899e-05,0.9983292703291446
93,0.0009598621149122193,0.0004089320041801534,8.605414148629077e-06,4.997217439837518e-05,0.9985726282923607
94,0.003736031812200125,0.0005790777597877777,2.4435741272874255e-05,0.000149009283939761,0.9955114454027993
95,0.0010851364696572209,0.0005468432174094636,1.652013726765024e-05,0.00013302224633640646,0.9982184779293293
96,0.0029573018072856106,0.0008127984369368931,2.1184056834695647e-05,0.00023955332926446017,0.9959691623696783
97,0.003495770080860934,0.0011281807977545596,2.1889064962899894e-05,0.0002623997035988716,0.9950917603528228
98,0.015103107120136064,0.0015790583853846623,2.647960176673669e-05,0.0006164165915035937,0.982674938301209
99,0.004756452030458808,0.0037488884012071423,0.00012004493239541767,0.00013609503161412663,0.9912385196043246
100,0.005978569360946084,0.0058505649911857836,0.0004715256071173327,0.00019193421401660614,0.9875074058267341
101,0.0017392149880202652,0.0006263024527542574,4.951033541672545e-06,0.00028313622383828956,0.9973463953018455
102,0.00436585165289421,0.0007649003525696909,5.3715569877597e-06,0.0002984125203145949,0.9945654639172338
103,0.10930828913471732,0.004680599550563432,1.736923730157564e-05,0.0017571553397107095,0.884236586737707
104,0.6681701194329862,0.037819519571865814,0.0001219414901938954,0.012590113514044807,0.2812983059909093
105,0.6388417453613573,0.022371238411620854,8.132320951260646e-05,0.024021827329457533,0.31468386568805157
106,0.5367003403138729,0.11257859501837082,0.0001657353484361254,0.15493610111852285,0.19561922820079727
107,0.03237114324823278,0.007445118229308982,4.731413958887293e-05,0.06768203216514108,0.8924543922177284
108,0.5663895604713444,0.03829500719248161,8.717342208607307e-05,0.20256844990042458,0.19265980901366334
109,0.5262450669855905,0.13999427793125122,0.0002449304468482563,0.25491379666873076,0.07860192796757935
110,0.5257505466629513,0.04156606073538122,6.449877638273851e-05,0.3078774362308911,0.12474145759439363
111,0.4375360541111466,0.07793301678799731,9.37025492620686e-05,0.38555564392512526,0.0988815826264688
112,0.2924016963831563,0.030156060793079333,3.182376261022487e-05,0.4084787509915741,0.26893166806958
113,0.32016681991919,0.33992283467988255,0.0002650935177234155,0.24896451175282133,0.09068074013038278
114,0.4964997292968735,0.1355845979563495,8.677340667041593e-05,0.3055806021320379,0.062248297208068674
115,0.2578711174193347,0.581877157069984,0.019404718451199874,0.014619900110946233,0.1262271069485354
116,0.10778881595177092,0.6290986930128949,0.0024008860339288377,0.16547395243424967,0.09523765256715572
117,0.06155685227842098,0.8036862321622312,0.010761828853670153,0.019606025156160244,0.10438906154951742
118,0.05398101470673648,0.04980185067793598,0.0001250504956773803,0.11029403422818035,0.7857980498914698
119,0.06109158409422342,0.022292365773669647,5.713141026088708e-05,0.08473372214250435,0.8318251965793417
120,0.2512905090606673,0.02569767561333818,6.416935124946731e-05,0.07542076823301713,0.6475268777417279
121,0.7141776461404992,0.09536887704869167,0.00012611280700141424,0.05319268179507797,0.1371346822087299
122,0.6520449484884773,0.04171691174111975,0.00010141482485264715,0.09108548415031105,0.2150512407952393
123,0.4221207604816416,0.07108040501702045,7.329433455660583e-05,0.11580247791510845,0.39092306225167295
124,0.011589305958919688,0.0036871341517153667,9.92080217430216e-06,0.010148099397697624,0.9745655396894931
125,0.008471303134535053,0.0012460071535392876,7.039482698409455e-06,0.001952559130599883,0.9883230910986275
126,0.01849056184095015,0.0015804120165522338,1.0881006233484162e-05,0.001489204755221156,0.978428940381043
127,0.008916233098477564,0.0003692022707765407,4.63408945934695e-06,0.0003876847817292084,0.9903222457595574
128,0.4844859223042902,0.009427794753356486,4.760004750037574e-05,0.009683458599290418,0.4963552242955624
129,0.8731987295496446,0.038790477883812895,6.753064680472347e-05,0.032098701052520225,0.05584456086721744
130,0.5320055380437649,0.33973083893653727,0.0005417123246149824,0.07463787250068722,0.05308403819439556
131,0.26642072652854704,0.5823169378382306,0.0006699064305386923,0.09148601673917557,0.059106412463508104
132,0.4300744294135416,0.10711350240883731,9.19956725264939e-05,0.4206940069341263,0.042026065570968246
133,0.16965794956851094,0.7018085804330453,0.0034113868481634333,0.06151430027780577,0.06360778287247457
134,0.06695848471478688,0.8763016855217131,0.0030623483651684297,0.041711072588762915,0.011966408809568794
135,0.19024551141204613,0.7531249071729457,0.0008827018582585464,0.045450720395181214,0.010296159161568593
136,0.07771942746826957,0.8744883233642237,0.026849508479958855,0.010352484327451244,0.010590256360096782
137,0.04882148816999352,0.9220941914483505,0.02380954134140798,0.0017295947949778926,0.0035451842452701937
138,0.015460509515626754,0.849172025816599,0.1290555640708492,0.003541816888959602,0.0027700837079654107
139,0.0030383172398826723,0.8871469568236228,0.10670985917214088,0.0012301766962167723,0.0018746900681369924
140,0.005107855371372082,0.8332705482772417,0.15872353465119657,0.0010432817042593445,0.0018547799959304735
141,0.00484365859920788,0.720643907092478,0.2701706301399371,0.0022325552337973046,0.002109248934579764
142,0.005209122142224709,0.6290461486222568,0.35917477254001906,0.0031226832528274575,0.003447273442671803
143,0.010568509992861798,0.4790532324888332,0.4941841828058167,0.012858400991064096,0.003335673721424197
144,0.019509887847206267,0.0684121777696313,0.009641953661281942,0.003630879655557834,0.8988051010663226
145,0.17340206268614236,0.7721564992121099,0.0040375221633945245,0.02532439574605764,0.025079520192295576
146,0.04149707172073948,0.9145234265210642,0.018387904809438374,0.008160166825439788,0.017431430123318093
147,0.03642296562470167,0.8063966390649964,0.1397560348300933,0.00997541125644452,0.007448949223764272
148,0.12636467622543027,0.5240555051488558,0.0005698676403446087,0.32110493400733753,0.027905016978031747
149,0.19633923564360553,0.10125149396992157,0.00012571986354629797,0.6660135569207446,0.036269993602182034
150,0.11575234255584672,0.45784790146000914,0.000655398128984038,0.3990323759529408,0.026711981902219413
151,0.24122553080173084,0.5581328358377023,0.0009380465149138617,0.1806131062898174,0.01909048055583545
152,0.41207733632721105,0.37594772469968674,0.00020471858677246284,0.15043773624455387,0.06133248414177586
153,0.05272666107389342,0.8924058767017455,0.0020205196677364067,0.04400337695807411,0.0088435655985506
154,0.06639374327391949,0.7929466864870168,0.0028169315952179777,0.12684563459368559,0.010997004050160164
155,0.031998766175588486,0.8123945182830562,0.13216189156062774,0.014749733198403732,0.008695090782323727
156,0.1967224301311216,0.6524672027911164,0.005042493512678861,0.09823397011239483,0.04753390345268829
157,0.02418175177084393,0.8387098884769087,0.08914493396647782,0.0409925092795745,0.006970916506194904
158,0.011580175755312028,0.8141932675248005,0.1518875167002877,0.016813714538781274,0.005525325480818549
159,0.15297467981103455,0.6683899098586242,0.0012601044961889302,0.16712129427315878,0.010254011560993342
160,0.06683559436935889,0.838194734697898,0.017182183676764353,0.06853742563015863,0.009250061625820054
161,0.3735220490393725,0.28189656987971196,0.010348925720961804,0.06376638837884933,0.2704660669811045
162,0.530878914558607,0.4124361895671445,0.0018503301299758537,0.027757135314578706,0.027077430429693926
163,0.1327597573957792,0.8127707108537212,0.026586211965114175,0.014209655352979163,0.013673664432406215
164,0.08549916882142561,0.8260876688807207,0.07662247432972762,0.0024992846382498267,0.00929140332987628
165,0.030640229118885795,0.9239701662136173,0.03992176079869994,0.00265670852381429,0.0028111353449828086
166,0.03186467553798423,0.9405595996389153,0.020414525923982907,0.004320216318200803,0.002840982580916642
167,0.010187219022716939,0.9234232263998722,0.0635769818629016,0.0009391887903377974,0.001873383924171376
168,0.002433222629754275,0.37685268892621065,0.6189288422365419,0.0005323727301047661,0.0012528734773884398
169,0.007651596496038543,0.4724491588227489,0.5168529691172242,0.0010811887364842669,0.0019650868275039625
170,0.003613726547099729,0.4030365584797559,0.5902360013794223,0.0005082971519849406,0.0026054164417373066
171,0.0009252141212623598,0.23698328002784125,0.7613029666510234,0.00013764254701992525,0.0006508966528530441
172,0.0006814812441289614,0.1407308581479792,0.8580419047473602,0.00010127042625597865,0.0004444854342756179
173,0.0011040436503708193,0.10174427159268913,0.8963671237693509,0.00010128901820406736,0.0006832719693850812
174,0.0003607459263081542,0.0797998138735496,0.9193605563876844,4.1615487648907366e-05,0.0004372683248091624
175,0.00029715357674343,0.07389960599273082,0.9253124424351572,7.65423618349535e-05,0.00041425563353376786
176,0.0001343213074476056,0.023832249923718914,0.97576552546136,4.1258553856687086e-05,0.00022664475361664513
177,7.127067051218247e-05,0.012604232750424105,0.9871362814017196,3.1284110053952104e-05,0.00015693106729006807
178,4.2032238259380704e-05,0.008198528411781836,0.9916147178234688,2.0081630430486718e-05,0.00012463989605963343
179,5.0624319301205324e-05,0.007997349460026915,0.9917424941266146,2.3368973019729273e-05,0.00018616312103755526
180,2.873326905616432e-05,0.0044114282648788665,0.9954017620774174,1.62257332471814e-05,0.0001418506554006573
181,4.7220266070402356e-05,0.004095488949252664,0.9957247111030906,1.2737867606914143e-05,0.00011984181397938034
182,2.7977559400023306e-05,0.002715502826194004,0.9970742546540966,1.3432844778286594e-05,0.00016883211553105496
183,1.797114293611549e-05,0.001954482564147761,0.9978990352878926,7.132938723691753e-06,0.0001213780662998011
184,2.766537825389946e-05,0.002269094095459488,0.9974722545710522,1.6811746020441286e-05,0.0002141742092140977
185,2.076723956447739e-05,0.002528439472214328,0.9973089120900791,1.0833394153060824e-05,0.0001310478039891211
186,0.0005116947907874509,0.03792488656782794,0.9598824320119069,9.186563605524935e-05,0.001589120993422297
187,0.0002777249746049759,0.03054309666529941,0.9686073222512679,6.401443221636278e-05,0.0005078416766112165
188,4.6291899959891645e-05,0.00850639201894452,0.9912932986533614,1.663370230644028e-05,0.00013738372542802856
189,6.388063449100396e-05,0.007149618039298772,0.9926409271403815,1.5477681278189334e-05,0.00013009650455035078
190,8.616070729824005e-05,0.00768135566511898,0.992047763667458,2.2559752647063646e-05,0.00016216020747798402
191,1.6485030529436694e-05,0.00430049106073121,0.9955783148412358,9.9044916989769e-06,9.48045758043825e-05
192,2.512861028723122e-05,0.00568453973837044,0.9941744833456891,1.0145151598079444e-05,0.00010570315405517248
193,2.8287668462010014e-05,0.0028728348967503496,0.9969959876160241,1.0911974370555131e-05,9.197784439281949e-05
194,3.467603632989228e-05,0.0030861355888568255,0.9966697359594947,2.7269939297382895e-05,0.00018218247602133942
195,1.56724772405336e-05,0.002033972492883631,0.9978658521979916,7.71454296640625e-06,7.678828891768254e-05
196,3.1570459941253924e-05,0.002833619239358677,0.9969454233505736,1.2542642499842422e-05,0.00017684430762667013
197,1.6081469523526616e-05,0.001504251340022397,0.9982937849465637,1.2477883274273978e-05,0.00017340436061615854
198,2.4608654798762347e-05,0.0025976459314396034,0.997143037081423,1.03779670505258e-05,0.0002243303652879925
199,2.0054805544401997e-05,0.0041896832589012195,0.9955916504287033,7.6754364652516e-06,0.0001909360703858341
200,2.642288495159477e-05,0.0035153637415663653,0.9962979903413828,9.512652804260784e-06,0.00015071037929488163
201,3.596513082574504e-05,0.0035667463219694394,0.9962198157856934,8.913940123919413e-06,0.0001685588213875555
202,3.3562862707573634e-05,0.003237495546114057,0.9964352684382647,1.5837415982275804e-05,0.00027783573693139957
203,2.910909788172241e-05,0.0024388319494827297,0.9972276128122426,1.2785123987367106e-05,0.0002916610164054487
204,2.1015117902045706e-05,0.002247757604300482,0.9975339390883287,8.996748211061943e-06,0.00018829144125762456
205,2.4858096129579494e-05,0.002616789449069158,0.9968612574368989,1.2517735579396866e-05,0.0004845772823230453
206,2.2013200804701105e-05,0.002356344935945739,0.9972817140372111,1.0787563035104618e-05,0.00032914026300333977
207,2.5915680963807913e-05,0.0017003252253866453,0.997999783254199,1.1004515201598775e-05,0.00026297132424888585
208,3.1365093743233244e-05,0.001994619568198158,0.9977528994600716,6.723972434045719e-06,0.00021439190555304298
209,2.0775499850481972e-05,0.001902847992019368,0.9979335708033695,5.250894933360014e-06,0.0001375548098271617
210,3.396712644478486e-05,0.002238463150040046,0.9973047932618533,1.6081548894137256e-05,0.0004066949127677818
211,2.679885119750838e-05,0.001525715907971035,0.9981513703718464,1.4360887036990337e-05,0.0002817539819480273
212,2.5173517061727084e-05,0.001957959876371332,0.9977589392663954,8.20967922814259e-06,0.0002497176609432792
213,1.8890203219633166e-05,0.0021314786396044202,0.9976250583935514,1.0947118885667346e-05,0.00021362564473884535
214,3.146423572060922e-05,0.003112146198382728,0.9965323128996028,1.4710053457210089e-05,0.00030936661283663484
215,2.9045618005240428e-05,0.0030536328006449728,0.99673706029229,1.0367945056410835e-05,0.0001698933440034766
216,2.564432581934634e-05,0.0030704961187236575,0.9967042628158216,1.1830410751558163e-05,0.000187766328883781
217,4.463624607147674e-05,0.005304306345519268,0.9943911961200173,1.875678054493967e-05,0.00024110450784698047
218,4.07963178081397e-05,0.003834412823906886,0.9957130203306687,1.6354478530553632e-05,0.0003954160490858073
219,1.7341018622400285e-05,0.001988842864633751,0.9978029969000147,1.0669717614728145e-05,0.0001801494991144274
220,3.563628618123469e-05,0.0028028914156980143,0.9968765408873155,1.069218113927285e-05,0.00027423922966589173
221,2.5633660957750066e-05,0.002416809847670096,0.9973599778490585,7.324387839326225e-06,0.0001902542544745517
222,2.3432876142311657e-05,0.0017685341391912533,0.9979361817091609,1.011187133199109e-05,0.0002617394041736338
223,2.5826144902955428e-05,0.002445330486554033,0.9972221615216882,1.1951453548331761e-05,0.0002947303933064758
224,2.6350756531404722e-05,0.0014124671585723936,0.9981831697674745,1.251332993251806e-05,0.0003654989874892602
225,2.5774617453447313e-05,0.0023299828706323748,0.9973473615702757,1.0331455228799865e-05,0.0002865494864097519
226,4.315714935181303e-05,0.0028685177290651426,0.996666803744749,2.486430465072496e-05,0.00039665707218316165
227,4.23407353822059e-05,0.003276956642715135,0.9963158459721266,1.0186941355889718e-05,0.00035466970842011413
228,2.3219131815578275e-05,0.00253192533421164,0.9972444104005943,9.393982380165665e-06,0.00019105115099828413
229,4.307727522525597e-05,0.0028172922012927085,0.9968787553918342,1.2627897124304423e-05,0.00024824723452331136
230,2.866564252604826e-05,0.001954996711569199,0.9978792079569095,7.641548171576384e-06,0.00012948814082356101
231,3.8798431733491416e-05,0.002412660876959723,0.9973056321828564,1.414490549353916e-05,0.00022876360295681432
232,4.7173016019416666e-05,0.0031384350350161256,0.9964820684471845,2.4092188312727227e-05,0.0003082313134671236
233,3.879388549958638e-05,0.0036707145193135035,0.9960932161527796,9.974182955943841e-06,0.00018730125945145589
234,2.529027859377294e-05,0.0027296713283467043,0.9970434672328886,7.969118919395726e-06,0.0001936020412515409
235,2.018884177383664e-05,0.0022242965125435325,0.9975692370289787,9.848789581485558e-06,0.0001764288271223754
236,3.275640601573175e-05,0.0017200254053091146,0.997911421294028,1.1482931552128524e-05,0.00032431396309503516
237,3.7930808791265946e-05,0.003965848975664798,0.9957219966751601,1.3233199489866102e-05,0.00026099034089398227
238,3.099591436913229e-05,0.0020981508059984186,0.9975795334517308,1.3735348131919732e-05,0.000277584479769755
239,3.0208121243495088e-05,0.0035456071440491794,0.9961255080828086,9.552964976217847e-06,0.00028912368692253905
240,3.3915412490373025e-05,0.004101011810827152,0.9955503778635322,1.1886476235972527e-05,0.00030280843691436374
241,3.44122496967904e-05,0.0027431834758183137,0.99682549293525,1.2602118931078982e-05,0.0003843092203037903
242,2.634285467439784e-05,0.0022997606458618216,0.9972820470483453,1.0926852302737116e-05,0.00038092259881574234
243,2.750426032118133e-05,0.0026292017949203954,0.9971002826586742,8.259956189753371e-06,0.00023475132989449096
244,5.245294756898559e-05,0.003783298649923471,0.9956660608829645,1.927666709747417e-05,0.0004789108524454847
245,6.264879181733082e-05,0.0023891720734448363,0.9969950877373036,4.251277133510679e-05,0.0005105786260988265
246,6.5757813435192e-05,0.0024486288674735036,0.996910610143396,2.7496948207991155e-05,0.0005475062274875867
247,0.00011450095905839061,0.004224028570808947,0.9947945631362577,8.766449530684016e-05,0.0007792428385682655
248,0.00027508947306469496,0.007567114831216978,0.9909398226038045,0.00012167787481406145,0.0010962952170998157
249,0.000529362235693332,0.025006114209611137,0.9725101168120084,0.0003225369187194447,0.0016318698239676554
250,0.031691715419327346,0.033360612821074165,0.015499650273963729,0.0018641555251237797,0.9175838659605109
251,0.19172244202185706,0.617920850742581,0.1743460936197324,0.003750042488079707,0.012260571127749847
252,0.06723756769044248,0.8459677934183332,0.07058732670796154,0.002140008590548427,0.014067303592714346
253,0.07054102151545451,0.8302583443168228,0.08361217588823823,0.004644018274893746,0.010944440004590578
254,0.028330237537536197,0.9289779591382765,0.015751931660440262,0.021105397157509892,0.005834474506237273
255,0.01673551376388324,0.873587630393677,0.06801828582300132,0.037027801743461174,0.004630768275977204
256,0.029476788127955716,0.9365445807057977,0.0077592852006216255,0.019427102165222747,0.006792243800402098
257,0.012310799338884033,0.9056868481992069,0.04396259712279466,0.034451846593285075,0.003587908745829243
258,0.060850044117579126,0.7258299340970944,0.0038571019152954635,0.19839691559716507,0.011066004272865996
259,0.16759586510903832,0.5924395607218964,0.009031344713683512,0.21343920765196156,0.017494021803420027
260,0.19609958043309517,0.5733143838889208,0.004919805317868535,0.21315487065666006,0.012511359703455335
261,0.11996378879610978,0.7839226897383099,0.01071185475296718,0.07564650325693095,0.009755163455682211
262,0.027524453872456663,0.8761361842798597,0.0460693901453661,0.04456450664976235,0.005705465052555221
263,0.03337298274774423,0.8975272684490122,0.018294175226026783,0.046055880336378446,0.004749693240838355
264,0.23353291425416733,0.6140502254293599,0.0032780455761951674,0.10276054610328512,0.04637826863699248
265,0.07145598897434258,0.8297039943563091,0.003998361360121437,0.08385879342406471,0.010982861885162055
266,0.07692355338206673,0.8414100596724968,0.0066185559709898215,0.06740204190389777,0.007645789070548985
267,0.0474611547373518,0.9120200379720762,0.009202667760302347,0.026275396270125265,0.005040743260144245
268,0.030600564583181614,0.9298773949080442,0.00821581699775472,0.02710611886611486,0.004200104644904689
269,0.15346770222557735,0.7136474400076653,0.0010593203503763487,0.10767735520608106,0.024148182210300028
270,0.05588501390658258,0.8771329891642176,0.01317518387963836,0.046787858471109556,0.007018954578451794
271,0.10958208839993563,0.6628198558750579,0.0013304549054878228,0.20728704076748472,0.018980560052033846
272,0.17585485492407038,0.41300998350588847,0.000578217369801565,0.3913737659084256,0.019183178291814065
273,0.07156448968483994,0.7333325352127121,0.0009410746180394452,0.1839524708360481,0.01020942964836043
274,0.14786073746083384,0.4479309123024993,0.00023910574660418042,0.3598047968237209,0.04416444766634172
275,0.18652757541724382,0.43526100304239645,0.000157658178709166,0.3145668629078449,0.0634869004538057
276,0.07018157918174361,0.7662799960268233,0.0006779654584587348,0.15327753374019965,0.00958292559277463
277,0.10530622179654614,0.7576689546465947,0.0006763505619685003,0.12738522661396132,0.008963246380929308
278,0.08975940229557329,0.7375106701048885,0.001374481997790888,0.14852293054883645,0.022832515052911014
279,0.10678684558034951,0.7833919165930968,0.0014176697707436376,0.09752234317297241,0.010881224882837555
280,0.11140798020430191,0.775935025661754,0.0006938337971332332,0.0997732879814991,0.012189872355311727
281,0.08774139084485841,0.8258201623868305,0.0027915989169292935,0.07213575729109513,0.011511090560286562
282,0.06036557557950956,0.8512187022818218,0.0035002660123664518,0.08111582825571696,0.0037996278705849512
283,0.09343312521925629,0.6802044180698921,0.004977598795445274,0.20185169616305257,0.01953316175235374
284,0.033432277789115596,0.8915078031251107,0.003259622175855317,0.06549238102829166,0.006307915881626874
285,0.003424841029403324,0.9509018336627955,0.011171223529843465,0.03280160810842064,0.001700493669537176
286,0.05211613875977342,0.6147560963788394,0.005508499858352459,0.2916947655946014,0.035924499408433244
287,0.05901638063127407,0.03482467331841978,5.97980271482897e-05,0.5601037808798519,0.3459953671433059
288,0.15679971846095558,0.06099279565973733,5.7589858123796136e-05,0.6549441564184572,0.12720573960272613
289,0.28764605236055113,0.46107359375775303,0.0005017816906936527,0.13493839422998352,0.1158401779610185
290,0.015208426624867339,0.01912182550919406,3.072121764257509e-05,0.04848979732103031,0.9171492293272657
291,0.009659712776302355,0.004680687012144106,0.0017513374792201438,0.0054671849882077855,0.9784410777441256
292,0.02725842954571177,0.025997419579105948,0.00016010962709034801,0.021448954517597544,0.9251350867304944
293,0.0017493772729660175,0.0028398550086934232,3.6500317695011675e-05,0.0033969253749748375,0.9919773420256706
294,0.0009508273129558649,0.0010499847099264931,7.699531489186477e-05,0.0007014023940585617,0.9972207902681672
295,0.0012232014777871904,0.0030895099579078527,4.808483990990238e-05,0.0007989536087229436,0.9948402501156721
296,0.023340261161319268,0.016390569336902052,0.02128569329839957,0.005123145166622563,0.9338603310367566
297,0.009066275211000188,0.008034559049073136,0.0038057180646843725,0.014128268057388075,0.9649651796178543
298,0.0005558070547668925,0.0011146263496382308,0.00016891720040144507,0.004424195415717179,0.9937364539794763
299,0.003520710579771533,0.001564130381710369,6.834180470068237e-05,0.010283794223415245,0.9845630230104021
300,0.0004993329006246981,0.0009083595831837785,5.462093695092161e-06,0.0006105786924052353,0.9979762667300912
301,0.0017989110245461729,0.0011776853606823012,1.777168367299563e-05,0.00019482967885330128,0.9968108022522452
302,0.005431889221829353,0.006800048328755579,0.00030092702597823095,0.0002857919669995583,0.9871813434564374
303,0.0020224584757108526,0.0014859650452678675,2.47270611245573e-05,0.0005177682355823203,0.9959490811823144
304,0.0024422167957581114,0.0016772538520938025,3.3074320074860844e-05,0.0007140874049351919,0.9951333676271381
305,0.006532462069301389,0.0028342731510362664,7.581384677113134e-05,0.001879390842170155,0.988678060090721
306,0.001249447273489308,0.000699217209623813,5.657479384315329e-05,0.0002341759500230153,0.9977605847730207
307,0.008253224392953607,0.0016776818413052155,3.916709248987881e-05,0.0011385074013711934,0.9888914192718802
308,0.0017454182582028366,0.0017540165591004527,0.0002928093392149886,0.00015163903551019194,0.9960561168079715
309,0.004243434505827097,0.0008204566395239828,5.425846218024905e-06,0.000560759175317629,0.9943699238331132
310,0.004938926256884766,0.0008178573831268854,9.286599232069003e-06,0.0006268980236918746,0.9936070317370645
311,0.00969849639594203,0.0011903904406039825,1.1524831292476365e-05,0.0014493348512958108,0.9876502534808658
312,0.046606121101298394,0.006760923156226658,4.8377094942238995e-05,0.006345569098176896,0.9402390095493559
313,0.012421060206110324,0.0037627789819014777,6.720235614663559e-05,0.002879185944311182,0.9808697725115304
314,0.003545811748412378,0.0018419763495032876,8.861928704151736e-05,0.0014666370495369885,0.9930569555655058
315,0.3108359538304734,0.028260675704948036,8.46469295269715e-05,0.05909042985926757,0.6017282936757841
316,0.08936938812443904,0.010106903943744243,5.218805314315452e-05,0.037801221326347854,0.8626702985523256
317,0.5432902884284432,0.06287564942401898,0.0001892949094411445,0.16844147848569166,0.22520328875240503
318,0.028327510892895057,0.021395013309302394,0.00046648685730521055,0.031816287675692424,0.917994701264805
319,0.012076586262096591,0.004972094500195247,3.3978556164888793e-05,0.03229729869863313,0.9506200419829102
320,0.4614130924596737,0.0495228101504472,0.00012065039451516373,0.25532898506976537,0.23361446192559862
321,0.48701319942721705,0.07390245110091505,0.00012718388858570627,0.3707813002227164,0.06817586536056582
322,0.4947738333028119,0.06346623190221294,0.00011764654402102738,0.34560847003636536,0.0960338182145888
323,0.14435276051521703,0.09061063499970953,0.00011813957862671447,0.23745355790476189,0.5274649070016848
324,0.4173130040970052,0.09389967727924993,0.0001465624725610984,0.4106861788487228,0.07795457730246082
325,0.36387231146826116,0.10779936768777373,9.48092852760665e-05,0.4230849713013546,0.10514854025733447
326,0.1968527818038742,0.4569050141835132,0.00030532639752564253,0.2848379726203489,0.06109890499473807
327,0.23684989900771847,0.05988765466877739,9.602967830067459e-05,0.5750432101065979,0.12812320653860562
328,0.06485820859386303,0.07816698804410062,9.542021066768724e-05,0.22214600028133372,0.6347333828700349
329,0.16133787267708222,0.021295690605035514,4.8674354581064294e-05,0.2171385124510159,0.6001792499122853
330,0.5432542305343449,0.059313599983221374,7.525361482018404e-05,0.3139482908432317,0.08340862502438182
331,0.4871800664709121,0.13168231273473432,0.00010087786468232984,0.31518192549450774,0.06585481743516353
332,0.46744298572914106,0.07415353077791507,0.0001459556658660889,0.40989304937663645,0.048364478450441444
333,0.19983652787592335,0.37401802589901856,0.000344296711764055,0.3876130219197774,0.03818812759351664
334,0.4356782840362555,0.1527678152741761,0.000273923247013593,0.39601496578075734,0.015265011661797384
335,0.04654194004448856,0.8847568381924581,0.010794596836685693,0.046491773487143666,0.011414851439224181
336,0.1732063013248042,0.45628708329375134,0.0024538804146867336,0.3213434135989188,0.046709321367839014
337,0.08613458657211064,0.8246034977914354,0.008413134316279986,0.0653282282541411,0.015520553066032746
338,0.2710741536439084,0.24139283089068894,0.027120581441953485,0.03305418811191636,0.4273582459115328
339,0.41198178253028633,0.19575587632457667,0.002003890683444811,0.30382930158905475,0.08642914887263725
340,0.06863445225590385,0.3192215470600628,0.06982079787784529,0.011441523725403129,0.530881679080785
341,0.006756354487008584,0.0027312963759198454,0.003092782647688162,0.002581071862607791,0.9848384946267756
342,0.03724988327194666,0.012170505055902935,0.00021187942884478048,0.006773031584133652,0.943594700659172
343,0.7910538652702004,0.057937117818634434,0.0012666597262839692,0.06384607605452974,0.0858962811303512
344,0.5853595111075822,0.13569351402350244,0.0003239547047775736,0.0571860562742653,0.22143696388987244
345,0.16819601428049952,0.5668444023404757,0.0022430240277408735,0.1382466982160498,0.12446986113523403
346,0.17267160404703322,0.24770131199443848,0.0007612722895863986,0.5346029953593604,0.044262816309581544
347,0.15930460601996704,0.17997681737418048,0.000825084567093354,0.4828450161400959,0.17704847589866315
348,0.11095218264011104,0.2779042356524418,0.000727106397604733,0.5558796000166427,0.054536875293199734
349,0.046859812618102833,0.8180043666993986,0.001518179490105484,0.1197310403557439,0.01388660083664916
350,0.19838078431107764,0.04346086618336815,0.00017512450424723067,0.46324580019888734,0.2947374248024197
351,0.33226276401630367,0.08121727913689243,9.999229200047335e-05,0.5692203554274431,0.01719960912736029
352,0.3033310154347426,0.24286153836040394,0.0004212692485244912,0.44498900615299325,0.0083971708033359
353,0.16113513674223365,0.6821706976959311,0.002254538335927278,0.10522990555138363,0.04920972167452457
354,0.37149963292346944,0.1549057024415375,0.00020780071013260404,0.4516618431797965,0.021725020745063998
355,0.06293106815236897,0.8437193006091831,0.0007665071757974336,0.08537455812060477,0.007208565942045849
356,0.07249481800873495,0.8445111204787961,0.0026893723887380905,0.06543257604224774,0.014872113081483193
357,0.02796890334374251,0.9375784703618408,0.0014761270180250112,0.028964090729974166,0.004012408546417746
358,0.0071490840726841825,0.9727873472688834,0.0038909966301204114,0.014856515485406901,0.001316056542905184
359,0.0030722709109984557,0.9857229957324165,0.004765050648690609,0.005143841784035827,0.00129584092385864
360,0.22723124795251334,0.5364683389985244,0.0006338715649458519,0.18667881453476215,0.04898772694925429
361,0.021361848229042493,0.933772850123024,0.003930640624468696,0.03664519752681157,0.004289463496653253
362,0.20418174444017798,0.2567689659972727,0.0003154712535348252,0.5201312773693731,0.018602540939641293
363,0.0942574370338041,0.39786454881576944,0.0005170322895913849,0.5017275464625622,0.005633435398272973
364,0.07659027798619171,0.18528355354407683,0.0006769920599835047,0.7342234860691045,0.0032256903406435566
365,0.04398457214617835,0.34906920138191305,0.0010878996332237133,0.6032925873055051,0.0025657395331798605
366,0.031511625440966896,0.0374634657867957,0.00014423737857997048,0.9278586561292673,0.0030220152643900687
367,0.027516182244484544,0.039854021685233165,0.00021971428860775475,0.9296591229410541,0.0027509588406203493
