epoch,N1,N2,N3,R,W
0,1.0065054417374658e-05,4.161884712996213e-06,1.031241397343552e-05,1.2466196894353101e-06,0.9999742140272069
1,0.00012239396133518837,1.1177949461254482e-05,1.267022277458045e-07,7.700783847484878e-06,0.9998586006031284
2,2.015150809166851e-05,1.2834043708757155e-05,2.908918360474965e-06,3.720654363610138e-06,0.9999603848754756
3,0.0006336299468913498,3.155498863138836e-05,2.749174960784872e-07,6.457633329458684e-06,0.9993280825136518
4,0.002731538403882785,4.0095139496781004e-05,3.95290292186586e-06,1.5137292775349507e-05,0.9972092762609233
5,0.0031267454841376057,3.651342599417645e-05,1.1409585134690057e-05,2.2909422482064826e-05,0.9968024220822513
6,0.0017526353562864045,0.00010894715966430683,3.692035254344749e-05,1.7366438915298488e-05,0.9980841306925905
7,0.0010348032480199509,4.290422911816042e-05,8.632948554996385e-07,0.00015406662744642174,0.99876736260056
8,0.0016661946220982067,4.427411536794133e-05,2.0840374353486233e-06,3.1138029940199204e-05,0.9982563091951584
9,0.008304311116067241,5.402896476991001e-05,1.0480936686159978e-06,3.2224256922368256e-05,0.991608387568572
10,0.011840094348009146,0.00025986520124153284,2.0493633049971963e-06,0.00017726262793583768,0.9877207284595084
11,0.02983648136415844,0.00012440112897030503,1.8965905747534137e-06,4.8303522009576164e-05,0.969988917394287
12,0.006737258912341217,8.253380245825542e-05,4.754907811399384e-07,3.1291708988604305e-05,0.9931484400854307
13,0.1731442603130671,0.0006507104259239052,2.785494519632539e-06,0.00040518645166322546,0.8257970573148261
14,0.3952708014410972,0.0018552955506811527,2.329300285355832e-05,0.0011432577676415028,0.6017073522377266
15,0.4096351749482365,0.0032622839313998127,1.2396349601045173e-05,0.0019404175143509993,0.5851497272564117
16,0.5189530716645167,0.018799584368262602,1.6346094174882555e-05,0.004114856882525971,0.4581161409905199
17,0.740886166542645,0.012794064932120704,3.708484942170093e-05,0.035150289982236876,0.2111323936935756
18,0.533299803125514,0.027856960666673387,5.090044213207057e-05,0.1876704309099797,0.25112190485570096
19,0.33529746901743174,0.05145767076966674,0.00011928299106375657,0.3424407740278573,0.27068480319398036
20,0.17047565521792218,0.09299697889411841,0.00046106713240420686,0.5519023236871707,0.18416397506838444
21,0.16764937166268973,0.05929150365898423,0.00012732129469709462,0.4721945770710202,0.3007372263126087
22,0.1496685167092063,0.19588864416732982,0.000906062573552478,0.20705831532547667,0.44647846122443474
23,0.17195551877389423,0.3495607315269424,0.0022815847441441913,0.38471413604433635,0.09148802891068293
24,0.2547528970602682,0.27084094960329935,0.001822163453173831,0.3591844407394124,0.11339954914384619
25,0.1902179375295853,0.16008546523780126,0.0013388841358884852,0.5766019012363579,0.0717558118603669
26,0.20160661747064446,0.3776873974067662,0.0024279241479461537,0.3795261745914378,0.038751886383205446
27,0.25481347665343795,0.5401907278642385,0.004760393159923973,0.16307571046761038,0.03715969185478907
28,0.20254320846126012,0.7070525750873483,0.0028098414874626974,0.0688975971452366,0.01869677781869224
29,0.023594463411921493,0.9628052922834484,0.0036576670426509187,0.005938362671623559,0.004004214590355816
30,0.10858170356902877,0.8687946585041416,0.0029742624048446605,0.009044951512662271,0.010604424009322645
31,0.061341920268770715,0.9232926601384464,0.003681057764128346,0.004764909629091308,0.006919452199563137
32,0.05592848830943906,0.9300139591601974,0.008085442612715004,0.0012817843671363073,0.004690325550512358
33,0.00257260206462261,0.9269612115728263,0.06803960725148482,0.0001854565689400754,0.0022411225421262036
34,0.023448652808840283,0.9459862575198348,0.023993559254219997,0.0007608019042698419,0.005810728512835056
35,0.005582242492715407,0.9257480250097764,0.06479755807573372,0.0003381116336339458,0.0035340627881407867
36,0.0016985949544945755,0.8545730952478103,0.13888007045214187,0.00010241728083655256,0.004745822064716802
37,0.0019026190783323954,0.8050468042041038,0.1897629778616147,9.229705073585685e-05,0.0031953018052132093
38,0.0016951350123842281,0.647447653941375,0.3463361635959079,5.6939440742308845e-05,0.004464108009590392
39,0.002467284870336033,0.6808219066088771,0.3119795459005713,0.00019111369433758347,0.004540148925877908
40,0.0012411907136561967,0.6387558466048462,0.35735102206325325,0.00010809459196386992,0.0025438460262807413
41,0.0008140883286541059,0.6978148216449872,0.2985916302956271,5.822672837914215e-05,0.0027212330023523535
42,0.0019093947826022664,0.7182223818660589,0.275326382373436,5.71700826486303e-05,0.004484670895254166
43,0.0005105152179892086,0.6172678190364526,0.38052555219616063,2.854543576701235e-05,0.0016675681136306656
44,0.00034012271373980624,0.3851457127968626,0.6130882185731904,2.2590471400984493e-05,0.0014033554448061004
45,0.00011920180965535052,0.14468952971740878,0.8540225494182957,8.30209146458676e-06,0.001160416963175641
46,5.742245061853604e-05,0.10376527922579531,0.8952622426375828,3.819303869898557e-06,0.0009112363821334934
47,0.00021146093056955854,0.2275947679552302,0.7694866294645692,2.2262369988646594e-05,0.0026848792796424015
48,0.00013476714745152112,0.09745782438379771,0.899881619053485,9.86951903150568e-06,0.0025159198962342462
49,0.00012122449622293932,0.2739957116389208,0.7231853881958256,9.143050258363937e-06,0.0026885326187722765
50,0.0002460182577679378,0.2402164372474351,0.7573272558268195,8.434695536944296e-06,0.0022018539724404894
51,5.7935106697807775e-05,0.0579620655215529,0.939265125995494,6.891080718111237e-06,0.0027079822955372703
52,0.00023194916095218806,0.33734735755912065,0.6604124534532814,2.3731643326981917e-05,0.001984508183318865
53,3.470398650856783e-05,0.05184236052921716,0.9435878013625607,8.181111263788605e-06,0.004526953010449615
54,0.00016876245718653945,0.18579800414288872,0.8113775257951584,8.807997040206504e-06,0.002646899607726139
55,0.00010128457818468409,0.3192537880545566,0.678402971541278,1.1721570665698966e-05,0.002230234255314813
56,0.00015376457283578583,0.21525729509305033,0.7828415755572412,7.426764968245841e-06,0.0017399380119044738
57,0.0003619891489057843,0.3581865396202374,0.636156013360004,1.84763460159895e-05,0.005276981524836714
58,2.492733473104355e-05,0.021543739187201677,0.9771603091815078,1.6517566889727032e-06,0.001269372539870589
59,0.0001694511794689967,0.14377488760208693,0.8533808002365547,6.224311214043688e-06,0.0026686366706752305
60,4.607953182835333e-05,0.05494756097588321,0.9434035970005027,3.0172642933205256e-06,0.0015997452274923469
61,0.00010690065129725667,0.21039688658784048,0.7870044326606035,5.14901372196481e-06,0.002486631086536847
62,7.127643953296734e-05,0.18467668199597398,0.8134367376103715,4.3896351049986245e-06,0.0018109143190165038
63,5.22783580694868e-05,0.08072495151512678,0.9179767211089789,3.3166125542605225e-06,0.0012427324052705253
64,5.819584605030869e-05,0.2092921922387483,0.7884281190645497,7.770406643704337e-06,0.0022137224440079767
65,8.515952626551339e-05,0.14009698721064617,0.8580229138489184,9.476104312867547e-06,0.0017854633098572609
66,0.00018063787069503754,0.2620614613599495,0.7341487683792748,1.4062108219259646e-05,0.0035950702818614666
67,4.273902581974625e-05,0.022094517481686376,0.9763091392474874,2.8928393953873604e-06,0.0015507114056108851
68,4.894418117221108e-05,0.04577584637199265,0.9520747549530213,3.915882275740298e-06,0.002096538611538125
69,0.0001427383384803741,0.12415690357688931,0.8731321529435907,2.0588754498164595e-05,0.0025476163865415084
70,0.0003626337418421924,0.16684727085871723,0.8277748053996811,8.191275156929795e-05,0.004933377248190192
71,0.00012189683668722341,0.08814067447879723,0.909388384417061,3.507199882386731e-05,0.002313972268630724
72,0.011523947548773917,0.3110710862357258,0.4901876602954193,0.0003136108338679498,0.18690369508621305
73,0.03524690091790748,0.09271913794424504,0.0030129483079404068,0.0006429020021192711,0.8683781108277878
74,0.08201459909860373,0.05925986671062012,0.0007024024609169287,0.0010288531640767797,0.8569942785657825
75,0.2889021899487035,0.3728814841991871,0.004329211040433002,0.0012770111337186809,0.3326101036779578
76,0.40282132249583574,0.3748187722625918,0.005453690065279207,0.003730910964768656,0.2131753042115246
77,0.3165265746633826,0.5478132667857221,0.0043657056968731235,0.0028516882514391,0.12844276460258322
78,0.25402265027187443,0.7135907216738315,0.0053840176598439395,0.0014382221768714238,0.02556438821757879
79,0.07270731585202017,0.8667101243237011,0.008433718692454783,0.0009915648391081613,0.05115727629271581
80,0.20440072437147339,0.7320826183511386,0.018989612060029668,0.004242323008731527,0.04028472220862672
81,0.14995753288567995,0.8062721616479511,0.011644627141571749,0.002529083099984765,0.02959659522481228
82,0.03700385906183323,0.9215936015511047,0.028511917988807152,0.0006930350624781852,0.012197586335776627
83,0.02208345933858439,0.908619998493262,0.04618315449118196,0.0008607494751190773,0.02225263820185241
84,0.008767209575024996,0.026647918497229115,0.004656259178180168,0.00011611955152550452,0.9598124931980402
85,0.006036576409456333,0.006432788266209227,0.0008895327043897049,3.4712811401537786e-05,0.9866063898085432
86,0.7803201571649665,0.18005014363186464,0.0023383277516594455,0.00044042857465823395,0.03685094287685122
87,0.49400382180840313,0.48891705369496236,0.0034055938820180182,0.00027635208227018464,0.013397178532346357
88,0.17037973186306268,0.8082901532276594,0.015140896289272175,0.000464506220122757,0.005724712399883157
89,0.005931943915182621,0.9518200480329891,0.039137111088133704,0.0005265818267406935,0.0025843151369537858
90,0.005945861384927017,0.9275191815031827,0.06330001847285754,0.0005884878617655966,0.002646450777267133
91,0.0020646696624948453,0.8528087298356669,0.14257275915540665,0.00033640896704238216,0.0022174323793891656
92,0.0021818585876431248,0.8189372019747015,0.17559608737751317,0.00030413847723257027,0.0029807135829095794
93,0.0030679217151231963,0.8328819025547977,0.16113708438540658,0.0003917254186016929,0.0025213659260706635
94,0.0019721092264256878,0.645489709876049,0.3496995258078004,0.0003424558944158746,0.00249619919530908
95,0.0020108071232598757,0.7205384790045004,0.2737452797524932,0.0003210179288093566,0.003384416190937081
96,0.0011962896134495747,0.7745788673564161,0.22025291451624104,0.0003329425548256958,0.0036389859590674825
97,0.00030629414879943483,0.27123852642193325,0.7231114785469157,0.0001228251378303747,0.005220875744521221
98,0.0032646223005083617,0.5528521133521667,0.41730204651159813,0.0008147521544238899,0.025766465681302825
99,0.052449793728017655,0.1443152580693337,0.004761956933546894,0.0009273077805180557,0.7975456834885838
100,0.15842348245492294,0.42542188917925794,0.0063725295298415275,0.0008180123699741957,0.40896408646600335
101,0.41545157474429123,0.4939715161086579,0.0068634433478726165,0.0016046445271395103,0.08210882127203885
102,0.16429896689475715,0.7779423050694781,0.016061323642406686,0.000489100393450999,0.04120830399990708
103,0.2913163387176316,0.6884856103165111,0.008995655440009022,0.0011311658444649129,0.01007122968138347
104,0.01761012705433764,0.8546260085746092,0.12354705404445933,0.000919625153226348,0.0032971851733674382
105,0.03122585936476109,0.9290898270247171,0.0345077206185076,0.0014186181253346324,0.0037579748666798168
106,0.0038989435718885233,0.9235281923282269,0.07016771388373548,0.0006433985428024024,0.0017617516733468843
107,0.003261898164137556,0.8335629991388465,0.16018538492056486,0.0005034853647897451,0.0024862324116613297
108,0.0013293663907976351,0.8460613050399777,0.15070863975346388,0.00024940652863838565,0.0016512822871226907
109,0.003945990596047599,0.8707203618765964,0.12275117298583747,0.0004741578503369323,0.0021083166911815606
110,0.00061539056274743,0.4177380205719365,0.5808441733922239,0.00015419754284086738,0.0006482179302511918
111,0.0017744537579713864,0.6010676396631622,0.39494362154407187,0.0005085805969828204,0.0017057044378118035
112,0.0004699178505015871,0.4085358954495274,0.5896002151585215,0.00021671556292457913,0.001177255978525006
113,0.00025926580562513936,0.45480014601586555,0.5440208024123403,8.133396495093014e-05,0.0008384518012180372
114,0.00012767735230688536,0.1289388300139262,0.8698929630713368,4.9647793588004726e-05,0.0009908817688420663
115,0.0021310727103784587,0.402785431537735,0.5898406058763299,0.001179744603896847,0.004063145271659732
116,0.00041275612391492104,0.41487786913987723,0.5832150398955059,0.00014164551322925426,0.0013526893274726436
117,0.0062576757716141795,0.6308979928253746,0.35696340484461203,0.0009747639931153141,0.004906162565283792
118,0.0002599971615670221,0.28730644246852116,0.7093241242593243,0.00014863404109127527,0.002960802069496275
119,0.001320872873532242,0.46024818513291754,0.529726113523784,0.0005243342574212306,0.008180494212345048
120,0.0015285435930910444,0.4004803830057236,0.5916310010615843,0.0006081739041298177,0.005751898435471223
121,0.009686388790588892,0.01707067199097494,0.00374604606873688,0.0005570161803330322,0.9689398769693661
122,0.05729445743728808,0.7381348914259022,0.1165264962069504,0.0025892699233821255,0.08545488500647731
123,0.5136352685143926,0.4140895313109252,0.005850118859772148,0.006099981303632373,0.06032510001127775
124,0.20070657744567208,0.7787891187501041,0.005713588643248199,0.0013692755718039454,0.013421439589171507
125,0.0637242787279284,0.8939664032797786,0.017001695590152285,0.0055609956338882344,0.019746626768252427
126,0.05591570920058856,0.9082880169794068,0.019064560219885618,0.002997432366714278,0.013734281233405097
127,0.011856308057285717,0.9036096454405212,0.07437566050952332,0.003125290471698639,0.007033095520970989
128,0.13251784419896898,0.8432614737645892,0.012478952420785415,0.0023058712404966,0.009435858375159945
129,0.04340588908764923,0.9177306016053556,0.026686278119994765,0.0023199529249537483,0.009857278262046592
130,0.056197704888505284,0.9095298791265056,0.02972323076093933,0.0008392477178150611,0.0037099375062346934
131,0.017306942876743524,0.900694367837431,0.07827913785430918,0.000768662316842618,0.0029508891146737266
132,0.004971391573512713,0.8885080909924357,0.10336476317126621,0.0009422429715656403,0.0022135112912197823
133,0.0009883156010796856,0.8007667447976414,0.1968134712444382,0.00039060982514769023,0.0010408585316931196
134,0.00022956377235425768,0.5552694494253418,0.4428880397809327,0.00011487431929100744,0.001498072702080173
135,0.004113892143329205,0.6011417740494334,0.38987813424579715,0.0005141862103517628,0.004352013351088405
136,0.0021543694431343454,0.5262674036264067,0.4679007024010751,0.0009157679092912792,0.0027617566200924806
137,0.002376040905255104,0.6083004442275785,0.3840135548355412,0.0014354534175583839,0.003874506614066897
138,0.0019652014011988118,0.7880641469564499,0.20363514775920644,0.0005168736140010323,0.005818630269143781
139,0.012121517152660258,0.8614686345186163,0.11804708791095313,0.0024005882259489097,0.005962172191821503
140,0.0023581490188071923,0.7010697557890166,0.2913175317309674,0.0017208950137531775,0.0035336684474557806
141,0.0025428607783954597,0.8261587180997199,0.16353489295050175,0.0028876173204567656,0.0048759108509260915
142,0.005606316493901827,0.8804947517680943,0.09950232060937499,0.010810298707922902,0.0035863124207059192
143,0.022244291145281363,0.8338826614556236,0.046220635845253086,0.08968427670505186,0.007968134848790175
144,0.10862116956970977,0.6072657005435901,0.018678303360818164,0.25033668221981076,0.015098144306071204
145,0.07746018064965289,0.5806491280944882,0.005027055599888159,0.3310912492767961,0.005772386379174625
146,0.11507941300694814,0.22936327600360001,0.0019511899123048888,0.6344083276355409,0.019197793441606038
147,0.0683145517258848,0.19672870436268447,0.0006692934340467261,0.72830039383777,0.005987056639614055
148,0.12463324063198758,0.11217558870469317,0.0006496955544098807,0.6646676942737885,0.0978737808351209
149,0.1788477009502587,0.04098743234679568,0.0002102847658836148,0.7495166395143777,0.03043794242268414
150,0.09175653962755015,0.029577491712184253,0.0003691817971724871,0.8723367402883294,0.005960046574763809
151,0.2776880789366655,0.09474975695260937,0.0004662048031649638,0.6152698613318647,0.011826097975695678
152,0.13572335600725663,0.2794919434933849,0.0003486361295443434,0.5716649712276911,0.012771093142123095
153,0.06270583275413599,0.0830369891204067,0.00020763905983666302,0.843293535450721,0.01075600361489942
154,0.05978967323482796,0.08481897721424664,0.00024321006513151156,0.8423152887250179,0.01283285076077601
155,0.06879852822507641,0.06521455739455627,0.00013026833781232415,0.8513112883031875,0.014545357739367508
156,0.14256769508592543,0.11224711720657286,0.0004339382723270823,0.7224471663783004,0.022304083056874195
157,0.15250813765903762,0.05694911979532348,0.0001868698457825308,0.7751507253417736,0.015205147358082647
158,0.24706709457553622,0.10308435615040479,0.00021971444343006993,0.4261997858542057,0.2234290489764233
159,0.29214764569100304,0.0623994892409715,0.00021851761961679016,0.6058984239533414,0.039335923495067204
160,0.12126266400238297,0.025146416898929543,0.00021414874552716466,0.8211255099437974,0.03225126040936298
161,0.11834573214681555,0.020865548519981465,0.00015285999882575264,0.8170161446023766,0.043619714732000534
162,0.07687791622915625,0.014895124954073542,0.00011760101951093448,0.8856118924196685,0.02249746537759064
163,0.040754475892509946,0.033307200675025794,0.00027338458944879934,0.9005781952883689,0.025086743554646615
164,0.0136931605935317,0.013385253469444795,0.00013704689608983977,0.9680889250199033,0.004695614021030431
165,0.012694973248018195,0.012816632371719245,0.0001307812934637166,0.9690736246534273,0.005283988433371641
166,0.00541026056831997,0.008067882998919883,0.00025245728897879205,0.9787836655304505,0.00748573361333085
167,0.008495310597497054,0.010896210815005905,0.00019034897981038193,0.9690355365945252,0.011382593013161439
168,0.019136444100081182,0.008450603047549519,0.0001621206580223338,0.959900218391826,0.012350613802520864
169,0.023607917721651894,0.016457752498437825,0.00014218979691498027,0.9511155010549678,0.008676638928027409
170,0.014679169132672502,0.012225734792111262,0.00010699216154075993,0.9671847681247306,0.005803335788944818
171,0.021315282534869324,0.03428252385299992,0.0005759636049489613,0.9261755985578394,0.01765063144934229
172,0.02314082418343397,0.04132796977891821,0.0004543166772586988,0.9228042977731074,0.012272591587281636
173,0.010455554768135571,0.007491232286379975,6.499191001953347e-05,0.977312639872227,0.004675581163237999
174,0.010363792211315118,0.014644344184559257,0.00026466378701324873,0.9652878804880547,0.009439319329057576
175,0.011990366968290018,0.008335048094777458,5.507847421023168e-05,0.9731655756566122,0.0064539308061100755
176,0.011690702018103447,0.005716876976238942,3.817783984129632e-05,0.9776358331510432,0.004918410014773148
177,0.015460222741870358,0.00944431926402739,2.7297579729568665e-05,0.9672215333890086,0.007846627025363978
178,0.07017145107440102,0.02326505951837219,7.040610369228165e-05,0.8885845802589395,0.017908503044595032
179,0.06926806557509345,0.016592093768026412,5.582308229709401e-05,0.893630257299524,0.020453760275059123
180,0.07465203112190406,0.016364126022708703,8.019570862773864e-05,0.8769264394003091,0.031977207746450374
181,0.04022059054528922,0.014999488416667527,8.533957716942303e-05,0.16794742870408846,0.7767471527567854
182,0.014047676862928501,0.004649684031816601,0.0001328148334393274,0.007068830969758424,0.9741009933020571
183,0.6014616192638601,0.010457165605703436,0.00018481961327523132,0.04902320115699232,0.33887319436016894
184,0.6588579040400517,0.018199230581535004,9.097337659987601e-05,0.042539338931864706,0.28031255306994857
185,0.3450696473204549,0.08521305826249734,0.00022356827091147175,0.026781365242331705,0.5427123609038046
186,0.06988432058481675,0.7950945988877918,0.0011879127928339644,0.050448214298088954,0.08338495343646844
187,0.2805694802252182,0.0889316864409847,0.00018575246149835062,0.2112290095971707,0.4190840712751281
188,0.0195659626052985,0.006933310902460046,5.5407930713424e-05,0.002014612231690504,0.9714307063298374
189,0.6840497075297943,0.1031675939641807,0.0003419923178679251,0.024856624353050125,0.18758408183510678
190,0.45568193600157436,0.505739411792091,0.0005011130319305377,0.021980638902470522,0.016096900271933612
191,0.5461327836363672,0.34414928800565636,0.0003515792365456789,0.08057101004983074,0.02879533907160011
192,0.04855479862004929,0.8947616229339134,0.0002736238113506774,0.0511277835657916,0.005282171068895008
193,0.05060305899573144,0.8949424947280379,0.0010656724869290946,0.05124319344493609,0.0021455803443654574
194,0.04242424312016504,0.9196954620324399,0.001526204820083159,0.03264703405393227,0.0037070559733795977
195,0.057825419980987315,0.9086516088892368,0.0012876489356693952,0.02937965996464781,0.0028556622294585473
196,0.040401517868175314,0.9439554636623139,0.0020724465464330728,0.009417765050621536,0.004152806872456227
197,0.022520447043336896,0.9655941524043903,0.0038758837539457614,0.005032163958108407,0.0029773528402188463
198,0.039107296625995755,0.9473627249949993,0.0032644475767168476,0.005974724007029074,0.004290806795259112
199,0.022233029008240385,0.9674701318017401,0.004733276279791258,0.004018909366911463,0.0015446535433169446
200,0.0547956784514838,0.9353936139513683,0.0020541423471478145,0.005213066543956455,0.002543498706043834
201,0.029617995042127608,0.959441394763787,0.00434122177375446,0.0032737072670099183,0.003325681153321044
202,0.030606031494278065,0.9572189545905329,0.004827164214949159,0.00351722320510444,0.00383062649513526
203,0.005707455465994384,0.9827420045562397,0.009024255039350922,0.0005381321997044039,0.001988152738710637
204,0.011094163227754942,0.9570779721974141,0.022025075572245752,0.0012135824338086925,0.008589206568776347
205,0.0068463718406295655,0.9739210399722572,0.017590341230444125,0.000599059570677465,0.0010431873859915312
206,0.005281059115820571,0.8807466517328247,0.10871468622837378,0.00079532811259132,0.004462274810389559
207,0.0032247286992819575,0.9010986808794513,0.09148042432068328,0.00044903293671437374,0.0037471331638689828
208,0.008540984800386937,0.9432887175379401,0.042676554458057125,0.0012561082241358565,0.004237634979480077
209,0.020249883937170667,0.9435073540685633,0.028461809145259143,0.0032165013701223573,0.004564451478884349
210,0.005979998101068993,0.9303807732417093,0.054034571588166984,0.003397330518837655,0.006207326550217022
211,0.003434146553561577,0.9032142310723081,0.08315230665127613,0.0036456009354239637,0.006553714787430016
212,0.0016639720705097674,0.002519882321694555,0.00023791077152791526,7.937251078360595e-05,0.9954988623254842
213,0.6319656539711349,0.25972650588000695,0.0019071506180236557,0.006882189476430896,0.09951850005440378
214,0.5944200587149823,0.3661077294794753,0.00134753696581486,0.0037285765641602315,0.03439609827556745
215,0.15016772298673392,0.8080300968926034,0.0048580185662928585,0.0016532110639832323,0.035290950490386434
216,0.32362542942059486,0.5857531757498896,0.0029215162894405573,0.009198176692895547,0.07850170184717953
217,0.059378676812718655,0.928694492399881,0.004828777294686894,0.0035056822729935015,0.0035923712197199202
218,0.02740948452434873,0.9586297988143293,0.010256312076530341,0.0017290941372484993,0.0019753104475429273
219,0.020730692049813138,0.9698623219763187,0.003981524439364069,0.002763340819587059,0.0026621207149169204
220,0.007451758180995378,0.9696944580277359,0.018767114584322734,0.00235726055661193,0.0017294086503339692
221,0.01121034677790764,0.9685859465712476,0.015607267144192145,0.0026318490013400825,0.00196459050531259
222,0.008080613551436452,0.962236770377382,0.024723382640338992,0.0024830937389344354,0.002476139691908026
223,0.007560839807604472,0.9566471163547127,0.03145347007860741,0.0017868369846846743,0.00255173677439073
224,0.011454142689174345,0.94875358144184,0.03471588205147146,0.0019515137942555,0.0031248800232588254
225,0.0018508510000042914,0.8865547792418402,0.1096150897694404,0.00051632272833462,0.0014629572603802187
226,0.004789013676147148,0.9058460515129456,0.086472907770908,0.0010051318928865935,0.0018868951471126005
227,0.00860605942781941,0.9182643091466849,0.06910867468195246,0.00179850968597403,0.0022224470575693085
228,0.0008346902106694783,0.5799321930129688,0.4178961861292856,0.0002507920595125798,0.0010861385875635373
229,0.0011032674149901902,0.6894943138352704,0.30768711082665473,0.00024426681104418454,0.0014710411120406166
230,0.000737617963990006,0.4062622499844516,0.5901461661075376,0.00016296454649400007,0.0026910013975268775
231,0.0013567726529971089,0.7454387948175546,0.2508012010205761,0.0006081257308672792,0.0017951057780048268
232,0.003004135773505531,0.7713817020783921,0.2199490633750403,0.0015680325441713992,0.0040970662288906156
233,0.02949543999970402,0.7944249041094543,0.16923474107979805,0.0034871979938535975,0.0033577168171899452
234,0.000812654404985055,0.5479431191169061,0.45005717697031034,0.00024233033747493414,0.0009447191703237613
235,0.0003640127147370344,0.4982369023940511,0.5007281266657065,0.00011880010699216585,0.0005521581185132565
236,0.0001490000046557898,0.2781355521979378,0.7202520951478485,8.631479718795977e-05,0.001377037852370054
237,0.0006937528599498274,0.43333307819372535,0.5641270786406364,0.00016642489619138733,0.0016796654094968892
238,9.515898569864296e-05,0.21729200460001713,0.7821559765736413,3.7263178933208865e-05,0.00041959666170978755
239,0.0006976096486063511,0.5679763002369312,0.42955646662395547,0.00018620408359211517,0.0015834194069146554
240,0.00023249496907617567,0.3399695342351742,0.658176237956647,8.26730305540157e-05,0.001539059808548722
241,0.0002528885729911412,0.11455324820570122,0.8844887992890049,2.3877422459935793e-05,0.0006811865098429218
242,0.0007765651290437644,0.35915436754536595,0.6386050461242292,0.0001229858688819611,0.001341035332479173
243,0.00023130381703066684,0.19672895768568233,0.802340583449706,2.9170548737969564e-05,0.0006699844988429626
244,0.00013766192710317287,0.1584257187690407,0.8404526802532525,5.876908338560841e-05,0.0009251699672180131
245,0.0001910573604902964,0.21605788297885176,0.7829041519335009,4.403913563633828e-05,0.0008028685915206768
246,0.0005498609722016203,0.36975153514184017,0.6277084113938429,0.0001235425867365984,0.0018666499053787912
247,0.0003644200149755078,0.3844735128532913,0.6140723246638451,9.660982394977162e-05,0.0009931326439383747
248,0.00011600219027495141,0.37225038654675563,0.6266191988984282,6.175146371077387e-05,0.0009526609008303993
249,8.098683149859007e-05,0.3444185264387114,0.6548704862668001,2.0699906732630998e-05,0.0006093005562571168
250,7.36069123316585e-05,0.36823921161461365,0.6301886298492205,2.080505800687166e-05,0.0014777465658271437
251,0.00026963284448295173,0.07710176621725384,0.9215048262763252,2.9322101225544434e-05,0.0010944525607122875
252,0.00031840281642067967,0.24468614858760898,0.7528662892514053,5.419929101890758e-05,0.002074960053546127
253,0.00013132790599434878,0.27972638809492967,0.7188551840099149,3.5449605988058967e-05,0.0012516503831730733
254,8.05272918900177e-05,0.25765720287406046,0.741048006451388,1.4158941678054092e-05,0.0012001044409835748
255,0.0005053594405676097,0.2620872767881371,0.7365162196302087,4.393608602872972e-05,0.0008472080550578876
256,0.0002782719655879548,0.046886158080083895,0.9497921787419923,2.8974074164906764e-05,0.003014417138170917
257,0.00019411645046384028,0.3379578582280612,0.66058647651824,4.600465350154817e-05,0.001215544149733608
258,0.00016496433469067025,0.13732244018944773,0.8616015460377214,2.481374797854798e-05,0.000886235690161576
259,0.0005240454001290843,0.3668679039828816,0.6306477659777165,0.0001409252814347394,0.0018193593578380808
260,0.00013144052374790066,0.14987937008765945,0.8491476446602493,2.7844224032273272e-05,0.0008137005043109416
261,0.0004974297025807217,0.38745489900801683,0.6111253248187721,7.444462716953329e-05,0.0008479018434607962
262,9.175122140091187e-05,0.13956451505091672,0.8596735881461933,2.9858114898523883e-05,0.0006402874665903768
263,0.0002945927284887756,0.15786016709790454,0.8408222415005517,5.7853179187113725e-05,0.0009651454938679043
264,0.00013615561514535143,0.15038791699476514,0.8486823600144247,3.6241552672698494e-05,0.0007573258229921141
265,0.00016480538839366954,0.2891186354561863,0.709888166875807,4.824356478117002e-05,0.000780148714831858
266,0.00019946560941893097,0.31010115880611955,0.6887262219650826,5.1216151281680514e-05,0.0009219374680972564
267,0.0002501908374728358,0.13164257971969948,0.8673368615710821,4.969556436963323e-05,0.0007206723073758995
268,0.00026089859828161096,0.3328017216377023,0.6651199373503215,6.844734155420947e-05,0.0017489950721403728
269,0.00027102163484286445,0.39154007562742615,0.6073487676807614,6.597286191011499e-05,0.0007741621950594685
270,0.0004532650946545422,0.5409702124130668,0.45760101633879025,0.00013974871562761292,0.0008357574378609414
271,0.00017142969377962778,0.2294101839783392,0.7698983069532922,5.40911611150843e-05,0.0004659882134741226
272,0.0003310903718489614,0.19656126142851824,0.8019467848381109,8.700765401544686e-05,0.0010738557075063875
273,0.00041615553998575053,0.2968923476811963,0.7016380737181273,6.362595113451621e-05,0.0009897971095562815
274,9.905114528989287e-05,0.3026264306582722,0.6966306440545165,5.297064869308539e-05,0.0005909034932282704
275,0.0003518458560851868,0.2280090554055588,0.7706017073854623,6.581829718672969e-05,0.0009715730557069922
276,6.0646455761357184e-05,0.22279234299702116,0.7764641524664119,4.024339209074284e-05,0.0006426146887149702
277,0.00013549949348054023,0.2503958751223148,0.7486065696658118,6.652020012396538e-05,0.0007955355182687219
278,0.00024061437467504026,0.49159365752340617,0.5068187794168735,0.00011740052697700395,0.0012295481580683761
279,0.00011407406747836944,0.3872711726824487,0.6118736681485348,7.758498265164385e-05,0.000663500118886432
280,0.0001594432493839398,0.11245159525747285,0.885484124057115,0.00011278567052595515,0.0017920517655022703
281,0.00023764764960654573,0.3757652718678213,0.6232656590168847,0.0001646645220391389,0.0005667569436482719
282,0.00014173892012446482,0.2706358527772211,0.727290700621674,7.586475536123395e-05,0.0018558429256191997
283,0.00010834124661359955,0.16634386397951295,0.8327774194607185,0.00010287058167156889,0.0006675047314833843
284,0.0002301292552554258,0.31766458063878833,0.6757379437057275,0.0002326577717088908,0.006134688628519864
285,0.0001199458088974176,0.16818860214056158,0.8304797738480939,0.00010951107778315283,0.0011021671246640142
286,0.0002349352445927551,0.3511832559586006,0.6472759083693569,0.0001471564397263527,0.0011587439877235037
287,0.00015805681111194362,0.23330902418341193,0.7654700966601672,0.00017662773605226626,0.0008861946092566499
288,0.0002270333107666451,0.33477195107459917,0.6641673423939837,0.00021507970555847104,0.0006185935150921266
289,0.00014439942407091589,0.21360841807288208,0.7854811935778924,0.00021148939262395498,0.000554499532530604
290,7.758309385255587e-05,0.2609674225049756,0.7382277670051725,0.00015215985435286001,0.0005750675416465746
291,0.0004594648572112433,0.16488269232552624,0.8291099367298462,0.0007213006040542974,0.0048266054833619974
292,0.000139776778499631,0.42513710394060794,0.5722817741637958,0.00015915553044709688,0.002282189586649469
293,9.318927059175319e-05,0.295980738147826,0.7025731810040655,0.00010838028870343669,0.0012445112888133216
294,0.00013189701451248823,0.22175955225877317,0.7774465561617465,8.949128762247154e-05,0.0005725032773455678
295,0.00021940305298728585,0.1983384244250587,0.7998724359558294,0.00028923789291727064,0.001280498673207511
296,0.0003237915960294456,0.24687045270849048,0.7509170592662928,0.0003243411366012434,0.0015643552925859315
297,0.00022945015006272016,0.34733216676370327,0.6516889701373065,0.00013308821806993728,0.000616324730857558
298,0.00047025258116365447,0.24119301198177479,0.7551316014927278,0.0002521038709733263,0.0029530300733604394
299,0.0014445548633325752,0.3241511028851698,0.6723404452905991,0.00048609158024464223,0.0015778053806538468
300,0.0008123888467258368,0.36804361265369095,0.629489166543483,0.00025972452442123086,0.0013951074316792074
301,0.0016896739507115263,0.6282086203654065,0.36828585561584765,0.00036083270802594284,0.0014550173600083858
302,0.01704932447959502,0.595910627455996,0.38154796206188346,0.003312386939542376,0.002179699062983163
303,0.0014378560566393195,0.5884376984624229,0.4080766730706597,0.00043601572875401746,0.0016117566815241058
304,0.0004043942252893595,0.2502975623818897,0.7476900494851193,0.00014173107022721115,0.0014662628374743929
305,0.002758522839464288,0.6034306068470229,0.3917402597564244,0.0011367323523210529,0.0009338782047674424
306,0.0005244625451645181,0.3003572039428621,0.6978301649694938,0.0003276388088888809,0.0009605297335908264
307,0.006819641565491977,0.5938615265779211,0.3927425580866946,0.0028021220136801414,0.0037741517562120395
308,0.0024418658198032193,0.6318860664782435,0.362265185412949,0.0020952200041574596,0.001311662284846852
309,0.0007198954149898697,0.3223640694666042,0.6736916253857187,0.0011158011206599415,0.0021086086120273586
310,0.0011784235220321448,0.4614225862243527,0.5325375821739451,0.0030179306227542096,0.0018434774569158988
311,0.0011658481021706141,0.29491333652744867,0.6978391751289855,0.0027448430487696093,0.0033367971926254163
312,0.010243841760052044,0.6744919617975291,0.28723706822982376,0.011907599115503506,0.01611952909709159
313,0.02135436798816114,0.0197780575379055,0.0003568547648151701,0.004689336788436656,0.9538213829206816
314,0.08363633575317739,0.08289001582002982,0.0015858079926414975,0.03768867632563224,0.7941991641085191
315,0.1809255505312829,0.07100387629108086,0.0008102449756596258,0.03549805057771715,0.7117622776242594
316,0.26245886177636935,0.21290864930704811,0.0017352298352118472,0.017830900783942484,0.5050663582974283
317,0.05589053049763176,0.1956371424130716,0.04246325875975222,0.0395234473667977,0.6664856209627467
318,0.21759819815451031,0.1782988351115635,0.0149467188762296,0.041467273070000345,0.5476889747876963
319,0.11196335952290065,0.604547772043341,0.03626148448535768,0.022777801274800266,0.2244495826736005
320,0.14073902366412908,0.2562507591110883,0.02420499578046353,0.09935211055531636,0.4794531108890027
321,0.0939120316650212,0.7288799575483144,0.036487886623284345,0.031886827709092395,0.10883329645428781
322,0.15129094782497332,0.694987685461174,0.03745000658648178,0.03952909179643417,0.07674226833093672
323,0.2040236795514855,0.584008988087282,0.045401682526038545,0.0783880021897634,0.08817764764543068
324,0.06344179183822846,0.8634229144621867,0.013997425028705445,0.03304781281146803,0.026090055859411442
325,0.14284274424388926,0.8274011055996664,0.0033526672513536065,0.013560332547028042,0.012843150358062634
326,0.2863212524302742,0.6720434489627585,0.002624007179723997,0.02651088655005864,0.012500404877184724
327,0.005898777117427284,0.9460893449022453,0.0353333128413872,0.010931126252742307,0.0017474388861978705
328,0.06644756686777789,0.8852892930463286,0.004374359286488743,0.0385617166313422,0.005327064168062467
329,0.007566040991469407,0.9583387969563718,0.012689630347644539,0.019213233553345775,0.0021922981511684615
330,0.04286260291279799,0.8423131832730159,0.01392498191666239,0.09274727927813071,0.00815195261939301
331,0.05449520697378384,0.7655036244051752,0.0028631077563839257,0.17185888849390046,0.005279172370756484
332,0.06743863652379252,0.5190924685235977,0.00210260808182871,0.40205514689679095,0.009311139973990091
333,0.11858155994447507,0.2061515538428478,0.00030413221786894715,0.6603561994396091,0.01460655455519904
334,0.19738188927634642,0.2549348249689405,0.0024298907717123274,0.41086845599582067,0.1343849389871802
335,0.31421799880291934,0.06727339289567444,0.00039708458156030525,0.0518763188301841,0.566235204889662
336,0.8061187420154717,0.09219794377692743,0.00012902550020241638,0.08950924478727029,0.012045043920128073
337,0.625356992338064,0.26651697172061356,0.00024524598407852364,0.09306119499010009,0.014819594967143862
338,0.42115925597635,0.3992231352217432,0.0006564284561709646,0.13413149237067754,0.04482968797505818
339,0.05845738063665459,0.04428598033519707,0.00026047565348819767,0.8897845357349192,0.007211627639740767
340,0.05002561318275596,0.07570070780026675,0.0007605833344170323,0.8670077423888639,0.006505353293696277
341,0.0872520050045458,0.04863748572121004,0.00022752803348232757,0.83360769253152,0.0302752887092419
342,0.05520146493159314,0.03249509980715129,0.0002090074976304154,0.9047126991895418,0.00738172857408332
343,0.04315916439828217,0.028111354873171474,0.0003081172607421371,0.9224145913310268,0.00600677213677738
344,0.07284021415446822,0.02512519038568888,0.00030611980292099807,0.8881461543288814,0.013582321328040523
345,0.010850102267124684,0.008609623508980358,0.00039923668978734137,0.00788933514082633,0.9722517023932812
346,0.6968107851539216,0.04315806740848567,0.0006720306397586131,0.163021513932054,0.09633760286578018
347,0.6539448629685988,0.14866182835947145,0.0012012225078342441,0.12856000336928916,0.06763208279480622
348,0.6333363381402243,0.20783839760409414,0.0016575579835329535,0.06773757647211454,0.08943012980003404
349,0.12675666102049582,0.45266861228998045,0.00112517770442145,0.40170675461560706,0.01774279436949544
350,0.0838474121824148,0.41935947223419023,0.001139718774886007,0.4908302201579149,0.004823176650594041
351,0.1079829568090874,0.08731674991543284,0.0004138906567284151,0.7923901283530019,0.011896274265749468
352,0.02826078860568139,0.05021808570460693,7.00760537789337e-05,0.9177243087674162,0.0037267408685164134
353,0.04908519445197718,0.04327213300861674,4.453800867019047e-05,0.9029841557803671,0.00461397875036881
354,0.08332408864939582,0.10534100445147457,0.00020744430419240674,0.8070722678415965,0.0040551947533408236
355,0.027309068525046297,0.042121120282485415,0.00019656316211719385,0.9289042441215996,0.0014690039087515215
356,0.012777969453283616,0.007950578673584273,1.900459477799677e-05,0.9772685288278734,0.001983918450480694
357,0.009545244712882785,0.014684006637688107,7.143477229730484e-05,0.9734859952162961,0.0022133186608356767
358,0.008383642344741413,0.020484136738671024,0.00015078087997949795,0.9683724757871848,0.002608964249423189
359,0.004456597011640764,0.009470811438791523,0.00011860082848349777,0.9838158273802856,0.002138163340798707
360,0.002310546423688147,0.003177082254632377,4.683408955558679e-05,0.9931190746613097,0.0013464625708142573
361,0.001743926573360256,0.0031805930171948608,2.5446697728354304e-05,0.9944524658167708,0.0005975678949457089
362,0.002760866462712342,0.005304750977483624,4.742375415541421e-05,0.9905746005045994,0.0013123583010491379
363,0.003969210821319874,0.009097614862298337,4.680813514505199e-05,0.9858236218355684,0.0010627443456683707
364,0.021133718760649168,0.010321082326998307,7.220156044895941e-05,0.965619106649317,0.0028538907025864074
365,0.008638985586811889,0.006892580040525864,7.499258131060413e-05,0.9814470969220269,0.002946344869324738
366,0.010892480242067367,0.006639792430024003,3.671100567854301e-05,0.9805384850923494,0.0018925312298807583
367,0.00938714905485432,0.00981929903957853,6.036308490408454e-05,0.9774716281595864,0.003261560661076414
368,0.039798271713375626,0.033734034087535864,5.2419416966116075e-05,0.9126545938324861,0.013760680949636298
369,0.011322919919376452,0.010786572211085563,3.3729009134849895e-05,0.9758204174194415,0.0020363614409617233
370,0.01610133381811246,0.01126590442871391,6.81851315652781e-05,0.967990410587023,0.004574166034585225
371,0.023479400823526935,0.025769564181554086,5.232680329845499e-05,0.9330141432502651,0.017684564941355476
372,0.03366867933168309,0.007266364127007279,7.350979804902543e-05,0.9452077923862376,0.013783654357023105
