epoch,N1,N2,N3,R,W
0,0.09463881648813854,0.0025869929277475123,6.742972463884865e-44,0.006700645257833262,0.8960735453262806
1,0.11599704666404424,0.0017195489551147796,2.057809417828663e-40,0.005884917584389239,0.8763984867964517
2,0.06065829073733979,0.0011339944791282698,1.2961410261381132e-40,0.002070514499358801,0.9361372002841731
3,0.19737141223636864,0.004002888784456684,2.921352869574062e-05,0.007130797311393764,0.7914656881390852
4,0.22893562366232356,0.006808480456982879,3.372970451954302e-05,0.008444265249171384,0.7557779009270026
5,0.13273874989609322,0.006890388145653905,3.395278926064956e-05,0.021502894954598978,0.8388340142143933
6,0.05645723187896795,0.004745764557065544,1.827357915296939e-05,0.011772961999483116,0.9270057679853303
7,0.032980216296588864,0.002088259933097089,1.5726137451696107e-05,0.003058003243452111,0.9618577943894101
8,0.0007762693407277456,0.00043706231425400666,0.00016166263512091823,0.00020414768294683486,0.9984208580269505
9,0.00244545045230534,0.00032354383952297786,2.1001953448988148e-05,0.00012242734525383047,0.9970875764094688
10,0.012165951484686254,0.0009698986139816236,0.0006125524588099783,0.0001067778494441481,0.986144819593078
11,0.034155644468091016,0.0013548702380534704,7.034986190389225e-05,0.0001511365614494777,0.9642679988705021
12,0.03552616128299669,0.001390040072291079,0.00018357906649819387,0.00023822972523691616,0.9626619898529771
13,0.013874175006560057,0.0009298779676077851,0.00010582947511145283,0.0001401739352288309,0.9849499436154919
14,0.028332541446402255,0.0023372660232702067,0.0003536663335126916,0.0002114490987394409,0.9687650770980755
15,0.07538744952181255,0.004553131487808896,0.00014259808974916962,0.0003180079294616915,0.9195988129711677
16,0.0822986954266785,0.007483996880771481,2.7327666220164344e-05,0.0005738503711139576,0.9096161296552159
17,0.043069871793021554,0.005484096947671644,3.079391856609482e-05,0.0008376603314838185,0.9505775770092568
18,0.005534159784646231,0.0011035988319871301,1.2200284114586331e-05,0.0004543432098848413,0.9928956978893672
19,0.1695999649424285,0.005242323982246517,2.111499484254581e-05,0.003255046287422833,0.8218815497930596
20,0.2686578285187227,0.006674909219784659,2.3242818469719932e-05,0.006905009289056159,0.7177390101539668
21,0.4861022611954403,0.027731831065963032,3.317789043917739e-05,0.0069008355144776065,0.4792318943336797
22,0.49138794434535155,0.028907440504919148,3.568874468412153e-05,0.01590117904633665,0.46376774735870874
23,0.17271508854348988,0.3891238164469181,0.0008022750240499499,0.05923464995209931,0.37812417003344273
24,0.19204478703806124,0.13690814426783596,0.00015545550439784997,0.036596339220142084,0.6342952739695629
25,0.14144528943256143,0.4366056458344002,0.00028666202248472754,0.06754630217289205,0.3541161005376616
26,0.08440533991431054,0.6401100472533745,0.0016060695596212642,0.20746311508520796,0.06641542818748578
27,0.162197413299379,0.33255037532543175,0.00032833754791683354,0.04065087610747373,0.4642729977197987
28,0.14880443651761743,0.5786221666845495,0.0003897257226170002,0.11544572737852066,0.15673794369669544
29,0.07443616939204996,0.8471753882520727,0.001256201821245318,0.013430885052120978,0.063701355482511
30,0.18398949153038172,0.6756438824104313,0.00034117012177140217,0.01022464193934626,0.1298008139980693
31,0.04494910396473557,0.9390889848327888,0.000536606203272864,0.0017709658480131168,0.013654339151189724
32,0.005859719103437573,0.9717864929542303,0.0158006534814625,0.00025648926307400945,0.006296645197795692
33,0.014530804875050495,0.9785081336971084,0.002156050493609924,0.0007703277239195431,0.004034683210311718
34,0.10302100947955414,0.8519981223404716,0.0006766265192382579,0.006960241365841252,0.03734400029489486
35,0.09970125014653762,0.8810543348168103,0.0023644888221220502,0.0026223260406577488,0.01425760017387231
36,0.004470851767532914,0.9864050497427919,0.007438930386036053,0.00024958076294755133,0.0014355873406917833
37,0.00951329312453581,0.9575555458952852,0.030363455316462458,0.00027132724714159704,0.0022963784165745977
38,0.019996210856310568,0.9759705455833355,0.0015403021018711657,0.0006591075157491992,0.0018338339427334419
39,0.0019788281889914403,0.8714171996855167,0.12510753323613044,0.0001285582772460185,0.0013678806121155
40,0.0011856169122571824,0.8881405103294938,0.1081026997929869,0.0003117001629813745,0.002259472802280761
41,0.00706078443159335,0.8959296766713207,0.08930834021141773,0.00023164345957618388,0.007469555226092205
42,0.004312103862417684,0.9225644801836784,0.06874497623162105,0.0002433118761389261,0.0041351278461439316
43,0.005445813336660265,0.9320433100816432,0.058458793908856076,0.00043252104462890604,0.003619561628211744
44,0.003841586726853463,0.779628953497513,0.2137743973222478,0.00017018079436358896,0.0025848816590220212
45,0.001625209290896859,0.4203357306978452,0.5748060789528047,0.0001133390158991565,0.003119642042554177
46,0.002214732300998538,0.514780838704132,0.4788965857081136,0.00017264816483929195,0.003935195121916478
47,0.010597258885512736,0.8538897948636224,0.12851290918668168,0.0007550531556540117,0.00624498390852904
48,0.005285569504349068,0.27763061965203717,0.7104019404073799,0.00030922982476214893,0.006372640611471697
49,0.39067599486516774,0.4000409378404841,0.0029004025558767308,0.002899913316695391,0.20348275142177588
50,0.007428532011101666,0.8261028693763673,0.15872082590145448,9.929843989859681e-05,0.007648474271177809
51,0.013955190658194826,0.7840453111963305,0.19378638569581874,6.621543981534726e-05,0.008146897009840517
52,0.007804404643867394,0.7861193920162708,0.19786274044897806,7.984769169625554e-05,0.008133615199187469
53,0.0017058474335382733,0.31226132683849306,0.6833735858044411,5.2672937398130743e-05,0.0026065669861293802
54,0.0021325962871377477,0.34208059338646724,0.6504550032289369,3.747744143811635e-05,0.00529432965602003
55,0.0022794449268134444,0.3685947645446452,0.625738845616918,5.168714023927021e-05,0.003335257771384051
56,0.0016699370339175157,0.4381548066428964,0.5560119148891421,3.921573237530787e-05,0.004124125701668589
57,0.0004972552467550237,0.025040972242151828,0.9726684997810133,5.669747902201336e-06,0.001787602982177642
58,0.0010096560540566212,0.2484529294994298,0.7467064309566479,2.3071851057191967e-05,0.0038079116388084005
59,0.0003141955749211134,0.030707083088701983,0.9670681228278021,4.235349287631463e-06,0.0019063631592871767
60,0.0011199663776932274,0.07035126640686812,0.9232386505391426,5.929827641886372e-06,0.005284186848654145
61,0.00035669583808363946,0.026977987546646435,0.9649977225668309,2.6432719267519973e-06,0.007664950776512406
62,0.0012950861594467023,0.10079152564878281,0.8910581255267228,5.055386502309003e-06,0.006850207278545439
63,0.0002735261789871315,0.010142665369019956,0.9853867585622232,1.359796512119418e-06,0.004195690093257451
64,0.00024769634728078404,0.026562602078619206,0.9697424169486945,1.4717738549891075e-06,0.0034458128515505275
65,0.00011537595179385993,0.011945993933905536,0.9858429525672683,1.0307019465363775e-06,0.0020946468450857014
66,0.000347026042408156,0.08755258616496023,0.9087649728074237,4.69487196666437e-06,0.0033307201132411588
67,0.00014777230186942652,0.010819128564777618,0.985223573116592,2.057526014606784e-06,0.003807468490746395
68,0.0002570974840137925,0.04140209014184901,0.9536183850442665,3.6301629153419525e-06,0.004718797166955235
69,7.266433311473665e-05,0.013800990678713033,0.9842886152165295,2.2252336179035573e-06,0.0018355045380245565
70,3.853620286568486e-05,0.01050750272697641,0.9881067366624907,1.5396182684740475e-06,0.0013456847893988546
71,5.006053642350439e-05,0.00954103593302857,0.9895520092332423,1.2225552256594834e-06,0.0008556717420799445
72,4.580184200373946e-05,0.010590172231279915,0.9886754330713007,9.301231014813898e-07,0.000687662732314188
73,9.310582809178995e-05,0.00461499419624388,0.9908145204117323,1.1273177683281525e-06,0.004476252246163726
74,0.00012239717349356473,0.01584236742364581,0.9825183730312612,1.6093274532613666e-06,0.0015152530441461523
75,3.9419270144774636e-05,0.00561915327575108,0.9925634237792982,7.305640720543908e-07,0.0017772731107338771
76,5.215194914836291e-05,0.012649639559761911,0.9861453660439353,1.2181002477563856e-06,0.0011516243469066126
77,0.00015893441890983375,0.011824580801067243,0.9858930668443106,2.0236720932547287e-06,0.0021213942636192766
78,2.394546595182478e-05,0.0029413658621097933,0.995565056336219,6.846890879932589e-07,0.0014689476466314846
79,6.30860653046935e-05,0.010505844200699823,0.9884197189997311,1.2752682977491417e-06,0.0010100754659664246
80,3.4648891407881745e-05,0.0024856740408749816,0.9961303969099641,8.34255089287068e-07,0.0013484459026640026
81,0.00016722831380008835,0.01992550955135303,0.9781961426673068,4.298800571669093e-06,0.0017068206669683937
82,4.076944875866919e-05,0.0025060065317817695,0.9967698639773643,8.826691877442022e-07,0.0006824773729074416
83,4.699912785395352e-05,0.004463753344347249,0.9937529743179545,1.5002964561802392e-06,0.0017347729133880424
84,0.0003540296445708624,0.032061618141983377,0.9625606574083062,6.4328198901571835e-06,0.005017261985249247
85,0.028157233430867012,0.2156709150577423,0.28823424960216043,0.0004240328859168407,0.46751356902331326
86,0.007579795332814979,0.3609238396210465,0.5964271253425077,0.00027632280111638006,0.034792916902514404
87,0.01269223336497069,0.6880676023206656,0.28231209210311053,0.0003179925714199401,0.016610079639833273
88,0.005846291477215842,0.9245120928408452,0.06437925811075933,0.000178162118831941,0.005084195452347594
89,0.0013474659963111082,0.5581766250006284,0.434977816346694,0.00011696890587541215,0.005381123750490988
90,0.002428766513160688,0.616385860258848,0.36270583245083565,0.0002071411250945787,0.018272399652061077
91,0.0022407534478426482,0.6717046429184977,0.32307328539326197,0.00012204205828206508,0.00285927618211546
92,0.0027981132305667155,0.6073798730197554,0.3862131206892664,0.0002368422861156397,0.0033720507742957795
93,0.006230815661192589,0.4191079045123871,0.570883602097363,0.0002468925198527151,0.003530785209204509
94,0.13314466070995795,0.7810920134777247,0.043072333788932556,0.0015028620670875141,0.04118812995629746
95,0.005651634911828795,0.8452113225958601,0.145326470668637,0.00020918651986012482,0.003601385303814151
96,0.001169253538871933,0.5102265120837234,0.4867162311272946,6.927211422992291e-05,0.0018187311358801072
97,0.00622768634111868,0.5965505744185077,0.3927849115814764,0.00020142087334861715,0.004235406785548682
98,0.07134147578790892,0.8468631353941498,0.06231593441648891,0.0018456696065584685,0.017633784794893914
99,0.010276679888128418,0.9558548105669572,0.031833068781563605,0.0005132804178436805,0.0015221603455070328
100,0.01110121781411352,0.9315461043446093,0.05516342053955979,0.0003119616022107133,0.0018772956995066928
101,0.00470931791742936,0.8912323168562417,0.10228556561282383,0.00019750958563539257,0.001575290027869451
102,0.001188150266731137,0.5944018670524188,0.4025463797077983,0.00014833233406782932,0.0017152706389841174
103,0.0013483068049727266,0.3396053046612887,0.6568865264062972,5.9486106047649746e-05,0.002100376021393794
104,0.00133213399438682,0.19247571140167907,0.8031966305456171,7.544760831213643e-05,0.0029200764500049207
105,0.006781273836157323,0.8067282057765732,0.18091342776655342,0.00039471964853873034,0.005182372972177301
106,0.0009819135726015472,0.23950336925812696,0.7585383303184966,3.231224329460026e-05,0.0009440746074803286
107,0.0019891802234749093,0.5506403140485683,0.44539427881640337,0.00011107653611453854,0.0018651503754388594
108,0.00046517774682441985,0.06352038001089311,0.9347668363501161,2.4551129815331474e-05,0.0012230547623509418
109,0.001395164921679926,0.073978181185785,0.9228740294962283,4.020553898792945e-05,0.0017124188573190606
110,0.0009113265515622097,0.2826914526653213,0.7140333136922344,4.978744907317882e-05,0.0023141196418088347
111,0.0004141489474243583,0.022617645865950102,0.9755219347997532,1.3204862737532943e-05,0.0014330655241349313
112,0.0003172131735773685,0.04285485626463945,0.9550580352042223,2.021566241627809e-05,0.0017496796951444026
113,0.00032600092742772675,0.01835114917794638,0.9798579135567649,9.256596831458962e-05,0.0013723703695462041
114,0.00026159487514073546,0.03709113624083537,0.960850301489487,4.732529251671462e-05,0.001749642102020223
115,0.0004316075005027828,0.04332580234117683,0.953730714231194,7.903701272821077e-05,0.0024328389143982027
116,0.028915980510947705,0.25467838785183083,0.04835956988936639,0.0018719274525747058,0.6661741342952805
117,0.08833936362902826,0.13088610513145965,0.0014741602659697117,0.0011947999240835008,0.7781055710494589
118,0.3761887868252204,0.19133427702581712,0.0008080652956617087,0.0010328352769592671,0.4306360355763415
119,0.2473620263468278,0.733405481936889,0.002936709756262704,0.0001990612635655171,0.016096720696454944
120,0.07656429423683185,0.9162280565916935,0.0029056764544152934,0.00013693860986684536,0.004165034107192619
121,0.07554738616824407,0.9168531938715514,0.0035269110083364476,0.0010077987519400914,0.003064710199927964
122,0.003212475511678252,0.9698508871792535,0.025817496550088127,0.0002706856918677977,0.0008484550671122308
123,0.03149620272434273,0.9591114101401913,0.003183724872504644,0.003669414529833036,0.002539247733128138
124,0.005005274263136713,0.9913653889521845,0.002240400358360892,0.000399774566017477,0.000989161860300387
125,0.030753066237292,0.9581545638672915,0.006677648504222209,0.000714996242221948,0.0036997251489724885
126,0.0023265515399312226,0.9723743169696547,0.024287422641589198,0.0001569143016515845,0.0008547945471735388
127,0.0016282647479729114,0.7487072015668619,0.24860219001457962,0.00012989028426299107,0.0009324533863227863
128,0.013386803974025478,0.9458307288839741,0.038664066210949345,0.0003441914010905804,0.001774209529960515
129,0.0021867143393737767,0.8281712011267599,0.16806412434774848,0.00030041317633362503,0.00127754700978411
130,0.0018899958637241978,0.901405709343983,0.09541034000739476,0.0001701870581975249,0.0011237677267006707
131,0.0017009349826205857,0.8955755694682802,0.10132268050884992,0.00017219794437235415,0.0012286170958771933
132,0.0017885478843196088,0.703831541589385,0.2927832436061458,0.00020562204489773048,0.0013910448752517393
133,0.00025536667253405214,0.3884423643727262,0.6105655996170292,0.00011031635553484102,0.0006263529821757912
134,0.002098022828096202,0.5136976875060175,0.4819112145297681,0.00019905311010263928,0.0020940220260155153
135,0.005197386759820996,0.5483388688533575,0.44399252714848203,0.0003316437472791593,0.0021395734910604693
136,0.0017410646661332374,0.43553481486622814,0.5610037328305053,0.00018956430456299638,0.001530823332570212
137,0.004484433900566193,0.5351063015141084,0.45650251303603917,0.0001796641207823656,0.0037270874285038292
138,0.008631504711020446,0.6956762531821241,0.2909364258657241,0.00036172604029781883,0.004394090200833362
139,0.0009211382656586566,0.21022375605310475,0.7876078387791977,6.828794763895506e-05,0.001178978954400034
140,0.008012071715247407,0.4670692641066722,0.5201306403730723,0.0001306816942482155,0.004657342110759881
141,0.0014243064582046975,0.4842426681923527,0.511808294400544,7.5573373298436e-05,0.002449157575600133
142,0.0032801854864779236,0.9635382463572946,0.031126256719555812,0.00018964469969248753,0.001865666736979211
143,0.009164950931346906,0.7899232021429392,0.19521106206429956,0.00018226643091423338,0.005518518430500137
144,0.0006928930999483628,0.5629632292922433,0.43491936740322923,9.462288817471198e-05,0.0013298873164043355
145,0.0015643326706548466,0.703673308521419,0.29102931941269805,0.00020508023817302314,0.003527959157055193
146,0.00581668530772975,0.6989972968357002,0.2909708761380339,0.0008790547082332085,0.0033360870103028165
147,0.011771197941642029,0.7682265662153633,0.21295399288289188,0.0015745987563036811,0.005473644203799268
148,0.1458063944753787,0.7614577762748298,0.02772527928821757,0.04971970453977962,0.015290845421794366
149,0.02540650359008684,0.8864882010183216,0.07975474652916692,0.004169423931028768,0.004181124931395711
150,0.14696983476128125,0.8166814999918642,0.005172584745829338,0.011986442821167932,0.019189637679857107
151,0.04017746928856243,0.9349289922661628,0.002969363557914082,0.016442577859510244,0.005481597027850421
152,0.014245513510323686,0.9521185820546065,0.012427826048250589,0.012497286077934695,0.008710792308884588
153,0.10831731944517436,0.7745148417235486,0.010019794038324153,0.09417062987879986,0.012977414914152934
154,0.07083008582519766,0.4405355834318168,0.0022232742724483962,0.47808148703046094,0.008329569440076097
155,0.046678366659089955,0.3695221794876845,0.0017907636656690198,0.5732239298017019,0.008784760385854707
156,0.04473177945971348,0.17976217521561494,0.00103215397808353,0.7661713087225395,0.008302582624048564
157,0.042869556275294665,0.2166350368317257,0.001552853334918419,0.7301091159727425,0.008833437585318635
158,0.04626661508465278,0.068623173320048,0.0005576542252120743,0.868050470057079,0.016502087313008135
159,0.030283140157646077,0.05771022670177547,0.0008997460297800284,0.9031003856562297,0.00800650145456875
160,0.04779881595263131,0.07349047526193139,0.0007646105090160123,0.867411001002025,0.010535097274396239
161,0.02392558799482964,0.032500971598355584,0.00028958585773692985,0.9390168437053165,0.0042670108437613445
162,0.018347519282434895,0.02432249157843857,0.00016099318333754017,0.9532745659518287,0.0038944300039603047
163,0.015336918636253034,0.02485375383351041,0.0002778408233255251,0.9564738870610591,0.003057599645851912
164,0.011113047009478228,0.015142923576013705,0.0001578340013035412,0.9699802987196114,0.003605896693592901
165,0.01431736315031555,0.005332326337375876,5.503789005067405e-05,0.9733612548881246,0.006934017734133397
166,0.034280124479366555,0.03281873644066929,5.80379074390748e-05,0.8893070771378853,0.043536024034639666
167,0.0448013600358284,0.029576607743539356,0.00017288977067214632,0.9207684517401409,0.004680690709819146
168,0.03151080743258699,0.05729123687101724,0.000231638798380528,0.9076148082780052,0.003351508620009832
169,0.05403736266544291,0.13773335209194237,0.0009303751030270684,0.7901953719819425,0.017103538157645107
170,0.03291888490506205,0.02696954851185304,0.00030210255465838693,0.9251577183345782,0.01465174569384852
171,0.03659768316956874,0.051821471056655445,0.0003268720486509783,0.879470837642746,0.031783136082378885
172,0.04172944790236778,0.025102696461033157,0.00016439061152600775,0.9127596610956071,0.020243803929465787
173,0.1127479345999554,0.014309405605746991,0.0005009636316819297,0.37864180131160535,0.4937998948510104
174,0.2727938472605315,0.014990806487693732,9.785045896241902e-05,0.6941505419280275,0.01796695386478481
175,0.37393227001769686,0.04755134692941262,0.00020466228087224374,0.549436301584418,0.028875419187600275
176,0.4009595772877647,0.04773923201373384,7.458179553611596e-05,0.5288969489544894,0.022329659948476025
177,0.23362852266225642,0.031366408420404425,6.941305964303176e-05,0.6917308419466566,0.04320481391103959
178,0.4209555520034755,0.08102631218662473,0.00012657081430208567,0.4534140698147487,0.044477495180848765
179,0.4820170351729972,0.16524057812134452,0.00023124027752175676,0.31583786655189766,0.03667327987623883
180,0.13316624622469303,0.8324213434282707,0.0006089540788278976,0.027447657818166164,0.006355798450042423
181,0.009022183496481264,0.9790969133571096,0.0004078716625094475,0.009211817387574756,0.0022612140963248423
182,0.07160681792707742,0.8338235167119101,0.00033929754279469977,0.08194276480917932,0.012287603009038535
183,0.010385143155649326,0.9808918497451307,0.0006206545336748501,0.005765507000882068,0.0023368455646631298
184,0.0009088463913371778,0.9973628294916526,0.0004351876529281891,0.0007360434399924996,0.0005570930240892717
185,0.0008118973876640133,0.9973761448972607,0.0008482471496159108,0.0006408654648618707,0.0003228451005973659
186,0.0014453921758490313,0.9951141036242339,0.0008338845805691253,0.0008811019725794722,0.0017255176467685298
187,0.0023736451349472684,0.9945614206924248,0.0018183998885011813,0.0005742201887787279,0.0006723140953480214
188,0.0007282434781505872,0.997999352590994,0.0006114408104411722,0.00035256853951349615,0.0003083945809006287
189,0.002835927464286064,0.9927667433327217,0.0025517528251602977,0.0011112256298716609,0.000734350747960231
190,0.001369860929631157,0.9836245537344672,0.01308634585643918,0.001495888185158844,0.00042335129430356
191,0.00398329667156226,0.9895358632136586,0.005046453796823642,0.0007246960736463176,0.0007096902443093041
192,0.0019389535761739221,0.9817613903721836,0.015209116620729879,0.0004017369973900233,0.0006888024335224894
193,0.002745521281533978,0.9920288562509617,0.0039008358854859737,0.000785701289959569,0.00053908529205913
194,0.0012234760902998108,0.9921796468520635,0.005838299556420178,0.00039858473330722343,0.00035999276790931736
195,0.009941448061300482,0.9655070751447051,0.017521484323490565,0.0038222525932346822,0.003207739877269112
196,0.0020571702684183475,0.9901330826084308,0.006173306769653592,0.0009097830600019108,0.0007266572934954985
197,0.002064394227101985,0.8746887805464679,0.12058169069775009,0.0016749260962803632,0.0009902084323997278
198,0.005790075339033939,0.952992630173854,0.0375607723701821,0.002148317064192964,0.0015082050527370785
199,0.006684476346352298,0.9666575371477844,0.022486619466851515,0.0025186048914486343,0.0016527621475632434
200,0.004487447838778044,0.9596259394579194,0.03155928027642185,0.001896852768216975,0.0024304796586639425
201,0.007312690970188042,0.7910605679177183,0.19339134381819173,0.0031565693912755637,0.005078827902626289
202,0.006254516736579034,0.8141905437263475,0.1752271399685146,0.0017605743435315554,0.002567225225027337
203,0.012395815995711086,0.9116284108410881,0.07056849903211276,0.0032405141391222527,0.002166759991965745
204,0.02996170641736723,0.8888851602478972,0.06689562874996635,0.003063095330859285,0.011194409253909963
205,0.034449618500529924,0.8939107215180034,0.059529262427739614,0.0037012974135921506,0.008409100140134783
206,0.16844867079661596,0.8003190429262973,0.013433370979425999,0.0037542448544417824,0.014044670443218686
207,0.015640096222597766,0.9677544126557596,0.009214453169960132,0.0005614895799842066,0.006829548371698295
208,0.0372279629096378,0.9473623807945643,0.012020144083498671,0.0009253482248138222,0.002464163987485455
209,0.02450751190022049,0.9519598255328037,0.021334900913713428,0.0005811645298394956,0.0016165971234230634
210,0.0030155650213207087,0.9719605242094627,0.02357938950849994,0.0003473232656080833,0.0010971979951087173
211,0.00470507556340764,0.9708079978322205,0.02214638912440164,0.0008577569283158212,0.0014827805516544757
212,0.004500948724436198,0.9771946092820873,0.016894467471411212,0.0004124458781748062,0.0009975286438904496
213,0.0015557666881439534,0.9662627935962789,0.031098816189485227,0.0003304651404571346,0.0007521583856346371
214,0.004202177886959148,0.8576075324549465,0.1350396726002373,0.0004138240733558279,0.0027367929845010497
215,0.002681071602845415,0.8607792911364668,0.13489505210292593,0.00028923457437655573,0.0013553505833853938
216,0.0016588763083336666,0.8326753888184577,0.16344642803859216,0.0002412324528268571,0.0019780743817897554
217,0.003752533474732742,0.7435146795222733,0.24973146868034346,0.0003111313530259858,0.0026901869696244265
218,0.0006338649038976591,0.5334379748979486,0.4645277173427165,0.0001316289673288993,0.0012688138881083305
219,0.00621063058709831,0.5787861517931964,0.41148134631163863,0.0009039809622033353,0.002617890345863418
220,0.005122707232582902,0.7041513209753193,0.2856768984590225,0.0020813845399504896,0.0029676887931247868
221,0.0035700614236682093,0.9064939575851002,0.0817904657573027,0.0017742935908509226,0.00637122164307784
222,0.12366816299955122,0.8303085350582967,0.010885610836945728,0.005067852777468098,0.03006983832773834
223,0.05567109084596107,0.92645274820541,0.00843651056016721,0.004328904305968061,0.005110746082493626
224,0.04676183916791383,0.9433557174869077,0.00579952773333473,0.0008924885293400186,0.003190427082503618
225,0.03619155501254549,0.9569250509826148,0.0037103135315886006,0.001042143024301965,0.002130937448949032
226,0.009476632878502585,0.9767034896122474,0.008755204304947715,0.0010776726450346017,0.0039870005592678405
227,0.008370973220450304,0.9878279550304144,0.0016254808975865224,0.001021164428920687,0.0011544264226281244
228,0.008492506350029362,0.9836485096646129,0.003604073875984246,0.0025768735031748463,0.0016780366061986646
229,0.018169526634715216,0.9688013589728929,0.0015937430734501456,0.006211934568700226,0.005223436750241723
230,0.022728734401668824,0.9574107071701302,0.00314873006693104,0.012130690525997667,0.0045811378352723486
231,0.004296935346074363,0.9872018106971356,0.0011577140854680604,0.005228498288458086,0.002115041582864032
232,0.06313371404163151,0.8076263360514381,0.001852990278462393,0.10762171556562138,0.019765244062846597
233,0.014336126785659587,0.02566802469084136,0.0005724133229503123,0.0019753671963580353,0.9574480680041908
234,0.10050735845887866,0.06176715242064021,0.0005552984567180752,0.008316592236612644,0.8288535984271506
235,0.4679792841402079,0.03209990772934654,0.00020022834921489232,0.009633890444072304,0.49008668933715843
236,0.64842618173528,0.05320711538302802,0.0001347870119269346,0.009998769416781796,0.28823314645298337
237,0.27927323285050787,0.07290079889662879,0.0002399433072331191,0.01682838110238687,0.6307576438432434
238,0.3005934782023332,0.4178739715194699,0.0002863301945096109,0.07610554995334863,0.2051406701303388
239,0.23132974271193418,0.35480714092942234,0.00044910688229001346,0.19591332975809927,0.21750067971825432
240,0.26606657411903567,0.30147856764126263,0.0008009393714730394,0.17953949804417466,0.252114420824054
241,0.19318748025967272,0.3586838142580336,0.000949516301424414,0.20139216197398088,0.24578702720688844
242,0.32626338259303567,0.3454862547248187,0.0005382069335427638,0.1508670447618379,0.1768451109867649
243,0.1549487439079341,0.5698557963185894,0.0005331976761340882,0.15481575606050427,0.11984650603683808
244,0.2650899464482589,0.2970064856978869,0.00043651016513080387,0.1894938232024319,0.24797323448629152
245,0.08211966696829216,0.7122480960742015,0.0004835785803831817,0.18185581564269165,0.023292842734431544
246,0.025037575442420426,0.04584350136777765,0.0009485496215532716,0.006377866465604882,0.9217925071026437
247,0.03614304546443997,0.01873331689158352,0.00014867122401719893,0.011364340435658834,0.9336106259843004
248,0.025792985606820737,0.018513124862415506,0.00019604073904798953,0.007859793616457823,0.9476380551752579
249,0.23837560139219982,0.029563951026746502,0.00016426013291583947,0.036658066745498284,0.6952381207026396
250,0.46540107564351996,0.025308805220845776,0.0002045100317810343,0.0609115707770352,0.448174038326818
251,0.5808743283213743,0.13290969474312425,0.0007586580688073033,0.1261351175480376,0.1593222013186565
252,0.24182730262878607,0.06936883845574349,0.00029671637849778995,0.2492673002641139,0.43923984227285884
253,0.0440718554415222,0.0306128756492919,0.00016959833129543835,0.03476149762662933,0.890384172951261
254,0.011406926793075095,0.009854917039221395,0.00019386313833262184,0.009551076264186957,0.9689932167651839
255,0.04183519133339512,0.016488629343250752,0.00010722516135916644,0.009854924341888976,0.9317140298201061
256,0.21314473538217454,0.012141917246589843,0.0001686780972591527,0.005417586516311103,0.7691270827576654
257,0.7482549650691949,0.01645639120220601,0.00014934094444590088,0.013769894597017945,0.2213694081871352
258,0.5784600446002136,0.05086496856171,0.0004853848617167092,0.13938425186551143,0.23080535011084835
259,0.09294316126526701,0.017776981446716612,0.0003195914666962829,0.05343656172888409,0.835523704092436
260,0.22868768952732288,0.03500686126567164,0.000404777385790839,0.2225777646949074,0.5133229071263072
261,0.49463999385597784,0.032630599502289824,0.0004456753476666173,0.20628690063232014,0.26599683066174545
262,0.6001540660511523,0.055958248676592964,0.0004399428474965189,0.17174797522670984,0.1716997671980484
263,0.25484615579157766,0.045461901538352396,0.0002024472848482877,0.6709851120358067,0.02850438334941512
264,0.1758912693203712,0.2175827993323171,0.0005793126910960566,0.5658139556737558,0.04013266298245987
265,0.09397905176251072,0.39239268981508335,0.0012586786943084378,0.5013267393471097,0.011042840380987774
266,0.09586433074559789,0.4097997665939355,0.0011645229824266703,0.4665802577377231,0.026591121940316705
267,0.04190280447613019,0.8768947594268884,0.0006486583992042074,0.07602819068092372,0.004525587016853512
268,0.25958496886363847,0.3352905727520226,0.003302948670342302,0.11273571702215338,0.2890857926918433
269,0.5019817179131153,0.3530539297611989,0.0019155601413333285,0.11517425869171576,0.02787453349263657
270,0.0460655514585229,0.9439026618130404,0.0022859940762940826,0.0064118312140159965,0.0013339614381268025
271,0.4643586235143472,0.46530328383451225,0.004856029074038361,0.03886729090365371,0.026614772673448438
272,0.02172745147626745,0.9703051613284067,0.0032000853194014502,0.003815586375591643,0.000951715500332763
273,0.02418097205637308,0.9647186672059777,0.004814971432705084,0.002516425794263814,0.003768963510680215
274,0.02241189619738295,0.9657309981842794,0.003325732034147641,0.0025077859010628925,0.006023587683126886
275,0.11096183457337258,0.8391096758204126,0.003613679914012133,0.023289872723160094,0.02302493696904254
276,0.020975247215835862,0.9727055033942285,0.0006465285884053479,0.00400974533354914,0.0016629754679812773
277,0.0680741305957617,0.893397980800858,0.0025699465783095786,0.01892466513555816,0.01703327688951271
278,0.006861272978603833,0.9869164490721778,0.0017854581763297255,0.003651411910483356,0.0007854078624053811
279,0.007365371099342696,0.9817917534060757,0.0018922478781517433,0.006118243228616249,0.0028323843878137658
280,0.038405480812878645,0.03795985802377352,0.00057692645029444,0.004224526786737155,0.9188332079263162
281,0.49886135232755957,0.30683875691928125,0.0007133245978547465,0.09463001198408569,0.09895655417121876
282,0.14455633650241986,0.8200683062534851,0.0006132359442162016,0.018478765720879354,0.016283355578999317
283,0.21150303490913486,0.7472634717155139,0.000901689217419231,0.009182402066203674,0.03114940209172811
284,0.19543835756240083,0.0481933300150758,9.799497387868418e-05,0.022559130764338745,0.733711186684306
285,0.08131175818325333,0.8985738733131805,0.0014368661139020655,0.013239354544227077,0.005438147845437126
286,0.32635225581358246,0.11089261469050048,0.0004655414787951093,0.019120386303661373,0.5431692017134606
287,0.10343993895001613,0.8827661408220304,0.001120442185994219,0.007307885912671407,0.005365592129287999
288,0.006264847991552675,0.9867585363256658,0.002494883583697485,0.0035297022996014157,0.0009520297994823222
289,0.08641291213717621,0.11889481158316248,0.001221900470454789,0.0045674949228041665,0.7889028808864024
290,0.2996215275567249,0.5428828553448645,0.0014246220981709245,0.01469054573561287,0.14138044926462684
291,0.00886841495497524,0.9834751300734355,0.0048324644427062335,0.0014176948695822035,0.0014062956593009735
292,0.08113216881269066,0.8911671391500451,0.0026558768177125202,0.009578251834999399,0.015466563384552316
293,0.02980311614899654,0.8780414874052512,0.0048566218674798165,0.05293628661101257,0.03436248796725979
294,0.11918292453370863,0.5765211632907022,0.008917641293865368,0.1397547105859866,0.15562356029573712
295,0.0397465929578938,0.09251363519910341,0.0033617080227658675,0.020226022430462922,0.8441520413897741
296,0.0016755470968701665,0.0010336455355579985,0.00017611901726292896,0.0006924810803930142,0.9964222072699158
297,0.04008458879506353,0.004342433712104984,0.00019735989336137932,0.0026804183480290495,0.9526951992514411
298,0.024973847981516438,0.0043960807433919315,0.00016939403408877278,0.0017225904469521114,0.9687380867940508
299,0.01625379053420294,0.003112404212360352,8.75817897357959e-05,0.001175237568048785,0.979370985895652
300,0.04245906815531974,0.0036455454190704698,8.044482760382532e-05,0.00162652376343805,0.952188417834568
301,0.10459371440957893,0.006885771531244137,0.0004725064432330251,0.01277538643036144,0.8752726211855825
302,0.11209651729901299,0.02027456095510913,0.0005881239048661507,0.02470968435371627,0.8423311134872954
303,0.05184415419034159,0.007958641064538079,0.0008304249758954277,0.01193875389754546,0.9274280258716794
304,0.01757367108898904,0.0023770768378356937,0.0006021150610057408,0.0037557963535802185,0.9756913406585892
305,0.14124707014845148,0.002807508498700481,0.0003979158332242731,0.005140699741920688,0.850406805777703
306,0.09873402561281339,0.0020168874603266533,2.710869477135034e-05,0.006612024452201795,0.8926099537798868
307,0.06330554293422226,0.0011450890840973584,3.193603975115552e-05,0.005524316359103466,0.9299931155828258
308,0.12019514006849547,0.005504249905655208,3.908784095744081e-05,0.02085746908616551,0.8534040530987265
309,0.05737636401290445,0.007625100069769179,0.00010222546234450629,0.011191094276300733,0.9237052161786812
310,0.21688852199281347,0.006928372989302395,4.296636073524366e-05,0.013400772290254407,0.7627393663668944
311,0.19008756421259734,0.010310222054802629,8.75211317240683e-05,0.010523335657919528,0.7889913569429564
312,0.14214337210539463,0.0041558054060486255,2.0677034787084822e-05,0.007645490777732729,0.846034654676037
313,0.12057288200369044,0.008909709865164648,4.164576486982741e-05,0.010330974139544693,0.8601447882267304
314,0.05148050999923394,0.0024905080075101234,9.937530481515406e-06,0.005418166016710027,0.9406008784460643
315,0.02567828457081748,0.008732430074858836,0.0010718244392069743,0.0019533054911521778,0.9625641554239646
316,0.02314943378335942,0.003996587493997069,0.0009570408235252381,0.0005396568988330972,0.9713572810002851
317,0.039150229139307526,0.0025568791303896676,0.0004824303698299587,0.0010719516017868142,0.956738509758686
318,0.02323322707934928,0.0009943022619993186,8.495383405900608e-05,0.001025933197319641,0.9746615836272727
319,0.15580925945169743,0.010732579160881965,0.0007429253972612825,0.006219390472340534,0.8264958455178187
320,0.10088336286816031,0.024007639928894233,0.002967205278001342,0.020353600207964104,0.8517881917169801
321,0.026792706349849742,0.009651899385004615,0.0030146030470133544,0.005680137035498675,0.9548606541826337
322,0.025815249232083205,0.005633737769113817,0.00046011939687546965,0.004805831666941759,0.9632850619349858
323,0.006091871241761273,0.0013057643023301959,0.0003765999831079809,0.000400352082296799,0.9918254123905038
324,0.05707400346418216,0.006994991880770337,0.0009983436236820494,0.008869437820956427,0.926063223210409
325,0.038937702558547,0.002987446402087453,0.00018259394875888685,0.003053045566655131,0.9548392115239516
326,0.11069951019755597,0.004593031964352901,0.0003764306102133782,0.0065265608354598765,0.8778044663924179
327,0.054602170117147374,0.00480842032601084,0.00014684831286383753,0.003206311678161546,0.9372362495658164
328,0.022520718600363115,0.00218477321615526,0.00010049202989786009,0.0010957468748326446,0.9740982692787512
329,0.0331777454650155,0.0031015924271642695,5.911129209481394e-05,0.002342868192188411,0.9613186826235369
330,0.0041428080241304325,0.0012754098940567838,0.0013838892934116766,0.00032988397115386994,0.9928680088172472
331,0.027431989172589537,0.0012063005659902106,5.7382489563049095e-06,0.0005942347191097863,0.9707617372933541
332,0.1380764170132361,0.006953397406426399,3.871718744320182e-05,0.0015056769409752104,0.8534257914519191
333,0.11364739384012716,0.010707747665313551,4.9626883959558744e-05,0.0019576950115682843,0.8736375365990315
334,0.1489248857527274,0.009512613824070962,0.00010216039323389473,0.005988486378030337,0.8354718536519373
335,0.031247859171330716,0.015003088116098455,0.00030853700421092496,0.006344857024212223,0.9470956586841476
336,0.03994933153356336,0.008066934404541058,0.0011933146923733418,0.004762126983960417,0.9460282923855617
337,0.05022190708115787,0.009358402625198147,0.0012084382120033693,0.003366970485105908,0.9358442815965348
338,0.04024805124334729,0.00636814644002572,0.0017457164339096923,0.003321482029473196,0.948316603853244
339,0.007620261146695523,0.0019917937908096543,0.00036216009329484623,0.0006735164262236039,0.9893522685429764
340,0.02858540715076052,0.004695876152852143,0.0009739449475066607,0.0011335919670712293,0.9646111797818093
341,0.026708814116429985,0.0010314894318839251,4.929200084281159e-05,0.0023497044397137235,0.9698607000111295
342,0.0914414547491286,0.004056523489038969,2.0111918185632003e-05,0.011933059853068561,0.8925488499905783
343,0.0036617994552448486,0.0024266323291217942,0.0002616492009745008,0.001161707953999957,0.9924882110606589
344,0.11720220907386406,0.013856944167159355,0.0006563551730056389,0.009512288232981348,0.8587722033529896
345,0.09217576801685301,0.0073500730478130785,2.3975606412341498e-05,0.0034673281134735127,0.8969828552154482
346,0.0165743514095147,0.006963537265677149,0.0019511251442971432,0.0027385885972231847,0.9717723975832878
347,0.004641846071759783,0.003920128084029989,0.00031422854547477055,0.0015523881049081356,0.9895714091938274
348,0.006707494143568541,0.00409058252070142,0.0011696166571371139,0.0008717574216326446,0.9871605492569604
349,0.020402312276448602,0.0021636599815882014,9.309830007998606e-05,0.0012177445574970771,0.9761231848843861
350,0.16917830696556935,0.006180872735456555,0.000534015070070162,0.0024826432578420815,0.8216241619710618
351,0.23939221444669864,0.018822524590379853,0.0008416362398186033,0.004474225685841373,0.7364693990372615
352,0.49136295091060805,0.04586831798775989,0.0004981121824246478,0.011476821132208116,0.45079379778699935
353,0.08907394618813176,0.029858196407318894,0.0006555160008780718,0.008044499334995375,0.8723678420686758
354,0.009467269829302198,0.007658549655268083,0.0003374341928296402,0.0013346952725766955,0.9812020510500234
355,0.008988080104679481,0.006321027519956374,0.00035687191164151947,0.0006606568231954374,0.9836733636405272
356,0.0004777761167380187,0.0007922548107176227,0.0001638766449904399,0.0003068816081240191,0.9982592108194299
357,0.0012204841341538501,0.0010269075313589701,0.00017943391973052007,0.00012887677591629586,0.9974442976388403
358,0.0015567247390568383,0.0008957996313931028,0.00010878082026851836,0.00010258382162430593,0.9973361109876572
359,0.019371770149320212,0.005431901828707932,0.00351730878822993,0.00029040061760281385,0.971388618616139
360,0.002935326635125798,0.006295259567230462,0.0004229257314917505,0.0010432640310681551,0.9893032240350838
361,0.0013523211506035321,0.008652970749274059,0.0004310181312102067,0.0010628574778629289,0.9885008324910493
362,0.11317478353474832,0.018496834664375957,0.28447187574956095,0.0008680492558081023,0.5829884567955067
363,0.010769149176977202,0.002911675991609608,0.00027498637939833194,0.001480362356345967,0.984563826095669
364,0.0091520472052341,0.0036516932573373993,0.0004683610030492896,0.0009601163005618344,0.9857677822338173
365,0.0918181754795715,0.001823776577678621,7.752267930703336e-06,0.002963033496971439,0.9033872621778478
366,0.006901603932820933,0.0014185155827789082,0.00015998241067235054,0.0005642183221499422,0.990955679751578
367,0.10517843734228012,0.002339376251455216,1.423090282074773e-05,0.0009359049676036532,0.8915320505358403
368,0.08730081037054765,0.0026671618665056753,1.127556490171228e-05,0.0013350069734366107,0.9086857452246083
369,0.011277827628188318,0.0006412739273191329,6.239553110653399e-06,0.0002606371047155393,0.9878140217866664
370,0.006123949448646514,0.0004354963320348205,1.6205404996802877e-05,0.002017502000556676,0.9914068468137652
371,0.01912665803449225,0.00043731467577781853,1.3491028210090132e-05,0.0036686464103323256,0.9767538898511875
372,0.08237962916671814,0.0014653981622445296,4.4603270308578526e-05,0.007493769485813744,0.9086165999149151
