epoch,N1,N2,N3,R,W
0,0.008731802348444279,0.0014415752962851848,6.286186601974127e-06,0.0005666920968838495,0.9892536440717846
1,0.018887991306367216,0.004372961839590749,1.1642264563605176e-05,0.002632869388248572,0.9740945352012298
2,0.006252208743736388,0.0008838716600101591,5.408462333864065e-06,0.0007182369455050846,0.9921402741884146
3,0.01973340127378658,0.0047130065405184786,7.829450663561613e-06,0.0020415753352450517,0.9735041873997864
4,0.03139229446248003,0.010517213504448616,1.9100994218048858e-05,0.004382275540082734,0.9536891154987704
5,0.020041021364215456,0.0018325967465166503,8.509510031385616e-06,0.001089557247706473,0.9770283151315301
6,0.05606937730017069,0.004781261939572435,1.1430921772520921e-05,0.003440542948238637,0.9356973868902456
7,0.15902094877229594,0.011506615976830873,2.4969927240352172e-05,0.0073465703211308755,0.8221008950025019
8,0.19989432634182314,0.023541159788422774,5.9273136850589156e-05,0.010254025096507222,0.7662512156363963
9,0.018406539521529167,0.004422280668719909,2.562375756143343e-05,0.00223784938547818,0.9749077066667113
10,0.32901026507260794,0.08934348575318755,0.00021425732456733146,0.026620823395761523,0.5548111684538756
11,0.23647795870567423,0.014283958305939913,4.751197271144988e-05,0.011287747657931847,0.7379028233577425
12,0.2128245280623908,0.019391551889850343,4.1725558114478886e-05,0.003695881332555158,0.7640463131570892
13,0.16088486185374906,0.11951769017464853,0.00022440646597125571,0.007378477960088919,0.7119945635455424
14,0.045559536432371456,0.017788473334523772,2.3690959222498742e-05,0.00144638995904993,0.9351819093148324
15,0.0004542317483218459,4.337318515175609e-05,5.213881334881826e-06,1.6306280458498994e-05,0.9994808749047329
16,0.31425996548168017,0.05247346475916761,4.024843488529482e-05,0.009186652286628356,0.6240396690376385
17,0.1534052264793684,0.014591935889068524,1.362359170020571e-05,0.0044994724835699385,0.8274897415562928
18,0.17838527452884456,0.00560150684131816,9.553425857847956e-06,0.0041309908014721935,0.8118726744025072
19,0.13378083644383476,0.08325449815656134,0.00013635410903749755,0.008651971007940396,0.774176340282626
20,0.3194729838190902,0.20589868258765093,0.00010993749872183952,0.004348468085959838,0.47016992800857726
21,0.48360108007616476,0.07822642497577928,0.0006318576797690183,0.006265582460043354,0.4312750548082435
22,0.3215061950478813,0.17947397393607142,0.0065491344520877265,0.0030405662506559528,0.4894301303133037
23,0.1542644210259932,0.12586136459410263,0.005619565970400381,0.0009015120598180167,0.7133531363496858
24,0.13256548880133426,0.14610786008606858,0.0037148140469759803,0.0019791722100886274,0.7156326648555327
25,0.18778416274704124,0.25601949715464223,0.0034909257954941534,0.0014208856384885272,0.5512845286643338
26,0.08600985078339456,0.08893790108528475,0.0031392005788887963,0.0008831358300744589,0.8210299117223575
27,0.00559978342205795,0.016347215192692728,0.008701002995346832,9.959973143443494e-05,0.969252398658468
28,0.01922469368831099,0.004778613695798654,0.0002826213971301127,0.00014916131213416295,0.9755649099066261
29,0.060053912102647274,0.015631461514375646,0.000576130363561739,0.00023199999804658351,0.9235064960213687
30,0.1597878433703878,0.038195605117634486,0.0008181291189323491,0.0005566788310080632,0.8006417435620373
31,0.20014014416327455,0.1830563704019432,0.002831164423218914,0.0012422965723842684,0.6127300244391791
32,0.12137833834153203,0.11508466204325545,0.028699090435569154,0.0004526316596967784,0.7343852775199465
33,0.08683752951152779,0.06898840253965752,0.00416162010814939,0.00041458603772910493,0.8395978618029362
34,0.14793419208655312,0.1366292967740633,0.007124709075342041,0.0008896407498373056,0.7074221613142042
35,0.5039698020141785,0.1734317664812297,0.02430821513462894,0.0012102810232129165,0.29707993534674987
36,0.21643460629943584,0.21181370256856813,0.010381011154402684,0.0016477002903920852,0.5597229796872013
37,0.27082680680539595,0.34081997060277314,0.029981522720724355,0.002277697899060581,0.356094001972046
38,0.15640122418451574,0.17878308920741104,0.027640007217975684,0.0015261574231450515,0.6356495219669523
39,0.13544325220594583,0.6850626389651139,0.07003530913143544,0.001672326341725534,0.10778647335577916
40,0.12418916001304309,0.633162864745727,0.06218994784299213,0.003749811459779851,0.17670821593845779
41,0.15914824530776203,0.39423628902884084,0.0038727344560942445,0.004979757639982632,0.43776297356732036
42,0.24002299068500613,0.5136517767938529,0.04133390011365206,0.005914232744601524,0.19907709966288742
43,0.22679891732679933,0.560250108824591,0.020275822079440942,0.01119945882631845,0.18147569294285026
44,0.2710126921133622,0.6394893628314101,0.01755510965893927,0.004625544849700415,0.06731729054658814
45,0.1045253144765587,0.34859426824866757,0.06369025517169608,0.004662037147235926,0.4785281249558418
46,0.06237372626030649,0.37220347420136296,0.06033811354576981,0.0038129334768982315,0.5012717525156626
47,0.09554414231599959,0.507292775158811,0.14555116520761602,0.0025113502505414763,0.24910056706703207
48,0.1819307850605879,0.5677648964488918,0.08265433310953234,0.0025963606453318984,0.1650536247356559
49,0.11176651872046228,0.48289593315776563,0.08801210729215878,0.0024393275824847057,0.31488611324712856
50,0.06664161376106999,0.33896853480307193,0.05899142183431722,0.0019120650610575452,0.5334863645404833
51,0.023138059232532197,0.2472444268053578,0.2259772430407527,0.0014362393031107615,0.5022040316182466
52,0.07405194750630778,0.22881247522853804,0.17209037707876,0.002387818860837561,0.5226573813255566
53,0.011438165696492582,0.38432393901191614,0.3059858293843777,0.00125772545494459,0.296994340452269
54,0.03419256078955073,0.16544372107151675,0.09283914329314007,0.0017633100239954921,0.7057612648217969
55,0.04586302708345227,0.4036630486054273,0.41289050825505363,0.0017467393083260409,0.13583667674774072
56,0.040880234918125875,0.17602373611521438,0.020992573003854,0.0017987788920717767,0.760304677070734
57,0.10260737348666246,0.5330839708595134,0.08419533562827612,0.003895659636399543,0.27621766038914847
58,0.17024304760796632,0.39451680797476707,0.05974751059823066,0.0036151576197808078,0.37187747619925515
59,0.07870438318742005,0.21799982208611382,0.05730496091578297,0.0015618003701611699,0.6444290334405219
60,0.1768579038528625,0.6719972159509487,0.02379955778523343,0.002591667682872943,0.12475365472808238
61,0.16995917338809163,0.5205397011719672,0.08326656949700582,0.0024109050647557625,0.22382365087817951
62,0.04534462740098633,0.6382644332821974,0.1954637904188557,0.00125788313443442,0.1196692657635262
63,0.15227660877432092,0.4962495273991772,0.03350343430262265,0.003047889009300717,0.3149225405145785
64,0.11571687863824107,0.34605269403446304,0.07825139191351316,0.0014092119396071708,0.4585698234741756
65,0.06223932421378604,0.37119835395999107,0.12837523583848168,0.0029753467263256284,0.4352117392614155
66,0.05286563157916445,0.29131334094461836,0.04861146164606734,0.0018432128726104363,0.6053663529575394
67,0.08984715149672051,0.4695894876398911,0.18494712208342434,0.0016102403891020986,0.2540059983908619
68,0.09838702421530042,0.383358487843998,0.1617336410662217,0.0027322568900308842,0.35378858998444895
69,0.014054093823813955,0.5424649485119415,0.2800342137151403,0.001000000942847043,0.16244674300625717
70,0.0494370832682296,0.11591622047758798,0.059669146383506996,0.0008940939699050732,0.7740834559007703
71,0.00925524408361764,0.24244074116729922,0.6983401657041098,0.0008177794187911786,0.04914606962618226
72,0.12195720225141486,0.13295490713883557,0.004820827613752407,0.001554822520276075,0.7387122404757211
73,0.10538378079429368,0.6447657324812409,0.08939092301124546,0.004439782527007345,0.15601978118621257
74,0.22936613247889728,0.4376650044495613,0.0598596177800494,0.0029531547879572298,0.2701560905035347
75,0.1601854192928632,0.6765356929867975,0.10509226482150284,0.0011175654421987475,0.05706905745663792
76,0.041697626638461494,0.49008579499979166,0.36101829831552595,0.003049820090481333,0.10414845995573961
77,0.018589358687196477,0.5099159172771125,0.4492411474620773,0.0007566442604893658,0.021496932313124592
78,0.06533589259945113,0.36735138867586753,0.26657189921779323,0.004683247091546243,0.29605757241534175
79,0.05427482147591891,0.6131209284589796,0.1963424726791838,0.002248964828620935,0.13401281255729677
80,0.14368422107044546,0.23629347755114977,0.03165469745484705,0.006177096482675307,0.5821905074408824
81,0.04397103336566767,0.5532401473592036,0.2918101209615434,0.007361923705327413,0.10361677460825805
82,0.12009971336501608,0.34739519497097027,0.04241712718537016,0.01639719737277639,0.47369076710586705
83,0.11312351518541176,0.6403159765031841,0.08058295169497184,0.014961723022868361,0.151015833593564
84,0.2773426307923072,0.41584972184296665,0.010306666256994874,0.02445068017160809,0.2720503009361231
85,0.08123299885172158,0.6513146507532929,0.10497548293028272,0.01655315424792576,0.1459237132167772
86,0.18434760981043163,0.10863467166599326,0.001207530460106589,0.008747023442193741,0.6970631646212748
87,0.1939566856827647,0.39284508521957945,0.04573041199442417,0.010073343402778693,0.3573944737004529
88,0.30437035376023003,0.22023781943971282,0.03658335322353096,0.0076539860425761585,0.4311544875339499
89,0.23269986202287518,0.25165272249752285,0.051702746003136145,0.006064340892673315,0.45788032858379246
90,0.10852904051673377,0.14402542447923855,0.02536332822597611,0.0034289089439714475,0.7186532978340802
91,0.11300799492416838,0.24760654377014296,0.041362954938732654,0.002778976661493364,0.5952435297054626
92,0.2266211567007531,0.46619318716876035,0.05055695404799467,0.0035373825615540584,0.25309131952093794
93,0.09607950682450168,0.6482004084142788,0.03673103540936384,0.004521170335378533,0.21446787901647715
94,0.14478596755571477,0.3632159262004887,0.013897738495568126,0.02839384646204446,0.4497065212861841
95,0.05455100321068856,0.6435990051819322,0.07285953949456248,0.01573656494193859,0.21325388717087826
96,0.14880094152732,0.24756572408087424,0.009209809279808951,0.014132923645411199,0.5802906014665856
97,0.07875091010118367,0.7245567937901101,0.02069287528483217,0.01735941193570769,0.15864000888816657
98,0.1646904639817007,0.1557095385919132,0.03746817945848725,0.0058277657096850975,0.6363040522582137
99,0.17114516205120103,0.6490680186574207,0.06617480713105513,0.008348755855571384,0.1052632563047518
100,0.0911582005220047,0.1389254050263629,0.010122490978989679,0.007280670400036159,0.7525132330726066
101,0.13156333646238846,0.36586165178731184,0.14583526319492532,0.006646556915368737,0.35009319164000563
102,0.13657733671971692,0.5481367170809279,0.08512164365371874,0.0032485343302199217,0.2269157682154165
103,0.15479720627462287,0.05130443313044608,0.004631284704537707,0.0030428781416108543,0.7862241977487825
104,0.42104976950130896,0.2495536380496143,0.017377069655280238,0.010026629605805484,0.30199289318799105
105,0.11842494125550022,0.5405304738260238,0.11648018848450509,0.00643521917128612,0.21812917726268483
106,0.15714524997122237,0.0576835827552033,0.0003056024473765718,0.0024892621990938108,0.7823763026271039
107,0.1531591041361111,0.29638249510507264,0.007423047176348578,0.013529394538304883,0.5295059590441629
108,0.24323965704265027,0.2064727474252606,0.002569033085917202,0.007786424356408223,0.5399321380897637
109,0.38023785775430596,0.2916877567097941,0.007550445444408277,0.005779703537511745,0.31474423655398
110,0.22770848920773418,0.4882077896714711,0.027012423761579276,0.011642880223645067,0.2454284171355702
111,0.4249405367671563,0.38157269393628723,0.0680579318591806,0.0032712454965812317,0.12215759194079463
112,0.22962073357454305,0.570079151417655,0.013324288274836086,0.011204599524458413,0.17577122720850744
113,0.07393650721123793,0.7063982547430349,0.11463134491427412,0.01000624775772607,0.09502764537372706
114,0.1546164131149447,0.7312894531050977,0.048899207745420455,0.01047214122011449,0.0547227848144225
115,0.23907959011004654,0.5198652844754083,0.054755010065349205,0.009347449396728007,0.17695266595246786
116,0.2258811077025926,0.5482135409366589,0.06868332460170401,0.010387392220296417,0.14683463453874815
117,0.1995221810060677,0.5982266610456018,0.14178742000091668,0.007580311689596413,0.0528834262578174
118,0.3253088455073228,0.5969537181762844,0.026319784653116088,0.008484443841488876,0.04293320782178803
119,0.09924343390684746,0.6525492390085699,0.09748910182370275,0.01393204536593733,0.13678617989494257
120,0.182579750277435,0.5905959135728487,0.11731936122233814,0.007855711533741986,0.10164926339363607
121,0.2138179498783643,0.4472069664721443,0.0556676247974989,0.006111240782548009,0.2771962180694446
122,0.12941657418867267,0.6083011433667909,0.20362554069090605,0.006196938991408466,0.05245980276222203
123,0.504204739462173,0.18924242838215724,0.01330579149648365,0.007017494721155562,0.2862295459380305
124,0.09977688625251838,0.6302073264510389,0.2393421270527406,0.0030026824108985795,0.027670977832803482
125,0.26130504232239327,0.462296007602433,0.043548881382808595,0.021354081461507055,0.21149598723085816
126,0.06841418063056649,0.8454162168771959,0.06266582672205762,0.005335155459093245,0.018168620311086833
127,0.08213462235561798,0.2965350851334593,0.07279604858463272,0.011430982235105103,0.5371032616911849
128,0.2008915817244009,0.42049964978763876,0.011294989223886356,0.0077254347765983965,0.3595883444874756
129,0.3802722587191209,0.48772787289291125,0.017407146211012157,0.01027852136757154,0.104314200809384
130,0.07419875027038549,0.7381396636759474,0.1191796727379931,0.005628879015123956,0.06285303430055011
131,0.44903737163145063,0.4676413627929066,0.03201446239222512,0.00898025970387772,0.04232654347953991
132,0.34033419730943276,0.567204337876739,0.019396244107315854,0.012860178386894362,0.06020504231961813
133,0.1628313188696838,0.7124992157511182,0.037663629316511064,0.03140750061023874,0.055598335452448126
134,0.15592975884483842,0.7558423266840562,0.037338838000449064,0.016052781947316356,0.03483629452333993
135,0.47002675531748916,0.4412729085343968,0.013966664351005966,0.008263174846922367,0.0664704969501857
136,0.045242541451594315,0.6646879939024259,0.22478728814096716,0.011468891758304843,0.05381328474670788
137,0.36148348645716305,0.3707927843240083,0.011621430042492394,0.019347231426486918,0.23675506774984945
138,0.0338871244940788,0.6719142088524762,0.26664470870873475,0.009166419731205539,0.01838753821350466
139,0.2564737373506732,0.361893225153831,0.011794195379871785,0.01950639877593566,0.35033244333968827
140,0.32093406032675353,0.3550292095436356,0.025549098174227094,0.008500498105139895,0.28998713385024383
141,0.09267437334822372,0.7842865986207327,0.08990182035074767,0.010647490206025166,0.02248971747427059
142,0.5285073045004498,0.3110243956724151,0.005655467471912958,0.0059715453139797675,0.1488412870412424
143,0.18258547307432813,0.694530568456882,0.045080969416757,0.006376724580051711,0.07142626447198093
144,0.04878184751314884,0.7676401557960408,0.13738252956014854,0.01219277398759428,0.034002693143067725
145,0.43363957123536706,0.4215774476396446,0.03103322724699742,0.009875670790401837,0.10387408308758904
146,0.33110893540577735,0.4297289607394281,0.09909484460502824,0.017917658908714502,0.12214960034105182
147,0.4355173190268402,0.3732280458523412,0.08897427550071316,0.01587646291960818,0.08640389670049732
148,0.1391875586041761,0.6996109739128327,0.11784209473035527,0.013895678424516668,0.02946369432811931
149,0.026764833389677035,0.6733454238693337,0.2811424920706646,0.008385421164937892,0.010361829505386761
150,0.13648871029408524,0.5492717111839832,0.11330427039161303,0.019235825654071996,0.18169948247624662
151,0.06507714800936304,0.8100946382670726,0.06752734187353952,0.019052448869237005,0.03824842298078785
152,0.16066114641302615,0.520850450624073,0.20021505553717678,0.014730078328425354,0.1035432690972987
153,0.11831096678949314,0.616602024791494,0.20284335484399088,0.010670522537925144,0.05157313103709684
154,0.19284031378644328,0.5898659305821884,0.1371031849155392,0.010386522484910031,0.06980404823091922
155,0.10552798426267665,0.6261454261736059,0.23095477389105415,0.00957149656463279,0.02780031910803042
156,0.05294540834220917,0.8755733116733201,0.04995984396569673,0.011088504279811182,0.01043293173896269
157,0.037375834461551204,0.75749134648091,0.16981448380620967,0.016095857126254026,0.019222478125075156
158,0.2806899045153885,0.17031737250004114,0.003930025295136806,0.013312679720658449,0.5317500179687753
159,0.39791827465695556,0.17927450347636378,0.0054307949310430734,0.02509076937302112,0.39228565756261646
160,0.26435448691875346,0.39003813831651374,0.012477777707457784,0.042843597169808074,0.2902859998874668
161,0.2503388228450449,0.056746197313579994,0.0003169279426058006,0.03699393244786952,0.6556041194508997
162,0.25340897576952826,0.3651864057687661,0.000801845754549881,0.11868259243241885,0.2619201802747369
163,0.05416670418689378,0.03313018942095964,0.00025957197713901765,0.026230679513517628,0.88621285490149
164,0.1348120180426182,0.05832308810938053,0.0002508433498818914,0.12528077030295764,0.6813332801951617
165,0.054312138268935176,0.011370613493206765,6.896359650834037e-05,0.05870381823848239,0.8755444664028673
166,0.06315329043690895,0.025889234327690896,0.00030366517489946373,0.05136746447933541,0.8592863455811652
167,0.08746570403980312,0.02308132277032236,0.00015933766724903557,0.07048494535366351,0.818808690168962
168,0.37109847649805955,0.0841308640741467,0.000589697950884008,0.3203546044080153,0.22382635706889442
169,0.151170806186367,0.025062934441039977,0.0008822549243255945,0.08984559217461577,0.7330384122736516
170,0.09346245935751321,0.011514490661199505,0.00013748720378877296,0.053856279360361727,0.8410292834171367
171,0.25098514193992083,0.11569852382312791,0.00018567010012866515,0.42833235805229897,0.2047983060845237
172,0.0933373445056514,0.03368671194001795,0.00024082919022308188,0.06817177216373504,0.8045633422003725
173,0.06967948005706731,0.06553817887561755,0.00019494971277409605,0.05727718320334097,0.8073102081512
174,0.2107459896679897,0.04604554923925323,0.00012087285547780596,0.14353051909949224,0.599557069137787
175,0.3152823584321748,0.013049754144099299,3.5667983815235274e-05,0.09528964761102837,0.5763425718288824
176,0.42741964997531257,0.05749377138597022,0.00015790949650842492,0.2602216758916243,0.2547069932505845
177,0.04624692942275837,0.01759377167703737,2.368681278015682e-05,0.05480505714967243,0.8813305549377517
178,0.30839893177294053,0.11537398714706133,9.773821985974206e-05,0.29982588854604236,0.27630345431409603
179,0.08732841351000128,0.017256187548574844,3.245499535819912e-05,0.09583633672990113,0.7995466072161646
180,0.12900110196149764,0.036293548803192285,6.157429270570993e-05,0.06595246872450375,0.7686913062181007
181,0.4276510091817666,0.03125485707360445,6.0110909732204816e-05,0.1900995672516184,0.3509344555832783
182,0.5953682795164272,0.047167813430615955,0.00013614557431186313,0.11554249213056358,0.24178526934808142
183,0.43969473706533846,0.07769829463334708,0.00027472534020222785,0.25317000628025926,0.22916223668085303
184,0.15661278750306426,0.040752643047076695,0.00020518054732259896,0.2689433486992626,0.5334860402032738
185,0.2040537555695391,0.0667840440734976,0.00029459967375884975,0.508884803538786,0.2199827971444186
186,0.1704963256213854,0.04801766835675447,0.0008646193241716883,0.5104135920589246,0.2702077946387639
187,0.07198060616151156,0.008832998354451239,0.0005432817753561954,0.02837201313123216,0.8902711005774488
188,0.3258633879013656,0.06082737311706496,0.0002514816511391039,0.4454052876023109,0.16765246972811937
189,0.053215309089934576,0.03340288495967008,0.0006493767553548654,0.13366282571945765,0.7790696034755827
190,0.12119262719904901,0.03910318399202308,0.0017153640614937338,0.1228406819083245,0.7151481428391098
191,0.0812067625229023,0.01524623900044884,0.000241835797522866,0.4277996837721918,0.4755054789069342
192,0.18470640046488712,0.03024057738629831,0.0007266647137097917,0.7046686702513948,0.07965768718370993
193,0.1041268323779261,0.012162806587019266,0.00015537789165104597,0.5450368834541426,0.33851809968926094
194,0.07075302186546446,0.019959662801551308,2.5003204307450848e-05,0.4532275484042712,0.45603476372440566
195,0.34240254273469634,0.06036411957710717,0.000272103468815611,0.4820310351569374,0.11493019906244348
196,0.385901845433545,0.0622136649558004,0.000492316249508834,0.37978056230089136,0.1716116110602545
197,0.14661078681307574,0.03565546468149141,0.00015924103389588107,0.7792607154182908,0.038313792053246386
198,0.09357463356260136,0.018653617297687317,0.0001436926711705781,0.6250197539584369,0.26260830251010386
199,0.12144693459460715,0.029766815809549003,0.0002909222238002919,0.4552909803910734,0.3932043469809702
200,0.2334772158695203,0.04449025882006936,0.0005604018990072641,0.5913352102713507,0.13013691314005238
201,0.016344015302103037,0.003974748342733302,2.0925789906228257e-05,0.04081582438149503,0.9388444861837624
202,0.232650414760771,0.020123470033805286,0.0001268815653913689,0.33480959540028615,0.4122896382397461
203,0.3586207810441701,0.04085170617481206,0.00025765505317332975,0.22916763165589246,0.371102226071952
204,0.017365705712143995,0.004608266356365166,0.0003337035557352509,0.005354901884437249,0.9723374224913184
205,0.07483690396720304,0.01956694492962902,4.823072302580169e-05,0.10370389985664848,0.8018440205234938
206,0.04172809112156344,0.014752081444648218,0.00010115631569079475,0.038332708207375485,0.9050859629107221
207,0.20563830326438862,0.022692634095604892,0.000674585581605623,0.044398543444259295,0.7265959336141415
208,0.25049943707569333,0.08024709303457947,0.001074949315045827,0.07608811000702,0.5920904105676614
209,0.3206182364658073,0.08188263863999722,0.000698830790468294,0.08847743178446496,0.5083228623192622
210,0.15627509978625637,0.5256593124653316,0.0071337051289435075,0.20976459365423822,0.1011672889652302
211,0.2950438576989671,0.15035257797411494,0.0035206395919549173,0.11280746177333682,0.4382754629616263
212,0.12875953204451296,0.20055531807048935,0.012332343123552589,0.08467139312467473,0.5736814136367704
213,0.38978947724439794,0.12524304052602792,0.002088954564150288,0.1416723002264878,0.3412062274389361
214,0.38884007682087934,0.08080688896757682,0.003014513508726064,0.13563141382396185,0.39170710687885585
215,0.2660136531338856,0.20861402344481944,0.003742991183881983,0.14488736430601434,0.37674196793139864
216,0.35080652999421236,0.07470701279680725,0.004399086239479262,0.08633829144270257,0.48374907952679846
217,0.23897843443918973,0.053486146639787194,0.0005443525919292631,0.09459928567740537,0.6123917806516884
218,0.2293301386857773,0.16175448178860521,0.0012218410414920047,0.2331239499327067,0.3745695885514187
219,0.4254028113622582,0.1369869487217525,0.0007173006343223458,0.24953098301650978,0.18736195626515717
220,0.2677553068054364,0.20606691029377366,0.00044564578296818144,0.31457213497903314,0.21116000213878858
221,0.14934362451944755,0.5646857685697865,0.0085499971583194,0.20596515147658123,0.0714554582758653
222,0.16422175687289747,0.4325293873001816,0.006462502653141459,0.15673834884179486,0.24004800433198462
223,0.19823850105441154,0.5121259275455023,0.004192199205390306,0.20840883978273197,0.07703453241196366
224,0.22507819526645156,0.39148205075276654,0.004241086437303635,0.3280677231373818,0.05113094440609655
225,0.08271468355795597,0.8019136416793705,0.026058739992361548,0.04237051039305988,0.046942424377252136
226,0.09433180695262429,0.7807951292517937,0.016539645278281064,0.08473052738287054,0.02360289113443058
227,0.18129847845058958,0.5724980532253892,0.03940769968481458,0.031400061057203825,0.17539570758200293
228,0.29232844337422326,0.3751146272052823,0.00302415812167944,0.0517485684538325,0.2777842028449824
229,0.2290927119613443,0.5593409477399076,0.08609998145622506,0.017788454729781446,0.10767790411274172
230,0.15559645362702626,0.7204116413486731,0.09089933021329898,0.014609395900632803,0.01848317891036889
231,0.3314459473970069,0.41006296178471074,0.03168366855669875,0.03444715475597827,0.19236026750560534
232,0.21493842594502718,0.5827111617995487,0.10497568619645925,0.017106113260250008,0.08026861279871488
233,0.13630789730919196,0.793758229037144,0.025435252108707958,0.03086233207548302,0.013636289469473022
234,0.20797941692642982,0.6903387949723208,0.029659244372678827,0.006741450984229221,0.06528109274434157
235,0.12584912737121517,0.6786957394539279,0.1467114747258109,0.004905791222094002,0.04383786722695204
236,0.06881848518825069,0.9024771960954497,0.016452843740383524,0.0054731593550626035,0.006778315620853512
237,0.17366606132716375,0.6573363423568875,0.12497044591770512,0.004220386833863466,0.03980676356438016
238,0.019255461951336986,0.740581467281868,0.2291863618064325,0.0026109618819958116,0.008365747078366632
239,0.060771401144127914,0.7614106093960494,0.14082208209880492,0.017018158522257788,0.019977748838759815
240,0.04014093529131945,0.5751001223028538,0.3459425816457926,0.01862260202170648,0.020193758738327617
241,0.09580161761550066,0.7612448644662091,0.07523640021525611,0.03237661357697638,0.03534050412605783
242,0.03734994798246306,0.5991726832532636,0.32246984796290135,0.011394626155064124,0.029612894646307765
243,0.024037861671306452,0.031428962176837216,0.001964041513893721,0.0029791923355133153,0.9395899423024494
244,0.37233310068143277,0.15767402772127517,0.0003229872921854543,0.006166911609342608,0.46350297269576407
245,0.48351906802984157,0.41767103698164837,0.0030887139581851466,0.010172724099678029,0.08554845693064701
246,0.4742939038309885,0.42427552188750534,0.0005508158379987244,0.0036326193165366395,0.09724713912697086
247,0.23792393613585783,0.6453724558049906,0.012946660073747495,0.004407533154363474,0.09934941483104065
248,0.2514106676850787,0.6855992706579614,0.0010799984957457702,0.03139827617447892,0.03051178698673521
249,0.07451643603023773,0.8145036779478629,0.06717290805640241,0.012647481210797435,0.031159496754699534
250,0.12377278117779202,0.7568919421811502,0.010043154435044888,0.08451903901413126,0.024773083191881557
251,0.19594982285661997,0.7214409628155675,0.002457449975002288,0.0603020727884766,0.019849691564333635
252,0.07001353906539322,0.8235002455289125,0.00898163670228549,0.09269767356833211,0.004806905135076461
253,0.26864331188907203,0.5204040383964202,0.0037857280752761464,0.09831092835457919,0.10885599328465245
254,0.037523703343061626,0.9092979077313567,0.026288428843233326,0.015421811596638767,0.011468148485709513
255,0.2164612116632366,0.6619745836555906,0.006700587573773398,0.03975212920360642,0.07511148790379306
256,0.21465672974359212,0.716340668048378,0.010102482111273734,0.006257114670406557,0.05264300542634954
257,0.2731978420354545,0.6988145503087053,0.0014134728005095296,0.015176587093130684,0.011397547762199868
258,0.1106761911119687,0.8727614524917425,0.007978403233034913,0.0010475970629307387,0.007536356100323164
259,0.060980679703045465,0.8978353157185812,0.03392663713984306,0.0019646354117202535,0.005292732026810169
260,0.1792566010309402,0.7660342523902983,0.01543577032381376,0.018169489655925592,0.02110388659902207
261,0.029385042948326837,0.9003798617558668,0.05213779356442944,0.013602013593711094,0.004495288137665814
262,0.15606393109223288,0.7834197428319207,0.010032567079812454,0.033510977985548814,0.01697278101048527
263,0.057362272505633076,0.8365609307691051,0.08095734922770309,0.012433648077697207,0.012685799419861544
264,0.08296109127043619,0.858857997030994,0.00804432319484613,0.04016997302347739,0.00996661548024626
265,0.10902106770751759,0.8161591178090853,0.032630289153050746,0.026412864644112022,0.015776660686234605
266,0.056542153730844785,0.9068051431019569,0.011939217800913879,0.017183447265116496,0.00753003810116769
267,0.08643626303576657,0.7307593095788243,0.023119438233981764,0.009687299474867638,0.14999768967655977
268,0.31757757642164125,0.642336679959472,0.001581690733067152,0.010324052454923318,0.02818000043089631
269,0.0757981911581968,0.8617597007391664,0.04407023824472363,0.003391771874472627,0.014980097983440237
270,0.213073042392236,0.6783024453746292,0.03095526002755654,0.0064342061521229215,0.07123504605345532
271,0.04606487159228976,0.9428000511204144,0.0023602506057802644,0.005245284936340592,0.0035295417451750187
272,0.25620162703729343,0.585091769360461,0.015654644212753314,0.00792446449821514,0.1351274948912769
273,0.01522025752785847,0.6511549853289068,0.3260634095852439,0.0031786224881209936,0.004382725069869936
274,0.09042685968672944,0.7341196766667332,0.1347267563948334,0.0070349686987508766,0.033691738552953106
275,0.01983644979041271,0.9385172546080716,0.03223984790026027,0.004737781314311805,0.0046686663869435294
276,0.03951160053154072,0.8415491476763589,0.09180919303361966,0.013352485820578307,0.013777572937902452
277,0.010324984339276417,0.8709783782786137,0.11132150078203425,0.003415052812516331,0.003960083787559452
278,0.09935427053083122,0.6129142769110739,0.13716414725334963,0.019580954713028714,0.1309863505917166
279,0.08174552614316208,0.8636312123366657,0.035902442972224224,0.0041773460473025,0.014543472500645499
280,0.07157626022147272,0.845564975026003,0.06305626074388371,0.008524434867149312,0.01127806914149132
281,0.09805354894880806,0.7215641859356517,0.13403341254717419,0.005729565965838455,0.04061928660252756
282,0.15591959081584525,0.790426004491344,0.03264076122790075,0.0016881618806844868,0.019325481584225437
283,0.03784076358791133,0.9034814935609786,0.05164589056015815,0.0011916309314436674,0.005840221359508372
284,0.0892898184906093,0.7875881902442816,0.10517128191796317,0.0032141499492583793,0.014736559397887612
285,0.04082032292900883,0.8502342392438242,0.09871321290001199,0.003574168775282803,0.006658056151872285
286,0.05674781362892732,0.824705218715862,0.10122235761344396,0.003496712971516062,0.013827897070250636
287,0.012011728518299904,0.8510460949888059,0.13211247986137983,0.0017315495737243978,0.00309814705778996
288,0.0572546049790252,0.602148370253636,0.3174291841480771,0.0019862884950754118,0.021181552124186303
289,0.04220708948477238,0.7694176897338963,0.18125973760367117,0.0014548937292328127,0.005660589448427183
290,0.019210717996155514,0.9231202163578641,0.05292639118086731,0.001485034375175999,0.0032576400899370513
291,0.017368282732317306,0.7040896542787037,0.2716416137998839,0.0019418049324647748,0.0049586442566303575
292,0.0028583757869328004,0.4937505675341462,0.5004371912637262,0.0010098543138811421,0.001944011101313623
293,0.01978591693261474,0.45334788274725185,0.5129971268128437,0.003984497277300258,0.009884576229989431
294,0.004490311258013883,0.693660777122354,0.29805169528822434,0.0017318901016041518,0.0020653262298035817
295,0.01959161071098502,0.458742563238985,0.49826605060722445,0.005224958770172252,0.018174816672633293
296,0.010932669878352896,0.7524544732349245,0.2324259529563148,0.0017817451313336286,0.0024051587990741156
297,0.029751619113092292,0.5840363278564334,0.37419962244177224,0.0036040079501400684,0.008408422638562086
298,0.0030319082317484315,0.3894287002223203,0.603908341160281,0.002141807021673284,0.0014892433639770285
299,0.10326091740606963,0.6867443617403979,0.16439424075741968,0.012330346221469788,0.033270133874642935
300,0.013060203465733352,0.6956198988745842,0.28515472712573997,0.0029337200846665224,0.0032314504492757853
301,0.023038303736618422,0.6960076356829417,0.2727413112794549,0.002358554148527712,0.0058541951524573605
302,0.013440680050618903,0.6470004615275535,0.33239885508223455,0.003196221295908721,0.003963782043684274
303,0.057032368503482485,0.8609264124714822,0.059713648246335384,0.010972628373463663,0.011354942405236343
304,0.010481658221739788,0.5412844768276988,0.4381823048276492,0.005632729113111465,0.00441883100980102
305,0.12262846582063786,0.8104877998543185,0.014958509613497649,0.029059838616280993,0.02286538609526483
306,0.043302136042531206,0.7685046088053588,0.16899565046891954,0.0056404509961350945,0.013557153687055451
307,0.12424858757782882,0.8359046777334806,0.005451943214158273,0.016578453459632672,0.0178163380148996
308,0.22114151654429104,0.7338141524547386,0.013270786401357579,0.009834318834432618,0.021939225765180214
309,0.033363770409668383,0.9336773945851828,0.02467811968925276,0.0039045889090810835,0.004376126406815028
310,0.21249894793551455,0.7192854089940623,0.03674558985924691,0.008066382849475652,0.02340367036170057
311,0.06402642475310605,0.9002304950278542,0.019586312021260426,0.010527311656412481,0.005629456541366886
312,0.1291813813245783,0.7915206325795255,0.030248271683807046,0.014810044525941042,0.03423966988614821
313,0.019707993604450382,0.9347358090285669,0.023137429269821166,0.018577433141692377,0.0038413349554690234
314,0.12050195536573685,0.7044716859559962,0.03416703837332822,0.11466420911553515,0.026195111189403597
315,0.020876485901542865,0.92669826226173,0.03388579879201104,0.012992099603327105,0.005547353441389076
316,0.31053973860517176,0.590377108766596,0.003800510175608179,0.01872937744763113,0.07655326500499303
317,0.10953502801816481,0.7847922719289879,0.0694994156252041,0.01486642521119547,0.021306859216447684
318,0.11734909541414269,0.8079276337803536,0.03690519798926421,0.015194975152207725,0.022623097664031873
319,0.08902291496342833,0.8162316176670854,0.07147904497422682,0.008325809310343062,0.014940613084916477
320,0.12079275179967933,0.7996822778891968,0.02549759329840949,0.032267778009454004,0.021759599003260324
321,0.022551660002502336,0.887174058714213,0.07205092772946069,0.007670599327916097,0.01055275422590785
322,0.20501577316352565,0.7410643129767026,0.013457257168437408,0.023596316651064434,0.016866340040269802
323,0.011662803383803306,0.8910701968471099,0.08588464149389526,0.008919723133981441,0.0024626351412100804
324,0.1644624917086953,0.7413789973346563,0.036562350241399075,0.020528732689756423,0.037067428025493114
325,0.0861025293564385,0.8890202590610976,0.002568633380527472,0.014968227028882496,0.007340351173054076
326,0.18633810701063644,0.33714973094557354,0.21731111051032104,0.0363997215768433,0.22280132995662555
327,0.4917418012935487,0.39745869888359153,0.004259847857621465,0.006297808594845386,0.10024184337039288
328,0.253924380833809,0.6981538814571309,0.027732870270132045,0.0062618208754228796,0.013927046563505234
329,0.24453173993721783,0.7224043722455298,0.0023006378206677,0.013371482928760335,0.01739176706782436
330,0.22280048580576095,0.6730576899815337,0.045086550771311365,0.03001059675963817,0.029044676681755817
331,0.038385952070461214,0.9171065325176025,0.011085224103931287,0.026106988803136437,0.007315302504868541
332,0.10359241972280506,0.8023331348791641,0.01256553779817679,0.030132971070994385,0.05137593652885973
333,0.06822525487927794,0.8450526339893748,0.016308527063377945,0.05833665232110261,0.012076931746866679
334,0.2562745003139654,0.5628852387359912,0.011204158874265516,0.09926832950191837,0.07036777257385939
335,0.19088776169611446,0.7228064015875957,0.0034728143117458963,0.06469437332117517,0.018138649083368638
336,0.05234190112498776,0.92107901980097,0.0019719171118998146,0.02121219905977725,0.003394962902365171
337,0.31532580930164955,0.5988430704241521,0.0017583764702949253,0.02429724290566118,0.059775500898242226
338,0.018505581269572892,0.9660115177346309,0.007963175756419194,0.005166340052051161,0.0023533851873258397
339,0.29954629450382614,0.5852294043393541,0.00047642882204289885,0.08777534015331759,0.02697253218145924
340,0.15583836041690927,0.7715861960562391,0.0019357212416415608,0.04583559080177515,0.024804131483434844
341,0.17717791653598186,0.6905087178243168,0.0009499957102806672,0.10990767231798154,0.021455697611439242
342,0.02446729326808906,0.9602830067482406,0.005733681990732903,0.0037503502406204896,0.005765667752316977
343,0.037792534992772644,0.9333223549962657,0.001721469765403459,0.022602989341969127,0.004560650903589291
344,0.10004707690548297,0.8438794300816618,0.0035609676245184864,0.015818024974360096,0.03669450041397662
345,0.06539592660146144,0.8327913237350604,0.001352155386532372,0.09341710097701418,0.007043493299931647
346,0.06163270446250298,0.8818264017050899,0.0076519452194649795,0.03757074716708076,0.011318201445861419
347,0.13430803113948256,0.6905427878072393,0.0011867044372640787,0.15900233290522636,0.014960143710787696
348,0.14286168453254677,0.6741967217961139,0.00559223197010384,0.07708166685970529,0.10026769484153009
349,0.21350197499981136,0.5121573131201217,0.0003859732347120315,0.2590889672596399,0.014865771385714996
350,0.14942382099903448,0.5220350377331865,0.0007150642661657264,0.3067303449969513,0.021095732004662145
351,0.07934733067080954,0.7133081647378364,0.004363227174157084,0.1732687018936507,0.029712575523546364
352,0.19891743561812059,0.16466939798674146,8.01360068400262e-05,0.5191651642611245,0.1171678661271734
353,0.1748902540797816,0.420451640321871,0.0008531966821825199,0.3407089521667917,0.06309595674937327
354,0.0862723230504263,0.6309197838205463,0.0111771766976632,0.20983450061061798,0.06179621582074613
355,0.12634478549157532,0.15654070592090596,0.00034733336548530117,0.12126653781062732,0.595500637411406
356,0.4655517814493005,0.17049485164194816,0.0005757859536118505,0.2975069060395103,0.06587067491562908
357,0.5123927624280175,0.31054179571603924,0.0003277723280237502,0.10831209582913918,0.06842557369878041
358,0.619388962841226,0.33629945460251254,0.0002036909358283006,0.016700094140167692,0.027407797480265398
359,0.17807138168384223,0.7955243488053101,0.01007068017624554,0.007340469356280935,0.008993119978321229
360,0.14861691810432237,0.7655518712510677,0.007319671104631313,0.06664046497424239,0.011871074565736129
361,0.1822932535002993,0.7295151806840618,0.0022482011066950205,0.07684296150191194,0.009100403207031985
362,0.03447801826494268,0.906149491860943,0.015309984018680872,0.03982310703324128,0.004239398822192358
363,0.022915691216685356,0.9052769907255609,0.05608005854773357,0.011588442316817047,0.004138817193203142
364,0.026324454312663125,0.8682383193724721,0.07425734615719252,0.0255936472900262,0.005586232867646171
365,0.02425999692202835,0.9237958824857325,0.02239826250934653,0.020924417562879306,0.008621440520013308
366,0.0175599720852832,0.8756884492694552,0.07691413218745838,0.02485255200013128,0.004984894457671695
367,0.2084220202896338,0.7144424386825801,0.0012935159448018018,0.03820670649404861,0.037635318588935644
368,0.1627511027133357,0.7830798324384808,0.010777785306373798,0.013030577701476654,0.030360701840332963
369,0.17926829082066506,0.7516645125758789,0.014894895471085306,0.018934357219027313,0.035237943913343506
370,0.16810195740658562,0.7878938508990114,0.005421044604538454,0.017021689038606617,0.021561458051257802
371,0.0773978957714822,0.8640349979751313,0.0013529908077259008,0.049653427576441346,0.007560687869219183
372,0.12768604930504465,0.7834958858572089,0.0013380313759826957,0.05276202905675633,0.03471800440500747
373,0.10939982321528206,0.7451481928011988,0.0036005694333229193,0.12731141156691134,0.014540002983284898
374,0.23162977071595917,0.3225574180453936,0.0003974478929059236,0.3912701447636986,0.0541452185820426
375,0.056570759282023715,0.8501449538919309,0.023075926991271797,0.05796947285878237,0.012238886975991398
376,0.19287186467112347,0.2261855413460916,0.0003656955151845793,0.47982643741168696,0.10075046105591336
377,0.11158605610333518,0.7687634498289593,0.002299046441106378,0.10284914922350263,0.014502298403096563
378,0.13312166418386978,0.4589100002720812,0.0017313071886379666,0.3892528395802538,0.016984188775157307
379,0.1826154860647909,0.5930561376553678,0.000835131645817835,0.21058968046303547,0.012903564170988027
380,0.21516919863818804,0.5631454924878303,0.0008115477143026536,0.13276758959077245,0.08810617156890678
381,0.057549525437303815,0.8463111179682206,0.011758785561415613,0.07494936704519764,0.00943120398786231
