epoch,N1,N2,N3,R,W
0,0.002532495775513128,0.0008115128442961331,9.569132385154105e-05,0.00015425326868230817,0.996406046787657
1,0.0015934080552974705,0.0015650583683764375,0.00019550723206294995,0.00021180248006602602,0.9964342238641971
2,0.00458565268584145,0.0013328606486108661,6.264179956223516e-05,0.0004493005005876499,0.9935695443653978
3,0.007089773120618822,0.0010920168733615774,4.219382506534784e-05,0.0002443857307431226,0.9915316304502111
4,0.03720516457688196,0.005132528078362878,5.9586222206213744e-05,0.0003884779842308905,0.957214243138318
5,0.061580178532800116,0.010144055257024205,0.00012756155016485084,0.0007411292771571002,0.9274070753828538
6,0.014032907123634735,0.009784326246657397,0.00013715116006823478,0.00022614228181189126,0.9758194731878277
7,0.4933527377559091,0.0935038652080899,0.00012964128482399095,0.0034337420088019024,0.40958001374237524
8,0.3930081285430434,0.24347312226092424,0.00046220537049462086,0.0036274523166993544,0.35942909150883845
9,0.2273047037615567,0.7188103944833654,0.0018340409085458639,0.011104129658699143,0.04094673118783305
10,0.0741551751200101,0.851722703661369,0.014598678476629596,0.01751322691771564,0.0420102158242755
11,0.12801872192688418,0.8036916676748371,0.001688188810524029,0.03654341363844717,0.03005800794930731
12,0.03015469911663067,0.9198767442095727,0.0054529544703375305,0.009879213444464742,0.034636388758994496
13,0.006332637586991949,0.9676022407724139,0.006074259381193553,0.0031323353131107604,0.016858526946289802
14,0.0070846253687473,0.9622641906356753,0.006287461388232842,0.003034261991356086,0.021329460615988737
15,0.006637479604847957,0.8610886186917912,0.1012300040115712,0.0014087805065935376,0.029635117185196045
16,0.023866981742531983,0.7742604099385632,0.1298053943764413,0.0035041978896206702,0.06856301605284292
17,0.015583602052084233,0.9326967001564831,0.012287251825200603,0.004465875337880818,0.03496657062835147
18,0.01974358920828656,0.9348081274604003,0.017434517839554516,0.0025717156301209945,0.025442049861637756
19,0.007493991240733577,0.8945065334889596,0.06824903756664341,0.0012666496039712457,0.028483788099692153
20,0.008991289434771753,0.9504380439555283,0.016626911582445284,0.002682126717068382,0.02126162831018613
21,0.0062749966894122934,0.029869702711042542,0.0042143633664605586,0.0009310734956743525,0.9587098637374103
22,0.003721565179958826,0.0026172715010084964,0.0007608142888166588,5.5620395813019174e-05,0.992844728634403
23,0.002201732919614337,0.0017990191753708197,0.001386720112319289,6.851120846508215e-05,0.9945440165842305
24,0.003919325499818103,0.001619450180016541,0.0006872361239884255,3.7919641221746105e-05,0.9937360685549551
25,0.0029561789709671277,0.0011374096924029067,0.0007649698407206303,0.00010200331024908623,0.9950394381856603
26,0.0016087134656981726,0.0006644679483095554,0.0007901201981072122,0.0001115720119533391,0.9968251263759317
27,0.004924111470294134,0.0032554095077748793,0.0012566508459129395,7.079800157932147e-05,0.9904930301744387
28,0.005811966671804576,0.0021064667471901487,0.001153053987794066,0.00017567962689802913,0.9907528329663131
29,0.001315037535657061,0.0005961550441981259,0.0007246632962042572,7.469663708874385e-05,0.9972894474868519
30,0.0023401737403672017,0.0013313768419210413,0.0010336205164822297,0.00015620299080864697,0.9951386259104208
31,0.0022659389560547886,0.0020798911768255203,0.0006989796397024247,0.0001955854234722105,0.9947596048039451
32,0.0013150116122736919,0.0013398213592415538,8.552686908903278e-05,0.0003092738220482513,0.9969503663373473
33,0.009928774237074271,0.004297099265485643,0.0008511559349979762,0.000791737364090769,0.9841312331983513
34,0.0009759297646232065,0.0007378508505911282,0.00014378848365734917,0.0002139235341175455,0.9979285073670108
35,0.00308386388359207,0.0016859954452567165,0.00027910478390203634,0.00038595527291714765,0.994565080614332
36,0.00407265567175716,0.0026461543576556568,0.0008425015742588642,0.0002322455475512332,0.9922064428487771
37,0.007653615102595231,0.007200563623564277,0.0018150428077242826,0.000773759563669321,0.9825570189024468
38,0.004398392985954612,0.004526132741233814,0.0003805379546730271,0.0006086657898460061,0.9900862705282925
39,0.007957920364501258,0.0035274251833464407,0.0006017651663306884,0.0011589218717720736,0.9867539674140495
40,0.019976913289804832,0.022485235077990606,0.0008132066447146727,0.002286198423359412,0.9544384465641305
41,0.29341205205718823,0.41787890743220485,0.0066996839992295686,0.015531736611506915,0.26647761989987045
42,0.16558175171090325,0.3306272152494047,0.0027285309627680886,0.024197766248878618,0.47686473582804556
43,0.06273944510482418,0.12529860798672396,0.001874042174879865,0.01563282335306981,0.7944550813805022
44,0.18043719913091683,0.6761661784874874,0.0010706530178017175,0.10738904676423251,0.034936922599561514
45,0.0519730652432815,0.8817103878996659,0.0014689123345296897,0.05492966959613593,0.009917964926387017
46,0.1888930492757838,0.3146910577425985,0.0009099750926941157,0.03153883845930934,0.4639670794296144
47,0.2254126877360221,0.2723910850254545,0.0010033344128022798,0.04978565639515998,0.451407236430561
48,0.11878432282949433,0.7996247967491082,0.0006884652599076818,0.05943115856084082,0.021471256600648917
49,0.2657201540003975,0.5857913157285811,0.0006254816083876764,0.07616632305817149,0.07169672560446229
50,0.05176886919787987,0.0790517618245763,0.0038535543492270534,0.004842240695110778,0.860483573933206
51,0.02003474892820246,0.017815210789707176,0.0022408220577309107,0.0004684880787343878,0.9594407301456251
52,0.02757114176392726,0.009348818035772316,8.919371804625849e-05,0.0004656552729725727,0.9625251912092816
53,0.27880686658790915,0.04323352723094898,0.00017914680083977683,0.0037658622753329253,0.6740145971049691
54,0.20183386363209938,0.06737933727607014,0.00019624444484438769,0.011728553804688183,0.718862000842298
55,0.31285301753562095,0.3144021358523244,0.0008969774101010081,0.12941574085897156,0.24243212834298197
56,0.2308328463323829,0.33561342224433083,0.0008468195011819599,0.23004386708413468,0.20266304483796946
57,0.2882260937328917,0.12912594200394345,0.0005679961276950316,0.16389572511354092,0.4181842430219289
58,0.20371883485000844,0.4474801814979237,0.00045512415172702043,0.16938857691166764,0.1789572825886733
59,0.14790060570877578,0.08255776567399882,0.00017531938657498275,0.07234580546093342,0.697020503769717
60,0.05765176048911436,0.053880105087863936,0.0006783764215992212,0.01368311935454375,0.8741066386468787
61,0.010058238636118986,0.015128851331316888,0.0007183995026906833,0.001387430941791177,0.9727070795880822
62,0.0026494875258935373,0.010022917943090874,0.0006726315629218573,0.000520674627040146,0.9861342883410535
63,0.008823017996985158,0.016064339697529448,0.0012760469127104195,0.0011056160056885029,0.9727309793870864
64,0.002641316453245435,0.0011855912912427506,0.0002751072617013495,0.0002436349543795321,0.995654350039431
65,0.004122908058159,0.004841088787129784,0.0016622148851200918,0.0002648908241835419,0.9891088974454076
66,0.0013363249841008484,0.00097717818435374,0.00033961508466529987,0.00016862411158984978,0.9971782576352903
67,0.001027817802046783,0.0010264456945308991,0.00022882429245755945,0.00013252025686876545,0.9975843919540959
68,0.0020397666533512903,0.0035805913459378063,0.0002893173984500977,8.083115591064163e-05,0.9940094934463501
69,0.012763101487261409,0.003229148566477225,0.0001647338472631925,0.00018457541970582652,0.9836584406792924
70,0.0062200321881557535,0.0010387587333585333,0.00038142397396226575,6.017173538202449e-05,0.9922996133691415
71,0.016479715891137236,0.0044809781956205086,0.0005677541552261732,0.00013242011697892013,0.9783391316410371
72,0.004358636102736011,0.0023053672376880225,0.00021137988210015405,7.708419387873057e-05,0.993047532583597
73,0.013016426285263222,0.008987736081928082,0.0024627789118578302,0.0008290441993449176,0.9747040145216059
74,0.044816586381668265,0.01671054146655465,0.0002867059568337743,0.0009091901520917672,0.9372769760428517
75,0.07205420666935773,0.0574430220175424,0.0018532000718666322,0.005494778648325064,0.8631547925929081
76,0.11589987518370318,0.08596973171284597,0.0006135234883254477,0.006535191139938989,0.7909816784751865
77,0.2089884522989545,0.14813201983358906,0.001387643822224052,0.03489342670575354,0.6065984573394788
78,0.37366231074376843,0.3877417295585365,0.0012808878813253886,0.17354334044751596,0.06377173136885372
79,0.24601430618607403,0.09607290796817769,0.0015356626489788088,0.02707821883035002,0.6292989043664194
80,0.020986301717016414,0.03269768766836833,0.0004941753500948389,0.011011487671052317,0.9348103475934681
81,0.20677405194041754,0.12497959979080663,0.0008210997581911052,0.06421142335285933,0.6032138251577255
82,0.4151571643561618,0.4291893897708676,0.001130418269804284,0.0736466138985948,0.0808764137045714
83,0.13741530970860366,0.7809700281700818,0.0018353362914825984,0.06046270973061749,0.019316616099214323
84,0.026280213988584804,0.9390517016092917,0.0015187854224265524,0.026350725746016095,0.006798573233680711
85,0.056871613420043696,0.7683767732701643,0.0013144463562938745,0.15943414314936669,0.014003023804131378
86,0.09823525279399237,0.7210997421062931,0.0005571125696029171,0.15972811604370685,0.02037977648640469
87,0.1523428194377693,0.581861688065003,0.008661862680045367,0.13980253323538028,0.11733109658180195
88,0.0806247774898326,0.820403575710295,0.01348532130932591,0.01098506217082196,0.07450126331972479
89,0.26878578485782106,0.5966562684973146,0.0010221693373631683,0.049239534257293105,0.08429624305020808
90,0.276241523825138,0.15120995344141078,0.0006383881648405539,0.027180739708061535,0.5447293948605492
91,0.23483199710678182,0.11946166386438704,0.0013453627495592616,0.016556150329171963,0.6278048259501
92,0.3169572852069707,0.38289074370954024,0.0012697974968156923,0.051019635019040034,0.24786253856763332
93,0.11465387481431791,0.0767770131939131,0.0014756964625615347,0.007844530879332077,0.7992488846498753
94,0.005564392725970463,0.021673113413838298,0.000567492515731374,0.0008524649915736325,0.9713425363528863
95,0.0037119992014821917,0.005330406673656358,0.0003127254031287685,0.00018430465371201108,0.9904605640680206
96,0.0022137049473007057,0.00198436488165622,0.00012992959996039455,0.00014366500928265157,0.9955283355618
97,0.0005102370220113727,0.00042051703245554327,0.0004696324693216934,1.3895850399760408e-05,0.9985857176258116
98,0.0010646928271566066,0.0012253524298380487,0.000250934063092789,5.9357639048843995e-05,0.9973996630408637
99,0.0013866372508210482,0.0007231292166341619,8.133170364695067e-05,6.421855280099175e-05,0.9977446832760968
100,0.00047895629757887707,0.00019822644830692313,1.4583393351116449e-05,7.269039327659239e-05,0.9992355434674864
101,0.002084078776266364,0.0005893520483505101,0.00011345200619273632,0.0002828442080538845,0.9969302729611365
102,0.007047251075033333,0.0014054646049785234,0.00022366967120079787,0.004209541373676719,0.9871140732751107
103,0.02917080860838228,0.007155159499532042,5.0127974231846213e-05,0.005863811526036779,0.9577600923918169
104,0.002664914312685331,0.0016877017745664542,0.00014051604439249034,0.0002998553698430228,0.9952070124985126
105,0.0014815008342685726,0.001740098942066174,5.660409866586347e-05,8.857456770141539e-05,0.996633221557298
106,0.003930980785448333,0.002266072080631389,0.0003237345972614637,0.0005092238497989232,0.9929699886868598
107,0.004931839303443749,0.002114538146561363,0.0003803466645102834,0.0003531853663714467,0.9922200905191132
108,0.003350076644025648,0.0021181356533905697,0.0006703748309699588,0.0002611697629783059,0.9936002431086355
109,0.007631877106671755,0.01042377331348245,0.0006826594464791549,0.0036479992712468525,0.9776136908621199
110,0.025074379359676463,0.009062678341505375,0.00018295617449792532,0.004557937077211642,0.9611220490471086
111,0.04923806783347566,0.04159260391661216,0.0014560638647419487,0.002854540771735857,0.9048587236134342
112,0.3147270554968598,0.43994501718122314,0.009407830318338853,0.04109840825477991,0.19482168874879827
113,0.24913928022930312,0.49444085021930845,0.0071600070112102674,0.14428579286831497,0.10497406967186322
114,0.04066025006815762,0.830437532978856,0.0031783981228332616,0.10461142177712209,0.021112397053031067
115,0.15523599346067726,0.5335598286607469,0.0014937447148038955,0.14544259767436934,0.16426783548940263
116,0.16820465673879897,0.7026285069744066,0.0007162738395281275,0.08532682712883649,0.04312373531842981
117,0.044285139057961345,0.12731753836900175,0.0061294838907597704,0.00892295777505133,0.8133448809072258
118,0.006982448051633796,0.00987426356486112,0.0003906693084897584,0.002218362321189296,0.9805342567538261
119,0.0192238003034753,0.012307687076904033,0.0002529218053764809,0.0013257718968973321,0.9668898189173468
120,0.0615496896024842,0.009956700710665466,0.0003121460970719382,0.0014796860264785978,0.9267017775632999
121,0.07459366170711475,0.008671087937423287,0.00010073322039051606,0.0005510451310796938,0.9160834720039917
122,0.5194821948896416,0.31276380410979826,0.0008948926661771654,0.015254452970403974,0.15160465536397882
123,0.09717484938868277,0.7663769279063272,0.0017752663703466574,0.12414687683041532,0.010526079504228267
124,0.33688291565758915,0.3779589434322078,0.00044888972476035243,0.1595392240689614,0.12517002711648126
125,0.44373935361124517,0.20018765535977598,0.0003267611732037573,0.11966289091866639,0.23608333893710856
126,0.5045750853705978,0.2972733960280102,0.00027481847846201987,0.032018130253676384,0.16585856986925376
127,0.02638682772052094,0.02494024573801401,0.0006082294949607963,0.0003839948392813573,0.9476807022072229
128,0.015594865751944624,0.0023203317566535264,0.0005903935221897019,0.0004829640170775732,0.9810114449521345
129,0.003568215798013863,0.000926480257225698,0.00016148916241086794,0.00011430342663556107,0.9952295113557139
130,0.005999507297017175,0.0026499776966218713,4.943287956572079e-05,0.0003287084954311598,0.9909723736313639
131,0.0037594499853773164,0.0020803597163123765,6.596510611962999e-05,0.0018934569615279874,0.9922007682306627
132,0.002274769274275644,0.0017578858929031547,0.0003020569498837469,0.0008820678077001729,0.9947832200752372
133,0.0023146983304397906,0.0020520030029207085,0.0005379749939009911,0.0009311551692416191,0.9941641685034969
134,0.0047424484117919805,0.0021747713843852296,0.0003530841578751607,0.0006212876860835938,0.9921084083598639
135,0.0023661988401110926,0.0015024843506911967,0.00034548885635120964,0.00016991579869018894,0.9956159121541562
136,0.0027949707669988636,0.005899810575193351,0.00041685862191183105,0.0005777425965450652,0.990310617439351
137,0.0156082453891501,0.02991577830120333,0.0010311475066227722,0.0014259545579255759,0.9520188742450982
138,0.006581374986127516,0.017253037668084836,0.0006981521299150502,0.0011988478590369157,0.9742685873568356
139,0.003028639866412771,0.004540051009883998,0.0007338658594437898,0.0006549457017196938,0.9910424975625397
140,0.008397559493303492,0.010491434937355507,0.0003348558491345869,0.0006665709896028578,0.9801095787306036
141,0.013005477865729753,0.012447589223619885,0.0002461231485443534,0.0009976853071596227,0.9733031244549465
142,0.00890366508277767,0.007642082759107907,0.0003172609280690965,0.0021318730345994104,0.9810051181954459
143,0.1109641812895877,0.1297331942638814,0.0032640495854196084,0.010606716488559305,0.745431858372552
144,0.04479504355632359,0.035283572911279544,0.0007455704712084333,0.005292473968799343,0.913883339092389
145,0.12265855623754598,0.08764949253184914,0.0007291025931028676,0.03031576009371694,0.758647088543785
146,0.39675262957664587,0.10302726512582923,0.0007731474037918237,0.027312451036727678,0.47213450685700553
147,0.1494615871892522,0.09193702053033896,0.001913093188903685,0.005209592690399988,0.7514787064011053
148,0.4463088938099246,0.4016294786780599,0.0009766010312578864,0.03393846994030325,0.11714655654045446
149,0.03253222254109118,0.9490653359854627,0.0017474313109657421,0.013892091154156435,0.0027629190083240172
150,0.14818506176165083,0.537543353733705,0.003930497175641364,0.0303868556187658,0.27995423171023687
151,0.08824760384540019,0.3429476806330012,0.0035966682705988666,0.030134434229024006,0.5350736130219758
152,0.2109883327899228,0.7137020123583437,0.0005567093998254838,0.04590715153922141,0.02884579391268652
153,0.03313180976422509,0.05300663889313823,0.0026478599927902764,0.0025390718712653792,0.908674619478581
154,0.016088078334594646,0.018472222502499445,0.0014690669786869815,0.002657536283120687,0.9613130959010983
155,0.0407721190052269,0.05200468753853524,0.0015454764420975385,0.0039025128174061544,0.9017752041967342
156,0.3161787551468243,0.19551183062431418,0.010140465530011336,0.005031953267825918,0.47313699543102433
157,0.2954669391256279,0.6882418841039725,0.003313315729200964,0.007061101862568016,0.005916759178630782
158,0.20854906531847572,0.7629068357016857,0.000756021176476414,0.010176158983789152,0.01761191881957297
159,0.06574015898084404,0.9198452566679827,0.0007641058468693546,0.005420718256284997,0.008229760248018947
160,0.02128062981395235,0.9716825146164186,0.002189604701121502,0.0025018797121186273,0.002345371156389074
161,0.0028814345994449433,0.9524872296158136,0.042265323193796694,0.0007117990024087034,0.0016542135885360724
162,0.036749396957266776,0.9417843683870084,0.0012194388748626183,0.014243220963863655,0.00600357481699844
163,0.07916929037991081,0.8602908679057562,0.0008719501780007859,0.036977174546987526,0.022690716989344512
164,0.14901443753818233,0.7911541543619062,0.0035079263005026607,0.01702970771259221,0.03929377408681648
165,0.0435268197027277,0.9046997468344367,0.022644135825932336,0.004856861689341604,0.02427243594756175
166,0.06932279384714128,0.8484718911371025,0.01034629911144984,0.01664881942281166,0.055210196481494604
167,0.028277845752127013,0.06821517020420059,0.005653195479875707,0.003543934720375791,0.8943098538434209
168,0.0315828608772558,0.04524290582059672,0.0015299764631067998,0.0019154351459048362,0.9197288216931359
169,0.0015181940400784335,0.0047556496569094,0.0001976024986643301,0.0007108967867152263,0.9928176570176327
170,0.0021362410763036094,0.005316323997950065,0.0005481534953050764,0.0003662250228111325,0.9916330564076301
171,0.004766143699100633,0.005530705261026451,0.0028478620129565703,0.00037265162004904926,0.9864826374068671
172,0.002058324564128199,0.001799906107641559,0.0014361811428511985,0.00018763167212436718,0.9945179565132547
173,0.0019175484120261997,0.0012108040610251318,0.0006800476568476684,0.00043456366922318984,0.9957570362008777
174,0.0013873117907373363,0.0008092172861468691,0.00029241864470740245,0.00037458687646815694,0.9971364654019402
175,0.005514611866391144,0.002727488565700721,0.0003659825378367031,0.0005607913367175339,0.990831125693354
176,0.028301790671028844,0.01276278669303711,0.0011033486609335504,0.0018786607588944558,0.955953413216106
177,0.007296160848286938,0.0015643453580036206,0.0002449007614355609,0.00033863950443322973,0.9905559535278406
178,0.014969339927767356,0.003391743409928909,9.751698214652865e-05,0.00038019437450154944,0.9811612053056556
179,0.01215428913802477,0.004647228825468022,0.0003157121119631718,0.0009956848679251475,0.9818870850566188
180,0.0023792615425164815,0.0029102341510349864,0.00019262350466544165,0.0010074540587699627,0.9935104267430132
181,0.007249246140857751,0.003190572424572679,0.00028601463703828184,0.0025809334041403714,0.9866932333933909
182,0.12034632144823108,0.039918217523600016,0.0016081716796458438,0.02975060672185424,0.8083766826266688
183,0.2780400307352717,0.09180930256902517,0.0012750152990135344,0.03785520210625191,0.5910204492904376
184,0.02535836666109316,0.013823444102287526,0.0015986625650353148,0.022455127959028126,0.9367643987125558
185,0.10145334690626107,0.10269654592278228,0.0017930209406375951,0.07135500987966416,0.7227020763506549
186,0.013320932338291942,0.007811299820399877,0.0004097395386045299,0.00477755027071403,0.9736804780319895
187,0.010735293747771532,0.006046331797342513,0.00014018344320724081,0.0026727758623102367,0.9804054151493685
188,0.10442543284154436,0.08069347227546296,0.0004819362938107075,0.01277291253868693,0.801626246050495
189,0.2380437228036347,0.17014678275539855,0.002029071653413666,0.0321937403224795,0.5575866824650736
190,0.2825818528349838,0.0958445546847922,0.001527198939599387,0.06406613664242296,0.5559802568982016
191,0.21207438651520133,0.2247429497201245,0.00048395418601129353,0.12119769829118157,0.4415010112874812
192,0.1172673034241598,0.08184673033549668,0.0004473240142702308,0.05896388368004675,0.7414747585460265
193,0.24164639865356718,0.14995768892304134,0.0001956011367670389,0.34067242491410754,0.2675278863725168
194,0.303310447910125,0.23416036335423113,0.00018239514086308106,0.03303579294222318,0.4293110006525576
195,0.03628177004639774,0.02702682623683081,0.0002438644663517095,0.0016151183311411035,0.9348324209192787
196,0.021934591547653915,0.019227338125940067,0.0008869212262706407,0.0034925550114108363,0.9544585940887245
197,0.03867099389068003,0.013733629852479261,0.004111510102071777,0.006450273029626398,0.9370335931251426
198,0.10597513509603927,0.10884799620360223,0.007873759959136334,0.002937467599544227,0.7743656411416779
199,0.004612613871839236,0.002167729100372898,0.0006964910730050232,0.000691000949983404,0.9918321650047994
200,0.006504638998485865,0.0009322760236430878,6.555207875621888e-05,0.00025998433749668316,0.9922375485616182
201,0.03461651467548497,0.01544877281758221,0.003040557805065522,0.002590983281958841,0.9443031714199084
202,0.006723839411458392,0.009128915926455856,0.0003927698674196158,0.0009213120992629838,0.9828331626954031
203,0.027808156014627536,0.033514875330442846,0.0015380496926393418,0.004786519064592819,0.9323523998976975
204,0.35585503528289375,0.23639628868058002,0.0014530462507750192,0.04987918524809692,0.35641644453765425
205,0.1849014961220942,0.25544382091336626,0.002440776719057165,0.05750289371542918,0.49971101253005323
206,0.1143713095147941,0.08815592753063148,0.00045426393600444143,0.06031874487893835,0.7366997541396316
207,0.17204123062464555,0.14058929259763767,0.0001422846380265479,0.1575979463218228,0.5296292458178674
208,0.2726945720623219,0.20490705856804822,0.00035505281485790756,0.21408638973846225,0.3079569268163098
209,0.39446130232172716,0.4064280026228283,0.0033361850698463594,0.14349630834331584,0.052278201642282196
210,0.28629095913374214,0.4102527122244106,0.0003996771666195214,0.06481670957820435,0.23823994189702333
211,0.1517644008911547,0.6618190587743736,0.0009275604689991196,0.16035977884320265,0.025129201022269912
212,0.18650410662636233,0.39873059735060673,0.0011879992599342735,0.37486786933005495,0.038709427433041635
213,0.19532857692500502,0.6259924841809977,0.0008435135401026129,0.13328170626627125,0.044553719087623414
214,0.06517762256183728,0.8109644217926372,0.0018516996979629572,0.10814953236266144,0.013856723584901044
215,0.04993948390031851,0.8230600779540722,0.0013195415557483016,0.1199209327770408,0.005759963812820238
216,0.06700865892845889,0.852245829028116,0.0029254499944579245,0.0512486949049014,0.026571367144065845
217,0.11503533790378234,0.7918701838410428,0.0035843541451846843,0.04275147294369324,0.04675865116629676
218,0.08350755228487976,0.7898298727558051,0.0007947978300364681,0.05972421558585532,0.0661435615434234
219,0.1912588863675885,0.6876030496370288,0.005611234551925259,0.051233524053887224,0.06429330538957022
220,0.1646797526173035,0.7629348471253147,0.0024077396005396322,0.03658591777523766,0.03339174288160463
221,0.03829093588376162,0.08802555726402819,0.0004794960230756978,0.010020414584332591,0.863183596244802
222,0.002625001939994188,0.006866518535026041,0.0004937021520767793,0.0010428834815245935,0.9889718938913785
223,0.003065053716537179,0.003466269381965405,0.0010022262293516557,0.001531932874784811,0.990934517797361
224,0.0041757908853072585,0.0034665814326873354,0.00013056905914018098,0.0006295865927089972,0.9915974720301562
225,0.004696336078527254,0.0022728147646306953,8.018630117143089e-05,0.0005894392898362711,0.9923612235658343
226,0.0014171977189900062,0.0002441447913907653,0.00022824297842225416,0.0002723075699083479,0.9978381069412885
227,0.005945617328665782,0.001707868373196165,0.00029590271854162904,0.0002305601623869625,0.9918200514172094
228,0.0034401268177299466,0.0004000251433012206,0.0003892757232402652,6.250333356927067e-05,0.9957080689821592
229,0.0014599151952270767,0.0005812320827226421,0.0002054813689575546,9.334966559527652e-05,0.9976600216874975
230,0.005950738907964031,0.0012806705085830694,0.0006597761525421333,0.0002998728844934872,0.9918089415464173
231,0.004356656205734094,0.004290879890101154,0.001001003400580982,0.0015681003271571536,0.9887833601764267
232,0.0027987477267311786,0.004892480418101989,0.00040937236822280676,0.0021033318419444082,0.9897960676449996
233,0.004114873761423959,0.00496891274193453,0.0010706845591120797,0.002313753238299409,0.9875317756992299
234,0.032322163095991514,0.0341743080319368,0.0009902151240058902,0.007896546888725197,0.9246167668593406
235,0.02787551742270609,0.010639090100869933,0.0007553458578345946,0.00526552285516328,0.955464523763426
236,0.015953769516528365,0.012365407949415043,0.0024616271001652672,0.002451405964511057,0.9667677894693804
237,0.025773748805206127,0.012972772215688447,0.0009241236404236012,0.002139592770548568,0.9581897625681333
238,0.2930234171575053,0.12834005292133313,0.00290188043007993,0.0071544315328301,0.5685802179582516
239,0.23611888885557425,0.09161662483285543,0.008002621293548387,0.005526539471549999,0.6587353255464719
240,0.19338459424866442,0.6580306935219178,0.011065919470755765,0.01878265601809451,0.11873613674056745
241,0.39742893368074017,0.4962852865000396,0.004417514534245901,0.05010835697043469,0.05175990831453951
242,0.4439730102706102,0.328867414581273,0.0059678660923689906,0.0860710679055213,0.13512064115022657
243,0.3036868741700572,0.509697515863054,0.00705990431479579,0.05754087347371608,0.12201483217837701
244,0.4237398799978898,0.37730495736952047,0.006319635602851384,0.11410449292375806,0.07853103410598027
245,0.39047469528797885,0.28187184820638106,0.000797184563782333,0.21699865037586105,0.10985762156599665
246,0.30918834558718694,0.3264380698924863,0.002260737083444205,0.11436694969814296,0.24774589773873962
247,0.2361762379255251,0.4496306902656695,0.0014637606113161433,0.2328713518479701,0.07985795934951924
248,0.1838586435977257,0.13896426400045994,0.00018173530905916496,0.40158631960240443,0.27540903749035084
249,0.319851498636235,0.3348884338661036,0.0003688144590044798,0.24024283492304668,0.10464841811561018
250,0.26041827176060095,0.25202843055431273,0.0009624073440288415,0.11773179667959896,0.3688590936614584
251,0.42618326632970566,0.12683001890770287,0.0004124224118277831,0.07628718264402871,0.370287109706735
252,0.15504866918888646,0.13428217568146142,0.0013391752994101052,0.013879058814689272,0.6954509210155527
253,0.005525490662188829,0.010266107192748439,0.00563926737946778,0.00044476132306525755,0.9781243734425296
254,0.002178135111700273,0.0026885260576697805,0.0012413865688554449,0.00032267219488932183,0.9935692800668852
255,0.0022552627390155003,0.0015504719473451384,0.0006163166687174076,0.0006809958667300204,0.9948969527781919
256,0.0006139644357089711,0.00032899881063837294,0.0005201267013678244,0.00043536563873093344,0.9981015444135538
257,0.0013968842611641586,0.001592853343403869,0.0006332144244622484,0.0008885322372593505,0.9954885157337103
258,0.0032035499982085106,0.0014180477076530162,0.000988328470337344,0.0008010921298028771,0.9935889816939982
259,0.0022311570514933943,0.004014832504398277,0.001015235353771373,0.0018548419433347895,0.9908839331470022
260,0.0005148839123148933,0.00052080760619947,0.00043227918591928993,0.0005204922749840706,0.9980115370205822
261,0.0010733743964103702,0.0006417660486273251,4.310180183842859e-05,0.00045154791024189526,0.9977902098428819
262,0.02160269336015423,0.004263425454680041,4.242266539520286e-10,0.0030835080213425445,0.9710503727395966
263,0.0017141378783990713,0.00035418073138685977,3.5749026473003e-08,0.000667310598151571,0.997264335043036
264,0.000803424850255732,0.0003451300542997514,4.490428266886484e-08,0.000638293561861285,0.9982131066293005
265,0.0009675652409552011,0.0005331183696863477,1.701829182373568e-08,0.0016776832472515453,0.9968216161238151
266,0.0008696720832730963,0.0008062162309152228,6.22554206584177e-05,0.00019095977899311468,0.9980708964861601
267,0.005143205477504901,0.000760454311675695,0.000208192369081104,0.0009792149912127017,0.9929089328505256
268,0.00204959112716117,0.000445793437645421,7.566066396425958e-05,0.0006429016055288381,0.9967860531657005
269,0.000957053326797435,0.0004714270930041789,1.6596084542286378e-05,0.00036021343080962264,0.9981947100648464
270,0.0007401034251947453,0.0014293330892242541,9.798191469778771e-05,0.0009123813956412158,0.996820200175242
271,0.004230313983114915,0.0008318355165912643,0.0009227633336961191,0.0016309208466516664,0.992384166319946
272,0.0024529252866267266,0.0007656104916559727,0.001195316031667514,0.0005437262287474615,0.9950424219613023
273,0.004225719423306618,0.0025727951421521747,8.862477386922414e-05,0.00039316053046216506,0.9927197001302098
274,0.006192451869472459,0.004015132037288084,0.0023641464169499972,0.00210519866725143,0.9853230710090379
275,0.043708112809229746,0.0640500088080114,0.003163465567288587,0.013115431101621583,0.8759629817138488
276,0.005031183492971082,0.0077280511031008825,0.0016890855568844519,0.0014409405532476937,0.9841107392937958
277,0.010372735838857918,0.005604248860146703,0.00016950613220529813,0.0013349873288770874,0.982518521839913
278,0.10545499840492638,0.08969356549838838,0.0007310051403328867,0.01046168713546409,0.7936587438208883
279,0.28094595923766474,0.4001852103275836,0.015547878063256679,0.03463752459985018,0.26868342777164483
280,0.3241440069928579,0.374347271924131,0.002138885140369105,0.08378103914664935,0.21558879679599277
281,0.29017427447978944,0.435710978038466,0.0013028563477597121,0.1022567654271277,0.17055512570685727
282,0.36087116416785314,0.4228371398340504,0.00047724581679729994,0.1441003093916699,0.07171414078962925
283,0.24285247508738933,0.4453267232139966,0.0008946994827393733,0.14553916890804203,0.1653869333078327
284,0.14155178240089353,0.6869345809884769,0.0004413201303968849,0.15827935759561737,0.012792958884615407
285,0.18823720657246173,0.5865157602515239,0.001283708805198381,0.07203474771619249,0.15192857665462361
286,0.15632480551688266,0.5959659512531399,0.0011239061160167173,0.16724244868394628,0.07934288843001444
287,0.2059249861719837,0.2903180144270829,0.0015387210265266548,0.3896712601132185,0.11254701826118825
288,0.03952708226342831,0.25416902615991177,0.00014611518877717376,0.6907938735343191,0.015363902853563725
289,0.05492676621012631,0.09615711157762082,3.257395457405209e-05,0.7115603394778054,0.13732320877987342
290,0.03512313262304375,0.09793218890583098,0.00016291457939361276,0.8579824934333921,0.008799270458339633
291,0.00925481188169507,0.5917188785279759,0.00011711804494208632,0.3909016055124608,0.008007586032926192
292,0.014985437570059825,0.07334498507819319,8.205181714759307e-05,0.8620883204881522,0.049499205046447156
293,0.015385055589337192,0.11028252495176732,0.00014041280812086346,0.8557944511090279,0.01839755554174691
294,0.01734972777010704,0.030976717628128682,6.121551794570048e-05,0.8976109996727607,0.05400133941105783
295,0.012628759050155263,0.04382094450427675,4.4813356303037434e-05,0.9329784397948276,0.01052704329443725
296,0.013391308181430653,0.03590063293669498,6.42993580770084e-05,0.942181165088656,0.008462594435141366
297,0.07074475011967467,0.05240286915194711,0.00029521719994421154,0.6427067487781705,0.2338504147502635
298,0.06650442609999731,0.0507747110713156,8.760158099339623e-05,0.2185808840727584,0.6640523771749353
299,0.16471376398233697,0.09575418948858601,0.00019392397632081936,0.42293500860147665,0.3164031139512796
300,0.27083695263660995,0.19094301161972765,0.00015378361746113303,0.2608972334249336,0.27716901870126764
301,0.05267384190388447,0.03915148707051272,0.00011311167555076914,0.07323599563042753,0.8348255637196245
302,0.023111139345067186,0.014325979962904327,0.0002633200195011937,0.030356781876206374,0.9319427787963209
303,0.053439799100108654,0.015945433204344495,0.00016846484415012207,0.021235797542311117,0.9092105053090855
304,0.09758348093248508,0.05611464096386252,9.456208092900919e-05,0.019269119480421305,0.826938196542302
305,0.37492757677820293,0.3605500407367055,0.0003751390388772667,0.22028067605103308,0.04386656739518129
306,0.1326369923640513,0.2386248891171082,0.00031592059117451404,0.37532683361475344,0.2530953643129127
307,0.07496053799289612,0.07788008398318737,7.745642839868508e-05,0.6472420348757897,0.19983988671972808
308,0.07248531213870445,0.09182423134223906,7.578978582815683e-05,0.687695986161269,0.14791868057195942
309,0.04616142742843308,0.05399498598398478,0.00024242972153514877,0.10161520635855208,0.797985950507495
310,0.17585340136316974,0.22887352232060496,0.00021204672964878515,0.262700840716587,0.33236018886998947
311,0.1690095588824965,0.1644076463354778,0.00015678002804818994,0.1611900000077422,0.5052360147462354
312,0.20738920605289662,0.1913065983568981,0.00040198938904564656,0.295814728545538,0.30508747765562166
313,0.13876173288148155,0.08007677278220982,0.0030039923415822807,0.2407312820898375,0.5374262199048888
314,0.03698721476896806,0.05990260240508633,0.024312686211829908,0.018463938921122584,0.860333557692993
315,0.01019368646796361,0.01215790096662042,0.0011730834937894782,0.0051808982518672395,0.9712944308197593
316,0.02766861052313891,0.016793706487940874,0.0010723788235120879,0.006196431721685712,0.9482688724437224
317,0.01953063102204987,0.007599421609557611,0.00021470297829724401,0.001813518830627552,0.9708417255594677
318,0.020779021814680613,0.008409339419715115,0.00019542632936223075,0.003606544235124828,0.9670096682011172
319,0.3644396322016894,0.07959328912308444,0.0002990277458521858,0.06069348678128918,0.49497456414808494
320,0.0445598784448736,0.019018297860240695,3.9441378628418776e-05,0.04249720692806093,0.8938851753881962
321,0.09423287650371749,0.04667972229166827,0.0001102998401388714,0.27626839154289495,0.5827087098215804
322,0.10228563350846766,0.02599736821718239,5.736691091931429e-05,0.17727995618985365,0.694379675173577
323,0.03287534373404151,0.015782879475708486,0.0004902528101597398,0.13902111762615765,0.8118304063539327
324,0.021924697715709485,0.006112133895287407,6.471269292483454e-05,0.0352746606360159,0.9366237950600624
325,0.05171139973195233,0.021618572684586695,0.00023591934901076456,0.04056417032386729,0.8858699379105829
326,0.134496040484657,0.1089361354538212,0.00013408389458139476,0.05704926303313549,0.6993844771338049
327,0.12914591178836024,0.19533641102359012,0.00010971942848433846,0.5231664279317291,0.15224152982783626
328,0.10184442954329832,0.12197134852663657,0.00017867751887123086,0.3617143904055927,0.414291154005601
329,0.10484763740093951,0.09262687962298159,0.0001675326372711161,0.3244514036180791,0.4779065467207285
330,0.16692814326103744,0.17657748002660897,5.9126137287608896e-05,0.25200575472904924,0.40442949584601673
331,0.10995864019453007,0.29426524570333507,0.0009733852544184464,0.13932681922426254,0.45547590962345386
332,0.09696640912138661,0.113359820195259,0.0010070729546868614,0.035598632892744016,0.7530680648359235
333,0.09906331815750624,0.11396192198827922,0.002712683365999427,0.010312180539861401,0.7739498959483537
334,0.017433668460127213,0.024049607831710017,0.0041780698495386456,0.0027586883399951757,0.951579965518629
335,0.025001752749951447,0.010708405927305776,0.0010104010746950559,0.0014764743406991887,0.9618029659073485
336,0.11888482177470175,0.04125473147879136,8.296027272117728e-05,0.008193382493738174,0.8315841039800476
337,0.1690246357080145,0.044345439936582756,0.00031368829019491894,0.004612053245135297,0.7817041828200726
338,0.4480860510403075,0.4734637802146915,0.0007145479886897057,0.015942867700339817,0.06179275305597129
339,0.295629965819423,0.40882168477018627,0.0038379616785509055,0.010280810767148821,0.28142957696469095
340,0.030198184859303975,0.964275964733944,0.0010669642738229458,0.0028850161506404517,0.0015738699822885633
341,0.010333549128670547,0.9811752232103751,0.0004417503101595175,0.0067981552654139375,0.001251322085380899
342,0.004544519587510385,0.9881115666534549,0.004611450615012933,0.0018046232158503933,0.0009278399281713249
343,0.005249428821031733,0.9892322338148715,0.0017366509952855568,0.002086032034416036,0.0016956543343953489
344,0.0019011040634035906,0.9850699585405897,0.008682022631461984,0.0024753931985926005,0.0018715215659523433
345,0.0022368303067182944,0.9926554680792556,0.0015572931171068877,0.0020284165487276995,0.0015219919481913693
346,0.003070902041742378,0.9814505418261833,0.01150621406083674,0.001662049849350737,0.002310292221886903
347,0.0024277011622495025,0.8653456443691406,0.12664355145944708,0.002337593761437057,0.003245509247725576
348,0.0011381302852014447,0.9729387195101061,0.023601882261684623,0.0009167845058680344,0.0014044834371399406
349,0.001286670343879558,0.7189487897305021,0.27793634858290694,0.0008132924226952109,0.0010148989200161767
350,0.0015646746738172182,0.9216225819205103,0.07276084733104961,0.001626510643727406,0.002425385430895385
351,0.0007910769424555393,0.8638056190767507,0.13341199069296708,0.0006765856841522447,0.0013147276036746727
352,0.0022553105295470394,0.9236219638439285,0.07054832307998293,0.0012759907179748827,0.0022984118285665944
353,0.002913678182530647,0.7505118007811352,0.24162262169758084,0.0014380747838590112,0.0035138245548941636
354,0.0013191540667511399,0.8618296644062636,0.13448179464543275,0.0005579575580471604,0.0018114293235055067
355,0.0004019473652359134,0.4067660968851927,0.591132920614656,0.0003178259128173059,0.0013812092220979297
356,0.0020490037356674412,0.658470901017342,0.33752040858027965,0.0008369971860758149,0.0011226894806352671
357,0.0023021888389039426,0.8559306675062319,0.1391491160287125,0.0010883772295580897,0.001529650396593718
358,0.005325213742783891,0.8257851692755592,0.16487340760795796,0.0019870314546348213,0.002029177919064157
359,0.0017640319072880545,0.43202256683764795,0.5642570135731948,0.00035038075951181175,0.0016060069223575416
360,0.001537499722191379,0.8247054468466202,0.17062701283126175,0.00097293936553877,0.0021571012343881693
361,0.0036613825237165336,0.8782347083666803,0.11307427224853184,0.0013178776463596165,0.003711759214711923
362,0.0048474228062443305,0.9170860578145879,0.07421148923621809,0.0012796478326121481,0.0025753823103376195
363,0.0039692241329452775,0.8671778324827448,0.1253265398220167,0.0020790067890645424,0.001447396773228787
364,0.027597460370015266,0.8479410905054278,0.11098288010647464,0.0064349568832233256,0.007043612134859026
365,0.008164375623394525,0.6818035824959231,0.30171861094233565,0.002689330508518994,0.005624100429827559
366,0.32715542965801064,0.6013794882453142,0.051138799636111,0.00885598353354648,0.011470298927017702
367,0.20201331381867846,0.7545189995178307,0.016115157986826143,0.012521621162761868,0.014830907513902845
368,0.1850561402393669,0.7289915958506316,0.039292352508974296,0.012623958405118247,0.03403595299590908
369,0.05780979368491541,0.8777158952289249,0.05267076460289163,0.006088112516598675,0.005715433966669438
370,0.07664398609229407,0.8729508373179963,0.01579943201119751,0.009273323323575505,0.02533242125493658
371,0.09401615950605821,0.7973266694156417,0.0038590301379432647,0.07793406547065794,0.026864075469698892
372,0.0747653467071046,0.7763410908306411,0.003204990764016699,0.09294059234601736,0.05274797935222038
373,0.10488272727396533,0.790759944490565,0.005573576059768479,0.04345696069815718,0.055326791477544
