epoch,N1,N2,N3,R,W
0,0.0006703803862719751,7.241331573545693e-05,7.531641601585304e-09,1.0628712225747298e-05,0.9992465700541252
1,0.011532437603964978,0.0004193356928287232,1.0247956680027383e-05,7.090908575396672e-05,0.9879670696607723
2,0.001007250692482075,5.5086505534932845e-05,2.7034617867430714e-05,8.997883212118482e-06,0.9989016303009035
3,0.00696867675833225,0.0008975753627609204,2.8032343458712583e-05,1.93542370799653e-05,0.9920863612983682
4,0.0049180699332374315,0.00019652881054147317,5.225446441373657e-06,2.9733343083678293e-05,0.994850442466696
5,0.001602777381396083,9.133026465658492e-05,6.179770310161425e-06,1.8867603403190085e-05,0.998280844980234
6,0.011728704378484655,0.00045140525390693366,6.264030939791479e-06,8.641364606897412e-05,0.9877272126905996
7,0.01173382592669913,0.00046101347216043675,5.231344230947329e-05,4.70097181356921e-05,0.9877058374406953
8,0.015597912808763723,0.00043750137202723044,1.763933244254285e-05,6.033712156096027e-05,0.9838866093652057
9,0.007086246255966592,0.0002470388579474912,9.913303503386151e-06,2.9295858721515147e-05,0.992627505723861
10,0.30238683561855884,0.007322601410467875,8.029052069846535e-05,0.0008284270987885601,0.6893818453514863
11,0.10517292760222179,0.004147301047974595,2.0192057793068392e-05,0.0003704964881436354,0.8902890828038669
12,0.08081091097955259,0.001252862052573507,6.472244103375736e-06,0.0004966464156388113,0.9174331083081316
13,0.03928248065419592,0.0020121893923116555,9.712144004068389e-06,0.0003935227126622276,0.9583020950968261
14,0.0042164025237484675,0.00020023066478538616,1.5884806533490137e-06,0.00023375904361368918,0.9953480192871992
15,0.2313995733321702,0.00193746384918605,1.2208586282519451e-05,0.0013625643290097519,0.7652881899033516
16,0.170378171363517,0.0021240012913100667,1.3389582085399162e-05,0.0013278656602567086,0.8261565721028309
17,0.10061481500623135,0.0015244847568133553,1.2506857470651976e-05,0.0009552539937602711,0.8968929393857243
18,0.015395842158063288,0.0010614043007716497,5.188884916579451e-05,0.0010397118101827692,0.9824511528818166
19,0.014424827122506142,0.00024716214339070853,2.9348235973823424e-06,0.000368816523833648,0.9849562593866722
20,0.016762987950173447,0.0003968362397810067,3.0183103526747048e-06,0.0003943126491181786,0.9824428448505745
21,0.017276550740647798,0.0005249307273894586,6.882311748119804e-06,0.0005187715762021013,0.9816728646440125
22,0.5011174843960231,0.003203056385572206,1.90666004405776e-05,0.0023597851913506104,0.49330060742661347
23,0.35250324523946547,0.0053295793468313545,3.247185221582346e-05,0.004144237585090854,0.6379904659763964
24,0.5590894688058352,0.025318161462636726,9.080664189958914e-05,0.01283061643497561,0.40267094665465286
25,0.28435502457888256,0.052958251591635336,0.000265371577334093,0.03417098318126378,0.6282503690708843
26,0.36131434527423956,0.0434093007698192,0.00037133090792421526,0.08396645367526609,0.510938569372751
27,0.09095871122228158,0.003283051252078021,1.414682691612839e-05,0.012575766173511494,0.8931683245252128
28,0.5321940278880924,0.04389643701049645,0.00014627823529413466,0.022313871021803645,0.4014493858443133
29,0.5065036510406068,0.01843729708301795,7.369820175284543e-05,0.011218166597152086,0.4637671870774704
30,0.4295977810044854,0.2911372393057158,0.002675367159660736,0.015079772507649167,0.26150984002248884
31,0.3824795379939258,0.16213632057776237,0.00031967556142891633,0.09252353532173979,0.362540930545143
32,0.4893580725672984,0.1207208874649012,0.0002645188013074734,0.023780082963527925,0.36587643820296495
33,0.5599990572477025,0.17830261862219715,0.000902988986716411,0.06578890113815535,0.19500643400522857
34,0.5412177058032555,0.27645644560216975,0.0023438904295195596,0.015649538963344756,0.16433241920171066
35,0.17528944881371994,0.5845962083648437,0.01796578454133044,0.01341001168005875,0.20873854660004712
36,0.06409069648188503,0.03949237802759953,0.0005508430221004898,0.005470130874168697,0.8903959515942463
37,0.51882147580778,0.2000561086808348,0.0011104376604207794,0.04992950026042939,0.23008247759053493
38,0.3498440828777374,0.45815174666371045,0.002666300890307976,0.013661354345983838,0.17567651522226047
39,0.49530744812896305,0.405591739987632,0.0010620713615855197,0.013631460902603618,0.08440727961921592
40,0.40838860172073177,0.4693441887310562,0.002893777568894334,0.0284064384294716,0.09096699354984614
41,0.18909150202882632,0.714182287332757,0.00398709372083723,0.009514009358790078,0.08322510755878937
42,0.1739284375399913,0.6902644684901201,0.0033344133332958528,0.023139887970168527,0.10933279266642426
43,0.41951728655845616,0.36943661376714587,0.0017990968985153036,0.06407202530389537,0.1451749774719872
44,0.020082731556122276,0.010547089172895553,0.0006124324755450773,0.00027221101444509227,0.968485535780992
45,0.7628903706236073,0.07364534454516998,0.0002120731399971421,0.006159226505028203,0.15709298518619733
46,0.4686215731273157,0.3497251797612593,0.005088668533090565,0.002193957295945112,0.1743706212823893
47,0.3210873715159489,0.5602308006751926,0.00825511371393795,0.0011767736781022962,0.10924994041681824
48,0.1154870315418417,0.8513810353143094,0.014291485324595527,0.002464138627256841,0.016376309191996414
49,0.06492556120107701,0.8441237178335368,0.041494680807949234,0.0013395863667872805,0.04811645379064946
50,0.07875200186395659,0.8816679866694165,0.017497212000426702,0.0011318485358215076,0.020950950930378708
51,0.014585716464994312,0.839153883858773,0.12958294118749059,0.00015584051853645572,0.016521617970205713
52,0.03923568626290733,0.6358189132011645,0.28707146473283623,0.00034037546981214873,0.03753356033327997
53,0.011678584318503092,0.7516238594796757,0.22330456209797148,0.00010087854434669624,0.01329211555950303
54,0.007638339106949788,0.34242007714636014,0.6407822147278165,5.466174508463756e-05,0.009104707273788952
55,0.007340387894891988,0.43005633632594037,0.5431363957979131,0.00020726195688379264,0.01925961802437075
56,0.007087729558769777,0.49988946510650717,0.4830814044256119,0.0001300336727662223,0.009811367236344905
57,0.021474817396467363,0.5519417077720232,0.4164050735456852,0.0003695085142640766,0.009808892771560222
58,0.00398502878367228,0.5180946490806513,0.4739515270856538,0.00010378251594922872,0.0038650125340734583
59,0.0027856595596130454,0.6756550008095865,0.31675816183369315,0.00015500578657209212,0.0046461720105351574
60,0.004823759063335115,0.2453204504587212,0.7416411730099441,0.0001239443619601099,0.008090673106039621
61,0.005329829379127391,0.0832895075591643,0.9073569680518963,5.639841367117032e-05,0.003967296596140898
62,0.0015590134636038315,0.1660370130773893,0.8279294720079556,4.714545456492394e-05,0.004427355996486308
63,0.002036496812564585,0.039057022824021556,0.9538026849104261,5.6029913994417635e-05,0.005047765538993642
64,0.004205917171183588,0.19852441618001823,0.7880589976122674,0.00019501587604694624,0.009015653160483875
65,0.0020353367356737,0.13713204317912125,0.8575304000330592,9.507820575868525e-05,0.0032071418463870574
66,0.0018719748725206302,0.20319173867945803,0.7896234010228256,0.00011726164869064403,0.005195623776505251
67,0.003050930128750246,0.0995565969850456,0.8931393952265164,0.00010220107229030276,0.004150876587397455
68,0.002462986089292719,0.14512130613904373,0.8485628936087803,0.00010275461865677236,0.0037500595442263593
69,0.0022124432076771907,0.09833599695200629,0.8971837478868072,6.187428221656512e-05,0.0022059376712927512
70,0.0008848243849506719,0.040282585929398124,0.9573480542164529,7.815069557614733e-05,0.0014063847736223544
71,0.0022515525756342694,0.12849080264207846,0.8647185342500968,0.00017933129498152054,0.004359779237208943
72,0.0013109074984625426,0.11002894788371517,0.8862902709457533,0.00010996696985066948,0.00225990670221839
73,0.0021846203521044293,0.12316041584374231,0.8715335874075503,0.00013513767259371604,0.002986238724009366
74,0.0023732758036652426,0.11575476245129475,0.8790828049313768,0.0001698957276243525,0.0026192610860388604
75,0.0013105633728479644,0.10234109041191937,0.8942199085663658,0.00013604499616223654,0.0019923926527047014
76,0.0013347808047524195,0.05619255647726109,0.94062944180618,0.00012513736449915223,0.001718083547307113
77,0.0018783427307516418,0.05328126381721128,0.9430663446030423,9.639178168383858e-05,0.001677657067310907
78,0.0021055154238412577,0.12918240311148063,0.8661425522590194,0.00021749576756836914,0.0023520334380904397
79,0.000818779595840016,0.06840154023095944,0.9287785678626755,0.00012140003355121028,0.0018797122769736666
80,0.0014112855819812726,0.036875141617644304,0.959723932498035,0.00010225601501134527,0.0018873842873282543
81,0.01931468314398652,0.2483018323791885,0.7028848120734247,0.0011112644131411656,0.028387407990259114
82,0.011798463128940704,0.2951371036202696,0.6831401044269877,0.00032052266601248367,0.00960380615778941
83,0.012826650502997349,0.36225153461355425,0.6196857517129095,0.00025229703267692645,0.004983766137861857
84,0.02068203926166063,0.25581348196053105,0.7135036311676124,0.00021139858541965702,0.00978944902477625
85,0.012301099494846483,0.1970337807049906,0.7800689713739988,0.0002345336923630096,0.010361614733800973
86,0.02018849167444935,0.4910901581689512,0.4665543134698945,0.0005047579858379587,0.021662278700867163
87,0.012808059203979821,0.3112256198833195,0.6670469007306331,0.00022149213863943346,0.00869792804342797
88,0.011911667696942312,0.23157064143411177,0.7454106445517729,0.00028122386846043864,0.01082582244871276
89,0.012023384872926311,0.48223769418836576,0.49647031677731057,0.00029996040520713195,0.00896864375619034
90,0.003366186057823164,0.08943669510807575,0.9041145102041085,0.00014089897930208065,0.002941709650690469
91,0.0034903960009214138,0.19204305128889368,0.8001112916363238,0.00043268176430738905,0.003922579309553797
92,0.005697589429488912,0.12487748774919359,0.8659803744267093,0.00036559959238823664,0.0030789488022201434
93,0.002107621774131754,0.057827887168971394,0.9380434657155332,0.00031413052853028044,0.0017068948128333126
94,0.0006818258339009341,0.05625542297889019,0.9415323960896029,0.0001555483717044749,0.0013748067259016176
95,0.0036812996893818206,0.16296865761351922,0.8281868409947211,0.0004367274222301184,0.004726474280147884
96,0.0017828594771990684,0.07131986153878211,0.9249117157814246,0.00012807418121673573,0.0018574890213775088
97,0.0019126211222445179,0.10413770760077942,0.8911211363010669,0.0003008920319970134,0.0025276429439122674
98,0.0013026643280355226,0.10058272039817605,0.8959507461303773,0.00023732719137266125,0.0019265419520383311
99,0.0011621107278882614,0.08143274777227501,0.9154801383332056,0.0001799658469173489,0.0017450373197136608
100,0.0024196825562716132,0.07723302792933212,0.9175261202251668,0.00033343324598304925,0.002487736043246225
101,0.0009870135128852964,0.05246701608571131,0.9445967657779858,0.00020896614567425924,0.0017402384777436032
102,0.00219573627355005,0.06487956775387325,0.9294339280343763,0.000249400732264266,0.0032413672059360974
103,0.001182330167211557,0.08875348722795566,0.9080413197558588,0.0001687769098750381,0.001854085939098837
104,0.004131633252140699,0.06291585627533311,0.9298616485932226,0.00023501343043032144,0.0028558484488734256
105,0.005388619884524337,0.2812103944745435,0.7079265192424001,0.0005527868879299625,0.004921679510602013
106,0.002430461316036019,0.062274594456939454,0.9328637652014358,0.00021818435197430144,0.002212994673614351
107,0.0013232564965102985,0.039109055028911294,0.9580064505034845,0.00012206572255794757,0.001439172248535904
108,0.0012692985501284704,0.04331805834784077,0.953138631186598,0.00026399759776718555,0.0020100143176654543
109,0.0013033085124042124,0.048552361309201826,0.9480053669047651,0.00012690313429557568,0.0020120601393333972
110,0.0014869326052143854,0.04261287469593783,0.9532267371187932,0.00019452275233972264,0.0024789328277146057
111,0.0021796191213241125,0.2562250609248207,0.7358765745109603,0.0004452513957686965,0.005273494047126079
112,0.00265753762618306,0.20759599685080246,0.7858947054181652,0.0004866310687873591,0.003365129036061943
113,0.0016667878932266054,0.1238314279380062,0.8716168988610539,0.00019710840472220314,0.00268777690299093
114,0.010793680683116627,0.4039191297382499,0.5787270175754966,0.0010886294017684627,0.005471542601368372
115,0.002878183194073669,0.08338792114124433,0.9106616039017459,0.00041758480105563733,0.0026547069618804
116,0.004318581079945925,0.19867881892541459,0.792514455164109,0.000419144984527318,0.004068999846003326
117,0.0008457625502502918,0.09424559672489737,0.9030480111340258,0.0001518276133067666,0.0017088019775199797
118,0.0013537219418124876,0.09081267856340446,0.904755706784735,0.0005329354445794968,0.002544957265468571
119,0.002027174625361291,0.11721351253865847,0.8783807961725925,0.00015455618041785622,0.0022239604829698443
120,0.0008919849656831606,0.06506345031651208,0.9324339118321485,0.000187390727521583,0.0014232621581346252
121,0.0023271762626740954,0.14951939329331101,0.8443448837458779,0.00030549110639179627,0.0035030555917450515
122,0.0015574594258106291,0.0682763093914837,0.9283415577251809,0.00014296458245151774,0.0016817088750731963
123,0.0004514943753800351,0.034882861225945055,0.9637858705577518,5.816078959691505e-05,0.0008216130513261148
124,0.0011986636286122846,0.1852537825219776,0.8120150043052835,0.0001158828453199125,0.0014166666988067406
125,0.000656548813756463,0.04611931312442908,0.9516207317535486,0.00013493691358681178,0.0014684693946791243
126,0.0019530627682294004,0.06543113619984965,0.9272115738446484,0.0003678543838290957,0.005036372803443366
127,0.005064551424682114,0.31035566242060714,0.6795246238900216,0.0007306764745619399,0.004324485790127199
128,0.0028125688841076006,0.11181938958341782,0.8822746850900735,0.0001688764260815748,0.002924480016319604
129,0.0019267445200241396,0.09021341147718287,0.9056711804765667,0.00013474069571087931,0.0020539228305153467
130,0.0006658681276490136,0.05866977715354881,0.9393764164254331,6.260097782687596e-05,0.0012253373155423446
131,0.0006057527820318556,0.041618247384025676,0.9563500822087315,8.716535977701678e-05,0.001338752265433849
132,0.0009046885355694746,0.07665751297526775,0.9200903872133479,0.0002617183640231722,0.0020856929117917503
133,0.001430305837774325,0.11182477232449015,0.8841134085896868,0.00020257601686607453,0.002428937231182518
134,0.0016527241451625388,0.055810173250731815,0.9397658732278619,0.00034771510272269484,0.0024235142735209345
135,0.0015299652609986874,0.05743431967659029,0.9390908929766547,0.00024304161677873488,0.0017017804689774076
136,0.001966780993146816,0.06101773021309992,0.9347780856195353,0.00016538664829560958,0.0020720165259222934
137,0.0007525943827443004,0.06599612811159408,0.9316411753481658,0.00010564669498780835,0.001504455462507968
138,0.0010051597397515565,0.05160744690181736,0.9455332593855735,9.415103646473489e-05,0.0017599829363929328
139,0.0015376821405953538,0.06743624627239844,0.9287647757670274,0.0001357650930781946,0.002125530726900754
140,0.00040203596544146985,0.044427237512765914,0.9536262800871848,7.342805388542938e-05,0.001471018380722187
141,0.0028417453901394218,0.15301947827458107,0.8410019794450495,0.0003402676902155671,0.002796529200014563
142,0.0014852374821913684,0.12616303641074672,0.8697626448445269,0.00043858745842721464,0.002150493804107822
143,0.00037961619536957815,0.027496244378173742,0.9710101199085557,0.00021595064701010255,0.0008980688708908069
144,0.0016076219060370222,0.0669724581258065,0.928740227263546,0.0003375834154294312,0.002342109289181197
145,0.0013288197526943684,0.10916708776255173,0.8866666698848559,0.00028139747052997866,0.0025560251293681594
146,0.0008412442881739157,0.08229162479322247,0.9152458890838056,0.00015000269525100127,0.0014712391395472278
147,0.0009833755483394386,0.09207725055205025,0.9050123898555502,0.000134368767529884,0.001792615276530295
148,0.0006623808206313614,0.059572638262035134,0.9382558454985973,9.937038346339798e-05,0.0014097650352728089
149,0.0011614683187606398,0.16030848432015324,0.8369731068830863,0.0001614989832463241,0.0013954414947535989
150,0.0016360394424391356,0.07757868501277662,0.9179515785487162,0.00030630630083500177,0.002527390695232917
151,0.00046866376381131896,0.04849619607890544,0.9501392820898651,0.00010397503366196297,0.0007918830337561736
152,0.0011176468069369712,0.06590725135526314,0.931550030548348,0.0001522961894775142,0.0012727750999744088
153,0.0017975187579646612,0.08298465302343679,0.9127568277593339,0.000532403452811286,0.0019285970064535254
154,0.0022607768705378505,0.20416380520540264,0.790659090845213,0.0005124310625744797,0.002403896016272097
155,0.0008030320357115028,0.046667371271491995,0.9513071442506097,0.00022331889158743175,0.0009991335505993412
156,0.002195362941369454,0.1353946297234568,0.8606013856272087,0.00031302144840339446,0.0014956002595615532
157,0.0005155014210506902,0.06179049830623861,0.936773668402092,0.00027545152475962656,0.0006448803458591856
158,0.00043497756650292987,0.04428226701231272,0.9541784337531226,0.0002449205496510905,0.0008594011184107013
159,0.004179363076768493,0.3670844101970407,0.6248385623557291,0.0014582572984629377,0.002439407071998783
160,0.0023702091448885715,0.1300916834434598,0.8655247742133418,0.00035443849758192754,0.0016588947007279043
161,0.0014911827136411678,0.0525205046752069,0.9440800237594237,0.0006308132421485724,0.0012774756095795974
162,0.0013750471534548345,0.09020141215488772,0.9063535012214939,0.0004709464936029641,0.001599092976560577
163,0.0024810743810909654,0.2650059518072311,0.7291180004980373,0.0010127990026051416,0.002382174311035603
164,0.006779766550221924,0.14934980450439017,0.8403290919885463,0.0006211180410757563,0.0029202189157658434
165,0.003365468866482942,0.11901135479997603,0.8739533341718732,0.0006697116988405387,0.0030001304628274115
166,0.005634595614514765,0.563298099929686,0.4237070737606983,0.0014960282148507385,0.005864202480250156
167,0.005178869461414414,0.5479377762410214,0.44146879932886013,0.0007266069996117932,0.004687947969092249
168,0.004625040231047389,0.729510521464248,0.26087829528233347,0.0010320627203236656,0.003954080302047668
169,0.009720200762643936,0.6747063043626744,0.3110324538089828,0.000800805422770085,0.0037402356429286914
170,0.005495411373512451,0.2964956404668263,0.6951553296516257,0.0003769980720540122,0.002476620435981424
171,0.006153604802932866,0.3658874652861775,0.6233238740486686,0.0004654407176363967,0.0041696151445845975
172,0.0012507970129581303,0.13553639326963376,0.8617016165416181,0.00013208342717976727,0.0013791097486103424
173,0.0029165196873165355,0.05401638921071261,0.9408413319192788,0.0003558127176253857,0.0018699464650667593
174,0.001196271603430207,0.13791510044995872,0.8584163810412543,0.0003724268133182272,0.002099820092038566
175,0.0019396397629289168,0.4186543915119278,0.5732944773058225,0.0010413248974344728,0.005070166521886302
176,0.0023248085776812785,0.11428415305056487,0.88051292218225,0.00050806587678093,0.002370050312722902
177,0.005528905109180764,0.7691893963501053,0.21872634180112277,0.0018136253980473964,0.004741731341543564
178,0.005228889112600731,0.7839535615954845,0.20751007652025633,0.0011541673637555584,0.002153305407902833
179,0.0023631348732315732,0.21792872317764977,0.7782336605250076,0.000281570720259737,0.0011929107038512177
180,0.004079732124678277,0.3292111398878657,0.6640965693357351,0.0005785384281280413,0.002034020223592861
181,0.003040307001019491,0.15357450986743007,0.8410662143445125,0.00033020655484026346,0.001988762232197926
182,0.001446298380708649,0.05039627595814814,0.9466093793831538,0.00026868596987828294,0.001279360308111179
183,0.011247216843997142,0.6831278761428266,0.29288436916116867,0.004070436885081165,0.008670100966926414
184,0.004579345746158434,0.5317104629511875,0.45804897914369364,0.0008182347258758737,0.004842977433084599
185,0.00551399895782912,0.4686521577516975,0.5212739427293135,0.0005842369447952243,0.003975663616364613
186,0.004647966783474192,0.6741619135080844,0.3178868868102946,0.0006638655080826432,0.0026393673900640606
187,0.00943270073124789,0.43490013261979277,0.5477075437007533,0.0010604773771219448,0.00689914557108411
188,0.005222980563117477,0.5602071725479675,0.42973534557646786,0.0009940697211568497,0.0038404315912902594
189,0.01017550315538118,0.6042537959793205,0.3813220901634416,0.000971218451135059,0.0032773922507218453
190,0.029058255684554318,0.8872705738546353,0.07254423867359565,0.005887651768818799,0.005239280018395933
191,0.004478376895012216,0.8682304705071487,0.1225111456162,0.0009039623711420233,0.0038760446104971293
192,0.01710551335460093,0.9037881271937339,0.07026146841021398,0.0036144942865532752,0.005230396754898077
193,0.010749173853117473,0.6780084249558963,0.30768960753925323,0.0007804926278852896,0.0027723010238475654
194,0.001888278937013194,0.4471944799413376,0.5496875683925911,0.00019649796171022907,0.0010331747673477576
195,0.011097405714887237,0.716018566901984,0.268264718199601,0.0009015761336032521,0.003717733049924528
196,0.007606464369142689,0.5253134738358027,0.4644931376452723,0.0007821554001270306,0.0018047687496551255
197,0.006847097076180949,0.46837717558578856,0.522201358709058,0.00076886009580174,0.0018055085331707304
198,0.0402481316486158,0.8825528176493604,0.0642519479967707,0.00816520046339748,0.00478190224185552
199,0.018697448780053916,0.6400360117388508,0.33371563429134776,0.0038687980432527656,0.0036821071464946662
200,0.017074517567081587,0.7854093553698509,0.18766061172673792,0.005858848752892852,0.0039966665834366595
201,0.029020467584389694,0.764757966298374,0.19256816763407583,0.0068239294897015175,0.00682946899345899
202,0.03875359621533983,0.7927845084464156,0.1218630118779336,0.012018766655466334,0.03458011680484466
203,0.013909468020826286,0.8607641376867332,0.05382625735698077,0.0017343639106981907,0.06976577302476165
204,0.0340393082694253,0.6523930389734258,0.26599327505801446,0.0009352061199852616,0.0466391715791492
205,0.13139534107708872,0.1826858879480185,0.0003780932129696433,0.016490483303269323,0.6690501944586538
206,0.017397289591895775,0.008651711147647064,0.0004369139415790381,0.00032967890799677106,0.9731844064108814
207,0.0680854778477974,0.012896959188521386,0.00026125154804486605,0.0005451601966954678,0.9182111512189409
208,0.08510194435814507,0.015697330810557172,0.0003007660838629602,0.0016297132961886843,0.8972702454512462
209,0.003366196705743478,0.0034863834749057684,0.0006217533884848377,0.0003982429365301158,0.9921274234943358
210,0.001037927187059732,0.0013740807634109043,6.889557089037837e-05,0.00010291603555792789,0.9974161804430811
211,0.002211228604614702,0.0049239954390290375,0.0005481908532089125,0.000423033213250027,0.9918935518898973
212,0.06578346674522403,0.01704894500214873,0.0015921324616378727,0.0040199070280165375,0.9115555487629728
213,0.061249484376253736,0.01287193083491753,0.0004886012751790808,0.0021408019419325037,0.9232491815717172
214,0.23562342072744055,0.05225502634819502,0.0010044293361364481,0.038249837019870704,0.6728672865683574
215,0.016733680557520805,0.0031902399384570374,0.051863722532710294,0.07805201392254572,0.8501603430487662
216,0.11793695387608799,0.012306829195801151,0.04975864734383134,0.004713363128836253,0.8152842064554433
217,0.028615816620703886,0.0038883767493764296,7.775636292084927e-06,0.0019813322570062337,0.9655066987366213
218,0.09607356562838633,0.00603435906841539,1.0776651459346852e-05,0.0008001903832461861,0.8970811082684927
219,0.36396030427144993,0.058450277193936855,0.00017805302251771774,0.0057579262639410825,0.5716534392481543
220,0.13215927749617135,0.0201769697023778,8.031197177784596e-05,0.010241279926217726,0.8373421609034553
221,0.3474172715645368,0.06516141409867919,0.00016097170136241616,0.11313005460127146,0.4741302880341501
222,0.5253322783244097,0.15004172877868374,0.00021671329357571224,0.040889815555720264,0.2835194640476106
223,0.501837459051627,0.3316466463880414,0.0005230554196461934,0.06423920685688184,0.10175363228380353
224,0.21152131088444368,0.3290944278897158,0.00131282081050051,0.439265434364571,0.01880600605076912
225,0.1427657153150534,0.2562154753398356,0.0017540462016009482,0.5870839632169911,0.012180799926519074
226,0.10805639429570073,0.28949527729388375,0.0006110429621528613,0.5796785712688026,0.02215871417946005
227,0.03511496526799129,0.7824558950535788,0.020152683921655028,0.15730599463290848,0.0049704611238664065
228,0.06706902934282223,0.3835281666163627,0.0005859696938536995,0.5445768644064393,0.004239969940522129
229,0.033285888692503714,0.7436107745695832,0.0024898942399159975,0.21484875205651235,0.0057646904414845376
230,0.013560669103482494,0.8256526666842934,0.0015148038474138371,0.1572996834467378,0.001972176918072412
231,0.03707425483680112,0.835135106490343,0.00193956349529738,0.12294614632308767,0.0029049288544708493
232,0.04335047252639633,0.8664523940995605,0.004926716661289862,0.08296024732749746,0.0023101693852556893
233,0.049627364188523544,0.7769964297601702,0.002914129249613392,0.16581645211007498,0.004645624691617965
234,0.027335233331077013,0.9020822430005144,0.003903851331500471,0.06424030555180532,0.00243836678510276
235,0.020298824647674112,0.9456185061384369,0.00179607672511502,0.030483342893825024,0.0018032495949489675
236,0.0441201818141254,0.9038745198486962,0.0009884654878425817,0.04807473965170003,0.002942093197635558
237,0.03667396754158428,0.8958604495410576,0.004024201493012456,0.06079821958332883,0.002643161841016928
238,0.06119344088664371,0.8933593625443639,0.006177808110000426,0.03498142732516166,0.004287961133830197
239,0.0183353651136811,0.94673655246691,0.01014932315567258,0.022998474811563696,0.0017802844521725577
240,0.011870841740604633,0.8173875251260191,0.14267254566927465,0.025997926276844607,0.0020711611872569666
241,0.024732786852129134,0.9290381741396521,0.007941450182676741,0.03637236606878669,0.0019152227567555138
242,0.035365664139753755,0.8777446865480127,0.008067674826013654,0.07405747427658062,0.004764500209639432
243,0.019248377839611315,0.9320379961397124,0.014270618141929682,0.0327762885695371,0.0016667193092094635
244,0.023882297497114912,0.9368828196047397,0.023223832015228187,0.013857904585171832,0.0021531462977456054
245,0.013499744911603384,0.8896123311094033,0.09145404288965499,0.003911734515643831,0.001522146573694501
246,0.06551173634587465,0.8920475120060365,0.02213533498182595,0.014970214582120268,0.005335202084142695
247,0.022986398174154758,0.9193674193333279,0.05135650497958623,0.003001622833212472,0.0032880546797186437
248,0.0347027851694385,0.9457416781298802,0.012193888760624633,0.004817519206653281,0.0025441287334033473
249,0.018355161663570013,0.8463556646088316,0.13015621848957493,0.003471766243037798,0.0016611889949856723
250,0.016053963892716232,0.9358328473068603,0.04102079815556186,0.005783489299087947,0.0013089013457736316
251,0.0053406341973906155,0.9203886752437411,0.0710935809252162,0.0018199862848999842,0.0013571233487520895
252,0.0070506079861020875,0.9148504231817708,0.07099136762542925,0.005661468749881363,0.001446132456816406
253,0.07378509191932489,0.9068773901639149,0.004811890654288295,0.008601258589025832,0.0059243686734463405
254,0.014006564752039362,0.9351216102192238,0.0467992225912982,0.0023316149049040186,0.0017409875325344233
255,0.01256035135900371,0.9733152569715955,0.009674389958336393,0.0032731545043548404,0.0011768472067098337
256,0.014581151718849484,0.9543614507340157,0.023643708826320886,0.0059443376168835035,0.001469351103930602
257,0.006366747706052167,0.8663786463406908,0.12407967125946393,0.0022805889756143173,0.0008943457181787482
258,0.020802123521986668,0.9570606851637391,0.014612609806241897,0.005817473416641246,0.0017071080913910977
259,0.014540383316431678,0.9189967661279737,0.060315925111226194,0.0035430558064033528,0.0026038696379652206
260,0.015000609132027283,0.8991828973857646,0.08287789166447901,0.0018370618534585218,0.001101539964270512
261,0.02296184256519721,0.9197537172109297,0.05160808759683612,0.004015110091304878,0.0016612425357321508
262,0.02468541029358488,0.9481317923118087,0.02284285697499906,0.0024183936445816645,0.0019215467750255857
263,0.00528428035020049,0.850819515185062,0.14213729866004268,0.0009947069613304087,0.0007641988433643752
264,0.011313104229015413,0.8399711764611616,0.14498031433509626,0.0017864901564608414,0.0019489148182658092
265,0.014368451231217765,0.9499761062622659,0.030084617473954564,0.0032078427207946755,0.0023629823117669057
266,0.00898675199471884,0.9088925724308488,0.07929475297762854,0.0017003500033482793,0.0011255725934558576
267,0.01076833664961388,0.8997948044901415,0.08589920046699584,0.0021205118508343572,0.0014171465424144202
268,0.00941688158615981,0.9087863250142032,0.07902520500456717,0.001102842830404398,0.001668745564665335
269,0.005277460872923084,0.9161788766223475,0.07550167253758534,0.0020230866329414483,0.0010189033342026593
270,0.019239890894224253,0.8119681291173876,0.16235366719552155,0.004811155970827867,0.0016271568220385443
271,0.007360380531943363,0.9018272566336485,0.0869857649036839,0.00223576112000209,0.0015908368107220698
272,0.016610863314798878,0.9130969473209464,0.0606172030327056,0.007187548860794565,0.0024874374707545403
273,0.021456956643336834,0.8000790054184902,0.16513638698083236,0.008212161353258723,0.005115489604081968
274,0.0257747876630078,0.935197351595014,0.02990929160674072,0.004572220679712218,0.0045463484555251605
275,0.024014981512164513,0.9075774080261674,0.06186244597987093,0.00388886254880583,0.002656301932991483
276,0.020857768807392898,0.9374921994979335,0.03548341477397383,0.0042846528890805825,0.001881964031619143
277,0.008952699193745804,0.8166964986039815,0.17155522904877307,0.001322345677670439,0.0014732274758291655
278,0.008580149012999439,0.7457667392787236,0.2420707013611219,0.00218629779778069,0.001396112549374419
279,0.020798605515273356,0.9100519091723479,0.06449296702546256,0.002524803405245057,0.002131714881671103
280,0.004033992197798665,0.762775947487629,0.23136392160386174,0.0006795303993096278,0.0011466083114011244
281,0.014912917283207558,0.8269689642711966,0.15424654780740807,0.0014536114667722043,0.0024179591714155618
282,0.00671014545467476,0.7978769583045252,0.19281270242898013,0.0009904367635703377,0.0016097570482496001
283,0.014490089316802866,0.9181619294370066,0.06180384976489303,0.0029179192844253814,0.0026262121968722418
284,0.05480549153944079,0.9014398649342983,0.03575992037171756,0.004145685724755826,0.0038490374297875498
285,0.012490525204483292,0.8398161312434888,0.1434112589053952,0.0022441467568506995,0.0020379378897821252
286,0.009925696515760753,0.85856785634577,0.12898561835413597,0.001542725857227244,0.0009781029271062165
287,0.004963539117253104,0.4316323919220973,0.5622431579115452,0.000509749977011288,0.0006511610720931489
288,0.008287905020480027,0.808728662916979,0.16960855410732342,0.01134400544251794,0.0020308725126997012
289,0.02217983036131186,0.8851694137203342,0.07292153579407563,0.015474609077627786,0.004254611046650521
290,0.011542438316348262,0.9175528533430931,0.05859808594732654,0.009577781038132461,0.0027288413550997674
291,0.026134887216874014,0.9534213174478805,0.010214893769462096,0.006996700516791418,0.0032322010489920895
292,0.013448074824856857,0.9576680391757162,0.016547484656122883,0.009837229269654071,0.0024991720736501424
293,0.029724357301814785,0.8557248073139847,0.10272192439357375,0.009583455495915886,0.002245455494710755
294,0.019441756433924574,0.8821251570985696,0.05857365597888593,0.03769722297875349,0.0021622075098663342
295,0.25390646189479527,0.5026903148056279,0.0011871567839056335,0.22638120437472842,0.01583486214094278
296,0.08970182602010492,0.8517939802203587,0.025308799023354953,0.028260794451364944,0.004934600284816422
297,0.11706953053737472,0.8064697583101315,0.005092514775752638,0.059818687277199065,0.011549509099542176
298,0.07922399399125117,0.8738932389223671,0.023768420320125574,0.018147620128550937,0.0049667266377052465
299,0.04868334698111875,0.8689170400206101,0.01033956232848182,0.06386610537611943,0.008193945293669982
300,0.06019095379635347,0.757936878404135,0.0033286085165893835,0.1717535992069958,0.0067899600759262655
301,0.015716343259543485,0.820390820438923,0.056437958184288727,0.10465463354892451,0.0028002445683201625
302,0.13737285114675807,0.6351160673643125,0.006315363768262318,0.1726115744564463,0.048584143264220725
303,0.317259503456279,0.14053586202668558,0.00033033116148508133,0.3288084596442656,0.21306584371128467
304,0.0703742481182438,0.7399621463019261,0.004634509257273849,0.17495952368199846,0.010069572640557701
305,0.1784306907466306,0.5786249266959108,0.0005261757951929982,0.22573778993022617,0.01668041683203932
306,0.22562616667586163,0.44572470729072666,0.0019219379166306254,0.2913605144637265,0.035366673653054494
307,0.10800526160046083,0.2872344085144183,0.0004264771357918892,0.551295537371708,0.05303831537762098
308,0.10465557756979425,0.21041890901920324,0.0003682687188198566,0.6767367538178428,0.00782049087433981
309,0.13230046592054787,0.03405079945482596,9.767983116323432e-05,0.8019984130781744,0.03155264171528857
310,0.0902008921553601,0.14465929733984134,0.0004004964547771316,0.7474010668451324,0.0173382472048891
311,0.07719474719472888,0.032465785697526686,0.00010474240976935856,0.8767145944407254,0.013520130257249609
312,0.06685228742002004,0.03236880199596397,9.385441203372506e-05,0.8019300667629099,0.09875498940907233
313,0.02276247492251157,0.022872420721755857,5.27453929216143e-05,0.9418491620163361,0.012463196946474905
314,0.123567526285757,0.03685796009720331,8.567540710347961e-05,0.7051370004591166,0.13435183775081946
315,0.10456697672527566,0.019648415632017743,3.044064089452941e-05,0.8087121340633021,0.06704203293850983
316,0.06597751237031074,0.017756510924951997,3.273426918512039e-05,0.9031309405942534,0.013102301841298741
317,0.08290390248943665,0.011353756557463807,3.930646050987201e-05,0.8782235037981687,0.027479530694420908
318,0.05671682463484793,0.003921165797460189,3.4555945519503005e-06,0.9206933155326691,0.018665238440470928
319,0.032387142543643756,0.007325099066218295,2.2688297438118274e-05,0.9420115979379977,0.01825347215470209
320,0.035633453963873234,0.005914333426550898,8.12215057037059e-06,0.9490101163045552,0.00943397415445027
321,0.03663106857376103,0.004712798025562586,6.547231333715815e-06,0.9479339255474786,0.010715660621863944
322,0.029392618538138498,0.002584813325962002,3.6266442640297556e-06,0.9499005358979674,0.01811840559366814
323,0.029854308279494764,0.005994625412422264,1.4195382809958556e-05,0.952675825809651,0.011461045115621854
324,0.03283963235341606,0.005265989455595047,1.225075841152182e-05,0.9511080819219989,0.010774045510578525
325,0.07312403540798892,0.003279060818028845,9.278762683901914e-06,0.895470007521389,0.02811761748990927
326,0.04099431483456029,0.003027118677161745,2.5710673544085174e-06,0.9268960191981864,0.029079976222737162
327,0.05053874112137382,0.004652090639875847,5.573644789107647e-06,0.9359651921312632,0.008838402462698213
328,0.04264491241779973,0.003793041354748892,8.940272154216171e-06,0.9466038290004928,0.00694927695480422
329,0.0322993333237664,0.003209036498775385,3.7828096036470567e-06,0.9575121350890953,0.0069757122787593665
330,0.02372817032275921,0.005031661027703713,9.855854670545394e-06,0.9675916131617428,0.003638699633123686
331,0.029642546162965168,0.02748584670717662,1.3467264986278495e-05,0.9139494052428238,0.0289087346220481
332,0.08561824611161828,0.046169687057211306,3.7612095563733146e-06,0.8289296735896312,0.039278632031982744
333,0.07779691325763775,0.02753154981018814,1.6096652206196236e-05,0.8591834530360561,0.0354719872439117
334,0.09980564780529114,0.02431605675206108,6.953262568572964e-06,0.842064326060507,0.033807016119572215
335,0.10322278004872232,0.017680703322591,2.256887816728133e-06,0.7940240558771893,0.08507020386368057
336,0.09332376160812757,0.04179039723780224,2.1169603507804488e-05,0.38679629963605716,0.4780683719145053
337,0.2089236229863531,0.05498996229684437,3.927742980494495e-05,0.32008039863591314,0.4159667386510844
338,0.1539331107195174,0.021349693404717904,1.445167649764756e-05,0.5063075212044095,0.31839522299485745
339,0.20243692708327227,0.022678964820643504,3.517500088748647e-05,0.7018115194912892,0.07303741360390763
340,0.08257604329340199,0.023204620950414652,2.948364702102842e-05,0.8732456565679408,0.020944195541221355
341,0.06712457863854913,0.013633008899970957,4.6429245606196655e-05,0.9037212684649982,0.0154747147508755
342,0.04705530363679548,0.0038464771591798968,1.4924998982909205e-05,0.9329649564574735,0.016118337747568268
343,0.04261139960132513,0.0062165087087114905,6.1900540965188676e-06,0.9399303105792989,0.011235591056567993
344,0.06421601618540004,0.007547022778414704,1.1370964536340212e-05,0.9111157570254697,0.017109833046179232
345,0.07785327233524862,0.012082559745853254,1.199699090850238e-05,0.8908709506223832,0.01918122030560645
346,0.041945682482512084,0.005454231289043938,9.519877319474987e-06,0.9400185714789491,0.012571994872175512
347,0.04399717717181313,0.00510920925171696,6.348999830535077e-06,0.9317810726552815,0.019106191921357773
348,0.05383928564694692,0.009897791489239185,6.535385479367057e-05,0.8515623154203911,0.08463525358862913
349,0.06389940944377201,0.004724271836454887,1.0937795391779901e-05,0.8965831207296956,0.034782260194685735
350,0.03523357504023587,0.005956805394797015,1.1520106591320732e-05,0.8976146461399781,0.0611834533183976
351,0.041074854042750006,0.008959831211206014,1.8181002159632005e-05,0.9296679265243296,0.02027920721955497
352,0.0350142453722507,0.005773203229500247,1.3882731020430753e-05,0.9406402367167304,0.01855843195049832
353,0.05181568666578739,0.004014995385334229,3.089534280348596e-06,0.8885611264923545,0.05560510192224358
354,0.040962754805660535,0.006831244790399439,2.3918739138011102e-05,0.9223870720411265,0.029795009623675674
355,0.08071612391281602,0.008222075120964144,1.01290002733594e-05,0.8948293992629992,0.016222272702947134
356,0.03750905805974139,0.007846019599593529,2.1681078473348657e-05,0.9188681458288823,0.03575509543330942
357,0.04381778448119253,0.005283247915061484,8.050922731156056e-06,0.9208977946732456,0.029993122007769327
358,0.05732214862504456,0.0054460034830105765,5.749132039543776e-06,0.9191755272354998,0.01805057152440556
359,0.08050776442941275,0.008365049909477841,3.856690574101755e-05,0.9032434897334368,0.007845129021931446
360,0.046972905371247674,0.01159065822852906,4.083081690824819e-05,0.9343938411334427,0.007001764449872318
361,0.02733267372815291,0.01485381889427462,0.0001855979422679004,0.9483839390607461,0.009243970374558265
362,0.015032532045236503,0.006950772173911131,0.0006334435891844197,0.9694523095985847,0.007930942593083272
363,0.02058999930836279,0.010257796486757021,0.013155638903439975,0.9165022619778886,0.03949430332355144
364,0.005799248718880709,0.004309628769152084,0.00021041222757551504,0.9726616842011716,0.01701902608322027
365,0.009279962114213596,0.0015777410576780103,0.00022276918764956087,0.9799897786998099,0.008929748940648928
366,0.010602798314636876,0.005489757073879139,0.0005118548076191192,0.962948136494558,0.020447453309306744
367,0.013326103594562828,0.003844122633173445,0.000457056471880847,0.971937329626975,0.010435387673407936
368,0.008653440681514258,0.004438645150907311,5.200767772398372e-05,0.976388796434778,0.010467110055076367
369,0.024548851933576064,0.004660275635641399,8.855037779393308e-05,0.9480933454326679,0.02260897662032073
370,0.02519662492301872,0.0036706666415101436,0.00010555358060237263,0.9489744904971175,0.02205266435775118
371,0.01370397452535032,0.0024793694974754718,3.2262022759112646e-05,0.8999053862665074,0.08387900768790776
372,0.026537509528503166,0.001829654422712945,4.0608132558865064e-05,0.9425703154826491,0.029021912433575988
373,0.10114642386828857,0.009252333874550921,9.751193255523354e-05,0.840339148969724,0.04916458135488143
