epoch,N1,N2,N3,R,W
0,0.00027632915309753185,9.174714169979562e-05,0.0001375723280347094,4.662958400063423e-06,0.999489688418768
1,0.00027618049981995013,3.2446924551456e-05,0.00018103447901347507,9.956439937435744e-06,0.9995003816566778
2,0.00022494956191965634,9.232662850718102e-05,6.0696239916739236e-05,4.402239782949751e-06,0.9996176253298734
3,0.0018488607258987052,0.001285377736442237,0.0012997369833006732,2.9506126785380427e-05,0.9955365184275728
4,0.00041419121905970804,3.265922717997838e-05,6.459107142730601e-05,2.3249101894179663e-06,0.9994862335721436
5,0.00016310644106637867,1.7742712888566928e-05,8.762258749137277e-05,3.8132492069214687e-06,0.9997277150093468
6,0.00040515455946207505,4.018857578023948e-05,8.625147034563052e-05,8.74168781549731e-06,0.9994596637065966
7,0.001211831752625571,0.00015765555607219275,9.218239564324266e-05,1.5369497903759432e-05,0.9985229607977553
8,0.0017158323596661326,0.0005869533988524738,0.000957955098845604,2.9545849592072257e-05,0.9967097132930438
9,0.05685255979960619,0.022248758620177226,0.0038548068892426475,0.0005325478002434097,0.9165113268907306
10,0.011697218325189846,0.006259079440840988,0.0012841017250570393,0.00013517830288388942,0.9806244222060282
11,0.0055205437220267675,0.0029480586247799447,0.0015295788193816463,0.0009006336732656607,0.989101185160546
12,0.11514123907459171,0.13837156635913742,0.010432760190935975,0.0020574944813929017,0.733996939893942
13,0.13866994732913196,0.08042286483320982,0.006376574998803989,0.004351953927115689,0.7701786589117385
14,0.11929576829627457,0.3220463154511462,0.02035553303902389,0.002031087502942079,0.5362712957106132
15,0.037295729385332606,0.28318011407720944,0.03253495009498332,0.0013506403381954028,0.6456385661042792
16,0.07779523853819967,0.1739910889907567,0.009625406333122984,0.002364481973331796,0.7362237841645888
17,0.04079098446019453,0.028728115477766634,0.000855913640066621,0.0005868993663534229,0.9290380870556189
18,0.05727595182847457,0.35625262271009595,0.030607246108619028,0.001026436175743388,0.554837743177067
19,0.005678240850392329,0.001193929203512317,0.0001597152587452235,9.381802375399964e-05,0.9928742966635963
20,0.0008362311125578117,0.00038886357578410175,0.0001514963762917469,4.169629142378538e-05,0.9985817126439426
21,0.000693716104702566,0.0008472896965983291,0.00044877510433926325,1.3643290193795925e-05,0.9979965758041661
22,0.00036461659238208507,0.0002920791010399331,0.00020910668418099048,3.578971915499766e-06,0.9991306186504815
23,0.0006591503396902542,0.0003739322710079162,0.00020209096269972605,1.1384147899581183e-05,0.9987534422787026
24,0.0007329211507141792,0.0004402980416500581,0.00018246182964064717,3.298113791485819e-05,0.9986113378400803
25,0.0016926361693845697,0.0008161951284284566,0.00034027526629389114,4.343274635669136e-05,0.9971074606895365
26,0.0009494232451857578,0.000514209740409276,0.00012889850844651293,1.3808679508035384e-05,0.9983936598264503
27,0.0006252872575895319,0.0003187712109472232,0.00016280548521169685,9.598627243909751e-06,0.9988835374190077
28,0.0006250852703459033,0.00028070291895456346,3.307578953179867e-05,9.46031754822955e-06,0.9990516757036194
29,0.0006665022545635227,0.00029242474197417,6.453300619637851e-05,3.398993407276745e-05,0.9989425500631932
30,0.007770949028712084,0.0006833614571961042,0.00029512664335266974,4.2518322369303054e-05,0.99120804454837
31,0.031100980777301696,0.016423918731892567,0.0021077241098022095,0.00012816861167584887,0.9502392077693277
32,0.10962559573981158,0.14096195962510438,0.002921514345693199,0.0023161794829024604,0.7441747508064884
33,0.33666361044305476,0.2627780735846498,0.001989847276291775,0.00222346895482315,0.3963449997411806
34,0.3238918401035016,0.5153662300300756,0.03359943777193283,0.007379061148559983,0.11976343094592999
35,0.32220717541585603,0.2545803051403907,0.007748228400761298,0.001569309629557009,0.41389498141343495
36,0.15904935606004536,0.7155551618614423,0.06321785500883079,0.0011942096623014328,0.06098341740738016
37,0.07208869698775126,0.6920317779969921,0.1150028511144035,0.0014866593493010661,0.11939001455155211
38,0.021692557381339447,0.8119670559101064,0.15177799096798655,0.0006105316482832747,0.01395186409228428
39,0.025382128164545267,0.7420011568842247,0.13080075959108206,0.0006086528440201576,0.10120730251612775
40,0.025097145228851668,0.8439348826001885,0.10878164733649212,0.0007934601770357054,0.021392864657432155
41,0.011468997512551005,0.7226968411359015,0.25675986950895774,0.000544180639327134,0.008530111203262487
42,0.021671060272758613,0.8365290923509939,0.12672993796290516,0.0003261066405399328,0.014743802772802447
43,0.0154307814299979,0.7611615351443003,0.2042393043210469,0.00022842958473882316,0.018939949519915875
44,0.025551830513508227,0.7838979356157967,0.15567841568138968,0.0012333666745353664,0.03363845151476988
45,0.01819622093469027,0.668249040893566,0.30149204525058637,0.0005579335183396277,0.01150475940281786
46,0.006327043642344437,0.42266796360016173,0.5612929935220251,0.0004733962017641981,0.009238603033704497
47,0.025697643105010628,0.6618668930173232,0.297780046210747,0.0008056782417763899,0.013849739425142822
48,0.017319552196732896,0.8192981767894143,0.1557911640310652,0.0005598161125879731,0.007031290870199616
49,0.01171636782588677,0.7615771285870931,0.22168372643493156,0.0003689481479105759,0.004653829004177931
50,0.00709000131619092,0.7037003201738399,0.28524662099988,0.0005278716885946056,0.0034351858214945207
51,0.01316631137076945,0.6959599804878891,0.2819226696751073,0.0014006087018773588,0.007550429764356937
52,0.007301803174980914,0.6666713874825527,0.31543700459336294,0.0018368898827199939,0.008752914866383467
53,0.01676138989968125,0.7842633483729858,0.1704960616013484,0.0022534159209305965,0.026225784205054104
54,0.019413145697395794,0.9097966742003314,0.05449707146721948,0.0012271358223665651,0.015065972812686816
55,0.05235086553485644,0.8926011575579793,0.026527207601290664,0.003151828478941179,0.025368940826932314
56,0.0464262488415599,0.8870015160194255,0.04806071121568306,0.0035805384116880893,0.01493098551164347
57,0.11833908427535485,0.8030544782088646,0.04611172232666697,0.00428087538517021,0.028213839803943583
58,0.026553564501650844,0.8919635967704931,0.054341460970889204,0.0007930453031397664,0.02634833245382695
59,0.026649218178559697,0.9029369941805504,0.06227725716365093,0.0018473409149975732,0.006289189562241377
60,0.013293716898469365,0.9495887320830619,0.02970137742067616,0.0008566248098974255,0.0065595487878949655
61,0.018092209660689033,0.8270091467094618,0.08395888775904778,0.0019764807526810365,0.06896327511812045
62,0.01351480455554407,0.9173112840767687,0.060191543030648546,0.0018338207550882598,0.00714854758195039
63,0.034292422382499244,0.8725262016546029,0.009721766962338197,0.005253722826658388,0.07820588617390117
64,0.02454172378574948,0.9094174742373539,0.05436888409983853,0.001597272460884049,0.010074645416174135
65,0.06573727335287549,0.856196510553795,0.0350306041021347,0.005203194620893114,0.037832417370301546
66,0.03808052227419386,0.8614148709712738,0.08301965702543962,0.0014896044667856954,0.0159953452623069
67,0.03207698872596363,0.8167521031931144,0.05573415663322914,0.006136295345237272,0.08930045610245559
68,0.04982768277760794,0.2449292603773209,0.013432031852895002,0.00720436369044105,0.6846066613017352
69,0.004477004255502897,0.013141114575836057,0.0036304276274265763,0.00023631818399511475,0.9785151353572394
70,0.10943020940230179,0.05602805154398746,0.0006907155176050241,0.0019371197898575884,0.8319139037462481
71,0.004001614247111057,0.004371538853044847,0.00040225442496596205,7.805758613342344e-05,0.9911465348887447
72,0.01593690927781262,0.002360491711044059,0.00039859435683460554,5.244116549042082e-05,0.9812515634888183
73,0.002762961388498895,0.0006589204608270943,0.00024220328894902627,4.795641070106782e-05,0.9962879584510238
74,0.007820677889004538,0.003110533460803495,0.00027463078158867555,6.45260555830586e-05,0.9887296318130203
75,0.051272376022502814,0.015337644891257612,0.0010898491393655613,0.0003387635566663795,0.9319613663902077
76,0.04405407060525433,0.009193329154560037,0.00043371925562183734,0.00026744112660321895,0.9460514398579605
77,0.005283056044937305,0.003927884257233165,0.00027233222021452535,0.00016616825675796573,0.9903505592208571
78,0.02758844568625217,0.009640144540244006,0.000433634999107309,0.00022549986051136512,0.9621122749138852
79,0.04105454160791397,0.009446362846966204,0.001159402984128972,0.0001688921922841527,0.9481708003687067
80,0.00413726990145336,0.0009253757016208382,0.00031746819571949275,5.062661701087806e-05,0.9945692595841954
81,0.006383158260620973,0.0009491279831687427,0.00017686393810167835,0.00016224589757617844,0.9923286039205323
82,0.16087337764642412,0.026214087177823506,0.0010602310291082636,0.0018397743978228376,0.8100125297488212
83,0.06511658813386834,0.0586752135413809,0.005235892381626375,0.0005273092779691849,0.8704449966651552
84,0.04157508485664643,0.01829627812191112,0.0018398561071288578,0.0005540027538643397,0.9377347781604493
85,0.17633514288568577,0.21523730321987425,0.011436313388724147,0.006738980117220624,0.5902522603884953
86,0.07435292838631005,0.26535184686082763,0.022674981509068905,0.0015959342739320734,0.6360243089698613
87,0.06821808580961049,0.35985896028827014,0.03405099123817052,0.0014030548943337402,0.5364689077696151
88,0.08210816202411912,0.6485451845354706,0.07119137355558344,0.0036074017465956556,0.19454787813823118
89,0.05939204358279823,0.7331818462256624,0.12679747267235697,0.0015949670892190472,0.07903367042996351
90,0.05809321045076766,0.5725137663152857,0.25667700703047164,0.0024348758150750565,0.11028114038839991
91,0.028513585750511737,0.6427469921905268,0.13228680666554707,0.002042534106025616,0.19441008128738882
92,0.05046980178112205,0.6122079526055761,0.2874405660554833,0.0007524225078846082,0.049129257049934046
93,0.0427902565835426,0.6227737581288864,0.26616005386415725,0.0008778539045158971,0.06739807751889786
94,0.027512631941421194,0.6353765636271008,0.2670847974845962,0.0008766430722091339,0.06914936387467269
95,0.06762969553418742,0.6425820642243302,0.22702510412915536,0.0009551647105362265,0.06180797140179075
96,0.0248900544648874,0.5329960526774985,0.3677126404957531,0.002126861021523645,0.07227439134033731
97,0.12414152149947372,0.7108391308241663,0.10630980751389832,0.0016548771074287065,0.05705466305503308
98,0.02044148688111632,0.39125710927771895,0.5340111956967837,0.0005132213329356603,0.05377698681144536
99,0.007725982891099358,0.3809862738756755,0.5732529706720779,0.0004168977535033834,0.0376178748076438
100,0.005399234734034722,0.37443649084619396,0.5798048608879453,0.0004150637695652593,0.039944349762260856
101,0.021069248526407562,0.4697225179956512,0.4737039535354891,0.0005112425828296221,0.03499303735962259
102,0.017384632627981792,0.3122337557982603,0.6442530880449061,0.000298525246791709,0.025829998282060042
103,0.040710233418920466,0.3465317488912665,0.5873379590502901,0.00021583112623591337,0.025204227513287113
104,0.017309848419786385,0.32978534699102363,0.6031507024392118,0.0004785273925457834,0.04927557475743246
105,0.005008652617426418,0.23853648872006905,0.7441706555836309,0.0002071197779077821,0.012077083300965798
106,0.019135623803084638,0.18165686564625422,0.7531820553037831,0.00023418727224120493,0.04579126797463686
107,0.05064748046722793,0.3208529293005795,0.5715096301367613,0.0005610499572357258,0.056428910138195384
108,0.01405868846055532,0.19655463108736107,0.7164105401181347,0.0006920462697630344,0.07228409406418598
109,0.031157987390546666,0.19607481277701555,0.7378427114632443,0.0003188118870019825,0.03460567648219149
110,0.06278745116121527,0.26297137761822187,0.606523459024689,0.0009916483573993243,0.06672606383847463
111,0.009177950365920605,0.1296718373227241,0.825124077884931,0.0002705419640511107,0.03575559246237316
112,0.018433305607090975,0.187456966968368,0.7693225887412001,0.0003829568299915425,0.024404181853349305
113,0.0020610023704448924,0.07574075566183476,0.9122159678343784,0.00011244769246497273,0.009869826440876871
114,0.0015601909377717259,0.09121853666193018,0.9016334597220995,0.00010329438038493181,0.005484518297813727
115,0.005184298292678757,0.23640894522116332,0.7421045057322342,0.0002108364551007036,0.01609141429882291
116,0.004462251365903164,0.20857262283994402,0.7745009383695008,0.00015064591895306827,0.012313541505698833
117,0.0051645023424644835,0.2748863089581997,0.7055800527457774,0.00012518236230164346,0.014243953591256723
118,0.0015683962842327178,0.13712355676416896,0.8539007840109963,4.88193954427337e-05,0.0073584435451592035
119,0.010584148803036977,0.2748239414374568,0.6839358388142606,0.0002307134538326708,0.030425357491412792
120,0.008970140535306679,0.2444555023674145,0.7355802472959676,0.00019676676917207406,0.010797343032139016
121,0.008360174235013645,0.284894606574471,0.6986507823324069,0.0003164690886670752,0.00777796776944149
122,0.0746420142892943,0.46050716953468507,0.438597426587372,0.0006092211574983122,0.02564416843115052
123,0.006091197171772552,0.14620559349532453,0.8436589420012761,0.0001268159815327377,0.003917451350094117
124,0.002310038769450659,0.09099949082058276,0.9037330245287256,0.00011067635579862966,0.002846769525442487
125,0.0012156574597524136,0.08805872567103906,0.9079722595827491,4.8751554995139386e-05,0.0027046057314642886
126,0.0002984642394796737,0.028571517759857838,0.9700747246866274,2.8789688028535053e-05,0.0010265036260067274
127,0.0007769969842938877,0.06345109110563225,0.9338374451442852,6.0660151198852624e-05,0.0018738066145896522
128,0.0005857765109493,0.1021006615568511,0.8923920553834931,7.920521591941352e-05,0.004842301332786915
129,0.0012626280922634072,0.15233105627839055,0.8424261019788089,0.00011527279453008553,0.0038649408560071717
130,0.001074321282303785,0.08993811637795673,0.8994687771050112,0.00017535947130477663,0.009343425763423629
131,0.0003165307032741589,0.07545162426623721,0.9226823094755666,5.3708774760812514e-05,0.0014958267801609172
132,0.0013192341029067477,0.13287799714715443,0.8498022071497614,0.00022993459713452333,0.01577062700304301
133,0.00034210708677928067,0.09744273728534746,0.8953258520587429,0.00010677004343380035,0.006782533525696699
134,0.0007698991043989672,0.11757965854549061,0.8774766956660525,0.00014319651460583334,0.004030550169452046
135,0.0006269122451207948,0.11446171461169548,0.8805270024370953,0.00015995506199868194,0.004224415644089597
136,0.0005440960059953806,0.14460436763662146,0.8522122176376665,0.00021360973897624296,0.002425708980740441
137,0.00223675341412216,0.19961262607199054,0.7841421662430179,0.000547280138077834,0.013461174132791546
138,0.05182245097583834,0.685310126680077,0.24391358185506365,0.0016386333244007443,0.017315207164620372
139,0.0015701253859705248,0.16831416153996717,0.8255129311893816,0.0003893724096357359,0.004213409475044958
140,0.08385105368891327,0.706756424176947,0.17428995640486059,0.0030934708450083563,0.0320090948842708
141,0.03297471500048743,0.6115587361982789,0.3413369836800732,0.0024853880455706803,0.01164417707558975
142,0.0492067955507911,0.8183426087031336,0.09178718105050207,0.005102547679956208,0.03556086701561683
143,0.045617610672558026,0.8092011790830782,0.11263806073643051,0.003365625221686925,0.029177524286246388
144,0.05923715314410878,0.686942322777331,0.1018355862374196,0.011663108319906966,0.14032182952123348
145,0.07715514823335555,0.679605116852444,0.11036254738861574,0.007194528335475835,0.12568265919010888
146,0.08478544919854433,0.8434759830416899,0.022907187323903164,0.00520677556813945,0.04362460486772319
147,0.058150311461283605,0.8828795410889237,0.034606897654091334,0.004699626661793238,0.019663623133908074
148,0.040514918314761415,0.912053536555508,0.03609397935576644,0.0055382670925164966,0.005799298681447515
149,0.026096626961010116,0.9221914701522441,0.03345750714920356,0.006127021319740703,0.012127374417801541
150,0.011797740262037318,0.9396861367418679,0.03595886657067093,0.005610179225785408,0.006947077199638502
151,0.03128154358149617,0.8321649322768506,0.06238483200187574,0.04988490694108661,0.024283785198690608
152,0.055581668871202125,0.7479503935932443,0.024447541164730326,0.0411535607591995,0.13086683561162382
153,0.04117047632600857,0.7992806906718853,0.01821449286911923,0.11217645766091275,0.02915788247207392
154,0.05274128367572441,0.675269495441258,0.03052086744461676,0.2072197439023276,0.03424860953607316
155,0.12013141071096058,0.3510053114475769,0.01737668781800719,0.07600973486360245,0.435476855159853
156,0.06785531610658758,0.480691839882141,0.01665185242358854,0.11844019807622715,0.31636079351145574
157,0.2623264562721942,0.1803725913112045,0.002550954250628068,0.3634585278313396,0.19129147033463367
158,0.11163866112369573,0.07980278254088456,0.0013413632419186816,0.06223460446287328,0.7449825886306277
159,0.07176518547782394,0.06270161171395684,0.0015887387198804054,0.024811846256923245,0.8391326178314156
160,0.15263692192217193,0.10950196435640754,0.004355681161686052,0.013828997590023573,0.7196764349697109
161,0.0036367899949841776,0.0023198364370846593,0.0004248647076777685,0.0011834882363579659,0.9924350206238953
162,0.006581394620297415,0.004335111108069734,0.0005337021546720343,0.0009129169864712513,0.9876368751304896
163,0.047055331098363073,0.021560225633681047,0.002341221095469998,0.0011989749550048226,0.9278442472174812
164,0.07751375942161487,0.019708245240040615,0.001060811235294396,0.0010387300256801512,0.9006784540773699
165,0.05947863480480241,0.06451950669420996,0.005252524306246257,0.0013255404307344985,0.8694237937640069
166,0.09852380025394167,0.1534538392972656,0.0039021256702598266,0.0014186981560756107,0.7427015366224573
167,0.042278207816148786,0.09833243403577131,0.004070306319866805,0.0011253362538952343,0.8541937155743178
168,0.2218122020182465,0.3329350788297066,0.014631242140874575,0.004974292040656634,0.42564718497051574
169,0.06424956308945513,0.09672217199145924,0.005404398282184421,0.003865446954187949,0.8297584196827134
170,0.04813278764470942,0.20630910718623718,0.041731982763118305,0.006198774358834391,0.6976273480471007
171,0.018783432389946553,0.01226476686793506,0.0027978134165773352,0.0016492664299463946,0.9645047208955946
172,0.007262100261836646,0.00914649092897524,0.0029754173882582642,0.0005903570316940394,0.9800256343892357
173,0.002228816500795548,0.000837265407154291,0.0002617265956362501,0.00018523982117412812,0.9964869516752398
174,0.00301111938146868,0.0009260037449500731,0.0003131577882964232,0.0001504739246779365,0.9955992451606069
175,0.0036506225749669643,0.001210343967256258,0.0009278082114080483,0.00025774066610485135,0.9939534845802638
176,0.004926552305013336,0.001375314608704321,0.0005591538630864567,0.00038475307949268386,0.9927542261437032
177,0.004841393949511186,0.002051758226753857,0.0005892235576887859,0.0004872135216444637,0.9920304107444018
178,0.0026141673951345606,0.0020107731814773423,0.0006446886613930449,0.00035960207269527313,0.9943707686892999
179,0.011630525798764871,0.006686755075021465,0.002220173075549772,0.0005235989405283227,0.9789389471101355
180,0.005964554887257493,0.005549634242581185,0.0006827404236250165,0.0006028004486354308,0.987200269997901
181,0.05484939563065976,0.05010748658775328,0.013075726638503125,0.005667383177437257,0.8763000079656466
182,0.039927576253964446,0.0720414872072249,0.012169922432489958,0.002000990893829903,0.8738600232124907
183,0.13879613259349785,0.14440858665038694,0.019358513075568625,0.019195224942765318,0.6782415427377811
184,0.2238095370195936,0.43847515195247355,0.13679524386558659,0.052657262889984964,0.1482628042723612
185,0.05745224266646606,0.07837996617348311,0.011467889234100663,0.006393742115834073,0.8463061598101161
186,0.11932431706768439,0.4149643091242846,0.05027586887682413,0.006191121534483233,0.40924438339672375
187,0.2506278422196899,0.2857708226195829,0.1265752614350107,0.011852055245795816,0.3251740184799206
188,0.24110714152669835,0.5734705549223167,0.04479215348093588,0.01184384361567903,0.1287863064543699
189,0.0925587596230194,0.6659963310439143,0.21672042889752696,0.01317184288730663,0.011552637548232787
190,0.02990064942739214,0.7594812745255562,0.13927453647296825,0.012012292292299987,0.05933124728178324
191,0.05852741247446843,0.46051830614368033,0.04337193064001521,0.017449428059091342,0.42013292268274466
192,0.17437885413667895,0.7422375828408181,0.052682251888438045,0.005833452988626949,0.024867858145437998
193,0.035993223273793985,0.7081972337057518,0.22540198072643644,0.0031029984541010055,0.02730456383991687
194,0.15202729236302742,0.723391324233212,0.10269397605223259,0.0021065615219804153,0.019780845829547512
195,0.08217210366974961,0.7160088683065776,0.17764711227384966,0.003226746996451315,0.0209451687533719
196,0.020630163220553506,0.5260205030188494,0.4355033043081492,0.004602486490078183,0.01324354296236961
197,0.009691804125540967,0.40646000430648405,0.5727734932247307,0.0018366137154704355,0.009238084627773745
198,0.02143029446878596,0.5807874065031673,0.3649635521089321,0.003169935966048417,0.02964881095306633
199,0.02328319583674809,0.5547802316509886,0.39503990081478657,0.003249575493779725,0.023647096203697118
200,0.023993507021793946,0.5805311697409961,0.38537130310203055,0.0019823656790779183,0.008121654456101517
201,0.01645488145061206,0.7172471015330548,0.24155529709673812,0.002239506669146728,0.022503213250448344
202,0.010943421592029183,0.6209978292081915,0.3622093992928499,0.0007639037866245052,0.005085446120304855
203,0.0078755828156318,0.6680219257369474,0.3118471176387062,0.0014597357093965094,0.010795638099318085
204,0.01789501663826455,0.8256491399107628,0.13919885303477098,0.0013425408278264891,0.01591444958837519
205,0.005057627664554632,0.5261914944515038,0.4615623972491068,0.0008488213657851784,0.00633965926904955
206,0.006019334430449093,0.5872118012593156,0.40031010738497996,0.0005185552261414112,0.005940201699113993
207,0.0035611584035708833,0.792412894006385,0.19139991948490084,0.0005564748668353624,0.012069553238307888
208,0.02145357658717287,0.7748774454469249,0.1871354491168108,0.0005768711291718697,0.015956657719919443
209,0.022323647420682272,0.7508459502783301,0.20603891956781087,0.0006862237185316994,0.02010525901464503
210,0.020030418739383674,0.7225399652455794,0.23380000559048314,0.0006170200490545943,0.023012590375499055
211,0.006876075743312134,0.4714516528970383,0.5062168990872208,0.0003376036596377959,0.015117768612791101
212,0.05782574169681521,0.6345886088673369,0.2901031204441868,0.0007304201922250672,0.016752108799435925
213,0.014818995039949585,0.5042582950197189,0.4617347042558227,0.0004443358384093666,0.01874366984609958
214,0.08097766173835887,0.5217933669923085,0.36809650944094974,0.0006988514799895528,0.028433610348393343
215,0.007106219431784522,0.5134928237264972,0.45650846076784857,0.0005100572521974254,0.022382438821672332
216,0.01581756365331238,0.7206218939007261,0.24278394322670704,0.0005097863785155131,0.02026681284073901
217,0.03176925561007119,0.7843481376175545,0.1673906365851241,0.0005414719237180509,0.015950498263532058
218,0.003326024700258493,0.5526150612098051,0.4362345969161683,0.0003327485213462797,0.007491568652421774
219,0.0038881545739324203,0.6324928841310998,0.3563713799018839,0.00027634830528332547,0.006971233087800653
220,0.0015876707331881615,0.3599228580077126,0.6318798438179843,0.00017335994136506605,0.006436267499749861
221,0.0018645556742866258,0.4290432203222607,0.5646862909437905,0.00027381013297818747,0.004132122926683819
222,0.002366418515947291,0.3600562088358221,0.6272923562809752,0.00029500539948978694,0.00999001096776551
223,0.0009932920229008214,0.20681906094515562,0.7869406310405351,0.00022116582743489312,0.0050258501639735605
224,0.0007842723201575001,0.1406566208467022,0.8555965839648744,0.00012687083986019315,0.0028356520284056556
225,0.0007750891858694547,0.2469373881271204,0.7474538841147145,0.00017333053782686556,0.004660308034468615
226,0.0007863925059699688,0.2430998486008687,0.752091720700737,0.00016576151301836802,0.003856276679406102
227,0.00042722883047161805,0.11124849071520133,0.8867401488661848,0.0001350249059323878,0.0014491066822098636
228,0.0015569107073025667,0.3829862101208917,0.6122826906599003,0.000433006323830988,0.002741182188074551
229,0.0008325291985294432,0.31541929047711886,0.6756667389506678,0.0006849977272286105,0.007396443646455434
230,0.0029737744869393315,0.3671946140088643,0.6241833254047279,0.001286401202087222,0.004361884897381395
231,0.0373715181743014,0.7924143516818308,0.14267976884732447,0.004207328613699919,0.023327032682843505
232,0.016619453656779474,0.714913585707219,0.25267392345665746,0.0022976842393104,0.013495352940033664
233,0.006553968525203726,0.7956664277528207,0.18728139099012117,0.002279096463906769,0.008219116267947845
234,0.005940666321728274,0.6397696239236015,0.34242095879874607,0.0011999978220358066,0.010668753133888405
235,0.0019215554132701413,0.4771816498255621,0.5180993000262415,0.0003883930262506962,0.0024091017086754676
236,0.0012719313801378474,0.44538503557959264,0.5511856065822688,0.0002769422150392511,0.0018804842429615363
237,0.0011792776625986882,0.3915514170619766,0.6032538969137443,0.0002974770492878666,0.003717931312392433
238,0.0004059984168201334,0.13224654943114394,0.865672765430273,0.00017266408749264537,0.0015020226342703981
239,0.0024174543857006076,0.36238785133198503,0.631165650338903,0.000418097441602841,0.0036109465018085165
240,0.0002867941772213152,0.13727078543551954,0.861502087996355,9.058819425491532e-05,0.0008497441966491429
241,0.000977981855978746,0.16831804663439956,0.8286550387809893,0.00018731463945525372,0.0018616180891769718
242,0.0001778526842395383,0.11630593192831763,0.8825149280013121,6.320298525044425e-05,0.0009380844008802717
243,0.00017579056710584636,0.11924797845654321,0.8798639822729193,0.00010161684241834885,0.0006106318610133499
244,0.001006922522954742,0.2599158041592119,0.7372639256882252,0.0002965366286845247,0.001516811000923712
245,0.00022396689538736042,0.11829539304575157,0.8803337240173735,8.039124631577572e-05,0.001066524795171673
246,0.00037354466755991453,0.12680473413676263,0.8717439211814857,8.727576311943813e-05,0.0009905242510724033
247,0.0010552378905201393,0.17573491398326527,0.8212763540750281,0.00013463539426996761,0.001798858656916434
248,0.0008121060625222414,0.17397129839483047,0.8237411709829678,0.0002398347758924215,0.0012355897837869282
249,0.0004694023073163763,0.154396753419543,0.8432316083638421,0.00024941868538939504,0.0016528172239091332
250,0.0003258048169381551,0.21276566187114812,0.784354090909601,0.00019484958320536725,0.002359592819107425
251,0.0002212822260376417,0.1651996367928868,0.8331061745402373,0.00013206974261513577,0.0013408366982231212
252,0.0005199043585329666,0.24594011232601784,0.7506148880743627,0.00022818524953238935,0.002696909991554062
253,0.00027547239800019104,0.14355515820022993,0.8553058758240404,9.403725475353883e-05,0.0007694563229759389
254,0.0003726707304582821,0.12863374083966256,0.8696853520613133,8.405977595716899e-05,0.0012241765926085512
255,0.00033847890364340746,0.10287589675665822,0.895222788627177,0.00015035786336945863,0.0014124778491520719
256,0.0017790986595111096,0.3066906942454117,0.6867593715863319,0.0005569096711110602,0.0042139258376342305
257,0.0002560554902972521,0.0896018520797339,0.9090042286995603,0.00011972097330721594,0.00101814275710122
258,0.000459059126024427,0.17144738258177786,0.8264263583518294,0.000199574450923327,0.001467625489444969
259,0.0012631201033087988,0.298405996981529,0.6978631826965458,0.00024139475248968466,0.00222630546612657
260,0.0005372474529869344,0.13982745252689227,0.8583549115799171,0.00020510115769342433,0.0010752872825102939
261,0.00094537921853043,0.12508646569537232,0.8715465392205332,0.00041092407321608506,0.00201069179234794
262,0.00021092368957121527,0.11342068382302373,0.8843969872575816,0.00040455409332322437,0.0015668511365001694
263,0.00863729322749565,0.3924749810304641,0.5662197391209953,0.005433121006294515,0.027234865614750255
264,0.01168526969913136,0.39690887584482343,0.5666419621584601,0.0036865651197777794,0.021077327177807345
265,0.1361071868403059,0.6319250146770047,0.08704099152004699,0.009630675151794695,0.13529613181084768
266,0.1343285998855582,0.7485018675044297,0.04264510070275775,0.007558386791699634,0.0669660451155547
267,0.07369698437315918,0.7395725643611898,0.13254391138920912,0.007493376134772226,0.04669316374166984
268,0.08705836461863511,0.6992857445815712,0.13977581452039284,0.0029165460078842418,0.0709635302715167
269,0.12309586594221593,0.6874768624158165,0.08461398746188206,0.00773074431329707,0.09708253986678822
270,0.07337800289262361,0.6771569964588283,0.20069563289169284,0.006092091816971313,0.04267727593988385
271,0.41142728575775217,0.3907657183732582,0.025267830209297217,0.004347677974050448,0.16819148768564196
272,0.18172506726640317,0.5072368919683087,0.014129187651527276,0.011870051889512803,0.285038801224248
273,0.21232956991738533,0.501494456898528,0.013427906108695513,0.016175060230417114,0.2565730068449741
274,0.2540758391740039,0.5338808476940005,0.013210768234185486,0.012788106066130721,0.18604443883167948
275,0.18484823750717888,0.6516212649815046,0.03509101335422096,0.006872444577644137,0.12156703957945135
276,0.07035285378189168,0.8244279846246179,0.042083548103765744,0.005644417173469153,0.05749119631625561
277,0.08147984569245476,0.8359353963061409,0.028625355821823014,0.008721421983024204,0.04523798019655701
278,0.049248412113599316,0.8611322506042255,0.0712828595630801,0.004277068336619034,0.014059409382475921
279,0.08327813555473688,0.769630165938834,0.10473943365589243,0.009918223392319379,0.0324340414582172
280,0.061277788775516075,0.8664839953200313,0.04460429066494481,0.008205415792573658,0.01942850944693413
281,0.007748089750377734,0.7092267015665581,0.274856986464692,0.002606839010466924,0.005561383207905418
282,0.014353514352019415,0.7613299557246486,0.21196240948774636,0.002903163465237563,0.00945095697034819
283,0.002910130922254444,0.6677899974460744,0.3207904697453179,0.0032580920305389075,0.005251309855814418
284,0.04022320037232985,0.752324874367767,0.13267042555310937,0.016837778759435706,0.05794372094735814
285,0.11220196812104093,0.7367276886701816,0.06324049485933103,0.03234847293046974,0.055481375418976846
286,0.055523261811816625,0.7835040004677309,0.06829770469965556,0.028460410863352065,0.06421462215744483
287,0.02195122183841729,0.8139717492956403,0.12407478658006894,0.029197927922770945,0.010804314363102452
288,0.023885845328120596,0.6215750762903755,0.17905957253398794,0.15258362203184295,0.022895883815672917
289,0.008071410404857347,0.5880933478249811,0.3105093269303125,0.08639953324521756,0.006926381594631527
290,0.06374508241351257,0.1340816934509384,0.0012424242519823337,0.5340110022797862,0.2669197976037806
291,0.07246696382172987,0.0844993585221042,0.00020874818894096558,0.7741640067909343,0.06866092267629058
292,0.09440514237507547,0.04509918888656511,0.0003998042601114382,0.7262491785837882,0.13384668589445967
293,0.17850440036634294,0.12238544526918657,0.00012768039681419746,0.5755534588279858,0.12342901513967057
294,0.10078553057980298,0.13890397656899917,0.0007601120365307564,0.6747949663604941,0.08475541445417312
295,0.06607963234325273,0.055900396769004025,0.0021134454393988795,0.1450235677763755,0.7308829576719689
296,0.19490099166087116,0.06642533519922615,0.00035218478795404816,0.5474360824275499,0.1908854059243987
297,0.21840384612925293,0.1308090747442924,0.0018963941985023637,0.5098398280841794,0.1390508568437729
298,0.2090100697318243,0.3039357582735033,0.005354671920884134,0.3006044374974796,0.1810950625763087
299,0.044276254452464615,0.01785906374399918,0.0004340762571344072,0.10202478220277146,0.8354058233436303
300,0.1875423986677887,0.17384681710079128,0.00417496131264695,0.21733465165394283,0.4171011712648303
301,0.13666446289102827,0.5581631152124197,0.015600574801258238,0.1198926562989337,0.16967919079636012
302,0.04102400457891208,0.03113812739457748,0.0014336197907516255,0.009858360067534353,0.9165458881682245
303,0.00395006799015672,0.002829214214633292,0.0009382979787241053,0.0012489424885199214,0.9910334773279659
304,0.001251794541964067,0.003333176641125055,0.0015039701455100939,0.0011437152242083262,0.9927673434471924
305,0.002954893809831768,0.0022096622183187193,0.0003875769943804257,0.0008033353874069121,0.9936445315900623
306,0.0044509313986382994,0.0017504648270066112,0.00047172941791432294,0.000976688189589535,0.9923501861668511
307,0.008430622939855328,0.004761887017932842,0.0007081843945889699,0.00173719339033536,0.9843621122572874
308,0.0024876102537817264,0.003237704024079796,0.0017882567196170639,0.0014818449542869652,0.9910045840482344
309,0.005518472688026249,0.0052896769352328305,0.001410822865164535,0.00248071311014462,0.9853003144014318
310,0.028853095892581265,0.0071521616639860265,0.0009833205303921505,0.003588969252342512,0.9594224526606979
311,0.008083975281745353,0.0069808713313297115,0.002552702579928104,0.0011639921996368422,0.9812184586073599
312,0.010016122743358297,0.01890792679595249,0.004458111951691783,0.0021603117118876337,0.9644575267971098
313,0.06246859347644448,0.046478324868591304,0.007309344804110815,0.01923896180644254,0.8645047750444108
314,0.029988104765263264,0.017665011670369525,0.009019510485198414,0.005362092352360022,0.9379652807268088
315,0.009473018486984272,0.022493073330923027,0.02254000758709572,0.002900658117986781,0.9425932424770102
316,0.021529404944228423,0.022522959403420167,0.002269114909289669,0.003693337320056158,0.9499851834230056
317,0.003942743444058137,0.006313774857488011,0.0009223829491907742,0.0005719324403345793,0.9882491663089285
318,0.0015514138153023085,0.0045750038890587826,0.0024463877420701934,0.00037135051521969026,0.9910558440383491
319,0.0020952446874836573,0.0033170087293512593,0.002397193994920352,0.002837991520199525,0.9893525610680451
320,0.0005138852861526025,0.0020545340495131182,0.0008106550993110402,0.0014636497314804732,0.9951572758335427
321,0.0034214040024189325,0.007815180482410141,0.0018817316719104923,0.004588702750421459,0.982292981092839
322,0.002876124649237095,0.001263009875471911,0.00017106943909456842,0.0024189723116799264,0.9932708237245164
323,0.0033007721832833863,0.00300668459629015,0.0006045518987295901,0.0057657971721005305,0.9873221941495963
324,0.010301236415494137,0.0063806942241437055,0.0003814577183822221,0.004738827122955557,0.9781977845190243
325,0.004613884832542927,0.002266725761759626,0.0001650539037436765,0.00250218865118901,0.9904521468507649
326,0.010704127728156189,0.0036500780163075844,0.00025518807674310747,0.011891683342547242,0.9734989228362458
327,0.00666557703005647,0.002364559337364569,0.0001188075518654389,0.0041661941051721624,0.9866848619755413
328,0.026058056482478113,0.006743327011420905,0.00035590009357315,0.006959861638771422,0.9598828547737565
329,0.029161468620450628,0.01582997617581235,0.000911750768229672,0.007424737313616172,0.9466720671218912
330,0.0032467548269510932,0.00196644377241143,0.00019912633343020702,0.0047639349397785484,0.9898237401274287
331,0.008108756564540347,0.0058383059284727,0.0006621650727143395,0.006236721496759182,0.9791540509375134
332,0.017298673701668807,0.005897374305218841,0.0004963497311445797,0.029404931249770352,0.9469026710121975
333,0.01784075216265353,0.007466004309784522,0.0004096499602311137,0.03785668786912291,0.936426905698208
334,0.005099718565534157,0.0013850224039083751,8.563252087739468e-05,0.011410009849376372,0.9820196166603037
335,0.07995399994706141,0.009609474281193006,0.0001732056526115145,0.0517840429406867,0.8584792771784474
336,0.019827561709122307,0.02119718004064907,0.000669373070678714,0.03620803557352984,0.92209784960602
337,0.09218835524276639,0.04435832009297381,0.0003800354128887358,0.10535652816892259,0.7577167610824485
338,0.07714535503139439,0.0621098122867283,0.002519333050376897,0.06439997689924347,0.7938255227322569
339,0.17234028126510031,0.1258969341964472,0.0019831127823181733,0.2044220188075949,0.4953576529485394
340,0.14008570227554903,0.21316233858093436,0.0033220194963566917,0.15467618525527765,0.4887537543918821
341,0.2017980631649955,0.20146440688620945,0.003968476089901408,0.22412514314929974,0.3686439107095939
342,0.08469762611991376,0.04267256835557801,0.0024356767053577565,0.07753708955528726,0.7926570392638633
343,0.04720652060480734,0.07047113863680268,0.005804442392785871,0.034573902476589966,0.8419439958890141
344,0.18425210029222985,0.12178643563527573,0.0033723553595505873,0.11174384495776316,0.5788452637551806
345,0.060755838707181806,0.051815864093161614,0.0020243185036852903,0.07045917875945117,0.8149447999365201
346,0.18802187420203428,0.1540183507887733,0.0027660240994455553,0.21489256953115116,0.44030118137859586
347,0.13406557250446854,0.4227893936184737,0.006720248191339606,0.3404834216425497,0.09594136404316848
348,0.10847872338845246,0.6137600257691121,0.010221820333399498,0.2129088246815793,0.05463060582745671
349,0.09946882403946883,0.3925865990627674,0.0074715702281755204,0.2683464202063999,0.23212658646318826
350,0.03295108779379224,0.8476551927703809,0.011123552973601993,0.08940969215411482,0.018860474308110397
351,0.03142829494651921,0.8098920824545373,0.012153170367353165,0.11268431577565559,0.03384213645593486
352,0.024358160695699134,0.8446333731196267,0.006542195746083922,0.11958192827834466,0.004884342160245701
353,0.012582908342605127,0.7972049060920646,0.020897805364549313,0.15698820785056114,0.012326172350219699
354,0.02830144199239594,0.7509483152942594,0.015482893321450877,0.18754772247108747,0.017719626920806267
355,0.041462868890478045,0.5115307520860022,0.010808308531068601,0.41903585066535043,0.017162219827100523
356,0.052633695140616575,0.6023792262873318,0.01058077115671183,0.3146780454922847,0.01972826192305509
357,0.029373692272168735,0.7205184989281113,0.015885853609635976,0.22169143101873723,0.012530524171346894
358,0.05223948539965901,0.46949204961738156,0.006197145704264792,0.4537014411344128,0.018369878144281874
359,0.03375795676247681,0.7898985676566193,0.001330372939161332,0.16937411848440917,0.005638984157333351
360,0.016435421253092105,0.7824635725539997,0.031107923036714835,0.16401222369999657,0.005980859456196773
361,0.007067498979046728,0.9247359748983189,0.018984878616726764,0.04635055335584688,0.002861094150060846
362,0.00573626732118647,0.9204550645364588,0.010727108616128987,0.058172115926279265,0.004909443599946527
363,0.010832162550319829,0.9017111075267007,0.031270893861137704,0.052978830637394926,0.003207005424446839
364,0.006969793674188835,0.9428750981659872,0.02452163902986545,0.0224996553617906,0.0031338137681679516
365,0.04097918826559163,0.8507698614113006,0.017274258528261473,0.06575328563360722,0.025223406161239182
366,0.034096535713874436,0.8424644643797188,0.05579627824108747,0.023538098361845804,0.044104623303473506
367,0.08335491546241665,0.718352675205653,0.05431153415831309,0.0750371947511742,0.06894368042244298
368,0.050376253713987865,0.10055929316507661,0.00741008984653435,0.020006693278677986,0.8216476699957233
369,0.00923178471613421,0.013559980583821699,0.004606149284819552,0.0036645058087179157,0.9689375796065065
370,0.0016138485388235537,0.0018605885634373172,0.000963429861630914,0.0004233831176542914,0.995138749918454
371,0.005325011581090503,0.0053829788576601105,0.0022940151403655212,0.0012896455127541565,0.9857083489081296
372,0.0027004134740057644,0.0016743491155109887,0.0004783095081638408,0.0037319011173534773,0.991415026784966
373,0.003874144279162545,0.0008954520030981234,0.0006081643788530353,0.0007041688304871681,0.9939180705083991
374,0.0045811069335025,0.004602610093577574,0.0015258304850242531,0.0007847946971470804,0.9885056577907486
375,0.004266726358279804,0.001993522576386193,0.00047458544988353724,0.0010645905354831698,0.9922005750799672
