epoch,N1,N2,N3,R,W
0,0.19819754573594453,0.04222220635891183,6.445162421299601e-09,0.00018194585216369392,0.7593982956078176
1,0.040174700553219,0.18752502097914311,0.014683876796735636,0.0007095209625921312,0.7569068807083101
2,0.06827076392875289,0.06040417685884595,0.007518975920939561,0.0005612900225021555,0.8632447932689593
3,0.13352616716024876,0.04695682107823249,0.0006000824868955582,0.0011707676337225756,0.8177461616409006
4,0.20049570806462957,0.056140059011683625,0.0008143739238403195,0.007523617334919424,0.735026241664927
5,0.1467366108205037,0.0720530308869254,0.001850488554145454,0.0006799160796559337,0.7786799536587694
6,0.281335680170373,0.20091223272385564,0.01866326936922522,0.0008322459987580572,0.498256571737788
7,0.1548243369389134,0.37457065501383957,0.04787913110017321,0.0014785954590651408,0.4212472814880087
8,0.06419769141922572,0.5768765956052319,0.04250306524161044,0.0007329314874444261,0.3156897162464877
9,0.087668210167612,0.35004841341541737,0.07923717156823763,0.0007341417440436637,0.48231206310468927
10,0.08045785579655897,0.3862675564990737,0.11647968899360238,0.0011805188437395,0.4156143798670256
11,0.06802168495496448,0.3566594930009447,0.04617593655353215,0.0012979073154146025,0.5278449781751441
12,0.055435572600185286,0.3232494922786526,0.03889995396164487,0.0009183396181352063,0.5814966415413819
13,0.015163037172568707,0.3346646993371662,0.1356377047596688,0.000656558707395194,0.5138780000232012
14,0.05200245524808635,0.0984605610731474,0.03055124326015411,0.0005585711881511058,0.818427169230461
15,0.028695419858374947,0.11197142056547837,0.015336396817869438,0.0005430628426413284,0.8434536999156358
16,0.036532255936587245,0.1507776209973717,0.01618106515082422,0.0006157521040445567,0.7958933058111723
17,0.028192578475052823,0.34674360360912715,0.10861160706010191,0.0008978294901193379,0.5155543813655988
18,0.02777107337238385,0.1582351137658382,0.024351376994740687,0.0009578599152075612,0.7886845759518296
19,0.012528978804816996,0.14073491735035526,0.06536738933871615,0.00046872055595992474,0.7808999939501516
20,0.031318371464844244,0.05176017388474775,0.020256920430355707,0.00046785149842686866,0.8961966827216256
21,0.12423173136861727,0.24477253800188792,0.07606173743969658,0.000968249933762984,0.5539657432560353
22,0.061182452359807286,0.138054732132032,0.025948210967796665,0.0006688167454369526,0.7741457877949272
23,0.25026878253303647,0.43998945516995724,0.030636810158759433,0.0007272847281831196,0.2783776674100638
24,0.04881920022788768,0.47724790645786136,0.0731741935922221,0.0012594982738144097,0.3994992014482143
25,0.01297100849604829,0.21663337448665732,0.6355789014704584,0.00030163692515193535,0.13451507862168394
26,0.09834281420751943,0.28391325495183867,0.09833057793709976,0.0013963241979337829,0.5180170287056083
27,0.07906819522663504,0.1817706952914297,0.12508906123960384,0.0015042414752501863,0.6125678067670812
28,0.030135794082701433,0.06251905584826668,0.019798591312040488,0.00025789738738535214,0.887288661369606
29,0.04598289529130866,0.34387215789898734,0.06337487215276345,0.0006184926128874067,0.546151582044053
30,0.04167427125269795,0.11002310482352899,0.016840874421436048,0.00012241455138703675,0.8313393349509499
31,0.02035398511498199,0.36390587602173663,0.23182776070345304,0.00044990929793468324,0.38346246886189356
32,0.05961510551786168,0.2742658668895609,0.042800530765704156,0.0010891224375869043,0.6222293743892864
33,0.018910213351870587,0.08006432809969453,0.029579975462502163,0.0003722422369325446,0.8710732408490002
34,0.1020487974219251,0.20796662144642566,0.06875918588645666,0.0008409530261997397,0.6203844422189928
35,0.10914914828068376,0.37488971453629166,0.08700231899195522,0.0012825252001818232,0.42767629299088755
36,0.12322464081273377,0.3321588730403462,0.07612460480301299,0.001260951907188536,0.46723092943671857
37,0.053367590769296994,0.6069787666238281,0.20671520853831363,0.0013299829076611805,0.1316084511609001
38,0.023836146894145482,0.4520033387027103,0.30315861858330523,0.000914660038215962,0.22008723578162304
39,0.017420952625597102,0.3161952311055797,0.5161259143536293,0.0003198396465659258,0.14993806226862816
40,0.013882844838182721,0.28532167293138583,0.3808181564877007,0.0006543030641279707,0.31932302267860274
41,0.10759327562612044,0.2084466467324326,0.08451271609963826,0.003310873036862233,0.5961364885049465
42,0.07474060931750114,0.5029324090996707,0.13623318441195317,0.0024675093582210324,0.283626287812654
43,0.10349300572044146,0.2902762182765485,0.1340902285118766,0.0020998186477957826,0.47004072884333753
44,0.12190052108682546,0.42937037633320846,0.14793616515127106,0.002430344060129681,0.29836259336856524
45,0.04687613317183162,0.5999097855085785,0.20645023617151986,0.001509116128132994,0.145254729019937
46,0.13513987244763678,0.5109856747245308,0.16544155816236,0.0017236497227682754,0.1867092449427041
47,0.06985431632569357,0.5601230330445522,0.18028061335908524,0.0017560332102878819,0.18798600406038107
48,0.03433751836296578,0.6518627768839114,0.16407670704523383,0.0018029517244616542,0.14792004598342742
49,0.06258821632482688,0.637651941566171,0.1465665481424958,0.0019199785531796296,0.1512733154133267
50,0.05255697639198337,0.6244401489445764,0.18885498503216533,0.0012123886167875611,0.13293550101448726
51,0.08223135169076941,0.34500870887802376,0.09335679841695754,0.001441104613981909,0.4779620364002674
52,0.05943723917905584,0.6286364677411137,0.06624714732813043,0.001673121385206805,0.24400602436649318
53,0.13050410141193755,0.4075360224990879,0.0284545691099892,0.0011410490762974194,0.43236425790268784
54,0.08006687319674916,0.2981460397787324,0.021851550005895313,0.003999227443763969,0.5959363095748592
55,0.0900169321927323,0.11431204122393337,0.004182972121799165,0.001997127871317202,0.7894909265902179
56,0.038513736454653134,0.009512847776872975,0.0005058283755149612,0.0007189837874464791,0.9507486036055124
57,0.005510884271779378,0.0018197637915030732,5.8402488359402465e-05,0.0004549779562516896,0.9921559714921064
58,0.018577971949300772,0.0055742023442936104,0.00010894767244464683,0.0004993803823876904,0.9752394976515734
59,0.009277529825638224,0.0007262842251479596,1.1393531395534874e-05,0.00011633176653856021,0.9898684606512798
60,0.23702364348479302,0.010599395996554333,0.0001249931179424218,0.005435790756310198,0.7468161766444
61,0.2471697865326396,0.012648633343011117,0.00012763563245007158,0.003132770932790713,0.7369211735591085
62,0.01286790119371748,0.010369016857523877,0.001319362808958528,0.00016647759998917363,0.9752772415398109
63,0.05359638569641534,0.010531623927258467,8.451244137568255e-05,0.000908546437540642,0.9348789314974099
64,0.236937842827617,0.05319497454142174,0.00036711549562118753,0.0022752986817471403,0.707224768453593
65,0.2924153003768031,0.2506915278056443,0.011506829784972456,0.0058483610336422555,0.4395379809989379
66,0.1571078300667639,0.03667096487586091,0.00019790769444122668,0.0036438838463746025,0.8023794135165594
67,0.19311898352043028,0.17811278944829903,0.004524477118024484,0.002818677619603999,0.6214250722936421
68,0.39738679922306497,0.24243388125883183,0.002554587605062933,0.021403508480273344,0.33622122343276695
69,0.4137758289845785,0.3969457566327199,0.019628031098516154,0.003201085871926189,0.1664492974122593
70,0.2598100471290382,0.5126071229514165,0.09626567005695827,0.006218336508498772,0.12509882335408815
71,0.032976921380888584,0.05984568471850457,0.001847107069853162,0.0008165407492077299,0.904513746081546
72,0.3132575150871853,0.4642601233541948,0.017530750337974008,0.012492194686007731,0.1924594165346383
73,0.33587514723715817,0.09067481381967331,0.00043827469823887703,0.008730440099976547,0.5642813241449531
74,0.35892527101055677,0.3905487064086219,0.0026448930878976928,0.006449297079771653,0.24143183241315203
75,0.1679240203740029,0.23845844437318833,0.0017657093595523996,0.004783756376361911,0.5870680695168945
76,0.02514415734561565,0.0479999214701507,0.0009095307440114282,0.0002988443896687127,0.9256475460505535
77,0.0036370398187243707,0.007744700262240766,0.0008614935449284974,0.00012039858394743798,0.987636367790159
78,0.005570828813682047,0.0028321278760418886,5.048755322872172e-05,6.115977394499743e-05,0.9914853959831024
79,0.012415691500044653,0.003222947833312644,0.00012574959470300752,0.00018843788674660018,0.9840471731851931
80,0.008241278479061174,0.006724694639874473,0.00017190326334261984,0.00012990296597694987,0.9847322206517447
81,0.006335856621827703,0.0014854292625902518,4.3117224983026066e-05,0.0002661538530049546,0.991869443037594
82,0.05248220634812387,0.013457303154019313,0.0003543516141282479,0.0005994431465016825,0.9331066957372268
83,0.010699756844827152,0.0010214007362595978,3.646310440977219e-05,0.00015886454911278268,0.9880835147653907
84,0.0643671575539041,0.01677979371869265,0.0014053671627071377,0.0009361850481363073,0.9165114965165598
85,0.04804827704613095,0.005654130925043399,0.0001239939541461986,0.002139266503051018,0.9440343315716283
86,0.030664220472456663,0.005218157399785766,8.339191623745247e-05,0.00026923413381535965,0.9637649960777047
87,0.15519155917334052,0.07535040701413201,0.003867773904475312,0.001603181913647271,0.7639870779944048
88,0.2537926713776993,0.22522506156173208,0.015613489871910607,0.0036573801039800516,0.501711397084678
89,0.021150344584936153,0.023555720502825825,0.00279639568145171,0.0005231871341780872,0.9519743520966082
90,0.025676630842360746,0.04022253540472393,0.0004668177479807495,0.0011087462033798645,0.9325252698015547
91,0.028939678473351327,0.03415093146888501,0.0022013053083423688,0.0010921596263454415,0.9336159251230758
92,0.0294159657678389,0.01192570663800156,0.0003479240043864184,0.00029172447839733736,0.9580186791113757
93,0.16741345896543422,0.0651451311477999,0.0004642806948408008,0.0008224791952451261,0.7661546499966799
94,0.059331233204469175,0.030812988946441508,0.00010123395441606228,0.0006260610060774236,0.9091284828885958
95,0.3638843359681535,0.13112435428680544,0.0014525916498308738,0.0008742343800909836,0.5026644837151193
96,0.20119945731424166,0.13264817148442615,0.005214570218491151,0.0011313128125480505,0.659806488170293
97,0.3883211037617381,0.2462445508466726,0.013353193294176209,0.006718759715385141,0.3453623923820278
98,0.21055193035046424,0.3209992148060859,0.015808319776380367,0.007522492200786409,0.44511804286628304
99,0.35626744997671506,0.27031333925353834,0.002507091386940754,0.005918301463347287,0.36499381791945845
100,0.33281082533689527,0.2171066593962709,0.0032020369339337542,0.00722903523250731,0.4396514431003929
101,0.3075066601392117,0.2720887349900809,0.0034421414504486316,0.005307072401055853,0.41165539101920284
102,0.22108755235782213,0.4099115161951267,0.021085403595564524,0.005604962816592808,0.3423105650348937
103,0.03157726624177473,0.06656814507957948,0.0029456518713318913,0.0009717690393081017,0.8979371677680058
104,0.04901180396386053,0.15041714683314494,0.0042583823238848025,0.0029893831307622578,0.7933232837483475
105,0.05913498301918333,0.01436835687726654,0.0009789852106692443,0.0013330702994183371,0.9241846045934625
106,0.015265156990855103,0.0029841838618852846,5.217927170053509e-05,0.0013610533503013707,0.9803374265252577
107,0.10574687375272324,0.016503030932959555,0.00015249668391580592,0.013408851132510249,0.8641887474978912
108,0.10772574665701533,0.020268304525588417,0.00021891188071037303,0.01411451346778699,0.8576725234688989
109,0.03643137253755838,0.009879206722949292,6.76124888963348e-05,0.012671422994509417,0.9409503852560867
110,0.01956568255183676,0.00795454888132216,2.5665331866268338e-05,0.008889819874992096,0.9635642833599827
111,0.014190674423931635,0.004005361202999666,4.348114402110596e-06,0.0016255988952306552,0.9801740173634359
112,0.006627457100552433,0.004556277191954228,1.0255813259455748e-05,0.0013491601321160235,0.987456849762118
113,0.027671839421901556,0.013270291460285551,3.578211081867475e-05,0.004615789699424306,0.95440629730757
114,0.015352812136397123,0.004874673392774881,0.0010314855419911184,0.00019111541311630272,0.9785499135157207
115,0.011011079796156686,0.00377796348525277,1.656767013676631e-05,0.0007190135530369638,0.9844753754954169
116,0.0048663934767296715,0.0025029467305524105,6.9622994314475235e-06,0.000333461067821159,0.9922902364254653
117,0.002310191552100771,0.0007596369290908848,3.0202768945337493e-06,0.0009085863048474809,0.9960185649370662
118,0.025254836769155548,0.0035185796206394547,1.1813548010724377e-05,0.0025781299059157337,0.9686366401562785
119,0.0018388115081830198,0.0005477341427789677,1.6385614296783313e-06,0.0006074954935737629,0.9970043202940346
120,0.008972728974669502,0.001552714945051885,1.6198137431781653e-05,0.0014196841785269288,0.9880386737643199
121,0.007112459412453937,0.006697509718147987,0.0009905519137895355,0.0006012935000265816,0.9845981854555821
122,0.01411928149340901,0.004666289985272772,0.00010808434245649685,0.003301911734448505,0.9778044324444132
123,0.008269105841083027,0.0021317535980243784,1.4647173091258736e-05,0.0007348661689195402,0.9888496272188817
124,0.048290444085818784,0.01714066547194477,0.00040093603858436,0.005105378935121609,0.9290625754685304
125,0.04903997922729512,0.014726482965795306,0.00013370033993595688,0.0013148279766692509,0.9347850094903043
126,0.0337385790492234,0.009308534584565762,2.0353961545104586e-05,0.003721452423157701,0.953211079981508
127,0.076287819775454,0.025572556362823722,0.00017003290506433565,0.0233782236586868,0.8745913672979712
128,0.021393801775866566,0.005227660852673606,8.958743236193706e-05,0.0070498262715775395,0.9662391236675203
129,0.15189604561274267,0.010166919057128115,2.4063987416258218e-05,0.03719386926833551,0.8007191020743775
130,0.0323037938512958,0.006134628991621045,3.279675545229978e-05,0.013913462325390107,0.9476153180762407
131,0.027366703033054822,0.010845670861078037,0.0010821419984643737,0.0017967960204569786,0.9589086880869457
132,0.08513771444975357,0.016684429919549423,0.00018857571734038402,0.007751149921614741,0.890238129991742
133,0.1279123422816655,0.023917518282077253,0.0002909751771405602,0.003809891387426087,0.8440692728716906
134,0.14370634758115372,0.01922420854269301,0.0002078914562104047,0.041779401813687375,0.7950821506062554
135,0.06444930064162714,0.01683483145916235,4.0912727019075534e-05,0.01206882358768899,0.9066061315845024
136,0.04015493997044912,0.013797095893381385,0.0008223067516732542,0.0036836401642103933,0.941542017220286
137,0.0013612428784209232,0.00234599368930483,0.001172050138050577,0.00021971005846116174,0.9949010032357625
138,0.019616607637104964,0.006011411058509798,3.6439870135117796e-05,0.00391472087860403,0.9704208205556462
139,0.02921498361932685,0.01063237050515187,0.00016454980072339219,0.011919392702038132,0.9480687033727597
140,0.35123591818160693,0.017153260156192965,8.723044975796094e-05,0.06233223748475668,0.5691913537276854
141,0.5800482999883594,0.07262781841060705,8.151859746089733e-05,0.1456154522594039,0.20162691074416894
142,0.39158085699968975,0.0825257197302289,8.335993909795393e-05,0.2886457754828986,0.23716428784808485
143,0.4425800155735013,0.08813249785586118,0.000227392771765259,0.39955148354331776,0.06950861025555445
144,0.35635810423853814,0.45306744868661564,0.0019632677422915983,0.09893672853510876,0.08967445079744582
145,0.18386104873565734,0.0723563075093786,0.002526363688501138,0.0687115769243111,0.6725447031421518
146,0.10671125889366774,0.04080236051578009,0.00022521742710668533,0.2722406354846783,0.5800205276787672
147,0.055359948012063266,0.02275480387388064,0.001461219044178366,0.03170260882891224,0.8887214202409656
148,0.18746068550576456,0.05725626303792253,0.00035148217622233834,0.15940056181183926,0.5955310074682513
149,0.04493367179074772,0.016696475333146884,0.000350984483697332,0.010770561791456738,0.9272483066009514
150,0.02588777997866209,0.007449354846685474,0.000118900651991963,0.011513986879947933,0.9550299776427126
151,0.08358559173907688,0.03371914487754971,0.0003657708675820077,0.02344994295885697,0.8588795495569344
152,0.3153887411296992,0.10277373541973656,0.0002310689721894158,0.1741650910155833,0.4074413634627916
153,0.23744419242616557,0.09322951387466046,0.0009035185159834882,0.08977075133009303,0.5786520238530974
154,0.07726348178082716,0.02649082990150059,0.00042674365436963843,0.022885381516886186,0.8729335631464165
155,0.024037088061181707,0.00808740263661644,0.0003625690689559974,0.004625077179834298,0.9628878630534115
156,0.02214344321555776,0.0019229011862317387,2.1426385507776354e-05,0.0110608892964036,0.9648513399162992
157,0.01516101535088451,0.009423272918997912,0.0021871570958525073,0.0009600167930174056,0.9722685378412477
158,0.014172933207584995,0.0029524469364159162,3.909624251071684e-05,0.0011930042756924937,0.981642519337796
159,0.010247407331433563,0.0031187746994427393,7.249524481023299e-05,0.004001211062977281,0.9825601116613362
160,0.011140248738398362,0.010208003305334026,0.00026082032387820967,0.0010503253368737712,0.9773406022955156
161,0.002555839330720005,0.0028022434293227256,0.0010229405881006148,0.00013501410633268585,0.9934839625455241
162,0.11671214024252173,0.02036696933513216,9.596860818719692e-05,0.007925273803264778,0.854899648010894
163,0.03543171733221674,0.007918299301766706,0.00024120810463766566,0.0011985341079907693,0.9552102411533882
164,0.023295678906474573,0.014610892602682958,0.0009677506675082985,0.001091088156780635,0.9600345896665536
165,0.017430034328393212,0.022573549018484972,0.0010753214212414967,0.000587589982005116,0.9583335052498752
166,0.04617504441118552,0.0389112583315329,0.0007450722588236093,0.0014721523943951244,0.9126964726040628
167,0.07475158197389677,0.1082964936717378,0.002222440512296639,0.0008559503016297866,0.8138735335404391
168,0.18556697372371928,0.4686104612457801,0.013765844704992303,0.0014089631098657864,0.3306477572156425
169,0.1856549079248026,0.17481890053536375,0.0034062525470327574,0.004087869576259966,0.6320320694165409
170,0.06682893483721256,0.11303830360810652,0.0070948931429169575,0.0007140836676584641,0.8123237847441055
171,0.10345439441336456,0.2483558621017964,0.011770095641209856,0.0017851163229772123,0.634634531520652
172,0.04699337326003034,0.0856926647814498,0.003800358631685077,0.0008460010298862694,0.8626676022969485
173,0.05406950309770327,0.056241235835093877,0.001509516550960697,0.0005681444191765345,0.8876116000970656
174,0.04444458803557221,0.07594428942113857,0.0029567136929104488,0.0010978218723816581,0.8755565869779972
175,0.053793568962304986,0.013708525799249258,0.00015694836798651318,0.0009549726845263311,0.931385984185933
176,0.05657415161724799,0.06799155861965482,0.0018469990634086533,0.0011960444870474521,0.8723912462126411
177,0.007972774723462882,0.01583602559595545,0.0014394057617079861,0.00031266680035515023,0.9744391271185187
178,0.09782702838575054,0.026966647957695287,0.0007726405507301314,0.002141358873445854,0.8722923242323781
179,0.1129554126608356,0.09679173998677364,0.0019803869110333835,0.0013357459676940904,0.7869367144736633
180,0.004001000687028772,0.008602919753433493,0.0009153601457307479,0.0005745661975777827,0.9859061532162291
181,0.0025550540331120905,0.0007323342091731112,0.0005496707146897455,0.0002828935703043466,0.9958800474727207
182,0.008365475678734404,0.0009912829339154693,7.323042585555427e-05,0.0012836137607210628,0.9892863972007735
183,0.021236085347452485,0.001782270461069425,4.4540790059067685e-05,0.0020389010279990975,0.9748982023734198
184,0.02586349306885578,0.00401349434866632,9.06919545846596e-05,0.0015799697924604203,0.9684523508354328
185,0.2544932317546025,0.01113722635396183,4.484507333370252e-05,0.030414670212076174,0.7039100266060258
186,0.07867150306827685,0.00306879423786487,2.293973147839977e-05,0.00524991504115956,0.9129868479212204
187,0.034358837484791876,0.004819906221965121,4.503570150984565e-05,0.005179029960746449,0.9555971906309868
188,0.04891156854333098,0.0077470027809149735,1.3493950662054404e-05,0.006814881113155327,0.9365130536119367
189,0.03143561810234431,0.009227733283453244,3.844640372649177e-05,0.0015650135411136238,0.9577331886693624
190,0.016299142499623057,0.0063705395816374645,3.149671548848369e-05,0.002950366166346544,0.9743484550369044
191,0.19896216245110607,0.04287601559686413,0.00040065072880283265,0.03445972640464818,0.7233014448185788
192,0.016444907338557392,0.005709682042262123,2.5790541972953396e-05,0.004528362650504259,0.9732912574267032
193,0.005006387354054471,0.002398578721407082,1.1516203315589585e-05,0.0015636365346348984,0.991019881186588
194,0.17415386499844795,0.07773801637640163,0.00021771669091538414,0.041702590563827725,0.7061878113704073
195,0.046835819782889906,0.019661431277283044,6.0560678357993404e-05,0.010445941906721786,0.9229962463547472
196,0.09861486928507815,0.010237910293119684,0.00013198242733783872,0.0031598953372070863,0.8878553426572573
197,0.04026996932533706,0.01577960610343662,0.0006318896349304202,0.00417394189502193,0.939144593041274
198,0.026893215389473524,0.006427665907907655,0.00013469393257559842,0.0044713411884668664,0.9620730835815764
199,0.055475578457854204,0.019766949994262012,8.936543475267114e-05,0.03334112322200827,0.8913269828911228
200,0.012404901120274928,0.006483932665657914,0.00036523922114740123,0.004059574565417662,0.976686352427502
201,0.1819555283817772,0.08223243604404548,0.0005775224276981229,0.07614332030527553,0.6590911928412037
202,0.02147017656706354,0.007627835219788674,1.4094722487264022e-05,0.014535854552990873,0.9563520389376697
203,0.01091433155778991,0.009725950158992762,0.0029419367440774733,0.003150386601540412,0.9732673949375995
204,0.01866207567522764,0.015634754952672823,0.0005157189829598797,0.005077966761263377,0.9601094836278763
205,0.05098259703243616,0.013339944903665094,8.751346880989073e-05,0.005494248407720004,0.9300956961873689
206,0.03381760786992508,0.006297480046817653,5.064357557299504e-05,0.01090948885294647,0.9489247796547378
207,0.03244672039016963,0.011957947001888944,2.0768109663714512e-05,0.005151042016314685,0.9504235224819629
208,0.04356209806097855,0.008804432876401983,0.0001125272930299887,0.004220311769951838,0.9433006299996376
209,0.037012289971511084,0.02315726217732077,0.00011094948486498608,0.004678288118709245,0.935041210247594
210,0.0610134330586372,0.016716209336040597,0.005323680080347669,0.0025023819254440067,0.9144442955995304
211,0.02374555089892608,0.004777122243567691,5.7838100787628105e-05,0.0026634018763252295,0.9687560868803933
212,0.025269538872378546,0.003808293068106016,3.2488911274309265e-05,0.0014029076807802042,0.969486771467461
213,0.31285942792442406,0.006855444349920754,7.519216614068635e-05,0.005429007686232157,0.6747809278732824
214,0.3039217380746614,0.015244782317523822,6.901605788132403e-05,0.026454689911256622,0.6543097736386768
215,0.08635682452434412,0.015110741915154921,0.00024133235285690626,0.005592074367251327,0.8926990268403927
216,0.16295977824881994,0.3685604045447013,0.016019814407524667,0.057147973871594024,0.3953120289273601
217,0.04573468861341034,0.20592074317959858,0.00808005680272828,0.015648565408257643,0.7246159459960051
218,0.22807642698602676,0.5261161894200552,0.019643572876537858,0.09050509659069361,0.1356587141266865
219,0.05746114591122081,0.09933939199132645,0.002980979477710936,0.025215504468291648,0.8150029781514501
220,0.06626511265060102,0.15397462505390463,0.010778571823499877,0.026184936833448184,0.7427967536385464
221,0.07271329450918511,0.08812727844100145,0.0020137108435991174,0.03163761776440622,0.805508098441808
222,0.22240610973979785,0.15028403307641205,0.0006594680444016522,0.009326338076278858,0.6173240510631095
223,0.03691463428993813,0.07892097173777043,0.0053769262094191545,0.0029724689818964338,0.8758149987809758
224,0.0608854400308214,0.032994396388707686,0.0003761951547559724,0.0032421907527325658,0.9025017776729825
225,0.028686172500255652,0.03813615543007549,0.0033581287067314487,0.0011817447145391464,0.9286377986483982
226,0.06671450590046239,0.05424011441960591,0.00029309348410728477,0.004244324422874803,0.8745079617729495
227,0.05475798888314192,0.12363687072831454,0.001756071073709001,0.005261205770934005,0.8145878635439006
228,0.0842316881217177,0.06376808601781567,0.0008403715688670349,0.014777497944829479,0.83638235634677
229,0.021260308903796564,0.005132093738873956,7.572998827614097e-05,0.006511051374235209,0.967020815994818
230,0.04639675715459234,0.03881369943506295,0.00016912273034208484,0.003920894978725111,0.9106995257012774
231,0.00731490559675594,0.0052321613599642085,4.960192523192409e-05,0.003211420871159957,0.9841919102468879
232,0.04236955437484274,0.03675733536671944,0.000301868124078396,0.003957311506738626,0.9166139306276209
233,0.02985596054729589,0.006504659389879941,1.700912054649043e-05,0.004558519877358107,0.9590638510649196
234,0.11979991347269478,0.03168560411543439,0.0006054114367736904,0.006554840523474183,0.841354230451623
235,0.048809733401200435,0.013362071610633278,0.00016788012746022776,0.00744878209749398,0.9302115327632122
236,0.2392909309320783,0.06766134327500267,0.00040869912355639753,0.02794398064406285,0.6646950460252998
237,0.2699991683710001,0.2030814332519434,0.00251509401335239,0.12075468066803777,0.40364962369566637
238,0.07095518142819346,0.021244321324859643,0.0017582251969530194,0.021023518847655437,0.8850187532023386
239,0.06327020114430269,0.018180226697151938,0.0001370773519592638,0.06118131805149692,0.8572311767550892
240,0.31407206589181375,0.1424772977028166,0.00038576798838349757,0.2676557791993383,0.2754090892176479
241,0.2837083733008695,0.15312526178844407,0.0009310378204467502,0.29014788066518954,0.27208744642505023
242,0.07328662486319851,0.008546780445242251,0.0005277759312688214,0.012290399462732398,0.905348419297558
243,0.07620987351219674,0.01855355288844057,0.00014376555683690584,0.019702539988805733,0.88539026805372
244,0.11372724882144847,0.033653819125976335,9.498028185763966e-05,0.015631908822289958,0.8368920429484276
245,0.486278345251104,0.05020173359798481,0.0001086761551535418,0.025186841044098525,0.4382244039516591
246,0.16548771782115299,0.05831885853289705,0.0007981916469029254,0.017387978686824988,0.7580072533122221
247,0.26221688194747833,0.10104034032994327,0.0008871985643167263,0.04983732961650999,0.5860182495417516
248,0.037267390273151936,0.07875337143473457,0.0016049647629918285,0.007692642685150743,0.8746816308439709
249,0.018585049352413674,0.06871432960444174,0.0037597173760702935,0.00292360248872882,0.9060173011783454
250,0.1027717779640037,0.0668537967229254,0.0004798557368213164,0.0043370206574233,0.8255575489188262
251,0.12375820222786757,0.08257317450208458,0.0018742286105087257,0.005127840654608491,0.7866665540049306
252,0.010605802509354856,0.062485402595826633,0.0039596010266774355,0.0021824543207864247,0.9207667395473547
253,0.010899925816816092,0.01774356493924651,0.0012701984480342323,0.00188538639577048,0.9682009244001327
254,0.009810319326988256,0.011767455707410111,0.00021723196635344135,0.0006656989700324041,0.9775392940292158
255,0.018108470681022004,0.015263823137173503,0.0004393031161851098,0.0009379057946897844,0.9652504972709296
256,0.14073401599879637,0.06245597383601063,0.0006837148762064799,0.00659866332553673,0.7895276319634499
257,0.022149817072022886,0.01376523474802823,0.00043722141040618013,0.0027475212524763547,0.9609002055170663
258,0.04104826391888886,0.021995844492721187,0.00026300958871905476,0.006268086672121938,0.9304247953275488
259,0.03775855534311487,0.020607267741485788,0.000411496217323836,0.015041666685109267,0.9261810140129662
260,0.3319221149519523,0.0864904873673477,0.00012002843344586055,0.14053282800087025,0.4409345412463839
261,0.25908860161339725,0.10275143847014599,0.0005644728841108754,0.2199500599870604,0.4176454270452855
262,0.0134458819536801,0.021576602336149074,0.00495547179085039,0.006676456540791595,0.9533455873785289
263,0.31004505457457987,0.08881260482862785,0.00014331231224260697,0.1248668071154346,0.47613222116911497
264,0.34404421456888334,0.06001186917981879,0.00011837612586518189,0.25749908473727784,0.33832645538815476
265,0.019276296424909925,0.009870998747736713,0.0003466161200306645,0.005972239410445425,0.9645338492968772
266,0.00801630742259355,0.009705537722296213,0.0033092233869264237,0.0019176606395035667,0.9770512708286803
267,0.1121488090870922,0.07736415773396277,0.001718274790987679,0.017473234576417248,0.7912955238115401
268,0.012773026532763396,0.021711560115052594,0.002167102812948554,0.0003812982986690974,0.9629670122405662
269,0.0008330645255593588,0.002340943120426889,0.0018533541843363014,0.0005558516392780619,0.9944167865303993
270,0.004232521329563114,0.010411701147852222,0.0037982444362066907,0.00023858310850031738,0.9813189499778777
271,0.04881753765394107,0.034463098721694174,0.0008869253986213179,0.004061272938606135,0.9117711652871374
272,0.0067468042353063485,0.015819109364631344,0.011283060381345546,0.0004872216612035019,0.9656638043575133
273,0.01416791708987875,0.04002794688526262,0.023055139895305804,0.0017272858161330987,0.9210217103134198
274,0.03703410030317177,0.022116204077636887,0.0002883601046440272,0.00527773936799827,0.935283596146549
275,0.06630252851082306,0.03761522304764817,0.0005586343665523792,0.004548300108566014,0.8909753139664103
276,0.017403956787559308,0.02112821168416867,0.005264546034175641,0.0017207886277510298,0.9544824968663452
277,0.01638608985360099,0.005522372762840081,9.29131639257354e-05,0.002055019086305251,0.975943605133328
278,0.049035910317382726,0.006958219373103644,5.9352727045408e-05,0.011679286454665518,0.9322672311278026
279,0.008075019541357382,0.00650895345798123,0.0008611760674357668,0.0012537280366740975,0.9833011228965514
280,0.0047509546943000705,0.003018949348442886,0.0006069655094275729,0.0009001690127851463,0.9907229614350443
281,0.04104290755008384,0.0387738986505633,0.0029426799215801487,0.006803388869795074,0.9104371250079776
282,0.03527924639330782,0.047392878244750525,0.0006617799938395749,0.01784711969377155,0.8988189756743304
283,0.044149028275745926,0.020510605136245485,5.590337493986661e-05,0.026681651214547224,0.9086028119985216
284,0.105913932194013,0.01323075515684714,4.495949646360724e-05,0.059059490599278466,0.8217508625533978
285,0.16395199582446507,0.03761362907092768,0.00021534673290495086,0.053665909763814176,0.744553118607888
286,0.09062774171213353,0.026110919436494073,0.0007398958590027635,0.023852098133158695,0.8586693448592109
287,0.1477034315561325,0.07098503871183455,0.001082986336582273,0.1405304430317738,0.6396981003636769
288,0.08165411960074985,0.10671432432928236,0.005365903718658837,0.06633540458246176,0.7399302477688472
289,0.028744135699193114,0.04244675862825115,0.004159894173032943,0.020795121682084382,0.9038540898174383
290,0.13911735809754447,0.03497165761520048,0.0001577400423593963,0.26663973302774047,0.5591135112171552
291,0.34257968853704357,0.14013032932821243,0.0007586790583763246,0.3369569937868524,0.17957430928951534
292,0.03905374190357469,0.04213157263770371,0.0005019625630800445,0.011571957703440786,0.9067407651922007
293,0.1013772135215932,0.04804919991493895,0.0022903066772042755,0.023459473879716437,0.824823806006547
294,0.005759192523456807,0.008671346284956525,0.0025246294335281297,0.0017206682149742303,0.9813241635430844
295,0.012920973478248788,0.012560269863847494,0.0025899492655270403,0.002020857100463504,0.9699079502919132
296,0.0022729654049598222,0.008045211454587203,0.004957520218355423,0.0005957076343543169,0.9841285952877433
297,0.003673815888626678,0.0040768536613017044,0.0005559039800347923,0.00174514233689783,0.989948284133139
298,0.006970600269914031,0.008236489517315699,0.0009620591363286289,0.002323401324764536,0.9815074497516771
299,0.12097418202160369,0.037692925965955984,0.002116315681604602,0.009449844669098336,0.8297667316617373
300,0.49005468841242333,0.19891616059221226,0.0007862870876853345,0.09881853343897458,0.2114243304687045
301,0.19029229399342157,0.09251793347010295,0.003046887775031455,0.07345529871985904,0.640687586041585
302,0.039788038268050725,0.023500555692584302,0.00201222589058597,0.01230945654772175,0.9223897236010572
303,0.19563636619780803,0.10562722130107016,0.0009059074375444938,0.10900363289042819,0.5888268721731492
304,0.3031071994315528,0.05896941199218342,0.00034345996318402386,0.232460501867905,0.4051194267451748
305,0.2383415246211037,0.20747671807574136,0.0024805070044589816,0.2925247610127771,0.2591764892859189
306,0.22060671065421109,0.15469588850853186,0.0013896407276422296,0.06608589713940295,0.5572218629702119
307,0.3395084909830432,0.23872421668790983,0.007901258088172982,0.045154988438165684,0.3687110458027083
308,0.44666709545566136,0.2259691146086159,0.00810144372977097,0.09796695464721705,0.22129539155873465
309,0.31211698902194795,0.5411227985653182,0.03456067237365937,0.0493215904895005,0.062877949549574
310,0.18750518263454727,0.6126710017372498,0.009005584239675528,0.12379890618308378,0.06701932520544379
311,0.11757513471176473,0.4075705348837663,0.012303585410958535,0.06056260633640613,0.40198813865710425
312,0.3038344772372552,0.47376056023060714,0.008443414071253761,0.11568811925384083,0.09827342920704304
313,0.2932420503717308,0.457784653358976,0.02127619617736242,0.10852066469621482,0.11917643539571592
314,0.3181417602127791,0.4998443386229522,0.030160406926621367,0.03372766626215023,0.118125827975497
315,0.27742404384122515,0.6150243404368051,0.051520982757890445,0.027649670029601482,0.02838096293447783
316,0.16572165802879613,0.583633348619881,0.04238005449933692,0.0415922306225795,0.1666727082294064
317,0.14796773418391646,0.787609303596318,0.03696358344611432,0.01708213166746851,0.01037724710618277
318,0.22282180409791114,0.5920517411970502,0.05470110067188577,0.04865753271366294,0.08176782131949009
319,0.012017892699120986,0.8095492059322199,0.16269599010702818,0.008790508483775024,0.006946402777855857
320,0.13606916257561996,0.6887464621872934,0.07434604568423564,0.0674629977330759,0.03337533181977508
321,0.17414650213048108,0.5547139527255724,0.06772088061215466,0.06900028753228796,0.1344183769995038
322,0.15407209247136874,0.5822046314352962,0.12846137516632491,0.06312520835339595,0.07213669257361412
323,0.17364004692550525,0.3573255653014388,0.0938429066004165,0.05356794578584367,0.32162353538679583
324,0.05990666638479182,0.7282528274895328,0.07702164268035575,0.04512856930817926,0.08969029413714034
325,0.18280469226278373,0.4945450829411335,0.14294221602463725,0.06127170720244078,0.11843630156900496
326,0.1398957427024684,0.3082738079877015,0.03659617369617139,0.04093853979682438,0.4742957358168342
327,0.2470216411705096,0.516267477706748,0.06297132162840686,0.052938672100664316,0.12080088739367129
328,0.1312567514150872,0.48923650518665357,0.01565600315003694,0.06363048251536964,0.3002202577328527
329,0.06457553184462664,0.3310039207654156,0.01755943987933387,0.04519074743096457,0.5416703600796594
330,0.008948225669346953,0.05676955734635868,0.004101097861559548,0.005533984670334996,0.9246471344523999
331,0.04887192203076712,0.23152551363124868,0.02329866449263148,0.0695330930534928,0.6267708067918599
332,0.004668024713285596,0.024610437488527967,0.003808633835028948,0.008218790020040296,0.9586941139431171
333,0.033342888066857264,0.013979998078417493,0.00019268436168113032,0.02297720440834493,0.9295072250846992
334,0.15737638616560168,0.05866403766088988,0.0004606025374569834,0.05329163944482764,0.7302073341912237
335,0.26753997998968493,0.04768618329108566,0.000182795141065313,0.05797566927200915,0.626615372306155
336,0.10330640348621603,0.018758682051990955,8.771279934230779e-05,0.0343312016220957,0.843516000040355
337,0.33820455564225954,0.13856041691916982,0.0004139231876824321,0.18518756616053503,0.33763353809035324
338,0.37865606269351476,0.09828527289028675,0.00019919624419412538,0.3327447200909599,0.19011474808104448
339,0.019350848830394,0.012315208796330015,4.320691724981478e-05,0.04351142753546539,0.9247793079205607
340,0.26086848429757253,0.04527494018591328,0.00012151070354527214,0.6206867519827313,0.07304831283023766
341,0.30204833560416866,0.3146567297330791,0.0002837152550301663,0.3148123731787955,0.06819884622892662
342,0.35130712669449193,0.22625294559585388,0.00030364723265603424,0.3046522627815613,0.11748401769543672
343,0.14899152090687434,0.4015814128125165,0.00026212634289565176,0.4285824973674451,0.02058244257026841
344,0.45532562729140447,0.19368338496916915,0.0001642202596927616,0.2173519380200151,0.1334748294597184
345,0.22086164156350716,0.6028787677605256,0.000716195713868488,0.1630452815344296,0.01249811342766923
346,0.04657984533357645,0.8609888061478833,0.0021373667488674276,0.08598765056803596,0.004306331201636579
347,0.45888572124655497,0.24289331135161246,0.0003315350885059393,0.16430608301665037,0.1335833492966762
348,0.11733535598318938,0.7308382388962791,0.002530490738025474,0.14341785285921563,0.005878061523290299
349,0.23659366385969144,0.612967286058258,0.0015820809486702476,0.11639168529874037,0.03246528383463983
350,0.11573756117101362,0.8374633164385463,0.0047742950703076655,0.03747703878228765,0.004547788537844643
351,0.17263373266129525,0.7275826802080377,0.0027196321037759137,0.0880528017604632,0.009011153266427943
352,0.16524069103128214,0.6845749003843107,0.004119518233280086,0.13878722255211698,0.007277667799010108
353,0.05756456945500571,0.8281092260941849,0.04376471820461475,0.06452687567684667,0.006034610569348014
354,0.044046447116128595,0.8737369096404867,0.013867655079426756,0.06499541810029316,0.003353570063664907
355,0.060917205019142655,0.7820709187192084,0.1052509125782791,0.03753001693215565,0.01423094675121413
356,0.036679095122086794,0.8797563275620015,0.02898034372989684,0.04498130815609646,0.009602925429918313
357,0.04254783598967819,0.7155128543393257,0.19822306029452536,0.031631739612167434,0.012084509764303326
358,0.1752883785715088,0.7125343154507571,0.023747926624002894,0.032781332371204314,0.05564804698252688
359,0.04131295837958929,0.9111141229617539,0.02857245466012728,0.012250684210338364,0.006749779788191102
360,0.12199559143583631,0.760413131893041,0.025309316622840423,0.0827684664645449,0.009513493583737178
361,0.0638062585110948,0.8853391158536941,0.0294735419966506,0.011458391829333513,0.009922691809227004
362,0.03365460598130715,0.7242766460337036,0.23384345002535473,0.003005803332213249,0.005219494627421338
363,0.0265566226753968,0.9032476424694916,0.06035921667318477,0.00560363935749434,0.004232878824432603
364,0.02119861584323399,0.6433668302324463,0.3273750517596806,0.002214970491183917,0.005844531673455136
365,0.027526665057728297,0.8910971561402107,0.0682234643890444,0.0061429724801866075,0.007009741932830124
366,0.041810036563452516,0.7099652594881094,0.21869421659156874,0.004460237795188603,0.025070249561680746
367,0.049718192340585846,0.7179403450656172,0.22061137081537052,0.0035866380204543787,0.008143453757972038
368,0.007766093280225441,0.7842391053621575,0.20379256269382423,0.001320841860765538,0.00288139680302727
369,0.03552161252406037,0.712111539807102,0.22876917172746938,0.008031505931445642,0.015566170009922812
370,0.007900697566210304,0.4078118813390612,0.5787100425238871,0.002509764674106025,0.0030676138967352957
371,0.027274154745354242,0.7180645655400192,0.22043492757289326,0.013209550460510946,0.021016801681222424
372,0.05524261001646324,0.7308055203071466,0.19212922560326837,0.007107873044854498,0.014714771028267206
373,0.012471165808406529,0.5584399769267048,0.42338632379546504,0.002626172642853801,0.0030763608265698254
374,0.02880896527829416,0.7247550185551724,0.23113048376570527,0.004935901894660789,0.010369630506167387
375,0.01471772760419551,0.6020033132480702,0.3754018265161663,0.0041392174737983145,0.003737915157769702
376,0.017224414045853495,0.6887651848732006,0.2759310228601901,0.010443730996549296,0.007635647224206395
377,0.012641189189515853,0.45645271001557164,0.4745426942861938,0.028718673684741344,0.027644732823977218
