epoch,N1,N2,N3,R,W
0,0.0007559387947114283,0.0006642869466177342,6.849624820246833e-05,4.5620888287832586e-05,0.9984656571221806
1,0.0037163924519268677,0.020755688200994018,0.0005438623773702013,0.0001943140865548574,0.9747897428831541
2,0.1299407298612625,0.06265621907136133,0.0010696275391021872,0.0014737344294620026,0.804859689098812
3,0.12139541945175596,0.01858078484891243,0.0012282329340020364,0.0006690211740832381,0.8581265415912465
4,0.4529387415039622,0.050128791821125326,0.00019801595247165115,0.008571912920577388,0.4881625378018635
5,0.4361803096461689,0.02717633747185372,0.0006930000376040952,0.007533978018264558,0.5284163748261088
6,0.2656528087927198,0.03430201188055237,0.0025376196292252865,0.0019134950302314821,0.695594064667271
7,0.41859529425505204,0.16995456644317705,0.0048713784161512836,0.005303922043719287,0.4012748388419004
8,0.3537679347618522,0.09518792232943173,0.004331753070591187,0.0026546100574472804,0.5440577797806777
9,0.19706681809178614,0.06831527684906524,0.0015180549923445787,0.0033127673844737015,0.7297870826823304
10,0.47837612531274315,0.16253012513016793,0.008736209161684015,0.10968122824568108,0.24067631214972368
11,0.22360018846747948,0.4419378965709323,0.009835985704366243,0.00772272828651725,0.31690320097070473
12,0.2800075791729922,0.453578967966631,0.023496667842182416,0.007281230159813347,0.2356355548583811
13,0.1431014436016437,0.44481083027870466,0.10053336039395516,0.011817736454895611,0.2997366292708009
14,0.06068554198519203,0.7778126252386525,0.05827497825114117,0.0037235646596807657,0.09950328986533348
15,0.06451701180015638,0.65486322610963,0.07810491596565149,0.008856049439079028,0.19365879668548305
16,0.1564403431529279,0.7344395541628875,0.03330575334657378,0.0032018286207408093,0.07261252071686997
17,0.19514145865592109,0.6560850655377177,0.03317922783540508,0.006716434927242257,0.10887781304371387
18,0.09051576734744522,0.8381235332371658,0.03319110706207586,0.0027018318705004413,0.035467760482812624
19,0.29301829586389433,0.5555079896381567,0.005748549982887043,0.003180950601375673,0.14254421391368635
20,0.05530484879441345,0.8636889379350746,0.05150253275906301,0.0008052480506123997,0.02869843246083656
21,0.01652122453492759,0.8355572693393123,0.12274140794964726,0.0008826844197926032,0.024297413756320066
22,0.15888038229254578,0.7376215239966596,0.017622564648879218,0.005501355479212354,0.08037417358270298
23,0.013122541845485766,0.8878427248248485,0.06039743773901773,0.0017354794789417429,0.036901816111706245
24,0.019048740915050284,0.895612499765993,0.04348659821492074,0.0020440587712959334,0.03980810233273994
25,0.18744194100838651,0.6869758290996657,0.008609977558195534,0.005525318054678482,0.111446934279074
26,0.06491085963463489,0.7644412477676239,0.043385787368290185,0.005114386568707125,0.12214771866074398
27,0.13936256339574274,0.6226023627179066,0.020938679035911036,0.0026169194918689177,0.21447947535857076
28,0.39502150788693524,0.2693127116306581,0.005603340856449664,0.0024869682127669638,0.3275754714131899
29,0.2758025405879126,0.5387549697485225,0.010823258352092534,0.0025588090476929884,0.17206042226377935
30,0.19355064444084186,0.6213292400142145,0.01084002766228151,0.0010764512691221171,0.17320363661354002
31,0.14611866651369682,0.49979843903370813,0.025268375465935255,0.0012149906060876924,0.3275995283805722
32,0.05413517392587499,0.022552768141190407,0.00039504214168644206,0.00046624657351565464,0.9224507692177324
33,0.0026439785010941813,0.0014900625400998144,9.909379941102748e-05,7.570725214938644e-05,0.9956911579072455
34,0.0028650886105658258,0.0023319924306783326,0.00015901014742933695,0.0003424725592174259,0.9943014362521092
35,0.04363513211705965,0.015442377142138902,9.524071853426117e-05,0.0005969694314149128,0.9402302805908522
36,0.0030972399085198734,0.0013377527650057998,3.8537352183178386e-05,0.0003910757502134142,0.9951353942240777
37,0.0018818407874260988,0.00046525318189007657,2.706584797907089e-05,0.00047530981323465116,0.99715053036947
38,0.003957675277662161,0.001156890376501908,0.00045675517359198675,0.0003380018399056831,0.9940906773323381
39,0.004401973765438579,0.00581352912982763,0.0003592789178244639,0.0017014451661989279,0.9877237730207105
40,0.004464240583110783,0.01631736901528641,0.00044913873686831986,0.0011624698597788245,0.9776067818049556
41,0.001793977156971307,0.004173819917677104,0.00012661928533047725,0.00040390203792415094,0.9935016816020971
42,0.0028532305484134557,0.0032106660312825287,0.00016107367986453473,0.0008283073248714402,0.9929467224155681
43,0.001354707124197333,0.002008000880164584,0.0008077595283725057,0.0004211055953998318,0.9954084268718658
44,0.001031093991309506,0.000882069719342247,0.00019327891747343882,0.00037806593175091554,0.9975154914401239
45,0.0012226712212553075,0.0009332457275565947,0.0037990141532666193,0.001405066417106186,0.9926400024808152
46,0.0009987780921815789,0.0010511249440731943,0.0053358843111171285,0.000868803906065185,0.9917454087465629
47,0.001676981543078504,0.0007177043020784195,0.003494138796059848,0.0005344191664412987,0.993576756192342
48,0.005292430520720096,0.0003025620211054749,0.0011433980825571414,0.00014644285562353466,0.9931151665199939
49,0.0014202207969810057,0.0009771798207715934,0.004546501176353032,0.00027556066015375224,0.9927805375457407
50,0.0016806454660966404,0.0009562569124675777,0.0012973242849221296,0.00014865274352266852,0.995917120592991
51,0.027292367228984985,0.0035088646293047186,0.00015059515787014293,0.001248187851033036,0.9677999851328071
52,0.005717706723510588,0.001058600769862759,0.00010852358572588444,0.0011467386671941044,0.9919684302537067
53,0.010860201805409038,0.0009843166624294416,0.00019352988354897987,0.00035245143865185056,0.9876095002099607
54,0.0012330852787857708,0.0018016103202076186,0.000619178037206105,0.0003335190510691709,0.9960126073127313
55,0.001213040644583027,0.0018400623711941919,0.00044497244558743145,0.00036376653741172104,0.9961381580012236
56,0.004999438707497553,0.002800586299225475,0.0011714256718001453,0.0014075827521422145,0.9896209665693346
57,0.002426142131344349,0.005423509374862812,0.0009897509854163565,0.0011196201419004885,0.9900409773664759
58,0.00891179409195612,0.007352276919324754,0.0011380498021462692,0.0022016272087158643,0.9803962519778571
59,0.005556530227299025,0.005997385914266354,0.0014745196136312065,0.0008472126430523715,0.986124351601751
60,0.0030470559714277055,0.0021188283831060405,0.0002281933482981997,0.0011517322132313474,0.9934541900839368
61,0.0018094187556707895,0.0018284221011168958,0.00016770958583706372,0.001844579239087984,0.9943498703182871
62,0.0012279528884575576,0.0021355587418485002,0.00014263809954051694,0.001572727109794193,0.9949211231603593
63,0.000553215492383974,0.0014505493421013182,0.00016481964661061777,0.0009455551447770064,0.9968858603741271
64,0.004567746002255578,0.006322933547753536,0.0012056901473331632,0.0015687703836454994,0.9863348599190122
65,0.002905777374303765,0.0020346314607419345,0.00022972717840228168,0.0013810153114463648,0.9934488486751056
66,0.005347957754997327,0.0009397018112025503,0.0005759421683652833,0.000858736542360721,0.9922776617230742
67,0.0006641444033921664,0.0006791766092049118,0.00010206476201247271,0.00015151458373430734,0.9984030996416561
68,0.004760902869994604,0.0053202370435704305,0.0005988648655596987,0.0008215492586559188,0.9884984459622195
69,0.002589899892171653,0.0024205672835742554,0.0001626231406723195,0.0005381676204797295,0.994288742063102
70,0.003631640934524907,0.0017754268816255934,0.0004761059104876659,0.0008950177215424765,0.9932218085518194
71,0.007606509428367505,0.009685358171547021,0.0029212239108503384,0.0007604332739929126,0.9790264752152423
72,0.0037370444690855904,0.0011356863913621392,0.0001120697094002239,0.0010625406609063768,0.9939526587692455
73,0.0028108695682678266,0.0015457942262905886,0.00013532374307252622,0.0008406537243817574,0.9946673587379873
74,0.008100773501047423,0.00504302193613621,0.0010934457905294448,0.0012084467498139028,0.984554312022473
75,0.00512597906549047,0.0023663985189871094,7.91722958779127e-05,0.00111591390156647,0.991312536218078
76,0.00585424764332619,0.003467073909928953,0.0001733510512995644,0.0015934091695557426,0.9889119182258895
77,0.004066029710958977,0.002178455796832547,0.00021096766329501597,0.0010278440848414763,0.9925167027440719
78,0.0020996823551402435,0.0013353638493064205,0.00024697444012112163,0.0002819045350387913,0.9960360748203934
79,0.0013623987191696925,0.0011555367672151742,0.0001405849233461219,0.00046991025886437593,0.9968715693314047
80,0.0011025757962820856,0.0012440696342428008,0.0008123199864428757,0.0009665377373883324,0.995874496845644
81,0.004376811166879222,0.002334844670594454,0.0002957978055991623,0.001700591392803705,0.9912919549641235
82,0.004330297586931552,0.0020021514750901714,0.0007016487409108711,0.0015070831538575211,0.99145881904321
83,0.00299017594960579,0.002462035218592813,0.0009642975916209657,0.000887469612354981,0.9926960216278253
84,0.0013818416329310058,0.00100962562143896,0.00023451668793277952,0.00023655767731282112,0.9971374583803845
85,0.002082990753409908,0.0005203710021721525,5.8639224381061907e-05,0.0002332528424282356,0.9971047461776087
86,0.0015748294083008686,0.0007126683056809474,5.433704369771653e-05,0.0001670235176473891,0.9974911417246731
87,0.0018735781709049053,0.0005431598255809867,5.712820570537008e-05,0.00014400141180954474,0.997382132385999
88,0.002579568441483264,0.0007387947850213252,9.912868169168767e-05,0.00016391066803931787,0.9964185974237644
89,0.00466980801166376,0.0024451858413759775,0.07322476202409532,0.0004357867244038174,0.9192244573984611
90,0.0008061250787765944,0.00025573466000092574,0.0009595892040678915,0.0012482654697139194,0.9967302855874408
91,0.001239424165400275,0.000542334498854289,0.00010729912212176454,0.0005247505483971406,0.9975861916652266
92,0.00015761899176018097,0.0001702074071125281,3.9158579976609524e-05,0.00010771823616945319,0.9995252967849813
93,0.001224960417200075,0.0004434992057170317,0.00027536967759923743,5.644379179795134e-05,0.9979997269076858
94,0.0014298984378107173,0.0009446580572675432,0.000255416108680853,9.183285392465157e-05,0.9972781945423161
95,0.0023771978560233054,0.001041124836344187,0.00011065323943977885,0.0001882847527894694,0.9962827393154032
96,0.0029621923683108326,0.0015660278036024424,0.0004499559415341575,0.000576499084825759,0.9944453248017269
97,0.0042518058219623775,0.0013337775438972532,0.0002843731669335659,0.0011384880168488652,0.9929915554503579
98,0.002002460308014057,0.0005717028011177139,6.211995182840955e-05,0.001228416293620396,0.9961353006454193
99,0.0034784285410274013,0.001373563073749622,0.00017010820132257418,0.0015704608247455159,0.9934074393591549
100,0.00381412090845125,0.00236379765186536,0.00036116895033772673,0.0007730197111921346,0.9926878927781536
101,0.0015920535719924896,0.004296286962946132,0.00035859938418716366,0.0005386121217719464,0.9932144479591023
102,0.0033578634115385667,0.005928404879049826,0.0010557823205543176,0.0017441948423854972,0.9879137545464718
103,0.004907795338996538,0.007196453654507774,0.0013070440405990914,0.0018745683439643133,0.9847141386219322
104,0.0011816262655259067,0.001269170241302616,0.00010435831182221469,0.0009569346219474203,0.9964879105594019
105,0.0016810200665406056,0.001516525012703608,0.00040960635667564856,0.0008979227068647321,0.9954949258572153
106,0.0013525699283571837,0.0009978041836124073,0.00012314375974318366,0.0005216564492959915,0.9970048256789912
107,0.015600629562884041,0.0011694997968076692,9.208995145702933e-05,0.0016767444894417467,0.9814610361994095
108,0.0027615146957375232,0.0007596700990168401,0.00019363184868704066,0.0006518408445291427,0.9956333425120294
109,0.0024624543783571297,0.0006059861939349345,9.04734924400946e-05,0.001241941372123584,0.9955991445631442
110,0.0009722412824016894,0.0005075013957606684,7.870244656872225e-05,0.0023646389242875667,0.9960769159509815
111,0.003918827146746146,0.0015374542449690214,0.00012080806452674034,0.0074598626353487895,0.9869630479084094
112,0.0020942616470034496,0.003758593658269615,0.006932267725769132,0.004810150226678495,0.9824047267422792
113,0.0017275356356171669,0.0017870650534557652,0.00045482144691517864,0.0032612504678588873,0.992769327396153
114,0.0022918914078958893,0.0009442296471208091,0.00013436290940188072,0.002571483807467867,0.9940580322281135
115,0.013304263301754818,0.001076663256500271,0.00012091356775945334,0.0014318426144765664,0.9840663172595088
116,0.007868004135855085,0.0030446851050453688,0.00031103826995534126,0.0023116274735735984,0.9864646450155705
117,0.002576394306646252,0.0026478016726972846,0.00037340584059860585,0.001019423214889117,0.9933829749651688
118,0.0014019373246781867,0.0023824808383677014,0.0002854679162706526,0.0007851377042878857,0.9951449762163955
119,0.0025507759927211153,0.002724725889627803,0.00025778392207698544,0.0006274821622470051,0.9938392320333271
120,0.006885868199349148,0.002109325086476204,0.00022234965997688558,0.0032676310427334388,0.9875148260114643
121,0.005742278125848565,0.0039331610618987545,0.0008332577140634564,0.0005798566806909938,0.9889114464174983
122,0.0015799161911736195,0.0015050514631708754,0.0001460582912268579,0.0010676391651152867,0.9957013348893133
123,0.0040505901637826695,0.0024858871588202018,0.0005175872561375693,0.002569639183037254,0.9903762962382222
124,0.0022864482767290507,0.0025362888157778596,0.0004467914797219008,0.0005110488954655773,0.9942194225323056
125,0.0020943197166294523,0.004600895294617999,0.0005423541503632267,0.0008067742287869709,0.9919556566096023
126,0.00917372650378866,0.0030366135808864345,0.0003475999160268588,0.0031576987544272863,0.9842843612448706
127,0.0031570146697874543,0.0022943295805507467,0.00018924055061410991,0.0014966042944490015,0.9928628109045987
128,0.0015689312152356372,0.004594286586247244,0.0008939669158706762,0.001912212936181168,0.9910306023464652
129,0.01101070724589702,0.004744116489653779,0.001327013982717481,0.002245532402529538,0.9806726298792021
130,0.005052603348724311,0.004874932192168235,0.000809919536104805,0.0013638634989402297,0.9878986814240623
131,0.003135931026827311,0.0021769960816664137,0.0005564068151498128,0.001411289100092844,0.9927193769762637
132,0.007962916435738052,0.0052235579810652345,0.0009168724710546362,0.003007031312551998,0.98288962179959
133,0.0027175335194207497,0.003801950611939557,0.0011990514105944337,0.0016736358380262362,0.990607828620019
134,0.002236160656904987,0.0029820552236461324,0.0004545805402537491,0.00199152078831518,0.9923356827908799
135,0.0007988694064091419,0.0016519950607986388,0.0006541977642891977,0.00043260366810587677,0.9964623341003972
136,0.0015800773430753162,0.005138076442274825,0.0015034248231031021,0.00256845091466486,0.9892099704768819
137,0.003563419775539844,0.0022156590792544537,0.0004866329146663639,0.0036787816162093903,0.9900555066143298
138,0.01050883637975843,0.002646328543412583,0.00043354428893763397,0.009994529764025472,0.9764167610238659
139,0.007716715831533621,0.00518592898418503,0.0007883622435525302,0.0026772397051350242,0.9836317532355938
140,0.011215259674910055,0.004161490909914368,0.000832567880899754,0.0018104046054524365,0.9819802769288234
141,0.01119605723289926,0.001918129263443895,0.00043357525495713733,0.0037153647391299405,0.9827368735095697
142,0.04739886775393757,0.005686287344475461,0.0003881813926849912,0.005508574831035359,0.9410180886778666
143,0.05787069498534302,0.01608633923835607,0.0005270520426825978,0.01174791614883814,0.9137679975847802
144,0.11845901455703475,0.011334947983691543,0.00023062809825891823,0.013294651758454207,0.8566807576025606
145,0.201170127357032,0.013996276526915421,0.0002677987190972411,0.02451473646083214,0.7600510609361232
146,0.5778965743103683,0.060352349079294564,0.0003519497516081071,0.11567580049951723,0.24572332635921174
147,0.22325634333314862,0.04830373421484847,0.0004391611632280383,0.050067877838292446,0.6779328834504824
148,0.3399973246836292,0.15085650180799826,0.0023138207188196716,0.15126248637139317,0.35556986641815963
149,0.17583578301773164,0.022735621652690125,0.0003806789586544006,0.1634678835103568,0.637580032860567
150,0.391966254365626,0.07844139278283019,0.0016017350926584753,0.27362667917296973,0.2543639385859156
151,0.40861487777160604,0.0720041098279852,0.0017372806151952705,0.2741737979582154,0.2434699338269981
152,0.23314854316768693,0.07011897830516492,0.0006201387509744206,0.5899306972614105,0.10618164251476334
153,0.07305400713138442,0.44106277127913507,0.004125231504751271,0.4375539376908377,0.044204052393891566
154,0.05167290067502468,0.021563916154586936,0.00038912298559757495,0.5156238599240097,0.4107502002607811
155,0.34432160072406015,0.104462778223245,0.0007711756069600709,0.4615212335201918,0.088923211925543
156,0.09691526507560871,0.49071105080933913,0.006931424943554888,0.37763675759383625,0.027805501577661033
157,0.3623366241390455,0.1212050236445713,0.001858340403097943,0.14752331266974325,0.36707669914354196
158,0.12681005637617204,0.7581112647119855,0.009704818426323831,0.06073110245117911,0.044642758034339466
159,0.22118313443476703,0.5545424545352221,0.005602742138055949,0.12782949168659688,0.090842177205358
160,0.061376083355356215,0.8700935434738821,0.00584730122985238,0.03829380795975513,0.024389263981154197
161,0.1443299020823458,0.6687559853520294,0.017700068176952292,0.08648976263014396,0.08272428175852868
162,0.22827731989012637,0.2534779621549521,0.004042382331407916,0.1613632311007734,0.35283910452274014
163,0.2390354855214617,0.6602954984442317,0.002359179077165976,0.0670887467568748,0.03122109020026576
164,0.07017395397256192,0.8949144229605646,0.0073144941091126126,0.013414235673685678,0.014182893284075312
165,0.1638532798881327,0.7723336148109783,0.00501907649301861,0.008122804073285113,0.05067122473458535
166,0.05193741522660178,0.9207063421618612,0.007745543534275807,0.004698905711512912,0.01491179336574809
167,0.020944410741559075,0.950772904934874,0.008397769418465052,0.003941258001398059,0.015943656903703824
168,0.048619143470800937,0.920498900075214,0.015396065082531109,0.003458024566832638,0.012027866804621333
169,0.02668388119276981,0.9363836940569874,0.0246454242848719,0.004819112319136772,0.00746788814623412
170,0.026561752460484346,0.939110288037063,0.019185631208683752,0.0034019122930470246,0.011740416000721864
171,0.35714774726297344,0.43958887422901155,0.010983250998600216,0.012091692389307868,0.18018843512010704
172,0.13696004900257575,0.8359600348640851,0.007916850050275955,0.004450827164533516,0.014712238918529854
173,0.006712161941855188,0.9432199836832357,0.04594419451755106,0.0010739870736697166,0.0030496727836883293
174,0.22812201257441658,0.7291952451726421,0.010649019711652278,0.004955004717799717,0.027078717823489105
175,0.016689756923081115,0.9424153466163218,0.0340315168663001,0.002905964996874326,0.003957414597422602
176,0.1051880951012663,0.7725088221406624,0.021248412940866383,0.010720085683185636,0.09033458413401928
177,0.048568267372861844,0.9060444943250308,0.0378733120902285,0.002431310231765595,0.005082615980113159
178,0.0986861344281542,0.8771098457176436,0.010758980433299963,0.00427116998079843,0.009173869440103675
179,0.014898644102714468,0.9175122836553081,0.06458252084572753,0.0007038440277011745,0.0023027073685485673
180,0.14547860444161914,0.82558793311144,0.012207138536230266,0.007266575571923713,0.009459748338786962
181,0.030843164084476595,0.9200205704686958,0.04490212665231239,0.0016581357119291886,0.002576003082585988
182,0.012716754046079592,0.8091177186277081,0.17371127862519983,0.001333155681304244,0.003121093019708155
183,0.04100924805015484,0.9128030726883267,0.04127085438381337,0.002246215927519108,0.00267060895018575
184,0.04804239332635807,0.9272549978034719,0.019019114009198555,0.0020737561513280616,0.003609738709643407
185,0.0021718238130608385,0.6058018705890753,0.39064238393237893,0.0008068823335537625,0.0005770393319311313
186,0.09749496917768549,0.8848108892484116,0.008667234362066716,0.004764538172473996,0.004262369039362156
187,0.017351152604236128,0.9006326089166393,0.07874446316506106,0.001093169021462451,0.0021786062926012644
188,0.008151071275339379,0.9083720219249202,0.08013192561496967,0.0009508088815252591,0.002394172303245398
189,0.004001801720494272,0.7059267284707905,0.28860977735901805,0.0005478972743504571,0.0009137951753468173
190,0.015219361244317864,0.8554040845485122,0.1256220131180816,0.002051630908593861,0.001702910180494368
191,0.005142755805804653,0.7485429602313945,0.2444570017538542,0.0005811954771587672,0.0012760867317878782
192,0.0024312564022530192,0.8338048258326213,0.1620131922490828,0.0009232623710232764,0.0008274631450197431
193,0.007071770986389898,0.8285459133331727,0.1621876179307684,0.0009709800646446216,0.0012237176850243379
194,0.008422840064064775,0.8664796698315312,0.12267155833503456,0.000809538663945336,0.001616393105423848
195,0.0019053261304134068,0.5388333599421805,0.45784458857352905,0.0006667434819953993,0.0007499818718816327
196,0.09100299557935128,0.8899994671351065,0.011575350490789395,0.002249100120567748,0.005173086674185016
197,0.023280508954024927,0.9315229834218725,0.038095211955719174,0.0010183476077217837,0.006082948060661592
198,0.01678826894166896,0.9643595777708075,0.015232153580689706,0.0014752934632106078,0.0021447062436234015
199,0.03411531532958342,0.954154614039168,0.008199407068286842,0.0013141804015158421,0.002216483161445772
200,0.004216824740788357,0.8728094884022637,0.1212090038697506,0.0011343712849099356,0.0006303117022874427
201,0.014080395570429519,0.9451346001603628,0.03745976808860275,0.0014391046062275069,0.0018861315743776363
202,0.0018987918454189383,0.8982943259241412,0.09725071424420287,0.0012969700398653065,0.0012591979463717842
203,0.0027605539362080623,0.9086520320619348,0.08562579753389128,0.0018639093360711056,0.0010977071318949594
204,0.013223159157497255,0.9554837535663743,0.010874558043944082,0.008561247842512217,0.011857281389672333
205,0.050370731007785274,0.8357167005625807,0.0041211652772698065,0.10166282862703505,0.008128574525329089
206,0.04957769425651915,0.7557245746841624,0.005264027968992508,0.1771848937475082,0.012248809342817676
207,0.047645780281815625,0.11070317303666662,0.000966982210863082,0.732304138776537,0.10837992569411772
208,0.0378028751001291,0.09888050572509736,0.00043824989667648034,0.8590718110136706,0.0038065582644264515
209,0.01766433511495227,0.004269652009495783,2.6668411350716472e-05,0.9734756971882317,0.004563647275969675
210,0.010224913729620639,0.004846196725686738,1.0630585735060437e-05,0.9835580998792741,0.0013601590796833139
211,0.016741946523816463,0.0049728780220596215,1.3050601033310083e-05,0.9732476378035477,0.005024487049542855
212,0.05879505615618863,0.01125180549481617,3.07680921499477e-05,0.9229586040052462,0.006963766251599076
213,0.023077230857436192,0.012094380136697579,3.275520209792372e-05,0.9595235268128223,0.005272106990945978
214,0.017436259566868794,0.005286116957733282,5.361830652339413e-05,0.9680888336932253,0.009135171475649293
215,0.008825419759186161,0.001306679558571456,9.425623883091368e-06,0.9858849379737712,0.003973537084588263
216,0.010583279399697249,0.005111824214481361,2.631280148988933e-05,0.9808466083151238,0.00343197526920771
217,0.008078081284798207,0.003468528979030662,1.1822331743908006e-05,0.9869026018244175,0.00153896558000977
218,0.008426568957579912,0.0041003726189023084,1.0882815018629071e-05,0.9807937724219341,0.006668403186565044
219,0.009682982083086752,0.007269370669286328,2.1841231684211404e-05,0.97981865319074,0.0032071528252025413
220,0.03693833110332459,0.010482077507330559,2.4392492816004967e-05,0.9254288312832594,0.0271263676132694
221,0.029395041328549743,0.0074201342254935345,1.4653739600110839e-05,0.952352353143006,0.010817817563350665
222,0.04551782443014041,0.02313940324368996,4.6635513235500137e-05,0.9150238161099359,0.016272320702998326
223,0.037661770801492786,0.01807353667603789,0.0009128498100321801,0.8836615562171114,0.059690286495325776
224,0.03924768043391811,0.0037749097868171274,6.427935066417475e-05,0.876000095106356,0.08091303532224448
225,0.03854048843442082,0.005967591010115354,3.473987277626292e-05,0.9345372783168502,0.020919902365837465
226,0.033534709994577326,0.00898552512341353,0.0002084587992508936,0.1319383855780329,0.8253329205047254
227,0.14998338612105522,0.06646567644528054,0.0009284047818337702,0.20910202348779547,0.5735205091640351
228,0.31691911937226985,0.025622893855778994,0.0002932979494725925,0.1776888593347501,0.4794758294877283
229,0.3146497317436602,0.0697560569701316,0.000880823219425666,0.5335231101978595,0.08119027786892324
230,0.16242673333938407,0.04391655412843498,9.70812435739515e-05,0.7052257544124089,0.08833387687619815
231,0.18158402407716545,0.03931719020935797,0.00025579063469666045,0.40797112452107576,0.3708718705577041
232,0.4074440237838262,0.08586105566411234,0.00021132333413908925,0.462877137426769,0.04360645979115329
233,0.25969359013026877,0.05393230087841221,0.00026898798716994333,0.596900312461929,0.08920480854222007
234,0.0514213622430603,0.01347121764482763,0.0005600455799196752,0.25881766125579964,0.6757297132763926
235,0.07632234780646982,0.013969087641102749,8.601591891865269e-05,0.8950831550403797,0.01453939359312904
236,0.16462909711007323,0.022323560427234667,0.00013263102912349685,0.761047283472047,0.05186742796152151
237,0.19136836817650124,0.050311681973554734,0.00020649985986727115,0.7121081974908351,0.04600525249924171
238,0.1882107906498997,0.03827958033610068,0.0001579138939127401,0.7323082131376173,0.04104350198246966
239,0.35213316351495705,0.09123322658981715,0.0006943168412704709,0.48054994868098666,0.07538934437296878
240,0.29529682174972693,0.08522961930939392,0.00029283774601361964,0.5909045620850508,0.02827615910981475
241,0.23239579906021746,0.28601965523406647,0.0018998296476715026,0.44181967608945033,0.03786503996859414
242,0.08258856400690792,0.8000125008618094,0.0010450313145674464,0.11108009363617259,0.005273810180542646
243,0.3094093076032914,0.29124454453560605,0.002016775056135324,0.2702362562556794,0.1270931165492878
244,0.10581146062237423,0.8061328837185859,0.018784396449200717,0.057552530639317936,0.011718728570521047
245,0.2528383619253653,0.5399785389702539,0.00304892494710652,0.10980172117050915,0.09433245298676508
246,0.029406681225587757,0.9619509694725273,0.0035912029437224105,0.0019158131889652893,0.0031353331691970233
247,0.08419991375279673,0.8900594068469174,0.003673833114998778,0.0061117597052201145,0.015955086580067
248,0.020516488639944583,0.9567790219934023,0.01878326603336214,0.0008782927845468139,0.0030429305487442207
249,0.015147342915082134,0.9781431100448958,0.0033501011607732748,0.00213881847307031,0.0012206274061782813
250,0.026841454437909792,0.9566568907915162,0.011771988535458225,0.0018250725546502375,0.0029045936804655975
251,0.00351146536264159,0.9504521834473334,0.044946103589489424,0.0003408157158178543,0.0007494318847178236
252,0.053248923290809574,0.923983799474019,0.01618277675080489,0.001094939155272655,0.005489561329093822
253,0.00506387353812429,0.9123713138452045,0.08123674530408416,0.00018343795599153574,0.0011446293565956513
254,0.01596933782308649,0.9623270143421466,0.01939715283736084,0.0005169482200131728,0.0017895467773928282
255,0.007289948755462118,0.9688371650117845,0.022285214583645345,0.00021111250932174486,0.0013765591397861764
256,0.0020261723281061656,0.8575973914192961,0.13943546221847997,0.00040473349365041894,0.0005362405404673046
257,0.005304740560726486,0.8961686029672913,0.09681065090734187,0.0006121777052365386,0.001103827859403789
258,0.0034656130472939164,0.8721962664883152,0.12214189708527631,0.0004477309880623252,0.001748492391052125
259,0.0012337750557169884,0.5207664689012499,0.4756276554883881,0.0006553929917156324,0.0017167075629294316
260,0.0009106711318138119,0.539994698520319,0.4576817024321984,0.0003410202020472135,0.0010719077136216353
261,0.003911566224286303,0.4766337555047135,0.5161029273167402,0.0007351641772158058,0.0026165867770441397
262,0.0023590251042740003,0.4295541223065532,0.5661066779331959,0.0002972536379727462,0.0016829210180041236
263,0.0032812414521237046,0.6133868917444933,0.380033913352382,0.0005267502405169223,0.002771203210483985
264,0.0011874248770577577,0.4752074778327112,0.521766041286494,0.0002327734153750495,0.0016062825883619172
265,0.0018354596722900676,0.5527778540110125,0.4426472262744011,0.0005172478487927876,0.002222212193503545
266,0.0003838136782188566,0.3844930839703314,0.6138485168870622,0.00014460554414186215,0.0011299799202456697
267,0.0009117397313145598,0.6031855936953628,0.39327054559125857,0.0003460774630733208,0.0022860435189908223
268,0.0009457386776747888,0.2613969488863127,0.735502467126646,0.0002735453014810055,0.0018813000078854575
269,0.0004173162488486444,0.16988934928900234,0.8284990511382628,0.00012224731261110353,0.001072036011275157
270,0.0014965678582121815,0.6574840267013893,0.3385075739538517,0.0004793079537989296,0.002032523532747788
271,0.001027388334354443,0.351331013232905,0.6454390583677596,0.000458827538635047,0.001743712526345825
272,0.0006808541711199669,0.22128672799362203,0.7769065848544756,0.00015885267947938843,0.0009669803013029041
273,0.0015511962756160967,0.2161571252424087,0.7793104912352569,0.00042017512557141845,0.0025610121211468795
274,0.0013900620657738751,0.27459111635269273,0.7213640448028829,0.00031376999465240665,0.002341006783998103
275,0.0036974881076412133,0.5212195257889743,0.46951438209485313,0.0009118253589109664,0.004656778649620347
276,0.0022415729163330887,0.2572745638192813,0.7383863810089454,0.00035520804794052165,0.0017422742074997915
277,0.004663053930067953,0.5790629517545209,0.41249586114557135,0.0008319810906978929,0.0029461520791419153
278,0.001433107125490987,0.5804824477470985,0.41612044533551945,0.00048010130239745894,0.0014838984894936973
279,0.001854850618780636,0.3031230669751516,0.6933735248481889,0.0002546902014318597,0.0013938673564470804
280,0.02266567842681976,0.6369497043003056,0.32968827500332143,0.0023966924045874436,0.008299649864965664
281,0.0029728687534442246,0.5062293418995388,0.4883639170502805,0.0003743869589199439,0.0020594853378165406
282,0.001891936080273704,0.6471503064925525,0.3487244897134339,0.0004067721320694715,0.0018264955816702944
283,0.0037531325089646054,0.21384243266491568,0.7802989056453884,0.0002450500612073857,0.0018604791195239972
284,0.0012653045545849078,0.28566841691467204,0.7117184871109768,0.00024349920515934472,0.001104292214606747
285,0.0006202029095600218,0.17994388040106687,0.8179455180864098,0.00023616417250067333,0.0012542344304626945
286,0.0006279532175498293,0.16376119076610654,0.8344494029277847,0.00018226327627678338,0.0009791898122821676
287,0.000597079351050457,0.1470369992672495,0.8512044523209699,0.000174224217711584,0.0009872448430186759
288,0.0015683616867029767,0.21905233470551508,0.7764251049507196,0.00046215799907442355,0.0024920406579878145
289,0.0002603611032524116,0.09679275740800519,0.9020347916241684,8.891365089208888e-05,0.0008231762136817458
290,0.0012998211726238551,0.12651864402423704,0.8698830957104945,0.00028549511068579335,0.0020129439819586504
291,0.0013290700070371514,0.2870796079909187,0.7084985424792861,0.0006014397614997686,0.002491339761258158
292,0.0019218324484815317,0.32665426661787755,0.6682951740743821,0.0003954720168412867,0.0027332548424175056
293,0.0006277585292061557,0.21991990280461696,0.7776165922173421,0.0001925091050400607,0.001643237343794822
294,0.002882349029225013,0.15249785856026166,0.8410356369837722,0.0004242885189315024,0.003159866907809789
295,0.002255246498039979,0.26986850004196167,0.7181664990219431,0.001050091759361724,0.008659662678693537
296,0.0034700716931920996,0.3952071953362299,0.5951186270409037,0.0013200578821262953,0.004884048047547981
297,0.0010243157627073424,0.21530008518589772,0.7819468243442294,0.0003320713644438714,0.0013967033427217024
298,0.002378365930476687,0.2540100457150779,0.7395973819656195,0.0005598072209972311,0.0034543991678286034
299,0.0018546851899672616,0.3414896543288292,0.6539141391383393,0.0004200002795069352,0.0023215210633572357
300,0.000727459609503559,0.17662043562149055,0.8214729342864264,0.00011502335893465487,0.0010641471236448171
301,0.0003550602667124391,0.06376210459538839,0.9347863879405783,0.00010736044650443277,0.0009890867508163118
302,0.0005401703901367069,0.12411770468947121,0.8737570155012786,0.00022265402378185558,0.0013624553953316943
303,0.0005188009523156494,0.11368469542870935,0.884597765752716,0.0001497618979767772,0.0010489759682824294
304,0.0020271299661182413,0.4203956799524412,0.5725367721380707,0.001371844827815027,0.0036685731155547225
305,0.0019442535592789044,0.13307433137590705,0.8622854192873755,0.000590394758041949,0.0021056010193967966
306,0.0015484465778736,0.23371179510662138,0.7617247617544456,0.0004945705229751636,0.002520426038084217
307,0.00044814817670414144,0.11337770313641446,0.884517662393929,0.0002783559488954303,0.0013781303440569916
308,0.0017143373163623216,0.21789040984620336,0.7753236516428827,0.0006322106154650465,0.004439390579086651
309,0.0036454743545226978,0.5353635232694226,0.454738296153127,0.0011025168777620662,0.005150189345165536
310,0.004392046840900143,0.6483677464557824,0.3414038383103952,0.0017812597594333878,0.004055108633488575
311,0.0026952260153359623,0.41694276643613454,0.5751640829667002,0.0017384773592391146,0.003459447222590078
312,0.0020213693930509007,0.28780901805790415,0.7044684382834127,0.001722924299136768,0.003978249966495503
313,0.003333707482766177,0.2817792577437026,0.7039967694087623,0.0028766828302815716,0.008013582534487335
314,0.011329264707681889,0.700345568398309,0.27293030720339917,0.008688517887705121,0.006706341802904931
315,0.06254588449676293,0.8329321886039643,0.04331100770896416,0.04000823875175002,0.021202680438558556
316,0.16728688136362307,0.49741945406821686,0.003600805105898917,0.3085353697994122,0.023157489662848984
317,0.09382910408679375,0.20663440616555312,0.0011515276381630008,0.6383499118205861,0.06003505028890404
318,0.08843736433913879,0.06903657938500243,0.00014286779731692713,0.8300990889147144,0.012284099563827358
319,0.05577546637287347,0.08008656320261096,0.000127053384271624,0.8568702837075463,0.007140633332697888
320,0.032504339648352934,0.05222178889453177,9.686528879465604e-05,0.908427782058603,0.006749224109717756
321,0.016407990038456655,0.03250893508740646,9.978756163373596e-05,0.9472695665160492,0.0037137207964538766
322,0.015962830851380522,0.035315398745907604,5.12233307763199e-05,0.9454431101069998,0.0032274369649357825
323,0.012505966274524358,0.03681284490482603,4.4217819203445416e-05,0.945795292556674,0.0048416784447722645
324,0.01457955303986914,0.020136355289633857,0.0003268651254224076,0.9561185579470967,0.008838668597977864
325,0.0163726448216201,0.0077499556844168776,9.756212219557309e-05,0.9712968522439239,0.004482985127843521
326,0.01537539471138985,0.00909423730801632,7.40937529396111e-05,0.9710255559163165,0.00443071831133778
327,0.017902239394008704,0.02200652935657309,6.276198825463191e-05,0.9548035805600913,0.0052248887010723
328,0.01219595410292754,0.04637999815284131,3.748780537294838e-05,0.9371409866013536,0.004245573337504625
329,0.034410530700257166,0.03386870661953958,0.0001662760901076323,0.866908832356417,0.06464565423367857
330,0.020037522208832516,0.01780696866558137,3.340925427551874e-05,0.9590986992015462,0.0030234006697642756
331,0.06313902831552445,0.027086671478430108,0.00021051287295233948,0.8826049801864577,0.026958807146635504
332,0.0535021589635391,0.011480524415549068,8.444397155308929e-05,0.9259369879790905,0.00899588467026816
333,0.03233127468143564,0.02710112995640215,5.010510220947022e-05,0.922154718906419,0.018362771353533598
334,0.01754555819462948,0.013233329281342795,2.278888266506604e-05,0.9615952716905571,0.007603051950805443
335,0.047749156437572625,0.01433904505360815,2.8422456465221104e-05,0.914455138563535,0.023428237488818875
336,0.03612136839574292,0.015038981472923861,4.5112778754855616e-05,0.9425112360777163,0.006283301274862046
337,0.03421903024898866,0.023496347118305408,0.0003105131994935906,0.8631419648271028,0.07883214460610939
338,0.0370182434240928,0.013304477470285844,7.869795644342954e-05,0.9416985214991379,0.007900059650040162
339,0.053036141969234514,0.02265772426387614,0.0001146085131455848,0.9100665525153749,0.014124972738368819
340,0.0266608926833182,0.03354652598621469,0.0001337557788957735,0.9359692549755315,0.0036895705760397524
341,0.03467789037013823,0.005396273239685185,0.0009873451465643697,0.0854841491379912,0.873454342105621
342,0.16037456713228568,0.04671203153504308,0.0006652720795736601,0.6790647635681724,0.11318336568492532
343,0.11618812963899657,0.061441361581368974,0.0010895658818540351,0.6507042454304769,0.17057669746730356
344,0.13352861010939973,0.06332468797791954,0.00035659596195383047,0.4394362805238846,0.3633538254268423
345,0.035674925622748384,0.02182363291236591,1.7737384753466832e-05,0.9367562345345551,0.005727469545577029
346,0.023368405496431318,0.038451843083833745,6.0747911035771636e-05,0.9214506460987577,0.016668357409941555
347,0.03518750847757506,0.01355700962191802,1.4005273635653252e-05,0.9410192038384114,0.01022227278845998
348,0.04615538168536407,0.011415920076046991,1.898283544409581e-05,0.9191980407827737,0.023211674620371086
349,0.027228316994279737,0.008152218753928953,5.236230749848336e-06,0.956987987393882,0.007626240627159305
350,0.03262941804678832,0.018680431323021596,0.00010253597439911006,0.9357286588490095,0.012858955806781674
351,0.027972152572075182,0.012604865604317733,0.00010905946906727854,0.9557188595176642,0.003595062836875398
352,0.09656474990097352,0.011172392632244286,0.0004273672642230525,0.5685466128019492,0.32328887740060985
353,0.17869508185412597,0.018540567824235767,0.00029454899867397674,0.6627285371391144,0.1397412641838498
354,0.15221607594322617,0.023625503245272284,0.0005851455177010704,0.7337342695802429,0.08983900571355756
355,0.19558335516586267,0.04667327342556514,0.0005396045263160054,0.6987805467533459,0.05842322012891038
356,0.03556735207978051,0.016638418236273864,0.0006554787222609714,0.912851747993753,0.0342870029679317
357,0.0407437590040364,0.005853070645647114,0.00040087697776645075,0.9324650147411913,0.020537278631358846
358,0.0573243483682032,0.010492535025591576,0.0008491389821958855,0.9224836408355501,0.008850336788459243
359,0.03176402026496878,0.0191558840949722,0.000991419485603188,0.8897872681089096,0.05830140804554616
360,0.040646118782187005,0.013676645215968598,0.0017225082849489013,0.9083780698548901,0.03557665786200549
361,0.01393241016997402,0.014063587773447189,0.0004479663278658594,0.9555808902609746,0.015975145467738497
362,0.06646633068328187,0.01356703765303635,0.0007234420138645221,0.7974484341211877,0.12179475552862953
363,0.02408479395906615,0.0036958267246321452,0.00013389139303424477,0.9290339344856794,0.04305155343758813
364,0.01667200569954867,0.004263467701505647,0.0002189277683760525,0.9725830395104426,0.006262559320127154
365,0.04050343018865574,0.0024968374165296224,0.0001234430780426236,0.9486887838513786,0.00818750546539336
366,0.02950821139683832,0.006245505095985031,5.0991299355715035e-05,0.9576860365123261,0.006509255695494936
367,0.06314909305676075,0.006847869719907767,0.00017856208074680887,0.8404601453428442,0.08936432979974043
368,0.08453068895462411,0.010207889927541038,0.00010280936726972484,0.7599592093083134,0.14519940244225182
369,0.0921235996679095,0.023913135030933525,0.0001862356076275239,0.8454045557691495,0.03837247392437983
370,0.06899187212014803,0.01920062320015863,0.0002958786030876199,0.8956860746589552,0.015825551417650588
371,0.016344841015451562,0.011952861666288466,0.0002847854969425789,0.9618770818174303,0.009540430003887218
372,0.04578836673525364,0.040461715427834756,8.848262588988499e-05,0.881341910351345,0.032319524859676776
