epoch,N1,N2,N3,R,W
0,0.0009823722802053641,0.0008788668018229516,2.328474377823891e-06,0.00021317277052648712,0.9979232596730673
1,0.0005711998645511212,0.0007709334245339351,1.9502721429394075e-06,0.00015438026061496003,0.9985015361781572
2,0.0059122670497816264,0.0037555044960297123,5.292171530088232e-06,0.00025908736373951694,0.9900678489189191
3,0.002123889612822365,0.0019668506738165876,3.7135633184002498e-06,0.00024304824093656472,0.9956624979091062
4,0.015947460108841818,0.009250368757897342,6.4568950846245635e-06,0.00047791207841613203,0.9743178021597602
5,0.011542573438471222,0.008983456326329808,4.416661567655436e-06,0.00030222635609372314,0.9791673272175376
6,0.012456976538738585,0.004171043176451846,2.2220100844176874e-06,0.00038544858910320853,0.982984309685622
7,0.002387815765481243,0.015062170222493792,1.548960298237416e-06,0.0005122923052754297,0.9820361727464514
8,0.03536324670773196,0.019343951170375823,6.21080760622183e-06,0.001036711298410003,0.9442498800158761
9,0.026447489637464752,0.008784133668509678,3.975541735120334e-06,0.0011633330538919143,0.9636010680983985
10,0.04304299655863038,0.010536534133215585,5.6361162744983905e-06,0.0009350363759022831,0.9454797968159772
11,0.03895136546007593,0.019955896998512967,9.479710105667508e-06,0.003217279419367325,0.9378659784119381
12,0.043006515401776635,0.06720728857104484,1.3355939139816058e-05,0.003496465915764702,0.886276374172274
13,0.06288554723753859,0.04901199036415857,2.3156168475699666e-05,0.008891762649309593,0.8791875435805175
14,0.028355416626726915,0.023075419462808906,6.89809349980565e-06,0.004187544851345426,0.9443747209656189
15,0.027820540273453074,0.01814992151771348,8.80482575304886e-06,0.0044104964365244935,0.9496102369465559
16,0.02592105088073063,0.016127721832551428,9.254617271146247e-06,0.0024002553690271426,0.9555417173004197
17,0.10655315907674653,0.08897693630000661,2.2839113676092037e-05,0.013328911019618278,0.7911181544899524
18,0.08303334160724263,0.05330314751831383,1.525291278389346e-05,0.006614569170870949,0.8570336887907887
19,0.011102526283811488,0.01693374607107057,7.963194360018881e-06,0.0005475944193421525,0.9714081700314158
20,0.11888322849181211,0.08334629880540621,4.4901381518666136e-05,0.009568324518626974,0.7881572468026361
21,0.12431662403753671,0.1336575912466105,2.897646830923511e-05,0.010779804580883188,0.7312170036666603
22,0.07481155988987531,0.12020847237286644,4.390174678977942e-05,0.0030696894821620434,0.8018663765083064
23,0.13961101437888326,0.14149527360117925,4.2613184972614496e-05,0.013719622052907963,0.7051314767820568
24,0.14875449101502672,0.14384982178892325,6.794123055776075e-05,0.028830764963120047,0.6784969810023721
25,0.14066914094122066,0.285751610143527,4.6892733280772865e-05,0.0180277912993058,0.5555045648826658
26,0.1708006797844763,0.22750231427034082,9.178931806703754e-05,0.05754860018882384,0.5440566164382921
27,0.1537648927787178,0.4750038514086797,8.553932157519861e-05,0.04300668230362835,0.328139034187399
28,0.031163288222654864,0.040132524368145336,1.5932646521325858e-05,0.0029312478541282548,0.9257570069085502
29,0.1386324446259471,0.3871177875301517,6.700870851762338e-05,0.018064799084537123,0.4561179600508466
30,0.15865023269268513,0.46336319663832953,8.482445439130816e-05,0.03434519717200402,0.34355654904259
31,0.16227871687398418,0.5244237975825957,0.00028709309288237875,0.023077450481283974,0.2899329419692537
32,0.046612724213099484,0.38069184620728935,3.56578535953734e-05,0.004187627413221494,0.5684721443127942
33,0.05840672985463083,0.8566582002101564,8.84533376121671e-05,0.009211580270527613,0.0756350363270729
34,0.09227959522972598,0.7461448073864405,8.50274659750621e-05,0.028447269104553297,0.13304330081330512
35,0.09020087325995076,0.7605667758004725,0.000101906547032422,0.026419463916448144,0.12271098047609628
36,0.040974721329972305,0.8865353309668658,0.0008883205675615597,0.009791287494865141,0.061810339640735054
37,0.06155195865701297,0.8419464534040351,0.00032367749257445884,0.01609584511907331,0.08008206532730411
38,0.10918564063199179,0.69733289746091,0.0006113879745724948,0.03421780228533882,0.15865227164718687
39,0.16862894739298537,0.49271112423856733,8.502239176575631e-05,0.05867556303238473,0.2798993429442969
40,0.18688519147880658,0.5977836163269822,8.622918344092158e-05,0.043863795573833894,0.1713811674369363
41,0.10476812355654774,0.7295775027525491,0.000226204328486654,0.04424830369064172,0.1211798656717749
42,0.08499579379341424,0.8096690608663161,4.423152249095451e-05,0.02757196158804496,0.07771895222973393
43,0.058551911085731725,0.7150237285558703,5.695408526939533e-05,0.007342048791462259,0.21902535748166635
44,0.1817848655934388,0.6746453852048786,0.000588951036947664,0.017543155940536726,0.12543764222419834
45,0.03388178636743843,0.889599154085008,0.0003339631054922776,0.0028660728961413143,0.07331902354592003
46,0.06370257477859714,0.8765748919524631,0.00029525850775922937,0.015207319632636121,0.04421995512854438
47,0.05456288075646908,0.8995097823065583,0.00019198300882980086,0.008435873637343628,0.03729948029079935
48,0.09902244717005808,0.8285290826336675,0.0005335743253455573,0.011085735581477397,0.06082916028945126
49,0.034841825832047243,0.9455675645902134,0.0005029256591087256,0.0030930985976577417,0.015994585320972914
50,0.08182263244732202,0.8741901881542108,0.0013112876562696408,0.0007966466087489984,0.04187924513344855
51,0.11654445864217912,0.7933047983590741,0.038114103952766064,0.0016546456199238726,0.05038199342605693
52,0.13250768343929828,0.6696139454630198,0.04355777400042071,0.007638532989542791,0.14668206410771847
53,0.11067785854289527,0.7090546325236841,0.09239555623198595,0.010076566807810213,0.07779538589362445
54,0.07018280160427491,0.2331158350711074,0.0042727691358537155,0.004244314748101816,0.6881842794406622
55,0.15927240026346323,0.19169828355744617,0.021431836271277486,0.010147955982232771,0.6174495239255803
56,0.2957905659924568,0.48639548500042656,0.0506997701346474,0.006320112838715844,0.1607940660337533
57,0.15231443766009353,0.6793430870665111,0.03421175825494314,0.0032449956809446887,0.13088572133750742
58,0.09944103441036105,0.44537182125758285,0.07263120376264749,0.01614297869799352,0.36641296187141514
59,0.05722302317178674,0.35387764526468324,0.12562905941042857,0.01695130625168785,0.44631896590141346
60,0.06499800301811685,0.12638586861173368,0.02399360849229303,0.002701428570387412,0.781921091307469
61,0.12219769326980662,0.2555353098624556,0.1082056964297672,0.009124222188189741,0.5049370782497808
62,0.10013583093097059,0.2725482217645464,0.14657121833209752,0.009134834185926071,0.4716098947864594
63,0.08389161504545607,0.21919654577949602,0.13615173122644272,0.011263824101237524,0.5494962838473677
64,0.05328000923135247,0.2681498273446194,0.1103630891412869,0.016480270882558486,0.5517268034001828
65,0.08612483462388965,0.11312707133540492,0.044540280934350925,0.011719068761696972,0.7444887443446576
66,0.0751795122591178,0.2674366172074554,0.3242801239559952,0.018466452351420744,0.314637294226011
67,0.06118551053903672,0.263748382162315,0.28803563600902504,0.019064093370386392,0.36796637791923686
68,0.04260783506257716,0.3282893826661911,0.4741738811464922,0.013246272596463505,0.1416826285282759
69,0.036513344024235825,0.30969628225003626,0.48805244140443443,0.01789166060309618,0.1478462717181974
70,0.023523581731408977,0.21535829496430478,0.5894319320354537,0.01828286680270474,0.15340332446612776
71,0.07094515865723014,0.35878577892174623,0.20843018217366316,0.05131360126559388,0.3105252789817667
72,0.04642344726440096,0.3245797324481474,0.3593127478773749,0.019431201898301484,0.25025287051177525
73,0.06971102439177859,0.5075454008626165,0.09154891168411183,0.016994766991214844,0.3141998960702782
74,0.13173518322203656,0.3782898656866886,0.14538960128437037,0.036351994938663854,0.30823335486824066
75,0.08844286300857665,0.45750928484548037,0.1498350483003723,0.022088206834064077,0.28212459701150655
76,0.0017312409612733166,0.003365990378878047,0.0008397970513787426,0.0001509379622572443,0.9939120336462127
77,0.15920323585431778,0.3190643071093474,0.030010593759734378,0.013852426058359462,0.477869437218241
78,0.13966411733466386,0.7416417840729653,0.05219690719407293,0.005422797484307896,0.061074393913990076
79,0.2503023307538421,0.4214514671108182,0.02361616504459967,0.003066734544292496,0.3015633025464474
80,0.14346088853726632,0.5376853252358104,0.05502973993083601,0.0352507420050903,0.22857330429099693
81,0.11824257856497362,0.5044376741750273,0.0729293723732999,0.020162474449200468,0.2842279004374987
82,0.1556253283994699,0.6548056489818972,0.057015442024071404,0.007272597148857572,0.12528098344570385
83,0.17269122113959334,0.6619215325787666,0.06750222208273053,0.006641460300634067,0.0912435638982756
84,0.10888427086145497,0.777485011278108,0.05914468948090911,0.004771831192824373,0.04971419718670348
85,0.139730645668829,0.6605529888988543,0.05681572253488469,0.02062620984924661,0.12227443304818543
86,0.09281979175207655,0.7274278066217349,0.11641105203999406,0.004277964858730366,0.05906338472746423
87,0.17179053006595316,0.32017365754246746,0.02462910015858192,0.01895179241029463,0.464454919822703
88,0.1169079180311441,0.6222513874875581,0.09511500540779465,0.034786098049726405,0.13093959102377667
89,0.06893204387651389,0.5711351551965077,0.2044766181788069,0.027958071353472495,0.12749811139469905
90,0.07914735286508427,0.6568187637564615,0.17719091448855934,0.017639184999982915,0.0692037838899118
91,0.1197495843271548,0.4487484469016626,0.1317721019750707,0.020518334483070125,0.2792115323130418
92,0.145521009760772,0.681525251741912,0.08781056559163623,0.010441365696840019,0.07470180720883966
93,0.12748769297493906,0.7041271794960735,0.08475101737796627,0.015341780818170543,0.06829232933285072
94,0.07221220487405292,0.7118614790360278,0.15170134826217824,0.010934398723477661,0.053290569104263316
95,0.14745854764483324,0.29566226118992645,0.0706712052572752,0.049855909733105344,0.4363520761748598
96,0.0774364844470034,0.5946720964607183,0.11091971037730469,0.02713744549487241,0.18983426322010125
97,0.09564408442885092,0.5093538754466892,0.1743050250984642,0.04504260289392141,0.17565441213207422
98,0.019497828992134345,0.02335429787255537,0.005470783567232725,0.0025714603158866396,0.9491056292521909
99,0.1546786161358196,0.32324702921895804,0.03599239324131343,0.03582489717837881,0.4502570642255302
100,0.14140214199213383,0.6975165936885795,0.06920379617883425,0.008163988897010086,0.08371347924344232
101,0.1743155166552415,0.32015143449963057,0.03583805700070337,0.016199138349467256,0.45349585349495725
102,0.14826113038877106,0.6034038613826889,0.09202542741701743,0.02059922184273659,0.13571035896878605
103,0.15014334417277525,0.42339535422862795,0.07846902558830011,0.04962195860132431,0.2983703174089722
104,0.0951390587167783,0.4955767287517345,0.1306233755784159,0.0293397477267987,0.24932108922627264
105,0.07402329543100383,0.5714746431971741,0.13121746949987592,0.02143688429440705,0.2018477075775392
106,0.07757163394822776,0.43703471304687347,0.22248055840383818,0.04425560847044806,0.21865748613061245
107,0.06796756064798107,0.6771780543011579,0.18046980626334277,0.014494191008547683,0.05989038777897061
108,0.15438526556177842,0.5806993616793154,0.0878562333376368,0.05224654675477413,0.12481259266649522
109,0.056496810647754754,0.560132061151964,0.29134028293292685,0.03588220982494931,0.05614863544240504
110,0.124880043236382,0.5609645305001983,0.05159334502207479,0.04764661797085634,0.21491546327048855
111,0.11375798672679024,0.6726706823060864,0.1594783463594827,0.008078601946399751,0.046014382661240937
112,0.058253436942707106,0.7040369376096567,0.18677433127844065,0.007281102037496421,0.04365419213169911
113,0.06278430635481067,0.6765599462571706,0.19170900310273822,0.01442388122282194,0.0545228630624586
114,0.040118147186862206,0.5153187587188004,0.40239493256990955,0.018669940495038187,0.02349822102938966
115,0.06779639384142443,0.6713446116836791,0.13876351289374017,0.027327794197236886,0.0947676873839195
116,0.0970740747559874,0.5858642400816649,0.09645043759157754,0.03474036001031214,0.18587088756045794
117,0.06291301855089557,0.7337803285364445,0.1630794684057372,0.00457644341831853,0.035650741088604235
118,0.07189295045687578,0.6596720592987917,0.17755530082456183,0.03772079098926468,0.05315889843050601
119,0.0560650299407696,0.5850413038902695,0.29453388782419665,0.023976623228690045,0.04038315511607411
120,0.04774959989989292,0.5028411496334702,0.31951946274979404,0.02738356710732888,0.10250622060951399
121,0.07176593298796592,0.4399575029181367,0.32526156168248455,0.042786673170983856,0.12022832924042925
122,0.06226174255272323,0.48306500568643707,0.24511115721962454,0.0322486047279902,0.1773134898132251
123,0.06366145745273008,0.5446832214932685,0.2467700032216834,0.03477254217493414,0.11011277565738373
124,0.042237835553678785,0.368932522639232,0.4849234639554076,0.0204867774386747,0.08341940041300684
125,0.05832781216949182,0.5076297269377706,0.36031785328231514,0.025164615496034333,0.04855999211438806
126,0.043727595318189635,0.35142219086676646,0.5292360247715756,0.018830088161603233,0.056784100881864974
127,0.053879680886121294,0.49194940207902904,0.3584768850610041,0.0176028427808711,0.07809118919297448
128,0.03255017191337017,0.3958222092443424,0.5376127332764913,0.005858872205616848,0.028156013360179265
129,0.05119813287513065,0.49843606629714615,0.3795131550116362,0.01893849205174829,0.051914153764338763
130,0.05165672312875437,0.4796612017946722,0.415671528621302,0.0167163417371358,0.036294204718135596
131,0.041549216718212795,0.3655797215613408,0.5156196446585021,0.01769250437570351,0.05955891268624075
132,0.0560480419089154,0.4626837083949818,0.3986172103856705,0.020007415228018,0.06264362408241443
133,0.06243473363239689,0.47459086802868644,0.35004748762469795,0.03447515062951516,0.07845176008470356
134,0.03189898967789698,0.3169189186223324,0.6101285410159885,0.013097953730337111,0.02795559695344507
135,0.05065626528957688,0.5514973532095322,0.3260174763632929,0.021365789904329784,0.05046311523326827
136,0.03872663116450902,0.3621148949100436,0.5128686559243479,0.022980018896808847,0.06330979910429044
137,0.06764545276488149,0.5695153328241902,0.3018122881616741,0.023311184511716564,0.03771574173753768
138,0.06170048402490101,0.5292385996218069,0.3446581368549689,0.018981478063745023,0.04542130143457828
139,0.034169950054255986,0.3349623831515423,0.5707655744948514,0.029165472993717023,0.030936619305633316
140,0.057330910673793534,0.4682022646374264,0.39771622356551845,0.03760398409268388,0.03914661703057768
141,0.15226667843994304,0.3561695419251079,0.1516182153690879,0.0244608875234349,0.3154846767424262
142,0.04854649722627279,0.5854505536863033,0.3071011742885869,0.01867115062899607,0.04023062416984099
143,0.031380873453986935,0.5948727476093286,0.3566336278197744,0.00441369728672686,0.012699053830183165
144,0.04709099056158166,0.4588479929268613,0.4223236721655348,0.03300690303150085,0.03873044131452136
145,0.05858759782938383,0.6321732076514046,0.27102630347500317,0.01865798316772544,0.019554907876482994
146,0.06454489561437049,0.5818767342855097,0.27759147468893774,0.03748744193619915,0.03849945347498287
147,0.06050228423172066,0.5258876512864932,0.35436414452984,0.018618741168513517,0.040627178783432666
148,0.029300117811029536,0.6433111376868907,0.31252619387642433,0.0059425563449944764,0.008919994280660974
149,0.06847035785409843,0.5849713904804505,0.2537692574615186,0.04987865938385145,0.04291033482008097
150,0.032709890008477044,0.5593270489575439,0.38199206632845417,0.014912060024173175,0.011058934681351572
151,0.04409416565702253,0.6913442602314599,0.2303813020245131,0.017726963957618025,0.016453308129386352
152,0.03992599170155519,0.4754661635792696,0.4492570290840134,0.015712526133828886,0.01963828950133276
153,0.06317282576090182,0.6722557731269222,0.13863113332669846,0.07043981871632395,0.055500449069153565
154,0.0553484779996275,0.7332916360436567,0.15829775018473735,0.02841634884059866,0.024645786931379858
155,0.14243126655663627,0.5386474177862426,0.08353408272113615,0.10864807684998555,0.1267391560859994
156,0.17704729958141976,0.584128493172507,0.08195880620251257,0.039508661762579646,0.11735673928098089
157,0.044616186833646515,0.8238085127446348,0.11487308491003159,0.004003406003097042,0.012698809508590172
158,0.055312928382402544,0.8536100203494095,0.07200949472103557,0.009420857078398948,0.009646699468753581
159,0.03056612429156107,0.8038706787418426,0.14577116818431213,0.011632367296907628,0.008159661485376467
160,0.06003665418798191,0.7487157231568989,0.1324734275512723,0.03865833476651926,0.020115860337327672
161,0.0863701997578399,0.6974907294973097,0.13899246054282346,0.03656982647705767,0.04057678372496911
162,0.09517156745066967,0.311537184688163,0.014334413265243635,0.023331849657706637,0.5556249849382171
163,0.23863760258719555,0.5207941247068241,0.05295838888551369,0.03311711985158647,0.15449276396888018
164,0.10287828887732374,0.8211234115329651,0.054154548102606045,0.006085372379796489,0.015758379107308745
165,0.04196742772504245,0.8755706394560193,0.06720401565581913,0.0025029644455847695,0.012754952717534322
166,0.18769934676533165,0.6488613782991612,0.07939722065923015,0.03634752673254228,0.04769452754373472
167,0.08954019386876326,0.8068675152600399,0.02524872621683833,0.012160169936647402,0.0661833947177111
168,0.02591477881320507,0.9235162794706189,0.01994819899740439,0.004162179096073041,0.02645856362269845
169,0.08363224831067112,0.7318135114708453,0.1275134284903834,0.01774617110929835,0.039294640618801675
170,0.11899559492101033,0.739683308248494,0.08054525815505459,0.021249162824591716,0.039526675850849215
171,0.11270889983966477,0.7483438108161212,0.10464691216717699,0.006233587935949295,0.028066789241088012
172,0.04699760452550876,0.7905293455766182,0.14580988095676464,0.00639442940911217,0.010268739531996163
173,0.04002487606794424,0.7441487539217969,0.20442798501046347,0.0022448361320365354,0.00915354886775874
174,0.018639348988321546,0.7094617183396151,0.26398801584621734,0.002998356528464352,0.004912560297381573
175,0.023218600577849326,0.6153344840159902,0.3426672222128681,0.007331169243606468,0.01144852394968587
176,0.057057682637519126,0.6080346203126282,0.2904064752148332,0.022718221264888882,0.021783000570130655
177,0.09149273800221332,0.6540800536731383,0.13704870638006522,0.07471637176222154,0.04266213018236155
178,0.10076458692746983,0.7324290965927445,0.09539982151394229,0.0360578664613733,0.03534862850447011
179,0.14056685941864616,0.6194318348698898,0.06387916577120467,0.056966033148139035,0.11915610679212049
180,0.06706884873259017,0.8374222268420564,0.06378424573142075,0.009286044770470896,0.022438633923461914
181,0.03992929756469568,0.834380103273033,0.09485977390241633,0.0076756892764734165,0.0231551359833816
182,0.07382006321950019,0.7886845702160211,0.06450271961324598,0.026823582067990407,0.04616906488324255
183,0.09926316681487912,0.23184666811672355,0.014749304506784494,0.084812039529723,0.5693288210318898
184,0.25556476947419043,0.3795830388398882,0.006347953217487452,0.0945619063545873,0.26394233211384666
185,0.16722859508592877,0.6363291200198551,0.017349467559547943,0.018778404665913084,0.16031441266875518
186,0.28964795650793795,0.36801738170562864,0.03532391335816296,0.10954092477232835,0.19746982365594198
187,0.18875836634563703,0.23944532449710923,0.0009636705801810266,0.05164003462093246,0.5191926039561402
188,0.13773433299133866,0.812801860560718,0.000912234520204426,0.029351478290792914,0.019200093636946077
189,0.24130688380647067,0.35966857042867706,0.013381787041406927,0.11025339007428603,0.27538936864915925
190,0.30571500796936807,0.4377075418613227,0.009007253660315835,0.044363905884327086,0.20320629062466616
191,0.05578417277992642,0.9158119000593288,0.001640053654933383,0.018634526397787305,0.008129347108024234
192,0.06875752494180233,0.8669227111814298,0.02172241335306168,0.01742351381109336,0.0251738367126128
193,0.23075091328005706,0.5504738730378355,0.011966451435716006,0.11563351061252772,0.09117525163386389
194,0.14999184436668164,0.6592213451008159,0.01618991342584144,0.05620436680233691,0.11839253030432419
195,0.10569953201931877,0.7801701615705395,0.055053780534264136,0.029592923832902778,0.02948360204297487
196,0.10598404392641014,0.7625264640210972,0.040126134980137576,0.052965894287646476,0.0383974627847086
197,0.12862286816476118,0.7409915187610373,0.06118859732526811,0.02176665453037723,0.04743036121855612
198,0.10021259145945109,0.7250077734677283,0.07273238008759315,0.048083069002644585,0.053964185982583075
199,0.1017630534379887,0.7519513759838967,0.09047899163209244,0.025948981950220697,0.029857596995801535
200,0.14354861787052225,0.08073311020800915,0.0032255716571202614,0.04133944970984038,0.7311532505545079
201,0.1488453705567217,0.7763035785254393,0.021571377236964992,0.01657209520859309,0.03670757847228102
202,0.12356743635040711,0.8080171084483296,0.020705953688153735,0.0143338619459857,0.03337563956712377
203,0.1923469869369459,0.31300760304108344,0.010403392108286764,0.02928247711954835,0.4549595407941354
204,0.10235400485607729,0.17266249093216673,0.004240649761904176,0.009706827143217835,0.711036027306634
205,0.09485894579195442,0.8497593500362361,0.013453151840535691,0.00873688422973375,0.033191668101539874
206,0.28118471643038473,0.6372950806689734,0.014440150781593235,0.01362705995525776,0.0534529921637909
207,0.22722703226688892,0.5852400414735718,0.008000571887565184,0.005175732525564325,0.1743566218464097
208,0.04726688473856445,0.8816776786638235,0.009967418893407553,0.012642996051090087,0.04844502165311444
209,0.06491351651510578,0.8748518508936368,0.015557235806787991,0.019618790340131965,0.02505860644433752
210,0.07430980652482164,0.8744735805053185,0.020980690045803968,0.016957520425413073,0.01327840249864279
211,0.1390601627556473,0.6759233329793527,0.02333960956335254,0.04455125157177875,0.1171256431298688
212,0.12246520695075225,0.7118740886925986,0.00509211031989754,0.0408917492978384,0.1196768447389132
213,0.170538467613405,0.6721354186649241,0.019715012268903622,0.05259417554306846,0.0850169259096989
214,0.2552974210167889,0.6411806466441933,0.0032300912734913438,0.05059885184703922,0.04969298921848728
215,0.03179731080124097,0.9259841688552833,0.008928033831458836,0.00953211595207236,0.023758370559944415
216,0.09613289729069678,0.832301118970675,0.017948786154896486,0.03384329903309428,0.01977389855063724
217,0.15914789702889884,0.6674380510838762,0.017111825517346836,0.1204417975009083,0.035860428868970035
218,0.06590860838555129,0.8719359721952922,0.03637907754087714,0.014837699222232789,0.010938642656046714
219,0.15361347996828675,0.7526823318281775,0.02417114503280306,0.03730882996980546,0.03222421320092731
220,0.19647492212978557,0.6112317687109214,0.0398596118977468,0.07084471439612117,0.08158898286542497
221,0.13751401100345487,0.7964007622847352,0.040688805419716666,0.010961506435756108,0.014434914856337166
222,0.15444247658712928,0.7690858054637875,0.05892299189387151,0.008194184034856628,0.00935454202035511
223,0.08324524213319565,0.7578026158196854,0.035437583081409936,0.06824141151645619,0.05527314744925271
224,0.16152321532631386,0.6988920900482629,0.04009228824795378,0.04237873751851197,0.05711366885895727
225,0.031930776395827414,0.9010699766810992,0.05025845487924476,0.008051162330357872,0.008689629713470638
226,0.06251218569244847,0.8389939339436467,0.05997940635896282,0.01582164197780818,0.02269283202713374
227,0.03825135850149777,0.8889788934788639,0.05995547754464754,0.0059297579045887675,0.006884512570402061
228,0.026112159440003224,0.9069656499520831,0.05690000860651771,0.004412975637147289,0.005609206364248604
229,0.12396891899774062,0.767719030622866,0.032804383049182755,0.014751372718751567,0.06075629461145901
230,0.07406090253392003,0.8513872415418703,0.04587705002891459,0.010873633311283604,0.017801172584011708
231,0.08263292232278684,0.8236990361948392,0.042682261683804276,0.02273452556100924,0.028251254237560218
232,0.09086891401042525,0.7925421947992566,0.08300423820072311,0.010180565068191793,0.023404087921403253
233,0.0644021198368657,0.7853758966680834,0.07235145240422938,0.04510727536699782,0.032763255723823756
234,0.08928147756115944,0.22669893364942614,0.010922295929008312,0.04800752556360212,0.625089767296804
235,0.2251703367267071,0.27065673325185136,0.011633140780661097,0.06311425060667042,0.42942553863411
236,0.08388485070882014,0.8189920102212159,0.01743395656370407,0.011739570610093187,0.06794961189616665
237,0.235331947234099,0.36912025872491944,0.019357843811286083,0.05974920663282039,0.31644074359687513
238,0.06375563746612696,0.6934298423344062,0.0007142999600245895,0.025745757852475185,0.21635446238696718
239,0.11872874488093489,0.7806205165479357,0.010744005700683238,0.01909075686928418,0.07081597600116209
240,0.22565851050354277,0.19468812134797783,0.012051287971585257,0.051227158725796716,0.5163749214510974
241,0.15554378153066492,0.6979734565160127,0.01005134803702029,0.02145071584276664,0.11498069807353542
242,0.09228544808767146,0.8258483302803532,0.005717227578322857,0.016437312745371108,0.05971168130828121
243,0.14502584248332895,0.6762626869862455,0.03167040301258408,0.07979805247560257,0.06724301504223909
244,0.03886453642938129,0.8968694526463177,0.01672255446514229,0.018219994764485724,0.029323461694672967
245,0.15738502942299032,0.6277042150725006,0.020556848840877464,0.09825498632016245,0.09609892034346909
246,0.12914115012022404,0.6472926296213787,0.023096975478407163,0.10573098885050444,0.09473825592948562
247,0.10054589990641485,0.7323402019859304,0.014951973306365244,0.045446450914211164,0.10671547388707846
248,0.041761529270626395,0.05457792018126151,0.0026768061566716543,0.019272638636728505,0.881711105754712
249,0.2692279922387819,0.6021207185024683,0.0026155295333579035,0.036702658915123976,0.08933310081026803
250,0.20329371647364805,0.4228640359529511,0.013279088577184503,0.025640502077993607,0.33492265691822276
251,0.4912254480371055,0.2930808662913228,0.0010966992489201877,0.028692193531211923,0.18590479289143952
252,0.16644534736565347,0.6141733239787124,0.018783770767300412,0.038053162222346726,0.16254439566598705
253,0.16383498890047393,0.7056877968933176,0.008745027205055966,0.012783479315362022,0.10894870768579057
254,0.15525186565330074,0.7542893269646864,0.004287853114012124,0.042118334976582766,0.04405261929141806
255,0.07353975179031406,0.8012083040348511,0.004770644480987546,0.0416614343552703,0.0788198653385771
256,0.10141747260054813,0.8233742197129842,0.0037660485137386212,0.027077818726789216,0.04436444044594
257,0.08059711474483869,0.7746441457911837,0.010691521313487762,0.0326084451125639,0.10145877303792598
258,0.2933027443525313,0.25759081929043964,0.0040470434454605644,0.0974391891464255,0.347620203765143
259,0.11571166977876678,0.43365809234027547,0.0012159062262920835,0.05378736547334248,0.3956269661813232
260,0.0649549900628705,0.5639896900549753,0.0005301878696770193,0.13529081895557832,0.23523431305689882
261,0.3036601735803156,0.21973537920379874,0.0012382191015813796,0.1200309552664932,0.3553352728478111
262,0.19214208737355595,0.19645684986286394,0.0002743357844555442,0.4725768350236274,0.13854989195549716
263,0.15388884229382047,0.045024703284423775,6.282187868453583e-05,0.34823308177809154,0.4527905507649796
264,0.18851189385533523,0.09923195121453572,0.0002985745053444625,0.3167070845988903,0.39525049582589433
265,0.2480525495144579,0.1736954253738792,0.00015521510284553935,0.37878708086838186,0.19930972914043557
266,0.17724674719012534,0.1628471027709152,0.00010401223786254567,0.4019904016936682,0.2578117361074288
267,0.06916487746996947,0.39160465846233244,0.00018189167061151301,0.3402598377596343,0.19878873463745217
268,0.12881678024598398,0.28345351152284287,0.00019086463837970233,0.39514676857554387,0.19239207501724964
269,0.06724625338206783,0.6134939766657618,8.591147104521002e-05,0.26199639334082003,0.057177465140305174
270,0.08446969223733533,0.20428027146012367,0.00045881832479346973,0.1144224223579603,0.5963687956197873
271,0.11599257894413069,0.19813083172607115,0.00014533390325053054,0.4636849454636152,0.2220463099629324
272,0.12556594981108735,0.17556769348786758,0.00024295960641598275,0.3514403323230892,0.34718306477154
273,0.1238839829110354,0.42651421981313453,0.0003354990138161586,0.2932420087382976,0.15602428952371622
274,0.09036363927658997,0.3220557059768247,0.0001299366453834176,0.3918058631666006,0.19564485493460126
275,0.12607714253358276,0.37805286059097803,0.00041009757349509733,0.14637071991849543,0.3490891793834487
276,0.24679755025451977,0.09761225372743833,0.00035265401664059617,0.3350118411087091,0.32022570089269214
277,0.12718021291710283,0.18308720708560158,0.0003801803739240228,0.21485969548775655,0.4744927041356149
278,0.09902486535812507,0.44149032606561495,0.0005014212049640476,0.15722660457359466,0.30175678279770135
279,0.12451301760102407,0.11341170744671733,0.0002550823823704032,0.2872549135968308,0.4745652789730574
280,0.1055400755840499,0.09802825348878963,0.00016189182759905268,0.47672591741799775,0.31954386168156373
281,0.17693509195987944,0.07928126815741468,0.0005639724305441651,0.33675836124015374,0.406461306212008
282,0.16088393772300208,0.08601029400107456,0.0002355751300638147,0.4851003574322467,0.2677698357136128
283,0.09763558096829969,0.08885875106523194,0.00034910962853598195,0.3399277173586287,0.4732288409793036
284,0.1640139430256138,0.2361795414091434,0.00023171000458231105,0.4767412742204114,0.122833531340249
285,0.14136850001790402,0.32834538663737944,0.0007943546551873565,0.2762465268088332,0.25324523188069603
286,0.2140543794293045,0.3489580131831316,0.0008231600441922326,0.2750005184520598,0.16116392889131184
287,0.19324290241856082,0.2369523190730719,0.0033685953544532097,0.23251223533061185,0.33392394782330215
288,0.13170172333095007,0.20888932962669102,0.0007090182135815367,0.1694932528328284,0.4892066759959489
289,0.12364023907090214,0.23100960833988676,0.0005044716573677762,0.4267032480664558,0.21814243286538748
290,0.14583693351098526,0.10706491512134439,0.00020471812535496664,0.3916801322175048,0.3552133010248107
291,0.2821594882911835,0.14999687985521318,0.0003762413408808678,0.37535459309832203,0.19211279741440043
292,0.18088296010065122,0.1303375706828372,0.0006985350008516083,0.15117957484234687,0.5369013593733131
293,0.1532729644487344,0.20079984904814516,0.0017167712534189989,0.13269729937362865,0.5115131158760728
294,0.29981347065159375,0.16255194666307723,0.0009201044875040494,0.25850594287463313,0.2782085353231919
295,0.1732901124001595,0.4797349536261183,0.004798746193297396,0.15416141501664485,0.18801477276378006
296,0.266756554902235,0.16366304489632308,0.0010508341142527907,0.2586464462407541,0.30988311984643496
297,0.21912040735588578,0.20201101686502262,0.0012071805532495295,0.2633722038038757,0.3142891914219664
298,0.14070228518758174,0.4628302440825326,0.006174929525994351,0.19100933786672064,0.19928320333717078
299,0.01757660031183104,0.05401983239254026,0.005423574007908478,0.0042899692845451256,0.918690024003175
300,0.01141024651984848,0.13100196857337837,0.024535260804201618,0.008272291789302395,0.8247802323132692
301,0.037335683730294715,0.0412937012786686,0.003451697125255658,0.002090758066719195,0.9158281597990618
302,0.01832139653974009,0.019968244322025038,0.011188621889458909,0.0010036630217040157,0.9495180742270719
303,0.16880561176181538,0.11028837001549138,0.02919483905039785,0.012881491587571976,0.6788296875847234
304,0.015509981774731342,0.00623815365789429,0.0006259535059961274,0.005050990921902689,0.9725749201394756
305,0.008387191597610815,0.008269072152301039,0.011469478665709004,0.00431307253815965,0.9675611850462196
306,0.010906770504792022,0.0070322014043352294,0.005992002437576501,0.0009999231197992415,0.9750691025334971
307,0.011594628424539328,0.015631436666045308,0.0016275979217897395,0.00024652952981291473,0.9708998074578127
308,0.011001925728660865,0.002494092025379679,0.0029661889052649396,0.0001881144691651755,0.9833496788715294
309,0.07139524235700127,0.02378197102947194,0.003232312141926233,0.00013314066081420657,0.9014573338107863
310,0.03162508647492466,0.017155226212889677,0.000636661434262295,0.0039346211148428125,0.9466484047630807
311,0.010000697663011001,0.03468356392681968,0.0015031260564894336,0.007195914055250673,0.9466166982984293
312,0.014521033775799561,0.11651335354594756,0.0002903469152830309,0.003876286020691091,0.8647989797422787
313,0.0018427126094272825,0.017609108468196598,0.00011098254086079594,0.00031957468998446457,0.9801176216915307
314,0.12112061400353255,0.11224745889297408,0.018099466155044184,0.007943341449659644,0.7405891194987895
315,0.01254590429091155,0.007921704533107858,0.0007413012701770662,0.00221401686791657,0.9765770730378869
316,0.0032860749312216167,0.003590107778949175,0.00034555013111474035,0.005306955246796764,0.9874713119119177
317,0.0014989539313204527,0.004360221921094233,7.035720760012824e-05,0.004540922600989299,0.9895295443389959
318,0.0018871805400488848,0.006063252720219096,3.129019630882392e-05,0.005172503766437192,0.986845772776986
319,0.002236802163210418,0.0018129633368384834,1.1619027979886722e-05,0.009278268922359438,0.9866603465496117
320,0.0010983819768074301,0.0006853625578578396,0.33851932460391226,0.0025978210945746976,0.6570991097668477
321,0.0012252222553404942,0.001781712510738813,3.4782500671996423e-06,0.007057256613156037,0.9899323303706975
322,0.0027212640267065165,0.0009461375603301537,4.095282829937785e-06,0.09967167371004615,0.8966568294200873
323,0.0022615932975228632,0.006255766207263787,4.3619062368835205e-06,0.015199929173516967,0.9762783494154594
324,0.004689209664612591,0.006603476672183668,3.766789623215205e-06,0.03100673026514461,0.9576968166084359
325,0.005626464587448154,0.010662919677371237,5.561872173003246e-06,0.034174387336396606,0.949530666526611
326,0.008338586643351398,0.013457486056705294,5.998151719736859e-06,0.03917744494540027,0.9390204842028234
327,0.04133801425051195,0.015755577112590936,4.2311735667888887e-05,0.10065816583458936,0.8422059310666399
328,0.04552265405137315,0.03664017870472807,4.139325434125068e-05,0.11083928785083016,0.8069564861387274
329,0.10311957135015938,0.04494544696827787,3.190478225940512e-05,0.22477298569181642,0.6271300912074869
330,0.055195902734421216,0.02419679758533569,1.9110200667972587e-05,0.1308766052839503,0.7897115841956248
331,0.05128032428097122,0.02190191056156847,3.719083261150713e-05,0.14411744886873773,0.7826631254561112
332,0.06732107515583247,0.03957979071059759,0.00011995552301055033,0.06481764915509043,0.8281615294554688
333,0.24845199667988552,0.029582621853488287,0.00021999286902994142,0.3091446443596574,0.4126007442379388
334,0.19431746090677318,0.03362148904393813,0.0001746727649382909,0.33250299174392134,0.43938338554042905
335,0.26046215480909,0.04216906712126999,0.00020391090495144198,0.513559040151693,0.18360582701299571
336,0.23595307546619784,0.12149168140709597,0.00044095375070261054,0.44153461559688506,0.20057967377911856
337,0.1786421989638658,0.12489430693087716,0.0007222841660398137,0.4415419618563442,0.254199248082873
338,0.23392214481287674,0.3058743174403676,0.0014874914681954528,0.4015835766439879,0.05713246963457236
339,0.19542744247508634,0.2940013953114516,0.005553800326285658,0.34967118418701626,0.15534617770016018
340,0.18056811397761444,0.45703944938016655,0.008115932087079324,0.27021327878812734,0.08406322576701222
341,0.1264960815782981,0.30949054927338543,0.00599001572510176,0.28022621813533954,0.2777971352878751
342,0.21422432814392264,0.5497399961888462,0.004596150471323793,0.13427482927965972,0.09716469591624763
343,0.17946688482871911,0.31124503091302413,0.008779866835050503,0.09794335670285978,0.4025648607203466
344,0.2163534801481389,0.5425858553306044,0.019494284770205053,0.06717893024678974,0.1543874495042618
345,0.25833945785915907,0.38289811233585674,0.015621683888742835,0.07797525420128648,0.2651654917149548
346,0.047375476463160836,0.4399131554329481,0.022852979043504165,0.01683559274877712,0.4730227963116098
347,0.04624732188394182,0.09964128223853032,0.0024471705707689697,0.025570996765648654,0.8260932285411101
348,0.12860428548816144,0.15410418030113832,0.0032112043039716587,0.023839034585739664,0.690241295320989
349,0.17154691602790503,0.6143402923559801,0.007934620483687635,0.010362245510128792,0.19581592562229852
350,0.027055306596133033,0.0661165989285876,0.004102797144057259,0.0028170044522403542,0.8999082928789818
351,0.36456072180369237,0.3666427669473216,0.00873150565699508,0.025537387506166354,0.2345276180858244
352,0.11523913876034447,0.6817951323079936,0.07604227931052597,0.01036460005086657,0.11655884957026945
353,0.2548111766016116,0.5158977699136994,0.054546886753910194,0.0396086701483636,0.13513549658241522
354,0.17733418329749645,0.5432007638065206,0.08482412760997436,0.11519891839025187,0.07944200689575673
355,0.14311934050879332,0.7261982727876063,0.014149035465984573,0.05695907666703588,0.059574274570580045
356,0.22072912635872483,0.40941298190315867,0.018502331181926235,0.1943495638655987,0.15700599669059162
357,0.0768471231232474,0.1028478159372983,0.008655399296685247,0.056284136253908566,0.7553655253888606
358,0.14664924830933027,0.5741778268000237,0.013670002106868234,0.03981142473693227,0.2256914980468456
359,0.20233846901276145,0.31299393624732336,0.010164796764095098,0.052552476941569594,0.4219503210342507
360,0.35841688270421357,0.19353698594375837,0.002162644620167356,0.060342163815632816,0.385541322916228
361,0.07974161469945243,0.8512153703381968,0.006723179002456464,0.014147049260752569,0.048172786699141656
362,0.28837574177770225,0.4022083206216278,0.004971615220660974,0.1173868337479983,0.18705748863201063
363,0.15543088615689118,0.12968866245217225,0.0016972043542622965,0.029418903204396826,0.6837643438322775
364,0.10107081988316108,0.8242777436419364,0.006622879937241453,0.023221943099470396,0.044806613438190715
365,0.438954746415524,0.26870240632953957,0.003149691619617486,0.031877797077071134,0.2573153585582477
366,0.16407365420581294,0.7639198305832724,0.015000396700271207,0.008907219098268726,0.04809889941237486
367,0.1463661349116858,0.5924134549863315,0.016348821636312568,0.021473431365393644,0.22339815710027647
368,0.036125602104432414,0.917480267906604,0.006684711152254508,0.007138912815515166,0.03257050602119396
369,0.08080290328893536,0.2505631754107715,0.007081259786280907,0.0072389691764087145,0.6543136923376036
370,0.0911090039984894,0.8578265968162315,0.010035466614251547,0.004284815274048147,0.03674411729697933
371,0.18577699832226674,0.6079845341949489,0.008216700302196482,0.016358188941153977,0.18166357823943396
372,0.08088322139198365,0.8298054560243382,0.017852326245200317,0.003710793246425314,0.06774820309205253
373,0.20959332860183266,0.5413454985790869,0.015958080836341787,0.049415932689772936,0.18368715929296558
374,0.056990128339796026,0.8907107018117338,0.018887168968026596,0.01237293503797754,0.02103906584246585
375,0.04359924771379043,0.9154835544374686,0.008406459967151184,0.010382182013335342,0.022128555868254175
376,0.1295894797412455,0.2183631048727569,0.012078214575313481,0.04009433133851171,0.5998748694721724
377,0.05896515339977751,0.8978749110104927,0.00941928356606258,0.009798733295996922,0.023941918727670177
378,0.12085445974515042,0.8057551174219627,0.0100340670826486,0.018385139756866318,0.04497121599337197
379,0.13736114997043275,0.5589043807819333,0.03103503223697305,0.024074019927434222,0.2486254170832266
380,0.21011292709983695,0.4850647185502792,0.017350157368027756,0.12677783817921856,0.16069435880263763
381,0.11182294014525705,0.7910711255540753,0.014069678943900321,0.02603494158248388,0.057001313774283316
382,0.18774163677473574,0.6301817009994479,0.013086446605031013,0.0399498800402567,0.12904033558052858
