epoch,N1,N2,N3,R,W
0,0.0034333262508079616,0.00260855143037187,0.00011092064830386491,0.00027552179404471294,0.9935716798764714
1,0.02050080393883204,0.007900927153700959,0.00021017752602490766,0.0015012184203982292,0.9698868729610439
2,0.009700258225991033,0.004314404126684902,0.0001331574396847879,0.0010532265368224595,0.9847989536708168
3,0.023484133321016516,0.005955800962334311,9.251250427943677e-05,0.002836397347560433,0.9676311558648093
4,0.023690303035496713,0.01288695219304041,9.773878809943927e-05,0.002861117520036635,0.9604638884633268
5,0.046703708923969384,0.008032900020347565,9.234142825149812e-05,0.0049983738657453985,0.9401726757616862
6,0.05429935031178024,0.043979514668513256,0.00022289724902552164,0.003056757756959442,0.8984414800137215
7,0.34874352548164306,0.1122897809335602,0.00014181399498593757,0.014731771894827439,0.5240931076949835
8,0.01079115137506372,0.004644640914086435,0.0001339488681931935,0.0011823336128189272,0.9832479252298378
9,0.17331435959238628,0.04963412254953797,0.00018600545195207463,0.004349432096925539,0.7725160803091982
10,0.05292777323080654,0.048035721119367415,9.921490407691201e-05,0.002493284060784946,0.8964440066849643
11,0.001207633716803112,0.0012016382440914832,3.453672528291617e-05,0.0001502031444911683,0.9974059881693312
12,0.04685619829996644,0.0057176782839798036,1.985871068233401e-05,0.0012500508895854135,0.946156213815786
13,0.11148663465135712,0.05058633351889351,0.0001547225056359718,0.005481532163108242,0.8322907771610051
14,0.0007513095856474096,0.0003420709672529278,1.818115990028299e-05,0.00017733118072466177,0.9987111071064748
15,0.001696926203932425,0.00023436806286255914,6.568428960223119e-06,0.000252633534266342,0.9978095037699786
16,0.01649599260658447,0.005316795553854639,0.00032487316638951023,0.0016603228781826983,0.9762020157949887
17,0.0011363638534748536,0.0003707861027806314,1.2047841665297035e-05,6.98383846662853e-05,0.9984109638174129
18,0.00024409451103656385,0.00011003048490044589,5.433640397358595e-06,2.700063377727627e-05,0.9996134407298883
19,0.0005199643033440216,0.00017566007722542775,1.6932861788061674e-06,9.048710416903171e-05,0.9992121952290827
20,0.0008359677095728224,0.00024139382032292464,4.197779017790051e-06,8.496494163784647e-05,0.9988334757494485
21,0.0011878184690602102,0.000637107363703097,5.1543383256870885e-05,8.016211723393442e-05,0.998043368666746
22,0.0003840167486895443,0.00015875438269830278,4.299895078191208e-06,3.760014110076113e-05,0.9994153288324332
23,0.002747752038149989,0.0008701669640319836,5.5981431187855356e-06,0.0003783820859048424,0.9959981007687945
24,0.0011885096182110508,0.0007629653462890674,3.987007579924934e-05,0.00021937910127968084,0.997789275858421
25,0.006640417733879379,0.001395958583138065,1.4042522532349657e-05,0.0006975925115958023,0.9912519886488544
26,0.005015896773788297,0.0013231099419899093,9.40153605691025e-06,0.0006928717817357765,0.992958719966429
27,0.004175755162731767,0.0016785637487049465,4.666612132190458e-05,0.00044707698660925445,0.9936519379806321
28,0.0007199132277123454,0.000650865632605252,1.1554374190476455e-06,6.178734445483279e-05,0.9985662783578084
29,0.002080037292096551,0.000555228744299689,2.2768293747796756e-06,7.924089353876825e-05,0.9972832162406903
30,0.007237311176617185,0.00044278729658914803,2.54024014582868e-06,8.786288354526835e-05,0.9922294984031026
31,0.0011735030214977647,0.0002458809322644681,4.4254281822212645e-06,6.657534209846431e-05,0.9985096152759572
32,0.0023766741235555573,0.0010597380225499387,7.1863968890372e-05,0.00016325368050510935,0.9963284702044991
33,0.0006555112506624237,0.0005290726262826774,2.0494153091923877e-05,0.0001253710811912605,0.9986695508887716
34,0.001433039624959153,0.00044091160807380083,1.9234893010255352e-05,0.00026636672631098534,0.9978404471476459
35,0.007535264343764233,0.00039566071726532715,5.19883134500902e-06,0.00025329489476255955,0.9918105812128629
36,0.0016460947358282062,0.0006945409282183964,5.695110993614291e-06,0.00042637008706222817,0.9972272991378975
37,0.007149369170264269,0.003748462189441006,0.0003199927491268422,0.0006772902665097339,0.988104885624658
38,0.0017317290172316755,0.0006215214876395423,1.7563600967093558e-05,0.00023797941656465214,0.997391206477597
39,0.002640943333530094,0.0005581124169784615,6.724819993913996e-06,0.0001698458669756507,0.9966243735625219
40,0.0029303169231505444,0.0009843153096205173,7.937782711061882e-06,0.0002450387756844661,0.9958323912088333
41,0.0014842103751665692,0.0008230539811151794,3.0268031367486268e-05,0.0002625371238881148,0.9973999304884626
42,0.0010899427638823701,0.00040894346894601965,1.2214467752562529e-05,0.00012955747554908587,0.99835934182387
43,0.0009171373657805757,0.000517984257758187,9.419088040615833e-06,0.00013718652416894772,0.9984182727642518
44,0.0025818444208645765,0.0004687261402553774,9.479363755888473e-06,0.00016937894554099045,0.9967705711295832
45,0.0029577515791018093,0.0013835958489720878,3.55277242016051e-05,0.00020511468149611635,0.9954180101662283
46,0.004594857904972512,0.0017052168974606712,2.4916109777019e-05,0.0004008648556279164,0.9932741442321619
47,0.00423074743106945,0.002398719914679207,5.758219774428546e-05,0.00039242051675176154,0.9929205299397553
48,0.000843174848130641,0.0008206397819822937,4.093730112550101e-05,0.00023293685179462485,0.9980623112169669
49,0.019235021460974683,0.006949816176951084,0.000206515002373882,0.0016498964984604618,0.9719587508612398
50,0.003803915515471702,0.0018686625517006386,0.00010445902123701166,0.0007061155678308062,0.9935168473437598
51,0.017630945579547988,0.0022818746317133432,0.00010058700947117983,0.00048512941866111787,0.9795014633606063
52,0.006418677271812301,0.0019021302120853865,5.1966249224499704e-05,0.0005664046961013564,0.9910608215707764
53,0.06510249665913896,0.01748928502750007,0.00024785647249929644,0.003143638910519249,0.9140167229303424
54,0.014547644867641846,0.04118048127162171,0.0005066758737061178,0.0009234242225225357,0.9428417737645078
55,0.011448929417110868,0.006615064188720521,6.083578904838142e-05,0.001415840478937207,0.980459330126183
56,0.026457296592721405,0.00973345376990621,0.0001247577351059865,0.0027276200199201858,0.9609568718823461
57,0.4562566108018905,0.26997948336665395,0.0007994202954826847,0.007640604987869485,0.26532388054810346
58,0.004429051566050855,0.002009829797717148,7.147916355579751e-05,0.0008451156183935199,0.9926445238542827
59,0.0006460566605262995,0.000674788003246052,8.9110366649036e-05,0.0005742507214602658,0.9980157942481184
60,0.0009141904225725794,0.001158611739899935,6.145591899705763e-05,0.0005635526377967848,0.9973021892807336
61,0.0010327110594041823,0.0007702400759016289,0.0001444182661551998,0.000235872130380382,0.9978167584681585
62,0.0008719551818333925,0.00037877810746144683,8.52411226189607e-05,0.0004850502888592465,0.9981789752992268
63,0.0010859730973965592,0.0003953707553502954,6.109667516797443e-05,0.00033041451272278216,0.9981271449593625
64,0.0007336635383135906,0.000310222817313797,3.109208026281483e-05,0.00017487004688414366,0.9987501515172257
65,0.0009593475858073988,0.00037579143403692407,4.0333681689699306e-05,0.00019174842656385427,0.9984327788719021
66,0.003012069464056213,0.0004962405589519515,2.8470005216051295e-05,0.00022237622564904937,0.9962408437461266
67,0.002094257874031639,0.000405725955436235,2.7911306159228518e-05,0.00013651456302902327,0.9973355903013438
68,0.0017287729383307733,0.0004468875173340602,2.3079044189174537e-05,0.0002558989824461397,0.9975453615176999
69,0.0036348261907925695,0.0007691215292072523,2.1951058928124418e-05,0.0002615961520366437,0.9953125050690355
70,0.0016873101341895278,0.0011788044226284974,0.00036578826195671357,0.00022049536992245147,0.9965476018113029
71,0.006309959169375362,0.0013043927311936815,6.627180424047855e-05,0.00044187160359011884,0.9918775046916003
72,0.0008670618290927125,0.0011079524125984918,0.00024432844989813414,0.00036707322754424293,0.9974135840808664
73,0.0007361183010597296,0.0005134917606936665,2.6428427273511916e-05,0.00028150792066970265,0.9984424535903035
74,0.000594723456525575,0.00047277231445117717,2.3051662065374817e-05,0.00021639573028931603,0.9986930568366686
75,0.0009970705227678298,0.0004557908447447416,1.2278254785916415e-05,0.00026693557410002657,0.9982679248036015
76,0.0013661296775879165,0.0010000382768368828,1.4404568334403592e-05,0.0001312068019706059,0.9974882206752702
77,0.005122809889965876,0.001752402322516254,2.1314901634121903e-05,0.00032787363728133595,0.9927755992486024
78,0.0030326098594412924,0.000988312242748104,3.382021876684178e-05,0.00025672071738233376,0.9956885369616614
79,0.0057145433253582385,0.001225450545863248,3.6130801812069e-05,0.00034006469684702973,0.9926838106301193
80,0.0010836737690136124,0.0007887950409767638,5.836242870687315e-05,0.0001817352161658412,0.9978874335451369
81,0.0037549876818343407,0.0007677275307580118,1.9404389106200645e-05,0.00021982422060384864,0.9952380561776976
82,0.001448870745709282,0.0011126925846982225,5.5490743205721804e-05,0.0005212541080430215,0.9968616918183438
83,0.004317668274333467,0.0008375670040188475,3.354436772500404e-05,0.00035031542470520354,0.9944609049292176
84,0.0024306205319652367,0.0009717260300743148,5.0536776637079095e-05,0.0002598514696028885,0.9962872651917204
85,0.00902473994215548,0.005016833879378367,0.00020974216750592884,0.0013706924009429084,0.9843779916100174
86,0.0011938520178447793,0.0008069369074013224,6.132697297131219e-05,0.0004573653733267002,0.9974805187284559
87,0.0009295492785312693,0.0010874708302405023,4.368107081456167e-05,0.0005398236885691655,0.9973994751318446
88,0.0012930259117344854,0.0006455914917740525,5.4214252488130236e-05,0.0003249010810708135,0.9976822672629324
89,0.001411514637711166,0.000640513538302965,2.316453310099039e-05,0.00021047934653593725,0.997714327944349
90,0.002373219105128956,0.0009762714713262027,1.9656351279486208e-05,0.000454602548739913,0.9961762505235253
91,0.0012362073765470453,0.0006674192692893479,2.2827242643711794e-05,0.00039425482509849986,0.9976792912864213
92,0.0015818058441524612,0.00048002853330171265,1.4101446546431398e-05,0.00018477226121130244,0.9977392919147882
93,0.003922601628806012,0.006700881801927108,1.9382814141727062e-05,0.00021923058130131023,0.9891379031738238
94,0.008129590180509136,0.0007367927608776432,1.3803617019376534e-05,0.00025996862589831274,0.9908598448156954
95,0.005163323346191236,0.00044227876191332377,8.094935244090862e-06,0.00016872387613474035,0.9942175790805166
96,0.007294055974309996,0.0009755602812573911,1.0917099211855518e-05,0.00028730196657034574,0.9914321646786503
97,0.012735331010586106,0.000976801521675956,9.826436433552374e-06,0.0006264536568502026,0.9856515873744541
98,0.019161153377621667,0.0017727766589881913,3.4476354211536675e-05,0.0012877577730138938,0.9777438358361646
99,0.1288757920946458,0.009363826277997764,9.235833671845817e-05,0.004555420784658983,0.8571126025059791
100,0.3597766207271155,0.04310503899601228,0.00040094271914304833,0.015903247101798402,0.5808141504559309
101,0.22163712862974996,0.42092901387518916,0.0028655015168766182,0.008366700915849137,0.3462016550623351
102,0.3274550637358959,0.3570918919069114,0.004657305066196174,0.03075605307173597,0.28003968621926056
103,0.019060210192726853,0.7829219618691704,0.08607199862717729,0.006227062810998098,0.10571876649992723
104,0.0013468114491051516,0.0031553521029250627,4.780065556876397e-05,0.0003824881990148848,0.9950675475933862
105,0.0012002119608313254,0.0022130730884729398,2.255991741998242e-05,0.0003752521443776078,0.996188902888898
106,0.01571618239972527,0.002671456786289665,1.3468988224677054e-05,0.000308956141966374,0.9812899356837941
107,0.000702955192077766,0.00028583120377344816,3.17824981223663e-05,9.660141614933078e-05,0.9988828296898771
108,0.0005398038997017497,0.000139598101707757,6.533735742567337e-06,0.00018883713885735513,0.9991252271239907
109,0.0005275254150622662,0.0004124345242282266,3.060230375193109e-05,0.0002278107948669278,0.9988016269620906
110,0.0014918452105706869,0.0005193274609691623,6.515676574267325e-05,0.00040007767198059236,0.9975235928907369
111,0.0007076553541051238,0.000451814006812217,9.793813716478917e-06,0.0002968541749694122,0.9985338826503969
112,0.003675578860873881,0.0009854328431376954,1.5663204347836164e-05,0.0005916242075478895,0.9947317008840927
113,0.003469253028841096,0.0011416050185996975,1.847242119090565e-05,0.0004973036755414529,0.994873365855827
114,0.0009020472523668406,0.0010316410783476105,4.3743962330847535e-05,0.0005311408484362804,0.9974914268585184
115,0.0015327647741461474,0.0011816035836682646,2.684497027248198e-05,0.00047108803188347843,0.9967876986400297
116,0.01301207943667552,0.0017612745544960105,5.119520130544428e-05,0.0008989242797471415,0.9842765265277758
117,0.5046970542122654,0.0988484791597413,0.0007590910035315266,0.012864993847204017,0.3828303817772578
118,0.23559683157341887,0.11593776624419669,0.0005410276977339116,0.006748129928238997,0.6411762445564114
119,0.29101435949979626,0.2680456420994859,0.0005365492346023198,0.006795354494672847,0.43360809467144285
120,0.4757098751317911,0.37977893461368545,0.0011580967165428933,0.011461917773202246,0.1318911757647783
121,0.017190836330220404,0.010211742896164569,0.00011773873310645762,0.0022317329521676092,0.9702479490883409
122,0.45398634511575503,0.42340054189388077,0.002914867553977989,0.016732783624536215,0.10296546181185016
123,0.048050540796503956,0.09181150695860736,0.0011699097598923773,0.007284114302029207,0.851683928182967
124,0.0031667894946958014,0.000663224054421944,1.974855290372061e-05,0.00037044848776185646,0.9957797894102166
125,0.004880328607266347,0.00187143819011879,7.798536633553342e-05,0.0007456075725288722,0.9924246402637504
126,0.005305002219383443,0.000523131281267834,1.9071992985000484e-05,0.0003994299828316677,0.9937533645235321
127,0.003718916247743181,0.0007801778569824207,2.8217613766025726e-05,0.00019775851497207198,0.9952749297665363
128,0.0017092766761716465,0.00018690566448377016,5.725179787137761e-06,0.0001273359800292659,0.9979707564995283
129,0.00497785376954494,0.0018318762556934652,0.0031849862929005557,0.0001413506238971326,0.9898639330579639
130,0.00010509071759798147,4.6171869063674746e-05,2.8724526444780194e-06,8.636298282703757e-05,0.9997595019778669
131,0.001368846473118697,0.0008271124925899118,0.0003048661122980531,0.001389353367420321,0.996109821554573
132,0.0009798170744707395,0.00030295034262621957,8.336973820222231e-06,0.00041167852855876063,0.9982972170805241
133,0.0008630825899865183,0.00024728818806757385,2.0318170358811067e-05,0.0003313110340261886,0.9985380000175609
134,0.00045389676873105545,0.00023858923385782825,1.1093112261331973e-05,0.00025712583515372084,0.9990392950499962
135,0.0018825897622241094,0.0010063743567683642,3.6392893064258524e-05,0.0003277813666951209,0.9967468616212483
136,0.01691093336891926,0.003411751853023573,2.8906533374189814e-05,0.0010220065342982543,0.9786264017103848
137,0.00905451246818043,0.005234155003642558,4.956479033039869e-05,0.001413024830290966,0.9842487429075556
138,0.0023344356920172505,0.002837476991585579,0.00019120397982270952,0.0008126854935572971,0.9938241978430171
139,0.024044278117918323,0.009456001588378797,0.00022218330492396218,0.002647385967907559,0.9636301510208714
140,0.006777038485706184,0.0024129862262150096,9.613455216942537e-05,0.001340329857025147,0.9893735108788843
141,0.03576519878233669,0.009547393942792047,0.00022827672756285853,0.0031100290786880347,0.9513491014686203
142,0.019171947365038005,0.014979793245662697,0.00018174620204984912,0.0012075226806096046,0.9644589905066397
143,0.3223065235134568,0.1404164841710237,0.0006520714996231506,0.014630328747955675,0.5219945920679406
144,0.104987170404006,0.023587488953238957,0.0001276423153657391,0.0056675378732766995,0.8656301604541127
145,0.2561777787785685,0.4681998598557012,0.0065975200754543484,0.007332579375803202,0.2616922619144728
146,0.019706017225813374,0.03681352873638482,0.0013870373313073206,0.0018140921080169496,0.9402793245984776
147,0.0005463793190973512,0.0008514584283748083,1.4064529707457616e-05,0.00030357092836155595,0.9982845267944589
148,0.002095830388123302,0.0007013808205761942,3.057217270543736e-06,0.00021492589468769807,0.9969848056793422
149,0.0008448183541137844,0.0007663753128817455,2.031271716959024e-05,0.00029422031610543706,0.9980742732997294
150,0.0019936415661584083,0.0008025941716789626,1.679133252951214e-05,0.00042562070604279544,0.9967613522235903
151,0.0018746679570717422,0.0009633680079592255,1.5689210078626307e-05,0.00038762064836702704,0.9967586541765234
152,0.0018662304334180406,0.000509675128840124,1.13240099592319e-05,0.00015488787797685955,0.9974578825498058
153,0.0011943239527096748,0.0004480141219996008,1.77478508726168e-05,0.0003057728935101063,0.998034141180908
154,0.003305288382303511,0.0010702206347664588,3.4788265145010764e-05,0.00047161500285789083,0.9951180877149273
155,0.003742569052911506,0.0010286000931360852,4.918272137238364e-05,0.0008343823052390983,0.9943452658273408
156,0.019292645698329964,0.0068339712543910094,0.00035363847369358536,0.004578408251308289,0.9689413363222772
157,0.11855572721491993,0.022170591576978805,0.0002756014419001382,0.007777573832909026,0.8512205059332921
158,0.26436920093465766,0.13223098454981558,0.0013283489471040597,0.026987883700667847,0.5750835818677548
159,0.1676468974041994,0.04371337254847161,0.00035720571943067577,0.01651196080770471,0.7717705635201936
160,0.28598123903142936,0.6497664813231908,0.004601499564168419,0.024929756602983577,0.03472102347822779
161,0.23268661338486593,0.07938524279906649,0.00025634356251176966,0.10778934869356514,0.5798824515599907
162,0.3173830252166683,0.5781324997056156,0.0041637347113459315,0.07897753841263193,0.021343201953738244
163,0.4597865434661569,0.3819649533690161,0.001978558533086482,0.033938510675356144,0.12233143395638439
164,0.16378752590640544,0.7991687278707368,0.01032623773700799,0.019183458128046376,0.007534050357803291
165,0.1471362759020402,0.8284284482747917,0.002513349701441322,0.014371694111231476,0.007550232010495364
166,0.05954343235121802,0.9033824744512141,0.02120503816225569,0.011853835634043837,0.004015219401268222
167,0.06571326289673747,0.9096668309559193,0.005619909666017301,0.01197456589249724,0.007025430588828636
168,0.016870383687653263,0.9033703718501321,0.06926755645382472,0.005322543170980499,0.0051691448374094635
169,0.02575036760658109,0.9050031130423978,0.05096584824162379,0.013726753505493069,0.004553917603904347
170,0.05538791211543151,0.92291819880229,0.012012859427623533,0.006200914577149929,0.003480115077505036
171,0.01655858410618473,0.9448467645528714,0.0327130638188226,0.0028958601566986095,0.002985727365422485
172,0.13447316096074605,0.8411812300802173,0.00324129294664318,0.01753277604268097,0.003571539969712427
173,0.01708857216450218,0.9419876613310775,0.03396207298648025,0.004496093160688496,0.002465600357251711
174,0.017236828308235922,0.9168338191601745,0.057846128782926914,0.005416757993880867,0.0026664657547818796
175,0.06451157050070422,0.869105159884989,0.05822395728164021,0.002032732632328626,0.00612657970033815
176,0.014325609060479036,0.9348880692010436,0.04653781243245404,0.0021808247642195644,0.0020676845418038854
177,0.007079544794456769,0.8471350224437393,0.14132969324035952,0.001552448728012313,0.0029032907934323357
178,0.0031344984808483914,0.8500092491281683,0.14269999023413885,0.0013249221070008481,0.002831340049843614
179,0.0042131258832590135,0.9078031730520544,0.08392545228137618,0.0017131926219801012,0.0023450561613303895
180,0.0029137256529126665,0.6143525306438923,0.3798578085587135,0.0005991551583343606,0.0022767799861473357
181,0.03220907387822968,0.9088258410814465,0.05106907273987677,0.003490129725447034,0.0044058825750001454
182,0.0031087498769397114,0.7566268880343424,0.23492963514394136,0.0007854640091502379,0.0045492629356262745
183,0.006978323772095762,0.7873355888593977,0.1980605442294582,0.0019244605973094586,0.005701082541738957
184,0.010251095465670943,0.8392590401806787,0.14357034324830031,0.0031385832185246458,0.003780937886825155
185,0.010502344269846689,0.8305860193376138,0.15379898528181637,0.0026945845970418286,0.0024180665136813674
186,0.17662992690260676,0.7481690917039103,0.028373940834042002,0.005339707205856062,0.04148733335358504
187,0.21039810782763796,0.7613076122717893,0.011494606028615023,0.012421264056322705,0.004378409815634998
188,0.11973798705018093,0.8523037120355994,0.01951200398449346,0.0031440373211263,0.005302259608599835
189,0.011429239871142001,0.9287191441056333,0.05624273577633563,0.0015528416602265162,0.0020560385866627544
190,0.1015083052217897,0.8771541141263687,0.01085777527583662,0.006874666453497095,0.0036051389225077177
191,0.0078109677438630565,0.7857355035888264,0.20371434850963827,0.0007808765073774023,0.00195830365029487
192,0.03257980799557856,0.8727106751964842,0.08440032758447788,0.006477198121026343,0.003831991102432959
193,0.0024125721380469467,0.6546268683462024,0.3407303293926521,0.0004996979180679301,0.0017305322050306215
194,0.028312734884180867,0.8957824458199399,0.06390425098175394,0.006525821244166657,0.005474747069958698
195,0.001975585644454015,0.8421349953984686,0.1535202648853803,0.0007668424491253283,0.0016023116225717486
196,0.006673447037581091,0.9180374775804385,0.06928531337126875,0.0025447353305180966,0.0034590266801932746
197,0.004393618351281917,0.8233933219943684,0.16708844272384396,0.001635984737139207,0.0034886321933666805
198,0.00609949744305917,0.9137340607743348,0.07539777485177392,0.0019161795351777583,0.002852487395654436
199,0.005512062352760945,0.9023253118013737,0.08796835389401884,0.002086834179894277,0.0021074377719522094
200,0.0053066244576431484,0.8049224787363161,0.18555620713978926,0.0012638004933637928,0.0029508891728876638
201,0.003774060742350597,0.5572058138833246,0.43589056422028283,0.0006957704793621297,0.0024337906746798596
202,0.012168051914918338,0.8607234320585708,0.12220546154747591,0.002814307991211358,0.0020887464878236277
203,0.014909381922500194,0.8990386392121502,0.07935443531735452,0.003431081204705507,0.003266462343289713
204,0.008606153981462274,0.7995800326470955,0.18504654432671214,0.0026136726676165797,0.004153596377113615
205,0.00514693426296309,0.8642762722349886,0.12747889130244855,0.001206729991125916,0.0018911722084739755
206,0.003158854192072183,0.846098312582865,0.14784071475193877,0.0011964094914874057,0.0017057089816365208
207,0.0021757765064808455,0.5842659842040762,0.4106901960945795,0.0009222655741008475,0.0019457776207625745
208,0.0022141810715995717,0.7004683671640033,0.29387212079855407,0.0011161388729325557,0.0023291920929105953
209,0.0045806067200994385,0.6750852954295277,0.3157003986116517,0.002111211007176813,0.0025224882315444844
210,0.0042688564899015,0.6806641376051106,0.3107893992966173,0.0017139564582370043,0.0025636501501338843
211,0.0034284324286219694,0.6715529055110986,0.3222370206508401,0.001186886952204815,0.001594754457234588
212,0.00417695383512857,0.8707400186356211,0.120803586024418,0.002110991117198554,0.0021684503876337304
213,0.002242819117892884,0.7847786222491577,0.20945515905606274,0.001856703958010285,0.0016666956188763104
214,0.0009376675337784084,0.46479734736323136,0.5321465966619957,0.0005442825967100033,0.0015741058442844077
215,0.002243237876180134,0.7603072045171667,0.2342615839534447,0.001575066675526399,0.001612906977682029
216,0.0018530657936113562,0.666724014055111,0.3278744658515085,0.0014466612984051594,0.002101793001363902
217,0.0042140572869119935,0.666513657233462,0.3251676894348332,0.001599331120447385,0.002505264924345328
218,0.0015166519226227704,0.34217180076615733,0.6543996187464162,0.00043309202966188123,0.001478836535141795
219,0.0034481568673115177,0.5074773895092789,0.4858095843547244,0.0007767742425032082,0.0024880950261819616
220,0.00948685683802047,0.8122231525428689,0.17237842161846917,0.004183910066110867,0.0017276589345306599
221,0.003242588035300009,0.7118923678934398,0.28224721155352556,0.0009106314121190816,0.0017072011056154402
222,0.004345023287351437,0.7417930484004293,0.25008646352950287,0.0012684804744554907,0.0025069843082611613
223,0.0083443984321991,0.6352108351095488,0.3500853854090173,0.0013178089866223818,0.005041572062612539
224,0.005230202884543511,0.7109116869928499,0.2800266110501265,0.0017240376623588187,0.0021074614101212834
225,0.01546044447670832,0.9090624414208007,0.0680906148965593,0.0040957314438037915,0.003290767762127593
226,0.005665771054477421,0.6810478827854285,0.30683070887386454,0.0013777615626611266,0.005077875723568522
227,0.007205146180485563,0.8249545155427486,0.15925544402695702,0.0030683956363349234,0.005516498613473872
228,0.023747923469003663,0.7873436955394248,0.16931407518298008,0.009900073543133147,0.009694232265458212
229,0.1263789509277271,0.6867067331909871,0.06851752406105432,0.08858022923929482,0.029816562580936477
230,0.061439429026215145,0.6225067480244935,0.038623689330051975,0.25347273696413597,0.023957396655103408
231,0.1047599094972252,0.3797979800083296,0.00395638793067309,0.48923964025572825,0.022246082308043962
232,0.054852495450211945,0.3899647861066849,0.000999614112976495,0.5441865918242154,0.009996512505911333
233,0.037898965881666795,0.13262404309948356,0.00037594138356102476,0.8229378021531439,0.006163247482144697
234,0.01783543343122398,0.13651069923506728,0.000698690322914,0.8405687982657112,0.004386378745083421
235,0.006293851663387326,0.04555518551007342,0.00035017609622032126,0.9449298584719287,0.0028709282583902203
236,0.004549943302956393,0.013296473483271147,8.40248921879983e-05,0.9796372458031386,0.0024323125184458542
237,0.006354378590129221,0.008116451710384925,3.1560610146779064e-05,0.9809153606754373,0.0045822484139017095
238,0.0030659328834145043,0.007728202979283901,3.789955358830908e-05,0.9872282831562675,0.00193968142744572
239,0.004418007654695672,0.005505966862020248,4.2587603557174776e-05,0.9887047042061587,0.0013287336735682243
240,0.002633373639536045,0.000844260111473287,9.746424376378884e-06,0.9957414657357937,0.0007711540888206964
241,0.0036214081026316523,0.0031499524275616607,1.1122289534524517e-05,0.9900788842724026,0.0031386329078695457
242,0.0029585317181798076,0.002962848736653056,1.7272343063870463e-05,0.9920547197882611,0.0020066274138422356
243,0.002743667635168628,0.0016377516516021978,3.2876013783144963e-06,0.991705117856144,0.003910175255706764
244,0.004547821975162482,0.0022923248229906757,1.2062306984292733e-05,0.9866436286126516,0.006504162282210894
245,0.006743725735776675,0.0024017475634721926,1.052686385336217e-05,0.9888008556399169,0.0020431441969809665
246,0.010684391375134621,0.0028115911365870746,1.0520103801157681e-05,0.9815782852388516,0.004915212145625403
247,0.023342022869567016,0.011260536784119545,2.2589494716485537e-05,0.9493596960143823,0.01601515483721465
248,0.01888558445772237,0.01276799694254576,1.4206866141777264e-05,0.9625962762726251,0.005735935460964933
249,0.07747000696831828,0.09647093608879231,0.009507809569913829,0.059328507506236534,0.757222739866739
250,0.1908065905329347,0.057169831223335354,0.00018081654979323363,0.5944866463492317,0.157356115344705
251,0.18165566369673128,0.2174234803407896,0.0013387907736469359,0.551316172800871,0.04826589238796123
252,0.2383508044981167,0.12535297507072213,0.002031126188123596,0.6162121189410701,0.018052975301967464
253,0.028432072594929924,0.03102807709400392,0.00018171549477616109,0.9350293803146462,0.0053287545016437975
254,0.006875718247732041,0.027882852023637515,8.966230134010597e-05,0.9626720307161071,0.0024797367111832336
255,0.009085739467468882,0.0024815708073831406,1.1417693510722658e-05,0.9862380336878854,0.002183238343751709
256,0.018403002951502406,0.019948683963728703,4.206832278864255e-05,0.9586328775991158,0.002973367162864463
257,0.014310287530968227,0.0038127602451852242,1.0582865335182537e-05,0.9793984926727367,0.002467876685774551
258,0.023842525789779072,0.01019022697581465,1.086772373652551e-05,0.9579930734173656,0.007963306093304128
259,0.04639702365210246,0.008162443141102831,1.1176955625210184e-05,0.8960794487996118,0.04934990745155766
260,0.09142234778582806,0.011225583871938784,5.3090400971104925e-06,0.8770563539929196,0.02029040530921647
261,0.10685280145275165,0.09628352377226411,0.0001665758221016319,0.7777006761702385,0.018996422782644146
262,0.21068143134674613,0.06347724152041172,3.8032557658676755e-05,0.6523569385973714,0.07344635597781199
263,0.09500567967848175,0.26342734256098294,0.0011832854371237713,0.6265988407801312,0.013784851543280446
264,0.059370575949669144,0.3367696748831242,0.003208007862824976,0.592334439511394,0.00831730179298774
265,0.09290566406816023,0.45338392301430613,0.0017308862589861106,0.44316541801258463,0.008814108645962833
266,0.05326530207573092,0.5960043250842608,0.0035684480163861543,0.3391113694667561,0.008050555356865873
267,0.03777664883912122,0.5215860662761862,0.008036792894007107,0.42263785262778375,0.009962639362901704
268,0.11583453591969221,0.35110265410975033,0.004126988194197298,0.5227332122498678,0.006202609526492316
269,0.07016181074542444,0.4246181570716369,0.003227661628329382,0.49464919679967817,0.007343173754931232
270,0.03651194048878049,0.6453617046950458,0.011107860557078943,0.3004946586918392,0.006523835567255539
271,0.044386421495653625,0.7371663462162004,0.008638419252310663,0.1951803646769054,0.014628448358930063
272,0.10190723645309925,0.2855098346663159,0.0007954829215986244,0.5895118149614208,0.02227563099756539
273,0.05660861583833479,0.7155880478517069,0.01034416403654008,0.20916378724265552,0.008295385030762718
274,0.0804166682131844,0.5968429423836455,0.0030590400716269104,0.3107947239284805,0.008886625403062664
275,0.03100014663343352,0.8232482075973482,0.030054321378699376,0.11076904031998101,0.0049282840705379164
276,0.0853767375004711,0.35200387638991026,0.003114237257255257,0.5446238148510336,0.014881334001329743
277,0.022065085729772584,0.7681741144416232,0.038761084648937585,0.1639346551420944,0.007065060037572204
278,0.08730511831819887,0.4822567176340847,0.018994949116726625,0.39879249177351345,0.01265072315747629
279,0.029044708627025243,0.4612809923852493,0.04521954603586213,0.44542982983484636,0.019024923117017128
280,0.04333400839630991,0.5405793054545198,0.028449512908405097,0.3823244467438225,0.005312726496942782
281,0.04283103376934016,0.4325958861882512,0.017577314619988033,0.5011037349242929,0.005892030498127738
282,0.0309538762648908,0.6300781667332643,0.02670884089253165,0.3073737513466182,0.004885364762695063
283,0.019522681707507726,0.6994594969506687,0.08043246307032985,0.19513706063996608,0.005448297631527726
284,0.06135639832253968,0.4124338522938053,0.006538082132479297,0.5139335432926141,0.005738123958561633
285,0.019225785848139696,0.661347826845819,0.015643152083437428,0.2978254247923902,0.005957810430213469
286,0.03621376957901853,0.4927188812162731,0.012934937824234239,0.45361368489083415,0.004518726489639899
287,0.033613881232552885,0.6762201868944854,0.016122852201620647,0.26842801597500493,0.005615063696336106
288,0.06491327501182582,0.3793359503072304,0.010062372483620914,0.5410006396677695,0.004687762529553382
289,0.04513558116897711,0.6012284083443867,0.010578319742149837,0.33956034966944354,0.0034973410750429963
290,0.07443586572523175,0.543014182356158,0.010597322195721225,0.366040755063035,0.0059118746598541315
291,0.019355936590336142,0.6237095502357296,0.03444203015570905,0.31410611956729134,0.008386363450933918
292,0.06500098796602419,0.6740282569357301,0.011099191828019614,0.24336385396820798,0.006507709302018154
293,0.039146468432041885,0.7359535253949735,0.01567574463597879,0.205225717082992,0.003998544454013886
294,0.01671363147698558,0.7522798790714605,0.10722874600283311,0.11961328223240228,0.0041644612163186075
295,0.017902452443061434,0.7772830813166977,0.08407838803783275,0.11440495020418141,0.006331127998226766
296,0.010983508895673129,0.7820203172034436,0.15154286037390002,0.05076823079596374,0.00468508273101972
297,0.06696462792585596,0.7889514618004891,0.019280000991475192,0.11924502414181908,0.0055588851403606705
298,0.04576131514506415,0.8126291880498697,0.020898160029759503,0.11497698032705772,0.005734356448248819
299,0.0317129675809326,0.8613801596445183,0.009615665040863332,0.09169827174121277,0.005592935992472824
300,0.18984655086376132,0.581410314793338,0.02090700822875201,0.09874288673957488,0.10909323937457378
301,0.40995659081920166,0.2725270997999343,0.0029332202919763652,0.19720517347674765,0.1173779156121399
302,0.41113906534537786,0.21219294631983793,0.0003641643354601147,0.23324982067710542,0.14305400332221888
303,0.2905951330422927,0.269203837793156,0.0024040002409725226,0.1838793429592101,0.25391768596436864
304,0.04807201621797525,0.042355838753859135,0.0005370317552066281,0.008061030754778582,0.9009740825181805
305,0.5807239094046289,0.1226464066338228,3.2195715594845864e-05,0.05212389664260484,0.24447359160334867
306,0.460797607279746,0.18254465923830565,0.00021885583836295323,0.023319125122805644,0.33311975252077974
307,0.31154005051492306,0.22615208329499825,0.003025871971089186,0.05935707155167972,0.3999249226673097
308,0.08743662633210261,0.5563615193369773,0.004247507997988731,0.025848900724137362,0.3261054456087941
309,0.03801243001795803,0.02042764897782029,0.0001944060546817342,0.027014344905306246,0.9143511700442337
310,0.006583132199432568,0.0013594820309924603,0.00012668347285834733,0.00031679897471536997,0.9916139033220013
311,0.0059660631042660174,0.017763996977553053,0.00015975501933899262,0.0030017855414163344,0.9731083993574255
312,0.006790277049929025,0.012733104189949726,0.0003101342417597794,0.0014869952169843962,0.978679489301377
313,0.005843379926321146,0.007880422062612325,4.718742970434538e-05,0.001859960160563826,0.9843690504207985
314,0.007419908090642236,0.01821324244368469,9.090642967133731e-05,0.0022590016112075785,0.9720169414247941
315,0.0032636705608176148,0.00015382541114401186,0.9950284134954247,9.158368470416842e-07,0.0015531746957666442
316,0.0043523597016358094,0.0006651212094792004,1.3734709121277613e-08,0.0001916698846697843,0.9947908354695062
317,0.046415951505307855,0.002112645558613709,4.9646642833123165e-06,0.005586411272604902,0.9458800269991902
318,0.008818976192432227,0.0003580818640199168,1.9006099479793721e-06,0.00021802926023365413,0.9906030120733662
319,0.007541413123468419,0.0007973532516916691,7.048383745780787e-06,0.0006136990821512255,0.9910404861589428
320,0.005101964224965279,0.0009964338610206802,1.8841862926138736e-05,0.0010215505654320774,0.9928612094856558
321,0.0011171919815876452,0.00035915981749467277,3.070024418872011e-06,0.00039423104730594886,0.9981263471291929
322,0.005152558714907192,0.000499825922605335,8.689014001903547e-06,0.0003160502425679212,0.9940228761059178
323,0.004634571940957744,0.0008888564694092359,1.3346865100966253e-05,0.0006515457005292506,0.9938116790240028
324,0.0033933986109566886,0.0008084635818533711,2.0217291410235992e-05,0.0011968297350695024,0.9945810907807102
325,0.016959691382353072,0.0009782359747121437,1.5369859828667655e-05,0.0006052785647934453,0.9814414242183128
326,0.053654947669996914,0.0136633885160702,0.00023392307097838097,0.009695735093151628,0.9227520056498029
327,0.010709888859028367,0.00313588380434472,6.6701371964319e-05,0.002079224723237492,0.9840083012414251
328,0.008838525275720308,0.0018759731012720454,2.2945693076720745e-05,0.0011407709278048511,0.988121785002126
329,0.13143893872474544,0.02995846152619479,0.0003290654646489279,0.015436412461063979,0.8228371218233469
330,0.1076053674178487,0.01116735011695162,8.273519469815938e-05,0.004657055367708158,0.8764874919027933
331,0.5837226356277455,0.3594274370745154,0.0005464137504298338,0.021072209094387732,0.03523130445292162
332,0.23136564050867056,0.714573231429918,0.0012497767985478645,0.027806305692580583,0.02500504557028294
333,0.4367824880869314,0.4218248632358912,0.00030996707742321874,0.12296507363692136,0.018117607962832682
334,0.22002379703983455,0.5270386943819938,0.0019927593603665666,0.20936516425368307,0.041579584964122035
335,0.10929676259967781,0.4244398695009918,0.011474009931944987,0.06982451273191918,0.3849648452354663
336,0.02814676878302517,0.014739901874378883,2.643606336752255e-05,0.01098725210074068,0.9460996411784878
337,0.21100977090441747,0.0426974021808191,4.488291042847296e-05,0.02905040438221284,0.7171975396221221
338,0.4879193013770601,0.384135201182215,0.0003919339317057084,0.06387500743947766,0.06367855606954147
339,0.749411061439684,0.17264036555025353,0.0005679994507640879,0.06270998837651275,0.014670585182785755
340,0.34899484617899856,0.4580934475746465,0.0006665360996140793,0.14493053427728342,0.04731463586945747
341,0.20210126292723357,0.5483240787743708,0.001754374006768214,0.23278350188537358,0.015036782406253899
342,0.20106662734701133,0.4554440763526212,0.00033831887496770256,0.3201134354931663,0.02303754193223359
343,0.1862554819019978,0.1910915696690932,0.0006593470136894474,0.6044874081139623,0.01750619330125718
344,0.18531644717426182,0.18537113047830106,0.0002171262665056614,0.6201527443608907,0.008942551720040654
345,0.1760119523737996,0.1512302716909102,0.0008487605539943637,0.6603457529093446,0.01156326247195131
346,0.1619162796694584,0.1717232487175188,0.0005709048333160376,0.6500074830358767,0.015782083743830083
347,0.15963931841723866,0.3683304367196508,0.000620774212682861,0.4621180605477933,0.009291410102634375
348,0.12169299346416368,0.5442591915106053,0.001416912510741713,0.32810441500176235,0.004526487512726918
349,0.14401968834368592,0.1340808047775599,0.00028225026805081874,0.6685898089009789,0.05302744770972454
350,0.15419488597808367,0.17084461813353863,0.0010607331384031062,0.651138687895497,0.022761074854477512
351,0.17949985157097387,0.2607721251402343,0.001775962389462564,0.539276383877064,0.01867567702226542
352,0.15961517384647625,0.34065179653816785,0.0005710649140869929,0.481725646997013,0.017436317704255962
353,0.2392213273625777,0.14855367270338501,0.0006063274186467609,0.5936542101339347,0.017964462381455753
354,0.05776578617767725,0.7795420793498934,0.0038452309882000255,0.15252667512510765,0.00632022835912154
355,0.05480361699530927,0.668570080501972,0.0038891650152151963,0.26844146745728187,0.0042956700302217
356,0.11992504071712891,0.6444904611934378,0.0009110239017253311,0.22620908567993528,0.008464388507772702
357,0.05451255540753592,0.5989596445618197,0.0012849247314447448,0.33984703734251,0.005395837956689642
358,0.07437489630879844,0.5752323909092129,0.0008591122140261538,0.3452501263143403,0.004283474253622231
359,0.12959397392678895,0.1011995876118896,0.00011123090282459228,0.5762792017226637,0.19281600583583317
360,0.09531673907681933,0.5975837276033877,0.001234039978598974,0.3018100840505605,0.004055409290633513
361,0.11318010096152824,0.43311189462343497,0.0013102257234270064,0.44487411923463677,0.007523659456972845
362,0.06117697485343943,0.6604278503417562,0.0021823823267244206,0.2709081209199721,0.0053046715581078424
363,0.03444344356316718,0.6413524791529702,0.0015786901931464448,0.31767447445453934,0.004950912636176785
364,0.14543834454876226,0.22466718324902346,0.0006521801993355842,0.2553619232454904,0.37388036875738845
365,0.2589460312277051,0.16305251910762036,0.00021073693332373391,0.47392181677559264,0.10386889595575834
366,0.30617427481064086,0.40858556948719693,0.000498732744932788,0.26547283056710874,0.019268592390120572
367,0.482220213087378,0.31011315497883934,0.0004772909277464774,0.16839832968494575,0.03879101132109039
368,0.401397384726621,0.2945119708802114,0.00016669013015800004,0.197877909241853,0.10604604502115668
369,0.23637436969354159,0.46452614242784596,0.0015369967849331698,0.27578498643956545,0.02177750465411373
370,0.3343156870016037,0.3778359430980914,0.0014131903788319373,0.27102721623433745,0.01540796328713555
