epoch,N1,N2,N3,R,W
0,0.020553707423547382,0.0013913890325018864,2.4596240141954107e-06,0.0028388916267978554,0.9752135522931387
1,0.025582858694806882,0.0017406822163112848,3.424815086615328e-06,0.004210827771570492,0.9684622065022248
2,0.011269896427603244,0.0021165464370288007,2.5249321735129025e-06,0.005756688504553229,0.9808543436986412
3,0.011838693351754992,0.0015382256417712553,4.159515822776654e-06,0.002294892040972426,0.9843240294496786
4,0.016560866429827542,0.003017838213881754,4.0843592121300535e-06,0.008443489753681163,0.9719737212433974
5,0.009911132976614832,0.002659041083617211,4.891971744492308e-06,0.0017482111170270583,0.9856767228509964
6,0.016527458236142347,0.0057400484641055025,3.2344789147390283e-06,0.008106064921182056,0.9696231938996555
7,0.10161404632803406,0.025697255710966028,1.099522195830215e-05,0.027888535950399095,0.8447891667886425
8,0.1666955470313661,0.024058300611149313,1.242157648714552e-05,0.03776083696095744,0.77147289382004
9,0.019286881940793067,0.004996681441482755,9.216771919027167e-06,0.013765949235106177,0.9619412706106989
10,0.22410944290640167,0.10845227342462735,6.862907583894843e-05,0.13102065887075529,0.5363489957223768
11,0.0399148189684644,0.03400331676307251,1.7902144172097287e-05,0.05896439896869689,0.8670995631555941
12,0.08369073430397787,0.0389861935514088,5.9933194996085383e-05,0.04148022726331714,0.8357829116863001
13,0.14508072201853597,0.0566902286627709,1.7683109316734545e-05,0.11602777435004089,0.6821835918593355
14,0.2852276610316138,0.077180338685347,2.3020548630257713e-05,0.1659247445306055,0.4716442352038036
15,0.2412820977468098,0.055927265310390814,2.9877937071644535e-05,0.13931620262180527,0.5634445563839224
16,0.23015284063026414,0.0907841261461277,6.622032483609196e-05,0.1645618987778716,0.5144349141209005
17,0.24917238554142615,0.049578245149063845,2.754796486039944e-05,0.12178365267745639,0.5794381686671932
18,0.24526975791464348,0.12384221164646289,8.031208655691775e-05,0.19202156918313598,0.4387861491692006
19,0.23875805025002494,0.045488309148519264,2.343726617736773e-05,0.08283958475710924,0.6328906185781692
20,0.22516581959242585,0.307038875020668,0.00042441657094001705,0.08546187823283899,0.3819090105831272
21,0.1698053195250024,0.22997894490168452,0.00021831593167535905,0.07485069767489155,0.5251467219667462
22,0.11339028460584297,0.07333168543091671,2.439149090205976e-05,0.07882188729098621,0.7344317511813522
23,0.24557027084308533,0.16375049045003487,0.00014527447647854483,0.0928929485969577,0.49764101563344354
24,0.1480606923664251,0.3874864698589458,0.00018170250014386778,0.12017414565771006,0.34409698961677515
25,0.19793298948473084,0.07824477078025305,9.945383112653025e-06,0.06198063300593231,0.6618316613459712
26,0.29414277264061534,0.28142370245813336,5.128877050331001e-05,0.04155596883436818,0.3828262672963798
27,0.02527470769871482,0.036290475762677715,8.240123100440278e-06,0.015100459882380141,0.9233261165331269
28,0.1088581478613278,0.028338469326195933,0.00034594036140860295,0.009779631742677443,0.8526778107083902
29,0.0035363721481302323,0.0011577329758974645,4.174525771242559e-05,0.0003773811086527176,0.9948867685096072
30,0.056726741518912764,0.029837682429896206,0.00014479736031318695,0.05173240602411877,0.861558372666759
31,0.003097112405219295,0.0014994982668667333,0.0001382938390182663,0.0002979874610007227,0.994967108027895
32,0.00019218592000723412,0.00013038321262709432,3.668520032684747e-05,6.834244783764126e-06,0.999633911422255
33,0.0012756661697286733,0.0002322470944478318,6.33041792566814e-05,1.4087499594187145e-05,0.9984146950569727
34,0.03640107814996637,0.003403044942646458,3.133732949956868e-05,0.000828800771980417,0.9593357388059072
35,0.0025539992481940707,0.0008738075001622799,7.739981720983121e-05,8.778289709878403e-05,0.9964070105373349
36,0.029231890022716294,0.004656199621910483,7.334235485071216e-05,0.0033003116528193604,0.9627382563477032
37,0.026894437649109967,0.007684626955095802,6.865345236350364e-05,0.02412985820591762,0.9412224237375131
38,0.007610746163556242,0.004115499090168329,6.377422147670845e-05,0.004358174613130881,0.9838518059116679
39,0.19732472698737635,0.04696653902212586,9.3571718082859e-05,0.3588908280315356,0.3967243342408794
40,0.1426339910790193,0.11541190420248955,0.00015907270857843826,0.07346869202597092,0.6683263399839418
41,0.13354557561849723,0.23985568841825353,0.00035997034296359647,0.08149391577418509,0.5447448498461006
42,0.11924676059688577,0.1338008614334008,0.00022491045457062445,0.06489200246021698,0.6818354650549258
43,0.14353724170694615,0.12390519526803676,8.743786964135635e-05,0.033560322018797294,0.6989098031365785
44,0.018500116755639093,0.02951717061825718,0.00012123924021671483,0.003219341197874545,0.9486421321880124
45,0.011906752193776233,0.01685975388053834,0.0002109956790508531,0.0020442479475126646,0.9689782502991219
46,0.004059710461909805,0.005928862578039593,0.0005397272585822174,0.00010836617629188384,0.9893633335251765
47,0.0023105239630227376,0.0028749910475439054,0.00020373731241657742,3.838469903348158e-05,0.9945723629779833
48,0.0019716276700115424,0.002014185360030334,0.00019158020375961894,2.0345302181600268e-05,0.9958022614640168
49,0.0018885312077037341,0.0009727378103672387,0.00011608408065997353,1.3684128375897689e-05,0.9970089627728931
50,0.0020715518962016065,0.0012122841127572242,6.223309002351571e-05,2.814979085895424e-05,0.9966257811101586
51,0.003855807187492539,0.0033496369222673025,0.00020038812471255516,2.650340653642004e-05,0.9925676643589911
52,0.0025496192741468107,0.0016154398632796758,5.6019828787852326e-05,2.7396610153238833e-05,0.9957515244236325
53,0.008317274261318303,0.007218478657721528,0.0015450582340878246,6.5202766440704e-05,0.9828539860804317
54,0.00836225228694707,0.007043892210879305,0.0001916928280507723,9.954773636530767e-05,0.9843026149377576
55,0.007903206998339638,0.0053423866044439395,0.0007500137957473534,7.273860096076717e-05,0.9859316540005084
56,0.005539509648059984,0.002454852383211257,0.0009266068089905282,4.780021559325334e-05,0.9910312309441449
57,0.0030414767705044697,0.0015710302093452384,0.00032091136926844433,2.863065924720054e-05,0.9950379509916345
58,0.00029436337398429363,0.00030752075685130535,0.00011353583684416394,1.0132807697989153e-05,0.9992744472246221
59,0.0006170757467359321,0.0002737795913261937,7.071968560326653e-05,2.8752400261613286e-06,0.9990355497363084
60,0.00033718854208927574,0.0002796427943706383,0.00012641607714916644,2.2675171504506627e-06,0.9992544850692404
61,0.0035215334824081467,0.0057642873101177005,0.0024779529075360665,4.9817798444072897e-05,0.9881864085014941
62,0.0008439935413179802,0.000809603642060928,0.00014832475569711691,7.835635581378122e-06,0.9981902424253425
63,0.0010578397657066063,0.0005910217871708254,0.00023058325838937036,8.436309927965545e-06,0.9981121188788052
64,0.002503093811313518,0.0009975357520493582,3.8719728847798114e-05,5.12646369226473e-05,0.9964093860708666
65,0.002391339030342417,0.000455236566892652,8.600321060667165e-06,0.0003593209652528425,0.9967855031164514
66,0.0015790252598413316,0.0003816117711763175,7.3860346633671474e-06,0.0006070318292484314,0.9974249451050704
67,0.007255382891035022,0.001940939362902826,2.3521194726075837e-05,0.0010741315399811638,0.9897060250113549
68,0.026883137059274354,0.02013069736083593,0.00018963663121171468,0.0014206486035788374,0.9513758803450991
69,0.016270004213190713,0.0033849412275342955,1.9136139940532016e-05,0.0041468522827427905,0.9761790661365917
70,0.0316744520075596,0.008877975699914952,0.00010420259410254879,0.008650224000897698,0.9506931456975252
71,0.05891557104089747,0.006945544357942546,5.707547713114612e-05,0.016402869181510533,0.9176789399425184
72,0.04017694121265015,0.0036905960622669095,1.5415170176108022e-05,0.003204119761588693,0.9529129277933182
73,0.004765701204942523,0.004848941670676041,0.000488507003690579,0.0002627873137640017,0.9896340628069269
74,0.001069389340669092,0.00199966026860418,0.00016290788308887842,2.88808607937757e-05,0.9967391616468441
75,0.0015181766626851233,0.0015071291845461178,0.00010523681528749674,2.355239568265654e-05,0.9968459049417986
76,0.021531294075967176,0.004312322653535426,7.871777776067948e-05,0.0001879643355731862,0.9738897011571636
77,0.011903237211124205,0.00460271561262463,0.00046466936591457676,0.00018829204699176837,0.9828410857633448
78,0.0023097673686465875,0.0010505565440117508,0.00010801239477026953,7.541082744734099e-05,0.9964562528651241
79,0.007874767502081425,0.0026358893471363095,7.389956230763762e-05,0.0006325993020902573,0.9887828442863843
80,0.006446971830397888,0.0031513740367332603,0.00032510453398474607,0.00026348623500828134,0.9898130633638759
81,0.0007154953041230631,0.00037967779626672224,4.699058456217727e-05,9.65641993055474e-06,0.9988481798951175
82,0.001244456702136791,0.0005802300190053274,4.170712100383587e-05,1.758635587140675e-05,0.9981160198019826
83,0.0006886863854184908,0.00033719686483161464,7.050628820147808e-05,1.521672976265828e-05,0.9988883937317857
84,0.005942647011695292,0.0020340269226128433,0.0002586972838289278,6.773726922104145e-05,0.9916968915126418
85,0.009425056138486874,0.005018325437848412,8.143617504534974e-05,0.00021151419245152357,0.9852636680561678
86,0.0035977470687020203,0.0034580479541941656,0.0007551569476212817,0.00018691289396204208,0.9920021351355205
87,0.003700963335140174,0.0023194780704880995,9.549386940333154e-05,0.0003665735779904604,0.9935174911469778
88,0.007495871843880974,0.004328664104545272,5.336375795998686e-05,0.0011391333915937044,0.98698296690202
89,0.001585259590404028,0.0008669371974094021,2.5040800688473647e-05,0.0001551347056463875,0.9973676277058516
90,0.028326767993768005,0.007971465115760207,2.8756794979740315e-05,0.006078890668799163,0.9575941194266929
91,0.00910562862038453,0.004007459994802039,2.3345011469315448e-05,0.0010701095626843228,0.9857934568106597
92,0.008184608901605262,0.0036092548095357805,1.3943097657770597e-05,0.0010653587617241694,0.987126834429477
93,0.0021573519220421224,0.0014040590343256418,0.00028037734537846715,0.00010396182981325488,0.9960542498684405
94,0.00044270011218847056,0.0009374337598037813,0.00030123121938323673,3.19968378892285e-05,0.9982866380707353
95,0.0014849784847140626,0.00027756586433514747,1.1658849429324528e-05,0.00010399243242851916,0.998121804369093
96,0.00038239116314582236,0.00017223901136910016,6.423320421394857e-05,9.491403675820065e-06,0.9993716452175954
97,0.001937007831136704,0.0019223491801946052,0.0005954930393804512,3.411990793268707e-05,0.9955110300413555
98,0.0006539160097226529,0.0004832030846465411,4.976710454475275e-05,2.1524974118284136e-05,0.9987915888269678
99,0.020262801452804374,0.010056358775226086,7.41779741435122e-05,0.0003749528737100501,0.9692317089241159
100,0.0016323225625369433,0.0006614025395531124,1.688208911644372e-05,0.0004662092506951077,0.9972231835580984
101,0.0025741737169042754,0.0040984397341416465,0.000313921858638627,0.0002262285024308286,0.9927872361878846
102,0.0026262943894012915,0.0013932392700215848,7.09074562689695e-05,0.00021396175090727132,0.9956955971334008
103,0.0007228028241623227,0.0005100652981707765,0.00017003147639171792,5.4017549515002066e-05,0.9985430828517602
104,0.01899014584049015,0.02347274339530972,0.0010204716205119816,0.0008544650630661297,0.955662174080622
105,0.002074670848189862,0.0030244198737511244,0.00018971523869683234,0.00011941038121345137,0.9945917836581487
106,0.0029363819276323326,0.006559426894381777,0.00022808554589080087,8.885304937923266e-05,0.9901872525827159
107,0.007971601189404652,0.004653893969825123,5.090521247548616e-05,0.0006163048535328026,0.9867072947747619
108,0.0031280531882396444,0.004802556204498258,0.00060361457226941,8.86282461636986e-05,0.9913771477888291
109,0.0011042308988430407,0.0030843782758385335,0.0006129864926632189,5.1797537356596224e-05,0.9951466067952985
110,0.0002742800635196705,0.0012923801643069056,0.00041321274558009846,2.2711882369006203e-05,0.9979974151442244
111,0.000448286475114476,0.0017049768609170065,0.0005620902980801634,4.853751625508717e-05,0.9972361088496332
112,0.0013791324979331792,0.004065199416137791,0.0004941171239409068,7.025701872399845e-05,0.993991293943264
113,0.0007415286132687276,0.0023928665793114968,0.00014291659839211346,4.4655788802410426e-05,0.9966780324202252
114,0.0013314629900162995,0.004627214912325958,0.0026010944679925652,0.00013341449123588164,0.9913068131384292
115,0.0003206476562553865,0.0009499904994401942,0.00035715141200813203,4.8759282305941236e-05,0.9983234511499903
116,0.0009071787411710816,0.001990183814071617,0.00025430133564893407,7.776719239678384e-05,0.9967705689167117
117,0.0012774933186362493,0.0016577789383224587,2.6591473440484604e-05,0.00012767380169963875,0.996910462467901
118,0.0006979779646812235,0.0007303754770665701,2.605687479904371e-05,9.81052725142004e-05,0.9984474844109389
119,0.0004349939567207938,0.0004972148891027313,2.0575899938693897e-05,0.00019373912192007853,0.9988534761323177
120,0.0009377393816618213,0.000589872198092357,2.043946819195015e-05,0.00043283512686586,0.998019113825188
121,0.0013728083753281495,0.000912553178017318,2.787370377717296e-05,0.0010541937471670467,0.9966325709957102
122,0.0009587225553649249,0.0006651736765516051,1.8730713847363306e-05,0.00025475704335702423,0.998102616010879
123,0.0008161164903691819,0.0008606433476794139,0.0004577980463305502,0.0005301701529606027,0.9973352719626603
124,0.0010947213336643198,0.00022015399662024594,5.388682345122336e-06,0.0011898871394153783,0.9974898488479549
125,0.0029711138736744753,0.0010809365771235833,0.0001832916192612254,0.0007122496587282704,0.9950524082712123
126,0.007451780732378256,0.001699701799248762,8.96953700874871e-05,0.0009285508348105901,0.9898302712634749
127,0.0023800296341811235,0.0009714819261222624,2.4087422635142468e-05,0.0014416510506058589,0.9951827499664557
128,0.004234175448494398,0.0005285359835762586,1.5753725401759192e-05,0.005485031288561384,0.9897365035539664
129,0.00549742793946455,0.000717250855480173,2.1012800504137415e-05,0.01106929240861035,0.9826950159959408
130,0.026061947832846346,0.005223023636883123,9.559053783190517e-06,0.00693700426854236,0.9617684652079451
131,0.05161745355479859,0.0049009925416226025,9.09508351720193e-06,0.040731178980568404,0.9027412798394931
132,0.11450073254389057,0.007584531376048455,2.2251661347464657e-05,0.03571278079138326,0.8421797036273303
133,0.38527929490142354,0.0279522367563205,4.6337172478873266e-05,0.1511670645668545,0.4355550666029227
134,0.1837838597897339,0.03148038913970297,3.5772533478676696e-05,0.11626765255839314,0.6684323259786913
135,0.27825217131915586,0.06448164805164275,0.00020008134253801484,0.3008267720772719,0.35623932720939144
136,0.11115629516058584,0.04366375580343484,0.00014726462601539166,0.04420237169803196,0.800830312711932
137,0.14034402602652643,0.12139948148883573,4.5624093983728754e-05,0.06582519603272355,0.6723856723579306
138,0.3289816109724515,0.24512687909604686,9.35953945646696e-05,0.2387044498916769,0.1870934646452601
139,0.1841657202542513,0.29210817643526177,5.7991864909374834e-05,0.3440780388989346,0.17959007254664283
140,0.13295634243016774,0.4655355498862085,0.001094406472671351,0.14081609771183665,0.25959760349911576
141,0.21723770527385558,0.47180685337578776,8.651837126419385e-05,0.22930286423542254,0.08156605874366982
142,0.10060464562843732,0.7545015850757621,0.0007040304672388452,0.07840683284430203,0.06578290598425982
143,0.11987278787382183,0.4330636916070895,0.0017024717718659849,0.12453531382930168,0.320825734917921
144,0.04531226331145541,0.9056947857628356,0.000585600540498129,0.04194997631352466,0.006457374071686336
145,0.17626783448866312,0.6167956678045804,0.0014481231099331537,0.09661870257604378,0.10886967202077973
146,0.08895973186658097,0.7938346997477698,0.0019663252077875564,0.07917874674362482,0.03606049643423687
147,0.13148076349886478,0.765174973747672,0.004049489586621998,0.055683885755016205,0.043610887411825026
148,0.05837654099569071,0.886469769565695,0.012113765419662007,0.028261055456599585,0.014778868562352877
149,0.04957397179913535,0.9054372232756199,0.004388275062108446,0.027037354318737637,0.013563175544398781
150,0.02714997059949462,0.9274574676578847,0.007012953020426299,0.03502453129021467,0.0033550774319797776
151,0.02430777937411639,0.11653754009309923,0.004236263696888133,0.011509919358889375,0.8434084974770069
152,0.0008913139919729159,0.003837990817871239,0.0003657290264234279,0.010095481947957516,0.984809484215775
153,0.0010545028088057421,0.002606846636299875,0.0003671611197948236,0.00013452854250531668,0.9958369608925942
154,0.005757583116603184,0.000802971970808445,1.4240586437841768e-05,0.00035710141822197297,0.9930681029079285
155,0.003689322280869605,0.000790778688914258,1.0012830746074516e-05,0.0009521296645940727,0.9945577565348761
156,0.011538184836736924,0.0020325798277734566,7.174824169223235e-06,0.002444838408545328,0.983977222102775
157,0.038143214148340696,0.014031454021533883,0.0008829249508913913,0.01497912837584825,0.9319632785033858
158,0.01718662549476684,0.005024324401350736,9.033729794924274e-06,0.03641368971514427,0.9413663266589433
159,0.1262714514778702,0.06248766750821112,2.5217190378922543e-05,0.3219729798919253,0.4892426839316144
160,0.19257370006745786,0.12132524857839727,9.409344462853921e-05,0.42977514005371403,0.2562318178558022
161,0.14960715288094023,0.10183957977778438,8.33093998823563e-05,0.5462869255369548,0.20218303240443827
162,0.28381882469181086,0.08640244943613977,3.8716952133671324e-05,0.580092617761265,0.049647391158650814
163,0.2887787511318208,0.15389341650025054,6.112493697291758e-05,0.462041424239546,0.09522528319140973
164,0.17914802650870032,0.12284858400729091,4.3061360805978085e-05,0.673211651956005,0.024748676167197777
165,0.1049469942682559,0.320444200118327,0.0001163268454089462,0.5423526357018736,0.03213984306613438
166,0.0873743840334612,0.5943674334535055,0.00018018025227377598,0.30713346028148786,0.010944541979271527
167,0.16918781162277208,0.5702408370209523,0.029383231098752825,0.09565289235867684,0.13553522789884592
168,0.08503763379636517,0.7988024955996853,0.0018893466185398462,0.10347007600653896,0.01080044797887087
169,0.015720171073587096,0.9708439805646276,0.0035159643169152457,0.007344986256527507,0.0025748977883427344
170,0.044540240897136284,0.8986872032177389,0.03594532943861977,0.00727259185295792,0.013554634593547294
171,0.06278402267360368,0.7675833727912352,0.009863000767727389,0.033060375087898046,0.12670922867953555
172,0.07867513486611741,0.7725381692869739,0.10883753069469049,0.0065440211069283825,0.03340514404528973
173,0.04156323637445808,0.7890130363233522,0.033364153888255615,0.009424412953291796,0.12663516046064252
174,0.0008954073274034816,0.0016935335134810215,0.0003936644438156036,0.0002754227310054302,0.9967419719842945
175,0.0007403343848968167,0.001605308481668694,0.0002504981705807029,0.00011600604936285014,0.997287852913491
176,0.0013701502252287706,0.0019725644600707736,0.00035200110463066986,7.346000635976869e-05,0.99623182420371
177,0.0029540166873522683,0.0013830341827770888,0.00018219703391746334,6.815902855732333e-05,0.9954125930673959
178,0.004019014467278059,0.0007615145405274551,1.9249852537985257e-05,0.00029333517922103556,0.9949068859604354
179,0.5385285490709656,0.028222323601580057,0.00037163454214391844,0.03580106982757498,0.3970764229577355
180,0.4691135505858951,0.1504104691063946,0.00380193349721169,0.22535399829359448,0.1513200485169041
181,0.3094046692740076,0.20728600520787507,0.00010505611280306045,0.3871370736973618,0.0960671957079525
182,0.31023778108012784,0.36899433040821134,8.331299577498649e-05,0.2630597614778796,0.057624814038006386
183,0.048034107637044125,0.5218424773777718,0.0002278275381755778,0.4026353118122465,0.0272602756347619
184,0.052737439956882154,0.6719291092350128,0.00024461762847486946,0.25884180867170337,0.016247024507926703
185,0.03998422796903465,0.39819165583193555,0.00023256224630712258,0.5503151647134292,0.011276389239293378
186,0.025929808785330778,0.9142734998273448,0.006683798012590651,0.04641143399046466,0.006701459384269002
187,0.03754557881874543,0.8872296711492129,0.0005435909582038352,0.056747669350838116,0.01793348972299994
188,0.007747484536684163,0.9734511117915934,0.01489757784842987,0.0027905499153413923,0.0011132759079511992
189,0.061377938534397845,0.8363307033668405,0.007651620139076782,0.019894432764726386,0.07474530519495858
190,0.006848558314038218,0.967511888280477,0.019557340012245416,0.001799155475287965,0.004283057917951457
191,0.00952310347349315,0.4744481390013936,0.4917506068810258,0.012116987932990753,0.012161162711096735
192,0.3215859267149829,0.48802734022660843,0.02505878348442662,0.023536658800100106,0.1417912907738819
193,0.020978460131325604,0.6607914487078246,0.29801715968930736,0.004479618651549611,0.015733312819992674
194,0.18172240744491724,0.5158474726820634,0.1440593921416817,0.03355583192504691,0.12481489580629061
195,0.06557305485873773,0.11700391933005569,0.5943163208649284,0.08061501881281069,0.14249168613346738
196,0.09520383583461735,0.3481773121531444,0.2597599162551583,0.009679413827322642,0.28717952192975715
197,0.12954752396375763,0.08757443634085003,0.16586565317338473,0.02014580677159029,0.5968665797504173
198,0.26094820475014435,0.3327595691794509,0.3147935969594445,0.006120915433371922,0.08537771367758845
199,0.08383687006795167,0.5373409442181251,0.2774419747045051,0.006180054695473737,0.0952001563139445
200,0.015268679566900456,0.4488497776076168,0.50483073299504,0.0019318211327852158,0.02911898869765743
201,0.18074455393952904,0.5111211573441121,0.2767437002338582,0.016556026989941824,0.01483456149255882
202,0.008684487974963444,0.48983725664756467,0.4853978651330291,0.002039257160013804,0.014041133084428878
203,0.02679889873535329,0.8416144361572487,0.10432344423653044,0.003061440569203193,0.024201780301664387
204,0.08433286658720349,0.7141781630469977,0.16641401455191446,0.010232326893157388,0.024842628920727063
205,0.05737386305875014,0.7811297415357603,0.1334063694410281,0.006747022779325593,0.021343003185135975
206,0.049563270671261934,0.5762889087376013,0.338549022793063,0.014929395649151809,0.020669402148921868
207,0.009287086582942826,0.025243633580591934,0.0053617097929640626,0.002009401610851571,0.9580981684326495
208,0.0036010199835055747,0.00819906735812717,0.0023469002156485553,0.00019497118129586686,0.9856580412614229
209,0.19442052914783509,0.12722088366469003,0.0030506699759594675,0.004255191324837619,0.6710527258866779
210,0.6336034478433228,0.29731167745730613,0.00384271413308104,0.004670309027978287,0.06057185153831184
211,0.21818249956280783,0.7090141398495382,0.007158587315913427,0.030660458515376608,0.034984314756363995
212,0.04331302292599213,0.8953972703895213,0.01276179658393749,0.025775029353802638,0.022752880746746473
213,0.0029994436542395823,0.01914064228832528,0.0054660014641423225,0.0059736116176380425,0.9664203009756548
214,0.016567062844261814,0.018538582512211063,0.001341742071045259,0.005386578462364521,0.9581660341101174
215,0.32991865710223917,0.3422757750556441,0.0033956676338253505,0.05822473967039988,0.26618516053789165
216,0.4740900106959187,0.33068966685593676,0.0026696118572289555,0.038021890976509744,0.1545288196144058
217,0.21094329097966127,0.44846729286010617,0.0013889643651985488,0.12580823179840853,0.21339221999662542
218,0.1307007567445251,0.6557630489719427,0.0016208567833586535,0.1359051738088167,0.07601016369135692
219,0.07031844576285837,0.8352368215282414,0.0026235849460728156,0.07824494829086072,0.01357619947196675
220,0.0602490203679175,0.34658602142063083,0.021458217212378568,0.0801220440369258,0.4915846969621472
221,0.005398460125609399,0.021661714939091505,0.0024793678764500997,0.0060984114433876935,0.9643620456154613
222,0.019582944525692633,0.015981149790171224,0.00028919990240441716,0.0016316818393114925,0.9625150239424203
223,0.3183229896030943,0.1659692563138015,0.0010670751680228801,0.007420730938371212,0.5072199479767101
224,0.20237428112041175,0.10288403202622111,0.0022160094142697384,0.0023640050206317656,0.6901616724184656
225,0.49360820163484004,0.3665955267057507,0.0018735867939938733,0.060488954129466664,0.07743373073594872
226,0.29483353376719573,0.5476410528982877,0.0011672496689015385,0.09761478522715322,0.05874337843846182
227,0.32645599374581313,0.3092676474887609,0.004899329692950884,0.11240174654624298,0.24697528252623208
228,0.21048000053766147,0.13527505553459848,0.0006953734296090943,0.11969972484764123,0.5338498456504897
229,0.44815380631574,0.16302546879539156,0.02102180356364237,0.05098181537053144,0.3168171059546946
230,0.05381618018138711,0.03989023019307846,0.0178526321657058,0.005531937448184998,0.8829090200116435
231,0.010138613345808449,0.010459207482996632,0.002603706548241486,0.002001860804343626,0.9747966118186097
232,0.0016234900034343062,0.0019143568964106923,0.0006772876311824054,0.00027321672912705724,0.9955116487398454
233,0.0065479843921465615,0.00379993177772786,0.0006367199314177015,0.00023158162130879843,0.988783782277399
234,0.08206685594470042,0.02392292654909918,0.004785575514610291,0.0016299990470967961,0.8875946429444934
235,0.16440512159310894,0.061047097322112324,0.0012870543723488132,0.020891783496562778,0.7523689432158671
236,0.3479111771509208,0.05370664383201428,0.0014501391387509446,0.1583319262763414,0.4386001136019726
237,0.1751519875928326,0.10349395620073365,0.00036432663161779273,0.6036106335959227,0.11737909597889318
238,0.09228502853563393,0.06746487369838419,4.732383891453845e-05,0.7669221244721686,0.07328064945489886
239,0.10732953782869899,0.05728547162482923,4.276461950836735e-05,0.7483356839356822,0.08700654199128122
240,0.024904636861142693,0.024558805799428714,0.0027063743518062258,0.10000102896656524,0.8478291540210572
241,0.015078468427120911,0.007325969955737196,0.00034322929462231376,0.011236582127266014,0.9660157501952537
242,0.03722252234577352,0.0142733857016297,0.0004520291128386064,0.00801576378662975,0.9400362990531285
243,0.035822636788154665,0.010522356362878,0.00046695930496410304,0.002452555002601668,0.9507354925414017
244,0.03577170624010503,0.023601605367886243,0.0013983777382467867,0.00565043347257739,0.9335778771811847
245,0.2249994674329387,0.07843432130132529,0.0011193429866288853,0.570808626188667,0.12463824209044
246,0.130653237296038,0.11153173760509504,0.000750092281501493,0.27745065578614725,0.47961427703121834
247,0.0627409679313069,0.06761451477911075,0.003643898856266029,0.029326524937947088,0.8366740934953693
248,0.005132424463694933,0.004636170803648861,0.00043637065393456974,0.003530249068217791,0.9862647850105037
249,0.001580657801928805,0.0013800611228963883,0.00028811828647906255,0.00033496799265024996,0.9964161947960456
250,0.0014356106931740433,0.0003840109836597776,0.00016238134795279368,0.0002277610322032984,0.9977902359430101
251,0.002661879393921844,0.0003487262624824057,4.359753932682423e-05,0.0002812094633446882,0.9966645873409242
252,0.062033997839919454,0.006177785143204571,0.0001412638551810871,0.0040724164050866115,0.9275745367566083
253,0.013388082495712673,0.002860719497746766,0.0003554611152576059,0.0030997508057175214,0.9802959860855655
254,0.2532777127477426,0.04062608055480176,0.00012719447894253975,0.24200993139058968,0.46395908082792336
255,0.17676716239726303,0.017656051345544252,0.0001955254238209826,0.16495509671081454,0.6404261641225572
256,0.21749382630068245,0.027562035296147515,0.00020809412469610623,0.6681083866383234,0.08662765764015053
257,0.26449747795711454,0.05131283275376185,0.00033480545001827127,0.559573915166665,0.12428096867244028
258,0.023591629446505828,0.01589352866494377,0.00195309660338999,0.06048390497896411,0.8980778403061963
259,0.07359104965710632,0.02628914325955546,0.00504230359963143,0.41066516312344714,0.4844123403602596
260,0.022966598197952492,0.006710248797928254,0.0002846289527100978,0.015110355867177103,0.954928168184232
261,0.404314975113528,0.05036856697610241,0.000720375542234353,0.3290981651282828,0.21549791723985243
262,0.5582532618793372,0.10521218520646364,0.001225717498936583,0.12653512329226724,0.20877371212299536
263,0.25631301830653963,0.08228479378966833,0.0023905628535020908,0.41919863140040947,0.2398129936498805
264,0.20604718185070584,0.3594453004466868,0.0016631847407887774,0.20231337611266667,0.23053095684915192
265,0.016036213689941233,0.06320220713752925,0.004544243503058756,0.037257019184772186,0.8789603164846986
266,0.004424409878216238,0.0241414863058844,0.014591699589491686,0.0058749654423474375,0.9509674387840602
267,0.006385965984152023,0.025488577396178956,0.014415724393649543,0.001026623694206475,0.9526831085318129
268,0.011842450131678967,0.017093875756372445,0.0048160551914438465,0.0006659409891198927,0.9655816779313848
269,0.016613751157790443,0.01863660734301806,0.0072439397265853574,0.0003854957469921795,0.9571202060256139
270,0.003910228437122599,0.0037519600502456006,0.0014371393694934964,0.000156795182734559,0.9907438769604038
271,0.008252110795584322,0.01343822332536418,0.0022065876808031767,0.00024209964946757956,0.9758609785487807
272,0.00466231583878708,0.006469155678567447,0.0009733552338824532,0.0004083894201050831,0.9874867838286578
273,0.01596842463488061,0.007878362950174654,0.0020954494613651515,0.0003379280902602808,0.9737198348633193
274,0.002638038104293635,0.004983964806485174,0.002358510168449387,0.00023623581368805018,0.9897832511070837
275,0.010620759514815281,0.008708552816957309,0.00024201029503362903,0.00048351111059037003,0.9799451662626034
276,0.016399868871029902,0.010688416312976238,0.0015000923682878847,0.0007106589906607857,0.9707009634570452
277,0.009097477666066629,0.006335016016368771,0.0005216795026220132,0.0004464793209383339,0.9835993474940044
278,0.003560506321871872,0.0059018941463755675,0.0008661601683047475,0.00032833996605480877,0.989343099397393
279,0.01892044870043412,0.01339162545401439,0.001725181515597609,0.00103177962659378,0.96493096470336
280,0.003858834458129682,0.007714173163520247,0.0015756689969289768,0.0003958713950091555,0.986455451986412
281,0.0059256577010313215,0.02135819499068353,0.002704396121867602,0.0007912625552439259,0.9692204886311737
282,0.0032143930025747823,0.007856302251767679,0.0014959449928591993,0.000742630121490712,0.9866907296313077
283,0.01170692796191653,0.019311545800899117,0.0011865980022708058,0.0011536276678209365,0.9666413005670926
284,0.004011928234592002,0.01226918389374469,0.00032531037089567343,0.0005899167823045748,0.9828036607184631
285,0.0020144049826208736,0.003457868026675979,6.257388483322967e-05,0.0005532957104970891,0.9939118573953729
286,0.013838341973471833,0.053004586185764785,0.0033826054432482466,0.0032111559288481076,0.9265633104686669
287,0.005490503121197443,0.007841219214372057,7.579258917666296e-05,0.0015783297887474188,0.9850141552865064
288,0.0032069836622454725,0.008020122462575446,0.004475844757251379,0.0028282791032559268,0.9814687700146718
289,0.0031147416776515554,0.006710182263030488,0.0008521200682721583,0.000586294052121139,0.9887366619389245
290,0.03873937777943067,0.05664831405263075,0.004536584155272253,0.0016707066050032121,0.8984050174076632
291,0.007663574639214782,0.017349690852521416,0.0015151143692004928,0.0002242807361653717,0.9732473394028979
292,0.01474516128442242,0.02511879935794052,0.002422181278550755,0.0006041617323153084,0.9571096963467709
293,0.020141656693084584,0.030167979153444067,0.0003832733024500039,0.0005458422037282916,0.948761248647293
294,0.005346671508283418,0.024222498463869195,0.001716692843245419,0.0002814347122121145,0.9684327024723898
295,0.008723483675311509,0.02579004663390079,0.00248694652080778,0.00041095269313758473,0.9625885704768423
296,0.019466209826095187,0.09997458284092078,0.011007717703386974,0.0010657242024124589,0.8684857654271846
297,0.0411750776401758,0.34441930435540585,0.039375418868644076,0.0034938752678561366,0.5715363238679182
298,0.012240860863459362,0.1537424241028003,0.023895280742146613,0.0010812518744710766,0.8090401824171226
299,0.055940842416351486,0.39552107107125617,0.1173375657812747,0.00376824587274705,0.42743227485837065
300,0.013807062530750628,0.16438338347917508,0.05774245039412053,0.0016703504171445777,0.7623967531788092
301,0.005850930325599464,0.06938492916451766,0.023255378253955822,0.0007115138075128623,0.9007972484484141
302,0.005990003955270621,0.024710972589869443,0.004327942812887587,0.0002616410973069846,0.9647094395446655
303,0.00841317658573686,0.02497494168061035,0.0019660129801820914,0.0006617628485562768,0.9639841059049145
304,0.007319242258052584,0.016729083355229383,0.0002665260291557235,0.0015200176549950214,0.9741651307025674
305,0.0012783501307597413,0.007629163808712221,0.0008422528479647092,0.0004560872420828048,0.9897941459704804
306,0.00365170114621641,0.006568714249659644,0.00010392516457534083,0.001178552628003708,0.988497106811545
307,0.04666554580519329,0.16166327056872448,0.06176516806748116,0.0042542750245631485,0.7256517405340379
308,0.008955328010385743,0.05116124631518884,0.012322088731404507,0.0014135216460174475,0.9261478152970034
309,0.02120281092292402,0.05027038407413851,0.10333619873051308,0.0020412152692301953,0.8231493910031942
310,0.007367721102508129,0.01713809988491277,0.0027017802738908644,0.00024199449435154802,0.9725504042443368
311,0.012208140474508857,0.02991665598693982,0.016544631689499212,0.0007059820624736097,0.9406245897865786
312,0.021252835546011414,0.02242205848736664,0.0036764152116873176,0.0005972955685465699,0.952051395186388
313,0.004203568299202635,0.006876458024576946,0.0009749847496934475,0.00038865003415444933,0.9875563388923726
314,0.010714460027119796,0.014235894317800967,0.0036456262706973143,0.0013959550745472607,0.9700080643098348
315,0.007335838421888936,0.014825720104150609,0.0006899299182035664,0.0018347756708755338,0.9753137358848815
316,0.008530873873342578,0.012005715886937381,0.0027219031211448267,0.0024688450451548377,0.9742726620734204
317,0.004856104138907304,0.006847963670725662,0.000273154444304178,0.006779948200649362,0.9812428295454135
318,0.009781454713872888,0.004904652187115124,0.00022887560402432109,0.020281934584555756,0.964803082910432
319,0.01600030242326663,0.007037078860421322,0.00037689776657389774,0.021658909509907058,0.954926811439831
320,0.01638557058133902,0.0061771088492446275,0.0015957271735477384,0.013493813809516688,0.9623477795863519
321,0.02336055459314664,0.011929666140784062,0.006646587619544229,0.018356504484839227,0.9397066871616858
322,0.0035903823068770633,0.00163312464950903,3.37145793962883e-05,0.003911467316411895,0.9908313111478056
323,0.011403104888414915,0.0024506534567733875,0.00010917275391842937,0.005706012437443559,0.9803310564634498
324,0.0018380437914557134,0.0019481082193940126,0.00012476949496983622,0.002047805779678596,0.9940412727145019
325,0.03266102221871253,0.00770005331619682,9.433119985069407e-05,0.008419214530377578,0.9511253787348624
326,0.0240196470279452,0.008567928198500788,8.16473760982189e-05,0.009345922846117091,0.9579848545513386
327,0.027218944060121437,0.003871671587580366,7.612332422217736e-05,0.008952240438144732,0.9598810205899313
328,0.01452426934537691,0.00473131291171543,0.00027256607948786173,0.0069905443690716565,0.9734813072943481
329,0.07484802914757521,0.04862852686893174,0.0063153841951299056,0.010993309852348612,0.8592147499360147
330,0.012094501207531904,0.003645481429734735,0.0003579223423397485,0.005957619853577531,0.977944475166816
331,0.0076116370270121305,0.0020814716759316614,0.00018630871580990323,0.008586989192399558,0.9815335933888467
332,0.010867303116270792,0.0016283585526488168,8.18791655209502e-05,0.01712740241320507,0.9702950567523545
333,0.17412633123166268,0.007346966694866623,9.457241672251845e-05,0.054594478475566574,0.7638376511811815
334,0.03282885639933786,0.002757236758890998,9.27330282344577e-05,0.029464877589239467,0.9348562962242971
335,0.17067673107157266,0.007542666023535348,5.379547542221801e-05,0.14264186466364123,0.6790849427658285
336,0.2088432439733808,0.027839803677943586,5.3877908942752234e-05,0.3255035379361564,0.43775953650357646
337,0.06696712083645749,0.015882657126166114,9.05178411764697e-05,0.04557678462999183,0.8714829195662082
338,0.025215561793418436,0.021111386918820436,0.0006653278054073035,0.033541202167798614,0.9194665213145552
339,0.02685251393615105,0.01185617466731568,0.00019576338813013136,0.036310640235812056,0.924784907772591
340,0.24572085804903612,0.07001344594098802,0.0009409415163476459,0.13713331764786996,0.5461914368457582
341,0.37305279435702804,0.18084851618332504,0.000342278989038162,0.3580008121815561,0.08775559828905267
342,0.11347424275748513,0.06972426298207432,0.004565860307654124,0.1065054080432759,0.7057302259095105
343,0.010371267802128286,0.024054146641752254,0.003516214374094824,0.014207992198310062,0.9478503789837146
344,0.0042260023540503806,0.006266639961936786,0.002642229191141468,0.0032947241390977973,0.9835704043537736
345,0.02599981753542111,0.013481880227917832,0.00031998666147413043,0.0031420886216089604,0.9570562269535781
346,0.041943664320455355,0.01657965948338027,0.0005787581609867365,0.005205040518024186,0.9356928775171535
347,0.5380937550321625,0.11139352128999847,0.0003115346195519684,0.19332482501011178,0.1568763640481752
348,0.3046245859586814,0.09616580265785009,0.00043698817034594414,0.5121126457820114,0.08665997743111106
349,0.316902744296949,0.12057320226402886,0.00022856066128949467,0.48364110228860246,0.07865439048913024
350,0.050458882307747394,0.0515655556102715,0.003302644505521741,0.0714552532618576,0.8232176643146019
351,0.01027969081406391,0.01630480274380432,0.003842146652148079,0.0052206970927822045,0.9643526626972014
352,0.07884887852835062,0.007854065927835914,0.0006242939749650136,0.08062263969401602,0.8320501218748325
353,0.24676482202761232,0.0951256037852018,0.001784509648419419,0.189437754012262,0.46688731052650456
354,0.11928098713252541,0.06211617079635372,0.0003964720834921705,0.6601678414119639,0.15803852857566472
355,0.11139224277362061,0.09279378493392679,0.0008610981181700985,0.5691743608835796,0.22577851329070284
356,0.15587262134974278,0.21915844606541293,0.0009745386392482794,0.4191639480834619,0.2048304458621341
357,0.1061362345051041,0.4192850712458792,0.0005567325661357593,0.3927195480749688,0.08130241360791207
358,0.03129435876121214,0.8623521210565818,0.0012765269817219891,0.08590004075783272,0.019176952442651437
359,0.05542878517559576,0.6312013993139997,0.000949880333261868,0.2449447325147444,0.0674752026623984
360,0.016454227834512915,0.9044350481215498,0.006107201104056427,0.06618927539198007,0.006814247547900624
361,0.03097635679982281,0.8125288457458035,0.015244396765088361,0.12185504446048134,0.01939535622880387
362,0.03300941791889958,0.8341554297604241,0.04256755346811589,0.05858636762353805,0.03168123122902224
363,0.026441219757987737,0.8813376025647888,0.037265200331727456,0.043991623615912016,0.010964353729584049
364,0.03001763313376423,0.7226773817657459,0.1916425706241058,0.05222846761028187,0.0034339468661022617
365,0.018298029131661973,0.7887655512095458,0.15491925143551516,0.02976056790261321,0.008256600320663918
366,0.003233109667429697,0.693720019789671,0.29156375494777453,0.009484370419437662,0.0019987451756870323
367,0.11776249966211029,0.7433817197763034,0.038756851760921716,0.03009499246753933,0.07000393633312532
368,0.006690418398679737,0.7953214776079511,0.19136153183434412,0.004866043587472447,0.0017605285715526708
369,0.012502145144430477,0.7984108018992114,0.17750854131280705,0.0052549450652451596,0.006323566578305865
370,0.013380804058218078,0.6547042790767489,0.3240069719096643,0.00533107478263259,0.002576870172736177
371,0.006839395545858853,0.6367429773726953,0.34644001905713456,0.00664082113781107,0.003336786886500357
372,0.07139084327209992,0.7974552801963499,0.10967862190194104,0.012736183717127834,0.008739070912481377
