epoch,N1,N2,N3,R,W
0,5.7862185761404085e-05,2.696715524465772e-05,1.8219457687808815e-08,1.092260206775391e-06,0.9999140601793295
1,0.0008729664533119194,0.000275488015952028,0.00021437029917558304,0.00023493719586386495,0.9984022380356965
2,0.001141398738806154,0.0003883157465548884,0.0010329658524044565,0.0003938743350994932,0.9970434453271351
3,0.001579478235249414,0.0002545790664571615,0.0003525078926496007,7.889928010644755e-06,0.9978055448776331
4,0.00026198702863117267,0.000131085485854868,0.0002408527038677736,7.25842841072552e-05,0.9992934904975389
5,0.00047279365142143936,0.00020429779917530646,0.0002178569185943258,0.00014172261955645727,0.9989633290112524
6,0.0006020837976188654,0.0002977452677844369,0.000822182337269482,0.00043040868518469654,0.9978475799121425
7,0.0020082376537826547,0.00043155731301826555,0.004487223592354926,0.0005322802523493307,0.9925407011884949
8,0.0005219850548520906,0.0005498586960463,5.3522213053946766e-05,0.0007441495128681013,0.9981304845231795
9,0.00093270224691953,0.0005399310486848885,7.475968869035593e-05,0.0011269867182263436,0.9973256202974788
10,0.0006399293695297045,0.00029138383468093,1.9707097261969257e-05,0.00032545769243378736,0.9987235220060936
11,0.0007863358811480592,0.0003667999519858743,0.00011363914283391294,2.6268588619762784e-05,0.9987069564354124
12,0.001235504477748629,0.0004672502810073713,0.0001544602833083815,5.748446668914061e-05,0.9980853004912464
13,0.0019791068587523028,0.0010258854001961623,0.00038907360781033703,0.00011151983626348319,0.9964944142969777
14,0.003734594887511947,0.0017936837241456305,0.0007604709329565019,0.00011145472469519027,0.9935997957306908
15,0.01279099398262765,0.00234049555493655,0.00015885026574360414,0.0001392979807823145,0.9845703622159099
16,0.0025821378502093235,0.0012571812548336006,4.405344488168642e-05,7.609325708688613e-05,0.9960405341929885
17,0.003667996342292868,0.0009084470721380823,4.3908823188533676e-05,7.22970185700543e-05,0.9953073507438105
18,0.0005234474103574131,0.0005337819192411171,4.228655012454633e-05,6.503862663827367e-05,0.9988354454936387
19,0.0018226392711723734,0.0007494914510582626,3.193247267182985e-05,6.211148509723066e-05,0.9973338253200004
20,0.0038453067650732957,0.0005501444990531052,9.932385804579113e-06,0.00022811585405007034,0.9953665004960189
21,0.0023869877775636946,0.0009274201890080709,2.171489755759402e-05,8.69854459733462e-05,0.9965768916898974
22,0.0020868673221639323,0.0012939554526819612,3.2621598197592235e-05,0.00019794234781925877,0.9963886132791372
23,0.00648289421402305,0.0019079240099745037,5.017523409385972e-06,0.0005447484190254686,0.9910594158335675
24,0.007237453853521949,0.0028148836300877357,5.506955860532841e-06,0.0006542234001765415,0.9892879321603532
25,0.0078043800213991165,0.005774442185899585,6.003743704160093e-05,0.0011412464012257298,0.9852198939544339
26,0.018281790275587295,0.0046091581070973235,1.6314366691696227e-05,0.001289756386022031,0.9758029808646016
27,0.05907455201944334,0.017151218649898648,2.9662504160934027e-05,0.005276394244986103,0.9184681725815109
28,0.020017821537684458,0.02351866873870621,3.156992197629307e-05,0.0028983643618445184,0.9535335754397886
29,0.007937766987934717,0.009762156854383407,6.303259987738217e-05,0.000892666050114774,0.9813443775076898
30,0.008640779835744936,0.009650792749514577,0.00047662970004016197,0.0028144492117972986,0.9784173485029031
31,0.03729114326989022,0.03158093395836267,6.754864462137986e-05,0.0069001192443809084,0.9241602548827449
32,0.07151645282890734,0.037222773406280676,0.0003089501631580517,0.003686625885846978,0.8872651977158069
33,0.05329293897431112,0.16546641126071857,0.0002568418642129057,0.0024302492451898504,0.7785535586555675
34,0.17856154959546996,0.3474641026772938,0.0002314790071848161,0.00452052522321166,0.4692223434968397
35,0.1627426005058492,0.2780745384852758,0.0018545100670848693,0.0042960055203366985,0.5530323454214534
36,0.22359513317757115,0.3194784358832331,0.0007675393297736007,0.0033379210986906045,0.4528209705107316
37,0.14070436878531503,0.4398453674264831,0.005586762225165063,0.003228149385328763,0.4106353521777079
38,0.027765479797925336,0.03070627281719414,0.004369494584499176,0.0006841446790815663,0.9364746081212999
39,0.3569120364288133,0.3531050289732237,0.022563370838452453,0.0034323725453872037,0.2639871912141232
40,0.4174640973967606,0.23631101628805987,0.00167540944960016,0.004149123196163737,0.3404003536694155
41,0.1132723839568037,0.6142850414249721,0.01795731578951286,0.0011941238467047053,0.25329113498200656
42,0.09309691938083331,0.8056582940693209,0.04052627976869753,0.0010670664517926703,0.0596514403293555
43,0.1381854702224543,0.8107244562673228,0.004242782432442224,0.002948185416028574,0.043899105661752244
44,0.07001808629093383,0.7285650523279693,0.04607608247759144,0.0021831857904724547,0.15315759311303295
45,0.0655317022528202,0.6579909256802394,0.025635444053124436,0.002925368454803471,0.2479165595590125
46,0.055828603557657154,0.7300403657990397,0.04122325415155938,0.0015852730802005431,0.17132250341154315
47,0.013363524020063076,0.22561572241271585,0.01585521455200535,0.0016272182207651227,0.7435383207944506
48,0.005157040754453373,0.011462258161076502,0.0018396976499803492,0.0002959232302757984,0.9812450802042141
49,0.0010431668247992893,0.002541737272264491,0.0006513884156101934,7.390137105501646e-05,0.995689806116271
50,0.0019347140487105514,0.0012072588283908484,0.00022693055819485866,7.705686297707327e-05,0.9965540397017267
51,0.003030095928512519,0.0022379296633962915,0.00015560132755321036,0.00011552522146338825,0.9944608478590746
52,0.0016702956499900913,0.0005925087178958166,7.463410132393254e-05,7.105797994687353e-05,0.9975915035508434
53,0.0029279253408622118,0.0003164479357733959,6.142828443415442e-06,3.605273542629339e-05,0.9967134311594946
54,0.002009941937040756,0.0008657891649823451,5.712476700545325e-06,6.71266523326518e-05,0.9970514297689438
55,0.0028866831185095213,0.0013793352484429723,1.1806704277097324e-05,0.00014454206254783895,0.9955776328662225
56,0.00661221537652462,0.0054690705046816735,0.00015765846166293472,0.00012348187635841088,0.9876375737807723
57,0.034537964335778853,0.01908196862645019,5.126253413757226e-05,0.0008573948585739603,0.9454714096450594
58,0.0028341832373088988,0.005924078197663233,0.00010788488926183406,0.0005717766241588492,0.9905620770516073
59,0.014816146415832137,0.0062580342500602295,8.366712894258989e-05,0.000603225518228227,0.9782389266869369
60,0.03525700800593137,0.012235359566783356,6.264883312232377e-05,0.001366636240794626,0.9510783473533684
61,0.14871665994284372,0.05263237472956585,0.00011987984281435528,0.0025050096370084532,0.7960260758477676
62,0.23887323217849346,0.13215625834436073,0.00029702188969868843,0.008055027618672096,0.6206184599687751
63,0.06764713063222944,0.10814967520239195,0.002238307456219134,0.006160550067188761,0.8158043366419707
64,0.13396574602843445,0.23662507333464522,0.01352644969377505,0.012907187229948332,0.602975543713197
65,0.09819984094317569,0.08962881857667121,0.029025530737615136,0.006130353730698518,0.7770154560118394
66,0.3676960343188041,0.3137084801755929,0.0023942894950890106,0.006656643332465344,0.30954455267804876
67,0.13421669518090967,0.6695884235968665,0.03785740282828737,0.0042348219931505416,0.15410265640078588
68,0.19139816923588063,0.5843871387270401,0.025913659052319883,0.0019722782106771026,0.19632875477408246
69,0.12741334287244066,0.8048973294428045,0.028402929291294808,0.005237426141635099,0.03404897225182522
70,0.09205225004803959,0.8126550833581593,0.03914735146589644,0.0027228039708503482,0.053422511157054486
71,0.08085510565560625,0.8637049732256625,0.02245418805348658,0.0007482277540203834,0.03223750531122429
72,0.08157586451640189,0.8750580336597662,0.001915936323681806,0.00175046370663744,0.03969970179351263
73,0.07153111086623185,0.7158551750868455,0.03970296172303356,0.001032487462672361,0.17187826486121674
74,0.1010235620463852,0.6093531575833281,0.0038900834573374235,0.001250684666865988,0.2844825122460833
75,0.23233094889872088,0.09977146457988177,0.0044652946769026345,0.0005066725206014642,0.6629256193238932
76,0.21204744104375486,0.2393578661424465,0.021001278557235922,0.0013069095096244945,0.5262865047469382
77,0.105368525457624,0.3618992238254343,0.018092180437781633,0.000620790713587615,0.5140192795655725
78,0.2651990954594039,0.3198765496050082,0.006624346242349075,0.0010789449358717894,0.407221063757367
79,0.01645208575926246,0.03208626205376507,0.018343177708697474,0.0002368848368454215,0.9328815896414296
80,0.06784690791622722,0.29521601777435663,0.03200984607081264,0.000519444548526473,0.604407783690077
81,0.10825481818904509,0.534869948250882,0.06981026570017222,0.0006404650572220605,0.28642450280267867
82,0.1250078022501523,0.528043478391701,0.08102351165012427,0.000503926379906305,0.26542128132811604
83,0.01907738385001467,0.6722008254011655,0.17947237321074255,0.0005771272102449848,0.12867229032783215
84,0.013322183749532871,0.8325531432335662,0.106627329927079,0.00047835229153462075,0.0470189907982872
85,0.03129692360997829,0.7206196469660314,0.14327612000512022,0.0011963900041350175,0.10361091941473494
86,0.043260876466648245,0.8153771235029721,0.08263963079249403,0.0012230552071702118,0.057499314030715405
87,0.020626241621518347,0.788138056253918,0.148827159519338,0.001005253764359665,0.04140328884086588
88,0.017195087667947168,0.7478225191579441,0.20747094127076227,0.0005618685593422191,0.02694958334400409
89,0.021526548219731007,0.7429697679869497,0.1924761791707062,0.0008616033624142843,0.04216590126019875
90,0.03854396299755644,0.6359431544936336,0.2175246091159662,0.0010466877420755997,0.10694158565076813
91,0.01817255848436641,0.699660038699955,0.23018690534353792,0.0012569177492357858,0.05072357972290499
92,0.02421288045182252,0.7096425192254664,0.2055383143796461,0.0010062546011853134,0.05960003134187998
93,0.02821972811704554,0.8163061893805955,0.1229064531308638,0.0009360794959038885,0.03163154987559122
94,0.03068525135971304,0.7945668153790634,0.13901414844796525,0.0013874820238729375,0.034346302789385386
95,0.0198782855129939,0.7748129614421697,0.17780576366448086,0.0013416154630885397,0.02616137391726706
96,0.022117550552946976,0.7815257160922663,0.14357962152437753,0.0009241601741689298,0.05185295165624019
97,0.012330660859744299,0.8490768603981789,0.10992557647411241,0.00069118707967259,0.02797571518829171
98,0.032306672435832434,0.7395934302744127,0.17157291322234866,0.0007552780905761362,0.05577170597683004
99,0.09674008039499868,0.48372389987931375,0.17136777389497188,0.00138191968596796,0.24678632614474777
100,0.09040213867706635,0.6447709166291933,0.16631391107443214,0.0016089243067874878,0.09690410931252082
101,0.1158751780058482,0.6308065658144135,0.2074854760400584,0.005273233494909328,0.04055954664477056
102,0.119087615355804,0.7495156277329511,0.08840036758638327,0.003972037775118582,0.039024351549743014
103,0.02015998274944796,0.7955221265694041,0.14085284701361458,0.0032962574755129306,0.04016878619202045
104,0.08010292813518696,0.5604991054062067,0.1358690314713935,0.0081014073832695,0.21542752760394332
105,0.049258859452802006,0.0838923626631395,0.019003752230767505,0.01060701865035594,0.8372380070029349
106,0.15248234331998306,0.40785135174755777,0.05796477193126068,0.015147902979301913,0.3665536300218965
107,0.20910013283399814,0.36191198659858287,0.09835663634712159,0.004926358522700075,0.32570488569759726
108,0.26968618542886075,0.536575015336027,0.05694396097441685,0.007951194075597303,0.12884364418509803
109,0.1597640569619114,0.6190400213649304,0.09761238688230613,0.01321729506974994,0.1103662397211021
110,0.0403178755086099,0.8948479826202983,0.04322948802526692,0.004348772489720042,0.017255881356104962
111,0.020799149655279497,0.888542855693358,0.062428900109493604,0.0018227861406587735,0.02640630840121006
112,0.036314102408997455,0.738030644560063,0.156016497579218,0.0030937912773197833,0.0665449641744018
113,0.04005908002627091,0.7741157967049408,0.14017864943667666,0.002267530538776242,0.04337894329333535
114,0.03139658659208035,0.7757816863028891,0.14204138053704313,0.0021591610487033193,0.04862118551928394
115,0.0453377417569768,0.7366018550044344,0.13412171910050472,0.0030584424502861428,0.08088024168779777
116,0.021464973674481292,0.6857062313258006,0.21027786158434386,0.002710034100262486,0.0798408993151117
117,0.022775999903624645,0.8504603682417526,0.08455662577515559,0.0022826611716451404,0.039924344907822054
118,0.018707698412830598,0.7997578668621084,0.14793636257389015,0.001785945047284424,0.031812127103886395
119,0.07572567081063802,0.742582000354835,0.11992540299236007,0.0035838437614848268,0.05818308208068201
120,0.019792356035649245,0.7933330197260211,0.1592548658422032,0.001676709295826013,0.025943049100300455
121,0.028231138621620605,0.8217872185732596,0.10666497962534503,0.0011640740668797476,0.042152589112895135
122,0.014507706344167441,0.7300540469618649,0.23656827157170032,0.0013322241480237477,0.017537750974243597
123,0.023482877982175677,0.8679721145357265,0.0846476881241598,0.0016887697478309746,0.02220854961010696
124,0.08567452833481524,0.615755330701271,0.09953957039005053,0.0035312250110390016,0.19549934556282422
125,0.02024992092136959,0.8670519205370514,0.07815191524495721,0.0027155012016657166,0.03183074209495592
126,0.06615529151714271,0.707337414830867,0.11610971974640509,0.0022890816078948587,0.10810849229769026
127,0.044278943444383996,0.7599552951278066,0.12764863654800865,0.0022044154175881446,0.06591270946221264
128,0.04051689921663844,0.7765277735555627,0.13026966107360569,0.0022108648926654506,0.05047480126152791
129,0.022905261459105115,0.8095092637626823,0.12310811408302882,0.0018098642596778988,0.0426674964355057
130,0.05015620095484434,0.759274280441718,0.13980097579525735,0.002198077888672643,0.04857046491950785
131,0.050397046756776184,0.7595722607256084,0.15912722858572656,0.0019492151529744936,0.028954248778914532
132,0.032049024712130884,0.8527830100266284,0.08092466354094595,0.0023384932778640474,0.03190480844243067
133,0.0190218065873938,0.8934045566701898,0.052604139315012725,0.001821489406759186,0.033148008020644645
134,0.03427024306100797,0.7888415701201396,0.12544120324349928,0.002400581373547902,0.0490464022018055
135,0.0177824831610196,0.8850338078581103,0.06715737135338484,0.0019401133223706003,0.02808622430511453
136,0.017283121960815034,0.7311905905220045,0.21966361282813635,0.002722063042913237,0.029140611646130805
137,0.01914818424812742,0.7101228578320286,0.246319661692822,0.0013214640459324276,0.023087832181089795
138,0.025401192587617943,0.8109439214368469,0.10452408242340755,0.0027747472501780464,0.056356056301949634
139,0.014180827637208062,0.6905928878694056,0.22033522593882476,0.003652018922266198,0.07123903963229532
140,0.022826026891379973,0.6996163578872752,0.2356068120365877,0.0028211903028920685,0.039129612881865165
141,0.2124893356098509,0.2692216394984383,0.0417420315027141,0.007622348650559448,0.4689246447384374
142,0.1629941478419558,0.5437986600954555,0.057382048799288134,0.00489329039174789,0.23093185287155255
143,0.27740835311264606,0.48711784247222156,0.05602800795023091,0.007133546457486689,0.17231225000741482
144,0.10268658878805673,0.6834507868992779,0.0654532233615735,0.0010062843526955397,0.1474031165983964
145,0.14524693848478007,0.7199916851846088,0.04232841008051983,0.002126468974491786,0.0903064972755994
146,0.22125812601774456,0.6592430140248114,0.03538779432898243,0.005078066888993641,0.07903299873946784
147,0.09445407372118432,0.7536093393459239,0.0534660861031186,0.008314166050513954,0.09015633477925909
148,0.029909126386272487,0.89202421589288,0.045182157305040264,0.0015333412815876659,0.0313511591342198
149,0.0580987275660965,0.7794947698436729,0.106179502733351,0.0026801274706225006,0.05354687238625715
150,0.024199078571923213,0.7353579172468974,0.15893514409144932,0.003302632304572382,0.07820522778515754
151,0.029032959638216727,0.8201971135372189,0.11713197505959856,0.002232912682396879,0.031405039082569
152,0.015584999679409897,0.4391868635934291,0.5007505246020336,0.0017171944525983017,0.042760417672528944
153,0.027321954195674916,0.6888201424317992,0.21790672477614262,0.004666969439619796,0.06128420915676341
154,0.02135969328581294,0.6753354150183477,0.2718076952914529,0.0026619505163165474,0.028835245888069887
155,0.027408654176129258,0.6619732536073412,0.2682189615322501,0.0022253843592425424,0.040173746325036966
156,0.03878605073076392,0.8496973872031125,0.07224515312998736,0.0034752733567975174,0.035796135579338785
157,0.03148641836488103,0.5613442155571197,0.3168006702730305,0.0038987673891369965,0.08646992841583181
158,0.045427293707410804,0.8177122176868183,0.09511109109039165,0.002966058255563077,0.03878333925981612
159,0.027434867765590044,0.7314751018091966,0.17742138823116252,0.003351363774851119,0.060317278419199774
160,0.039073538463005784,0.6996833934863117,0.19252775054144747,0.002505478710407009,0.06620983879882826
161,0.036266763144087985,0.7305129229145445,0.1929814946686321,0.0021294353409516496,0.03810938393178387
162,0.04026348652520907,0.8667041659114844,0.04434730674640734,0.004559351236951088,0.04412568957994807
163,0.009538738931176956,0.5545513832683594,0.40707495623592893,0.0016858097270918905,0.02714911183744287
164,0.025189427178836408,0.8437145824665114,0.0880027976677751,0.0031457025905291362,0.039947490096348
165,0.027389150346022347,0.7718422306294456,0.16564953198054752,0.0032032457403299566,0.03191584130365456
166,0.024620683659928734,0.9014423146369207,0.04127298316891907,0.003074127745351164,0.029589890788880316
167,0.012447464024711821,0.600129963795094,0.3531381546081602,0.0031797006229746295,0.031104716949059384
168,0.022647913382293307,0.788028189149176,0.1554667245621347,0.0020065761749237247,0.03185059673147225
169,0.008022453781451803,0.6459952360352049,0.33205093269930736,0.0013167447920125243,0.01261463269202329
170,0.020652895568373995,0.5826457688491036,0.35714570187796485,0.0018977886051983264,0.03765784509935931
171,0.01834322964677946,0.5555204580378952,0.39677145962266036,0.001625110715993702,0.02773974197667137
172,0.03200967494789436,0.7762066076051485,0.15589363203377332,0.0020957225689786484,0.03379436284420532
173,0.0199695798700757,0.7292360047744089,0.22102454870460833,0.0019533127479278004,0.027816553902979227
174,0.01879633320187668,0.7541143808191024,0.19155533534650931,0.0020886368685996697,0.03344531376391188
175,0.008089725727806274,0.6703093878400851,0.30498078449637495,0.0016795936406611733,0.014940508295072473
176,0.04505600325268895,0.6946990337434854,0.22305421081390986,0.0027169640007570035,0.034473788189158736
177,0.042980734179313994,0.7798396711122236,0.11366200560136618,0.0029792788854752,0.06053831022162088
178,0.028815622529412156,0.8905184231344833,0.043150588643127215,0.004848971039321774,0.0326663946536556
179,0.08498080979752175,0.6536564657589116,0.17298410723349072,0.006316629057757146,0.08206198815231863
180,0.08832209688664752,0.5639257968051822,0.18695846657149223,0.00557461934589123,0.15521902039078672
181,0.0813642888458114,0.6513958361181569,0.2181610786561023,0.005177800637721753,0.043900995742207786
182,0.07086625214252142,0.8126715670945339,0.07115475291708569,0.006168385364453072,0.03913904248140592
183,0.09472128814699118,0.7535792409773646,0.06096318486685565,0.010364303140007615,0.08037198286878079
184,0.21071493700408006,0.5702571431692529,0.10253551411700353,0.017424500042329618,0.09906790566733384
185,0.19016940901058071,0.6800259442833599,0.0390481489076778,0.029951641143177294,0.060804856655204235
186,0.031383652850799575,0.8201230485042872,0.12806850492383398,0.009752559065977707,0.010672234655101616
187,0.046951995964466024,0.7597301272038325,0.1478706085731535,0.012926364450484193,0.03252090380806374
188,0.03898948547443978,0.8280637777116683,0.08581765078375925,0.023222926981437554,0.023906159048694975
189,0.06420542307124806,0.84306122977261,0.017629479356385487,0.04471568502146149,0.030388182778294838
190,0.03733543316070564,0.7935944353870262,0.11586645237500048,0.03253734995041996,0.02066632912684779
191,0.06482345653430491,0.7307577859579771,0.04502803727791809,0.10912490861370308,0.050265811616096744
192,0.03567947702035884,0.7292223586107087,0.13227855978205202,0.04554924611730809,0.05727035846957232
193,0.03379000014549431,0.11087972366732653,0.003189911710690021,0.07272441496652117,0.7794159495099678
194,0.1902894940542491,0.19923846889930957,0.005896628236604575,0.020447309507951907,0.5841280993018848
195,0.22623251789087312,0.3422090868808265,0.00952422207057636,0.026380841690287697,0.3956533314674364
196,0.36927489441864303,0.3425190251419801,0.0017674164072275969,0.05073428893735387,0.23570437509479536
197,0.2130953172117485,0.3234589380655863,0.023965255495683718,0.02262598820744258,0.41685450101953886
198,0.13384871164294618,0.651022983444896,0.011701560053670786,0.0710355304492279,0.13239121440925902
199,0.2758309629170776,0.44316450725635403,0.02489365569270152,0.11022558138152513,0.14588529275234183
200,0.24489361779191096,0.43516719934096826,0.013989139372283752,0.04706267613286569,0.2588873673619713
201,0.12895880234130153,0.7359727043951485,0.055773223181354505,0.023325603082881396,0.05596966699931412
202,0.10820671741454048,0.747904635170936,0.05213313385748395,0.03618275931502572,0.05557275424201386
203,0.16841345366771718,0.5034189201897322,0.03704979255344736,0.04803560912553372,0.24308222446356947
204,0.10848108120098199,0.6337780569582238,0.07210763749689258,0.07349706754519902,0.11213615679870254
205,0.15715961051126454,0.5403512507943464,0.05111051789202084,0.09020691573693601,0.16117170506543216
206,0.11081355794330783,0.36941708265140943,0.012035759556512692,0.04093582656587478,0.4667977732828951
207,0.07351484788436927,0.05706371645516371,0.0029488442507340255,0.0599404415675401,0.8065321498421929
208,0.11768191790174436,0.08094627351861111,0.0008234271334218008,0.01916295548191655,0.7813854259643062
209,0.21152974060776544,0.3166358641092783,0.0034566550984608583,0.08679194917110446,0.38158579101339085
210,0.18782231405788866,0.3644514001563367,0.019237780164002034,0.01463122362321541,0.41385728199855704
211,0.2382911321043395,0.5108672803935731,0.005939210362847481,0.02764031311006961,0.21726206402917034
212,0.17495585061528104,0.4628160654773201,0.022057809065823022,0.10066418860039492,0.239506086241181
213,0.19816891134492007,0.6508617413603586,0.016634637445486974,0.08069281295544185,0.05364189689379268
214,0.17476408806600904,0.4384046235235002,0.008089182962729662,0.306801366580546,0.07194073886721512
215,0.07778294654819856,0.7809371905777249,0.06072874959050636,0.039481713370865444,0.04106939991270457
216,0.13914371019970934,0.25408884514238284,0.019399833836967546,0.0567201099376716,0.5306475008832687
217,0.15182714059527824,0.7043979235248413,0.0163729580025079,0.028921393103136486,0.09848058477423632
218,0.131987512701421,0.3774304484080108,0.015050919959746672,0.04222059785940317,0.4333105210714184
219,0.158962518154756,0.653815309039201,0.019491039501253117,0.014055825571007626,0.15367530773378216
220,0.09765484843561428,0.5247228664452626,0.041077538464973494,0.034494276168749956,0.3020504704853997
221,0.18258123491658118,0.4220276493501667,0.009575065480380764,0.10843032780735685,0.27738572244551457
222,0.0838024554007926,0.5704527521563452,0.023256999140103776,0.06688676517577391,0.25560102812698454
223,0.07716317801128128,0.4012827937654526,0.016841168362016563,0.168138251960885,0.3365746079003646
224,0.0021628055778375433,0.01417142789593595,0.0002100159844944372,0.01758589367340548,0.9658698568683266
225,0.016292467710459155,0.016573527040037995,0.00016253418648635296,0.024842839970912068,0.9421286310921045
226,0.06318225247010477,0.02711025356846079,0.00026086931148202176,0.020937722442418764,0.8885089022075338
227,0.15701576255352412,0.01796291544504875,0.0001412597351115539,0.020222154374643708,0.804657907891672
228,0.2362818784110803,0.041102745353601707,0.00019425211205733827,0.049124959579495045,0.6732961645437656
229,0.1543622426066233,0.12254777302202702,0.0004622533614458306,0.30563384817421896,0.416993882835685
230,0.08555467810254866,0.044157798798415235,0.000340071559441661,0.30122135353572704,0.5687260980038674
231,0.08090289312861049,0.03461818759535728,0.0002098400709589556,0.20139356472854397,0.6828755144765293
232,0.17581292555503983,0.08179272451412785,0.0004027818649335411,0.2840594230496636,0.45793214501623525
233,0.09934942044216725,0.08115180183095874,0.000251210019140802,0.16042953978755103,0.6588180279201822
234,0.11440422207757578,0.08063983209125049,0.00014726163405951308,0.22785208479281466,0.5769565994042997
235,0.11588479219971644,0.24256091110460534,0.00043625365860031724,0.521656542516417,0.11946150052066085
236,0.020131518598166604,0.06685149053441243,0.0008713470487831908,0.0385960351300028,0.8735496086886351
237,0.01919462359451611,0.02305621093538106,7.629891931945789e-05,0.020274446578336172,0.9373984199724472
238,0.014261929600778166,0.009355721265079461,0.0001016825304483986,0.02635903655610823,0.9499216300475858
239,0.13676698124944334,0.027748558746309333,0.00014778121969017283,0.021964244514501807,0.8133724342700553
240,0.22482265122514955,0.2391012519989489,0.0013757467157152101,0.062064619287894814,0.47263573077229154
241,0.19501628898515483,0.15593905217255427,0.0007489955048202283,0.15804913260587283,0.4902465307315977
242,0.14085467576256508,0.23237631057691324,0.0007689060274809834,0.25177412987818204,0.37422597775485855
243,0.14973492066119573,0.18171567488848075,0.00045095867506178734,0.46141815363077976,0.20668029214448191
244,0.12216737443795495,0.4805997109278466,0.0016194156446094248,0.23541780892098527,0.16019569006860393
245,0.2403227600182924,0.11736126577287957,0.0003508463836569934,0.36356257795891306,0.278402549866258
246,0.21011859789919382,0.3858665640868772,0.0008444463589725703,0.3586279447900038,0.04454244686495256
247,0.1739391317297338,0.1813622088062975,0.00034210909765659933,0.5502214697677547,0.09413508059855753
248,0.2327996973854688,0.3421458508833085,0.0034357260289017808,0.21211277781100432,0.20950594789131669
249,0.17421409215739095,0.5090455763311501,0.004961148650924879,0.1973917187244761,0.11438746413605795
250,0.19687878264591008,0.6282765904790447,0.011911788013747532,0.05159753736201853,0.11133530149927913
251,0.18926527451969236,0.47554694227645755,0.01055605755570972,0.03522496975339478,0.28940675589474546
252,0.11660299059903705,0.7057742038220891,0.024483404669093187,0.02257732362605737,0.13056207728372338
253,0.13529012315928032,0.528144601569785,0.012122686850002985,0.012243055465951369,0.3121995329549802
254,0.2855171899310805,0.4463718613572853,0.028918878710146565,0.015248270550315808,0.22394379945117168
255,0.1082739151433268,0.7088704505861034,0.05556576347365716,0.009496841483452622,0.11779302931346003
256,0.22277543757449209,0.6126100145763952,0.01876037533895334,0.016220727784123996,0.12963344472603547
257,0.13284450841813877,0.6980673139857568,0.03395963680274947,0.013256970979195572,0.12187156981415932
258,0.0805186596529396,0.7952167616585863,0.04022343062044128,0.014080460859410197,0.06996068720862252
259,0.06598621590840924,0.8684098925080128,0.027393339848318488,0.007737031159698205,0.030473520575561328
260,0.08590722787421928,0.8187873507755674,0.05765503056283149,0.010184741641531722,0.02746564914585014
261,0.06284533915938513,0.8204338377763697,0.05707187527207143,0.010365769519262815,0.04928317827291103
262,0.05341698114749557,0.8537543757020131,0.045712017539099516,0.010066747982411745,0.03704987762897994
263,0.09729141239192629,0.7839535374616613,0.04773389979689838,0.015370886277469227,0.05565026407204491
264,0.06318426146563372,0.7510128592332895,0.04591874864614499,0.010063909959249957,0.1298202206956817
265,0.0406778999321494,0.7864666507755342,0.10227268210933804,0.024733578007390133,0.04584918917558795
266,0.05491161138142091,0.7092257901447576,0.03876056919521123,0.05282916257596253,0.14427286670264772
267,0.05317574992538665,0.6175241676766743,0.025467024797178005,0.1014075705385187,0.20242548706224237
268,0.0028050177297500377,0.010033485774393797,0.0001919840428251611,0.005286365820772318,0.9816831466322586
269,0.06747779190800016,0.06232488956996631,0.0005284214572969205,0.027639364963108305,0.8420295321016283
270,0.051992398049920154,0.04607545685620839,0.0022962499088644084,0.022785930582232293,0.8768499646027748
271,0.004163997710579672,0.0033594745897049688,8.649664498169309e-05,0.004374601257057047,0.9880154297976766
272,0.054930744315533936,0.0058949436265954315,0.00023673792572156258,0.0184281094734388,0.9205094646587103
273,0.024171556299936864,0.0046805051665570726,0.00010231501223270385,0.010562599917224568,0.9604830236040488
274,0.18521279296865467,0.09393729054922702,0.0012344619154999576,0.0624077434849465,0.6572077110816719
275,0.02526560777285229,0.019979803841131166,0.0018975763617686662,0.02847289577278227,0.9243841162514657
276,0.005837116116805752,0.004157797864115444,2.3425637013197657e-05,0.006780726971433954,0.9832009334106316
277,0.05147311769034152,0.00914971191085794,0.00010225359919858619,0.03745574233680959,0.9018191744627925
278,0.40004401478033697,0.05980622897276599,0.00032026968971148777,0.10657021105935312,0.4332592754978323
279,0.11943477227296354,0.17289361339425108,0.0010031806735117579,0.13344458626322026,0.5732238473960534
280,0.1665775481830724,0.10910424162653436,0.0002506121700267731,0.3660402608720233,0.35802733714834317
281,0.07083665888899313,0.15554339117141402,0.0004702059901636918,0.6854023890242933,0.08774735492513579
282,0.06725236816785209,0.08872069040796828,0.0003303532785089157,0.4606861760877845,0.3830104120578863
283,0.020360894641659747,0.07492446671840289,0.0006077019289698017,0.18674612113133726,0.7173608155796303
284,0.04584264348808142,0.08717577872676947,0.00017579757997568832,0.1923549415259303,0.6744508386792432
285,0.12660670585629732,0.12191357655994595,0.0004883356673837583,0.35155872425831164,0.3994326576580613
286,0.11454826323629823,0.0972555622629693,0.0004570210108195388,0.4912006467143611,0.29653850677555177
287,0.04295614449177984,0.16996597570961192,0.000791323620849262,0.4158128723980219,0.370473683779737
288,0.06142190149908351,0.0920860515082407,0.00013409257870925328,0.6057978140839069,0.24056014033005962
289,0.053572950661124136,0.08743465342506898,0.0008637984960103034,0.39247307738436166,0.46565552003343497
290,0.02210586367959124,0.037394944917374176,5.135541669989994e-05,0.1426263735787522,0.7978214624075824
291,0.09206273585415563,0.0999906666947042,0.00030744666985125027,0.3029653951897096,0.5046737555915792
292,0.15063265756191135,0.08539403382009239,0.00016675923420298206,0.4675974992214001,0.2962090501623933
293,0.07766373752796757,0.0952182708236434,0.0004187017832216961,0.18294221037387243,0.643757079491295
294,0.04232801640738562,0.125705837349044,0.0004827107367383958,0.10267107228881396,0.728812363218018
295,0.10811711619419578,0.15125517652507248,0.0001977562894785108,0.27793451895025784,0.4624954320409954
296,0.07535928563487046,0.13028384165450851,0.0006383874194231486,0.18235607694727088,0.6113624083439271
297,0.08277102780896484,0.25263596324908094,0.001276816618599994,0.20764177601666875,0.4556744163066855
298,0.08022474749689935,0.09520527922295732,0.00014337015345314177,0.3877975268906271,0.4366290762360632
299,0.07241897864892177,0.1065195514714171,0.00020826395288657044,0.41248818515906316,0.4083650207677114
300,0.03335415342721291,0.11345743397852644,0.0004104143635074413,0.203431932150827,0.6493460660799263
301,0.0528352501053218,0.1209485659355392,0.00015047145623533326,0.3077471092326301,0.5183186032702736
302,0.08678108864198422,0.11391805202526831,0.0003709384241173267,0.3159382342247394,0.48299168668389086
303,0.13842811862314547,0.14138711285985409,0.00019083753945453612,0.22805819156896792,0.4919357394085779
304,0.0335412002834579,0.11513053504131676,0.0007741439087745922,0.10731133617376831,0.7432427845926826
305,0.13165143733197082,0.14771029544589181,0.00017703020659398587,0.3238601505170758,0.39660108649846765
306,0.09677476114748185,0.1169042413374162,0.00035622329417255624,0.19614413576837686,0.5898206384525525
307,0.08122108415101831,0.10434248624657785,0.0001074223721990464,0.18975403960801362,0.6245749676221911
308,0.024301877001541353,0.03067567670629991,0.0004576010948079769,0.13201185741233165,0.8125529877850189
309,0.09334463269156221,0.04136795966079536,0.0002638783794297588,0.124096860247973,0.7409266690202397
310,0.10012061676356197,0.04735387718962898,0.00026515614193313165,0.07778535671015167,0.7744749931947242
311,0.09978886046159076,0.05134290713852857,0.00022307300825546945,0.0845984934945177,0.7640466658971076
312,0.30301699755057054,0.09415386567391786,0.00013084618523969292,0.2809997743574332,0.3216985162328388
313,0.027206154135904735,0.055473905487870755,0.000227849613841707,0.08149193327080219,0.8356001574915807
314,0.019560361651446055,0.0314153872497753,0.0009249989881909673,0.042436457820849836,0.9056627942897377
315,0.029175683790365847,0.08698711050829971,0.0003997591026775222,0.09121366426552856,0.7922237823331284
316,0.0615427754923251,0.05417146282102803,0.00019955122888690125,0.09656484669670931,0.7875213637610505
317,0.07190413923097207,0.04820529284007014,0.0002488518427988329,0.1366032603407109,0.7430384557454481
318,0.0068789838766928095,0.011345841331587548,0.00022194909138057307,0.018490009558022998,0.963063216142316
319,0.022676825073126405,0.021640328351547247,0.002823887961500376,0.01094311709917052,0.9419158415146555
320,0.06895150625771969,0.024363575029097282,0.00012993880629850023,0.056901938955115215,0.8496530409517693
321,0.16831286723660366,0.09061079696505081,0.0003496916173100066,0.10672136083803754,0.6340052833429979
322,0.04204015853754126,0.04807319570155022,0.0007385746011364739,0.08095809389097934,0.8281899772687927
323,0.03696894789654909,0.058306174138615025,0.004406153523058275,0.07336007575529112,0.8269586486864865
324,0.13772814792078233,0.0719753562609921,0.00200136367951558,0.13057545214228225,0.6577196799964277
325,0.02783421750881736,0.029435865813696303,0.0012289086196485307,0.024251594271364953,0.9172494137864727
326,0.12544393779638555,0.07114620761267944,0.000533397026285527,0.05768215414556552,0.7451943034190841
327,0.15024474831896528,0.06430575606002403,0.0002928588971103665,0.08685598737838521,0.6983006493455151
328,0.2146180543348239,0.24753785289780042,0.0006382614193119804,0.18917008440653485,0.3480357469415289
329,0.09141024725392155,0.17777939149195143,0.0015942199829705567,0.07061358490038804,0.6586025563707685
330,0.2903238214670992,0.3741867924721921,0.00026185685239079703,0.2614498747227971,0.07377765448552073
331,0.101268426503287,0.13021723653444545,0.002128872050566178,0.1255828091291129,0.6408026557825885
332,0.1230947791463953,0.34130026234603084,0.001511997926794951,0.1941506551063928,0.33994230547438614
333,0.103629368416676,0.2465142260531933,0.00023758229689443833,0.14758430274993387,0.5020345204833023
334,0.15382515318768353,0.44760150577845387,0.00038527598057858396,0.2077187234587055,0.19046934159457854
335,0.18000891582371753,0.5436753436615697,0.0005428046653430176,0.1500913689546988,0.12568156689467105
336,0.24696462476638265,0.3588796063876593,0.0016998752635181847,0.26070690067702984,0.13174899290541003
337,0.09635947058285317,0.44935597150908274,0.001013090345054676,0.051320344214767256,0.4019511233482422
338,0.2277475612966817,0.26681669857573537,0.0024328666168386202,0.07269031059106469,0.4303125629196797
339,0.138969435874679,0.7612082174504524,0.00026245231043645057,0.06484739978182759,0.0347124945826045
340,0.18920914193089836,0.5096534731834645,0.0018773932437359578,0.027884982484057356,0.2713750091578438
341,0.30738990394142723,0.5368999761435506,0.0002600955410751023,0.07293044375291814,0.08251958062102896
342,0.2249763206222105,0.49724576687096905,0.0025713939430616526,0.02813483652733244,0.2470716820364262
343,0.12852875675592898,0.8130344366116952,0.0003340869770496307,0.015494769563955962,0.04260795009137017
344,0.1846218266977711,0.541773022372246,0.0014010018277283163,0.022327246076959628,0.24987690302529492
345,0.06396911004886048,0.8629891846191975,0.0029108412698288363,0.038909580239579286,0.03122128382253402
346,0.2598772160844179,0.3882900877761149,0.0014056618619994314,0.022823861947904638,0.3276031723295632
347,0.21540091907408257,0.6579471309427622,0.003610416789907389,0.024833824669787875,0.09820770852345985
348,0.12306503230797415,0.724768282046409,0.0038917614981552593,0.020580437263263297,0.12769448688419835
349,0.08299278051400438,0.8731114571374573,0.001173147616171441,0.005413231365807634,0.03730938336655943
350,0.0877123201102059,0.8349005523438168,0.004731479070806456,0.010034669233181165,0.06262097924198974
351,0.07690060877483845,0.8539778669474646,0.004259477337736154,0.004791266708141594,0.06007078023181903
352,0.235368947756927,0.5419383231406554,0.004805461582356747,0.013747370002273654,0.20413989751778722
353,0.0789779641070682,0.7826797469356649,0.010740997223768192,0.00464154649992127,0.12295974523357724
354,0.06197964471251134,0.7992326002340268,0.030974939109708822,0.0037913659236814322,0.10402145002007163
355,0.050368574747530814,0.8964367918594969,0.00662026462438617,0.003456714270912316,0.04311765449767368
356,0.12035656893595223,0.6406280813182688,0.012772104575013321,0.003766096878402152,0.22247714829236334
357,0.11195428942150559,0.8143615708727736,0.013841919307449256,0.00814301632712433,0.05169920407114715
358,0.1328465435058369,0.7322325622237104,0.018790838401113556,0.004343398592919244,0.11178665727641991
359,0.20842594025242778,0.6068393397720095,0.009923322426166286,0.006615563768061948,0.16819583378133451
360,0.126094542295957,0.7327076205469544,0.04325980495517977,0.008887651402851525,0.0890503807990574
361,0.08723675918363755,0.7939092077982302,0.058141464572952634,0.006515319240543452,0.05419724920463611
362,0.09132922366335407,0.8563316196709586,0.021062287178564783,0.009728590796674267,0.021548278690448293
363,0.09627341436086315,0.7907582550120164,0.015603895875535422,0.003162241347471321,0.09420219340411358
364,0.05459218275393195,0.7575977137138168,0.09720758856777616,0.0025261441037080375,0.08807637086076717
365,0.09370422852749806,0.7995235416419078,0.032715236212349424,0.004861017180878004,0.06919597643736679
366,0.07531156183866218,0.7286712163822214,0.03630182318037848,0.006663662694982847,0.15305173590375507
367,0.19668596480105327,0.5161983649841851,0.006994772369680885,0.0053096238830107655,0.27481127396206995
368,0.21000696296731636,0.6421759833018236,0.02160292158429906,0.007362917757407363,0.1188512143891537
369,0.09528195909473662,0.7765975305850525,0.04047701450875853,0.006475676892551863,0.08116781891890056
370,0.1466855125187641,0.7102194278326595,0.020378524854058427,0.013391774637113022,0.10932476015740519
371,0.15300159312348954,0.6684036540405964,0.023219052809933333,0.02144257167285757,0.13393312835312318
372,0.28927492316541115,0.5672368468773555,0.03021081836322123,0.00942499183047469,0.10385241976353735
373,0.1517406234430055,0.4586534955751916,0.12500267737284348,0.005287523000456454,0.25931568060850296
374,0.3693517132411451,0.2779060948190704,0.04928350717393144,0.012949948762056728,0.2905087360037964
375,0.4461896811211682,0.3395203852389444,0.013773971522125984,0.017225638972169707,0.18329032314559182
376,0.41084989443878556,0.40345612398440295,0.0032155296423007165,0.013762660240003277,0.16871579169450746
377,0.183896971309637,0.5233760614454416,0.020159124538766494,0.009168661814120493,0.26339918089203435
378,0.1770610990392934,0.6849872037005077,0.035715928669326824,0.0100003767607164,0.09223539183015565
379,0.08084883242986814,0.8428702919826883,0.03472176046677284,0.01168751100903546,0.029871604111635277
