epoch,N1,N2,N3,R,W
0,0.05824871763580314,0.00046729804255460415,2.5423635926769835e-06,0.0016184877050795302,0.93966295425297
1,0.22847173520722439,0.0008655443386174504,5.708680509308286e-06,0.002148839271664733,0.7685081725019841
2,0.16799578040322788,0.0005661919277854627,2.5527005825836234e-06,0.0008744525545854975,0.8305610224138187
3,0.05945464075937294,0.0017074039950772935,4.557722131484377e-06,0.001916561010675193,0.9369168365127432
4,0.027530305354666544,0.000363657392320374,2.204249621817581e-06,0.0012937002046549827,0.9708101327987362
5,0.3630277375958516,0.001939485665618968,1.1647296514070564e-05,0.003761627504112847,0.6312595019379025
6,0.10270939426856121,0.0008428688829611043,5.828875220677741e-06,0.0033433664681776316,0.8930985415050794
7,0.25906213374315834,0.0008479247875776266,8.129926880389924e-06,0.0007303692478208817,0.7393514422945628
8,0.048402926807254804,0.0004375552856656698,5.325222964602836e-06,0.00039648865546803257,0.9507577040286469
9,0.5061658418268213,0.0009154759747803188,8.536631670317579e-06,0.0010057946974799854,0.49190435086924794
10,0.3297326518709356,0.0016206390976897475,8.719364559900348e-06,0.0009055097826325285,0.6677324798841822
11,0.4797513777987545,0.006528088394582677,1.895479750178497e-05,0.0024086843283491442,0.5112928946808118
12,0.30869811704539496,0.0023127851391175716,1.8538315499935392e-05,0.004969492072647244,0.6840010674273403
13,0.4548740427521498,0.010814807232596821,1.9282885539614354e-05,0.010385741728178738,0.523906125401535
14,0.20514758305534142,0.005248583541862904,1.0819032652934617e-05,0.01338523776638091,0.7762077766037618
15,0.15418167696857002,0.006284160339696102,7.204255728124604e-06,0.010617958249020804,0.828909000186985
16,0.05696432082651134,0.019553081113156612,1.7375122197680464e-05,0.0244957473199943,0.8989694756181401
17,0.05647419370294885,0.007167151656796606,1.3515666544859178e-05,0.023844111891603254,0.9125010270821065
18,0.04532527989057608,0.005936612878606426,8.43131861607312e-06,0.01148281722066853,0.9372468586915329
19,0.017948817572336392,0.014556254020402401,1.0339357810985314e-05,0.009239524448691527,0.9582450646007588
20,0.052737506168973027,0.008213789585087354,1.1554337563976322e-05,0.012743955075199131,0.9262931948331766
21,0.11532280228785877,0.009167738967476212,1.9431472428077267e-05,0.021782683463147993,0.8537073438090889
22,0.13915377989878383,0.016554926509234402,1.7926776815831083e-05,0.038152853039932474,0.8061205137752335
23,0.29118099374915524,0.006762186243925115,1.4538308856757043e-05,0.009319012733492515,0.6927232689645703
24,0.18093951398373706,0.0060785950625435355,9.051235049356228e-06,0.01313877424369602,0.7998340654749739
25,0.09101651062118608,0.009467967289854624,1.486988779500938e-05,0.012691802753045395,0.886808849448119
26,0.16629361480759208,0.0022173183410942074,1.5704282690015474e-05,0.013568702998935677,0.8179046595696879
27,0.13835256776506294,0.005585566096504356,1.9870726706986214e-05,0.0127247333964174,0.8433172620153082
28,0.06334707676818987,0.03700710363221416,5.473786211815658e-05,0.01843038579665096,0.8811606959408268
29,0.0342358167111872,0.050668668302036306,7.934811591512467e-05,0.006822084694678913,0.9081940821761825
30,0.03089784489683596,0.013520291315826901,2.5047416130543922e-05,0.013572327578267521,0.9419844887929391
31,0.018769069051886998,0.057024099905318246,0.0009863950808416892,0.0018664409164710182,0.9213539950454821
32,0.10226650503126886,0.02663732513913492,7.239470471816867e-05,0.013202174016862227,0.8578216011080158
33,0.1300752551988495,0.09316220059291742,5.428458802644099e-05,0.011728702755986885,0.7649795568642197
34,0.1305283680503815,0.4259266847870105,0.00020850366223257525,0.01596965415400865,0.42736678934636674
35,0.5085929085593283,0.1021592425013049,8.306282035535516e-05,0.01568335051475474,0.37348143560425673
36,0.3948276986301386,0.4696187892360031,0.00011609216239276384,0.006464198895794229,0.1289732210756714
37,0.24361579584179777,0.598592298121432,0.00027020832614662563,0.011648418709841511,0.14587327900078198
38,0.3391141721699289,0.5151934649031906,8.779930082118872e-05,0.008514831150663635,0.13708973247539566
39,0.310481762384307,0.5562935601227763,0.0004516380721130555,0.011319163844648716,0.12145387557615502
40,0.18087617840512132,0.7593605327173438,0.00036698698124929994,0.0047295233116269415,0.05466677858465868
41,0.08872929231482016,0.8706264352382028,0.0009697977460920716,0.0004284132750707843,0.03924606142581418
42,0.08979881324413269,0.8843704774149945,0.0008408914784430777,0.00028238106994891976,0.024707436792480626
43,0.08027846419352819,0.9029906487544611,0.0010889240213489313,0.0016542021029939818,0.013987760927667634
44,0.11593311685591307,0.8411492898978286,0.005217559687020157,0.002168523794907444,0.03553150976433082
45,0.11395583092214814,0.8308622631030139,0.0010527143740510817,0.006682026176005077,0.047447165424782035
46,0.07028586589332285,0.8998103293739729,0.0019574240079504837,0.001574895088172393,0.026371485636581433
47,0.015316827142848424,0.9422481305187611,0.0013711897316306247,0.0008416243703009878,0.04022222823645885
48,0.03776429653486202,0.93213899420191,0.010027535105330703,0.0012055144846029,0.018863659673294505
49,0.037833213391670395,0.9444166453588151,0.0009731901228555557,0.0017013280906841152,0.015075623035974844
50,0.04980006925213806,0.913860560174174,0.007685613956390298,0.0003217235013459644,0.02833203311595179
51,0.094435861189257,0.8734955500981999,0.0019499180938266569,0.000516943690777667,0.02960172692793874
52,0.05393512480628018,0.9059669710297689,0.006309178451811801,0.0001600120201988817,0.0336287136919402
53,0.11104863799627188,0.8720459991530227,0.0018333767068660844,0.0002220225376580088,0.014849963606181193
54,0.03852597019191262,0.8892493882633358,0.0102392526915714,6.301861543901321e-05,0.06192237023774133
55,0.07478677748873022,0.9054423890420389,0.001631949195342209,6.879820424564663e-05,0.01807008606964299
56,0.04827457701598376,0.930204852098501,0.0055699791785213445,0.00010255292176365145,0.01584803878523027
57,0.03482721972421813,0.915921546931012,0.03326306945121979,7.36679003472884e-05,0.015914495993202663
58,0.022535556317654935,0.8981187153896473,0.07259359564747896,5.849452240614811e-05,0.006693638122812622
59,0.027084054734289032,0.9225592548531156,0.031402760619015785,0.00036787817345993725,0.018586051620119656
60,0.006354786975668263,0.8657142330315579,0.11834684001345501,0.00011097016432690586,0.009473169814992048
61,0.003793680650033379,0.8607223282190987,0.12844718760164195,9.54183326415217e-05,0.006941385196584422
62,0.013521870123156395,0.8008421214921425,0.15792600611176708,0.0003666320230989442,0.02734337024983498
63,0.0020549012089245092,0.6634018954909715,0.323751518908237,0.00019072512719695014,0.010600959264670008
64,0.0034418762949620318,0.8672857381613159,0.11957958783786905,0.0003086010126859943,0.009384196693166957
65,0.003853254023006014,0.6926920417386302,0.28662454775236884,0.00022026408025887416,0.01660989240573594
66,0.013360071285541864,0.860309616496579,0.10709746422643134,0.0002818553978420003,0.018950992593605775
67,0.011445668677765208,0.8543126968498433,0.10594845829743904,0.00029916622120003655,0.027994009953752213
68,0.008870353250519079,0.7460391844151375,0.20515310826587096,0.00017321853328236574,0.03976413553519008
69,0.01207465688880328,0.7821050853344824,0.1651487775625859,0.0003746767866139561,0.040296803427514474
70,0.0045011168930685795,0.502683724788085,0.4816678273874516,0.000195155992873672,0.010952174938521075
71,0.0018618574264982386,0.5395152729479663,0.4476276055298219,0.00010671290184524596,0.01088855119386832
72,0.009217347359311307,0.8000301363214044,0.15967406602877324,0.00033773669256947865,0.030740713597941435
73,0.018662249090570505,0.8609297208860048,0.08915094751192099,0.0010142075689274735,0.030242874942576128
74,0.018475049750156337,0.8951805181358339,0.06142700503740234,0.00046458330392173724,0.024452843772685938
75,0.0062052512023662975,0.7606042435723209,0.2210756907311671,0.0002754210228049433,0.011839393471340645
76,0.00871565150699873,0.7057714607454357,0.24327172672433545,0.00045160184839720117,0.041789559174833076
77,0.004226629843314048,0.691910226844264,0.29594228569664194,0.00039771361053828123,0.007523144005241716
78,0.003091762799256544,0.6465321366368649,0.3405489579965149,0.0003793481741555759,0.009447794393208008
79,0.0037459397596857,0.6722892026828686,0.3071675001614034,0.0003869234875197349,0.016410433908522665
80,0.0025239869984495034,0.61657049258774,0.37410013888641824,0.0003266342002452206,0.006478747327147132
81,0.0025516681919617442,0.5162694898797145,0.47356026984290783,0.00024149946924361778,0.00737707261617233
82,0.004063317279265383,0.48976240445011354,0.49458617685802425,0.00022666502138424566,0.011361436391212704
83,0.005873445834283105,0.8335410238925247,0.1449149919505332,0.00032213895443539365,0.015348399368223626
84,0.016447960031061342,0.8137381453103971,0.1155940875144758,0.0007623835230579489,0.0534574236210076
85,0.005795032379759923,0.669085182689863,0.23279666159204673,0.0006543570655912864,0.09166876627273907
86,0.0037101324342768043,0.4930603394714063,0.4488317406766554,0.00042467313828591075,0.053973114279375595
87,0.01812796867566262,0.6800438943204018,0.16741544914153586,0.0007484921487365772,0.13366419571366314
88,0.03687483512621622,0.5868336295700036,0.1069096688829487,0.0014831936742579121,0.26789867274657353
89,0.007674612401417462,0.04324841738911773,0.1385925664148779,0.00044916104681324583,0.8100352427477736
90,0.059046790919378284,0.03735668885876213,0.09115279131193549,0.0005979774195966282,0.8118457514903276
91,0.03996324521310875,0.5555037630856069,0.04301168590672548,0.0011697446873619529,0.3603515611071969
92,0.17348009820907015,0.4321974673797589,0.030778031965553204,0.0019763903235038853,0.3615680121221138
93,0.052527307178108294,0.6890004687457124,0.012017185245940882,0.0016629385224905331,0.24479210030774792
94,0.0064384280093439565,0.5919479570733424,0.26241070772192404,0.00040375889542246235,0.13879914829996734
95,0.046066618790340776,0.7492832443492489,0.025438433014210966,0.0023574244249948625,0.1768542794212045
96,0.012805904842178167,0.6639673680318716,0.11618008240272407,0.0011494276189455163,0.20589721710428066
97,0.019755575901866114,0.6788187077981904,0.2174488402092161,0.0010708966607313594,0.08290597942999603
98,0.03862725244290736,0.837094115180395,0.038169635252771124,0.003159415317862719,0.08294958180606389
99,0.02210946602359102,0.8785885769961675,0.07464462810848715,0.004033978651439633,0.02062335022031451
100,0.037462458261319546,0.896684226964383,0.02376137546443831,0.006199919631830874,0.035892019678028075
101,0.15377151624694818,0.2704774692372786,0.0015198110540082306,0.006153984112717156,0.5680772193490479
102,0.21794225655823637,0.5494855132489543,0.002185390252520515,0.00802238913592144,0.22236445080436737
103,0.45207223398381374,0.4047231911352782,0.002317786828949707,0.01703054175672792,0.12385624629523051
104,0.23232120435252337,0.5051028117340858,0.0018249607687610954,0.006019333271231495,0.2547316898733982
105,0.37364278726916916,0.04243930515948527,0.00016354808645232554,0.012865440896517599,0.5708889185883756
106,0.3435278178608356,0.3859329492373987,0.0008638941078706532,0.01725070116286042,0.25242463763103473
107,0.39893752784715075,0.19056892479705428,0.00022012890680932502,0.010288057712697992,0.39998536073628754
108,0.29843812478625614,0.19840286972040505,0.0003515890271883704,0.00474293856413324,0.4980644779020171
109,0.16925383157680882,0.07998897526308635,0.0002137554617600713,0.0013891520559552346,0.7491542856423896
110,0.38816428362312483,0.25044418103192445,0.0004025815710383307,0.0017473064832278934,0.35924164729068453
111,0.2808093668632137,0.527449809127287,0.00029583248737472743,0.0020093390170375113,0.18943565250508698
112,0.17165100658071153,0.5180740320193806,0.0005290674193894267,0.0018201899154837418,0.30792570406503456
113,0.2931223501675052,0.6039324780586751,0.000756259719216797,0.003832439969664014,0.09835647208493885
114,0.08116764977730778,0.8810236370762963,0.0002542772470208374,0.0030852618183327867,0.03446917408104215
115,0.08399782375409834,0.7828235076995917,0.004170702184848825,0.002130517370911086,0.12687744899055
116,0.023888271521233302,0.9640186658854524,0.000890035482445707,0.0014945044334532733,0.00970852267741529
117,0.06595974899077803,0.8817076638947733,0.0017330539585160242,0.0014059181268402908,0.04919361502909233
118,0.032907815582869426,0.9020021570563675,0.040627891902012304,0.002436380542073319,0.022025754916677458
119,0.28518530624676947,0.5836865318060025,0.013090987203887317,0.010851190021282053,0.10718598472205865
120,0.34951487188927804,0.5167236626309497,0.00609647953843892,0.006795624445268002,0.12086936149606536
121,0.23766887462158368,0.743068436826727,0.001151253566498242,0.006073683134506926,0.012037751850684031
122,0.04905952667068481,0.8567762414988046,0.007610968322462888,0.000993893108712172,0.08555937039933559
123,0.06341897389274549,0.9064240644255139,0.005096367787905401,0.0012206560302323575,0.023839937863602736
124,0.029219320042195216,0.9080608940293545,0.034371674426205305,0.0016526598906422886,0.026695451611602642
125,0.03408617543782521,0.8794242324212932,0.004295021334278113,0.0017572002429973481,0.080437370563606
126,0.13380174336726788,0.7294792284154872,0.007141317855115578,0.01959122869344311,0.10998648166868624
127,0.14530543849808564,0.7294840527303442,0.0050548042001801255,0.00768041802304004,0.11247528654835011
128,0.2638105510647169,0.6365674238457739,0.0020274570213735608,0.007632651559262544,0.08996191650887311
129,0.13119319748377634,0.5507327233583755,0.002965512063717151,0.0035396973099349766,0.31156886978419607
130,0.15227699228983752,0.6288205425817153,0.00964437708961866,0.004681367522105547,0.20457672051672315
131,0.09817484847703446,0.2629777190786526,0.023331596664441123,0.002655362633849913,0.6128604731460219
132,0.11710555299894358,0.14107639484657444,0.22620075816647298,0.0017640404611272173,0.5138532535268818
133,0.266365271752531,0.5424351238904234,0.005892898089650998,0.005011985568375763,0.18029472069901886
134,0.2894310494508357,0.37874974245255527,0.0035773880852543074,0.002817918432079606,0.3254239015792751
135,0.047690582079722064,0.48893465761943267,0.01787939940040397,0.002796166495554762,0.44269919440488653
136,0.052551465748429414,0.6268342508527486,0.21636929115010237,0.0008704436435344441,0.10337454860518538
137,0.020090703180108808,0.7230758192631455,0.13002902859765797,0.002249537485026856,0.12455491147406086
138,0.022091070511619165,0.8799651042072647,0.024082273344476834,0.0019251053492219145,0.07193644658741721
139,0.13104998554387834,0.7337083531642671,0.042461887800994975,0.006396284251332933,0.08638348923952666
140,0.06468349456013353,0.8052913200199064,0.025700778188931538,0.002515913832773604,0.10180849339825493
141,0.09037514366083318,0.8478877944043707,0.030588294812167464,0.007538111346475065,0.023610655776153896
142,0.06029777123184347,0.8401554178353358,0.034151035645159686,0.014180096507782415,0.05121567877987868
143,0.03386301298391214,0.5715928710194654,0.056835660622649234,0.0030608602388862934,0.3346475951350869
144,0.006358694540080815,0.023221158565457173,0.001161714581245421,0.001589270839484441,0.9676691614737322
145,0.02696771285437699,0.030689842516817955,0.0010801221775275664,0.003934819658185115,0.9373275027930924
146,0.24360707016416375,0.1578869273527822,0.0010374172879872333,0.01453824484030559,0.5829303403547612
147,0.20694013694730998,0.2250884559233323,0.002671176622939993,0.009538008099022402,0.5557622224073955
148,0.13542894213172724,0.34482572796057825,0.00022574240392467105,0.00774196771654347,0.5117776197872262
149,0.003669811392870216,0.012976372656863444,0.0013607520461857362,0.0005204098009432793,0.9814726541031373
150,0.23587574683606163,0.07082814216801717,0.00026190859253240486,0.024795287803048766,0.6682389146003401
151,0.21077035309386957,0.4611254636353885,0.0007895952840783386,0.004975747475001171,0.3223388405116625
152,0.07672550822514006,0.01968333374024957,5.7669340424024466e-05,0.0034922038249839246,0.9000412848692024
153,0.10833800546304441,0.5152579862376259,0.0005174677963075969,0.004891307252896786,0.3709952332501254
154,0.4413645112663752,0.16665860367809077,0.00041115982728398884,0.006419385361881544,0.38514633986636854
155,0.04579568382682502,0.8041991767897614,0.0020882657025419757,0.0015512237120370472,0.14636564996883472
156,0.06641704475952527,0.4950261186754574,0.002640586145113688,0.004001077341123505,0.4319151730787801
157,0.029453608418460658,0.0967923393920158,0.003382910880065055,0.0015626030182187278,0.8688085382912398
158,0.08530746013115421,0.04317803399583134,9.828133465346538e-05,0.0026236500015662306,0.8687925745367948
159,0.39781611766788827,0.43986182798180395,0.0001990116458975158,0.005824018278595231,0.15629902442581498
160,0.18104789851872274,0.6958021531763877,0.0004966452061422161,0.004950952484281041,0.11770235061446613
161,0.02032408760759215,0.9621442473482448,0.0011836726507397119,0.003943107796590949,0.012404884596832314
162,0.00517607601887976,0.9553427464724636,0.0055427402467947955,0.0026883428740769153,0.031250094387784706
163,0.16753196830366496,0.7122262949030311,0.0015389306223987907,0.05633955766625618,0.0623632485046491
164,0.3589147006662906,0.16687982104072172,0.0024054214191473367,0.16337238650256272,0.3084276703712776
165,0.14166425058950577,0.05912856981824444,0.00045981059889410445,0.7396852976426618,0.059062071350693836
166,0.08431762799141462,0.023980190031359035,0.0002857320001197295,0.817852553490174,0.07356389648693276
167,0.11518370231602833,0.023542583588060655,0.000213414722417714,0.8204333056739119,0.04062699369958135
168,0.07327832062917149,0.01882034065256878,0.0002770581661536582,0.89490499793597,0.012719282616136062
169,0.08137208959804725,0.04736685708502743,0.0008129157815298866,0.750459402155553,0.11998873537984242
170,0.0255063444707713,0.009027498076116032,0.0005430104621106054,0.9318656589763648,0.033057488014637246
171,0.05263292705054739,0.015128181662028718,0.0020384322304550714,0.8697694363334791,0.060431022723489616
172,0.048091716833292976,0.019124381566658254,0.0009193200976404347,0.8752351539209534,0.056629427581454894
173,0.03614262473069825,0.017984083291200458,0.0006764169289469263,0.8175970055611288,0.12759986948802557
174,0.027297172383812237,0.008920412135590205,0.0002928473843380185,0.8379699342555826,0.125519633840677
175,0.016819001425509687,0.007612512098287921,0.0005609384092476246,0.854018740956796,0.12098880711015876
176,0.010509485895426914,0.0074456460777959565,0.00024428845267564865,0.9127169681617004,0.06908361141240103
177,0.5150151796105835,0.003954947038211538,6.432031586841008e-05,0.3648836787101189,0.1160818743252177
178,0.009385259091108078,0.0024986050829780954,4.9573918447614675e-05,0.47125922332215897,0.5168073385853073
179,0.029890377562922302,0.009554180985492973,0.00012463193854830848,0.8835174209443758,0.07691338856866071
180,0.01728272334039809,0.003042890704915533,7.922264622649478e-05,0.9231390692699434,0.056456094038516494
181,0.011667683186056241,0.004224880919576803,0.00014063952106491164,0.8291198568949159,0.15484693947838615
182,0.005225317209416416,0.0015013945416259202,9.172707143086074e-05,0.9457897252431895,0.04739183593433717
183,0.008011005312399015,0.006412339219004586,0.00030856656614062714,0.7401295894479294,0.24513849945452643
184,0.015589445469789348,0.002571007239652945,0.00018421869043206806,0.7568363771546468,0.224818951445479
185,0.01776639090806671,0.004720317430299981,0.00016440466734878338,0.8995826167966304,0.07776627019765397
186,0.02867780925165855,0.0033324904059051966,8.45706984810973e-05,0.9325024224791661,0.0354027071647889
187,0.028880893541324962,0.0016018561516888447,2.531632633094784e-05,0.9512738403941265,0.01821809358652869
188,0.010589785886663565,0.0008253357504800075,1.7001113230866027e-05,0.9688232467855807,0.019744630464044857
189,0.013266671202607279,0.0009011774485540434,5.210192777594717e-05,0.9762892099575334,0.009490839463529176
190,0.013169477544169556,0.0011690888936710443,1.6465583022250577e-05,0.9838566806915637,0.0017882872875732499
191,0.011256719973212365,0.0008437558812474372,2.1681789341337767e-05,0.9831760476718964,0.00470179468430246
192,0.002799992306798526,0.0008194264488140585,3.187757365729465e-05,0.9878731433936168,0.00847556027711346
193,0.012824498892621189,0.002378910560998812,0.00011066585856164978,0.909330153832647,0.0753557708551713
194,0.020796581086901814,0.002271967219981878,5.341699201621703e-05,0.9620326078634241,0.014845426837675972
195,0.01463683791430479,0.0036790090890950916,0.000125175293298196,0.9551083253581156,0.026450652345186308
196,0.009824825140882355,0.001162070376238582,2.258622402065073e-05,0.9814748765249403,0.007515641733918269
197,0.003786415117818658,0.0012497158506581392,3.1007033122903044e-05,0.9880855131347737,0.00684734886362668
198,0.005547529119215409,0.001798577055642433,4.3478877674634284e-05,0.9549361927136639,0.03767422223380361
199,0.38405218884256637,0.0045515369507070046,9.44104789491233e-05,0.5637423132610518,0.04755955046672578
200,0.24359977539476527,0.0014320699967243704,3.316805380710515e-05,0.7454496391604374,0.009485347394265797
201,0.49465814377553896,0.0007456915030618209,7.485190773421533e-05,0.4845910007369587,0.019930312076706338
202,0.01242124638206051,0.0013319658836634754,5.435178449429122e-05,0.9762575116235445,0.009934924326237288
203,0.0032132671891374337,0.0007858591004019454,0.00011645129261650815,0.9814343776461956,0.014450044771648568
204,0.002795751194146151,0.001153601003147843,0.0002326952052559943,0.9761939516158437,0.019624000981606424
205,0.004021800652945755,0.0013046845807447916,0.00014272940682544895,0.9757831243707558,0.018747660988728185
206,0.008876990445169689,0.0016357185866876871,0.0003601141958388,0.9608423747223458,0.02828480204995824
207,0.003310681938094497,0.0006642814251992751,7.97364746969848e-05,0.9894903619468443,0.006454938215164879
208,0.01110571374868796,0.004129369776937117,0.00027887365141323115,0.9699784157855659,0.014507627037395743
209,0.009380818104799776,0.003558353654043091,8.767123775227214e-05,0.974588993826006,0.012384163177398811
210,0.004711670022810649,0.0044302690304935935,0.00015540714543186461,0.9735931228699242,0.01710953093133971
211,0.006076725459955913,0.005055931099225334,0.00021230269875724436,0.9739058308879148,0.014749209854146577
212,0.0028640135360033588,0.0025615769209644808,5.789198967770291e-05,0.9672940632157823,0.02722245433757205
213,0.003680878811899367,0.000870120062678841,3.8069568517235504e-05,0.9722664845013748,0.02314444705552994
214,0.015244599028399778,0.0021064480167892028,5.566969489989226e-05,0.9415779469954924,0.04101533626441873
215,0.012191928292788068,0.0027515422147999617,8.217909613273726e-05,0.9687779813427727,0.016196369053506694
216,0.0036034029099224233,0.0009689053379508159,6.625208627598216e-05,0.9860535499857032,0.009307889680147506
217,0.013806527582458004,0.0013793419435195818,3.8333148085869996e-05,0.9770676573859639,0.007708139939972646
218,0.4078821017681518,0.0009721319037700431,5.931296223037343e-09,0.5824454330643262,0.008700327332455677
219,0.21848261649701994,0.0006051202418905278,2.233934588915379e-09,0.7695156498643269,0.011396611162828151
220,0.4443852664929476,0.00023097744742022752,2.111159001102716e-09,0.5435461552821069,0.011837598666366297
221,0.023102201050259823,0.0014521608229562289,3.505603913874413e-05,0.9661479694059834,0.009262612681661796
222,0.0065334428068134,0.0011293798442319446,2.1666294131090248e-05,0.981308051735364,0.011007459319459702
223,0.008340189854554021,0.0009976694068763055,3.2109004290214316e-05,0.9819157700949923,0.008714261639287213
224,0.004572480248363583,0.0010902408035309405,9.395158808588886e-05,0.9853621727159347,0.00888115464408501
225,0.005365933093164903,0.0007035661854188791,4.20492606477148e-05,0.9735729536327437,0.02031549782802487
226,0.010473068992927255,0.002773715313556843,8.327111868058535e-05,0.9677803451164431,0.018889599458392265
227,0.006432563772847924,0.0018717396941753915,0.00014170361095986215,0.9567975978793205,0.03475639504269649
228,0.008519604388058304,0.0033439664323398283,3.531753776526608e-05,0.9681502035633311,0.019950908078505556
229,0.020064550783484514,0.006804909071150356,9.360444236730516e-05,0.6267938383625344,0.3462430973404634
230,0.03157652280946133,0.002466047412004744,2.092517062027368e-05,0.08600416735419675,0.879932337253717
231,0.3834264148873602,0.005642076885619684,2.6930891658391468e-05,0.19444207827218815,0.4164624990631735
232,0.580700795408217,0.005261470459857066,2.6666779218168243e-05,0.2365148441466989,0.17749622320600886
233,0.3589383966036563,0.025036650304099448,6.10187850760088e-05,0.38381297980720186,0.2321509544999663
234,0.4050545279981468,0.013733948002540604,5.217627817141676e-05,0.45689844054016027,0.12426090718098098
235,0.6382723036072446,0.05300864376976667,9.221514616235264e-05,0.2685275418988548,0.04009929557797162
236,0.4031304154918089,0.11040938251450835,0.00015293299059990166,0.42636875982557276,0.059938509177510056
237,0.09532123414285514,0.5221098106397157,0.0003015789327420519,0.3518083183010465,0.030459057983640618
238,0.08024898354137788,0.3486617716006776,0.0005878997802269629,0.5131562066127603,0.05734513846495744
239,0.1418974266616228,0.12613147779857026,0.000722701452522628,0.632212137157455,0.09903625692982938
240,0.27073169537362446,0.1558128194277837,0.0007233487358769061,0.4497723128576688,0.12295982360504613
241,0.23721398940071112,0.5351803933050534,0.0005434803950867072,0.1746226395279537,0.052439497371195055
242,0.20665585722399274,0.651294846712988,0.000585638584332668,0.05756602129346168,0.08389763618522489
243,0.08880661402384764,0.8719526590164913,0.00018640824834496544,0.02402816425228195,0.015026154459034305
244,0.1636351977859528,0.739859954428079,0.000714167558644614,0.027167246170418994,0.06862343405690458
245,0.011425905258761715,0.9569299147998706,0.000449423605145252,0.016192174464424593,0.015002581871797701
246,0.004382335007960862,0.9599898798235108,0.00077625512604795,0.0017357841025535628,0.03311574593992688
247,0.006185524118493145,0.9817886054768463,0.0004128848422670454,0.0022609221649103175,0.009352063397483288
248,0.02427209160361611,0.9502792120836749,0.001837401632836143,0.0021517798617512935,0.021459514818121642
249,0.006596130245568924,0.987056686145836,0.00030936370439011356,0.0024066684754977907,0.0036311514287074697
250,0.07723371398466998,0.9083027606681267,0.000794307474905084,0.004170228114297506,0.009498989758000634
251,0.06835197273334104,0.9213578756974042,0.00027820046379328236,0.003739224872671411,0.00627272623279007
252,0.01890712896629804,0.9760079171788347,0.00020709325500228583,0.0016906144504637334,0.003187246149401328
253,0.014534661095945079,0.98270733411792,0.00045061937127432945,0.00037000009529216863,0.001937385319568519
254,0.003889838817394779,0.9913062934308506,0.00043719081305654,0.0007063652840175895,0.0036603116546804356
255,0.004921913754741425,0.9897556026764643,0.0008443385312351361,0.0014309679006383519,0.0030471771369207858
256,0.013486916929280592,0.9742660385728443,0.008702508399406152,0.001075266601345773,0.0024692694971231097
257,0.020456700914907987,0.97486532504194,0.0004673430666162452,0.0018310030731568717,0.0023796279033789104
258,0.0042505653758016715,0.9898421832426872,0.0007715816440325477,0.0014439418197308479,0.0036917279177477256
259,0.0759725036529874,0.9143318252194047,0.001774223589188431,0.004355590682762036,0.003565856855657464
260,0.03654568660180777,0.9562931329672466,0.0020726712897458552,0.0016795870765892351,0.003408922064610349
261,0.02366545295864997,0.9603784944147447,0.004454567978062896,0.0014909562425740725,0.01001052840596824
262,0.011234409573250538,0.9566235444349459,0.021734969213948054,0.001080586481084568,0.009326490296771
263,0.08624974787444316,0.8875034222683962,0.006889472963927112,0.002494807494769237,0.01686254939846415
264,0.020356337479137565,0.9735376919305313,0.0018101688179613048,0.0008583723154544276,0.0034374294569155892
265,0.01417804666535303,0.9679697101591644,0.010533296720719404,0.0005145041253203076,0.0068044423294427335
266,0.019032651976244604,0.9643767766145965,0.010500167049439783,0.0014052910936809594,0.004685113266037987
267,0.010284515930730353,0.9739435284962664,0.0114696996091545,0.0007726377510868405,0.0035296182127621326
268,0.005312731041673614,0.9879971988166742,0.003113839880613807,0.00039999101193579836,0.0031762392491024717
269,0.050728400615781676,0.9270500920123492,0.01100734886930804,0.0011549478092144313,0.010059210693346561
270,0.005585397113978496,0.9570298391327782,0.03462143771266276,0.00017418445078125165,0.0025891415897991324
271,0.002801117461476228,0.9820024452324386,0.013035301911604662,0.00020127260026145323,0.001959862794218916
272,0.00393070935565437,0.9188106847462711,0.07296609524023338,0.0006516406840182516,0.0036408699738227444
273,0.007994287451098259,0.9116973904375816,0.07291143882899592,0.0015588593963459204,0.005838023885978314
274,0.0018816084190182729,0.9268851210695191,0.06835879492593704,0.0007866714389124831,0.0020878041466130437
275,0.006977435871836751,0.9136900942684942,0.07298240005574859,0.002262485537666602,0.004087584266254001
276,0.004877439591016299,0.8214050644966062,0.16307452579587683,0.0012114925899742392,0.009431477526526405
277,0.007719442516722892,0.8911572764987962,0.09139048802059144,0.0013763833029054795,0.008356409660984054
278,0.0032815230122263212,0.9112372432558312,0.07814143715941627,0.0007401645430739017,0.006599632029452428
279,0.005203706871018104,0.8425113433815646,0.13717803832938824,0.0008849736316580051,0.014221937786370955
280,0.0017838195245353488,0.651706144884734,0.34044600693306376,0.0005269742837795346,0.005537054373887386
281,0.007930502108001421,0.9185389502329313,0.05109706394453256,0.0009145599724536681,0.02151892374208122
282,0.012841116894079036,0.8984579567751739,0.06143795747691968,0.002062197725071593,0.025200771128755847
283,0.023605938113802093,0.8337115108624926,0.12955921655629832,0.004666578522173012,0.008456755945233945
284,0.005710418715545211,0.7523919952753529,0.23550283262896424,0.0008892688487470789,0.005505484531390562
285,0.0012923444012067206,0.6726103899264707,0.3108472211736831,0.0007855466514765647,0.014464497847162886
286,0.006497451017039041,0.7886781936526802,0.18508206943905742,0.0016390800159746322,0.018103205875248607
287,0.007010607995579631,0.7015810140647413,0.2732301504942885,0.0012742556362461428,0.016903971809144467
288,0.009927034247148497,0.7842067278099196,0.19331051861115894,0.0010739905491707062,0.011481728782601923
289,0.01491444336369657,0.744554515483183,0.22852662324870557,0.0022388292719485426,0.009765588632466448
290,0.024449308417576025,0.7174707193986637,0.23498156951655286,0.003042865163986378,0.0200555375032212
291,0.012677401288032526,0.756491327824714,0.212432112294682,0.0011678429592177865,0.017231315633353887
292,0.002308726558825824,0.27048038650887674,0.722344954301773,0.0002856178249348664,0.0045803148055895
293,0.0051560873018032605,0.5556792460536177,0.4255329407718471,0.00048409472412671423,0.01314763114860509
294,0.003627705404873234,0.5469320382796918,0.4436034278206041,0.00038061984434451657,0.0054562086504861785
295,0.0028879495317584137,0.5224255173614977,0.470998124413234,0.0002968897903851379,0.0033915189031247565
296,0.002753891730248092,0.46546490260740536,0.527058452633525,0.00028503164645896735,0.004437721382362544
297,0.003650947159828158,0.6977471310085368,0.2841997279403435,0.0005004037988789067,0.013901790092412608
298,0.002623442675274818,0.37318328425020797,0.6190187117973535,0.00027686041358382726,0.004897700863579885
299,0.0011323458077911873,0.3974324790813221,0.5983734643188106,0.00025613040109457495,0.0028055803909815373
300,0.003133105692360964,0.5213015339300607,0.4698096644878231,0.0004566791506823071,0.005299016739072865
301,0.0018754069875332104,0.5422854447079749,0.45294894148748027,0.0005156624715877281,0.002374544345423953
302,0.0014525489102908313,0.39470788544902397,0.6008623175441253,0.000417160757607275,0.002560087338952577
303,0.001842198709887832,0.30267146768152586,0.6928229254790248,0.00038172916001879257,0.002281678969542753
304,0.0024884800166986385,0.4355340003267601,0.555994974673124,0.000741409926496828,0.005241135056920462
305,0.0026821268649356296,0.42703037173255604,0.5660754882808006,0.0010972336775522899,0.003114779444155415
306,0.0017081959723025488,0.4758264323967772,0.5172375607535269,0.0005647797449143954,0.004663031132479106
307,0.005648647772227209,0.7802079065040735,0.20565439656851622,0.001801017294642,0.006688031860541122
308,0.007133026196245451,0.511597103628098,0.4680202284159863,0.0026445509734236076,0.010605090786246702
309,0.001651286823048823,0.6050289164823842,0.38076436528004537,0.0012619906326963141,0.011293440781825224
310,0.005593483352273336,0.4955319158137256,0.49222150334181647,0.000959144716480687,0.005693952775703953
311,0.0007942067148050486,0.1624527754317601,0.8311192650644339,0.0003397639644994181,0.005293988824501558
312,0.03568511925434092,0.6837079286953646,0.22836910248629852,0.008465742166861571,0.04377210739713444
313,0.002249681275143011,0.3022741545994153,0.6890177218073685,0.0008755254692635434,0.0055829168488095385
314,0.0039385942940867585,0.3397999889179579,0.6474219576051872,0.0014917391830309157,0.0073477199997373085
315,0.00041640034605888764,0.136058759624733,0.8617854386398288,0.00014999761459222414,0.0015894037747871495
316,0.003077097952662993,0.5964578316578331,0.3964857155033707,0.0013724941043274002,0.0026068607818059077
317,0.0011726931173757498,0.165301736578197,0.8302769001926618,0.000338143623307528,0.00291052648845788
318,0.04092495496087385,0.7571212014528511,0.17269907231243423,0.005352552348395693,0.023902218925445126
319,0.009692978930776657,0.7660344348567552,0.21435090874404789,0.0019528644600077059,0.007968813008412347
320,0.017951694579725216,0.8246027017560462,0.14990753524863557,0.0018042739043212656,0.005733794511271866
321,0.026782890215890448,0.7145733564541383,0.24907591561127773,0.0021142121901864,0.0074536255285071115
322,0.006112508029470285,0.7376917583698083,0.2512665202502856,0.0011034151763048296,0.0038257981741309276
323,0.017111443554541975,0.880811292085316,0.08771102350737525,0.0061905940799854,0.008175646772781436
324,0.007209845739636745,0.8533013305664091,0.12967384100087007,0.0050528409550638104,0.004762141738020359
325,0.0113424204401652,0.7019459074764588,0.2622359330245281,0.006386930862687224,0.0180888081961606
326,0.018566355042613385,0.6541790312970992,0.28262850572727816,0.006713944103914003,0.03791216382909509
327,0.10740244118175425,0.6896250110904657,0.07654547702499402,0.028783611670676754,0.09764345903210911
328,0.21638436787522175,0.2477880494605347,0.00668998598231091,0.09874852130862727,0.43038907537330534
329,0.15541221593179974,0.33809676271648853,0.006062937392952025,0.1643954504169369,0.33603263354182267
330,0.23992942472208212,0.44218518444359795,0.00247516402345433,0.20707396261733169,0.10833626419353391
331,0.09052355428813635,0.7990750483724844,0.009681646452057147,0.0803974468712751,0.020322304016046917
332,0.14323319633510656,0.44639991181270877,0.01774094730581168,0.11417593431454855,0.27845001023182436
333,0.17109981596758167,0.4023866357616588,0.004673904113850448,0.29690472085339603,0.12493492330351329
334,0.2971880875002389,0.4302254977586908,0.0017797222782530119,0.15285505760778334,0.11795163485503411
335,0.27393173605655396,0.5174149717296943,0.0063399175214938356,0.07874717320984806,0.12356620148240967
336,0.12097090729094043,0.7938609386114217,0.0016103850749358375,0.06720739502436189,0.0163503739983399
337,0.20820426552367485,0.6814263531239213,0.00917181419892042,0.034247635961192485,0.06694993119229073
338,0.08501925474133888,0.7466732706277205,0.011163881066344906,0.03610088160721126,0.12104271195738452
339,0.23099298877707775,0.61877017751869,0.0005546475541374125,0.1196879215174617,0.02999426463263329
340,0.10696650272726752,0.8210056311106834,0.000229068914500979,0.058585557040110675,0.013213240207437414
341,0.2201621582823312,0.4717308013633738,0.00040151953409338137,0.2799181054059982,0.027787415414203365
342,0.06890864666987703,0.6790809816072907,0.0009760587796613584,0.2130579611451665,0.037976351798004376
343,0.1299091688555123,0.7293761911215162,0.005879100907903096,0.07234163693685296,0.06249390217821558
344,0.22058541923214028,0.11190827888863882,0.0008130437430373166,0.030134544070881637,0.6365587140653018
345,0.2853948304739158,0.6628589422707213,0.00040395920657527334,0.014124471393715893,0.03721779665507183
346,0.36955642313497133,0.5510665018727716,0.0012578759114121423,0.020270939061435837,0.0578482600194092
347,0.23220157319906753,0.6965823334967726,0.0003821068137430246,0.011199046361518304,0.05963494012889868
348,0.3173370756003314,0.534460042073589,0.000912719325410811,0.03541250351620615,0.11187765948446259
349,0.2043645443028875,0.7504750591692944,0.0003890026462833628,0.030358835504717258,0.014412558376817495
350,0.037137499675058784,0.9447816497727639,0.00030592884960111425,0.009848218003407362,0.007926703699168852
351,0.08083973527851018,0.9017218925798772,0.0007007135808796801,0.013432893489125925,0.0033047650716072764
352,0.03447724247251151,0.9502900363012288,0.0002486681239549285,0.012475219343943392,0.0025088337583615175
353,0.01527372351761631,0.9786581192364935,0.0002302409583489327,0.0032017468746159345,0.002636169412925291
354,0.008728902024547595,0.9866360912572931,0.000242770956735671,0.0030424271095371705,0.0013498086518866
355,0.11052826916781956,0.8631800875509191,0.0010020803777795913,0.018960855218525804,0.006328707684955753
356,0.04224764825517318,0.9497133086321902,0.0001846004917614917,0.0042048838220749086,0.0036495587988003985
357,0.15195178404050563,0.8268379244125843,0.0002282665524887415,0.018310157587757905,0.0026718674066632856
358,0.11526572722617363,0.8727927438272883,0.0007229818610400605,0.004586306570596798,0.006632240514901095
359,0.00896151063371178,0.9880347506434538,0.0003633467653485808,0.0011969878548605977,0.0014434041026249534
360,0.05828521363157596,0.9346668451131679,0.00029043400276082245,0.003778943713365631,0.00297856353912962
361,0.017479248922672885,0.926538497575835,0.04732166057479151,0.001059020882137276,0.007601572044563367
362,0.02455292428654445,0.9659185882139606,0.003768544240045661,0.0010535374913119137,0.0047064057681372
363,0.0155536897514353,0.9763675221348642,0.0032630759519212417,0.0022138033617761393,0.002601908800002894
364,0.06315433566253223,0.920925673914802,0.0023427224957492,0.0034835263231151113,0.010093741603801462
365,0.03787813709406973,0.9473536077954919,0.005525897471336027,0.0017239905014775707,0.007518367137624645
366,0.015277442034724595,0.9756168085671111,0.0034029141616048106,0.0002849350444564085,0.005417900192102961
367,0.02659801142053278,0.9704186973234283,0.0005031777951529029,0.0002561359266018984,0.00222397753428404
368,0.0228728080591977,0.97389345473426,0.0002910855789748223,0.00023552443664145054,0.002707127190925999
369,0.007569825375996682,0.9890953674642332,0.0005779087253464712,0.0008052719582333066,0.0019516264761904596
370,0.01839554777687277,0.9634772179736804,0.000535638538329966,0.0018213240379787057,0.01577027167313837
371,0.04036633681219195,0.9501740143993569,0.0005195104087566708,0.00189150807993403,0.007048630299760535
372,0.019916408768778083,0.9671453755627105,0.0057510637989439915,0.0019998003713492217,0.00518735149821815
373,0.006574938969051163,0.9898677735242984,0.0003520845084263573,0.001062127659361881,0.0021430753388620933
374,0.012903752726271044,0.9738470535399866,0.004190621061277783,0.003392077800426078,0.005666494872038602
375,0.028632914614639425,0.9335053423852253,0.004181842482355353,0.017629375721594894,0.01605052479618497
