epoch,N1,N2,N3,R,W
0,0.0002857733593858101,0.00017545550248970773,6.620624030466336e-49,7.092434312558625e-05,0.9994678467949989
1,3.2759665248578205e-05,4.108001104273477e-05,2.7465675975533143e-06,5.986335949781255e-06,0.9999174274201614
2,3.4178836633190356e-05,0.00014431636304797332,2.4238439548344144e-05,6.2668622431712155e-06,0.9997909994985272
3,1.2342414835989437e-05,1.5948534964109937e-05,3.245101604284537e-06,3.009482528911908e-06,0.9999654544660668
4,3.1099740906213255e-05,1.0380450135882115e-05,9.070129157676824e-06,2.223119473784749e-06,0.9999472265603264
5,2.377734370447889e-05,5.3926336054549216e-06,4.366677554969019e-05,3.562488694704291e-06,0.9999236007584457
6,0.00014002524035241877,1.664589810554486e-05,2.9111551324983735e-06,7.822300987499682e-06,0.9998325954054221
7,0.0001386688763675264,2.5648211250082323e-05,1.6216379788723615e-05,4.601121216707128e-06,0.999814865411377
8,0.00038527276261653745,8.171598189404162e-05,4.03692552544306e-05,1.2826693702202871e-05,0.9994798153065327
9,0.0039055144732342696,0.0006219583572197258,1.4624876487215703e-05,7.458648805736e-05,0.9953833158050015
10,0.004008654445611048,0.0008482974674041621,7.69949061497025e-06,0.00010944446004657927,0.9950259041363232
11,0.0022944278441377314,0.0006015624765208609,3.674560483900672e-05,9.319381353550715e-05,0.9969740702609668
12,0.0002959967192033438,0.00018832196674513975,7.779626716036682e-06,3.880491568409695e-05,0.9994690967716513
13,0.00013425997485670143,5.5286965560667674e-05,4.307820292056309e-05,9.64222328501167e-06,0.9997577326333772
14,0.00036405593698724334,0.00010159217148657418,4.037533803637229e-05,1.5875293530007466e-05,0.9994781012599597
15,0.00044177644852244125,5.736466768131165e-05,5.0320949433207556e-05,4.060312959398538e-05,0.999409934804769
16,0.0004188124613648115,5.417552427391906e-05,1.4109973458664058e-05,4.119550497537438e-05,0.9994717065359273
17,0.0006059122726233657,7.873756398588256e-05,1.1800380380437506e-05,6.165926573005866e-05,0.9992418905172802
18,0.0006791820974529352,0.00024407147137804318,1.839385391602935e-05,4.363838777659362e-05,0.9990147141894765
19,0.00286676531682062,0.0003875418291561102,7.303239691718982e-06,0.0001939563102508176,0.9965444333040808
20,0.0008542704390589466,0.00011868395984926904,1.028210080847153e-05,0.00019665351008806483,0.9988201099901952
21,0.00035992322156945815,8.20062975138056e-05,1.8708540051759608e-06,2.5021017971009107e-05,0.9995311786089405
22,0.0015405031805358906,0.00013964558294199606,2.0986082616318797e-06,2.1305025527622083e-05,0.9982964476027328
23,0.0017858054374935602,0.00013473902201892066,3.67125652754353e-06,2.2022919555134556e-05,0.9980537613644049
24,0.014614360311754076,0.0004179379589730518,1.0588162968890445e-06,0.00019923355968966454,0.9847674093532862
25,0.0005166009263064056,0.00018258505095775204,4.654651073828348e-06,0.00010935929691670205,0.9991868000747454
26,0.027377719118839426,0.0017616470718288936,8.002104966690324e-06,0.0023711068299549195,0.9684815248744102
27,0.0256685202229867,0.001433236092476292,3.1852497881805262e-06,0.003934458658640091,0.9689605997761086
28,0.0755351452418382,0.00282174089686131,1.3381845289560545e-05,0.0066542277510791125,0.9149755042649318
29,0.08377206620773603,0.0036441617143852466,3.1692807113985205e-05,0.02323585839866949,0.8893162208720952
30,0.04693533399074442,0.005515643407146014,1.4755106434588656e-05,0.012529330054455013,0.9350049374412199
31,0.11168892022364339,0.026023051697525168,2.7133931039729212e-05,0.01376403111193997,0.8484968630358516
32,0.001700653205727056,0.0008078375390421142,9.651654752978236e-05,0.0001334950163869447,0.9972614976913142
33,0.0029029227518297136,0.000786012640773174,1.1767715280359029e-05,0.00019842473399020837,0.9961008721581266
34,0.0036064298974728243,0.0006192673409545731,6.910608285423434e-06,0.0006687458111836159,0.9950986463421034
35,0.0034945268613537773,0.0005438557078362077,9.101118064531074e-06,9.929202654493691e-05,0.9958532242862005
36,0.0029679289743762233,0.0008040629627089511,1.4715619066853382e-05,0.00011731960927952701,0.9960959728345684
37,0.004708127423776516,0.0010048613304711044,1.5842573740001924e-05,0.00023729332141714593,0.9940338753505952
38,0.0007330047715189948,0.00021457361172040384,5.317691168059295e-06,4.189028015780716e-05,0.9990052136454348
39,0.00048083505330648974,0.00018950860475969744,1.7379913515874976e-05,3.717298450773879e-05,0.9992751034439102
40,0.0018743032214597682,0.0002531882369850571,2.6941747044448737e-06,2.9180389114389685e-05,0.9978406339777363
41,0.00034658433506370523,9.72923533527591e-05,5.2958782599002086e-05,6.627856789377828e-06,0.9994965366721952
42,0.020571891077184927,0.0007813085191936782,3.4041338142837897e-06,0.00018034906062586875,0.9784630472091813
43,0.005932769025973015,0.0005961345461827121,3.944240178515678e-06,9.388599463730496e-05,0.9933732661930285
44,0.0025582079437127636,0.0002626103401903846,1.2232030796736866e-05,9.898108338920709e-05,0.9970679686019109
45,0.0011220275691770085,0.00010272465126495158,2.1580525866662993e-06,0.000153095876419706,0.9986199938505517
46,0.03567982310914628,0.0038673184016683655,2.630483197980956e-05,0.004221598027611813,0.9562049556295936
47,0.051227086591587236,0.003490440041868675,7.570052137238598e-06,0.0037092620369479226,0.941565641277459
48,0.009665540464296,0.0028256394045648903,2.0004490161411558e-05,0.01299264047732685,0.9744961751636507
49,0.04748001080814446,0.007628427526450731,3.067801144285261e-05,0.020969391032474916,0.9238914926214871
50,0.024017445144921358,0.008844024927158117,2.6251935888674067e-05,0.013538591637400545,0.9535736863546314
51,0.019576574365261366,0.002666418805919964,2.6175025750610444e-05,0.019602363517430943,0.9581284682856371
52,0.024102253316189426,0.012663596036364145,0.00024167978233854138,0.016709010182658315,0.9462834606824496
53,0.1027713717464537,0.03394995078240159,9.603055034191336e-05,0.06585981438627862,0.7973228325345243
54,0.006635279031317907,0.0023600104181889657,2.8236698383763752e-05,0.014039178717917765,0.9769372951341917
55,0.01791437438083019,0.0074581270569533155,0.00010263894854813137,0.004299108195338506,0.9702257514183298
56,0.06909342521042103,0.018024214251242992,5.4396079893796174e-05,0.04111531109909583,0.8717126533593464
57,0.027501210986791258,0.011264111592526497,0.00012166170943160042,0.005861094431003505,0.955251921280247
58,0.3296795621381011,0.09564402463380033,0.00014601522676517306,0.20539424856777352,0.3691361494335599
59,0.06414719394957079,0.306475699488009,0.0019742730162950494,0.012046607543652759,0.6153562260024724
60,0.012096818762652041,0.01463250717306176,0.0001890531186527037,0.003793908462819957,0.9692877124828135
61,0.007423355091040059,0.005157590913261591,2.8292700296497877e-05,0.0021258572385323784,0.9852649040568695
62,0.01298658419548438,0.006127427776378843,1.5228240340766093e-05,0.004018750120662697,0.9768520096671334
63,0.05201080461969525,0.014937927698285855,2.2296671504970882e-05,0.010506497756916318,0.9225224732535976
64,0.02498702571730977,0.013880344179285267,2.496821424472989e-05,0.0058214027611839265,0.9552862591279763
65,0.02438906918938502,0.009191460926160838,3.262457133048259e-05,0.002664700644130372,0.9637221446689934
66,0.07703313670697416,0.02348647244077857,2.679635122433267e-05,0.008854660859807377,0.8905989336412156
67,0.24781857188725606,0.0723865839334527,4.565005732370361e-05,0.04196659494958752,0.63778259917238
68,0.17365159147416442,0.2181827118732609,0.0012161133281024697,0.01115275378375648,0.5957968295407157
69,0.1538471974182305,0.45482939139253403,0.002087459706708325,0.007047194037346728,0.38218875744518027
70,0.1853218545660577,0.6441667213436026,0.0015415097318300494,0.013989383697097197,0.15498053066141243
71,0.08025491163914773,0.3699016469962008,0.007977092190632322,0.006634194966155232,0.5352321542078639
72,0.08038738485119457,0.10471512094810566,0.00033379885281475,0.0044366464332297306,0.8101270489146554
73,0.32912317687807163,0.28956114180056336,0.00041171942103936305,0.013309613533488661,0.36759434836683685
74,0.4381480428153369,0.11944469377710781,0.00043390883602817827,0.006429774370265038,0.4355435802012621
75,0.34203495665310996,0.2916033519105133,0.0012031269606044609,0.003411607194546223,0.361746957281226
76,0.45560240457696777,0.272927803914592,0.0032269478618279102,0.018061772905515215,0.250181070741097
77,0.3418866799880717,0.34758737934998263,0.004779643104078415,0.005135206192920323,0.3006110913649469
78,0.09417503914642292,0.6580277905303573,0.0065803922424514365,0.003995334560774079,0.23722144351999438
79,0.0792267406761376,0.8856491873172512,0.008974221752903971,0.0030858733945869983,0.02306397685912028
80,0.17076404909325027,0.6940172822626732,0.004885250955733935,0.002995226099792269,0.12733819158855036
81,0.07319277684995434,0.8828438882871431,0.006745633127199328,0.0005613292629387481,0.03665637247276427
82,0.09511095313946047,0.8356080548738603,0.01172616016222077,0.0008047952606188357,0.05675003656383945
83,0.2697063446532397,0.6546168680443201,0.026128939775900247,0.002080468748581832,0.04746737877795831
84,0.09493151174641747,0.7404250943170488,0.025912743976861427,0.0012666243533258044,0.1374640256063465
85,0.11280374743753639,0.6421293752152003,0.022075707454069286,0.0008972038321336801,0.2220939660610603
86,0.03424060390434447,0.9027461608434459,0.030484201391681464,0.0009417172693513749,0.03158731659117687
87,0.22159117914037205,0.6718142469677889,0.00897522059896406,0.003597867754859235,0.09402148553801562
88,0.11865137968706858,0.8021340958300686,0.023119284402760742,0.0015721043614524133,0.054523135718649716
89,0.09994589442971342,0.6350884484766722,0.031979233425415456,0.0021208076443956997,0.23086561602380298
90,0.2098915886188799,0.7049900496978132,0.007379337955971329,0.0034321435634238374,0.0743068801639116
91,0.1377342445134207,0.6328398419210177,0.040109912399047494,0.0028831739282046474,0.18643282723830948
92,0.16791403577432484,0.600389449718826,0.02573569091928056,0.0031371776435916905,0.20282364594397684
93,0.17811643981999475,0.5108654793774837,0.049768688948380005,0.0033351213885588443,0.2579142704655828
94,0.26235313671881094,0.37645911134364873,0.009018581880254915,0.0022089871970871057,0.34996018286019837
95,0.21750216225688,0.48460096714002404,0.03431923146648185,0.002808939545329222,0.2607686995912849
96,0.18733611147352291,0.4338996434663822,0.04558327632369079,0.0025003650769751785,0.33068060365942886
97,0.25887354649818844,0.5783553129439272,0.024216656686010495,0.0017140803015912658,0.1368404035702827
98,0.2791256270410497,0.5646068569691479,0.048155347110918255,0.0014248988560008563,0.10668727002288324
99,0.2129931495619685,0.36181354333102866,0.27689889401251133,0.0010628955428763766,0.14723151755161498
100,0.2853716852001854,0.5080894381931427,0.01738728770113364,0.0023313307695345888,0.18682025813600361
101,0.1994010027299858,0.5530489520452915,0.0679634061267573,0.0018794285997019366,0.1777072104982635
102,0.18215759335117268,0.5247527302726823,0.18892009879592317,0.0020057007906830473,0.10216387678953874
103,0.10417774123727902,0.5942931334603535,0.14133065789728408,0.002818568520986664,0.15737989888409676
104,0.07818623538621658,0.6508128066595277,0.1240717625538836,0.0029032635500648336,0.14402593185030743
105,0.05642009194626391,0.6864110948031058,0.1490072483371623,0.0017784710897682657,0.10638309382369983
106,0.16667267459595003,0.6607994626110428,0.057650104408077704,0.0026107638701567165,0.1122669945147727
107,0.05729043689604662,0.5341123231109847,0.33486540151626226,0.002505504215004899,0.07122633426170139
108,0.1449946623833229,0.6894274281317745,0.06778547425791039,0.0025804489855708354,0.09521198624142135
109,0.07150128823228802,0.6052868313552316,0.25954501394157786,0.0011829633483685668,0.06248390312253382
110,0.07446307242700612,0.6133682486585823,0.19073704818696466,0.0009351121670031653,0.12049651856044377
111,0.0723119570482273,0.5491538278057254,0.2925076601563423,0.0017549969562132824,0.08427155803349173
112,0.07133487150185239,0.48795710290896604,0.37832015609024805,0.0011436003895716662,0.061244269109361774
113,0.0462211285730423,0.6142947608628102,0.27437993590089327,0.001741534175456088,0.06336264048779808
114,0.04248403605259429,0.7083984976491219,0.18630384399031524,0.0013581502411558978,0.061455472066812775
115,0.08238733321462649,0.651855219407868,0.1936868082115363,0.0024392581087020007,0.06963138105726724
116,0.011105307212515236,0.6151555105774503,0.36739908432492224,0.0003011341070383949,0.006038963778073822
117,0.019446858570441518,0.5936036355586005,0.34400418065974386,0.0010513326426262906,0.04189399256858782
118,0.009873172194244701,0.4582631261518215,0.5204290715954142,0.0011400502946019258,0.010294579763917634
119,0.03718840361095247,0.6869039828208702,0.24532539346989338,0.0016775047615805458,0.02890471533670339
120,0.04575680023848168,0.6974478911435321,0.21155628161276477,0.0016496687710087193,0.043589358234212554
121,0.015103251951070333,0.7135515862152043,0.2585857991650568,0.0014188749326798302,0.011340487735988877
122,0.022549418422237098,0.603551474701764,0.36390023866328025,0.0005569735866614933,0.009441894626057122
123,0.013896903123905385,0.35712757774729276,0.6141044255432593,0.0006066975300776509,0.014264396055464873
124,0.026504317246236593,0.6151654770599103,0.32279020499829436,0.0012105281676069407,0.03432947252795187
125,0.028276030753471695,0.658037712130035,0.2759112528483091,0.0016283097240923582,0.036146694544091904
126,0.09575167207390975,0.5249720977479522,0.3361017285442003,0.0013788810722160725,0.04179562056172176
127,0.07774753711204947,0.5887480342372674,0.22937572790706234,0.0018734354125709127,0.10225526533104987
128,0.11796554693708976,0.724695704375457,0.11714753014868558,0.001413824357154095,0.038777394181613606
129,0.12596092129942985,0.6594303250560004,0.11160706628262221,0.00310548823342166,0.09989619912852588
130,0.16196418858566622,0.5778610101896993,0.082751547305559,0.007963926960909536,0.16945932695816607
131,0.05112844474251629,0.6695431683912332,0.1557237776142702,0.005304463554826085,0.11830014569715441
132,0.04896531015060162,0.7611499728991369,0.10598750042948997,0.009382314527623942,0.07451490199314746
133,0.09902800058368907,0.6468515205173501,0.09124579211147815,0.016868426168898516,0.14600626061858424
134,0.08496382211921091,0.7158696549816623,0.07213460242250509,0.024460447222058323,0.10257147325456341
135,0.09871861000823519,0.06740228427159649,0.010708573269251846,0.05279847870842495,0.7703720537424916
136,0.14648791114655943,0.33695390332243197,0.009278730702582486,0.042430377871588563,0.46484907695683736
137,0.03888678700658499,0.028353467638187264,0.0004069949223497932,0.0064967348439538926,0.925856015588924
138,0.41070361101922026,0.06903869313080832,0.0013125322366486325,0.00654201675446141,0.5124031468588615
139,0.2674288396568982,0.24045255548419442,0.001560165237453404,0.011933700422692633,0.47862473919876125
140,0.2896664486573574,0.12025278972390394,0.0004270443499703258,0.01634023168429901,0.5733134855844693
141,0.36276335233727514,0.4732602447031003,0.00050309416382913,0.07916116043722066,0.08431214835857469
142,0.272765398768881,0.45630813937103226,0.001397832900746359,0.04869743030542681,0.2208311986539135
143,0.30249630492542345,0.34809741989118576,0.0010647971386226487,0.06169082012287631,0.2866506579218918
144,0.23496128930396215,0.4429520114009894,0.0019598733912532976,0.060467826491418346,0.25965899941237675
145,0.2154411059669702,0.5701483429803779,0.0029638817811007516,0.036904733470942676,0.1745419358006087
146,0.16424102638308777,0.6124709625607179,0.0016439300766443459,0.017977713105116214,0.20366636787443385
147,0.1891805568927023,0.6385392296967205,0.007846298167391562,0.04201708498726904,0.12241683025591657
148,0.10401020329083578,0.7089778349269718,0.005507953909032528,0.01690732737437306,0.164596680498787
149,0.12346851710777826,0.6632179546362748,0.010651944354942539,0.01904237018959244,0.18361921371141202
150,0.269321056959423,0.44042511438812487,0.0027631235534476923,0.04359772691706709,0.24389297818193723
151,0.1385500975293174,0.12258653959435407,0.0016828671058989981,0.009959699108695782,0.7272207966617338
152,0.5364994610734112,0.3335739939612876,0.0017116024975773975,0.03176161508430025,0.09645332738342369
153,0.27637895581226996,0.12507739476767538,0.0009872963186584307,0.006310664732068398,0.5912456883693279
154,0.3656615675439495,0.4698722688202796,0.003831391755084004,0.017389208726905064,0.14324556315378195
155,0.2341111406113245,0.5389131780607745,0.008533205488834274,0.011498772723781893,0.2069437031152848
156,0.2018499695748309,0.3401671183512479,0.0034607390849956616,0.015592597414722208,0.43892957557420337
157,0.2430312465424235,0.6609975809346289,0.0013015888715296007,0.06470328578553619,0.029966297865881626
158,0.2757895227812871,0.6620180649383934,0.0007660224427113012,0.0447672895066162,0.01665910033099199
159,0.19001827724269021,0.7206013184254426,0.003357968376670676,0.019058161274450737,0.06696427468074563
160,0.3653661582058903,0.3356808566666841,0.0015755595769190178,0.02311423099806882,0.27426319455243764
161,0.4918994974760339,0.44233811897136827,0.0004972256179265271,0.0406183893985031,0.02464676853616826
162,0.3025162183649623,0.5682041096796433,0.004542573829073641,0.00952881347954888,0.1152082846467719
163,0.25930808776209535,0.5559113675014606,0.0038506104967124272,0.007856456507030856,0.17307347773270074
164,0.3177424000893301,0.49175462664919994,0.0044814121811183215,0.009834811444051895,0.17618674963629982
165,0.2395168539503364,0.5846750906786472,0.002762820823428133,0.015385685637548597,0.15765954891003955
166,0.4902951554865562,0.30589797485747255,0.0017776219329627536,0.023012722492912367,0.17901652523009598
167,0.20472865838350804,0.46598047588278213,0.00752487753621105,0.01948083132842433,0.3022851568690743
168,0.31122551061500864,0.5933681418175334,0.002842446326312939,0.03882254156959265,0.053741359671552455
169,0.15286597361610596,0.7174135491316187,0.017996288003399245,0.03450715284938969,0.07721703639948643
170,0.2458503503878506,0.5636334429494305,0.0051131462578552596,0.08553142812500414,0.09987163227985928
171,0.08347267592292977,0.8411804535932405,0.007127495213522655,0.03648384453514423,0.03173553073516289
172,0.0557970755573027,0.18955276977169988,0.0027937032820916047,0.022638318732686045,0.7292181326562198
173,0.25816319416813016,0.19543624904126186,0.000584519593182394,0.13848397053491465,0.407332066662511
174,0.29890326806953293,0.3749373587889872,0.001255782674143032,0.040359612291455196,0.2845439781758816
175,0.22771277433374743,0.12317047246819009,0.0014490890533142159,0.0108796331333794,0.6367880310113689
176,0.2606324337349044,0.4107327194556166,0.0006219450145636778,0.05916886836322187,0.26884403343169355
177,0.1870367193413116,0.6118425430753524,0.0011947555223835928,0.11241894041923085,0.0875070416417215
178,0.25023588974618993,0.38372426563949064,0.0008244497020741058,0.19157411720070983,0.1736412777115355
179,0.10308566301993152,0.1719236681038766,0.0014654828327102301,0.055036764037658774,0.6684884220058229
180,0.15935441684256046,0.15323696180188556,0.0008798012581705863,0.11153096085032296,0.5749978592470603
181,0.3668431566854244,0.19565274357245277,0.0005615311908201862,0.17611653187560028,0.26082603667570226
182,0.2631510170227433,0.05797813957723441,0.0002522068838292377,0.058003094880590224,0.6206155416356028
183,0.4408405783093809,0.17325177009614856,0.0003907027009689148,0.13666604215953707,0.24885090673396457
184,0.6341977925367144,0.13098674138736305,0.0003206655686490214,0.1598328136606715,0.07466198684660207
185,0.2214558929369287,0.1652236940167717,0.0007968599511058539,0.05358499711699783,0.558938555978196
186,0.35529286925067016,0.1532656671999573,0.0007728247630196835,0.14686780697277826,0.34380083181357457
187,0.3072786489908215,0.41279027785088807,0.0014760205276239651,0.1758589284555689,0.10259612417509753
188,0.36404945072052114,0.22681496501514475,0.00030443724865659305,0.1246968986331406,0.284134248382537
189,0.16884453792682957,0.6290830960409525,0.0024355885292541464,0.07592253499454331,0.12371424250842042
190,0.2596142836486319,0.4015161447469405,0.000872375583091969,0.12477509442094528,0.21322210160039043
191,0.3532554937305564,0.21282475099445775,0.0008437940002052207,0.20835037422850677,0.22472558704627388
192,0.2234731040744442,0.2332660491401032,0.0004704338656474258,0.501651294810641,0.04113911810916422
193,0.3722725984488103,0.14976085774462766,0.0006216663902375905,0.32772785941301963,0.14961701800330493
194,0.08604054788175138,0.4183642458470508,0.0024021696241470192,0.44484354470891935,0.04834949193813149
195,0.10597560392857118,0.3402331114830803,0.0014303874228135686,0.45307707321504204,0.09928382395049277
196,0.07886624573302418,0.1891331953528316,0.0007560756625251765,0.6693678112134763,0.06187667203814272
197,0.12554174882040983,0.23459525662429803,0.0010011656269198516,0.31548182371365074,0.32338000521472154
198,0.39831255193435394,0.23058272012379064,0.00038822853236388763,0.22061288494672776,0.15010361446276377
199,0.3808104620159727,0.4590010542216817,0.00032592281429563876,0.10530909100871447,0.05455346993933573
200,0.3682336416499585,0.4825416495468992,0.00014502158969740777,0.0533312786389323,0.09574840857451258
201,0.21705234398247472,0.6502249131834313,0.0038639295621374524,0.03969782408164035,0.08916098919031612
202,0.2969393622209555,0.37696750695373393,0.001735482889086881,0.09524997977793051,0.22910766815829328
203,0.2002321647896029,0.5997259078962512,0.0022193370505008882,0.034199605782672955,0.16362298448097193
204,0.3180748966059641,0.1533265052563369,0.0072186800699885895,0.043183742562843845,0.4781961755048667
205,0.20446232662778335,0.6763747851987251,0.007090068011025141,0.05157312817966826,0.06049969198279822
206,0.2115207514223862,0.5529243734901029,0.00966330468113897,0.0853929686845309,0.14049860172184103
207,0.06622767396136821,0.07667169375025318,0.003134938436338546,0.022267575502977362,0.8316981183490627
208,0.24836718111179862,0.04360038144627638,0.0004911101752810713,0.05623335732280283,0.6513079699438411
209,0.19441434766517351,0.5387430097797752,0.005816806513598502,0.028033436071932493,0.23299239996952031
210,0.24443693345016368,0.11199388493669274,0.0007631880905070422,0.04704723591581211,0.5957587576068245
211,0.28618340247492413,0.5918801666536083,0.003983815304178492,0.0735825930918237,0.04437002247546529
212,0.08793023089730954,0.7733764039454731,0.004462285535373505,0.056321726508597285,0.0779093531132465
213,0.11757351662856638,0.6424885426158089,0.0019048319190194242,0.046595050935453367,0.1914380579011519
214,0.33312729782733774,0.45887707487531443,0.0013188413605261119,0.1591347208421847,0.04754206509463702
215,0.4496690365729299,0.422425026102702,0.0011518925349335303,0.093471532203964,0.033282512585470644
216,0.2730041863355491,0.2015374043184435,0.00244989035620501,0.01507949558486724,0.5079290234049352
217,0.4270049326719855,0.2770726018641843,0.0007643783388951313,0.02556429006757773,0.26959379705735714
218,0.23384339201939447,0.7423194361220145,0.00097794493380764,0.008525428862039613,0.014333798062743684
219,0.1337484163721586,0.839884476948815,0.0031114405753737183,0.006240563892407742,0.01701510221124496
220,0.16706425229266764,0.6392237361083859,0.022591226303746527,0.008372427207813253,0.1627483580873868
221,0.5200540338641584,0.3835267899233383,0.0010045012176333032,0.045298128359838374,0.05011654663503151
222,0.15189171692559097,0.7074704316284446,0.01819942080733769,0.010860566794736723,0.11157786384389012
223,0.11746943790207501,0.8409615270986022,0.013358770690236658,0.012337060535046181,0.015873203774040053
224,0.07461861521649714,0.9042960760017114,0.006185423609089212,0.005295549604216068,0.009604335568486146
225,0.0522840763820935,0.855773016153652,0.01149762633403023,0.004871517127757161,0.07557376400246701
226,0.07044748561968991,0.8362416198868152,0.006907644635702468,0.007607396068418946,0.07879585378937358
227,0.046269850324724277,0.8740516562873699,0.010560241417825376,0.008940763478992947,0.06017748849108719
228,0.09156792677850009,0.8644614709249859,0.0036151739476974276,0.014151651560594548,0.026203776788221993
229,0.22760368484271812,0.72131995631349,0.007049426199759033,0.006106549509009354,0.037920383135023626
230,0.056440248358583356,0.8926086632584648,0.012879530661626807,0.0024839559876702394,0.0355876017336548
231,0.04998762297856834,0.9137004530219505,0.01392648413231208,0.0017747907336997098,0.02061064913346916
232,0.020025978108560938,0.9212988697533457,0.018647359367717713,0.004682461721707063,0.03534533104866852
233,0.035629891596371664,0.8536698923554914,0.040096004416669336,0.008987153731682565,0.06161705789978483
234,0.22617169604365173,0.4353758091407534,0.004724835375823,0.013293543893952221,0.3204341155458196
235,0.07160988039454635,0.7948313043367734,0.024938054096070437,0.003921106700604449,0.10469965447200526
236,0.1564174745938174,0.8133929028086896,0.009496857492035812,0.0038791413360417188,0.01681362376941551
237,0.12214058508392925,0.7851549214470359,0.016916509021829177,0.003547309243549599,0.07224067520365612
238,0.00843750650275457,0.953050024243662,0.034326313057189806,0.0006756787486395841,0.0035104774477540033
239,0.009435761090051295,0.9332542611875523,0.05231090734731825,0.0009247560538767711,0.004074314321201501
240,0.023145495031332116,0.9205721243398257,0.04811213181625071,0.002958602956387151,0.00521164585620428
241,0.042435627376035366,0.9013457790433527,0.0398300778070461,0.0030600686207122143,0.013328447152853596
242,0.0219396164369505,0.8998334525614364,0.05648500195026351,0.003418395470484528,0.018323533580865022
243,0.010823862378827116,0.89579702412751,0.08447126220833295,0.0014746657445919966,0.007433185540738156
244,0.020415016526665778,0.8782096200179372,0.06585906569628064,0.002721939718599516,0.032794358040516836
245,0.02450734658723208,0.849351822892332,0.06354726464695433,0.003362328200981758,0.05923123767249992
246,0.025710404619396273,0.8801210050649911,0.05680130052359227,0.001226164815454424,0.03614112497656589
247,0.046029989619485616,0.8738809050613856,0.03334930808772314,0.0018079250865395125,0.04493187214486575
248,0.022728870032778882,0.7922329560921385,0.16905508387270635,0.0014113907222865084,0.014571699280089574
249,0.028799884656834997,0.9207617660486548,0.04278574699991668,0.0008097320027620221,0.0068428702918315685
250,0.06751876402249447,0.7455066090754638,0.1510943117232291,0.0027564945289132803,0.03312382064989931
251,0.021747790302825015,0.9292337935090318,0.021381760960795547,0.0008301807742754269,0.026806474453072323
252,0.01725779825333617,0.8837984652065317,0.07831888255271098,0.000766191548609946,0.019858662438810907
253,0.07685545975368784,0.7829533207888982,0.09778487689135587,0.0023942355873393622,0.040012106978718535
254,0.02042331491722066,0.8412326459094234,0.1272517795723709,0.0016438907693779048,0.009448368831607148
255,0.09338401603258847,0.844631713492632,0.01746542878228093,0.0030978112708847367,0.041421030421613644
256,0.006358931435044351,0.5986390093082681,0.38994318089112867,0.0008309869375978775,0.0042278914279610955
257,0.005934601273033039,0.5527830814358966,0.4307316173256648,0.003066423462822296,0.007484276502583235
258,0.03597269563506068,0.7180696281151978,0.19632678162357597,0.020437245060520488,0.029193649565645054
259,0.017743182421554263,0.5356913874651508,0.4182311058835541,0.016255698950812508,0.012078625278928374
260,0.2547608388647242,0.2516040232113522,0.011011549945629556,0.0620464710811849,0.4205771168971092
261,0.045196647971312426,0.8850619893944278,0.035721913294995813,0.017913931451229666,0.016105517888034073
262,0.08799042588712025,0.6954207776095082,0.01472262331773812,0.019510304046210614,0.18235586913942267
263,0.3412981376485749,0.2617394214668847,0.0028354257040997797,0.01710846016983952,0.37701855501060116
264,0.5222192319972252,0.30224956340364667,0.004458477228351948,0.02295687204281327,0.1481158553279629
265,0.5211143198282453,0.4152170935429457,0.0008803224091592289,0.014691480448155339,0.04809678377149438
266,0.0758493899477388,0.9098853762291832,0.0034949607809942112,0.003922534800253903,0.006847738241829858
267,0.3337803204110521,0.4508431019816849,0.0043854352000450795,0.009809768801670189,0.20118137360554794
268,0.09728178740539245,0.825899225090314,0.008365707705111976,0.007163957710130523,0.06128932208905118
269,0.3242453384150404,0.5418890382174127,0.004149965911831569,0.014903066144127862,0.11481259131158743
270,0.017959281064200923,0.8746270337298577,0.03742025804144251,0.002142726946078677,0.0678507002184202
271,0.16250287913006037,0.7858398473538954,0.008750316465497116,0.011068924648227292,0.03183803240231966
272,0.009838989944312615,0.9137752103745137,0.06182231029270184,0.001696159172729987,0.012867330215741987
273,0.020848185341843403,0.8952517337365355,0.051943130722149795,0.005156230443288384,0.02680071975618282
274,0.03950073657042503,0.9161553784426805,0.019222606604624,0.002703825197235584,0.022417453185034845
275,0.039983004764221286,0.8306156399314343,0.08598187160572426,0.006861125948831953,0.03655835774978832
276,0.08628693148614418,0.7522175082786571,0.11869304662601765,0.005285775610104106,0.037516737999076906
277,0.11205556933190909,0.7797186043647468,0.04579899487028833,0.004151391074063245,0.058275440358992604
278,0.3244176376283113,0.5132321882633605,0.06174617289420235,0.003937244989632668,0.09666675622449336
279,0.04654427317243329,0.8874803069292648,0.02637671856980477,0.0016208598435343863,0.03797784148496274
280,0.06896032377743613,0.7532344191860696,0.1581441880405789,0.002102626207677495,0.017558442788237823
281,0.02154480584080575,0.7456649812478319,0.20528563601339417,0.000934965061217953,0.026569611836750405
282,0.047188612128058166,0.8859038996573186,0.037213622540833956,0.0023543274046225063,0.02733953826916663
283,0.013918829726484581,0.7615770779970422,0.20306481316981934,0.002739147293085459,0.018700131813568464
284,0.07757556267323733,0.8405304181965271,0.012590560567794751,0.007271896305886397,0.06203156225655452
285,0.027499089978483507,0.7827928724462183,0.1270851967693701,0.006011033294418876,0.05661180751150932
286,0.03034232215887153,0.8488888577300283,0.10900531995681523,0.001619011180222707,0.010144488974062171
287,0.0201408886775493,0.7461382992979825,0.2154409173055942,0.0017772640530584033,0.016502630665815386
288,0.022388959670390098,0.8575966803400108,0.10560138219228077,0.0016908321207062434,0.012722145676611953
289,0.021537874917425526,0.8604639232611362,0.09222675288848775,0.0032243310311345463,0.02254711790181594
290,0.024387808510249617,0.7842351142415623,0.16067056814582437,0.0032857764317879086,0.0274207326705758
291,0.036484877123129686,0.814467468519295,0.12896156042927506,0.004610125104626972,0.015475968823673419
292,0.048389182950555,0.7950391286316266,0.10744082962252237,0.0035547399898311154,0.045576118805464916
293,0.025084340407196214,0.9092379255078203,0.05232095018443539,0.0027306970672587565,0.010626086833289212
294,0.017542142445589003,0.8555064402148124,0.11809154616679572,0.003357318302095548,0.005502552870707533
295,0.12354241657700887,0.6777400499729307,0.11987553583607566,0.006320475184530101,0.07252152242945459
296,0.04219479705484536,0.8296868731382053,0.1055043447569429,0.0024047972911093404,0.0202091877588972
297,0.047009462125250874,0.865772564734756,0.0544080743652516,0.0039227990092986645,0.028887099765442865
298,0.02925681837017709,0.7141804786754286,0.22115084120216438,0.004895651564277667,0.030516210187952395
299,0.040691829015460285,0.8591827983517653,0.0841736157173924,0.001958530569945775,0.013993226345436292
300,0.018383170371463437,0.7597757721385867,0.20731786938161262,0.0012160056117362537,0.013307182496600962
301,0.039786610383981943,0.5723588117487781,0.37697270165719193,0.0009818346597480314,0.009900041550299922
302,0.06946459086179248,0.7673798655778258,0.14388119751740916,0.0024866725781552425,0.016787673464817153
303,0.011694360951974481,0.3313960536112992,0.6512965714562773,0.000614215093533659,0.004998798886915361
304,0.017298932512957815,0.6985757762366142,0.2748293405874839,0.0015071029254064977,0.007788847737537527
305,0.04722821484432063,0.8272135944642561,0.10245705676455714,0.0025977448956472143,0.02050338903121905
306,0.012837718882110367,0.4305505846691378,0.5472641296465955,0.0014180566372895415,0.007929510164866848
307,0.006634851592512511,0.7041867176306514,0.2834846419954338,0.0009987720217014553,0.004695016759700651
308,0.00372144155242934,0.2619902176229703,0.7291114865587102,0.001456942806007686,0.0037199114598823997
309,0.013800643262191438,0.7478258028497052,0.2183404840062014,0.005928033943928172,0.014105035937973492
310,0.01769987507329456,0.7001483054250097,0.2642769975168589,0.005591609720242863,0.012283212264594013
311,0.015022395419096862,0.8199926686455786,0.1527571488530203,0.0040953705330073,0.008132416549296825
312,0.018253555734214087,0.7955096680096743,0.17464932879880268,0.0036198574842848065,0.00796758997302396
313,0.020302950410564104,0.6616949879623567,0.3012498394008424,0.00554315201026985,0.011209070215966923
314,0.016999792479507884,0.5920903771525761,0.37440352317623304,0.0052490583607762795,0.011257248830906773
315,0.01572169231933453,0.5400790061523622,0.43193827282350733,0.005559599034708448,0.006701429670087591
316,0.04051986255395262,0.7810441749179826,0.14947224847471471,0.01185128928998008,0.017112424763369837
317,0.009601949895605238,0.7430066192406027,0.23942656730481063,0.004190111792995215,0.003774751765986249
318,0.015469540170127735,0.6584889826228041,0.3093608038897212,0.006141112042106716,0.010539561275240337
319,0.048706170564123914,0.7734126948264025,0.15869732658374416,0.005862558815660827,0.0133212492100686
320,0.08228840562856046,0.6977267421201717,0.1993683851151501,0.0052681824502753,0.015348284685842442
321,0.04257628926322288,0.8528437794979041,0.08910113721402944,0.004836151896700547,0.010642642128142959
322,0.024037520218377118,0.669245438794123,0.2753035632979,0.005373582420962808,0.026039895268637193
323,0.017765126473675435,0.6296735264393591,0.33238165845278833,0.00415622682536411,0.01602346180881285
324,0.08910465071861642,0.8188253906789698,0.071549027134772,0.005407079133665387,0.015113852333976446
325,0.014939795698873692,0.7001799576356414,0.2545661159607861,0.006091893543098007,0.024222237161600567
326,0.015444151126761233,0.8002895735251694,0.17468046306120813,0.001997053360982711,0.007588758925878438
327,0.05610219173360123,0.7203236567056548,0.19771005058125984,0.0022435832784791763,0.02362051770100482
328,0.040775187639891096,0.6754006554916362,0.26762882957207423,0.002168423163648082,0.014026904132750337
329,0.09785864743839721,0.7320624916752069,0.14756077530480136,0.0033743250184656735,0.019143760563128876
330,0.05588391214182016,0.729822038280232,0.17509348705681,0.005608613042737524,0.03359194947840052
331,0.05560869469467664,0.6858431941209782,0.22393331730028188,0.007698435629655923,0.026916358254407427
332,0.028481370528481726,0.40897286108278436,0.5388128370813724,0.004788185668804685,0.01894474563855689
333,0.021767144059062122,0.6485382138921019,0.30341238371749535,0.006577806506896514,0.019704451824444205
334,0.013969838643900528,0.7386889764654725,0.2371273852936183,0.0029959045025519824,0.007217895094456918
335,0.009710737827107676,0.521206026630155,0.45898321176225393,0.0027881886296642626,0.007311835150819049
336,0.02598823071064027,0.7815716121109346,0.18315518931561897,0.005349086193606688,0.003935881669199503
337,0.05838069540680223,0.8474718533617431,0.06839162991388627,0.005972908652644748,0.019782912664923644
338,0.013938402134409951,0.7877347482305375,0.19030025236355325,0.00384323243021024,0.004183364841289034
339,0.018876457341788253,0.6758893660272653,0.28280687616600975,0.005575857232592358,0.01685144323234427
340,0.07400628201082872,0.7265546907135195,0.17805094940094687,0.005409100225975659,0.015978977648729326
341,0.05906553628049949,0.7777811957405614,0.13435178491407027,0.012621846646903552,0.016179636417965444
342,0.022018912022648263,0.531504233079086,0.4291345729326188,0.0049029025359934265,0.012439379429653449
343,0.017520656856511167,0.7291747854588377,0.2314196211511766,0.01235932792054361,0.009525608612930898
344,0.018449749782527232,0.7561046506366838,0.1827612211088653,0.031358255697554786,0.01132612277436899
345,0.01953213646628118,0.7263558153546273,0.18111776713412764,0.05062777747768234,0.022366503567281742
346,0.047929560209483274,0.5688632649919981,0.2423345438550666,0.09084896686246556,0.05002366408098647
347,0.030650988884059954,0.6299542242160476,0.1312158187445554,0.18083637642426473,0.0273425917310722
348,0.06422291632583474,0.5100266221981753,0.14836034511649074,0.1713951682843223,0.10599494807517693
349,0.03851487435523176,0.05879384597496403,0.0020480167794099677,0.06740964746963027,0.8332336154207639
350,0.009525164276014712,0.04586896130338387,0.0024040932989561775,0.010686255361350618,0.9315155257602947
351,0.03807350161109463,0.023811205498861458,0.00023931007682336593,0.03697584962597381,0.9009001331872467
352,0.05575730110582532,0.057327169793585986,0.0004693665547597355,0.03807481548373178,0.8483713470620972
353,0.014883096264119022,0.06100695308940451,0.004080552092828996,0.025773859788487185,0.8942555387651602
354,0.0073545080882925105,0.02760398432643519,0.0009485426546525842,0.010098462309425734,0.9539945026211939
355,0.010729512612756328,0.019893807177181193,0.00026441642528402594,0.013139003113848025,0.9559732606709304
356,0.06923392532987857,0.025491020475539923,0.000325725604995689,0.048972134441688825,0.855977194147897
357,0.00870600495843933,0.004818435794422588,8.154031198578489e-05,0.03503018027642536,0.951363838658727
358,0.0036503916582485566,0.0021119716762998224,6.788910708738995e-05,0.007444773436057376,0.9867249741223069
359,0.0038901852520226003,0.0023153806073665933,0.0026412635503487206,0.0016162849194268267,0.9895368856708352
360,0.001230039594660911,0.0006135965451949129,9.253110994343683e-05,0.0009816242637920346,0.9970822084864086
361,0.009308073660468645,0.003530492118826758,0.0007985279017400903,0.0021968431651620325,0.9841660631538026
362,0.004364011115144327,0.0015581695794883602,3.6172428093225764e-05,0.002038978487641875,0.9920026683896322
363,0.0041289047285727794,0.0010224886032070275,1.954869026127876e-05,0.00469088801302074,0.9901381699649382
364,0.006336457209451094,0.0038100151246509267,6.120688868656991e-05,0.00603615569521829,0.983756165081993
365,0.0014645949884658463,0.00107454009756765,6.190045099687763e-05,0.002818810059059722,0.99458015440391
366,0.0014786070172386424,0.0006285324646928536,1.7769164814687067e-05,0.005442960186459422,0.9924321311667944
367,0.0015275882858117992,0.000810202312852529,0.0001551953057513463,0.002270752506816483,0.9952362615887678
368,0.0010430670733739835,0.0011311761569109135,0.00010540770350256876,0.0021210433738829797,0.9955993056923295
369,0.0011531009829190365,0.000592417693479945,0.00012725789486291918,0.0026201254859610787,0.9955070979427771
370,0.0014702815134974862,0.0007648690490346554,4.2818067800906005e-05,0.002658645719429863,0.9950633856502371
371,0.0011034058659314628,0.00041204221863931173,1.9707075002097563e-05,0.002381313756074035,0.9960835310843532
372,0.004699663495112813,0.0014928472270351425,0.0011022940865237129,0.001985114850561112,0.9907200803407672
373,0.0007341117936235727,0.00047133942445821405,0.00015934306796134404,0.002642151493740215,0.9959930542202168
374,0.001578333735100456,0.0007828510443511821,0.0004782279951089258,0.0029033845937252965,0.9942572026317142
375,0.004174783433067145,0.0012062082893356835,0.000543176441035821,0.006575423562206008,0.9875004082743555
376,0.010102647275377205,0.0053251133058853425,0.004050848093840841,0.02372965079886476,0.9567917405260318
377,0.018859191436200667,0.006096728095253753,0.0005653661249305249,0.0390215524261176,0.9354571619174974
