epoch,N1,N2,N3,R,W
0,0.005769548556483866,0.0007791492212350774,7.962842776984004e-06,0.00044579736548553724,0.9929975420140185
1,0.007089549942175034,0.00041742957781004263,8.734890447651911e-06,9.705435997223977e-05,0.992387231229595
2,0.0013534080871488922,0.0003272914312992891,3.0513697228199086e-06,6.97122463207212e-05,0.9982465368655083
3,0.001035133415666609,0.00042720217319955827,1.960275862198031e-05,0.000307018068080661,0.9982110435844312
4,0.02654733714199769,0.0024428549642245222,7.804134571083442e-06,0.00012581489328148543,0.9708761888659253
5,0.012182004400579271,0.0013624268694922437,5.971732605622715e-05,0.00010132917018595026,0.9862945222336863
6,0.046241930217485724,0.001569838557507051,6.863602915561117e-06,0.00015553960949806308,0.9520258280125936
7,0.005544788277675228,0.0005995002608271164,2.9333501459633645e-06,6.466519692731012e-05,0.9937881129144245
8,0.0013168811143231091,0.00020809952115211251,1.816930280056757e-05,4.529770761383336e-05,0.9984115523541103
9,0.012729862325890056,0.0007547915668875672,5.492264551919027e-06,0.00022760789064359393,0.9862822459520267
10,0.0008015345378001683,0.0003034972334316052,7.684487191950914e-06,6.584971381976123e-05,0.9988214340277565
11,0.0020310125474235657,0.00017424314777536243,6.196612453900844e-06,0.0001007667309508971,0.9976877809613962
12,0.0025974452718954435,0.00017511810319208878,1.4967191091569046e-05,9.572192765848048e-05,0.9971167475061623
13,0.002767847168352674,0.0010800531734321138,1.2011166792916981e-05,7.981518148844525e-05,0.9960602733099339
14,0.03358531683736533,0.0034203761054501193,4.382619743006838e-06,0.0002666283864356658,0.9627232960510059
15,0.007539690508951462,0.011393015113011835,0.00012810069643345658,0.0005507800408232651,0.98038841364078
16,0.0012756758136333293,0.0006076898113815287,7.980775434694392e-05,0.00014928115593134433,0.9978875454647069
17,0.002380434838985672,0.001581002307869626,0.00032740506154484714,0.00043558571747398186,0.9952755720741259
18,0.0022490543992431155,0.0009982422391074397,3.638991285161159e-05,0.00022934998822390302,0.996486963460574
19,0.0026923544713625524,0.0026488881501738086,0.00018350804229057383,0.0005359024334614323,0.9939393469027117
20,0.007384454691789062,0.0030288166909983663,3.733808182819907e-05,0.00029604068342483947,0.9892533498519596
21,0.0011059886339483628,0.0004376358189488463,9.067765792104077e-05,0.00012386932337882678,0.9982418285658028
22,0.004101501970584581,0.002325878661723459,0.00011473608660315125,0.00023165152504363323,0.9932262317560453
23,0.0014970446091805512,0.0017277120216006088,0.0007442348050805473,0.00013933398787359963,0.9958916745762648
24,0.0013850815704292353,0.0005326840072287427,0.00022829832386786386,3.1778213057345326e-05,0.9978221578854168
25,0.0009052267973776792,0.0006190074051460606,0.00038561832896007436,2.8958964565344405e-05,0.9980611885039508
26,0.00043788245045825393,0.0004437491210655701,0.0003297079542391217,1.8210205970620883e-05,0.9987704502682664
27,0.0021175241474763215,0.002255322944521647,0.0011345334885727576,8.656282259530896e-05,0.994406056596834
28,0.0035354674801624164,0.0006790924345834786,0.00014571124655892,2.741316090596215e-05,0.9956123156777892
29,0.010580430113395961,0.004113183034343298,0.00010028621836804968,5.2064638581790794e-05,0.9851540359953108
30,0.021872086079288398,0.00735063347568605,0.00027372567495866345,9.40040488508544e-05,0.970409550721216
31,0.1303698977627615,0.15515259893775696,0.00021274845086408588,0.0011031836970139515,0.7131615711516035
32,0.38319898442248024,0.08350023613181284,0.000519392160885961,0.0024835708491589966,0.5302978164356619
33,0.15022665893236226,0.7433884101515841,0.018039960656863956,0.0024928266337629836,0.08585214362542681
34,0.14003627738293328,0.40633030653147006,0.0009704845431861501,0.006643436827681093,0.4460194947147295
35,0.2581343767205603,0.30482642383493097,0.0003454455940182217,0.07154189676138135,0.3651518570891091
36,0.22862291552238517,0.28226162346705563,0.00010490109010020971,0.012253619818045776,0.47675694010241315
37,0.643581805145324,0.18448208663930765,0.0014657628659801485,0.001285916922973095,0.16918442842641498
38,0.5823663666028714,0.19036871494057392,0.00010720591636039287,0.011373994422997434,0.21578371811719682
39,0.4873460693273068,0.3980973752392996,0.00047879620120694447,0.002617087638155691,0.11146067159403088
40,0.14927879713603218,0.7522789728415168,0.002122488753941279,0.003971220035563313,0.09234852123294647
41,0.4064695389502236,0.43879339203770845,0.0021007782124686006,0.001918615507532146,0.15071767529206725
42,0.048103203687388275,0.8848967531298625,0.05746185232414679,0.001169546224860981,0.008368644633741592
43,0.15881165558102187,0.5258695860279816,0.0003726407493331044,0.018292902215850074,0.29665321542581347
44,0.05503832406695084,0.8330301695253296,0.030724135964462156,0.004668433188206698,0.07653893725505055
45,0.13377913111075873,0.781826645696519,0.04581710002032031,0.0022520380452409577,0.036325085127160935
46,0.09453565267256107,0.09126907747135825,0.0003040568591958606,0.006187684562549068,0.8077035284343358
47,0.37007015496959667,0.06849828118391393,9.253711912494632e-05,0.05633809203478187,0.5050009346925826
48,0.2702370128269876,0.14153427469248822,0.00014324777387906336,0.008893978891047882,0.5791914858155972
49,0.36337357009084753,0.09681638894637584,0.00013044547563726723,0.0019564062033439445,0.5377231892837954
50,0.3995011992112284,0.27950281936046584,0.0025275859613742287,0.0014014561026784752,0.31706693936425306
51,0.26149786144785975,0.4858809424864957,0.0009991290902418345,0.004817087580307928,0.2468049793950947
52,0.22996634321660406,0.5110707460268235,0.0016173625502911872,0.00810985878851377,0.2492356894177675
53,0.10662298937040526,0.8001224073109383,0.01855303063589465,0.00498066212865381,0.06972091055410783
54,0.09411445947173917,0.015781874832843504,4.470568239967597e-05,0.004042153047710844,0.8860168069653068
55,0.5583641778254465,0.13566969282892194,0.0003745629814165147,0.002410229635070287,0.30318133672914466
56,0.6362376739911716,0.23865736562287626,0.002460959393899817,0.000731651081423061,0.12191234991062909
57,0.40213906512730124,0.5128694904123619,0.004946383810368761,0.0006523104337707172,0.07939275021619742
58,0.284183742323933,0.6810514718652318,0.001985577481929612,0.0032969313875309057,0.029482276941374706
59,0.038856582267985336,0.6950217071826178,0.2542270706829623,0.002118554679426823,0.009776085187007776
60,0.13981012166532783,0.5408310016021814,0.00047679576488091817,0.01855078601187463,0.3003312949557353
61,0.06727999683092897,0.8788233533719266,0.03213353418222767,0.0018537547978299828,0.019909360817086778
62,0.14980548955014994,0.7475353507568417,0.017208609991617958,0.014935391459583428,0.07051515824180714
63,0.11966731055358464,0.30743912653330774,0.0012440694827341365,0.0022090582524533896,0.5694404351779201
64,0.43602713611541044,0.298831698055358,0.0008007366968130987,0.019726424549381203,0.24461400458303736
65,0.10979994683939595,0.8476502502116751,0.028103353097009266,0.0007005541098613172,0.013745895742058353
66,0.24113243334831208,0.11231305865508451,9.58168598043074e-05,0.003127725097205124,0.643330966039594
67,0.4888469265959427,0.24911952577586172,0.0018432447501373855,0.0033854825415957973,0.2568048203364623
68,0.16701762442152365,0.4728477692106588,0.006525631559099825,0.004394428052306054,0.34921454675641156
69,0.7055207472863675,0.1429817346664354,0.006038837911598273,0.0023842305421547284,0.14307444959344398
70,0.1598390359490377,0.5188507458172716,0.010287392187249882,0.013279537885031731,0.2977432881614091
71,0.044228179874610425,0.7850742937264341,0.0840422587991122,0.0020906400199789898,0.08456462757986431
72,0.03524741655456602,0.873575041814161,0.038609607098619984,0.0012582280964853205,0.05130970643616761
73,0.016143397661747886,0.020959034063817193,0.00018038276699544316,0.0010562248960799547,0.9616609606113596
74,0.1452787460084957,0.0074622258682192555,1.6568783245874508e-05,0.0014527365391809326,0.8457897228008582
75,0.5757975751457431,0.09010917430786003,0.0005598861906990096,0.000815443348771878,0.3327179210069259
76,0.5547124950717222,0.1322302726093506,0.00015422656891949383,0.0003771323029200214,0.3125258734470877
77,0.4169814380853024,0.38562739164095117,0.020785094777097776,0.0013744198568041354,0.17523165563984447
78,0.16757098985528915,0.36601285452789717,0.020315104216363105,0.0014007370068194885,0.4447003143936312
79,0.021974052530322658,0.8151508026460238,0.11039953106593037,0.0006138941555208705,0.05186171960220233
80,0.2924823059964523,0.172373846857042,0.0005176462180674458,0.054763354556858795,0.47986284637157944
81,0.1311805820824419,0.4048035351962454,0.018917137230182356,0.005427146193973267,0.43967159929715705
82,0.08673486358530894,0.3184765778015777,0.03186595037006323,0.0019330012011329776,0.5609896070419171
83,0.13601017900710524,0.12746339441919233,0.0005069418150114226,0.007586627221527085,0.7284328575371639
84,0.0024216771130564753,0.00269942921131467,0.00021561099263443876,0.0013147686704508832,0.9933485140125435
85,0.002343518816993578,0.0006223152941421276,2.66353060326354e-06,0.00035646819427274457,0.9966750341639883
86,0.045224735055322776,0.004679952840246788,4.435951783534597e-06,0.001115634497543438,0.9489752416551034
87,0.6711063823782616,0.015120321895893678,1.4948024667691658e-05,0.0016918148363144398,0.31206653286486263
88,0.6419728023327322,0.009087077730381487,3.185955260329785e-05,0.0007441102614253043,0.34816415012285773
89,0.42578647087228483,0.011467054300486666,4.3858376880892006e-05,0.002878637254942141,0.5598239791954054
90,0.3963556746180782,0.016169938877612294,0.00011420089136424714,0.001481685246362486,0.5858785003665826
91,0.49960952388996144,0.07185084388552464,0.0005017232917226078,0.00476353440718486,0.4232743745256063
92,0.4832286148885433,0.2049719656705021,0.00030289041501118064,0.015217262997821708,0.29627926602812177
93,0.3519796188223327,0.5135957663977986,0.004441937061581764,0.014035855903907164,0.11594682181437985
94,0.3002712652418283,0.6462458972039378,0.0008486115398727311,0.02182664074157005,0.03080758527279119
95,0.07876600118909166,0.8528150321834027,0.042613327072569,0.0012799188887483166,0.024525720666188296
96,0.09471834969772361,0.8638156311272069,0.023824721922692586,0.002937346848792184,0.014703950403584753
97,0.08434094467474755,0.8010783881173535,0.0664505899714988,0.0015848081479635924,0.04654526908843638
98,0.05626679393826067,0.7308183921226864,0.09095501191689426,0.0011382788422990876,0.12082152317985967
99,0.09030639531745249,0.733686363266126,0.025925573508367713,0.004886332274613304,0.14519533563344042
100,0.047137730187259926,0.6118037942875909,0.012164143415444643,0.001858958068009913,0.32703537404169475
101,0.046333433961851946,0.6284033739408731,0.06585181345069409,0.0013690573871609785,0.25804232125942006
102,0.006174586803186049,0.007986542657442572,0.0003938248800637823,0.00028763135538666795,0.9851574143039208
103,0.0011529210108441401,0.0006123875033993444,6.854679790933876e-06,0.0002487912137494028,0.9979790455922161
104,0.01335006412162256,0.0006380537374241632,2.5092885506977028e-06,0.000660396877865086,0.9853489759745374
105,0.5143544084755681,0.0022571170278524655,6.461265389819785e-06,0.0014208548363122248,0.48196115839487735
106,0.6210824540727018,0.010098964713388043,1.789586226775852e-05,0.001207444749933304,0.3675932406017091
107,0.4678574689273612,0.04827948073787103,4.9898653279072516e-05,0.0010509965008287131,0.48276215518065996
108,0.2775763352167784,0.15187601363957146,0.001478190795271695,0.0006955962527224725,0.5683738640956559
109,0.6797122917925384,0.15847417510704814,0.00023654351351112197,0.00594720600180073,0.15562978358510152
110,0.4781967836306092,0.4410176149858387,0.012619869814244433,0.0019515647887036127,0.06621416678060404
111,0.2860054436779215,0.5499370979951679,0.0007160933542974079,0.013629837633759372,0.14971152733885404
112,0.2391903919660362,0.7003860946327036,0.0474775286382899,0.006330798076842097,0.006615186686128105
113,0.1491402791467621,0.8019839711178847,0.01497641303412671,0.006028118465729576,0.027871218235497014
114,0.039992815122036965,0.7729756494135261,0.17771237377196877,0.00039140741962044806,0.008927754272847708
115,0.018859864500586212,0.7388993965942736,0.23273113061585857,0.0006114517444121957,0.008898156544869418
116,0.08964464945015048,0.6928829778090209,0.2051587080804105,0.0009515568693307096,0.011362107791087457
117,0.010340895970081107,0.7304134220932689,0.2549461504926352,0.0007841338643758953,0.0035153975796389557
118,0.012570833487079519,0.5848325628761806,0.39724972314017587,0.001998616198668417,0.003348264297895478
119,0.030018731009989245,0.6117235523280529,0.3505747663772325,0.0037162228473922683,0.003966727437333186
120,0.005826483929757178,0.5480339048337477,0.4369249231087527,0.003460724319014972,0.0057539638087273255
121,0.12781913963486655,0.6616259897473536,0.00398236284934367,0.025172980962185263,0.18139952680625096
122,0.06442587456244807,0.800711877691377,0.09629280825915731,0.0028265073745503263,0.03574293211246736
123,0.17379919111621142,0.6956335933709101,0.007444294047940795,0.0060180949592534,0.11710482650568425
124,0.10286626415322629,0.6514256365305771,0.09127427612218969,0.0005774816608452147,0.1538563415331618
125,0.1989474313188117,0.4554859390914292,0.001042938592478117,0.028802354139282376,0.31572133685799847
126,0.05599990352521778,0.6084960772893323,0.08976549764780904,0.0024513811974677144,0.24328714034017312
127,0.00927171461027811,0.012057749605879941,0.0009615932489033112,0.0015179460085884592,0.9761909965263502
128,0.001990919747120915,0.006216537523559438,0.0017221530950857643,0.0009517800116880105,0.9891186096225458
129,0.014379660198719297,0.014254844862865426,0.017600057800206684,0.0008076192838954229,0.9529578178543132
130,0.13656374119648593,0.01168703059988801,7.241227952875943e-05,0.0004173543165003968,0.8512594616075969
131,0.12504231259486273,0.020972167896130964,0.014496915917869363,0.000491573984646921,0.83899702960649
132,0.015668271322174018,0.01062249316056233,0.0018907264138449012,0.0004060395787842564,0.9714124695246344
133,0.06911259221791172,0.05522087186157202,0.0007015971580858721,0.0012949602806401393,0.8736699784817902
134,0.00688825724124702,0.00823959922001808,0.0004865181162846015,0.00016270977743173328,0.9842229156450186
135,0.013219783751014473,0.024191005578434455,0.006865627674521608,0.00021572620354213122,0.9555078567924873
136,0.016952240823440847,0.030976058111885075,0.006933038306815212,0.00017158520474638408,0.9449670775531125
137,0.043284512312921075,0.06830160744809757,0.01654320462350105,0.00020630508333019018,0.8716643705321501
138,0.27035958340388144,0.4828655625510956,0.1984335660228804,0.00024221985022480932,0.04809906817191776
139,0.029020996989925645,0.3277954430783536,0.6333829507781987,0.00024282068157139056,0.009557788471950684
140,0.022309696959427906,0.34384480506733334,0.6282194064297426,0.0008037649711640242,0.00482232657233217
141,0.001447607644168624,0.08341745015113088,0.9140621647799461,0.00012577478163819397,0.0009470026431161912
142,0.020505304856033708,0.2266592330210309,0.7380358100625269,0.0007723935814143997,0.014027258478994095
143,0.05354733897311927,0.5834546277666433,0.34990355785500377,0.0012588018296322628,0.011835673575601346
144,0.005242552040654836,0.3064186133841235,0.6826201495624,0.00017140495307086225,0.005547280059750816
145,0.020194783058129842,0.3169483028397679,0.6560813841849303,0.0001385761938867987,0.0066369537232853285
146,0.03143354527901342,0.41686295749685504,0.5355615215822619,0.00026340999419959557,0.015878565647670078
147,0.02452086253831166,0.2784247000845954,0.6894754312484462,0.0002702329058854063,0.007308773222761308
148,0.020915726730263,0.28669202809969935,0.6847773190230071,0.0008627884633351213,0.0067521376836954345
149,0.0812957228342155,0.36303673374281153,0.5200232973431222,0.004301364008543278,0.0313428820713075
150,0.08613524953458915,0.6825181878605557,0.21524727785085782,0.0061255052075840696,0.009973779546413267
151,0.0408874800696954,0.7611667348401661,0.18288790686278836,0.002429720967489537,0.012628157259860894
152,0.03663850309149946,0.602167606446518,0.34720337401990425,0.0026789017165398544,0.011311614725538498
153,0.04445168950163846,0.583325962147074,0.3561956904028025,0.007385653965367858,0.008641003983117118
154,0.09347094249401355,0.6975033086867084,0.1710865400539785,0.024733080151270105,0.013206128614029405
155,0.05798272655445249,0.6182647485314612,0.23955099255471185,0.06851138585573319,0.015690146503641186
156,0.053925561739786625,0.6252369769013516,0.08607364339802172,0.21725670903105435,0.017507108929785683
157,0.04285437044987866,0.18136051996601718,0.07383670365905005,0.6808377896321695,0.02111061629288475
158,0.028196811468714462,0.06368469097448523,0.006178891934205873,0.8673247203439005,0.03461488527869392
159,0.020857563486520535,0.0131690578944572,5.9268366231071195e-05,0.9457974783680678,0.02011663188472327
160,0.047075618062250156,0.04729461584184683,0.00025540867503421,0.8119726336543946,0.09340172376647429
161,0.2131322089023138,0.02638927939870072,7.041515983549458e-05,0.6874494281479353,0.07295866839121479
162,0.2180033991271684,0.050991790647939364,9.099861694127424e-05,0.5393512669823509,0.19156254462560016
163,0.07710767456347514,0.01686720533763266,0.0002544227228175676,0.27470290236946465,0.63106779500661
164,0.0712744404584399,0.025998780101613987,0.00015788599682818643,0.2335578410922834,0.6690110523508346
165,0.29283674251694547,0.028022029616523093,4.2398772375829496e-05,0.5984269470788467,0.08067188201530892
166,0.26060417170089367,0.06185706394816864,0.0006744317262303575,0.2709468824407401,0.40591745018396724
167,0.17156320500855304,0.06460156267808279,0.0021093224674292414,0.4735585680135185,0.2881673418324164
168,0.06419621568238944,0.07017087340990576,0.0002417808724532808,0.7397895356762377,0.12560159435901372
169,0.05955259577577759,0.1533243103029227,0.0008851867680887566,0.7446637819156278,0.04157412523758315
170,0.07476664837295764,0.10341135731417297,0.0010316429648595826,0.7006564168511636,0.12013393449684624
171,0.0805122199654599,0.19825201237988113,0.0017216828013011454,0.6360489642108088,0.08346512064254895
172,0.023990386054274327,0.058517096079301056,0.0003438609430928432,0.8826203712713236,0.03452828565200815
173,0.020001322818695346,0.01799096093791655,6.4159319207292e-05,0.9403448991478702,0.021598657776310586
174,0.06806572471006417,0.04364913048574832,0.00013188700993027906,0.8406602614002397,0.047492996394017516
175,0.12182537176007735,0.04441627781422323,7.007207533680918e-05,0.8157054908359845,0.01798278751437822
176,0.14836420138388504,0.09042319667683764,9.104793834400055e-05,0.7330241559482534,0.028097398052679842
177,0.15569049249016625,0.12986337324769695,0.0001451853274147739,0.6508956184912921,0.06340533044342998
178,0.39074612033774236,0.07675013995639769,0.0002929976233994096,0.4294670536128244,0.10274368846963619
179,0.21180699247504187,0.21849763787006735,0.0004986577285031993,0.502546315938825,0.06665039598756256
180,0.1867100482556383,0.21449665970651266,0.00028850042000466,0.558297811454935,0.040206980162909405
181,0.24815827918996938,0.35134127508145596,0.0013467057696440684,0.3349655352067403,0.06418820475219021
182,0.09770364199872582,0.27340295628587613,0.002045405808425804,0.5841343936442249,0.04271360226274735
183,0.09024546531383754,0.11896641483711733,0.001433971043733812,0.7148536878491951,0.07450046095611625
184,0.06885030774089793,0.08502106401605192,0.00030515850768074725,0.8156618467898724,0.030161622945496895
185,0.11737118850744105,0.1688593627536582,0.00017670556662797117,0.6958286178464715,0.017764125325801194
186,0.3697013791642126,0.4515399948074714,0.005473137683461928,0.10950813806174772,0.06377735028310631
187,0.5396375554614359,0.32891800662817705,0.006373798048712959,0.048053199112195265,0.0770174407494788
188,0.42010298571980054,0.4405266473267058,0.004858324049249457,0.0539204612523524,0.08059158165189176
189,0.14154036275106166,0.823540034826676,0.0051624873119598,0.01846720734719793,0.011289907763104534
190,0.2099508338995785,0.7299801895774612,0.03175443456064616,0.0034783836512865523,0.024836158311027652
191,0.03214384871531139,0.8560078898881703,0.10646755866239711,0.0005128313902361794,0.0048678713438851775
192,0.019320256908275275,0.8147806458227055,0.15997122212808773,0.0005954412185335854,0.005332433922397796
193,0.02853915309887848,0.9111537758934733,0.05509913296454067,0.0009812898746835348,0.004226648168424011
194,0.012931180310373231,0.7006276207010365,0.2825322059486506,0.000578305258213137,0.003330687781726673
195,0.011635741120792,0.5227336822291924,0.46240097659228935,0.0004108712669476833,0.0028187287907786634
196,0.009582019917430957,0.39597833670825766,0.5901933344547233,0.0007786390005042312,0.0034676699190838585
197,0.016385638556536256,0.5069768510487441,0.46237330775523056,0.0008413742459312391,0.013422828393557861
198,0.006434842477006127,0.23943866405350012,0.7380162763892139,0.0012444457927001773,0.014865771287579984
199,0.002335604208227259,0.1758117946733993,0.7998215868907395,0.001302999246785351,0.020728014980848787
200,0.0038355852697489917,0.18580427190439566,0.7070521014688796,0.004246663906716452,0.09906137745025928
201,0.0032723088058123494,0.008889852853688216,0.002886151835521855,0.006303318651468526,0.978648367853509
202,0.004630221595600267,0.001481205984147585,1.5474912735450494e-05,0.0019210286601225016,0.9919520688473943
203,0.03656215755452665,0.0033078596847040515,1.4619034011040242e-05,0.0024194072911458407,0.9576959564356124
204,0.005022795017706293,0.0004111673414642447,7.258852014762986e-05,3.638618246533278e-05,0.9944570629382165
205,0.0033230833141360857,0.00010534362967984301,7.249235895669532e-06,2.8600208322228812e-05,0.9965357236119662
206,0.004821229275070172,0.00041619426314527553,3.262256046041994e-06,0.00018247652043420403,0.9945768376853042
207,0.24129971956311597,0.0028037845757818186,3.0830282563433204e-05,0.0018780929394950992,0.7539875726390437
208,0.3733918720303584,0.006372039228752526,9.999752455322747e-05,0.0020785065227201167,0.6180575846936157
209,0.6976069168807655,0.009816169558711308,0.0004193647261457407,0.005658902388619509,0.2864986464457578
210,0.705943514226647,0.07466493923662246,0.0017923364274434759,0.016967334847045216,0.20063187526224183
211,0.7176414915826211,0.23616014583990524,0.005715810436415754,0.004225462482271153,0.03625708965878657
212,0.2718477926938331,0.5566808369679026,0.15341152222601384,0.0046596636061919505,0.013400184506058356
213,0.037929393457414605,0.6604717872399057,0.2950141323757413,0.00290576661725042,0.00367892030968792
214,0.018058587073046042,0.6115300051966939,0.36551342371655965,0.0008732531875402343,0.004024730826160272
215,0.00913943668307023,0.4476955393168209,0.5411551610465124,0.0004980838583967115,0.0015117790951998213
216,0.00467996555340013,0.40687200178717253,0.5854309964269142,0.00023149283494829057,0.0027855433975648458
217,0.007730296992476339,0.35443968150019883,0.634650537812598,0.00040137910827728074,0.002778104586449526
218,0.002147866969713893,0.2848452414082151,0.7098032877075147,0.00013111352223958527,0.003072490392316864
219,0.0020347574946804,0.25433938353672114,0.7418157508696427,0.00013507380441895228,0.0016750342945367847
220,0.0012102367817931421,0.16818684134579123,0.8285335394305624,7.279449918872898e-05,0.001996587942664448
221,0.000491269292064804,0.11573282385365391,0.8826527480869755,6.187573723570011e-05,0.0010612830300701624
222,0.0016645177767908212,0.07218981231482322,0.9238725226494131,9.570750385704881e-05,0.0021774397551158698
223,0.003748395032765987,0.09389410594624416,0.8999651404043699,0.00012084388396577118,0.002271514732654204
224,0.004027972834284354,0.19184998369199358,0.7997189098809413,0.00011748641439575245,0.004285647178384939
225,0.0014726095092542843,0.09274918937871178,0.903974382865677,4.5632048212865266e-05,0.0017581861981438086
226,0.0008866110622932631,0.08741172974723019,0.9102854871504696,2.7992480355789988e-05,0.0013881795596510948
227,0.00010283498060730176,0.039675855975366846,0.9595671750985194,1.4826459336195954e-05,0.0006393074861702271
228,8.612257141947714e-05,0.03597303400922784,0.9631998786286255,1.2433184080813736e-05,0.0007285316066462141
229,9.135007464520061e-05,0.028562240338211333,0.9706257911576853,9.811371404529554e-06,0.0007108070580534048
230,3.730753357820528e-05,0.00835102183250652,0.9905516880157231,3.0848473212952678e-06,0.0010568977708707713
231,0.00018689275892268763,0.02113019795997093,0.9778955419532943,5.76524238682957e-06,0.0007816020854252054
232,8.725426458881515e-05,0.02143120867488405,0.9780936009006854,8.542795806714425e-06,0.0003793933640351838
233,0.00010958328039663053,0.02147458461838849,0.97801433573755,7.12784194222008e-06,0.0003943685217229252
234,0.0001564517129236291,0.02093973911640015,0.9783507364255682,8.573310131279899e-06,0.0005444994349765225
235,0.00019099210980498484,0.02658308900675649,0.9724161871440143,9.62549246162735e-06,0.000800106246962518
236,0.00011809491000618991,0.01796266172139589,0.9813919608189459,4.469289645504925e-06,0.0005228132600065287
237,0.00033813974787092957,0.023238844110570266,0.9752914715702947,1.1038014176029569e-05,0.0011205065570881931
238,0.00014784605775895697,0.01296405357179462,0.9859023466777462,3.411000027229799e-06,0.0009823426926728518
239,6.336692825261002e-05,0.012316073307349355,0.9868033869156592,3.1108004336269023e-06,0.0008140620483051517
240,0.000293988931430847,0.016723185764746195,0.9822370215856526,4.971710665348912e-05,0.000696086611516726
241,5.141845300149597e-05,0.01030680911870666,0.9889736574757892,3.76933058664371e-06,0.0006643456219162257
242,0.0002604489329361066,0.017595426518487,0.9812876861181906,1.214528799598096e-05,0.0008442931423902656
243,0.00022435225489896612,0.0199384948171713,0.9791236581327732,7.711565364880735e-06,0.0007057832297916057
244,0.00015519688801376817,0.02442062248374137,0.9748155327234344,1.1946447756636929e-05,0.0005967014570537288
245,0.0003288853801900216,0.02822237061090461,0.9705626594975195,2.7492042069453136e-05,0.000858592469316514
246,0.0001247425847979112,0.009418064598696301,0.9893752721432608,3.473840074733377e-05,0.0010471822724975519
247,0.00686445614414675,0.16200262131132104,0.6977322535896723,0.0008317397260811183,0.13256892922877872
248,0.07120000387649673,0.3081758803218915,0.5709386728442293,0.007200731896021607,0.042484711061360786
249,0.38085769890470966,0.3670393636566789,0.01264842153995012,0.008112737245521884,0.2313417786531395
250,0.08633596798681292,0.6724294036043977,0.2270087841221557,0.0024615280450870523,0.011764316241546573
251,0.08619160877892061,0.6972292673458602,0.19412502644067037,0.0029948821794372744,0.01945921525511146
252,0.18321681813203214,0.7585803940738154,0.02846180543697855,0.006211814584873714,0.023529167772300148
253,0.13125431374611016,0.6474161544933205,0.06298488963855567,0.005141856044829446,0.1532027860771842
254,0.15162128670047834,0.772360341814927,0.05180668986576092,0.004867667512614794,0.019344014106218888
255,0.08014191244844358,0.7715256427153976,0.14261565764171139,0.0009008583441705777,0.004815928850276843
256,0.05094222136708703,0.3995711004305825,0.5445159594730077,0.0010372155380046605,0.003933503191318059
257,0.014076266208263162,0.4208400076233385,0.5616500805363944,0.000934770920941464,0.002498874711062472
258,0.004939038904431384,0.3261164249914038,0.6655775987150298,0.00024919727313048995,0.0031177401160046667
259,0.009978792166518908,0.19242310003634205,0.7920062721884745,0.0002010565939323156,0.005390779014731962
260,0.019880848900483434,0.39428360327077644,0.5752495380500015,0.00026480281899599246,0.010321206959742618
261,0.008224275110812088,0.3557325850635341,0.6300553127894799,0.00013930723465932601,0.0058485198015146645
262,0.00267282870504817,0.2678005587868757,0.7271422849033485,5.589577973574042e-05,0.002328431824991823
263,0.000897117472063747,0.18368958382880987,0.8135044049499245,2.7115899887263803e-05,0.0018817778493147091
264,0.00024941507294748346,0.07620373291341977,0.9225109779043695,3.123558859716451e-05,0.0010046385206658192
265,0.00017752246500399085,0.06124012572611215,0.9374492362616857,2.8265069669072243e-05,0.0011048504775288508
266,0.0005376720966217162,0.050894844274470365,0.9472333947987048,2.0174500199371076e-05,0.0013139143300037054
267,0.0002342569794979502,0.033958134610664645,0.9642985726027871,1.532232133943956e-05,0.0014937134857106915
268,0.00047798057391640054,0.05997636375430461,0.9382363658994707,4.006743193789725e-05,0.0012692223403701884
269,0.0007328401519419193,0.02467338112908968,0.9725623797392445,1.3582278215136077e-05,0.002017816701508693
270,0.0012284540248819389,0.08264072521199169,0.9142218463208542,5.4654296776595055e-05,0.0018543201454953966
271,0.0002142387625630746,0.04741687211092821,0.951670345592698,2.5286335074665427e-05,0.0006732571987359347
272,0.0001965535892584362,0.028594366585692615,0.9702567067421543,8.418549685105936e-06,0.0009439545332094228
273,0.00017767160767889704,0.051435937845387254,0.9476628273733001,1.3097109037722207e-05,0.0007104660645960453
274,0.0005598954779685873,0.045529461315613085,0.9521668125815651,2.3071736583457646e-05,0.0017207588882698665
275,0.0005371000078784228,0.07730389922965109,0.9206466228839184,2.3568578727965715e-05,0.0014888092998241796
276,0.0007326639861466549,0.050159417396658475,0.9476887271493938,2.3906379474932923e-05,0.001395285088325944
277,0.00037554976964608735,0.05957436287070307,0.9391504283806696,2.6053497506836346e-05,0.0008736054814745847
278,0.0004720811218482144,0.03839936322407341,0.9606874057704695,1.6970284903353593e-05,0.00042417959870531894
279,0.00017950934232047693,0.022619011206654493,0.9767572294018333,8.993123464908641e-06,0.0004352569257267635
280,0.00017786837786935717,0.024964572291327515,0.9743996772841843,1.0924997899588932e-05,0.0004469570487192425
281,0.0004690362790475008,0.06493179697694292,0.9338269118460031,3.31379918908805e-05,0.0007391169061156125
282,3.4832907448687524e-05,0.02190695942546579,0.9777639498151928,4.6058541558942026e-06,0.0002896519977369728
283,4.3072574835429145e-05,0.01018383079954923,0.9894516685229587,4.259089363981335e-06,0.00031716901329258737
284,9.314370216138496e-05,0.011193433123055438,0.988106640906705,4.632140671111167e-06,0.0006021501274072341
285,0.0004030106701878131,0.02845398347183468,0.9699072161386751,1.506113280057107e-05,0.001220728586501509
286,9.40351884498916e-05,0.019953737987082318,0.9792486204272692,7.659865754660108e-06,0.0006959465314437803
287,0.0006327468924575933,0.02862233079685435,0.9699796617377742,2.488404985799903e-05,0.0007403765230558885
288,0.00027789282023743246,0.016829132375746098,0.9822201458510373,1.6340671850360894e-05,0.0006564882811285854
289,7.77205990206791e-05,0.018241360957930275,0.9813639844240151,6.623152403263396e-06,0.0003103108666306053
290,7.638898818317849e-05,0.01675134000255785,0.9828100868450446,7.421867969295081e-06,0.00035476229624501973
291,0.0005322689322942286,0.036538631969639045,0.9622510191557262,2.6556807354327386e-05,0.0006515231349860614
292,0.00012339085878025039,0.012332415186703406,0.9871626288429233,5.370258583872121e-06,0.0003761948530088976
293,0.00013444192269071247,0.016110188350783584,0.9832781573653567,9.49785898768753e-06,0.00046771450218122893
294,0.00023063966636728317,0.022867921979291037,0.9764227811222513,7.601299910826635e-06,0.0004710559321795871
295,0.0005625218937601118,0.019348080402865942,0.979087863736029,1.937435031089339e-05,0.0009821596170340606
296,0.00016999364245333292,0.01420879956089941,0.984857315464329,9.362307579993569e-06,0.0007545290247383342
297,0.0009382938350634419,0.05222730569806254,0.9450570508801286,3.799704387447814e-05,0.0017393525428709066
298,0.00029299988461150916,0.02595519541020463,0.9724027308930593,2.414399977816602e-05,0.0013249298123464643
299,0.00017886863966460129,0.018920786007032172,0.9792855597454148,3.7438138319680874e-05,0.0015773474695689876
300,0.0006129031640873972,0.05291072935713381,0.9421057600416296,0.0001597931914040717,0.004210814245745202
301,0.04622996549731833,0.82152453295623,0.09696580722870253,0.014674868480894368,0.020604825836854825
302,0.070375970315448,0.7611091077683013,0.1309557800061799,0.0054027462889044715,0.03215639562116624
303,0.036017888953461155,0.4871327617607348,0.4504247051046346,0.0019684106467322705,0.024456233534437162
304,0.04559392895735277,0.875494505731347,0.06047809498332324,0.00366273597420769,0.014770734353769266
305,0.018701147729282316,0.7125694090250301,0.2558425485328516,0.0015847829887745465,0.011302111724061417
306,0.015854423962124775,0.05416157871088615,0.013298769618784755,0.0010819622780093205,0.9156032654301949
307,0.47076055818576307,0.09958224062937111,0.0005043683295875895,0.0020049322538368093,0.42714790060144153
308,0.35191323459261054,0.545023068994427,0.014363365981865385,0.00204744989883707,0.08665288053226003
309,0.38287437661073237,0.3681649328138919,0.057421068667807475,0.001157701108195181,0.19038192079937297
310,0.26507523778649755,0.6673463331844921,0.014257707101101424,0.01980648746177256,0.033514234466136474
311,0.12510965298286097,0.7592140374645386,0.024253138582853884,0.07433133093662624,0.017091840033120035
312,0.07683229961264032,0.7531354650900478,0.10543029787138765,0.025059576751098833,0.03954236067482556
313,0.13707621442638007,0.7901266686012178,0.013967010044435286,0.04471054813966747,0.014119558788299283
314,0.05502119078616968,0.7725080915853403,0.15569136920763138,0.004276252003352985,0.012503096417505676
315,0.08302075527849977,0.90118632897839,0.003304681661320109,0.00682970887215894,0.005658525209631078
316,0.06297962733949944,0.7229443018214061,0.20677341997807033,0.003491655280546428,0.003810995580477776
317,0.009887351865789677,0.7275273458359393,0.2580913528184262,0.0013943684639455994,0.0030995810158993024
318,0.050781387788753865,0.7903321671713202,0.14317170255141295,0.0024911016984652395,0.013223640790047795
319,0.019934601813329823,0.8458897489981752,0.1286612979928416,0.0014857693426093865,0.004028581853044035
320,0.021822350898424884,0.7308582826550378,0.2418302447661464,0.0027277853447646282,0.0027613363356261745
321,0.02134571388772046,0.7152701380534593,0.25829721941580314,0.0014476257810135422,0.0036393028620035715
322,0.011925338555191607,0.7205160043286694,0.2635320257644419,0.001193302298413731,0.0028333290532833993
323,0.012500499039332633,0.7170817714299113,0.2637427594082159,0.0020514902894029387,0.004623479833137301
324,0.04227732890773785,0.720719983949023,0.22443661762363573,0.0026329961451994096,0.009933073374404041
325,0.030836645994776868,0.8052690082939048,0.15439205679475276,0.002573088560072817,0.006929200356492647
326,0.024498187675115142,0.7501112760885627,0.21523703385701803,0.0027623400744676693,0.007391162304836602
327,0.04697103661297382,0.8572673246812116,0.0600825046053183,0.005212671330239051,0.030466462770257247
328,0.06431729717808318,0.9050448926103792,0.013401829435611714,0.012218624281543447,0.005017356494382712
329,0.14835006919437757,0.8056585090488785,0.003931245081048372,0.014289101676770558,0.02777107499892482
330,0.023727403748293813,0.8280690752902405,0.1407691897194345,0.0021010222918207036,0.0053333089502102665
331,0.02548912146826109,0.8931493439428831,0.07326556160053754,0.00564603415690955,0.0024499388314086455
332,0.17506714126024403,0.4864801065938071,0.01340866305845149,0.042219720883525505,0.28282436820397194
333,0.024751054980612506,0.9446637645028855,0.016569439538491205,0.006946618485809701,0.007069122492201192
334,0.04882527351625188,0.8407505072552868,0.0963109572804937,0.007659058635223863,0.006454203312744025
335,0.12463476856130545,0.8064489261295074,0.003921336270988886,0.03521683770006138,0.029778131338137025
336,0.04579553458812668,0.6294687078723653,0.27900722877662065,0.038910169246592415,0.0068183595162950505
337,0.10534711096184972,0.20889509041903231,0.032699788023179376,0.030773549125486306,0.6222844614704522
338,0.24886861961921092,0.6478054939685016,0.0264653585973237,0.04619111192477995,0.030669415890183845
339,0.35306931894723725,0.3829458674204594,0.16886903721356536,0.06697616619911333,0.028139610219624616
340,0.15017108919344613,0.7729325974076068,0.044699145727586466,0.014786908532928756,0.017410259138431968
341,0.24166712333659912,0.512342827123898,0.044211048881917986,0.17542123095663134,0.026357769700953645
342,0.17753747717931936,0.6157101030618027,0.052443861823623976,0.13039595238126409,0.02391260555398981
343,0.021440741779096585,0.860562734112351,0.08770891543419333,0.02397009647752703,0.006317512196832075
344,0.22148348895962228,0.5688412723391834,0.059968481590928144,0.07912869436214419,0.07057806274812208
345,0.15084991468727682,0.7403429165907855,0.006425776913727014,0.0761160269568903,0.02626536485132034
346,0.06304073502464928,0.8918484423469951,0.014796499963714559,0.01012039940014482,0.02019392326449622
347,0.23293005359622054,0.726999080131582,0.005752772078763988,0.01924612408014056,0.015071970113292978
348,0.03670324354763033,0.8926321338350103,0.05262558283825636,0.005513701491694584,0.012525338287408424
349,0.0654100780178895,0.8962132220736857,0.01217407440757592,0.010152758729275247,0.01604986677157354
350,0.031382529692958405,0.7068218245882405,0.22833576116168922,0.006734778771160634,0.02672510578595131
351,0.13102234562287277,0.649631849145549,0.10856716886573634,0.0650767587314399,0.04570187763440217
352,0.13046843596769478,0.6606886465793701,0.013385328156459533,0.11924862916121691,0.07620896013525875
353,0.02719905533902759,0.7954433382359424,0.13217566797222047,0.010105513900358415,0.035076424552451205
354,0.15009995839364476,0.10770820316936772,0.01105981704378739,0.050158266776354585,0.6809737546168456
355,0.05340415785507581,0.010719929151482399,0.00011398139346091861,0.008285219883183141,0.9274767117167977
356,0.309504304107847,0.038517140069329145,0.0003877781242972147,0.01758777002091924,0.6340030076776075
357,0.7564493474901606,0.09118043446115524,0.00025443339226544277,0.009790254853466792,0.142325529802952
358,0.6745805543922474,0.10490400018049913,0.0006321507739900992,0.017358330918664563,0.20252496373459883
359,0.36400593603924386,0.49168097641713476,0.01218801671498589,0.028767834464951528,0.10335723636368409
360,0.2033602971588179,0.4661497832537194,0.007196369973488131,0.06038545220560389,0.26290809740837073
361,0.2164056369238126,0.5901199625550593,0.004019944880718909,0.10641474965207397,0.08303970598833535
362,0.04080172907676008,0.9034992435101772,0.03798603995017952,0.00651222520649807,0.011200762256385005
363,0.1682032468818477,0.3956421369681221,0.001991543016571141,0.0627455228734805,0.3714175502599785
364,0.1256148945548837,0.8016562649262744,0.0021954746298503583,0.03649107510554204,0.03404229078344957
365,0.1592194670596844,0.6589609397337042,0.0028889899910660294,0.0416319069465946,0.13729869626895075
366,0.13167667835935726,0.8454794880562383,0.0021248015519254814,0.005109632128726961,0.015609399903751955
367,0.07288790545740183,0.8787035150220888,0.01997623639711129,0.006820048977493911,0.021612294145904196
368,0.08645696829537576,0.8606155144841326,0.009193506513757539,0.016158927977425745,0.027575082729308423
369,0.052185006570545076,0.8788322284443587,0.027280460347026716,0.010515457749106822,0.03118684688896273
370,0.16215931362337072,0.3848603773352349,0.0018608366547172273,0.05640845399844819,0.3947110183882288
371,0.35316230172128293,0.458844273376034,0.012258932463995165,0.018983674514394165,0.15675081792429382
372,0.07413234222576265,0.8049762540529996,0.10471671642465834,0.008974250714925077,0.007200436581654486
373,0.35807744539151715,0.4085275552881489,0.002401853192783717,0.10215681860677137,0.12883632752077873
374,0.1266733092580017,0.4001631101365998,0.001117305638916106,0.3875022029977467,0.08454407196873578
