epoch,N1,N2,N3,R,W
0,0.008322087182485142,0.00019090679908717866,1.7203548866845403e-70,0.0004870265678618207,0.990999979450566
1,0.011051926225421095,0.005515604576867102,8.631535353119223e-05,0.0005861520108937819,0.9827600018332868
2,0.038115347355118,0.002792945602719701,1.9977954401095876e-05,0.0034059050563981837,0.955665824031363
3,0.011475326053279085,0.001463689069199151,4.489698539943361e-06,0.006131743555892562,0.9809247516230891
4,0.03990437121399683,0.0061928498976609675,4.004268548250421e-05,0.003221577525346104,0.9506411586775135
5,0.060134340457624794,0.0030611364936810777,5.594090074656907e-06,0.0036969423431667155,0.9331019866154527
6,0.008402812734841395,0.0002535935304108187,1.1169778369332268e-05,0.003254837007655253,0.9880775869487232
7,0.4396364294894716,0.0091558946374079,4.372246469224653e-05,0.053095751501608,0.49806820190682033
8,0.06456513389998184,0.003015965156434003,1.3753544676863759e-05,0.006863872783035579,0.9255412746158718
9,0.015265399924962918,0.0008161539798372325,6.104901487079764e-06,0.002359858264247902,0.981552482929465
10,0.037110106140701725,0.0011129846165270469,5.815393846961384e-06,0.0016246977444571867,0.9601463961044672
11,0.48508942823803164,0.006588441327841742,2.33850394404763e-05,0.0028307804410839608,0.5054679649536021
12,0.01223560318777452,0.0006989376002764949,6.236152536424879e-06,0.0005009215227044687,0.9865583015367082
13,0.09212595019263467,0.001878011829698715,1.0807898890624734e-05,0.0011774999882614445,0.9048077300905146
14,0.06854175896020799,0.003908402725087537,3.81702489042312e-05,0.002912368517553192,0.9245992995482472
15,0.001694642797547739,0.0001175808762914096,4.331119516363322e-05,2.7634299638039004e-05,0.9981168308313593
16,0.011526853622521475,0.0002610282890154565,1.40525023344564e-05,1.9412699166419005e-05,0.9881786528869622
17,0.008206206916508724,0.00026623629249361086,7.25215148235524e-07,5.222930670152686e-05,0.9914746022691479
18,0.029286867831983827,0.0006215242993647632,2.314496229278761e-06,9.255464324841041e-05,0.9699967387291737
19,0.0724590208366919,0.012977302448295876,2.9576944372595894e-05,0.0004236717288497663,0.9141104280417899
20,0.5419664112976841,0.0048898128026568,2.357624029035746e-05,0.0006939953075295948,0.4524262043518392
21,0.891492529069837,0.010647091275361823,6.950383497900621e-05,0.0015780860107940454,0.09621278980902816
22,0.5676291047265953,0.22421976284862905,0.00043007687404977764,0.023013564878205,0.1847074906725208
23,0.10032083698801958,0.012665719412607255,7.059945228880319e-05,0.006460879185008085,0.8804819649620763
24,0.692110417656995,0.09633919133960521,7.456898753477861e-05,0.013842449274086944,0.19763337274177795
25,0.42292964234116814,0.43070036707432885,0.0013162980182328653,0.015997484229231442,0.12905620833703865
26,0.7888340037649668,0.15674548382505654,0.00025281322093090487,0.007332136152706347,0.04683556303633949
27,0.0993809429030024,0.8248573007972619,0.012654538343471711,0.007824362468349718,0.05528285548791413
28,0.646591885626265,0.08453593769456158,0.0009963481360245256,0.03613126145188444,0.23174456709126454
29,0.3815191117108567,0.36886685272443015,0.054145579084057024,0.025987681548632253,0.16948077493202388
30,0.6256697674427278,0.26221480139608316,0.0023598655744437595,0.07971232591845956,0.03004323966828574
31,0.31801041826424287,0.5715963773898042,0.008628535670122815,0.03446021120992346,0.06730445746590681
32,0.006931347158993358,0.7915922203399848,0.15769202203728513,0.034151342148458226,0.009633068315278546
33,0.6420530171101391,0.20234429726050626,0.002085800125128422,0.037951149800989036,0.1155657357032372
34,0.01882441251092278,0.9315817549074485,0.03094416530004862,0.01046471262060235,0.008184954660977557
35,0.047967389869863465,0.9197079445974318,0.017496722134395813,0.007378722804040974,0.007449220594267919
36,0.11147546122459831,0.8692977478694254,0.006252519483766854,0.0050214465250569325,0.007952824897152409
37,0.007174201348574504,0.8729325607986645,0.11142975873740125,0.005096877174395838,0.0033666019409637833
38,0.3246640765295893,0.6141326342279371,0.003485776816842869,0.04219765397930794,0.015519858446322893
39,0.14891234188860847,0.8184866511938089,0.013589113185788208,0.007158135997052727,0.011853757734741763
40,0.027930821723510076,0.6618377377906438,0.27399645536574335,0.004922123543599178,0.03131286157650368
41,0.47047664649847953,0.47212084361105516,0.0018029488537800622,0.03505348430958693,0.02054607672709843
42,0.037761186632801404,0.8946114402731988,0.039348345963326904,0.020203614489356397,0.008075412641316636
43,0.03591424762253798,0.7710421358549253,0.05880704769516792,0.11156992351715177,0.022666645310217153
44,0.2746925739088034,0.4147419430091386,0.0010006088698845635,0.16631860561451137,0.143246268597662
45,0.022349695488142918,0.8788888326345411,0.04184183177030128,0.04777277918169651,0.009146860925318261
46,0.025868770306246278,0.8939533692204864,0.021649855631934816,0.02968646076851684,0.02884154407281556
47,0.020146191705689424,0.01337675373350141,0.00010881280555045372,0.0030943293577483785,0.9632739123975103
48,0.12002611839088963,0.043656762462111615,0.00023636089272473254,0.0020230853118876784,0.8340576729423863
49,0.19571060664011497,0.03937156883004038,0.0006023577835741796,0.00029890357549977847,0.7640165631707707
50,0.9146373333934925,0.03159844088404123,6.97171167880346e-05,0.000717657575996118,0.052976851029681964
51,0.3966123301195855,0.570427846624499,0.002083056653682918,0.0014036832798688598,0.029473083322363734
52,0.20733269235236942,0.08745253828647523,0.00028775253233895846,0.0012755909882659648,0.7036514258405503
53,0.4144135798765929,0.5459308194842912,0.0015412001172034919,0.005113167750060116,0.0330012327718522
54,0.15122604764788453,0.8077472533961476,0.022492339231671148,0.0032616413097113083,0.01527271841458547
55,0.17277275484672974,0.7896697357410953,0.016749945974283222,0.00231881122813663,0.01848875220975508
56,0.002661627213990081,0.8835030395869927,0.11101657744355532,0.001107127223321674,0.0017116285321403146
57,0.1630391052194832,0.7449351490502185,0.033297096212310126,0.00739530362255458,0.05133334589543355
58,0.026692284509185725,0.8705179219826543,0.09263305035859905,0.0026162492090599865,0.00754049394050103
59,0.0247838882882118,0.8963222552558731,0.0707494334756176,0.0019619713056852734,0.0061824516746120835
60,0.15955893455506448,0.7685940875632403,0.03323375620341232,0.0012578075122000431,0.0373554141660827
61,0.008152453670669153,0.9146472887250169,0.07343891489664878,0.00043748305183101757,0.0033238596558343115
62,0.06920901279229162,0.8027296077021151,0.04916172684713316,0.000956337741963924,0.07794331491649623
63,0.05138356840549647,0.8799557188369098,0.05373540566044644,0.0013139664202520601,0.013611340676895243
64,0.00696000722292715,0.9024976321215612,0.08661870963188181,0.0005457375014604485,0.0033779135221691024
65,0.08948130848524231,0.8454668483110857,0.030770526531316046,0.0017097982841887925,0.03257151838816731
66,0.10475034435633321,0.867337701648802,0.013269891476269644,0.004044652694429682,0.010597409824165262
67,0.002556699330337279,0.8983238167913574,0.095834920484361,0.0004855619004677183,0.0027990014934766486
68,0.09250662371061198,0.7531095950298053,0.026559874841403482,0.004961224961843716,0.12286268145633561
69,0.007351366232408287,0.9162052424452741,0.0692752195490341,0.00220473465459646,0.004963437118686869
70,0.2518417207353629,0.4764841179363195,0.09188848357282481,0.006657630034122619,0.17312804772137017
71,0.23630570209841037,0.18666609329749104,0.015461090734416936,0.011200914642744936,0.5503661992269367
72,0.23707428662792301,0.04490264235383613,0.0005064401958514433,0.00516118013846688,0.7123554506839226
73,0.6043344725022023,0.04365465890872917,0.00010677412598948386,0.005505269508852216,0.3463988249542269
74,0.47880394205468346,0.46072155577607604,0.0028168821079356987,0.0026030390107363785,0.055054581050568444
75,0.16419491747460171,0.7958132583303951,0.01400227286415932,0.009514250358158957,0.01647530097268497
76,0.1813879087672367,0.17884813003771116,0.0027389064106528535,0.004330727887115047,0.6326943268972842
77,0.15660904774517131,0.7270852262727099,0.02682940508972256,0.016699573242568863,0.07277674764982743
78,0.1023003473212008,0.8385402730997193,0.02449007177615575,0.007525382427347886,0.027143925375576423
79,0.37019869944115025,0.10715765093701435,0.001624825175591043,0.0035049574591249143,0.5175138669871194
80,0.11973610263106735,0.8010569802077961,0.01655479253215692,0.010979990699891792,0.051672133929087836
81,0.11683181760155162,0.8015679209748606,0.010075920622350116,0.004578083093852553,0.06694625770738531
82,0.4815707193408059,0.11359758853502858,0.0002825166383618228,0.025783061302739687,0.3787661141830639
83,0.2855379010748311,0.5483381037256516,0.008544066679451038,0.02294468030910155,0.13463524821096473
84,0.11780218606348303,0.3202914414771563,0.001758035373112454,0.015685160123019314,0.5444631769632289
85,0.0040909184155286755,0.001445258183942841,0.00021806846097121384,0.0010353393507308943,0.9932104155888264
86,0.13416398613247088,0.031053319762835537,0.00020134226654097166,0.022111341275618257,0.8124700105625344
87,0.20530433148245036,0.011175701537059948,3.2776476311055186e-05,0.011558778351144466,0.7719284121530341
88,0.14318317270081657,0.014439052805820128,2.331292603831649e-05,0.015804328039004143,0.826550133528321
89,0.20752837702732216,0.07067564127418037,5.934191049618766e-05,0.006390920934417966,0.7153457188535833
90,0.13280367693509806,0.02062328299325567,5.543821424355356e-05,0.0005977262992916668,0.845919875558111
91,0.7855624366419083,0.13489980220292455,0.00020014484611950652,0.004924092435621598,0.07441352387342602
92,0.6555304410811859,0.2964827122762901,0.0006745348507243901,0.006227860640273842,0.041084451151525675
93,0.6004160366076029,0.28272918233436106,0.00015129884988283093,0.004644986259079149,0.11205849594907402
94,0.4846062105275618,0.47832924070264976,0.0012171839368373602,0.019280993277569682,0.016566371555381577
95,0.2797634632774143,0.6746674265278714,0.005015843652053263,0.00540006228183396,0.035153204260827145
96,0.23698501444391562,0.7423594429586443,0.006821348194609908,0.004717775151956882,0.009116419250873321
97,0.045017060621311875,0.9201306948852952,0.021843511862335303,0.0056186554008990615,0.007390077230158528
98,0.32028171302976516,0.578166178433771,0.014629418901055102,0.01902885007066928,0.06789383956473946
99,0.008938185196099447,0.8510314181025501,0.12868761639311269,0.004312559796223945,0.007030220512013971
100,0.03821356965829073,0.6847916328570708,0.09079277260288088,0.018273798847597993,0.16792822603415958
101,0.23850881516436911,0.40544203318688216,0.09436294896407149,0.08723882318366787,0.17444737950100947
102,0.0212750683407578,0.05603851398482287,0.39467394052432686,0.011144807311562192,0.5168676698385303
103,0.19177207061406326,0.06206932520259646,0.008310631414176534,0.06846875697481869,0.669379215794345
104,0.05173743674215778,0.005089353943975451,9.89602667255402e-05,0.01226584058329542,0.9308084084638457
105,0.061395150469628346,0.0029275620051800134,2.4754718332586187e-05,0.0015487743920648955,0.9341037584147941
106,0.38597556624590634,0.12262100018906853,0.00012481315334654695,0.008932365177941107,0.48234625523373764
107,0.21079685485044225,0.3458229658078012,0.0014289255470636354,0.0015945111620951948,0.4403567426325977
108,0.2886409595601435,0.07124335692613007,0.0002909083921262942,0.0023625152009508254,0.6374622599206493
109,0.6096848004922365,0.19363425115545746,0.001331327883608931,0.04603690549868047,0.14931271497001666
110,0.21490212200831071,0.524226264076084,0.0024538342484928823,0.08251712401463024,0.17590065565248225
111,0.5882580784200991,0.20586115962039755,0.00042189507607383786,0.0350413653606379,0.17041750152279153
112,0.4442925618112331,0.48184377762738234,0.0015442920858743504,0.037351523956216715,0.034967844519293474
113,0.15603304549230737,0.8137252415337616,0.004035614722799064,0.01670163169643398,0.009504466554698113
114,0.471170152167907,0.3612875364535146,0.0007971408464406203,0.01853846011176677,0.14820671042037112
115,0.06277251391350276,0.9094677183800431,0.0038427783963785227,0.01969787017087207,0.00421911913920369
116,0.04328904369359266,0.9109509019268284,0.007150561383084175,0.030839362728803103,0.0077701302676918445
117,0.22634497557104952,0.718431340572495,0.0006916581802210305,0.03146544344976611,0.023066582226468242
118,0.03819545505697643,0.871759165881301,0.0058302636614042495,0.07527908433956933,0.008936031060749075
119,0.08639647451092927,0.716043991830425,0.0028900466270551954,0.17229886371703257,0.02237062331455771
120,0.204299603892879,0.2323285357968612,0.001392461329483023,0.06771458943117768,0.49426480954959917
121,0.24488654644923485,0.5481153506724595,0.0009867164297036265,0.17075363592283527,0.03525775052576665
122,0.09204208666559931,0.2277574061061302,0.0037486160497566734,0.0733609328900855,0.6030909582884283
123,0.21197523788160472,0.09362612645678556,5.028692428585016e-05,0.03708067893782527,0.6572676697994986
124,0.5723910900160321,0.09394784419474662,9.207866552419055e-05,0.09887533020874478,0.23469365691495245
125,0.7771859188080843,0.02095448652714946,6.445543113982446e-05,0.047511901656198396,0.154283237577428
126,0.4446392971211873,0.10346941148041962,0.0005850085578079017,0.08692767844913092,0.3643786043914542
127,0.6318433464283583,0.05094041144422465,0.00022227717651387752,0.23412471654329806,0.08286924840760518
128,0.12106576801480978,0.3011102020076113,0.0210913661742059,0.30563604477241313,0.25109661903095987
129,0.21485399626370288,0.07640413229862597,0.0005819784220897891,0.26045306431492266,0.4477068287006587
130,0.30385894292117643,0.0108502983527894,0.00017917756863922697,0.09139886400596456,0.5937127171514304
131,0.5186414194341632,0.21615184729361203,0.0012211580449643779,0.17681064099112462,0.08717493423613569
132,0.09739004231543268,0.05295882987804857,0.000384364168418717,0.0038214231289230823,0.8454453405091769
133,0.6204454644613964,0.3360830547673728,0.0002739739164137073,0.01693282685800334,0.026264679996813697
134,0.5200679276150054,0.26343605013154114,0.0005265055210823989,0.0684045566061354,0.1475649601262358
135,0.09144477235275712,0.11432115830033439,0.0014625883232220365,0.001961513048259379,0.790809967975427
136,0.4541068893406464,0.3779467399295193,0.0014864009692447827,0.12994972168080168,0.03651024807978794
137,0.23066139829013496,0.6389861586896718,0.001539544841992264,0.04231349194048597,0.08649940623771511
138,0.3149530165491156,0.5756862649868084,0.005180186462093609,0.06660678508220642,0.037573746919775816
139,0.15924273583524506,0.6926742717903399,0.003628263764477752,0.09182971337613328,0.052625015233803904
140,0.0939309228108603,0.11710504946695896,0.0011467574296366405,0.009560918079826054,0.7782563522127179
141,0.19362619804106543,0.13213495343221413,0.001008950433757466,0.07981004730184671,0.5934198507911163
142,0.17952260188795569,0.240083427232656,0.0017071149881014425,0.1605564951257904,0.4181303607654965
143,0.09563410429718533,0.06283735178433256,0.0009849734384761203,0.0031916881498515993,0.8373518823301545
144,0.457195035428448,0.16806982176591556,0.0015176250871849414,0.031482142967925786,0.3417353747505258
145,0.03051072366302836,0.025664470730666713,0.006043309041848429,0.0007517917412365058,0.93702970482322
146,0.6791335125716719,0.15832448920852907,0.0043237999976065864,0.019252768537005537,0.13896542968518696
147,0.10460385432534632,0.06925449753686293,0.015241265911519556,0.004140225426995678,0.8067601567992755
148,0.06994101545133137,0.08298850008649962,0.012039518221398406,0.008029757762086628,0.827001208478684
149,0.1751522160101045,0.666808875060026,0.03533216883804275,0.0650983993594542,0.05760834073237256
150,0.11417860314173567,0.10830534222218659,0.003028301143546182,0.004381554567091607,0.7701061989254399
151,0.12161541181874201,0.8224091927112244,0.02957768292239138,0.004548495459433684,0.02184921708820839
152,0.020703213577769476,0.9373268389876688,0.03896478648343529,0.0012160312435860602,0.001789129707540458
153,0.0665668907381375,0.8644684796777335,0.047237824996786866,0.0019871905609607325,0.01973961402638131
154,0.04520281664861996,0.938994847961282,0.009307558247395572,0.0028055626197752677,0.0036892145229272325
155,0.022092050388110605,0.9064664761251818,0.06286008118753163,0.0036577062075471415,0.0049236860916287905
156,0.12738824494361217,0.5578964537625005,0.08063923287699712,0.0035774473161398015,0.2304986211007503
157,0.019928779155339093,0.9092702476588334,0.06621638271616695,0.0024886391122134668,0.002095951357446914
158,0.011500861018648514,0.8274437426508126,0.15314073485634833,0.001889042192997169,0.0060256192811936156
159,0.18087293439397933,0.7254579019632367,0.05299901347542608,0.007593650373147108,0.03307649979421075
160,0.03273173556910609,0.9217534402733473,0.03507516215647612,0.007756045280405766,0.0026836167206646918
161,0.020671578018274833,0.8979623204987299,0.05719799368449306,0.018549497323285598,0.005618610475216733
162,0.016921483227216844,0.9061887489277138,0.04688857818174349,0.02668545761300315,0.003315732050322721
163,0.05550177956042334,0.7386686445583176,0.016728043223761133,0.18633431774753528,0.0027672149099627493
164,0.07633791474418643,0.2767552226059616,0.002890266785635981,0.6305241746039643,0.013492421260251682
165,0.06624413643807399,0.22769348518990937,0.0016470109640189965,0.6717688043742891,0.0326465630337086
166,0.11854838447503104,0.1992041231827347,0.003860413156401996,0.642220670455764,0.03616640873006828
167,0.30539399141422596,0.1589221816582497,0.0059789712595508405,0.3989132023688575,0.13079165329911596
168,0.16235808913800182,0.1880568940507624,0.005835035520452273,0.5553864328387654,0.0883635484520181
169,0.11116556837699575,0.060698098340014606,0.00912879927181231,0.027342928444533857,0.7916646055666435
170,0.10949520819573706,0.022774461287449834,0.0005600174537989863,0.026157115317287254,0.8410131977457269
171,0.21275165741119875,0.037780819657624684,0.0013320126060922287,0.04495737388145574,0.7031781364436286
172,0.057151692500432554,0.005555726538045363,0.0006410408095074085,0.0009093061464438628,0.9357422340055709
173,0.002747788552430749,0.0010957038949126932,0.001048345329625033,0.00013118504382362867,0.9949769771792079
174,0.1156234232683796,0.01148911675828466,0.00010017595675269247,0.00408269823695384,0.8687045857796292
175,0.007986072749271652,0.002370869864312911,4.5918896309673064e-05,0.0011631942717345335,0.9884339442183713
176,0.0019460152041173228,0.008451504016137385,0.0002365613778099882,0.000474209841188874,0.9888917095607463
177,0.0006557912306256238,0.0009790232299341588,4.803537407533966e-05,0.0004583527631683979,0.9978587974021965
178,0.0019480980599987376,0.002006757594243514,0.00022516417665038467,0.0006365400100741013,0.9951834401590333
179,0.0013058242962331232,0.002303899986974982,0.0010729597553071832,0.000355770788484491,0.9949615451730003
180,0.0015941098793564644,0.002937081651789214,0.003232022092464594,0.0003375980770985596,0.9918991882992911
181,0.00443615488299274,0.004734581245894415,0.7451262978881847,0.00016121188707246157,0.2455417540958555
182,0.06608680877527395,0.03806815708467182,4.504081672475336e-09,0.004703224948880272,0.8911418046870923
183,0.008068290298586453,0.004362783689968408,1.3095863986426018e-05,0.0014833841632989882,0.9860724459841597
184,0.004222255660170009,0.0010611678439406407,1.4626835780308778e-05,0.0020410705173243013,0.9926608791427847
185,0.0102039598036937,0.003028228715471322,3.870520518340036e-05,0.00867506449736236,0.9780540417782894
186,0.005517959820353689,0.003137638578602401,1.680193285861826e-05,0.0029776602093235308,0.9883499394588618
187,0.006549874500818744,0.003123806319624,1.2795875705135666e-05,0.01142353770388449,0.9788899855999675
188,0.006385433044092316,0.009499956185150456,1.501057612727482e-05,0.016811922341207118,0.9672876778534228
189,0.00681666614465928,0.005225576053532327,1.391364651319208e-05,0.005921777211914757,0.9820220669433805
190,0.08200285374289243,0.059805890270806954,0.0001501003175777602,0.4678769295810451,0.39016422608767765
191,0.01831810263199792,0.014084430168602915,1.7496844449661625e-05,0.012961006678015728,0.9546189636769337
192,0.011847354749632727,0.0020230780150758947,4.534990011463626e-06,0.0136416886369172,0.9724833436083626
193,0.0622667407432163,0.010710017862969674,2.3527097314445927e-05,0.040232076017790316,0.8867676382787093
194,0.018943533540911873,0.0026773507960375586,7.010900769453998e-06,0.004687882308640436,0.9736842224536406
195,0.08838643091063834,0.03375233961368909,4.871769818827449e-05,0.09267647499025754,0.7851360367872268
196,0.11058277023081417,0.024864364373681662,4.725615885053784e-05,0.09613363982083348,0.7683719694158201
197,0.16629902494860843,0.09685080938836546,0.0017736108924796044,0.4221634330039012,0.3129131217666452
198,0.1807078582774996,0.05825316100431128,0.00022428173988874888,0.05742255302170968,0.7033921459565906
199,0.32343596730323865,0.08043426047847846,0.00022540314860580274,0.5254469437356034,0.07045742533407374
200,0.0993928318352284,0.04653014702399674,8.266420250706852e-05,0.09147484148836417,0.7625195154499037
201,0.010105112480938332,0.0028859352839324627,9.152621762135584e-06,0.00565541415731853,0.9813443854560486
202,0.3587046208144551,0.12377119878415876,0.0001307470125239957,0.14781241656320931,0.3695810168256529
203,0.09563013620672506,0.009510007811340567,1.3820324438381066e-05,0.002351997123291732,0.8924940385342043
204,0.5871493988292129,0.025972893773149545,9.171071877622847e-05,0.19147538777198025,0.195310608906881
205,0.06118396085800683,0.012780732506125679,1.906465819240483e-05,0.010370097063629416,0.9156461449140457
206,0.039950381380499465,0.03704084794298359,0.0052550375059012356,0.022971567824261446,0.8947821653463544
207,0.006357922040855651,0.0012457827245546068,7.516039857661917e-06,0.001781615389000696,0.9906071638057313
208,0.35038384634234243,0.008897914716409676,6.191394961366514e-05,0.017452539078969372,0.6232037859126649
209,0.4690332804221029,0.007560505493885019,0.00011373087473589256,0.03183002932556003,0.4914624538837161
210,0.27615752956903433,0.008491068904636368,2.3050933718393976e-05,0.0091299852182312,0.7061983653743796
211,0.8002477917926794,0.03675515680227606,7.256707326619868e-05,0.09087679890539906,0.07204768542637913
212,0.6057915181091278,0.03466465410849998,2.9406356258352713e-05,0.11491072250290187,0.24460369892321204
213,0.48416792323853897,0.21454050134135788,0.00029540373898311024,0.2472583725090701,0.05373779917204974
214,0.15841835338637636,0.610908914421749,0.0008211519236264284,0.21117713811043584,0.01867444215781241
215,0.3509110262072541,0.09453505734580622,0.00020485559153892032,0.07898148132192309,0.4753675795334777
216,0.15405916665521333,0.7595950954311579,0.0011136633008332632,0.06700874431488787,0.01822333029790767
217,0.2243146880228626,0.5646876175968654,0.004709484141335878,0.061563238819524246,0.14472497141941174
218,0.519495726262871,0.13715767543843868,0.0002902651083941863,0.005901029932893719,0.33715530325740245
219,0.16375598068736036,0.8084500387387044,0.0033245734101224563,0.010966455686895688,0.013502951476917217
220,0.24766200502594965,0.69927484662121,0.005272163957702831,0.015111124087527681,0.032679860307609866
221,0.4774779920994186,0.4409996067082217,0.002843624826526695,0.03502082687820376,0.043657949487629216
222,0.022143618690115455,0.934033170923638,0.014803003406349371,0.026681676832290592,0.002338530147606538
223,0.07183014415103345,0.8330871636944597,0.019596253881895814,0.017335115326563993,0.05815132294604692
224,0.5332510385170934,0.22213786766307372,0.001075375814679764,0.04162719555908173,0.20190852244607138
225,0.02928076644742538,0.9373526550552301,0.021751367455799475,0.009625392798421253,0.0019898182431238734
226,0.08778688388913852,0.7140604779519472,0.03120212784791853,0.004491519057303732,0.16245899125369215
227,0.2971231811214488,0.6559805472807009,0.0028509549603011808,0.008325541635168668,0.035719775002380424
228,0.035986562801341354,0.9401786885521992,0.015162023626059205,0.0051582862024836685,0.0035144388179165803
229,0.5202769595177966,0.35687360612800006,0.002624689978502211,0.00577643546535283,0.11444830891034835
230,0.07165163038439315,0.9062594177114897,0.006299330627450746,0.009943825755395602,0.005845795521270921
231,0.0350085241908172,0.9247936017813774,0.01975861409483319,0.016515016542662048,0.003924243390309938
232,0.07111773416006165,0.07092113879542222,0.004340556589256066,0.0032160343662850977,0.850404536088975
233,0.4633483402528095,0.47441979546692664,0.004964011394936999,0.030001529484704536,0.02726632340062231
234,0.18334922254135816,0.7572209558446057,0.008207004641076134,0.012858665810936842,0.038364151162023
235,0.24392931729020242,0.16136774984955793,0.004214843363325332,0.0021892589801538577,0.5882988305167605
236,0.26472866840727066,0.706469088301226,0.009448309074450625,0.01151322719278851,0.007840707024264197
237,0.13254797944928776,0.8280586176165733,0.0226894522808604,0.0052303501518550476,0.01147360050142373
238,0.45565040673257184,0.3460625801615246,0.0033150167890281237,0.0017469266876489955,0.19322506962922653
239,0.0259372333110183,0.9544436637580552,0.014937551109808041,0.0022741366746705217,0.002407415146448163
240,0.04757449732401075,0.9109075349691582,0.03259931926396481,0.003189969120657024,0.005728679322209371
241,0.46076471392578594,0.46402560358083283,0.004526661444313762,0.011312367865789055,0.059370653183278325
242,0.007067742311540375,0.9067995243366115,0.079625078166056,0.0050997020660457585,0.0014079531197465829
243,0.13454305479848275,0.768148996030766,0.0298767209768524,0.03595281301027439,0.03147841518362439
244,0.008403659739198965,0.9091700330989024,0.06923387741026843,0.011785843312915675,0.0014065864387145003
245,0.05069414855152415,0.8517220860613357,0.049444330057215116,0.030412939291530706,0.01772649603839439
246,0.09839809586475494,0.8579433703025768,0.024108374321969345,0.01289178622162473,0.006658373289074006
247,0.009932677415918238,0.9608930474181065,0.023497100340899035,0.004194516169231548,0.0014826586558446618
248,0.22293832992537194,0.7147390959177748,0.013186937347775948,0.005632196538252449,0.04350344027082492
249,0.13398206346401917,0.8499363878222462,0.005469934671961654,0.006285463339576626,0.004326150702196398
250,0.008963650223825921,0.9367539565134141,0.05194315258787255,0.0012001003162389425,0.0011391403586484996
251,0.13846959139787585,0.8388389617570268,0.013056137217246605,0.0007443923739342526,0.008890917253916567
252,0.026305750468922515,0.9367079402922822,0.03287645006757921,0.0011750288787294593,0.0029348302924869438
253,0.002283432684402658,0.8441714195949829,0.1519369463094769,0.00045560582081035153,0.001152595590327232
254,0.01390126302856925,0.8434256658871184,0.13414757686877712,0.0004287623922842119,0.008096731823250927
255,0.13579060568966056,0.8426412369340422,0.012425119907130184,0.004742072938535472,0.004400964530631347
256,0.006155481342045634,0.9330760187543105,0.058956397937452824,0.0009104412678048502,0.000901660698385991
257,0.005186289569690432,0.8674859933755137,0.1262290588672658,0.00035333692806818935,0.0007453212594619081
258,0.018539873382140224,0.9145338068562355,0.0636797630020399,0.001583981647063016,0.0016625751125213086
259,0.0010010651757348945,0.5570300853613761,0.44128575421785776,0.00017193626490358347,0.0005111589801275515
260,0.0004709913913501738,0.42800263558976753,0.5708594167757628,0.00011197576960957074,0.0005549804735100224
261,0.012232633975110188,0.8939008276780535,0.0917593791790585,0.0009070546559974671,0.0012001045117803972
262,0.0005482712677602369,0.5164617400328011,0.4819759052537317,9.318048713723857e-05,0.0009209029585697145
263,0.0013708435645833498,0.032041298159703455,0.9659501366055483,7.067282446739293e-05,0.0005670488456972227
264,0.017697679698561765,0.8734660298432666,0.1065232527575611,0.0010090986558956338,0.0013039390447148282
265,0.0010016249485668692,0.515347523810718,0.48252900040177626,0.00010364149137005456,0.0010182093475688268
266,0.0019056844687113214,0.6569893091344643,0.33973095429508804,0.00027593901526968786,0.001098113086466781
267,0.0006288384033310637,0.39330210732811455,0.6051858067790207,5.1946478428220605e-05,0.000831301011105551
268,0.0006401989885133306,0.3764102157797179,0.6217059682751804,7.556418558377012e-05,0.0011680527710046546
269,0.000982918928096394,0.535326488720614,0.46155484529636626,0.00014218144342866516,0.0019935656114947087
270,0.0007981405548934174,0.36124156866068746,0.636371192150522,5.884304536586939e-05,0.0015302555885313973
271,0.0005079027110911096,0.37870945363614666,0.6186052891366115,6.58245913590146e-05,0.002111529924791597
272,0.000774707139361763,0.27645261112325153,0.72112492705283,4.82413085748137e-05,0.0015995133759818623
273,0.0008836612022568542,0.3669035283800126,0.6295647742016521,0.00014153760439278927,0.0025064986116856446
274,0.0006259095348817821,0.09176288093223324,0.9063720091618163,9.056748141262255e-05,0.0011486328896561384
275,0.243516032633795,0.6176498293735309,0.10828128799425135,0.022910893271448303,0.0076419567269745406
276,0.0023198906986286426,0.7066464635763329,0.2888311856062864,0.00067205385809794,0.0015304062606540725
277,0.003391031695277975,0.7447357701970957,0.24831547991260178,0.0013039404773747927,0.0022537777176498104
278,0.00456244338829855,0.7450085127413932,0.24606975850574364,0.00168700050030362,0.0026722848642608344
279,0.007225953076820784,0.7584929833381159,0.19724718429233842,0.034616735042770026,0.0024171442499549734
280,0.003819748816744298,0.5637001756664622,0.315441621811483,0.11506656972800645,0.0019718839773039667
281,0.061950105962054726,0.6045015713650901,0.04535420488532221,0.28125719798831245,0.006936919799220542
282,0.04468854496519587,0.10386788996529239,0.0010768313812299997,0.8399481137617412,0.010418619926540406
283,0.11383710574808847,0.036725750295418684,0.0004003986416718669,0.6904644784516862,0.15857226686313475
284,0.1392056005572262,0.06041810075014843,0.00013881843210516767,0.7936014611714429,0.00663601908907746
285,0.18893683989536564,0.12645441455846282,0.0003225988157782077,0.6768858636963462,0.007400283034047162
286,0.29033960399743275,0.16627878636713203,0.00025535972155518846,0.522896133404563,0.020230116509316935
287,0.21788870055139278,0.06180454410394893,9.172519187957723e-05,0.6716395395716475,0.0485754905811312
288,0.1548060031689049,0.2122536334510736,0.0002530689540858321,0.6218883733309555,0.010798921094980186
289,0.15156532536536677,0.15282070504883818,0.00023031963841725378,0.6893291907529877,0.006054459194390134
290,0.26260559508351417,0.21203987038600947,0.00013657016806060808,0.49137306206331044,0.033844902299105355
291,0.1282994210513188,0.06710314823227352,6.49405261525327e-05,0.7917873576689752,0.01274513252127992
292,0.0757845844985692,0.29882325183279024,0.00018717297609846311,0.6196406680866922,0.005564322605849941
293,0.14873305355286137,0.0536401009873303,8.002207287768731e-05,0.7789409053281675,0.018605918058763004
294,0.07332364421960413,0.07742537974937753,0.00011780037910642769,0.8436062999257522,0.005526875726159771
295,0.04579176112031024,0.0594304410461816,0.00010610008925291332,0.8886143162353339,0.006057381508921289
296,0.049515997437093916,0.046237490713519035,4.882162727909647e-05,0.9009733769032113,0.00322431331889654
297,0.052673718069236805,0.03566438206093927,7.635425546126566e-05,0.9010609856696079,0.010524559944754775
298,0.04943460475274955,0.0052510993584265085,3.311950956580414e-05,0.9283493939368248,0.016931782442433516
299,0.0944922713202717,0.017804628758212662,5.731322621354485e-05,0.8810997252589198,0.006546061436382312
300,0.04924729649139282,0.015132418829218414,8.720739000353796e-05,0.9321806806601288,0.00335239662925646
301,0.16706786720093383,0.015007579307027608,4.036573278082165e-05,0.7559006366515166,0.06198355110774119
302,0.059534251617934776,0.014435868743282355,3.7728833745904587e-05,0.9222324137050264,0.0037597371000105853
303,0.07616223663153648,0.017132882820569788,0.0001270426571959323,0.897233435025817,0.009344402864880655
304,0.054671642338270626,0.014697187037001482,4.9276962743079465e-05,0.9136567793985217,0.01692511426346302
305,0.023714686857455414,0.010218593917894826,3.642404492542819e-05,0.9633886721968078,0.0026416229829165964
306,0.03328521704370084,0.014012717359504302,7.131203630598159e-05,0.9493291525372722,0.003301601023216736
307,0.05662254331289564,0.06343693357817057,0.00010930885128707466,0.8715195268111692,0.008311687446477447
308,0.04299258373598863,0.043234336449349625,0.00012444478281641605,0.9084360181258242,0.005212616906021046
309,0.05130795415695994,0.1022870094505568,0.00010085220722321937,0.8355958192480002,0.010708364937259863
310,0.19310403173364754,0.04846814693327945,8.074420896661379e-05,0.634688343019601,0.12365873410450548
311,0.30303736204474807,0.0912414602517409,0.0002264365463182808,0.5878080441178771,0.017686697039315573
312,0.2699106270176769,0.07949534839584742,6.761129473899841e-05,0.6360596272689268,0.014466786022809824
313,0.39047940753881066,0.09715992004950261,3.616083213822279e-05,0.37411542010753823,0.13820909147201021
314,0.20493356717492242,0.12315502513335615,7.39806186829242e-05,0.6557035371318742,0.01613388994116426
315,0.08303035330884553,0.061882895212279625,0.00012713359136822913,0.8483978160658012,0.006561801821705424
316,0.1272737853301999,0.08164825869112648,3.455396316200876e-05,0.7739200393492,0.01712336266631163
317,0.094086422855476,0.025636781252692552,3.313255380045298e-05,0.8698819261428619,0.010361737195169274
318,0.11695733468572542,0.04474113858841061,7.834092936175236e-05,0.8290989702299576,0.009124215566544584
319,0.07355490695956438,0.038893903572918914,3.614387977900818e-05,0.8763075669939331,0.011207478593804509
320,0.056751975823024714,0.03374878003389607,4.6501397081750755e-05,0.9037330868267294,0.00571965591926812
321,0.09269278442904591,0.03771772063760585,4.256504975379477e-05,0.8490104205802455,0.0205365093033491
322,0.190862397864299,0.01763015391604488,2.8151426578250105e-05,0.73320421646829,0.058275080324787766
323,0.39558610012842615,0.07537844277473044,0.00022029321050730504,0.45159280272999974,0.07722236115633636
324,0.34085810004773825,0.05780937935395803,0.0002016470040318654,0.5861458305483915,0.014985043045880286
325,0.15267860144337675,0.05385593911026999,0.0001351855426011006,0.7794855256030104,0.013844748300741738
326,0.04648554753745319,0.01918557702222525,6.0173244400541344e-05,0.9306468879773547,0.0036218142185662923
327,0.052633018903846605,0.064610522681802,8.973930364360455e-05,0.8766645115880102,0.006002207522697538
328,0.042283252093008206,0.05457535429165145,7.113459863879823e-05,0.8963995526626669,0.006670706354034601
329,0.12058486634706947,0.03982344912407165,8.947447251903234e-05,0.7897484477754064,0.04975376228093341
330,0.1773839701863256,0.03746686065630385,8.252880692154341e-05,0.7724984955793679,0.012568144771080984
331,0.14947516066737976,0.05710114369674862,0.0001365837341481569,0.7796217833319399,0.013665328569783523
332,0.519327504380086,0.1255704675977139,0.00021420070028078107,0.2380858282743075,0.11680199904761174
333,0.3692391256849845,0.05163676772248132,7.455576540324596e-05,0.3373636316604035,0.24168591916672758
334,0.41864035414526934,0.2220108408145054,0.00024776801636357357,0.3293789443461916,0.029722092677670307
335,0.3040704852174514,0.07163485607363144,0.00014998171569625867,0.5974446442858642,0.026700032707356724
336,0.41813432171631487,0.09250116750206178,0.00010790980939733903,0.4452517475622738,0.04400485340995216
337,0.010078090686771861,0.021322640761817432,0.0036571345387189794,0.025508949132925444,0.9394331848797663
338,0.01907952044711252,0.007825619259530021,0.0001792278178831239,0.009987252485285125,0.9629283799901893
339,0.27755586034633195,0.06796198001399895,0.007091717341116584,0.14262040177440038,0.504770040524152
340,0.01907548539571898,0.003493447987760003,1.1576720959540781e-05,0.010154463444357447,0.967265026451204
341,0.2522667198810094,0.15481037631467298,0.00014808900264661948,0.22173298558956342,0.3710418292121076
342,0.10489897067599689,0.02354170852002222,0.00014206464013728429,0.07978522894178097,0.7916320272220626
343,0.436066644601203,0.2802178588007593,0.0011170497975153573,0.20352797826446214,0.07907046853606021
344,0.4505386518729087,0.1843758382412302,0.0038780052012229367,0.11891175086586336,0.24229575381877486
345,0.24869313555088338,0.061995442987631794,0.0001352271054801558,0.07016217634659766,0.619014018009407
346,0.14795519128885326,0.2615849794391075,0.029079203130136358,0.23634440845600566,0.3250362176858971
347,0.22355476417976697,0.4002323802487722,0.009564736414766156,0.2669818363779647,0.09966628277872984
348,0.39133187673788006,0.050723707497836557,0.0008134939357589802,0.053778002397728536,0.5033529194307959
349,0.49677757978503934,0.0873331180332271,0.002232614193195466,0.23664014449692933,0.17701654349160872
350,0.4361468322414585,0.23091775623620264,0.022752081540115078,0.20294046144277172,0.10724286853945218
351,0.305362112176763,0.11349980933998632,0.00024324670620756383,0.058943946556605564,0.5219508852204376
352,0.22504726596246893,0.6897821505196938,0.0036648245575037837,0.06923143052433685,0.012274328435996544
353,0.13877059854717821,0.6968396050695769,0.004604655507471469,0.13317115612255656,0.026613984753216764
354,0.21902109452642352,0.08821771303964528,0.00017865950850998267,0.08620296473612608,0.6063795681892952
355,0.2374668517017748,0.5124436082753292,0.00013914498153225088,0.056310958150183756,0.19363943689117996
356,0.2492755043096061,0.3369614256169013,0.00016064443594661514,0.01683905670136864,0.39676336893617725
357,0.44962919452676575,0.4622444825433467,0.00034229264361127117,0.01723701723633578,0.07054701304994035
358,0.2546532913471154,0.6846626119226797,0.000639574664103358,0.04967482380120673,0.010369698264894913
359,0.17865181055139998,0.4865827534639692,0.021643992559121156,0.01974088997360966,0.2933805534519001
360,0.4293936349342907,0.23278411233914098,0.0008021851748132063,0.11709612121709265,0.21992394633466245
361,0.24935063969015284,0.6396614554023611,0.0027434348038349234,0.08006718725830769,0.02817728284534351
362,0.22644156361512954,0.39296887850449935,0.0035022159749459186,0.02522098534930192,0.3518663565561232
363,0.335102867359051,0.6195958776239232,0.0005175827698579043,0.02603822512877448,0.018745447118393467
364,0.2197485019365236,0.6331242707666831,0.0008849673327463324,0.13474437252669327,0.011497887437353665
365,0.3039142113356204,0.2991240754079411,0.0006250132051452737,0.02198481695637312,0.37435188309492
366,0.35215642933105445,0.5434715882131977,0.0007639898079814671,0.09757468440529192,0.006033308242474445
367,0.1273342343385796,0.8158448250114149,0.0009440576015639818,0.05211904514576873,0.003757837902673006
368,0.6760007090754985,0.13602219408025454,0.0003883063664479045,0.06175320032115948,0.12583559015663962
369,0.06350639936489907,0.8495664315878119,0.002856676372580667,0.08020435229393302,0.0038661403807754265
370,0.06438028882771397,0.8533517352668668,0.0023373980604700488,0.07548260697375106,0.004447970871198249
371,0.29010737294319805,0.19420252354127143,0.0027686134125812023,0.10805790552588336,0.40486358457706595
372,0.08580409469277013,0.7424204259790257,0.0023002422178383325,0.1620230366006151,0.007452200509750888
373,0.027478883759847576,0.8537776287569343,0.01200854606699634,0.10288345098952106,0.003851490426700906
374,0.555193447630673,0.25341184758298785,0.0004630285368666761,0.1147908020142189,0.07614087423525344
375,0.06837164303404264,0.8147214847984269,0.0026854197909536304,0.11229043321337072,0.0019310191632060708
376,0.026260865900465793,0.9019636628402764,0.005979780375266062,0.06429876510743467,0.0014969257765573348
377,0.38503747466007837,0.4373510617217776,0.0009400691902865761,0.06564891494850462,0.11102247947935295
