epoch,N1,N2,N3,R,W
0,1.5664106226876905e-05,7.50058891290724e-06,1.149913610937433e-05,3.9630956447134266e-05,0.9999257052123037
1,0.00012805422289311684,1.8001513548623246e-05,1.4660718369268685e-06,6.75197475608389e-06,0.9998457262169653
2,0.0003908583876727492,2.6943675468167293e-05,2.956571370075488e-07,1.941550510639236e-05,0.9995624867746157
3,0.0006226364225683722,1.8302922092698595e-05,3.2344085123878754e-07,1.0027556701992065e-05,0.9993487096577857
4,0.00042126323834039864,2.484368969728296e-05,8.331307586373442e-08,6.205055557642482e-06,0.9995476047033288
5,0.0007714656786433823,4.273833275416626e-05,4.0919894511296685e-07,7.501796593934464e-06,0.9991778849930634
6,0.004485602241750528,0.0001603863687922652,6.387683611413563e-07,2.0849330854259215e-05,0.9953325232902417
7,0.02040434503794511,0.0009619635937156849,6.315274395216638e-06,6.416415275681221e-05,0.9785632119411872
8,0.009563100505176994,0.0006588168964273563,1.0537344828946587e-05,5.807828838784828e-05,0.9897094669651787
9,0.021376281256949865,0.0016056765792809948,1.508178751389007e-05,0.00019255149658820248,0.9768104088796671
10,0.01654070318283854,0.002764318293728007,1.0061648570608026e-05,0.0005359799211827545,0.9801489369536801
11,0.01794604067187416,0.0047829049005013655,6.193409920636289e-06,0.0008531768534515081,0.9764116841642523
12,0.05477224788711238,0.053982321565660206,1.924220450943738e-05,0.004087004329591471,0.8871391840131265
13,0.004522488076802226,0.002017691394701567,2.01108687268938e-05,0.0010676814871123138,0.9923720281726571
14,0.001932696029871641,0.0003765980353609083,1.0617619084031254e-05,0.00045563178660900625,0.9972244565290744
15,0.014843505350080383,0.001827189753599977,1.3400820893781584e-05,0.0019641539105261893,0.9813517501648997
16,0.04620436790225961,0.0011140479996998608,4.379768406889222e-06,0.0005556175548138983,0.9521215867748196
17,0.1940357671609788,0.0016916572549065222,1.4311558031893396e-05,0.0009431190470146669,0.8033151449790681
18,0.49148541660040773,0.009010081493247377,1.555798387168016e-05,0.00253700852638703,0.49695193539608623
19,0.21073335811023067,0.07069375488776011,6.682537881498216e-05,0.011899448987636412,0.7066066126355579
20,0.3173475967042182,0.25168362069296146,0.0003208032335474706,0.023930192929277255,0.40671778643999557
21,0.06709172908569186,0.29772797356389863,7.227065508915314e-05,0.045136321457681955,0.5899717052376383
22,0.11934454923115143,0.6544007708927657,0.00034019949929676237,0.052523665513282615,0.1733908148635036
23,0.11294255185047081,0.29930178731774504,0.00015076483135786694,0.10162475504113741,0.4859801409592889
24,0.07863107016799496,0.6949081016061296,0.0001341085902313952,0.043262114652368844,0.18306460498327531
25,0.10867865203051066,0.6473498309333713,0.00012828479493087017,0.03334557593004188,0.21049765631114545
26,0.06971256373597566,0.853850606891704,0.0006329118933739726,0.006225407242609882,0.06957851023633653
27,0.11096900531080411,0.7956990377628265,0.0004270632105189116,0.02025611880064893,0.0726487749152016
28,0.2571998073400169,0.3394005221430831,0.00017042249502722206,0.04370665648534504,0.35952259153652766
29,0.10556728034380641,0.8357273276215518,0.001277810091663857,0.008492057357646226,0.04893552458533173
30,0.058865792839522084,0.881506930955257,0.022914785954201558,0.0017120691514284844,0.03500042109959085
31,0.16203014860183806,0.7636464287644401,0.0028629176147694094,0.001571093526344405,0.06988941149260812
32,0.04397776885611573,0.9341286687499157,0.004049561594945895,0.0005387102707761261,0.01730529052824655
33,0.03474145059546881,0.8708593839704343,0.07432361199020238,0.0002644726381401456,0.01981108080575451
34,0.02738522476691352,0.9104500827479349,0.048252725466448154,0.00021465407499795744,0.013697312943705381
35,0.025563965698744008,0.7855996302650198,0.17114740090774974,0.0004758654198719333,0.017213137708614577
36,0.01865394619752358,0.7148175693700667,0.23791353399568124,0.00016405773253351158,0.028450892704194836
37,0.014220604842996594,0.7511013378297786,0.18968036034600502,0.00023440490253652172,0.04476329207868331
38,0.004498186896037428,0.23935381003773532,0.7228956788196349,0.00014692222190828004,0.033105402024684184
39,0.01801937227571868,0.3701935336562577,0.43575269485257706,0.0002892961224310818,0.17574510309301558
40,0.03463642292920922,0.03579858656829405,0.04780135753916707,0.0002415457331389131,0.8815220872301909
41,0.3181134329549616,0.17105084334812506,0.1355373081227213,0.0010626501857590946,0.374235765388433
42,0.025096254456861398,0.11227903408609427,0.477176007242689,0.0004465258344044164,0.3850021783799509
43,0.008124613995450544,0.1393143662518102,0.2903894120765067,0.0004670019389651653,0.5617046057372673
44,0.006373877700200813,0.10498950713650726,0.6245647369264814,0.00019572757525191704,0.26387615066155856
45,0.1928014321407915,0.1137456054246184,0.1708499141207523,0.0007796216731994354,0.5218234266406383
46,0.014736750889692368,0.19800726085977913,0.5322211230180974,0.00013211118641450885,0.25490275404601653
47,0.008351771207172566,0.14835722549918542,0.7300365871127368,0.0001841731398614756,0.11307024304104371
48,0.00810775066845764,0.1288406557467781,0.8133897638732733,0.0001508325523759069,0.04951099715911488
49,0.0007431653961916063,0.043151567859327014,0.9527442136317912,2.5269693857801623e-05,0.0033357834188324476
50,0.0006820238662338345,0.03658604012768413,0.9586047712312665,2.653619991646277e-05,0.004100628574898994
51,0.0007700740770712973,0.05038777121594612,0.9432308778744186,3.0026755918220644e-05,0.005581250076645671
52,0.0010820136594887643,0.01925823132535827,0.9718200332712358,2.2656985578052806e-05,0.007817064758339133
53,0.001208957931984493,0.024099206886197082,0.9674877790906602,0.00021158016300126828,0.006992475928156995
54,0.0002533233285529617,0.011085508168672587,0.9863575013724091,9.51436394320048e-06,0.002294152766422231
55,0.000916995299907437,0.028628242311125252,0.9650262964630106,0.00021765648804618944,0.005210809437910445
56,0.00031773378139250983,0.013505982558052836,0.9826897423606406,1.2984277009165043e-05,0.0034735570229047002
57,0.0007398541582152575,0.038521737240800526,0.9547000000914772,3.940487921505619e-05,0.005999003630292165
58,0.0006890461336239783,0.0385852028574897,0.9557998409112274,2.5699034279376727e-05,0.00490021106337952
59,0.002090209473047339,0.04207811418759091,0.9496063419250205,4.915015098170392e-05,0.006176184263359438
60,0.0004891345047845773,0.025256591607017962,0.9713042334816582,1.9248429667504032e-05,0.002930791976871905
61,0.0004128121670608434,0.03125677698374782,0.964718613951021,1.820114526239132e-05,0.003593595752908095
62,0.0006240703682227499,0.024724605876163205,0.9718305591503998,1.7921713919080774e-05,0.002802842891295191
63,0.0006169882375269595,0.021122413466425287,0.9741751619149529,2.5097194165075074e-05,0.004060339186929659
64,0.000719367118080933,0.023833199750828774,0.9693675968546548,1.679263186959036e-05,0.006063043644565994
65,0.0006852930348545641,0.018267994873207502,0.976273474743922,0.0001452043528125045,0.004628032995203538
66,0.0006421613201230513,0.020284331493311575,0.9755549036369752,0.00013918272856646628,0.0033794208210237726
67,0.0003507562975671284,0.01467350620201712,0.9813317874004117,0.0001343531071647411,0.0035095969928394554
68,0.0007218987394591094,0.021569188458487727,0.9753947563723332,1.941168153464008e-05,0.002294744748185415
69,0.0010388199761382179,0.015669553666387507,0.9780363681203522,0.00019985334562473857,0.0050554048914974335
70,0.0005014914906804635,0.01837722352838054,0.9781110689981697,1.7678831964147347e-05,0.0029925371508050472
71,0.0007025941502015926,0.03819682700918872,0.9578661427773144,3.618747151299602e-05,0.003198248591782369
72,0.0003862498452280986,0.012647569608120088,0.9852219048692789,1.3204951354411274e-05,0.001731070726018603
73,0.0008398389653848355,0.04237121842475828,0.9548377573172618,3.6169924528885305e-05,0.0019150153680661261
74,0.0005033468750394906,0.022507733263405705,0.9755966291876117,2.2273071377091356e-05,0.0013700176025661693
75,0.00011581624201560018,0.008977547286841669,0.9889536490189799,1.2692683352907251e-05,0.0019402947688098567
76,0.00022640633268631032,0.012751634887518341,0.9846063112918223,2.08104437473588e-05,0.0023948370442259336
77,0.0005880043390862671,0.021098581767610536,0.9754075634412142,2.535475052348588e-05,0.00288049570156573
78,0.00012870725497414874,0.015837959486589743,0.9828840632229181,1.706725292084936e-05,0.0011322027825970433
79,0.00032334639877525085,0.016124722666583755,0.9813399447641622,2.8726507038552795e-05,0.0021832596634401924
80,0.0005519478655307261,0.019686728992127357,0.9759837526278514,3.6820012614617416e-05,0.003740750501875838
81,0.0007832209838764106,0.023610397469643836,0.972904671603914,3.8681385817517025e-05,0.0026630285567481814
82,0.0013207932049285741,0.02750845249348013,0.968549131089386,6.0283689331175534e-05,0.0025613395228740355
83,0.0011122719220600433,0.02178945309055611,0.9737211740704828,8.031844140650296e-05,0.003296782475494444
84,0.0017944162070291287,0.035354772055345006,0.9583489262140058,0.00013333414086610218,0.0043685513827539015
85,0.003971257276852078,0.08134247239509039,0.9011842722388851,0.00036286136778052155,0.013139136721391824
86,0.020403218712796312,0.2472557911467939,0.3694241988310526,0.00159689440900788,0.3613198969003494
87,0.028086689894789133,0.05060757029396461,0.001697885380961875,0.0010835417749732706,0.918524312655311
88,0.22709800872797883,0.4715789207501878,0.0038526059471274483,0.014515028428518885,0.2829554361461872
89,0.6728979181587215,0.2298534541921709,0.00018295610780004004,0.012745553794610178,0.08432011774669748
90,0.19698562079635543,0.6624170607317011,0.003011095356245253,0.0013615065401724547,0.13622471657552576
91,0.0428882070282308,0.9417222922206495,0.0009570147423483614,0.0014902415513034927,0.012942244457467738
92,0.08079895363548908,0.8273766565500541,0.03526152544718986,0.0024650255354727235,0.05409783883179415
93,0.029466798646715975,0.9474717507687285,0.004357885680799245,0.005101454297644248,0.01360211060611204
94,0.06805260520355975,0.8907370071843209,0.005503039322156356,0.018264755805874847,0.01744259248408811
95,0.06090559644927084,0.8967243821490118,0.02047546385657421,0.008726967411700239,0.013167590133442875
96,0.020793459344957042,0.9449627734581091,0.02664499791472196,0.0024571367569242116,0.005141632525287964
97,0.0417960568534266,0.7313957708720759,0.2158976564587446,0.002118367733311088,0.008792148082442119
98,0.013384912103575751,0.7425725679523328,0.23706549939687438,0.0015597019433579965,0.005417318603858874
99,0.008048675016393824,0.8273882284941586,0.16054099441779074,0.001135845090366377,0.0028862569812904163
100,0.02101535701717639,0.7373482876363338,0.23322374413596353,0.0013155488235905293,0.0070970623869359255
101,0.20198667395958697,0.5488476667902155,0.22683596948829426,0.00262370598644099,0.019705983775462246
102,0.04503989201849057,0.7231319183762636,0.21541960432362503,0.001073854430738533,0.015334730850882298
103,0.014511473550921175,0.5612250768209126,0.4147790645794286,0.0005269259350185839,0.008957459113719033
104,0.014044094325700572,0.6480802151603637,0.3321553578499819,0.0008570011546767584,0.004863331509277131
105,0.003201691264378039,0.5449550634263388,0.4482294960956415,0.00027561509755909524,0.003338134116082361
106,0.002997175724403702,0.3132461733643578,0.6797412963260576,0.00024471976406852293,0.0037706348211124043
107,0.003676774997156396,0.24979487822448554,0.7423639890621436,0.00025364741708395176,0.00391071029913048
108,0.003569373340893112,0.31692869054842054,0.6734216982670186,0.0002078512414425682,0.005872386602225095
109,0.003137347135748436,0.12245652204401626,0.8714940346186518,0.0001286848542260103,0.0027834113473574435
110,0.0009492636446084604,0.06031268223396611,0.9369724323504857,5.1609933796773806e-05,0.0017140118371431609
111,0.0010867166446674869,0.0793398625401822,0.9181428371392019,8.552825768545954e-05,0.0013450554182631639
112,0.00021949439732601444,0.023618904543269047,0.9754997861998975,2.327413384442658e-05,0.0006385407256630111
113,0.0010820256455926491,0.059893319771512896,0.9368107602514986,0.00011224824903942435,0.0021016460823564563
114,0.00035547555543392304,0.04382505299822948,0.9548002491688383,7.159962899571374e-05,0.0009476226485025149
115,0.0003767101940412967,0.046225806369107045,0.951958099581878,6.451011467625838e-05,0.001374873740297151
116,0.000354230978522074,0.03198869768833795,0.9665560240258538,2.93742133370185e-05,0.0010716730939490209
117,0.0002548460096200303,0.03296563542754214,0.9660898881276849,3.6381333820826914e-05,0.0006532491013318598
118,0.000887340580186559,0.07070442412058844,0.9263775779536156,9.705645459260248e-05,0.0019336008910168243
119,0.00036558883862656454,0.03265407089390221,0.9652353289067348,4.82082274048895e-05,0.001696803133331362
120,0.00016643778306888368,0.03822514606545759,0.9609621302535554,2.975364207428561e-05,0.0006165322558437808
121,0.0002091483685622325,0.012522674552526149,0.9860810711353497,3.285933853451776e-05,0.0011542466050274264
122,0.0002305593600950743,0.029654498463821358,0.9690877981813428,3.4342759629417986e-05,0.0009928012351113772
123,0.00017863262157665928,0.023348027347080032,0.9750937792401134,1.8848726285827347e-05,0.0013607120649442065
124,0.00021726908105854673,0.023047669899962833,0.9752182771530923,2.1944405066065093e-05,0.0014948394608203448
125,0.0003233137727017738,0.034748056768721884,0.9637594122712023,2.4211850946237332e-05,0.001145005336427727
126,0.0009056438949235683,0.059777628525884585,0.9374356050240024,5.210209204480851e-05,0.001829020463144701
127,0.00026438103020821446,0.024934852271130105,0.9737207753546473,3.6351634176860485e-05,0.0010436397098376059
128,0.00040106591508590325,0.03543031402290514,0.9627517405694083,2.9866628725586427e-05,0.0013870128638750754
129,0.0007510748305823035,0.04479268447276537,0.9521475835101557,6.030034703928148e-05,0.002248356839457374
130,0.00025421382676630655,0.028151243542116504,0.9702648221033492,3.881568747023517e-05,0.0012909048402979324
131,0.0002906216459309933,0.02111735919068804,0.9777565048046483,3.527472256383177e-05,0.0008002396361688983
132,0.00013316237703239175,0.015772746676825974,0.9832105405802989,2.3408656560938812e-05,0.0008601417092816931
133,0.00014293623510462444,0.012843261076084165,0.9862214089715727,2.598975799383866e-05,0.0007664039592444295
134,0.0002594906773172798,0.01852322378967598,0.9801458248003073,3.9519335780176435e-05,0.0010319413969194732
135,0.00019637389272110335,0.017885321302041554,0.9809330807318962,4.256696564854401e-05,0.0009426571076928178
136,0.00026514508578982186,0.024614325323481377,0.9743476416520995,3.400472459304182e-05,0.0007388832140361783
137,0.0001245550833599263,0.012575517355871445,0.9861703245120947,2.441103888089911e-05,0.0011051920097928586
138,0.00031592863741463,0.025607733553515814,0.9731795474902252,5.7611658122463076e-05,0.0008391786607220641
139,0.0002623927432497977,0.022102375311411054,0.9769046224644888,5.995991038403192e-05,0.0006706495704664672
140,0.00013043801607531588,0.019802932226133028,0.9794043719046412,4.1883625077605655e-05,0.0006203742280727266
141,9.751187910055649e-05,0.02540998818467914,0.9739358436826936,3.131114492926223e-05,0.0005253451085975852
142,0.00026878078760986024,0.03379794078075404,0.9651136599804375,6.380056843622233e-05,0.000755817882762388
143,0.0003744480736434648,0.03175789189267964,0.9670245176122424,9.80265851893137e-05,0.0007451158362451386
144,0.0002619516984563684,0.02040498318453629,0.9788240407484373,4.468375952722935e-05,0.00046434060904261516
145,0.00010420053854063315,0.014585054033166537,0.9849381233669372,3.6241547815550824e-05,0.0003363805135400858
146,0.0002312520886201016,0.02139254879982715,0.9774160108450497,7.968090261322693e-05,0.0008805073638899597
147,8.706965360173185e-05,0.013749403919379967,0.9855544775013245,3.434487988487357e-05,0.0005747040458090039
148,0.00019762197746225782,0.015274448971053785,0.9840238173501663,3.83449616315638e-05,0.0004657667396859146
149,0.00017857663354676077,0.021620072521256712,0.977492338959454,5.545616505937886e-05,0.0006535557206833284
150,0.00034724317967363747,0.015591361317538157,0.9826871143093387,0.00013881402284125478,0.0012354671706082327
151,0.00011518570652397712,0.015358617765579369,0.9840091014074753,3.3776353280777025e-05,0.0004833187671405026
152,0.00032451702777973096,0.02426233666223933,0.9744507073177578,5.163848775980102e-05,0.0009108005044633249
153,0.00010788236852067475,0.01751853354719664,0.9818684853879467,3.038267748843774e-05,0.00047471601884755364
154,0.00023544811733096122,0.027440651010808257,0.9715979568078988,6.959184507750567e-05,0.0006563522188844662
155,9.227766125400438e-05,0.010048875430113277,0.9894009065106882,2.4992717826289797e-05,0.00043294768011818355
156,0.0001444697173742951,0.013459995214903596,0.9859196906877385,2.979923454991522e-05,0.00044604514543371363
157,8.263495060162134e-05,0.013440941337231841,0.9861155954725441,2.3395731010664994e-05,0.00033743250861164984
158,0.00021472040877593203,0.027647372661943215,0.9716807265405698,3.487649886325369e-05,0.00042230388984780824
159,0.00026080656402241946,0.012681030700649907,0.9861836693492723,5.565782642941641e-05,0.000818835559626079
160,0.0004791587448590322,0.03729840160644059,0.9608026973142038,6.0438304763490695e-05,0.0013593040297331701
161,0.00017427645772369327,0.019050186850246002,0.9799717402202032,3.0643186276459086e-05,0.000773153285550556
162,0.0001656927278491465,0.021682748481688437,0.9770669405177981,4.24379081129343e-05,0.0010421803645513563
163,0.0003433044625782893,0.019731342117442402,0.9780086662160274,5.911297119207929e-05,0.0018575742327598473
164,0.0013475039721918573,0.04734260543099746,0.9488752468864322,0.00016301741094544022,0.0022716262994329976
165,0.001086159517818181,0.04043574081407322,0.9534515431534731,0.00016084381057131385,0.004865712704064075
166,0.0006218767004439198,0.04043932014061276,0.9563279345519048,8.485246263237728e-05,0.0025260161444058964
167,0.0010259395277334871,0.03911235913660435,0.9578775370241609,0.0001339545233991764,0.0018502097881019411
168,0.0012625585012775438,0.0401988158228921,0.9562985100430565,0.00012383386482813573,0.002116281767945825
169,0.0004500041732422376,0.034749363395975445,0.9632737682920788,0.00010111567469457625,0.0014257484640090208
170,0.0005563703380843805,0.06193256546207505,0.9354909695384829,0.00024338996255908414,0.0017767046987987544
171,0.0018434323666496363,0.06473294346432189,0.9286413305569264,0.0004064386132888714,0.004375854998813256
172,0.003095423353282695,0.11153240681463276,0.8785249689398086,0.001002497685610145,0.005844703206665754
173,0.02853878725905463,0.20644996452029588,0.681857979366354,0.0021540461099719046,0.08099922274432361
174,0.09006316629908936,0.34006152063388057,0.09858016174911513,0.01873385706857974,0.4525612942493352
175,0.02338103032998177,0.03316495544405526,0.002065072901590063,0.002319655902518473,0.9390692854218544
176,0.11950124817048687,0.5479084467176752,0.020369377968443302,0.018702265712975084,0.29351866143041955
177,0.18585280029712617,0.7263759449859637,0.03215078280794327,0.006551463595238627,0.049069008313728325
178,0.13947017495772343,0.5909038219507908,0.053075115246116765,0.025912664206292176,0.19063822363907673
179,0.07617383192717635,0.6479566829255066,0.028459646575954956,0.09808557596920582,0.14932426260215642
180,0.07173007314146425,0.04527434353935393,0.0002581912600705676,0.7933775601588148,0.0893598319002964
181,0.08484692196285293,0.16327149362671273,0.0009159714107563777,0.4465707718535963,0.30439484114608156
182,0.03280282422697357,0.05036705528913267,0.00013030050263213545,0.4623023651422933,0.4543974548389682
183,0.009291738818737126,0.011887075349807989,4.381857758774928e-05,0.18303611109098245,0.7957412561628847
184,0.11883527973588792,0.028727578423031433,3.7507404019428256e-05,0.5763734703837837,0.27602616405327746
185,0.16185661099398993,0.03969782962965571,6.070922043219198e-05,0.4847662359814003,0.3136186141745219
186,0.14366006397879988,0.0474742350920341,4.212158795340872e-05,0.4052593867463971,0.4035641925948155
187,0.11617942288507384,0.028382101588554268,6.740691244451565e-05,0.6298615433899188,0.22550952522400844
188,0.14681128240949753,0.06172638597761742,5.7095631136891076e-05,0.6437905212625299,0.14761471471921825
189,0.09682691017903028,0.035439251782953346,2.8460945135357952e-05,0.7526559638416557,0.11504941325122522
190,0.13794330211617567,0.041738611578184974,8.208941164823681e-05,0.6930364098895515,0.1271995870044396
191,0.029734625300391393,0.10913064423808655,0.004835532699311585,0.2704883459954697,0.5858108517667406
192,0.11962431730313139,0.06294436715412167,0.0008660403270956672,0.22492374378339142,0.5916415314322598
193,0.4966387034371662,0.06595877776216177,9.324934542862215e-05,0.33250588666111675,0.1048033827941266
194,0.24850622610537937,0.08410027963661047,0.00015102711347498316,0.5961041980239502,0.07113826912058493
195,0.10586211438866935,0.058470933121701096,0.00010693476866154239,0.6962644618964362,0.13929555582453196
196,0.026776384596052794,0.03500883895713744,6.781690665827561e-05,0.8527618420335282,0.0853851175066232
197,0.036859340087227875,0.027843454181636328,5.5335216128296424e-05,0.9088333218038538,0.026408548711153695
198,0.07326531856534704,0.022099221831446848,8.106540919482246e-05,0.8357346745812417,0.06881971961276963
199,0.03263583013250973,0.0273223215099136,7.097365308952277e-05,0.8842137850581507,0.05575708964633649
200,0.06789555568824344,0.030541617906114888,8.920366377920709e-05,0.8547068888376481,0.04676673390421449
201,0.07269582307921883,0.03658729153366621,8.344618292107531e-05,0.8661245740578233,0.024508865146370618
202,0.0682390460301822,0.053786459514659074,5.7957895782934226e-05,0.8587836519356332,0.019132884623742564
203,0.10719607975280751,0.04952498604664017,6.550646074688797e-05,0.8015649072926563,0.04164852044714903
204,0.04754139526380662,0.04665890953304379,8.216691791204363e-05,0.6675266450435123,0.23819088324172527
205,0.14594297901121694,0.16819879448611882,0.0002214686132522936,0.42207758734265016,0.2635591705467618
206,0.22778121595896064,0.253758474132679,0.00024834220687320734,0.4344111201590928,0.08380084754239436
207,0.16806222718090144,0.08898350039649983,8.41500146763008e-05,0.7159110371836236,0.026959085224298858
208,0.03623180597579117,0.05209717560848342,0.00010268654593825494,0.903360727508909,0.008207604360878274
209,0.02575283180895122,0.03207640494283675,5.737435928592172e-05,0.937036586132217,0.005076802756709265
210,0.028285562224833933,0.04676459331272297,5.2659859352014006e-05,0.9194992926787743,0.005397891924316741
211,0.040430126186741015,0.031447619081629526,6.720517443517989e-05,0.9156686250456931,0.01238642451150124
212,0.04571077721848691,0.2896488260733502,0.0023534405692013025,0.6489745978867888,0.013312358252172756
213,0.02878415561038404,0.06894738927692393,6.498470844841442e-05,0.8953220278715761,0.006881442532667403
214,0.05163084069807628,0.09792757278804295,7.058717478438535e-05,0.8313928585407915,0.018978140798304868
215,0.06241376723618347,0.20148923277792993,0.00013490910613690068,0.7218312511201176,0.014130839759632141
216,0.17094606869565548,0.3865924089322232,9.29904449669547e-05,0.4225366246527747,0.019831907274379623
217,0.10356363848196852,0.3547424842770806,0.0002593160444967331,0.5267851007317859,0.014649460464668293
218,0.05737193968118593,0.721982784210567,0.0005221516314763373,0.20742392254859413,0.012699201928176645
219,0.07396055416021953,0.5459111834151421,0.00019076340409979536,0.36653459028146795,0.013402908739070515
220,0.1391036599698644,0.5269772893227176,0.00038656856508920135,0.30594120134595776,0.027591280796370948
221,0.0727355864445108,0.8377071429180134,0.0006624315516051646,0.07723424306915638,0.0116605960167142
222,0.0836653946240616,0.8586355132779661,0.001213956392939537,0.03681728278454889,0.019667852920483737
223,0.11702367723305497,0.7865151364781089,0.001116675609049899,0.07199663125967712,0.023347879420109158
224,0.051923906258790446,0.8721887151518087,0.0031280334840297582,0.042504951420407444,0.03025439368496361
225,0.013645722002745666,0.935947359737535,0.008692694420652437,0.007312229271204508,0.03440199456786233
226,0.010356111693004225,0.06611828575573357,0.010654234869127302,0.005905637158735597,0.9069657305233992
227,0.05331948978316275,0.1578756872077518,0.0033331293845393598,0.010793824909082816,0.7746778687154633
228,0.29795769678100276,0.40829920280768356,0.003218279832081099,0.007777718582142831,0.2827471019970897
229,0.06965476666644888,0.9033143874134161,0.001198558216202559,0.0037862482537500556,0.022046039450182377
230,0.03098858653953329,0.957746961278048,0.0016353879357179017,0.002881208484116757,0.006747855762584013
231,0.11846942392808157,0.8534356064364507,0.0008713934643790698,0.01507846004871307,0.01214511612237573
232,0.042095168981056544,0.9411640083323034,0.0008614523511065276,0.010854644084927766,0.005024726250605793
233,0.03226420471920057,0.9563044624408538,0.0006983655725625762,0.00680373350994831,0.003929233757434772
234,0.011153262897229696,0.9553836044886418,0.029250669733430233,0.0018006574273654024,0.002411805453333111
235,0.01022426804705396,0.9837642531584215,0.0011840690311296892,0.003158138483992061,0.001669271279402699
236,0.014787797817609099,0.9777297013334962,0.0026625361833710255,0.0031349609126907875,0.0016850037528329254
237,0.013153653491690257,0.9584912462262124,0.022765932066050678,0.00228252509078169,0.003306643125264966
238,0.009360181497593236,0.9805472464237773,0.007836076272699001,0.0007532021774818258,0.0015032936284486537
239,0.010881624642616309,0.9812057425649375,0.004524550447330216,0.0020469422545747536,0.0013411400905410753
240,0.005021119124684063,0.9603513794609229,0.031318583806236415,0.0015527411015849057,0.001756176506572025
241,0.007221439963583177,0.7452834424541932,0.24036731062735045,0.005004378903828055,0.0021234280510453035
242,0.004341814253714555,0.9579402285982003,0.03136883641643115,0.004867928185674068,0.0014811925459797368
243,0.006237848533693229,0.8887130697469122,0.09790022990591621,0.005177078453391912,0.001971773360086556
244,0.00676576034128263,0.8869197926078112,0.09882243209450775,0.005546705063595733,0.0019453098928027032
245,0.009657736312291705,0.935681192966117,0.04962556531256155,0.0024498081805346887,0.0025856972284950454
246,0.004846751676093259,0.6863014796678318,0.3036271249132668,0.0032631593694043633,0.0019614843734036577
247,0.0030485091057934973,0.7687418261711411,0.22470370391746017,0.001175447975360942,0.0023305128302443146
248,0.01732132506053981,0.9625509232623978,0.015810670515093557,0.0025478665561221832,0.001769214605846469
249,0.01089458588022845,0.8533720911854676,0.13246507012189504,0.0013069561589750085,0.001961296653433951
250,0.009456116448108573,0.7868242047879698,0.19963109200915857,0.0014312572956816816,0.002657329459081461
251,0.005740117949420765,0.7409332089084861,0.25059799658596094,0.0008778149296027229,0.001850861626529377
252,0.10594804329998006,0.7499712327627341,0.11568144385519785,0.002282676209217312,0.02611660387287071
253,0.035534300157820366,0.8571607307250523,0.09565512509697544,0.0015719720332047756,0.010077871986947234
254,0.026279534907674044,0.9378038219460689,0.02731641859128772,0.0018294659053652881,0.006770758649603986
255,0.027679173632260863,0.642904578054989,0.3226481911365813,0.0013486767881131841,0.005419380388055453
256,0.004060046544901037,0.7517354240624059,0.23946811504829904,0.00133455345568174,0.003401860888712205
257,0.008163694937622333,0.823692346137935,0.16368983406528617,0.0022677036201362247,0.0021864212390204567
258,0.009766376060783696,0.9422819270565681,0.041404101197419774,0.0042383722625248,0.0023092234227038173
259,0.007912642973416666,0.9404341127964126,0.04572858841718885,0.003385230825634898,0.002539424987346987
260,0.0022024929509853537,0.658358203363079,0.3370624297593798,0.0011674223261641317,0.0012094516003916024
261,0.011192005816129634,0.8641368680702217,0.11369832126654167,0.005925137133473847,0.005047667713633225
262,0.013341716874211955,0.3821970492112737,0.059462646882523375,0.0014500916589588575,0.5435484953730323
263,0.02093275379482304,0.09270990634262477,0.00634453290382032,0.0022354089614155448,0.8777773979973162
264,0.11485420910794204,0.30722008985450866,0.0013242859139463324,0.0137072387709424,0.5628941763526606
265,0.09478676938309877,0.23527684837609894,0.0011678164640767429,0.008742234251933744,0.6600263315247918
266,0.21582299703979363,0.5399829657371014,0.0007811240111281807,0.10633630310726844,0.13707661010470837
267,0.03642788848398307,0.9123763500716855,0.00277409556557556,0.019283890537186574,0.029137775341569295
268,0.06493167758281337,0.12225882284781885,0.000530764112825982,0.09346148874279663,0.7188172467137451
269,0.10234166984936101,0.19229271888324903,0.0012764235273695175,0.08518719157797473,0.6189019961620457
270,0.5125445936239946,0.0924618658286378,0.00022706918441873104,0.0768381592213036,0.3179283121416452
271,0.19416923741965167,0.7315157191110119,0.0009449249897964802,0.04705728495763857,0.026312833521901426
272,0.10137092829097485,0.8273499299639964,0.0011056747155184406,0.05775088182310783,0.012422585206402359
273,0.023576101188514872,0.9314523139060172,0.0009875866660328798,0.03702492109892108,0.0069590771405139565
274,0.10046843093485647,0.47695104725247267,0.00042789935449354913,0.3111847435330469,0.11096787892513034
275,0.03191578364589811,0.8930859059739581,0.0016253006954367849,0.06370291291269932,0.009670096772007796
276,0.014842206601627276,0.969644948401695,0.0012418708568182877,0.008624891849828889,0.005646082290030523
277,0.047783015329529374,0.852640842479181,0.0003300517608281841,0.09118098900637123,0.008065101424090244
278,0.022151251335912756,0.9516215138736072,0.0011913295637496209,0.019742336919489394,0.00529356830724111
279,0.056770944505810855,0.7533341655178533,0.0011768924749588033,0.1242619997781741,0.06445599772320292
280,0.20754311153374902,0.45127159583597953,0.0005173040694337219,0.2626526372949301,0.07801535126590786
281,0.05060603834412157,0.8559724489773266,0.010071210531356088,0.01730976000191559,0.06604054214528012
282,0.06902799871606984,0.0872077470282667,0.0007522025736276377,0.07490473772024979,0.768107313961786
283,0.34189074972990563,0.4917049372692746,0.00017160938033816098,0.12631014063091284,0.039922562989568845
284,0.10602390335899875,0.7918723993382617,0.00040200018182391233,0.08842931736224985,0.013272379758665652
285,0.14866117811140167,0.7472018000240888,0.004922118044479517,0.022670897401374922,0.0765440064186552
286,0.13912657202166834,0.7100290625972088,0.0006491031296950859,0.07252222006409742,0.07767304218733033
287,0.04500275698128131,0.9204271465711742,9.27663291506733e-05,0.015819201661645844,0.018658128456748073
288,0.03730682256481846,0.9306804187331307,0.0031819755954783082,0.009953993218865182,0.018876789887707208
289,0.07712749687595065,0.7903557731229793,0.00014356479449809486,0.10205272293955962,0.030320442267012422
290,0.06975760288608165,0.8255867966528316,0.001183057866374223,0.04451098128326149,0.05896156131145105
291,0.009889772925504647,0.961156557299699,0.004418995715747959,0.0032637073548637237,0.021270966704184786
292,0.004381576183487292,0.00683387937438765,0.0004537276295649166,0.001388133748599369,0.9869426830639608
293,0.002407547968695255,0.00142818111097256,0.00012452711030256012,0.00024767740709017317,0.9957920664029394
294,0.00555193683074704,0.00381165122712888,0.0010605374946824667,0.0001972551368516371,0.9893786193105899
295,0.04019823749701975,0.0032540708583804795,6.661913513119872e-05,0.0006460275265684261,0.9558350449829002
296,0.0036566625861309153,0.0010129271569443501,5.9575184901231124e-05,0.0001871490808686671,0.9950836859911548
297,0.0032584542590323525,0.002021330952704347,3.480872311392722e-05,0.0002952724761287829,0.9943901335890207
298,0.0028757165407883515,0.0016865343620085461,1.8888527934492667e-06,0.00020668882937087665,0.9952291714150389
299,0.002286064482951419,0.001988106905855754,7.326005590978975e-06,0.00020109108639486677,0.9955174115192069
300,0.036901589291987655,0.003800811813134577,1.5097533174278357e-07,0.004699857440049164,0.9545975904794969
301,0.0398642460779578,0.006129659383079642,0.00016640860284405974,0.0032914651436833017,0.9505482207924352
302,0.011263844550204455,0.003175156192018452,1.496018093013939e-05,0.000866129750462802,0.9846799093263842
303,0.014987565507277454,0.002226173049665557,2.0919137311077518e-05,0.0017492727008297283,0.9810160696049162
304,0.008844212913523877,0.002565081935418676,2.40303301635528e-05,0.002610505349867882,0.9859561694710259
305,0.023684318727908337,0.005354171822842777,0.000171762230495182,0.006571169788465531,0.9642185774302882
306,0.08650585375413199,0.004033798668990164,5.210797737819417e-05,0.005944732018987945,0.9034635075805117
307,0.6071119787670055,0.010860295216460373,8.516095510913817e-05,0.023999049279540545,0.35794351578188455
308,0.26859628514316625,0.016350905017120054,0.00022775080401068844,0.04279228068458797,0.672032778351115
309,0.5658889893205982,0.033554431389097,0.0001541952599716575,0.18905044745737465,0.21135193657295845
310,0.235326209004334,0.05802438704252394,0.00018214746823828196,0.42140130224113265,0.2850659542437712
311,0.14647429828164157,0.21435591060747713,9.480539141709487e-05,0.5879702820304877,0.051104703688976454
312,0.045175646258706424,0.4538939461755445,0.00015295969674858126,0.44206011860676503,0.05871732926223547
313,0.025479159585256306,0.03547245982238729,0.0001516337320316195,0.24589398113810787,0.6930027657222169
314,0.12856996604826237,0.04056806628892511,0.00014191988471185286,0.5901439833448473,0.24057606443325324
315,0.2756900961392878,0.21881744546441842,9.57876015334748e-05,0.37476635210894305,0.13063031868581704
316,0.07357165946677817,0.8494436060271587,0.00034434762556960274,0.062050419948406044,0.014589966932087521
317,0.041773212747860625,0.10443185652250016,0.00026051586476826184,0.09297329569689348,0.7605611191679774
318,0.06471549981478841,0.10037236722725999,0.00020783645300317353,0.16810212726252602,0.6666021692424224
319,0.2911871520601974,0.19205793852075295,0.0001178837775508374,0.28519522976044837,0.23144179588105052
320,0.05166592150509792,0.7908241078196672,0.0014854169051989631,0.12853205343095928,0.027492500339076464
321,0.07503204963236357,0.5234353650270622,0.00015171691542157555,0.34119826441381124,0.060182604011341435
322,0.11506340267102798,0.16696869885663204,0.00012229557614592266,0.35863574953239197,0.35920985336380207
323,0.009865540106818062,0.05674210062556838,0.001515949203772978,0.055409800789629544,0.876466609274211
324,0.1147273665753301,0.05027370667502035,0.00020789996884872493,0.15832318133601592,0.6764678454447849
325,0.29346079129979386,0.08027755543384864,0.00023452870105560977,0.14199809931324978,0.48402902525205216
326,0.3825381308026492,0.2987961672086527,0.0002614167842205498,0.2201190146435886,0.09828527056088895
327,0.12595066220677928,0.7473985229036594,0.00011109561991975304,0.08611917997419949,0.040420539295442086
328,0.0336765833879731,0.7578035229830087,0.000718982385109812,0.1604830506290832,0.04731786061482521
329,0.14036033984837595,0.3531648126289765,0.0001959517546085588,0.42552896238356386,0.08074993338447532
330,0.014558275274897954,0.9304478513719164,0.00046642534023133,0.04891298003268239,0.005614467980271881
331,0.017620561349202243,0.919516113304045,0.0012822245176189301,0.04456442345179161,0.017016677377342082
332,0.08385459471155529,0.8142396497233342,0.0005061398690455914,0.07785258721136804,0.023547028484697034
333,0.02157072531397328,0.9319372286412887,0.00027870591188942234,0.04071027592706091,0.005503064205787782
334,0.0742120870798298,0.6950686725126459,0.0020897405012184405,0.03970223994430137,0.18892725996200455
335,0.11508902554663206,0.15515458820986539,0.0013408479880634072,0.053874443191602284,0.6745410950638369
336,0.16482146602693504,0.7375478607602336,0.0004382800483572509,0.024049149419420643,0.07314324374505354
337,0.26568423558674803,0.6381533287164997,0.002012192576405803,0.03250755820387688,0.06164268491646959
338,0.028876040312180676,0.953133290509148,0.0013762331881976026,0.010673148225361829,0.005941287765112123
339,0.15015278035185314,0.6070032385323277,0.00024897156670544625,0.20231089722956797,0.040284112319545644
340,0.04155927503798446,0.895092991953864,0.0006350757362277943,0.048755858465137476,0.013956798806786344
341,0.022340836137422496,0.9463863753683249,0.0006019335203999785,0.017313751450438276,0.0133571035234143
342,0.034596910574653764,0.8751729107348593,0.0007787152516752196,0.02986581501947985,0.059585648419331866
343,0.05429772303438549,0.830781160948107,0.0014597570348614173,0.06204988394328154,0.0514114750393646
344,0.02223171124647991,0.08639427536979077,0.012005038317154128,0.01202985641615053,0.8673391186504247
345,0.023222077274458085,0.05356106698826519,0.0005702082798388192,0.0030419183447266034,0.9196047291127112
346,0.45429755317595216,0.06249673248775429,0.00020768301751748796,0.006882141748401327,0.47611588957037476
347,0.16645138367665985,0.6488750269617086,0.0013840525845658378,0.004523847157978282,0.17876568961908765
348,0.0483803220053335,0.9274844302871686,0.004195095186421733,0.0018093128858535123,0.018130839635222617
349,0.09306018020232136,0.8302782543875135,0.0017351614123037322,0.028869345420475923,0.046057058577385755
350,0.025963384021301574,0.9282988324993202,0.002077161194889551,0.026572352135552,0.01708827014893637
351,0.020111628469675832,0.9623414465857916,0.0029543519349960103,0.009804577460193796,0.004787995549342801
352,0.1112651499011976,0.7819046028899619,0.00017350638993445005,0.0885930346413783,0.018063706177527783
353,0.018094012600188173,0.9584772623978438,0.0011925568315872557,0.016213381078976588,0.00602278709140415
354,0.01920779219382841,0.9680034817182103,0.0026229959132077836,0.005303805522289963,0.004861924652463451
355,0.007937660264996947,0.9798066381729401,0.008245279040172207,0.0018949414799330321,0.002115481041957663
356,0.037741486730459815,0.9251092686420191,0.0018861251779749638,0.004686657336660148,0.030576462112886005
357,0.1311534517475385,0.38505284412213253,0.0028906262700470146,0.04444135116293777,0.43646172669734407
358,0.29063208474317187,0.597391164769633,0.0002960589810650074,0.03573813424126576,0.07594255726486437
359,0.03301942695686826,0.9629786811250332,0.0009143411821385562,0.0008817863601590365,0.002205764375801012
360,0.028548936980631646,0.9658662906445727,0.00236377582344981,0.0012239580707885675,0.0019970384805571596
361,0.018186809206579117,0.9693132735037783,0.0026116363530979954,0.004411935887037368,0.005476345049507069
362,0.021340367622561394,0.966858786429594,0.0006032413999708991,0.005476042482218645,0.0057215620656549514
363,0.014679466875196834,0.9776912157157737,0.0021156305316176434,0.002104543260506564,0.0034091436169053253
364,0.009200081235229888,0.9885194411385029,0.00027148811276268435,0.0012948854535489015,0.0007141040599557869
365,0.010294613407382644,0.9848259376697084,0.002937693991757704,0.0006691003371752025,0.0012726545939759784
366,0.004837368200910974,0.9879319026691324,0.005068915359475312,0.0003273048525535649,0.0018345089179278011
367,0.007006583590434212,0.9898800951306298,0.00048352633410360396,0.0015638189373513838,0.0010659760074808405
368,0.0031780842186738905,0.9198986193296204,0.07432240249089263,0.0006405982548611248,0.0019602957059519084
369,0.0076101171696286735,0.9616607039046264,0.02714993995679659,0.001553967190508565,0.0020252717784397098
370,0.004664448922001257,0.7989846450278068,0.19273621106315952,0.0019501337077894442,0.0016645612792429842
371,0.0032515393336617787,0.9395779998713627,0.05345468804826232,0.001085594340611312,0.0026301784061019047
372,0.0038597680006606373,0.8482831795967962,0.14347431352902817,0.0020688684636375547,0.002313870409877257
