epoch,N1,N2,N3,R,W
0,0.005497777005643279,0.00025902526571373175,0.0,0.00047245144007451235,0.9937707462885685
1,0.013493456985736953,0.0007224765246445575,3.644592803913821e-06,0.0005434981350066927,0.9852369237618079
2,0.002964698969888485,0.0002591043745938338,1.6024965216196464e-06,5.260719018753732e-05,0.9967219869688084
3,0.061032390437331566,0.001027602512469573,2.8817725410350124e-06,0.00046994435633701146,0.9374671809213209
4,0.01913644417247814,0.0004216094985512966,1.8259471982479527e-06,0.0002481929245890063,0.9801919274571833
5,0.004681605035168763,0.0004648140043408456,4.063232753206074e-06,6.966162321709482e-05,0.99477985610452
6,0.011548873043095422,0.0018224664810569632,6.873130893645345e-06,0.0003678681641196201,0.9862539191808343
7,0.012474634794667434,0.004713653761096544,7.537265910696935e-06,0.000864613918993873,0.9819395602593315
8,0.007075749025624097,0.0009281164012976035,1.7214290881601475e-05,0.0005709587115635043,0.9914079615706333
9,5.919983732014792e-05,1.9080560223722498e-05,9.325574411488436e-06,1.4019834764101563e-05,0.9998983741932805
10,0.0015170145862310447,0.00011980148959078754,1.894004492826932e-06,8.197998321129185e-05,0.9982793099364741
11,0.03579481998258404,0.00014652927063666247,3.182431903333154e-06,4.629772035616409e-05,0.9640091705945197
12,0.09073031244420113,0.00047882486198644927,7.584534970674973e-06,8.662545577135374e-05,0.9086966527030705
13,0.012704647717557185,0.0014184511251030072,2.438464680480072e-05,0.00027204613143245484,0.9855804703791025
14,0.044942787784037604,0.009471042562689559,0.000225514906259811,0.0007285043623233069,0.9446321503846897
15,0.0010889119954418758,0.00039092621247948544,2.7208340657245313e-05,8.101535049295178e-05,0.9984119381009284
16,0.12688571995443043,0.019086832748138764,0.00019861709577220343,0.0019384111933627329,0.851890419008296
17,0.11363544954970908,0.03585954211221176,0.0005263207194422403,0.002141972840408051,0.8478367147782289
18,0.0502162005295406,0.07797275186267641,0.003011401864806869,0.0008677243296648417,0.8679319214133112
19,0.12675197110839934,0.023892062563031783,0.0025892317359143963,0.002171250016118104,0.8445954845765363
20,0.15704968821293172,0.22153940970143052,0.00104839630717147,0.010039455251887187,0.6103230505265792
21,0.004397253535397289,0.0016855323280620634,0.0005216393895988851,0.0001883207609760416,0.9932072539859658
22,0.35299029205505944,0.09249768366356338,0.0044049616848608475,0.002194415823280422,0.5479126467732359
23,0.19827194601257886,0.08163157024035068,0.003720086514157838,0.0017727195496141316,0.7146036776832986
24,0.3625983593401896,0.07062848866081808,0.0011236162779933586,0.003280053682598688,0.5623694820384004
25,0.18477538857096026,0.495653717597663,0.03162483978478209,0.0044558967760660794,0.2834901572705286
26,0.10381627127936922,0.6432043622780089,0.06476657401399002,0.0013987151898934781,0.18681407723873844
27,0.1720048429563822,0.38161747941585444,0.004026947678986952,0.0005339728955489519,0.4418167570532274
28,0.13339372941822425,0.43580625274417834,0.03694310388497908,0.00042647858859500525,0.3934304353640233
29,0.33374872294900587,0.48012251731431604,0.04390685447194364,0.0016057220367768897,0.14061618322795763
30,0.2795125175814069,0.5456972788122536,0.1008194878141016,0.0004433574761834571,0.07352735831605454
31,0.03284317111806149,0.7366457846283632,0.19977522534322165,0.0005513592689557773,0.030184459641397893
32,0.0774661454555147,0.7435842558572164,0.15139710233483658,0.0009324405441264301,0.0266200558083058
33,0.020982311431813,0.7611376641638464,0.20481304407720988,0.0003308799459066821,0.012736100381224056
34,0.027367140731623725,0.6557921001722364,0.28780913821718357,0.00028026604688545563,0.028751354832070766
35,0.022922987357981824,0.4744973218186378,0.46412291838718245,0.0003743772292671555,0.03808239520693068
36,0.07103580822532402,0.6499855894946107,0.24675675345617173,0.0010099599830571864,0.031211888840836127
37,0.046486551350138,0.6396188615663584,0.29652623020857827,0.00046904600486982084,0.01689931087005557
38,0.011120682564751757,0.5087577228420057,0.47171927017065945,0.0001508807072085594,0.008251443715374692
39,0.009187431146242146,0.6893163381699143,0.29862877674335675,0.0001153627229310868,0.0027520912175557346
40,0.023328291321904907,0.49956390216359836,0.46838629724713743,7.064185640277337e-05,0.008650867410956473
41,0.01095750760157774,0.5693925752675991,0.4151613475712544,0.00024725362551448533,0.0042413159340542175
42,0.00863616341295875,0.4386755701848432,0.5450141702993339,0.00021143750346660654,0.00746265859939761
43,0.008703791425956574,0.2968328308995332,0.6855746942010633,0.0002028191787493438,0.008685864294697409
44,0.027180213997393635,0.35095476546770177,0.608313106921851,0.00021199014861632116,0.013339923464437282
45,0.012508455355262516,0.5807551952081593,0.3884511353353519,8.253405219582246e-05,0.018202680049030417
46,0.010661132426153278,0.6132201622397075,0.36217092882278096,0.00015248653061912827,0.013795289980739088
47,0.008596529765695306,0.26120738656950054,0.7259123714679837,2.7518126796468053e-05,0.004256194070023994
48,0.0038888226199635403,0.4245460358077874,0.5669752393487327,3.4692469668376814e-05,0.004555209753848024
49,0.0015162659737258499,0.1428802924614944,0.8527323184150156,1.2530725595199419e-05,0.002858592424168994
50,0.0027603478380927413,0.3152825851397901,0.6765886806777072,3.634237156793855e-05,0.005332043972842031
51,0.0016699698509786856,0.346337113174683,0.6484977912643061,4.276505364220442e-05,0.0034523606563899847
52,0.0038637125402244702,0.23448444062241866,0.7546011705008806,3.889776488807517e-05,0.007011778571588248
53,0.007952050650480741,0.6496471248156466,0.33562627325703875,6.44565321375049e-05,0.00671009474469637
54,0.002661048892573587,0.20183473787769887,0.7905986986055863,2.350371247223319e-05,0.004882010911668852
55,0.0020422333896645615,0.06548631952372928,0.9277104736406383,3.654746309231652e-05,0.004724425982875432
56,0.002521726877937202,0.46094713292687,0.528742209604123,6.596821418491587e-05,0.007722962376884985
57,0.0032174238891768915,0.14868057148538955,0.8402940957412853,7.71597492802965e-05,0.007730749134867984
58,0.0050532484144310205,0.17730386733411435,0.8077862369491569,0.00012741888656277067,0.009729228415735109
59,0.0031452306420764607,0.3583085772136125,0.6318015890902501,0.00022650240035493554,0.006518100653706116
60,0.0025834698647045308,0.346362821859073,0.6461156511949444,0.00012455628081178401,0.004813500800466199
61,0.0016976294644593544,0.11191664948540606,0.8837727620948576,2.7680488453520404e-05,0.0025852784668234765
62,0.0025290866829783378,0.17939050110539578,0.8139879819437806,3.565864478159486e-05,0.004056771623063657
63,0.0008223437013419313,0.09591317628225896,0.901189994150055,1.536991976415363e-05,0.002059115946579941
64,0.001975097076078708,0.11160415047571325,0.8779050696617707,5.246197352890251e-05,0.008463220812908524
65,0.0025462256971870035,0.11636547774610882,0.8737886094790772,6.636727768803455e-05,0.007233319799939112
66,0.0028676928458951836,0.12187347745914107,0.8536267376129846,9.200738623916588e-05,0.02154008469574
67,0.01647437424097419,0.8349906266851779,0.11072236758968819,0.0009412370086615712,0.03687139447549826
68,0.010965182079581887,0.34237524174817113,0.5808223076496756,0.0007020953896641994,0.0651351731329073
69,0.007135844190470597,0.21438029957555188,0.7398430437801786,0.000122339358784021,0.03851847309501485
70,0.007116660957232428,0.4124997984998307,0.5298186897166374,0.00017649970236020842,0.05038835112393936
71,0.3114697263381866,0.2292607897637214,0.10482696020811691,0.0012881369518540752,0.3531543867381211
72,0.015696049289254197,0.31609859909077703,0.5894846408691268,0.0001823405127556034,0.0785383702380865
73,0.017690676910216734,0.3379261359008931,0.5312406391299127,0.00021498546498526812,0.1129275625939922
74,0.01433314398965716,0.6269355977940708,0.3043444620950242,0.00032413262495979055,0.05406266349628812
75,0.0009724686530085608,0.2065544739235635,0.787773505116946,4.588375120342924e-05,0.0046536685552785355
76,0.0012407106430939506,0.24957746028311983,0.7426328542766534,0.0001063352480526956,0.006442639549080253
77,0.0005087187168427521,0.0854856454964718,0.9129284028963718,1.7916159062870764e-05,0.0010593167312506866
78,0.0006391258154843101,0.13024782121632278,0.8673305003788994,3.755775356825001e-05,0.001744994835725392
79,0.0004608284735509812,0.08012109980878418,0.9181558914312186,2.30570813988295e-05,0.0012391232050473252
80,0.0007035212923908842,0.06333365143993987,0.9337156525346523,2.3992228200360416e-05,0.0022231825048166253
81,0.0003007066378299652,0.021543876757689377,0.9770967886151637,3.096439923189615e-05,0.001027663590084994
82,0.0008593041683244387,0.1333675667917307,0.8621715039902343,5.0770277713932685e-05,0.003550854771996653
83,0.0009524266125773713,0.07821223022773403,0.9188933339320883,3.2833062209838086e-05,0.0019091761653904687
84,0.00044461563056221647,0.07016964703019585,0.928242617212609,1.4498623113418232e-05,0.0011286215035193282
85,0.0009156351916312849,0.05521904954663677,0.9424700890463127,2.2526458472977747e-05,0.0013726997569462856
86,0.0005329967825628232,0.047261446322198856,0.9508821382314604,1.0979965326900654e-05,0.0013124386984510734
87,0.0006021438991470191,0.047036971950087214,0.9510057769099289,1.754345637748903e-05,0.0013375637844593065
88,0.0003532710690203426,0.06779656072795553,0.9308704291858055,1.785416154567181e-05,0.0009618848556729681
89,0.00071023765628608,0.08629776869641445,0.9118359440735244,3.118899617937187e-05,0.0011248605775956893
90,0.0008906053044978129,0.06543867757460226,0.9314572570324767,3.9291948500426036e-05,0.0021741681399228023
91,0.0006513886673069211,0.036324426487735276,0.9608837770786037,6.57842394589907e-05,0.002074623526895133
92,0.004182052736390647,0.2771707136823792,0.7135214211781433,0.0001485389969297028,0.004977273406157058
93,0.00884260627504228,0.25626783651847324,0.7241179766568615,0.00021993630204023885,0.010551644247582734
94,0.0019564541514985262,0.16859316376875602,0.8270305150816913,9.393611294138018e-05,0.002325930885112792
95,0.0014215884349378465,0.13481213940573594,0.861327093698691,4.409493677282209e-05,0.0023950835238623924
96,0.0020261354592885235,0.2764245859055538,0.7167708566719568,9.004795425378368e-05,0.0046883740089469095
97,0.0018435380514972813,0.17113874809693416,0.8239288374019067,7.915013790738594e-05,0.003009726311754403
98,0.0027291604743838144,0.1126800580776279,0.8815357968122111,0.00015766810208842517,0.0028973165336887868
99,0.0011721972258923582,0.06431607725331283,0.932611353804112,9.307300884824331e-05,0.001807298707834553
100,0.0021363483556021173,0.07925873008354908,0.9122075704839185,0.00015758245719744163,0.006239768619732751
101,0.004609100012412108,0.5277306330001748,0.4586928825258288,0.0008137981355639892,0.00815358632602035
102,0.008687854332474827,0.3056052492807745,0.6802917376762955,0.0014390912803875216,0.003976067430067659
103,0.0326905596890267,0.8791281861195163,0.07145499211918133,0.008018688134877206,0.008707573937398402
104,0.004759749923996602,0.4655671632726202,0.5258904753404756,0.0007788857459556276,0.003003725716951931
105,0.0051122779027305025,0.4406461663480748,0.5473098801098739,0.0010647033627591545,0.00586697227656159
106,0.030830240822672824,0.7758663077566968,0.1683360866782162,0.009450848174763247,0.015516516567651004
107,0.04503255065379845,0.8191559818927341,0.0864428093713551,0.012002299481120311,0.03736635860099227
108,0.01597101857949758,0.6946497845427619,0.2770621596508693,0.003029779747989546,0.009287257478881572
109,0.04690004255342307,0.13730544595376493,0.011880039307868268,0.0048015720344287485,0.799112900150515
110,0.35526987866596027,0.36990098675064453,0.0017899358531157147,0.029529453508840488,0.24350974522143895
111,0.15351392197492422,0.49034347894879127,0.006594662817038348,0.012239586168266637,0.3373083500909795
112,0.4269985337974092,0.19563821957206126,0.006038013816373229,0.008366621488763205,0.36295861132539314
113,0.10915912595973817,0.5350271935193268,0.004547916923166432,0.016058440403741964,0.3352073231940266
114,0.09389415476121042,0.10934135992837686,0.0022235755386924906,0.006726529720485321,0.7878143800512349
115,0.006654996039892435,0.005085196722288609,0.000751901747931518,0.0003303724782336986,0.9871775330116538
116,0.47359365347977694,0.03260127034335715,9.228008476512965e-05,0.003192938121135991,0.4905198579709647
117,0.20043620844870588,0.08212520373057208,0.0018116952064015802,0.0014316709217872686,0.7141952216925332
118,0.04143184221731107,0.03476651792859552,0.005634569812002463,0.0005517766891779004,0.917615293352913
119,0.22033183499867057,0.04298576867377824,0.0006907928636808755,0.00725399927578284,0.7287376041880874
120,0.07594599505735,0.02785443176470049,0.0002123996553479177,0.007665660723573258,0.8883215127990283
121,0.05862578754436545,0.06746293291360812,0.0009631360173288936,0.001882737165381658,0.871065406359316
122,0.3997633526659964,0.1227905675495547,0.000975375423319741,0.028978828965550183,0.44749187539557883
123,0.1815513899130763,0.2619736476208504,0.002904371886748962,0.003613395131673134,0.5499571954476512
124,0.15940856919873703,0.44629884906914913,0.005588596413143376,0.008304260351711591,0.38039972496725877
125,0.1603720322941431,0.6265891473880034,0.003131490625666261,0.022921173967697654,0.18698615572448946
126,0.02606889505495692,0.9242907925434917,0.018759278403174207,0.013940198423886002,0.01694083557449125
127,0.029494269813318322,0.9204376498234735,0.027576399892388293,0.008934710727133501,0.013556969743686408
128,0.061632574159623484,0.860477937957511,0.007845228188486623,0.04156943114669176,0.02847482854768706
129,0.0723859941922887,0.8859253675928441,0.0037690622055696365,0.014377589481912723,0.023541986527384876
130,0.0349439339998396,0.9471092382537688,0.0048473986583801735,0.008791227590662413,0.004308201497349022
131,0.0868673262484205,0.873445094364371,0.0047311256524481165,0.0212548884195161,0.013701565315244304
132,0.04059954050005335,0.9075709921568578,0.026067289723880147,0.006651235719234881,0.019110941899973803
133,0.0247200954838794,0.9537775180496948,0.008999811500028787,0.004447802608544011,0.008054772357852912
134,0.04211501132716001,0.9437612611856617,0.004999051998262803,0.00534374116627682,0.0037809343226384295
135,0.03126677878230633,0.8776972941330674,0.06255627087097403,0.008417528700872505,0.020062127512779613
136,0.064778752618274,0.8749376695085285,0.010073124397622252,0.03501485967775976,0.015195593797815307
137,0.04670032729124145,0.8827485992347293,0.030062057991393713,0.018782639445982168,0.02170637603665372
138,0.03256807993060848,0.879457671160616,0.04506986424732281,0.020153336216406265,0.0227510484450465
139,0.05443639095098759,0.8166729267704766,0.05093892031417117,0.05690519730465558,0.021046564659709156
140,0.11886027282498154,0.2061521831891664,0.000549582738211478,0.6067351685143417,0.06770279273329888
141,0.07460644835677709,0.04034118281802511,0.00018453950367647117,0.6298564003737225,0.25501142894779877
142,0.1081687451738767,0.033579600443104644,0.00019639363877127259,0.6753063384017427,0.1827489223425047
143,0.2946430990428618,0.04587041734042082,0.0005114962326327919,0.21575767099774454,0.4432173163863401
144,0.18329019348360662,0.02190481586846935,0.00010538538706340004,0.4812597475658197,0.313439857695041
145,0.07002059174027092,0.01081286663006384,0.00011420526431400178,0.41142052280920144,0.5076318135561497
146,0.14945270990506695,0.012240490901040197,9.524495579426592e-05,0.6330056283828202,0.2052059258552785
147,0.2229538887500987,0.01301994641585313,0.0001336826246284093,0.40573541509354877,0.35815706711587114
148,0.3122884686710891,0.02508604646677595,0.00020497171996117355,0.414418069176753,0.24800244396542076
149,0.2249184222629552,0.022388202158909833,0.00017189568890921362,0.5140024651773656,0.23851901471186018
150,0.19560753874929648,0.01409632452554035,8.143943726481126e-05,0.5356256364410669,0.2545890608468315
151,0.1909541088451312,0.01929907692201237,0.00026928475733298187,0.3724422848555809,0.4170352446199425
152,0.22681302281466123,0.08199122865869571,0.0009068172575262139,0.16301445147549132,0.5272744797936255
153,0.41253162852012615,0.02080409005017463,0.00016394147103081537,0.23791127555646327,0.32858906440220514
154,0.25729529130406215,0.01310023724567307,0.00011248450700293923,0.6387950018324341,0.09069698511082765
155,0.11647667920707763,0.04711345004075492,0.002661542512790635,0.31574439036181007,0.5180039378775667
156,0.15103404705258983,0.012500627374963078,0.0001330495881448669,0.5505399810464726,0.28579229493782976
157,0.06547674731939557,0.015356745136206605,0.0006821625313757374,0.7457323313490956,0.1727520136639266
158,0.0334252408137965,0.007219655900532213,6.187601180132077e-05,0.9076473120683556,0.05164591520551447
159,0.07007536530552134,0.013788765120656098,7.940800192414086e-05,0.9041766462470635,0.01187981532483473
160,0.05476105545317903,0.019190821861526153,5.902554388977204e-05,0.8347101408356884,0.09127895630571671
161,0.08958782034200047,0.03547139730513875,0.00014357005422527952,0.6075665690816878,0.26723064321694767
162,0.07813483611183844,0.029023096349956146,6.578130816589631e-05,0.8266317314881434,0.06614455474189616
163,0.18699441797256605,0.012458581403634988,1.7193393102223224e-05,0.698444615419508,0.10208519181118872
164,0.24184152020584707,0.029958970328244003,0.000169707479875658,0.4933343869707097,0.23469541501532346
165,0.11087276615027247,0.02304904888515584,8.772520672715412e-05,0.08787973521750768,0.7781107245403368
166,0.48791650127907804,0.0235668503182074,0.00010320440865150784,0.37159608159118496,0.11681736240287807
167,0.3744790026595195,0.028450834590693645,2.0041718653411093e-05,0.48346373273579224,0.11358638829534104
168,0.19922632404075427,0.2387687757002668,0.00039369368534965726,0.3185843707082296,0.24302683586539955
169,0.06847774611203805,0.022322251194691927,2.542356421158463e-05,0.21080867187411637,0.6983659072549421
170,0.18322233507406105,0.09067252190407506,0.0006312683524956906,0.22027564856372575,0.5051982261056425
171,0.2557009504728412,0.187497369444384,0.0010845307898107468,0.35535631529492834,0.20036083399803564
172,0.41039571211805365,0.11468724517135782,0.0008046022840372748,0.22947019887397702,0.24464224155257425
173,0.04081476072559154,0.788941690441325,0.01220337539833168,0.06388255575895924,0.09415761767579268
174,0.14383100489792508,0.47375497670189465,0.0018854952353232015,0.1910378489264179,0.18949067423843913
175,0.003061149558707025,0.0012362126784083308,9.964944148658398e-05,0.003525929019787464,0.9920770593016106
176,0.3056063681538403,0.10182246598175228,0.0005472222974666573,0.14664498663059453,0.4453789569363462
177,0.16668715178469828,0.3802883647557187,0.004278190430631153,0.07622115260205525,0.37252514042689655
178,0.09546285787812167,0.19069924312019862,0.0011296159418119046,0.015927125977908147,0.6967811570819598
179,0.07599438905930192,0.722582768177108,0.004614241321327859,0.01561326825236528,0.18119533318989683
180,0.0018189179635879989,0.00482959947436495,0.0017362690656786662,0.002426536051565325,0.9891886774448031
181,0.05216640560174748,0.002188186910481211,2.756529148880415e-05,0.004230791612330822,0.9413870505839517
182,0.10108707633219836,0.020050858205237217,0.0003470053465821136,0.0062204052569142495,0.8722946548590681
183,0.2743911978556058,0.4984879187890968,0.011323040811292135,0.004396112870026798,0.21140172967397852
184,0.12080276973688067,0.40283113841152696,0.008623694609309238,0.0034727585981635194,0.4642696386441194
185,0.20947192451988877,0.6839608063775279,0.0018254495003380293,0.021719212571754517,0.08302260703049075
186,0.05358523823373038,0.8853842562393052,0.015673441930081976,0.006154721386698144,0.0392023422101844
187,0.0281125164895465,0.9532011766861169,0.00767305552559652,0.00815215882004404,0.0028610924786960827
188,0.012453537087511098,0.977792258047683,0.006268160863266643,0.0021616713972268603,0.0013243726043124164
189,0.002784206881860744,0.985214248353419,0.010116467289865825,0.0013969114003799842,0.0004881660744744837
190,0.0073750159570122095,0.958684778589226,0.027100061062325417,0.002393901528896579,0.004446242862539905
191,0.012093769252665419,0.9034679480262686,0.08131295850715271,0.001718771320400912,0.0014065528935125295
192,0.018877840495745278,0.9280701834603309,0.049407154019153764,0.001873788123210275,0.0017710339015597585
193,0.009546728439281634,0.9362776777959477,0.052405346047949435,0.0011929769661460175,0.0005772707506752743
194,0.004868260171200195,0.8348616823939409,0.15884982178138454,0.0008978247268486614,0.0005224109266256976
195,0.00225121679530847,0.6704481863019556,0.3259681231792015,0.0006134070553871839,0.0007190666681474475
196,0.00460667997813563,0.6831729579764236,0.30966076641030116,0.0014363204513807612,0.0011232751837588907
197,0.005166887293879775,0.4764075974892691,0.5149770193110534,0.0018890206329699177,0.0015594752728277457
198,0.00973820830467748,0.7249886297910579,0.25717322123534947,0.002064365739023542,0.0060355749298917185
199,0.025342196062406567,0.9367809076182021,0.030842853997445886,0.0040992514176482015,0.0029347909042972075
200,0.020641940250116654,0.725349344892154,0.25008980222258526,0.0018714761636336027,0.0020474364715103843
201,0.04171424934369054,0.7351147958300046,0.21572395598045788,0.0019495433219489904,0.005497455523897787
202,0.06547227291289091,0.7606811375305419,0.16248445498283556,0.0036991040464754007,0.007663030527256262
203,0.020844189794880105,0.935530396325928,0.035502249542162315,0.0030852723931955495,0.0050378919438336615
204,0.13804533052586293,0.6890652024702659,0.009604808535364717,0.008462200326655778,0.1548224581418508
205,0.25966457222256933,0.6593903118141445,0.009261578459485918,0.007525625450683608,0.06415791205311648
206,0.05256754538980845,0.8527172651500684,0.0680610461341594,0.002809421202298814,0.023844722123665004
207,0.046333879808014414,0.7839375474248318,0.13934188062963357,0.0016353101422201413,0.02875138199530009
208,0.20600839897152515,0.4880197070265096,0.11848437894442027,0.0030320459970910926,0.18445546906045376
209,0.06573043186965769,0.528044926119793,0.35914344853279756,0.0026209340831429275,0.04446025939460879
210,0.0415908328815278,0.6601650850198096,0.2864538248339418,0.0009660618420033074,0.010824195422717547
211,0.021561255722150983,0.8032092374697368,0.16954242128563038,0.00018979165453840487,0.00549729386794334
212,0.007133837116518746,0.5879943279975403,0.4029125118316551,0.0002752811896983541,0.0016840418645875284
213,0.0021992456635254003,0.3167124340252506,0.679882488328345,0.00014945055906417397,0.0010563814238148856
214,0.0014127519626425575,0.24554327681265858,0.7522457545539407,0.00010645926836559757,0.0006917574023926825
215,0.00046767295826645385,0.1019551330910098,0.8971348437204814,4.604118069918708e-05,0.00039630904954311377
216,0.0005142563991617929,0.09422120217130761,0.9046316360885883,3.9174746928830284e-05,0.0005937305940136513
217,0.0003429684460323359,0.038750393212024455,0.9604840826517728,6.850508443662548e-05,0.00035405060573401233
218,0.0003015875199520046,0.043421840252972396,0.9558247860336331,5.07294335127272e-05,0.0004010567599296856
219,0.00017729247632542356,0.045282017237353575,0.9541063698447553,3.3074654435304216e-05,0.00040124578713047804
220,0.00014716226154275224,0.02631324960573952,0.9731117662963417,2.599188830308444e-05,0.0004018299480729211
221,5.7431736880521966e-05,0.021904763742620167,0.9778215076202645,1.5634214860651653e-05,0.00020066268537404408
222,0.0001521330452971162,0.02018792355481246,0.9793114914689998,3.0097059211522255e-05,0.00031835487167927034
223,7.527945432896586e-05,0.02256435331393602,0.9771365002126217,1.9436138781998902e-05,0.00020443088033131101
224,9.672108914989676e-05,0.023878350549575444,0.9757128032250924,4.3435587024035115e-05,0.00026868954915829513
225,0.00025303880508856854,0.030940864809236607,0.9683126495289954,4.6187499014390224e-05,0.00044725935766485616
226,0.0003696372686053663,0.03005313858447185,0.9691151728780378,5.794943045139843e-05,0.00040410183843348483
227,0.00013899553771979284,0.04318947426980455,0.9562974400633277,5.7818229030149725e-05,0.00031627190011773433
228,0.0003319720213582905,0.05479506410066701,0.9442971475873007,6.220069770640318e-05,0.000513615592967725
229,0.00022994249902979884,0.07434474780972752,0.9250361349387815,4.5078792142094714e-05,0.00034409596031924014
230,0.00011701632651373054,0.03138523278834443,0.9682458207252189,2.2385433743659126e-05,0.000229544726179055
231,0.00011963178377959511,0.0398783359858727,0.9596358960909511,2.6441648435298393e-05,0.0003396944909612499
232,0.0001634199770400818,0.024854577367878654,0.9747178158577932,2.8252123680658827e-05,0.00023593467360735374
233,0.0003520880788481933,0.04561455582647686,0.953600483282489,3.241682197612916e-05,0.00040045599020976046
234,0.0002778457663286964,0.035070998336016,0.9642609565523411,2.7836696719688655e-05,0.0003623626485943607
235,0.00019038806875508961,0.015097543354286928,0.984427822588582,3.591728603524638e-05,0.0002483287023407895
236,0.00022474061353406288,0.02662687005474202,0.9727819029604534,2.90233805017146e-05,0.0003374629907687591
237,0.00025509103960405586,0.0330394233134756,0.9663343396131251,5.1714642384512676e-05,0.00031943139141069445
238,0.00042068118870334164,0.04842759843509066,0.9502434968368932,6.96076654236276e-05,0.0008386158738893893
239,0.00028955380566429657,0.0499777972960079,0.9490862367359925,6.836743975591241e-05,0.000578044722579292
240,0.0004287680098729659,0.059233473600485406,0.9392883283737835,0.00013165855924183488,0.0009177714566162502
241,0.01293354873704724,0.06533285886958386,0.9174737483178655,0.00025590901123574266,0.004003935064267645
242,0.002160096250526293,0.09441366867593678,0.8948674620461776,0.00038472088965558137,0.008174052137703702
243,0.0005513463965677128,0.043157795467069576,0.9544083771095122,0.00010714709052203729,0.0017753339363284005
244,0.0010100946388627641,0.04098397496484485,0.9555937892366043,0.0001981618407229659,0.0022139793189652084
245,0.000653881552097863,0.03684516392991217,0.9613348682849353,0.00011320821815914711,0.0010528780148955656
246,0.0004104648904002171,0.04250076065628344,0.9562894183419203,8.108595627926556e-05,0.0007182701551165543
247,0.00021953005835976004,0.02146524338457646,0.9775496015318914,8.839753716442408e-05,0.0006772274880078837
248,9.45426979677828e-05,0.02316388994071378,0.9763125327814455,3.7270627774689485e-05,0.00039176395209839903
249,0.00011515223634371872,0.024525542056673674,0.974943636788129,0.00010186501162630864,0.0003138039072274323
250,0.0002104530346250363,0.021194932845996075,0.97805223109661,0.00012539999935428368,0.0004169830234145941
251,0.000173902329185835,0.015473716488064148,0.9837495569846391,0.00016437153821489725,0.00043845265989599915
252,0.0002039213235847165,0.02787816273985024,0.9704414402155663,0.0003992712230714719,0.0010772044979271485
253,0.0005454151242560402,0.031383216818203954,0.964903407757569,0.0008586657344608832,0.002309294565510349
254,0.006018354485824916,0.039774504053307846,0.12050318057634143,0.004258520847030442,0.8294454400374954
255,0.04112896233477998,0.08901584155653217,0.41019072862455297,0.023944421614235985,0.43572004586989893
256,0.06752960372204131,0.1654738242287011,0.3533770078700536,0.02611393788810935,0.3875056262910947
257,0.12236698075784028,0.28746067127947744,0.3644664906313877,0.009595199254299398,0.21611065807699523
258,0.05026074616978286,0.4352017813629101,0.36369151237289066,0.013286984084322006,0.13755897601009448
259,0.052027929042102065,0.6257323567925636,0.27384622952586385,0.01266120838345602,0.03573227625601452
260,0.10071853428717828,0.6201450296290448,0.2588597360345337,0.006188220688151637,0.014088479361091446
261,0.05385499575178231,0.3703713061245061,0.5542759853209624,0.006290407549400029,0.015207305253349061
262,0.016057032732229404,0.38450077816216116,0.5270180870926718,0.003105552449899551,0.06931854956303783
263,0.0271261351978758,0.7520197987767779,0.19907065214308245,0.009128461650145917,0.012654952232117845
264,0.02784306795122108,0.6047302742386899,0.3330666390494066,0.004736956281545208,0.02962306247913724
265,0.013408715497631729,0.4907019034006796,0.4836040190148399,0.002277751666204101,0.010007610420644637
266,0.013542988509719016,0.5683580817920376,0.40880892322629003,0.003198742722222835,0.006091263749730609
267,0.02263241250133857,0.859306671292419,0.10885790099542546,0.003993834703938158,0.005209180506878866
268,0.0064718436278837655,0.6197576704887908,0.36996520546258144,0.0009667277785782051,0.0028385526421658967
269,0.02691859696735474,0.6187685677925505,0.34763815769224665,0.002523621553642643,0.004151055994205431
270,0.016520943450715555,0.6264483749564667,0.34896473088775976,0.0027602151981146682,0.005305735506943203
271,0.004805961756462696,0.21781044623450185,0.773465978798809,0.0005425189918622697,0.0033750942183643088
272,0.008816957094413361,0.2655959397049633,0.7207909508387337,0.0009035048748202804,0.003892647487069463
273,0.003687855050884811,0.1948284979336149,0.7992064924331385,0.00043767738671743,0.0018394771956443629
274,0.00270428391036096,0.17039742714359268,0.8232380753479217,0.0003570765178090188,0.00330313708031559
275,0.0037733464165618184,0.3594147090272872,0.6344495586644368,0.0003909880056625147,0.0019713978860517855
276,0.00100016284385029,0.23052358973505735,0.7676838254647375,0.0001055864166291352,0.0006868355397257961
277,0.0015216391980881084,0.11339224811468694,0.8829126877401118,0.00027867175672343915,0.001894753190389645
278,0.0008282406601489638,0.4605769861154727,0.5369343820637846,0.0001558655154849181,0.0015045256451088384
279,0.0009411908115947082,0.1768073858912942,0.8213666061013581,9.979918102959233e-05,0.0007850180147233909
280,0.0009504166210486518,0.2595957431598308,0.7378502032347724,0.00012634031591376898,0.0014772966684344483
281,0.0014929739189395584,0.19080636589739486,0.8066537362123136,8.350345849129333e-05,0.000963420512860772
282,0.0008013929562468365,0.12055721026713948,0.8776809716067864,7.196047959909889e-05,0.0008884646902282021
283,0.0003536836079394288,0.07031655390213547,0.9288193492059375,3.9356197754458324e-05,0.0004710570862331972
284,0.00044487873904063664,0.0845512605698576,0.9142489774705091,8.606465580074992e-05,0.0006688185647920051
285,0.00020699265476576144,0.06442888647359211,0.9348198652593998,8.054211963192462e-05,0.00046371349261049925
286,0.0008201585380074747,0.08904962252147965,0.9090214538543847,8.738036464231642e-05,0.0010213847214859543
287,0.0006951713568726459,0.14456654277445996,0.8536094782240183,0.00011263224259807218,0.0010161754020509997
288,0.00037765559537002706,0.05343626611646014,0.9454757836680582,4.1964203447491194e-05,0.0006683304166642801
289,0.0003261836800945855,0.044359735308620266,0.9547748042222023,4.437506365117189e-05,0.0004949017254316911
290,0.0005957750849218034,0.032483817878040146,0.9654751874875139,0.000259922498547427,0.0011852970509766347
291,0.0014352438396533949,0.32546435240508975,0.6700101285896836,0.0004737944104060151,0.0026164807551672287
292,0.0002797753302874201,0.07605883363626816,0.9230066209643186,6.228286072858294e-05,0.0005924872083972139
293,0.000766545410787958,0.09224292970952869,0.9056611706481547,0.00012677351716845598,0.001202580714360131
294,0.0014627553127385933,0.14042475750383163,0.8564755228823775,0.00015169579166138665,0.0014852685093910353
295,0.000718066612490867,0.10051120956630387,0.897783526307475,0.00010146938602969263,0.0008857281277005455
296,0.0008842966535144145,0.147530433887131,0.8504474476203798,0.00012921293007971956,0.0010086089088951536
297,0.0006638305644110331,0.09604985015615955,0.9027008012303436,7.572738175438723e-05,0.0005097906673312963
298,0.0004580655530629469,0.11449477277493104,0.8841177061153853,6.40314760252344e-05,0.0008654240805954556
299,0.0002843311398117251,0.077757190722833,0.9215171043461925,4.121177858524713e-05,0.0004001620125775019
300,0.0002061715160600602,0.05376364277739907,0.9455125019714021,8.162682058741636e-05,0.000436056914551208
301,0.0007879355046548597,0.09418072655830806,0.9041966403281677,0.00010858931754252759,0.000726108291326833
302,0.0012001098176451864,0.1478784296571027,0.8496625950923093,0.00016951157140508138,0.0010893538615379113
303,0.0007090936837151487,0.06575476003327249,0.9320311352056911,0.00018113471087013433,0.0013238763664512932
304,0.0036441759201366925,0.1788294600211945,0.8135131413120315,0.0008065310745213115,0.0032066916721159664
305,0.008263387786632463,0.3287055852086649,0.6540388890018732,0.0017897182305034898,0.007202419772326143
306,0.00560998539406978,0.16444323990646212,0.8234415613099622,0.0023733985794045314,0.004131814810101374
307,0.010076385243988059,0.4136726086614988,0.5358385631802843,0.0320436854483586,0.008368757465870272
308,0.030460256772460573,0.4189671818939256,0.010664085867977928,0.516666824749924,0.023241650715711933
309,0.029065003049102204,0.5322055756496183,0.008678325388675735,0.41942113012470006,0.010629965787903676
310,0.02911678412030654,0.13402706251977942,0.00042935247764353543,0.8109842877312232,0.025442513151047223
311,0.09908569321274717,0.12103442301210297,0.0014611806975569593,0.7461450557702729,0.03227364730731998
312,0.035039803889022766,0.05709573712271287,0.0002679642425897706,0.8996906118436191,0.007905882902055565
313,0.014144868172552248,0.02239355581916074,0.00011141658193154952,0.9534627651987774,0.009887394227578278
314,0.01040081925137263,0.01913556586922261,0.0001197865458359761,0.9625030511455758,0.007840777187992963
315,0.011633184131646223,0.013243277787545768,0.00010096037650860607,0.9622169598838334,0.012805617820466176
316,0.011647284745740718,0.016344780587473164,5.451025907480185e-05,0.9677370890587087,0.004216335349002546
317,0.00797301270163903,0.049653724240505015,0.00025766833650702517,0.9269274010469961,0.015188193674352925
318,0.010018499567339042,0.015649866059548954,0.00011403046807498515,0.9674233600745427,0.0067942438304944165
319,0.009162609046347879,0.016256173557145565,5.503813935814857e-05,0.9591969366815999,0.01532924257554844
320,0.011330615949984454,0.03460792353039893,2.6944944579071253e-05,0.9495258293081843,0.004508686266853181
321,0.009733564600663588,0.022675626335858415,0.0002312647690625375,0.9585162677531242,0.008843276541291292
322,0.01927182652849894,0.005589224146387912,4.872434242439575e-05,0.9370190600111397,0.03807116497154911
323,0.04320359706351464,0.008949721741589926,5.066356823479549e-05,0.9313254028170251,0.01647061480963566
324,0.020644154593046776,0.011150397652667444,6.456750458356586e-05,0.9598542750484679,0.008286605201234391
325,0.012680408937200164,0.00761154684777039,0.00015475342848541342,0.9741473504144048,0.0054059403721394466
326,0.007750670420750268,0.007853963874550394,6.953305329905067e-05,0.9784020597100519,0.005923772941348535
327,0.014277700045245215,0.01207419514963775,0.0001504115397215937,0.9683928028141393,0.00510489045125621
328,0.013205714609712203,0.010409559718265867,0.00042998542040899074,0.9653542589457527,0.010600481305860221
329,0.011540428282384123,0.02737132978690759,9.600596816263102e-05,0.9571446855382444,0.0038475504243012408
330,0.019934620302079598,0.021754257922106862,0.0012353098949876343,0.9256032291220018,0.03147258275882432
331,0.0053389115786119335,0.005725387921498363,0.00030862355071098544,0.9754903762188882,0.013136700730290534
332,0.010640498160045331,0.00779805723047093,0.0002472150002543113,0.9725770868246733,0.008737142784556156
333,0.008622468496583977,0.013302299239368858,0.00034741323634505337,0.9690273386431683,0.008700480384533785
334,0.006177293844568066,0.0058034198617412415,0.00013885334865304413,0.9825108974247987,0.005369535520238977
335,0.006796048584854502,0.0054980055345909985,0.0002521293118655797,0.9812664515355707,0.00618736503311814
336,0.014400937829934147,0.00793205055783173,0.0007680937100142438,0.9651431395604647,0.011755778341755039
337,0.009686254090672423,0.005937252793440123,8.155427570925017e-05,0.9808057133385029,0.003489225501675409
338,0.01083230281461521,0.0025075028343337093,3.346063283400953e-05,0.9841317214335374,0.0024950122846797533
339,0.0080320361594254,0.0021767089369861504,8.655905269439841e-05,0.9815093275740114,0.008195368276882716
340,0.010635156310691098,0.013632678895533407,1.9566769826199412e-05,0.9729478415514332,0.002764756472516173
341,0.022625273571994554,0.01143122491129141,8.508781082930003e-06,0.9637680080451081,0.0021669846905229247
342,0.03462299900777519,0.007788156999577644,4.689861006591632e-06,0.9526853887106127,0.004898765421027899
343,0.03457050503272214,0.038990587092627364,4.131934055575023e-05,0.9180596148689382,0.00833797366515646
344,0.05296426896859411,0.027102102737894363,6.728134204955614e-05,0.908466391556778,0.011399955394683976
345,0.09219625319160456,0.017304800370404168,4.103574674296991e-05,0.8626677332777052,0.027790177413543067
346,0.07991627414016758,0.05966905741203983,0.00021720287256891637,0.8388741385375469,0.02132332703767678
347,0.14792784498705322,0.025989272747132728,0.00028068638873891675,0.1889880424703083,0.6368141534067667
348,0.32141724983691694,0.17069254108816723,0.0018219276550085013,0.37531774053909683,0.13075054088081062
349,0.17461084730265175,0.5645754545721441,0.0021353606008423526,0.2076184532078435,0.051059884316518235
350,0.17881674512964094,0.5899327795915315,0.009362825263489553,0.14946570034695422,0.07242194966838378
351,0.12545886915569582,0.3989627609455862,0.0019378105769798104,0.37311410687176344,0.10052645244997487
352,0.06437047449184165,0.6324896479841305,0.0017527079626516954,0.25112569479888364,0.050261474762492465
353,0.07519586389061503,0.6683178209621268,0.002553315088894864,0.17030798450694956,0.08362501555141374
354,0.09685264453908221,0.06988315429996714,0.0038320011669616765,0.11630931353045268,0.7131228864635363
355,0.7188566832335702,0.12212979940768746,0.0002573909741171664,0.10161382825071234,0.05714229813391283
356,0.18681823220046911,0.673414834894873,0.003899560553666405,0.10846388313704192,0.027403489213949604
357,0.33671148463503525,0.5341478027368304,0.0018388186542633975,0.07162032233764527,0.0556815716362258
358,0.012974326042570828,0.9310769893151379,0.001913496985557606,0.050929052025225935,0.0031061356315077093
359,0.025986760284622934,0.8314419321047298,0.00084590988593168,0.1365770639493692,0.00514833377534628
360,0.006757910299551124,0.9587069462212306,0.0054551233876712485,0.026557249141960445,0.002522770949586441
361,0.004061196405596304,0.9761376475873137,0.006793123012977976,0.011789023299966643,0.0012190096941453827
362,0.012744065597252711,0.9607121930313413,0.00561474124209541,0.018967023906054623,0.0019619762232556404
363,0.013725459767961764,0.9469576556720982,0.001969196483564861,0.035491866369695015,0.0018558217066799974
364,0.006163275346183017,0.9375777089494644,0.0013546580347787872,0.05356659031012741,0.0013377673594463409
365,0.017475344732869092,0.8977208385013705,0.0010045573626293535,0.08113552480587172,0.0026637345972593102
366,0.012369789630048393,0.9340942919292375,0.009131230947537577,0.04230362945680271,0.002101058036373739
367,0.006640606310697581,0.9602000448246139,0.006423993991368269,0.02463141408293399,0.0021039407903862832
368,0.1177699474025053,0.5842899857643636,0.001905263262657555,0.11354915913494835,0.1824856444355251
369,0.02882141640836485,0.9086403156353466,0.001357763370685568,0.05676165888119198,0.004418845704411074
370,0.05891406355555489,0.8762141108135313,0.007185041872576454,0.05235601877766358,0.005330764980673804
371,0.06284490309981826,0.8827541181655206,0.000628009315801621,0.05019898645690111,0.0035739829619583995
372,0.013143156844906065,0.94847864236986,0.002011403769254701,0.034180854163205085,0.0021859428527738166
373,0.006998396490400383,0.9721344165980825,0.0008297419826732101,0.019325750636050187,0.0007116942927937983
