epoch,N1,N2,N3,R,W
0,0.0007788538600905752,0.0004081850912583839,1.744719627030947e-10,8.257738386656769e-05,0.9987303834903125
1,0.000981219516860879,0.0006582426478442517,1.5432447780110107e-05,8.783813001825198e-05,0.9982572672574966
2,0.0013645428408445618,0.0017128141777101686,0.00011300942540467857,9.065641490873418e-05,0.9967189771411318
3,0.005162613332975042,0.0027979370931393486,7.326063904362062e-05,0.0001712235753174377,0.9917949653595246
4,0.003373901127146456,0.0005851004468244952,2.6313523910447906e-05,0.00016174777071792712,0.9958529371314007
5,0.005966287502201652,0.0011242805796352012,1.8302102897811005e-05,0.00045973335495390095,0.9924313964603114
6,0.036975118261216786,0.012340645298670851,2.124459437104574e-05,0.0007119715038488328,0.9499510203418925
7,0.0044070229405375,0.0019874969633725983,6.144673905480799e-05,0.0019772213417766885,0.9915668120152584
8,0.005311920957549256,0.0037004445419587416,0.00014627327636558316,0.004403604063715797,0.9864377571604106
9,0.014460705374293423,0.041212499670992275,0.00017589685120608607,0.000509203544135412,0.9436416945593727
10,0.014781241129122083,0.015804358075576858,5.339008718501048e-05,0.0008442727683724416,0.9685167379397436
11,0.030999261305640364,0.02060000487472722,0.00011097113470820751,0.0004955597122030669,0.947794202972721
12,0.07816660892496897,0.047796131155980116,0.00010810325745921412,0.006061137391406194,0.8678680192701855
13,0.19956630842792444,0.13236818880286594,0.00020721315190565798,0.005909361728278606,0.6619489278890255
14,0.2516902035624915,0.2906940427516864,0.002323853125726643,0.007440434421973296,0.4478514661381222
15,0.18483983000510137,0.04439297124681965,0.0005891571088770745,0.0010788827459308128,0.7690991588932711
16,0.24534282557321282,0.03881686407058938,0.005907156322964949,0.006851920501786161,0.7030812335314467
17,0.0017741745707941742,0.0008353977421849321,5.4281157240203345e-05,0.0031553524094738205,0.9941807941203068
18,0.001511225697522244,0.00031740102884271726,6.707896370338218e-06,6.797167555774628e-05,0.998096693701707
19,0.007623518642722121,0.0011889051122135465,1.731294759368694e-05,0.00017218932889798524,0.9909980739685728
20,0.0062151320944670765,0.002065485897973914,7.295765865410019e-05,8.358925357519973e-05,0.9915628350953297
21,0.008671606350372065,0.0022712581174734806,2.0506305554037628e-05,0.0001892642523195865,0.9888473649742807
22,0.04691848558256578,0.02154553035557757,0.00011308269457463754,0.0033169148659576582,0.9281059865013243
23,0.011710266317286213,0.006063640974352826,0.0002053546202112129,0.000337967796231027,0.9816827702919187
24,0.03346635612547879,0.017058626994945304,0.0001865159242190569,0.0016054262761717216,0.9476830746791852
25,0.028629005081003037,0.009778215407305646,0.0002930839760419568,0.0005271919482382039,0.9607725035874111
26,0.04212723100502334,0.030021074440675064,0.0024730392630163203,0.0028861894383384553,0.9224924658529468
27,0.016234917928636718,0.038614006859942304,0.003913394132893217,0.0011863669922927522,0.940051314086235
28,0.002652257319202353,0.0026303395748960247,0.00017159143118950656,0.00022037170278103418,0.994325439971931
29,0.011255526554391675,0.019164180430080054,0.012473581318672947,0.000757958780174019,0.9563487529166813
30,0.005601866790066392,0.007253981353975755,0.0020433384145007653,0.00011510886825295849,0.9849857045732042
31,0.021815051392464722,0.034780817326304656,0.007246916923209238,0.00023755147238891175,0.9359196628856324
32,0.026376786511215528,0.02723366480983878,0.0142344275149712,0.00029168590959642885,0.9318634352543781
33,0.007723536967329381,0.012193727578469482,0.0018541509945103106,0.00011872015345236448,0.9781098643062384
34,0.044579700048250875,0.038479884749472365,0.011454181523290686,0.00047989149723505655,0.905006342181751
35,0.31187564300044945,0.29913940919741655,0.03390132400610172,0.0005059909151486902,0.3545776328808835
36,0.2745855780908994,0.30544015219942194,0.035746977512390914,0.005608329072031013,0.3786189631252566
37,0.2530653587774402,0.5735922054376343,0.059263059423487294,0.007345065882449307,0.10673431047898882
38,0.113082260344763,0.6968238315141171,0.07179970172678586,0.006921176937875543,0.11137302947645857
39,0.10048334441730798,0.6500103079040146,0.08618025290064335,0.0077799157734851935,0.15554617900454884
40,0.07750956426685782,0.7004104047681718,0.16398464606711768,0.0034921627430617155,0.05460322215479103
41,0.03638741181806003,0.05537381365028268,0.001501087060159914,0.0013288307031271067,0.9054088567683702
42,0.04768577648200753,0.050568742022552605,0.00526461509111157,0.0011287031947615593,0.8953521632095667
43,0.06978630729049623,0.03985052849692729,0.007342007497171878,0.000969938526965378,0.8820512181884391
44,0.13679058522977694,0.11327214584303667,0.005169843173890613,0.0006440581858880447,0.7441233675674078
45,0.1908866749806941,0.30665383321445916,0.029793951482889897,0.003588276912373869,0.46907726340958306
46,0.22056583716464556,0.43208737069325776,0.061336148178456756,0.009305052082350227,0.2767055918812896
47,0.1360409289138781,0.6381094871865408,0.09606318694134476,0.012533002152406117,0.11725339480583026
48,0.10238118355177873,0.6416610907204832,0.15730399201063783,0.008971826052929,0.08968190766417121
49,0.0366172454842536,0.7823046072610975,0.13327371345483957,0.004457126427233787,0.04334730737257556
50,0.02940068211593123,0.8047302209893836,0.1469750799736388,0.0018407031029715351,0.017053313818074647
51,0.03986427844289635,0.8117619277598114,0.11818938780718889,0.0015833261800229075,0.028601079810080532
52,0.036840949380756285,0.5806785965571993,0.323422107673718,0.003781755104002794,0.05527659128432359
53,0.03314578596569953,0.7134005620630305,0.21825314793608816,0.001722344245960353,0.03347815978922161
54,0.02649161660890769,0.3906056691562696,0.5499746012634803,0.0023933084726522518,0.030534804498690133
55,0.017114164830422437,0.27755729272977103,0.6924612026421606,0.001087009126880974,0.011780330670764817
56,0.018193617375761438,0.3441509260377487,0.5980735531519149,0.0030430072036531685,0.03653889623092172
57,0.017083620960979387,0.3005182903622245,0.64394210080323,0.0019594287801643698,0.03649655909340175
58,0.015239403980370932,0.2513071160812626,0.6906496469987858,0.002304314052171155,0.04049951888740948
59,0.011182680196145687,0.1844158418117154,0.7650523137374583,0.0012468092421677557,0.03810235501251288
60,0.0077266161130002346,0.08775486353710078,0.8689261695522567,0.0008669812537509753,0.034725369543891244
61,0.009888789786324096,0.1769884844425575,0.7653563833633505,0.0015287879704405968,0.04623755443732724
62,0.007803763632209491,0.09694097937590584,0.8362107350849611,0.0006555860475641064,0.05838893585935929
63,0.005786756729925274,0.06481723882552604,0.8803115770829841,0.00046172264021192934,0.048622704721352716
64,0.004214417944961157,0.047511468654730854,0.9219247972632636,0.00038079922056759156,0.025968516916476735
65,0.0043559856388540935,0.05520797666741915,0.9190646900271309,0.00045434736005718087,0.02091700030653883
66,0.005244286304599084,0.07298296475731153,0.8905217133351282,0.0006630414895519332,0.03058799411340923
67,0.006078028713109796,0.07727960090582428,0.8795190551729835,0.0008839795787959569,0.03623933562928649
68,0.0059394043679795745,0.08593144722635893,0.864465292951753,0.00061190105599679,0.04305195439791169
69,0.004707593615778935,0.06260786792528958,0.8730823804279156,0.0011336986883408787,0.05846845934267528
70,0.014233417735458153,0.12947051032891205,0.7169790469750933,0.004215595482956105,0.13510142947758047
71,0.0006804373375302847,0.004720916277070195,0.9836205592826465,0.00041064229197071433,0.010567444810782407
72,0.015484272822316951,0.07727623164769348,0.6063499386346524,0.009854232828844177,0.29103532406649296
73,0.01945859483382611,0.08112264431189292,0.5022948177791592,0.00672355221434832,0.39040039086077344
74,0.03805719531791092,0.10717955598692291,0.008379488934990213,0.004339825776486225,0.8420439339836898
75,0.00041158001685278337,0.00048338424237363717,5.8680912127159414e-05,5.491629285749602e-05,0.998991438535789
76,0.00452262949344235,0.0015274309522464238,0.0002767776588383057,0.0002887044697255829,0.9933844574257473
77,0.0009979693750549615,0.0002466453474694733,0.00016157551487611224,1.4695766405597467e-05,0.9985791139961938
78,0.004647056463996585,0.0024159364508622933,0.00018363687776819666,8.420604943693026e-05,0.992669164157936
79,0.00387418195709606,0.008672261042609162,0.0002489953120331371,8.373115320244249e-05,0.9871208305350592
80,0.0016114227037858603,0.014436999870942775,0.00026245468914570254,0.00013606467776626878,0.9835530580583595
81,0.0034289825836421955,0.0007581056193928391,0.00033532863239455526,4.017498118366244e-05,0.9954374081833867
82,0.014748953576840002,0.0014916502716276194,0.00038655525717954314,0.0006467645438115114,0.9827260763505413
83,0.0017410750271073308,0.0023170016327370133,6.651934036008254e-05,0.00018454479184841198,0.9956908592079471
84,0.0007050947270926201,0.0004837534449968064,1.1537551023110085e-05,9.273115689710383e-05,0.9987068831199905
85,0.000189847363161847,0.0002091000509065619,2.051381641205367e-05,1.620525039961489e-05,0.99956433351912
86,0.0025827147241243684,0.002723069104099015,0.00034583689759599436,0.00018404646659425395,0.9941643328075863
87,0.0022082260745805195,0.0026086700506795023,0.00019206884798968264,0.00011210524630535523,0.9948789297804449
88,0.001643424104126946,0.0008516755713948624,9.609264892251406e-06,0.00011973025647689938,0.997375560803109
89,0.0018201076729710448,0.0014992274442856832,0.000377789549025431,6.602471665265942e-05,0.9962368506170651
90,0.0008630730755948891,0.0003667088349061145,2.3470021058240896e-05,5.511361278721168e-05,0.9986916344556536
91,0.0017251971950585604,0.0004978764330808392,1.3700135256898912e-06,0.0003095195296553724,0.9974660368286795
92,0.002045334979206015,0.001162155794854284,3.69606359711689e-05,0.0007673749868585806,0.9959881736031099
93,0.0018798633225602106,0.0022383083028980396,1.2510449547525816e-05,0.00044715907528468884,0.9954221588497094
94,0.009854227556957702,0.0030547582658089364,2.546939352662585e-05,0.0005849883128056093,0.9864805564709012
95,0.029221867129762432,0.015101096727445286,0.0011522829789111858,0.007144499655381186,0.9473802535084999
96,0.014862185355025356,0.0027589659553429475,0.00012181876047468217,0.0039379438091724,0.9783190861199847
97,0.0038490365934103392,0.0012967084803674205,2.890152747044294e-06,0.0003955015372446012,0.9944558632362306
98,0.023748055456659662,0.0024776578841491045,0.0003705610675201017,0.0005564865004525238,0.9728472390912186
99,0.00997121911911955,0.0026094646917063594,2.0426776443099384e-05,0.00018522472333921272,0.9872136646893918
100,0.009279564473711897,0.0009685138121410652,0.00010610434175530682,0.00014175349519048993,0.9895040638772012
101,0.02156677132957293,0.011104164048607252,0.0006172365254449773,0.0002595115391202703,0.9664523165572546
102,0.007675397036735963,0.0005219120653081069,0.00012469913172969313,0.00017134683197647595,0.9915066449342497
103,0.00413056358292632,0.001133793865781836,3.6576779609137277e-06,0.0006362257886211483,0.9940957590847098
104,0.004197589030899939,0.001307220920193301,0.0009505286893745274,0.0001575505078882775,0.9933871108516439
105,0.0017980126050153008,0.0005788619224884258,0.0003899546953760943,9.274072329265836e-05,0.9971404300538275
106,0.0010057087243721915,0.0004505460626367056,6.121231540089351e-06,0.00030529322679377245,0.9982323307546572
107,0.0015024076178086637,0.001009256197414411,2.6575972384925847e-05,0.0002086469554449319,0.9972531132569471
108,0.002356793332166401,0.0014252223044899444,0.00032533315026112393,0.00011791588608726727,0.9957747353269952
109,0.0023341429869195066,0.0005658326815623712,1.2522416111103266e-05,0.00011291712227598924,0.9969745847931311
110,0.0019158068779889781,0.0008617567591998278,7.0051659153634555e-06,0.0008538571789891548,0.9963615740179068
111,0.0010373018363108808,0.0001984709858058792,4.619767178056476e-06,0.0001297217258114045,0.9986298856848939
112,0.004371569280322552,0.0007172751601922,0.00021988055195467277,0.00021239170522896798,0.9944788833023016
113,0.004524218560383705,0.001028377571866442,0.0005636009732474782,0.000719272250833778,0.9931645306436685
114,0.003392269529525487,0.0011956063539676572,0.00032541819659219696,0.00018243980008771828,0.9949042661198269
115,0.025679287250329905,0.0019751466806846286,9.326708583370012e-05,0.0009417776010409476,0.9713105213821107
116,0.00650777765072802,0.0025938320612354537,0.0005796118937919339,0.0006205109431168212,0.9896982674511278
117,0.003035331820700517,0.0020042079734387454,0.0006243582019504855,0.0003371799876454283,0.9939989220162649
118,0.017803899163678968,0.014977278124754074,0.002698101887928054,0.0014616879776796015,0.9630590328459592
119,0.0074411507557553295,0.01094643464011726,0.0020853450508434646,0.001226852630496019,0.9783002169227879
120,0.00239552637930031,0.0017888817053505737,0.000371875870985433,0.0002168387897022192,0.9952268772546614
121,0.016463630524980732,0.011177188532890734,0.0016680532824703623,0.0018785703618230535,0.9688125572978351
122,0.045466661143243124,0.022112265556922635,0.0005571429965053194,0.0015983482078141006,0.9302655820955149
123,0.03468430580466786,0.011911641673397706,0.0009641308859726999,0.0011547842265231649,0.9512851374094387
124,0.08751919414012634,0.03434952023022069,0.002483235060413135,0.005761552212407645,0.8698864983568322
125,0.24910909391739852,0.06512512749734106,0.008766618494006175,0.025956338089317302,0.6510428220019369
126,0.09802331417513394,0.07339356250394972,0.006694467494484138,0.03916821896692145,0.7827204368595106
127,0.18367208824878767,0.11264069928260219,0.014338690512444885,0.06727952522908935,0.6220689967270759
128,0.09340882908359624,0.09251420522151481,0.012775706502147958,0.0646297553613115,0.7366715038314295
129,0.17440292016844872,0.38134044180399973,0.02816649652141376,0.09342604005536571,0.32266410145077196
130,0.013845170485104833,0.005150073843971974,0.0003037243320055591,0.014871560098307892,0.9658294712406097
131,0.06425442923133393,0.03891878862695106,0.004301706134310547,0.023989597696870882,0.8685354783105336
132,0.12141053062281768,0.09489478398804713,0.0027952909394840623,0.043065906840489304,0.7378334876091618
133,0.08430463458517877,0.06839947690227739,0.007426105522823964,0.06764400429169987,0.77222577869802
134,0.19598586864970752,0.15123382893480583,0.02415824391342086,0.15476155935019134,0.4738604991518745
135,0.1979592697771268,0.3446201634025438,0.02936660826984214,0.14865734074730616,0.27939661780318115
136,0.127198288377695,0.10472142702146406,0.004245151570126126,0.043027158288511995,0.7208079747422028
137,0.12494243141481377,0.10188279910921913,0.0024158525558452986,0.008714640760548962,0.7620442761595728
138,0.3510235733736875,0.46320770049871557,0.006671300188581717,0.020396933936237035,0.15870049200277814
139,0.4486775439708189,0.4203366226648962,0.00943484161235808,0.019282933382096478,0.10226805836983037
140,0.2823112401132275,0.5516293671573811,0.040507838880292725,0.05982607453566703,0.06572547931343169
141,0.15542980608131657,0.5316768491752001,0.016244970225118924,0.1383994095742186,0.15824896494414578
142,0.217340672498255,0.6474339426727967,0.050409341120142,0.02964976659546415,0.05516627711334202
143,0.12098679566746758,0.7121864240852185,0.043533005858313704,0.07176196570892655,0.05153180868007373
144,0.1865634682141343,0.6496023894384078,0.04706986268563017,0.07906324361003991,0.03770103605178783
145,0.07204160130294802,0.7624823121667611,0.08274612725847044,0.030892027427073355,0.051837931844747186
146,0.0300612808481995,0.8690516965102264,0.07078646997890904,0.013763368926635355,0.01633718373602958
147,0.06393509146292553,0.8392880529131318,0.059543976700428415,0.017605660335201525,0.01962721858831279
148,0.08564165319220077,0.828437293579425,0.047094836651902394,0.013171623459372282,0.025654593117099694
149,0.18423251389391948,0.21868010718650502,0.0013807711195555864,0.04304379471879035,0.5526628130812297
150,0.22688247670563305,0.6824722026595321,0.03078237456084962,0.016982953377002948,0.04287999269698229
151,0.13037817091002246,0.8123748762359635,0.027667712645241312,0.007012785561633603,0.02256645464713934
152,0.252409187359055,0.6677944576324825,0.020701385260337393,0.012806953583278767,0.04628801616484648
153,0.019339113298802724,0.9067758359776045,0.05707619321756172,0.007024811170423505,0.009784046335607421
154,0.15232348773792245,0.7390524931019709,0.03437257283335227,0.05168927065954509,0.022562175667209416
155,0.055661251977237425,0.8938080590906003,0.0074991295109207426,0.023694698489538847,0.019336860931702678
156,0.04393652649882463,0.7714560039003203,0.07871112484083219,0.003106109074678967,0.10279023568534397
157,0.3715401536910339,0.24914221429709185,0.0005763973747270191,0.02354510627163506,0.3551961283655122
158,0.46715156587104634,0.35260928873488584,0.10793665762883199,0.03640495673594854,0.03589753102928726
159,0.31699724315545025,0.48403341840830666,0.1150796946243964,0.030307799450117266,0.053581844361729525
160,0.1781313694045258,0.6137511580134197,0.08266163016532996,0.05977179890621622,0.06568404351050837
161,0.04470245968546555,0.7950569114715293,0.1244735287832449,0.010662883715812992,0.025104216343947224
162,0.0795793480905114,0.8128627221972438,0.05652276137334662,0.04310390855435996,0.007931259784538278
163,0.06160137391992183,0.7929448233841293,0.1162311203382425,0.023342406009004352,0.005880276348701965
164,0.042617720795397114,0.8309628733851679,0.08961933512954247,0.02711324199455871,0.00968682869533387
165,0.13501036796334012,0.46951611877805094,0.1607280558281114,0.20520621027811511,0.029539247152382316
166,0.1237865683469487,0.6240749314166587,0.21307458378366637,0.025897610847856658,0.013166305604869642
167,0.057394096669158894,0.6225895340071628,0.1899083875273974,0.07787301666280405,0.052234965133476925
168,0.10187250774462116,0.7261615605989518,0.09327021276023018,0.04547587017481148,0.033219848721385434
169,0.0658711868366858,0.11936547727923737,0.00045894049992259114,0.039298205377169326,0.7750061900069849
170,0.14035341144869065,0.2368707569457035,0.0007800951452626724,0.054668156050610865,0.5673275804097323
171,0.1787339078722435,0.11167785247626763,0.0005792498872750106,0.008350466273610002,0.7006585234906039
172,0.21055362300933952,0.26373021842980915,0.02181196876133837,0.06838142601259002,0.43552276378692306
173,0.02080425288222909,0.00983807621036498,6.486109626630507e-05,0.0018208259888372257,0.9674719838223025
174,0.12223773290048305,0.15479004751329117,0.0008408060768165786,0.025887215362111686,0.6962441981472977
175,0.09159136043169898,0.1401134361621378,0.0011898141014145104,0.038342645846515616,0.7287627434582331
176,0.1720699800601379,0.08054603845221153,0.0018631590856505462,0.014484871947544265,0.7310359504544558
177,0.2603493043484954,0.18021962125202556,0.005931695078295517,0.11136407809143173,0.4421353012297518
178,0.03371122969075417,0.013854990153982257,0.00012398794699922753,0.03687912319742361,0.9154306690108407
179,0.05688398282907017,0.012319215311878726,2.1350434533532966e-05,0.021942934513455525,0.908832516911062
180,0.07465671211435465,0.01846261006056923,0.0003209487511313354,0.009826846202456824,0.896732882871488
181,0.17008718738759507,0.06495118622068338,0.0011829374001014659,0.006540254809747963,0.7572384341818722
182,0.2531240133451898,0.1244679240743205,0.0015190334449564384,0.015323008334025941,0.6055660208015072
183,0.3882926273715473,0.15400394886599447,0.0025551136106399196,0.06420376329647963,0.39094454685533864
184,0.13065177541465636,0.7175230425853573,0.0004999974042918207,0.07674023993256969,0.07458494466312492
185,0.26307689065394313,0.47658276813927364,0.0004603259894339493,0.14970786989162355,0.11017214532572582
186,0.05749058607061312,0.9179409249557311,0.002108940575637092,0.013812693745944743,0.008646854652073845
187,0.32632912273280534,0.5925170160675345,0.0044807061561515545,0.017825875670688864,0.05884727937281972
188,0.021510478055000958,0.9599940103217198,0.009391124081483312,0.003400968761608181,0.005703418780187775
189,0.1437783109648471,0.6783318718155619,0.039337968082998186,0.09581686698906976,0.042734982147523144
190,0.09414975002744512,0.8442214891624236,0.03239827665405963,0.014998608652055975,0.014231875504015798
191,0.05176323268795561,0.8923629914116749,0.032497586892451594,0.010978810417498236,0.01239737859041962
192,0.05891411051130927,0.8627108004914273,0.039137514247986116,0.024990277588980092,0.014247297160297176
193,0.06715467607369197,0.828890566159963,0.0714713367732741,0.022256883313859197,0.010226537679211598
194,0.037391413133048154,0.8076589686195819,0.14161958235797853,0.010043492443623224,0.00328654344576825
195,0.03658233941791321,0.6380427849683782,0.30936752939158874,0.01118254557421229,0.00482480064790755
196,0.03251464149359822,0.7121637271493582,0.23711136802505414,0.012142910702732988,0.00606735262925651
197,0.025945561794552367,0.6860773272876148,0.2738230423752729,0.007427000404984284,0.006727068137575629
198,0.08467648080040373,0.63704665197955,0.2510288304200969,0.018492664951734107,0.008755371848215229
199,0.046137855287371146,0.5761871275663372,0.35631352967253893,0.01163353228606671,0.009727955187686021
200,0.0722766437232152,0.5353524854082703,0.32329564819486595,0.04671022789809174,0.022364994775556795
201,0.03711341835842261,0.5135808927603187,0.42455318089653116,0.016845002045762322,0.0079075059389653
202,0.03476617774053035,0.5257790308827838,0.4220134882886268,0.010909816821911522,0.006531486266147704
203,0.023797562313889666,0.4037008429707711,0.4985767402453322,0.06842351776971399,0.005501336700293211
204,0.015739500406514076,0.4787923154209719,0.4952759519143046,0.007328997614102158,0.0028632346441073765
205,0.019321311183934292,0.516553450692788,0.44623158052278583,0.012658950539998416,0.005234707060493436
206,0.008359316734704468,0.3805041699686557,0.5931942555046149,0.014563842563150395,0.003378415228874629
207,0.014966945749499513,0.48683083232377883,0.49202939766154397,0.0037768392798769876,0.002395984985300828
208,0.01349466709181145,0.3855572287060197,0.5887357907977747,0.004677417477752154,0.0075348959266418394
209,0.011031398309647686,0.4099647956905533,0.5719562852491761,0.004267540401332031,0.0027799803492910475
210,0.008717466551629083,0.20271368842425125,0.7829410628347547,0.0033577965277956263,0.0022699856615693613
211,0.010476179885805658,0.20032815123993863,0.7758823050684985,0.009252127355228698,0.004061236450528652
212,0.009915431543777583,0.29359648962956686,0.6835331274289898,0.007088719588706905,0.005866231808958779
213,0.0070440975717742,0.17423107094322832,0.8045292313057101,0.006120648638720453,0.008074951540566993
214,0.004880451780112711,0.084698587255922,0.9000915255336683,0.0037337480609914973,0.006595687369305413
215,0.026377540798254176,0.48524528552345225,0.43884551374589936,0.02243539092430693,0.02709626900808723
216,0.01943874958886528,0.4056667998212656,0.5340527396095353,0.015412318385408543,0.025429392594925423
217,0.0155105572571706,0.33253175404556284,0.6213932089598815,0.012865065094893593,0.017699414642491397
218,0.0012217398394196901,0.0656270217321368,0.9302210180949512,0.0009233592059368959,0.0020068611275554493
219,0.021204944172583083,0.6363029371957621,0.30038375362215647,0.01725608924406458,0.02485227576543368
220,0.0013028356726247502,0.07635114436613766,0.9155086253577349,0.001992115341910215,0.00484527926159251
221,0.009606793187293662,0.2591719927481806,0.7193137387172177,0.005280739064576108,0.006626736282731918
222,0.003246665950684935,0.08550372524486471,0.9028019343005933,0.0025294220340128506,0.005918252469844075
223,0.01661527882330047,0.5690980159927104,0.3490694767831727,0.02252444504796239,0.042692783352853994
224,0.018912462656790554,0.5272370821113671,0.4131318319849359,0.018123662116629413,0.022594961130277008
225,0.004222116576466435,0.11593638503490475,0.8682051866474167,0.0036181997373659304,0.008018112003846146
226,0.020348352405145785,0.37733999655948053,0.54866637034144,0.015510389783763174,0.03813489091017055
227,0.014360892086525039,0.33320812138499817,0.6092250902488909,0.010259738027224293,0.03294615825236144
228,0.017650256351942124,0.42261271289018765,0.5001185451842546,0.017293251087780508,0.042325234485835174
229,0.0072455137388544345,0.16018573409190914,0.8042784619404112,0.007587619088266285,0.020702671140558966
230,0.0169724042112299,0.407430191303838,0.5131705607133374,0.02049769193852195,0.041929151833072595
231,0.01584930383003731,0.2930297843912005,0.6453095780693124,0.009943220506673208,0.0358681132027765
232,0.02203897350332936,0.415915221002224,0.4706141080640031,0.022093481847393702,0.06933821558304987
233,0.002469651132002005,0.05653971666557933,0.9330587415213921,0.0034828734702186948,0.004449017210807833
234,0.025490951016966044,0.44132071345788787,0.4343390472145576,0.04175895423640029,0.05709033407418811
235,0.0077674964015306954,0.19126167308523062,0.7531181872722663,0.018721667484423846,0.029130975756548563
236,0.008149512133444805,0.2169706920213541,0.7492902551348724,0.011171226242691791,0.01441831446763707
237,0.001473823149975372,0.04066548277085948,0.9524136875267477,0.001745910905744347,0.003701095646673108
238,0.01711704888208586,0.43380575536774907,0.41883599384638953,0.02824229280722947,0.10199890909654612
239,0.05073965838054431,0.4526224821822172,0.05094423928143111,0.030300739782442677,0.4153928803733648
240,0.0039021182371339032,0.005062530703848933,0.0009392237954312517,0.0011628472502874855,0.9889332800132983
241,0.009163980925299691,0.004068441941977111,0.0004980491772562507,0.0011321861886157598,0.9851373417668512
242,0.1102561690120043,0.054791481488199165,0.0010112576946867942,0.0159491744745175,0.8179919173305922
243,0.05736294543193082,0.030826581415919232,0.00040273064906541585,0.012499872255812812,0.8989078702472716
244,0.005021011257773491,0.002128762380724839,0.0003171995978622566,0.0010772399356974987,0.9914557868279419
245,0.023686098370281836,0.005583416737453689,0.0002736525612330708,0.014156496928734096,0.9563003354022973
246,0.014289761946482543,0.005698964523176769,0.0001454164648728584,0.004953838698019292,0.9749120183674486
247,0.12081190655221698,0.058851322901105285,0.005020997598430591,0.013390110067674415,0.8019256628805727
248,0.1726049954404834,0.14642601924115253,0.027140262171880557,0.0827408415444086,0.5710878816020749
249,0.2569333332384266,0.25071959044938874,0.03530916392218428,0.19482291036923097,0.2622150020207694
250,0.23604054192048332,0.294832951090349,0.03184147278871305,0.18716644540705865,0.25011858879339605
251,0.10109628298195358,0.3111115599984527,0.015979437957483314,0.14851612448931717,0.4232965945727933
252,0.2138538689374325,0.09294153111439406,0.0006504627883240951,0.533673627094698,0.15888051006515136
253,0.13668749600594618,0.15854389582178044,0.001447111269032535,0.36969625089224106,0.33362524601099985
254,0.23645812395302593,0.2308622340818457,0.004178244572309954,0.2212106186471747,0.3072907787456437
255,0.2812694098608439,0.2670655470197343,0.00045371308187911927,0.35251559107408,0.09869573896346273
256,0.14452615404342975,0.35075455975725855,0.00554244890815786,0.2640341877550428,0.23514264953611103
257,0.0835056471510113,0.06285004473688008,0.0006033641267746762,0.1737776019570946,0.6792633420282393
258,0.23047234513534573,0.06034555165471819,0.0015892602402020333,0.4810484253751715,0.22654441759456254
259,0.14695723004720976,0.14621065070242617,0.0004760266067634821,0.6146162704465772,0.0917398221970233
260,0.11596637931815636,0.38627453407163936,0.0029659259542581533,0.24259474995799019,0.252198410697956
261,0.2848086589805801,0.17904770260751404,0.0006886070633854611,0.4746445462723394,0.06081048507618107
262,0.155901707989322,0.06795970344677238,0.004323479776588863,0.1893818815654082,0.5824332272219085
263,0.291307026814872,0.12836143151504595,0.0009467623215585081,0.20185855544384343,0.37752622390468
264,0.21801153191909164,0.2446154277101663,0.00035764535040550357,0.3389936516553231,0.19802174336501335
265,0.22482718622385942,0.1645251741643187,0.00025728901163888377,0.4292971346640914,0.18109321593609168
266,0.28500278959918124,0.12747435000833526,0.002088983013962915,0.3630709903154305,0.22236288706309013
267,0.17071863691934186,0.2631322403559923,0.0008303307638165856,0.4802475287807995,0.0850712631800498
268,0.19180912619006074,0.19641481910126887,0.0004826719533533818,0.4685965560492871,0.1426968267060298
269,0.04476345961114213,0.058659386726866276,0.0007055991801297346,0.8278713021255812,0.06800025235628074
270,0.20108622455623806,0.08870654848849387,0.0014799431175923463,0.48299687702827054,0.2257304068094052
271,0.15217134706357505,0.15671481109870297,0.007630680029389854,0.3111024598545391,0.37238070195379314
272,0.0954879670669595,0.17220412115019926,0.008175159145421154,0.4103394901964098,0.3137932624410102
273,0.11562837753724654,0.18347800081195031,0.0043255779267956426,0.4757987096896586,0.22076933403434895
274,0.16423008238334552,0.3245420566728577,0.005657292246736848,0.28938252550499716,0.21618804319206278
275,0.10399075300783703,0.14328787083106923,0.0011838241778314193,0.5260224192242546,0.2255151327590076
276,0.2015689053764562,0.25063685558591153,0.005170900990122719,0.40628907522632346,0.136334262821186
277,0.29466873707427405,0.15159814329967872,0.000491668799920838,0.4989532731217172,0.054288177704409135
278,0.38338991858089305,0.18774188061058666,0.0006800853126357425,0.1400279005503519,0.28816021494553257
279,0.33150901576491837,0.2807248892437352,0.007880740576995334,0.28182061353509,0.09806474087926101
280,0.21941617563933283,0.23482117406922431,0.017080768686660884,0.3953898216360118,0.1332920599687702
281,0.1648734884234768,0.2854980453432033,0.059658380881898794,0.386157223791475,0.10381286155994623
282,0.14552497544365825,0.34367192129307234,0.03262314472644899,0.34226920489680907,0.1359107536400114
283,0.13789073534593516,0.31894889049226793,0.013893068897145658,0.23231558578561298,0.29695171947903826
284,0.1715128304909673,0.3367013687609811,0.0189227793855678,0.30668451333558927,0.16617850802689443
285,0.21107430482452255,0.2949881904533949,0.0013379901463028059,0.4212222799220853,0.07137723465369433
286,0.39336148141828287,0.1358503798894097,0.00042753713518210636,0.4485984886930648,0.021762112864060514
287,0.3634462734431359,0.15856183516495695,0.0009461167336696944,0.0690913427475578,0.4079544319106796
288,0.3054975504993087,0.24377304724515814,0.04995088535178715,0.17059860696591558,0.23017990993783033
289,0.2155950970112968,0.28241959327772587,0.020665435754921472,0.2687663146435274,0.21255355931252837
290,0.1616479258246586,0.42411606840900434,0.03100274651884186,0.2823218858098407,0.10091137343765459
291,0.14707545393888474,0.2644029961314912,0.004515758796025686,0.2722539286500419,0.31175186248355646
292,0.27029715387245373,0.4033938523974841,0.008819144115118952,0.13282283216816212,0.1846670174467811
293,0.15524471043404764,0.6167329263646539,0.047880879855935546,0.12733226795794678,0.052809215387416064
294,0.1532206504443127,0.7678744797805532,0.01847755087741313,0.0466438821472533,0.013783436750467675
295,0.0969821879753375,0.6223736948934048,0.11404264150850896,0.12823428210267865,0.038367193520070064
296,0.05139099897249524,0.6124195997514823,0.21629351795508525,0.09201173622163232,0.027884147099304868
297,0.029933598322745652,0.7580728167132511,0.11884773460359377,0.05630587031951641,0.03683998004089316
298,0.03494187592236693,0.7056256696344049,0.1481783511436287,0.06582545704501142,0.04542864625458787
299,0.019716952119452458,0.6912060597896327,0.18047120184697046,0.042872193881168204,0.06573359236277627
300,0.025932328422236486,0.7959452152955596,0.11754735296318747,0.022201886532145415,0.03837321678687083
301,0.03304552197017543,0.6985197163730026,0.0904789907941795,0.10170554178377034,0.0762502290788722
302,0.03363122239616852,0.6405232405716218,0.12123319547716095,0.11309827378869798,0.09151406776635072
303,0.043771220759692676,0.8014065191994247,0.06617630408134484,0.05380332734757212,0.03484262861196568
304,0.053632645953687066,0.7146252616051993,0.07730036710576603,0.0689711658112451,0.08547055952410257
305,0.09698110004347228,0.45505479207988403,0.07280526795693872,0.14573011327153643,0.22942872664816857
306,0.11841561949601064,0.04413827428434585,0.001237809641739081,0.008562142617335462,0.827646153960569
307,0.37227693005769225,0.5106734595802614,0.003973603213640465,0.03520907754408186,0.07786692960432422
308,0.37033377673348294,0.2894583845656457,0.004952620454772085,0.031030807326252758,0.3042244109198465
309,0.17815954530255207,0.557221630501986,0.06902922130168257,0.06154861482005431,0.134040988073725
310,0.17131094834948657,0.6817148194776471,0.021887861373493037,0.05487862253128107,0.07020774826809215
311,0.09609047119988047,0.8369947012699854,0.016147985431822658,0.01708217558826673,0.03368466651004477
312,0.04380992101220792,0.8003018208423958,0.07043929941976508,0.041102910119343423,0.0443460486062879
313,0.21426860527830832,0.41129082494979174,0.0006951256946794508,0.1521063599672219,0.22163908410999858
314,0.025721440214884032,0.9234717521062268,0.0026466035296500655,0.03217741266250316,0.01598279148673601
315,0.10223223044317654,0.7932504301171424,0.01018707006856493,0.028162362080691828,0.06616790729042435
316,0.19402393586601674,0.6776165790647019,0.0005105787064226204,0.10760257275575517,0.020246333607103713
317,0.02501306207309148,0.9489755432727695,0.0029798237322688492,0.013388465688726021,0.009643105233144345
318,0.31911594712681624,0.5215804166919088,0.012281414592602811,0.13639648937430512,0.010625732214367028
319,0.058688408229565836,0.8470062607517044,0.010512589240805116,0.05805152539909484,0.025741216378829965
320,0.008196516922127316,0.977386859666007,0.0027362362398862155,0.010565096411166089,0.0011152907608133768
321,0.010094516842195025,0.9396151528470779,0.04000378739382604,0.0057922758842966,0.00449426703260427
322,0.06405970034247574,0.8753568954509466,0.023357194734563085,0.02455112072849352,0.01267508874352105
323,0.027410682649913084,0.8928051051650261,0.05692947178915161,0.01340722516392534,0.00944751523198388
324,0.016343064116626838,0.9260424618571125,0.03598136717639768,0.01394368443306914,0.007689422416793844
325,0.0298507634899769,0.9113223959754603,0.026537163634350283,0.014932097798646902,0.01735757910156583
326,0.0507511102098319,0.7199193314102648,0.03552421231716026,0.1854128746520977,0.008392471410645187
327,0.04534465804781667,0.8912754156627566,0.02299942374845418,0.028280329409554102,0.0121001731314186
328,0.015873247866692208,0.9255269268550982,0.04210377138366637,0.010310998808464316,0.0061850550860788975
329,0.01797089920369415,0.8706918661137669,0.08142661305412857,0.023646243797003405,0.006264377831407188
330,0.02654759618590675,0.8963305318480685,0.05530446340882181,0.014052218866265323,0.007765189690937408
331,0.02747031089872351,0.8800089316381011,0.03750934446022091,0.04300466918152469,0.012006743821429687
332,0.039815806419184696,0.8835858822844723,0.05958221464747252,0.012733964558033653,0.0042821320908368
333,0.037634026241400935,0.8151480723875577,0.02497762279327428,0.10452206177816865,0.017718216799598584
334,0.010837305919054501,0.866526180250522,0.11425847870251146,0.0061132057003568906,0.002264829427555011
335,0.04491973404065154,0.8707842334565313,0.050975156601245374,0.02574075308939893,0.007580122812172995
336,0.0230061958202907,0.872571310519502,0.08852238528624243,0.009375363170962716,0.0065247452030020026
337,0.04394641294309916,0.7945563240755043,0.14426340545607763,0.0094439556068766,0.007789901918442287
338,0.05876982140347364,0.7171292054758521,0.20645458972594022,0.013027395714878754,0.0046189876798550826
339,0.013209338112274307,0.7987967610976745,0.18126663160917947,0.002682755304906807,0.004044513875965036
340,0.08147640100746638,0.6755974374773208,0.1641475816568878,0.03916950630250076,0.03960907355582427
341,0.053244186409190784,0.7268272281295923,0.19486908901384953,0.018418924295105433,0.006640572152261939
342,0.052650714556281904,0.7483862945532319,0.15981354652680937,0.024057145698059782,0.015092298665617147
343,0.04168858505870552,0.5523280687041512,0.3761789898590162,0.021207397878261983,0.008596958499865156
344,0.06458438037553364,0.7139582274950734,0.18925686158062646,0.014370627982351742,0.01782990256641469
345,0.07856602637189818,0.6335638099732666,0.2584782791079973,0.011495065900057569,0.017896818646780537
346,0.024547846461356798,0.661602352924981,0.30716634659860076,0.002868918374948418,0.0038145356401129843
347,0.07407200426819308,0.574136749385231,0.3034741764354903,0.03679624300118409,0.011520826909901463
348,0.033112032627540026,0.4341866163284354,0.5134200666900751,0.009979741032102621,0.009301543321846798
349,0.07918835834768075,0.6171655877136871,0.23018927568406009,0.05691749482212678,0.016539283432445227
350,0.029214073254194263,0.6097939834415015,0.3324435430384269,0.022232640065564857,0.006315760200312592
351,0.02513363796355424,0.4741233268758501,0.39709050358260595,0.07943541754742937,0.024217114030560403
352,0.04792977650094887,0.5020063586409937,0.2936033491387007,0.14656568978080353,0.009894825938553222
353,0.06908730279599905,0.6563067158779395,0.09149705529621598,0.1547795081941647,0.028329417835680694
354,0.09672502217275179,0.571351582757024,0.040315453884273496,0.2080180324314406,0.08358990875450988
355,0.022678700873107728,0.8961991408246214,0.048595047984714076,0.021688849484200436,0.010838260833356225
356,0.12335592198778284,0.23229395259262156,0.01307837513300211,0.042984180949839385,0.5882875693367541
357,0.4120889465703851,0.4636024723438115,0.01237903758055338,0.018494169729665704,0.09343537377558417
358,0.2341577298971176,0.6141354612454064,0.024437887360902456,0.054130329306083004,0.0731385921904905
359,0.2095616234881583,0.7208035665728245,0.022973157300786372,0.012911417155641538,0.03375023548258929
360,0.21051149954400214,0.6359600806773145,0.042690842814856154,0.025008811761463814,0.08582876520236361
361,0.08646045562053237,0.8104695465423029,0.0652320669456078,0.011786970744795127,0.0260509601467619
362,0.13884832560747296,0.744451642307779,0.031636993696537295,0.06789149423443891,0.01717154415377168
363,0.08613741325476781,0.7806605456781588,0.058964450508083466,0.057254943287956266,0.016982647271033654
364,0.07137949613951311,0.7684414344482489,0.08653145045111836,0.06225209687128406,0.01139552208983571
365,0.023932986816316275,0.8899345769387978,0.07078951745241367,0.012686328758268863,0.0026565900342032964
366,0.061716028350864226,0.7243936040801785,0.07793129715347934,0.11886763760016708,0.017091432815310836
367,0.05155688518293293,0.5360536889215315,0.2097255010990778,0.17547411566552726,0.027189809130930536
368,0.05215807243206297,0.5224773380873955,0.21956342041174834,0.14527699744042977,0.06052417162836346
369,0.06598616128223671,0.44454223275501076,0.25929021410465614,0.16003254743389023,0.07014884442420621
370,0.0650110121670109,0.4498324489979544,0.36937641353847966,0.06477501646037655,0.0510051088361784
371,0.07370416284184857,0.6735976925754844,0.15849665690781975,0.03428308230459129,0.059918405370256105
372,0.07189559250075968,0.08773660022239402,0.03810537989278398,0.011757970376321255,0.7905044570077411
373,0.03202451303234056,0.028995174356336268,0.0035203393203137867,0.0023196952475475906,0.9331402780434618
374,0.028640477831725592,0.04191875990065225,0.0051288368814709695,0.002316295111475328,0.9219956302746758
375,0.12534925573383907,0.0859062602939925,0.012986652927400751,0.0054309159372825325,0.7703269151074852
376,0.290215312014422,0.2439004710872009,0.054471999023905066,0.03436447903703134,0.3770477388374407
377,0.13200869865933965,0.23059020491517962,0.045305804044631776,0.12233758316448193,0.4697577092163671
378,0.1051292255968673,0.47196557514346005,0.1256178206104009,0.15754252080872927,0.1397448578405426
