epoch,N1,N2,N3,R,W
0,0.0032340249587477204,0.0007743588514099896,9.140227819320113e-06,0.0004981944926404284,0.9954842814693824
1,0.027623004470142546,0.002617582168069444,7.956509305901729e-09,0.00040242394775182093,0.9693569814575269
2,0.024350315000994428,0.0033580941423571806,2.826278071105812e-06,0.0004416168582059511,0.9718471477203714
3,0.027846996341550356,0.0012803226225249979,5.5363791297883785e-06,0.0003368966532015688,0.9705302480035932
4,0.03916642037280441,0.004546360537516942,4.4126774041763056e-06,0.00014686511407744818,0.9561359412981971
5,0.04728300127776997,0.0033726864427429566,1.3607927975075419e-05,0.0006512991057869758,0.9486794052457251
6,0.08599565426075105,0.004864375618705199,3.1199896574559905e-05,0.001252116848575866,0.9078566533753935
7,0.006223718400863074,0.0019354639236814927,7.261072942780146e-06,0.0008432937065522797,0.9909902628959603
8,0.006682458592565995,0.0014939075141476466,5.0505163657120965e-06,0.0007787060603142796,0.9910398773166065
9,0.01342346174031134,0.0022230896198870945,1.262902517258703e-05,0.0013822729352492786,0.9829585466793797
10,0.0081284858115311,0.007561610237753495,1.4718865013037113e-05,0.0013942603778990977,0.9829009247078033
11,0.016168739535666752,0.0031167445651324264,1.2826162403713369e-05,0.0008286316734159927,0.9798730580633812
12,0.02673500295337261,0.007762919670268907,1.495763546455887e-05,0.0008778588301602417,0.9646092609107336
13,0.01829901368353495,0.022072700347973352,1.4998778484291688e-05,0.0010444374968055445,0.9585688496932019
14,0.11847971137204223,0.06462117394651012,3.173561518727646e-05,0.0057934275499402525,0.8110739515163201
15,0.04396025317280673,0.04219486362020645,9.57546115863643e-05,0.001604091940130321,0.9121450366552702
16,0.04848034281149687,0.055556463046587325,0.00013453251305619977,0.0024313936699358924,0.8933972679589237
17,0.03126723890696967,0.07187145910039151,0.0001750955508518373,0.0014353593290358094,0.8952508471127512
18,0.04898727994744543,0.09401025301385413,0.00024652404679510287,0.003014406285246854,0.8537415367066585
19,0.030645738834972597,0.04551595822236421,0.000143207702910513,0.0014041739292312487,0.9222909213105214
20,0.039669145204365965,0.025178012371936856,0.00015002415168026268,0.0016270034964468503,0.9333758147755701
21,0.007392491489467642,0.054550727727546086,0.0002131530224475393,0.0006005529554669949,0.9372430748050717
22,0.004057350352926718,0.0017368794338908189,0.0004630021042117911,0.00020689361850760165,0.993535874490463
23,0.0242149355889351,0.0029308212277410987,3.2537512693457557e-06,0.000345395754034946,0.9725055936780196
24,0.5174187186168153,0.015939953034102297,5.941472450265178e-05,0.002121097716756549,0.46446081590782323
25,0.521731793454593,0.02957692133030278,5.797018286375686e-05,0.002044020780755644,0.44658929425148475
26,0.08535126326331345,0.031061686232410173,5.303291691211863e-05,0.001750336597615857,0.8817836809897485
27,0.04107973240798651,0.10602360788306192,9.928718819830321e-05,0.0058319138338991305,0.8469654586868541
28,0.04016992738179225,0.02014208304526457,2.2328828348582246e-05,0.002423436555745908,0.9372422241888486
29,0.032052888340588996,0.03213151438316124,5.235368807546959e-05,0.0017469829613828045,0.9340162606267914
30,0.06277304414508496,0.05202314810795796,4.5511688389810336e-05,0.0012197885104330783,0.8839385075481343
31,0.10709654060412314,0.10545876144346383,4.5495551689410325e-05,0.002322443579542367,0.7850767588211812
32,0.08166708655145566,0.3754891550627001,0.0002240947786505705,0.012354567678439645,0.530265095928754
33,0.08408306822052512,0.09221088838302888,8.957685037599476e-05,0.015696266227560145,0.8079202003185098
34,0.08593178134538693,0.14219623599239622,0.00011737683200772333,0.012900295526490019,0.7588543103037191
35,0.03765733646794019,0.1442728227227573,0.000967799369694668,0.0023832885794788324,0.814718752860129
36,0.006083842379457743,0.054010017313913514,0.0019800079750537524,0.0009451035937535469,0.9369810287378214
37,0.002597686451532095,0.022283393714809346,7.6944445477727e-05,0.0003082193602440085,0.9747337560279368
38,0.0011938762910452872,0.00545773536555264,2.871986905632633e-05,0.00012978229121482322,0.9931898861831309
39,0.0002442631658824725,0.00015679531140597795,5.486244526121532e-05,2.7545903371742572e-05,0.9995165331740786
40,0.0005195964364731878,0.001868328792443141,5.13492881843728e-05,2.2836367580605375e-05,0.9975378891153187
41,0.0008379980535410047,0.0009673923628622641,7.694136145902708e-05,2.1458296529189143e-05,0.9980962099256085
42,0.0012551670491917023,0.0013927627155855499,7.321391771537248e-05,1.4035652274670793e-05,0.9972648206652328
43,0.0005878465448279291,0.0017858316473525029,3.986910175399443e-05,2.647725478715285e-05,0.9975599754512784
44,0.0009679780441176089,0.0009383463423699283,4.261954162163552e-05,3.2855617497023135e-05,0.9980182004543938
45,0.02212027329896002,0.007589486776662768,4.6705591749430436e-05,0.00011027083896130112,0.9701332634936666
46,0.0013902577273987053,0.010024638861412997,0.00033742199129847264,4.9316527920443e-05,0.9881983648919694
47,0.09264824235768872,0.03902103171854498,0.00012806926296910076,0.0003392512341408572,0.8678634054266563
48,0.004830340428830056,0.0700407772535356,0.0025510326221409767,0.0005651432482267979,0.9220127064472666
49,0.00036790093927776467,0.00544331914875325,0.0005841652363380175,3.493142509160389e-05,0.9935696832505394
50,0.0004630554782161882,0.0044876932438589244,0.0003052782841824124,3.372499676115323e-05,0.9947102479969814
51,0.004788784335169797,0.017695971012606934,0.00044168494079436377,0.0001672685834400529,0.976906291127989
52,0.010083507890658738,0.06518208552861977,0.001959366637737359,0.00020738916023696835,0.9225676507827472
53,0.001526961298830306,0.006907055860626925,0.0007576525059242137,3.0563949894789066e-05,0.9907777663847237
54,0.03766952817842838,0.17288746333561916,0.0018994343378854438,0.0002958024112120689,0.787247771736855
55,0.09538777883258345,0.7385732269493045,0.021388093372209725,0.00032956592298822457,0.14432133492291405
56,0.0774650684613371,0.6978205697829443,0.10079266451717635,0.0004940361678047811,0.12342766107073738
57,0.019246336062408692,0.7162571226044105,0.1783201501713725,0.0002906376849097788,0.08588575347689842
58,0.017514664383150344,0.6220277992404788,0.29810205998333494,0.0005084573335441358,0.061847019059491685
59,0.007062293889002769,0.5720565044165596,0.4052644522058069,0.0002848012909084462,0.015331948197722241
60,0.01654738064112207,0.3530189733222857,0.5761246957231396,0.00026401323494477794,0.05404493707850785
61,0.0063255827835394,0.23129658634671763,0.7546661989314868,0.00012099723464704452,0.007590634703609334
62,0.007989206247314964,0.1816386395334831,0.7907895168853067,9.657600116405062e-05,0.019486061332731088
63,0.003070490228054991,0.1616927633190349,0.8273621290668949,8.493898026013913e-05,0.007789678405755096
64,0.0024748280958515685,0.15698060224176622,0.8311489633166994,7.56176818849013e-05,0.009319988663798004
65,0.002653470124681999,0.09567274566585464,0.8917009984926437,9.587205034747042e-05,0.009876913666472274
66,0.024649845840752943,0.21373192106043504,0.27049189920591,0.000552331824112706,0.49057400206878926
67,0.024103275266973426,0.3677625107473107,0.33658780333067656,0.0004085278869581162,0.27113788276808115
68,0.04178385664691989,0.5981108366843376,0.25094609810972185,0.0003307880033337876,0.10882842055568691
69,0.0688548943596589,0.3908767790112632,0.23195921819001883,0.00014597115042384054,0.30816313728863515
70,0.040696845782421213,0.42385110521553565,0.49048079238887604,0.00011844783322840187,0.04485280877993869
71,0.019778367544023283,0.31903677099271266,0.6186711148672056,0.00030126084222852507,0.04221248575382984
72,0.01748005788074889,0.4649239221878172,0.48677728356614874,0.0005671066396931162,0.030251629725592102
73,0.004343503529188565,0.1800177275387119,0.803600314567624,0.00018254017108255236,0.011855914193392943
74,0.0018706793107689963,0.11938136174631465,0.870518012466273,9.841344892178672e-05,0.00813153302772156
75,0.0021661217588935145,0.1853989623015154,0.8041056278818928,0.00014535120908020093,0.00818393684861809
76,0.001416103469155036,0.06082172452444447,0.9341707116979459,8.788738696241493e-05,0.003503572921492348
77,0.0010240753500296935,0.09746268172400933,0.899724419741187,9.046935781849963e-05,0.0016983538269553947
78,0.0016413868674010968,0.08674365498928432,0.9067725938685446,0.00013964216321563314,0.004702722111554441
79,0.00034488573057280317,0.06175639709709464,0.9347360500790676,7.870755559224112e-05,0.003083959537672549
80,0.00030893142676451747,0.03740355049606378,0.9595926731853043,7.115169402678684e-05,0.002623693197840524
81,0.01748685005678825,0.08145440741308729,0.6468868970898815,0.0005079763110732724,0.2536638691291697
82,0.02347341743475365,0.0930988713597311,0.8049272673898982,0.0005616718983278237,0.07793877191728933
83,0.0034224603020652933,0.10228688515635262,0.8860382689743382,4.8818993887864694e-05,0.008203566573356117
84,0.005784775082640227,0.06136289444157723,0.9233895465276961,2.962170203817417e-05,0.009433162246048335
85,0.00465186432909723,0.0930179814344057,0.8735834948732879,0.00022664226286795664,0.028520017100341046
86,0.0008879564210110227,0.045093819146939884,0.9497742423654885,8.247388135756242e-05,0.004161508185203076
87,0.0010862520108649556,0.04860825168960948,0.938819793354004,0.0001360610599444216,0.01134964188557694
88,0.001876657067097453,0.06606883602180648,0.9181616328246928,0.00025331163170706924,0.013639562454696197
89,0.00204052257178535,0.04241638411402006,0.9460365791273995,0.00031802777848101167,0.009188486408314088
90,0.00042966283385148085,0.02540723872545036,0.9667967143010727,0.00010991362793931605,0.007256470511686162
91,0.002942113491006825,0.012081888433435349,0.040729037014164395,0.00039922865901188776,0.9438477324023816
92,0.13378334393498686,0.1056380446888533,0.008033681745744698,0.0009763324858713996,0.7515685971445437
93,0.08829748138136684,0.3442384957576554,0.3968188416267547,0.0005041668300800677,0.17014101440414292
94,0.08781835279626124,0.3485793287915149,0.3387342886965391,0.0003603848886243575,0.22450764482706037
95,0.07187296678237891,0.4140908277391363,0.38894076989456783,0.001176592061238159,0.12391884352267886
96,0.003909877495875255,0.12520330766982177,0.8634244770407454,0.00046579513584038014,0.006996542657717197
97,0.0018962132673538675,0.0961024741512471,0.8970286731360283,0.0005166601772578692,0.004455979268112968
98,0.0026855657225806347,0.11289471488953463,0.8773675607353021,0.0006732736280285803,0.006378885024553937
99,0.0010437791000986055,0.04393473141857364,0.9519659548270077,0.00041126644679683724,0.002644268207523319
100,0.0014878757500076383,0.05990818462111551,0.9353434112775779,0.00021928925325300538,0.0030412390980458608
101,0.0010207375242412304,0.03306968346936071,0.9632834417927173,6.850493941914875e-05,0.0025576322742618027
102,0.0013462669285645367,0.06380846773756918,0.9307173560974874,7.710354797888103e-05,0.004050805688400065
103,0.0011474788721283647,0.035803813892252886,0.9608494349195703,5.341554092397643e-05,0.0021458567751243226
104,0.0003176816798252592,0.027242746788855132,0.9703333080534523,3.8803421966070864e-05,0.002067460055900977
105,0.00015073518731251932,0.027401464138600756,0.9712158092923842,1.8829209479782576e-05,0.001213162172222959
106,0.00027767379513526073,0.01851696690593419,0.9796901567888395,3.67304390785229e-05,0.0014784720710125962
107,0.0006910018994681658,0.022647150133470996,0.9726761554440447,0.00013635066376398188,0.0038493418592522753
108,0.00021305207702125255,0.026564934647150838,0.9722129280052276,1.917649073006185e-05,0.0009899087798702429
109,0.001048252336654019,0.061533250018709,0.9353666793549826,5.222026643343718e-05,0.001999598023221031
110,0.0008388035199566336,0.028639820464742713,0.9687647495040791,4.1055458390743155e-05,0.0017155710528311047
111,0.0006774360299140619,0.031975628182230535,0.9660737395752544,3.761265332691241e-05,0.001235583559273877
112,0.0005555876016620868,0.08160504797149405,0.9160303702107836,3.6356971383713384e-05,0.0017726372446767672
113,0.0001966744489565567,0.03592939137055994,0.9627120770645503,2.401187865466987e-05,0.0011378452372786843
114,0.0007058019318003294,0.01478459245296782,0.9825340875921977,0.0001089083580711818,0.0018666096649627493
115,0.0002500919385067403,0.021146635353329207,0.9777393144921134,2.9488586295262857e-05,0.000834469629755717
116,0.00023298019333315852,0.02815998269437384,0.9698373178976479,1.7832589315960053e-05,0.0017518866253291997
117,0.0001887576178494963,0.013719397642630336,0.9850068151742678,2.58243825538795e-05,0.001059205182698523
118,0.0002509652657347129,0.027407537628221082,0.9711196491590872,3.599194939710653e-05,0.001185855997559893
119,0.0001324427106749673,0.01522712786379652,0.9839751347564746,3.422086466546101e-05,0.0006310738043884825
120,0.016887772836779617,0.10776803866015061,0.77759388555174,0.0009246547293820731,0.09682564822194788
121,0.011700911674137724,0.27877172040729725,0.7034615774823826,0.00039286411650405395,0.005672926319678396
122,0.002116278455381986,0.0639119485081302,0.9304346118661198,0.000235375379131964,0.003301785791236035
123,0.012208280885011726,0.1599473892855018,0.8202863508113348,0.0005329786822740185,0.007025000335877569
124,0.0011138059144722473,0.09653655857460416,0.8998525737243929,0.00011925961295167164,0.0023778021735788688
125,0.0001933441873426801,0.03844132236109602,0.9591112222589988,7.773664595331334e-05,0.002176374546609326
126,0.00031313972156692154,0.028012821776814637,0.9697921566871004,0.00010596876078479324,0.001775913053733441
127,0.006765279703906083,0.228641003710795,0.7512019671702526,0.0008718142543783984,0.012519935160667803
128,0.004145026581608056,0.12506070749872553,0.8573969366343138,0.000555933761892379,0.012841395523460102
129,0.009434769278595875,0.3186388384692327,0.6649018262932216,0.0004631968848454095,0.006561369074104325
130,0.0013769578073383397,0.09286725068963243,0.9024162748152076,0.00011796021944562948,0.0032215564683759825
131,0.003705628145686499,0.18909018780624817,0.8032233475975349,0.00020514825729274881,0.0037756881932377445
132,0.0011100582898089385,0.0948736723317432,0.9009663381500679,0.00013911767901430324,0.0029108135493656605
133,0.001051216739913858,0.09668458914118258,0.8972840442420701,0.00019220782359899457,0.004787942053234401
134,0.0011766328933671718,0.05972953304756245,0.9363314540175982,0.00010392790436671182,0.0026584521371054277
135,0.0006192059748639834,0.05372008774304489,0.9437119917847211,5.67780609310584e-05,0.0018919364364389513
136,0.0004337524918436988,0.036940443453250905,0.9613842169260028,7.807696540580344e-05,0.0011635101634967099
137,0.00022420163554655298,0.049832938153325,0.9487609152200999,7.098572379234692e-05,0.0011109592672362304
138,0.0029759789885915127,0.25209861073794515,0.7390363536211616,0.00013966219825836554,0.005749394454043406
139,0.0017110345292556436,0.10798639190442642,0.8858172674949611,0.00012065511815957189,0.00436465095319721
140,0.0006898178381557257,0.06605378278626402,0.9319868796254254,5.310943819408313e-05,0.0012164103119607836
141,0.00025730949089318884,0.03809524989026568,0.961070485404564,2.840878673329853e-05,0.000548546427543573
142,0.00029611910785911255,0.03393897025509656,0.9644359855674689,6.97141692070043e-05,0.0012592109003685327
143,0.0002051123263940917,0.056492380397412695,0.9423744990013465,4.426422104676446e-05,0.0008837440538001101
144,0.00024075608619135715,0.04501809429372126,0.9540640461331246,2.665652130319596e-05,0.0006504469656596535
145,9.819090187741606e-05,0.029680164151889753,0.9697445787298882,2.8431576037548007e-05,0.00044863464030704475
146,0.0011203433145059222,0.06427377554156152,0.9319495812447807,0.00033427647930034117,0.002322023419851431
147,0.0010646755712422661,0.028399440926836633,0.9672711031316381,0.0004520059084324899,0.00281277446185041
148,0.001522001582826715,0.05371675073426009,0.9427857763230825,0.00022723614853974926,0.0017482352112909985
149,0.09765217515817289,0.10254179845147389,0.04270040881777156,0.0018809616219864701,0.7552246559505953
150,0.06289960099610885,0.7172239730340947,0.19340709199202477,0.002103411508445247,0.024365922469326486
151,0.010392743553795734,0.2663359869202429,0.7182940334696081,0.00023162126132439,0.004745614795029018
152,0.006727226828517071,0.28356970004007526,0.7051036307601994,0.0001657365292507212,0.004433705841957496
153,0.0007252993182234644,0.1482227356606087,0.8494015342014944,0.00011168168518631374,0.001538749134487014
154,0.0003771629469955825,0.10896221794078882,0.889364590670197,5.706053084735552e-05,0.001238967911171258
155,0.00017844854244678462,0.03503508537952405,0.9642105976783026,3.773592887949733e-05,0.0005381324708470088
156,0.0005326536427499108,0.14093728054891366,0.8560425933655236,8.766920614015919e-05,0.002399803236672763
157,0.0002893363716130568,0.13036082960656734,0.8684486038308615,4.293177382497216e-05,0.0008582984171330424
158,0.0006673133916626293,0.038577260226122394,0.9597772018695648,8.701627301946411e-05,0.000891208239630738
159,0.0002976415891010978,0.039745159375404515,0.9592837347468517,4.553374415086815e-05,0.0006279305444919513
160,0.00026213740496547827,0.03611809390243372,0.9627663374813045,5.1217854953073805e-05,0.0008022133563435306
161,0.0001937518057208627,0.06749216893927558,0.9313835849308106,7.465168328670846e-05,0.0008558426409062933
162,0.00035715081585993216,0.025839802933681003,0.9728689034218203,0.00010068488186090948,0.0008334579467778191
163,0.00019493650132644367,0.022801355200241718,0.9763717896047149,5.354907398417331e-05,0.000578369619732621
164,0.000349020164165282,0.0322405259627975,0.9662702680715373,8.162652965940746e-05,0.0010585592718406007
165,0.0002657887172927653,0.028286188972852254,0.9704936131153068,8.66099821745837e-05,0.0008677992123734508
166,0.00031715084976753144,0.03965967322722207,0.9583672106967511,9.742664616515327e-05,0.0015585385800940506
167,0.00026754294959502865,0.04857500269410108,0.950090621935188,6.520512612228087e-05,0.001001627294993669
168,0.00022682446812812655,0.020616995088374494,0.9785401387754227,9.595410931970643e-05,0.0005200875587550742
169,0.00020766103418881255,0.021801641072617794,0.9767917510421286,9.036077919604405e-05,0.0011085860718688817
170,0.0004265541751488734,0.02770390524414812,0.9704355280242152,0.00015751266923569497,0.0012764998872520181
171,0.0007936869205930127,0.10396933994349161,0.8933617716633068,9.4945573470137e-05,0.0017802558991384617
172,0.0001475236497859373,0.016183067660447376,0.9828436597191379,6.816670330133106e-05,0.0007575822673274837
173,0.00016211561133610994,0.03744332683977488,0.9615927521620796,6.600770066204402e-05,0.0007357976861471228
174,0.0005200273619224818,0.021256498731064825,0.976609694658351,0.00030332314711025907,0.0013104561015514344
175,0.00018294099106293165,0.027392002839731262,0.9718191356055143,6.497870874336608e-05,0.0005409418549481606
176,0.00042081286866002456,0.04954257465892203,0.9490829486595016,0.00012093849566781656,0.0008327253172484261
177,0.0003299374108054182,0.06962721166843382,0.9288093542668788,0.00016552358350199173,0.001067973070379858
178,0.00012824087262807075,0.04261745922932554,0.9566160701714188,6.482261402156315e-05,0.0005734071126059589
179,0.0003843298217460854,0.025857857046133578,0.9728214069060389,0.00010935525045616273,0.0008270509756254183
180,0.00029312082390148286,0.0490256112208314,0.9491388885739422,0.00012138299940639497,0.001420996381918536
181,0.0012766168899037659,0.0750277501039284,0.9204334567137571,0.0009236350459468181,0.0023385412464638714
182,0.0011538271320371395,0.18541658963126179,0.8113792264788041,0.0001460786569344096,0.0019042781009627207
183,0.0002290338423253122,0.08059901815670083,0.9185617829462812,9.250824409055554e-05,0.0005176568106019578
184,0.0003372707136852188,0.07890509167637084,0.919838904855898,0.0001528005232673597,0.0007659322307785823
185,0.0002360525838255908,0.07307488058738443,0.9258101202343587,0.00013792544399006702,0.000741021150441243
186,0.0004129028230082155,0.1140395112207665,0.8830488071327874,0.0002479710620608029,0.002250807761377192
187,0.0003946296032183551,0.07306282565057286,0.9253715099634067,0.00023006673032517633,0.0009409680524769158
188,0.000741875595204288,0.10250821043589549,0.894562873419097,0.0007229437054239609,0.0014640968443794186
189,0.0018412718076260004,0.10057318701480976,0.8877855017679513,0.004998628303846083,0.004801411105766682
190,0.001845041323402729,0.1346005605442854,0.8564941008382065,0.0031527008908487316,0.0039075964032567355
191,0.0018599557015042136,0.14468291110664272,0.8471639587040787,0.0035342120672176743,0.0027589624205567494
192,0.002685274040692059,0.10862241266585325,0.8718767302795825,0.011961766367067157,0.004853816646805014
193,0.0017005710868716595,0.14271033835776678,0.8405080030540542,0.007021110064635994,0.008059977436671396
194,0.03713930129688037,0.12487541983571035,0.18456712553207874,0.03650783068299438,0.6169103226523363
195,0.04122023420962113,0.06802062351392915,0.00882174909939321,0.010351051385940014,0.8715863417911166
196,0.30424978226001675,0.36195763199157677,0.0032130856650167514,0.0742947129329455,0.2562847871504442
197,0.36093829871607275,0.4951682683446816,0.003115426621888199,0.00806914663592852,0.13270885968142898
198,0.08394490800816169,0.8549844451351719,0.013700373772063528,0.007643369569361095,0.03972690351524179
199,0.08764055209831265,0.8033775319875484,0.0046937694367842975,0.06494264672103782,0.03934549975631698
200,0.04575780698082719,0.8026886215599764,0.08617448066105814,0.007153443416196913,0.05822564738194148
201,0.045120882480549386,0.9137453729971095,0.006781027535250384,0.017562551816218054,0.0167901651708727
202,0.050120892530248075,0.9111073566779683,0.0047052670522307865,0.011784806924554848,0.022281676814997965
203,0.02860127299146275,0.8576180185494603,0.09071409144662838,0.008790999504810965,0.014275617507637756
204,0.05076272454270373,0.8968011145526636,0.030391048748705986,0.00779764595337617,0.014247466202550478
205,0.04109475287250832,0.947804052593397,0.002357100153658108,0.0062356713342395734,0.0025084230461970046
206,0.014846267742932611,0.9333675731049743,0.04099733885055445,0.004194768679897708,0.006594051621640812
207,0.04811927471970697,0.9280333677392093,0.003599283053966289,0.016121024503191268,0.004127049983926065
208,0.008915998978856598,0.9806278235245444,0.0042972271579504165,0.004584050998235819,0.0015748993404126406
209,0.0713367013082522,0.6184150425235854,0.027489667995465514,0.004869679366555446,0.2778889088061417
210,0.020123563259250393,0.9447294454055639,0.017460079626633384,0.0065037100551422694,0.011183201653410187
211,0.056136950860715795,0.8977040487756682,0.01757458022719765,0.004432137079350277,0.024152283057068017
212,0.16101675151462516,0.6631970534322962,0.0028536833715078853,0.006895008602388557,0.16603750307918214
213,0.03425180461167727,0.9286570553272271,0.014683046382018387,0.00527649725795741,0.017131596421119874
214,0.08136029581505362,0.8103213264585589,0.017149472748821778,0.006364672610478385,0.0848042323670872
215,0.08898229175721739,0.26214992056693515,0.004804165981987065,0.007771187630208343,0.636292434063652
216,0.19985374843411222,0.1142933765427597,0.0010353544900120826,0.004326097166864023,0.680491423366252
217,0.23524005118756758,0.7246975407485966,0.002898286996537756,0.010064306261782119,0.02709981480551584
218,0.05460429319529628,0.9006203480271313,0.02641499612096199,0.0007249082379269352,0.01763545441868349
219,0.13625940503849338,0.20271042299714964,0.039561432888200354,0.0045487319868232805,0.6169200070893334
220,0.15183957492070257,0.7965944223105221,0.004454595834529603,0.011994133863892208,0.03511727307035331
221,0.013910232153926927,0.957842147088626,0.022915737897254818,0.0010684331564099854,0.004263449703782244
222,0.04404179379212107,0.9292510995947068,0.017728248425990963,0.0025073877479326197,0.00647147043924851
223,0.028543442321632657,0.7843075071266377,0.04290404701818363,0.002997970863210511,0.14124703267033548
224,0.14207463595931194,0.7362603258867185,0.003593771230439192,0.007652772938445703,0.11041849398508462
225,0.04207937760953848,0.9440783458378638,0.0025985190685561725,0.0026441174563521003,0.008599640027689526
226,0.025321598844504193,0.9452200165802103,0.010391323959660458,0.001670311721552971,0.017396748894072032
227,0.015333158895320704,0.9681494742016418,0.0066922780616455865,0.005325993533012738,0.004499095308379353
228,0.048918163968689816,0.678944000272349,0.028359597087345152,0.025860671229084854,0.21791756744253116
229,0.019641985975183397,0.015768742371272747,0.0007945365969501955,0.004349667582190196,0.9594450674744035
230,0.2955327563241313,0.09544565684922512,0.0005845348873278429,0.01319392090262593,0.5952431310366898
231,0.2101394635605118,0.7477741134750161,0.0027596262389068768,0.01660440115542428,0.022722395570140812
232,0.33256215564249625,0.5105422090939994,0.03728839307542195,0.030195220746000877,0.08941202144208145
233,0.11437666104032872,0.7158800233931888,0.049183187999142695,0.09716692128496816,0.02339320628237173
234,0.01903783109089463,0.5752079566655711,0.004034655364635381,0.39309099379757306,0.008628563081325865
235,0.09672136996361448,0.6154485326649152,0.007286064006583036,0.23024801014099125,0.05029602322389619
236,0.02453305698615479,0.22230838137102105,0.0013812899159206062,0.7423934610320838,0.009383810694819769
237,0.016996616113930614,0.0738036042037272,0.000562091583800464,0.8966515541597625,0.011986133938779344
238,0.025156175904908387,0.1031903012291916,0.0007124222745668735,0.8387538897972684,0.03218721079406484
239,0.006797772452465237,0.06920799365111253,0.0006555437821055694,0.9182632016200792,0.005075488494237475
240,0.010083331221636883,0.04110282229348462,0.0002958802708537472,0.9440674518540443,0.0044505143599805775
241,0.01858449594161811,0.0223904829418046,0.00011063138740309888,0.9206114112951085,0.0383029784340656
242,0.007408434033094613,0.02547745478242782,9.855251744377288e-05,0.963323320595388,0.0036922380716457553
243,0.006459457090797166,0.020272698022063565,0.0002192938487833571,0.967122802515392,0.0059257485229640364
244,0.00938602227394352,0.014798253952545377,9.232519979743498e-05,0.9692454022999526,0.006477996273761039
245,0.0019099930435805812,0.00795123315075293,6.448005043283554e-05,0.9879280855477689,0.002146208207464541
246,0.00424571879285861,0.019679439906613656,0.00018049538223327585,0.9695509592473188,0.006343386670975653
247,0.004014129072499218,0.008507068082356337,0.0001358039898554109,0.9753668714748558,0.011976127380433323
248,0.002055756009829416,0.008114577481786048,8.301178303018981e-05,0.9867768861160863,0.002969768609267993
249,0.005094914010102819,0.004766741796616942,7.630758120182286e-05,0.9573696739790509,0.03269236263302749
250,0.008109440755756425,0.007683675217633103,8.463775671141981e-05,0.9742514653854403,0.009870780884458795
251,0.006550033396844626,0.009238220696829414,9.980209493127217e-05,0.9785454226252711,0.005566521186123589
252,0.014256261380593592,0.01674956325397802,0.0002583065755305803,0.9471599934623688,0.021575875327529106
253,0.003140336621285432,0.00697682055934275,8.161905916748153e-05,0.983243121773362,0.006558101986842324
254,0.008788996396974199,0.018821731076087714,0.00017078029939314064,0.967712753585856,0.004505738641688956
255,0.019533239486282977,0.01392293265013394,4.788226453950328e-05,0.9557204046559178,0.01077554094312579
256,0.030635725949787872,0.02414652615753529,0.00025297777731383183,0.9155527369617155,0.029412033153647564
257,0.028639810963376155,0.018412921435128973,0.00017211948969332637,0.9207043493700242,0.032070798741777304
258,0.0281849013351672,0.018028761997848117,0.00010786244025443228,0.9430834932503178,0.010594980976412491
259,0.017272679174712126,0.008575610010777075,5.4965358086274045e-05,0.9660779372534096,0.008018808203014951
260,0.01356777342452716,0.02027015431019522,9.427334190599125e-05,0.962341368078267,0.0037264308451046865
261,0.011177056642697568,0.009294782690371536,3.3031019403074e-05,0.9766019970147711,0.002893132632756669
262,0.004516030977576983,0.004086417277925923,3.704308942256556e-05,0.9903701264893183,0.0009903821657564129
263,0.006724471596169553,0.003717811255050257,1.919876100275708e-05,0.9881923064952423,0.0013462118925353208
264,0.006832604070746437,0.005828771275412569,3.667060953521246e-05,0.9861518524771601,0.0011501015671454959
265,0.009178300209270504,0.04298339487567095,0.00021082748214947117,0.9452831005731429,0.0023443768597661034
266,0.0043772403085819865,0.011357698132899987,6.167747688613426e-05,0.9833485084566564,0.0008548756249754353
267,0.004597099097153182,0.009488784388996956,5.322595715155353e-05,0.9849909037305925,0.0008699868261056983
268,0.004550800948856572,0.007231794482830878,3.0911692571972864e-05,0.9868833968983957,0.0013030959773448383
269,0.005869803497156065,0.009157524361182393,4.091197584103478e-05,0.9831063563200354,0.0018254038457851459
270,0.008199634807221884,0.016084005377560304,7.08118387260227e-05,0.9730944151873099,0.00255113278918201
271,0.003207909852247684,0.006065391794061663,9.225363128650981e-05,0.9876369303234646,0.002997514398939405
272,0.003718642644569171,0.0034054244449473756,1.925641472613271e-05,0.9912343516984442,0.0016223247973131817
273,0.0042005241414511596,0.0033376881569825508,3.013042492190581e-05,0.9914837452857932,0.0009479119908511428
274,0.008136688781067424,0.03930272620344924,0.0001891887457103528,0.9500714311439556,0.002299965125817446
275,0.004235675273350327,0.002622289893356248,2.574287300744516e-05,0.9911173849427586,0.001998907017527386
276,0.0040012500223750285,0.003659420315910295,3.00415778496028e-05,0.9906832377410701,0.0016260503427949601
277,0.003395393136179813,0.006447470874465347,3.810455074426256e-05,0.9871167852715904,0.003002246167020298
278,0.005487184317172823,0.0023795870445790504,1.4025764570799239e-05,0.9872240101444999,0.004895192729177449
279,0.005638348053507445,0.006101183523485518,5.2424265461597696e-05,0.986393503381603,0.0018145407759425185
280,0.005838970880881796,0.013904041048677835,0.0001089685978878003,0.9785635791130538,0.0015844403594986339
281,0.003576675161861042,0.0022567157491483565,2.6714613124976495e-05,0.9919567852307127,0.002183109245152837
282,0.0035324403218152055,0.003354180681518931,2.1547840380447698e-05,0.9910343554323481,0.002057475723937296
283,0.0050402029288375986,0.007912974625045895,7.382374475552751e-05,0.9853410964496214,0.0016319022517395955
284,0.0053847531613282484,0.008354264710888962,6.377516413554462e-05,0.9845361871451761,0.0016610198184709671
285,0.0044604828271582455,0.005421966146865164,6.092110581358808e-05,0.9883200162263427,0.0017366136938202317
286,0.003463103989511193,0.0016607584209347849,1.2470789098190664e-05,0.9924305695741008,0.0024330972263550163
287,0.00765069171833273,0.009185291452555963,3.1645516180442376e-05,0.978367072866139,0.004765298446791911
288,0.004678272885358211,0.0038702153049083262,2.65341420741388e-05,0.9895219297298453,0.0019030479378141572
289,0.007280534671239374,0.005343220635172744,4.2129378499937226e-05,0.9842752800178957,0.003058835297192291
290,0.00797685195974229,0.015280300833768752,7.80163556471034e-05,0.9733779807880896,0.0032868500627524335
291,0.004135880765864688,0.006267097330138109,3.809302284178524e-05,0.988190440174356,0.0013684887067995698
292,0.005515958614658149,0.03425198062679959,9.669672031560195e-05,0.9559657117471932,0.004169652291033401
293,0.00624413381223417,0.019181756050664404,0.00010933332869179112,0.9696658844581472,0.004798892350262649
294,0.006908301046166722,0.02776430737469925,0.00010147396044302025,0.9633262377282941,0.001899679890397068
295,0.006979434574757157,0.035925602896296926,0.00013226739515646976,0.9545905743076819,0.0023721208261075336
296,0.010986335411808056,0.011764721911155686,3.6082200438113025e-05,0.9744886935385029,0.0027241669380953714
297,0.010501308815685461,0.005398522937347376,2.475390335126667e-05,0.9819755046184668,0.002099909725148856
298,0.03990436060500324,0.03086027479813894,5.8555757932752324e-05,0.9235445429170794,0.005632265921845603
299,0.06776035298256368,0.03339210625113791,8.482793619975384e-05,0.8948982475205858,0.003864465309512815
300,0.10201772992287136,0.030974449504085604,0.00023693979737178378,0.4271412539115501,0.43962962686412105
301,0.29286480623675837,0.02766296216115028,8.652888318159224e-05,0.40908322187715557,0.2703024808417542
302,0.15520035862021211,0.025240994024540282,6.059205344048475e-05,0.7659255412479231,0.05357251405388413
303,0.23604496662697574,0.05101662571453511,0.00016758382803513415,0.6493774470528832,0.06339337677757083
304,0.07212569767527621,0.017859246309796826,0.00012895779188995941,0.8387229938364987,0.07116310438653849
305,0.07316904338870278,0.05951705034850612,0.00018965908690465958,0.8049371523209575,0.062187094854928744
306,0.035899166273740714,0.035437464148812395,5.868163422969039e-05,0.9189332749135692,0.009671413029648156
307,0.07861476873271322,0.02477487928781024,7.545735457486927e-05,0.8508139790834194,0.04572091554148228
308,0.03959415616290274,0.016954131864311307,4.7343865776817294e-05,0.9373346201067186,0.006069748000290672
309,0.022891792834920245,0.008154565648463495,3.8985043704088797e-05,0.9631950796910024,0.0057195767819097154
310,0.01719451720864504,0.004658674694863055,2.6249668084569402e-05,0.9749660891721335,0.003154469256273873
311,0.007745885031561816,0.004540355937959608,3.607863441865457e-05,0.9853775071295098,0.0023001732665502003
312,0.016777064250378424,0.022074971073862974,6.561378762077295e-05,0.9568742088657824,0.004208142022355271
313,0.01210862955022601,0.01688747809817529,6.669522323941796e-05,0.9684717264665745,0.0024654706617850087
314,0.006145573124512838,0.0049145018416250725,3.8896923645277803e-05,0.9852574700084029,0.0036435581018138758
315,0.004671019695056784,0.004931235056450229,3.639662007757017e-05,0.9887985248951039,0.001562823733311557
316,0.003666799988018016,0.003990603400192011,2.3500374737762416e-05,0.9908040026351579,0.001515093601894189
317,0.005509945681686058,0.008441836952092824,3.803949245548125e-05,0.9829733051016598,0.003036872772105782
318,0.0046496340096043205,0.004299775625042389,2.7788640805387068e-05,0.9895403835789893,0.001482418145558399
319,0.004126136406853943,0.0051844216506363415,3.8088167504732136e-05,0.9877477071586348,0.0029036466163702276
320,0.00853717323366878,0.007234752727560719,6.96394697138992e-05,0.9811024464816139,0.003055988087442642
321,0.006203814633379044,0.007171466369022043,3.575118571909105e-05,0.9842351874171289,0.0023537803947508897
322,0.0034011257911839036,0.0033495453967238484,2.3820004921491233e-05,0.992121225119399,0.0011042836877715966
323,0.006578872367399785,0.005036490735064578,3.2818309073746587e-05,0.9849692546435806,0.0033825639448813124
324,0.004582555619985429,0.007251590444011928,1.8974841153765088e-05,0.985307345292079,0.002839533802770015
325,0.004600768171839976,0.0031336215766910635,1.7561875925394463e-05,0.9912118896809786,0.0010361586945648576
326,0.005598729870209388,0.005281753742039547,3.1974893162577856e-05,0.9860615674004469,0.003025974094141483
327,0.005926019398882616,0.007934286988721504,3.5741037209428574e-05,0.9837128944484991,0.002391058126687227
328,0.0042123902456453295,0.004165023667786693,1.7988129687563915e-05,0.9900219168748547,0.0015826810820257595
329,0.015395194029466042,0.0032984224854879043,1.2518309127192198e-05,0.9773647333978474,0.00392913177807143
330,0.026472591249122775,0.003136776009944424,1.246707718861781e-05,0.9667560377971957,0.0036221278665486047
331,0.01544421386497265,0.0054339192827463625,3.800674925108277e-05,0.9749759844162378,0.004107875686792264
332,0.015685656891606045,0.005037964924891904,3.539476977079164e-05,0.9768273444886139,0.002413638925117458
333,0.0053870914498678505,0.004617705926504746,1.3071339181419033e-05,0.9882065428929925,0.0017755883914533995
334,0.00716202048479159,0.009433409673955256,3.359248072299578e-05,0.9796879698880236,0.0036830074725065693
335,0.010783890435938918,0.016423069353287748,8.442230472704827e-05,0.9684967945408858,0.004211823365160414
336,0.010685919400045511,0.01937663182494547,4.039021174624145e-05,0.9672348634743549,0.0026621950889078165
337,0.02311708748979419,0.024281997842915837,6.360759450020539e-05,0.948201487460479,0.004335819612310594
338,0.05430001136180515,0.07486747974191851,0.00013557663669329606,0.8653983416137829,0.00529859064579998
339,0.07553780103651145,0.027742107562249246,6.25383339744433e-05,0.884795795297316,0.011861757769948703
340,0.1288460703126864,0.027409264829014696,7.418068286468274e-05,0.8157315897280516,0.027938894447382682
341,0.07373954125102136,0.057908409180042884,0.00015955667288329183,0.844318991662633,0.023873501233419372
342,0.02906188859574595,0.05085396111355967,0.001940058266392993,0.07542895214578307,0.8427151398785184
343,0.3070929331885996,0.12834330545497283,0.00020959463543933249,0.04453515001934045,0.5198190167016478
344,0.5840018580147949,0.07517598441943805,0.00010966347710439158,0.11121801323936821,0.22949448084929444
345,0.4615488953318996,0.08994980203862875,8.304824588208502e-05,0.30572659716824857,0.14269165721534108
346,0.31313416022217677,0.0438490027640586,0.00019077160718212316,0.21124449502905968,0.43158157037752265
347,0.16169285657131072,0.07443254142600408,0.0002833046712684582,0.4117275861640907,0.3518637111673261
348,0.17484281732248694,0.013375690531150786,7.777148410031964e-05,0.7621523951461876,0.04955132551607431
349,0.15390970657135072,0.005105126634138607,2.925300068378067e-05,0.7503439465881239,0.09061196720570303
350,0.04164817707438289,0.005562825472576109,3.2742070511725486e-05,0.9352216882211941,0.017534567161335113
351,0.04661939482359177,0.006682248085958285,2.9623832664463117e-05,0.9228205956581189,0.023848137599666475
352,0.022902979344042753,0.004301805224440691,1.2617093142470719e-05,0.9662808491725764,0.006501749165797609
353,0.012580278379913736,0.005008437421867051,1.1491637308705684e-05,0.9756808058997528,0.0067189866611575295
354,0.010121239923282023,0.002049313829461342,8.192775537725916e-06,0.9837906498493331,0.004030603622385818
355,0.007522090191832412,0.004137724659448746,1.0800682382053181e-05,0.9854735376392121,0.002855846827124671
356,0.015444691543246835,0.013224310750253356,3.3115125753270865e-05,0.9642883328154069,0.007009549765339476
357,0.0061460849920332026,0.006136229412511793,2.271681421497987e-05,0.9858828665143559,0.0018121022668840978
358,0.004102683589171432,0.0045505324645823695,8.934910158902033e-06,0.9890863591592676,0.002251489876819802
359,0.007132907197892393,0.010285130297129975,2.2809969620540303e-05,0.9807895488714649,0.001769603663892225
360,0.020547919035546355,0.007770104462433216,2.8313995791786684e-05,0.9674032262043676,0.00425043630186113
361,0.059961418759187306,0.11940611115150944,9.807004072415984e-05,0.8096297432291196,0.010904656819459398
362,0.12856154439435824,0.1982999063955073,0.00010214008362868039,0.5942200110996396,0.0788163980268662
363,0.14974630256574553,0.07393926655557517,0.0003469227242219483,0.7219672995052592,0.054000208649198154
364,0.06131294647478529,0.0348600917058233,0.000180747100583112,0.8912620033601754,0.012384211358633027
365,0.08187726644332408,0.04416789104555311,0.0001686195574530068,0.8378181259431426,0.03596809701052702
366,0.0972354711764504,0.11792707005308126,0.002957847852612961,0.5310576002831642,0.2508220106346912
367,0.1582379685130248,0.022419841817008186,0.0007081718290017295,0.7809666945363247,0.03766732330464061
368,0.02780487013265407,0.004815543452928187,0.00011639055314508472,0.2393346027397906,0.7279285931214821
369,0.18855459779939499,0.015905354637678556,0.0005905694231903074,0.38242015399119034,0.4125293241485458
370,0.5437351190251148,0.009392286039895724,8.844058183971469e-05,0.2398166322393483,0.20696752211380148
371,0.3492761137662815,0.020653872468308968,0.00014937271767109924,0.5178487684626789,0.11207187258505968
