epoch,N1,N2,N3,R,W
0,0.013702935367580429,0.03325519686812732,0.0008702653478435908,0.006539680130554454,0.9456319222858943
1,0.018759688393817905,0.026324857857385087,0.0012838321871562447,0.006895804127200582,0.9467358174344402
2,0.02687648898761636,0.04204360124126943,0.0008585702645016176,0.005415830792295588,0.924805508714317
3,0.06452031834420313,0.1115050761574862,0.0022289757491600858,0.0192193853444655,0.802526244404685
4,0.09199551442457313,0.12546061080712625,0.0019632053379258444,0.010650432582502567,0.7699302368478722
5,0.038326784923728846,0.05411034382252106,0.0008299660597583362,0.004525219012622081,0.9022076861813697
6,0.06414446006960453,0.0877117835700989,0.001348294493063656,0.010396251733427397,0.8363992101338056
7,0.10465489697718054,0.1743470852572824,0.0014501850499592745,0.011917479187063252,0.7076303535285146
8,0.0774830594604393,0.16360144489017026,0.0016764910414562876,0.009519191905212535,0.7477198127027217
9,0.0963348548524138,0.16331456556742355,0.0013585169611507726,0.010134804517901788,0.7288572581011101
10,0.1027918184925991,0.09973696661298984,0.0009197357194615545,0.00818674403099112,0.7883647351439583
11,0.03813777537475254,0.12181676516924733,0.0009296833602370175,0.0028894883441217415,0.8362262877516413
12,0.09054340319333909,0.01805561843005799,0.00018675057590422764,0.0015397197912455159,0.8896745080094531
13,0.06810159029906966,0.09253986073746348,0.00047465161986316485,0.004778567254294374,0.8341053300893093
14,0.023663335908089177,0.02426201836517925,0.00019188571036741947,0.0008478772438817145,0.9510348827724824
15,0.09054164461303696,0.09900181696042781,0.0004952985927713024,0.0015989032453489443,0.8083623365884149
16,0.151627632096215,0.11930945253899156,0.0005769059182859728,0.008268784097642205,0.7202172253488653
17,0.11421577646457591,0.4184926832685133,0.0015619092798899608,0.007391080366070663,0.45833855062095
18,0.10130223303158895,0.21343356582350997,0.0007458597692735362,0.0023477700299835316,0.6821705713456441
19,0.08041272426202248,0.18461903609904787,0.0022945728701768927,0.005980708743570964,0.7266929580251817
20,0.06755735020474822,0.11909442915943887,0.0010383934386334465,0.0018392112634342873,0.8104706159337451
21,0.18651035592613707,0.18298764683829896,0.002042871605467721,0.00508323381759302,0.6233758918125033
22,0.056521053278888116,0.01322599413987082,0.00017226563800097782,0.0004096302805957717,0.9296710566626443
23,0.19678448468688006,0.10279872856645608,0.0011110135663296259,0.0024377275262450976,0.6968680456540892
24,0.12193153592187539,0.026832895813200246,0.000353593821397651,0.0007437798566377879,0.850138194586889
25,0.33958293226590247,0.3318566789003657,0.0016088756063660345,0.0019566436358408545,0.3249948695915249
26,0.13327189189833868,0.096740334118306,0.00027875396261650795,0.001208647544106062,0.7685003724766327
27,0.13499902920107354,0.7589345157445535,0.0017724710104206386,0.0007998457704026674,0.1034941382735496
28,0.21392098698836062,0.1715309141583089,0.0006397051400026545,0.003169609247185197,0.6107387844661426
29,0.08362351872560393,0.590814125474251,0.003429415392366507,0.0015350875919105588,0.320597852815868
30,0.060863954791594545,0.013075495718062243,0.00011603606485535936,0.0003471311142523266,0.9255973823112356
31,0.0546151057479392,0.023199390611384554,0.00019566447096018843,0.0006908032708625477,0.9212990358988535
32,0.17309247981824066,0.04301323358644157,0.0003030970572410699,0.0005998227212323749,0.7829913668168443
33,0.47717246864922797,0.20446323836532984,0.0009081381722941602,0.0012377422272669405,0.3162184125858812
34,0.3509336122588537,0.1474085246322638,0.00111369977286026,0.002905748319736205,0.4976384150162858
35,0.16481138940136306,0.09481036333110007,0.0012660116437596017,0.003204118482813116,0.7359081171409642
36,0.12039978162249433,0.36377839557249586,0.002022724761333319,0.001078605124205609,0.512720492919471
37,0.12599980199447772,0.0963639787592957,0.0005817444751626396,0.0012664096024874473,0.7757880651685765
38,0.3308845171529169,0.25146274084004455,0.0008685114922190827,0.003104852787156875,0.4136793777276628
39,0.20815305040219514,0.38413615785473665,0.0006776061600659878,0.004907111978377397,0.40212607360462466
40,0.26018783783543536,0.6070262598381683,0.0015854670159681573,0.007623223539868416,0.12357721177055975
41,0.05363454472605292,0.353273520019517,0.00310787689634642,0.002816209425254667,0.587167848932829
42,0.12203097006721375,0.1314179972736645,0.0011251227176067734,0.0039360024422122235,0.7414899074993028
43,0.06717453313995403,0.3407753145582692,0.0008914625200056088,0.003691879974238292,0.5874668098075329
44,0.15907398134186473,0.13106382883873485,0.0006387769209980624,0.004838590890981647,0.7043848220074207
45,0.07930680463284638,0.1432849328513906,0.0005397981894504031,0.0019111360634585057,0.774957328262854
46,0.06210730821407007,0.20793163899887426,0.0004426525318065211,0.0019268272427780603,0.7275915730124711
47,0.03905384590494118,0.015183879988968585,0.00010417599275577917,0.0009711655471720998,0.9446869325661623
48,0.20706986673475394,0.2986729781689041,0.0005947617460428535,0.006290824217743572,0.48737156913255564
49,0.10133044474714037,0.03091289513589659,0.00019093280852783132,0.0034097131671572065,0.8641560141412781
50,0.19892207496438558,0.09518313814359429,0.00016620401126793668,0.004809746059559974,0.7009188368211922
51,0.2028904978957372,0.09388538466336369,0.0002042014082477979,0.006715567513329613,0.6963043485193217
52,0.21436709429028294,0.05551439181174736,0.00013023062271555716,0.002488352355361737,0.7274999309198924
53,0.23246733885589654,0.13000015514162114,0.00044642487481278954,0.008763721580183162,0.6283223595474864
54,0.37506909166014823,0.29568438029684585,0.0007307851125197445,0.013879897096768077,0.31463584583371823
55,0.301342048822265,0.3150260269403706,0.0010312069406986759,0.014843116613613172,0.36775760068305247
56,0.1577201009352622,0.18342066378873906,0.0010990673783341353,0.0041585164373385,0.653601651460326
57,0.1927883462875344,0.2781745370480996,0.0010805203934634703,0.019905236981480615,0.508051359289422
58,0.029993511290172872,0.057445627057762336,0.0004980511737930072,0.0018411004065511636,0.9102217100717207
59,0.11447716343763778,0.09505830574355575,0.00031441295829545094,0.0031642757261213096,0.7869858421343897
60,0.09205018407017969,0.042931365643540484,0.00016877597037905616,0.0019071647651320008,0.8629425095507687
61,0.4158544202270795,0.08309900558404502,0.0004367297107599427,0.002227824435147891,0.49838202004296756
62,0.5569899546753042,0.277325894577669,0.0002847420338507809,0.004216988500347636,0.16118242021282836
63,0.42622003546998144,0.34133737110490425,0.0005993937736682662,0.004352882039529394,0.22749031761191674
64,0.5664840166706907,0.20445728250620304,0.0009107216801917785,0.0053558455507316015,0.22279213359218297
65,0.2944376914903238,0.5368753860752192,0.0025947710318767426,0.005049155323174243,0.161042996079406
66,0.38950181887919366,0.47504598786123026,0.0027193893193183842,0.005256327161073011,0.1274764767791847
67,0.21265905104710917,0.7119189332876243,0.002713000607329991,0.014111668421622077,0.05859734663631452
68,0.26217083156186655,0.39996512218148267,0.007558567765607186,0.011928315440214034,0.3183771630508296
69,0.15032695848146568,0.7646739362262431,0.012424846617201243,0.003273063723869402,0.06930119495122045
70,0.15233913756494838,0.7267105539224719,0.0019662558110797074,0.0030738192256818367,0.11591023347581803
71,0.20549812972990628,0.6125814683984635,0.0022443453094194415,0.006197976145919599,0.1734780804162912
72,0.18750392657340728,0.2978695202884709,0.0021204512462774357,0.010616336657631743,0.5018897652342127
73,0.13955877379556683,0.8003919254840486,0.0011968422134273373,0.0009485492813962313,0.057903909225560886
74,0.44577396978071837,0.46671480504083923,0.0020738083924685545,0.002755330512892278,0.08268208627308152
75,0.089713345431058,0.8826684939606453,0.0034843720892998448,0.0017718151570132563,0.022361973361983808
76,0.17145519376882376,0.7399177236749837,0.002885222362461951,0.014906668818288634,0.07083519137544193
77,0.1257910298703987,0.07211544523022215,0.0028868470085278695,0.005463295995023039,0.7937433818958282
78,0.3833247615765543,0.24647330856794772,0.004044062544756913,0.017635298588765037,0.34852256872197585
79,0.22598963328783708,0.5977241892240879,0.005598441889573959,0.004065551872109777,0.16662218372639118
80,0.4430593399033127,0.29011610275848915,0.0028440991693628663,0.005524321313355579,0.2584561368554797
81,0.17240209097866413,0.11792488914248253,0.0013726195428718122,0.0027092086498083194,0.7055911916861731
82,0.4189896608848755,0.44396693026315825,0.0022132558409970805,0.00465193510188347,0.13017821790908576
83,0.2572312724019962,0.5017524816471931,0.003937049743350276,0.004493368533617069,0.2325858276738433
84,0.2703986435699418,0.6382908868593172,0.002649404675314126,0.006386865159631084,0.08227419973579572
85,0.11191143370898625,0.7380809220990584,0.0026982984054954653,0.013072705365421084,0.1342366404210388
86,0.20709645991616554,0.5176820941527461,0.0026520796840709036,0.018015781501350404,0.25455358474566714
87,0.18588767965557304,0.6887065891335683,0.0036466944380348838,0.05894482654173025,0.06281421023109361
88,0.1881676848496218,0.18530837181272658,0.0019160641600773605,0.02633817832173825,0.5982697008558361
89,0.2102854572673843,0.18174333876664436,0.0014066123250572958,0.05682338317890026,0.5497412084620138
90,0.2158684744428381,0.4391374221060529,0.0018101233058837795,0.07831336739044861,0.2648706127547766
91,0.08222447466021278,0.15442794286741793,0.0017025345760388827,0.029516935848675683,0.7321281120476547
92,0.005669858938629109,0.022893475477902422,0.0006493831715202086,0.001344867472982666,0.9694424149389657
93,0.005634595723220598,0.0032893265403800623,3.32497119760757e-05,0.0008047901738397854,0.9902380378505835
94,0.030805236042267738,0.0042051911141688155,8.091173597840582e-05,0.001544881601747327,0.9633637795058377
95,0.04902338478057124,0.00593666407616298,3.962309229754545e-05,0.001376661283861984,0.9436236667671062
96,0.008574762642700011,0.004851809035628631,8.723700134860624e-05,0.00016518492678549383,0.9863210063935373
97,0.06026620919164048,0.005904023673337819,1.8153549301522003e-05,0.004327955086992129,0.929483658498728
98,0.04943519009991907,0.004176161684272392,1.6462458929500633e-05,0.004546699212663822,0.9418254865442153
99,0.03528938316134756,0.0023498982973014456,9.472872160466152e-06,0.005866871151119284,0.9564843745180712
100,0.08653358679351696,0.008047443669877311,7.308370649206794e-05,0.03717708596745414,0.8681687998626595
101,0.028296412101421524,0.0015638988033540426,3.1210529196509646e-05,0.011181842719889234,0.9589266358461387
102,0.02087132354406559,0.002091352599165889,2.0809589164390587e-05,0.008336513647272257,0.9686800006203318
103,0.0196581422537805,0.002430680996492217,1.3334412185114378e-05,0.024916480308680565,0.9529813620288616
104,0.011660073629444776,0.0026599724574627908,2.5672723742328327e-05,0.009620130088701209,0.9760341511006488
105,0.010762208795146597,0.002032032253098001,7.961456013117416e-06,0.006655172053949709,0.9805426254417926
106,0.023809564261670777,0.005597304078832403,1.8876327366390117e-05,0.02042052414224889,0.9501537311898817
107,0.011301030529827229,0.0032654750498307596,7.1695041776164265e-06,0.01044072193657822,0.9749856029795863
108,0.04039624468711643,0.006243782704874889,2.6208149369973286e-05,0.03136886106270716,0.9219649033959315
109,0.00795447352560079,0.0009364671704923689,3.6618254063494005e-05,0.004540475744055062,0.9865319653057883
110,0.013639730606923438,0.004409830007890969,1.5275170877395145e-05,0.004660594954318672,0.9772745692599896
111,0.01777828427529935,0.0028365498672931286,5.451216901326254e-06,0.01757770853474951,0.9618020061057566
112,0.01244950525269875,0.0029448089318872663,1.7181038809271415e-06,0.0042178482263561376,0.980386119485177
113,0.016354422319126278,0.005540825762721615,5.28932724207877e-06,0.0063121296325366035,0.9717873329583735
114,0.0059498982501545415,0.0012181691078192805,1.6896953874942344e-06,0.0024865453787945137,0.9903436975678442
115,0.008421325704432844,0.0016799142564166952,7.333562400533187e-06,0.0029483806221955737,0.9869430458545545
116,0.016003754120395747,0.001030468712981756,4.989390916682945e-06,0.00475540126727794,0.9782053865084278
117,0.005623409099014067,0.00045035469223713895,1.3314606440788885e-06,0.004037542312372342,0.9898873624357323
118,0.022671593145087137,0.0012451626256358278,3.293527426777144e-06,0.007268276991659034,0.9688116737101912
119,0.006437715625966407,0.0006354482131233296,1.6738343758527327e-06,0.008823362691590356,0.9841017996349442
120,0.016904961220703153,0.0013382797035818583,5.564312975232592e-06,0.011269173269862365,0.9704820214928773
121,0.014494167687760087,0.0013028714572310427,8.103432127421335e-06,0.00761420100466038,0.9765806564182211
122,0.026347635637252276,0.0015697220474588094,2.051011377528607e-05,0.015519059204253886,0.9565430729972598
123,0.011532190363388843,0.0007885307839352296,5.705424610110052e-06,0.005357982744502254,0.9823155906835634
124,0.020807951357516927,0.001187832936666522,6.3554089827022334e-06,0.0066591104920225765,0.9713387498048113
125,0.01334839645953662,0.0007982869242066702,3.5837847743467553e-06,0.0038302446656074927,0.9820194881658749
126,0.02402435974744024,0.0017534112618147338,5.448045592910841e-06,0.008849110285611863,0.9653676706595403
127,0.02397909314314214,0.0012479188165392314,8.748401463245948e-06,0.007159454504925402,0.9676047851339299
128,0.01788761995197797,0.0015195858400474794,1.6039324753132277e-05,0.005157000233420555,0.9754197546498009
129,0.014480006500111652,0.001358961047162303,6.782114500317629e-06,0.0046235104024513795,0.9795307399357744
130,0.005841685472737103,0.00069270722271903,2.7625443311236005e-06,0.0050640565767871406,0.9883987881834256
131,0.016359351208696055,0.00126779895984179,1.0420947345542568e-05,0.0077958987352774525,0.9745665301488392
132,0.008549057335401703,0.0005182132534334799,9.157869494393195e-06,0.001763008098069838,0.9891605634436005
133,0.007468824748543309,0.0004919403896948359,1.8212641875265714e-06,0.0022652823582005686,0.9897721312393737
134,0.11445838701159415,0.00779536546533333,9.026296398927238e-05,0.05967505341911964,0.8179809311399637
135,0.034683280106005306,0.004803717191525387,8.325550115662842e-06,0.017199326438897336,0.9433053507134563
136,0.017647003987663678,0.0013962242352606744,1.304963965859544e-05,0.012637400277772257,0.9683063218596447
137,0.016690055182672553,0.0017516492649493195,9.233869098406526e-06,0.01163999373931131,0.9699090679439685
138,0.042761559262728704,0.0023895470393155136,1.579108571004774e-05,0.010126565494524637,0.9447065371177211
139,0.03994604112093408,0.0023561994602433268,1.1736544808582023e-05,0.006967466421703997,0.95071855645231
140,0.019725440138399133,0.006332058593904792,1.6987437109026385e-05,0.004606488216190083,0.969319025614397
141,0.029979446043529,0.0021370892737994553,3.661758440510375e-05,0.01044636441041127,0.9574004826878553
142,0.008591810190041451,0.0008072537607959764,3.4629614669441287e-06,0.004159028093316445,0.9864384449943793
143,0.020656863087517133,0.002058671150416168,1.2143495439013912e-05,0.008518400632901312,0.9687539216337263
144,0.019049055717321593,0.0012035400525281465,7.641070365610886e-06,0.007189896834121182,0.9725498663256634
145,0.027986938051061172,0.010888206259237233,1.5944423877535216e-05,0.006462556745468926,0.9546463545203552
146,0.027288322444008115,0.0035469572881206453,2.361716545814288e-05,0.008803558690808004,0.9603375444116051
147,0.014590902795857013,0.003145787265787942,2.277749623534143e-05,0.006329758288246023,0.9759107741538737
148,0.010558577445761913,0.0014988786652282609,6.18002198156872e-06,0.005328559238244105,0.9826078046287842
149,0.01795465498205694,0.0014086267531708166,9.933966009130861e-06,0.005832722195623892,0.9747940621031392
150,0.008575289461340726,0.0006036775786183903,2.644405510277572e-06,0.0025527699197579337,0.9882656186347727
151,0.007831751706928503,0.0006164854712067388,4.495799699574529e-06,0.00353679429383509,0.9880104727283301
152,0.009697798420891588,0.0006438788219490669,5.6466197192260285e-06,0.004262848010452751,0.9853898281269874
153,0.03966026614049905,0.007091983208181502,4.7806766811444815e-05,0.024605630256472544,0.9285943136280355
154,0.004507209418383615,0.0006737265392066931,2.498409335806597e-06,0.003367957985623193,0.9914486076474508
155,0.06013004445333772,0.0036589361665691927,1.4147110913333436e-05,0.013854941835910219,0.9223419304332695
156,0.025842377957669187,0.002515625973852885,3.542667900494803e-05,0.010177534647169393,0.9614290347423036
157,0.06186091720304378,0.0025473985758681476,2.832111404919939e-05,0.015378002321765213,0.9201853607852737
158,0.0030607890623541864,0.0003393176749799249,1.0741855832451236e-06,0.0027444684431359237,0.9938543506339468
159,0.015736392408657124,0.0007904365855060868,5.643874844770407e-06,0.01008051113578678,0.9733870159952053
160,0.009753529353756958,0.0006231063849703748,7.76314343405904e-06,0.00533981944331776,0.9842757816745208
161,0.017419347102132242,0.0009332978235192374,5.102148948357712e-06,0.003779675748543623,0.9778625771768565
162,0.014404553710955649,0.0005856147833073381,2.882304481445459e-06,0.0044500100775403005,0.9805569391237153
163,0.02220889844631029,0.0008462880899047548,1.0347609329925718e-05,0.005585269160476066,0.9713491966939789
164,0.013205134696639228,0.00079965415977706,3.4159973962569583e-06,0.003917112184789408,0.9820746829613981
165,0.004815175054736612,0.0009545417064397722,4.2084986881327495e-06,0.0013041077680924886,0.992921966972043
166,0.0054219068513051095,0.0004424539835129949,3.6398803082505365e-06,0.0017591528141924823,0.9923728464706811
167,0.003044306233102211,0.0005472874983977397,2.9707087076649837e-06,0.0011635384458956405,0.9952418971138968
168,0.005120250141775986,0.0007024439306567074,3.903081595929345e-06,0.0010370822595273954,0.9931363205864441
169,0.008296033011984219,0.0013390607785145375,1.1156779332639156e-05,0.002191848279822933,0.9881619011503456
170,0.030321842849124484,0.007642549728941686,3.1548550064755237e-05,0.006762429381979543,0.9552416294898897
171,0.003642705732845103,0.0008273652366517247,3.488540127459313e-06,0.0019465634907681602,0.9935798769996075
172,0.0044982319666660815,0.0008012075771369984,1.3413688076045996e-06,0.004010956155980554,0.9906882629314087
173,0.0632091075990577,0.003470411756473428,6.1590981920420715e-06,0.020523102439992006,0.9127912191062848
174,0.007894032845451007,0.000974907657132862,1.3137949063602327e-06,0.0015602595701619483,0.9895694861323477
175,0.0251940931470692,0.00156095033274903,1.2884927594530205e-05,0.004872054589247351,0.9683600170033398
176,0.04453669479406119,0.003538924649168863,1.7978839610118108e-05,0.01654749154769783,0.935358910169462
177,0.008250286652819527,0.0018188396149126846,1.735414133773989e-05,0.005521007821431032,0.9843925117694989
178,0.03433702295622185,0.005115991587964362,5.4304057802640455e-05,0.006965764086929203,0.953526917311082
179,0.004548366435751548,0.001915502419356086,8.899200414395975e-06,0.0024804165646258995,0.9910468153798522
180,0.005724477124913379,0.002790351066870632,1.713667686899702e-05,0.00896172296209232,0.9825063121692548
181,0.005710906141037281,0.0032861948523589374,2.657525055137674e-05,0.0020047866463925213,0.9889715371096599
182,0.006407346780859321,0.0008703981140415013,5.344709074716442e-06,0.0033871879964405094,0.989329722399584
183,0.015821053381298036,0.001597142695305257,7.412293950134125e-06,0.008372797132448338,0.9742015944969982
184,0.022363668871245034,0.001453137056299743,5.645840392554487e-06,0.006564963099889476,0.9696125851321732
185,0.05132113268091708,0.002243946516609699,5.9604754331214375e-06,0.006599693184621088,0.9398292671424189
186,0.04303303893296328,0.00241545013650639,9.464272778645649e-06,0.01131905585122656,0.9432229908065252
187,0.12892586085063198,0.011639811251276454,6.317853463313828e-05,0.07215548400426168,0.7872156653591966
188,0.06330964830102821,0.005188621821300503,2.7323910945409128e-05,0.04575870573943241,0.8857157002272934
189,0.025616969240385912,0.003905340051114545,1.657563991670521e-05,0.02010617726252656,0.9503549378060563
190,0.007512948269505066,0.0017654953169623842,9.376823965807284e-06,0.010132045084152797,0.9805801345054138
191,0.022760376092123998,0.0027879172077706553,5.066043509705733e-06,0.018701215257726268,0.9557454253988694
192,0.03479161200276429,0.006685476233104434,1.4005750683377494e-05,0.03435600200750581,0.924152904005942
193,0.027893391422005906,0.004911603711098194,2.548592607156334e-05,0.0337849751862854,0.9333845437545389
194,0.012023889932576807,0.002529925858354173,6.1889863945555544e-06,0.011642563583461874,0.9737974316392125
195,0.01923318231854468,0.004304926618913376,1.538075983905109e-05,0.022045827325337553,0.9544006829773652
196,0.020565818332424976,0.0013771969289972659,2.5901400438036425e-06,0.019443492265178927,0.9586109023333551
197,0.020644538958919923,0.0020971448699727375,9.69594556361384e-06,0.017699944220619098,0.9595486760049247
198,0.017301843065408995,0.0035144836674296286,1.1934077727414736e-05,0.025203371687804735,0.9539683675016292
199,0.008982327073242119,0.0016186828336625892,3.3781666927538475e-06,0.008014454163603548,0.981381157762799
200,0.014255010752153689,0.0018957814097080483,8.313417236082244e-06,0.03137206025764861,0.9524688341632536
201,0.004128574104883313,0.0007784284725709946,2.285700653066525e-06,0.009473403822729496,0.9856173078991631
202,0.004816287962269036,0.0004675404048427951,1.754166899408788e-06,0.0019397575407200135,0.9927746599252687
203,0.0029158505338268185,0.0006894399174942589,1.0579666090232756e-06,0.003962945684140973,0.9924307058979289
204,0.010786324418124693,0.0019908262636508943,2.1378820639491747e-06,0.006386596294612184,0.9808341151415484
205,0.014514452610977606,0.001334384454264649,3.802333354655399e-06,0.008462232963427262,0.9756851276379758
206,0.06588616226451281,0.0031512973274480955,5.995730164172236e-06,0.030720092285949352,0.9002364523919256
207,0.02384838094540393,0.0019359304048611815,1.123431670160837e-05,0.0066871885247219535,0.9675172658083113
208,0.07794331161862315,0.011311578609187231,3.694370737100329e-05,0.007244720716884339,0.9034634453479343
209,0.03963101894469265,0.0041065416984919665,1.6585038967213396e-05,0.010988916241090274,0.945256938076758
210,0.08022034543151245,0.011125844397331296,2.794058828379873e-05,0.030185948960433237,0.8784399206224393
211,0.006395131931529632,0.0017660992969451264,1.1189546884771484e-06,0.005510283496740479,0.9863273663200963
212,0.06627303723115742,0.008953317568134339,1.2445833049572658e-05,0.013160242740561703,0.911600956627097
213,0.015195407706871384,0.006449552229521314,7.259284959687894e-06,0.004717492547721106,0.9736302882309265
214,0.004521607973176597,0.0008054350003240414,4.612525943604957e-06,0.003418331366286832,0.991250013134269
215,0.036862673768446916,0.00150106077461093,2.2832200033611604e-05,0.009324789226824101,0.9522886440300844
216,0.010242254797741006,0.0006361788682103469,4.515591943792552e-06,0.003372073499617761,0.985744977242487
217,0.018859301040478758,0.0008823627135697182,2.0996692058138203e-06,0.003443507895731207,0.9768127286810145
218,0.010996950257518616,0.0010452715960091274,3.167134785362663e-06,0.006553983854303038,0.9814006271573839
219,0.007401966911471772,0.0007410089447891213,1.386635988098562e-06,0.004136257272450446,0.9877193802353006
220,0.005121820716033959,0.0007231253272201162,4.401281946182094e-06,0.0031503952865662935,0.9910002573882334
221,0.012218609084909333,0.00149203239258628,1.5039569944367856e-05,0.00802992357787782,0.9782443953746823
222,0.0022396583913761427,0.000324439139417371,1.3319843284211895e-06,0.003907764541758133,0.9935268059431198
223,0.011460346158222195,0.0012666379746975023,1.921724402369933e-06,0.006030329399014321,0.9812407647436636
224,0.012379720554428543,0.0010228725212696136,2.4899351023707376e-06,0.0051140046915734835,0.981480912297626
225,0.025729177034055795,0.0017537530960533962,1.638215686141997e-05,0.01114129032899241,0.961359397384037
226,0.00999612587038718,0.0011925605751771189,2.7013649626835842e-06,0.010903608499571376,0.9779050036899015
227,0.03669411945159825,0.0020306291949470216,2.8455006649576537e-05,0.01871289524449183,0.9425339011023133
228,0.006009260032617052,0.000797955185341501,1.696519481987792e-06,0.0028447451504109607,0.9903463431121486
229,0.004682477125425172,0.0006824624780737077,3.15856601275304e-06,0.001523099828093129,0.9931088020023953
230,0.008237968630062653,0.0009543719056686381,3.439148530703064e-06,0.004120977813741265,0.9866832425019968
231,0.037996201174817515,0.0016938288764938806,5.2819469348808605e-06,0.008987348072864373,0.9513173399288894
232,0.0069086814966914725,0.0004695814871832204,5.0215133311894265e-06,0.0028223139188626053,0.9897944015839315
233,0.042043917915102764,0.0017842864225397926,6.473498732840776e-06,0.018013578518587314,0.9381517436450372
234,0.009206382369934884,0.0007593844147845285,1.503793891157579e-06,0.007053406702718763,0.9829793227186707
235,0.01808121088616985,0.0017865188247383227,2.767356524484721e-06,0.004624069510593314,0.9755054334219739
236,0.01081997315102492,0.0012464884199628232,8.872404200046979e-06,0.003226643094491512,0.9846980229303207
237,0.021638570277713425,0.0011999720730153588,7.235364912726743e-06,0.006628118645835238,0.9705261036385232
238,0.01710420016562588,0.0041361459946458,5.099472020415191e-06,0.004888643217066021,0.9738659111506419
239,0.02579276853709263,0.007289788941508936,8.3674711957212e-10,0.006142820074539722,0.9607746216101115
240,0.016841563161006656,0.002846303378894706,3.3848777641244823e-06,0.002294747108616457,0.978014001473718
241,0.029597691543044934,0.004064848302110462,6.254480878266011e-06,0.00612169058142031,0.9602095150925459
242,0.02824180128869252,0.007266970804651668,1.6593125104088877e-05,0.012659802447834928,0.9518148323337168
243,0.00450276496769974,0.0020608167318165796,4.463974645870675e-05,0.0015498219649476444,0.9918419565890773
244,0.011519513792466197,0.0023669197645716554,3.5635378490123886e-05,0.0032482416451315574,0.9828296894193405
245,0.017324830687548528,0.0013124790499948352,6.947647522479277e-06,0.006331766094896928,0.9750239765200371
246,0.009347664497381948,0.001432607093012263,5.0575863252610995e-06,0.0024989623720150407,0.9867157084512655
247,0.008149223942953036,0.000901596765609775,3.5738872774322326e-06,0.003924232323240042,0.9870213730809198
248,0.009906837055641044,0.0006782454845609087,5.339720445960204e-06,0.007074958956670873,0.9823346187826814
249,0.015216189577707961,0.0010101201823077307,7.237105945399663e-06,0.006181744156260493,0.9775847089777784
250,0.0034430157694109787,0.00045070439579079143,1.22075777735816e-06,0.002359751606808476,0.9937453074702125
251,0.008566387428279107,0.0012234007719719592,1.2559655624628516e-06,0.005121749215156704,0.9850872066190298
252,0.014923448587274827,0.0037233279015486203,2.65072113256108e-06,0.0020391241783270352,0.9793114486117169
253,0.005269827243570917,0.0011527255644520039,1.0326306739769412e-06,0.0015179834335442574,0.9920584311277589
254,0.08507198983456911,0.006278688577911464,2.1472810259847637e-05,0.007473072720094903,0.9011547760571647
255,0.0073353863539315205,0.0022703966485095803,5.171300965212729e-06,0.002130857395784237,0.9882581883008094
256,0.007088085932289068,0.0030796489594255897,3.6593417054381518e-06,0.0030127359479630716,0.9868158698186169
257,0.006457504094433654,0.0011768659921729903,5.305331885012118e-06,0.0022549680505166937,0.9901053565309916
258,0.0036599699208078457,0.0004878537023095347,7.910237835242406e-07,0.0008600496963343717,0.9949913356567648
259,0.023164694199804884,0.0026911815702005746,1.5153523281699146e-05,0.0037675217315568353,0.9703614489751561
260,0.024180867348048408,0.0017660429578520917,5.268490400655715e-06,0.007561984770084471,0.9664858364336143
261,0.0029075537900654183,0.00031181831112095674,1.4020515892653298e-06,0.000797365759969818,0.9959818600872544
262,0.02589260190621682,0.0011981013522577816,3.572894957936999e-06,0.007269665757620241,0.9656360580889473
263,0.032573579297331096,0.0021198410628300375,4.930254291927533e-06,0.005218932484744907,0.9600827169008019
264,0.010789312486254709,0.0011910049735894942,8.159110849312378e-06,0.0026416701565352423,0.9853698532727712
265,0.009347406137262794,0.0007285534809535467,2.5920208254718477e-06,0.0019704870282537625,0.9879509613327044
266,0.012795072255829895,0.0012266694411987725,4.2328526423749295e-06,0.00741804054867301,0.978555984901656
267,0.09089663919983762,0.0028581016670371556,3.7465946740390173e-05,0.031661894321827075,0.8745458988645577
268,0.03467566669659424,0.0018435728115012442,1.7989002994663108e-05,0.02085162816879372,0.9426111433201161
269,0.016346666159562834,0.0016025461829482389,9.806135121565254e-06,0.015059580977523076,0.9669814005448443
270,0.0696064154200043,0.00655450372200176,3.499639998590312e-05,0.08029128763314204,0.8435127968248659
271,0.1333899396530919,0.007902440037529008,0.00011063249311233931,0.20749696936174586,0.6511000184545209
272,0.08853047534177344,0.005133282606473882,6.864705308705328e-05,0.07327474683744274,0.8329928481612228
273,0.17084627103259467,0.01868072033772154,0.0002691490680658917,0.22776640660470893,0.5824374529569089
274,0.20004393923466907,0.02520053658981501,0.0001667310062916229,0.3234592928500003,0.45112950031922405
275,0.22084926718354936,0.022813696910772768,7.228692665813966e-05,0.26385468786198757,0.4924100611170321
276,0.2675993413825445,0.03793718172091637,0.00014184718914960997,0.3369025036463581,0.35741912606103154
277,0.1548668038758072,0.02747767041326224,0.00022622981415586216,0.6087604344480081,0.20866886144876656
278,0.0933009857822897,0.0400718403806606,0.00020366463221546048,0.17500803068712661,0.6914154785177076
279,0.028680084361928416,0.056013559112172755,0.00014875453126265905,0.01688747118609557,0.8982701308085406
280,0.1005928348261007,0.07024039147407904,0.0003548660092403282,0.05906393598954921,0.7697479717010307
281,0.07668444375479085,0.07169213623601634,0.0003635479742843012,0.07333992780417449,0.777919944230734
282,0.017981974725163878,0.05641311146440089,0.0007380972772075841,0.007210810250265106,0.9176560062829626
283,0.007983565924770617,0.01841561102525034,0.0009981385095469677,0.0037772210753879137,0.9688254634650441
284,0.02489918269635136,0.032505871737636555,0.0012137784254533585,0.00853270364122034,0.9328484634993384
285,0.03245153422540624,0.12045213343362492,0.0010472502584387656,0.009301080579754236,0.8367480015027758
286,0.12061930053388559,0.11211349059431822,0.002498725011293951,0.01697764396651403,0.7477908398939882
287,0.14772506113768802,0.22001153468004436,0.00693076358982529,0.004435866293472382,0.62089677429897
288,0.21311341223244953,0.6217352082613897,0.03431013464715912,0.006604294940224005,0.12423694991877766
289,0.09401816987320673,0.8547256945319847,0.010015190163796114,0.002712350539000813,0.038528594892011686
290,0.2826714761255936,0.48906028541411445,0.004954058641289537,0.014603078788212116,0.20871110103079038
291,0.18018545239949527,0.7374699294734427,0.0104343135086091,0.013905782094123156,0.058004522524329895
292,0.15584966913490017,0.8068472542163522,0.004912652553465728,0.010702500458003542,0.021687923637278204
293,0.10028958189424084,0.8132239939920035,0.0076729505928401906,0.05166139841427739,0.027152075106638026
294,0.2758121779028018,0.4169578834582654,0.00448859147552379,0.2803307371549109,0.022410610008498075
295,0.1755712469826101,0.16977198909822633,0.003428001921810172,0.44551399511388085,0.2057147668834725
296,0.15126439801241018,0.09894428989524338,0.0003728996097859053,0.6311088378884274,0.11830957459413309
297,0.12284768092526505,0.05823918122642776,0.0003432186382956848,0.7141151186059922,0.10445480060401932
298,0.03163551624720346,0.010928850253625475,2.774601312073471e-05,0.9311936823027434,0.026214205183307165
299,0.012160063904179386,0.004017475693742578,1.7073740935097758e-05,0.9749719871339863,0.008833399527156647
300,0.007126751382546577,0.012067246400235552,6.73820388887555e-05,0.8647780860288434,0.11596053414948583
301,0.009074854969455223,0.004928522797461342,1.586987326640538e-05,0.9561862841936983,0.02979446816611874
302,0.0038088924857847457,0.005808224660589427,1.5239407975715125e-05,0.9506213544735014,0.039746288972148755
303,0.03037104193575266,0.007872052498062375,3.3178204899485894e-05,0.6222232408341547,0.3395004865271308
304,0.03889346548205347,0.006932494793162019,1.3257034101052311e-05,0.3061493559594448,0.6480114267312386
305,0.039612490261664135,0.008567267367542727,5.273923796490872e-06,0.47165287708698755,0.4801620913600091
306,0.11993521241156622,0.009756090663880867,1.0573163126141452e-05,0.3931083860931705,0.4771897376682564
307,0.027897184810636834,0.012625770006893525,9.20191343636477e-06,0.8088385834433767,0.1506292598256565
308,0.02973205092635047,0.005851538616787566,7.5041301755689696e-06,0.6903427517641939,0.27406615456249256
309,0.04906969094899968,0.00962594627210262,1.0170086817365438e-05,0.5737549180594309,0.36753927463264946
310,0.060978140427719374,0.013480461233571151,3.0334108898210905e-05,0.6946726419202108,0.2308384223096004
311,0.09820060559715545,0.009126811774494273,6.331053557719029e-05,0.8116407606703213,0.0809685114224517
312,0.09348497380667099,0.01508290897588067,4.443320205280955e-05,0.7961243222041271,0.09526336181126831
313,0.0708035459349507,0.013868263166002539,3.139955484797897e-05,0.8869025656326036,0.02839422571159506
314,0.04109129052030885,0.022712847521120884,2.8129210251332174e-05,0.8991910820444108,0.036976650703908216
315,0.0630675918446461,0.028642297545867532,0.0001729723304409885,0.8427265337761799,0.06539060450286553
316,0.11252094708094375,0.036972059690746066,0.00029779189634359786,0.7445502069777917,0.10565899435417483
317,0.10576042167548365,0.04450072213244444,0.00026210528812090224,0.7378879402390227,0.11158881066492844
318,0.3993662274896592,0.06865788017771907,0.0006198673528354106,0.3157082399185364,0.21564778506124987
319,0.5608332273432526,0.15188210177533018,0.0006342153596718701,0.14807031298141846,0.13858014254032697
320,0.500497641002688,0.24686446061971623,0.0008291418976418146,0.15612821754765802,0.09568053893229589
321,0.3948594309514564,0.4996819259044417,0.0007999620483758454,0.030825948631583402,0.07383273246414258
322,0.47437232879687047,0.3550297946916818,0.0014060852022247266,0.0723614825545588,0.0968303087546643
323,0.1126718626293444,0.8490567483061047,0.0005760883625651622,0.0229000303380827,0.014795270363903136
324,0.17681469718197637,0.34075555514455025,0.002956790602154835,0.031152337503751723,0.4483206195675668
325,0.21504185896397493,0.6906873547037483,0.0031699968506784335,0.020346582961875536,0.0707542065197229
326,0.2605302595574335,0.42705532932723306,0.0021082983886144043,0.023892581751715294,0.2864135309750037
327,0.2793899358307613,0.6701844770321147,0.003335463424860053,0.009849470595444634,0.037240653116819275
328,0.0659474400072242,0.8005043792020633,0.015356685609190039,0.01578262787966307,0.10240886730185934
329,0.29641702511568624,0.36429068911200607,0.008307405684002763,0.036397835574655486,0.2945870445136494
330,0.19573317886103658,0.5953125635617917,0.0030210767414056167,0.021113347069917705,0.1848198337658483
331,0.3092605158677146,0.6194205003078191,0.003186116851853675,0.01470616715922456,0.05342669981338797
332,0.3414307364996806,0.57061169595836,0.00626855455271805,0.019949846288726553,0.061739166700514714
333,0.18184890480152563,0.7517904585638016,0.005500301703596865,0.00957159116092011,0.05128874377015602
334,0.24827979333666908,0.6542913419285025,0.009884268589747792,0.022480739794670627,0.06506385635040997
335,0.07718146790877865,0.8834581465764879,0.012525372144735394,0.006455765728714367,0.02037924764128367
336,0.11213119022717288,0.2845100785763999,0.005010853313643443,0.0053613281894043215,0.5929865496933795
337,0.1283030520921585,0.8396798434377285,0.0012771517729212177,0.0038010332500663544,0.026938919447125405
338,0.2934859861598622,0.4844860317065995,0.0027705597678376838,0.010041640235416482,0.20921578213028424
339,0.07764287711295363,0.8542060903186937,0.0031085829814937204,0.001309089334808917,0.06373336025205031
340,0.08045393886436021,0.8979305764448874,0.0026318417148290265,0.004417692301051419,0.014565950674871894
341,0.054715258612913154,0.2216572570121729,0.0023629780393837783,0.0019294140264672327,0.7193350923090629
342,0.2945059289600821,0.49992455663732643,0.0020527124550459882,0.005201237134957749,0.19831556481258755
343,0.12576527135325205,0.3417727410113935,0.002705655409613475,0.0015792152927320334,0.528177116933009
344,0.25722223625304913,0.3805169735827453,0.0025129374910533376,0.0008388631629251536,0.3589089895102271
345,0.44593397657198314,0.510867363688356,0.001446387503872103,0.002557871452488755,0.03919440078329988
346,0.3231721545890231,0.5916691401519423,0.00415514744254475,0.0026043991219960342,0.07839915869449389
347,0.26311223967587516,0.6752118519518353,0.0012622848147060327,0.003758067632261149,0.05665555592532232
348,0.048251045289861294,0.9263419165125247,0.003493191715533025,0.0010588888834865732,0.020854957598594417
349,0.17898996551412164,0.6569223678772782,0.008475621182973153,0.006897404474646504,0.14871464095098036
350,0.10842795192294803,0.7163769345855788,0.003784490057363217,0.0019929162498120464,0.16941770718429816
351,0.2682386425352114,0.39345742031132575,0.0031070884522717696,0.004684030837607642,0.3305128178635834
352,0.36513451919145834,0.5665105704452764,0.003409026685097094,0.008141353581935238,0.05680453009623285
353,0.12374494442955283,0.7235653306504717,0.002310911051996067,0.0028696413245158678,0.1475091725434634
354,0.3267011265098489,0.6132022852726876,0.003148758401689777,0.009668677124106316,0.04727915269166737
355,0.06949681029460225,0.9042787871211687,0.004839736670844271,0.0017280127929692238,0.019656653120415566
356,0.25685958368642364,0.6462119901833746,0.011723811908235782,0.010180692093714293,0.07502392212825164
357,0.028575485173436662,0.9587935523654776,0.007320146316540101,0.0005500478087523583,0.00476076833579341
358,0.04633538989871755,0.9310301688772371,0.013631453782918601,0.0027264093414729445,0.0062765780996537355
359,0.020269589964237184,0.8208105352148168,0.0752741229144661,0.0009876450124882564,0.08265810689399167
360,0.2859880018746858,0.6298548985378914,0.03566802041278715,0.019333257775814367,0.0291558213988213
361,0.03117947776257048,0.9136832061629676,0.047840807117530984,0.0015773451227401977,0.005719163834190745
362,0.2899708895046925,0.6037333400150581,0.013310645808204463,0.015157604780737128,0.07782751989130772
363,0.016135492939210367,0.9348833679362101,0.036930313169328384,0.0005915453011995337,0.011459280654051692
364,0.26573938200011066,0.30620925946577615,0.027586009552626026,0.01611329717724217,0.3843520518042449
365,0.043305942368495776,0.916081998118722,0.025318821507510105,0.0020879220008843146,0.013205316004387737
366,0.14781362849407223,0.5508451369658485,0.007917491690691083,0.012190655947546569,0.2812330869018416
367,0.34021515779186656,0.49558552255778077,0.006963458643129759,0.021499108864344894,0.1357367521428781
368,0.06480778661587094,0.899261113430338,0.003375468238655529,0.01205347884951882,0.02050215286561668
369,0.2077274554141149,0.1271856413104102,0.002027142724114419,0.0049663992135225415,0.658093361337838
370,0.29229088493467215,0.4151441423664368,0.0013901621525745688,0.005529599846441227,0.28564521069987536
371,0.4732918445289018,0.29550730763981736,0.0011112493227324212,0.005585434581162033,0.22450416392738642
372,0.37698993554760213,0.274344812848482,0.0011217089410138854,0.0055352039680942695,0.34200833869480773
373,0.14691545239899056,0.7548949705350638,0.0014280705665489243,0.006994521985217816,0.08976698451417899
