epoch,N1,N2,N3,R,W
0,0.06433607491147425,0.0037241583700387535,1.576494835606182e-06,0.0008400841935314003,0.9310981060301199
1,0.1979873476147308,0.01261835084425816,3.3828263158432864e-06,0.001119035155231636,0.7882718835594635
2,0.27088275435381737,0.022184005104166304,6.169306226589794e-06,0.0033104981118231144,0.7036165731239665
3,0.4775297261584393,0.05245534245466082,3.40183040837431e-05,0.008714695268981262,0.461266217813835
4,0.17330682179539125,0.5138255413651545,0.0008055861467790608,0.008502566661197839,0.3035594840314774
5,0.37329075653471977,0.10110252032659754,3.667060293320915e-05,0.01801570353649737,0.507554348999252
6,0.19384066989579732,0.521743123177014,0.0006626752838750749,0.0245432705841428,0.2592102610591708
7,0.08979201007197962,0.7280348489017121,0.004271549670723256,0.016230878501939994,0.16167071285364518
8,0.13938904725174142,0.7095535957532523,0.0013657901072835444,0.03332202504668889,0.11636954184103386
9,0.09663528513925386,0.7827738401351912,0.0007612101432864629,0.031243763691284336,0.088585900890984
10,0.06975464049086125,0.7158513548667944,0.0009102968447395535,0.018911408114686522,0.19457229968291836
11,0.02901118858668393,0.8394638490495323,0.011884514070067685,0.005096781088497776,0.11454366720521816
12,0.04943858186234418,0.7630039530196484,0.005988850267170401,0.008471620476468851,0.1730969943743682
13,0.09557301274508861,0.3018262011065028,0.0002030241588345534,0.015688392898361662,0.5867093690912124
14,0.09760460274176114,0.31318981608798324,0.002906698644757477,0.014440502111682836,0.5718583804138152
15,0.003623827101379267,0.004511246343666287,8.425598839912554e-05,0.00018232564811633813,0.991598344918439
16,0.001113646618162888,0.0006970998260453813,1.2363548200008544e-05,5.923889228647856e-05,0.9981176511153054
17,0.006330815554411546,0.0012780035418045834,7.066809642707865e-06,0.00010652361860342887,0.9922775904755378
18,0.009532954633251758,0.0012962938337571378,1.087370519859481e-05,0.00013007007803450698,0.989029807749758
19,0.0083073493914225,0.001015945598132078,1.1426069358063779e-05,0.0001619755146420135,0.9905033034264453
20,0.01100291577795025,0.0011913426654158996,9.675142162353041e-06,0.00027731223955761126,0.987518754174914
21,0.03225194911845275,0.002756476977652319,2.3490729225163005e-05,0.0005040856244753424,0.9644639975501945
22,0.04203265693844863,0.005165950673509291,1.2864298407804733e-05,0.00029492093492450647,0.9524936071547099
23,0.029896320305269765,0.002876265869272775,3.249095014545793e-06,0.00029532716432634676,0.9669288375661166
24,0.02316381083956862,0.003873893545607986,3.1300049643950014e-06,0.0006692553852098579,0.9722899102246491
25,0.12901574512268044,0.017535927972752434,9.556488341025828e-06,0.0010550473232817004,0.8523837230929445
26,0.06917391100741618,0.01699783695750986,1.4167422248880228e-05,0.002075350336478611,0.9117387342763464
27,0.05368035754557695,0.005224746048075472,5.365976439537044e-06,0.0004903394827644249,0.9405991909471436
28,0.08375187129612773,0.013903850079690938,9.890405065031593e-06,0.0011298043907945444,0.9012045838283218
29,0.14302493458209767,0.04237608910775462,1.6025114596402032e-05,0.005969500016822212,0.8086134511787291
30,0.23828213646379223,0.030856476348273862,1.8985346973838437e-05,0.003423917471245492,0.7274184843697146
31,0.20462486865288945,0.03533290559961137,2.3162168985626534e-05,0.0033463519365241486,0.7566727116419893
32,0.4387369044240935,0.051283858973593555,2.586055448278074e-05,0.017092368413168597,0.49286100763466156
33,0.035530128270472285,0.013410431683960758,2.743778162120985e-05,0.0008238822884793719,0.9502081199754664
34,0.21272052176427103,0.0202056722685772,2.781765282505969e-05,0.006034729353612355,0.7610112589607144
35,0.27749293173660733,0.1625281517595346,0.00015911541676035605,0.016124550752325044,0.5436952503347727
36,0.1638271482224697,0.02458296123561429,1.916279073827095e-05,0.004553491722222699,0.807017236028955
37,0.055273804283820664,0.10171479381756014,0.0003956290887869857,0.005221975942180899,0.8373937968676514
38,0.006794527855580723,0.00409929340530613,2.5632391905074544e-06,0.0003750188143625471,0.98872859668556
39,0.014748054120380747,0.003209124115673628,7.068384894528895e-06,0.0004719148632257805,0.9815638385158254
40,0.022847068760485454,0.005963695646185665,9.835796661881888e-06,0.001016182758887511,0.9701632170377795
41,0.014795562655445953,0.004938446872400164,1.7881052184850605e-05,0.0004475714870045023,0.9798005379329646
42,0.003425092030817398,0.0023911482745440685,0.00020937013674893505,5.315846241691874e-05,0.9939212310954727
43,0.04160001454173349,0.053273605452900226,0.0004965455269711928,0.0003678108403841785,0.904262023638011
44,0.0008199488586554717,0.0031958545587820633,2.1946548843308044e-05,6.494882011967683e-05,0.9958973012135995
45,0.0009084749099442417,0.00225824542155304,8.027627472036416e-06,4.031976635004797e-05,0.9967849322746807
46,0.0013394922352257964,0.002517923544428988,4.114938136359086e-06,2.8973819344984934e-05,0.9961094954628639
47,0.000841749679393425,0.00028631920056412157,4.64298159550973e-06,4.0511772879354956e-05,0.9988267763655676
48,0.0006141294802120776,0.00012617761915650178,5.1805067271731845e-06,2.7082259551935526e-05,0.9992274301343524
49,0.00037929190559931155,0.00023931297604396035,3.228350906882168e-06,5.626784921331035e-05,0.9993218989182366
50,0.0002760866034183274,0.0001812025290255575,1.9162838371692794e-06,5.1620548258526025e-05,0.9994891740354604
51,0.00030076463659085574,0.00024403783446528635,2.118226070264887e-06,5.7410109660913e-05,0.9993956691932127
52,0.00030930829790273845,0.0002349095837101168,2.4026686448702277e-06,5.2088601387991015e-05,0.9994012908483542
53,0.0004026050539651999,0.00028799086434869127,3.6287293343566987e-06,6.264072393263248e-05,0.9992431346284192
54,0.0007381677404273609,0.0005362240297522145,3.7491579419791504e-06,3.718411014045443e-05,0.9986846749617381
55,0.0007407244234140461,0.0006237407636859465,7.302005321962087e-06,2.1112824160477467e-05,0.9986071199834176
56,0.0002662619637166927,0.0003156496412451933,4.798569895756416e-06,1.3093413591765492e-05,0.9994001964115505
57,0.00026067505872398936,0.0004567862182498466,3.286188525746939e-06,1.5585034699093775e-05,0.9992636674998013
58,0.0001294116013879082,0.0003991418272409171,1.3316611322946357e-06,1.1583699545681731e-05,0.9994585312106932
59,0.008710613275043256,0.018277699249336903,0.00028950959240360796,0.00023116827344605364,0.9724910096097703
60,0.01323091689242507,0.00412000337492051,9.791215164373062e-05,0.0004408622172034932,0.9821103053638072
61,0.03709697790252764,0.01004936177228797,3.350680006625644e-05,0.0008100930662489793,0.9520100604588693
62,0.003200579464600569,0.0010153822050771159,1.8756399640588775e-06,0.00032146267752714225,0.9954607000128312
63,0.0008767817867423869,0.0003677701973978316,7.955275886812201e-07,0.00015641287071787463,0.9985982396175533
64,0.0029070994470916734,0.0007619594275432947,1.1701783263676908e-06,0.0001398992599354509,0.9961898716871032
65,0.004699461478289383,0.0009991237608076918,8.645005776512294e-07,0.00018102035655039094,0.9941195299037748
66,0.003719398767416648,0.0010679577104866986,4.664457515859103e-06,0.00022847234200234028,0.9949795067225785
67,0.015347657969515762,0.0011908684031661668,4.228698279481104e-06,0.0006187706350643008,0.9828384742939744
68,0.04288679885024962,0.0020363493336898013,4.142994973225305e-06,0.0014883997867980753,0.9535843090342894
69,0.015559167151551633,0.0021780123453090552,2.19861285925196e-06,0.0007724489204332478,0.9814881729698469
70,0.007868305761737816,0.0010950910076516736,1.4410793802400807e-06,0.000882844532902842,0.9901523176183274
71,0.012971082186218808,0.002819769287445049,3.867460289554463e-06,0.0007974785142004144,0.9834078025518462
72,0.022129999501416954,0.0020922187920265987,3.6125387566007125e-06,0.0028050579604355637,0.9729691112073643
73,0.011509964770122273,0.001191728227494863,2.1412187307926593e-06,0.0013219464496599083,0.9859742193339922
74,0.01398269092107763,0.0014626944465810005,1.642050073457917e-06,0.0012987498203831426,0.9832542227618847
75,0.03434889113469401,0.0033115105343711213,7.062364920245094e-06,0.0030891509433398677,0.9592433850226747
76,0.011905506916321095,0.001512795386722972,2.413467122042398e-06,0.002923471153551531,0.9836558130762825
77,0.006337411247491666,0.0012815995395042492,4.085986067443392e-06,0.002385200764328622,0.9899917024626081
78,0.004175898134087219,0.0006005141182466107,1.6466371890148692e-06,0.0011744010356869268,0.9940475400747902
79,0.01617786542767886,0.001184552881946219,3.3585267264855907e-06,0.0017623145334115509,0.9808719086302369
80,0.005471477391670406,0.0010246277910179065,1.3261978955297052e-06,0.0009036199349659977,0.9925989486844501
81,0.013309757645256187,0.001973735516564045,2.546691071719844e-06,0.0014105770331589577,0.9833033831139492
82,0.0133494220857772,0.001727282372737398,2.3617155203405383e-06,0.00129599030479946,0.9836249435211657
83,0.006314389832000256,0.001039552618120285,3.24550934536947e-06,0.0013799695963141933,0.9912628424442198
84,0.004014197136170024,0.001277912835732965,3.0201571266734124e-06,0.0005969852252067693,0.9941078846457635
85,0.006839498636228088,0.0020326511736235534,2.4153582442091586e-06,0.0008184523211296535,0.9903069825107745
86,0.010561524186472493,0.0009359178203743849,2.786729164789959e-06,0.0014901411671983194,0.98700963009679
87,0.02272446156470955,0.0014213452323794907,4.3046587613961305e-06,0.0034556771745930005,0.9723942113695566
88,0.017060336748884932,0.0027232726348652495,3.013343808350255e-06,0.0021805735228442764,0.9780328037495971
89,0.03826206798052226,0.008790675677524491,1.419194534783435e-05,0.003853165415207618,0.9490798989813977
90,0.0148686040209182,0.0026399321538704904,4.126712031818753e-06,0.002573660183977313,0.9799136769292021
91,0.011270657324211278,0.0029992152113404716,4.4906540998808055e-06,0.0025912198290406496,0.9831344169813077
92,0.0607891816465226,0.007331950279857233,2.14867630486979e-05,0.008116886679081016,0.9237404946314904
93,0.008246307323902004,0.0016998605119651386,3.2806809529033718e-06,0.0008095378527098222,0.9892410136304701
94,0.013692774703375819,0.005492261200466382,1.1957687314013374e-05,0.002322387487440062,0.9784806189214037
95,0.009980926547326168,0.0013821990762110286,2.7924144955066446e-06,0.001174044626592685,0.9874600373353745
96,0.018779219645042037,0.002774829010711654,6.802233021019417e-06,0.003172696492406048,0.9752664526188193
97,0.03848386671917617,0.009758322813351154,1.5001196129921785e-05,0.0039234952182857375,0.9478193140530571
98,0.015865577330297323,0.0032876652513242877,4.434119739558644e-06,0.00376915779962991,0.977073165499009
99,0.017386453968906947,0.00746376761114027,7.018002626905136e-06,0.0040763504641352965,0.9710664099531905
100,0.013241252854478861,0.002426970759307913,3.2630621621524883e-06,0.002687112571021311,0.9816414007530297
101,0.24942078758838704,0.027082719379733496,4.9564622727182695e-05,0.04520490110221907,0.6782420273069332
102,0.10833879120489787,0.008850747272154694,3.8051052523573746e-05,0.03627491722181995,0.8464974932486038
103,0.10918406255854393,0.011954817552526777,3.0325077132816754e-05,0.0546524016759231,0.8241783931358734
104,0.22272266966430904,0.032017585572071044,0.00010506779816385913,0.10547385987725032,0.6396808170882058
105,0.16121012273190435,0.028712425005438223,0.00015806128719414214,0.09992754396855995,0.7099918470069033
106,0.2354409554818445,0.07137825866199753,0.0001943523572762125,0.18188021959817646,0.5111062139007052
107,0.1469969841100861,0.05896308906397691,0.00021238291777869161,0.11811562516891037,0.6757119187392479
108,0.056975813067776986,0.1451958169768327,0.00048177993750879195,0.1050518137415588,0.6922947762763226
109,0.11583785806982222,0.07739636963754548,0.0003824776406748185,0.2735137393450011,0.5328695553069565
110,0.1187733512752813,0.07033017078418502,0.0001536015661632792,0.248550130750335,0.5621927456240354
111,0.13771812545500398,0.20064749044452465,0.00044378878506084286,0.24543748461898351,0.4157531106964271
112,0.12000590532437465,0.1598226038504439,0.00038989053303079766,0.23650899586426624,0.48327260442788444
113,0.14845983418124176,0.3793604925133414,0.0004992393149284744,0.30685880793982595,0.16482162605066233
114,0.18005278834365926,0.22097523180306025,0.0003605903906085769,0.3222539002744624,0.27635748918820957
115,0.1447780794750466,0.4998822790420204,0.0017369669352595197,0.2481212413877327,0.10548143315994082
116,0.10167480150409769,0.41994037020976777,0.0004283631757630871,0.4076376260062882,0.0703188391040831
117,0.10926676709083098,0.46587744989280094,0.0016398657833761065,0.3716812035443782,0.051534713688613905
118,0.13426934325835604,0.5076042418082896,0.0007779457718605664,0.31158715291381356,0.045761316247680296
119,0.14757532041150873,0.3720491820905444,0.0013519416423214497,0.39265457938869314,0.08636897646693219
120,0.09309672991317632,0.6876964644639065,0.0003918530477303481,0.16916847905962418,0.0496464735155626
121,0.18463580589077336,0.5478139626742218,0.0003296263110332778,0.1902464988915281,0.07697410623244351
122,0.10752530079779568,0.7138387053849439,0.002969203513321097,0.12313400279059608,0.052532787513343296
123,0.08973460391633176,0.7614069104272024,0.0003043070842739292,0.09119693763972399,0.057357240932468044
124,0.07626611282728245,0.834012017325189,0.0026149780829922194,0.055163942228405656,0.03194294953613075
125,0.11235896507475966,0.6717813686636074,0.0005532254092082327,0.08729496233271967,0.12801147851970499
126,0.08141684464003346,0.8328102342935989,0.010898527117687195,0.02735837774738098,0.04751601620129944
127,0.1548408154553283,0.7474010813034415,0.0017044579796677431,0.041337257147824255,0.05471638811373812
128,0.20858088420350868,0.6215227658713119,0.00040445257764497094,0.05068449869662919,0.11880739865090527
129,0.07619123404037856,0.8696876161697601,0.004540730418327314,0.030406954000469253,0.019173465371064742
130,0.045135323558369855,0.9106814401904946,0.00687174803898765,0.01607093036629936,0.021240557845848756
131,0.059917446067741596,0.8667983176648276,0.0063508476549242136,0.03882322119084962,0.028110167421656895
132,0.04927594609528213,0.9021492953683709,0.016786242599472694,0.015179620997512968,0.016608894939361407
133,0.032651353643976644,0.9433768812208592,0.008648442312008887,0.0053173891527438285,0.010005933670411393
134,0.042873978472886876,0.780937710591292,0.08224050670172318,0.009579593651951027,0.08436821058214693
135,0.13104197835506662,0.11092450757683157,0.00019997909576795214,0.02440377367757486,0.733429761294759
136,0.21287447282040026,0.714242840719905,0.0006283175198034168,0.046424078458754285,0.025830290481137285
137,0.12094473484643659,0.8361212524540425,0.004208931866884573,0.01238934613817469,0.0263357346944617
138,0.19189691020973115,0.7625315931638945,0.002249481756024955,0.01793017316484304,0.02539184170550638
139,0.05015257985972211,0.9156481347339912,0.007048795989064856,0.010283454552333166,0.01686703486488845
140,0.16459682336727577,0.6432228279779639,0.007183356674633619,0.10810541747829197,0.07689157450183474
141,0.04762571867956997,0.8896417514005257,0.028251693893442082,0.01027939853478429,0.024201437491678246
142,0.18627363570738426,0.7263313829627502,0.006973860289607834,0.02939159852752983,0.05102952251272806
143,0.15064001497742874,0.5779347861090949,0.20552895209165462,0.007613142258036213,0.05828310456378552
144,0.05660057798305684,0.6203410309564303,0.2778748736385388,0.003181853517140006,0.042001663904834084
145,0.06421647935742507,0.8503622487650446,0.0390346542668528,0.007827797366232287,0.03855882024444519
146,0.027988627824414494,0.5394761393045484,0.3856634080551207,0.0038031114969561083,0.04306871331896028
147,0.024422764210142018,0.7112123969332176,0.22665059255270179,0.0035499952082913744,0.034164251095647205
148,0.04351446984640829,0.6248765255875978,0.28883623673086767,0.004390743858539694,0.03838202397658668
149,0.02178538207204477,0.5109593903262,0.42665339498216065,0.0015157316047177804,0.03908610101487669
150,0.03570591005878446,0.4490418696042354,0.4353830518587576,0.003118901084437981,0.07675026739378447
151,0.047408770694163244,0.502964717637818,0.3989141935350569,0.005651240012517021,0.04506107812044472
152,0.014579574405023955,0.27650702739487565,0.6767121855003053,0.0013487169558699704,0.030852495743925075
153,0.026440903482886892,0.2778922948642856,0.6472143426190845,0.0010106037427698104,0.04744185529097321
154,0.026411490391326974,0.29145447396007723,0.6575696570838017,0.0012202426935688888,0.023344135871225198
155,0.010443086538212446,0.1990574951133163,0.7740122688768991,0.000810874513617386,0.015676274957954903
156,0.03155599409268125,0.2261647209028115,0.7223534421845452,0.002356780792354316,0.017569062027607794
157,0.0057133119836994305,0.11449912068523684,0.8721750506274152,0.0003628991298676385,0.007249617573780876
158,0.005258017758226491,0.14141006800891678,0.8313715861062966,0.0006341266580945295,0.021326201468465658
159,0.011701398578871142,0.3044821210003359,0.5809962379737912,0.0013445653891702733,0.10147567705783159
160,0.013778971510507873,0.17188622925018524,0.7936420703657489,0.0007278018350662391,0.019964927038491728
161,0.009794255741167468,0.15534010967090275,0.809181278065472,0.0005772452156516997,0.02510711130680622
162,0.012698453918243605,0.1838232995719346,0.7878672475138594,0.0006447887405618298,0.014966210255400608
163,0.007670285385625273,0.12181360676880401,0.850908063003756,0.0005897035393969522,0.01901834130241787
164,0.04768300274285676,0.2360207602985491,0.6300387635958424,0.003067742024511201,0.08318973133824047
165,0.016028112261680015,0.237302061926084,0.7226057295569336,0.001353339758023863,0.022710756497278682
166,0.008095554425687448,0.19364790981516228,0.7884171606913419,0.0009756639619775313,0.008863711105830825
167,0.003557821940932864,0.12629863717639211,0.8543839781609686,0.00041663924517829277,0.01534292347652801
168,0.003753278432143826,0.1323360622141334,0.8589202895225246,0.00036577600381263576,0.004624593827385426
169,0.07369118000429302,0.46969749893031515,0.13086010864347492,0.0031896435013425125,0.3225615689205744
170,0.11442226723725368,0.5983736027101715,0.22493927106471878,0.0030816150749106747,0.05918324391294548
171,0.03899561800385861,0.6173517145058373,0.33098382773593915,0.00030142330046343353,0.012367416453901603
172,0.05411764469696558,0.6053680609943675,0.3290693462504049,0.00034758889909243757,0.011097359159169663
173,0.06320650046729931,0.8216448337239497,0.10456529244390961,0.0018500180952683097,0.008733355269573096
174,0.010208857591308483,0.39581426235530726,0.5881774468486592,0.001040303892010586,0.004759129312714255
175,0.010029685046105552,0.3952174915038033,0.5781328816016872,0.0007828249959944683,0.015837116852409478
176,0.016455159412688936,0.6700454005446694,0.3024078933491438,0.0013317882677995436,0.009759758425698158
177,0.010722899606643887,0.2916363207451214,0.6894829959321029,0.0009197964365176786,0.007237987279614121
178,0.008932928513933205,0.3032341292925888,0.6805253284918097,0.0005535651309320955,0.0067540485707362685
179,0.013735832711158087,0.33515605423928846,0.6428528234160916,0.001301953340597807,0.0069533362928639085
180,0.005743026469784941,0.19803769736772545,0.7920094903843521,0.00031764954667939124,0.003892136231458191
181,0.0032901832773535853,0.17986027005377284,0.8119695021950343,0.0005219267965512934,0.004358117677288021
182,0.0015468627106272838,0.12857625688099442,0.8664051023187486,0.0002871178218964255,0.003184660267733501
183,0.0012331551467583738,0.153057361242137,0.8427597248861999,0.00021992736911995357,0.0027298313557849127
184,0.0006192257480169156,0.05922317417815822,0.9381613011565996,0.00010522510893273551,0.0018910738082924484
185,0.0006682939214984239,0.052944298577184454,0.9424704768266844,0.00016559556785295876,0.0037513351067798312
186,0.0006271303312121069,0.03410062659679285,0.9634156615627242,0.00013837752698461233,0.0017182039822863438
187,0.00048205050798498316,0.05653689424861679,0.9409640431737828,0.00014315668006441724,0.001873855389550953
188,0.00014310246956061987,0.029343510973204392,0.9694664479123827,4.4116581041460255e-05,0.0010028220638108427
189,0.0008071123234731382,0.03665549734337933,0.9604260675594986,0.00017250481367385654,0.001938817959975129
190,0.00019999681169666515,0.02966807079264124,0.9692691944333677,6.603147754723405e-05,0.000796706484747223
191,0.0004864405426738339,0.0480408423649703,0.9497342584884931,0.0001557962976316589,0.0015826623062311263
192,0.0009964109560176534,0.04296812540808958,0.9542789730087289,0.00034015767047919013,0.0014163329566847496
193,0.0014413997981907014,0.10726119481694417,0.8844609684559763,0.000595835289453505,0.006240601639435249
194,0.00045150108786773076,0.06407563494868378,0.9331547317232809,0.00019526722513707166,0.0021228650150305044
195,0.0004816386949603856,0.042929937850201855,0.9538908813325445,0.00017784102571117343,0.002519701096582026
196,0.0005876077661747591,0.038225864070972816,0.9590590905241247,0.00018181477965190662,0.0019456228590758642
197,0.00015605519143071156,0.02554918317531595,0.9735206655443487,8.724817224344825e-05,0.0006868479166611669
198,0.00016739796376187682,0.027259924823864655,0.9718887652773475,7.403864770767822e-05,0.0006098732873183641
199,0.0002851882806183825,0.027265242403616084,0.9714523414300729,0.00010729362706606806,0.000889934258626539
200,0.00014741395780614166,0.028741582811502707,0.9700403768127296,0.00012302147617727197,0.0009476049417840875
201,7.266701504884281e-05,0.02106037469083555,0.97834126278607,7.139989278403981e-05,0.000454295615261399
202,8.143226285703857e-05,0.025445357673648885,0.9739445250812917,7.491718456673554e-05,0.00045376779763578516
203,0.00023552790920946135,0.03369835057715102,0.9652366007234401,0.0001238118406441986,0.0007057089495551318
204,0.00014790011894828434,0.026657729954030925,0.9725909783223019,9.411078316383714e-05,0.0005092808215552757
205,0.0003373676663064575,0.044303579327809386,0.9540148291084123,0.00012037543591842088,0.0012238484615531976
206,0.00034836768109933923,0.03828798748866246,0.9602560733088134,0.00016285384751585542,0.0009447176739088874
207,0.0002907160731850463,0.0361066577722418,0.9624529833172819,0.00011704623659253447,0.001032596600698961
208,0.000301842020141251,0.042599803657580225,0.955907710313587,0.0001413998852825423,0.0010492441234089187
209,0.0005582107661902754,0.05421810595437746,0.9425237805984559,0.0002681567365674153,0.0024317459444091957
210,0.0005629979899071419,0.06740449272176584,0.9286506437900236,0.0006725952125366899,0.0027092702857668518
211,0.0003453425408623671,0.06344725158202463,0.9345648076105164,0.00020915331287294119,0.0014334449537237056
212,0.0009949192496150408,0.06018174518453505,0.9359374121560563,0.00023942078031837904,0.0026465026294753124
213,0.0005497077144246313,0.06755931656974876,0.9297004781627934,0.0002537134449904517,0.0019367841080425554
214,0.0004093279828145884,0.07487921955767984,0.9229819000443391,0.00020821678210923648,0.0015213356330571234
215,0.0003693683361490873,0.07492216357625701,0.9231751999552531,0.00015738131683735738,0.0013758868155034779
216,0.0007544482419189851,0.0916666206400557,0.9043250212572502,0.00036143694318064966,0.0028924729175945933
217,0.0005279614523053613,0.068474575967622,0.9295123881232418,0.0002169419196791059,0.0012681325371517544
218,0.0009301295451402676,0.09892192070024153,0.8968394456824346,0.0002553347542090399,0.0030531693179743436
219,0.0004874411008503103,0.08113734409784276,0.9149819114547931,0.00024385071911504357,0.0031494526273987996
220,0.0007000967965061951,0.05645183382495037,0.9411505088224024,0.00019873377422264065,0.0014988267819185384
221,0.0004539602737168343,0.04548383636097207,0.9526925602501655,0.0001399475896361134,0.0012296955255095027
222,0.0004846811599672571,0.05209229896763282,0.9459620842901685,0.0001510191149471561,0.0013099164672842768
223,0.0008045715786471148,0.057667604920938954,0.9386289900967622,0.0002687513893590378,0.002630082014292663
224,0.0015838434185855537,0.06138991214976837,0.9309806740241243,0.0005055858557936972,0.005539984551728166
225,0.004459176087472301,0.08602456149377845,0.8897229337763399,0.0013086978810586626,0.018484630761350675
226,0.005074852248242784,0.10725485700096131,0.8514524495220209,0.002257677783227132,0.0339601634455479
227,0.003761911351720432,0.15877401582807704,0.7896396557598424,0.0014976980329272356,0.04632671902743277
228,0.012756076089438132,0.20609779014000656,0.717591108577096,0.0033696105473797425,0.060185414646079426
229,0.0044211318402208166,0.1310764788048748,0.8370719073679683,0.0017413816006526617,0.025689100386283307
230,0.006955449660873584,0.13718881751977155,0.8395607623166994,0.0010630633529591744,0.015231907149696388
231,0.004926390766371207,0.09600840766878209,0.8893076513519408,0.000740672017403039,0.009016878195503078
232,0.0015192710345413843,0.0657629180616987,0.9248744625871703,0.0005166685570852236,0.0073266797595042095
233,0.0021821056428662847,0.06856242469153001,0.9247795214551798,0.00036366810885920793,0.004112280101564843
234,0.0014930868934861922,0.05815583421032282,0.9361821761700889,0.0005719968513727288,0.0035969058747291533
235,0.0014925407104132763,0.05582664195180152,0.9385625512202613,0.00044333694041508,0.0036749291771087
236,0.0005388223064564587,0.045308691140792924,0.95186600250456,0.0002808013309726889,0.002005682717218104
237,0.0006415233751272903,0.06239535399784008,0.9330697561544531,0.0005104742708079468,0.0033828922017715554
238,0.0003213393011250209,0.04269382178016788,0.9543893521131888,0.0004307270707853821,0.002164759734732949
239,0.0010453304818160614,0.07992184514069385,0.9164516749943087,0.00043897533793063967,0.0021421740452506007
240,0.0013293965885104347,0.09207097946648334,0.903323745379295,0.0006433283394623293,0.002632550226248911
241,0.0006210254321385172,0.05937284357002624,0.9376973525303544,0.00037479115066137755,0.001933987316819401
242,0.000980861284865201,0.12456587758219521,0.8719656024405132,0.0005024074913177603,0.0019852512011084363
243,0.0006980684849389625,0.045006481980403495,0.9523571899917535,0.0005666253457639623,0.0013716341971400639
244,0.00046236630931876344,0.035064402584715756,0.9625857980990182,0.0004188318508047674,0.0014686011561426396
245,0.00035335893067269707,0.03754555550918424,0.9591273093511188,0.0003898461898601019,0.0025839300191642296
246,0.000420944596261377,0.03588489100190144,0.9623454996139995,0.00027465318487845193,0.001074011602959341
247,0.0002310678822997088,0.03459548537053646,0.9635567525502706,0.0001738816455658741,0.0014428125513273914
248,0.00018225387378216707,0.03543708791788451,0.9633891240771594,0.00015237123766458714,0.0008391628935092804
249,0.00012951725352521024,0.014778246816125605,0.9844420334727284,0.00010415493260535688,0.0005460475250153271
250,0.00024397074797733812,0.051076204684817675,0.947611398615863,0.00019207125173040463,0.0008763546996117048
251,0.00013699610980064673,0.02010605453937497,0.9791933247284176,0.00014050421492487643,0.00042312040748202
252,0.0010198623212852133,0.0909461008222215,0.9050120929422778,0.00039718197343336205,0.0026247619407821776
253,0.00022641416050390376,0.03723602483571708,0.9614800236168851,0.00012337374889134176,0.000934163638002396
254,0.00041750354437270095,0.05903170920733139,0.9387143351249293,0.0003478767498513435,0.0014885753735152357
255,0.0007688379013802868,0.06439799425624286,0.9321312049761871,0.000448095738834183,0.00225386712735557
256,0.00020721615869230588,0.03858971815925559,0.9601356047233801,0.0001447287305771689,0.0009227322280949029
257,0.00033827179847468786,0.06270464264577164,0.9357243098479147,0.00021218931088412083,0.0010205863969547958
258,0.00013597611441878798,0.0391553230290054,0.9598653100955266,0.0001380624481512393,0.0007053283128981657
259,0.00048280587936627494,0.04882776954179813,0.9446955015800009,0.001418967773358007,0.004574955225476561
260,0.000566481607329226,0.05388567956446509,0.9441221996304231,0.00033263143625767366,0.0010930077615247812
261,0.0009854250631449062,0.1191596377118706,0.8757274272649256,0.0008632263814175116,0.003264283578641361
262,0.0006868008325413407,0.08465146587823227,0.911907775872467,0.0005144383477080399,0.0022395190690514487
263,0.0003927862073217161,0.0731773083775467,0.9250129436491674,0.0002443626922826317,0.0011725990736817546
264,0.000993553659656297,0.08836996172947086,0.9076403953037864,0.0009505536627806483,0.0020455356443058784
265,0.007907316810240175,0.39959785119413943,0.5696634192845642,0.0035355757432415716,0.019295836967814697
266,0.006759646828332572,0.22773849459180445,0.7586038159612961,0.0013693667109678652,0.0055286759075988375
267,0.00378996764899032,0.2022848218303184,0.7877237894969361,0.0012743101125916693,0.004927110911163597
268,0.018472077737602177,0.42230910658750354,0.5442688126217364,0.0037043153498116416,0.011245687703346099
269,0.007942413694490454,0.26994677573168685,0.7143821829426296,0.0031032870830733513,0.004625340548119925
270,0.018077341890618787,0.4609563063670081,0.5072535496167402,0.006392064046328025,0.007320738079304824
271,0.006395278290887296,0.4401702952377879,0.542712623250446,0.004489061382537957,0.006232741838340933
272,0.018784417518653077,0.6207372482056442,0.3419147518393939,0.011994153397514695,0.0065694290387939
273,0.049187494116323754,0.8776302816455451,0.049766297517397085,0.014881106412859226,0.008534820307874674
274,0.046751240493224946,0.8091744700126279,0.025901123008077686,0.11209335789095441,0.006079808595115073
275,0.06300119705483823,0.6885859563341863,0.010233149897012515,0.23129164146593065,0.006888055248032281
276,0.06085963824107774,0.60398904736347,0.012870651432705165,0.314891945797907,0.007388717164840001
277,0.04346208198200479,0.8154244047126971,0.012962163003839546,0.11845622800897776,0.009695122292480889
278,0.05054365629279072,0.6523140168760349,0.007627021429214534,0.2822012027708325,0.0073141026311272
279,0.03283377062898273,0.48187383302887,0.0013559222322346042,0.47965671843959823,0.004279755670314434
280,0.03468185049241383,0.6368865015076272,0.005066955446030767,0.3152423019384629,0.00812239061546535
281,0.03047373517658106,0.11225225271680601,0.0007513737482227002,0.850648229700207,0.005874408658183128
282,0.029524753365672157,0.05998314418001551,0.00033961366844469364,0.9068849091986636,0.0032675795872041686
283,0.03408259760373837,0.13180734041923925,0.001213389283240319,0.8293443169507939,0.0035523557429881247
284,0.03769025897166103,0.1208592765140849,0.0025321940477337915,0.8353059254199414,0.003612345046578814
285,0.017492931790121298,0.06446789799013414,0.00034923487043499825,0.9160824644160759,0.0016074709332337342
286,0.020188900376497308,0.24095125682225654,0.002304668598514124,0.7343671108776676,0.002188063325064368
287,0.020469442622051037,0.11058218265180968,0.0004109056130478815,0.8662949627483896,0.0022425063647017623
288,0.014861889380739785,0.11534675231920358,0.0007568208584126234,0.8673781079724961,0.0016564294691478226
289,0.026188482491577788,0.13856653049625245,0.000684886493801792,0.8310358005268834,0.003524299991484495
290,0.029163858330057142,0.1838327549842385,0.0002534382966045904,0.7840512179263309,0.00269873046276892
291,0.02805512216438104,0.2926925020705845,0.002106368847446137,0.6739624848683851,0.0031835220492033496
292,0.036740486940294456,0.15824523671366564,0.0006357033468776275,0.8003283002258299,0.004050272773332395
293,0.024016269316284453,0.5168002010282301,0.004202352899252139,0.45175206642839666,0.0032291103278366423
294,0.03745860064478581,0.28219353182464807,0.0008609155178269294,0.6752353568771359,0.004251595135603452
295,0.024731113674508365,0.27522124980221385,0.0007542796229439961,0.6951361259371479,0.004157230963185905
296,0.033347386172363956,0.2991604526557985,0.00035029081895725814,0.6630489581372347,0.004092912215645469
297,0.06392113613044038,0.32351085039771743,0.000854492044830327,0.6063957411435337,0.005317780283478226
298,0.0765176172474806,0.5136535738117358,0.0017034720140164906,0.4000366742111744,0.008088662715592766
299,0.04330425060108276,0.7988711720074185,0.0009435094103220421,0.1525155010271571,0.004365566954019543
300,0.05793816184047686,0.7273684481070394,0.0022661813562344126,0.20554067226718187,0.006886536429067748
301,0.04182127272710922,0.7486807269589909,0.0070727938084344764,0.19955768692922438,0.002867519576241085
302,0.11246798152891196,0.5252994069572228,0.00035127185866350207,0.3539998058661394,0.00788153378906238
303,0.03093585455545826,0.8790595552872852,0.004160043109448453,0.08148297523678326,0.004361571811024749
304,0.027138783028370896,0.8842028288663637,0.02028678632836866,0.06538143435994699,0.0029901674169499487
305,0.030809880440907135,0.9193174809532799,0.005236521849098714,0.04132020946073699,0.003315907295976956
306,0.06046046112602724,0.8331947558636015,0.0018278070574527013,0.09977023727608307,0.004746738676835506
307,0.056675316699446136,0.8816951741748398,0.002420414445071847,0.053267564015726084,0.005941530664916173
308,0.029942534838052162,0.8966833071859283,0.010823222737618833,0.05809760237462642,0.00445333286377439
309,0.053485732461545775,0.8569802289650087,0.0101506833700598,0.07416315379462492,0.0052202014087609295
310,0.016886221264888673,0.8140652443458047,0.056289892987099084,0.10869658790578664,0.0040620534964208085
311,0.005548605567701414,0.9274467384855551,0.03167503871198988,0.033491823494387965,0.001837793740365862
312,0.0179092473933539,0.8995630918012643,0.013830463019702649,0.06499528223388033,0.003701915551798749
313,0.010267572156964987,0.7319811373232546,0.22954860279850758,0.024390416063068222,0.0038122716582046014
314,0.013147355995192664,0.9042307606995633,0.06672183762021955,0.011368387235281385,0.004531658449743026
315,0.01842024431392804,0.7559235261752983,0.20705895026382565,0.015348650741794683,0.0032486285051533718
316,0.01104260459283877,0.6579203476428903,0.31375437300001313,0.013989205539337607,0.0032934692249202858
317,0.01562700396222069,0.8984949285264633,0.0730603891188368,0.010126517101900366,0.0026911612905786415
318,0.017215753002442543,0.8137991156973524,0.14739369730668064,0.016146103890696498,0.005445330102827936
319,0.018061880186570466,0.8672833858297901,0.09830642917684086,0.012851950238216359,0.0034963545685822487
320,0.0163665028637722,0.6703473623467956,0.2986375164171132,0.010210418216781777,0.004438200155537386
321,0.036983025778332776,0.8814076413498384,0.06356613211397294,0.012605485033045373,0.005437715724810755
322,0.02248017946098771,0.8858829690775465,0.08381781078896505,0.004718747228914944,0.003100293443585915
323,0.014493127235911564,0.8454549617252041,0.13095963382404882,0.0057907426022157605,0.0033015346126197146
324,0.01767189320708957,0.9499513065529717,0.026125675895028025,0.0032862035426933804,0.002964920802217211
325,0.0069329207520417505,0.8362245345253749,0.15332954635965557,0.0016693679168887704,0.0018436304460390685
326,0.003354748091256245,0.4186600912460153,0.5734218638056005,0.0006304686214395222,0.003932828235688346
327,0.005152492230501186,0.4015607168089582,0.5897890458614232,0.0006720339169195007,0.002825711182197882
328,0.0034746135565310973,0.4820614424767617,0.5084818888634234,0.0007935754072907473,0.00518847969599305
329,0.00839347520811384,0.6446205119822852,0.33437619662648294,0.0030601059683855758,0.009549710214732604
330,0.00608089976494327,0.36517898559895173,0.6196331845699801,0.002113990448730913,0.006992939617393931
331,0.01119556176599106,0.6151957109800807,0.3656125056519669,0.0032819910529885933,0.004714230548972727
332,0.010139224133620032,0.39698183910897866,0.5881139984059142,0.0013679618278966835,0.003396976523590538
333,0.00925468049525737,0.45429063873559844,0.5249551007720112,0.0026929811397335603,0.008806598857399294
334,0.015141159107645097,0.5268269661968218,0.44316350087445555,0.004557486353382137,0.010310887467695321
335,0.007593509837020568,0.3166514467099932,0.6688937487479039,0.002649758767190746,0.004211535937891709
336,0.012548708138295417,0.4651329672470387,0.5110926508788683,0.004531482778807198,0.00669419095699034
337,0.008990906828929104,0.5286590441566175,0.4506586722342556,0.006752840740383688,0.00493853603981412
338,0.17285924491204527,0.2517171871149225,0.019477634441037752,0.009224922085258543,0.546721011446736
339,0.07715911108011755,0.8932447708525564,0.00689372390851168,0.003460916704398782,0.019241477454415623
340,0.06719054255492662,0.8550816342230568,0.054469899021995,0.0020409967644634433,0.021216927435558284
341,0.13949933747247406,0.8186994465077543,0.019564191192747944,0.0033655065004719975,0.018871518326551606
342,0.04484685956466379,0.8439300092060648,0.09119888796813228,0.006418313743023787,0.013605929518115269
343,0.01979765228750959,0.794529894414281,0.16130399535572792,0.007191469615963766,0.017176988326517734
344,0.1383330985162653,0.5043595790025375,0.04177032268028649,0.035859482727995176,0.27967751707291555
345,0.18140571205743322,0.6475485815828884,0.0054312921752295434,0.05839199942727922,0.10722241475716945
346,0.21829886185493325,0.6816556928652133,0.001709517987825028,0.08899599586758265,0.009339931424445747
347,0.2129500692500247,0.7042211818971299,0.0024567585230268,0.06510981815083552,0.015262172178983072
348,0.12089623017372254,0.7476096982486576,0.00521069487465092,0.1022789115204085,0.024004465182560462
349,0.22131459839548262,0.27103673932591715,0.0006662433132807364,0.48921153991387073,0.01777087905144865
350,0.07588688426864988,0.8268526324702814,0.001299114562782638,0.07860760124405754,0.01735376745422862
351,0.07640882886959818,0.8066608651831495,0.0022305641497152523,0.09869331389981935,0.016006427897717647
352,0.06943689458469235,0.8430090221100001,0.003712014057827567,0.07516353405755877,0.008678535189921236
353,0.1201838160049448,0.7401444244393126,0.002809284868592333,0.12631327190383643,0.010549202783313887
354,0.0633298995665298,0.854380967707613,0.012110815940572929,0.05282586416516481,0.017352452620119575
355,0.1349746855902237,0.7477825252645619,0.002967969232820358,0.09412054407802535,0.020154275834368594
356,0.1334808931360435,0.7159798885647157,0.005272118743243218,0.12713481260390522,0.018132286952092423
357,0.12049733319752723,0.7839504344408691,0.011878586249807645,0.06394589375898067,0.019727752352815205
358,0.03906682311897644,0.8996525043465696,0.011152582711320603,0.029912184755844406,0.020215905067288924
359,0.0481785358534182,0.8802728608632624,0.005599458600825594,0.03352819109828603,0.032420953584207636
360,0.05500670041513824,0.8663424481168727,0.009071169947347767,0.024941897359419915,0.04463778416122129
361,0.08844658405506568,0.8169640126745893,0.012351757770173343,0.046027977315794555,0.03620966818437713
362,0.039206976094143045,0.9072558730542674,0.020770305682700156,0.015284151376060472,0.017482693792828966
363,0.02081956502248388,0.9460562579177075,0.015061637160412424,0.010113625168087916,0.007948914731308298
364,0.06417619901701492,0.8481797665613864,0.03947338204242546,0.022181901370961418,0.025988751008211918
365,0.029030759426938228,0.8886172991803012,0.048638768712740074,0.017469625629822755,0.016243547050197746
366,0.07919173957311751,0.30000179449797104,0.04633304304286746,0.02421600077032393,0.55025742211572
367,0.19902873647540184,0.7141976467900956,0.005614996825326861,0.03915610143891851,0.04200251847025725
368,0.169031292084582,0.7920330524868714,0.001209652973643005,0.022858815782100573,0.014867186672803023
369,0.09755064565173532,0.8719713886846547,0.0033208974121926977,0.016203132644225526,0.010953935607191495
370,0.06032957244212257,0.8353805280950178,0.030815613355943072,0.048954243577705774,0.024520042529210587
371,0.07726696707378072,0.8221240703611438,0.002247207354211552,0.05648065972424318,0.04188109548662088
372,0.03598110841524973,0.9266313923352041,0.003986465441846743,0.02327254504416292,0.010128488763536388
373,0.029885886417212085,0.9160840308205584,0.009584536038623914,0.03227305339934224,0.012172493324263121
