epoch,N1,N2,N3,R,W
0,0.0019384987398090572,0.00013281409207855857,1.1843526005652448e-06,0.00490071543301618,0.9930267873824955
1,0.009355748818618012,0.0004209956862963491,2.5613234807067473e-06,0.01168216239692354,0.9785385317746814
2,0.027924286906012247,0.0005839853807196527,2.8754636987395585e-06,0.010537637983155313,0.960951214266414
3,0.0009819070476229028,0.0010306910409011605,2.4763338745619794e-05,0.0004015755442512602,0.9975610630284789
4,0.022093623740869088,0.0009485794909406267,3.4598184750004973e-06,0.0015801735735854123,0.9753741633761298
5,0.005736378801763671,0.00028975795068420396,2.5332066489671635e-06,0.00034639080605053645,0.9936249392348527
6,0.02347214313532292,0.0017240854851616589,5.957537578024606e-06,0.0009647979206611395,0.9738330159212762
7,0.02570794224275574,0.0012905798871686606,7.965140143402804e-06,0.0011074991273891531,0.971886013602543
8,0.01979311194303604,0.0008628942143597329,8.269669047515358e-06,0.0013986667826875415,0.9779370573908691
9,0.007032139971816884,0.0024039590908679714,1.0233884631260843e-05,0.0019954048989593645,0.9885582621537244
10,0.022795714960750956,0.0009620046548404255,1.156945312319972e-05,0.003236366357565886,0.9729943445737196
11,0.004603699240436743,0.0027710529440341846,0.00034697025053001193,0.0010402203763845315,0.9912380571886146
12,0.03141028980131446,0.0011953312539528433,2.191482040187691e-05,0.01681065523945461,0.9505618088848762
13,0.027577617405654547,0.0017900449150484515,1.948890858750752e-05,0.059405741941439265,0.9112071068292703
14,0.021333962269325834,0.0016179663545676818,9.955786981178149e-06,0.029651953166995888,0.9473861624221294
15,0.06377754281429066,0.001518425178454523,5.054412567114048e-06,0.011749299897584376,0.9229496776971033
16,0.028179853447242737,0.009547122369913128,6.987300151855354e-06,0.0206665419870847,0.9415994948956077
17,0.01474033978456533,0.00311804488071014,4.3477697725171724e-05,0.015593970968824642,0.9665041666681746
18,0.006224429776944108,0.0018529627418550799,1.1663205508112892e-05,0.02160392038100575,0.9703070238946869
19,0.0021278340641882484,0.0010035294771431555,1.7708006820466027e-05,0.004612511330804968,0.9922384171210432
20,0.016901384000592094,0.004018030794112368,2.386501560924941e-05,0.012661790671559852,0.9663949295181264
21,0.010393580999881885,0.006625867664364748,3.874809224354752e-05,0.009790887801808666,0.9731509154417011
22,0.09496257103042295,0.03372888871939559,0.00013119535764903877,0.03322273338643459,0.8379546115060977
23,0.03064421410855912,0.018772191519523,7.386714636747847e-05,0.0102598609021911,0.9402498663233593
24,0.09926025110705274,0.01133035616264417,4.878130814174142e-05,0.01653864451194996,0.8728219669102114
25,0.07209986094998477,0.049261779245318854,4.0478592711577567e-05,0.005741676264978802,0.872856204947006
26,0.0241310486312757,0.04061886556260893,9.539290011897776e-05,0.002479427351369779,0.9326752655546267
27,0.14715167510668853,0.3391884032638628,0.001650734753472116,0.01168957120197376,0.5003196156740028
28,0.06657621824477845,0.29432919374718736,0.0008834052478237887,0.016528016711243317,0.6216831660489671
29,0.021022238533925805,0.04149144998403293,0.0006455140301134526,0.002162875165688402,0.9346779222862395
30,0.10622953750808373,0.08155778274558899,0.00012116511331466989,0.0036449382850479704,0.8084465763479647
31,0.14934898119482773,0.14303027755177702,0.00014145532080560202,0.0111496038338285,0.6963296820987612
32,0.16707561330062617,0.15195666329243757,0.00014421648853996065,0.005863260360906756,0.6749602465574895
33,0.32697968941200584,0.319949866162034,0.00021294674287851512,0.02142659817221728,0.3314308995108643
34,0.21022830064380402,0.32677202561996094,0.0002006044398076879,0.015339781609476154,0.4474592876869512
35,0.16216725896631573,0.5931595946047474,0.0002872911669019677,0.04968064921975461,0.19470520604228042
36,0.1695703804833769,0.44145380874932955,0.00038833919068299833,0.01164013060302507,0.37694734097358545
37,0.09447996998966231,0.700867418674459,0.0009483783312652384,0.007755090630029782,0.1959491423745835
38,0.23990488564917595,0.2993707959677814,0.00043458566733816685,0.014692197194041046,0.44559753552166353
39,0.2203345283797174,0.5069616181866108,0.0008643899064347774,0.01005528329404847,0.2617841802331886
40,0.16806029573949405,0.5687630316263825,0.0003901054689793552,0.011181092713235351,0.25160547445190873
41,0.23098132796145993,0.5388752211317241,0.000357079930776242,0.009844105024562903,0.21994226595147695
42,0.10811317069814999,0.8062430525646147,0.0008796773781625273,0.0073109539915664065,0.07745314536750626
43,0.2570059398969661,0.6824018247198209,0.0037370161503136445,0.003333642888447616,0.053521576344451684
44,0.16129608192203673,0.8108005149023069,0.0014889829160964212,0.003240527523050033,0.02317389273650992
45,0.17145988574617888,0.7505186346117251,0.0077761005322649086,0.0037622502943053513,0.0664831288155257
46,0.16881987046498564,0.774407335126756,0.004576542867057924,0.001505244695416009,0.05069100684578455
47,0.09863101879776169,0.8345554457349498,0.004847143534627856,0.0007384756237523218,0.06122791630890844
48,0.05160025192128585,0.8976397264556666,0.01410850200495557,0.00030541630205550905,0.0363461033160364
49,0.10891812054485331,0.5778323609158411,0.03950367944115317,0.0005306115871744014,0.273215227510978
50,0.17822708569495727,0.0740896407112176,0.036731639333621155,0.000274437948589254,0.7106771963116146
51,0.16873851635225737,0.39511959922655565,0.012215787269632442,0.0010086667952535664,0.422917430356301
52,0.05288689666419085,0.44338300759310495,0.22425293923800915,0.0008483808622751504,0.2786287756424199
53,0.11425125899747496,0.7268039246925383,0.03846127561935243,0.0011529720051805734,0.11933056868545366
54,0.39907533725655814,0.21818037768556425,0.06023251367043435,0.0003854438352922103,0.3221263275521512
55,0.1113638408704254,0.5647273612182987,0.08478619681308623,0.0009895190052389153,0.23813308209295084
56,0.03741482841452276,0.6703980997664646,0.09703466707161251,0.000645738961800593,0.19450666578559947
57,0.04304659662323064,0.5132136422915624,0.2959009286465205,0.0008066443376528751,0.1470321881010336
58,0.04467975276838599,0.45718426243246924,0.459322826194116,0.0005700555205673239,0.0382431030844615
59,0.045421053291415936,0.679282843144921,0.2106832422118138,0.0005151376129208803,0.0640977237389284
60,0.07084359240017779,0.8144177966842548,0.0951865210444255,0.0005362977029991653,0.01901579216814268
61,0.036539230011723045,0.5891158847155537,0.36152346833610427,0.0003520228643004327,0.01246939407231868
62,0.021946715990295202,0.6177443248181432,0.34771067286750307,0.00027133918063784724,0.0123269471434206
63,0.006729637465608509,0.18708041504686304,0.7865782889529277,0.0001290428690942852,0.0194826156655065
64,0.004497061711238035,0.18379629484457177,0.8058442755875833,9.727961505650317e-05,0.0057650882415502805
65,0.01299833815637543,0.5901612943858624,0.3806898415370306,0.00020934893505881696,0.015941176985672906
66,0.013112560649125166,0.5271041213136122,0.4488097848226795,0.00020336723182132237,0.0107701659827619
67,0.005787644226153627,0.23356650201790674,0.7500052572843956,0.00020710675788511112,0.010433489713658914
68,0.004793266312607298,0.3150413044172083,0.6683266371400647,0.0001832949123152018,0.01165549721780447
69,0.004936877624251229,0.40357187231753067,0.5843312800322965,0.0002190321355549788,0.006940937890366497
70,0.008935482262546594,0.6677332651332029,0.3089362517288704,0.00043842151436844436,0.013956579361011719
71,0.003286806476052245,0.4630372905683855,0.5281978328056294,0.00017470600219506976,0.005303364147737915
72,0.005521840959371787,0.5286371769788902,0.459104676766037,0.00032996891120549716,0.006406336384495567
73,0.0026948708949417954,0.23226156003078538,0.7608296582334955,0.00013286479540051385,0.00408104604537692
74,0.001847076852459895,0.2832735610969803,0.7113372664971278,0.0001028804666597489,0.0034392150867722715
75,0.003054098809835699,0.14817718294787158,0.8441720645082769,0.00016077944857092083,0.004435874285444911
76,0.0034873517196817136,0.12902342520396012,0.8620369181176983,0.00023954189905802412,0.005212763059601831
77,0.002688755343731615,0.10012719599239174,0.8921786533119761,0.00023858548819106104,0.00476680986370949
78,0.0050693651751943175,0.3009941019050894,0.6870707887259717,0.00030824880411685357,0.006557495389627833
79,0.009068149800060397,0.21473660538757702,0.7655504127091748,0.0003876643718352652,0.010257167731352483
80,0.007400143476033737,0.2732444771399953,0.7077662664056703,0.0002728725133067499,0.011316240464994007
81,0.11749459924203838,0.7692277854549738,0.037579577003001415,0.0029204563239438623,0.07277758197604242
82,0.1094636585794474,0.7548411733415609,0.09743769914412935,0.002691830929299984,0.035565638005562464
83,0.02201332580621647,0.6054983515800365,0.3494889381392909,0.0006693253365533551,0.02233005913790278
84,0.01718009482467552,0.6368439001951172,0.33041030534536003,0.0003045047612184664,0.01526119487362887
85,0.041010376575322284,0.6685307433370058,0.2801337121577009,0.0008170541553477731,0.00950811377462339
86,0.016126481178493874,0.553474935258881,0.419967125861959,0.0004829361413968133,0.009948521559269369
87,0.03179719056090391,0.7620050949053655,0.1958111685698904,0.0006087523974436059,0.00977779356639646
88,0.007767755894907285,0.5301614419534337,0.45745168729883307,0.00025947910335014085,0.004359635749475822
89,0.009451609502945116,0.5798403036381622,0.4061464003177238,0.0003470494850807407,0.004214637056088188
90,0.010421686906384444,0.3904927234943728,0.5949345394578592,0.00037539396820679514,0.003775656173176668
91,0.004810014765910262,0.27603198338407725,0.7146047754838186,0.0003303309250291361,0.004222895441164862
92,0.006799869949486925,0.3366711045955747,0.6499554174252516,0.00035266417385281575,0.006220943855833829
93,0.0028329053509183926,0.12926306989519637,0.8649080967688964,0.00010074195740508353,0.0028951860275838134
94,0.006735367459841137,0.2214105924316818,0.7664158174561531,0.0002112138101763639,0.0052270088421476875
95,0.0031449812299238077,0.36386698430148007,0.6305652887174762,0.00019913262629945173,0.0022236131248204983
96,0.0025913572951636694,0.12088818741506217,0.8739057631522824,0.00016119020656965683,0.002453501930922179
97,0.002336819117590383,0.2794734789646294,0.7156117149190804,0.00020152408587658405,0.0023764629128232634
98,0.0032776470411525075,0.20498188128123027,0.786673443647743,0.0003039310989749769,0.0047630969308991005
99,0.002280484641467957,0.19179232025919857,0.804099363251908,0.00016233359761932219,0.001665498249806176
100,0.0038250394198052215,0.2574244851596544,0.7352960602268954,0.00034543348355973134,0.003108981710085299
101,0.0016034699326733623,0.22546998693089407,0.7695230540123249,0.00019998094311279513,0.0032035081809950443
102,0.002502572732838354,0.1403312070854237,0.8542049458166944,0.000297910689648467,0.0026633636753949307
103,0.005077127134907579,0.4172525071328724,0.5744861478661074,0.0005686916128299956,0.0026155262532827506
104,0.00787635088945113,0.32893577955383974,0.6546882959197128,0.0006277269804225296,0.007871846656573827
105,0.017741032920244225,0.4926376043751148,0.48156032419338407,0.0018392089040127821,0.006221829607244333
106,0.004837185104072364,0.3795308243955824,0.6096142537160395,0.00048312464527868246,0.005534612139027075
107,0.012024534574209593,0.6043130010384113,0.37539581201645067,0.0012185034312627277,0.007048148939665882
108,0.04531347133907299,0.6468347647417989,0.2915865690754959,0.002426145882022796,0.013839048961609349
109,0.10905270859116174,0.8081878702526654,0.057556713032405865,0.006185652188574264,0.01901705593519268
110,0.02226519129521254,0.7153375246920323,0.2571679682942244,0.0005734184434551937,0.00465589727507564
111,0.01983170414480841,0.7864057029651231,0.18885361558761427,0.0006468127443726467,0.0042621645580814705
112,0.0159309998241576,0.8163617294800176,0.16365086203936702,0.0004194964161832159,0.0036369122402747215
113,0.024833510213367927,0.783165039886789,0.1858902214240066,0.000513002612374732,0.00559822586346176
114,0.0072721311955896125,0.6711718769506538,0.3171166773703362,0.0002447750442362244,0.004194539439184078
115,0.029761731332663435,0.8263742038885685,0.13536334119772814,0.0007661380126009191,0.007734585568438867
116,0.009994280663658843,0.4720071284387936,0.5112378244934415,0.0006136639545080967,0.006147102449597927
117,0.00853419603603628,0.5544378798352285,0.4299412283331036,0.00046509138913035576,0.006621604406501258
118,0.296776373143661,0.5796566523376839,0.030770097863587857,0.0028911423372540747,0.08990573431781321
119,0.024097471962787366,0.8134769267652983,0.14977854903649185,0.0006787838335947418,0.011968268401827823
120,0.011911106497013877,0.633964632109439,0.3418521573401492,0.0008125908068861274,0.01145951324651199
121,0.02379367472535879,0.8153016143041805,0.14923621028883352,0.0008877591074031528,0.010780741574224062
122,0.008054309924499856,0.44000178543780366,0.542324271039699,0.0008456092673276174,0.008774024330669868
123,0.0022382649855343813,0.17300018679521473,0.8228791434016022,0.00014132959386423577,0.0017410752237843824
124,0.005141197806202968,0.26652895529523896,0.7247134817049504,0.00035435372754952135,0.0032620114660580697
125,0.007210487528935949,0.25825760648647844,0.7303680455616562,0.0005787649550835845,0.003585095467845871
126,0.0034652401670231623,0.16590932262147245,0.8273067387271154,0.0003484913463977226,0.002970207137991398
127,0.013485865608652035,0.3247222020713101,0.6462424849020321,0.0028986030952223947,0.01265084432278329
128,0.05975347193528459,0.8131602527494476,0.09845916775206175,0.013565117114207829,0.015061990448998148
129,0.03359877810258438,0.7444985494603624,0.19385184249251033,0.012767756021113219,0.01528307392342976
130,0.035915757617129916,0.7407933187672289,0.19614680315666908,0.010471041633907312,0.016673078825064726
131,0.18630118607909782,0.24683493292817896,0.0014532871636575124,0.1279644455181346,0.4374461483109311
132,0.05844747166052813,0.022715025353005992,0.00021235647347638697,0.017069053390964525,0.901556093122025
133,0.6315872412176131,0.050217620066277856,0.0001439653942280329,0.08083282257207769,0.23721835074980313
134,0.862064460833913,0.06575174155268705,2.9409732987872922e-05,0.0362026516730743,0.035951736207337895
135,0.762390840267984,0.08773884187448461,6.252855604637956e-05,0.09287485407994989,0.05693293522153502
136,0.49242860821647416,0.10782790041605006,5.5395315998013937e-05,0.3333070293807587,0.06638106667071915
137,0.22555590385084381,0.14079853670718492,7.679601691504264e-05,0.5879506875910829,0.04561807583397323
138,0.231822633654611,0.3167498478389189,0.00024814877668266714,0.4349956506140885,0.016183719115698984
139,0.3197339915984632,0.14306709671428516,0.00014257843939379704,0.4809872961144584,0.056069037133399474
140,0.38143409952519547,0.2662353830583029,0.0003192282570823687,0.32846041759542105,0.023550871563998134
141,0.5280772850224654,0.15558742551489865,0.00010844448039850404,0.19394092077351052,0.12228592420872696
142,0.7517188013612889,0.15910568615107185,0.00019521537893107596,0.07291287562319954,0.016067421485508538
143,0.10785666682868349,0.8599850384784694,0.0011161734333284034,0.02489055371876538,0.006151567540753413
144,0.35321297108384364,0.5338186951238045,0.00035753579915430363,0.10135401465834695,0.011256783334850596
145,0.05858416822965564,0.8784066150834136,0.00048497051368294355,0.058456561217544493,0.004067684955703429
146,0.06813985861113885,0.8575400278655829,0.0003105656621696835,0.07060147961768219,0.003408068243426377
147,0.05591183489694009,0.891042602725747,0.002047514452369666,0.042822396046238574,0.008175651878704704
148,0.03748757136022845,0.9238232623029659,0.002447787536603727,0.03053121350944004,0.005710165290762008
149,0.2843492187435402,0.5886529153400724,0.0003391656876519128,0.09453254711394347,0.03212615311479217
150,0.09325667369133778,0.8772646775003723,0.0026312067113023235,0.015493306210035161,0.011354135886952412
151,0.1258001268594393,0.8469789090860795,0.0016706255759758994,0.019001413926930298,0.006548924551575088
152,0.1766714433263827,0.8055430407854547,0.001605565868662904,0.008831700933353788,0.007348249086145878
153,0.04495114476358533,0.9482929206906648,0.0016039312243739492,0.002747024600436052,0.002404978720939808
154,0.010529675738051665,0.981091715489784,0.006397659280986512,0.0008386189490312108,0.0011423305421465225
155,0.015293181816999745,0.9726049273541449,0.00902926588274962,0.0013842728129880193,0.0016883521331179075
156,0.02301896228492292,0.9676655709591081,0.0031519266115948483,0.0036602036262667554,0.0025033365181070313
157,0.02340958102101083,0.8288856805541958,0.13804186137814342,0.0038243849479643755,0.005838492098685567
158,0.012124127047963616,0.9622547707753317,0.021475249959584226,0.0022659785839273345,0.0018798736331929525
159,0.02579723887783123,0.9546080013458847,0.013694225427865499,0.0030018069539752626,0.0028987273944433866
160,0.03982358107977752,0.9257256262163748,0.02856197324424856,0.0020854714966224773,0.003803347962976695
161,0.015957778467417392,0.7827120185756867,0.1977793746873861,0.000651208820267598,0.0028996194492421213
162,0.013094931543108486,0.8895115215694962,0.09375632633481183,0.00054511370010326,0.003092106852480417
163,0.012197795619591908,0.7702654607952621,0.21379133450251503,0.0007463436541050767,0.0029990654285258806
164,0.01249428130843288,0.8949525062038538,0.08923981130337497,0.0006859330376836876,0.0026274681466546043
165,0.014347683380371156,0.7069788757414492,0.275382657100926,0.0005456913407794074,0.002745092436474136
166,0.007707034015863875,0.35999279041513443,0.6298176930275674,0.00029477776212219703,0.0021877047793120857
167,0.013899452161037537,0.7799849846245842,0.20152002202422611,0.0009678367110957304,0.00362770447905661
168,0.009454090021534198,0.3813201875085877,0.6053022224209184,0.0004432049670737435,0.0034802950818861346
169,0.027332798007516798,0.8463359433796414,0.12160542829780976,0.0012385486253135903,0.0034872816897185722
170,0.005114887915026134,0.5932630551775623,0.39966040420582066,0.000249425462431936,0.0017122272391590348
171,0.007194892344915642,0.21789468220463884,0.7706702914593115,0.0003242677438199249,0.0039158662473141445
172,0.008609917075439455,0.44577857514206926,0.5428160975595869,0.0006047959909629692,0.002190614231941488
173,0.002680828219857298,0.17385674524841657,0.8196082134279055,0.00029374781385056736,0.0035604652899700762
174,0.012077242766721933,0.5633280609541997,0.4210042883885276,0.0008662480365960284,0.0027241598539545814
175,0.010027322097257003,0.4898611151810801,0.496830401609825,0.0006668581590493796,0.0026143029527884182
176,0.0018195164369173857,0.11638127110166818,0.8797613381425576,0.0002906225695243266,0.001747251749332607
177,0.001935979343065505,0.4287235585871392,0.5675874020334787,0.00043965615441584217,0.00131340388190089
178,0.0037487950718845084,0.22687922185786313,0.766509717175269,0.0006641496146614222,0.002198116280322071
179,0.005604145695101996,0.15495490853443292,0.8362346070683787,0.0007418196117713352,0.00246451909031498
180,0.0029042511226560134,0.11829925189809927,0.8761156805224688,0.00042002357040815067,0.0022607928863676526
181,0.017966241654982455,0.336126326425193,0.6386630172643498,0.0015114652115328917,0.005732949443941786
182,0.0008136187218462996,0.10070815890979679,0.8971138224169221,0.00018226491405537727,0.0011821350373795755
183,0.0012598805714087152,0.16845883426715605,0.828563263127858,0.00033424462497432753,0.0013837774086028487
184,0.008533883279630604,0.25779891350391604,0.7298103529852203,0.0011304066717413778,0.002726443559491566
185,0.0011848716747944667,0.12081159572156511,0.8759306420443409,0.0004333311597903546,0.0016395593995091838
186,0.006718888132456228,0.2820124609655876,0.7060541121722989,0.0011362714539548846,0.004078267275702324
187,0.003237856939593178,0.1124779680122722,0.8812428739603122,0.0005516521153081329,0.0024896489725141913
188,0.01593520810158551,0.40468428277941665,0.5717751182554914,0.0021000629689769956,0.005505327894529492
189,0.012527144759372506,0.17878579562626432,0.7941598542949042,0.002276077452477754,0.012251127866981145
190,0.033455589502620404,0.2954476982162054,0.6499160406836454,0.004439472506127106,0.01674119909140165
191,0.10683602979897863,0.7643892160087149,0.10421596098157196,0.006686643585924314,0.01787214962481026
192,0.04778927926301289,0.87589584316208,0.06097584071636683,0.003869656389399859,0.011469380469140473
193,0.023362587113868717,0.6500957191560642,0.3144508002749464,0.0024981216081414242,0.00959277184697914
194,0.048677752825546865,0.7758223533319916,0.15261500139050094,0.010517233766578673,0.01236765868538184
195,0.030147746919134126,0.8895852153991515,0.054316351412601355,0.010353890392645908,0.015596795876466963
196,0.09683107696996668,0.7779475362240076,0.08510081223867812,0.01943726251070189,0.020683312056645753
197,0.22628625739159838,0.7365037546507317,0.004082580161327043,0.0191800010261526,0.013947406770190298
198,0.029541844652571324,0.9209427797878449,0.043551269057370036,0.0013994308904171787,0.004564675611796545
199,0.06883109211884299,0.907944926699667,0.013920045879822023,0.003786738880397047,0.0055171964212710495
200,0.040676032350353955,0.9156536017767342,0.03404839763331169,0.002872191245167159,0.0067497769944328805
201,0.05971116054259269,0.899472632610487,0.026941528738197548,0.00431528130100079,0.009559396807722045
202,0.35545038893172914,0.5379810911917069,0.01687385258168389,0.0034821969284410145,0.08621247036643909
203,0.18217449975673655,0.7690811003360718,0.0046094709448066245,0.0031182399852006915,0.04101668897718417
204,0.3999070105401327,0.4082522009569056,0.008824937194242986,0.005349205165356941,0.1776666461433617
205,0.13531253270706795,0.7930271810186644,0.03479663322431478,0.003485663262345242,0.033377989787607636
206,0.13744455377012582,0.8037505293047942,0.0356109842372609,0.004603743572612568,0.01859018911520651
207,0.05326301378910731,0.7837536035929862,0.1494022007132542,0.002332091413037278,0.01124909049161514
208,0.012268304719846398,0.49335202075346674,0.48649332798395833,0.0013277762711949562,0.006558570271533369
209,0.02965285273918249,0.5137645833854457,0.44656443557997033,0.0017884609359696895,0.008229667359431803
210,0.03223650767994019,0.8030923619952938,0.15680525964440645,0.0015866210826445278,0.006279249597715116
211,0.010331176607031317,0.2818478077184762,0.7036418742005114,0.000530848809622212,0.0036482926643588358
212,0.006156936732022965,0.42949180082792177,0.5618026031863332,0.0005592355609705118,0.0019894236927515798
213,0.00641643058813459,0.2639411479326547,0.7260961798866343,0.0007608287711096148,0.0027854128214666947
214,0.017763296512772156,0.4379200177597899,0.5374512517969608,0.0015034898546475548,0.005361944075829535
215,0.03445925379551756,0.6895168185002281,0.2684479393323339,0.0016701387374100773,0.00590584963451039
216,0.01444384894500645,0.521582005318109,0.45783396496273004,0.0012758529635299293,0.004864327810624516
217,0.017450360291214693,0.6285572698730112,0.34624177930444316,0.0011487395835880908,0.006601850947742799
218,0.01914084500112247,0.6998232830488221,0.27545034317415373,0.0011474395025679335,0.004438089273333758
219,0.005099179336483101,0.35159463576679434,0.6393434519647294,0.000812564327622246,0.003150168604371051
220,0.02648625152032698,0.6371036177007338,0.32790887068552754,0.0018645676481639048,0.006636692445247777
221,0.05718515099466223,0.8904013122684,0.041557545524397756,0.0036040152484704746,0.0072519759640693885
222,0.014128992789851207,0.743337566415746,0.23413865322285554,0.0013342099207378846,0.007060577650809386
223,0.06049824219771438,0.6804106454774378,0.24404660962238808,0.0029944228102912205,0.012050079892168533
224,0.0794527229164866,0.8366076736512588,0.07332661814101699,0.00251459753895124,0.008098387752286423
225,0.03314120303928367,0.8655269541128418,0.09247229666700083,0.0015445490505779718,0.007314997130295634
226,0.021212377988282672,0.8910745459884735,0.08006763208373978,0.0011132231991743348,0.0065322207403295685
227,0.010602565412056727,0.834362436452542,0.1498207001186538,0.0013262019571769698,0.00388809605957057
228,0.014981764833825547,0.827208939612925,0.15071347620262904,0.0014652978163702715,0.005630521534250221
229,0.021367892447137833,0.7387988052445679,0.19998479711005362,0.0038434340163927797,0.03600507118184787
230,0.03868854332436295,0.6085901878198797,0.3390788092171209,0.0032251216517257494,0.010417337986910656
231,0.0534747087795654,0.6217329790368583,0.2865711804156483,0.007194377477640533,0.031026754290287582
232,0.07330543085593764,0.8409166476958031,0.07116416546508035,0.006966907843169327,0.007646848140009685
233,0.039738674304439434,0.7604354173226564,0.18997812186050944,0.0028245802515421653,0.007023206260852609
234,0.024851871073746232,0.5638454404218182,0.40373088690136205,0.0017755876962929572,0.00579621390678047
235,0.009761874159465046,0.5495419741872215,0.43581010150080657,0.0015062421173240306,0.0033798080351827037
236,0.013368801643326078,0.28642893840555483,0.6929232686018034,0.0016816360867727607,0.00559735526254289
237,0.034226505448167695,0.5575340364903555,0.3945150041390135,0.0033769375711647973,0.010347516351298429
238,0.029888792877035802,0.7902418218152037,0.1677109285106578,0.003076245101629145,0.009082211695473472
239,0.008697414904647148,0.5826750624677709,0.40232942363462915,0.001345816293474486,0.004952282699478248
240,0.020613484065239156,0.7861109385268092,0.18616460560407874,0.0020559091092951748,0.005055062694577681
241,0.034765913709307386,0.8036683177841203,0.15159296249503698,0.0027571237372402634,0.007215682274295081
242,0.015798078278868435,0.5645974617539972,0.40907886883709266,0.0023179553326229474,0.008207635797418778
243,0.039720866192851874,0.8015861444028511,0.14428863560786945,0.0037833908954494474,0.010620962900978274
244,0.05814981158534367,0.8867536065995633,0.030283534766380567,0.014493510707415936,0.010319536341296683
245,0.04376315028023135,0.7491344744655852,0.18937578384587875,0.0064547852502013095,0.011271806158103448
246,0.03775273420400675,0.7320381595700508,0.21182605397021212,0.01010658412249751,0.00827646813323295
247,0.04483672653094004,0.8418332855666314,0.05575324398491361,0.04939910706690741,0.008177636850607259
248,0.14228479164373756,0.6734467825838979,0.04509473218801852,0.10895986211985871,0.030213831464487334
249,0.06895188451395791,0.4694864537603499,0.08497757703223331,0.3547493025127162,0.021834782180742425
250,0.21439313562418444,0.14725542194343558,0.001459785302624735,0.5275759112512048,0.10931574587855043
251,0.04505254327863507,0.022184420995503416,0.00040394620365228137,0.03706580788248228,0.8952932816397271
252,0.7527831900716018,0.1294337652428515,0.0003042631008981724,0.013202219369993403,0.1042765622146551
253,0.5917737936648868,0.3125137931638268,0.0004872993067421477,0.029163121803008972,0.06606199206153514
254,0.5887341377131516,0.1709941366885449,0.000142474107679134,0.013111608686151303,0.22701764280447306
255,0.5639672706665871,0.3354058036004809,0.0006196936620026161,0.08283667291279355,0.01717055915813583
256,0.36515725638606467,0.517311874684118,0.0007524310228051805,0.09866621779785045,0.01811222010916187
257,0.31446755115466574,0.4661752717525532,0.0002544521634448246,0.20944505278454323,0.009657672144793085
258,0.06424927825394287,0.8064958944879599,0.00047882189715956315,0.1221260182658965,0.00664998709504108
259,0.022057129378915876,0.8985298930417104,0.004993007737222597,0.05432611961493407,0.02009385022721703
260,0.21135830287881557,0.4122867098504668,0.0005098275594695874,0.34088243942463853,0.03496272028660955
261,0.2921500069156569,0.3561100543747425,0.00019133178588844448,0.32608860717840626,0.025459999745305915
262,0.21262238556263927,0.4575316139753791,0.0012870769304774356,0.2890978032422552,0.039461120289249085
263,0.198056032854178,0.3704585959684811,0.00023981352390549024,0.41836403654178334,0.012881521111652243
264,0.20333752707096764,0.3251172006915676,0.00021794594932687488,0.45320255904264506,0.018124767245492744
265,0.08945708528268748,0.12887986244074637,0.00014852705559879873,0.765098750948474,0.016415774272493192
266,0.09504016482278801,0.12732325352565443,0.0002540588503370118,0.7589823210582138,0.018400201743006543
267,0.13354520126614652,0.062357280390169176,0.00016321311306510854,0.7707294563053423,0.03320484892527695
268,0.05967441760501248,0.14388627269195225,0.000622671887753557,0.7629098897847636,0.032906748030518206
269,0.12939830553105022,0.07116268622217552,0.00011266168627366172,0.7642863662001707,0.03503998036032995
270,0.24719660573485608,0.14003513557297487,0.00020942654668284688,0.5383719447309271,0.07418688741455916
271,0.2641948558667723,0.07860176405505603,0.00015486020818502796,0.5050592757077123,0.15198924416227438
272,0.28772215488659986,0.1775509266175103,0.00024086013208204777,0.4611137770362648,0.07337228132754296
273,0.4128998118897912,0.09507993550121838,0.0002511243813391902,0.2918607668223638,0.19990836140528745
274,0.39851406655741395,0.06732731400765117,0.0002995795955539899,0.19210523510477004,0.3417538047346109
275,0.007094028698763175,0.019230170664666636,0.0070147827914509835,0.003075859368151018,0.9635851584769682
276,0.19970709267342227,0.05907520723383461,0.0002622000491095637,0.03764586486271446,0.7033096351809192
277,0.7308570376113487,0.05166436842301885,0.000247230719704615,0.01894963154128406,0.1982817317046436
278,0.5475302780596417,0.12950833036317988,0.0003986070553167139,0.07462120715613513,0.24794157736572667
279,0.5638364895626063,0.25204256395528724,0.00011765249570395387,0.15524659656031195,0.028756697426090338
280,0.20541761302449532,0.3033815367823288,0.00026952459268510546,0.4734405546718193,0.017490770928671604
281,0.19221396770739466,0.40671264195508594,0.00013344443792685483,0.37938821223860864,0.021551733660983858
282,0.15399018207768048,0.25111060873856705,0.00038996122234002587,0.5588543026398378,0.035654945321574705
283,0.14738796903326112,0.35449338624420873,0.00034146812562990084,0.4764083647406414,0.021368811856258836
284,0.1954629600101431,0.47760329256644785,0.0007364604771292754,0.20765786259785518,0.1185394243484245
285,0.3464816214948029,0.028403652596179142,6.682384651243947e-05,0.16358082178341019,0.46146708027909533
286,0.5834058819181536,0.0637640871589871,7.732468322315305e-05,0.2573583347663052,0.09539437147333092
287,0.6639171299270048,0.08897714163954056,9.01574743459839e-05,0.1666900120461951,0.08032555891291344
288,0.677391189440919,0.16396754631317212,0.00020456111852391198,0.130165525884845,0.028271177242540087
289,0.1885228739906342,0.3519944679061294,0.0003462850060601691,0.4446999755562893,0.014436397540886993
290,0.23328548096698723,0.15399850708743898,0.00015802893020887694,0.5784516421044159,0.03410634091094912
291,0.2082736299234031,0.2161974975762878,0.00018724743722131637,0.531949074294003,0.04339255076908478
292,0.14064104373822137,0.4307738297266064,0.0005786115123454624,0.4098599076492686,0.01814660737355815
293,0.07121903822203499,0.49871838225694387,0.0006007759759476968,0.4216382455657572,0.00782355797931623
294,0.07811911565995831,0.1652113598452896,0.00018207748552349863,0.7428655088438093,0.013621938165419486
295,0.11675178870006128,0.05324162001192172,0.00010236704830838612,0.5598443976318225,0.27005982660788613
296,0.4905373867443691,0.12733009672403808,0.0001119222451365861,0.3026549103023338,0.07936568398412233
297,0.6183500811190455,0.14752225097834468,8.790268847462535e-05,0.2031388495472395,0.03090091566689573
298,0.7376118843681333,0.12591086679112892,8.611883085891076e-05,0.10315903850264678,0.033232091507232116
299,0.4473656623959826,0.17934521551012325,0.0004431439633719366,0.2056644161587561,0.16718156197176612
300,0.4588583777453642,0.07636862980399632,0.00012370332595204266,0.44050441702098325,0.024144872103704255
301,0.33572375142884603,0.07424014816114897,0.00024575240656668707,0.5713303880518029,0.01845995995163541
302,0.2638948863843938,0.1000577027063017,0.0003307917736074039,0.6097507610518728,0.0259658580838244
303,0.17025141127380508,0.1233773407656549,9.880251726623564e-05,0.6930976592329767,0.013174786210297001
304,0.12994938591973923,0.12289378226182252,0.0001729541677021461,0.7374192615062825,0.009564616144453588
305,0.0854569620998677,0.20007407952937675,0.0005358343995299229,0.7024195142382006,0.011513609733025012
306,0.08364196252255948,0.11252864994959169,0.00021562832945307129,0.7920218415425375,0.011591917655858357
307,0.06821236124259326,0.0978037976787655,0.00010441860845814542,0.8257796561888708,0.008099766281312324
308,0.1461126853737941,0.03652664311495235,9.170603773568416e-05,0.7534648685553059,0.06380409691821191
309,0.19549705017153204,0.0689747956209203,0.00023980151051367313,0.707732232984872,0.02755611971216215
310,0.18666055473564497,0.11690258148489974,0.000163798335110939,0.6530521532186605,0.043220912225683895
311,0.14971024931800375,0.06363353003565327,0.00017579151165675815,0.7664869332759854,0.01999349585870086
312,0.19139835287381332,0.03378620101375174,9.355874134485329e-05,0.5809284490909749,0.19379343828011525
313,0.3093061855169441,0.030463482698781977,6.517561795746486e-05,0.5752342800760916,0.08493087609022495
314,0.38671850700133553,0.054435664976639986,6.49918691237397e-05,0.4766215553583844,0.08215928079451633
315,0.49399436641496314,0.027887835021493446,8.09171164096376e-05,0.2933557147469712,0.1846811667001625
316,0.3746521257475421,0.11493235205121086,0.00015057354136267776,0.3204679266175347,0.18979702204234963
317,0.3014020187015367,0.10515673724768737,0.00012621915338335856,0.23694629693776437,0.3563687279596282
318,0.11177159705785325,0.05196939194982801,9.448530175795256e-05,0.10358785800193991,0.7325766676886207
319,0.1471373346986713,0.008119357670206146,3.590590833977278e-05,0.04714493416554553,0.7975624675572373
320,0.047858100242714585,0.0029571490813136364,8.098247955266418e-06,0.007820780336474297,0.9413558720915424
321,0.371052322710608,0.024049511778107924,9.459611657193455e-05,0.05050575903198194,0.5542978103627301
322,0.6238357035624844,0.02055797559216947,5.280295767949839e-05,0.10160766635236576,0.25394585153530097
323,0.18347086569142124,0.026010916230530645,0.00010150602027027642,0.16194460410102393,0.6284721079567539
324,0.38519959538975973,0.013166941333230101,4.862529383352228e-05,0.2582297912187195,0.34335504676445705
325,0.486131019937016,0.026497664848150655,6.95677046945589e-05,0.2810318667046612,0.20626988080547765
326,0.05824343566238237,0.004697788504811398,2.087898562028572e-05,0.05695406662817159,0.8800838302190145
327,0.40141980097786184,0.009650032717506085,4.4646073200266336e-05,0.154792508290308,0.4340930119411239
328,0.18399105962146864,0.0077158267323779485,4.1539388573520924e-05,0.08005971848167338,0.7281918557759066
329,0.5502343536028387,0.02268573208863255,6.027894620607758e-05,0.2000028302732136,0.22701680508910912
330,0.4159646736741338,0.0176195022866142,4.312113018838666e-05,0.18373761872566788,0.38263508418339576
331,0.018271533858863105,0.0013724808288696857,8.829239938554273e-06,0.014825017232890389,0.9655221388394383
332,0.23675276147847657,0.012889904897885216,5.0335869632345564e-05,0.09020493896334467,0.6601020587906612
333,0.5043063323038289,0.017483498805137672,5.580736857894692e-05,0.08820703799924547,0.38994732352320904
334,0.5344507616189673,0.017492323754356297,4.30803676693133e-05,0.14670181497324608,0.3013120192857611
335,0.22243042405771377,0.16254947715271148,8.85366721416267e-05,0.43922843025160335,0.17570313186582984
336,0.13001561330352346,0.02540031622166698,4.740991496517908e-05,0.13957143654244966,0.7049652240173948
337,0.006625312654801805,0.0015916698603462124,6.890448843081909e-06,0.015593651796861067,0.9761824752391479
338,0.16879497916989333,0.006797041113882033,2.7737282019696213e-05,0.04525339621637659,0.7791268462178285
339,0.5263770360874424,0.009132548172544313,2.9401256720396194e-05,0.09026010637845953,0.3742009081048334
340,0.5415559427453733,0.021918549466014722,0.00012108372153180005,0.13666269193649527,0.2997417321305849
341,0.37837754075218094,0.07438126045755017,0.00012105942816589162,0.4121776931583936,0.13494244620370943
342,0.1675349527133957,0.0348338386663519,4.416552768423863e-05,0.6753306832874812,0.12225635980508688
343,0.10746369654552404,0.026715273659891216,8.260951268261249e-05,0.8068241685665125,0.05891425171538962
344,0.19869409196295582,0.03855394343763613,5.252908551933207e-05,0.49413595204285965,0.268563483471029
345,0.01885636084262771,0.0046091411675509685,9.883826703093555e-06,0.023903093570330557,0.9526215205927876
346,0.320632992361856,0.02503861323930812,6.680006896369566e-05,0.06540025374034322,0.5888613405895289
347,0.45929665178025425,0.01857121402217461,4.485601436280878e-05,0.04546171806039647,0.4766255601228118
348,0.5958379827478225,0.020274905564426748,4.8938801723402054e-05,0.04050923289587655,0.34332893999015074
349,0.398145831725354,0.06985409378873776,8.345417367573126e-05,0.07559255041544176,0.4563240698967908
350,0.011105210263034801,0.0029300704164139583,1.3592870934618354e-05,0.0033180596471284645,0.9826330668024882
351,0.011651762702213256,0.0067894870102552934,0.00035138260186140784,0.0024310432210633104,0.9787763244646068
352,0.04972114527588631,0.0024649407529755835,2.4913818222155886e-05,0.0018248007303109902,0.9459641994226049
353,0.026874320371612973,0.0015517904040284324,2.158135061016457e-05,0.0011945892096170325,0.9703577186641315
354,0.017373543686196712,0.0011482611626637289,6.2287472615642565e-06,0.006400357843709434,0.9750716085601686
355,0.01447586602070105,0.0014424864049612253,2.3372687375985423e-06,0.003788496212431983,0.9802908140931682
356,0.1451407770987138,0.004804398104409841,2.927913091715635e-05,0.012817788101376609,0.8372077575645827
357,0.09595856137735122,0.002717029917206318,1.6333054836405606e-05,0.006469567069284295,0.8948385085813216
358,0.15398962666609345,0.0024431211423295517,2.8642877638009797e-05,0.02147629343054095,0.822062315883398
359,0.009487426325360194,0.0008275047169518959,1.9134190056505466e-05,0.005496468761006316,0.9841694660066251
360,0.05890727130734595,0.0021041885426636166,3.829307865481823e-05,0.04169467376688721,0.8972555733044484
361,0.037105762108149344,0.004900930634393439,1.6220688208533317e-05,0.020240020574005146,0.9377370659952435
362,0.033913803574962965,0.0014590889915138778,8.898660524738145e-06,0.01639613263333051,0.9482220761396679
363,0.005936970613553199,0.0008752003682498686,4.4957995371007816e-05,0.00880669984675539,0.9843361711760704
364,0.021770594266294477,0.001106887420585728,3.509991566894865e-05,0.00619530324440818,0.9708921151530426
365,0.030403773150024557,0.0017257640048584516,0.0009479177665105927,0.002335766570378921,0.9645867785082274
366,0.0008761882219700983,7.249761199804437e-05,0.0002594607684284035,0.0012745305521723932,0.997517322845431
367,0.003408706167975228,7.392420484591504e-05,6.333430466033182e-05,0.001340594212772312,0.9951134411097462
368,0.011513353082818836,0.00039555031745435533,6.31695892725786e-06,0.005302102389293868,0.9827826772515056
369,0.04527962757245216,0.0007945529093460732,3.4670999890114185e-06,0.003597616596555546,0.9503247358216572
370,0.03379463424171074,0.001002273222819769,3.849144023938252e-06,0.006354325580031275,0.9588449178114142
371,0.687414818985489,0.005143061638051921,2.0750568697779725e-05,0.05046780805273723,0.2569535607550242
372,0.7189283414184869,0.015813842912087026,3.0499127306557708e-05,0.08050433595454555,0.1847229805875739
373,0.2893831714328305,0.017990027078782875,3.878676767344247e-05,0.14467677801413736,0.5479112367065758
374,0.13406933250199635,0.01659392887005091,2.130986540569683e-05,0.16574190599550676,0.6835735227670404
375,0.4117131848642771,0.061702366846069064,3.443692225606822e-05,0.08584677239595098,0.4407032389714468
376,0.16444863613567026,0.04297704384460538,1.6147088022862484e-05,0.038247094727490605,0.7543110782042108
