epoch,N1,N2,N3,R,W
0,0.00042277567892763787,3.967558912556774e-05,1.0837220376704557e-05,1.0706769389390957e-05,0.9995160047421807
1,0.0010736409108434428,0.0004824690656121388,3.730843832186228e-06,0.00010875498593661085,0.9983314041937758
2,0.0021485158996905705,0.0008253436512489306,3.7500349236288443e-06,9.906849615271576e-05,0.9969233219179843
3,0.0010171696042695784,0.0009413721482380317,7.717303862667273e-06,4.5793989813281624e-05,0.9979879469538164
4,0.002643914647318175,0.0003284633636588073,9.230072545594666e-07,0.00016864967255868219,0.9968580493092098
5,0.00017221435063074743,3.043199254363266e-05,1.3566164715401819e-05,1.8157778545522172e-05,0.9997656297135646
6,0.0017399057901952397,8.01372051937601e-05,9.19117609698129e-06,0.00013587169017884257,0.9980348941383351
7,0.00027417435207049496,0.00012029414933423115,2.7771109026651126e-05,5.0727023759334334e-05,0.9995270333658093
8,0.0004726743461460698,0.00012012091832222673,6.014618210517814e-06,6.652844338169705e-05,0.9993346616739395
9,0.0005221543915016954,8.615233108609979e-05,4.902938565968332e-06,4.2356244143422824e-05,0.9993444340947029
10,0.0028622868670424677,0.00021620968848641366,5.815158491525286e-06,9.929947153782289e-05,0.9968163888144419
11,0.002259849089338457,0.0002587032374271853,2.657981488539488e-06,7.150821671461718e-05,0.9974072814750312
12,0.0008105988920905513,0.00013280336262707281,3.2662836962563923e-06,2.7468380185395856e-05,0.9990258630814007
13,0.0017207245711071582,0.0005336544074162311,9.265728476675343e-06,0.00011043966682335993,0.9976259156261765
14,0.04244562907982324,0.002784680566600984,2.1104022428092972e-05,0.0007713379666789506,0.9539772483644688
15,0.003941126789857557,0.0008559925779175446,3.70484985068957e-05,9.666696694667911e-05,0.9950691651667714
16,0.00495420591068764,0.0007087469376943978,7.218500515228107e-05,0.0001381079113208242,0.9941267542351447
17,0.12951722432858961,0.017387889632133925,0.0009829254210711937,0.001753806946592546,0.8503581536716127
18,0.13632440504200388,0.016585977832512925,0.0004890896391252832,0.0010376598668321918,0.8455628676195258
19,0.09890733503484296,0.13784518241089147,0.0024533596114353477,0.00239015787759247,0.7584039650652378
20,0.009526973583709122,0.01661056665933447,0.0011818693824329652,0.00048150581261316054,0.9721990845619102
21,0.0042192978862534486,0.0006543394197146728,2.5354721030150826e-05,8.482965333000133e-05,0.9950161783196718
22,0.07280943190263994,0.011342734668628927,0.0007407504971455727,0.0007097742167638865,0.9143973087148217
23,0.011658999021561872,0.0015343502687957746,3.832694604589701e-05,0.00011840991338663679,0.9866499138502098
24,0.06049669934154018,0.019150430379182702,0.0007859348399128399,0.0005753498603505888,0.9189915855790136
25,0.0026668186677624925,0.00012924985551266625,1.9657547792808268e-05,0.0002374297863337047,0.9969468441425984
26,0.008756497490371877,0.001146927612690808,0.00024484743640873524,0.0002616126406199097,0.9895901148199087
27,0.0028693603217449164,0.0005438199807805942,0.0002752696063559073,6.824653252232446e-05,0.9962433035585962
28,0.0022989189938834764,0.0003470955646936834,3.840140457314278e-06,5.4682873545437357e-05,0.99729546242742
29,0.05170441714087041,0.022038497279427978,0.0008157646907645257,0.0015339517563886342,0.9239073691325483
30,0.008312999581234246,0.005110454030198278,3.419419557829876e-05,0.0002285479497130827,0.986313804243276
31,0.1661134794046843,0.03526229794875134,0.0019148851923560795,0.00158569811666287,0.7951236393375454
32,0.03539417594793797,0.00827437810315869,0.0004411756782627025,0.0023117018531543135,0.9535785684174862
33,0.13080659879399514,0.021725486753448875,0.0003272245805004021,0.001836614549611301,0.8453040753224442
34,0.06569608580214725,0.019314862364157217,0.00023685576201169122,0.0027447704992548953,0.912007425572429
35,0.19016370253352122,0.010311391012482046,4.766579847334126e-05,0.0012046195218324215,0.7982726211336909
36,0.14235971699392547,0.01814139508187907,7.651048666883136e-05,0.003729066076524313,0.8356933113610022
37,0.15441643531345545,0.056140201859979574,0.00011727157346227064,0.005987795078105176,0.7833382961749975
38,0.17533123311684767,0.07461179229611475,0.0005788142127753095,0.011037618820793274,0.738440541553469
39,0.017197228539585597,0.01112649920107711,0.00024328852655868376,0.001217109873311241,0.9702158738594674
40,0.07148297076785794,0.008942863734853033,0.00012549657888388362,0.0015902887583502392,0.9178583801600549
41,0.15900879898519044,0.06338517240612032,0.0014093738082132233,0.0038883118940019673,0.7723083429064741
42,0.17554055275631963,0.14516353312956515,0.003431446935543846,0.003478163863388452,0.6723863033151829
43,0.2058970351160038,0.1287432398364892,0.0028289822053760433,0.003613976906303316,0.6589167659358276
44,0.15002487191339373,0.3561752293048758,0.0023556151250104396,0.043215833529318924,0.44822845012740115
45,0.07687765780288268,0.04812077121617346,0.0002570044675574044,0.004184128461725418,0.8705604380516611
46,0.14590102626459087,0.021071883379234237,0.00017876278190885088,0.0024845386566625816,0.8303637889176034
47,0.5116383818999248,0.13482160681292857,0.0019068103906475149,0.004431858825408147,0.34720134207109093
48,0.3313911983376587,0.06343556568998539,0.0004295789090273773,0.004436568488457448,0.6003070885748711
49,0.5307360129292605,0.18488053140883964,0.004827585641585385,0.004887573077616319,0.27466829694269806
50,0.2137502065556987,0.11297490566316626,0.004768260563261174,0.009924161268103809,0.65858246594977
51,0.4781844986797305,0.21002513884805107,0.007370905330047285,0.00877147067962025,0.2956479864625507
52,0.06278365957293294,0.8653383272361892,0.029040957361610505,0.0011997299032579208,0.04163732592600949
53,0.09156355772650435,0.8070071619187102,0.06761967290174394,0.0013767233942058904,0.03243288405883552
54,0.12431772577923027,0.7262353586110689,0.023424961926008236,0.0020309558699997043,0.1239909978136928
55,0.07179487006965321,0.8037418874302382,0.06145490985026374,0.0015144962291073407,0.061493836420737455
56,0.08745216982444926,0.5911059392743481,0.04768157686592278,0.0007018545426782942,0.2730584594926016
57,0.034551511383150484,0.7307430236772537,0.2053597356599256,0.0007163665535227702,0.028629362726147526
58,0.02350518759646968,0.5873052374892135,0.2571467839211878,0.0006605722409186903,0.13138221875221048
59,0.06367396785956367,0.38109751150326654,0.06491853488324023,0.0011217845493874583,0.4891882012045421
60,0.0320130716742274,0.44319489020587355,0.38860979498199943,0.001106215541303473,0.13507602759659593
61,0.02982841907887055,0.6261781756086128,0.2734160134481895,0.0009148938023688844,0.0696624980619582
62,0.050343655396971436,0.5818017936326382,0.2186860684294092,0.0008317490643998789,0.14833673347658133
63,0.007195843733425604,0.21988651874777576,0.7612341195896667,0.00035607594277794135,0.011327441986354006
64,0.02662768144077467,0.39036724238851256,0.5623048023127817,0.0002954090400690537,0.020404864817861947
65,0.004983918882249462,0.13158048003792866,0.8551992211489862,0.0001421146165203813,0.008094265314315558
66,0.000735068384194167,0.056748391944379195,0.9398393997156205,0.00012780067424862272,0.0025493392815575944
67,0.003057869053035895,0.11181786934603294,0.8792146377480554,0.0001669215389552312,0.005742702313920533
68,0.0018248704108159036,0.06654168869375282,0.9283679832466237,0.00012540315236174839,0.003140054496445762
69,0.0007560559208007639,0.06057943580925086,0.9353102399446691,6.086789703139612e-05,0.00329340042824789
70,0.000943075023628267,0.028077466691609727,0.9689226384771615,3.9227525207108777e-05,0.002017592282393316
71,0.0009799893446717754,0.03276415699895469,0.9639854007472602,5.02602008228621e-05,0.0022201927082905137
72,0.00016311538989773465,0.010392214181259777,0.9888152103963275,1.9953355672246446e-05,0.0006095066768429324
73,0.0002890683085322923,0.008374760628499603,0.9908918537745196,1.5500949584328874e-05,0.0004288163388642572
74,0.000691634943255924,0.018323197350107526,0.9796855612807595,3.5977747537561235e-05,0.0012636286783396036
75,0.0002262416144940794,0.01391599402102111,0.98511375089464,1.0132274675351554e-05,0.0007338811951694436
76,0.0004946429006839584,0.018913729245085248,0.9795754003821027,1.8775053947331054e-05,0.0009974524181809049
77,0.00028705871328982177,0.011819505723635335,0.9870510512539209,8.476213222125289e-06,0.0008339080959316909
78,0.0003451703982304352,0.00977218095156325,0.9893325207797271,2.3782599868758308e-05,0.0005263452706102913
79,0.0003787277146679142,0.013452030667156759,0.9852072181903859,1.360632285490834e-05,0.000948417104934437
80,0.000188573857793256,0.014742738097345819,0.9844651192823602,8.990741110487478e-06,0.0005945780213900561
81,0.00015353652243489674,0.008870601264440309,0.9905073056107682,7.195633946857634e-06,0.0004613609684097465
82,0.00036268804682508787,0.009190027677599575,0.9890487635361891,1.821985308546566e-05,0.001380300886300849
83,0.00010958721486500818,0.009370682673444786,0.9900484682575215,1.1797515443909152e-05,0.0004594643387249904
84,0.00021378208545470663,0.009072513687024712,0.9900747705410071,2.3468190050945914e-05,0.0006154654964625867
85,0.00021362929189296754,0.004753324531252243,0.9946368411686046,1.4685542679476044e-05,0.00038151946557069374
86,0.0002976257610532707,0.012829606879667674,0.9861351657270928,1.8487187303189785e-05,0.0007191144448829123
87,0.00013398208768685853,0.005183445159461393,0.9943148000600535,8.691911347807358e-06,0.00035908078145038705
88,0.00017416880261601588,0.010389512253917644,0.9885755521900534,1.1253453746156703e-05,0.0008495132996668808
89,0.00013962734612438983,0.005102658839981032,0.9942026164045981,1.49626842669477e-05,0.0005401347250296092
90,0.0002993311759906043,0.013080466474713394,0.9855079881306442,3.1116505484600166e-05,0.0010810977131673841
91,0.000120963961139831,0.00817659816612516,0.9906899844793821,2.3224834406782024e-05,0.0009892285589463024
92,0.00015792406728960487,0.008340794409889342,0.9905475230578585,1.2903844653063592e-05,0.0009408546203093469
93,0.00011111008454504497,0.006138900218923876,0.9929491852888329,1.8506669859604575e-05,0.0007822977378386307
94,0.00026823730105282823,0.007542587683046411,0.9909225354648522,7.597763925824768e-05,0.0011906619117906028
95,0.00013852121459592015,0.004351054985064957,0.9947903697478664,1.3050845440637695e-05,0.0007070032070321176
96,0.00035040990076306823,0.007905258425186268,0.9901568077248563,7.365988542304717e-05,0.001513864063771211
97,0.0005673987974289602,0.011043913739138512,0.9874089962732187,0.0001731344500441079,0.0008065567401699795
98,0.00815221527833841,0.11735070790753985,0.7392897231905707,0.002843859323744165,0.13236349429980684
99,0.012225528571543178,0.1228072993081121,0.8322179907219638,0.0034597770352100127,0.029289404363171016
100,0.03193828887272429,0.37673746886723786,0.5542703023720579,0.0031734519450564774,0.03388048794292344
101,0.11516020029818227,0.14280182320290874,0.1280265596502434,0.005883922823674116,0.6081274940249916
102,0.07665981274925207,0.1255004353630808,0.03661495064111412,0.0012198203123424045,0.7600049809342105
103,0.2170764325696669,0.6472690927933875,0.06038283582672793,0.0015476056502334585,0.07372403315998408
104,0.027866200918386777,0.5407774652766716,0.41290171800628156,0.0007433407752290862,0.017711275023431033
105,0.038975783714953686,0.6299706574944165,0.3177778055847269,0.001792808295602852,0.011482944910300004
106,0.008742515989701927,0.5595847246277882,0.41866007912930464,0.002564099360235377,0.010448580892969829
107,0.003759781401774586,0.3603472226522907,0.6312156329081458,0.0010474315421149807,0.0036299314956737957
108,0.0012668150877424677,0.38467060607022513,0.6102477959167434,0.0004498616498502396,0.003364921275438716
109,0.004550274655284332,0.23322693051228496,0.7564904134521706,0.00023928809404041181,0.005493093286219883
110,0.0006096080101998933,0.051407477520265026,0.9467577570689238,5.580552125192944e-05,0.0011693518793592865
111,0.006767053944389541,0.2269932880515448,0.7600570505737795,0.0002780289808310326,0.005904578449455014
112,0.0011246677598642427,0.04182817360050676,0.9557680024096126,8.324692785969768e-05,0.0011959093021567183
113,0.0003089160100745847,0.01902530247312553,0.980137373663817,5.126102180553815e-05,0.00047714683117749593
114,0.0020309739442327464,0.054364195579404084,0.9408190997604706,0.00032194228899070455,0.002463788426901711
115,0.0006946477616538785,0.024184136441791484,0.9736694369160728,9.67961916366913e-05,0.001354982688845011
116,0.002866220582293844,0.06131497154528962,0.9325754333418445,0.00020667117558662343,0.0030367033549852794
117,0.0012705211618503438,0.04145442648768017,0.9559013265175835,0.00012982518337965635,0.0012439006495061679
118,0.002029791631383265,0.04448629323840052,0.951096732747986,0.00015613430516248178,0.002231048077067653
119,0.001020145529531441,0.03859945817669055,0.9593403908702618,0.0002221760862183795,0.0008178293372976607
120,0.04106121801569976,0.333437592930752,0.37887706179943714,0.002444128385920518,0.2441799988681906
121,0.05734011655638032,0.41888829226238333,0.3772991699384201,0.004332787476459713,0.14213963376635644
122,0.059363905150773257,0.5443368804062875,0.31737425295502847,0.0023759389656690133,0.07654902252224179
123,0.035526587882068965,0.398783046614532,0.5490359196978447,0.0008050018362453002,0.01584944396930899
124,0.013785872285131007,0.4428643150583533,0.5240330477317022,0.0006975010781955769,0.01861926384661786
125,0.015473332915147176,0.4632362685445664,0.5096855103233595,0.0006718980990085625,0.010932990117918371
126,0.01567640021326239,0.2116224553040119,0.7631511195319365,0.0005025642422840938,0.009047460708505128
127,0.007114901183984012,0.16015846071842482,0.827045282001842,0.0002542097677013737,0.005427146328047707
128,0.0009669231366314522,0.07714355063577,0.9207189669013551,0.00011376330123220135,0.0010567960250113999
129,0.0019059141317698816,0.10893686185569972,0.8876937361620011,0.0002008691642041546,0.0012626186863252365
130,0.004689195761399487,0.14887708854752651,0.8422318919909703,0.0003135919522098704,0.0038882317478937185
131,0.0034980243867250194,0.099795452558404,0.8935541842439247,0.0005471351324490377,0.002605203678497131
132,0.00156383792668337,0.046307475330331416,0.950081705069633,0.00026870658492807983,0.0017782750884241172
133,0.004476892183807768,0.08646734046442268,0.9034282737289273,0.0001518896963104518,0.0054756039265319075
134,0.0014412735943656965,0.04568126940238775,0.9512416080402641,8.371266266535815e-05,0.001552136300317031
135,0.0004778994885904276,0.023814224251702126,0.9749689770501473,6.0587670481619336e-05,0.0006783115390784814
136,0.0005336337661507568,0.017127563723067427,0.9817141483005708,8.752997531100742e-05,0.0005371242348999645
137,0.00016542775482495886,0.008945188619773557,0.9904444230673735,7.990827868112854e-05,0.0003650522793468945
138,0.00145010401318727,0.0368399747285801,0.9561612168905509,0.0005747441652165377,0.004973960202465269
139,0.0010527815903109347,0.03699607112369748,0.9587197334280547,0.00032271825630837133,0.0029086956016284664
140,0.010276366202742448,0.10829327056196261,0.8712567615201307,0.0023788859838710583,0.0077947157312932966
141,0.031571409349459345,0.24455986991214576,0.534697810502611,0.006205151578869199,0.18296575865691472
142,0.0633700984879939,0.23856721244671344,0.4499278727816496,0.00689926637310363,0.24123554991053944
143,0.08521615763015757,0.1591508203482192,0.122157204505378,0.002705647428159275,0.6307701700880859
144,0.29915268863682154,0.4752171766842645,0.1635311226433896,0.0018747689607921199,0.060224243074732224
145,0.08352619007074817,0.7886775276490583,0.10793428317322303,0.0027347913322273197,0.01712720777474315
146,0.09822247981701893,0.718004302166707,0.12419883241825827,0.0039145682184476465,0.05565981737956804
147,0.04121593091413081,0.8023243621467823,0.1281659142364356,0.008065376162137365,0.02022841654051407
148,0.06851863902463212,0.7893059781810132,0.10353513981053142,0.006728007778316004,0.03191223520550721
149,0.041855661341288646,0.8885866684035082,0.05604842967243905,0.004259887826893649,0.009249352755870471
150,0.043059854011750005,0.8786590834022306,0.06130981113818202,0.0014310821304724267,0.015540169317364698
151,0.023987045469891954,0.6339844739205002,0.3336582792595686,0.0053838744547434,0.0029863268952958254
152,0.003230881897754385,0.6233616143017456,0.37030185472208854,0.0014225045536023074,0.0016831445248090958
153,0.0051962448668453655,0.6034391032481173,0.38816843388901395,0.0012329033763801487,0.001963314619643316
154,0.003391334050272154,0.5992475859700154,0.3910310891495595,0.005031124717826416,0.001298866112326553
155,0.0042662365283190375,0.4133123620177904,0.575093514670531,0.006582099867067486,0.0007457869162919811
156,0.002117922441059952,0.3971557539287762,0.5955533978740848,0.004413303976013715,0.0007596217800652816
157,0.014085476704602782,0.7999099625351067,0.16687488857528662,0.008327271115022853,0.010802401069980969
158,0.002075019893493249,0.5644489810259858,0.429334009582275,0.0030545302727256088,0.0010874592255205359
159,0.009530001039272677,0.7672421766553539,0.21923071280146722,0.001738842585014824,0.002258266918891509
160,0.007362659637758379,0.706614344470591,0.2801146629209197,0.002399540324231883,0.0035087926464991218
161,0.007460899376251894,0.7561346538429636,0.2294538642139047,0.0018912637269432563,0.005059318839936353
162,0.006113559172193474,0.6690180665526172,0.31955101279643094,0.002266593829886607,0.0030507676488716463
163,0.004606062170925953,0.6091181157055046,0.377610309858915,0.00557330092706696,0.0030922113375874997
164,0.0020363053124852265,0.519020760799173,0.47091238636127947,0.0045955987535044075,0.0034349487735579323
165,0.015682982544718397,0.7101811268533775,0.25081592684597465,0.015739447586147287,0.007580516169782167
166,0.0016244186674366154,0.4481531451966455,0.5434815686874288,0.005329219584535351,0.0014116478639536556
167,0.059565679781378056,0.7236386038168173,0.06886673188643266,0.056858897426346706,0.09107008708902535
168,0.05338996405404129,0.7595787897411738,0.023796868875430848,0.06636301426612529,0.09687136306322865
169,0.05710012237485472,0.616274927951152,0.009302503352013942,0.0937845885947886,0.22353785772719065
170,0.12997744393738872,0.48384445772493806,0.0035326313601517197,0.2175044074992003,0.16514105947832117
171,0.030458698095178847,0.8554105379438507,0.018347299789497826,0.05923186999108154,0.03655159418039109
172,0.07047532260542981,0.20461709134241435,0.004929216192284705,0.21430528692993125,0.5056730829299398
173,0.09432560743715666,0.45521833956700253,0.0016051992412669087,0.375631455909362,0.07321939784521182
174,0.13414287176970516,0.23175916418877116,0.0010710100347288362,0.4734088480454763,0.15961810596131862
175,0.11939555663941424,0.4467359923671368,0.003154035030924562,0.33908254638134133,0.09163186958118293
176,0.21358455501710538,0.42783975103647076,0.0006958250382699527,0.23735131315140723,0.12052855575674677
177,0.2111961404074586,0.26862894464605763,0.0003820024668571374,0.39625202888962524,0.12354088359000127
178,0.21443561915188064,0.213367495249306,0.0006605483181400732,0.33418576045771536,0.23735057682295788
179,0.15420179729029707,0.24722774610668524,0.0008661159794541068,0.5249923662804495,0.07271197434311413
180,0.15725843438403314,0.20628869908080646,0.0019963762086333014,0.13832894416289618,0.49612754616363086
181,0.23615124767077267,0.23387040003403353,0.0009399114225242477,0.38085881326103077,0.14817962761163894
182,0.14692080124527548,0.3049234083316803,0.0013796838303817003,0.47501180019601175,0.07176430639665073
183,0.28164217109814593,0.27338950544773566,0.0014019487240369475,0.21257027380902535,0.2309961009210562
184,0.07563058113168847,0.07825811842708345,0.00018689394657677867,0.8144619042452031,0.03146250224944823
185,0.18532192800574626,0.1684818815601767,0.0004951205081796602,0.5131732343866684,0.13252783553922898
186,0.2482640096770462,0.1791995755703537,0.0005692105253216896,0.342147960123174,0.22981924410410443
187,0.10820401975332873,0.23541175206609322,0.0006937937306537029,0.4827416108674731,0.17294882358245145
188,0.05308455190282464,0.10043202101219509,0.0005946611775046227,0.2688427186663199,0.5770460472411557
189,0.033537598861059933,0.12859396674412962,0.00021634086550718942,0.21666186520768035,0.6209902283216229
190,0.1756395590003386,0.11135129477090465,0.0008878030319801203,0.2992559735852651,0.4128653696115115
191,0.36373388391786116,0.12014231128616149,0.0013670895402430004,0.3184950643767998,0.19626165087893455
192,0.2980929669412734,0.1669268385116835,0.000498001343226238,0.3025088136433471,0.23197337956046976
193,0.1392815725164322,0.23606463755761511,0.00043544672318936324,0.15431893721034023,0.4698994059924232
194,0.2722333945373396,0.15452137277257968,0.00119662660434436,0.2261627831543221,0.3458858229314143
195,0.25280583934237993,0.1973636595018666,0.000425691787611413,0.3772864458790425,0.1721183634890995
196,0.19507657168106585,0.28410730230130654,0.00115441559412497,0.14665424465111226,0.3730074657723905
197,0.15838318846616586,0.3636703911442572,0.0014479611553791885,0.2854913475117756,0.19100711172242227
198,0.16940298281554123,0.24874187295385586,0.0001606080229180951,0.1971885568406892,0.3845059793669957
199,0.2110946548682154,0.3023229900303862,0.0010090347178233392,0.34283124326640185,0.1427420771171732
200,0.3211777891531231,0.12410371926258501,0.00022522000422037133,0.20734183552861185,0.3471514360514597
201,0.15264459236065414,0.06802595217474848,0.0006252772257715974,0.15018159629666944,0.6285225819421563
202,0.19801977741284305,0.20969376902828685,0.002658356539270188,0.3641958802975517,0.22543221672204825
203,0.13417548429581014,0.11669835738021052,0.0010882778066857123,0.22543103393499006,0.5226068465823035
204,0.07259469790944238,0.07574844671154736,0.0016960617776538873,0.05591467945068315,0.7940461141506733
205,0.23798739126819218,0.22240939773764776,0.002560229944128195,0.33192953762189026,0.20511344342814147
206,0.09503524552769056,0.04928542801975245,0.0007523315121531615,0.04445783819044054,0.8104691567499633
207,0.16514125690615017,0.6646470650519615,0.009367155210329011,0.04598298097581178,0.11486154185574762
208,0.3443980320415615,0.35511347682915995,0.002653954880534245,0.12440083148342346,0.17343370476532097
209,0.28021192548742685,0.45914060089878694,0.022708283397716595,0.07119582057714043,0.1667433696389293
210,0.035693602950236214,0.8233979291456489,0.03511439859567327,0.024237559073701297,0.08155651023474028
211,0.11693090134929439,0.45359477315623054,0.0547605244019547,0.00776202652040188,0.3669517745721185
212,0.05808135889317589,0.8817722317124609,0.02046332449384584,0.0028844356822829106,0.036798649218234565
213,0.09873546069720127,0.8367418925385769,0.01969132750469629,0.008677391985058557,0.036153927274467125
214,0.11044758839215416,0.7443455973711282,0.07450525502454061,0.011624426859670833,0.05907713235250623
215,0.035605540226305354,0.9292173938150511,0.01871689692751622,0.008381209324572335,0.00807895970655494
216,0.03885207149387961,0.8749392197076439,0.05053937535541173,0.01186611178243711,0.023803221660627663
217,0.01666556898455827,0.8790629598893713,0.08832261227348245,0.007513025513607424,0.008435833338980682
218,0.03843884887741056,0.8561103747102604,0.06769849742261108,0.008816905488652918,0.028935373501064954
219,0.09945405643063807,0.7197370070745257,0.06577462180022166,0.009714211335824223,0.10532010335879037
220,0.019534897148488228,0.8874786520480787,0.07316543791465455,0.0035139368410484887,0.016307076047729935
221,0.18614183736878664,0.320802900798712,0.011722742823814044,0.011554005986603324,0.4697785130220841
222,0.21341973834895558,0.6791153421915207,0.0270133041565736,0.011233360386668115,0.06921825491628193
223,0.16812185879478048,0.6691646589265383,0.02816076222110633,0.008273375106295791,0.1262793449512791
224,0.14308724624818855,0.7466894104517486,0.07012543550762132,0.0024538183300943277,0.037644089462347166
225,0.0422669107228242,0.7033742988924027,0.16349571161990964,0.0072069177349050936,0.08365616102995818
226,0.09277469358002237,0.7597288300276174,0.05817495517025765,0.012505050889956945,0.07681647033214567
227,0.06029551046151615,0.6094372985178412,0.10619167848560382,0.018476543174967868,0.205598969360071
228,0.04866572921797933,0.8442651442226421,0.07796374556878248,0.007407152632491253,0.021698228358104844
229,0.06798312524268024,0.715393542111278,0.1548987568938527,0.010241801300654836,0.051482774451534215
230,0.11151628032069955,0.6769970033378196,0.13241855564181057,0.012970538803027693,0.06609762189664259
231,0.06198818822142006,0.5368156290262942,0.3299463752859716,0.007969635329489308,0.06328017213682485
232,0.011224609365715382,0.677764871691261,0.30138053842827406,0.003000904627088953,0.006629075887660773
233,0.008491598262183897,0.7956432637513713,0.1873795558593043,0.003481416438081739,0.005004165689058968
234,0.0328458462889331,0.6844387986312115,0.26144595012398125,0.00396358434081471,0.017305820615059378
235,0.01180773913711484,0.34286267596514763,0.6145921765091293,0.002356616930659966,0.028380791457948244
236,0.02952281409343269,0.8084363185411497,0.14511655929934744,0.0027837841676882024,0.014140523898381857
237,0.019870287839892916,0.5397947619435248,0.401879400996532,0.0012605261834093807,0.03719502303664099
238,0.014379927084131045,0.684212500405513,0.2921877751472163,0.0012743993004194901,0.007945398062720228
239,0.010721128128120948,0.6920529501251128,0.28541785790359,0.0016026985649275557,0.010205365278248762
240,0.011097718976139976,0.5541860741093908,0.40612654838732304,0.001531532934017631,0.027058125593128403
241,0.009458629315250506,0.5072644545784876,0.46590294705076496,0.0012493300134209368,0.016124639042076
242,0.011808022251085884,0.5267250564507056,0.4552123238561669,0.0005073440635571948,0.005747253378484539
243,0.013113835318470142,0.6128602232195064,0.34464412360771046,0.0017212262836192077,0.027660591570693848
244,0.0070553312060536175,0.40594117614533637,0.5755643969032096,0.0008072947430174691,0.010631801002382948
245,0.004108304144540021,0.2748399310689242,0.7162557931804948,0.0005580535577835577,0.004237918048257499
246,0.0131068969041546,0.5515553638229257,0.42707112784368534,0.0008846941763638916,0.007381917252870311
247,0.005698398865293514,0.41943618865610904,0.5423686648789161,0.0010605801213953506,0.03143616747828588
248,0.009843662866114133,0.70901717970376,0.24764967864222737,0.002023730814180362,0.031465747973718025
249,0.010531332185517757,0.5741869752340688,0.39544388407747644,0.0012789078445382023,0.01855890065839875
250,0.0020099189977759928,0.26116559021831076,0.7339080718143597,0.00039579253082966533,0.002520626438723958
251,0.0037861438866603936,0.45743149553137724,0.5344055906821703,0.00037766174187090683,0.003999108157921208
252,0.005406985346594534,0.4177906455905557,0.5688189479205792,0.0006093745775006719,0.007374046564769837
253,0.004522772669420376,0.6377451781871756,0.35115010489239523,0.0010633837742544008,0.0055185604767544125
254,0.016302983586423583,0.7215109691678796,0.24585961903885487,0.0015310807164520665,0.014795347490389767
255,0.002192414009429357,0.28468276048809044,0.7097200499072719,0.0004471493718247403,0.002957626223383439
256,0.0588653667160199,0.6626645871431982,0.24985928796863321,0.0026418401321171713,0.025968918040031284
257,0.006022265952382058,0.580801702127899,0.40641631709868953,0.0009255652671319652,0.005834149553897478
258,0.00889031338657781,0.3818954924763048,0.5993937763755098,0.0018790437442526187,0.007941374017354959
259,0.021601767501979046,0.5142944548643992,0.4332374948837912,0.0037717557691521702,0.027094526980678497
260,0.01989317988215145,0.3145481823525661,0.5016901338036255,0.004205637532332443,0.1596628664293245
261,0.022185396510263813,0.34996142476045694,0.5946419706305862,0.0018939904081090432,0.031317217690583994
262,0.01474525064848038,0.4211473988253547,0.557380421638846,0.0007234911964648363,0.0060034376908539265
263,0.006464277786401993,0.23035163250234408,0.7557979073130956,0.0005079464784493997,0.006878235919708897
264,0.008846706887734063,0.36724080400938236,0.6166629167363,0.0008153811273523049,0.006434191239231306
265,0.01022062403725456,0.4432337604401297,0.5356066504259287,0.0019417999771757977,0.008997165119511237
266,0.020540889927349454,0.8346388402576106,0.1255656817414379,0.003507624444925633,0.015746963628676464
267,0.003471402941242864,0.3148769579437604,0.6745130895064188,0.00034972881250674976,0.006788820796071219
268,0.006999905743537347,0.3413266176242181,0.6334164155567147,0.0008279707303137848,0.017429090345216006
269,0.006981624819208949,0.39952163675841124,0.579964275609747,0.0010481620613139629,0.012484300751318726
270,0.019393089592083138,0.3970910739646529,0.5725075811261464,0.004518539784472255,0.006489715532645188
271,0.0034034000458923928,0.2766258087975886,0.7097415882728738,0.0006781810191974345,0.00955102186444797
272,0.028194684325773545,0.3938192986484446,0.5685951821519242,0.0019947814031135527,0.007396053470744195
273,0.0013991427616675666,0.16850469624614348,0.8234450924728784,0.0005164324666891268,0.006134636052621291
274,0.013702207971211536,0.32769492587353477,0.6425801892953833,0.0010545213730562063,0.014968155486814388
275,0.009433114426603368,0.2491368552160807,0.7330192902555338,0.0005920144883537386,0.007818725613428444
276,0.003142946758485344,0.17472575893112655,0.8155556221794971,0.0010831433796314653,0.005492528751259574
277,0.005168109596500002,0.18627907468100127,0.8020068106616356,0.001699063893562754,0.0048469411673002895
278,0.00822338757815946,0.2674144820654052,0.7158906488364289,0.00205154211052635,0.006419939409479902
279,0.024933368310698447,0.2978635151210289,0.4150832819302382,0.010894748873169055,0.25122508576486546
280,0.04077685476121676,0.6847275636839035,0.23144420318081713,0.006502715489458956,0.03654866288460375
281,0.06447319703140217,0.4443892871076812,0.42329328957816853,0.002559406035547148,0.06528482024720078
282,0.04328197678063252,0.5969316149777281,0.3358798617712724,0.003278662962287405,0.020627883508079637
283,0.16559137395170453,0.3663364868873866,0.12571150739488882,0.012064931660578765,0.3302957001054412
284,0.14546789344207556,0.7256049240623473,0.055270055451671934,0.004318695767634093,0.06933843127627132
285,0.010083609742539591,0.49648556305772645,0.48584745100488164,0.0008699847161273595,0.00671339147872502
286,0.016085535006447594,0.8321899371009607,0.14145190735553292,0.0012266554268839148,0.00904596511017507
287,0.0037466370506813278,0.6379025644009636,0.354273098189307,0.0008525733212831192,0.0032251270377649643
288,0.0014346405474611901,0.41688977922573683,0.5790797976513495,0.0013835757989552016,0.0012122067764974349
289,0.0014983568493999145,0.5444410048501168,0.4516535258086441,0.0005671518267784515,0.0018399606650607529
290,0.0021550474752483105,0.2826233519246582,0.7124418939506755,0.0005997253252801247,0.0021799813241378417
291,0.0008015812795406101,0.2132033344111306,0.7852783661094681,0.00018453838304040044,0.0005321798168202841
292,0.004679769860432242,0.4227910690525105,0.5669689589120344,0.000480415091108774,0.005079787083914152
293,0.004109210823350476,0.21080206809805774,0.7818052078299427,0.00036510354734634834,0.0029184097013026902
294,0.002019030633257443,0.17070801796615176,0.8256628099121844,0.00023018635420460858,0.0013799551342018798
295,0.003047764319366039,0.16613058540410172,0.829086288695471,0.00020147320854289815,0.0015338883725184208
296,0.0011184437770797662,0.20493276432016452,0.7919117728812703,0.00030805746009334903,0.0017289615613921357
297,0.0009022911893305151,0.06951209556644938,0.9289482186606833,9.206756437628698e-05,0.0005453270191604646
298,0.0008582507149671875,0.04721382529567938,0.9510529530020116,0.00014564229962691917,0.0007293286877148229
299,0.00435190533265003,0.12924639478110278,0.8618294863408824,0.0002803687326758286,0.0042918448126888055
300,0.0029967512354934804,0.14995157888206032,0.8442812008157669,0.00017198064230625445,0.0025984884243731065
301,0.0014787957596151642,0.10435647121878319,0.8925612804016329,0.00012070024518845487,0.0014827523747803781
302,0.00024966795805712633,0.04204263428992803,0.957347641908974,6.23344791398759e-05,0.000297721363900798
303,0.0010072288869229081,0.08253484514484669,0.9152895691654905,0.00025427002994377117,0.0009140867727959747
304,0.0006071124365838997,0.025955103796633627,0.9722221675210916,0.0002592971103450866,0.0009563191353458104
305,0.0005419574969881282,0.059344656128686044,0.9390956889878278,0.00011312690068147241,0.0009045704858163297
306,0.00033036705955077406,0.056880714665486935,0.9415300459450441,6.17055030537876e-05,0.0011971668268643742
307,0.00034379423548844653,0.05511487733336815,0.9437968119063653,9.421856045864771e-05,0.0006502979643194726
308,8.092796787732735e-05,0.01846803030162835,0.9811185780529139,3.0402912994667242e-05,0.0003020607645857149
309,0.0006221321610825663,0.03667096130670254,0.961685811114256,0.00019670272362845223,0.0008243926943305878
310,0.0001434275118389014,0.014952387734837138,0.9843071431421012,4.0314250812115665e-05,0.0005567273604106086
311,0.0003840770045895841,0.04822928064071444,0.9506806437109884,7.295655495372768e-05,0.0006330420887539918
312,0.00027712898983695244,0.045522001363290134,0.9535508399268223,6.454126439491649e-05,0.0005854884556556993
313,0.00023649909215313724,0.019651874203128365,0.9793430138874564,0.00011458735993302232,0.000654025457329057
314,0.0002724143288589869,0.017621581599012944,0.9816011671817744,6.088387221459851e-05,0.00044395301813933543
315,0.00020723686189716713,0.017314361332176117,0.9818112659286939,6.727197060313621e-05,0.0005998639066296424
316,0.00013581961332602145,0.009877179571861558,0.9897561212310391,3.377024948858668e-05,0.00019710933428466467
317,0.00034984932029971563,0.017410149206355252,0.9816689776545284,5.414875058299964e-05,0.0005168750682334111
318,0.00018207366457887957,0.017082315748398205,0.9822569657961638,3.4424489866553627e-05,0.000444220300992381
319,0.0002607750920390227,0.012435378353845481,0.9868616572181413,5.575560458468038e-05,0.0003864337313895117
320,0.0001613243852169509,0.015737396647812225,0.9836951955008623,4.914469440753511e-05,0.0003569387717008735
321,0.00010977883465434674,0.010285488772560273,0.9892626801056221,2.4003283610525212e-05,0.00031804900355282133
322,9.92405191642018e-05,0.00662574167698265,0.993012863838934,3.386929302488169e-05,0.00022828467189437254
323,0.00014332552503790478,0.010769190131012815,0.9887149937129083,6.114415415244456e-05,0.0003113464768884823
324,0.0001126835456029394,0.0078083108903488655,0.9917044397211642,5.4167243910759955e-05,0.0003203985989733758
325,0.0002524357393687498,0.012792931111603885,0.9862768134241638,0.00010925189859562884,0.0005685678262678718
326,0.00011676268440856756,0.008604939638910526,0.9908881106442892,4.3559341052245264e-05,0.00034662769133950253
327,8.652863788411111e-05,0.010480002040273564,0.9891784810019092,2.5131196532037633e-05,0.00022985712340099762
328,8.064326128875826e-05,0.01656164655332649,0.982956417734934,3.2322088275947634e-05,0.0003689703621748263
329,0.0002785248121861544,0.013057361118406413,0.98626670035661,7.391888607813901e-05,0.00032349482671931883
330,0.000243899518864172,0.01364441746048496,0.9856229527540451,8.188764713829916e-05,0.00040684261946755124
331,0.00023569126791258155,0.015524948787639756,0.983758594890601,6.81283601516636e-05,0.00041263669369484687
332,9.445379169227329e-05,0.007643499038162515,0.991945945280847,1.33134639075605e-05,0.0003027884253908151
333,0.0001835554736179987,0.011074818706092811,0.9882107192453825,5.051156186613997e-05,0.00048039501304041835
334,0.00013384127915492904,0.018952680534741605,0.9805816437798552,3.980187982135105e-05,0.00029203252642684457
335,0.0002415899636655166,0.01869457022874509,0.9806902048190764,4.81172726228542e-05,0.00032551771589001604
336,0.0002437836448602017,0.03783569636072794,0.9613929555655656,6.501844393250854e-05,0.00046254598491364687
337,0.0001494199840278024,0.012626412850991984,0.9868644636563939,4.903016530841746e-05,0.0003106733432777001
338,0.0007397861923648898,0.05016057039809755,0.9475372993627759,0.0001564626821939095,0.0014058813645677994
339,0.00046393573662868704,0.03615393003042312,0.9609458168391503,0.00025711390236039073,0.002179203491437654
340,0.00016497912496451025,0.01414202801400005,0.985054948781967,6.0109349678437224e-05,0.000577934729390096
341,0.0009543872388226755,0.05234119068384347,0.9449123285773193,0.00030984270061873843,0.001482250799395745
342,0.0010399198499991768,0.08536887996230627,0.9118836415060727,0.0002953512913537977,0.001412207390268057
343,0.00021295597693041205,0.021126856015802355,0.9778665686088421,0.00013949658949904668,0.000654122808925928
344,0.00035224649379758037,0.022620704223478862,0.9759419787211232,0.00025059435215123605,0.0008344762094489383
345,0.0003965602457827103,0.033929716653103105,0.9642047222009964,0.00035578634082445945,0.0011132145592933533
346,0.0011288907538672716,0.027929091546681637,0.9658723808907983,0.0012432254984697452,0.003826411310183109
347,0.004899194250694487,0.09067228606763235,0.8983620349480428,0.0006258623318564691,0.0054406224017738295
348,0.0014270781968548408,0.08888215159772712,0.9068355127745954,0.00046380931079141987,0.002391448120031136
349,0.001857783453202029,0.0511071736629291,0.943622552663869,0.0010624919301108482,0.002349998289888979
350,0.0827528885190015,0.204947365132015,0.03172540267557339,0.015430666008803212,0.6651436776646069
351,0.0906724834691168,0.3876654569679878,0.43314129844498306,0.007432432010743543,0.08108832910716883
352,0.08310624419729754,0.6793445649717843,0.16598210908281028,0.0078331734026461,0.06373390834546185
353,0.1316364434362733,0.47446327445416564,0.21435112877025933,0.006780450987440432,0.17276870235186126
354,0.06185637256319587,0.6518234428959611,0.20656758925056876,0.008909372414432465,0.07084322287584187
355,0.07377900559687893,0.528885319663728,0.28787284040453986,0.024965648788774837,0.0844971855460784
356,0.089325080127139,0.6108662633959174,0.19384018843398862,0.0276567757538277,0.07831169228912738
357,0.15216234309101048,0.5885603932478767,0.09078438794082828,0.029316287679855366,0.13917658804042915
358,0.06519875580822665,0.760954316121885,0.10462456610494629,0.007118243931695341,0.06210411803324668
359,0.14656287332467743,0.6637499633899369,0.09878824771875677,0.012214587229325627,0.07868432833730318
360,0.010687096298968492,0.08655954312616142,0.017837054092848238,0.0020951874794076187,0.8828211190026142
361,0.16150697512758613,0.29091801545315865,0.02028631913590957,0.0042172408603437204,0.523071449423002
362,0.06476462431181193,0.8421801406843042,0.04064012516439929,0.0022440475156333657,0.05017106232385114
363,0.40450283069666815,0.2918671444591995,0.033587584020460845,0.011944219452688112,0.25809822137098337
364,0.01949237104751602,0.8963997742354283,0.04029493846575137,0.006235679632231126,0.03757723661907331
365,0.10528359988071907,0.6446933161683783,0.0213142232859537,0.07224224176516877,0.1564666188997802
366,0.07272446507817942,0.672189917734452,0.026833430300765626,0.037818142851028594,0.1904340440355743
367,0.07372868591040584,0.5969709078369827,0.03579734617522368,0.16279187621935462,0.13071118385803315
368,0.1462708321482882,0.2560573847134966,0.008114332583459538,0.30443425552267933,0.2851231950320764
369,0.07551354350030404,0.29598654099399735,0.009033719587241647,0.48538799659131593,0.1340781993271411
370,0.0643271289844175,0.03321788047398037,0.0007784452611909782,0.7489040839833938,0.15277246129701746
371,0.03519244468446925,0.09482948127974775,0.0013485047393322557,0.8429184161455792,0.025711153150871625
372,0.05427489265027403,0.11452579094274502,0.00037070912120966876,0.7175853819550299,0.11324322533074152
373,0.06928974889006931,0.07501103882573829,0.0001562833058912499,0.7414518173234014,0.11409111165489969
374,0.03227724702841776,0.056216002405312465,0.00019297874966645438,0.6528045517548522,0.2585092200617511
