epoch,N1,N2,N3,R,W
0,0.019141723518105752,0.0011008251336356311,3.275968987683215e-05,0.00023707280519235367,0.9794876188531895
1,0.005271657652072859,0.00041415088322672945,5.143529851126121e-06,7.462294625234669e-05,0.9942344249885968
2,0.0224763715242674,0.0003633728878880139,5.464416676619859e-06,0.00027322553581215044,0.9768815656353557
3,0.07153176836111774,0.0007998656303109351,2.054392952668427e-05,0.0005537153452846573,0.92709410673376
4,0.06823823710984314,0.000939051661066232,9.257144064646154e-06,0.0009021629205699265,0.929911291164456
5,0.016085392778429037,0.00044005356043819936,3.842313213208071e-06,0.00048809548357299927,0.9829826158643465
6,0.25669961677325576,0.007551389597832524,3.9494882340337057e-05,0.0078055778829235955,0.7279039208636477
7,0.43372569864744626,0.043377549403035634,4.497239472683979e-05,0.013343978813070072,0.5095078007417213
8,0.23627870247630633,0.013551399423352947,4.028173454167349e-05,0.013949160275114432,0.7361804560906847
9,0.33306222349534886,0.14348013108557786,0.0001741650789072814,0.07099906030614112,0.45228442003402486
10,0.32110583837404905,0.14449542129732493,0.00022227547241450622,0.08939846708918375,0.4447779977670277
11,0.3132853798377679,0.27073397835802127,0.0001952638741431297,0.08539147990473696,0.33039389802533076
12,0.027023842547129872,0.01691458830451551,2.006293967659187e-05,0.009240162508668767,0.9468013437000092
13,0.20904460953115248,0.10275109826616187,0.00034769676849307526,0.06532561692829139,0.6225309785059012
14,0.3606477851974449,0.1656977822323494,0.0007470204278723461,0.1402865497420403,0.3326208624002929
15,0.44304624931861275,0.20570789091258387,0.000493211393143601,0.08894277043883726,0.26180987793682253
16,0.32767207190409353,0.1677126408343117,0.00022268675808310678,0.1485545458294655,0.3558380546740462
17,0.26541121569312115,0.5840200917620924,0.0012042181742809874,0.05502561940901774,0.09433885496148767
18,0.4160829915684035,0.35023406001871643,0.0007873744376425199,0.08864608385837995,0.14424949011685767
19,0.2911802991085065,0.4878977083167286,0.0012627976114723222,0.06806648759819972,0.15159270736509306
20,0.24059378260168837,0.5976910681694863,0.010923289264167003,0.012446192786942548,0.1383456671777158
21,0.18512236847550598,0.7671964457843827,0.012368735856469039,0.004444757201003964,0.030867692682638365
22,0.18200387626362233,0.772647516506105,0.011807888228870474,0.006329015538325611,0.027211703463076643
23,0.05475590779523981,0.8960644008774199,0.024559095014675326,0.002952540585341232,0.02166805572732366
24,0.08107624785638057,0.8575689599676959,0.026730531210958648,0.004298382915472426,0.030325878049492612
25,0.07939409287224916,0.8417277168403002,0.024603318024913223,0.004350719589748458,0.049924152672788956
26,0.08060340139364226,0.8621910326256095,0.032297828168271335,0.0033891756071677036,0.021518562205309157
27,0.03776490695669645,0.8766404587973143,0.047400283587937506,0.002155183589287301,0.036039167068764456
28,0.22688163613329002,0.7138899423180762,0.02117310134472529,0.00499040344454791,0.033064916759360526
29,0.02830680186208608,0.9189856973318001,0.03839707672084726,0.0014396155648451865,0.01287080852042142
30,0.02278239001763746,0.892148705621965,0.06205675848048343,0.001528476907954164,0.021483668971960017
31,0.06370587408264414,0.8775365737546652,0.039539353671460414,0.0027283038408849936,0.01648989465034528
32,0.04995928916218509,0.8658344470120732,0.07026087479055936,0.002997483466333095,0.01094790556884924
33,0.014754413677817048,0.8705571471224065,0.09684785706470693,0.002208503937656899,0.01563207819741254
34,0.012586884626938544,0.6776211489052808,0.28929532271078945,0.0008483220333347715,0.01964832172365622
35,0.07250345679141981,0.7797583599865875,0.12419951373051603,0.004708785584944749,0.018829883906531744
36,0.026872161712253376,0.787472416072601,0.16886536179471778,0.0018801628586925779,0.014909897561735323
37,0.025654975130843374,0.7787591998691533,0.17360688842591435,0.0026913172850474413,0.019287619289041432
38,0.013698134519253616,0.7608713627497272,0.20824641509007236,0.0015429557416801562,0.01564113189926656
39,0.006263701323152119,0.7396753261073044,0.23078589331149477,0.0017184401337813427,0.021556639124267373
40,0.005061094138882347,0.663010751497284,0.31752333411851913,0.0008812663610673627,0.013523553884247202
41,0.02466946811593243,0.8068970644507677,0.1513172832992483,0.003986645137909878,0.013129538996141594
42,0.014191322077672925,0.7484880922477462,0.22373569943626556,0.0030478045986430126,0.010537081639672352
43,0.007564650870849287,0.718913632400056,0.2575064656181336,0.001430892767764491,0.014584358343196657
44,0.003084542490937658,0.6549876148051796,0.32160313762513615,0.0004820294737025536,0.019842675605044005
45,0.009619284234871787,0.7462155329348273,0.22801108760843594,0.0016070213576383058,0.014547073864226486
46,0.005938972056605774,0.6892385324927465,0.2909410857477338,0.001308264504648673,0.012573145198265337
47,0.017350707703053043,0.7325116267981774,0.23164912990152178,0.0029549578460138517,0.01553357775123371
48,0.002458618998439779,0.4850063713759323,0.4950133665001318,0.0004081650199001269,0.017113478105595905
49,0.0032832633802848212,0.4407510548033359,0.5334551084102669,0.0008528261137141415,0.021657747292398253
50,0.010433960859184648,0.76917565713377,0.1814898875787327,0.005566906414288773,0.03333358801402398
51,0.008002437190717344,0.4751957592401779,0.48296507900749835,0.001282818947685356,0.03255390561392102
52,0.0027846911804780884,0.2612516853290307,0.659513898971698,0.0007649430634273737,0.07568478145536585
53,0.007481092121495331,0.5788782013529583,0.3854182167690562,0.0012129171452163142,0.0270095726112738
54,0.00687387597023164,0.6010802448299736,0.37119256723485977,0.0012119400827176365,0.01964137188221737
55,0.009407271710339785,0.6139026933040437,0.34451477309432715,0.0014037013971776786,0.030771560494111654
56,0.00681198277364975,0.6507328660429235,0.32716866908666464,0.0012781737872984348,0.014008308309463756
57,0.004678780507532274,0.5178596095835116,0.45238025213389765,0.0007070496385690188,0.02437430813648939
58,0.006053374929354092,0.5320553524719174,0.4421726254945975,0.0009079233754946028,0.018810723728636406
59,0.0041441657190509785,0.6147091965440806,0.36652808648448304,0.001447832779842,0.013170718472543351
60,0.003553285868247495,0.6375002574601552,0.34722669182651883,0.0006107804223376924,0.011108984422740678
61,0.0037321843329283064,0.4843183313717663,0.5012450140412014,0.000365748326220335,0.010338721927883739
62,0.006477992174132695,0.6561666466575317,0.3211262895435661,0.0021840215418687733,0.014045050082900745
63,0.008970277764992953,0.6241509124208545,0.3515884067275271,0.0011244289593448325,0.014165974127280712
64,0.0042878691650932175,0.470792872558538,0.5095973488968552,0.0010270719302981923,0.014294837449215407
65,0.0018513123974552848,0.3622090271634294,0.6296284056074342,0.00026770975669990584,0.00604354507498131
66,0.008253010788241135,0.5222222591504411,0.45504071623855147,0.0019932012481370352,0.012490812574629312
67,0.0036891549931871064,0.26567353718895537,0.7206814397764012,0.0005180491964949111,0.009437818844961407
68,0.008991218120531785,0.6584118656967257,0.31459232249766445,0.004019076405613817,0.013985517279464172
69,0.003984940261841369,0.5223425784129311,0.4515284059366278,0.0013750902739365224,0.020768985114663387
70,0.0041180366677625296,0.46841169675708066,0.5095405710368838,0.0008204907571947674,0.017109204781078326
71,0.0018593639548381857,0.20389559520010994,0.7782625352895453,0.0005712897786609732,0.015411215776845608
72,0.011623887395549662,0.4598362433169866,0.48843543664595385,0.0072604305148080955,0.03284400212670191
73,0.00506601341970369,0.14804378592924225,0.7870042024196953,0.0024325259026878776,0.05745347232867088
74,0.01333662728384102,0.4218770801139635,0.5178540384583634,0.004948733604087367,0.04198352053974473
75,0.02669477402093261,0.33696806218347514,0.577500068151385,0.005009048980882926,0.05382804666332442
76,0.08113475270170209,0.09880909779520444,0.005651699652441519,0.005466879904393398,0.8089375699462585
77,0.23701340790615416,0.06443327035055643,0.0004978927876363231,0.03506313959739366,0.6629922893582594
78,0.5293208191688987,0.06360506000206963,0.0008724998135925386,0.04906428133259035,0.3571373396828487
79,0.37530233041586164,0.11264877918983292,0.001279943003897922,0.014777233181921614,0.495991714208486
80,0.6769725756078931,0.16386532192470812,0.000548860150355499,0.04284424877241847,0.11576899354462472
81,0.46549053992213607,0.39438619359360494,0.0028407801783237505,0.05876943435579119,0.07851305195014405
82,0.45815266442748565,0.47509353816240585,0.0020615852433729337,0.024884362170983425,0.03980784999575212
83,0.1455856787187177,0.7621847971183876,0.0035506214697909304,0.03618076904831431,0.05249813364478947
84,0.18106709120682815,0.14708254924267603,0.0014931954245453632,0.6578622346242862,0.012494929501664368
85,0.06383971751107231,0.7891538775411379,0.004875086013238671,0.1272094023895876,0.014921916544963562
86,0.1820000576534364,0.4588054617155623,0.002598220108182557,0.31008529986030414,0.04651096066251453
87,0.06833051269705293,0.725323637264267,0.006518765482647404,0.18911566531635957,0.010711419239673007
88,0.1666301058049056,0.609523276999463,0.0069081712876848745,0.17947303689467034,0.037465409013276094
89,0.3395166773100319,0.36338835649525164,0.0004279610312038685,0.23547919161512026,0.06118781354839221
90,0.3589954593612015,0.3357335297585077,0.0005276835031151639,0.28245637729925704,0.022286950077918727
91,0.192275110202462,0.7454177961525394,0.0009472719751505144,0.050392905425319795,0.010966916244528313
92,0.32120403158540445,0.5734562980052798,0.0009002078575523807,0.08076547609975446,0.02367398645200903
93,0.10280108408587155,0.7915232592615259,0.0028885008078748642,0.06529294441513817,0.03749421142958959
94,0.2551609886114863,0.5749199870996321,0.0029780985116407204,0.1376706898668863,0.029270235910354603
95,0.08350443127608474,0.8292592620450442,0.006909269529554589,0.05835418694664367,0.021972850202672523
96,0.21260016701813994,0.5920275447858306,0.00522236173500927,0.17055875926403496,0.01959116719698527
97,0.12124919340925687,0.6126858714548603,0.003960041029760311,0.24500837760323177,0.017096516502890832
98,0.3157582965266239,0.3098385354899888,0.0008161777147323366,0.30652371493375025,0.06706327533490465
99,0.11691361175382589,0.8025527782102344,0.0011474765708045205,0.03263486782936674,0.04675126563576844
100,0.10393697640451643,0.8552719806006965,0.0015802778397787745,0.01886668790467067,0.020344077250337485
101,0.2444262116318405,0.691155970959226,0.002304321429360481,0.04714908523478357,0.014964410744789597
102,0.01987928262068668,0.9340375492373517,0.026879688318373063,0.00383135544742854,0.015372124376160128
103,0.17567437966658891,0.758658309912462,0.005387354842992257,0.04364842208219817,0.016631533495758685
104,0.07510178436861653,0.8741233305856999,0.02337873789310356,0.01112418894246983,0.01627195821011039
105,0.10414976390416322,0.8388491902307743,0.013777360573164244,0.01783968287499912,0.025384002416899115
106,0.06066600754362964,0.899490913332486,0.011274104754855716,0.014940237195840356,0.01362873717318826
107,0.04789656203655368,0.9030295815846955,0.010099899412736445,0.015510042455845528,0.02346391451016881
108,0.16562265506193896,0.7926014293563861,0.0076050319833294786,0.02461093522717454,0.009559948371170945
109,0.06158082257538809,0.8632826553445664,0.023075074424070828,0.020530547701447695,0.03153089995452695
110,0.15687390921012773,0.8124707936167181,0.009024185499054973,0.011924212554174448,0.009706899119924737
111,0.11517083745099056,0.8411789515584861,0.008195942634989893,0.025533314035697034,0.009920954319836445
112,0.19129976729632953,0.7677310745332535,0.007927394127290434,0.025551850729929538,0.007489913313196907
113,0.04593208429623508,0.8925277542789013,0.020295577296636075,0.017070957665296687,0.024173626462930763
114,0.18648511146055743,0.7145418434683038,0.01115191460840756,0.06861341777039993,0.019207712692331257
115,0.05009366769928186,0.8973615717156772,0.023896346236440477,0.023471430497343453,0.00517698385125699
116,0.21973305338066756,0.7228956327142064,0.004578850718927991,0.043187325515772805,0.009605137670425302
117,0.05450615134991517,0.9033103895721477,0.011550608434031311,0.024866248410638114,0.005766602233267632
118,0.050790039190459525,0.9054791786925682,0.01878818969435526,0.016002446054816436,0.008940146367800533
119,0.05731709820494764,0.8541334601381276,0.04120919218036948,0.03436724567267587,0.012973003803879436
120,0.09826411216365352,0.811005892277597,0.020260929143350787,0.05784292226284235,0.012626144152556393
121,0.21504213249743903,0.7195734156669581,0.0043917290443657685,0.036444464694868055,0.02454825809636909
122,0.3714679922208441,0.5447900605106232,0.0018891836904483647,0.055953505665341643,0.025899257912742512
123,0.05697766241053465,0.879156568700958,0.02016191739375002,0.028633655061610357,0.0150701964331471
124,0.20548774341415665,0.726559342321293,0.005273561143830137,0.05076746732043648,0.011911885800283448
125,0.1292528348039422,0.8199307238107253,0.006507227269065456,0.037136648305902804,0.007172565810364301
126,0.11921661966862093,0.7962170784465133,0.006975479478448207,0.061170430237707345,0.016420392168710194
127,0.11946791348696033,0.7449329812220878,0.0059556874945343105,0.12084447955344177,0.008798938242975911
128,0.042609956148281045,0.8651954968578236,0.047479657820285785,0.03289918936539935,0.011815699808210223
129,0.22476502217509475,0.6879030320335179,0.005184505512846957,0.06369320732131453,0.018454232957225886
130,0.08955564136290486,0.8570467917751196,0.014095475839395136,0.02782035243475045,0.011481738587830057
131,0.20622265688840516,0.6851907553408695,0.004002934768004951,0.03755082286616535,0.06703283013655498
132,0.5620565604549128,0.3075765760194913,0.0009181752460195215,0.08539507889736478,0.04405360938221157
133,0.190327715103447,0.7615213528172632,0.0023140637351826204,0.04088962867684828,0.004947239667259098
134,0.0761769472273825,0.9026856153551758,0.0027200080861702444,0.00909559748999394,0.009321831841277696
135,0.06956930151205946,0.8815751056695889,0.015964945941081183,0.017466284137967764,0.015424362739302712
136,0.05194182756509485,0.890884989946862,0.020818643202704355,0.020655372942192003,0.015699166343146713
137,0.21757967793239522,0.6302592420099034,0.007070954507683918,0.0840452905749393,0.06104483497507819
138,0.13650797772567153,0.7928811176099776,0.008284100811947245,0.05146337053449239,0.01086343331791127
139,0.09457424880519004,0.8073899921524688,0.01529212430715053,0.06782200112616855,0.014921633609022333
140,0.2797316175016166,0.6266534826892637,0.0012077218626650155,0.06266416884206849,0.029743009104386174
141,0.06846397028261299,0.8457429758724377,0.004991249248143469,0.06235976777331558,0.018442036823490236
142,0.09300973841888327,0.8379502252396605,0.0038254219535878323,0.04553200938000243,0.019682605007866078
143,0.21083774863624544,0.6691268213476599,0.0038927974562306543,0.09155026308377119,0.024592369476092873
144,0.05875779834556579,0.8425668706471752,0.030540204841701116,0.041699845843912266,0.026435280321645726
145,0.34029650308593384,0.5695300297383991,0.0025410615674119883,0.0652100995340032,0.02242230607425196
146,0.08553131036583776,0.848296805952388,0.010512056542385234,0.04057513267695987,0.015084694462429115
147,0.22454924221400224,0.6786715086016546,0.007042922687236705,0.07638803934542711,0.013348287151679381
148,0.031942258692882114,0.903935903777338,0.013845937998637543,0.04679883256074222,0.0034770669703999384
149,0.2603430321781092,0.5652821306839437,0.002263619826927737,0.16078245082439532,0.011328766486624012
150,0.09901526012259777,0.8400743583735952,0.003646163484096323,0.053247017645177544,0.004017200374533195
151,0.03916544905021563,0.9139771991400142,0.018566338874752192,0.020969447214554657,0.0073215657204632025
152,0.18111331635294722,0.6907388591110584,0.001984734095013217,0.12044568470004073,0.005717405740940553
153,0.10202607507416737,0.7085608110903118,0.005846710828100981,0.1790934679313407,0.004472935076079136
154,0.2377865227858223,0.6842755934080881,0.003218631477634107,0.0473236687209456,0.02739558360750996
155,0.13311378652458636,0.806903997068266,0.0030275700510739205,0.04930929989035691,0.007645346465716685
156,0.08230868585246504,0.814751057633246,0.0064870064693287035,0.08918222145454067,0.007271028590419514
157,0.06162070443203641,0.8418598409838302,0.006720915126506964,0.0759487956847108,0.013849743772915831
158,0.13024335820874033,0.659988825729824,0.002182651828754272,0.15710178963374946,0.05048337459893186
159,0.04517204330401176,0.8708102030769428,0.01487841038766459,0.05596809634567831,0.013171246885702636
160,0.22443251167894646,0.3683755189553172,0.0032154340692192173,0.2204717585511143,0.1835047767454029
161,0.36557560132972877,0.05325602831015922,0.0001684672642571148,0.13073771946159665,0.45026218363425824
162,0.42444571697837274,0.2789969187598147,0.0003718134021637016,0.18671224358498004,0.10947330727466886
163,0.5469116984464298,0.16590948905855224,0.0004105269631606365,0.20056066517152182,0.08620762036033536
164,0.19777056905606316,0.6995310206362633,0.0020929825350771963,0.08225403885193965,0.01835138892065667
165,0.23197264346008306,0.49401284699368364,0.0012228530821648336,0.21654262589865486,0.05624903056541349
166,0.4397382641882742,0.08441733985101582,0.00022835122842218775,0.29480987286547833,0.1808061718668093
167,0.4165164894198985,0.15611963923933614,0.00025598809377929755,0.3614134182280465,0.0656944650189396
168,0.4562290540715858,0.3329312193398029,0.0006285305396139918,0.1482040945079603,0.062007101541037085
169,0.2479777129699879,0.6475202435534745,0.0021645917649157544,0.05701192728990927,0.04532552442171259
170,0.15054914867946834,0.6472547603978975,0.0032015482294498647,0.13798271422750455,0.06101182846567965
171,0.13807036856681723,0.6570534754056427,0.0037090109079458925,0.18186114485359073,0.01930600026600329
172,0.12542070665227073,0.5481759856825024,0.005278233343145943,0.28913211731506,0.03199295700702106
173,0.1714912029890763,0.4959632778516608,0.002223903693581571,0.3115023079318198,0.018819307533861355
174,0.3604575480102053,0.11849599193710661,0.00019879979717694202,0.4826075039347004,0.038240156320810764
175,0.047929031396632814,0.7941367844060916,0.0027223121185557466,0.14836452630055835,0.006847345778161552
176,0.16998273321676355,0.6243502401182337,0.00041669639004740516,0.17761413989655675,0.027636190378398654
177,0.08050448209399065,0.8066917849674943,0.0005467269125183398,0.10409406574354449,0.008162940282452336
178,0.06338861707577782,0.819646020912663,0.0009882083213436069,0.09766885982266472,0.018308293867550823
179,0.1449389083512415,0.7053884931783156,0.0007367590955478247,0.14004545395149892,0.008890385423396149
180,0.05875101707118567,0.8363683498048506,0.005127145920701621,0.09018927697921277,0.00956421022404932
181,0.12627490799672333,0.7092883510333815,0.0016136426601890137,0.1590766247095531,0.00374647360015304
182,0.18952850222548803,0.5831018964098614,0.0008031200369372809,0.21979407354074074,0.006772407786972561
183,0.05547716640707546,0.7906903373360905,0.004851259225485495,0.13844957053162243,0.010531666499726014
184,0.12437438833091961,0.6238264271372138,0.0019199434533318843,0.20641397927425842,0.04346526180427616
185,0.27490766482345824,0.4206529956444597,0.0011906446050963598,0.2842998923352734,0.01894880259171238
186,0.10280361886578768,0.7463088497798376,0.006531986105995265,0.13361940406349648,0.010736141184883178
187,0.25129512697537976,0.16260559749984818,0.0002618687973057586,0.49193486509969775,0.09390254162776865
188,0.12461563464743143,0.604815698553936,0.0008886335509177945,0.2593238559484509,0.010356177299263943
189,0.0645511508005132,0.7762827805223016,0.0015476387694586585,0.14983212429992498,0.007786305607801469
190,0.2661801247031713,0.17199225912613145,0.00021637964092835867,0.36232004476753604,0.19929119176223278
191,0.1191117400106808,0.5809030200221896,0.0015076436900491462,0.2827652220789327,0.015712374198147746
192,0.23951983493727375,0.5350763307906672,0.0008757795389900469,0.1892204008697776,0.035307653863291454
193,0.1584295359006247,0.6761027350406469,0.0013346380045878758,0.14501389454894537,0.01911919650519515
194,0.12297792243367009,0.7275890542841605,0.0038181237312446947,0.1047841274252087,0.04083077212571599
195,0.36276968580745694,0.21614357768871542,0.0002955696626882538,0.36033049352025415,0.060460673320885346
196,0.07548542095708745,0.8885264611339164,0.002042295082009734,0.026128793987844467,0.00781702883914188
197,0.20924210743641847,0.7190091719824601,0.0008762210499135732,0.0370758851118635,0.033796614419344305
198,0.3484315214379529,0.47665079074686684,0.0010483805098574466,0.1576287009261032,0.016240606379219685
199,0.022711642041277347,0.9295790957787418,0.03556971977567127,0.007358647467793592,0.004780894936515981
200,0.3065547915946879,0.6368192945949165,0.0016337341919285579,0.02191760776577166,0.033074571852695175
201,0.0541725459064656,0.8998882426585049,0.03121614937509374,0.01102676636341508,0.0036962956965205613
202,0.06512112359743098,0.8512944350383246,0.028872723404960523,0.014331061669608689,0.040380656289675076
203,0.16846053485829757,0.7766677889714276,0.019443785529460647,0.014745284770318473,0.020682605870495686
204,0.10070443389919839,0.8242291330690308,0.0327852039354021,0.03186726351656781,0.010413965579800812
205,0.4710280498835342,0.3164603143774164,0.001352535720113306,0.11993152808509457,0.09122757193384161
206,0.08510705180050823,0.826806916361161,0.014939099638477043,0.030726080828759696,0.04242085137109401
207,0.09744479489695314,0.742582571244261,0.005174565438093314,0.1473480571160706,0.007450011304621986
208,0.16016693712633887,0.41435253786107695,0.0006284090905600696,0.40856909433805416,0.016283021583970013
209,0.17913202340102088,0.17241884985627276,0.00015429312873424514,0.6191030620137381,0.029191771600233975
210,0.20298124992418004,0.561133004056498,0.0009829821190465039,0.21157722674270882,0.02332553715756659
211,0.06222866789767023,0.04249706742774003,0.00022160015748778016,0.01943657665904821,0.8756160878580539
212,0.5209373229422792,0.0388852133935307,5.3045307268422516e-05,0.05863078685532014,0.3814936315016015
213,0.5777346530568875,0.25291525623936284,0.0004543102265131018,0.07069944490630943,0.09819633557092702
214,0.20555642131742535,0.6377417570536495,0.0014008795604916952,0.014330016591660957,0.14097092547677242
215,0.13822743597188406,0.018701794505405715,0.00018769180382822667,0.06027597411811889,0.7826071036007631
216,0.017073293982088206,0.008723355976464868,0.0009505981859283683,0.0002725721293028489,0.9729801797262156
217,0.007842804090646353,0.0033251547161724923,2.5954971507717768e-05,0.0005769884119658309,0.9882290978097075
218,0.002124094368566198,0.006392374131437003,7.144831905910072e-05,0.0004150536140987812,0.9909970295668388
219,0.0011708059765090915,0.002862348775888624,3.360120629315199e-05,0.00023102337270624948,0.9957022206686029
220,0.0015296466836602,0.003332911443389618,5.5873771341369026e-08,0.00018642818862607565,0.9949509578105529
221,0.0011732963872818235,0.015368285186350484,6.087084828686328e-05,0.0002637629964226959,0.9831337845816581
222,0.03139876875019669,0.2562722260756342,0.0005541733371343373,0.0046028026189149675,0.7071720292181198
223,0.037365054098175025,0.0054232465957196,0.0006270724198463468,0.0031216437317623854,0.9534629831544965
224,0.01970160258659923,0.0017714870082457931,1.980541928833189e-05,0.0018274681372386348,0.9766796368486279
225,0.040263331638248544,0.0023467777743901666,0.01711858420275762,0.0024888780942151174,0.9377824282903886
226,0.022478532614747696,0.0015079268964032456,7.814719523451923e-06,0.00239249134269239,0.9736132344266333
227,0.06784144179498025,0.01623511316372645,2.0619986565803898e-05,0.009384637353225587,0.9065181877015019
228,0.006245238038442423,0.0013465690069943941,5.3173400776483405e-06,0.0037598972898883858,0.9886429783245972
229,0.007145624834363447,0.0011112573842217116,1.4270359149873676e-06,0.004488552005514064,0.9872531387399858
230,0.007738206777744737,0.001194095551910246,2.2898795800325285e-06,0.0051297089224583954,0.9859356988683066
231,0.013919308378556804,0.0010638110269156759,2.437186855639109e-06,0.007506270444082705,0.977508172963589
232,0.005039850192664091,0.000751573430849045,1.7233305528285653e-06,0.0065049857066348145,0.9877018673392992
233,0.00967956008844796,0.0009275482833046205,2.6183200327962794e-06,0.01218464691030566,0.9772056263979089
234,0.024720103078967562,0.001491752877649196,3.7833484934501793e-06,0.017911608389332576,0.9558727523055572
235,0.04726011622666287,0.003178053219523147,6.0332605695983796e-06,0.028037740988712968,0.9215180563045314
236,0.016618051777623728,0.001044425157125848,3.807239104312398e-06,0.02068859152775418,0.961645124298392
237,0.07605022200331839,0.0032243555109365864,1.1480445476472591e-05,0.04352844639993554,0.877185495640333
238,0.08559452119703005,0.008358122134232603,1.4022783007981785e-05,0.06684709760839518,0.8391862362773342
239,0.02322832996489947,0.002515589028557747,3.97050789656296e-06,0.033590021315358064,0.9406620891832881
240,0.01763698065600662,0.0013776305698166658,3.5644971818333027e-06,0.03663540684082809,0.9443464174361668
241,0.03652552495761448,0.0033474111518996333,8.188809607342916e-06,0.03018009649244171,0.9299387785884368
242,0.039718512128145825,0.0028288813162874234,7.5986075864824875e-06,0.025841892965230345,0.93160311498275
243,0.012366315125134593,0.00132386980109477,5.635228595602689e-06,0.01642498528547854,0.9698791945596965
244,0.017817824867486145,0.002435626349747563,4.824563134911131e-06,0.01819689564171349,0.9615448285779179
245,0.010921149735062415,0.0014357605838542645,4.391144450793946e-06,0.012955908125619047,0.9746827904110135
246,0.04412936621033869,0.003291596105130058,1.3514277708272883e-05,0.02047311228645375,0.9320924111203692
247,0.005949519212518665,0.0007700404619031585,3.7170565343924986e-06,0.007480626690778639,0.9857960965782652
248,0.004025356319724081,0.008815992815838149,0.00041372821923978765,0.003379595544239227,0.9833653271009588
249,0.006524673130839603,0.0017091046025407817,7.477215515838199e-05,0.0015985356204607892,0.9900929144910005
250,0.0057877919828484645,0.002080152600589147,4.7131215694235354e-05,0.0017079200373086559,0.9903770041635594
251,0.0058136778832617204,0.0011669681522903494,3.641365444911711e-05,0.0009331314259263292,0.9920498088840726
252,0.007542670293078832,0.0022289163502111496,8.157086165042032e-05,0.0013516612518493915,0.9887951812432103
253,0.010707205151362803,0.0022790316199610074,5.6126887929404134e-05,0.0012163308838958147,0.985741305456851
254,0.017029878546655823,0.001992679399698231,4.8775323767798704e-05,0.0012173900762838257,0.9797112766535945
255,0.018429477734618126,0.0039358935680210766,6.302322239723779e-05,0.001652505233801145,0.9759191002411624
256,0.011447708858644337,0.0030128100478870566,6.443238407656685e-05,0.002056440918329838,0.9834186077910622
257,0.011867055149633819,0.0020845911938391025,4.9542772327371064e-05,0.0014903009557971337,0.9845085099284027
258,0.022759547100621995,0.003147028015774543,0.00011232844533975064,0.001993703566143628,0.9719873928721201
259,0.04972462709888497,0.0050265008425341585,0.00021377934531870358,0.002322979500519196,0.942712113212743
260,0.0085753203973111,0.0016419668547157597,3.851865123273658e-05,0.001590101315258706,0.9881540927814818
261,0.03092523975002871,0.0033262255586328634,0.00012052918127733187,0.0028610897189521515,0.962766915791109
262,0.0264855005023697,0.0028967924828214382,0.00016278125509865138,0.003251776178727738,0.9672031495809824
263,0.009494286494392629,0.001747375215511627,4.46273106843295e-05,0.002321165770019286,0.986392545209392
264,0.0070890137371394605,0.002643621158101024,1.7059488234239676e-05,0.002286905682564792,0.9879633999339605
265,0.025426323968054863,0.003017743516324098,6.407968173696569e-05,0.0027011276882200528,0.9687907251456641
266,0.05292829781072473,0.004110114517042075,0.0002666944673750148,0.002898388110490935,0.9397965050943672
267,0.07096188349538175,0.004820929277346015,0.0002542249331361089,0.004882328344678479,0.9190806339494577
268,0.06460478774392257,0.0066029735118250344,6.67628601118949e-05,0.005033726684930838,0.9236917491992097
269,0.05290902993322909,0.005159800444151528,0.00026412909579402646,0.005415053321491316,0.936251987205334
270,0.0259577869668195,0.003145959558616953,0.00010086874525525933,0.0024170099531939443,0.9683783747761144
271,0.01496722284646703,0.0016554087926487757,5.713239547831285e-05,0.0031509852337612766,0.9801692507316446
272,0.009539634089688331,0.0015481047530963262,6.754821397132389e-05,0.0032521538480906245,0.9855925590951534
273,0.027793118411415258,0.002493164727522507,0.00023773422477376514,0.0042604443480186984,0.9652155382882698
274,0.029016670705885806,0.0037825822964306357,0.00019278508226958582,0.004436749343638585,0.9625712125717754
275,0.008394741554002843,0.0024037234696841613,7.300650641873415e-05,0.002721801929737679,0.9864067265401566
276,0.004720646837834417,0.0015279241556602529,3.367418656875228e-05,0.0028094199927863306,0.9909083348271502
277,0.003187241072854158,0.0007199575826263024,1.0142575466684917e-05,0.0013649372741340773,0.9947177214949189
278,0.009118627666422892,0.002065763067949406,4.1860066505517004e-05,0.0023465809741134557,0.9864271682250086
279,0.005621880755813093,0.0010795672315086374,1.176798329453122e-05,0.0020426617232292034,0.9912441223061546
280,0.01082429080508656,0.0016893673715277714,4.50923812988514e-05,0.003051880649627058,0.9843893687924598
281,0.010694202400474867,0.002655086269139909,5.3562534900077105e-05,0.0037071972355128447,0.9828899515599723
282,0.013584448358528367,0.0030526387857369793,4.044864765401862e-05,0.0023711231717571408,0.9809513410363234
283,0.026934340057589927,0.005052784644180531,2.6163706586093865e-05,0.0035488558988907818,0.9644378556927528
284,0.033260359049219784,0.007580326151632511,0.0001349490356375904,0.006538606829451364,0.9524857589340588
285,0.022189317779589962,0.006800102514267861,4.394357704914434e-05,0.0147861380128604,0.9561804981162327
286,0.004635086008005614,0.0011338830651597097,8.516785694655503e-06,0.007690285007217543,0.9865322291339225
287,0.005087252734319866,0.000822387491796412,4.778468896157239e-06,0.004520469226062317,0.9895651120789252
288,0.01911539253415389,0.0012037808182672602,7.55133969380267e-06,0.006360356037243549,0.9733129192706416
289,0.007696920546734455,0.001271881334694008,3.350222551133555e-06,0.009516638189771389,0.9815112097062489
290,0.06465918853321775,0.0050509623866048505,1.4040446323529546e-05,0.023349644835635185,0.9069261637982187
291,0.12317583787243237,0.011352821366240096,3.0381873787586597e-05,0.030690784782135244,0.8347501741054048
292,0.02099023806035582,0.0033440612288589016,8.069539036480069e-06,0.01991568983948655,0.9557419413322622
293,0.07230811848331128,0.026490503100720486,3.6401927352252124e-05,0.05008987519255435,0.8510751012960616
294,0.00820016113145788,0.002697439889585225,2.861863409596482e-06,0.012169903433973615,0.9769296336815737
295,0.033792862697781784,0.004099887451096092,9.16609986116137e-06,0.02763764908678929,0.9344604346644717
296,0.01668625668400209,0.0030647935617234856,1.391363693301677e-05,0.020557484787595323,0.9596775513297461
297,0.021029959493801292,0.0019096191915669895,4.140066560957758e-06,0.018401441391888575,0.9586548398561822
298,0.13919647994306447,0.010090690173202674,2.3839375996675794e-05,0.056527971847647324,0.7941610186600889
299,0.007810979212093739,0.0015452115830173248,3.8857101533972184e-06,0.027609344071728346,0.9630305794230073
300,0.012368569529311925,0.0017172549256167103,3.57420717074452e-06,0.018824854577757517,0.9670857467601431
301,0.03466242264930437,0.005822457477089098,9.646636326158487e-06,0.03794209179705808,0.9215633814402224
302,0.006718738997866457,0.0020309981078175596,1.7811769463269395e-06,0.013173050166184388,0.9780754315511853
303,0.005479025800810088,0.0019079184124852285,2.299672646747062e-06,0.008624420949723597,0.9839863351643343
304,0.06931850996860756,0.014801530096007749,4.6811373004566914e-05,0.008855617459951262,0.9069775311024288
305,0.0029228875326532183,0.0014649592684971096,3.1976254573015107e-06,0.002481423162382141,0.9931275324110101
306,0.0048741407694026335,0.0018137153265761119,7.943128738130421e-06,0.0028142460322701174,0.990489954743013
307,0.008180300290416397,0.002836801640754276,1.1008462789729277e-05,0.003283303951539142,0.9856885856545003
308,0.01135990769827121,0.0035181621872274597,0.00012623506965194384,0.0022153196664877234,0.9827803753783617
309,0.002948715492651324,0.0005599005084717563,6.637804071236736e-06,0.0015510224354049482,0.9949337237594007
310,0.0029912451194728175,0.0008851729406930593,1.8663156758024625e-05,0.0013228971463917216,0.9947820216366843
311,0.009969919825175106,0.0008801013115981418,5.4688159582857524e-05,0.000939730502280072,0.9881555602013637
312,0.022179442516647302,0.0014771532258343939,6.97021457026411e-05,0.0014086426398275925,0.9748650594719881
313,0.003133631413425056,0.0010055388194220745,2.400614058497451e-05,0.0015515396654071827,0.9942852839611607
314,0.01173271872508791,0.000892737813678169,5.6334563615388355e-05,0.002014601062837034,0.9853036078347814
315,0.008864051214525338,0.0009879285605268746,1.5613063750574184e-05,0.004712993288649746,0.9854194138725475
316,0.008279999794641564,0.001094250633147878,1.5700745866304604e-05,0.004674938847005561,0.9859351099793388
317,0.20947731644109632,0.009857449728506572,0.00013534555757494982,0.03467769768667637,0.7458521905861458
318,0.021861228320551814,0.0032165568021224502,1.2669765508961848e-05,0.017843230283013354,0.9570663148288033
319,0.017365414121497825,0.013402238376997841,3.340723181379027e-05,0.015766899801625447,0.9534320404680651
320,0.010397461009370123,0.0029788664892896463,1.0599515988599232e-05,0.011757597651402234,0.9748554753339495
321,0.011796669807373953,0.001484844097091173,6.6190610643704686e-06,0.00781400423112468,0.9788978628033459
322,0.0074810122654974,0.002565258860339398,9.79537540395265e-06,0.005192824978345361,0.9847511085204138
323,0.024816904740479723,0.0025468806448598006,1.1878320592824132e-05,0.0104563264470287,0.962168009847039
324,0.04257281605984896,0.003432492571897877,1.581467872020527e-05,0.014261159142712527,0.9397177175468203
325,0.14073473503786046,0.0126339349091526,3.8338832611440444e-05,0.032588292482018534,0.814004698738357
326,0.031344590905165164,0.0034271092632916908,1.7324927341897434e-05,0.048266173254753776,0.9169448016494475
327,0.05982533166871793,0.008517593537623262,2.4881703953144452e-05,0.16925564679396135,0.7623765462957444
328,0.30452768465962415,0.014969817297156148,3.9726477387112783e-05,0.172282901066002,0.5081798704998306
329,0.3883605850956368,0.016381137391440575,6.379950300657958e-05,0.29215061904667083,0.30304385896324526
330,0.25208083944304166,0.03415037413607857,6.669533628524636e-05,0.5021444538388489,0.21155763724574567
331,0.2835795439667757,0.03154537023529738,0.00016456978173099647,0.5606056487513398,0.1241048672648562
332,0.3122347059198592,0.03616795386558463,0.00012183847357327621,0.5061835239429704,0.14529197779801248
333,0.29367048487901354,0.053121568660201665,0.00011669919718391513,0.5226721994235057,0.13041904784009506
334,0.3944758674818089,0.05711514439885661,0.00013156149676128357,0.5126299967681498,0.035647429854423436
335,0.47911791547240073,0.08316757832280985,0.00026565435214133604,0.3836772379436363,0.05377161390901178
336,0.13844757439612948,0.29251279004853864,0.0005881677629439823,0.5538902576605075,0.014561210131880416
337,0.109463723146978,0.12681745634436964,0.00018943066478984495,0.5640833472479587,0.19944604259590373
338,0.21017117703261665,0.16768441848652557,0.00029529392191718877,0.5842784063812306,0.037570704177709975
339,0.20085172438334728,0.21819611814197615,0.0006890252970512289,0.5637732208074431,0.01648991137018216
340,0.23033103645295833,0.1272718956664843,0.0003486570342466856,0.5485738391687934,0.09347457167751712
341,0.10355101978822884,0.3248618818131342,0.0020850182488482195,0.5460900255836406,0.02341205456614796
342,0.294662475172263,0.25550303698033017,0.00733973262214583,0.41029689822140164,0.03219785700385943
343,0.26917312016230116,0.2954547637729637,0.01221128230307149,0.4100646157395912,0.013096218022072401
344,0.17898927442938387,0.48479129497168294,0.06807125998943947,0.21390117399360525,0.054246996615888485
345,0.22477899502325624,0.5557232740392618,0.040509012268845186,0.1467448738314436,0.03224384483719318
346,0.3755567954092942,0.39631383064838716,0.03336418856492504,0.17273696820207288,0.02202821717532083
347,0.2589171810568433,0.6135197051291668,0.0601897874462771,0.05502913930605384,0.012344187061658895
348,0.2612788583597486,0.37501861905452705,0.007577025968242017,0.3376970422254707,0.01842845439201171
349,0.13486178989463352,0.7080079540931816,0.008222554193132834,0.13838038062202207,0.010527321197029964
350,0.3570558237093409,0.4888562210597772,0.0039384180171540065,0.12217521644008117,0.02797432077364683
351,0.2866311726239606,0.4685778875845017,0.004468883683298984,0.2293863011590729,0.01093575494916574
352,0.12092836007171738,0.7953549743194835,0.01037297973584464,0.042601782664046906,0.030741903208907715
353,0.05436462305403412,0.8956510420575055,0.020412967463624046,0.020321797612882928,0.009249569811953424
354,0.3652427149612173,0.520683170727238,0.007988794058888688,0.08313370924704395,0.022951611005611973
355,0.13349939760219834,0.7907243154408297,0.018273986560377084,0.03945151713379806,0.01805078326279689
356,0.3082343492445267,0.5344090600691246,0.013804797696377371,0.08063475274629948,0.06291704024367198
357,0.09344072609705822,0.7645047651064834,0.029972997644203782,0.07131230740752686,0.04076920374472792
358,0.2727284799010051,0.6280043423747823,0.016923517438030274,0.06666096894292937,0.015682691343252866
359,0.10534915648132023,0.770005513658713,0.015473640438364685,0.07360052124580935,0.035571168175792776
360,0.36574994058911076,0.4388843822108976,0.01173406733558443,0.15864970110706245,0.024981908757344816
361,0.1467437588843002,0.7241545984193637,0.03753647550553721,0.052706851982397156,0.0388583152084017
362,0.35942153815757893,0.4514255659589681,0.025045058366292693,0.13306944829323575,0.031038389223924354
363,0.23195772880755589,0.6220784725812829,0.025242010949195617,0.0824614062734974,0.03826038138846829
364,0.26941168360775003,0.5674308977439086,0.014887955256538214,0.11719604209131627,0.031073421300486785
365,0.11914077103195342,0.7937261422213814,0.028221442195667308,0.04824656150882335,0.010665083042174435
366,0.2879197406535696,0.5570489824103829,0.0077682321168341395,0.12415205646481592,0.023110988354397313
367,0.09361337849709034,0.7569979093911527,0.02193724802200582,0.10710411354294859,0.020347350546802468
368,0.30556758855764793,0.44723810446131146,0.010845776492225685,0.2008612674991023,0.03548726298971256
369,0.11068776924052559,0.808480651135164,0.01441663951132966,0.03400141759495048,0.0324135225180304
370,0.5203578182448331,0.30476405650423777,0.0030845068152038995,0.12691465915994293,0.04487895927578237
371,0.25854207421566744,0.6136428868801858,0.007017865412386843,0.06304129325655063,0.057755880235209486
372,0.37279374704351864,0.3941174741662202,0.011318331520871566,0.09278582694042047,0.12898462032896912
373,0.15481543790282168,0.653167501823153,0.017417205279636458,0.0803798123642681,0.0942200426301209
374,0.25276977263481604,0.15865366732039587,0.0020026219915143507,0.04711457241420788,0.5394593656390659
375,0.44547857455401496,0.3518788356090905,0.004863568119211244,0.05969103170458763,0.1380879900130958
376,0.4165216253744536,0.4660796683278277,0.0034534159050223757,0.04685609385257997,0.06708919654011634
