epoch,N1,N2,N3,R,W
0,0.0012296521281652398,0.0004630184470299483,2.1992769340018187e-05,0.00035833365376515487,0.9979270030016996
1,0.0006369177986695122,0.0002768863190527842,1.9131252999423817e-05,6.088413332807108e-05,0.9990061804959501
2,0.0002716814228084257,0.00034583662496094007,1.1534217471004466e-05,4.548000956780661e-05,0.9993254677251918
3,0.000847800643599587,0.0002695452236726871,5.884132017446185e-06,0.00013810357892823292,0.998738666421782
4,0.00041583258457632993,0.00038425661086278963,3.047944912799901e-05,5.9886814194011984e-05,0.9991095445412388
5,0.003373065515200794,0.0005034008973840962,1.7626747526945448e-05,0.00021491665389608856,0.9958909901859921
6,0.0742831014212673,0.0034925386975868,2.376397473047184e-05,0.0009965699038574668,0.9212040260025579
7,0.053078450926944944,0.006191165492624016,4.232392898862613e-05,0.0007695250613165138,0.9399185345901259
8,0.3870242235855786,0.010014539309638935,8.865413319130896e-05,0.0020862649187853113,0.6007863180528058
9,0.3783368740856876,0.17984195081690982,0.0022332262638221348,0.007112128733594869,0.4324758200999856
10,0.27823609480495676,0.41450997439534715,0.007211272903437385,0.017643751145940502,0.28239890675031826
11,0.08046621697358758,0.6272062473387479,0.010868395038455951,0.005826324963436598,0.2756328156857721
12,0.05309565847696139,0.36764166618107236,0.027703249646136033,0.0011883561754596071,0.5503710695203706
13,0.0278839542784622,0.49333688286895805,0.011172619625887918,0.0008600697828031889,0.4667464734438886
14,0.2788179967066173,0.21994255995064055,0.0005994379293713622,0.01174054531262513,0.4888994601007456
15,0.011437981063419055,0.01278582712069247,0.0012978386874872385,0.00044928000797710854,0.9740290731204242
16,0.3736866059760012,0.025069249933617282,5.260757714332934e-05,0.0051017954978620364,0.5960897410153762
17,0.023659653562131313,0.004256021394567009,0.00011051349127103468,0.00031175643543539645,0.9716620551165952
18,0.0008721588580602297,0.00025513837723075105,6.183350762130692e-05,2.878593933291173e-05,0.9987820833177549
19,0.0011476292917293623,0.0005334636416956019,0.0003113685978284681,9.77737061325328e-05,0.9979097647626141
20,0.15310835251011687,0.005146990886585801,4.803056147564594e-06,0.0018650097393514697,0.8398748438077983
21,0.3247466014775108,0.03479882721722141,0.000146120685349004,0.004084592762740634,0.6362238578571782
22,0.06700314514526673,0.06212894002837482,0.0018199897957090468,0.000701944567425574,0.8683459804632239
23,0.19421322282534817,0.694297676274886,0.003504805697881342,0.010801954608593055,0.09718234059329127
24,0.14117947568848424,0.11366040206264451,0.001032653040529966,0.0020704717507482374,0.742056997457593
25,0.23536578634129288,0.666828999197721,0.0034349111068263946,0.0038696351000723195,0.09050066825408738
26,0.06943747366938996,0.7779071229867682,0.10908977403162985,0.001364106333632649,0.04220152297857931
27,0.1398977293709349,0.8323697671976463,0.003074296055635975,0.0038357876414785897,0.020822419734304133
28,0.028586338847450096,0.8015562872618052,0.1462641225702542,0.00032730097530991306,0.023265950345180697
29,0.165113651025779,0.7961016094369052,0.0018526431749341155,0.0012524515303132494,0.035679644832068494
30,0.029746859898128718,0.9266246020901115,0.028923817060058744,0.0003366658114030372,0.01436805514029806
31,0.03754014622823581,0.4571784554941908,0.4407909526557941,0.00033895983076703097,0.06415148579101224
32,0.08343249992975758,0.8066958896538702,0.07980948861616707,0.0004059692040295825,0.02965615259617554
33,0.10144406687142943,0.7996196558841512,0.057063581927577926,0.0004516930336453948,0.041421002283196194
34,0.10555948009727767,0.8143375416117355,0.04714916736366828,0.0007946770004912295,0.03215913392682742
35,0.03253428567699235,0.7958296534829499,0.11021193374581362,0.00028847471951634374,0.06113565237472801
36,0.09242023428429362,0.7980447529930681,0.05704813891606967,0.0008425559329282053,0.05164431787364027
37,0.0793666411826826,0.597093055566077,0.20491846849531686,0.0006618308434106049,0.11796000391251311
38,0.09329517702652883,0.7101890656404796,0.17364738319753295,0.0006040122433496554,0.022264361892108796
39,0.05060086598801805,0.43133000843573155,0.5019390184091349,0.00036442341447922514,0.01576568375263633
40,0.10720896818001831,0.7929180119411106,0.0868778529813047,0.0004713797795312651,0.01252378711803525
41,0.039944476424961906,0.9133860906694219,0.03907352097683233,0.0004031292094930184,0.00719278271929064
42,0.02071557610225289,0.7536403774995288,0.2193872336249613,0.0002518911181963866,0.006004921655060683
43,0.01907129594617101,0.4034907421354041,0.5730086860864521,0.0001015950493263448,0.0043276807826465305
44,0.018020992852519173,0.6915088467395384,0.283704655601588,0.0002495018316177292,0.006516002974736687
45,0.011652373840945633,0.5924336519103925,0.3893742770754471,0.0001977206151638546,0.006341976558050922
46,0.017157969843362826,0.5695578249856144,0.4049069938278375,0.0002560732353982358,0.008121138107787059
47,0.03432835339346679,0.4700422159991641,0.4833917968938914,0.0003555576185398249,0.011882076094937829
48,0.009348422366261166,0.28660825544827784,0.6973573863273193,0.00014371399748583488,0.00654222186065579
49,0.013744079498971733,0.4821533351057093,0.49808727023628874,0.00026458168621839277,0.005750733472811895
50,0.021944983495188582,0.2449233660943448,0.7174528199248192,0.0003264184615652808,0.015352412024082135
51,0.01880956579399361,0.27666701403899446,0.6926878002996939,0.0001911572122921018,0.011644462655026045
52,0.13296034327044282,0.6786942413520453,0.04034563724843739,0.0005610971974082606,0.14743868093166623
53,0.05249479232965494,0.7496351095053843,0.18546013702797995,0.0004597283914016917,0.011950232745579312
54,0.037698777733084,0.7938687997669079,0.1586289938247416,0.0002986732207581512,0.009504755454508297
55,0.03955650127844746,0.7232165945767184,0.2277153948047729,0.00028847066760842187,0.009223038672452827
56,0.00752950996741955,0.5995552711146248,0.3857413536634788,0.00017958275341851666,0.006994282501058341
57,0.005934033498726917,0.2792762232967839,0.7095279279599646,0.00011744855263393863,0.005144366691890652
58,0.008125982975251096,0.21342510365754666,0.7691717194047291,0.00020234169933546056,0.009074852263137588
59,0.014188705085627595,0.14713322946223742,0.8306303036662924,0.00016383046635259517,0.007883931319490037
60,0.007628680521476829,0.23325567995193566,0.7487973483083789,0.00011323814182998676,0.010205053076378654
61,0.007140543858572964,0.2686680628862078,0.7104381256176435,0.00018966237896187328,0.01356360525861369
62,0.012096005073281079,0.30419202149617547,0.662181906173473,0.00031909473413437576,0.02121097252293616
63,0.1180516401677758,0.10247043631817193,0.05264200040532156,0.0021262023779662943,0.7247097207307645
64,0.0657472383799034,0.5469319340490031,0.25875685476239374,0.0007747777488699152,0.12778919505982983
65,0.05289607700097829,0.18102404032333852,0.6629782606442266,0.0005181821280491955,0.10258343990340744
66,0.0917442124558472,0.66468275379653,0.09984556060497864,0.0012137676273823673,0.14251370551526193
67,0.007787286328955491,0.08855664603047204,0.8979795460309997,0.00010304556404413182,0.005573476045528443
68,0.005564901549382885,0.11043061019566694,0.8792708743711315,0.00010947211835328015,0.004624141765465539
69,0.011936068430369855,0.29911002640151463,0.676752562501801,0.0004773815438114952,0.011723961122502877
70,0.03601833777219587,0.26996726543762045,0.6773339376275377,0.0006663217665629126,0.01601413739608294
71,0.009456405189299173,0.42092636071028416,0.5644185282969533,0.0004603811269306613,0.004738324676532836
72,0.06036380133787846,0.679503705179778,0.24587512458775138,0.0009380000610417938,0.01331936883355059
73,0.051827715625217645,0.8616300525121591,0.07598288626441135,0.0007641171638274282,0.009795228434384521
74,0.012196755266258562,0.4008417639953117,0.5811890413746168,0.00018519510816943945,0.0055872442556435765
75,0.015935879908296553,0.4869534745448077,0.4868061992054771,0.00028941506972808887,0.010015031271690513
76,0.008186816283961139,0.5576949676108026,0.4246242159229318,0.00034623338626231303,0.009147766796042093
77,0.009956985583253485,0.19076949122044595,0.7877020767023064,0.0002285286275468125,0.011342917866447371
78,0.017452791831821017,0.20636708195996273,0.7169202812238027,0.0004704499968342817,0.05878939498757929
79,0.009142057219237889,0.22533258680850632,0.7550611645686864,0.00027028589869720096,0.010193905504872225
80,0.011183124130386924,0.13658393563570795,0.8413579327247371,0.00017287459887307675,0.010702132910294988
81,0.012680276375225213,0.24250141963145497,0.7257644315330605,0.0003567794635835272,0.01869709299667589
82,0.00624021607002945,0.19267673926109216,0.7927641553821563,0.0002368513978921856,0.008082037888829814
83,0.012620743368941922,0.17810727087184666,0.802648117797956,0.00030119116914550616,0.006322676792109737
84,0.020493601736391743,0.2841157071099995,0.6875568728148009,0.0005232156220579155,0.007310602716750017
85,0.00505565539235869,0.09521740031129015,0.8956258982719724,0.00021791398817916659,0.003883132036199563
86,0.012699437579946097,0.2350464625187378,0.7483373230025345,0.0002839435157895831,0.0036328333829920255
87,0.008213015155041163,0.15548845805136316,0.8320011065751951,0.0002310570662836309,0.004066363152116824
88,0.005051548593689205,0.11102998718758408,0.88078209717837,0.0001488743481366663,0.0029874926922201055
89,0.011867754412323678,0.30120777915780517,0.6822504924271076,0.000365129986561461,0.004308844016202257
90,0.007298294037061266,0.17708745013518865,0.8115348439485567,0.00026398183544813634,0.0038154300437454234
91,0.015694620316764822,0.4333556426324623,0.5445562340443111,0.0007472423014899316,0.005646260704971896
92,0.014770039898352261,0.26237537528006494,0.7156515317876019,0.00039380839104322487,0.006809244642937622
93,0.05925000809838666,0.6934373056351274,0.23628454205423924,0.0027877905742238205,0.008240353638023001
94,0.044309571117753244,0.7644999478727028,0.17550974175619274,0.0020913055749395915,0.013589433678411441
95,0.027752310668054947,0.7526925267681247,0.20763697877737142,0.0009401462535155408,0.010978037532933525
96,0.03830008327778586,0.8555724942100591,0.09604019690755711,0.0010201164806898438,0.00906710912390822
97,0.06952605126585032,0.7230602867995398,0.19644017518250928,0.0015517114399733324,0.00942177531212718
98,0.035535619680527944,0.7802177052845065,0.17575283751592083,0.0010937377757904896,0.007400099743254334
99,0.02584873164264447,0.8648484790475198,0.10235696573304164,0.0011743203813137733,0.005771503195480098
100,0.021461171363416055,0.9301503420215076,0.04339877177760151,0.0012470912035834763,0.0037426236338911944
101,0.03219422048660374,0.5363275907521665,0.4226390179722188,0.0008909521930229752,0.00794821859598799
102,0.032470296070035806,0.7752172836174831,0.17995603689811376,0.0016995780836963667,0.010656805330671015
103,0.14933724651668975,0.6998569202284343,0.11136004344749854,0.013227121961156304,0.026218667846221184
104,0.06613025366927727,0.7525875732122682,0.11988806960821831,0.015766545722057646,0.0456275577881784
105,0.1215362631463107,0.7223201583070513,0.047560319932153615,0.04696354091391571,0.061619717700568705
106,0.18229549091924238,0.6810815792707423,0.008762618306041714,0.09067153230699032,0.037188779196983233
107,0.14991682681908253,0.6387853207367348,0.003174628955104423,0.14623066352713202,0.06189255996194622
108,0.07206312822267466,0.12505663612575893,0.0017638763682008415,0.01905500433905186,0.7820613549443136
109,0.10251594717880529,0.03636536372830442,6.881418446614652e-05,0.12961419507439276,0.7314356798340315
110,0.31970663782674447,0.11509638822951626,0.00012051085862252923,0.32076418691170266,0.2443122761734141
111,0.287439498937673,0.2922055227151566,0.0003768691144364864,0.3853066950228759,0.03467141420985812
112,0.3190950706750779,0.32365490712251044,0.0009594045975551409,0.33142816313391654,0.024862454470939866
113,0.23605611458681516,0.25126445896404176,0.0006152622248250561,0.27346991885457633,0.2385942453697417
114,0.164012817447561,0.2231561535193117,0.00032881796255789235,0.5377735809961227,0.07472863007444672
115,0.1567918830421846,0.09923617888610596,0.00016869613550502048,0.691528833701783,0.052274408234421504
116,0.244511157246118,0.05203814535629847,7.804643177538863e-05,0.19695873501769656,0.5064139159481116
117,0.3813249130748066,0.05332660794827963,0.00018874034361863787,0.5108928670568306,0.054266871576464634
118,0.37195433443368947,0.0907003987195224,0.00018671197542698096,0.3141350582074425,0.22302349666391857
119,0.26487089184474677,0.03056209434027776,4.699575490636929e-05,0.22134224374051112,0.48317777431955794
120,0.05232850759775774,0.002177735538412058,7.639141145758492e-06,0.02100040435804223,0.9244857133646422
121,0.27425255967541473,0.00820584800244751,1.4473601475870824e-05,0.12208738110973426,0.5954397376109276
122,0.15871433931075002,0.020197294284378914,3.9573219256221843e-05,0.06204266383350147,0.7590061293521133
123,0.02345294768212485,0.004240031652431492,0.0005286407935031751,0.006595641857194524,0.965182738014746
124,0.4512281738588088,0.01458688826012639,4.5795851548294895e-05,0.12022816277373394,0.41391097925578263
125,0.48619763502408403,0.03322578503597002,0.00012908986894318453,0.1302876985832048,0.3501597914877981
126,0.07203481486894836,0.002998914188338646,1.1797691320357837e-06,0.0111265704034751,0.9138385207701059
127,0.38401082867746433,0.03128350338287698,0.00014559827355738723,0.4423304424926229,0.1422296271734783
128,0.3465367166070294,0.030753478061395195,8.990288636536867e-05,0.43814381728661234,0.18447608515859767
129,0.23384458830384144,0.08100136149496336,0.0001619821400168405,0.5699585546823058,0.11503351337887263
130,0.2730874159782988,0.06455181348972899,0.00013876240521492093,0.6038313713168593,0.05839063680989811
131,0.1374392681160254,0.015771623527922083,5.694976912643622e-05,0.41117792184454915,0.43555423674237687
132,0.22634957736926944,0.01835907326221531,3.815171267463934e-05,0.7189377135703443,0.0363154840854964
133,0.34792565477254006,0.011913050605008685,1.5161893445813034e-05,0.5443881767137649,0.09575795601524055
134,0.44646069646524233,0.018089994043555747,0.00011511377448672251,0.39103570223630496,0.14429849348041016
135,0.10055601503694614,0.01801641370771796,6.62711837918694e-05,0.8080076189510004,0.07335368112054359
136,0.08727067454833892,0.012203071897117506,8.067999262530556e-05,0.8672940610653889,0.033151512496529374
137,0.09205867832022896,0.009260425411782264,8.977449066222778e-05,0.8554360256035669,0.0431550961737596
138,0.05967946005382972,0.009444474242540175,5.6947403272871804e-05,0.821102125503091,0.10971699279726618
139,0.07852995469337135,0.008493034154892491,6.069224763614999e-05,0.8481053032653343,0.0648110156387657
140,0.17473106997075424,0.02358811778765999,0.00024511321719521514,0.6832628472800594,0.11817285174433126
141,0.05474628324050786,0.009530776045689046,2.371822817617995e-05,0.41330957372345656,0.5223896487621703
142,0.08797185296880213,0.021755220835311437,9.335306622871583e-05,0.8289517221444781,0.06122785098517964
143,0.06317518450865195,0.023314891107193977,5.776389137785936e-05,0.5832808119261008,0.3301713485666755
144,0.056533057638225276,0.0068822466363612856,2.9884515162259054e-05,0.4318264159998123,0.5047283952104389
145,0.14367712530549723,0.01679070590185125,8.781580079547301e-05,0.8018009784370818,0.03764337455477424
146,0.2287392695882668,0.02402724284444914,0.00011952152946658343,0.5722025098793347,0.17491145615848278
147,0.3572242883651062,0.04493973671387799,0.0002969720307558536,0.4667742564586634,0.13076474643159666
148,0.03400696344719872,0.004695249374248172,1.6368603082673752e-05,0.08207479552431839,0.8792066230511522
149,0.1285305749701778,0.004609007948479144,7.099053647631007e-06,0.04459808882783407,0.8222552291998613
150,0.29941426176376346,0.007931861536537394,2.524119005752465e-05,0.07350289706142345,0.6191257384482183
151,0.0011826489304453396,0.00022408592695132945,1.0057157070677885e-06,0.0015128669886217247,0.9970793924382745
152,0.051679451910812677,0.0037699597833081443,9.063620669485328e-06,0.05008805790068709,0.8944534667845225
153,0.0008396961825509092,0.0004249900408095392,2.7307381345266147e-05,0.001237462104859745,0.9974705442904346
154,0.36018135671967394,0.007909073453580643,0.0008961486462646571,0.008099237848815125,0.6229141833316657
155,0.0017054046912385816,0.0004637875675891909,0.00010143887253426115,0.0011211217747399028,0.9966082470938981
156,0.0014140413620311008,0.001264949192794771,4.525505140493544e-05,0.00015900477494559679,0.9971167496188237
157,0.0007539195077981595,0.001088055830025429,3.1034850401234343e-05,4.692830785536019e-05,0.9980800615039198
158,0.005414217859854648,0.002377880610793866,0.00014185072817078816,0.0001227002730243363,0.9919433505281563
159,0.004301766970916817,0.0015372626471653714,0.0001430809876809971,0.00013969880695876414,0.993878190587278
160,0.0009128527123542912,0.0006989770586910434,5.2215547922990025e-08,4.187590860636275e-05,0.9983462421048003
161,0.00948662157480019,0.0009737240980423467,0.0012349267437580392,0.0006372514552942411,0.9876674761281052
162,0.002833500181951026,0.0009316520184539563,0.00013241860315979314,0.000310642252139477,0.9957917869442957
163,0.009139979223389001,0.006386180465840259,0.005036544972021319,0.0009523052280138468,0.9784849901107355
164,0.002588102225960536,0.0024206713778225863,6.355043879324043e-05,0.001219825369730796,0.9937078505876927
165,0.006011919920091304,0.0017617307730283642,1.9637011549165736e-05,0.0020140162057794703,0.9901926960895517
166,0.003960571983755549,0.0012181537293287636,4.003327794049198e-05,0.0017930126448422498,0.9929882283641329
167,0.004789680600298439,0.0007950893104996121,2.268381880575984e-05,0.0009199391051461946,0.99347260716525
168,0.005299080979693987,0.0006445086946103794,8.647306525228506e-06,0.001294311686573618,0.9927534513325968
169,0.005298024394975367,0.0003018863952719295,8.744979439897743e-06,0.0016134915448479115,0.9927778526854648
170,0.015870829646519268,0.0009631443818958119,1.806864553683198e-05,0.007932460804964002,0.9752154965210841
171,0.03245839286550117,0.0010338477168550374,6.560001133138709e-06,0.016022393033309497,0.950478806383201
172,0.18610632492939397,0.0120492161804862,1.7408452403981542e-05,0.05189444952361004,0.7499326009141059
173,0.6685092967734007,0.028416964545520822,5.469145206035525e-05,0.12128606623469743,0.18173298099432061
174,0.5604799681220469,0.057779888728594256,0.0001491064574918306,0.3070363152671598,0.07455472142470704
175,0.13416161255014347,0.29731395024416096,0.0006066908045123632,0.5281793802705156,0.03973836613066753
176,0.10757811872889485,0.08084222421411082,0.0003159349141569807,0.7157779846573246,0.09548573748551266
177,0.112128600949364,0.08979724539088776,8.846667768529594e-05,0.7819476240439809,0.016038062938082038
178,0.10850596002372251,0.10809740018816717,0.00010350132708232818,0.7705024783882906,0.012790660072737447
179,0.16162733632352289,0.07911773799399976,0.00017297444551238133,0.7457612665311406,0.013320684705824303
180,0.06783941602419144,0.5054898239062187,0.0009262538959073503,0.41939986138115715,0.00634464479252532
181,0.06594417186399479,0.10347209068143084,0.00017147191114010474,0.7672544902603671,0.0631577752830672
182,0.06938319640531103,0.17123215859976598,0.00040373519495773513,0.7442488689830787,0.014732040816886387
183,0.12415758766667288,0.154974642603399,0.00023267896698133563,0.6191925193392771,0.10144257142366976
184,0.21482783247195592,0.06906159666240608,0.00019211156741963037,0.6985469779660275,0.01737148133219085
185,0.15809207100607814,0.09104794486979734,0.00019503729817559512,0.7158324250588961,0.03483252176705269
186,0.10997205349278255,0.4039310230460729,0.00074760848912626,0.4782803911524513,0.007068923819567126
187,0.04608561702291708,0.7525805974447612,0.0009909938710390563,0.19585056984916932,0.004492221812113239
188,0.10965005131950877,0.3161294719608295,0.0003170972751883029,0.567692790675413,0.006210588769060425
189,0.055022651741064715,0.5516243089044566,0.0008850603348095895,0.38866669761102063,0.0038012814086486133
190,0.048511285039785315,0.7534940912003274,0.001028701764928874,0.1925441220271367,0.004421799967821853
191,0.05987229358075685,0.7601146850086744,0.001486926290337412,0.17473663368807055,0.003789461432160756
192,0.07715735518984385,0.6845803323740335,0.0011213284201569082,0.22705616683952357,0.01008481717644219
193,0.05418263445193836,0.7469647493104464,0.0011300322681440291,0.194608098005757,0.003114485963714162
194,0.2593746779438805,0.27069818915318955,0.000735284584367736,0.18976579421481526,0.279426054103747
195,0.24275371631043682,0.3468131493860558,0.0004905202494509564,0.4020195274920126,0.007923086562044011
196,0.10401690508777106,0.7601816975539941,0.0007041649131393121,0.13166362622802258,0.003433606217072787
197,0.13987658742476292,0.7336766016892183,0.0007637268713111308,0.12048857025401766,0.0051945137606898666
198,0.03769660517111527,0.8858882167674446,0.023245897814161448,0.05036586272167019,0.0028034175256085717
199,0.033353083429619984,0.9288102961327325,0.0016174730020358944,0.03255157008485279,0.003667577350758855
200,0.024937024902664858,0.9202398958574014,0.004461013198579903,0.04825735605669364,0.002104709984660103
201,0.019411011219766926,0.9603158971003057,0.006897227441787216,0.01070714076149195,0.0026687234766481853
202,0.018822844977907843,0.9230230523839756,0.04376804762237515,0.011347830444147935,0.0030382245715932215
203,0.10845969439740479,0.7917747327341016,0.002933376831802905,0.09082716342678783,0.00600503260990282
204,0.04435921407819967,0.9043767222836553,0.0038513439389850166,0.04452748503685527,0.002885234662304687
205,0.01794228026978548,0.9504773319520037,0.00901735190469946,0.02000612659332952,0.0025569092801819952
206,0.0427962040403564,0.9152326030744925,0.003695289342497081,0.03600531106007187,0.0022705924825823925
207,0.02988242012125139,0.9473365836518411,0.013627673642400322,0.006713073161176308,0.0024402494233308077
208,0.032306609181057,0.9067643939226219,0.05363163785171738,0.005180202145363928,0.0021171568992399132
209,0.04084099810777872,0.9352484152518167,0.01352393525071623,0.007615384432099038,0.0027712669575893547
210,0.014784219502239343,0.944855070509146,0.03365162551789956,0.004641737214555623,0.0020673472561593504
211,0.04196643440107649,0.9199278245055786,0.024271311354222575,0.010196898339976985,0.00363753139914512
212,0.023328095901096624,0.9169997635990397,0.05265351693856718,0.004584027519668752,0.0024345960416278906
213,0.03315028759053904,0.9485495692046276,0.008422708288499335,0.007588178660503626,0.0022892562558303052
214,0.03001186900145865,0.9397106796040833,0.02249397138015313,0.0056741055823867235,0.00210937443191845
215,0.02363700116847839,0.9355623490366396,0.031993154926830254,0.0066090376881169895,0.002198457179934735
216,0.1298373657265236,0.8099177354249634,0.005984163699013365,0.03175117573979211,0.022509559409707332
217,0.09233508108905991,0.8911325600449919,0.003401789595511835,0.010064054252859478,0.0030665150175770675
218,0.10042181259577032,0.8826257955855104,0.00458202823880903,0.007444984921090841,0.004925378658819439
219,0.03921010450049476,0.9144464398709482,0.03844045613366997,0.0030772416675835896,0.00482575782730377
220,0.07234757835071051,0.9073943132810183,0.007413077272967804,0.007852098910331534,0.004992932184971991
221,0.023411336078928657,0.9352583752497223,0.035756384282674615,0.002785296737159881,0.0027886076515144837
222,0.036736520882004416,0.9480594931745564,0.008905994396598053,0.0036229664625102094,0.0026750250843308307
223,0.022860319800249294,0.953423250975736,0.017017616957837482,0.003981780721150817,0.002717031545026179
224,0.15588830943181178,0.7030435650625749,0.053170669234606005,0.00846114648552808,0.07943630978547904
225,0.4461153569974111,0.3411853513055515,0.0009240167397872311,0.009573908894076295,0.20220136606317388
226,0.36137025922139493,0.5948908386285757,0.004413266310116091,0.02021228718128089,0.019113348658632432
227,0.3440593007573967,0.603210922244517,0.0042251331548464974,0.016036129863091192,0.03246851398014864
228,0.17267080178385305,0.773855289773579,0.018243216714441356,0.01925706725108069,0.01597362447704611
229,0.06097530911454523,0.8975450179938474,0.008594579634925293,0.0286514943237407,0.004233598932941243
230,0.04191937677000673,0.9161335400377225,0.030907588408833453,0.0060377193669861025,0.0050017754164511374
231,0.19913027733162927,0.4642999492688102,0.00908549526691566,0.01800580625011629,0.3094784718825286
232,0.18656232133657083,0.7856214714260867,0.0034862584045265536,0.019733417941892106,0.004596530890923603
233,0.04313523178656827,0.9345430774444254,0.014794038820091952,0.004684231025063048,0.0028434209238510167
234,0.0343959251302498,0.9151443770860365,0.044226485690229446,0.0034045724780948374,0.0028286396153893957
235,0.006971466750360014,0.946014915007495,0.04448662320001372,0.0014849811137064234,0.0010420139284247746
236,0.011477681988066594,0.8033814109962364,0.18186752533198405,0.0018482094768590587,0.0014251722068538875
237,0.008377410383631082,0.8301896564352926,0.158150509500348,0.001620328993696397,0.0016620946870319034
238,0.006240091496295113,0.4798020331876082,0.5120211178737,0.0005690602657099566,0.0013676971766865673
239,0.013093602364642586,0.8511019480626368,0.13085651356307348,0.0028276220624791613,0.0021203139471678654
240,0.00521771236003247,0.8330092793962449,0.15790566193179512,0.0014281220820803893,0.002439224229847045
241,0.006710458832251874,0.864698405151664,0.12514392221656542,0.0014488651520072017,0.0019983486475116455
242,0.004125262233453193,0.5361844739939381,0.4573767086630173,0.000938113740122086,0.0013754413694695225
243,0.007561853592248063,0.5236858552243291,0.4661073682030794,0.0009547472316804588,0.0016901757486629098
244,0.02139396876916921,0.8793917101549192,0.0926881650853906,0.0036823106883197036,0.0028438453022013154
245,0.006340432811443307,0.5810304834299651,0.41026311197829135,0.0009218290185204559,0.0014441427617797765
246,0.026491802209702518,0.39579827671415957,0.5677945923221086,0.003758772576295838,0.006156556177733453
247,0.005113807816806603,0.4950220771921797,0.4972947551784395,0.0009001833131819269,0.0016691764993921308
248,0.008038375714232786,0.7527477869627655,0.23339058647732908,0.0023965665834440207,0.003426684262228752
249,0.018728209704124844,0.7549051714948793,0.2187728362299978,0.004055180426843107,0.0035386021441550157
250,0.01797854639307455,0.6303130775765157,0.34680001179678943,0.002447962857395771,0.0024604013762245048
251,0.006470640286597154,0.6814181213405194,0.3083083047852281,0.0019485083590093308,0.0018544252286459488
252,0.04713691116424244,0.4120559780344402,0.48927998883804946,0.0019287524149403112,0.04959836954832762
253,0.03172005073301751,0.8867756370760111,0.07485843593422976,0.003541098195033572,0.0031047780617080574
254,0.011833116649186641,0.8921288376958859,0.09279627481343775,0.0010980534131188437,0.0021437174283708417
255,0.007199640161476457,0.8174958659974622,0.17266386181056134,0.0007972412010312618,0.0018433908294686904
256,0.003371666159302081,0.25326057821890746,0.742000906339917,0.0004722784050108912,0.0008945708768625333
257,0.013365603897937126,0.7888817973791528,0.19371404587408503,0.002231756977940064,0.001806795870884854
258,0.005715381032532427,0.38135783714674193,0.6114823840107023,0.00033398773100113847,0.0011104100790221725
259,0.010230250231464282,0.48577227564748593,0.5006827471390917,0.0009815853140563808,0.0023331416679016745
260,0.007266728589779278,0.25495044976913567,0.7325665925730132,0.0010191452575523138,0.004197083810519568
261,0.0038663763275720267,0.22116517576639383,0.7696507651874988,0.001379123180967867,0.003938559537567522
262,0.008603175016764096,0.34262846305314837,0.6410972006060353,0.001791224355719788,0.005879936968332626
263,0.05824733667002117,0.2294567319349092,0.69780861647707,0.001584488167239159,0.012902826750760417
264,0.019497175246128384,0.585218068877246,0.38133741160829426,0.002670312594987429,0.011277031673343997
265,0.00943214500699927,0.5982644395149208,0.38366289842988377,0.001683917420125003,0.006956599628071305
266,0.01140036356019159,0.4927125021745242,0.48451687102093616,0.0011261460257971413,0.010244117218550898
267,0.006537569763852278,0.3086349734049514,0.6814087610158042,0.0007260119786980562,0.0026926838366941046
268,0.011009460234620096,0.34201904608620365,0.6432379796896169,0.0008042883598742433,0.0029292256296849202
269,0.008953353644045687,0.27924874173586994,0.7076878869065829,0.001017741698782881,0.0030922760147185585
270,0.027041194675601257,0.8674810955904884,0.09756608918093795,0.004368561249380739,0.0035430593035915997
271,0.0049776218622519805,0.25963808763921364,0.7329279951916291,0.0005618286301791268,0.0018944666767261975
272,0.0014795470151719615,0.0863586325726056,0.9112539639363942,0.0002699343708204439,0.0006379221050077526
273,0.0032160050562946825,0.1284205578615718,0.8657412829908457,0.0008582771903299388,0.0017638769009579586
274,0.0044808664312331985,0.17914600829040828,0.8120638345384406,0.0019309392722716124,0.0023783514676464375
275,0.0024519243023122727,0.06889174200837753,0.927067978627641,0.0004245462369725384,0.001163808824696699
276,0.0019587048183583875,0.1031947406377724,0.8930386866500659,0.000628220822998214,0.0011796470708049728
277,0.002544553132566764,0.08385540939634686,0.911691667120264,0.0006073903217690555,0.0013009800290535408
278,0.0037278754571447893,0.14846430746592446,0.8442858202452049,0.0011807939970471277,0.0023412028346786093
279,0.016042567222513883,0.24158796996979148,0.7347754889422652,0.0035104599815605564,0.004083513883869007
280,0.0069109066712045985,0.17319428455227945,0.8144654670805714,0.002874348077766299,0.0025549936181780766
281,0.08410876865515211,0.7809531702545001,0.06462215125085226,0.05470572978381997,0.015610180055675622
282,0.19362512621091688,0.3496295349106723,0.004455515838525706,0.38540709850728777,0.06688272453259726
283,0.16855786055051042,0.2233616316745248,0.0025231573127719813,0.5608454221611865,0.04471192830100627
284,0.13432066607548399,0.028472870207398155,6.156982465065975e-05,0.7155624402300768,0.12158245366239037
285,0.07303767760251599,0.19508542734633838,0.0002709225752680353,0.7086766758760424,0.02292929659983522
286,0.03205103776185333,0.05951798915053655,6.933636983188674e-05,0.9001142930275289,0.008247343690249239
287,0.05023821578895835,0.0430061842666093,8.55120708221623e-05,0.8868914364692801,0.019778651404330095
288,0.039057270925613945,0.03212385916628418,8.657029834856412e-05,0.9220168347946386,0.00671546481511476
289,0.04242876207608276,0.048395684520233566,8.95115384504757e-05,0.8997909518869454,0.009295089978287858
290,0.05414373831403164,0.019458843114694244,4.325306362899046e-05,0.8980786337531533,0.02827553175449179
291,0.04543230144777753,0.017239592009558827,7.361867452499947e-05,0.92908237644079,0.008172111427348605
292,0.0881345961653228,0.05333607464379663,4.523924286776296e-05,0.7598945808744971,0.0985895090735157
293,0.08095850717594123,0.04247387055481945,5.873970616862467e-05,0.8653680781464906,0.011140804416580066
294,0.04053453436190633,0.03759590281709718,0.00010206506544873189,0.9143140088315532,0.007453488923994465
295,0.05770371502906349,0.06291557675950991,9.851278318000636e-05,0.8585802931141197,0.020701902314126937
296,0.03287526597469341,0.013296116827386684,4.725073557984873e-05,0.9483318688734975,0.005449497588842642
297,0.02523591259920089,0.022779630854678934,2.513601731404915e-05,0.9385040937080632,0.013455226820742955
298,0.03915890963359467,0.023332629888758775,4.907511593985127e-05,0.9270023156916793,0.010457069670027295
299,0.051924014245486594,0.10756312275943135,8.639045123133835e-05,0.8214476844875355,0.018978788056315136
300,0.06311278566618969,0.018170326293574124,4.371586467286228e-05,0.9050184725098112,0.013654699665752253
301,0.046219861730206487,0.0691365862381449,0.00013273578743778144,0.875018943004263,0.009491873239947917
302,0.09702977333669023,0.04385014316929643,0.00010573233795871669,0.8333119015622932,0.02570244959376139
303,0.0426660508320867,0.041765839584622384,0.00010708097577170703,0.9072751273449254,0.008185901262593841
304,0.06628247750331717,0.048740911902632196,0.0001078064235843252,0.6747827735034712,0.21008603066699527
305,0.07278846159740551,0.014281226319667193,2.5152755950613206e-05,0.8872419053545345,0.025663253972442224
306,0.1255011650615263,0.01502461808471229,4.7436813624028195e-05,0.7627898964516059,0.09663688358853142
307,0.11253853720641498,0.0159717593740623,0.00010765665026154455,0.8592000085684328,0.01218203820082831
308,0.09986212052201121,0.015800798167804917,4.533815041419894e-05,0.8281705278100643,0.05612121534970541
309,0.04029883810464082,0.008674205011349648,5.7429097955065346e-05,0.943665957747801,0.00730357003825338
310,0.02379341622645268,0.00779898991586505,1.838533516967109e-05,0.9599136347534534,0.008475573769059289
311,0.03277713347029663,0.007130837835475261,1.8176903676317137e-05,0.945579177217524,0.014494674573027652
312,0.024250123225853164,0.008734387415486067,3.3120049257512906e-05,0.9584721748830929,0.008510194426310378
313,0.03738327474999472,0.0104466300288024,3.163002553857482e-05,0.9373779528098918,0.014760512385772638
314,0.023696370057493272,0.00813510178549531,3.849316385922336e-05,0.9641817582765152,0.003948276716636955
315,0.015682359859977475,0.02939547206807675,5.4036485787018314e-05,0.9292254529297803,0.025642678656378495
316,0.03673215871144794,0.009387669620749654,3.074007584515284e-05,0.948460024248134,0.005389407343823358
317,0.04152829448741948,0.007392479366959032,3.0451732018365114e-05,0.9416070754995616,0.009441698914041586
318,0.03985081060672995,0.00888912407356762,1.9793013730208422e-05,0.9382778667035147,0.01296240560245763
319,0.029200674687315464,0.023128576509786086,3.5436096367913836e-05,0.9411965756223862,0.006438737084144387
320,0.058771541844357136,0.017554993198741556,8.727550142851784e-05,0.5518523528075282,0.3717338366479447
321,0.20604552445753807,0.009838204466101478,2.1838848677492957e-05,0.371017245417224,0.41307718681045896
322,0.13810844649192833,0.016647447622728854,2.041645690543243e-05,0.4884584879093144,0.356765201519123
323,0.29486361518966037,0.0059129267373694274,3.347248162716616e-05,0.6525455649413071,0.04664442065003586
324,0.1351504085932953,0.06310395789247744,7.35968991567536e-05,0.7779892160700487,0.02368282054502182
325,0.08836588065630858,0.021474984430032696,6.199962321497171e-05,0.8736216782737054,0.01647545701673823
326,0.06728889146982858,0.06650848744395477,9.601248659146507e-05,0.8302794719004514,0.03582713669917373
327,0.06328878208241137,0.027545440883700287,5.8121574030651024e-05,0.903419421732655,0.005688233727202602
328,0.12361385116474823,0.055549354628929744,6.444764689610587e-05,0.580381431408072,0.24039091515135405
329,0.10156359943033436,0.04601162233022785,8.083152852270954e-05,0.8356735689812337,0.01667037772968137
330,0.09495901553871999,0.026417626901655254,4.321315810654347e-05,0.8630571159471212,0.015523028454396914
331,0.09265691423363327,0.0987516949054796,6.723045029164514e-05,0.7893603212225526,0.01916383918804288
332,0.06135291418126418,0.06167241790899993,0.00017848657354134872,0.8676569463083804,0.009139235027814087
333,0.06157447489037862,0.10623886488507965,0.00011890569335850299,0.794304044710165,0.0377637098210181
334,0.05600850065255993,0.20014395537210658,0.0003822605070697011,0.7334097292834869,0.010055554184776848
335,0.07270855811601573,0.17868345634222005,0.00036655494724678183,0.7426283139572797,0.0056131166372376485
336,0.0450822576246562,0.3331671066042972,0.00040250676145519465,0.6129498600608998,0.008398268948691529
337,0.043907404967279025,0.19236841099083876,0.0003257122169105817,0.7587504116012742,0.004648060223697483
338,0.06774962121154691,0.15865301162557335,0.00010128762985081599,0.7586951519327026,0.014800927600326313
339,0.05218090255234064,0.4998157215152419,0.00029847561217416306,0.4420095821995659,0.005695318120677304
340,0.11220451070099755,0.23836965211516092,0.0002892072412217357,0.6446968760801848,0.004439753862435093
341,0.12345551729524885,0.5737723270365397,0.00033542456330282725,0.282313705922365,0.020123025182543667
342,0.11369323012404112,0.45332444556769,0.00029567374066259564,0.4271217312033031,0.005564919364303201
343,0.11807005201046715,0.3780389042527199,0.00030982694324223787,0.49939546991664835,0.004185746876922321
344,0.09378523292863157,0.6735713201605641,0.00043345241483900123,0.2243495547125074,0.007860439783457915
345,0.04491129565173073,0.8109870021327379,0.00034122142136695685,0.1395818250379474,0.0041786557562171105
346,0.036693336737002986,0.8246249631298282,0.0012336513188275463,0.1325206576734531,0.004927391140888231
347,0.07274797916187706,0.7602187696359234,0.0008796975411742488,0.1609983200323295,0.005155233628695856
348,0.11859007082608802,0.6794322815136251,0.0005048806836558275,0.18035493151754806,0.021117835459083172
349,0.1833939064642942,0.431746282958584,0.0008974734487584861,0.3765212963031739,0.007441040825189297
350,0.06973164001448907,0.6852942689558179,0.0006398919734758005,0.24185288818527068,0.002481310870946606
351,0.06988042282459714,0.7799003392962685,0.0004966203136743528,0.14667233811293803,0.003050279452522125
352,0.04476015262112869,0.8675132615581107,0.00026102085466580063,0.07967583690344462,0.007789728062649995
353,0.18573455140582906,0.47068913854273,0.00038807989239693076,0.32136773960249354,0.021820490556550495
354,0.10619811096503298,0.7375956216842859,0.0014156668893848463,0.14639837659162375,0.00839222386967243
355,0.1365289135640565,0.4903248474502066,0.0007374292527080518,0.3676872433609233,0.004721566372105502
356,0.11233834341865581,0.8292553203010574,0.002363236930688471,0.04497672778382686,0.011066371565771532
357,0.06192960910687747,0.8678300420337391,0.0015359167099012363,0.06388080293207582,0.004823629217406369
358,0.03530802895215852,0.8866702022405863,0.003691710880312486,0.07123257821212269,0.003097479714820031
359,0.024189447302279902,0.8726548313744124,0.0017999769411079082,0.0995886502502751,0.0017670941319247262
360,0.028923329181797783,0.8955457305985877,0.004145015794687107,0.06940431088717199,0.0019816135377555247
361,0.041725788223943724,0.7690639438725667,0.0013486877314818732,0.18437298299560162,0.00348859717640616
362,0.023306496365007666,0.887896659605015,0.0034162053712319834,0.08348917359543087,0.0018914650633143498
363,0.022607939333849348,0.9163810904920467,0.005937631504111148,0.05275110198173774,0.002322236688255309
364,0.04802284869990915,0.8348485597259612,0.003484179932527197,0.10969804303193317,0.003946368609669237
365,0.03386611769184141,0.8570641911378657,0.05050074696198994,0.05472677061123633,0.0038421735970666357
366,0.057660772643820885,0.8761703873988798,0.005321456649966328,0.056521980111124685,0.0043254031962084855
367,0.06247215156432466,0.8629792071724895,0.0067271373195412305,0.0637341488194191,0.00408735512422552
368,0.05481158828625537,0.9060524058462316,0.002961684603181443,0.029895419810873566,0.006278901453458218
369,0.04144794592270378,0.9187076331894154,0.003735656059017378,0.028314744023592058,0.00779402080527131
370,0.16309965569093318,0.6577849396556089,0.0006633451020235222,0.17078043368000964,0.007671625871424774
371,0.08017164716710412,0.8618340990800769,0.0015403986247362017,0.04497532638302632,0.011478528745056433
372,0.022432097692757197,0.9578098081441163,0.0015816263417431553,0.014838779122747276,0.003337688698635991
373,0.08440734169981129,0.8438006691024432,0.0012062252340375986,0.04710301521979649,0.023482748743911437
374,0.0025899136815620157,0.005680290987166632,0.0010227140118965047,0.002862656606483571,0.9878444247128912
375,0.0015122149259537247,0.0015972601332406142,2.1492017499669526e-05,0.0025094006429033505,0.9943596322804027
376,0.048564168011531794,0.11821967533719238,0.006626782533382259,0.005201274057159803,0.8213881000607337
