epoch,N1,N2,N3,R,W
0,0.0011349301718742652,0.001110092967401897,0.000323470906265325,0.00021838005204073214,0.9972131259024177
1,0.01842686688301786,0.01457068140350677,8.859873419385454e-05,0.0025387335089088795,0.9643751194703726
2,0.0006403126921100895,0.0005863461312577026,0.00017942054664455638,0.00023501039249151484,0.9983589102374961
3,0.01075214544077782,0.007136759051331514,0.0002668994739904362,0.003500391121399659,0.9783438049125005
4,0.008813928173299967,0.0019769982529049632,9.776961699612054e-05,0.0018760131967389484,0.98723529076006
5,0.17909000915399798,0.016554686788628696,0.00015406083609128616,0.0035449811817482363,0.8006562620395338
6,0.3378662567148518,0.005027123213090504,3.7504964891209174e-05,0.0010313135843191404,0.6560378015228473
7,0.3487167314759137,0.0246391117693455,0.0002834862409050616,0.0021733761789534587,0.6241872943348823
8,0.6887562975667912,0.06443851147055765,0.0006571334697879752,0.004062353642148428,0.2420857038507147
9,0.15240813456884728,0.269886426782255,0.005756862497358271,0.021937393022125395,0.550011183129414
10,0.26841935559468744,0.3086762245335988,0.0011133643089010724,0.0873885095186167,0.334402546044196
11,0.2503203471577689,0.233441102146227,0.0024898458598367427,0.033695004414522445,0.480053700421645
12,0.3363746840799655,0.42470384734881717,0.009507854497599048,0.017747905513018702,0.21166570856059952
13,0.27299269509459645,0.459786691022395,0.010354219252512994,0.02120691185880203,0.23565948277169338
14,0.2216739066568499,0.5837622918547711,0.014438564189178738,0.013484153007047361,0.16664108429215294
15,0.27322795500891817,0.5976905482928461,0.016500033603709822,0.012823834174028102,0.0997576289204979
16,0.12707784975156797,0.7265164543275965,0.06872654451512923,0.015580495682087251,0.062098655723619084
17,0.16214582509201017,0.7485276974779171,0.01758921895615783,0.007596549528914543,0.06414070894500035
18,0.03359253637531985,0.8310329900533852,0.10028278107719955,0.006402142766651909,0.028689549727443687
19,0.058289008295995495,0.6604819150434466,0.25379072971836913,0.009065446243444245,0.01837290069874448
20,0.044865487554367305,0.6609383694195888,0.2558609052452634,0.007594875806971674,0.030740361973808843
21,0.019704858341863227,0.703032863047372,0.20789305426421442,0.007663980575833798,0.06170524377071654
22,0.019785000019923633,0.6145593636248218,0.34073373425298065,0.005322776672935788,0.01959912542933816
23,0.024943543659107854,0.6042416882105178,0.33395618088580037,0.011182940633939237,0.025675646610634803
24,0.07338888715388639,0.6942292841006185,0.1811256312998597,0.007304935544614266,0.04395126190102113
25,0.03502664294125193,0.7012047818894938,0.24560321270913277,0.0037878686212566505,0.014377493838864762
26,0.10976596854197333,0.8070841053972392,0.05198292284167339,0.004767360561533762,0.026399642657580238
27,0.06047160596639115,0.6496753072828265,0.27310554941106024,0.007260774999734926,0.00948676233998709
28,0.05295912096215158,0.6482372919798366,0.28267244866756014,0.004155652765129825,0.011975485625321877
29,0.05531887108801884,0.6789108833891834,0.24667571008570086,0.0021590155367885843,0.016935519900308428
30,0.009021049480179955,0.47682107926927203,0.5066202811522593,0.0010594743015580374,0.006478115796730839
31,0.02170086605942424,0.57096297524186,0.37548865614203897,0.004109168696620052,0.027738333860056703
32,0.021717969325757,0.58233506510951,0.3832759547973379,0.0007799202034647268,0.011891090563930295
33,0.009057941656857462,0.3859544211085702,0.5995601324397322,0.00043170612263725085,0.004995798672202971
34,0.006844440869319646,0.41446347739813455,0.5685065950637511,0.00018143991853143552,0.010004046750263175
35,0.0022795261976308883,0.23786001782053237,0.7579054000688409,7.430205259026929e-05,0.0018807538604056278
36,0.002180649680587494,0.27614665384707066,0.7196030497153548,0.0001499324677649549,0.001919714289222184
37,0.0020672991896980575,0.20883807713398675,0.7878784442679534,9.498260108883855e-05,0.0011211968072728736
38,0.002004009319968469,0.11415314598634754,0.8831036104164897,7.123112816035281e-05,0.0006680031490340704
39,0.0006778686138062198,0.1093175548723257,0.8888740186960095,3.721709948670766e-05,0.0010933407183717392
40,0.00046305324145788293,0.11155369931904756,0.8872923057468984,3.7168710173081326e-05,0.000653772982423159
41,0.0004871645472127193,0.09824127733035412,0.899805558360618,3.2769322072478155e-05,0.0014332304397427112
42,0.0003237926936753646,0.058626265704754765,0.9404992732355275,4.006529141007603e-05,0.0005106030746324967
43,0.00032480721128224553,0.09678581467709062,0.9021966037166705,1.551355434463978e-05,0.0006772608406119041
44,0.00012993781891683533,0.03488767655130664,0.9645765155521782,6.226014508419554e-06,0.00039964406308987035
45,0.0003151984250850755,0.07034431020352279,0.9288056855769552,1.1915693900766198e-05,0.0005228901005361939
46,0.00033847676159930856,0.048580513023263806,0.9505268874879643,1.0823175750881638e-05,0.000543299551421651
47,0.000244593994107219,0.06437084890908323,0.934795015028613,1.2523644848977102e-05,0.0005770184233475566
48,6.823694222594691e-05,0.019613170229450944,0.9798910861178255,4.7005986388895556e-06,0.0004228061118586075
49,0.000224409833213559,0.06183017454484405,0.9370408382527012,1.3582647513919485e-05,0.0008909947217272681
50,0.0008752650334006315,0.0715642823816816,0.9261572163526891,4.457763795428082e-05,0.0013586585942743279
51,0.00036603395450124143,0.053269719778970895,0.9456391006295531,2.4278612575748804e-05,0.0007008670243990624
52,0.00031059113052533293,0.06135062044593406,0.9377048138169111,9.363309468238956e-06,0.0006246112971612961
53,0.000309401039600721,0.08079307372087811,0.9181588784518396,1.194919385845969e-05,0.000726697593823207
54,0.0002875326408884384,0.04246738967634677,0.956613547711889,5.979053836334853e-06,0.0006255509170394767
55,0.0006069151116334217,0.08415651108971575,0.9141651697849309,1.8701366893315113e-05,0.0010527026468266877
56,0.0005188742719951676,0.11485434556522753,0.8831258798483446,1.5028986721324174e-05,0.001485871327711521
57,0.0003922247958691461,0.08467352572851657,0.9140232616453559,9.979080020388702e-06,0.0009010087502380505
58,0.0003045732089502592,0.0469503093369894,0.9522575165549986,1.1188666874029841e-05,0.0004764122321879739
59,0.0004114156500005356,0.06374383288538082,0.9352644368271499,1.1855273568542413e-05,0.0005684593639003379
60,0.00030839150609531055,0.0527645694496284,0.9464393933973558,3.266394029595125e-05,0.00045498170662458537
61,0.00023369553945584538,0.04454607119439922,0.9545443810556096,4.242855437256043e-05,0.0006334236561627088
62,0.0006449330099513823,0.07918813206937604,0.919278057530788,0.0001831649342270044,0.0007057124556576999
63,0.000943344743799559,0.07617033372843249,0.9214246097907478,0.0003326951770036461,0.0011290165600163677
64,0.0010356548952346989,0.07053779297210883,0.9266461728282401,0.000241286217132039,0.0015390930872844124
65,0.0010711040567070835,0.06609719903655759,0.9286114423657716,0.0004218208052031757,0.0037984337357606403
66,0.060457037906146156,0.3307554589488183,0.14391930078077939,0.007994256231328278,0.45687394613292803
67,0.1500416238163774,0.23946569727998024,0.00928352930622394,0.029725450903229558,0.5714836986941889
68,0.45892850643383853,0.19264688632687693,0.0028194933916541186,0.01816137113062385,0.3274437427170067
69,0.7447174036126378,0.056105233165876955,0.0006132450383179709,0.007095282999836213,0.19146883518333105
70,0.569996210360462,0.1254275961375432,0.0008979244608536478,0.005121040661578192,0.298557228379563
71,0.5849997908280156,0.19778821184879977,0.013525971949518774,0.01741198630656837,0.18627403906709758
72,0.47439041294847506,0.37473943887696004,0.012821557550020244,0.023116345089755522,0.11493224553478916
73,0.2290699443951791,0.6617750180319338,0.03712760946870193,0.030256428454064628,0.04177099965012053
74,0.18461981423683207,0.4863888968332179,0.10741063402192132,0.06473008534998705,0.15685056955804164
75,0.23044633721793237,0.4758979396821325,0.029640673573258718,0.11193861403000846,0.1520764354966678
76,0.13231699267221889,0.6029380425047632,0.03575625404217122,0.08695978957000557,0.14202892121084096
77,0.3343760351629224,0.4240917462362848,0.0029577936303612144,0.14935448001748655,0.08921994495294516
78,0.08360494929355654,0.8571871551622591,0.019666061406405328,0.006499557071671638,0.03304227706610744
79,0.12736607868968142,0.7937811087839136,0.035670681389607724,0.005757608381821011,0.03742452275497617
80,0.0917825352927993,0.7869031115771661,0.07236858258434284,0.011958042663605095,0.036987727882086756
81,0.2690743488334,0.6056961541297398,0.008358053133629088,0.07397941175276933,0.04289203215046183
82,0.14427496759651795,0.7542889217001997,0.046624350446347544,0.009702997339586513,0.045108762917348284
83,0.148375652864113,0.7923365457848623,0.014314076848390003,0.009266377026960378,0.035707347475674285
84,0.07267722672871108,0.8351428706660324,0.057236698325497375,0.009025421298409652,0.025917782981349592
85,0.03913326069806757,0.8468449245575037,0.05627470511778156,0.0068073514293429446,0.050939758197304306
86,0.04531127848814295,0.839811201061033,0.08901767133466289,0.004774252228749354,0.02108559688741182
87,0.03147914692023366,0.8774319973285535,0.060060776475861465,0.006819325434827049,0.024208753840524462
88,0.026024763256767936,0.8006654063369956,0.09991248936528434,0.011800202535857836,0.061597138505094164
89,0.06764455518533964,0.4807778775643833,0.024309873886521824,0.023637208684579625,0.4036304846791757
90,0.06421499809770954,0.2528623404294693,0.004473104790101531,0.01604007706755679,0.6624094796151627
91,0.06366784376901155,0.042568442633561555,0.0005908658537397208,0.02381643524638172,0.8693564124973054
92,0.03405337849436174,0.007860755394272246,6.12453196053024e-05,0.014546595576854515,0.9434780252149063
93,0.17800094421649149,0.03339175903117061,0.0001026514431683349,0.027968990437275923,0.7605356548718936
94,0.0805220218020473,0.018461278850526303,0.0001369555665063327,0.016707721389313264,0.8841720223916069
95,0.4675040390337669,0.03317704860400641,0.00019969600044978655,0.01894549422134592,0.4801737221404311
96,0.5505672582723009,0.025271312151059305,0.0007666407323682084,0.02051838248996733,0.4028764063543043
97,0.40825638067223274,0.03221986279753917,0.0008982789862254274,0.042538451859565785,0.5160870256844369
98,0.3293895439431662,0.1824204638520236,0.0037896915516348498,0.09984169169837268,0.3845586089548026
99,0.6713900770776388,0.11459251169084106,0.0007197258622664817,0.09987516767305553,0.11342251769619807
100,0.40656879641817106,0.4460995832619363,0.004227572830547609,0.02998052373483264,0.11312352375451241
101,0.3210241946659047,0.49178966923425893,0.0037568500973499544,0.11554579045913027,0.06788349554335611
102,0.10190438815047674,0.7343313758043265,0.014175587276706671,0.05866830654192886,0.09092034222656124
103,0.11622754579608269,0.5922280080499518,0.007840003984017165,0.23388088469069684,0.04982355747925145
104,0.18290024292977866,0.6420286368343399,0.009375600970811044,0.07282531276382777,0.09287020650124253
105,0.07211923546780666,0.8379360413057408,0.02567540183523263,0.029912807380401273,0.03435651401081845
106,0.10172231075355637,0.5705365525713406,0.006687745780591963,0.0973639663209857,0.22368942457352542
107,0.23092918321969452,0.18012588799376736,0.0003987979050492549,0.3382443773843519,0.25030175349713685
108,0.22041732684395401,0.26193884144248225,0.0016742788785945352,0.10460784877641158,0.41136170405855765
109,0.2798975108130424,0.4543679944199812,0.004853810729649595,0.0527618090701331,0.20811887496719372
110,0.34972812661704294,0.25446373361313995,0.003828051240700051,0.01676199694933075,0.3752180915797865
111,0.1633544462073597,0.4298220508088824,0.009094235633497592,0.023609702908375618,0.37411956444188454
112,0.18824032028976728,0.4305885860319188,0.019154230827086817,0.08719888937905983,0.2748179734721672
113,0.06643994228874643,0.7359460232087837,0.015501437685430918,0.04470027912782381,0.13741231768921525
114,0.30426194592361605,0.37347543139345185,0.0007884421212738622,0.21514706699373548,0.10632711356792272
115,0.11629401312666485,0.4754378201201643,0.028945399135695212,0.027188989956003752,0.35213377766147197
116,0.09445224985004022,0.5323923687528204,0.03173039874267217,0.019170006788615038,0.32225497586585217
117,0.13782752252346708,0.3793946327162092,0.01020668375733272,0.03445030660622967,0.4381208543967613
118,0.10636227178647835,0.08227091112170327,0.0006109092374955518,0.0726565896266465,0.7380993182276764
119,0.11623363668569174,0.1130589898404857,0.0032922155810773943,0.05164225698923835,0.7157729009035068
120,0.07966850351380113,0.022611672614306817,0.00046284357586382787,0.017855300689058645,0.8794016796069696
121,0.03988677281618158,0.006001534065093888,0.0006059971666936589,0.023937131286589825,0.9295685646654411
122,0.12227452001128565,0.024428565141684577,0.000204608181620801,0.03588155055630333,0.8172107561091057
123,0.07695139028719056,0.008676300580461383,0.00014405084749581976,0.014815268758304195,0.899412989526548
124,0.0358472502040519,0.010201866711540695,0.0006309622968079733,0.00656302600144721,0.9467568947861522
125,0.10298779223393832,0.012220854785046151,5.65675032473864e-05,0.01583290159187504,0.8689018838858931
126,0.17056401889545497,0.06373206147279264,0.00012082013386172905,0.07028526909810497,0.6952978303997857
127,0.0007827124187518525,0.00011679220831125558,9.560064055643024e-06,0.00018504136916556158,0.9989058939397156
128,0.5845139536294526,0.01985986256213921,1.8112917886417154e-05,0.019596729697922487,0.3760113411925994
129,0.6398262239048164,0.010645366553386605,5.4332236048681125e-05,0.02683571693925314,0.32263836036649524
130,0.2760631987358441,0.03230555915602744,0.0013553312705662116,0.01757300093328722,0.6727029099042751
131,0.10525360353890276,0.03439606399055587,0.0009336015223055378,0.031813448832925716,0.8276032821153101
132,0.2335949733773194,0.08009216542050772,0.004920826092722584,0.08099731539729542,0.6003947197121549
133,0.37973763736085986,0.07032653335836217,0.0024148372834162392,0.038050518814650935,0.5094704731827109
134,0.2883789955580069,0.14252375976175582,0.020305300606057005,0.059402074580320666,0.48938986949385954
135,0.29962257210928517,0.07697916208488043,0.0202528959760865,0.058529189930046986,0.5446161798997009
136,0.11150187974455324,0.1743273396172322,0.038353785871274776,0.03287719844356993,0.64293979632337
137,0.047962824761543815,0.0436407084380777,0.006600707192209851,0.021166528021114517,0.8806292315870541
138,0.2152576720928026,0.15219578386538762,0.01183187308302838,0.11165804470981722,0.5090566262489642
139,0.06400950803264421,0.05102613028971665,0.0016572105635453815,0.021320098792390812,0.8619870523217028
140,0.06789775256984962,0.08654859292230978,0.0016395934914447848,0.08357124459731738,0.7603428164190785
141,0.08856545962189637,0.03793112883871357,0.0022959109328166034,0.10241562952359003,0.7687918710829834
142,0.03369680197983141,0.025928358997776076,0.0038893097799919192,0.025161332336253506,0.9113241969061471
143,0.14536804638858541,0.07029776122638454,0.0073310668526080335,0.15165978640923425,0.6253433391231878
144,0.08005703032623153,0.025005272218405428,0.003431021938143475,0.05359820875035405,0.8379084667668656
145,0.016929383590270998,0.013753612798978927,0.0009795672027800432,0.025217229658315344,0.9431202067496546
146,0.09440943034893869,0.04535870950872278,0.004682184877295084,0.07207702972499079,0.7834726455400527
147,0.043986067861388665,0.04604041779661485,0.01883232117096042,0.06701302573163044,0.8241281674394056
148,0.19020075105234613,0.14442559024405635,0.013846264521847404,0.2959641620833911,0.355563232098359
149,0.13215931101599585,0.09805528136907558,0.06589312457402169,0.08176086737949499,0.622131415661412
150,0.2163021467554632,0.13561602913627427,0.07115921623347495,0.09553926146972982,0.4813833464050578
151,0.4311928094362529,0.275470624259693,0.018758655810901345,0.08960922420105664,0.18496868629209617
152,0.1108447852968963,0.17203801988582207,0.01613069138049131,0.024087940749415622,0.6768985626873747
153,0.16318066444996188,0.6151742560945924,0.02331386850825582,0.11200453891279225,0.08632667203439773
154,0.1749771853196695,0.5241944445975953,0.05455931011830818,0.05572471417788306,0.190544345786544
155,0.092719131500079,0.7103261886735565,0.024097234945566898,0.07237352633108915,0.10048391854970846
156,0.13931195726999443,0.5104228414594317,0.015465297494368459,0.1822915291270459,0.15250837464915934
157,0.10343289162761936,0.623329861175947,0.026408648866345138,0.05320852775096399,0.1936200705791245
158,0.24397979191484637,0.606388959917795,0.02222957208424253,0.024410841426180586,0.10299083465693554
159,0.14761654483037215,0.7353711665037027,0.018753058554502808,0.01231409775817707,0.08594513235324538
160,0.13902001594914426,0.612883803629308,0.04202225723828978,0.00483892287172847,0.20123500031152944
161,0.06806939678646838,0.859459780791871,0.04630048508870719,0.0021514378467767086,0.024018899486176873
162,0.05241715813897941,0.8594794470217194,0.08309226708077297,0.0017712101189391641,0.0032399176395889132
163,0.05009065194949007,0.7934421376448976,0.15151206894889296,0.0012211960526435346,0.003733945404075779
164,0.01000592549952595,0.6259503231865147,0.361351320852881,0.0010780225490378231,0.0016144079120406006
165,0.007863420346531471,0.5336456782041555,0.4553696567493372,0.0009452446989372733,0.0021760000010384918
166,0.002850774185751322,0.37734282872496877,0.6181539374480419,0.0004064371467442798,0.001246022494493928
167,0.002282856209019714,0.4854511593312227,0.5111812400244397,0.000300201084978798,0.0007845433503391529
168,0.0013179655455345378,0.29131765489497485,0.7065041466567673,0.00011170106694769163,0.0007485318357757173
169,0.0005753835295790028,0.16743680923676355,0.8315728083732927,0.00010829626929661019,0.00030670259106815975
170,0.000280655617360865,0.09873112504987032,0.9006951567547026,2.549102243896213e-05,0.0002675715556273005
171,0.0005132616255761197,0.07797277477823755,0.921197948317425,3.9368492545146114e-05,0.0002766467862163873
172,0.00032949690721068226,0.11997920518340449,0.8793534489314723,4.2195703391468414e-05,0.00029565327452116773
173,0.00013335749705524,0.0601321469356127,0.9395451181931603,2.4696499990665937e-05,0.00016468087418090854
174,0.00024430101297777645,0.10257853087353042,0.8965115380277358,5.453584824467502e-05,0.0006110942375113297
175,6.237732095199155e-05,0.034260909931030745,0.9654156693902917,1.401117807958692e-05,0.00024703217964597166
176,0.000527627457283588,0.08364123513449576,0.9154153453344006,3.0773586250157176e-05,0.00038501848756995695
177,0.00016105646775082147,0.09065471704429508,0.9089595148403106,2.2207614937710656e-05,0.00020250403270575778
178,0.00026633381318575327,0.08445377931355671,0.9150182928793269,2.305297081157769e-05,0.00023854102311916722
179,0.00016004477044550365,0.08194792757146344,0.9175762886287148,1.611830375730631e-05,0.0002996207256189425
180,7.982972102746424e-05,0.0338064369772603,0.9658546641281955,9.237081525129863e-06,0.0002498320919914143
181,0.0006617089696680162,0.12209638638024103,0.8760949328320837,9.859886939237124e-05,0.0010483729486148758
182,3.596091995426509e-05,0.026136801691088753,0.9736152208410978,1.1512590446473136e-05,0.00020050395741278576
183,5.8420199485501305e-05,0.02653427733034833,0.9730374104724014,1.4004457743656893e-05,0.0003558875400210937
184,0.00020965958792065496,0.02265219742883868,0.9760260471897751,1.6396942126647177e-05,0.0010956988513388629
185,0.00031637197472536,0.0725628830112193,0.9265744718332625,4.789667691762991e-05,0.0004983765038752234
186,4.980920833530057e-05,0.020629767370325434,0.9788633189968894,1.2292890352390839e-05,0.00044481153409752655
187,0.00032389457939674204,0.05635429627280204,0.9415787584470635,5.000246287107602e-05,0.0016930482378664687
188,0.0001058396039779618,0.06700758454175255,0.9326664785133301,1.5619589961478217e-05,0.00020447775097771388
189,0.0003416881119371638,0.03567910643184223,0.9632357503388104,7.380040207680111e-05,0.0006696547153333985
190,0.0002935793350323856,0.06779754423019352,0.9314322363808274,8.499460602659092e-05,0.0003916454479200695
191,0.000173468342946679,0.03217504219933302,0.9672500528562904,9.097755591362059e-05,0.00031045904551624183
192,0.0001736593491166089,0.04614709360429784,0.9529593483535859,0.0002162520589080436,0.0005036466340915858
193,0.005521569714829681,0.21215324671071428,0.7484062028786619,0.002462050178839321,0.03145693051695481
194,0.006932040950841711,0.13408059850087806,0.8324590242158256,0.005853606406782363,0.020674729925672257
195,0.05067457639634678,0.8032646131286033,0.11228850726200043,0.016636288066539415,0.017136015146510093
196,0.031840079469637676,0.42894201164103246,0.51081318793022,0.0037025545249099357,0.024702166434199927
197,0.02763076437649615,0.5227669062803302,0.4253916929577301,0.0072317266209583125,0.016978909764485395
198,0.08572568481186965,0.5076393835396951,0.11016347199849011,0.023103549389900665,0.27336791026004437
199,0.022567568363376332,0.6584133137386226,0.26322232344031815,0.045510892627010316,0.010285901830672644
200,0.0396037639535075,0.5826116706981161,0.20965584255864284,0.13865082785616117,0.02947789493357219
201,0.23175022108948734,0.3592660411320749,0.0017464326880237589,0.38013452530804237,0.027102779782371546
202,0.04045689547262417,0.8217651585533013,0.052913848658801006,0.07580879103088468,0.009055306284388739
203,0.12668358218654518,0.6020092163681914,0.020985531865882055,0.18492355113065934,0.06539811844872205
204,0.07774412975321701,0.7488708019625833,0.01612708846658609,0.13108681555186194,0.02617116426575175
205,0.0332675670645639,0.8099364953431369,0.032512566128489365,0.09556789675062567,0.028715474713184065
206,0.1084236615235907,0.3756168264867526,0.0034134522504267414,0.3486784737678447,0.16386758597138518
207,0.18822082035624157,0.06764874527498564,0.0001692435664058544,0.28093916541165653,0.46302202539071047
208,0.4460500560674637,0.033698879090939556,8.378010904557869e-05,0.40503028463136403,0.11513700010118721
209,0.04600898649395374,0.00916494968945114,4.364440612399469e-05,0.0411880055237489,0.9035944138867221
210,0.010402329009412136,0.00495810253482207,0.0006714666611676494,0.003708746260645695,0.9802593555339525
211,0.30475955647272174,0.07356725542152615,0.00330833728804962,0.09547378739056105,0.5228910634271414
212,0.3412950581671163,0.278484613972831,0.020771717098214553,0.15244493989118788,0.20700367087065027
213,0.36659056454716105,0.27746343393704104,0.005931256280028351,0.10642988320439922,0.24358486203137045
214,0.2494228314138708,0.5995571519666908,0.008722312803711116,0.05419812628698344,0.08809957752874385
215,0.10400594586008456,0.8349318196419468,0.01632398862483898,0.026161012000028648,0.018577233873100795
216,0.0508762924031967,0.8637146230546494,0.021472677634666062,0.020970142248352416,0.042966264659135514
217,0.12690393908191072,0.6948332859985019,0.05951770935680721,0.008166082099827198,0.11057898346295285
218,0.010408741511188147,0.09321885800168693,0.004200913968305253,0.010397438500874746,0.8817740480179449
219,0.009834866274462433,0.012239480008477714,4.424074549267201e-05,0.0033976009440676936,0.9744838120274995
220,0.0008737833674254998,0.002364071372128296,5.342279406882604e-05,0.00024038312242952484,0.9964683393439479
221,0.0005186348453216556,0.0016917284066849728,1.826061324538973e-05,0.0001874435236077549,0.9975839326111402
222,0.0007589186634769086,0.0024199894781541573,1.4463115071158674e-05,0.00024122199752246127,0.9965654067457754
223,0.03283963013749187,0.008275120562527313,8.130392239898628e-10,0.0013183430971706865,0.957566905389771
224,0.03099524724013688,0.004796850071722359,0.0004706846952780845,0.0016279045499756194,0.9621093134428872
225,0.017310201861306565,0.0034688388953718887,2.6869951126014255e-05,0.001706677436314387,0.9774874118558812
226,0.012319321376955196,0.0040392306829982,5.3531676357775186e-05,0.004057639468688402,0.9795302767950004
227,0.029669703990648676,0.015703306045679752,0.0009370954184997707,0.007149959726862524,0.9465399348183092
228,0.010381971228025706,0.019331904986324543,0.00016075033291836405,0.007865796979948348,0.962259576472783
229,0.012498238111708793,0.00728535554139373,2.711527566240879e-05,0.017589647743387362,0.9625996433278476
230,0.013931291053286998,0.004971025510037305,3.7606489461763335e-05,0.02248398154825495,0.9585760953989589
231,0.013389525117690355,0.005144182916907862,2.2997328560058043e-05,0.007437677755356429,0.9740056168814852
232,0.03087156489053397,0.023135719399130065,0.00010671549775318423,0.013010029559744717,0.932875970652838
233,0.044757837864365886,0.009330375693402969,2.350721739129995e-05,0.01842856911550754,0.9274597101093323
234,0.23550052667808183,0.0669503767541899,0.0002577883879887248,0.04745513178908686,0.6498361763906527
235,0.09894523787456966,0.02947306509858349,0.0001073258912651301,0.09485298550320903,0.7766213856323726
236,0.008828886662690426,0.014339047752652425,0.0003047275788408652,0.03651212762792896,0.9400152103778874
237,0.05805106506311069,0.026968015310725145,7.855907507573383e-05,0.06775187210614624,0.8471504884449421
238,0.40167333551593726,0.06532122830245644,0.00017631689934365262,0.07680274005882219,0.4560263792234404
239,0.1915278784396516,0.045103785296008204,9.684186420178704e-05,0.15651630027924188,0.6067551941208965
240,0.5997614170825881,0.09099507529733769,0.0001807317375599029,0.1297427720831253,0.179320003799389
241,0.6666730651523466,0.06775607352559265,0.0001419937748688978,0.20294696754816077,0.06248189999903117
242,0.2777826911668418,0.2603384575251178,0.005334241833170748,0.32062209348272247,0.13592251599214714
243,0.22901693038895216,0.3089657558303778,0.0014892499409356482,0.3724475357931781,0.08808052804655636
244,0.11056249065308234,0.26698617981852246,0.00232200043457666,0.5845430921016074,0.03558623699221124
245,0.16950716487320494,0.4778671808876316,0.01319105378804258,0.31876949254691234,0.020665107904208724
246,0.06972911220372695,0.712558269730948,0.006460671763282471,0.1852481944450384,0.026003751857004126
247,0.09060430218072679,0.7839060813759247,0.00459116735567464,0.09926501358774817,0.021633435499925743
248,0.02595999087922566,0.9303306625371728,0.022787374501686768,0.013713264189927455,0.007208707891987427
249,0.0354969425532397,0.9014455188672384,0.006322343153911674,0.04296928770311005,0.013765907722500127
250,0.04430584035477103,0.8945931884719814,0.01997718676406909,0.020815217481790143,0.020308566927388253
251,0.03629807397363135,0.8946668806886849,0.021954066875820456,0.02766652586271629,0.01941445259914695
252,0.04925941875992535,0.8954092027010155,0.018005570724329262,0.020466629330177066,0.016859178484552605
253,0.015180464048851507,0.9481473425438799,0.01794198537750672,0.011341108285125122,0.007389099744636918
254,0.0409533938065513,0.9177286435343271,0.01721944438676407,0.009090322534939212,0.015008195737418082
255,0.016149237580428147,0.9457089781379191,0.020336717402327124,0.008935391826856664,0.008869675052468969
256,0.012339634020908919,0.9483166093945735,0.029036015547989014,0.0035315093498720657,0.006776231686656502
257,0.02560376868140594,0.9202408692401993,0.032214947351973416,0.008423787637694111,0.013516627088727149
258,0.07715622455771862,0.8819865970166977,0.005911298024591446,0.022467898942652977,0.01247798145833922
259,0.021616266894170025,0.8822925413233531,0.08305326500099192,0.005992374102184176,0.0070455526793008665
260,0.03322682374224335,0.8973936117377548,0.05645464892496226,0.009139190672493172,0.003785724922546347
261,0.03417521752573597,0.9053399780078742,0.050171489432874444,0.004552750381494773,0.005760564652020612
262,0.013458060372086958,0.8631613552040244,0.11210519141447,0.007813837009969442,0.0034615559994493625
263,0.022533029426458708,0.7689169952112914,0.19698154000446266,0.008641039593524854,0.0029273957642622353
264,0.12577501446213799,0.7195382373628713,0.022830107527121463,0.03557451406982045,0.09628212657804884
265,0.06448342329328274,0.7894885346610269,0.12020218078501811,0.017234287401289343,0.008591573859382716
266,0.04979053863144271,0.7196485721904377,0.21526862326955912,0.01148425316707578,0.003808012741484623
267,0.0707521048126151,0.6849404774075301,0.2284878005557855,0.007984713691989064,0.00783490353208032
268,0.015912701023554632,0.6463618509715104,0.3306719081683109,0.003941460466985715,0.003112079369638299
269,0.016387977232677577,0.5363355366339112,0.44285979216876975,0.0024950466574431168,0.001921647307198328
270,0.00905430224527347,0.4905070501297839,0.4967505981578504,0.0025442486432353203,0.0011438008238570116
271,0.00535435294652416,0.2924660255292362,0.6972936554007728,0.003654746241898609,0.0012312198815681234
272,0.017237740104375794,0.6404784374228846,0.332423648067003,0.004156361384015629,0.005703813021721119
273,0.002674697781459894,0.28666054143079006,0.7096734794852121,0.00041111339909364063,0.0005801679034442738
274,0.0013087196219532349,0.2483246022638254,0.7494987122493375,0.0003847855512322019,0.0004831803136515621
275,0.005042193405908805,0.38024432434971017,0.6136310143130855,0.0002804585053284315,0.0008020094259670942
276,0.0013796984691213383,0.16834240095209177,0.8296187785427062,0.00017865151090807195,0.00048047052517269617
277,0.0017188114783083942,0.23154426083607302,0.765964117755802,0.00021770650411790076,0.0005551034256988155
278,0.00020538671392058864,0.08663515690709579,0.9129375145425135,9.683425347122806e-05,0.00012510758299888623
279,0.00109487584715123,0.1889611349132528,0.809334863884492,0.00026502578527986403,0.00034409956982396406
280,0.00029908443440868147,0.09973731104638872,0.899615792685417,0.00012627400684649974,0.00022153782693917
281,0.0005433059934017663,0.13869439921371834,0.8600416482501512,0.00021276312155027433,0.0005078834211784361
282,0.003108928546661395,0.2278520371741749,0.76724916926633,0.001181925547492018,0.0006079394653418566
283,0.0005926554358916149,0.14087876923006956,0.8571788749181272,0.0007457604103636674,0.0006039400055481317
284,0.014348211982187574,0.6532419299042078,0.28820427595942305,0.014633405759908796,0.029572176394272887
285,0.006906951660568981,0.8133246840716605,0.17062069195469945,0.0036254067238776404,0.005522265589193562
286,0.02064364817911278,0.5465801512193245,0.40814922928946945,0.01048256866286716,0.014144402649226048
287,0.13923858670028513,0.6880204261267217,0.09533496639200076,0.006839567304381169,0.07056645347661118
288,0.12133868160075113,0.7900855493679817,0.04082871818661176,0.010934219132733548,0.036812831711922
289,0.04273791662273545,0.7279534176496779,0.19741502287204915,0.016005220964437118,0.015888421891100298
290,0.05705261703463229,0.8302232505696943,0.08464257245007376,0.010118976223142357,0.017962583722457345
291,0.03742874601716303,0.8606918531080182,0.07669017445493782,0.00875564146354438,0.016433584956336723
292,0.012894156930611791,0.8171732867136989,0.15371822720338704,0.005387445724096231,0.01082688342820596
293,0.018260179807815885,0.8556642944226989,0.10232510254961927,0.002719049437349043,0.021031373782517154
294,0.014244412066614273,0.8498739444028088,0.1265129009470578,0.0017605372076455797,0.007608205375873545
295,0.010540792295087842,0.8767752128848142,0.10586645848388009,0.0023214053628914716,0.00449613097332643
296,0.007311967821004367,0.737648247629849,0.251658525217305,0.000830988744807894,0.0025502705870336763
297,0.02472828083270318,0.7543218306219484,0.20926587984905357,0.0022285925963361933,0.009455416099958643
298,0.04280185417926372,0.7990346117241768,0.12572781473621475,0.013758003474426985,0.01867771588591781
299,0.014753406082771507,0.5756473029320277,0.4045828528987978,0.002080889992443392,0.0029355480939594765
300,0.0033309658132751425,0.3825407650320275,0.613127855132179,0.00043808455331299226,0.0005623294692053018
301,0.015103944701238815,0.582318924854042,0.3903778878852869,0.0038981267942813417,0.008301115765151005
302,0.00415541664909337,0.4149788034250216,0.5776286807210685,0.0009426904877806191,0.002294408717035964
303,0.005258724010041575,0.33662021485336235,0.652358206961292,0.0015266708093880572,0.0042361833659159236
304,0.0018344972024364875,0.2655425302211384,0.7308849507339177,0.0005048450639433943,0.0012331767785640965
305,0.0027024534562050152,0.30514928636717553,0.6897322737152948,0.0009641924196593753,0.0014517940416653686
306,0.0026219224379686436,0.07333594902165717,0.9225787092393732,0.0009132571460226375,0.0005501621549783467
307,0.004328819864496452,0.2537036380404849,0.7319848064505373,0.0027373160806089996,0.007245419563872355
308,0.007508736187709403,0.41552450899506344,0.5509091882609729,0.0028806904907150033,0.02317687606553937
309,0.00359951775175322,0.27484726964345063,0.7152696010314843,0.0021973022115041848,0.004086309361807855
310,0.013379050438895116,0.4022128623720213,0.5173618804915733,0.004402850603552718,0.06264335609395762
311,0.08687607180983936,0.7347362372851032,0.11460495751284168,0.013153933786046635,0.0506287996061692
312,0.10163210864618938,0.7419110073920621,0.1063969136941521,0.01622534217623317,0.033834628091363346
313,0.03746075308632458,0.44402018724730546,0.437344657183706,0.017388400169639683,0.06378600231302416
314,0.06888238170772337,0.5950262977110172,0.2650074535075482,0.01281382955186119,0.058270037521850074
315,0.09261432258202489,0.7971156364612328,0.09492426505953151,0.0032105674092593726,0.0121352084879514
316,0.03527773825621245,0.8600661575727745,0.06283805360040533,0.008230306652502241,0.0335877439181054
317,0.039564115931454195,0.8392774334564499,0.11650952296507382,0.0011084301031008673,0.003540497543921347
318,0.0254524648889879,0.7420136764111827,0.2278321407133959,0.001308576305458542,0.0033931416809752147
319,0.026233486221028085,0.7214969767114555,0.24450312871770286,0.0011391111862860256,0.0066272971635275854
320,0.012481406227866223,0.712909901690051,0.2706930423090898,0.0008885534125863682,0.003027096360406432
321,0.0033229034433646942,0.4115441080407583,0.5836882093987824,0.0005016683581696935,0.0009431107589249173
322,0.0074110439362727095,0.5368483159797396,0.4540595500910523,0.0009327549744207944,0.0007483350185146544
323,0.0011603719882578157,0.2852789127725508,0.7129465593358444,0.00021338612223633765,0.00040076978111052867
324,0.0032579871606176368,0.35237100863665904,0.6421416652191719,0.0006824451105919802,0.0015468938729593612
325,0.0038782083958037216,0.3840579602288203,0.610693474106883,0.00038635418707385185,0.0009840030814190956
326,0.006065572849671662,0.24233863953202,0.7500486721889151,0.000676753823262175,0.0008703616061308887
327,0.0019638938271935385,0.29453058203378873,0.7028251499583273,0.00018020244984809968,0.0005001717308423173
328,0.0007603368625572711,0.19651869519873522,0.8021108673557222,5.173392234599906e-05,0.000558366660639195
329,0.0007763277803692741,0.07462138807439422,0.9236933809349078,0.0001396055814120833,0.0007692976289166185
330,0.0019039359205592927,0.3026526409562686,0.693228987569519,0.0002171430232991966,0.00199729253035392
331,0.0035707265567907513,0.16620696335170745,0.8280253828612617,0.00023972569357185022,0.0019572015366682064
332,0.004903029679104536,0.1719576555281432,0.8181522679050098,0.0002949259125692029,0.004692120975172994
333,0.013473214352507748,0.17754107062097815,0.8055166004731168,0.0001839570697475606,0.00328515748364961
334,0.0006717339177296107,0.14582949956330024,0.8524716237135928,6.566214492765837e-05,0.000961480660449716
335,0.0010516367004322663,0.10854288418398306,0.8894082688414057,0.00011866308817551588,0.0008785471860036124
336,0.001375186104188921,0.16071797888832695,0.8364796282499743,0.0002131147268457327,0.0012140920306639687
337,0.003928074139930946,0.1506276892628862,0.8422313618110826,0.0007183962580618708,0.0024944785280384698
338,0.001605842150519097,0.1163625891041037,0.8803229839366115,0.0004337393578396848,0.0012748454509260874
339,0.0013320666628609085,0.1739413484584846,0.8230225183695884,0.0005693902209333887,0.0011346762881326888
340,0.03358537012629828,0.6679474043591787,0.15698317124651992,0.008727660537401588,0.13275639373060164
341,0.022803420371180546,0.6717282414690611,0.2496191975040551,0.009084687153650824,0.04676445350205244
342,0.0664907738821367,0.8806161111564395,0.031589398458371575,0.0052943754832136675,0.016009341019838665
343,0.010867377585599082,0.5592528276490444,0.418420414948555,0.0018177319572019468,0.00964164785959958
344,0.10811469063212553,0.8482656854748335,0.003333865963223022,0.02384436601456348,0.016441391915254493
345,0.09684266014061423,0.6518804366682228,0.03999064006020566,0.007884568110293103,0.2034016950206641
346,0.23770347089945434,0.6322439336341736,0.015644649845165202,0.04798683785956826,0.0664211077616386
347,0.07332235466945453,0.9006015954578621,0.008000499966637526,0.009621987176835033,0.008453562729210612
348,0.13717074235658697,0.751822937483424,0.013465684935748418,0.054753927760849766,0.04278670746339092
349,0.2598998416614065,0.5093508098639588,0.008839490559508462,0.1458130170284742,0.07609684088665224
350,0.025593054424106663,0.8034602293309275,0.1351621730396177,0.030541775647527296,0.00524276755782086
351,0.03347892839066031,0.8727773025038523,0.054850988698198565,0.0337551844760368,0.005137595931252136
352,0.16149043990613846,0.5359407059464475,0.04881838568752241,0.22369745539280864,0.03005301306708302
353,0.09622169264477086,0.7222731355326542,0.009817188573978806,0.12801417491438263,0.04367380833421373
354,0.09348712881024958,0.6994404774336963,0.1008870204158663,0.07756963529228911,0.02861573804789869
355,0.059838631924521,0.7755705715147929,0.09654085362407319,0.04762374309236054,0.020426199844252386
356,0.10585598947067486,0.5193305625125773,0.16935710840906704,0.022120422355369537,0.18333591725231133
357,0.17340274660290844,0.7075935113537293,0.015184260273597185,0.08719595121345614,0.01662353055630908
358,0.12286546820200342,0.7028523258788709,0.13057311447698222,0.010428399790268631,0.033280691651874784
359,0.025722113203489515,0.8897908699795254,0.06573252178410109,0.005629944211822391,0.013124550821061535
360,0.026433631778684883,0.9010930134953863,0.022367272975120513,0.0340870797065157,0.016019002044292744
361,0.030061808807199924,0.6890302412890442,0.11712599745252791,0.05495642071258003,0.10882553173864776
362,0.05580423552150474,0.6895210174190729,0.10801802325590343,0.08371084609748272,0.06294587770603624
363,0.05543526926676821,0.10035111263003513,0.006586057497763797,0.24002004070451163,0.5976075199009212
364,0.171445137735202,0.24797184419763538,0.005167430230264595,0.4653993661258972,0.1100162217110008
365,0.0595439950135554,0.021658947152392676,0.0006431071214790366,0.454320010009119,0.463833940703454
366,0.13661864280353683,0.02994224590345503,0.00029946320821110025,0.19763136270748263,0.6355082853773144
367,0.1719335134583524,0.08637477679090395,0.0032592647344071423,0.26490408630699025,0.4735283587093462
368,0.20328112896085282,0.06654390413922086,0.0005204298954192152,0.2053643356995906,0.5242902013049165
369,0.2347969069667407,0.06149455976755753,0.0006384524382933501,0.33679763716900607,0.3662724436584024
370,0.1314454690133617,0.05701608311959291,0.000783663244498701,0.37263500861876037,0.4381197760037863
371,0.5694008265398062,0.031114337851858898,0.00020480104565186332,0.30718915800816116,0.0920908765545218
372,0.09378508525739493,0.023246467605839698,0.0003714239476103949,0.17070274527306764,0.7118942779160873
373,0.2807820423086837,0.10095059595954771,0.00047712822392044464,0.27089258601964855,0.3468976474881996
374,0.33435100261120965,0.12287176783818748,0.0009165735025316565,0.21132233296700284,0.33053832308106834
375,0.0990118693453141,0.03221496154905948,0.00048647350654684317,0.15619113960399442,0.7120955559950851
376,0.028864972865295418,0.004229162840550171,0.00016133279400658867,0.02884642728968368,0.937898104210464
377,0.08746951046382896,0.023393933853840237,0.0012416416784774376,0.08444248671308989,0.8034524272907636
