epoch,N1,N2,N3,R,W
0,3.198152526684285e-06,6.098333088850502e-06,1.295949252306544e-06,4.876317053145059e-07,0.9999889199334268
1,5.464294329789569e-05,1.6690021956656827e-05,1.4676696566937275e-05,3.233585364213514e-06,0.9999107567528144
2,7.332964475759687e-06,7.918181108190391e-06,1.9632862354817475e-06,7.044479825186651e-07,0.999982081120198
3,1.8203648027816038e-05,7.335703239404932e-06,7.484000826307253e-06,1.2359696958214993e-06,0.9999657406782105
4,3.3055591684751265e-05,1.1992592193926192e-05,9.593030929482324e-06,1.7933227943972235e-06,0.9999435654623975
5,0.00017685070495349962,0.00014890753967321114,8.920573923517529e-06,1.2386491264302797e-05,0.9996529346901855
6,0.0002988793538935686,6.968001632650251e-05,1.3069575359153631e-05,1.894907237838752e-05,0.9995994219820423
7,0.0009234807618700892,0.00016443194400019966,8.161320449363986e-06,3.184284654703221e-05,0.9988720831271333
8,0.0046518708567612815,0.00022989740031451706,1.7911523815549436e-06,0.0002487596688460609,0.9948676809216965
9,0.008412947097199412,0.0005280360490806104,6.334147532415383e-06,0.0002136932933529378,0.9908389894128345
10,0.005554677018316977,0.00037895896027648397,1.6342279251209762e-05,0.00011424192309721296,0.993935779819058
11,0.1243881141008195,0.002202079872306832,1.700348631628467e-05,0.0009450095333613845,0.872447793007196
12,0.37418233165479636,0.02050574004648911,7.819538056668233e-05,0.0028244230310165443,0.6024093098871313
13,0.13266515346712976,0.2168236015276423,0.012801200117619977,0.0008759140204695659,0.6368341308671384
14,0.40633163409332235,0.2968055816232284,0.0005632727072421673,0.03227116324298847,0.2640283483332185
15,0.06551322374405454,0.856324291827457,0.022323869525486827,0.001843304033899394,0.05399531086910243
16,0.019769625629158367,0.9183224177717835,0.04555365918318899,0.0009965832012256207,0.015357714214643619
17,0.01852854917448388,0.8164976261198101,0.15281317671115288,0.002092495413705904,0.010068152580847086
18,0.010919998771314735,0.8863112436081798,0.09118451257552342,0.001459193930592523,0.010125051114389445
19,0.014275534126098492,0.9171381911727611,0.06099862238537795,0.0023521475203517692,0.005235504795410503
20,0.011182404280165675,0.7225555708451461,0.2577551889589089,0.0009233770183491751,0.007583458897430183
21,0.004634449206810888,0.6110643224397169,0.3773838006020653,0.00046360898625727275,0.006453818765149693
22,0.0071977622254970515,0.6512873002377499,0.33326228636962757,0.0006027961519413518,0.007649855015183982
23,0.006817924242597795,0.6723594278699564,0.31292931974663735,0.0004546939101289797,0.007438634230679512
24,0.004571861809273915,0.5570510129462839,0.4331024305803966,0.00045476497347161633,0.004819929690573932
25,0.0013990864641175076,0.36771946643963954,0.6254962931126946,0.0002137748662721318,0.005171379117276172
26,0.0017708243336243673,0.25970348291191064,0.7371221577093724,9.714232951725079e-05,0.0013063927155753335
27,0.0005876988174606227,0.2881431826426965,0.70892943614279,7.788867108673728e-05,0.002261793725966165
28,0.000674831773868974,0.3541805698014623,0.6414071983770182,8.023672940500967e-05,0.0036571633182455932
29,0.0010169537409243543,0.4232440962339487,0.5709445113854047,0.00014306000726175484,0.004651378632460406
30,0.000773630550518805,0.25357479250108445,0.7435231656055387,4.18603245147845e-05,0.002086551018343307
31,0.002071642166736167,0.245671237952952,0.7482214278200663,3.2176556410206604e-05,0.0040035155038352635
32,0.0020054783136714783,0.19768090134407462,0.7964970126345248,2.7477044259962867e-05,0.003789130663469111
33,0.003956073089782993,0.19829854108354153,0.7914689967376007,4.3870417939628406e-05,0.006232518671135131
34,0.00979718290051121,0.10490798592637625,0.8798621716596959,4.363706394455864e-05,0.0053890224494721455
35,0.0007071408306216082,0.0562461692930999,0.9390866473020312,1.474050196100795e-05,0.0039453020722862294
36,0.0018975299603964278,0.08851916352358792,0.9053549888868679,2.546762828507201e-05,0.004202850000862513
37,0.0011072963289302828,0.06239047111042855,0.9329267441296498,1.8232510728351396e-05,0.0035572559202628464
38,0.0007643433245071375,0.11556962788163871,0.8817435207553872,1.2323061231179919e-05,0.0019101849772357412
39,0.000572254191315996,0.08453775360640108,0.9132374268600431,1.3467826668124011e-05,0.0016390975155718326
40,8.334079527627078e-05,0.019444363805432963,0.9798796488125505,4.000205501170798e-06,0.0005886463812390568
41,0.00020693023745269317,0.03589548621427814,0.9630317907601608,1.0390292773518388e-05,0.0008554024953348911
42,0.00011808618535739415,0.026140482350347174,0.9732529960834956,8.70249887317088e-06,0.00047973288192665775
43,0.0006377567633003697,0.03370155075964001,0.9647994404749584,1.5325273477245552e-05,0.0008459267286241645
44,0.00011515866658628095,0.023563885155291595,0.9758221399988715,5.515252734470903e-06,0.0004933009265163433
45,9.154122498389715e-05,0.021780150320859934,0.9778375809006252,5.081806602624889e-06,0.0002856457469282605
46,0.0002198482420814467,0.03520995563210723,0.96373569691135,3.8022555990065027e-06,0.0008306969588624291
47,5.7717517197287456e-05,0.014041258883606399,0.9856255605846554,1.6473914572235893e-06,0.0002738156230838429
48,8.815075949374325e-05,0.018519381049163206,0.9808216467149775,1.958970131365742e-06,0.0005688625062343444
49,5.611712405726694e-05,0.009376981863883924,0.9902630118440304,1.4582569228564133e-06,0.0003024309111057232
50,0.00010196411882718654,0.011626836696449138,0.9876945059749535,1.7401858706016766e-06,0.0005749530238995092
51,0.00013182201826842925,0.01989898301744928,0.979458442460329,2.7841034347775793e-06,0.0005079684005185367
52,8.878587863582833e-05,0.013157290445555936,0.9862414775809769,2.66742696659009e-06,0.0005097786678648593
53,0.0001891806236672515,0.023380562622885796,0.9759591459104796,5.8022275065342725e-06,0.0004653086154606944
54,0.00031880380200822377,0.04180415106465488,0.9573281309522835,9.637177718403805e-06,0.0005392770033347557
55,9.296113634932305e-05,0.022584516093568943,0.9769662874217873,4.114309313235157e-06,0.0003521210389813888
56,0.0002987931533753948,0.03456728169407998,0.9640659618941906,8.883869055558458e-06,0.0010590793892983495
57,7.390294193912811e-05,0.013929950862259406,0.9856409128208797,2.820418375480078e-06,0.0003524129565461343
58,0.0001401501685321678,0.021410022325947953,0.9778959973576966,4.600946843467788e-06,0.0005492292009799065
59,9.946560050844562e-05,0.009689035593042891,0.9898825310164774,2.3498974872625993e-06,0.00032661789248411517
60,9.531057097897763e-05,0.007818843728532292,0.9917685208077837,2.5299271963061237e-06,0.00031479496550872237
61,0.00015667937905064762,0.016989053405334183,0.9821718228196846,3.932686130770663e-06,0.0006785117097998483
62,8.661373261156818e-05,0.01578107241724261,0.9832967879879023,3.1826693974025883e-06,0.000832343192845974
63,8.109232083980808e-05,0.01247342316065602,0.9867352848966917,2.7452976033496777e-06,0.000707454324208834
64,0.0001521065537359427,0.024370467378565887,0.9741607447084425,5.021915071400265e-06,0.001311659444184225
65,0.0001789448968181817,0.010753998206234407,0.9878892559713288,5.784365454339007e-06,0.0011720165601642005
66,0.0001765425629259786,0.008057530888106727,0.9892753630907588,7.445383555465962e-06,0.002483118074653245
67,0.00019209073032382478,0.020269937316920887,0.9693485280412557,1.571846602360665e-05,0.010173725445476053
68,0.00024068238223232049,0.011137755181856081,0.9869523070302919,1.3416666639158934e-05,0.001655838738980668
69,0.00011520186019705204,0.008214240068806257,0.9906559800761081,6.1025774847406675e-06,0.0010084754174038031
70,0.00010967481354814813,0.013877554986452236,0.9850776820152127,6.74427164491453e-06,0.000928343913141936
71,0.00015349224269393008,0.013386679194574083,0.9858645625011112,6.829000611659807e-06,0.0005884370610092952
72,0.0001602356953974734,0.011502094865450327,0.9879189392622231,4.0914489874660115e-06,0.00041463872794155707
73,0.000173621508513419,0.016734512763509842,0.9824382795978233,6.10216100651761e-06,0.000647483969147047
74,0.00014598149466549042,0.024162940793186333,0.9750280477013684,8.100340730881922e-06,0.0006549296700488861
75,6.182418188615242e-05,0.01381504621425475,0.9856786078104184,3.718907984049609e-06,0.0004408028854566788
76,6.448438105159212e-05,0.011383290161256703,0.9880934968271202,3.893510548557155e-06,0.0004548351200229748
77,9.749544732474958e-05,0.010098963111585247,0.9893127118461781,3.862067377998531e-06,0.0004869675275339805
78,0.00012947257554316748,0.016838244412078453,0.9820762178632496,8.308176953110853e-06,0.0009477569721755099
79,0.00014005843243570826,0.0161246048293819,0.9830201039039107,6.29184380977737e-06,0.0007089409904618329
80,5.754054007886846e-05,0.013633745607517674,0.9857536026613644,4.873354703091461e-06,0.0005502378363360711
81,9.239287547038204e-05,0.022153516165675492,0.9771655075750164,5.413660645393396e-06,0.0005831697231922707
82,8.701526400701835e-05,0.00982581951998267,0.9896191283698339,3.879099074255984e-06,0.00046415774710196865
83,0.0002155989026980854,0.025930303207668898,0.9732057812319994,1.3990206638810517e-05,0.0006343264509947978
84,0.0001501389469851397,0.01392849675398234,0.9852668929752124,7.0728526730080945e-06,0.0006473984711470624
85,8.983992621157286e-05,0.019298367551251562,0.9799627326557534,8.719006781572078e-06,0.0006403408600017732
86,0.00012103884122630493,0.014166424100555148,0.9851472894972693,6.789756290525498e-06,0.0005584578046588354
87,0.00023043773547020013,0.017618530985691425,0.9813118663979463,1.0323480449149899e-05,0.0008288414004427991
88,0.00011514794014555226,0.014149566791307494,0.9847855245176367,9.109923228099967e-06,0.0009406508276821745
89,0.00023446804811608503,0.025908638100171525,0.9729152084622245,1.7136499522127102e-05,0.0009245488899657835
90,7.039657488590378e-05,0.01082884273302618,0.9886676180940166,6.728658166296353e-06,0.0004264139399050038
91,0.00020176068620522314,0.024819556017862673,0.9742909774386452,1.2102900403965607e-05,0.0006756029568827802
92,0.00010097024370022676,0.011927957884828984,0.9874523777548739,5.92725394555138e-06,0.00051276686265149
93,9.835536181103727e-05,0.0178852940374958,0.9814367122604287,6.862068387639001e-06,0.0005727762718769902
94,5.7358750291986806e-05,0.008934003852417462,0.9907162421209149,3.4224400235930472e-06,0.0002889728363522836
95,9.694725616498752e-05,0.01487997720182279,0.9845924601999745,4.504785584454476e-06,0.00042611055645328964
96,5.399804646935659e-05,0.009609755013989911,0.9899579629564383,3.2994654904211963e-06,0.00037498451761192313
97,0.0001263783486169094,0.01944448052856599,0.9800283764177158,5.743082400291586e-06,0.00039502162270105544
98,0.00010889648075143737,0.01474463183028468,0.9846691397628542,5.195442218997073e-06,0.00047213648389084515
99,7.84355903532668e-05,0.010258887373781101,0.9893371894681883,3.314279489174487e-06,0.00032217328818821036
100,6.351154250667682e-05,0.011839291685253358,0.9877454814699352,3.3396041560604858e-06,0.00034837569814853155
101,7.015423236794836e-05,0.012704260833551808,0.9868230773289068,5.130489367011719e-06,0.000397377115806298
102,0.00010895389666851701,0.010153463223855238,0.9892103878213997,4.762634817133644e-06,0.0005224324232594643
103,6.196735893714921e-05,0.01088351963218672,0.9886537225564416,5.117319848092088e-06,0.00039567313258645183
104,0.00011466499587336279,0.016241807317661262,0.9830146516070537,8.97055591693322e-06,0.000619905523494654
105,0.0001297981028248295,0.016279807667512913,0.9829131871982989,1.358478780545553e-05,0.0006636222435579312
106,9.101617688775229e-05,0.017976206699600886,0.9811420316892181,1.1127609986546986e-05,0.000779617824306532
107,0.0008562136542289246,0.02093515283729911,0.9743046342279048,3.090684918260972e-05,0.0038730924313846874
108,0.0003560544776393263,0.024460744406674544,0.9736412050206577,2.4504249881323093e-05,0.001517491845146978
109,9.794519747137417e-05,0.014562214474816444,0.9846349782069155,9.931991319815986e-06,0.0006949301294766867
110,0.00015783204230451756,0.014271545621041328,0.9846805449203829,1.4370179563418777e-05,0.0008757072367077749
111,0.00013458054562602654,0.020756636036317486,0.978615543738102,8.34217888125548e-06,0.00048489750107341136
112,0.0001258365772331338,0.00843296687944499,0.9909161545654176,1.0255654992920757e-05,0.0005147863229113951
113,0.00013839941951696908,0.017163850472291277,0.9821100456587524,8.880672482563396e-06,0.00057882377695685
114,0.0001494052638472181,0.026824386582572714,0.9725785294280531,1.0584048707362205e-05,0.0004370946768196384
115,0.00017598597720570923,0.026485942906998225,0.9726890891476682,1.1437995616550218e-05,0.0006375439725114315
116,0.00019281622436160151,0.03172109520202221,0.9675067535349324,1.0184094857821663e-05,0.0005691509438260467
117,0.00042726118637996334,0.061591767762576945,0.9374297770174188,2.367941474943937e-05,0.0005275146188747608
118,0.00010010840073350726,0.027851595891715597,0.97157799368922,6.563037895625616e-06,0.00046373898043527366
119,0.00020505488413884412,0.0364149916832868,0.9626622911319899,1.1495832685436185e-05,0.0007061664678990566
120,0.0005226788416138541,0.06075312785994778,0.9381318951273344,2.4599063523008505e-05,0.0005676991075809183
121,0.00020210299372321074,0.049743193211252826,0.9494885823787134,1.4132033268321659e-05,0.0005519893830421382
122,7.895039148057999e-05,0.018188959186960618,0.981454228386745,7.428540212737165e-06,0.00027043349460089555
123,0.0005885654727791726,0.04439284071911426,0.9545624593271721,2.5589376814246067e-05,0.0004305451041202946
124,7.877752575065224e-05,0.011497860169989773,0.9880291408833117,7.249207414276631e-06,0.00038697221353337
125,7.901346339816879e-05,0.01708889901354334,0.9824845521797176,6.87925455551491e-06,0.00034065608878534366
126,8.283785292069342e-05,0.01592216711382053,0.9836323915703798,8.279274786180456e-06,0.0003543241880926476
127,0.00032558404779371453,0.0322620673241361,0.9665813485298074,1.583229620086837e-05,0.0008151678020620506
128,0.00010110393404286703,0.018464333171275892,0.9810738380027344,9.500369489294022e-06,0.0003512245224573615
129,0.00025097278448234624,0.030897258698023292,0.9683958975452649,2.0517991081376184e-05,0.00043535298114803176
130,5.541843955016322e-05,0.014371771566635154,0.9853626584725097,7.962694740125176e-06,0.00020218882656480262
131,8.590003653734083e-05,0.011522921455099536,0.9882065633910021,7.693033524386775e-06,0.00017692208383660878
132,0.00015199189271216176,0.017316427601539442,0.9822279882512622,1.7258078620652763e-05,0.0002863341758656579
133,0.00012002357077384152,0.0222425894184251,0.9772594953600243,1.6088487263712075e-05,0.00036180316351309006
134,0.00016419534536970217,0.02299954398352356,0.9764010181660332,2.2034929145424374e-05,0.0004132075759281908
135,0.00014770075375578588,0.04031609387910467,0.9591102417201176,1.86358783385854e-05,0.0004073277686831621
136,0.00014010672896750323,0.02609173472231266,0.9733323127176164,2.0531470919303167e-05,0.0004153143601841182
137,0.00027147038614321886,0.08021472540756579,0.9186570048256016,3.3745315086175734e-05,0.0008230540656032907
138,0.0005016715106386826,0.06187200178966472,0.9361978190443878,3.0279995165212636e-05,0.0013982276601435567
139,0.0005126894714058864,0.04213325141093968,0.956417866241921,4.042756194930038e-05,0.0008957653137840422
140,0.00038291924281488133,0.052360097555092376,0.9467834735157227,3.563010289893414e-05,0.0004378795834712384
141,0.0001231758175165962,0.03314917622645951,0.9662510088944068,2.086107781720938e-05,0.00045577798379981194
142,0.00013490627164832,0.011871727513618357,0.9875875506302352,2.5129128293804822e-05,0.00038068645620441846
143,9.064572985467241e-05,0.018033700975527346,0.9816051114048896,1.5246195854066161e-05,0.0002552956938743302
144,9.307311403477923e-05,0.02156484602426712,0.9779787921565071,2.2679541422695788e-05,0.0003406091637683071
145,0.00016965389452520542,0.026824286609541743,0.972665495415121,1.9641893234187036e-05,0.00032092218757787827
146,0.0002063901679237117,0.020574333602354722,0.9789044123262481,1.6188894969981542e-05,0.000298675008503374
147,4.996889705070637e-05,0.011473334976924345,0.9883065751930189,9.941710890952721e-06,0.0001601792221150705
148,0.00012793915457114688,0.02606256348806054,0.9735334889443025,1.9015237579260027e-05,0.00025699317548655195
149,0.0001330847620055597,0.01956173405919988,0.9799384931199808,2.2062837227721182e-05,0.00034462522158596
150,0.0002835009806110985,0.05320124457583178,0.9461290548439002,4.302089102700085e-05,0.00034317870862993617
151,0.00025136135417407735,0.05727834074423283,0.941989672238224,3.363540316860695e-05,0.00044699026020038275
152,0.0002038072162429327,0.01902987219817223,0.9803562617449131,1.5933442872161315e-05,0.0003941253977996388
153,0.0004566332432123486,0.025726417653797667,0.9732150999180745,2.589770727834595e-05,0.0005759514776370984
154,0.0007849861007502183,0.05414069505949638,0.9444840249817782,5.222275401694782e-05,0.0005380711039583891
155,0.000444384513359748,0.047778330039552334,0.9512874857727304,4.5454046941242955e-05,0.00044434562741625314
156,0.00012788417228284317,0.022818645154078613,0.9767072341067041,1.759127583649909e-05,0.0003286452910980301
157,0.0003077521364338195,0.03813008938203142,0.9612431671958132,2.1009211675981578e-05,0.00029798207404550044
158,0.0002060055683702083,0.028813097815665413,0.9706352755628493,2.842784037075159e-05,0.00031719321274418355
159,0.0001957986109427114,0.03002044240548678,0.9692836918682987,1.7102120096302904e-05,0.00048296499517557146
160,3.962318315629103e-05,0.016837112470251547,0.9829335957730974,1.359366530707209e-05,0.00017607490818765263
161,0.00012006371916573836,0.022294951242117087,0.9773368885034311,1.2923013941179852e-05,0.0002351735213448869
162,5.767201862977845e-05,0.01965124800746621,0.9799779843819253,9.553050758605528e-06,0.0003035425412201124
163,6.771385715082264e-05,0.020915836605281093,0.978713178385471,1.3575651512531807e-05,0.00028969550058462196
164,0.00025238298509345304,0.04790445791075975,0.9515422685333487,2.361012357915058e-05,0.0002772804472187749
165,9.90627026916022e-05,0.02719353885578505,0.9724393090016016,2.0928537095861527e-05,0.0002471609028260588
166,7.26799117135345e-05,0.025802274797898036,0.9738726578337585,1.2629192496665598e-05,0.00023975826413340822
167,0.00012365644338228286,0.026706009027628055,0.9729519550042592,1.2654911041433606e-05,0.00020572461368893543
168,0.00013668308773579765,0.030055432763149918,0.9695077789654196,2.3483206068132795e-05,0.0002766219776265267
169,0.00021051950475168497,0.04253197349948015,0.9568573103197973,3.0075775309859708e-05,0.00037012090066108113
170,0.00018020911593479973,0.028357452394091064,0.9710128647385482,2.374808952002955e-05,0.00042572566190610003
171,0.0006595746428406712,0.07131263555010332,0.9274883962437248,6.085879432909536e-05,0.0004785347690021032
172,8.208585077149362e-05,0.020483730011368214,0.979079402406629,2.171363745089295e-05,0.0003330680937801491
173,0.0001632475057071057,0.032377366757549736,0.9671126235992744,3.345611269083045e-05,0.0003133060247779116
174,0.00023037027550835675,0.024492701697844486,0.9747760175647231,5.3085325093366795e-05,0.0004478251368305674
175,0.000368317821924708,0.0715581341048008,0.9274999010797741,0.00011067170659258464,0.00046297528690793265
176,0.0002617257025711,0.060626322542925756,0.9387017830054366,6.001391843602291e-05,0.0003501548306305953
177,0.00024061596567852015,0.07266782205736017,0.9265774764978238,0.0001248557647387853,0.00038922971439867726
178,0.0006313524739197923,0.0869230324157113,0.9115862454770696,0.00019157352919280544,0.0006677961041064925
179,0.0011209084564845432,0.0751919001415076,0.9219292627880047,0.00034846238490554105,0.0014094662290976482
180,0.0008641855954915004,0.10288136817031492,0.894556503193958,0.00045113609539045816,0.0012468069448451416
181,0.006567605698478866,0.12262847079177738,0.866125057326648,0.00217816438812691,0.0025007017949687945
182,0.006381258047030814,0.3975944549448694,0.5510817212927281,0.012295427708735493,0.03264713800663627
183,0.01524688772490509,0.022646261390780784,0.004620747961381066,0.010636790328892457,0.9468493125940405
184,0.5038963409260113,0.27825459604278047,0.0008434311581088112,0.09029160997074846,0.1267140219023509
185,0.48482072827112765,0.4369384293622631,0.0026478698762878944,0.05517289101363337,0.02042008147668793
186,0.25031819721258125,0.5087173786845475,0.0028123815218607665,0.032252317592130465,0.20589972498888
187,0.13889882700837689,0.5408029738962118,0.0012573432644908244,0.30514845572735455,0.013892400103565994
188,0.059480793840997505,0.16012540640684594,0.00026129086415788166,0.7678939487682971,0.012238560119701649
189,0.08448104913451178,0.2417569971087021,0.0012310610872927684,0.6510692371110348,0.021461655558458404
190,0.010596710297959446,0.03918388871556988,5.452682427766692e-05,0.9464485237244998,0.003716350437693294
191,0.023404750935609068,0.055844832525865425,5.876982368038322e-05,0.8984510282626228,0.02224061845222244
192,0.017658519122878726,0.0470767529573463,3.9288906961990984e-05,0.9253650507018173,0.009860388310995774
193,0.008508937571300638,0.02743007143885184,2.3156473546512292e-05,0.9615854949635594,0.0024523395527416363
194,0.025525092690594504,0.06214409333564083,8.193506543335396e-05,0.8887027108909764,0.02354616801735502
195,0.008055176967622528,0.013125992464793814,1.3746490660999622e-05,0.9729757299414359,0.005829354135486739
196,0.03071021221519325,0.017845407512502395,1.071004278376171e-05,0.9230147681742226,0.028418902055298036
197,0.01548033861588409,0.01315996742834015,1.3371119680570018e-05,0.9671584525152059,0.004187870320889203
198,0.01187843741466117,0.022360135015440194,5.5325915923994745e-06,0.9602681063006683,0.005487788677637742
199,0.016656629785815974,0.020987158283941477,1.142698688068196e-05,0.9541986407839623,0.008146144159399474
200,0.007214185956705762,0.02192472316936052,5.550504298420549e-06,0.9674731085881656,0.003382431781469815
201,0.0050029872406948785,0.010206718677719264,1.8605322087598722e-06,0.9825748018960592,0.0022136316533180184
202,0.007515635731021972,0.020172747681556844,4.890985261786951e-06,0.966269372490808,0.006037353111351424
203,0.0133710278004741,0.019292956884642623,9.339648197124392e-06,0.9521569332517416,0.01516974241494452
204,0.0155825132126515,0.01851993287736511,6.222879478335193e-06,0.9539580299355291,0.011933301094975857
205,0.009309062826027408,0.027845753824698394,6.082798630342781e-06,0.9586442318478916,0.004194868702752197
206,0.02103045130372781,0.06133686830186365,1.4815563287809744e-05,0.9032297344465842,0.014388130384536508
207,0.009984758391919759,0.034077310868376585,2.2617929525122787e-05,0.9520253762347286,0.0038899365754499608
208,0.01579962822256841,0.026195550333885684,1.840203156454115e-05,0.948625971045166,0.009360448366815275
209,0.01978084826406242,0.030605985045787664,1.525234360110506e-05,0.9369872429166418,0.012610671429906954
210,0.011909069966334018,0.01811241726867146,4.558742399068482e-06,0.9640508386126034,0.005923115409992018
211,0.041775349033947695,0.0992051377510615,2.619547613724252e-05,0.8413648125501721,0.01762850518868144
212,0.0576372903544935,0.09172576211826539,2.2410763212284886e-05,0.8236456797801881,0.026968856983840644
213,0.0658281479376813,0.06329077944314043,3.036974362733089e-05,0.8256167636917595,0.045233939183791455
214,0.06796763516863154,0.09542408239420028,3.9147760364537795e-05,0.8183032446086363,0.01826589006816731
215,0.0769446170813372,0.24479359345051452,0.0014411089053075182,0.5925952668744215,0.08422541368841915
216,0.11830841155968215,0.26216103531369,9.217558438598821e-05,0.5347159743656716,0.08472240317657038
217,0.12064811479920055,0.18536322486356216,7.796932115664422e-05,0.6631352672293781,0.030775423786702547
218,0.08394615156285605,0.3297409689416869,0.00017939047595915463,0.5733580155748924,0.012775473444605437
219,0.07199388908711954,0.35864333723267444,0.00014595847036339587,0.5506057098811299,0.01861110532871278
220,0.03330735589885141,0.1057761327004257,5.862761408916467e-05,0.8488962993275695,0.011961584459064284
221,0.04898867134093748,0.4555543186160868,0.0001650942699633472,0.4785847820700922,0.016707133702920186
222,0.039988934777288807,0.09452731440404928,1.567687151723695e-05,0.8501321020170325,0.015335971930112255
223,0.0666896231355293,0.43370579926816794,5.3134408025387e-05,0.481359686472785,0.018191756715492374
224,0.052128187894508085,0.28010986262906007,4.029500680583068e-05,0.6402041448804816,0.027517509589144458
225,0.03571873074793337,0.38390896750585946,0.00010172428104795619,0.5626104661011173,0.017660111364041886
226,0.024298449160248682,0.0590091956009852,1.3845750767089273e-05,0.9086538830406842,0.008024626447314748
227,0.05701376894587471,0.22129230536522038,2.1269440084516384e-05,0.7049721558706182,0.016700500378202192
228,0.0863328076243969,0.22513987153455733,4.1731147358123924e-05,0.6469409283444506,0.041544661349237115
229,0.1181845481327849,0.24490227057263325,7.056387203600647e-05,0.6069212581635043,0.029921359259041616
230,0.1085873400674103,0.3284399779581632,5.522312681635915e-05,0.5402156912921743,0.02270176755543578
231,0.150346065763625,0.3040208497888556,0.00012115305974511644,0.5209238983537577,0.02458803303401657
232,0.11333142845228894,0.2813863534734202,0.0003074313189792654,0.5975792360881312,0.007395550667180181
233,0.10302007907073203,0.21304455739056374,0.00017562216429569882,0.674163665380476,0.009596075993932576
234,0.1358374685604868,0.3999583324161776,0.0003496443913548342,0.45233673058387125,0.01151782404810929
235,0.2500114050871562,0.39447635375128837,0.000440254991094987,0.33962060381248194,0.015451382357978619
236,0.023063191073918066,0.9458645977854582,0.0026641907606941204,0.026478256399565785,0.0019297639803637352
237,0.1241076300270189,0.5852520963349958,0.001370765427204281,0.280238611510199,0.009030896700582018
238,0.07792033616095467,0.7283617292949945,0.0032363519759687777,0.18277468471863306,0.00770689784944884
239,0.01367625748458335,0.9340915398506386,0.04048667509937662,0.009086741974513932,0.0026587855908873814
240,0.062287193686071045,0.9034542214376109,0.008056380417134296,0.020166199435847017,0.006036005023336732
241,0.004140176261991993,0.9884955283805322,0.004195971100002793,0.0023151490043575537,0.0008531752531153194
242,0.010625344902457024,0.9772777527151141,0.0017147098529632207,0.007509370904816714,0.0028728216246490684
243,0.01464667342369881,0.9280353796788643,0.04879432048416483,0.006370458136095128,0.002153168277177158
244,0.0103150712017139,0.93394839545528,0.04312196939178716,0.009741116551519624,0.0028734473996992593
245,0.005308464590434532,0.9336953888669264,0.05463803963805692,0.005158082671441819,0.0012000242331404675
246,0.0045419222062942285,0.9664659128618915,0.023976961792722715,0.003464769847032234,0.0015504332920590381
247,0.002954683021632282,0.8197925135365631,0.17223501269283903,0.0035161222569144667,0.0015016684920508274
248,0.0029347599967548712,0.9707144640616246,0.0235131506543341,0.0013449132078644126,0.0014927120794219278
249,0.0027861280300042115,0.9474463682407226,0.045498920371426166,0.002761785139527222,0.0015067982183199784
250,0.008256433407693275,0.9111943061024692,0.07352873563467309,0.004439153661330249,0.002581371193834156
251,0.004641508603836994,0.8520405665231698,0.1390483520366528,0.0018065936765854977,0.0024629791597549256
252,0.002895127374476882,0.6692005822787772,0.32483228146516085,0.001765352291816409,0.0013066565897686966
253,0.0025772068422780007,0.6183436310372827,0.37635746624394656,0.0019411302113344308,0.0007805656651584677
254,0.0022327440005994836,0.7134659765308827,0.2810353451866704,0.0024345491636702664,0.0008313851181772961
255,0.0029759810296131946,0.9644989286485339,0.02886893994527671,0.0027011905570662165,0.0009549598195099431
256,0.0025799036343416397,0.8518542217928718,0.14287075863479357,0.0016332079508917506,0.0010619079871012037
257,0.009391030029872866,0.7360423520541497,0.2482516887154207,0.00463000994123685,0.0016849192593198573
258,0.002154156981503701,0.5667850333067103,0.4277837489932519,0.0022085413480794187,0.0010685193704546032
259,0.0037100007005120106,0.579107332300796,0.412830281362742,0.002259250800207463,0.0020931348357424
260,0.001493508122257187,0.5141660435911711,0.4811090577506977,0.0017468335095557712,0.0014845570263182163
261,0.002004296518620397,0.5604885646798263,0.43408494097903877,0.00180485436991863,0.0016173434525958853
262,0.001518796755726517,0.5328650877185019,0.4633471012564806,0.0008879729606030942,0.0013810413086877786
263,0.0006429967430067751,0.46859376762453514,0.52926044493873,0.0007475076376306868,0.0007552830560973413
264,0.001865256194269949,0.41175592311758213,0.5847353528208221,0.0007026444767328862,0.000940823390592989
265,0.0036281622651877757,0.6683374942512733,0.32489550807193984,0.0016160273311040287,0.0015228080804951297
266,0.001191106876598083,0.3605046336365186,0.6370921948852705,0.00046876146009446344,0.0007433031415184224
267,0.0009636844747100621,0.4129137615468047,0.5846976135385397,0.0004496532137314338,0.0009752872262141589
268,0.002289736838210317,0.3164913181476554,0.6795844759810206,0.000669054956098338,0.0009654140770152536
269,0.001109801699272981,0.34556851569425484,0.6519632371485837,0.0004218331757766053,0.0009366122821118751
270,0.0017101126668428123,0.37373427614681964,0.6218646232920022,0.0006455775653919638,0.002045410328943346
271,0.0008563365587591037,0.3032674548978324,0.6947156931492434,0.0004312624361066437,0.0007292529580585328
272,0.0013719946050752066,0.40149062677258396,0.595806722970236,0.00042547288485203294,0.000905182767252802
273,0.0021362647934113172,0.2773472680305892,0.7180219022943398,0.0005477938250378956,0.0019467710566218137
274,0.0027140863623436296,0.43991273964945254,0.5543994261481568,0.0011463433402138013,0.001827404499833207
275,0.002775177664884291,0.3304417102452551,0.6637999057855299,0.0011413292121710107,0.001841877092159778
276,0.0020940335000582838,0.6378421778032423,0.356665161128142,0.0012489171020861687,0.0021497104664713147
277,0.0016307850988727948,0.3182267440230748,0.6789239345671532,0.00038972821132918456,0.000828808099570138
278,0.004121838476626059,0.38678006770582124,0.6063064821153644,0.0007310977587554055,0.0020605139434329983
279,0.0017070844354232734,0.5055643126726672,0.4901799083874216,0.0009035815439865148,0.0016451129605014759
280,0.0018744548569731372,0.5098221535475502,0.4859422194952568,0.000853892507457009,0.001507279592762753
281,0.00281215647998095,0.3379498490810327,0.6570683133148099,0.0007311455922023688,0.001438535531974085
282,0.004658091417210264,0.5040688351680231,0.48880709577908454,0.0007776488768133685,0.0016883287588687129
283,0.0019460577815504072,0.3124675675388789,0.6845387836379521,0.0003223089555592846,0.0007252820860594065
284,0.001929721437997059,0.42704526503051815,0.5691902220641961,0.000580733322188457,0.0012540581451002035
285,0.0024346000923947536,0.44223152782906267,0.5541010389012108,0.0003544516316864364,0.0008783815456453858
286,0.0007492514264013325,0.32767364937896704,0.6707044921360099,0.00013662675353911987,0.0007359803050824479
287,0.0006882712755766548,0.27734174270758954,0.7212716489434083,0.00010685766226120198,0.0005914794111642329
288,0.0014012500538971653,0.370304132275326,0.6267940599592011,0.00025819435853157113,0.0012423633530440708
289,0.0023740398714308226,0.311088790659737,0.6836423394815668,0.0005673682324882718,0.0023274617547770805
290,0.0007688586807348547,0.20738014681632452,0.7904557290667616,0.0002009387965832856,0.0011943266395956693
291,0.0006685326267483283,0.23993598026020488,0.7579874730962114,0.00019100557349544637,0.0012170084433398866
292,0.0005845755595309046,0.1986615578268985,0.7993879907703629,0.0001160306761925001,0.0012498451670150445
293,0.0012059226992715544,0.2774917921980709,0.7200885399580632,0.00016598292743660875,0.0010477622171578722
294,0.00289724055060687,0.2603658653285677,0.7334728529619033,0.0005651049692011534,0.0026989361897208717
295,0.0010809544309576416,0.15501182396551783,0.8429908805851516,0.00012942749465565042,0.0007869135237172867
296,0.0009490419113103661,0.2570662210256178,0.7407845875409338,0.00023259018796499868,0.0009675593341728859
297,0.00043326157866874714,0.23091191990507828,0.7679346501149654,0.00011889596954278299,0.0006012724317449936
298,0.0004983106141745703,0.10601684479493008,0.8929484983415428,8.637565708065746e-05,0.0004499705922718232
299,0.0006316674998039348,0.19980831735881138,0.7989193192796916,0.00013331756867257099,0.0005073782930205391
300,0.00023512547619943897,0.10437060212715654,0.8948751256618125,7.847959181839207e-05,0.00044066714301301663
301,0.0005918917461734193,0.12156755711255311,0.8767619260118186,0.00017619144934895054,0.0009024336801059067
302,0.0005753649884115152,0.12071397296305031,0.8775052111934891,0.0001867133689996624,0.0010187374860492334
303,0.0007543367077142193,0.09224017344847006,0.9056320671863556,0.00019442841675863738,0.0011789942407014855
304,0.000328666760011435,0.10471720065906982,0.8944253679021896,9.53717236292619e-05,0.0004333929550999167
305,0.0005222072310549422,0.10857783424083156,0.8898420905641233,0.00013530910878577264,0.0009225588552041984
306,0.0009456941591985684,0.11355856474711548,0.8837691363387324,0.0002812876356131692,0.0014453171193400812
307,0.0008131833377062834,0.12013655704611856,0.8781169933075671,0.0002294282842970739,0.0007038380243109184
308,0.0010711262201234246,0.15510142159031653,0.8427928145988963,0.00019911464131022565,0.0008355229493535011
309,0.0006424491214213194,0.13170892230292452,0.8665662299199646,0.00018531223780734733,0.0008970864178822456
310,0.00043581298766515365,0.12640036514450007,0.8720226865542589,0.00014114251694112315,0.000999992796634886
311,0.0018622549849519278,0.1405376552312617,0.8556201503443885,0.0003840323221260642,0.0015959071172719104
312,0.0010389607462037574,0.2134819529824532,0.7842236622805591,0.00021924820518355874,0.0010361757856004864
313,0.0008415514542843811,0.1827516172029775,0.8154247867808949,0.00012925865124677072,0.000852785910596419
314,0.004694574647830454,0.3397399533159793,0.651227432600867,0.0010893135244518064,0.0032487259108714816
315,0.0006874159050110417,0.22214529667974173,0.7762847420991786,0.0001393305006237027,0.0007432148154449788
316,0.0004697556756609662,0.12368754947845793,0.875013280373428,0.00010200138969825294,0.0007274130827550369
317,0.00035824986585392707,0.12444227441742459,0.8744179604876926,0.00012721528396610746,0.0006542999450628063
318,0.0007100598072875619,0.1511660925229221,0.8469403542939485,0.00018268004970288794,0.001000813326138744
319,0.0012243045644889784,0.10012701474837628,0.8974414371756294,0.00021310168314590518,0.0009941418283594152
320,0.0002736418658827292,0.12901763259255297,0.8700267907338437,0.0001397672530957971,0.0005421675546249536
321,0.0003974715212281779,0.0983840380196913,0.900550184510958,0.00016232737463510655,0.0005059785734874779
322,0.0003656304324328119,0.06453924564552241,0.9342519395005736,0.0002210247090167718,0.000622159712454426
323,0.0016374354875858823,0.16156439227152647,0.835146783116705,0.00031141147817187676,0.0013399776460107076
324,0.00020495186017053713,0.05955937338110077,0.9395155660283369,0.00011131707667999584,0.000608791653711887
325,0.0006704834066494912,0.1087158368750545,0.8896522301359501,0.0001798596782742298,0.0007815899040717104
326,0.0003128064051963124,0.07514118135711952,0.9237864090609563,0.00014897698520448613,0.0006106261915232941
327,0.0008216482326710215,0.154712481173022,0.8428729056377178,0.0004530209034974997,0.0011399440530917488
328,0.0006777791696593071,0.12620222131407624,0.8721825261343337,0.000236133104161908,0.0007013402777686603
329,0.0007746157325344304,0.15354432703962603,0.844771450187013,0.0001716262836960578,0.0007379807571303353
330,0.0013613018395827277,0.20076130790833607,0.795801540135822,0.00030346128506013087,0.0017723888311989716
331,0.0006381359630404231,0.12114897537154158,0.8771861505672944,0.00016695307964946865,0.0008597850184740778
332,0.000932754213636006,0.16753752935533403,0.8302530828735255,0.00022757660043068976,0.0010490569570737079
333,0.0016478796742884136,0.1538927506607806,0.8422336239837518,0.0003954091767214263,0.0018303365044578502
334,0.0013905446710079604,0.21654134403266218,0.7802929041477772,0.00029830239298891644,0.0014769047555638097
335,0.0009891518832768496,0.19282255981870486,0.8044867244006193,0.0002369409960355847,0.001464622901363409
336,0.001033865866511186,0.28598987996827724,0.7117114099855211,0.0001505088868350176,0.0011143352928554883
337,0.0005410164904792908,0.16128411495156397,0.8374287916784457,6.610381638445282e-05,0.0006799730631265576
338,0.0017691926300498727,0.282216971493016,0.7145976337675125,0.000298341493277278,0.0011178606161443814
339,0.0012914004522461106,0.23420898870234005,0.7621511868024768,0.00027139046956340204,0.002077033573373694
340,0.0013464899287808515,0.13656339471314705,0.8601187192063732,0.0007091744396763895,0.0012622217120224577
341,0.0007493244577568331,0.1136185916015968,0.8846501031178611,0.00019839001499368083,0.0007835908077914986
342,0.0011247044098878197,0.131398403324504,0.8660114551089308,0.0002735146838427386,0.0011919224728346273
343,0.0009897108009626339,0.25091206293914314,0.7462213894318878,0.0003809405985647861,0.0014958962294416669
344,0.001342637481907465,0.14735766011020665,0.8495547727484524,0.00030144259901871605,0.0014434870604146523
345,0.0011202241771065542,0.19949155699957186,0.7977680825703714,0.0002999652268573489,0.0013201710260928917
346,0.0003547471482560407,0.10534211911880119,0.8932073018603358,0.00018601553701187498,0.0009098163355952096
347,0.0009304163340438616,0.11038778946239876,0.8871885566755217,0.0003763837442065414,0.001116853783829065
348,0.0011472514554570147,0.12961999235585853,0.8679533966751152,0.00033727250538696443,0.0009420870081822217
349,0.0028232152748709585,0.18319072266312353,0.8118829082813049,0.0006791141971258405,0.001424039583574834
350,0.0007951822279567254,0.15758707780049258,0.8406675321752191,0.0002239062941636836,0.0007263015021677892
351,0.0012928342968726498,0.18353971037266376,0.8136686480562256,0.00023311934920202835,0.0012656879250356986
352,0.0017746225003555875,0.20765245235769816,0.7885265442459657,0.0003940337407353524,0.0016523471552452834
353,0.0003106246455647509,0.10068840673192196,0.897814751339065,0.00017966733800812675,0.0010065499454400902
354,0.001788806057153585,0.2674060487783598,0.7281424142640431,0.0006558752727283377,0.002006855627715199
355,0.002238956851098704,0.2593330136219461,0.7349457065076525,0.0008503114937986849,0.0026320115255039703
356,0.00306432024940623,0.17764102121344644,0.8165838418041301,0.0005508288077196682,0.002159987925297521
357,0.000770518594828364,0.10319491263124335,0.8948501121377741,0.0001836449912510557,0.0010008116449031542
358,0.001811922027444852,0.13104503036750162,0.8644092410997938,0.0005000342297634943,0.0022337722754963304
359,0.0025742990703758843,0.17609563741254872,0.8185501300073896,0.0005523559267779,0.0022275775829079226
360,0.0012880963982903754,0.18181805614650473,0.8151319760339479,0.00030116700944559635,0.0014607044118113202
361,0.002042840582521434,0.2561782675012304,0.7377428590786917,0.000862944194730842,0.003173088642825367
362,0.008706278593689587,0.3314784234989394,0.6475716155077934,0.00695415620113839,0.005289526198439279
363,0.0018872821363611454,0.1638639782667531,0.8296949434982314,0.0027109400614577896,0.0018428560371967363
364,0.012365361675477644,0.463586362099036,0.4901019459191286,0.02164864271942324,0.012297687586934669
365,0.003639567111798082,0.1853308699737416,0.8020119236125783,0.003641710800168475,0.005375928501713531
366,0.012478363286282048,0.031343858622674955,0.0002784036264500267,0.023729671843877025,0.9321697026207159
367,0.062309660946343326,0.07330523986368417,0.001059686000963108,0.03781128950622449,0.8255141236827849
368,0.0036583521828339326,0.007505929972545348,0.0009695769749700295,0.006644069964295127,0.9812220709053555
