epoch,N1,N2,N3,R,W
0,0.005623628259465277,0.0005826261686482025,9.667645878154203e-06,8.375011552082566e-05,0.9937003278104874
1,0.00025918179302061205,9.107751916828204e-05,6.465535074115659e-05,0.0002687199692768608,0.999316365367793
2,0.0038999355296260056,0.00023972913839541323,3.491158694072624e-06,0.0007849190067966288,0.9950719251664878
3,0.0004947984534809393,7.859236504221444e-05,2.026983565621125e-05,7.108426882333703e-05,0.9993352550769973
4,0.05287442403242796,0.0011631859585334214,7.878265585098847e-06,0.002034305570040492,0.9439202061734129
5,0.0813874665077037,0.0006899001455051022,7.62976496345533e-06,0.00042179329240070397,0.9174932102894271
6,0.13551091599799595,0.0005397080704436449,1.707041658197316e-05,0.00024606976103999195,0.8636862357539384
7,0.4822880687109839,0.002408812186720436,1.545425836943364e-05,0.0035871139045169057,0.5117005509394094
8,0.2553347651247558,0.000453482763716477,1.9217597700724637e-05,0.0005447439518871663,0.7436477905619397
9,0.20237049908795648,0.0011389929204854174,3.100695799282915e-05,0.003339065490406396,0.7931204355431588
10,0.12072449636635757,0.0015608001974972486,9.535128801994018e-06,0.01826896578640153,0.8594362025209416
11,0.08095788736914894,0.0021178693910378593,4.659285797873758e-05,0.04099157808684018,0.8758860722949943
12,0.04161098391002384,0.0013327028991225722,3.147817389383455e-05,0.09005314282783708,0.8669716921891227
13,0.021947273115936822,0.0016342101890145983,5.430862799629946e-05,0.11093955138168604,0.8654246566853663
14,0.10145202796890472,0.002734135289005573,9.243578928662749e-05,0.04588286475310203,0.849838536199701
15,0.020017101595535894,0.0028405013313768847,2.890959967292371e-05,0.017762854423885487,0.9593506330495288
16,0.060675684099050595,0.0014350497972122715,6.155342159973358e-06,0.004768225600374911,0.9331148851612022
17,0.20257298987626052,0.004824609353422183,2.886288048051615e-05,0.032503680553400985,0.7600698573364357
18,0.009752716454524468,0.0009176986526560895,1.5764039857884256e-05,0.006295871940838172,0.9830179489121235
19,0.006062784463474575,0.0005593574032291463,1.4767555075864937e-05,0.006275519030871404,0.9870875715473489
20,0.0035233807147661725,0.001066601753267004,0.00014709992581757607,0.001439597016183594,0.9938233205899656
21,0.01127827893244371,0.0008221172932015841,5.669661769025378e-05,0.0029391167757779665,0.9849037903808865
22,0.006423620057336739,0.0004217382921031148,1.2299556618049933e-05,0.001365545334970165,0.9917767967589718
23,0.016254418789595194,0.000688626930347244,6.964869968720934e-05,0.002945957298145917,0.9800413482822244
24,0.016766602090253768,0.0022758510363923836,2.7717972681427863e-05,0.009367269647330706,0.9715625592533417
25,0.009115995309098627,0.0008920701558512067,4.45721745582374e-05,0.004149727535095439,0.9857976348253964
26,0.0042234926261595475,0.0008866294915216414,1.869304622434528e-05,0.002530917893967551,0.9923402669421268
27,0.00753647715976715,0.000584580061223941,2.4952928355956387e-05,0.0013560650320948353,0.9904979248185581
28,0.0993535967085915,0.0065825943797883256,2.051712520089546e-05,0.11142447101454268,0.7826188207718765
29,0.14707358903436418,0.005127583620887228,2.464468329213465e-05,0.13805434138945313,0.7097198412720033
30,0.056126150449457346,0.0035652518418389477,1.3247060435372588e-05,0.06073550596937033,0.8795598446788979
31,0.008864769194215137,0.0020738150956888845,3.0061138030879047e-05,0.02815521697634819,0.9608761375957169
32,0.02666498254663465,0.0024216027278588913,1.4524802295976821e-05,0.060853364003369284,0.9100455259198411
33,0.02055864503033728,0.006730191924189737,0.00018186290794849726,0.1716118354057493,0.8009174647317752
34,0.04886617562365047,0.007251660155920134,8.28763329078784e-05,0.3401228004833524,0.6036764874041691
35,0.05740326399767701,0.0033186379384462124,1.7286881232918018e-05,0.2672463419017481,0.6720144692808956
36,0.025413940039716594,0.0072339287064053445,3.7476798384109304e-05,0.1363562921129616,0.8309583623425323
37,0.047651392395051416,0.009576174357438365,1.2495998147096568e-05,0.06924171860857285,0.8735182186407904
38,0.19619370565801655,0.0124415685313162,8.095110423113581e-06,0.17504957798341458,0.6163070527168296
39,0.11302714201786256,0.011701174352636004,1.364047964697919e-05,0.12992406183524036,0.745333981314614
40,0.21193845446031792,0.013455703940423887,2.5913859136165975e-05,0.06154438631300386,0.7130355414271182
41,0.14857163097535359,0.007019108144848663,1.0177200093502278e-05,0.13490824205016785,0.7094908416295365
42,0.04522822447744479,0.013419184489640046,3.750174469365029e-05,0.026869077295472447,0.9144460119927491
43,0.4476272425716869,0.015355132387811294,2.1495260058331762e-05,0.08887467338181629,0.4481214563986272
44,0.49225508418728564,0.011345505156136743,2.0136658356558406e-05,0.03348797596379375,0.4628912980344274
45,0.30011203276362014,0.008874084824896548,2.7213237273452586e-05,0.024597058712745264,0.6663896104614646
46,0.09612170674260838,0.01442044995959315,6.852243797149159e-05,0.06071314196587621,0.8286761788939508
47,0.27203987037493094,0.039678160712246176,3.80022936154016e-05,0.0997921235831867,0.5884518430360208
48,0.23779763970944143,0.028485108651614608,3.2945495972331324e-05,0.12210935023345397,0.6115749559095177
49,0.35038914880954125,0.018736489695685463,2.067243407504495e-05,0.10889383478925366,0.5219598542714446
50,0.2809200372881325,0.034587672069563064,3.518767184548452e-05,0.15480067675239176,0.5296564262180673
51,0.08070630790965816,0.010352285331974444,1.6726463470581943e-05,0.016302713675646837,0.89262196661925
52,0.47956384460329365,0.013722684528327953,1.4687953339083673e-05,0.040958722477300466,0.46574006043773875
53,0.14706358166210345,0.10823725770409101,0.0001151455967656571,0.044735048486429486,0.6998489665506105
54,0.3429031271553624,0.10400105754810757,7.884024463291807e-05,0.16539805756325004,0.38761891748864713
55,0.13238852831407633,0.13775542932279047,0.00020965515357387716,0.23165744421559245,0.49798894299396695
56,0.049265656522021896,0.022324108112069148,0.00011098725380624082,0.06358470517228913,0.8647145429398135
57,0.26813244123118984,0.040381118123962584,6.819507527643928e-05,0.14447453330662213,0.546943712262949
58,0.13143005090340154,0.038108967563880644,0.0001230253260602262,0.017698926059820902,0.8126390301468367
59,0.7272002050802255,0.06558103288193652,8.013578353138211e-05,0.044238242167310066,0.16290038408699634
60,0.4193217691773213,0.39817854401424596,0.0016398051765334986,0.04494915594595185,0.1359107256859474
61,0.201739757394197,0.5256210549481304,0.00413032575452604,0.03380341582733471,0.2347054460758118
62,0.20433295587944345,0.20735548452249444,0.00038153971125849196,0.1763431089329497,0.4115869109538539
63,0.179052441089894,0.2089124270992487,0.0005801708602933374,0.045349292511223355,0.5661056684393406
64,0.09629344447873073,0.8082551560885629,0.0008584150318947649,0.021757535581038226,0.07283544881977352
65,0.11515880233434807,0.8292649930305124,0.0003308805795902056,0.03518831671810519,0.020057007337444137
66,0.14224848537722917,0.0812292293624246,0.0002166710941323069,0.0024967303658059415,0.7738088838004078
67,0.30261215089566373,0.5932588522684391,0.0002559166009553003,0.0034012686214770146,0.10047181161346483
68,0.21000624511715493,0.7740142212691473,0.0011055323882015096,0.0012192914009237785,0.013654709824572427
69,0.21280487995056066,0.7805545857303245,0.0005124629568715519,0.0005462721000982085,0.0055817992621451
70,0.015173511564572481,0.9788723686362109,0.0034833006452936535,0.0001547486812222772,0.002316070472700876
71,0.022989706803087373,0.9728571288430461,0.0006940261179980902,0.000970713346312943,0.0024884248895552705
72,0.03771813020653982,0.9561175717666716,0.00173327326815552,0.0010951604211548957,0.0033358643374782975
73,0.01719721087387974,0.9781340587819718,0.0020045056830188535,0.00034578623112808103,0.0023184384300014675
74,0.012827953231370249,0.9770560763426384,0.00751370364065204,0.0001451251299009837,0.0024571416554384135
75,0.0024824526010819694,0.8762376776647599,0.11905716853003341,4.459990982041179e-05,0.0021781012943044254
76,0.006193207914859107,0.9854457272365436,0.005740890677600924,0.00011252557039708124,0.002507648600599528
77,0.016853098557639355,0.9725035171260574,0.0076111414937190015,0.0004243239743474894,0.0026079188482365516
78,0.004648839192779509,0.9524931820894237,0.04058612246460503,0.00011358711318953138,0.0021582691400021453
79,0.0026929348116152933,0.960189190858397,0.035646697008180996,5.8056680646649395e-05,0.0014131206411600082
80,0.0013178851363690978,0.9606280997916102,0.036380476898860856,3.3839532334339016e-05,0.001639698640825387
81,0.0025062602702366904,0.8998985110041416,0.09532209654187437,6.711650928067816e-05,0.0022060156744666245
82,0.0028368008141582443,0.9758669269774064,0.019116127841217124,7.261469745389084e-05,0.0021075296697640007
83,0.0018712300712205904,0.8118172045212417,0.18400076154183573,5.577307056411003e-05,0.0022550307951378235
84,0.001036729256950652,0.9179030518009024,0.07931320798959492,5.255461118127977e-05,0.001694456341370708
85,0.0006042712167728746,0.8042220026353523,0.19367232530857822,2.4834889451731705e-05,0.0014765659498449737
86,0.0004166924217920419,0.491658092926979,0.5070210231139876,2.3556437170222165e-05,0.0008806351000710535
87,0.00026807748426768425,0.3960717832039615,0.6025814189039449,1.6765936528510897e-05,0.0010619544712972802
88,0.0013214700573644545,0.6838501328314123,0.31289224628218343,6.619643772144161e-05,0.0018699543913183914
89,0.003954825974820873,0.8521170035714102,0.14136786593634612,9.470239563382789e-05,0.0024656021217889807
90,0.0002465205716637624,0.26823252844044543,0.7306599214228507,2.0117465318816184e-05,0.0008409120997212878
91,0.0010956827676219419,0.6447157355503886,0.35271879145645463,5.3507996083049994e-05,0.0014162822294516535
92,0.002681211683310822,0.8902273800221434,0.10511014849925363,0.00013102367016472322,0.0018502361251275395
93,0.00187187140849226,0.8289715362139355,0.16688338269760392,8.745588844847314e-05,0.002185753791519858
94,0.00044025642158950927,0.493278229971586,0.504823869841046,3.605755204389098e-05,0.0014215862137347116
95,0.0004991413571629608,0.2837570277140478,0.7136259430044171,2.245556562559583e-05,0.0020954323587466413
96,0.001677306606486376,0.6794939458617889,0.3161125480925515,5.004495857629448e-05,0.0026661544805968622
97,0.02782355570359842,0.568608530172672,0.3926610432341145,0.0001235029694906553,0.01078336792012446
98,0.06887130334362634,0.33929620628927143,0.5850816975161829,9.430106435197983e-05,0.006656491786567416
99,0.002271747491236074,0.4918902788427321,0.5037288359237306,4.6679892508595605e-05,0.0020624578497925863
100,0.002117002628328311,0.3455452433517976,0.6496359872117762,3.0220976498244978e-05,0.0026715458315998237
101,0.002082151870523057,0.34602010081317225,0.6506272819579326,2.1601932844774905e-05,0.0012488634255273811
102,0.00045673293615107046,0.30300544003014473,0.69582274632934,1.3991944364150036e-05,0.0007010887599999802
103,0.0011295734133961546,0.6300062430412027,0.3673153125872412,4.2172237137656295e-05,0.0015066987210224341
104,0.001634431842210844,0.6144648156259304,0.38242417114014576,5.6191155609865845e-05,0.0014203902361032564
105,0.0003692808991302647,0.4120150638276991,0.5868667341161957,2.0863474731858764e-05,0.0007280576822431191
106,0.0004306975104743004,0.27207012260749625,0.7265885304342904,5.5102292324845925e-05,0.0008555471554141676
107,0.0017560166688144038,0.7719912442718492,0.2236963119270749,0.0002653473763325216,0.0022910797559290625
108,0.029632515387043062,0.8006840784127383,0.10031633418370384,0.0006359910005839315,0.06873108101593096
109,0.12009233010352839,0.8274986123052614,0.026033278101239475,0.0013395444339890648,0.025036235055981692
110,0.033318938242072695,0.953572850850155,0.0079847781676237,0.0005833650693122633,0.004540067670836342
111,0.15654632755685122,0.8296273098330244,0.004451706735928021,0.0021896135771674896,0.007185042297028906
112,0.04710521567605728,0.9468675251833161,0.003176271201649348,0.00043800607379952076,0.0024129818651778307
113,0.1284909915562583,0.830143833738723,0.01174736182254645,0.0009388447039120344,0.028678968178560017
114,0.18442533725544843,0.8030770439967649,0.0008379918847194917,0.004923428952247033,0.006736197910820017
115,0.028477261435267114,0.9637342393454168,0.003922565428890896,0.00121703888760885,0.0026488949028163522
116,0.056296617648427465,0.8729634878200617,0.04758731431922162,0.002560623195847087,0.020591957016442255
117,0.012249409893705356,0.7824515853558046,0.19777290677905104,0.0006398823274318683,0.006886215644007245
118,0.06155042287254086,0.9196427866297774,0.004212666480348197,0.004181745235373422,0.01041237878196009
119,0.3438977550880089,0.5912844128784296,0.0035077914306854787,0.023200796127102432,0.038109244475773504
120,0.38955516556129627,0.2926133134563241,0.0007229996238139976,0.002871085228165549,0.3142374361304001
121,0.7042366952297938,0.24549654281669234,0.00037167682844340745,0.0015759210419682944,0.04831916408310225
122,0.6060693090247781,0.37746245371939824,0.00016117892588302562,0.0014978025635878263,0.014809255766353044
123,0.24898433230898825,0.7451291350112275,0.0005026020662829798,0.0009230166410731665,0.004460913972428238
124,0.046966022345926894,0.9472272666604382,0.0019366081822902732,0.0011845242354885223,0.0026855785758561285
125,0.1494900582359877,0.812907286595279,0.002471597059312405,0.024303544937137416,0.010827513172283323
126,0.04024527329819757,0.9439226639086407,0.0013830310117392299,0.012237599933642568,0.0022114318477799667
127,0.056436610722339575,0.9215543351910902,0.0017208719485458498,0.01671598312471751,0.003572199013306975
128,0.01286185680520597,0.951763421801648,0.027541774686413445,0.0029460535900164017,0.0048868931167162745
129,0.07866381441984947,0.8765142403942392,0.004759057117618433,0.020464782970692433,0.019598105097600516
130,0.13546868781896085,0.14552862038782255,0.0009907926463111826,0.01230341098099083,0.7057084881659146
131,0.2662212751934693,0.42434113599497025,0.0050577277955043765,0.09298518957484313,0.21139467144121307
132,0.15911599789132813,0.518851836494764,0.0008795476685571394,0.012675536394269256,0.30847708155108156
133,0.0324059545594854,0.042238387355113,0.0010214588270930974,0.0028059354338799453,0.9215282638244287
134,0.12119110147372672,0.05140743626395356,0.0013379965595086895,0.01907932593749468,0.8069841397653164
135,0.2417522061625787,0.33707675452935504,0.00297649279517047,0.2350065590119942,0.1831879875009016
136,0.2451573090105584,0.05362337618078991,0.0004102308336478524,0.10143483419625778,0.5993742497787461
137,0.029549900526529217,0.024613793025881365,0.0009163987966026438,0.01880114777233542,0.9261187598786513
138,0.11022049693340137,0.02818390281668614,0.0011537249588234573,0.019426185222477844,0.8410156900686111
139,0.5447700181655459,0.08829080244818946,0.00031195771442941105,0.09183831203658904,0.2747889096352461
140,0.4249995704173439,0.10442266601791303,0.0006170434824412731,0.1295519124240934,0.3404088076582086
141,0.35258776971866285,0.06088769169722054,0.00040552290198244084,0.024427330825398594,0.5616916848567356
142,0.04525639917936239,0.04432518222144188,0.0006929646176407205,0.008199256942913596,0.9015261970386415
143,0.4282898674534921,0.49465639531822303,0.0030658175024688857,0.030168367508621785,0.043819552217194205
144,0.3251297191166687,0.6268564664610771,0.003942900421674876,0.015960214249901856,0.028110699750677332
145,0.09710322183858391,0.8616053716180894,0.007262341209200923,0.01651722411813507,0.017511841215990722
146,0.05318589740091846,0.8994776781074648,0.005623207052624388,0.03122678460311048,0.010486432835881784
147,0.04039233565345025,0.9439682029679393,0.0023727634557150295,0.007534939153842508,0.005731758769052992
148,0.06923638290746652,0.850186704769662,0.014470020388480987,0.007879295992497658,0.05822759594189294
149,0.1832369824651402,0.7608884055183194,0.009845391481725958,0.009863499639227708,0.03616572089558676
150,0.06020728071495287,0.8839623001101481,0.0040116068777336,0.008206024491486198,0.04361278780567915
151,0.04844668898198748,0.0356186623838776,0.0014796624844312927,0.002876785641635318,0.9115782005080684
152,0.02939841391577517,0.015271237660389845,0.0001865564815485357,0.0005344320466677579,0.9546093598956186
153,0.15370203061326496,0.00595419607780741,5.161424829135337e-05,0.0005995000426202527,0.8396926590180159
154,0.7596703751013661,0.15736972162640855,0.00025507881003064564,0.0023907306700288954,0.08031409379216582
155,0.31497616815403423,0.6186930453886682,0.00700832245921652,0.0013029016959788793,0.058019562302102035
156,0.05769859216632958,0.9086848455153979,0.01820517140840668,0.005454260699622779,0.009957130210242868
157,0.07227795444149379,0.68317410782321,0.002826119917542814,0.14294642038497435,0.09877539743277891
158,0.09075877848215513,0.3282486234128898,0.0007962795679060387,0.45706997357930407,0.12312634495774498
159,0.09182141087465479,0.09616787941085385,0.00014566433768836392,0.7135726343666973,0.0982924110101059
160,0.17024067960480457,0.029837358941953326,1.925268820517737e-05,0.72787041035283,0.07203229841220701
161,0.22557385683195932,0.02394872214175611,3.444091081898616e-05,0.7155469204488235,0.03489605966664216
162,0.24577257539650285,0.03316072473077844,4.5663420303411513e-05,0.6745253245770996,0.04649571187531576
163,0.07760972047386933,0.017499417652328146,2.2434073087101467e-05,0.875665303925662,0.0292031238750534
164,0.1079292269248728,0.01201388825164026,3.2659481828972005e-05,0.8497855509314993,0.03023867441015862
165,0.07662669972805006,0.01898895865555443,3.0463772263458707e-05,0.8197736803204301,0.08458019752370188
166,0.08361745896846678,0.03826144891159794,2.3834239042660343e-05,0.8633831915450133,0.014714066335879177
167,0.05274604721008038,0.020665592957774842,1.963262755523937e-05,0.9157059910085085,0.010862736196080905
168,0.05830108799449425,0.02193309502296575,2.225817093271199e-05,0.8968019833618421,0.02294157544976504
169,0.014379358939443174,0.0403484624546838,2.467826240789142e-05,0.936954541567198,0.00829295877626709
170,0.01593534196934669,0.014685415730733748,7.975085879573878e-06,0.9558718974777295,0.013499369736310402
171,0.019042907781657622,0.015632512128750976,1.364167233437662e-05,0.9606459065404344,0.004665031876822693
172,0.018871261302855873,0.016491589451228198,1.9877955540023733e-05,0.9569166800042895,0.007700591286086468
173,0.023783184488830326,0.021925493276734303,1.6941976766462888e-05,0.9461197594865062,0.008154620771162574
174,0.011084002769314974,0.004728367262537665,3.563033952122833e-06,0.9746618864878565,0.00952218044633864
175,0.037957208537292814,0.01245162104434282,1.5436071454532652e-05,0.9372881113687191,0.012287622978190646
176,0.0570666861556369,0.013146787212144087,2.1343807694670663e-05,0.9056649858633797,0.024100196961144606
177,0.06215847037479307,0.006656849235220154,1.0471256172157899e-05,0.9175677040339747,0.013606505099840007
178,0.04528017479533624,0.009490798866733699,8.386734587105788e-06,0.9298418400380735,0.015378799565269618
179,0.05902235825815682,0.019032940316802197,1.9778877937689242e-05,0.9102867283016747,0.011638194245428758
180,0.025055657350516358,0.007273648907215203,1.0251959735513212e-05,0.9635209393339338,0.004139502448599165
181,0.07262940876386632,0.018858264119197714,2.079370352674356e-05,0.8825291642940878,0.025962369119321437
182,0.035278044794832424,0.017042641932559714,7.3330628990483354e-06,0.9342162246110522,0.013455755598656529
183,0.07639097950344269,0.028909532852070506,2.5308692430585924e-05,0.8791530035834387,0.015521175368617371
184,0.10036882168732272,0.03056564707304253,4.5629499237597354e-05,0.8264926683968837,0.0425272333435133
185,0.04219785771788033,0.008784485790814641,3.485371381996594e-05,0.936201777331871,0.012781025445614077
186,0.05184694074973878,0.029326130559704747,4.479105923540156e-05,0.8603324460464302,0.058449691584890884
187,0.24380896518262646,0.04514669067786091,0.0001006197968386591,0.6247854473558708,0.08615827698680326
188,0.2999438227971442,0.1924228319218733,0.00033587194233452113,0.40552130489789573,0.10177616844075218
189,0.26631104471677675,0.18392196441325181,0.0002951701373885471,0.36666179079460104,0.1828100299379818
190,0.21381394708605592,0.09485889997958014,0.0001756920849454758,0.5137258023834788,0.17742565846593966
191,0.24553122823911055,0.09088241758712452,7.7404149385588e-05,0.6111124181185601,0.05239653190581916
192,0.2711280095016956,0.272946032849498,0.0003001007172803351,0.3938893744392966,0.06173648249222948
193,0.12076256260177726,0.10388100673908376,0.0002865777145240158,0.04044748017497034,0.7346223727696447
194,0.013057418528821266,0.004171729550738377,0.00021312474288858417,0.004060413052608814,0.9784973141249429
195,0.17644398999430974,0.10276630779280325,0.00037303400853401877,0.047654847968624646,0.6727618202357283
196,0.27147420303604314,0.0854142504226342,0.0018308030922430892,0.01929178363542239,0.6219889598136572
197,0.5376764595301037,0.3265986152985468,0.0006877236752665044,0.02340212394149058,0.11163507755459239
198,0.5273262288112976,0.4199653882043272,0.0014194357017421086,0.01064173408998209,0.04064721319265086
199,0.40106000324800195,0.570450093795584,0.0011636314319355703,0.01711371280390183,0.010212558720576699
200,0.10817477112981247,0.8712581651782844,0.0006336145615440536,0.012785562852478845,0.00714788627788038
201,0.11562120359945391,0.8516114839738526,0.0014880013840869546,0.01703112752422325,0.014248183518383362
202,0.1545855014474649,0.8127744196342205,0.0017699632237215804,0.016475492960402877,0.01439462273419018
203,0.10966957009456937,0.8700999441084218,0.000874898042860043,0.013684008814706319,0.005671578939442439
204,0.026679070817895365,0.9669186890914148,0.001484942522099574,0.0017257567610560664,0.0031915408075340766
205,0.013786676095167474,0.977249049309596,0.005140972842536108,0.0020652742819989457,0.001758027470701524
206,0.049135194857437024,0.9384852860390716,0.0002491999168403112,0.0050838944406418115,0.0070464247460095535
207,0.04862385932856468,0.9325878066104659,0.000724014501903104,0.0015047035502888475,0.01655961600877761
208,0.0289136477375061,0.9590879681099544,0.005179008610687627,0.0011783554520918586,0.005641020089760121
209,0.054183602149258714,0.9381671024160411,0.001826744452789866,0.0015853558214111048,0.004237195160499404
210,0.01172009641952848,0.9714100430576779,0.01338506490919779,0.0006541567399385287,0.0028306388736571673
211,0.015128603557935131,0.9787084000053713,0.002892925241222481,0.0011594552390414665,0.0021106159564296466
212,0.03402768480054784,0.9594050892416696,0.0015419513432173159,0.002625771255106965,0.002399503359458306
213,0.01954964100656901,0.9712224800367336,0.00639759760628241,0.0005285808752346553,0.0023017004751801655
214,0.008141838015032116,0.9766153432801352,0.012642280785326225,0.00028636442824447845,0.0023141734912620724
215,0.011663661913736816,0.9814473086217262,0.005216726423114938,0.0004034749934617898,0.0012688280479600349
216,0.011688722355571599,0.9786747887980701,0.007586407598002059,0.0003617508810277576,0.0016883303673284526
217,0.004307843032253252,0.9809943920014924,0.013201404120001701,0.0002490803672539416,0.0012472804789984684
218,0.003054989250284673,0.9780809067344441,0.017189305209493917,0.00014184018916321538,0.0015329586166139412
219,0.026380231156586113,0.961122261681474,0.00788030222536057,0.0005699943583921273,0.004047210578187221
220,0.006564484144803298,0.9866702750217926,0.00393213835919108,0.00011612740435495579,0.0027169750698582875
221,0.005785546543454118,0.97674204192855,0.015073148904891056,0.00018777577679953474,0.002211486846305172
222,0.006341195540933828,0.9866593244149401,0.00566639498701792,0.00017712968910219736,0.0011559553680061856
223,0.002066864864895227,0.9875079270778062,0.009582110907880874,0.00010902021034462812,0.0007340769390731411
224,0.0027042546832107685,0.9843180830968938,0.011966626588339937,0.0001735657779718774,0.0008374698535834982
225,0.004333148754494713,0.9812940364784375,0.013215032896013876,0.00010700780514193744,0.001050774065912076
226,0.014170670980268439,0.9628759462586198,0.01560486039967689,0.0003826974812214068,0.006965824880213413
227,0.002105318417458255,0.9829977934180659,0.013800644578220106,6.0974377758616525e-05,0.0010352692084970715
228,0.013970116048597422,0.9787861713450972,0.004650562297737727,0.00035006111315548957,0.0022430891954122218
229,0.0038964932676541822,0.9370757616305393,0.057516382422883074,0.00010009178957569319,0.001411270889347913
230,0.0024845283203823545,0.9019868816088917,0.09362982449415574,0.00010906720737937953,0.0017896983691910167
231,0.0025001580951294383,0.9075178617564702,0.08894300056133769,8.338681481095577e-05,0.0009555927722514583
232,0.005380389987253948,0.958309850123809,0.03343581849765558,0.00027250614849097385,0.0026014352427905394
233,0.004406434605328783,0.9438002807460517,0.04994857375417776,0.00010535659089707472,0.0017393543035449112
234,0.0013822104501021665,0.8301301741533396,0.16714942006472056,6.384104577158761e-05,0.001274354286066124
235,0.003256745198451388,0.9400865031914031,0.05551611095569193,9.517889776428292e-05,0.001045461756689356
236,0.0006106198477317522,0.8538494953820212,0.14432618890049428,5.964899326580292e-05,0.0011540468764871686
237,0.004528613833177046,0.9239205935191782,0.06967597853572928,0.00011823435187782006,0.0017565797600375078
238,0.001953445163118641,0.8781395737283084,0.1186610585213108,6.282773730757388e-05,0.0011830948499544408
239,0.0024681479536152327,0.9220765665510564,0.07408123680103774,0.000150653938730669,0.0012233947555600384
240,0.0032082779360276745,0.9082678166364351,0.08700311066393678,0.00020634214000998563,0.0013144526235905158
241,0.0008112043069652108,0.7453613307160517,0.252871685069982,6.523219477602588e-05,0.0008905477122251738
242,0.002064090761040764,0.838598629740287,0.15843193189182303,9.937059250635693e-05,0.0008059770143429301
243,0.0009425608844274417,0.7472357995900992,0.2505379864397132,6.68543769975741e-05,0.0012167987087626877
244,0.0010512957861785576,0.7942393850694462,0.2034233531006206,6.66051129473676e-05,0.0012193609308073323
245,0.0005068728553017492,0.7262581518649469,0.27238549191151734,7.08600716809303e-05,0.0007786232965531134
246,0.0008140429144033323,0.7636376247724311,0.2341343642351497,0.00011268796576325564,0.0013012801122523913
247,0.0005841435395159726,0.23575394293289043,0.7628287100806284,8.958272351638341e-05,0.0007436207234490015
248,0.009155671545305147,0.44407086134630486,0.5427550535254018,0.00037322611776412803,0.0036451874652241797
249,0.011168438253316256,0.8661528925723644,0.12048870321358096,0.00038477846562655094,0.0018051874951119497
250,0.001873449991532455,0.6567577691067643,0.339970210458452,0.0001648890421944992,0.0012336814010567862
251,0.0007586261756080151,0.43431248241468834,0.5638418973546875,9.451959145926863e-05,0.0009924744635568228
252,0.0021415100548908173,0.9089854336662753,0.08767328451360086,0.00014676112118958552,0.0010530106440435583
253,0.00045061033821426134,0.6119397621638074,0.38682359473360994,3.032344185896867e-05,0.0007557093225095774
254,0.0005144201319358054,0.5771815990594951,0.42127604899421095,3.892124463703967e-05,0.0009890105697210605
255,0.0007037781895209821,0.8428421316942931,0.1556987357678987,6.518771944579454e-05,0.0006901666288412239
256,0.0010636384290761145,0.7815270963948672,0.21649685406873312,6.973491542518813e-05,0.0008426761918985446
257,0.23271023571087754,0.5268756756406078,0.23452506662056608,0.0003774903297736364,0.005511531698174807
258,0.03395712850984771,0.7792961827786206,0.18346412346801763,0.00011262112252224641,0.0031699441209918104
259,0.0037470820593073126,0.5880507516513359,0.4061067016343183,0.00014791496067209528,0.001947549694366297
260,0.00425437485801405,0.786961922813956,0.20742331619486995,6.7020966891242e-05,0.0012933651662686595
261,0.0017940210603300533,0.8390611231500289,0.15841994654648509,7.357799086026984e-05,0.0006513312522956815
262,0.0007279553833129977,0.2967971585408174,0.7018495793142328,2.817688174138859e-05,0.0005971298798952864
263,0.001867083499412199,0.8395063672010864,0.15785225268469188,3.762456610119856e-05,0.0007366720487083549
264,0.0005517975940986283,0.6995986083977946,0.2993630050405852,2.845229738108534e-05,0.0004581366701404553
265,0.0004840646011067892,0.508502144668651,0.49024882250500323,5.03308629121345e-05,0.000714637362327033
266,0.0002063483280139351,0.39840075829791555,0.6009749653735396,2.6338252448522252e-05,0.0003915897480824506
267,0.00048125029399011065,0.7425713703826144,0.256279312009384,7.370326307415667e-05,0.0005943640509374476
268,0.00027862552719674775,0.40342469079829013,0.5957023045237633,3.5641398201184645e-05,0.0005587377525487649
269,0.0005774831163312703,0.550772305246889,0.4481952483795974,4.4670302843852945e-05,0.0004102929543384425
270,0.00027254762174717636,0.31879987470358495,0.6800597840997517,2.815539140209517e-05,0.0008396381835142304
271,0.00046658284173670426,0.8842822910891321,0.11454112601448613,6.49387903357777e-05,0.0006450612643093811
272,0.00016763702414048114,0.5648232467127308,0.4345387531133988,2.6694332188784058e-05,0.0004436688175410641
273,0.00028802673270884356,0.5480396389443004,0.45118068563401154,7.294793157817603e-05,0.000418700757401151
274,0.0005189896641495598,0.6949446424806967,0.3035838356363559,8.908054577225333e-05,0.0008634516730254705
275,0.0005095164210303135,0.5952462399621755,0.403638767288906,5.0322773726497596e-05,0.0005551535541617315
276,0.0004203765822907828,0.4113024534511829,0.5875124327756469,6.431057228080694e-05,0.0007004266185986452
277,0.0004953411999771967,0.3180005256306276,0.6804741740475077,0.00016823503805310836,0.0008617240838345666
278,0.0013561231307322283,0.8033712413601822,0.19289562094338994,0.00044851658300922156,0.0019284979826864176
279,0.00310879610821575,0.4348734541075176,0.556575824473131,0.00181989029844384,0.0036220350126916433
280,0.00297171289583768,0.6754792702243179,0.3124929060753602,0.0038145512556940347,0.0052415595487903185
281,0.06422431290737181,0.15653435001810173,0.013618547550525321,0.010979242874063743,0.7546435466499374
282,0.19226718322451147,0.198301177840804,0.00027707856157766023,0.02110745479435674,0.5880471055787501
283,0.16481891798324977,0.046405642802456466,0.00020593877554850358,0.023649455350842223,0.7649200450879029
284,0.42524877044198783,0.28268165565090764,0.0002235036563830423,0.024245945655852467,0.2676001245948691
285,0.11622670442590628,0.08237218646378468,0.00033148622381531923,0.022887079703225302,0.7781825431832685
286,0.0593755454348066,0.061013416732931106,0.0006037276971985058,0.015039608473499548,0.8639677016615642
287,0.028390084581776585,0.006823072420107225,0.001340838604174294,0.006420251012871432,0.9570257533810704
288,0.1298234655764316,0.015340207890869017,0.0014997090872725313,0.011969664436626462,0.8413669530088004
289,0.016146262486694207,0.009301828550754329,0.001111488541870864,0.009772745488061715,0.9636676749326188
290,0.06641383601499706,0.0230453595845231,0.0027991765177222076,0.026240666777043137,0.8815009611057146
291,0.3299504270948356,0.2575940768038805,0.020393256343254524,0.2473298681733487,0.14473237158468055
292,0.15367957153279133,0.6063320289070894,0.03874525359793301,0.13745080809459942,0.063792337867587
293,0.03244850904510955,0.8331851774774374,0.05847633320273396,0.05555728986286905,0.0203326904118501
294,0.029688886101229734,0.8389661834212689,0.052202966153309986,0.05537225599025535,0.023769708333936206
295,0.22805948331980624,0.16074957119901778,0.07590861648670069,0.14958662472691558,0.38569570426755967
296,0.03477073220050066,0.013963969690487809,0.002470977355433479,0.009107832281736677,0.9396864884718413
297,0.3836450710295818,0.08733627978998548,0.0013358919974689615,0.05501067358525122,0.4726720835977126
298,0.6305295889773344,0.25465279386475254,0.0004910323137608118,0.08098269449828775,0.0333438903458646
299,0.5287563561067473,0.34785834745825184,0.0002824261299603945,0.10037976027944065,0.02272311002559988
300,0.15532984915692477,0.2046543746932345,0.00024664977612399986,0.6340102485620758,0.005758877811640918
301,0.04071991357896359,0.03220736861235432,6.430286064049409e-05,0.9219524752207829,0.005055939727258712
302,0.023847206547920843,0.012567106407639049,1.5775696836444135e-05,0.9602549999934863,0.0033149113541173897
303,0.051151429727699926,0.043170475366605926,3.211074257094623e-05,0.890700127728172,0.01494585643495125
304,0.05811140609635961,0.006571701706134593,1.4212721449407299e-05,0.9199515502220104,0.01535112925404608
305,0.045605691727089254,0.024717975204837744,3.446374802753808e-05,0.9266586430544431,0.0029832262656022896
306,0.051607113594972435,0.00973608411599517,1.4605958956227287e-05,0.9310644026220707,0.007577793708005573
307,0.033803406676931165,0.006204365592781955,1.204340360994972e-05,0.955111800058993,0.0048683842676840615
308,0.014407131735696153,0.0024486190736082818,5.1151359084672545e-06,0.9801740926692604,0.0029650413855266933
309,0.013741486315372177,0.003219783376686426,8.601237650490693e-06,0.9789559774306041,0.004074151639686863
310,0.024197830252503348,0.014229419499272268,1.728817225461041e-05,0.9557362677897929,0.005819194286176903
311,0.023320891259681564,0.004040313037737967,0.0001388596175242045,0.83713430118216,0.1353656349028962
312,0.025264633645646233,0.005288779712383775,6.244969179371984e-05,0.9472361334049143,0.022148003545261842
313,0.03478707265575878,0.006000204904221912,7.297312329304265e-05,0.9382676208499443,0.020872128466782044
314,0.04789153276674292,0.012252609906128082,0.0001529828651312506,0.8637805932724753,0.07592228118952245
315,0.1147641919015894,0.01714780579269458,3.247365156643724e-05,0.7962695075161254,0.07178602113802414
316,0.20934754260605204,0.029902477184748706,4.2428098054593214e-05,0.492662876899579,0.2680446752115656
317,0.40854028746226223,0.01867180167804722,2.298908277136529e-05,0.443751926879866,0.1290129948970531
318,0.20570543771537816,0.04256931244570459,3.277751429617329e-05,0.7274062604504775,0.024286211874143437
319,0.13398263157223467,0.047888470272117865,5.755574990185311e-05,0.7913801187347085,0.026691223671037004
320,0.06098878925138405,0.035968872170113714,3.586651494789478e-05,0.8701273398258372,0.03287913223771719
321,0.018410908507295622,0.012674296286281026,2.1767571107068063e-05,0.9625886360469562,0.006304391588360067
322,0.009851467292391076,0.007313241022230198,1.63579557077935e-05,0.9803884452498336,0.0024304884798372586
323,0.037971946969275985,0.008005655972365425,1.9695578581219942e-05,0.9450894327599677,0.008913268719809627
324,0.02737597377566038,0.012190014592137817,1.3439906494952728e-05,0.956456379883978,0.0039641918417289415
325,0.05560269196366338,0.010626331455360799,1.576318608577945e-05,0.9261085767247221,0.0076466366701679125
326,0.10513863399942075,0.03212453812625476,2.7764169545279062e-05,0.8496884281049546,0.013020635599824564
327,0.14758869428909407,0.03531810796979636,2.8344440859134743e-05,0.8042179726366797,0.012846880663570846
328,0.1766911588369014,0.044715734852689405,3.226893015608747e-05,0.7648025849599199,0.013758252420333185
329,0.42021802873792174,0.13938846440278352,8.876283727372964e-05,0.2222963907814313,0.2180083532405896
330,0.19280576565256305,0.5530933137265737,9.874810090411643e-05,0.23212223299824866,0.02187993952171044
331,0.2862717788873304,0.28725128331790256,0.00010447061882036685,0.39966109246204934,0.02671137471389735
332,0.11963604027693352,0.6690792150675394,0.00042042810128359835,0.19459509456591145,0.016269221988332163
333,0.11361882555063915,0.085540750174015,0.00045962611607689374,0.06407208652607213,0.7363087116331969
334,0.4320534811013451,0.3338370636535695,0.0002302403692152408,0.21014504558461541,0.023734169291254742
335,0.2821990679667288,0.537746109395607,0.00047660804825630894,0.11262647474414361,0.06695173984526444
336,0.6712758893407813,0.2114526249525199,8.52965981976867e-05,0.03664202450785205,0.08054416460064899
337,0.11180917750710011,0.829203274511892,8.214521156219226e-05,0.04903602044285614,0.009869382326589519
338,0.11166398454789929,0.8496033789987416,0.0002497698675838282,0.027573500477291797,0.010909366108483518
339,0.11765528039097543,0.8428320680590299,0.0014083460942224718,0.022569704996429664,0.015534600459342586
340,0.11997228417034807,0.7958548363900749,0.0010104328423677668,0.07388897394689524,0.00927347265031411
341,0.34680011055339866,0.4316487881369036,0.0003905232673557498,0.19759040741721015,0.023570170625131837
342,0.11955158888096054,0.685160798532012,0.0008881335999407572,0.18366853203879185,0.010730946948294838
343,0.14319465824722483,0.5392400562841647,0.0005496132610569273,0.30128246769546063,0.015733204512092952
344,0.298702388927611,0.46576065911510295,0.0006611313576157005,0.1614757426695417,0.07340007793012869
345,0.21495263596050895,0.2683435202199058,0.001484909654331663,0.06854214754704993,0.4466767866182037
346,0.4125506686632883,0.49721947772458996,0.0002736601014295259,0.06066408824295294,0.02929210526773925
347,0.5374821022001658,0.21166453843557695,0.0001698947032085097,0.03154882529168284,0.21913463936936597
348,0.7592197680243776,0.14503355550504488,6.431842561512358e-05,0.020505349561752366,0.0751770084832101
349,0.4990807275096047,0.4718804255565259,9.448344855893111e-05,0.015486984076922828,0.013457379408387506
350,0.3269901889588578,0.656479651896699,0.00014794165778561315,0.011583100383037972,0.004799117103619824
351,0.02921401505802154,0.9652594990488939,0.0004391011884733773,0.003301538062241826,0.0017858466423693253
352,0.008707005642730754,0.9838960286825343,0.002677768828363595,0.002889508665106222,0.0018296881812651954
353,0.07096853775166319,0.8945926492072493,0.001084954487313867,0.027048384307699447,0.006305474246074174
354,0.018238307112403197,0.9733597276446078,0.0004841808235510198,0.006337985632113351,0.0015797987873247706
355,0.16973645724858874,0.792681210942292,0.0006272938882734608,0.028524951957371324,0.008430085963474391
356,0.03783677413650621,0.9553080121573538,0.0006010869846868171,0.004696353746961377,0.001557772974491787
357,0.1027154659720129,0.8758097324768465,0.0012553743452334196,0.010574407786317469,0.009645019419589621
358,0.04710746906731077,0.9455840022196267,0.0007053975877675877,0.004230509180311953,0.0023726219449829635
359,0.0594239973324558,0.9310240588586762,0.00024065507428984976,0.005522203220585398,0.0037890855139926785
360,0.015915233915846427,0.9805598690452209,0.0011088440893637884,0.0011741473341714498,0.0012419056153974678
361,0.027754973666732154,0.9666008550118583,0.00045394396917763696,0.0033193840310501758,0.0018708433211815996
362,0.003254001622208267,0.9937556772005989,0.0015034919923571305,0.00031788034698941787,0.001168948837846405
363,0.007424607841086536,0.9893072031245992,0.0007368939898062363,0.001281864382392912,0.0012494306621151597
364,0.019696482478208432,0.9727261716245024,0.003651740497636899,0.0012188587155478742,0.002706746684104348
365,0.04820194243288975,0.9451655259482019,0.0012136140559887065,0.002618962770539009,0.0027999547923807434
366,0.05580264288561187,0.9351044963185088,0.0025812431901769523,0.0035141078584365114,0.002997509747265741
367,0.037015687335557476,0.9557691848708547,0.0021396789465772093,0.0032231962737044274,0.0018522525733061213
368,0.02720052402034219,0.96510512447564,0.00407328082835899,0.0017954549544029366,0.0018256157212559112
369,0.03773481620874256,0.9494560912772518,0.005857148988618476,0.003317223626120349,0.003634719899266767
370,0.015423055883011324,0.9718929650558317,0.00911950332761767,0.0014247584037424522,0.002139717329796985
371,0.01189403417913779,0.9772457704059934,0.008052386834673797,0.00160936159340588,0.0011984469867890029
372,0.020484732048439785,0.96890817563103,0.0034472897560962556,0.0018211004832429792,0.0053387020811909765
373,0.03747042976932305,0.9538053529362363,0.001209378819593517,0.00546405594229141,0.0020507825325558177
