epoch,N1,N2,N3,R,W
0,0.11802573220766596,0.004806885483238715,5.0942811766734874e-05,0.017433170960001503,0.859683268537327
1,0.2102645724018993,0.010073588080479527,0.00010295514673012731,0.026123890630796905,0.7534349937400943
2,0.2806519736518006,0.036046282467393415,0.0002417913733200267,0.07006338109401405,0.612996571413472
3,0.2597605115080998,0.04190011227093544,0.0002747681263513107,0.11837192413550716,0.5796926839591062
4,0.2760757636697727,0.036305412391629835,0.0003051521121843287,0.0774814169527223,0.6098322548736909
5,0.29298006756278017,0.07322811774239348,0.0005893187542692858,0.09167114109820157,0.5415313548423555
6,0.3876183281991172,0.13601936777748505,0.000897309042265708,0.11612108177297954,0.35934391320815257
7,0.2787265780708108,0.04213821306219329,0.0002478326826541833,0.08954681667157864,0.5893405595127632
8,0.34248466957144463,0.12348198251544311,0.0005709518964599034,0.12023132323460574,0.4132310727820465
9,0.2834285412544894,0.3217131035327024,0.0004425695823519513,0.1972290752948184,0.1971867103356379
10,0.19338893187167924,0.14649003090008683,0.0003856230172029427,0.2024214942754159,0.4573139199356152
11,0.22430987431782257,0.17316453742894516,0.00048473217638093745,0.2938100303507628,0.3082308257260885
12,0.15035518598937453,0.061116821053740944,0.00028429710343906827,0.22417709611196748,0.564066599741478
13,0.1325672656253383,0.09415249701848012,0.00029218027412992754,0.11959281732400942,0.6533952397580423
14,0.07340436094562626,0.011545299374635306,0.00022022905922150913,0.007572029873373254,0.9072580807471436
15,0.015009651124980608,0.0030189893719478134,2.8574980779229536e-06,0.011671963430981713,0.9702965385740119
16,0.06275375465036473,0.005603470790841414,7.18646448745982e-06,0.012189915326425523,0.9194456727678809
17,0.1013751122958927,0.007533582451952396,8.357156077175203e-06,0.028470459301967854,0.86261248879411
18,0.0688646405045355,0.004744385632536665,7.345031064163427e-06,0.018944557442707927,0.9074390713891557
19,0.10712547740615873,0.00828233723432886,9.899594540379488e-06,0.043871302367857724,0.8407109833971144
20,0.2061334561596411,0.03479407667588163,9.940932241074911e-05,0.3137685621263327,0.4452044957157339
21,0.16192893126216237,0.038799100927943996,0.00014211506408583416,0.5006725043358381,0.29845734840996985
22,0.06876714799489121,0.03186758531730206,3.54617085713997e-05,0.09711241515597765,0.8022173898232576
23,0.07938299617378813,0.022681247512893524,0.00010514010326002672,0.052488999579785,0.8453416166302733
24,0.22154922718400397,0.033944868133418966,0.00017991247497912275,0.11701809053649866,0.6273079016710993
25,0.36746270456884217,0.12903856182443912,0.0004223134029903705,0.21445699889745648,0.2886194213062718
26,0.2752239092678603,0.10822737823185256,0.0006389320771357377,0.05629979743254548,0.5596099829906059
27,0.24243351980581254,0.07853254401338268,0.00010501171308369214,0.0782823264249566,0.6006465980427644
28,0.19994904089025894,0.05834351442647352,0.0001561706358836301,0.1157214490211665,0.6258298250262174
29,0.194698031904243,0.029034292662432654,0.0001851600917494314,0.11131543643975723,0.6647670789018176
30,0.2209669548784302,0.040635157438319164,0.00027428692381851696,0.12533973457401373,0.6127838661854184
31,0.2715816307214642,0.054405331445720406,0.00034629744067651684,0.1621327976958168,0.5115339426963221
32,0.17348789786788554,0.041942776850871465,0.0001231081679017893,0.11225826457981807,0.6721879525335231
33,0.18571547270605385,0.03662119466639316,7.266284257017214e-05,0.082670066500265,0.6949206032847178
34,0.3539565147190965,0.13837351325846892,0.0006505621463276751,0.24574985002878424,0.26126955984732253
35,0.12991108311902982,0.044760946669254384,0.00021341280959150352,0.04959705561286355,0.7755175017892608
36,0.011544167092561114,0.004925572918304735,0.00048244666156277926,0.000763244012883753,0.9822845693146877
37,0.11116652184279799,0.04023067702170526,0.0004061232486437037,0.018383280932117888,0.8298133969547351
38,0.028738300240109878,0.0077477966521971595,5.18924012842936e-06,0.021315409006334374,0.9421933048612301
39,0.05079098131100933,0.008810453314091065,6.287980188800009e-05,0.004679991207723751,0.9356556943652878
40,0.08538452328214663,0.009764863918893115,8.831574474949191e-06,0.01970941652778565,0.8851323646966998
41,0.22372160307592773,0.014981429079725835,1.1456185423001875e-05,0.048488836176322415,0.7127966754826011
42,0.29791794427337337,0.02044790994038235,3.6322509302781645e-05,0.2771868024865861,0.4044110207903554
43,0.13504917449962514,0.015774145038270113,3.9222485591812574e-05,0.08170202611474747,0.7674354318617655
44,0.17104535626886305,0.027489078624560206,0.00012196869924259892,0.13374955921404505,0.667594037193289
45,0.050101699195473234,0.019771627646444107,2.419505701622231e-05,0.08605197913886095,0.8440504989622055
46,0.10189333887676529,0.03667264741601289,5.72504216866186e-05,0.18261513586756423,0.678761627417971
47,0.05402851976935564,0.012442747120305056,3.3372088566952e-05,0.14707997187952188,0.7864153891422505
48,0.11955195615634079,0.026211217439127035,6.334642933863723e-05,0.08317351841965936,0.7709999615555343
49,0.20730600934703453,0.12803956614556247,0.00030263086272377173,0.33211889789662136,0.33223289574805787
50,0.18142483120221742,0.054047466545878976,0.00024444034209310337,0.17768210125494496,0.5866011606548656
51,0.24020703617567118,0.08905638351562518,0.00047022503513267195,0.326129590228787,0.3441367650447839
52,0.24784138373807954,0.1031937377419265,0.0009339413411148036,0.29298739288635195,0.35504354429252716
53,0.3119703630749857,0.11570847510431322,0.0011213236600342113,0.3631228610826758,0.208076977077991
54,0.0966988069187305,0.044246011795581,0.00018059446083682615,0.056650214322969725,0.8022243725018819
55,0.08326912865119952,0.01495531964957668,4.115823776547436e-05,0.026605547934118304,0.8751288455273402
56,0.08562750704432713,0.012212743568558962,3.798017448613243e-05,0.043411364324481026,0.8587104048881468
57,0.2323924434912389,0.036191962631149446,6.0444061798071244e-05,0.040570529310971284,0.6907846205048424
58,0.385070122865379,0.0921370060522687,0.00022281120621465468,0.16282975455083235,0.35974030532530543
59,0.2742223720171392,0.09240132710361416,0.0005589625451507594,0.19224062952392865,0.4405767088101672
60,0.1941141442989508,0.06907544435885941,0.00026423884465013204,0.044045179174317654,0.692500993323222
61,0.48821723130871825,0.19349595869428307,0.0003261299696116928,0.04140982331430658,0.27655085671308033
62,0.460037035372527,0.336465242267629,0.00047957234304775974,0.049487013286340836,0.15353113673045543
63,0.3268925084295676,0.22594838882937365,0.00026288279283054143,0.030306938764782868,0.4165892811834454
64,0.3495764181777858,0.31727898004180355,0.000364364231191476,0.03728150132907782,0.29549873622014133
65,0.2886560903729671,0.23288123889170867,0.00036241347649062366,0.03839144810566538,0.4397088091531683
66,0.29338452149632305,0.547132582181461,0.0002942133100170959,0.051776632869252395,0.10741205014294648
67,0.2612746080223289,0.48866214039988515,0.0005215934159646939,0.08032189700737655,0.1692197611544447
68,0.24908428775781988,0.42962648153971106,0.0006416275711404992,0.060806724164816806,0.2598408789665117
69,0.37437983799816693,0.27953619733807533,0.0004315697745656457,0.06628369308264308,0.279368701806549
70,0.34598052704218113,0.23351806441694348,0.00039620940961507836,0.038841997870815714,0.38126320126044455
71,0.26052079735636585,0.6588559759595439,0.0004546462467376292,0.03672795630929311,0.043440624128059636
72,0.3477700344930483,0.5287819683550908,0.0006828393377887249,0.04807358983886554,0.07469156797520662
73,0.24659410801117984,0.6358844338478751,0.001305887419659164,0.04331484049143835,0.07290073022984754
74,0.19316571035476615,0.7027487947599603,0.0011186931612909236,0.05547690780519034,0.047489893918792124
75,0.1297214321526064,0.7713562522817862,0.0030289464154880687,0.054035633333685114,0.04185773581643403
76,0.13501939953519632,0.6888263321870752,0.0018729736213639674,0.07495547232543444,0.09932582233093003
77,0.10104398747691581,0.720064516899646,0.0027631159560160294,0.11743410862719843,0.0586942710402238
78,0.1266516512419177,0.11589560467524795,0.0002720803440937258,0.48165884193841213,0.27552182180032836
79,0.2202433493374671,0.1218638473757112,0.0004535103346517391,0.3653850590072575,0.2920542339449125
80,0.276174483773301,0.20014848983895214,0.0005066404076944102,0.32878106554741177,0.19438932043264057
81,0.28945503702559156,0.27334054611130576,0.0004939899720502587,0.26161197764785243,0.1750984492432001
82,0.020362934863043636,0.02003610212922681,0.0005183742621793864,0.005668990984916379,0.9534135977606337
83,0.17878763093202762,0.034785869205433584,9.397612189677826e-05,0.15302199920816817,0.6333105245324738
84,0.2561627163181706,0.03418797995341997,9.87653538843837e-05,0.10244743187520276,0.6071031064993223
85,0.5936957786259371,0.0447258508808613,0.00012456444556756743,0.06700239041579809,0.29445141563183586
86,0.4480783769211871,0.08451318967784724,0.0001616898006499933,0.09319515135945734,0.3740515922408583
87,0.3053432667414609,0.09037386018774807,6.271195700855711e-05,0.08064616040080892,0.5235740007129736
88,0.24610561662308233,0.0995465097459974,8.984712531837624e-05,0.05752984527628541,0.5967281812293165
89,0.44649726751027435,0.12867266382580514,0.00015290510668565185,0.03148728156607854,0.39318988199115645
90,0.26528508150631236,0.624618300256901,0.001125499021421946,0.07502781884341432,0.03394330037195047
91,0.4261845884673527,0.35220832928684315,0.0005953869376473225,0.08311585541374245,0.13789583989441434
92,0.28295075215204535,0.40721147203479136,0.0007935347002332185,0.0571932720047201,0.25185096910821
93,0.24679421469597213,0.43693096892446126,0.0004576062600707514,0.07453004386310151,0.24128716625639426
94,0.27894496913271527,0.6296785867926553,0.0017767168544132385,0.03856806863214254,0.05103165858807362
95,0.17383081319390414,0.7045624481208491,0.0004545927765096866,0.027936886122596222,0.09321525978614094
96,0.1509417499105289,0.719087740205507,0.0006000049870683667,0.010402635669496937,0.1189678692273987
97,0.20202672343206554,0.685047990157833,0.000770066144570355,0.047200027568676306,0.06495519269685475
98,0.20044649690896846,0.7238395741429194,0.0015592214319505248,0.030756994243104668,0.04339771327305705
99,0.1249176335951023,0.8190833953655922,0.0033197240190749534,0.02142668573688893,0.03125256128334172
100,0.09648211523947633,0.8377849505252905,0.0033289975170145546,0.0381283391291449,0.024275597589073834
101,0.15426336706634522,0.5358272829148688,0.0019708625660429606,0.10509494934138142,0.20284353811136166
102,0.08178818195233396,0.8424731050956317,0.011681333804227804,0.025588384145227985,0.03846899500257842
103,0.11842860391679019,0.7219535362080102,0.005275585464668443,0.06412270521466609,0.09021956919586506
104,0.11377052096520539,0.7474018798221465,0.004104968057704937,0.04471174610062243,0.09001088505432078
105,0.21355995337562927,0.4069081716025533,0.0015541153596215188,0.13824679348338312,0.23973096617881276
106,0.23866639219705604,0.562228395351843,0.0027583072377849738,0.08174437879375712,0.11460252641955883
107,0.15812464387334096,0.6802806724588354,0.002825579728337225,0.03963696437265766,0.11913213956682875
108,0.1895181117728226,0.6661535597440649,0.0006857509678121278,0.04835861518279018,0.09528396233250998
109,0.19157653782043743,0.5934899198441809,0.0012868430747903126,0.10352251421045656,0.11012418505013491
110,0.21806644284868532,0.5725612483591718,0.0017798688294460164,0.16439641645510153,0.04319602350759523
111,0.2349018165426647,0.535602831132438,0.0007985376784964319,0.15906440992608356,0.06963240472031725
112,0.2296292443844065,0.5488929822490708,0.002145524945701813,0.11726062493833875,0.10207162348248201
113,0.12180380300193887,0.778405416970899,0.0032609189539009056,0.049608837629392846,0.046921023443868275
114,0.1903196831783734,0.6463792765500815,0.0029499955208195446,0.09265019335840494,0.06770085139232056
115,0.16733122504994008,0.6838804215564906,0.0028226356832090865,0.10007788762763578,0.045887830082724346
116,0.15614349968127783,0.5147162438760851,0.0021113384957561743,0.0706775600737402,0.2563513578731408
117,0.2522875577607706,0.5636672383128982,0.0016571624461203846,0.0909791449904928,0.09140889648971824
118,0.09664035244775855,0.8522269288311742,0.004281383039074422,0.02340189536961032,0.02344944031238254
119,0.3145469317521234,0.3350967702519555,0.0008000003039065157,0.08564052258881769,0.2639157751031969
120,0.3422504237650762,0.5095153353642015,0.0019148601857342433,0.05794580628000952,0.08837357440497852
121,0.2573146924973502,0.6303045922738009,0.0023408761762116707,0.03933533336716699,0.07070450568547029
122,0.22440275174109556,0.6138249344978567,0.0032122491217473656,0.02238487567538799,0.13617518896391237
123,0.14179050284582834,0.6709387848129962,0.0028364230655977454,0.026054071083087094,0.15838021819249073
124,0.2049758075490999,0.6471970459731342,0.002173396048083593,0.08959897840437436,0.05605477202530806
125,0.13760443818553186,0.7697363550003428,0.003844200083626946,0.051201629794126256,0.037613376936372185
126,0.24196725095658894,0.5844063390987972,0.002668089589565554,0.12028849857228513,0.050669821782763184
127,0.07576665771638388,0.8753090261909631,0.005789911663741579,0.03203120691274207,0.011103197516169488
128,0.11296174672637567,0.7934279900095581,0.005543239228071376,0.05910835279182625,0.028958671244168604
129,0.1588836427953041,0.7150788369103482,0.0046991662913382715,0.06626724101711637,0.05507111298589295
130,0.10144283328758119,0.8055973000425872,0.006139103075226082,0.049705325610363796,0.037115437984241696
131,0.09248990600373228,0.8320374649620167,0.005423267853206413,0.053331155090341906,0.016718206090702615
132,0.1579117902638988,0.6699390686164706,0.0049426875666534476,0.11641431738547592,0.05079213616750147
133,0.14594467189278032,0.7118202386625794,0.006111005348251874,0.06464110293866397,0.07148298115772454
134,0.15326616981532068,0.7094977380835163,0.005442374913457705,0.07436171839965415,0.057431998788051136
135,0.1934184434913352,0.6852216605733167,0.002722610634845531,0.04474215450201144,0.07389513079849097
136,0.17882143870131162,0.7421003085260031,0.003255871714032028,0.04703673109448354,0.028785649964169928
137,0.20178669782574526,0.642194416167619,0.002769144584032846,0.12327436548371049,0.029975375938892542
138,0.2065665589208511,0.6085826498019105,0.0038541364869394863,0.10015063273046741,0.08084602205983155
139,0.09817848574998642,0.8155980908537441,0.005116417671357427,0.06494356129831806,0.01616344442659409
140,0.26283475500295583,0.4280629010490868,0.0015887374484048937,0.19660950191568025,0.11090410458387226
141,0.1572912151732779,0.6694857166171183,0.004522037931936266,0.1142753897551316,0.05442564052253592
142,0.13306523990021113,0.5090619997907498,0.002379412129981746,0.33421825045365305,0.02127509772540407
143,0.2156000300081731,0.27782991139516927,0.001036160036298768,0.2752318524211722,0.23030204613918662
144,0.23140779331655711,0.43630032902226756,0.0018107106491721747,0.21444879827942287,0.11603236873258017
145,0.1723577526674921,0.6092058079930425,0.0007339731487449198,0.11211619771290825,0.10558626847781229
146,0.33976798246178197,0.31526385071233165,0.0007908653683335736,0.16725372316094123,0.17692357829661146
147,0.2792244736805817,0.15216282769905445,0.00047688180493913777,0.15221875538909238,0.41591706142633234
148,0.23654074443963763,0.238580144151685,0.0003449992250038244,0.1076442510744054,0.4168898611092682
149,0.2360514275942854,0.2333709697362299,0.0003647791558599819,0.07892943151353059,0.4512833920000941
150,0.3945303732022783,0.22001496815523228,0.000641751879827141,0.22729683017259933,0.15751607659006292
151,0.222321217144932,0.3045956492097018,0.0007050551655390308,0.2260027902063008,0.24637528827352634
152,0.31013792610951635,0.2403714429426409,0.0008490392052361704,0.24853973694531684,0.20010185479728979
153,0.203589575096842,0.5318405026790368,0.0013611753371665604,0.16403527476630164,0.099173472120653
154,0.2605927245940435,0.3049396079432374,0.0008902205915444905,0.1305039021765343,0.3030735446946403
155,0.2871795549684576,0.411844669475044,0.0011921456392179081,0.25078633544929607,0.048997294467984495
156,0.21799697058604123,0.558221584233717,0.0008548554877559436,0.1765078597382654,0.04641872995422025
157,0.1174601904067365,0.7702964529281398,0.002220009109826299,0.09688421804479204,0.013139129510505559
158,0.20852700945949465,0.4070206400584406,0.0014225557129620382,0.16880107059392674,0.2142287241751761
159,0.16934899502864204,0.6486102910993504,0.0020530007876116735,0.10151882615742086,0.07846888692697505
160,0.1656101438165295,0.6992537284626311,0.0028335612560960502,0.09832804902699949,0.033974517437743906
161,0.28824710234080864,0.3365267115827382,0.0013715694394171286,0.269394595469374,0.10446002116766195
162,0.24162841000284827,0.34882040211800713,0.001310626934685135,0.2483454565576744,0.15989510438678511
163,0.22493896758329876,0.5380951251878456,0.0018881655630869885,0.12954765601342258,0.10553008565234613
164,0.17281695445656114,0.6745365144402496,0.0004846920564076997,0.05753847913122311,0.09462335991555856
165,0.17533690396174484,0.6531620202446764,0.00160666312455765,0.11952164441519647,0.05037276825382456
166,0.23552191016475443,0.23746486995390909,0.0009316921668638626,0.14939485663198482,0.3766866710824878
167,0.23911190203750185,0.5187187313888109,0.001199592607475995,0.17679302670527086,0.0641767472609404
168,0.28970890195258786,0.4109895872922313,0.0024327072376324416,0.2080343643430856,0.08883443917446268
169,0.23138785361502726,0.4953760179888042,0.001702603890246114,0.1626079580981389,0.10892556640778343
170,0.2129835833586786,0.5038391396048301,0.001851781938682897,0.23959724177195538,0.04172825332585302
171,0.19569976294101446,0.5314517753713786,0.001903965972227144,0.20511082302090797,0.06583367269447184
172,0.13063232044736145,0.6094942451350445,0.0011780916243684274,0.23619985969675736,0.02249548309646844
173,0.17872598262898437,0.39790385640226694,0.0016839768947855994,0.31754428094385845,0.10414190313010474
174,0.09302536682232038,0.5251544228826845,0.001958927219523675,0.3635447411808759,0.016316541894595527
175,0.11497089960403334,0.29468243830028823,0.0006856795690520989,0.5469036636477324,0.04275731887889398
176,0.07991941077508853,0.09076472836101687,0.0002673674732470026,0.6616007618968531,0.16744773149379444
177,0.03210482689528967,0.04231140828647453,0.0005553980592770709,0.02312037397676893,0.9019079927821898
178,0.056981050826192925,0.05050062787279776,0.001315225411687879,0.009789696394016825,0.8814133994953047
179,0.6005412750807864,0.040772145562311145,0.00014123498305245743,0.04262364096105283,0.3159217034127971
180,0.327868964942985,0.022857461171182335,6.620835496551042e-05,0.022319844407584232,0.6268875211232828
181,0.360801577869227,0.14061890763810686,0.00014642574182741923,0.2971167047371609,0.2013163840136777
182,0.108957192930662,0.05525369428413738,0.00038558791548184415,0.7603722402646244,0.07503128460509452
183,0.135740312481016,0.04978463568065749,0.00040160127800286375,0.49726074179214746,0.3168127087681763
184,0.11893088675024571,0.09233616057858418,0.0004096981073083493,0.6735253611480215,0.1147978934158403
185,0.1270283860362776,0.05517775035397534,0.00026590444551376414,0.6934898449344379,0.12403811422979542
186,0.08837611963483528,0.03899895119051287,0.00011216992996054193,0.2378632305471336,0.6346495286975578
187,0.025720696214811847,0.010012634558368727,3.87539543975166e-05,0.042410801317300635,0.9218171139551212
188,0.049023693537277424,0.014893223985871121,0.00033280379530721375,0.02675747673955931,0.9089928019419851
189,0.02695351703613125,0.007682287733894097,0.00011120085836501907,0.012118076942712072,0.9531349174288976
190,0.05808694210220797,0.011928701286205686,7.363816618160056e-05,0.020819359305862265,0.9090913591395424
191,0.015001463041020688,0.026000651181645417,0.0044606140610400115,0.0012905987417569482,0.9532466729745369
192,0.00542854372636094,0.005118293854177976,2.1956909043490543e-06,0.0009865396962284087,0.9884644270323283
193,0.002609239893004011,0.009788696210100738,2.4471879904837175e-06,0.0006753100135380965,0.9869243066953666
194,0.006620308033183615,0.01286933856333608,5.187811075009652e-07,0.000737149280778059,0.9797726853415948
195,0.16506078762700105,0.024831006629070552,0.009216643201392864,0.0008883572977325986,0.8000032052448028
196,0.030509535510442762,0.0001600376607188203,8.351442387810687e-07,0.0005728003227149989,0.9687567913618846
197,0.13747121278453098,0.001668807967096815,3.13694039418575e-05,0.004552501834756884,0.8562761080096736
198,0.01255293267353296,0.0023083047253339975,2.8691445232355374e-06,0.004563330253381399,0.9805725632032284
199,0.19010400932650645,0.021937132059887756,2.0215299909023938e-05,0.0632486715067205,0.7246899718069763
200,0.047445335507239034,0.03554801030965905,8.167446521184941e-05,0.07054463855426323,0.8463803411636268
201,0.021212422320711372,0.007222195507504281,2.245539511030396e-05,0.015260424820320228,0.9562825019563538
202,0.052654691732169,0.01060732055635945,4.794976494649714e-05,0.08758612459747012,0.849103913349055
203,0.04528816760808195,0.015134459584006603,6.365424490453537e-05,0.1381450217283093,0.8013686968346976
204,0.02762520032551169,0.011768336660025726,6.005131678326814e-05,0.09901329332638155,0.8615331183712976
205,0.04327139103252828,0.02342173241026827,0.0001528384368813976,0.31019025772357234,0.6229637803967497
206,0.005273555393482825,0.0033584118647526522,1.5512262876043575e-05,0.021139813576939823,0.9702127069019486
207,0.012769965627101218,0.0050760425106754934,4.054857383851422e-05,0.033822476657477,0.9482909666309077
208,0.020043726647190712,0.007963988464826686,6.425609494953663e-05,0.04379293233479496,0.928135096458238
209,0.024585106034038105,0.009593682759516243,6.628355668580756e-05,0.08199193361826645,0.8837629940314934
210,0.1398375700360573,0.030997946212156305,0.0002357749762037501,0.2694682165247739,0.5594604922508088
211,0.16001481371825207,0.056091453262416935,0.0002221743581965987,0.2454739963173537,0.5381975623437807
212,0.11595369045696206,0.08242382846264579,0.0002182659756450587,0.25601768925960466,0.5453865258451425
213,0.07992576122474744,0.08134651283577049,0.00022450341102158057,0.1392855090296315,0.6992177134988291
214,0.095662522747405,0.06026552279391665,0.0002456762189540243,0.09134775230328607,0.7524785259364383
215,0.06650818787738313,0.037006824188696476,0.0001350099019306274,0.03419488454380243,0.8621550934881873
216,0.060628670013410754,0.0852278078493539,0.00020654277498673864,0.024590628391893434,0.8293463509703551
217,0.09100417123023642,0.05564516255537555,0.0002127470447637539,0.02744583026649089,0.8256920889031333
218,0.10072620819185472,0.04774191880725447,0.00027135008905241524,0.0285216815443851,0.8227388413674533
219,0.09792948955259698,0.06342671952246426,0.00034293305648989405,0.034025159426167614,0.8042756984422813
220,0.1034761945050404,0.1116367253525357,0.00029004209573825387,0.023686045612281353,0.7609109924344042
221,0.12029603025777713,0.09542673764706552,0.00027933229233697123,0.02873519959038341,0.7552627002124369
222,0.11756596907812339,0.18696693927254837,0.0004077390516690516,0.043166475764979326,0.6518928768326799
223,0.10410419402603545,0.15700184652144367,0.0003875328585480952,0.03321435683710853,0.7052920697568642
224,0.18477326236901934,0.16097248857777555,0.0004171876528656492,0.04568448000495197,0.6081525813953874
225,0.17634250289755782,0.21018390735809533,0.0005796369799734361,0.03892289641916613,0.5739710563452073
226,0.3542228262992875,0.15178740394412932,0.0006679930184771503,0.062430064615988476,0.4308917121221176
227,0.3832899047028221,0.32854796100486955,0.0002817229764602786,0.22523049974626955,0.06264991156957853
228,0.33975613560895673,0.231437186827448,0.000665640114377249,0.30681908479529346,0.12132195265392462
229,0.20363238080022705,0.3508355620007952,0.0012937134675507897,0.29955112208975404,0.14468722164167297
230,0.07741201015423288,0.42986861487383543,0.000748875885789105,0.4734384215291172,0.018532077557025326
231,0.2079783790357613,0.25107816406307853,0.0012669804972782286,0.3962174400171347,0.14345903638674729
232,0.15041961179563434,0.5421079665439715,0.0008907185925160128,0.18992568061235973,0.11665602245551848
233,0.10356438842658865,0.7804581672053634,0.002209862253491258,0.07561269635732458,0.03815488575723199
234,0.16899892497459226,0.5334356901622693,0.0013193549474049189,0.232807186095824,0.06343884381990954
235,0.08602615901531001,0.6951043131795509,0.00143502403529812,0.14343248424070182,0.07400201952913937
236,0.14118015596683187,0.2898562203227468,0.0008637515049318565,0.4008262707904135,0.16727360141507586
237,0.09467769449184614,0.6838428619566028,0.0019752607944444603,0.1110397099114944,0.10846447284561223
238,0.15620202430172384,0.6499121012661866,0.005195844900433211,0.05412559614274166,0.13456443338891483
239,0.0631781871349307,0.25685819919759634,0.0034446272769997404,0.09955530227868899,0.5769636841117842
240,0.020547599643820944,0.05943963425167025,0.0015333883462541739,0.009071604178750707,0.909407773579504
241,0.04790111058597463,0.04511498296723425,0.0005984567587646349,0.01536481901458122,0.8910206306734453
242,0.010833835560565712,0.009451706505520753,0.00013364662868295513,0.0029232684254861577,0.9766575428797444
243,0.009081151650170184,0.008418220128730183,0.0006361635599962195,0.003117538395475391,0.9787469262656281
244,0.12405731294841718,0.03132031195517542,0.0006705350224196655,0.005227501379881605,0.8387243386941061
245,0.08253924488633749,0.015985548268977863,0.0004191465043979639,0.003325406047079884,0.8977306542932068
246,0.06276417546256458,0.020594894438041116,0.00032106400980238723,0.0036730593501001566,0.9126468067394918
247,0.011183637571903476,0.013864556553099918,0.0010203868288673167,0.002817111642641685,0.9711143074034877
248,0.04527929466373635,0.021340822212062103,0.00024341010668626982,0.0030816569268053776,0.9300548160907098
249,0.1271006010505958,0.023220656883606278,0.0004005527807989895,0.00645397843768587,0.842824210847313
250,0.22428081106459444,0.059330461409372495,0.0005289214228070452,0.013703823177646577,0.7021559829255796
251,0.22670613666825004,0.05945139465717141,0.0005505471808305165,0.026194211574056138,0.6870977099196919
252,0.31425851077511047,0.05249370428415459,0.0004756923676654457,0.023488198735024803,0.6092838938380446
253,0.41230654009716516,0.290362708912816,0.00044813204728728684,0.1185569219993313,0.17832569694340025
254,0.31493264757435213,0.15933041988024438,0.0003672130900097319,0.3848117093904528,0.14055801006494115
255,0.17336431897551555,0.24154267525181417,0.0007734716771666593,0.47405972287009907,0.11025981122540447
256,0.19806884651724402,0.14141164555316355,0.0005810713881489165,0.5046518536460183,0.1552865828954251
257,0.07824956093135015,0.16717329357050897,0.0004378992388681503,0.7206178843812244,0.033521361878048266
258,0.13278715596230597,0.19689399952862427,0.0010730232599685046,0.5656076361678848,0.1036381850812166
259,0.14543139869035795,0.2823042637624008,0.002737606321689146,0.4715309620761182,0.09799576914943388
260,0.07735623608356686,0.2273447924735659,0.0010783592081250724,0.6445786166508104,0.0496419955839318
261,0.15412936283709094,0.3751447443266669,0.0037216980036480114,0.35762989905289927,0.10937429577969492
262,0.12730748172773984,0.3036261580822988,0.002570165520627233,0.1532565505152412,0.4132396441540928
263,0.05289579763476467,0.13006456021528942,0.001605917924330457,0.043392677057293834,0.7720410471683217
264,0.09094436128667828,0.10557059753617824,0.0015363027457642646,0.03238395980539505,0.7695647786259843
265,0.09018316232281834,0.10699295166776533,0.001197509168774254,0.021875264951584254,0.7797511118890578
266,0.11270901115598927,0.11974189846947769,0.0012708442148706507,0.02206229836027506,0.7442159477993873
267,0.0781706687968508,0.1008212527006699,0.0012591005604839823,0.01847725125710151,0.8012717266848939
268,0.076749474008672,0.10803088792363386,0.0013130775888438404,0.01679414966798063,0.7971124108108697
269,0.06351144853260285,0.10357529413941144,0.0011441093302198204,0.01879943390938813,0.8129697140883777
270,0.12337164099002117,0.13643460321036605,0.00152017732081564,0.02599645310054339,0.7126771253782538
271,0.07118230554751065,0.10352887018358299,0.0006918699488567869,0.023209264809644546,0.8013876895104051
272,0.07529671548970858,0.07682664131881665,0.0016157493742718796,0.03069163402195852,0.8155692597952444
273,0.07889087349462996,0.12357962428324604,0.0007925028049455838,0.029188531000019762,0.7675484684171585
274,0.01131723049692579,0.024581871185206067,0.0009899216406657472,0.007337248472430259,0.9557737282047721
275,0.025710698883530406,0.02288548197854888,0.00038047003557215654,0.009579636124851184,0.9414437129774973
276,0.0656780702392347,0.028793623404961673,0.0003609812161007953,0.012665853597326596,0.8925014715423762
277,0.0664205342627383,0.0238513224871756,0.0003953796402112537,0.00829534429959554,0.9010374193102794
278,0.017901165060086984,0.010783105232298838,0.00028001196591553916,0.0024892487570911054,0.9685464689846075
279,0.055221438736664845,0.01846071935378056,0.00028554560372447336,0.005320661402420247,0.9207116349034099
280,0.134995764467971,0.0721087205377239,0.000577996648695745,0.010310283992266897,0.7820072343533424
281,0.1570533818044702,0.10434213102666386,0.0007950592648390298,0.020134772178061967,0.717674655725965
282,0.06633724053179584,0.10536986721330159,0.0007692857058412277,0.02015863724686058,0.8073649693022008
283,0.10304492732222782,0.26431558044137865,0.0015739141030772594,0.03225451394241428,0.5988110641909021
284,0.028487364123883707,0.13523034035870882,0.0014081336545253894,0.011122061844380578,0.8237521000185015
285,0.15250569158609,0.31082994332753805,0.002645027310946775,0.04736180232489048,0.4866575354505347
286,0.1091920730921304,0.18773465057137864,0.0022895967579459275,0.02371917996911638,0.6770644996094286
287,0.10294502370889283,0.22781730974514744,0.0023348619009667545,0.03592739128955644,0.6309754133554366
288,0.08067745467100823,0.29233617204906515,0.0026020489413355235,0.02321784210229872,0.6011664822362923
289,0.07578398030113997,0.1793041894326123,0.0024465666283870185,0.018044110913463526,0.7244211527243972
290,0.034393260742618746,0.15043426696421636,0.0022330095294196745,0.017182947814410755,0.7957565149493344
291,0.12200423695775847,0.18417178128047057,0.0025745141674348043,0.012214015588602046,0.6790354520057342
292,0.21114400842806377,0.2402763208447999,0.0022151354635931613,0.019630456931113014,0.5267340783324301
293,0.14307507148717502,0.3070922269969402,0.003986528781552616,0.017836902602949244,0.5280092701313829
294,0.20578490888607903,0.4039435029074815,0.004587534742720627,0.022146592509834438,0.36353746095388445
295,0.23033745754146623,0.39282483132799156,0.0055731806981062495,0.030179899803135922,0.34108463062930006
296,0.3803862858136228,0.308560235963789,0.004259713405118601,0.044936279295777114,0.2618574855216926
297,0.2822727565492135,0.472404948661505,0.045902942423788964,0.06851540480686201,0.13090394755863052
298,0.35146949592698823,0.29360580255905516,0.03826459591277421,0.045280571137966456,0.27137953446321594
299,0.21597564517020568,0.4312993020803221,0.039077623359933124,0.1412340716719676,0.17241335771757157
300,0.25933292382312095,0.4514599131766393,0.03826509207804849,0.08273826951608845,0.1682038014061028
301,0.1568963291656785,0.5527345999678419,0.0706763848663419,0.05269035851714361,0.16700232748299426
302,0.14422452615763176,0.5415413017348606,0.09957923161563968,0.06093980241145645,0.15371513808041137
303,0.18216982699133988,0.6081698252352473,0.014941890860102341,0.03912935874206814,0.15558909817124236
304,0.15507172398985303,0.621388272625781,0.011509311878512722,0.06423651422607825,0.14779417727977495
305,0.1629221625135849,0.5544078142199859,0.015161924252784913,0.06494488753564273,0.2025632114780015
306,0.2159168035786055,0.513928975896002,0.021678097340299397,0.06887526908403854,0.1796008541010546
307,0.31909555713562443,0.39850785255253196,0.011611253376918264,0.16296709991460412,0.10781823702032123
308,0.2218360418424646,0.6000636531154114,0.010731738472536759,0.1095027676339375,0.05786579893564961
309,0.28024397334504264,0.4554283568734623,0.013328923851784797,0.12610997005796837,0.12488877587174198
310,0.16965390295870084,0.5245790272372075,0.01949839457803411,0.1508254894946398,0.1354431857314178
311,0.3068994650989813,0.3921194841031499,0.010702635367134153,0.1459057086946412,0.14437270673609334
312,0.15145054158626395,0.6972966017783334,0.014246123549707624,0.08288951422446734,0.05411721886122771
313,0.2316064055001219,0.2965945831419539,0.007102270217535446,0.07211100527948044,0.39258573586090845
314,0.2699634802560896,0.4042248546238351,0.027777368546727972,0.07086321380833352,0.22717108276501383
315,0.2886182083592209,0.21222305710510486,0.009728775174975349,0.0790296707981803,0.4104002885625186
316,0.39392455693479556,0.33099054528592614,0.008650530682290929,0.07480608830475977,0.1916282787922277
317,0.14701795647540059,0.36223073395351246,0.013267867691900899,0.22144586096367275,0.25603758091551343
318,0.2331953106033362,0.30468447666784687,0.00686271086819606,0.19006453206524865,0.2651929697953721
319,0.1315246093023345,0.2285081678783371,0.004139472632350657,0.17685177750191705,0.45897597268506063
320,0.08240526375513377,0.0760223704239481,0.0021453157428139536,0.039293690488664344,0.8001333595894398
321,0.07369456050887933,0.03820805005747353,0.001257044296908554,0.03745617399776982,0.8493841711389688
322,0.07236153491022118,0.06977730205822881,0.0015162372876174315,0.03221118363541446,0.8241337421085182
323,0.10796488200095403,0.061963538416497585,0.001159144115501719,0.024007104572910783,0.8049053308941359
324,0.13450870468109008,0.14561681216377403,0.0014744225869756148,0.03596250148769687,0.6824375590804634
325,0.08694529303201892,0.1631243255691145,0.001821610579212861,0.02086621412595895,0.7272425566936948
326,0.06478177471910099,0.09317355922871255,0.0028481653056341605,0.022699058654721747,0.8164974420918305
327,0.04001198910186134,0.04218422708255703,0.0009020740993828441,0.014532200390599347,0.9023695093255993
328,0.0906940141479759,0.1006000896934197,0.003988495408490773,0.017935600493908025,0.7867818002562057
329,0.14858381537772755,0.09877633784702453,0.004055054021722203,0.032344210450720653,0.7162405823028051
330,0.11314482130500542,0.09880742075878741,0.0016301738510204518,0.0324474185167418,0.7539701655684449
331,0.2141431404786684,0.2263458186891232,0.0021630741776005775,0.052368179615183266,0.5049797870394246
332,0.0560182230889362,0.11634573414694956,0.002534823151800205,0.03610243641440431,0.7889987831979096
333,0.021556119197104758,0.05988149443123485,0.0033619578275872197,0.013433304826982967,0.9017671237170901
334,0.0640365965845768,0.03871786252064786,0.001023450214872115,0.018169929928945925,0.8780521607509572
335,0.05156849482915538,0.03719110510219742,0.0003748045515894306,0.013634634934825153,0.8972309605822325
336,0.1584479354426112,0.041811886788153334,0.00044559698559854856,0.01571929563525389,0.7835752851483829
337,0.11770791459146882,0.03806657709992317,0.0002878946046846147,0.015314325679067311,0.8286232880248561
338,0.08926283352705719,0.0234011844889771,0.00027931040179520605,0.013478139926989733,0.8735785316551808
339,0.11178552799441496,0.035355484845947666,0.0002972063275350012,0.020458929501527036,0.8321028513305754
340,0.05271009576723527,0.027428275913549093,0.00011711952949487073,0.013057208321044702,0.906687300468676
341,0.11753310693357913,0.10399445901006063,0.0003461574495269951,0.03725145653714957,0.7408748200696837
342,0.06607719930979987,0.04246602337042784,0.0003948478927770588,0.0392515033406594,0.8518104260863358
343,0.07591594073597609,0.06484929410577385,0.0002887661398910261,0.08198825098714307,0.776957748031216
344,0.1191146426197008,0.14850219942456586,0.0004949917831817808,0.12270148746920759,0.609186678703344
345,0.0617494830267667,0.04265691565658356,0.00019577357857475375,0.040846932734034655,0.8545508950040404
346,0.11821425217848554,0.03659445487389036,0.00026972119009529747,0.04435781341103308,0.8005637583464956
347,0.23232433007670242,0.1333247604104744,0.0004986018967331959,0.07172974603193458,0.5621225615841554
348,0.1965501541294593,0.04626258179519687,0.00023700561422103326,0.0608029794218676,0.6961472790392552
349,0.11138347936464445,0.08161205466822115,0.0002649886333601083,0.04079673297655129,0.765942744357223
350,0.08772163981128793,0.05854140875928839,0.0003889905717289965,0.04548878272105146,0.8078591781366433
351,0.11713354048725794,0.06423753605503679,0.0002952081629695825,0.04474049615867525,0.7735932191360605
352,0.046225930502483525,0.07791593937721773,0.0003645692357272576,0.032160955508656726,0.8433326053759148
353,0.04542136176122783,0.10694536307690129,0.0011650689094622744,0.04017681667548712,0.8062913895769215
354,0.057843054158405786,0.07820195598555521,0.0004609149948897486,0.039972042694559506,0.8235220321665897
355,0.06440429128758439,0.066363995074795,0.0003968296225143262,0.02832524499014469,0.8405096390249616
356,0.05690238870254082,0.04451812152363851,0.0003073683078364815,0.025325526208672164,0.872946595257312
357,0.08873197213534062,0.11111750597849514,0.00043002672088391535,0.024251836432794115,0.7754686587324862
358,0.04004838069435095,0.032124295820887536,0.000412642804238958,0.013146731743011841,0.9142679489375107
359,0.13254478077845733,0.07527795618494423,0.0005626905934752152,0.023118820438746374,0.7684957520043768
360,0.0938955669470116,0.033963608808892466,0.00035857804952119934,0.029839476858479465,0.8419427693360952
361,0.2144917174713159,0.13002734586444112,0.0002697472151016887,0.06759747138063421,0.587613718068507
362,0.0728003838161937,0.0411908388347432,0.00018974037809281003,0.06433857178790191,0.8214804651830684
363,0.09980089301140335,0.08965281787773387,0.0003660581279459831,0.09674917361545127,0.7134310573674656
364,0.07435178116368635,0.08416014938952013,0.00021070700166763722,0.1489460193945173,0.6923313430506086
365,0.00763509651440235,0.016684361968020815,0.0005716390775424379,0.029017056295482627,0.9460918461445519
366,0.020825627816893337,0.021163581839516353,0.00023341207597860455,0.02491146357078265,0.9328659146968291
367,0.018279418197687154,0.01793161259158505,0.000390533534870824,0.02224862047189587,0.9411498152039611
368,0.061030466433389184,0.024662110793288793,0.0006500126917338373,0.018979746932384165,0.894677663149204
369,0.03875806411638822,0.025462679654367465,0.00027620274927954447,0.010907265492657017,0.9245957879873077
370,0.10157789618488533,0.03856554772845106,0.00048475501092927074,0.017489991116906026,0.8418818099588282
371,0.058944088768670896,0.05404749019831947,0.00040689487822372403,0.009332197191232886,0.877269328963553
372,0.14531794980840332,0.054658470126624975,0.00042055561879113284,0.020652499268063746,0.7789505251781169
373,0.18081442842426304,0.08386413350886548,0.00044281360241577245,0.025373150277344367,0.7095054741871114
374,0.20411443454353212,0.09449228824793177,0.00024318221112140653,0.02775625207378925,0.6733938429236255
375,0.24612887819323764,0.11333984968789053,0.0003241207968923389,0.02965024678437171,0.6105569045376078
376,0.16745999620765478,0.35700512637684084,0.000871905692709331,0.02550721383273753,0.4491557578900574
377,0.11291599273870091,0.36835589950393754,0.0018128845866421772,0.03778413885374296,0.47913108431697654
378,0.16627767334639817,0.4263616382806466,0.0006142123283299559,0.07172155287800637,0.33502492316661897
379,0.13220169348962849,0.39088493430692584,0.0011661506095690722,0.04397395469064703,0.43177326690322954
380,0.019231899760656205,0.11798587540084786,0.04710143605751728,0.006005718637879245,0.8096750701430994
