epoch,N1,N2,N3,R,W
0,0.0007744054154933005,0.0008855833589605993,0.0001516288324042568,0.00010108691234583202,0.9980872954807959
1,0.010148007425613163,0.0036969168418489184,1.7111458699246452e-05,0.0008001812732462974,0.9853377830005924
2,0.0013719233179278233,0.0019857300414811933,0.0006843331599206173,4.5917686935090165e-05,0.9959120957937352
3,0.0048841877646798905,0.0028250135712046833,0.0004630472658143268,0.0002774801383277021,0.9915502712599733
4,0.0003778528482555012,0.0008241063908855384,0.000484596051092458,3.2870636287310806e-05,0.9982805740734791
5,0.007247837672364705,0.00649487292691507,0.0003593065292871437,0.0009928206627032848,0.9849051622087297
6,0.02715174514842224,0.017098509680646887,8.98363202062917e-05,0.0026187335184624807,0.9530411753322621
7,0.0524253750116355,0.05600806654004867,0.00028665681558374674,0.00235885514498977,0.8889210464877423
8,0.012115670307027867,0.020632988979718787,0.00702890744963977,0.0017072280861304436,0.9585152051774832
9,0.0044725645312416375,0.011274572487748519,0.008611690640906541,0.00010668245014439406,0.975534489889959
10,0.006039589731340495,0.017168205573996165,0.00511927776703224,0.00017523534451312968,0.971497691583118
11,0.34275217690211734,0.021215542337703387,0.004783428386658615,0.0002988595278137485,0.6309499928457069
12,0.005554867276008864,0.016460327178787752,0.0021700225795262605,0.00018659871837608012,0.9756281842473011
13,0.004123640669645142,0.009004759835808148,0.0032482210800362284,0.00013011531094211365,0.9834932631035683
14,0.001380780752849183,0.004442894190317954,0.0016575702550563928,6.203607559184581e-05,0.9924567187261846
15,0.0007335793479600996,0.0029370473984451826,0.0006012688258809085,3.13687806905509e-05,0.9956967356470232
16,0.032289293301262234,0.02813915767515584,0.000667433775905306,0.0004922230621122999,0.9384118921855644
17,0.03846543966058602,0.01708238737845007,0.00017608214288324802,0.0011973431201103197,0.9430787476979704
18,0.01070349536704523,0.004409620685441911,0.00029121169385964605,9.590451897705234e-05,0.9844997677346761
19,0.006991413606620266,0.012665211933002704,0.0021432722194843676,0.00012874690858934664,0.9780713553323033
20,0.021197701726439883,0.006400812457746977,5.890585416555552e-05,0.0002439711719771013,0.9720986087896704
21,0.016687433852141123,0.004011303988929241,8.864944798708304e-05,0.0002803217068364038,0.9789322910041061
22,0.021024291284360338,0.0030373209514837156,3.261894734361951e-05,0.00020359196022244134,0.97570217685659
23,0.017680458565884842,0.006313223204671868,0.00028092822324572275,0.00015815654666505175,0.9755672334595326
24,0.04684123589911197,0.05133783948294717,0.004761207743817233,0.0007275011237544588,0.8963322157503693
25,0.05133966339483513,0.03965059436976255,0.002646221812236981,0.0008285292322839142,0.9055349911908814
26,0.006756991137777145,0.026960655880249648,0.0006982093972475145,0.00019581580067654455,0.965388327784049
27,0.013872080130685617,0.13370722733714768,0.042789246593590895,0.0007692057403178615,0.8088622401982579
28,0.004226672552995122,0.01150124764843352,0.0015215115846416883,0.00012381585980867312,0.982626752354121
29,0.017657527538887587,0.5097206309619751,0.015413343877069398,0.0004224719991563057,0.45678602562291165
30,0.020699321145132763,0.677421528064278,0.0055620788644267696,0.0006396907793528542,0.2956773811468095
31,0.01909650145909382,0.19556770661601916,0.0018642403812841703,0.00020696940827172417,0.7832645821353311
32,0.018815041058593666,0.4642430225497991,0.0026228159161317613,0.00024496370988838186,0.5140741567655871
33,0.05535855702439866,0.3515916146735963,0.0017804039917675408,0.0009485184765707074,0.5903209058336669
34,0.09163455917938171,0.24009501338387212,0.013792294914441831,0.0008633879353440893,0.6536147445869603
35,0.08125960914391361,0.5340850120705168,0.027608112439629916,0.0014293647196172256,0.35561790162632256
36,0.002712268274492252,0.005595156820357828,0.0018500012176794341,0.00014171648444366583,0.9897008572030268
37,0.00512087539897216,0.017453737642683455,0.005909498603842139,0.00017968306348085532,0.9713362052910215
38,0.004226185407275285,0.019570592128125987,0.0046670225691128955,0.0001995247972749488,0.9713366750982108
39,0.012810032855524709,0.03232168415248289,0.0044614728006683,0.0005513379099687386,0.9498554722813554
40,0.026695896355801618,0.02493272385372322,0.0005517846038988494,0.001821934577878589,0.9459976606086978
41,0.008199684390540921,0.020831695104030337,0.0028230608335630277,0.00042038689908371635,0.9677251727727819
42,0.017316637847465,0.0451335101119924,0.0044396099297657286,0.0019867397648509456,0.9311235023459259
43,0.006027812445703887,0.026716535101934717,0.001820909432905965,0.000146343215271887,0.9652883998041835
44,0.004398042793633965,0.009133878244910739,0.002099030302050275,0.00018279387556841396,0.9841862547838367
45,0.0011465999073153059,0.0016761059697278024,0.0005553620599067428,3.7098805453884893e-05,0.9965848332575963
46,0.0013995106317036888,0.00298626759430606,0.0001927624944423012,5.106412145729198e-05,0.9953703951580907
47,0.004455499039092962,0.004886353142097254,0.003697175888419233,0.00011005063079823501,0.9868509212995924
48,0.016267409882167898,0.00894187225035835,6.654543025250477e-05,0.0013345685361222125,0.973389603901099
49,0.005481868561183919,0.00514123587245421,0.0004284945930914398,7.99459082945729e-05,0.9888684550649759
50,0.01808880100167064,0.0184258219536754,0.00019336545976237466,0.00044511762582644327,0.9628468939590651
51,0.023930702449771545,0.018832055820026127,3.6037037822335224e-05,0.0008885198026995886,0.9563126848896805
52,0.006980713440012461,0.004600129029149616,0.00012340150727917887,0.00010188586387593631,0.9881938701596827
53,0.004463208934611901,0.0054912995628826015,5.7647716890987815e-05,7.971699652992484e-05,0.9899081267890845
54,0.00845705809979569,0.005163068154783478,4.589678677759659e-05,0.000164902986965709,0.9861690739716775
55,0.0009548708091261579,0.0007809589504443032,1.87263685386256e-05,2.2853229516339578e-05,0.9982225906423745
56,0.010150029736268282,0.003975444206128793,2.6787560514846105e-05,0.00024185533647616377,0.9856058831606118
57,0.010792730094264506,0.005819285870187238,4.976041931810028e-05,0.00012856417366527274,0.9832096594425649
58,0.005364148827103773,0.0030088019938631027,4.697797503753326e-05,7.439631640349215e-05,0.9915056748875922
59,0.0009241749202932431,0.001933746600162084,0.00019655324198863288,2.6494957008709286e-05,0.9969190302805474
60,0.002612825139546291,0.0026792486487881434,7.928799518385744e-05,4.829263272680006e-05,0.994580345583755
61,0.010844701781963319,0.010982967240856904,7.560240633180433e-05,0.0005975965713043733,0.9774991319995436
62,0.003764163807672296,0.002465955027337948,0.0011768153786962533,7.300737440121365e-06,0.9925857650488533
63,0.0017268540510839404,0.0014090628466926854,0.0008521964800780065,2.2840507874478907e-05,0.995989046114271
64,0.006183510627526183,0.007122850982422281,5.143681933473129e-05,0.00012700391224549504,0.9865151976584713
65,0.0026187185081645464,0.0018908611024796187,7.327402517810587e-05,8.317195315288737e-05,0.995333974411025
66,0.023003718526265236,0.00665802172900081,1.3700861855376738e-05,0.0017668254526862729,0.9685577334301924
67,0.07751434768654034,0.016431648732500862,7.110390544248127e-05,0.0012053363317541402,0.9047775633437622
68,0.17201348114453835,0.032797916305845956,0.000750158834047654,0.0024922756708848216,0.7919461680446832
69,0.023206902397207754,0.027470733933805034,0.005141058618665374,0.00515258672750732,0.9390287183228145
70,0.010173939251613246,0.0023881035713499226,0.0004798260659823393,0.0005492720196737831,0.9864088590913808
71,0.00974801911877139,0.0015553894673032169,0.00018713671672484266,0.0006344806097885953,0.9878749740874119
72,0.03426448021059652,0.006238275073429128,0.00018309517471089452,0.0005915742082038707,0.9587225753330595
73,0.3485041229946166,0.10592815935278414,0.001227724655340856,0.001655949981329218,0.5426840430159292
74,0.2802339467895507,0.35782126226079203,0.003525179758406093,0.0024227487772261655,0.355996862414025
75,0.11803233630491604,0.6779065847768934,0.004602648742039728,0.0031875386194151222,0.19627089155673577
76,0.0781684874561836,0.2727725082746287,0.004008851843297614,0.0016433289171289976,0.6434068235087612
77,0.0681185641869184,0.4497888512871685,0.027099239029803948,0.0028425414237202703,0.45215080407238883
78,0.12258118212775256,0.42743323791327115,0.013403555924825243,0.0051461126447632285,0.4314359113893877
79,0.04988845077664057,0.5475697516261472,0.07212740729271465,0.0009739018039142599,0.3294404885005833
80,0.02744908934268914,0.5168235424094444,0.04423822443459519,0.0009211816419973548,0.4105679621712738
81,0.045330315300809935,0.6373113716553517,0.01466977467731541,0.001682116784326862,0.30100642158219615
82,0.014364985755989417,0.7356548076159064,0.060392064854722496,0.0005350325791701201,0.1890531091942116
83,0.03085158694646703,0.693553798184274,0.06632143170976035,0.0018008730873037147,0.20747231007219497
84,0.018121656731552173,0.7788271210347586,0.08655689917883941,0.00036666844045050035,0.11612765461439935
85,0.023732596315808235,0.7420319030652995,0.06415790903087798,0.002109720025275112,0.16796787156273904
86,0.012011454365242247,0.5638042869962766,0.01995011883060534,0.0009071668582698644,0.40332697294960596
87,0.010041913952100096,0.8849237051359126,0.06580192602674068,0.0009376292523954178,0.03829482563285124
88,0.014774558856778619,0.8858634094051733,0.06322163109271506,0.0014251724416832084,0.034715228203649875
89,0.008466970176803798,0.8786254184172572,0.07461793493899303,0.000863576838890795,0.037426099628055
90,0.0122373274251276,0.8845954267678399,0.07087969073156712,0.0006178965998358307,0.03166965847562963
91,0.014012271542029688,0.6234877125164816,0.33618793295733856,0.0008915085480533022,0.025420574436096882
92,0.023574856850618206,0.7268281757316976,0.21542202282394127,0.0017618358713361345,0.032413108722406644
93,0.02988397692534841,0.7156115595735438,0.1016167700523388,0.006314001048020465,0.14657369240074847
94,0.059168226319193364,0.688915658221032,0.06461451473865837,0.005458079758496775,0.18184352096261955
95,0.06038672112998079,0.6413564401323572,0.13950652709921738,0.003199591848682066,0.15555071978976262
96,0.06387830089324709,0.5471026919648999,0.18458416173085282,0.0033171988076607407,0.20111764660333933
97,0.06042912177345848,0.6338266556684642,0.222991705444132,0.003649947774584754,0.0791025693393606
98,0.06088813449866664,0.6829236561856615,0.13770867004461754,0.002743276440954496,0.11573626283009988
99,0.030550178852091704,0.588685148180946,0.2866901282680654,0.0033506986216065154,0.09072384607729041
100,0.023905210934197774,0.6756277891153863,0.25116935036925125,0.0014938707472081192,0.04780377883395643
101,0.027134083146320244,0.6869559248868757,0.20909635900992618,0.00397677445029135,0.07283685850658644
102,0.02685746886074008,0.6730126731675664,0.21302392974343984,0.0025804138672669468,0.08452551436098686
103,0.029725720894570967,0.6924345961825381,0.23253574701960905,0.001872223691891233,0.04343171221139075
104,0.03286323757330125,0.6525247103047194,0.23088476163930277,0.0033263313123086387,0.08040095917036807
105,0.05217072857047279,0.7070748472397527,0.1395816276914347,0.004845663342752638,0.09632713315558723
106,0.03110234902312283,0.45693093774788957,0.4109446144943325,0.002105133756056669,0.09891696497859846
107,0.039330697800831885,0.711700866624645,0.15519609374368123,0.003953392682495046,0.08981894914834686
108,0.016812533313155006,0.3273718851273504,0.5649402900337555,0.0010951720507798336,0.0897801194749594
109,0.02826661060969255,0.34520374693756023,0.5540889545924538,0.0015224328649175434,0.07091825499537593
110,0.02296789422974199,0.4037076280428155,0.5022727530897276,0.001640237452034064,0.06941148718568077
111,0.02245002385385319,0.2861820954648936,0.665929617088796,0.0010781075848727258,0.02436015600758458
112,0.01839493860618093,0.32538705478911895,0.5950766274223572,0.0015669908496429995,0.059574388332699964
113,0.03594539060281769,0.5293777751880574,0.3498218915305831,0.0023691476705914915,0.08248579500795045
114,0.03813514405298519,0.5531074974103392,0.3024518530498671,0.002953571390595391,0.10335193409621309
115,0.022821575540150452,0.27650829367254814,0.6561677767027426,0.0009315354424831241,0.043570818642075605
116,0.02629736850623864,0.2484478289403999,0.6798922792612964,0.0009112988079767683,0.04445122448408831
117,0.021979245217178936,0.24477689315875417,0.6892528746378367,0.0005409211257141484,0.043450065860516196
118,0.01853917960314449,0.20557357712115448,0.7479948854501491,0.0005709796370234863,0.027321378188528242
119,0.023064579024103034,0.2481478619102957,0.6873361290434332,0.0005768090743788029,0.04087462094778924
120,0.028116428461765933,0.24802350693527883,0.6499946007432236,0.0006050866368527255,0.07326037722287891
121,0.02272195047618148,0.16524817780379816,0.7518937808338099,0.0004182108610903768,0.059717880025120025
122,0.054140961975081565,0.4598771141819764,0.3609932623429312,0.0020084375592735004,0.12298022394073728
123,0.05151403681928853,0.5055961296311418,0.3166358900837345,0.0023662465541276338,0.1238876969117076
124,0.07799044869618336,0.5256605481298225,0.20011874619064787,0.004154308028888265,0.19207594895445804
125,0.054419580191879674,0.4104708510840585,0.3953497076813988,0.004273217731775316,0.13548664331088772
126,0.07111781094842642,0.37903749019097505,0.36227167599634524,0.004902934914004958,0.18267008795024828
127,0.04354494544343823,0.027610146733750864,0.0034959483780508285,0.0016770787589215452,0.9236718806858385
128,0.13015063554376852,0.2222932070521009,0.012858607843092394,0.005144233327706299,0.6295533162333318
129,0.1672560801644703,0.4672433787727754,0.03494843667249661,0.009384924120813189,0.32116718026944435
130,0.04549006808813376,0.05366746835015487,0.00581529842422215,0.0007280295249756445,0.8942991356125136
131,0.3021054458566305,0.21458596810739733,0.017818195757954545,0.00847538834954706,0.45701500192847044
132,0.2005272042221571,0.2642665625932472,0.05019517285661579,0.012047242922590733,0.47296381740538906
133,0.19907657516570534,0.3362030955811033,0.03832068706657207,0.011439785829847691,0.4149598563567717
134,0.08249179216731622,0.14868216508538676,0.0116444151910625,0.005760231110949762,0.7514213964452846
135,0.17641332430216547,0.3621212546246164,0.03302621412351917,0.009288834065613845,0.41915037288408513
136,0.19325337969658457,0.5007191503480152,0.037721198862165725,0.01382568202746933,0.25448058906576526
137,0.2788010957797987,0.4922076315277661,0.04446821494235052,0.020334408846026254,0.1641886489040584
138,0.16519090247795626,0.7273448452078228,0.06118739258539385,0.00786810395199397,0.038408755776832955
139,0.1822942946852758,0.5003521740415768,0.2054400537980357,0.013460517718282532,0.09845295975682904
140,0.13424461426648737,0.6331283163054799,0.13781966610636703,0.011350202615951061,0.08345720070571448
141,0.17316255006442438,0.540333383499347,0.15104141084317463,0.011946237625273595,0.12351641796778039
142,0.12088106718270485,0.7422679473616516,0.08624148768269796,0.004513467371337263,0.046096030401608444
143,0.10140186899399281,0.7290633926099513,0.09375200718058001,0.010934095110505327,0.0648486361049706
144,0.09724359347558731,0.7460076830786341,0.14359281450775122,0.001304904368323711,0.01185100456970368
145,0.12856080907243475,0.7249461740263312,0.04972064449505352,0.009272990641689554,0.08749938176449097
146,0.09343917701180172,0.7180718316531671,0.11517063221198162,0.0035542024068700297,0.06976415671617969
147,0.08762144912314133,0.6195086723557791,0.030278292221942886,0.006090005339669139,0.2565015809594675
148,0.0975913753991028,0.5472303485015403,0.08420269714520184,0.0077329639786705194,0.26324261497548457
149,0.12907413163964307,0.6367286103095263,0.10511113619102934,0.004852765308642056,0.12423335655115933
150,0.12257570025647972,0.5479125753101918,0.12231271697284062,0.006122176024300772,0.20107683143618726
151,0.0988733052963854,0.618991275915967,0.13219250707192118,0.009311316985190344,0.14063159473053619
152,0.09307955048994493,0.5554906143999935,0.129238879291397,0.007574074398660354,0.21461688142000426
153,0.02490219051354322,0.493264641458148,0.44427965241460937,0.001748275439968572,0.03580524017373087
154,0.11470526379902428,0.5344723677396234,0.16490227323507284,0.010738149460758115,0.1751819457655214
155,0.055786583219523074,0.5961477140132313,0.3123596407196937,0.0014582949690573328,0.03424776707849461
156,0.12247367799818576,0.5470512033393714,0.09672408715196841,0.017280200956067925,0.2164708305544064
157,0.10719657113414183,0.36283464003809407,0.13070714764959648,0.012255366525031137,0.38700627465313653
158,0.0664528834621038,0.41697419828117266,0.3740611344119451,0.01975234015961876,0.1227594436851597
159,0.07175375287957796,0.5480662448434204,0.26503554248423977,0.04087823691785489,0.07426622287490703
160,0.12805710799120285,0.5322714867948567,0.23748038363574764,0.07136663197585379,0.03082438960233893
161,0.1549712477085552,0.3512570716735266,0.09478594120424995,0.2992560069932282,0.09972973242044014
162,0.19584488917466839,0.3192408517705542,0.0013542063339126327,0.4394589576084345,0.044101095112430294
163,0.21224199816669206,0.2235929273393296,0.008265095468304574,0.2554006457340248,0.30049933329164896
164,0.2012396870277709,0.14683934776136867,0.0018319081086282593,0.3031814678344837,0.34690758926774845
165,0.20689164217710823,0.20036413056926927,0.0006156324807939559,0.5180656106164259,0.07406298415640271
166,0.3161500410338506,0.09515632403041277,0.0034852454045301087,0.09537502400166406,0.48983336552954243
167,0.2662428602526898,0.15580617092217344,0.0014500282606483028,0.3782078125150137,0.19829312804947485
168,0.21893223010748705,0.31153277918497957,0.0011472757618730125,0.17055927281810587,0.29782844212755455
169,0.12935878975402348,0.43227619393047506,0.0012327799523533264,0.19854978201499882,0.23858245434814918
170,0.07115297350284487,0.4244941113679612,0.002757723232672046,0.0666068893138457,0.43498830258267607
171,0.023408207749723204,0.0755477844375801,0.0008107436027394303,0.01590976486478552,0.8843234993451717
172,0.09566174664521734,0.23426450276472316,0.0005821133665186651,0.09202790028320638,0.5774637369403345
173,0.13281677368883943,0.36317877512978763,0.00038372376791400846,0.19031507526379934,0.31330565214965955
174,0.10105567142858526,0.2726895850458341,0.0010631954753779515,0.12031434075264189,0.5048772072975608
175,0.12888109053615177,0.1939451301303872,0.0010480569665195763,0.11830140332197837,0.5578243190449631
176,0.02478937651152753,0.07783067575594643,0.0002966825857102594,0.0542201978416443,0.8428630673051716
177,0.031261718929759263,0.18473886546774926,0.000729386075996652,0.07046524281495894,0.7128047867115359
178,0.08592381570338871,0.33187257432936107,0.0004940572971678315,0.4454232107551384,0.13628634191494401
179,0.08499939173499457,0.3096281652113539,0.0005471691303903568,0.22517473017349857,0.37965054374976254
180,0.029625208259518143,0.16530647999116505,0.0008887634762741296,0.12111948942483187,0.6830600588482109
181,0.08048044175824601,0.45888411478622554,0.00046837559304293587,0.24753792937337807,0.21262913848910756
182,0.03548877844967891,0.1701122754901472,0.0006179406897679178,0.0888948877909706,0.7048861175794354
183,0.04595075209943892,0.17169296047107951,0.0013872149128504603,0.14603259490087203,0.6349364776157591
184,0.020331442732770693,0.07352830110200288,0.001199197946772947,0.022835905223382257,0.8821051529950713
185,0.08348780775787204,0.29662613691846434,0.0008178213379801134,0.4203838324922758,0.19868440149340783
186,0.07194142825413474,0.1752756724693967,0.0006017457405366387,0.19075355038771347,0.5614276031482185
187,0.05354376656455197,0.30220020563007866,0.0005513620010685261,0.256501330071305,0.3872033357329959
188,0.008840145592404432,0.032421547289821905,0.00016164957958495694,0.037551641165454425,0.9210250163727343
189,0.06014062223602571,0.14749084542373356,0.00025323333016325866,0.2121677406876169,0.5799475583224606
190,0.061979210431719826,0.15481628628991603,0.00011643894349470928,0.2737523188171555,0.509335745517714
191,0.02738799213511475,0.19178574235503554,0.00026073778074736176,0.06791810560665922,0.7126474221224431
192,0.028776787149710308,0.06978943286897936,0.00015036123226890718,0.10556188061996338,0.7957215381290781
193,0.01881775439822389,0.0263362089314902,0.00014128118066566707,0.02553007661169216,0.929174678877928
194,0.1257654982164939,0.16631798105180093,0.0006294805673116058,0.14317007494168824,0.5641169652227054
195,0.1835712101555442,0.45332592579084735,0.0007257655507485006,0.1593080512933838,0.20306904720947624
196,0.07093311031141282,0.4141246151530556,0.00053649051570495,0.4079089839009323,0.10649680011889417
197,0.061719911209454095,0.322757418850526,0.0007682876136955387,0.5505913517391914,0.06416303058713296
198,0.07787151221036887,0.37131649578744025,0.0006183136707484085,0.4882533882615658,0.061940290069876655
199,0.14511355058493136,0.34852984282820865,0.0011956182273472095,0.15812521544153904,0.34703577291797383
200,0.1270304271927314,0.4462198178283609,0.000611799398366252,0.33885804517241375,0.08727991040812785
201,0.05566578240054172,0.7424380096714073,0.0015927013633526084,0.09541917891225364,0.10488432765244472
202,0.03992336231012881,0.8238940787787236,0.0022289240751020988,0.120653919040515,0.013299715795530423
203,0.08929783770260019,0.7846091107459031,0.02504130609346272,0.06432061560808393,0.03673112984994973
204,0.014555023432039772,0.8751274597631223,0.01989201305020726,0.04445288641666645,0.045972617337964115
205,0.1525219500121656,0.2927812157086291,0.0013424929108153518,0.38101160082637237,0.17234274054201765
206,0.057064505607579134,0.8297558180159632,0.0015557845255708257,0.08275805536851556,0.028865836482371326
207,0.026641145813873057,0.9139214621726,0.006493395196054663,0.04040666494438202,0.01253733187309033
208,0.22320505873564386,0.5120385311024578,0.0013132668642860327,0.14764698704760804,0.11579615625000426
209,0.16479053048525377,0.6792258805317138,0.003589910513854866,0.08499734909767274,0.06739632937150487
210,0.196739925097943,0.6991715011364789,0.0020561412564764165,0.04466753336130988,0.05736489914779193
211,0.24791136259113727,0.6729187507216433,0.00864822348491215,0.033004212770764096,0.03751745043154308
212,0.13918456127804846,0.6323291126728325,0.059472879628187744,0.027011760203618288,0.1420016862173128
213,0.07222016415801752,0.805076663092273,0.03721351060312317,0.0071469715948775945,0.07834269055170875
214,0.03639048984308611,0.8382284947035553,0.09428163609067211,0.009944092888384867,0.02115528647430146
215,0.07755923173272676,0.6839582968751841,0.03383948110532697,0.07044528440024021,0.13419770588652205
216,0.024336290805657156,0.7180761192244133,0.19347275904953404,0.021981374274181755,0.04213345664621383
217,0.03278724238429544,0.676895508585109,0.1938430493741786,0.0247632661562235,0.07171093350019349
218,0.020071581522057354,0.725569148472374,0.21792596144158455,0.007150897179034957,0.029282411384949233
219,0.038526725811424634,0.7780348980874873,0.08774976400564237,0.030757503728338444,0.06493110836710743
220,0.04658448139365616,0.615367518094507,0.1380015242552857,0.06781739054677162,0.1322290857097796
221,0.04167698234360781,0.719429918681414,0.09548895873669977,0.03703715419690227,0.1063669860413762
222,0.060462773725658336,0.5981012002300055,0.16696280413834724,0.0460006164194024,0.1284726054865865
223,0.05917127750288446,0.6497447854982732,0.051015937497069785,0.0448167489599383,0.1952512505418344
224,0.15762458299014673,0.40582793605648126,0.014275811356971563,0.04039988453790834,0.38187178505849195
225,0.13410690002206996,0.2088105681727252,0.01095343352722941,0.03457747676421886,0.6115516215137565
226,0.07107958114153733,0.17361017571795012,0.029252492773536098,0.016251614445408295,0.7098061359215682
227,0.12868391617754887,0.16991431820593547,0.01778933375110774,0.03441431183890484,0.6491981200265031
228,0.07005183548720696,0.12555735972977536,0.008889122239815778,0.057372408260565964,0.7381292742826359
229,0.038965265463223514,0.10087827857904202,0.018774392210463942,0.12667952457422926,0.7147025391730413
230,0.010390974094471388,0.009274204307375336,0.001961447099502588,0.025275942306258525,0.9530974321923921
231,0.04756858251431573,0.07416253935081278,0.014060972495782162,0.059041606400703064,0.8051662992383863
232,0.1091618279282993,0.1920893944404165,0.031324559576469846,0.019164187069216788,0.6482600309855976
233,0.03054736364037809,0.042682665506590826,0.00664165295181047,0.007906704796546224,0.9122216131046744
234,0.03857737965730237,0.04559733646543495,0.002841550736344827,0.03157979181068906,0.8814039413302287
235,0.010760948828010281,0.0690598514294915,0.0013562270464604965,0.005307818311047477,0.9135151543849902
236,0.00660886692506893,0.05054980615541807,0.0029758485256152108,0.00438582127360557,0.9354796571202921
237,0.008029591440542258,0.05755546590603252,0.012261773020798734,0.013884698892686726,0.9082684707399397
238,0.006695538068669101,0.03254347009561915,0.0032899403522916857,0.003403485829116631,0.9540675656543035
239,0.011122654496411675,0.050450442064507016,0.002487753129551956,0.00268417190009979,0.9332549784094295
240,0.04911540550096653,0.02471153987901345,0.0011144285617125263,0.000601114152094436,0.9244575119062132
241,0.04587192438434063,0.011619231698799148,0.004268605453736705,0.001580193682748316,0.9366600447803751
242,0.04681336829217662,0.044005226932546174,0.0007543122765891905,0.0033620998603539763,0.9050649926383341
243,0.039965079565770875,0.06454624532046507,0.0023275505060696457,0.00717994766256418,0.8859811769451302
244,0.03450410641590809,0.014008941855694852,0.0009164946775586177,0.010824262990637386,0.939746194060201
245,0.0025767509384311453,0.0010441569303572277,3.202963489114774e-05,0.0010133979169352552,0.9953336645793853
246,0.011870983201223406,0.006948464377363646,0.000527626333837835,0.003553381851791934,0.9770995442357833
247,0.03163395185656663,0.009026970317169782,8.25861955027763e-05,0.005516091383147349,0.9537404002476134
248,0.28657823837594243,0.04786391212919991,0.0006210429592447798,0.05914262451557425,0.6057941820200387
249,0.31792378311082026,0.2258054343890075,0.002925161365582259,0.2284161253175223,0.22492949581706773
250,0.19982402991510176,0.6277026179617451,0.004011536030706639,0.0642917388345509,0.10417007725789552
251,0.2336462563759892,0.5456045897385938,0.0017407420745482404,0.15839383967177664,0.060614572139091966
252,0.1393638496622946,0.6525733537426006,0.0032973226449413747,0.16655854411516122,0.038206929835002255
253,0.07032391158888253,0.7031307099508115,0.00608276884199072,0.1390813529573016,0.08138125666101365
254,0.12175707729292908,0.6489864637265544,0.0016100936408412398,0.17593611077369828,0.05171025456597696
255,0.1062182808197517,0.5198129533460413,0.026960985582422593,0.262548634592359,0.08445914565942537
256,0.0868449243695752,0.678219713504391,0.01087642471884254,0.19805049894278934,0.02600843846440179
257,0.024860381413089855,0.9039193246396333,0.009352257854084152,0.04549392086906586,0.016374115224126726
258,0.09145184092675541,0.7222321945559993,0.007905621926800303,0.12621629274940765,0.0521940498410372
259,0.04093116183563166,0.7052680415546227,0.023498440886997197,0.04501381484198568,0.18528854088076277
260,0.045898974368028186,0.637336010218793,0.014348438295158644,0.0538601170287659,0.2485564600892541
261,0.02717324414157329,0.9217463196361141,0.01929531802967659,0.013480602131874218,0.018304516060761784
262,0.024783200348516575,0.9004198798539469,0.008234111750545994,0.02886936070701791,0.03769344733997285
263,0.01592791174588848,0.8935411718438548,0.027434696469033452,0.012670560983235064,0.050425658957988194
264,0.013135969236509318,0.9420690460840357,0.024491438639401775,0.0055901420130933825,0.014713404026959637
265,0.019344757897813643,0.853491333713403,0.016177726319082087,0.016310064915483306,0.09467611715421795
266,0.01731126314160594,0.9111333663503198,0.05423514972765918,0.010727526344489782,0.006592694435925312
267,0.0418004925111838,0.8668440006413122,0.06263995841595141,0.006747545195669001,0.021968003235883722
268,0.07138393989990637,0.7377993706075421,0.05224383373687028,0.04455585000535268,0.09401700575032867
269,0.1330930657107171,0.6736241324348684,0.10339592547922266,0.016171594629195457,0.07371528174599631
270,0.12107073956737051,0.6742932121418976,0.11896021401291054,0.02707073436002514,0.05860509991779606
271,0.11034233224499444,0.684167464114109,0.11090406470648978,0.014925971174979815,0.07966016775942712
272,0.05805433052048218,0.7766924846769154,0.15936682768870472,0.0018315211020472795,0.0040548360118503315
273,0.06511045738133676,0.7959049359373697,0.12363824022110681,0.003760665680445506,0.011585700779741182
274,0.07409139182971186,0.7591723862892725,0.085314125860544,0.013148381423249382,0.06827371459722223
275,0.0693562600749963,0.635218832347593,0.1649019398686583,0.01630276085439717,0.11422020685435515
276,0.06331328710712668,0.48607462813164976,0.27380094790098913,0.014995034385031006,0.16181610247520334
277,0.07892398612538029,0.7075146979790861,0.1758413912325838,0.005507377819380576,0.032212546843569105
278,0.06720575946585738,0.6810532361701377,0.142568065778308,0.02063621483547978,0.08853672375021723
279,0.07516760162149143,0.7228547108875184,0.17579687204408753,0.0031873263848411193,0.022993489062061345
280,0.07078211690111853,0.7098071933701122,0.13640397694084588,0.01624090635339135,0.06676580643453196
281,0.06202187530291396,0.5957258290227476,0.23804579092827824,0.02226836909164733,0.08193813565441276
282,0.05782607168765562,0.6223467346445533,0.2116065412046403,0.016643153238140983,0.09157749922500973
283,0.05967131664893367,0.6060314992305728,0.1711644770127628,0.013126374170780023,0.15000633293695065
284,0.04969025602568444,0.4008988655495576,0.43578285651652676,0.01113532353608829,0.10249269837214296
285,0.0794049482418161,0.5319766946570533,0.28135449072422847,0.023116044982339042,0.08414782139456307
286,0.09521148028286343,0.5556418193285912,0.3167385933236593,0.0025107818473872265,0.029897325217498872
287,0.051725692126504165,0.524407677421872,0.40037204062519527,0.007905798941136933,0.015588790885291658
288,0.044704048539571946,0.43489907304430075,0.45833217468905724,0.013234857962693348,0.048829845764376795
289,0.033566872567954174,0.3360933476191552,0.600503367446672,0.009984190724475569,0.01985222164174306
290,0.025694530484911174,0.3541317802335212,0.5919085336318957,0.006899810777107899,0.0213653448725641
291,0.06297221589814588,0.5957391481373812,0.26906337463065316,0.010313709836013867,0.061911551497806055
292,0.050128688986905125,0.5453638514068809,0.3473958498995148,0.009111159368472803,0.04800045033822641
293,0.01780389529638248,0.2419280645278098,0.7124762530518599,0.0019185383599709283,0.02587324876397673
294,0.042457126529441606,0.5038227595898251,0.33616510694377777,0.0036958757796585664,0.11385913115729696
295,0.05332719383778072,0.545469565352782,0.30546508381286147,0.004823573391358213,0.09091458360521774
296,0.046162773043309346,0.586875179215238,0.2921256063422046,0.0049393444532804445,0.06989709694596759
297,0.016401000994642263,0.16538139554140643,0.7859367860431052,0.0012204023641591598,0.03106041505668679
298,0.021506305820761913,0.23288952919704822,0.7150150630361051,0.0015560876542407786,0.02903301429184391
299,0.052944609430035636,0.5284885915021784,0.35984380606181204,0.004043214277170609,0.054679778728803266
300,0.05547323486603525,0.54680342261151,0.3200119380096788,0.0082925292088815,0.0694188753038944
301,0.004564597167809359,0.09151562233497845,0.8896152823600045,0.0007575445450527373,0.013546953592154994
302,0.018416287514748806,0.15019820558644173,0.8053968409662061,0.001743047306559949,0.024245618626043262
303,0.043941803223086,0.5416786106571448,0.3566648383185502,0.0037986385868970683,0.053916109214321974
304,0.01928044411808725,0.293625646591356,0.6647700136679391,0.0018077628370377632,0.02051613278557999
305,0.023293688960103524,0.30246418733435226,0.6295097269964759,0.003276017137849803,0.04145637957121858
306,0.04343876780929552,0.4528859332430984,0.4521577743013198,0.005746540958982478,0.045770983687303896
307,0.05335133523843319,0.593836434367292,0.293949246058424,0.0073285888383456226,0.051534395497505124
308,0.017581086485850144,0.20083939488424654,0.7628370950917159,0.0021600425889749804,0.016582380949212487
309,0.015564721128532416,0.1576813176336934,0.7754275820218908,0.0017279387805695275,0.049598440435313924
310,0.04863180924056662,0.47966442024070904,0.41724534900280597,0.004493493493667319,0.049964928022251
311,0.04886491512666059,0.5182413776085948,0.362151256936206,0.005625804623356416,0.06511664570518229
312,0.05319476483229865,0.4661734806597204,0.41393784675037176,0.006022518253114561,0.06067138950449475
313,0.02152677034609656,0.246436803861776,0.6894101339144711,0.002537442381059355,0.04008884949659689
314,0.05098484122785542,0.549692731642102,0.3346773428238508,0.005326867137359107,0.05931821716883277
315,0.018843417868180685,0.26244742259808945,0.6934836623593419,0.00267710187584595,0.022548395298542016
316,0.01545657472366962,0.17731964519306279,0.7895682052843971,0.001724922526179676,0.015930652272690773
317,0.01893451195861717,0.2060347532774862,0.7540473669443972,0.0025007118580604453,0.01848265596143887
318,0.02023508074850972,0.22273285473868212,0.712085448008282,0.0019813698264678093,0.042965246678058365
319,0.04559746582170448,0.5136099037132896,0.37710240953168445,0.003740233456338612,0.05994998747698287
320,0.009680267237197355,0.17142750266769816,0.8022014947738298,0.0013178626737912532,0.01537287264748342
321,0.04235141491087554,0.44355349981761505,0.45283024907435043,0.004721422143223332,0.05654341405393565
322,0.010107323917853872,0.13004350419436617,0.8358544999049632,0.001226914345225033,0.022767757637591587
323,0.042954058671948965,0.5078058903763059,0.3680483706489114,0.0032965108864143394,0.07789516941641937
324,0.016744420827782592,0.19013477596312348,0.7678519013727545,0.0016979033074648298,0.023570998528874728
325,0.0116625988260527,0.19179257477383022,0.7733626452025063,0.0014919103178849746,0.021690270879725783
326,0.017902873724746634,0.19038615932688593,0.7616407532605686,0.0014965353640365526,0.028573678323762376
327,0.0404726271230566,0.48781257423740904,0.4173134735199856,0.00593102152846022,0.04847030359108853
328,0.02292782708922942,0.2392087887681109,0.7157034322155419,0.0017379584753436572,0.020421993451773986
329,0.051387775572712756,0.28598411818061825,0.6253002965894788,0.006479903287560546,0.03084790636962957
330,0.01031467320775819,0.10627875224224761,0.8619796185285157,0.0014134821283846972,0.020013473893094016
331,0.013921912554064475,0.21219608022210765,0.753629274507991,0.0018537292704792967,0.01839900344535755
332,0.052516172588443814,0.5164159545113814,0.37372831375495175,0.004590967724252594,0.0527485914209704
333,0.02365564827470072,0.2726270633519103,0.678667900695431,0.0027531502320738595,0.022296237445884232
334,0.020907675925100427,0.27783270146408356,0.6588512202629849,0.0035461550995524675,0.03886224724827871
335,0.05527888915439763,0.523513890350279,0.358143108646542,0.006598872644828229,0.05646523920395332
336,0.04888851505948053,0.4743004049072671,0.42629771326031446,0.004739035699197152,0.0457743310737408
337,0.022087314624694473,0.21855789596135952,0.7266409155548302,0.002392621027637824,0.030321252831477977
338,0.012229429383843273,0.15851828510681285,0.7618775255333948,0.0023538451607225002,0.06502091481522658
339,0.04238060297095336,0.3148576338582308,0.5841325146551567,0.006905927124654053,0.051723321391005134
340,0.017303625796223326,0.3457585215929339,0.5925743775680272,0.002881375370626356,0.04148209967218921
341,0.03085670557653405,0.3052158781180208,0.6132123537481043,0.0031994627445807947,0.04751559981276009
342,0.06217578908763343,0.49975904231185997,0.3278003332014737,0.008904040150663624,0.10136079524836926
343,0.07160913838407756,0.4492078211011274,0.3675457811520209,0.01667190328317552,0.09496535607959852
344,0.06069925043985315,0.41771194556614694,0.4076168782553961,0.013318734235805981,0.1006531915027978
345,0.05026581655149008,0.39750365254646514,0.4529650145183981,0.014293717570247113,0.08497179881339968
346,0.048170729962201085,0.32913027600985745,0.5400647007246082,0.02065662486900287,0.06197766843433047
347,0.03800049053177345,0.31531235781099226,0.5207548869455224,0.05744607919586033,0.06848618551585163
348,0.04852014408115643,0.2647348163094165,0.47359960008286894,0.106412906182655,0.10673253334390316
349,0.10187577397086424,0.4122756416423932,0.06745617640916018,0.16259340035514364,0.25579900762243873
350,0.027358424208469928,0.018059588036107268,0.000794263256818399,0.013058275281014562,0.9407294492175899
351,0.29163676549219514,0.27148628279200615,0.0035814137885573733,0.07188239218532642,0.36141314574191485
352,0.3840953203367557,0.38156146400570656,0.012133935172764296,0.06638834240267308,0.15582093808210043
353,0.3168912121524893,0.266170211926275,0.0389890948997795,0.18499640579700205,0.19295307522445415
354,0.12176601335517725,0.5610639503210088,0.04482139938858103,0.11147196497226892,0.16087667196296393
355,0.025881677592683113,0.09919561845122642,0.033267570204740575,0.013797914117847702,0.8278572196335023
356,0.1666717394188056,0.26434640296636147,0.028274158429260187,0.2675034532872899,0.2732042458982828
357,0.2313684420872677,0.6160607396931282,0.02958477680307002,0.06547790972249201,0.05750813169404205
358,0.37609060389857496,0.3659039933442768,0.08640335172629354,0.05559588263488215,0.1160061683959724
359,0.42109622394394014,0.24847471768629728,0.05443536384966769,0.14842916808476833,0.12756452643532654
360,0.1399878921193787,0.6144143820531144,0.08596377514138996,0.08082257153440081,0.07881137915171625
361,0.2240274098413877,0.388886834111167,0.1049885161661827,0.1993451360396673,0.08275210384159531
362,0.1480078271413626,0.5985785027975355,0.09658950204048353,0.10327315386609151,0.05355101415452684
363,0.3583133576413766,0.4303871950832813,0.10897729740694996,0.06715068004699411,0.03517146982139819
364,0.11743025394076295,0.6364700590363752,0.18690987161386327,0.0279759343025992,0.031213881106399485
365,0.18547139021420003,0.4856890031965078,0.14933217963692852,0.11503211895310975,0.06447530799925391
366,0.12522697168078495,0.32718532086306285,0.37019138599585305,0.08623831447164461,0.09115800698865459
367,0.10966966597752369,0.3830499113159208,0.442579545623608,0.032071520947482966,0.03262935613546452
368,0.1774254691828076,0.6160839223067401,0.10891876479451769,0.07009038019407542,0.027481463521859168
369,0.10390854372859316,0.7912892257002816,0.07851188514340732,0.008975704200990664,0.017314641226727302
370,0.14046882649861284,0.7582035002061963,0.03299074038072598,0.03264984235869975,0.03568709055576503
371,0.05017038897309943,0.8553679043909027,0.022134863233972304,0.027546410415217656,0.044780432986807686
372,0.0367608398932107,0.9090452900227379,0.03911571108244393,0.007788768329943024,0.007289390671664385
373,0.042681675768860484,0.8584714407444483,0.04386565163742081,0.017666403252638838,0.03731482859663192
374,0.10554087279849284,0.8078220825732512,0.032316992962981364,0.016178883716826353,0.03814116794844844
375,0.11779926023284565,0.7947282233329888,0.036184482226020366,0.015496258744642085,0.03579177546350331
376,0.145087156745428,0.6736860246936389,0.06167927599379094,0.05162343269394683,0.06792410987319548
377,0.1460270705871415,0.6288536790436201,0.07396100455044946,0.057389260273543845,0.09376898554524508
378,0.16100755180151607,0.6058400758603918,0.09999112759919439,0.06443311320139822,0.06872813153749945
379,0.10553100134774575,0.6747649005649355,0.10904005838474441,0.029094822637061216,0.08156921706551311
380,0.10076217702392311,0.7033679943172761,0.13111809870162372,0.035570285653111974,0.029181444304064892
