epoch,N1,N2,N3,R,W
0,0.001143163606683158,0.0007185402210957465,1.1297484487331117e-05,0.00011699329394442666,0.9980100053937895
1,0.009468891272419224,0.001147557820170569,6.953312184920894e-06,0.0009479171572161195,0.9884286804380091
2,0.002091944720754664,0.0008111853179925957,1.044025554745647e-05,0.00030885441023795516,0.9967775752954673
3,0.0013083971656596342,0.0005852049546066204,1.970454483174891e-06,0.00022043250014468693,0.9978839949251058
4,0.04339988968656229,0.000915102448095996,2.687635998464921e-06,0.001011679940303883,0.9546706402890395
5,0.08406956508851109,0.0017699269015102113,5.494732530308854e-06,0.0017650300702135614,0.9123899832072349
6,0.2886874397191064,0.007930581887851083,2.0163259132758816e-05,0.004947380247835331,0.6984144348860744
7,0.03176629496473251,0.007473697593798378,3.9516207381669304e-05,0.0025510480550901293,0.9581694431789973
8,0.04559736687744607,0.005338422303203449,2.2502869032951285e-05,0.005872439558517038,0.9431692683918006
9,0.21024135865114127,0.023170763476431336,1.3992348803915619e-05,0.021037401105868436,0.745536484417755
10,0.43950444406447203,0.042030024722991485,6.23716742750604e-05,0.03458901794246434,0.4838141415957972
11,0.1613472580949645,0.09901304818807531,0.0006430315131242904,0.053481978630289743,0.6855146835735461
12,0.0319089157847479,0.10289670434242262,0.002756641986950812,0.006788323092459461,0.8556494147934192
13,0.004843283276535488,0.0022795412411958297,1.648526921192476e-05,0.0028406741491060258,0.9900200160639507
14,0.057358160884843676,0.01978956627497644,3.9621480848890205e-05,0.029519036182180946,0.8932936151771501
15,0.1862701438579542,0.05898041174890921,5.9911228656254985e-05,0.04651775667095153,0.7081717764935288
16,0.18653789682868396,0.07535973407136763,6.266934901492572e-05,0.014686504976275251,0.7233531947746583
17,0.4687691303515503,0.07790944735611516,5.827447774330946e-05,0.06395838137944876,0.3893047664351424
18,0.3119013720168426,0.1077750698916797,0.00011868794789707226,0.06874365347608546,0.5114612166674952
19,0.46395062562281036,0.07625958995883425,4.972224660010064e-05,0.13194574510611015,0.3277943170656452
20,0.2841845837234783,0.34723831201697813,0.00037412327611124283,0.2070223594642201,0.16118062151921222
21,0.3407757431531643,0.14209189570299322,6.472288050556097e-05,0.0851320360749841,0.43193560218835275
22,0.2968748833320197,0.434069864808012,0.0004881965008947685,0.09875979145625575,0.16980726390281756
23,0.0035542758831414688,0.016100652944849005,0.003277237746216779,0.0013803809022001775,0.9756874525235925
24,0.25624706456947816,0.023409455449414057,0.00011404652145964384,0.024768220341547954,0.6954612131181003
25,0.20197841467261446,0.03908801340600644,0.0007073440585353082,0.010223065240311989,0.7480031626225317
26,0.23200700677343294,0.18392447433330042,0.002049715388533396,0.015598081178225478,0.5664207223265076
27,0.1601294828170533,0.3642775041839651,0.002161033914637532,0.027046423475849932,0.4463855556084943
28,0.04297236562177089,0.008257887832191287,7.64729396980012e-05,0.02162160184779386,0.927071671758546
29,0.043894417525174825,0.017862781918190764,0.00019185652313654741,0.016370100980908225,0.9216808430525896
30,0.14352208350067755,0.025252441217857073,8.564028681667433e-05,0.030017901650251574,0.8011219333443971
31,0.3776209802137213,0.07812729429274452,0.000146334765085387,0.05684046213588326,0.48726492859256554
32,0.18663657291525046,0.49873362419549666,0.0015492554504264635,0.05860150913233197,0.25447903830649427
33,0.0893903470337949,0.0461037618250609,3.1607202506201895e-05,0.017540040899652283,0.8469342430389857
34,0.10931292418758737,0.6622380716610708,0.0014514340802165488,0.0316261170407386,0.19537145303038664
35,0.008845212051254856,0.016491130297935093,0.004001658582920108,0.0017725676794213762,0.9688894313884687
36,0.4762228518504087,0.044150213493802784,0.00024720255113579734,0.038639749914699234,0.4407399821899535
37,0.34711426487515296,0.17024164910121756,0.0002831364121872431,0.04806414364570415,0.4342968059657381
38,0.05753795513027263,0.26980448117517963,0.007277568017822388,0.004460498511594985,0.6609194971651303
39,0.0008349848242566727,0.0017553811089027424,0.00037780176513212843,0.0002810830152962476,0.9967507492864122
40,0.003526085838723021,0.0017103787516145755,7.572703082009895e-06,0.000304196867029584,0.9944517658395507
41,0.00435928509964315,0.0023974673958144597,2.2029564689648166e-05,0.00021137555856567115,0.9930098423812871
42,0.00114465438972788,0.000459271499193319,1.1133458725001152e-05,4.954814676429647e-05,0.9983353925055896
43,0.005783923658065579,0.0004863169381070153,2.572913069876516e-06,0.00021269406431550277,0.993514492426442
44,0.09728509542255612,0.001750591943927104,1.0932254630904101e-05,0.0006664463438558664,0.9002869340350301
45,0.004348385398971899,0.0007436602721746147,1.006715731664789e-06,0.00018893869092639665,0.9947180089221954
46,0.040847908108622634,0.004471446530642633,8.049286086203257e-06,0.00036315875620218814,0.9543094373184464
47,0.5853525503735592,0.01193782441692088,2.681534608511605e-05,0.0014063194920507956,0.401276490371384
48,0.8219404631327516,0.023024746079178312,4.192568245008941e-05,0.0034726929298974783,0.15152017217572245
49,0.6109983057404103,0.1471205566554427,0.00019229118485422335,0.020514537059153647,0.22117430936013918
50,0.5603869193832977,0.29130309448381125,0.00019597809158004834,0.08351501450827319,0.06459899353303782
51,0.2695598820098375,0.5804055299922124,0.0007149516192550596,0.04479917883290948,0.10452045754578569
52,0.3739695826353046,0.48867390026349194,0.0010135672895727342,0.059627629099566135,0.07671532071206466
53,0.0801393102650956,0.8976585173746178,0.0019433371230212929,0.005655831605179746,0.014603003632085328
54,0.09418220056925145,0.7319090489804092,0.0023124783288049917,0.008654148203091811,0.16294212391844248
55,0.02055462527325645,0.9409164875626629,0.02056832452880714,0.0015414628669891928,0.01641909976828439
56,0.07276396902506968,0.9041535977911074,0.001962340516071934,0.009354512130312785,0.011765580537438161
57,0.046094070880639174,0.9192068874457772,0.007932299469078972,0.006792124127101892,0.019974618077402983
58,0.09668269923221604,0.42187199390550434,0.015808250820730885,0.0013671897393448154,0.46426986630220385
59,0.41317609992705817,0.5052577857517625,0.0031950406086149203,0.04086017758883383,0.03751089612373051
60,0.30775295096051775,0.6559313191017895,0.00273104660715961,0.002364815239951934,0.031219868090581155
61,0.06071653323035951,0.9163720170969164,0.01524340076347528,0.00040501279690232934,0.007263036112346494
62,0.043878632946825924,0.944199736414169,0.0023817650985919533,0.0011348868614011198,0.008404978679012118
63,0.08728324870975247,0.8708795739343815,0.0035713259287296433,0.0030335682578223493,0.035232283169313754
64,0.02694742573225009,0.7983991150659023,0.12487011874165954,0.0006301503751724285,0.04915319008501547
65,0.028575628551115843,0.9065389870130447,0.0327243889546069,0.0010459596243179634,0.031115035856914552
66,0.014804072151094421,0.8804434027312253,0.042884651843948664,0.0006362591415304417,0.061231614132201184
67,0.0032514569100775465,0.03402469630165084,0.004856428778299473,8.614403417703423e-05,0.957781273975795
68,0.041130738830097074,0.01588913875104287,0.0005025778453121712,0.00026345680721845134,0.9422140877663295
69,0.3930852557982039,0.3999059028245773,0.001580289988047629,0.0028492879078485366,0.2025792634813225
70,0.5367558071494395,0.07053166931038368,0.00013427833082871782,0.001144812745542471,0.3914334324638056
71,0.3530616817318333,0.40587320600341836,0.0011157598755857268,0.003006702769970376,0.23694264961919245
72,0.38934272132111225,0.5812760872434259,0.0005732880187005979,0.011689385652823408,0.01711851776393777
73,0.13439645854259388,0.851897407488886,0.0010462934699071607,0.0045589644722579675,0.008100876026354823
74,0.21347217808910693,0.7672930625386122,0.00022672402561294068,0.00773311576949334,0.011274919577174651
75,0.06159039263840516,0.9314194210637067,0.002357410353039946,0.002191638280142356,0.0024411376647057374
76,0.021392494080342973,0.9668693566269977,0.009042475044280495,0.0010469128250229218,0.00164876142335601
77,0.030822565260270583,0.9620123145563352,0.003225478183676281,0.0009286231030013901,0.003011018896716536
78,0.023819071385618684,0.9546065305928365,0.018072371609415987,0.001516233926728382,0.0019857924854004864
79,0.006426747677814427,0.8617401105487403,0.12921879302942546,0.0007381772552323235,0.0018761714887874394
80,0.011054852399414195,0.962657604887418,0.023320552448558532,0.0005483114180988217,0.002418678846510403
81,0.004880212118875308,0.8871443012113598,0.10563989009772454,0.0004390209444714877,0.0018965756275690403
82,0.004942168165927194,0.6289240782811756,0.36433412222722883,0.0004416390441407017,0.001357992281527651
83,0.006640179615323363,0.8184780573314223,0.17214458945197492,0.0005562512496858379,0.002180922351593625
84,0.0036069952182878734,0.6815864071985894,0.31249258427810267,0.0003992274806679788,0.001914785824351956
85,0.0036653311664384416,0.5642949331693033,0.42908500344148065,0.0003723150978454989,0.0025824171249321255
86,0.00366989622040834,0.6348720686530368,0.35738809576945235,0.00024972682036797725,0.003820212536734374
87,0.002185629835930649,0.2922413838685857,0.7033550475999587,0.0001440627519794322,0.00207387594354546
88,0.000932242551671864,0.20990419199232588,0.7874083783656406,8.529720210864794e-05,0.0016698898882532762
89,0.0014902424205412716,0.2554503985669425,0.7415076933860825,0.00011681315573431065,0.0014348524706996218
90,0.0016271985582797935,0.21922154223901585,0.7764659361496515,0.00012850806717027726,0.0025568149858825984
91,0.0028610687578926705,0.2455176011047597,0.748128885192868,0.00016981249875507745,0.0033226324457245877
92,0.001126765265686321,0.1795683959766906,0.8175472304869191,8.074659851623016e-05,0.001676861672187865
93,0.0014598440999937401,0.21945364908366577,0.7754675254223591,0.00012957145915799503,0.0034894099348233587
94,0.003279560938423101,0.41970039467208653,0.5716423983934289,0.0002250877258676018,0.0051525582701938836
95,0.0017349775079404108,0.3083560711116186,0.6847781472544401,0.00018335664891058043,0.004947447477090379
96,0.0031790311867176627,0.34617453897327505,0.6440790991303543,0.00030437540841918797,0.006262955301233768
97,0.0012721184012503331,0.2266784064182121,0.7688497307808524,0.0001250032017820548,0.003074741197903284
98,0.0022704640363010484,0.22290716881539477,0.7691897701322133,0.00029474999004363184,0.005337847026047248
99,0.08239410435949886,0.3721797977882312,0.09223767912570452,0.003060632425209459,0.450127786301356
100,0.01885501631726679,0.8687491420524428,0.0922212132038461,0.0011487365619349287,0.019025891864509474
101,0.009321713197585716,0.6081201772980246,0.3748051309606172,0.000855638190450441,0.0068973403533221
102,0.030879185751634234,0.8570928548188476,0.09951477091330654,0.0029387689813940424,0.009574419534817896
103,0.006887115902485447,0.46245795965746056,0.5229890803884193,0.0013681906935310618,0.006297653358103688
104,0.017476842282221648,0.8691038248130664,0.10440890479138158,0.002364516880743912,0.006645911232586506
105,0.009037992630826986,0.7044235827991723,0.27820666260870586,0.0013212428853202644,0.007010519075974649
106,0.018086151230599676,0.8526425721073166,0.12041270687073057,0.0026998049205394915,0.006158764870813627
107,0.043244095345348406,0.9282276705432294,0.01975346058781366,0.0025116657632448356,0.006263107760363947
108,0.018198531565829495,0.9367601618329847,0.03852351660819566,0.0009534732077034826,0.005564316785286622
109,0.007730962738690784,0.6093117078367027,0.37929195366178414,0.00040665661302906705,0.003258719149793231
110,0.015149299133982127,0.9392850822375376,0.041679065586854906,0.0007246075620208575,0.0031619454796045898
111,0.0803988043217489,0.7529313467159763,0.03868710713779455,0.001995043298051821,0.1259876985264285
112,0.0476799505092642,0.834885765181323,0.10075523455213907,0.0018785410722787536,0.01480050868499492
113,0.015367013558747658,0.9234685531092114,0.04710327511666156,0.001185770001892261,0.012875388213487346
114,0.029030306264278945,0.86910779280053,0.06800035559936779,0.0018368548187640223,0.03202469051705904
115,0.011480749964201009,0.7959319100485012,0.15691832256721566,0.0014073572470871974,0.03426166017299514
116,0.009755414892190957,0.8259675235604553,0.15261667705782367,0.002675109847913321,0.008985274641616841
117,0.030949393015017992,0.8332424057809249,0.07775628110530407,0.004773586688222571,0.05327833341053043
118,0.035514927699315926,0.3397960711156566,0.025004448609717393,0.0027252902324534623,0.5969592623428567
119,0.002494992465369161,0.003962508060649099,0.0007356729446226716,0.00021145271298753714,0.9925953738163715
120,0.1641973091398632,0.16919574125091508,0.0016152658082075762,0.009798866367111208,0.6551928174339029
121,0.2902754675294455,0.3174863791215233,0.001736166946896424,0.03869524086568538,0.3518067455364493
122,0.015553649567888354,0.018129984743069802,0.001565291531609594,0.0007864272853621736,0.9639646468720701
123,0.23614122054660666,0.11769561251593115,0.0010118018570376727,0.11051097779173974,0.5346403872886847
124,0.061290232187754624,0.2518530895365605,0.001447203275758254,0.014426475739474571,0.670982999260452
125,0.10172963943990274,0.049996906172667485,0.00029912971577349763,0.025978320432894993,0.8219960042387612
126,0.06605064381322091,0.14402507698381745,0.0009148565007896756,0.04857470383242692,0.740434718869745
127,0.011718212655986644,0.002779592495040328,2.9869404257306858e-05,0.006726614088087936,0.9787457113566279
128,0.02193653643591533,0.011022763940253208,0.0004262069397489851,0.006765717771815123,0.9598487749122674
129,0.0007767402354304631,0.0009145246351404097,0.0005721633866054533,0.0002917557358964297,0.9974448160069272
130,0.001609741185684212,0.0005054454498463896,1.168887910300781e-05,0.0006039450166205802,0.9972691794687458
131,0.0037898852374051275,0.0005631044001713766,3.632839220542343e-06,0.0008313455005570831,0.9948120320226458
132,0.05289512723198096,0.0014511471787195254,1.5757580357317655e-05,0.0018201990292805608,0.9438177689796616
133,0.3060778444260086,0.007606298143946341,2.3046133872062727e-05,0.00847584936127069,0.6778169619349023
134,0.003590344784480203,0.006932648102413079,0.000808800892087569,0.0016827249944725623,0.9869854812265467
135,0.0030365586496738915,0.0008437013729075065,5.006606464974746e-06,0.00266502449009584,0.9934497088808579
136,0.006132931042445411,0.0011565776659577373,1.2251447831660988e-05,0.003176674647517743,0.9895215651962473
137,0.002637221634152542,0.0007596187096475628,5.484112533084155e-06,0.0007442990762446692,0.9958533764674222
138,0.0050660910696671705,0.0010094030169014734,5.881614618769468e-06,0.0005099740900981602,0.9934086502087145
139,0.004657470545457322,0.0008986914973645419,0.001479787806655429,9.472643597587689e-05,0.9928693237145468
140,0.0024822115959048873,0.0007259308559395153,2.8527417217287028e-05,9.67848671258429e-05,0.9966665452638125
141,0.0015034664362112786,0.0007894225090178714,1.2513437785904752e-05,0.00022114989976609062,0.9974734477172188
142,0.000612896890092506,0.0001046727028863593,0.0001415379142284619,2.541281000375491e-05,0.9991154796827889
143,0.008444265514220603,0.0027607521060096507,0.00020769740934072452,5.4438342103477955e-05,0.9885328466283255
144,0.0007956232391991525,0.0009030445366308645,3.157317694406693e-05,0.0001327804406860089,0.9981369786065399
145,0.000424407954614842,0.00026650062093636697,2.5828111022754545e-05,0.00011702806043090684,0.9991662352529951
146,0.0004957316610551388,0.0009442779413444515,5.9536536679075245e-05,7.973010928126902e-05,0.9984207237516399
147,0.002745252421141145,0.0005705076096266197,0.00014856228644144408,7.851219769009324e-05,0.9964571654851007
148,0.0016520653479095595,0.0009038913089164772,0.00016611574888044856,3.805796490880684e-05,0.9972398696293846
149,0.0031731634067264478,0.0015354157923406983,0.0003471383977958325,7.786754974160902e-05,0.9948664148533954
150,0.0012238552002975273,0.001240032446106438,6.246120297625613e-05,0.00021713091452789005,0.9972565202360919
151,0.003267507774938958,0.0006185661349317375,5.0956758492211935e-06,0.00023294331843434036,0.9958758870958457
152,0.0016424132025870486,0.0007501602000992626,8.05127258575631e-06,0.0005156102342922019,0.9970837650904358
153,0.00801416426394662,0.0014058678143167322,7.903984736087408e-06,0.0009781901073820124,0.9895938738296186
154,0.005031130744301328,0.0010059172803647042,2.8985493706510295e-06,0.0008546137638136934,0.9931054396621495
155,0.0025557832636611366,0.0017363515032452642,6.573992013959792e-06,0.0007729725269177111,0.9949283187141619
156,0.0030641350324562213,0.001441189042428718,6.123491979389278e-06,0.0016487664391476636,0.993839785993988
157,0.007520344801912467,0.001489634892019972,4.917987410078739e-06,0.001233156538188521,0.9897519457804689
158,0.0022303142872412253,0.0006207436471638702,1.9929418177253075e-06,0.0013657929811905713,0.9957811561425866
159,0.0029954613666601988,0.0015737434804694854,3.738633643211774e-06,0.0009475707171110365,0.994479485802116
160,0.0035476684296098706,0.0012188452338506171,1.0940921967224683e-05,0.0019690121462082035,0.993253533268364
161,0.003682370065173295,0.0014937312188881189,2.4946174263274868e-06,0.001342678436708126,0.9934787256618042
162,0.011894495255001,0.003118190385057378,1.8911297224690527e-05,0.0034246023014869887,0.9815438007612299
163,0.001987386065006928,0.0008096143279474882,2.1268500961372153e-06,0.0030759057277013214,0.994124967029248
164,0.004649565757737906,0.0008583443820834034,7.988082029712982e-06,0.0023311304890909273,0.992152971289058
165,0.010080700733877887,0.0015302314435858828,3.3575228944213877e-06,0.003514689279290047,0.9848710210203517
166,0.003200001012004368,0.0019323055736373575,4.805865928604479e-06,0.0017727150168703094,0.9930901725315593
167,0.012563698878781495,0.0022677698509453864,4.138805304529075e-06,0.0028665628826102475,0.9822978295823582
168,0.007604227232080223,0.0022921524394885558,1.8768516378865266e-05,0.002491940251046327,0.987592911561006
169,0.005156592059648991,0.001511193669160249,2.7755709552372314e-06,0.004058913913406571,0.989270524786829
170,0.005827885996134733,0.0021598028022484423,3.677948922915301e-05,0.004571489138298362,0.9874040425740893
171,0.006259044656479729,0.0011475370163469062,2.297784691372242e-06,0.00417447117379315,0.9884166493686889
172,0.015373375144292972,0.0038517058783702003,5.70933567216677e-06,0.002621973047496233,0.9781472365941685
173,0.011219388096848781,0.0016006559264509046,2.900805891106318e-06,0.005017179069369423,0.9821598761014396
174,0.003155189426922913,0.0013548521994552545,2.090596028659728e-06,0.0011550425685449056,0.9943328252090483
175,0.002466508522631351,0.0006722215211638028,2.010572899428643e-06,0.0012530806604707377,0.9956061787228347
176,0.01423464478420986,0.0027228279880938734,1.0041360800081515e-05,0.0020986692231159437,0.9809338166437802
177,0.015889496493336465,0.0026174798590176446,1.2771913626348385e-05,0.003975172542234643,0.977505079191785
178,0.0049263162139563076,0.0031419269371070167,4.317853980680434e-06,0.0031823550365065517,0.9887450839584495
179,0.0013250657226469135,0.0005351722137925661,1.249888050371432e-06,0.0025190215971430444,0.9956194905783671
180,0.0018244670047883754,0.0005241906995762907,1.3673914977716356e-06,0.0011697139267835383,0.996480260977354
181,0.0058529712653376375,0.0009748614370786031,5.420908861792189e-06,0.0012591625586259442,0.9919075838300961
182,0.004733256628134006,0.0007807469350829348,1.1576576990009217e-06,0.0008586603855968552,0.9936261783934872
183,0.0014298359784969319,0.0007967350789689835,1.1650710950284738e-06,0.000534291853213751,0.9972379720182253
184,0.005080241855594796,0.001528846815381516,3.462834730092519e-06,0.0005630020499011781,0.9928244464443924
185,0.0006979053905424241,0.000587720885358115,9.892357282874264e-07,0.0004445545255691925,0.9982688299628021
186,0.008630099738538063,0.0006122665097556057,1.7902344937970556e-06,0.001274103749227156,0.9894817397679855
187,0.007623074897700409,0.0007906979273753935,4.7680390793236326e-06,0.001072589605224539,0.9905088695306203
188,0.15074815638762068,0.004356048024532514,1.0360050489945914e-05,0.0036171258556515606,0.8412683096817053
189,0.0331590548583948,0.003334243300332318,1.4202850464319417e-05,0.008049273081914604,0.9554432259088941
190,0.00860325580140186,0.003147551259515689,4.7982602064128426e-05,0.004919770606651487,0.983281439730367
191,0.005049881578889244,0.001967803340946953,1.9840973047694048e-05,0.004271772766206535,0.9886907013409095
192,0.0030198139496143976,0.0009828606828016701,2.9831105379336512e-05,0.0021752263632680243,0.9937922678989365
193,0.0034096849592825406,0.0017575917617728809,4.148245093864074e-06,0.001564591700819039,0.9932639833330317
194,0.019017569592387363,0.007616474092724679,9.929569614348544e-05,0.004511131259166892,0.9687555293595775
195,0.04644991558010808,0.008659572346826626,5.103225570185128e-05,0.009497533252327231,0.9353419465650361
196,0.012058075054145969,0.006984157396499361,0.00020429750822570359,0.0031650602138295564,0.9775884098272994
197,0.0028425535630798395,0.0015727474682532261,4.430689833156189e-06,0.003557419158081331,0.9920228491207524
198,0.008123050728320766,0.0022905735096058716,1.2229195514269413e-05,0.0017771189802076267,0.9877970275863515
199,0.024600710072069553,0.026212352081423366,0.002150922732948308,0.0046679303176188035,0.9423680847959399
200,0.012932408184522232,0.004404747721958613,0.00016208268884030812,0.002809836147945647,0.9796909252567332
201,0.007924185222297516,0.004163023319291823,2.065235974910186e-05,0.0017455047252377242,0.986146634373424
202,0.002605650676427381,0.001636969081483329,8.200433332933846e-06,0.0009279225349021236,0.9948212572738542
203,0.002619002404575824,0.0008368461757612761,2.6331436040253754e-06,0.0011207685391950771,0.9954207497368637
204,0.02658289929478024,0.0023444478181030067,4.962212784354823e-06,0.0020223238486945655,0.9690453668256378
205,0.003595516134758776,0.005748761893975511,0.0017257966001745153,0.00043412708654050515,0.9884957982845507
206,0.009769787753266255,0.0022705493956153384,6.073005837237256e-06,0.0011839085397656486,0.9867696813055156
207,0.00590814911549892,0.0027891300500403134,7.212775753787549e-06,0.0014763838843311868,0.9898191241743759
208,0.003738414560719626,0.0008995439390079503,9.594243901629873e-06,0.0008619816225132994,0.9944904656338576
209,0.03972785938204264,0.007264425106866306,7.266311850161231e-05,0.00386939688217418,0.9490656555104152
210,0.10221692345508905,0.007534780700817865,8.984645418569474e-06,0.006278185810747991,0.8839611253879266
211,0.14073834651414874,0.03222227656531498,0.00010075517347637664,0.017745278819815368,0.8091933429272444
212,0.04462950073719369,0.05212650005879097,0.0011363332710021888,0.008732174729337355,0.8933754912036759
213,0.01825546719156146,0.0279314547328208,0.00023805031138589224,0.013424261700634465,0.9401507660635974
214,0.015675502598718895,0.006564331882537643,1.1335244132078586e-05,0.012623419686308528,0.9651254105883029
215,0.018575738121346,0.0033530295894431818,1.185105602174318e-05,0.010627714777213141,0.967431666455976
216,0.08240512488937414,0.0045032529217468985,1.0147332249231186e-05,0.014917409882886753,0.898164064973743
217,0.02151814384950147,0.009734802221155426,9.552515455594338e-05,0.013998969114866127,0.954652559659921
218,0.0041509628998930865,0.0027821095328020673,1.0767685092237698e-05,0.006528119316806656,0.9865280405654059
219,0.03894495087501898,0.013826449930590283,2.2555577481513685e-05,0.01885236251071186,0.9283536811061974
220,0.019719460252638245,0.004973121962592978,1.8290515139805368e-05,0.013036504848700226,0.9622526224209288
221,0.24804108803150837,0.009206776361909986,1.653956276497365e-05,0.020068579965029903,0.7226670160787869
222,0.012861505679689017,0.0061206345844906805,7.285277411829827e-06,0.006524412151484111,0.9744861623069244
223,0.23810705992780903,0.040373163487238156,5.14214918880688e-05,0.03856909080329612,0.6828992642897687
224,0.022645239222340612,0.015415263571561356,6.910034684193114e-05,0.01379234362900409,0.948078053230252
225,0.06850964972725747,0.034818520297983845,8.896287611429615e-05,0.034901405632682736,0.8616814614659617
226,0.02662966646921695,0.005138153320948067,8.927847372309466e-06,0.016313973409986162,0.9519092789524765
227,0.22219179235464112,0.017901715236880028,4.134660104883026e-05,0.028796205467148284,0.7310689403402818
228,0.015427055364938802,0.02065439754728676,0.0009727291486030775,0.004765036221004206,0.9581807817181671
229,0.0954217344749076,0.022948084432184476,5.5787777983884386e-05,0.008660002899688742,0.8729143904152353
230,0.2230390491152426,0.023427764208819354,9.262837743979153e-05,0.011684788628354415,0.7417557696701439
231,0.45887414465533083,0.1857636565324724,0.0008166438366270572,0.05814445144971773,0.29640110352585186
232,0.2058456644622028,0.581508487308528,0.003155681667345883,0.05711025167753301,0.15237991488439026
233,0.08966533167443655,0.6128306151930565,0.0008559946915798456,0.24866366950150656,0.047984388939420426
234,0.08687567044943659,0.5468403085687238,0.0007416601448838441,0.3287330158526254,0.0368093449843303
235,0.10985380329683865,0.5557339920619465,0.007749252509971247,0.11423489874602415,0.2124280533852194
236,0.30709340701322013,0.18461772180490546,0.0007770267855651598,0.13648162486860774,0.37103021952770154
237,0.08172654779868306,0.8600649557050467,0.0010415906195329863,0.04067305870545172,0.016493847171285533
238,0.15603725830156873,0.6838689801180386,0.0013546529666615683,0.1426911355735558,0.016047973040175228
239,0.05786187135514004,0.8938674369488383,0.0008739860256423524,0.04096535715362289,0.0064313485167562644
240,0.05300342121243824,0.8908756818356157,0.0003435736446167731,0.04503151526322341,0.010745808044106155
241,0.03811518477758785,0.9116580535151871,0.0012453283200373037,0.04455742154780284,0.004424011839384764
242,0.013505772020357978,0.973088100416595,0.001391236309607429,0.010103571093055857,0.0019113201603834988
243,0.0978258667602959,0.8688227634495644,0.0005065264623850273,0.027920253733770422,0.004924589593984352
244,0.037780541714563326,0.9083226694355291,0.0007614257514872661,0.05113022981797862,0.002005133280441645
245,0.01670360996668227,0.9658740377084786,0.0007201990229386377,0.0158354004360779,0.0008667528658228735
246,0.0322083009329999,0.9267725022863139,0.0036122468863555787,0.03452837362812576,0.0028785762662050345
247,0.01602443322075515,0.9674276278479038,0.00054601549310801,0.015256065536732035,0.0007458579015009862
248,0.04008341967178856,0.9301068831932665,0.0014439243067876993,0.026602065489900652,0.0017637073382566295
249,0.08320696264145712,0.8899092790335783,0.001689547090235825,0.020532347905256595,0.004661863329472246
250,0.008807586966592725,0.9854602212943373,0.001237772970007158,0.0034995547723503067,0.0009948639967122669
251,0.0758123759303336,0.8859097616011273,0.0009260242795234235,0.03396834793215983,0.003383490256855898
252,0.019276715376340976,0.9707080193777898,0.0035439355191792723,0.004947293284803332,0.0015240364418867146
253,0.024481747024135213,0.969849483907766,0.0011293687640473123,0.0026203292605543557,0.0019190710434971601
254,0.031619017381839656,0.9621709175360348,0.001379934465690041,0.002840437777434227,0.001989692839001365
255,0.011245373478800813,0.9739383206819422,0.011401242418540604,0.0019927149695768026,0.00142234845113971
256,0.02645857090320932,0.9687175782723958,0.0013829260961160281,0.0023450236228486315,0.0010959011054304784
257,0.010534050034958642,0.9835215244762998,0.0043494016087334,0.0008363137000767147,0.0007587101799316776
258,0.014182847347576516,0.980107409772735,0.0036485633992552266,0.0011084893645258353,0.0009526901159072572
259,0.0030731388077341803,0.9530452448658561,0.042554464114044406,0.0005952248209604797,0.0007319273914048544
260,0.009305365568597013,0.9505712341027773,0.03726972291731884,0.0016247337189134606,0.0012289436923933466
261,0.012787619942890826,0.945043966492686,0.03767322397485637,0.0028616273352518916,0.0016335622543152926
262,0.002255221561088877,0.8229788194831292,0.1727245876800579,0.0008734075281507773,0.0011679637475732905
263,0.006051837541142883,0.9671143450805108,0.024271672924928853,0.0011259998888513523,0.0014361445645662257
264,0.003362275762330316,0.8768445337383798,0.11705010605073267,0.0012201448063270724,0.0015229396422301038
265,0.0016410463669245766,0.8967824709862033,0.09977306811257786,0.0005910168597095836,0.0012123976745847592
266,0.007439394241960448,0.9372101784249122,0.05275609642993873,0.0007989391703396056,0.0017953917328489663
267,0.001726821545035847,0.7565112836643332,0.24042374386224943,0.0004799951522810503,0.0008581557761004373
268,0.0022692880654919074,0.7336765696393873,0.2625033471814832,0.0005532142254774694,0.000997580888160111
269,0.0017186576195732024,0.8740305057463316,0.12237723273722129,0.000707915882736249,0.0011656880141378298
270,0.00533244126800573,0.6771041403315916,0.3143975503279124,0.0012524821016583676,0.0019133859708319518
271,0.01670883685090112,0.8691703591997012,0.1095376433973433,0.002125979635749737,0.0024571809163045862
272,0.00289296860478454,0.6604879170529773,0.33473383905585163,0.0007026921951545352,0.0011825830912319374
273,0.0034280303136977387,0.7670477728997411,0.22701433479829955,0.0008778787476363179,0.0016319832406251132
274,0.004454107276855447,0.4059318014169886,0.5872907851523347,0.0008817419318561813,0.0014415642219650433
275,0.00912307987015106,0.8046643064238146,0.18275247359870836,0.0021577214389134967,0.0013024186684125441
276,0.0015650958703328345,0.6622019307650546,0.3339069102112157,0.0009334409187566104,0.001392622234640348
277,0.0032305097372217297,0.4825372509360852,0.511536913433013,0.001064938910512982,0.0016303869831671583
278,0.0013119975371782226,0.6474765520463924,0.34949583719294436,0.0006154550568834182,0.0011001581666014036
279,0.002301308964134793,0.47570877201750617,0.5194773409521817,0.0008043544088140534,0.0017082236573633894
280,0.0013048894674211513,0.5738225673906778,0.4225070279413627,0.0010482898937395316,0.001317225306798859
281,0.0012036217856698846,0.19436810769561644,0.8028426626908812,0.0007048316122426318,0.0008807762155899118
282,0.0060365468844237775,0.7319756334786673,0.25647658937526113,0.003480625725539652,0.002030604536108053
283,0.001012251812422779,0.4739212360213813,0.5224500362663475,0.0012690612273448954,0.0013474146725036328
284,0.0033279356883347978,0.6117064579037371,0.38079017974467183,0.0015659590476440211,0.0026094676156122793
285,0.0028537136956844045,0.4981916882443645,0.49653081113831216,0.0008436139232743387,0.0015801729983645676
286,0.0024990296694631345,0.6795653979448775,0.3151651534401783,0.0011503677633536592,0.0016200511821274537
287,0.002307871525515916,0.6604097039757181,0.33511678267644274,0.0007507115202013726,0.001414930302121846
288,0.001929893913867877,0.6587485253727746,0.3372344261583125,0.0006227874884427356,0.001464367066602358
289,0.0007979494358874369,0.2685900066294466,0.7295166629162274,0.00020951653377169989,0.0008858644846668341
290,0.0011482853478898016,0.29937710216927016,0.6978699986547255,0.0003088430495972672,0.0012957707785172402
291,0.0011575269343853936,0.21144958210215536,0.7856620152023241,0.00025169707423265507,0.0014791786869023092
292,0.0015032869485767965,0.2213984794451659,0.7748291644408165,0.00042828404693320225,0.001840785118507464
293,0.001309553603572957,0.2490087028493339,0.748368317256391,0.0002395875973866578,0.0010738386933156143
294,0.001676146369724713,0.2594132058041208,0.7354328087312519,0.00058557810229535,0.002892260992607248
295,0.0012968612768725644,0.25876505172940223,0.7371894042697573,0.00042715513088347585,0.002321527593084282
296,0.0028001391555776945,0.34391943649814616,0.6479767809271887,0.0009143111580191941,0.004389332261068352
297,0.0025486226705498487,0.2683362901490922,0.724998683005201,0.0008576895545834816,0.0032587146205734414
298,0.008372271915590708,0.28638825131030227,0.6915904792632983,0.0027374658357454964,0.01091153167506335
299,0.017344952224538513,0.4809836967784618,0.4814454339523576,0.006301560412207594,0.013924356632434484
300,0.010133011126449603,0.27296252041662417,0.7053226879014326,0.0021041642113782577,0.009477616344115466
301,0.010625849099545134,0.24646969528669907,0.7343616775556647,0.000908423163297497,0.007634354894793487
302,0.04565287156419447,0.3952209348837066,0.5078833394405006,0.004130026333146585,0.047112827778451695
303,0.14086075714775345,0.0919868365359361,0.021863884068335154,0.00413296414178334,0.7411555581061919
304,0.16674365691651435,0.12618982264666906,0.023878761089459948,0.00351600156952161,0.679671757777835
305,0.31702074932345836,0.5148860851044383,0.0033804371821073973,0.005458917878656862,0.1592538105113391
306,0.2168887029100114,0.7254882113075021,0.01463023404972272,0.005471966378970683,0.03752088535379315
307,0.10938921926885453,0.8503149359084134,0.011830719628665389,0.008583621812034033,0.01988150338203266
308,0.044483476818294995,0.8631383005710045,0.02516050088971677,0.053541471136765044,0.013676250584218725
309,0.1276271427274785,0.6521588769107698,0.005048460406850477,0.2077761321089938,0.007389387845907433
310,0.20586892535142542,0.5496889966462652,0.0027186471808836594,0.20610489798913584,0.035618532832289884
311,0.1934743829956364,0.4940330568510045,0.010933357962172607,0.2910329451990383,0.010526256992148403
312,0.24098749740255765,0.35777312360293584,0.001886900634250898,0.3898010913303243,0.009551387029931442
313,0.04894481609110058,0.7887383177430484,0.01260192745804926,0.14699487100070985,0.002720067707092057
314,0.15757274810091876,0.4969529422255417,0.00474963913255725,0.326582898254951,0.014141772286031135
315,0.03241437316810119,0.7923510963103291,0.14122633369332682,0.027268203563366025,0.00673999326487682
316,0.10009315900273677,0.8003399754455623,0.008057039191440572,0.08563442562488452,0.005875400735375805
317,0.03160907184590073,0.9485577283411538,0.005285321209294649,0.011391370882661024,0.00315650772098993
318,0.0993908667606688,0.859291316043475,0.008048912570610307,0.024818573201233752,0.008450331424011998
319,0.12731508068266914,0.8278720665749918,0.021150762117057464,0.014150624964006573,0.009511465661274927
320,0.012880520577274734,0.9511906806307392,0.03271071915617732,0.001958177433247436,0.0012599022025613143
321,0.02907921409832205,0.9119716428475396,0.05195097118749666,0.003890334368868911,0.0031078374977729336
322,0.017116592288571306,0.8719039962085715,0.10467139353453662,0.0031964175688919396,0.003111600399428835
323,0.0017448086453453295,0.6991506967692769,0.29642904285582267,0.0014723420142767473,0.0012031097152783632
324,0.00662190019578412,0.8415397790880045,0.1469411053247984,0.0026537673558815226,0.0022434480355316916
325,0.00121134405200929,0.5786660363625152,0.41762918102863494,0.0013875369424651192,0.0011059016143755735
326,0.016322293714589518,0.8727721235683326,0.10308145152911967,0.004529648668669158,0.0032944825192889977
327,0.006024341004011101,0.7366563425246452,0.2526621904924283,0.002512058830892471,0.002145067148023115
328,0.005395081071119987,0.8437266637055093,0.14592775948961823,0.0028251708847444276,0.0021253248490079387
329,0.009283809856085555,0.8383099781889821,0.14739930176896987,0.0030748554332150502,0.0019320547527474216
330,0.006239163538717796,0.6478644108821369,0.3404227761218563,0.0024056664645107106,0.0030679829927783074
331,0.0034937538917429348,0.6724543033364168,0.3207808558124519,0.0012849557317900775,0.001986131227598245
332,0.0063290030001436,0.6360180403671906,0.35380760049083637,0.001625600799751285,0.002219755342078389
333,0.004306978235025741,0.5654272014306246,0.4268318765873289,0.0010348129200384475,0.0023991308269823357
334,0.004564466160526545,0.5890681136530933,0.40339223901500615,0.0011576497914268277,0.0018175313799471452
335,0.004708153458946585,0.46288331785037695,0.5288671535612758,0.0010291213634947363,0.002512253765906083
336,0.004081879623108951,0.7123442453204788,0.27935958507140235,0.001378769851483525,0.0028355201335264614
337,0.0022166410270224616,0.32319167569869534,0.6703823627147419,0.0011597608405190508,0.003049559719021274
338,0.002729352776441292,0.33552273810795263,0.6577193471508616,0.0014807770130308084,0.0025477849517136298
339,0.01577130464136509,0.6605853307673659,0.31352826299288605,0.004929573874626431,0.005185527723756654
340,0.006248625140481576,0.46113348669206705,0.527305891192438,0.00176069723859114,0.003551299736422175
341,0.010664132471180676,0.5660851641851693,0.4139703035610687,0.002211421886908072,0.007068977895673345
342,0.03182303608053899,0.7148172030076575,0.2451299224083738,0.0023402278018113637,0.005889610701618258
343,0.010075581163533747,0.6614671349184693,0.31913966084819445,0.0029227101293392028,0.006394912940463374
344,0.014287513842859877,0.7337177187967723,0.23988221134410964,0.0030975129814664777,0.009015043034791791
345,0.00271813786677385,0.3870127056779384,0.6043313024744214,0.0015558580699096141,0.0043819959109567645
346,0.002387518780190295,0.23440862675418825,0.7565655595485768,0.0018140026724299471,0.004824292244614742
347,0.0037576206343817036,0.34171789431949184,0.6466273417412347,0.003510298251319646,0.004386845053571983
348,0.004166446332939894,0.5292940179189848,0.45740743509541104,0.0030499002531441254,0.006082200399520071
349,0.03945635510844014,0.8727319756755381,0.06680034909075604,0.012506573470002575,0.008504746655263143
350,0.02151610923655143,0.6439012808767162,0.32248226811408354,0.0052677802105356155,0.006832561562113071
351,0.07446886572464634,0.7532603962474627,0.1504353374301832,0.011373924720861916,0.010461475876845804
352,0.01804700211826534,0.6650645130854043,0.2874864531625307,0.020940523023480057,0.008461508610319683
353,0.07080868504216171,0.552559316931044,0.2723274766889563,0.06846774314658877,0.03583677819124922
354,0.08822887203575665,0.45413828443006665,0.06437026611896078,0.34682080739034504,0.046441770024870786
355,0.24989236196707712,0.12140478467698695,0.0036775231703522018,0.5761671003629809,0.04885822982260285
356,0.12339626530381007,0.12245211422492494,0.006441248328756466,0.6959981450593816,0.05171222708312681
357,0.04934013904891525,0.056269019844134356,0.0018405330206626104,0.8547077825907389,0.03784252549554899
358,0.04282698267429263,0.028836782745222774,0.00040943339232521773,0.9039946237597869,0.02393217742837237
359,0.06794929045148707,0.024941576523474077,0.0014533537036667333,0.8939321233935245,0.011723655927847671
360,0.027961270317468902,0.03946530169182916,0.007100210932557822,0.5410269402778718,0.38444627678027227
361,0.04370507360446712,0.04065864911754124,0.005557089946263115,0.5941421051533767,0.315937082178352
362,0.04486619949233352,0.046873089073805045,0.003415437484894008,0.7555324937572244,0.14931278019174307
363,0.03551524503860983,0.02464272844895008,0.05734388555421811,0.04570231945258232,0.8367958215056396
364,0.17062238117291126,0.024901726599788423,0.0009006192123027725,0.08693501522046837,0.7166402577945292
365,0.5466674988089576,0.08836376829659964,0.005301882539180067,0.2647750264153765,0.09489182393988635
366,0.15429588618858409,0.14851179907726028,0.008950435008386411,0.5936345311163598,0.09460734860940939
367,0.04855787245453962,0.08653819490021894,0.0006796174791963899,0.8398253134826464,0.024399001683398775
368,0.02314263861230381,0.017865891452382567,4.2097051090955116e-05,0.956537612319893,0.0024117605643298287
369,0.011343805010051406,0.01381392526114559,0.0002099683712109808,0.959627164444453,0.015005136913139075
370,0.01291540038225613,0.01088464869098222,5.0668132549199525e-05,0.9727887818935225,0.0033605009006898714
371,0.013105802621202416,0.019266926300634302,4.7600275607772334e-05,0.9650329973598873,0.0025466734426681575
372,0.012231074642912005,0.011040177099740702,2.6290419385152143e-05,0.9748960729064988,0.0018063849314632402
