epoch,N1,N2,N3,R,W
0,0.0016041107483177792,0.0001760736754680657,4.521025321923858e-06,0.0011805278749378242,0.9970347666759544
1,0.0002664246122064423,2.735458363109312e-05,3.4005154864336465e-06,7.985379162673224e-06,0.9996948349095133
2,0.0002348164188265688,2.2122526304542912e-05,1.5136480975144256e-06,1.096801921572926e-05,0.9997305793875556
3,0.0001401405002884102,1.4016159570378135e-05,1.8317257220459931e-06,3.895064842422229e-06,0.9998401165495768
4,0.0003191830922415854,2.8117127461551996e-05,5.305826048602898e-05,3.905382324761678e-06,0.999595736137486
5,0.008332755819845284,0.00021358307103220225,0.00027551907752459514,3.326069875948155e-05,0.9911448813328385
6,0.055234051631354704,0.001124121173765663,5.4651223168843384e-06,0.00024221158067383856,0.9433941504918888
7,0.0016276915501923334,0.00011308750169087069,6.545907660714523e-06,3.479983882031669e-05,0.9982178752016359
8,0.04823822455080698,0.0003622175753970949,5.799405293617968e-06,0.0017294764835222019,0.9496642819849802
9,0.17112466204467194,0.006059276473582342,3.852866090465844e-05,0.02136769726909542,0.8014098355517457
10,0.1023762492409403,0.01924804035482475,2.772674561187637e-05,0.03005482809219565,0.8482931555664274
11,0.04537093989198923,0.00625207728871989,2.5255194298304525e-05,0.06434394415149644,0.8840077834734961
12,0.054421453615670065,0.21558412885431855,2.426409892273755e-05,0.14623753172419363,0.583732621706895
13,0.08650155800318997,0.101934878264939,4.223599851744557e-05,0.24882344803972173,0.5626978796936318
14,0.20162900562637956,0.28290080414604685,6.203999157479437e-05,0.3273279872386769,0.18808016299732186
15,0.16375485238077103,0.21709763018708134,5.29518506771896e-05,0.22758404073981967,0.39151052484165083
16,0.13891813023292013,0.21656547909555143,6.846977292718535e-05,0.3312031465585641,0.3132447743400373
17,0.06656417882612473,0.13228818976474174,4.1223839339057934e-05,0.29348020092853505,0.5076262066412595
18,0.11898927603658836,0.08823746538380921,0.0005995657544206657,0.14092886737593066,0.6512448254492512
19,0.03987434461692936,0.012699342008897068,2.102707342949679e-05,0.01805073692765979,0.9293545493730843
20,0.23628019495416663,0.19024896987307804,0.00011090377364326065,0.38191271707131497,0.1914472143277971
21,0.25933088416654887,0.12103866639160597,5.035006304961737e-05,0.2975485845870342,0.3220315147917614
22,0.1414780348905378,0.17428913660619075,6.627245947238487e-05,0.34876485152573616,0.33540170451806295
23,0.04009876205498454,0.03001192785917244,2.398060035594297e-05,0.16593390472892147,0.7639314247565655
24,0.15248117164850847,0.10205342753277552,5.7015428169760405e-05,0.5323104328874763,0.21309795250307
25,0.1318749707247222,0.16278280716666607,6.13249272947381e-05,0.5824979427243813,0.12278295445693575
26,0.02919794711058913,0.012400630860653478,1.7713551544500102e-05,0.053877481347335505,0.9045062271298774
27,0.15410266957606028,0.09376654059899682,8.191043478962292e-05,0.464910421221145,0.2871384581690083
28,0.1302074511542573,0.05663984823495908,3.438456482244155e-05,0.3969285278584021,0.416189788187559
29,0.2621163184815942,0.09300964877642467,5.861050931449888e-05,0.3870708743636014,0.25774454786906514
30,0.06871060969600162,0.0831599437686219,3.8091692829480586e-05,0.26397093810213856,0.5841204167404084
31,0.1542019314923968,0.0742720799879743,5.912556645953456e-05,0.4976969493604611,0.27376991359270814
32,0.10476213669334514,0.08368036833586238,5.716591102623334e-05,0.4913246854056478,0.32017564365411844
33,0.134569669780851,0.07335011135427254,2.2142883978334074e-05,0.20226703316027606,0.589791042820622
34,0.13025088358639297,0.16084471448814222,2.6742644967344156e-05,0.14824229379090142,0.560635365489596
35,0.044687133374501725,0.05796817053042921,1.203184465341805e-05,0.07605762578350161,0.8212750384669141
36,0.21554580913430063,0.06675573516719521,7.421015601413341e-05,0.17937023349942793,0.5382540120430621
37,0.11403315506600835,0.020248202674839226,2.888243509446069e-05,0.29742624867267564,0.5682635111513823
38,0.10334325015507527,0.03346149006727364,5.0060227697812535e-05,0.37203229495701784,0.4911129045929354
39,0.11769440908150197,0.05245418623233148,3.495695859235565e-05,0.681368449689664,0.1484479980379103
40,0.2080113738097855,0.05243322911541554,2.5943711732817893e-05,0.41481299863351445,0.32471645472955174
41,0.15808020103213488,0.09103940781096978,1.4399610800023378e-05,0.23174075847247202,0.5191252330736232
42,0.14517111625027737,0.057605921301843374,1.8675062156681803e-05,0.2504547586626821,0.5467495287230405
43,0.28801699584145335,0.18450122153900445,3.623993652853074e-05,0.22086645791879486,0.3065790847642188
44,0.04783270231861542,0.016737723088893194,1.2369933036865273e-05,0.14039434585267863,0.795022858806776
45,0.1499745012224451,0.10582355713182318,5.406290953315658e-05,0.5977902442692227,0.1463576344669759
46,0.1222117660916434,0.08891808558936518,2.5672491069876593e-05,0.3443207285895884,0.4445237472383331
47,0.22686756372584682,0.07404305316915542,5.213988203865394e-05,0.41953413478901447,0.2795031084339447
48,0.14813369164538318,0.07302249717020916,4.068181605700144e-05,0.2922667949422034,0.48653633442614724
49,0.2226456092959561,0.05907709877697345,1.8944945770741484e-05,0.12177158942977273,0.596486757551527
50,0.2932830006289896,0.14095203603463355,3.3596425761330354e-05,0.33987145464442764,0.22585991226618793
51,0.21675852255402148,0.11271820453405584,3.311997169304845e-05,0.26451555588456155,0.40597459705566813
52,0.2893885655073493,0.23199304098963572,6.647902610933676e-05,0.40451839412674506,0.07403352035016066
53,0.15339917005312054,0.0600439947670249,1.8378166200655624e-05,0.20277712199147954,0.5837613350221743
54,0.17843139672815173,0.40459954978968027,0.00046047930203336703,0.3469992424767054,0.06950933170342927
55,0.14686025937743896,0.1094267167957603,4.6807517559840065e-05,0.18867721076888105,0.5549890055403599
56,0.21651851472574485,0.4182770239918866,0.00019992251365718512,0.3026419636815261,0.06236257508718535
57,0.09744787012994063,0.04255547621712131,3.8814421427684834e-05,0.13981598985252086,0.7201418493789895
58,0.11032038329086861,0.7959372724620579,0.0007479279442033341,0.06586424543597007,0.027130170866900036
59,0.09536064688986215,0.12300658738720907,0.0001675777291211743,0.09939957761059644,0.6820656103832111
60,0.26566105965441256,0.43985502801146187,0.0001625314731706534,0.20938637247286926,0.08493500838808551
61,0.15663111406632912,0.20863767209671574,0.0003255422425534156,0.23042755669074838,0.4039781149036534
62,0.2543423142586991,0.3398917709607512,0.00010641578909582022,0.2886745673426687,0.1169849316487853
63,0.10616382690598372,0.5786099033435856,7.597353106888398e-05,0.10920765582236144,0.20594264039700025
64,0.2736424696330103,0.3755647595228463,0.00016943467864714208,0.24727551998222372,0.10334781618327259
65,0.11479778590989573,0.13727700565361162,5.4934409606015955e-05,0.08475671696837342,0.6631135570585132
66,0.05652396558395049,0.8720008528122829,0.00046249724505262736,0.04876426074979179,0.022248423608922145
67,0.17063667351525733,0.3086237904024228,7.971248121529631e-05,0.21655148729776785,0.30410833630333667
68,0.17875579347950613,0.45753671083490116,6.664210742689586e-05,0.2457179742533155,0.11792287932485038
69,0.1659178578026447,0.3097160862070689,7.009444138597918e-05,0.39456054967538245,0.1297354118735179
70,0.1209062461577032,0.6169174757714597,3.726005111114386e-05,0.1198485684250911,0.14229044959463483
71,0.06909205753716292,0.8011565406264087,0.00043468433572852735,0.10658684009856055,0.02272987740213934
72,0.09398395470984874,0.6508789356357579,0.0002641055827140344,0.10888584553551746,0.14598715853616165
73,0.013706596160190224,0.9469331603056445,0.00033247293346926087,0.032304548826766435,0.006723221773929666
74,0.12584168193690753,0.29495637006317427,0.0002450283643272757,0.21701994591776871,0.3619369737178222
75,0.012068849382110992,0.9640467447375163,0.0001402106704265414,0.015503465700410076,0.008240729509535877
76,0.14341574540520732,0.44131374867660295,0.0003624318713688817,0.14802933079159447,0.2668787432552263
77,0.09083850396755405,0.8540764067093303,0.00022498885850140703,0.024781839966584545,0.030078260498029644
78,0.0853105590748087,0.7914260849594142,0.0002838438372398296,0.04950613232497558,0.07347337980356147
79,0.04803715789743237,0.8733027122535529,0.00015163898730558614,0.03446722907600709,0.04404126178570216
80,0.05365805165641373,0.8767778046933838,0.000467451964513623,0.0479682690275859,0.02112842265810278
81,0.1260020497802792,0.723142963963064,0.00012365310585729433,0.04513000423029922,0.10560132892050028
82,0.008079788422327752,0.9821894862487494,0.0004761821106741968,0.0035828972942912644,0.005671645923957342
83,0.12289158890978256,0.6750045750864957,0.00034893428900931807,0.09977839521481395,0.10197650649989864
84,0.04854440845278196,0.8883546115072876,0.0001572053841941448,0.022059461736059067,0.04088431291967719
85,0.09923954222095657,0.7768750315977107,0.0007422176177429595,0.08135049803280564,0.04179271053078434
86,0.041073815053221004,0.907265820288243,0.00020291463167100798,0.019289804048617812,0.03216764597824708
87,0.03265587588589978,0.9204929962200322,0.0005226428555042057,0.030679252434292318,0.015649232604271635
88,0.12682873308312823,0.6864857205223949,0.0007483618273687829,0.11978510167589879,0.06615208289120916
89,0.044633186446040175,0.8680190043356205,0.0006300638012490375,0.05274574289863694,0.03397200251845335
90,0.1399813080545348,0.6912224462798303,0.0006099291633870828,0.0993287849047712,0.06885753159747647
91,0.0750466447665787,0.8618632059935819,0.000747307499706256,0.018971536002398443,0.04337130573773467
92,0.078288482155287,0.8714213603598812,0.0015036497632392933,0.031055621341072686,0.01773088638051992
93,0.2229983896492331,0.5089359401923755,0.0010048316061073077,0.05117608530423132,0.21588475324805276
94,0.01549382313334339,0.9717681894473811,0.0012629250055365188,0.004432695103960442,0.007042367309778615
95,0.08157058076019609,0.7934109819164759,0.0006700725153323868,0.026799353535910866,0.09754901127208468
96,0.07681432938871523,0.8246269972684861,0.000714201059254283,0.033131481100783206,0.06471299118276126
97,0.07778264116019341,0.8111207548718417,0.0006764611256916884,0.0703134500592505,0.040106692783022466
98,0.0781541594270672,0.825121776806705,0.0006216516425086762,0.03211688292012598,0.06398552920359303
99,0.05824069637803018,0.8537567224940477,0.001590508641594757,0.07303057020436246,0.013381502281964825
100,0.06914280318136212,0.7658193409197248,0.00034251942346094557,0.06894098212474153,0.0957543543507106
101,0.15888023601292647,0.5575592364533195,0.0008999315959692381,0.21710131197894264,0.06555928395884225
102,0.15379971626813718,0.4727203100112772,0.0004990869138217335,0.2583798186720881,0.11460106813467585
103,0.030618705385686548,0.8453297283469456,0.0013875985234924322,0.10722655237860186,0.015437415365273412
104,0.10144671920082306,0.13959690397258356,0.00023460850916260875,0.05600392772208409,0.7027178405953466
105,0.20385722802551215,0.4686564066095875,0.0006808021400926458,0.26982730124517584,0.056978261979631704
106,0.018518769677163264,0.01004335515076313,5.261211215544229e-05,0.011606259818490679,0.9597790032414276
107,0.4273976889188366,0.10668505967380913,0.00026754862725472217,0.06578078631914357,0.399868916460956
108,0.3810369180433441,0.4262264489866668,0.0005844291491054699,0.08889678947764193,0.10325541434324159
109,0.2596889925694778,0.3324464018445317,0.0003615640659635325,0.029587268745456932,0.37791577277456995
110,0.09968935505449489,0.7693892697623615,0.0011060546819941653,0.10828559249147017,0.021529728009679224
111,0.08763556021080059,0.030412594117752514,0.00014823788911384135,0.02912810897310466,0.8526754988092283
112,0.39673839861341814,0.450826847118311,0.0005670929723577983,0.12054845896245381,0.03131920233345929
113,0.45854588118415096,0.4220618119611005,0.0009523747892220541,0.07331481575379328,0.045125116311733236
114,0.08284366079012567,0.90218964145709,0.0010359167323940326,0.00979100134451058,0.00413977967587976
115,0.30799471977640114,0.3233081884960953,0.000498344563765858,0.10299378286134986,0.2652049643023878
116,0.03263146541493676,0.9371695327903533,0.007039101526822318,0.017722545895561603,0.005437354372326161
117,0.3174889086879267,0.4587249048496065,0.000522748696611293,0.12876470179760136,0.09449873596825416
118,0.16515159938296425,0.7916675259497744,0.0009509585046176827,0.023627148122696274,0.018602768039947277
119,0.10697860638781703,0.8590889129076852,0.0021802714134035385,0.025866795166987127,0.005885414124107083
120,0.21607909522088556,0.37670435104511535,0.001553194622766213,0.025331829831137288,0.38033152928009556
121,0.029827933799106178,0.9440948188336382,0.007624812163216143,0.011363479189811293,0.007088956014228012
122,0.31491336626826405,0.5033750276511243,0.0018341878727362714,0.024715127286749326,0.15516229092112602
123,0.04825348909626641,0.9253064727105896,0.013312264140717279,0.0050976585305511505,0.00803011552187562
124,0.17428621058573343,0.09734426839205464,0.001680122515082539,0.014214498376810209,0.7124749001303192
125,0.3167025328912139,0.6441685373211552,0.002032517995017572,0.015300580153455241,0.02179583163915811
126,0.41049752042248616,0.2369475767437291,0.0015373587130240746,0.0164212158339883,0.33459632828677255
127,0.09139621417598941,0.891177549223108,0.0070893280179511065,0.003251248971734484,0.007085659611217057
128,0.39067493598814357,0.47239362866228446,0.004757819677283477,0.01845122323320531,0.11372239243908318
129,0.18909843903889306,0.4099635473661034,0.005757588667410922,0.005766052152279215,0.3894143727753133
130,0.3755995032911426,0.5145596683255722,0.004826117971337951,0.013104832588834098,0.09190987782311319
131,0.379197380908636,0.2409992530375605,0.0013390230329965805,0.014914417856235788,0.3635499251645712
132,0.41541818498027844,0.4451360981812747,0.008907549509483486,0.006768181840251501,0.12376998548871183
133,0.22200214738494567,0.7076845169165069,0.011450975964756898,0.012968858640250186,0.04589350109354038
134,0.42739209547703677,0.2077732298172643,0.003811030151824108,0.006431776114948096,0.3545918684389268
135,0.1321893594791844,0.7836936165444254,0.027272243058724683,0.02598122301531276,0.030863557902353095
136,0.4377390366723496,0.17112158627456084,0.0023155725645059464,0.038010204144659866,0.3508136003439237
137,0.18700308305819477,0.7398271787269938,0.012491241353154157,0.05073866062246246,0.009939836239194748
138,0.2037516610162753,0.47372286527717417,0.0029769709108153236,0.031409447855448476,0.28813905494028663
139,0.083633656714454,0.8536317296832783,0.002893643083547613,0.04986666802126563,0.009974302497454554
140,0.06183902738761409,0.21638454481088132,0.0016766216935107086,0.013484599451325532,0.7066152066566683
141,0.601149863183313,0.23598297791622755,0.0029818452209164886,0.05120245423963498,0.10868285943990812
142,0.2146262927276893,0.7031849430094833,0.004072287422196882,0.03687970470920804,0.041236772131422336
143,0.2339465870071144,0.097709440139819,0.0016746457296925707,0.01328126911701548,0.6533880580063586
144,0.1458485954662353,0.7967516270363989,0.003047898288922163,0.0333254646739112,0.021026414534532422
145,0.07065219851792753,0.10036994441297385,0.001980590843237944,0.009763266383269084,0.8172339998425916
146,0.06163171459085964,0.8474862428934613,0.007757776850950228,0.011275607874520505,0.07184865779020834
147,0.0019100668310506382,0.0017555828610625757,0.00017348110097874152,0.0007709380564057025,0.9953899311505024
148,0.001852339714541678,0.0005484934826798681,1.879197178805654e-05,0.0002665825936803952,0.9973137922373101
149,0.0028478931084010848,0.0013023104101203048,0.0015878520850930414,0.0003636766364979884,0.9938982677598877
150,0.001735109088931274,0.0006615788334858004,2.423791852838817e-05,0.0002517735114788347,0.9973273006475757
151,0.00018305426588833895,5.018761637778552e-05,6.474391181213738e-06,6.746600148494111e-05,0.9996928177250677
152,0.0004445059168062729,7.293992853715164e-05,8.893701486898833e-06,5.344640916153897e-05,0.9994202140440082
153,0.00041623937204460427,7.920246404084337e-05,1.453547251222255e-05,5.746259960907836e-05,0.9994325600917933
154,0.0010605996730715876,0.0002664460376854047,1.0896282596646495e-05,0.00010372578179919344,0.998558332224847
155,0.0033582523126791694,0.0003285288716885286,3.43751470605944e-05,0.00011121066210734603,0.9961676330064643
156,0.0020531247197844798,0.0002562443843259205,3.7016675040763995e-05,8.134008756786307e-05,0.9975722741332809
157,0.0037271936421715023,0.0003713551752168337,2.9026602656139117e-05,0.0002370461705238133,0.9956353784094316
158,0.007250155074941009,0.00045381132498569285,4.3084104361022045e-05,0.0011211582494922252,0.99113179124622
159,0.19208322835133568,0.002048232513699509,1.8453534187861244e-05,0.026855831023995472,0.7789942545767815
160,0.4091394433510909,0.01169040276514587,6.585155609056235e-05,0.16631904100933967,0.4127852613183329
161,0.2429026216250215,0.01776306462660494,7.242042830623133e-05,0.2551125474387143,0.4841493458813531
162,0.0933923928112096,0.06049889021141994,0.0001925074834499209,0.8062890712854758,0.039627138208444906
163,0.07844838360843195,0.028552195305621853,9.05167078440862e-05,0.7871947369347368,0.10571416744336527
164,0.07646084266154121,0.02735222429829446,8.045569687585317e-05,0.8622388685509925,0.03386760879229605
165,0.040205729176239456,0.19490055315614735,0.0004874655660425791,0.7540219024063637,0.010384349695207112
166,0.029280473806174042,0.010087974588477823,5.739961319231085e-05,0.32412452714569395,0.6364496248464618
167,0.1330933888863763,0.03965113521112787,8.967063672558765e-05,0.7816043404184307,0.045561464847339646
168,0.13928452954279208,0.18595672104190883,0.000451344516845137,0.6426109076621445,0.03169649723630958
169,0.1736872805290856,0.09073466141140012,5.393838862314105e-05,0.6377613018858418,0.09776281778504933
170,0.1235743082323243,0.3688032975554007,0.00020273652491565417,0.4604533406526452,0.0469663170347143
171,0.0501441631588703,0.8044274488321538,0.0002102943315136905,0.11418044967444432,0.031037644003017832
172,0.008319896453653766,0.018158133760086986,0.0002986607346939402,0.0031015292313362006,0.9701217798202292
173,0.07686526749289459,0.019536266553367362,0.0001076363665826952,0.008665895510203931,0.8948249340769514
174,0.753419281398021,0.0439571440726663,0.00013491421791828287,0.02474288973518834,0.17774577057620608
175,0.8411141454717332,0.10900015779116408,0.00022324544645846098,0.033759920845013204,0.015902530445631072
176,0.28639741578669803,0.16043036773500544,0.0002625888713500817,0.2560095054326833,0.29690012217426315
177,0.030918573535771567,0.7461778876698529,0.0004758776453590131,0.2157839809258501,0.0066436802231664175
178,0.07717602877394636,0.08835991873474794,0.00013338913840780955,0.5856563066099072,0.24867435674299077
179,0.18171690779694208,0.12880987171854488,0.00029581544138499317,0.5655610941213949,0.1236163109217332
180,0.05892464984509073,0.5220684960754425,0.0009755467683999869,0.4104024326439459,0.007628874667120878
181,0.2680422187813393,0.2172549783768856,0.0002721420285712998,0.363880199834439,0.15055046097876487
182,0.04224624002107067,0.5611967888065946,0.0001411841635325575,0.38218595004481126,0.014229836963990897
183,0.07382147465392078,0.35710431699416045,0.000255907154595764,0.5501642381024098,0.01865406309491343
184,0.09081046020641563,0.6360124023137407,0.00039032886093408797,0.25577840982334643,0.01700839879556313
185,0.06301102720806105,0.16869801179503807,0.00023062509244869947,0.3420446188955957,0.4260157170088566
186,0.1412606283795857,0.41527888971293053,0.00040018474116737583,0.41227246319965727,0.030787833966659107
187,0.23582184954038654,0.3076315814193002,0.00046821500963895875,0.3618147265764843,0.09426362745419008
188,0.1759291832848024,0.271563880722953,0.0015639400345030894,0.27422743492972274,0.2767155610280188
189,0.0596438106024876,0.04017769087091675,0.00010612036172998578,0.06313880801100717,0.8369335701538585
190,0.6009434160578264,0.18708418183678907,0.00040980049825342126,0.056468288928983305,0.15509431267814788
191,0.4594087959783913,0.1524083084074178,0.00023439225609460528,0.07570429510799405,0.3122442082501022
192,0.6257765377422018,0.18428141657894062,0.00041375376919913987,0.1530090116872349,0.036519280222423435
193,0.27138210863252404,0.10825533305489295,0.0004221614351982535,0.1354815428297648,0.48445885404762007
194,0.1439519024221551,0.6585659800191249,0.0009324250165554455,0.18109594201142337,0.015453750530741148
195,0.21534016651814417,0.42426011081798876,0.0008207495563391561,0.33364868263646863,0.025930290471059176
196,0.18785677271700876,0.5808823971523946,0.0008737528710140916,0.11474681321501935,0.11564026404456311
197,0.03468607017568999,0.8947137320326577,0.002832420816094827,0.06449924761579785,0.003268529359759817
198,0.24305365721194905,0.19996970525180705,0.00037189618500549365,0.16339485485939959,0.39320988649183897
199,0.04720317650753913,0.8979874261267752,0.0003079010016849485,0.04841945895754827,0.006082037406452592
200,0.24072965870046842,0.573374653904541,0.0007570985917627564,0.09717849395806824,0.08796009484515974
201,0.19535576560060128,0.7153317807058878,0.0014439294560882902,0.05765094422015632,0.03021758001726631
202,0.041205854823196116,0.9345391962121354,0.004949146132009665,0.013635393383635763,0.005670409449022907
203,0.33902718550680433,0.4991837750069722,0.0017653188261000027,0.03938485919327978,0.12063886146684372
204,0.1888199521605895,0.7267483171859814,0.018345397551165356,0.019437783171727965,0.04664854993053576
205,0.1915423380758848,0.24423936392082304,0.005303347753230272,0.011235763209163457,0.5476791870408985
206,0.1947165273921846,0.7584177475288109,0.010698511856119662,0.009639791775805208,0.0265274214470798
207,0.4996328316667662,0.1741387003111051,0.003120446197199956,0.014644009429412397,0.3084640123955164
208,0.5276324429533921,0.3922523345344208,0.0048256305138921944,0.01733177051345023,0.05795782148484463
209,0.6069480150068299,0.24483427782618783,0.0025754946411151534,0.01473400963762736,0.1309082028882397
210,0.38946841553462097,0.4424297681377555,0.0033441657069426915,0.024313140626428274,0.14044450999425262
211,0.2080230603817468,0.7063606707146021,0.005322348889067768,0.04577083380108442,0.034523086213498956
212,0.14635146417692613,0.03299416204491208,0.0005065739447315277,0.0049120617267079504,0.8152357381067223
213,0.12530798336651405,0.8453899285005504,0.003315092501084902,0.018315511679767933,0.007671483952082784
214,0.18842611933677586,0.09824409221978085,0.0008123907148526392,0.01278278474564172,0.6997346129829489
215,0.34424418784891825,0.5291959627037783,0.011974622732606955,0.017005903168993326,0.09757932354570303
216,0.4241675920314925,0.18563294126079227,0.0007421573353172109,0.05634776795651983,0.3331095414158782
217,0.4075955326563091,0.1607978754030576,0.0008133928424159314,0.016579458661461422,0.4142137404367558
218,0.4895503875644833,0.40313418321119965,0.0035903383477490663,0.06778746982808506,0.035937621048482776
219,0.3191341432472624,0.42390044529383913,0.0008533453823225739,0.04508836044302958,0.21102370563354628
220,0.35754520989591015,0.5043787250885168,0.011175519394726855,0.04343619052628005,0.08346435509456604
221,0.24272304544856618,0.05827477622714416,0.0007283121758668741,0.025474474578756186,0.6727993915696666
222,0.5819847951255804,0.23451961661008028,0.0016692536710166518,0.013268607733381876,0.16855772685994078
223,0.44606062331207397,0.14310061672529123,0.0005775322729392873,0.010072180528900477,0.40018904716079484
224,0.28256763326801587,0.6827031983733443,0.008060279385621183,0.009712805894774598,0.016956083078244158
225,0.3683609410126324,0.30677671946879953,0.00232502977707675,0.02242351665526064,0.3001137930862306
226,0.3312005224719287,0.4496396038495104,0.004940573121306841,0.01384846572507252,0.20037083483218163
227,0.46068728402112014,0.4141119346448032,0.0032567359553317826,0.03927292243197039,0.08267112294677458
228,0.5552428976888635,0.19632820645685975,0.0014823186834293505,0.029911648345969977,0.21703492882487724
229,0.3359859904635202,0.5758378564074693,0.0015284828025763034,0.03729920709664749,0.04934846322978674
230,0.1480192033110206,0.7641143539740747,0.005541935700749523,0.029582895553425213,0.05274161146073007
231,0.10442480928764829,0.08818571655594351,0.00047905278217395066,0.006087133825911757,0.8008232875483225
232,0.24844395033828276,0.699736656849299,0.0026591012640134496,0.010424202383929606,0.03873608916447518
233,0.41110297530653245,0.0984472498221666,0.00032491109752076045,0.004731668670144552,0.48539319510363577
234,0.10115155556140594,0.8761164440506267,0.005447391692793542,0.003390402768312696,0.013894205926861143
235,0.4130468753525642,0.35812568774480946,0.0010176536251868663,0.13974395155473565,0.08806583172270382
236,0.21408982289838313,0.47658949735128125,0.0017171746518886612,0.03350344249280394,0.2741000626056431
237,0.24083042186296905,0.5623407461956214,0.004485065852556136,0.0706255626338637,0.1217182034549899
238,0.17636324581188023,0.6107502937123599,0.003278110101668874,0.03994136125395574,0.16966698912013525
239,0.4534618225026361,0.2915329735399541,0.000923636761526787,0.14359174954825069,0.11048981764763227
240,0.2844479739364255,0.4204532990416658,0.0012125422435399305,0.04049214891574761,0.2533940358626212
241,0.026007835218571685,0.04491888545507022,0.0003810356488351804,0.0039511823882619045,0.924741061289261
242,0.2444702941275024,0.18921142787237435,0.0007929629231545379,0.0396135242168399,0.5259117908601288
243,0.450202320844027,0.4089047265551313,0.002146480606736648,0.017528914104150476,0.12121755788995454
244,0.6024392717778004,0.23555205407716356,0.0009975077021172737,0.015843784917086875,0.14516738152583183
245,0.4181588313611358,0.19187809850193108,0.001097972721102813,0.021546893492123437,0.36731820392370695
246,0.6184994116609689,0.16682412373900912,0.0008798902544780716,0.027095501405583363,0.1867010729399605
247,0.2967393109058803,0.6418776462242705,0.005609095004878473,0.014528101588077337,0.04124584627689354
248,0.23168354311593906,0.07986687096641548,0.0005532696916187701,0.008405404666902743,0.679490911559124
249,0.12780696286138954,0.8205792366061785,0.010032407004319933,0.025690152288021642,0.01589124124009038
250,0.4026643262560592,0.31732497872953175,0.0016711546383422224,0.07109166775455697,0.20724787262150998
251,0.3881372161988296,0.5083250009278094,0.001734092089608866,0.08364351672221823,0.01816017406153396
252,0.3124753278960377,0.38907208055849823,0.0003837380439548585,0.23388645246036496,0.06418240104114421
253,0.04107848397238067,0.9287028333428157,0.013220973297067982,0.010888487379589576,0.0061092220081461574
254,0.23604997903250682,0.1871578927766782,0.0007320768718240848,0.031384917910017796,0.544675133408973
255,0.1578585809479665,0.8188431121913143,0.0022501490469574825,0.0053914933871611805,0.015656664426600596
256,0.6090691029599834,0.27437005355851773,0.0013856109840761984,0.044154090287551795,0.07102114220987095
257,0.362522172098916,0.5681928410380819,0.0005602837748949764,0.012320189041566574,0.05640451404654064
258,0.16446507451794076,0.7428078289573005,0.0022801763847126073,0.061256813396901186,0.0291901067431449
259,0.17150376859157526,0.5994695284654596,0.00045851341014479217,0.03306467983515591,0.19550350969766456
260,0.03349972272004931,0.929575903036593,0.0011338329153100348,0.03335654510509909,0.002433996222948486
261,0.1958499259174955,0.6173826323526813,0.0009849205722044872,0.16167281484174134,0.02410970631587743
262,0.014749746174641901,0.9435187596268058,0.00412838337188721,0.029936320546147623,0.007666790280517676
263,0.22397466408352823,0.21423461031619642,0.0005887803229421636,0.48923222976564873,0.0719697155116845
264,0.11214932839649568,0.12328899901238255,0.0002732458255490383,0.2262140721154908,0.5380743546500819
265,0.13168570267181923,0.10165118019300212,0.0002800287697882574,0.7330165902657169,0.03336649809967361
266,0.19481041994655973,0.22956349582710966,0.0002997537406652444,0.45904382439012326,0.11628250609554219
267,0.0956083487719545,0.034312123160992455,0.0001247099560548976,0.8490238090496975,0.020931009061300587
268,0.03967645840315263,0.022451602334870476,3.0576783480716136e-05,0.9275361671165783,0.01030519536191781
269,0.03922141459846799,0.03369728201292006,6.291388089001992e-05,0.904739355707634,0.022279033800087986
270,0.04573859096343394,0.08902628628120264,4.022349506099602e-05,0.7982799532609595,0.06691494599934296
271,0.042798118370564804,0.01869514044253284,0.0002465581221211405,0.7574564513297545,0.18080373173502684
272,0.06585499911154986,0.015213299751800762,8.291382334902075e-05,0.8929101902237927,0.025938597089507735
273,0.058033378680167426,0.030497419117387504,0.000122447430121971,0.863192225624799,0.04815452914752417
274,0.09879501096177613,0.018870831753186927,0.00010785519299327218,0.8508403666912773,0.03138593540076629
275,0.035946252945124275,0.014255541594115875,2.784961530151903e-05,0.9375860507932157,0.01218430505224284
276,0.026159752264595156,0.008270172185641246,1.2544670149032913e-05,0.9493935987590065,0.01616393212060811
277,0.023653620110892885,0.007108536696987791,7.577941181236785e-06,0.9619187113619422,0.007311553888996019
278,0.054695477615662555,0.02467560584875392,2.4821562947223754e-05,0.8702593509118067,0.0503447440608295
279,0.027064078891998418,0.015863658526543842,2.57882222990827e-05,0.9528076639974085,0.004238810361750184
280,0.030825696181665595,0.041094590141126465,2.239310185287448e-05,0.9062490643456904,0.021808256229664657
281,0.020266499883362758,0.014853491393065,2.4565894583269993e-05,0.8873879622811606,0.0774674805478285
282,0.014457948222684217,0.01457201529641004,1.8307700619422832e-05,0.9548449708480304,0.016106757932256032
283,0.017724006973555046,0.013172804719792994,1.0223099336925818e-05,0.9485410045702227,0.020551960637092245
284,0.018102626294218903,0.00828713253536828,4.2231364710173455e-05,0.9552348980643565,0.018333111741346022
285,0.004215060394248336,0.0068517485289660875,4.427081494037996e-05,0.9849658317750968,0.00392308848674843
286,0.003035546925726826,0.003592243149490824,1.5063476380686786e-05,0.9760772793049192,0.017279867143482522
287,0.05869580942180071,0.040067414874611275,0.00022661060572981798,0.8395132753114285,0.061496889786429636
288,0.061783573565438565,0.11423090918280758,0.0010328590342001617,0.5170139340182809,0.3059387241992728
289,0.012790398182153905,0.0029570918496029256,0.0001270735179726936,0.048761191871600926,0.9353642445786695
290,0.14141237330713616,0.051257275397146876,0.00021548767003848533,0.3062277991632537,0.5008870644624247
291,0.38776585948393316,0.03735639466337815,0.00034101687329887395,0.0437894467947991,0.5307472821845907
292,0.30495537268652084,0.20624857697135832,0.05084403043739663,0.021707767908606714,0.4162442519961175
293,0.0045964374414665995,0.017051443715199375,0.00011649626013841637,0.0007401946647609019,0.9774954279184348
294,0.004967335118645273,0.014737738916516481,0.00029797849602354446,0.0008130850462610333,0.9791838624225536
295,0.0029034265058734093,0.00753366536652903,0.00018583982857482483,0.0005539244025540169,0.9888231438964686
296,0.0017994760294432698,0.0028380039089120957,0.0006203162162742988,0.0002149591248055598,0.9945272447205648
297,0.0016837631758400851,0.002741338109307268,0.0008519923227151398,0.0005074085916624872,0.994215497800475
298,0.01901348574898219,0.0008768708736008618,0.9613046575155478,0.0001498119825179611,0.018655173879351058
299,0.052286718502567206,0.00020549821028320448,1.0845922364579888e-06,0.0004499100229898565,0.9470567886719232
300,0.008013558784793613,0.0003470144142021218,3.213871847678474e-06,0.0028148457716251967,0.9888213671575314
301,0.003569955927340358,0.00016446910011286194,3.0521849563042835e-05,0.0018039594937955714,0.9944310936291881
302,0.0009068691211359579,0.00013855803273524173,9.341689627194706e-07,0.000176947227216834,0.9987766914499492
303,0.0017041291786181326,0.00011736067969270509,1.57793351098727e-06,0.00017078696688100611,0.9980061452412972
304,0.0018292063669794552,0.00015920826872402698,2.480017385746556e-06,0.0004990524851260334,0.9975100528617848
305,0.0007330614740442627,6.14434775714544e-05,3.591136776782988e-06,0.0007762946148515562,0.998425609296756
306,0.0014247540976019557,0.00023542417788704166,1.3258725978074404e-06,0.0018703599635773868,0.9964681358883358
307,0.09550715149324338,0.002213547108329281,2.7113063323454918e-05,0.026995672481205296,0.8752565158538986
308,0.23602191974100553,0.012565882550500649,7.217431715432593e-05,0.07849991246044842,0.672840110930891
309,0.2721888326677191,0.006800610812890616,5.3151110758584575e-05,0.18255243823551479,0.538404967173117
310,0.12599250022899267,0.008140956016992636,4.2512706989619214e-05,0.30150514867781414,0.5643188823692108
311,0.2749306915870466,0.011878475639366164,4.164553671238327e-05,0.4528079784083738,0.26034120882850115
312,0.17937141711948026,0.014509029349815182,4.2675363511123696e-05,0.7892446362110602,0.016832241956133216
313,0.22043833361373533,0.011007504892181991,4.2833142232138964e-05,0.7117265605072483,0.056784767844602416
314,0.09388883118548325,0.014711844709925264,8.323111318741195e-06,0.8737018122409895,0.017689188752283074
315,0.02843562925319997,0.040673622914743766,9.032066396384867e-05,0.9182463560809884,0.012554071087103947
316,0.05184913413193731,0.020329634817597083,5.5612578246249625e-05,0.9025456525262444,0.025219965945975
317,0.04102364519936969,0.030031824658564212,6.328539431343992e-05,0.9198748593143545,0.009006385433398104
318,0.03383446651422482,0.1115016917129567,7.687431643857342e-05,0.83273846737024,0.02184850008613979
319,0.047254843154890425,0.008830264152983115,3.668225274680009e-05,0.8740599658049185,0.06981824463446112
320,0.0745386897899158,0.015197212765051695,4.2828740828526444e-05,0.8839871472955234,0.026234121408680634
321,0.08067459798434524,0.028925655386830215,7.511810740199326e-05,0.8798486858636702,0.010475942657752414
322,0.05603441148140891,0.13121205574164627,0.00018766112209699386,0.8065575783254277,0.0060082933294202095
323,0.016458501595502294,0.01178272903580624,9.48405291988701e-05,0.9494428560895836,0.022221072749909077
324,0.0272096326783575,0.022973147031880248,7.982704023941725e-05,0.9389202201456862,0.010817173103836468
325,0.020839255911196397,0.040389082068006586,0.00027966446519145296,0.9300395067350733,0.008452490820532295
326,0.07372164880863576,0.06852440748372679,0.0006758065791187763,0.7293065440947075,0.1277715930338112
327,0.09255650936118065,0.22647601405982654,0.0009926959142600802,0.14346935653808449,0.5365054241266481
328,0.13479982781155436,0.11000060076403781,0.0013570408489565551,0.05703982390614057,0.6968027066693108
329,0.14482346305977312,0.052039822549343535,0.0004690003066486682,0.04556221529917179,0.757105498785063
330,0.593117853061082,0.1882191940561367,0.0064954703876649944,0.06587972903717418,0.14628775345794218
331,0.27657393016445025,0.511796446455358,0.01344507381321946,0.16905315680209693,0.029131392764875235
332,0.11944561320372508,0.10553216194227599,0.004368813374083645,0.6905103036450213,0.08014310783489396
333,0.08549848408503598,0.12051985570019381,0.007535501173825269,0.7440019690992631,0.04244418994168182
334,0.06327959109832704,0.19884250260190975,0.019460769365531067,0.4571447405724584,0.26127239636177385
335,0.11726813825417,0.09078444069795344,0.002296243316844081,0.7695859436184108,0.02006523411262166
336,0.19403057997773052,0.10473309048084857,0.0027694051118712323,0.5623133406924391,0.13615358373711053
337,0.16689113843656223,0.6614007254991923,0.03695254010810476,0.12383616468087019,0.010919431275270546
338,0.22707943580417342,0.042749279966334604,0.002346544223989606,0.558631883400928,0.16919285660457442
339,0.47947790140690394,0.27281938436977404,0.011902507723071163,0.11639920609505869,0.11940100040519212
340,0.26052730442461036,0.4808649648701498,0.013983932842465437,0.22231654945497242,0.022307248407801922
341,0.3304973670678142,0.14925058256854923,0.009054369975651733,0.27846067365373467,0.2327370067342501
342,0.4000964544979405,0.33557122652265,0.04361720208718057,0.0334268438457372,0.1872882730464917
343,0.4347901203031047,0.3326598221603794,0.016464709331997382,0.1592686872273279,0.05681666097719063
344,0.3142144714169267,0.5267109232864509,0.0154193767852373,0.07603028441545252,0.06762494409593256
345,0.19616244026164073,0.051158062623644515,0.003583811783606269,0.029124041618779913,0.7199716437123286
346,0.41470947513899986,0.20850719816056415,0.008555520704534926,0.29791387246306683,0.07031393353283422
347,0.28051219790128107,0.11520796949731546,0.00040668566579391306,0.3989815017942363,0.20489164514137326
348,0.1827470275868957,0.28544170554955844,0.0006712107490220457,0.46564552867734477,0.06549452743717922
349,0.1774308133523939,0.3718276318890427,0.0018674882150452239,0.3767752795031404,0.07209878704037768
350,0.12014986321903265,0.4981111174938325,0.0023977322738648783,0.10704549692329134,0.27229579008997856
351,0.06127055945755068,0.04258854451686148,0.00029897474184328193,0.027839168409612,0.8680027528741325
352,0.5175077890677382,0.1500595381090871,0.00028551735587537815,0.21632456401881572,0.11582259144848356
353,0.6123972614213626,0.23170465677377947,0.0006060976590308825,0.12231896961251314,0.03297301453331369
354,0.42620345593271686,0.4078945363295938,0.0009050072005174738,0.11342124453647943,0.051575756000692446
355,0.1584943753841836,0.29321107090872756,0.0021060643789520598,0.24328796705751665,0.30290052227062014
356,0.3285744545751869,0.18046597455741878,0.0015394172147258414,0.35933446488972837,0.1300856887629401
357,0.4382751757997109,0.20148653404848513,0.0019739446565100395,0.27008358388821874,0.08818076160707501
358,0.2627284796639052,0.4739294517899405,0.001042333849899327,0.22668970058397406,0.03561003411228089
359,0.11307069363150173,0.7792984341652336,0.00311569396742409,0.0960003683836878,0.008514809852153003
360,0.18178882454228168,0.389962168229699,0.0123854359343217,0.3926765872752825,0.02318698401841503
361,0.017047038310344233,0.8919819688068774,0.07222387536958694,0.016367028638845146,0.0023800888743462003
362,0.3509772200143032,0.4151973824151534,0.024748297378259166,0.11461329336833663,0.09446380682394766
363,0.1809815334998319,0.5968540773542513,0.08400751883031896,0.05008579760454384,0.088071072711054
364,0.46655589709048634,0.2391502601962327,0.003536057884250081,0.046306881264539676,0.24445090356449103
365,0.6171607850843087,0.28039106814253467,0.003149336870754164,0.015335554675893209,0.08396325522650899
366,0.4462469165096153,0.48898608751800354,0.014506554026289276,0.027228233996256908,0.02303220794983498
367,0.6378817727744519,0.16104564889807438,0.001885092817735032,0.021741792148063797,0.17744569336167493
368,0.4324438971226439,0.3089979510630125,0.0029918306155776297,0.15253134817664563,0.10303497302212045
369,0.3878814666953149,0.4525418387417265,0.010015071652065674,0.052305335859076346,0.09725628705181656
370,0.22801691576018016,0.7032170944506476,0.0078335086803387,0.034757385086514596,0.026175096022318902
371,0.4022072237911148,0.414614011296903,0.0038221039601006777,0.10626796439921385,0.07308869655266767
372,0.25700368287452835,0.5860658106658487,0.014147734432731587,0.08266584171732089,0.06011693030957037
373,0.14792249215973555,0.48186747493310494,0.01118783490671228,0.033497832078072845,0.3255243659223745
374,0.31699926745223006,0.06133659645382047,0.0007970491034669036,0.019952830501434413,0.6009142564890482
375,0.8017727810008747,0.10680792075409132,0.0016093702867799908,0.01653632629284853,0.0732736016654056
376,0.7244451013801527,0.15981503443780487,0.0012953137258805074,0.012261483889425868,0.1021830665667361
377,0.7465645093693243,0.20220733135310745,0.0014057143367771912,0.00865799942482896,0.041164445515962246
378,0.6671079006810747,0.15302935638695805,0.001028177330706767,0.03397727083464764,0.144857294766613
