epoch,N1,N2,N3,R,W
0,0.000389892990537352,0.00015471624777672893,1.5107584342838318e-09,2.752717676539563e-05,0.9994278620741622
1,0.0024091496777125226,0.0008686193583657011,5.7485857572598155e-05,5.825269426686881e-05,0.9966064924120822
2,0.00012998822901641173,0.00010783448562047078,1.6933890470688748e-05,1.2885710121910925e-05,0.9997323576847704
3,9.321426700477256e-05,5.6631698648495875e-05,3.7845405417266958e-06,3.2565951698243145e-05,0.9998138035421068
4,0.0004586572347820866,8.308840111617986e-05,0.00016524653150143393,6.16210762518404e-05,0.9992313867563485
5,4.612097290249602e-05,6.961946857026227e-06,2.2326904118030146e-06,1.2336462107049922e-05,0.9999323479277217
6,0.0005148615655200521,1.7007725468021335e-05,4.526048312258243e-07,5.453493519359015e-05,0.9994131431689872
7,0.0010636462915580096,2.471013793200685e-05,1.0965906782206163e-08,0.00021600095954154083,0.9986956316450617
8,0.0005475405301544571,0.00012452360884188367,1.3866625571379546e-06,4.888669964369143e-05,0.9992776624988029
9,0.012243559814851292,0.0002961714541474892,1.050002453057726e-06,9.60145742981591e-05,0.9873632041542499
10,0.01791680156584463,0.0004257724127357585,9.303294148468785e-07,0.00012558889555379447,0.981530906796451
11,0.1135870681519656,0.01152566887532635,1.1038253846111106e-05,0.0009298761715204593,0.8739463485473414
12,0.11783749847593522,0.01918606244066914,1.6978660118068933e-05,0.0016766870783178132,0.8612827733449597
13,0.45558483004859257,0.0410915931458222,8.029692944731019e-05,0.021991805223849085,0.48125147465228885
14,0.26300146086649473,0.02694421873268793,3.6190502457898534e-05,0.007118462034054727,0.7028996678643047
15,0.7709857505273967,0.03346447313964455,8.40995000683798e-05,0.015619955649214243,0.17984572118367617
16,0.5531148408963766,0.2705902700190775,0.0015372949845110057,0.013919704679307518,0.16083788942072735
17,0.46542560247302683,0.42813516243446015,0.0009040248036456435,0.04452526396693683,0.061009946321930575
18,0.09360228269735801,0.8027693882462258,0.007097137639291507,0.05554337256010174,0.040987818857022865
19,0.04770077435630091,0.8739359678207058,0.00345579023263361,0.044320344586968964,0.03058712300339083
20,0.08643337036819375,0.8205179941255504,0.001532881403145525,0.023661035612319747,0.06785471849079057
21,0.2283352348250128,0.12634008497841687,7.614523780716591e-05,0.04267606783072968,0.6025724671280334
22,0.3941901457182767,0.38076661596372424,0.001384950783754745,0.04008925322125204,0.18356903431299237
23,0.00586117909957168,0.004024502716081493,0.00016999799288504506,0.00033837686935647997,0.9896059433221053
24,0.0009871657090167855,0.0003342453876144918,3.282387358675188e-05,1.9320370707800162e-05,0.9986264446590742
25,0.06730121835921501,0.0015453455323624593,1.8750110167260493e-06,0.0021989476868031696,0.9289526134106026
26,0.194159118980523,0.0013594394006072202,3.4346258524741596e-06,0.0023694293297064706,0.8021085776633108
27,0.47344973887631775,0.0074272032387980805,2.1347722999903142e-05,0.00623661131493627,0.512865098846948
28,0.8600433999173506,0.019677913808731313,4.454149530459829e-05,0.01091295700319627,0.10932118777541715
29,0.7653934763306823,0.17965545116869966,0.0006382793758558442,0.02101862284928341,0.03329417027547871
30,0.6615221826433498,0.15104519911930628,0.0006438383914484561,0.1049091282611602,0.08187965158473529
31,0.2395618440616254,0.6062678469097488,0.002337832834865535,0.11360510896272714,0.03822736723103322
32,0.04584108137073202,0.9371336297124705,0.001028593149511572,0.01055299769256276,0.0054436980747232955
33,0.030591851485684836,0.9485335357918262,0.00331264261563081,0.014294718734893115,0.00326725137196494
34,0.026463211345378296,0.9564932224817912,0.004675046872768579,0.00942136950108829,0.0029471497989734647
35,0.014169735366017452,0.9725719568607002,0.006150310010854569,0.004384062935603102,0.0027239348268245245
36,0.039852458728252015,0.9436749714560467,0.001685983519868268,0.008710197252321087,0.006076389043511865
37,0.049585060302306964,0.9149112053372195,0.00492419341181677,0.02330320018189436,0.007276340766762415
38,0.055141350860857426,0.8979490787566878,0.015092781136299437,0.023424045787799403,0.008392743458356217
39,0.1911548661289716,0.7528023590682397,0.0015181575933201213,0.04419028076917923,0.010334336440289395
40,0.5540596364761701,0.23610909691141635,0.0006083391356073711,0.14542749190687093,0.06379543556993526
41,0.570982216727746,0.25670744063217077,0.000906130526748716,0.09817942770255524,0.07322478441077925
42,0.67610763430934,0.11951898748738456,0.0006412656338160086,0.08118979786119337,0.12254231470826622
43,0.7582521860092799,0.0704254767213647,0.00038318418800406106,0.04732094720894188,0.12361820587240963
44,0.20205367774624353,0.05633304844643112,0.0004155729247479189,0.008383195564276313,0.7328145053183013
45,0.13026886966919551,0.05916730303344571,0.0005467476371772704,0.0076482282776835385,0.8023688513824979
46,0.28938740040676636,0.4068402138199036,0.0004586297121721913,0.020539419031187185,0.28277433702997057
47,0.33059891495399907,0.4812474811038938,0.0014613659017534825,0.02738637734428899,0.15930586069606467
48,0.2803656337378782,0.3585553262115337,0.004907037015724493,0.012924053072186744,0.34324794996267677
49,0.11812765436187742,0.453768041072533,0.017590932149985753,0.0070231876375016844,0.40349018477810217
50,0.23102610878183108,0.23119988417612503,0.005534172063578238,0.029770419326650904,0.5024694156518148
51,0.4744004085951536,0.15283411867706845,0.001278212673236065,0.098080113097367,0.2734071469571749
52,0.37972539077859996,0.07410160579348242,0.0008346079608062813,0.08745307409237763,0.4578853213747338
53,0.30287310695875974,0.02028951899206546,0.0003559589320847395,0.11934508103072515,0.557136334086365
54,0.5116476886687725,0.033803971431255214,0.0007213280808730381,0.2009449156009976,0.25288209621810154
55,0.47495747935788135,0.04472838572595477,0.0005152860256461025,0.18999140831727804,0.28980744057323965
56,0.47691425266222226,0.04364801287282115,0.0005586236756570786,0.23710040805283175,0.24177870273646787
57,0.4183290171439721,0.02862841112989454,0.00037632776141709894,0.22816215000414994,0.3245040939605662
58,0.5574116327852069,0.041231110451462244,0.0004112471254372696,0.12459752375991738,0.27634848587797634
59,0.5618225744834622,0.035739166571481795,0.0003275993307165399,0.2378283368369428,0.1642823227773969
60,0.6104475344726015,0.05868196674567856,0.0007015254043252091,0.18583217839950417,0.14433679497789056
61,0.4863811062401444,0.023956694639586665,0.0003484742069595458,0.17931716617899443,0.30999655873431503
62,0.5518825952995309,0.02761241816306573,0.0005813403025621234,0.24504099975497629,0.17488264647986493
63,0.4777346552491013,0.06658705763642091,0.0008837719659070124,0.22556334385381374,0.22923117129475695
64,0.40873977340402695,0.02992426644674236,0.0003247243399179752,0.22031863473216284,0.3406926010771499
65,0.3158770032677803,0.021738847237369588,0.0002725618983992492,0.3245820351246517,0.3375295524717991
66,0.4787921764584525,0.029617206635165427,0.0002651445651340924,0.20046591982044784,0.2908595525208001
67,0.5690344158070719,0.0172744890192353,0.00032453257744050415,0.0820383029521609,0.33132825964409124
68,0.17093987268883837,0.06309372694991015,0.0015422321931429321,0.027857515847237047,0.7365666523208716
69,0.44284328861458977,0.1404563018639011,0.000603996713951893,0.05395290050209093,0.36214351230546626
70,0.3258231652604194,0.21384379642691764,0.00424209041242103,0.01544621811262291,0.440644729787619
71,0.13656478275790085,0.6268025034255862,0.0062498668190533015,0.052645333604010074,0.17773751339344956
72,0.24928355151885392,0.3802733049119553,0.012427339366301164,0.031212328517526377,0.32680347568536317
73,0.1470346902907617,0.5039119612207013,0.05020320567298566,0.04695527249186751,0.25189487032368385
74,0.07260190117523846,0.25195793488634427,0.022649090625110876,0.034314784465580284,0.6184762888477261
75,0.28214540671392063,0.17733845915052754,0.006073430207648817,0.17308082062140615,0.3613618833064968
76,0.5308131107306197,0.11963226401683719,0.0038713665346194934,0.1961504614843563,0.1495327972335673
77,0.4843949124739492,0.1382431264080311,0.00369299775205429,0.11139168800912112,0.2622772753568443
78,0.46778510363218856,0.046189305091682835,0.00018746547390541903,0.08341738470707676,0.4024207410951464
79,0.5460568780566545,0.2024284289332275,0.0005289177239148464,0.06575081007029716,0.18523496521590607
80,0.41156217639643344,0.3368645475938186,0.00041906371442571906,0.061133121932014006,0.19002109036330828
81,0.4899238102612671,0.25745656651785503,0.0010144096036142256,0.04355349488223367,0.20805171873502995
82,0.31384825780047504,0.20376038000885024,0.001096120234151357,0.06993132300749097,0.4113639189490323
83,0.28857289279078824,0.27769686510797315,0.0010811090785389954,0.1056347262807261,0.32701440674197363
84,0.2960147103199989,0.08443604378892414,0.0004370269499669501,0.12683649919749682,0.4922757197436132
85,0.3616472881059716,0.08510656862102776,0.0003374098285203213,0.06973860316546064,0.4831701302790197
86,0.4765421126642743,0.09174721245848841,0.0002851406283782866,0.12200960376142436,0.3094159304874346
87,0.0957230183726115,0.13303256541279218,0.0018346785068345506,0.015164684132255224,0.7542450535755064
88,0.22858647482417557,0.321180407559626,0.0005977156728988734,0.10216144222975425,0.3474739597135453
89,0.3687995702637624,0.09697693340227863,0.0005399783416359319,0.18969097840811602,0.3439925395842071
90,0.2705399895413765,0.12316440178947372,0.0010674622303571918,0.08670630792997525,0.5185218385088174
91,0.47777626376184923,0.1225749393396487,0.0010417501986728687,0.08627089013963889,0.31233615656019026
92,0.3740493924858247,0.4197894927122535,0.003949752041984496,0.05103549296449078,0.15117586979544648
93,0.2955969970854857,0.34773549360073747,0.00601445721705378,0.11086583235418776,0.23978721974253522
94,0.17949266074599343,0.5678853358669771,0.008676389397915407,0.08409781687893274,0.15984779711018143
95,0.3367228028815249,0.21993042025844584,0.005321172882283374,0.027624617548401932,0.410400986429344
96,0.24624865141377478,0.5192467049057162,0.019112220372823178,0.06969464506002256,0.14569777824766336
97,0.23813617547357535,0.576954434159358,0.011283680969486206,0.06098469198199381,0.11264101741558664
98,0.2689387803317274,0.5069305227464749,0.012646011032623911,0.080574969560356,0.1309097163288178
99,0.1270661796704949,0.6099661613530563,0.01799743928436927,0.0828192166379381,0.16215100305414154
100,0.14840561123053278,0.6195307065231528,0.0225587193483633,0.0692156428895107,0.14028932000844047
101,0.3229120249359235,0.22000398380368522,0.01095044027219324,0.16466082484835975,0.28147272613983837
102,0.18802944597386212,0.49817996997486697,0.007628046140754601,0.13127178181982457,0.17489075609069182
103,0.2634704999230816,0.3436695510615563,0.00796352341774261,0.15218902710977059,0.23270739848784888
104,0.4225852029477463,0.18072532280518067,0.0016434099454849984,0.19531035723545417,0.19973570706613367
105,0.2692247739886255,0.2492181259290307,0.001420421172235316,0.05427825377441656,0.4258584251356919
106,0.4786242400947391,0.21020566244157352,0.0014441653928167382,0.19141330520997366,0.11831262686089689
107,0.4393260703885813,0.10690798151482822,0.001104426340874007,0.2759772532813763,0.17668426847434016
108,0.3908912073873886,0.18318117022323024,0.001896862678994011,0.18210169274405624,0.24192906696633099
109,0.2981383053339675,0.16374437408817805,0.003591254143541317,0.027946899616563547,0.5065791668177496
110,0.30100423444831675,0.1894992752574832,0.002346000583478334,0.044669901659457875,0.46248058805126374
111,0.16925873560336807,0.3442677774508703,0.014215709997534859,0.0747709603110929,0.39748681663713403
112,0.2068806579256222,0.2294043562003987,0.007873006109626358,0.1794842089288465,0.3763577708355061
113,0.17368448659088356,0.4194682212172727,0.015809383137651768,0.20506914605394833,0.18596876300024368
114,0.2210412678427778,0.36467659323077445,0.002689220916788256,0.27252251971333613,0.1390703982963234
115,0.21033746349953003,0.5119276583763043,0.00895052434140427,0.09241951306737706,0.17636484071538439
116,0.2475266238328465,0.2981607196513165,0.006650599823011735,0.16534864528609194,0.28231341140673344
117,0.3214687631581731,0.387068359986608,0.005128015823146691,0.07103799594257569,0.2152968650894967
118,0.2734021968116246,0.47681635900460495,0.00578389543682282,0.039783683226971366,0.20421386551997636
119,0.35903261949070614,0.3287815440832418,0.0028986451021242874,0.07591850808313837,0.2333686832407894
120,0.26347564687645597,0.4716728384231692,0.003654034825352115,0.10212302712759595,0.15907445274742665
121,0.15074113943667283,0.4169966790491022,0.0029659478629462744,0.03935420951616443,0.3899420241351143
122,0.3680007956185335,0.14440584069610976,0.0015435653563685217,0.26180909682547043,0.22424070150351785
123,0.08811203965668213,0.4550568275907792,0.0035240650860853782,0.04522894832965467,0.40807811933679855
124,0.27317964054403615,0.09842926254144792,0.0008148110907685915,0.2670532495447434,0.360523036279004
125,0.3784938957850173,0.07396401639346892,0.0003527388211019192,0.2556828433885168,0.29150650561189506
126,0.41370792322282257,0.24299639678746965,0.0019861020658147846,0.16296346934010955,0.17834610858378344
127,0.40144061564678046,0.16728785608708524,0.0005217878005490474,0.24886469100054137,0.18188504946504377
128,0.41428594898922166,0.06869546591646677,0.00033743457894471737,0.23935622121436279,0.27732492930100405
129,0.5404408414593381,0.12485773290714551,0.000612961665632669,0.10814180920415643,0.22594665476372716
130,0.43561517591331717,0.05466040527006779,0.0003279941366210176,0.23873481244992228,0.2706616122300717
131,0.4555207875661343,0.07357292088350366,0.00047302060205267496,0.3454256046755458,0.12500766627276344
132,0.3739175172460571,0.03848553500568881,0.00011024236547266914,0.07050468442463291,0.5169820209581485
133,0.48838695794976755,0.07629090820421339,0.00034439605169765295,0.16411947523492437,0.27085826255939693
134,0.4740135046424251,0.06926316968703174,0.0002783657605589789,0.22171906779299186,0.2347258921169924
135,0.031154524249442393,0.008941267558453208,0.0005543502729408125,0.0036868193517848296,0.9556630385673789
136,0.5353114290009929,0.015242138994800385,9.100105192939617e-05,0.07422522316640671,0.3751302077858706
137,0.25385428140643446,0.06542713610430018,0.00033512838077952203,0.04272484858480179,0.6376586055236841
138,0.25078157951127533,0.04231777905799105,0.0003483301519342431,0.024058082755963956,0.6824942285228355
139,0.4718511542060313,0.05498574261011771,0.0004008406343046441,0.2565273744645461,0.2162348880850002
140,0.34796742094097954,0.10932408563805722,0.00073850288870273,0.2818788741238424,0.2600911164084181
141,0.2278344513515148,0.020820901826141148,0.00044298977194856147,0.5210771718637802,0.22982448518661525
142,0.21829305890410763,0.019898141600136865,0.0006571636896790368,0.5502876826278741,0.2108639531782024
143,0.1556542567417335,0.031514796159401934,0.0003643767148311874,0.49906897104868825,0.31339759933534506
144,0.17619249739274448,0.01986704200993647,0.0004253435404770459,0.6365239544372288,0.16699116261961333
145,0.19259032902992,0.03323476759433878,0.0005180938249066512,0.5975547470975805,0.17610206245325416
146,0.18534914411188078,0.023937938613179922,0.0002990936870891541,0.509735603879256,0.28067821970859413
147,0.20260679380053861,0.031688035318322885,0.00020162438340390226,0.4726839069861042,0.2928196395116306
148,0.20127841449179643,0.026296267011835284,0.00024259068749323532,0.41153331487409556,0.36064941293477953
149,0.21850353775100673,0.034356126993183786,0.00031900458179029504,0.5888950652510475,0.15792626542297172
150,0.19831690638436655,0.01721658993354676,0.00018456159286973854,0.5034000415096407,0.28088190057957635
151,0.2604973994430794,0.018978271315039222,0.0002586634224248246,0.6094361365123788,0.11082952930707762
152,0.24343649571302373,0.03676942766637158,0.00045967987968402983,0.6353552494899358,0.08397914725098486
153,0.23077144322239293,0.025608968334674027,0.0005495387789880266,0.62867304819623,0.11439700146771509
154,0.21498240392270024,0.03677946838587915,0.00047021559109510966,0.6455305637283807,0.10223734837194492
155,0.19656278090725282,0.06467724758899282,0.00037262458644382764,0.6406413713972524,0.0977459755200582
156,0.19779472848020613,0.06407849920938036,0.00038665956919533624,0.6181310380524467,0.11960907468877154
157,0.17003147817522746,0.04047341614356327,0.0007855862230709632,0.7144305755474973,0.07427894391064108
158,0.1348625869274714,0.018228761604131675,0.000305377112846306,0.7410445591764387,0.10555871517911196
159,0.13245288866765312,0.013802544667546587,0.0003629281556043581,0.7023459719717018,0.151035666537494
160,0.18898352340079566,0.009523098218753953,0.00027277967373838053,0.49606359371038095,0.3051570049963311
161,0.18369558488022555,0.026317706011807433,0.0003519381060622743,0.3174423244744767,0.47219244652742814
162,0.4257347187800662,0.021397264896317693,0.00016662072713393832,0.20894160969965428,0.3437597858968278
163,0.5128538406516373,0.10532465163455491,0.0010708214727713837,0.33625280806486657,0.04449787817616968
164,0.5739081537734957,0.05449430076657278,0.00045094612059121055,0.26402959176340957,0.10711700757593082
165,0.5553985211180343,0.041107346841539216,0.000358761346497579,0.23547726810296063,0.16765810259096828
166,0.09192549203753272,0.7504918927861064,0.001406251451641679,0.13875620606987235,0.017420157654847
167,0.16136370125868038,0.6272247358419434,0.0012562827554481193,0.1936430174645323,0.01651226267939595
168,0.28324880951343034,0.38254654247706016,0.0005536586493169348,0.22609747848352832,0.10755351087666427
169,0.023219520659766422,0.9392160016020784,0.0013910331607565054,0.0343601694858317,0.0018132750915670628
170,0.09077959999019665,0.7776351902592731,0.0011410329826599134,0.12414266462079454,0.006301512147075677
171,0.04928209216312642,0.8609483785821733,0.001677164999657712,0.08178957528491157,0.006302788970130966
172,0.12222765418380487,0.6788735815851967,0.000976043599646278,0.18913337365063437,0.008789346980717764
173,0.14947620088674834,0.6700957035557729,0.0009146384493433689,0.17482422819734073,0.004689228910794764
174,0.11730579315442445,0.7000715362515639,0.0020131798461705745,0.17344778532043673,0.007161705427404285
175,0.11468973851489216,0.76276614660217,0.0007607884237184304,0.11687827155277086,0.00490505490644855
176,0.07745430960362044,0.8857192457421409,0.0018692560489046146,0.03257297344136495,0.0023842151639691103
177,0.039153207175657234,0.9077307707325418,0.004565187275202117,0.045167445106383805,0.003383389710215187
178,0.1421853023906296,0.7454854824461195,0.0015513029231965267,0.10404168811748238,0.006736224122572098
179,0.037426967920673744,0.917866435502962,0.00989968898237563,0.03087244262321304,0.0039344649707755645
180,0.07934322260186642,0.8775232546100616,0.013186528746884458,0.020658064402363233,0.009288929638824354
181,0.014089460073509667,0.9378321406608292,0.03624641045082248,0.005677727570125212,0.006154261244713649
182,0.1594619615265345,0.7283255298934742,0.013884582498519375,0.05962605641769478,0.038701869663777116
183,0.028148528861676715,0.9231730107209201,0.017946008500210667,0.011443467068235819,0.019288984848956848
184,0.1481472189583006,0.37825135569335633,0.0187671516131905,0.0404457657228745,0.41438850801227806
185,0.18798526105672259,0.6484123894778618,0.04448429073945152,0.011042021379176285,0.1080760373467876
186,0.0988481615010151,0.4037268398037785,0.007753948060178923,0.006202547715821377,0.483468502919206
187,0.016851860503523084,0.009965923369057163,0.0008504910774510092,0.0009505627531491527,0.9713811622968197
188,0.017528052480536432,0.0020689560444240983,0.0012116359153530785,0.0010434813474752146,0.9781478742122113
189,0.06237430648494118,0.005350393039997128,0.0003175089455639514,0.0007043688948625169,0.9312534226346352
190,0.004366747695580044,0.0022686569010908876,9.41883174894274e-05,0.0001076019450324028,0.9931628051408072
191,0.023631389195120995,0.00475060553225265,0.0003583581760841214,0.00039449761805296016,0.9708651494784892
192,0.05909667291755243,0.007259003618214226,0.003095617084592767,0.0010288763676663088,0.9295198300119744
193,0.3845893631290121,0.027032126354188928,0.00010905516631815776,0.0012873395247289664,0.5869821158257518
194,0.04258943360454642,0.00988565320761757,0.003184922090542539,0.0010854479382369925,0.9432545431590565
195,0.08231508717248788,0.03217005996973803,0.0024028223539306493,0.000635339660791417,0.882476690843052
196,0.08836508944622497,0.0036487050920497553,0.00016502529933832297,0.0009413764204934889,0.9068798037418935
197,0.3667783742396642,0.0367160926928163,0.0003753688292376739,0.0037798405824548864,0.592350323655827
198,0.2201996684810047,0.06530895235709196,0.0010766960648608513,0.010631746790087422,0.702782936306955
199,0.07077946187513388,0.08480745121115019,0.0005579956447165969,0.008478161794414065,0.8353769294745852
200,0.4005660938380515,0.208712542436668,0.00014105309539424752,0.03107199609626131,0.3595083145336249
201,0.08450267063909339,0.08442516757332794,0.002489931953613954,0.008970749021044567,0.8196114808129201
202,0.3976593773738026,0.29515031650246765,0.010171563171364282,0.0714007546562467,0.2256179882961188
203,0.10110193724892041,0.49726604893823767,0.05813669869245476,0.15346932219467707,0.19002599292571004
204,0.4599607521874231,0.23715430490617254,0.007876636363563878,0.13977471335340416,0.15523359318943614
205,0.37339496273545236,0.40441144574691346,0.005176684843098607,0.11217886826023478,0.10483803841430081
206,0.46313589919940523,0.397708418567089,0.002815846980717826,0.12210117418807878,0.014238661064709118
207,0.6711509192028742,0.20219242672291834,0.0013434291120073434,0.04115686399424828,0.08415636096795201
208,0.21635806943994237,0.7225012281956831,0.012116427210865921,0.0339097241367557,0.015114551016752992
209,0.46349807430445894,0.4212179871118497,0.0015473687870588583,0.04515794661727257,0.06857862317935996
210,0.5265294830405947,0.3903523655764648,0.005387869342796455,0.03767634532863875,0.04005393671150528
211,0.16217033342427936,0.794664256921574,0.00400719980708558,0.02895948804906598,0.010198721797994935
212,0.17931227837135966,0.7602985370017752,0.03805273810965507,0.00996200830108752,0.012374438216122661
213,0.29789013231907224,0.6127865693711764,0.02812158164317928,0.03501458680729846,0.026187129859273604
214,0.1827656561744116,0.7338110978992628,0.06362554227308971,0.011397266112044646,0.008400437541191332
215,0.1068126806177791,0.7636637293842877,0.11281513679528411,0.01245735707028404,0.004251096132364974
216,0.1204251461882952,0.723904153520215,0.10353480791974126,0.03758509849577264,0.014550793875975932
217,0.034031306732822245,0.8103280620025457,0.13987387494922096,0.0061740432257114085,0.00959271308969961
218,0.10974043079646444,0.787883180619379,0.07976464854763438,0.010019238424248048,0.012592501612274265
219,0.02688546802281153,0.8429697075099363,0.1158587500087648,0.0059357257663436545,0.008350348692143838
220,0.10031458362378595,0.8037150000242086,0.07983344145692617,0.00688984029377082,0.00924713460130841
221,0.29642694489367505,0.47322476763294885,0.2095593615624087,0.004458619093731957,0.016330306817235518
222,0.10119298785666737,0.825609735759213,0.05016405027055337,0.016260769337062286,0.0067724567765038565
223,0.0791174672891741,0.8713031337081822,0.03416869574414608,0.00416402446779437,0.01124667879070317
224,0.3877720762910406,0.4232534646659315,0.17358017943633564,0.003933746226616485,0.011460533380075738
225,0.015720717651879768,0.7528857184955008,0.2247472464147626,0.0024823025532824203,0.004164014884574302
226,0.10047583069627372,0.821346671737745,0.06562364444290887,0.003938221151127728,0.008615631971944785
227,0.17963097367854466,0.6204405008979497,0.18540511796978795,0.005755184494147001,0.008768222959570771
228,0.010456117900967716,0.7894539129598647,0.19383520017095848,0.00394439133692314,0.0023103776312859738
229,0.17161182187704416,0.7341917110426827,0.07586844792416854,0.005731279438066784,0.012596739718037802
230,0.020121875181671668,0.7968771491840886,0.17738703379900844,0.0026856416756033666,0.0029283001596279263
231,0.049302151489497584,0.7119092110170047,0.22575143996832522,0.005393336634842907,0.007643860890329574
232,0.07511451112539341,0.8713136318845416,0.039406183286159226,0.009513938430343101,0.004651735273562769
233,0.09233258082568258,0.8402527009942043,0.04027714349011295,0.017061629988518956,0.01007594470148141
234,0.06670357945137918,0.839771602444623,0.06623682238880138,0.013103719334136722,0.01418427638105961
235,0.09312197934837833,0.6617444077506607,0.2182036302088913,0.009775060315876483,0.017154922376193364
236,0.010927628025379525,0.913573847620444,0.06693304632443695,0.005611302878149259,0.002954175151590183
237,0.2421238402150829,0.5927078683495137,0.1285137380073998,0.011359099065300983,0.025295454362702512
238,0.0289981417589534,0.8507283252474777,0.10544483985296635,0.010730343609839333,0.0040983495307630475
239,0.02563780281995471,0.7041317919227883,0.25814702354469654,0.004848581809328771,0.007234799903231855
240,0.05092369889108884,0.7789777237968114,0.15043739751146662,0.007437435150586421,0.012223744650046725
241,0.02280251783539619,0.8881469308837829,0.07844191352093222,0.007102288187160845,0.0035063495727277933
242,0.11220408680569309,0.708989668086725,0.1607699822829555,0.0017540498818083112,0.016282212942817974
243,0.02648657744299699,0.9071989301271197,0.056363276882169126,0.0055826372090482836,0.004368578338666075
244,0.0852617533057044,0.7666725998963806,0.13028719066325845,0.0015709061191058235,0.0162075500155508
245,0.02434880210859591,0.8689360969764804,0.09807459473078202,0.004593009419985757,0.004047496764155759
246,0.281312398332739,0.5699557124942434,0.13041859277634008,0.004244555450474212,0.014068740946203372
247,0.2774225274514668,0.6358635629782047,0.049942175612150676,0.015505588748545449,0.021266145209632343
248,0.22215789076948375,0.691729843977393,0.04277971724262223,0.013937317673315195,0.02939523033718575
249,0.08017415120163097,0.8600976903067392,0.03631464734014248,0.014061742750739143,0.009351768400748245
250,0.08246276737937033,0.71582125459971,0.19173000912592114,0.004027817337658432,0.005958151557340021
251,0.044318410299800264,0.7866493860064012,0.15863706709759384,0.0027349582776986497,0.0076601783185061825
252,0.030104196149776472,0.7085347878362147,0.25655178052456784,0.001344068917038485,0.0034651665724026197
253,0.03321521110960038,0.7970017010976655,0.16519589866424036,0.0012601106385909477,0.0033270784899027445
254,0.011182161431068793,0.5440971689961267,0.4378832591684606,0.0011899669581476916,0.005647443446196301
255,0.04940795924009139,0.5619000358559741,0.3661015113003182,0.004091499833477717,0.018498993770138642
256,0.006193658650925504,0.07304254086086462,0.9125148166655225,0.00165163137328737,0.006597352449400118
257,0.23338251647548333,0.280205060880326,0.45126398474843976,0.0028881358974035703,0.032260301998347216
258,0.01996598741869374,0.08061101218777555,0.8851733905757522,0.002825735478891387,0.011423874338887256
259,0.026308105851373966,0.8108072196772227,0.15124375576421245,0.00630638615549664,0.00533453255169433
260,0.19509369081342445,0.32778822334156144,0.45813933188342426,0.004519588897827596,0.014459165063762294
261,0.010072142789844368,0.706358369988613,0.2741649996927821,0.003171939598274634,0.006232547930485956
262,0.23514138400492665,0.40880245632298085,0.3245852709224416,0.005052149146582755,0.026418739603068127
263,0.07659649522175274,0.8117218798681255,0.09103391437563893,0.011123963726698922,0.009523746807783808
264,0.38966422597885797,0.4781928851519964,0.10244137717717089,0.005054618610704753,0.024646893081269775
265,0.30729079613929344,0.6328849684208611,0.041609715083040594,0.0071031247649998575,0.011111395591805068
266,0.035031387819877344,0.7756776654174781,0.17871616315507027,0.0033888407143811976,0.007185942893193161
267,0.06769065715726649,0.7704547211231049,0.1419668237093218,0.005281081865408299,0.01460671614489867
268,0.020968105963766075,0.7459747164853794,0.2275780229628491,0.0014686950471745563,0.004010459540830781
269,0.014589100180071401,0.7771040930896582,0.20254721668893103,0.0013678932424023103,0.0043916967989371105
270,0.026129753371512406,0.7077548697767178,0.25369400798896086,0.0020929182022868787,0.010328450660522227
271,0.025052257880807886,0.7026469038972042,0.26243251885467206,0.0040829921738995065,0.005785327193416337
272,0.1852206883226653,0.4810991781403793,0.30851397847027295,0.00393694392866504,0.021229211138017408
273,0.07107708623497809,0.8320624192094039,0.07626434372993175,0.01193550683734359,0.00866064398834267
274,0.09421424542643057,0.818399463684551,0.07104959774566506,0.009922591011070493,0.006414102132282952
275,0.021113608183485996,0.8935348253513832,0.07018564791721348,0.012000420714574763,0.0031654978333427865
276,0.03122700675783861,0.9392694723712656,0.0212095011556509,0.005996367380970546,0.0022976523342744114
277,0.018554367553452238,0.9050183635813269,0.07254546631090565,0.0020307689378571306,0.0018510336164581657
278,0.009352507083050259,0.9297954371320064,0.057651310578268535,0.0017217281312639629,0.001479017075410789
279,0.01847585210755918,0.8958443184082179,0.07953275111179284,0.0035330652702842335,0.0026140131021457325
280,0.0032938554046705554,0.8554575073768633,0.1384752987878479,0.0006051808236291157,0.0021681576069889964
281,0.07681137480401501,0.6737368005480074,0.18979804523958804,0.006065985611532059,0.05358779379685743
282,0.011777390863404463,0.5064427663966584,0.4766283130064818,0.0005375263948987435,0.004614003338556492
283,0.013949841669258806,0.4555869708411425,0.5082353878466759,0.0026374188256732475,0.01959038081724949
284,0.06250091808350978,0.20664015049122672,0.5980401846387345,0.017046872714961154,0.11577187407156783
285,0.08893937367629756,0.3918016015041899,0.18144304530246189,0.00786721171275116,0.32994876780429944
286,0.3292188333339443,0.5909132805485485,0.04746344193377926,0.00798772634290136,0.02441671784082643
287,0.07451453034816191,0.44617392608791495,0.3499457618608766,0.012451600399226971,0.11691418130381966
288,0.005300574182743226,0.460633862493072,0.5265290011091044,0.0010925178493518077,0.006444044365728649
289,0.04593366068584929,0.7549990229968262,0.16749576455232495,0.004506148385496474,0.027065403379503125
290,0.03834589441977105,0.8164180472972435,0.13156277003900863,0.006961643731367845,0.006711644512608964
291,0.023737832001823708,0.8576776570932896,0.1136129321161216,0.0021611143370891014,0.0028104644516759878
292,0.031244091609191713,0.7722738341394146,0.17707433086679347,0.007804889078462627,0.011602854306137646
293,0.04100932114695689,0.8911466528315414,0.0550147422892975,0.009270779767960913,0.0035585039642432588
294,0.03530036949240981,0.9078884170888379,0.04170868385412708,0.013313016409325926,0.0017895131552993556
295,0.032206307024647995,0.7326482513142347,0.21743875680387736,0.010612935829056062,0.007093749028183943
296,0.014882374641248147,0.9204462312611293,0.05319697958777678,0.009952652891862111,0.0015217616179837453
297,0.03998182856115469,0.7859139555338431,0.15055962940774797,0.017584312538546008,0.005960273958708293
298,0.01444690869489666,0.7683444661260325,0.2121704040478897,0.0033708337428004992,0.0016673873883807577
299,0.0157603963798254,0.8037776302454404,0.17183092074882847,0.006319483973825335,0.0023115686520803393
300,0.029515120338017405,0.6719071312336529,0.2879164153935828,0.003275894884690398,0.007385438150056503
301,0.007297861896640961,0.8574995022172905,0.13224756305458807,0.0009869938888428266,0.001968078942637611
302,0.29716586086041763,0.6112143788446786,0.05895472367166328,0.009663050668817041,0.02300198595442354
303,0.029861831284933946,0.7360175210776521,0.2258003618389348,0.0043879505879876254,0.003932335210491487
304,0.18542492437390365,0.6939709065818213,0.09857791415836105,0.00796760190392623,0.014058652981987748
305,0.3150471912790833,0.406433660758444,0.2518638855620414,0.007570566196095275,0.019084696204336137
306,0.019089547432963438,0.900782267476635,0.0684533703876335,0.008693038984300553,0.0029817757184676347
307,0.7027980784551132,0.2489209735040646,0.00918039164663942,0.012997993491643328,0.026102562902539417
308,0.11879435769317724,0.6572081585647057,0.18003442223942726,0.013870582270638589,0.03009247923205112
309,0.6685480839688369,0.24802058502638147,0.03588161645602047,0.010055042882512062,0.037494671666249264
310,0.6335741516611071,0.20741965169788112,0.024365195243889026,0.022318429022248593,0.11232257237487428
311,0.7849495025736141,0.1558754780727653,0.02104919129768034,0.018832363643431615,0.019293464412508753
312,0.5913547486711997,0.2609387800122607,0.07430695949959966,0.02333679581388387,0.05006271600305616
313,0.3517641075654989,0.56353710159085,0.0383036160068138,0.031678164950051886,0.014717009886785353
314,0.15374422392852694,0.7397430482162343,0.05633129957741748,0.04235042011993241,0.007831008157888984
315,0.09773350427819734,0.7326265137543185,0.08959069718490059,0.07592672882628614,0.004122555956297487
316,0.34743987129284676,0.30068881162225325,0.2595761430020335,0.04663686716933487,0.045658306913531774
317,0.10377434506426574,0.6650125439948358,0.15449993480830357,0.05155668691284156,0.025156489219753355
318,0.4123818247635318,0.286343767125073,0.17702062096472052,0.04815497021849717,0.0760988169281775
319,0.3860518971577806,0.48350274977758495,0.01946458021296309,0.08478121401179452,0.02619955883987686
320,0.20995024534813486,0.6455184238894971,0.044156176451782145,0.08336761298024577,0.017007541330340277
321,0.47135322834293597,0.2949077004767911,0.04560418747662714,0.049852296582302065,0.13828258712134353
322,0.10502174754454763,0.7383198678095703,0.0331624254607811,0.05090824565180795,0.07258771353329296
323,0.3647627000885547,0.23495826692548744,0.0010326758949804344,0.07437836797774179,0.3248679891132356
324,0.2599693930087113,0.32771157606187135,0.000972710283428423,0.024898580488195828,0.38644774015779315
325,0.2155522166489502,0.5193395268074332,0.0007218264382433434,0.03213872704719374,0.23224770305817957
326,0.0179376832895492,0.005873915599946157,0.0007570766304746526,0.003135416526684904,0.9722959079533451
327,0.032280062608414005,0.014016774400699263,0.0014066997902963559,0.0031992476645583217,0.9490972155360321
328,0.033122212778799,0.016758456441872224,0.0005350618806038688,0.0015727848795406292,0.9480114840191842
329,0.008359359990322814,0.003844905330202576,0.00012835315334438604,0.0004690374141116416,0.9871983441120187
330,0.004249222725124029,0.003085588719820091,0.00018237768327528117,0.00022098718501466322,0.9922618236867659
331,0.003931242508202345,0.0021156739979529098,0.0008613854998173483,0.0008073513799761007,0.9922843466140512
332,0.014488899255089564,0.010123704628751853,0.000741952257703488,0.0008752856703391335,0.973770158188116
333,0.03981225845115304,0.018016621269375418,0.05069232225115606,0.001258775783132536,0.8902200222451829
334,0.08925852806936407,0.009931987224913948,0.012591928065375178,0.001199105868805695,0.8870184507715411
335,0.017285724594434445,0.0015130507557023826,5.310545255839588e-05,0.001072606633760634,0.9800755125635441
336,0.18525550735426324,0.061432385250252346,0.0007785319009507767,0.015237480827954328,0.7372960946665793
337,0.4891834527770122,0.07827814601194351,0.002321185361520024,0.060615531084839344,0.369601684764685
338,0.4199949103222611,0.02555778726237397,0.0003679304709417148,0.01617214822259339,0.5379072237218298
339,0.5146237072477732,0.18822462080779967,0.0006664345731965443,0.17370127898941365,0.12278395838181713
340,0.3333792138555804,0.303727836670893,0.0010917677367020522,0.24148983456000322,0.12031134717682125
341,0.13665326763616323,0.4028656261022737,0.06428649387577678,0.1878590940018504,0.20833551838393582
342,0.10825960219190317,0.30142312458056936,0.06287045333692967,0.24766934937653867,0.27977747051405916
343,0.09785324656186148,0.1247247464884653,0.3615696016280137,0.29065839036867996,0.12519401495297947
344,0.11585158395068533,0.10236626094427588,0.4744302816607135,0.21603254454792908,0.0913193288963963
345,0.054486585165330434,0.15196052222692322,0.288360314825013,0.31759776887966545,0.18759480890306793
346,0.10799550179299047,0.06147222360614156,0.11784076650630121,0.4695786238831298,0.24311288421143684
347,0.07929164069470887,0.16610302181793643,0.15976975100504284,0.44818310632238034,0.14665248015993151
348,0.08493272143440346,0.31105620082987206,0.37141066838235376,0.16031403911919515,0.07228637023417571
349,0.04772049352501975,0.20671834481652793,0.6012011428627244,0.09775556728069693,0.046604451515031
350,0.027584623343207704,0.25555374539439263,0.6274717420483521,0.05533778877423144,0.034052100439816026
351,0.035368513834894096,0.38337019284711155,0.5234996331122591,0.0347137102198839,0.023047949985851274
352,0.019162904591760253,0.3316812301053649,0.5433066631396785,0.07758974252232032,0.028259459640876165
353,0.04400087861254522,0.7184546025891205,0.20478794117958743,0.023089148537610873,0.009667429081136089
354,0.06241950134295993,0.7886235696963175,0.06748501939534984,0.06521654572757787,0.016255363837794724
355,0.045551299629366104,0.6086212407213083,0.30124804781261766,0.02835442695919646,0.016224984877511412
356,0.22268839487266875,0.20702554229864434,0.04614302430656764,0.13318273872027114,0.39096029980184815
357,0.1919736220767466,0.6351362390588285,0.018762838223761385,0.11187273062534425,0.042254570015319126
358,0.2202703511370543,0.6903763422664478,0.011972064001000336,0.05176524747089997,0.0256159951245977
359,0.14598645618203956,0.7432337838689684,0.09304756277080216,0.009730355264278885,0.008001841913910882
360,0.13446035063354875,0.8089158653016231,0.02711358903034366,0.021735391594713754,0.007774803439770786
361,0.05429291818368014,0.8770883401322722,0.04708948088700394,0.019392461309077916,0.0021367994879658275
362,0.10094318229791578,0.7914409320322601,0.06064152028971661,0.039156720045549105,0.007817645334558664
363,0.0782308445959863,0.8310765791252268,0.03709861735769398,0.04529654894926031,0.008297409971832462
364,0.04096049485369313,0.8835505590456496,0.036923411563073716,0.03397864100461841,0.004586893532965152
365,0.08699626773053604,0.8394430262436824,0.030854167673371125,0.03459288644517218,0.008113651907238095
366,0.04738031960145302,0.9038429366468245,0.017578533602309394,0.02822764304246565,0.0029705671069477388
367,0.04038123003158638,0.8870528186591472,0.011900063241304056,0.05627908207869434,0.004386805989268001
368,0.08664585424007414,0.8338638360376757,0.016265038984669262,0.05841233639566098,0.0048129343419199165
369,0.05152822621574361,0.9015036898565727,0.020379544623858097,0.021114232642580496,0.005474306661245087
370,0.04587885484905628,0.912324086203385,0.01903178150546702,0.019475587384226285,0.0032896900578655124
371,0.0454307656597773,0.9057227896007123,0.0343172197838899,0.008998740847270141,0.005530484108350357
372,0.06953159111823773,0.7821619415838678,0.1063716035466477,0.030753803891213925,0.01118105986003305
373,0.04023668676115665,0.7320973546541628,0.1782291318537367,0.02933887869592495,0.020097948035018975
374,0.020554067242761383,0.7884611598333099,0.16204957785678242,0.013988265556565526,0.014946929510580973
375,0.016720967626123663,0.8471951930750871,0.12319173601294445,0.008934166525998374,0.003957936759846479
376,0.03546950072925992,0.8679650151491302,0.07180730476644136,0.017571718453096886,0.007186460902071709
377,0.027246690556763525,0.765932645492134,0.18912864413356115,0.012710491530828729,0.00498152828671256
378,0.02047657339556797,0.8408278679801,0.12660735184051597,0.006892429419439859,0.0051957773643763645
379,0.02658343259719369,0.8658307318921831,0.09650295521110791,0.007140820389808167,0.003942059909707057
380,0.023078689948569063,0.8385410151279419,0.11735640570770799,0.017811812869735075,0.0032120763460460207
