epoch,N1,N2,N3,R,W
0,0.00497585073218188,0.0007027196454918738,2.2529633541817464e-07,0.0013136355900509494,0.9930075687359399
1,0.007056338053950478,0.0012464423824089016,2.292509517607813e-07,0.001988183173813346,0.9897088071388754
2,0.026501042779302278,0.0028267658071961,5.899062630846235e-10,0.003007032464441961,0.9676651583591535
3,0.036274649488274316,0.005179344309461955,1.473171535949063e-06,0.01082648459190153,0.9477180484388261
4,0.08025821096578661,0.029257111680633795,6.191867343465426e-06,0.029998625897739127,0.8604798595884969
5,0.19475351525536885,0.18718467581807255,9.824591565317225e-06,0.048994754312817995,0.5690572300221753
6,0.27163996980469896,0.10899271495805853,1.962675855412496e-05,0.0889621444038736,0.5303855440748148
7,0.24684755761295224,0.2038391916851046,4.315571540720012e-05,0.2660026454262251,0.28326744956031097
8,0.2905674138820309,0.15355939139943534,0.00012186150791643191,0.17712596732741315,0.3786253658832042
9,0.28830010139423506,0.18896007306778576,0.00022800781257257285,0.14139774394787963,0.38111407377752693
10,0.21997641576528165,0.2529795526417793,0.0009531667742862527,0.09298538999591704,0.4331054748227358
11,0.15656308388264162,0.48407888221260376,0.001250930121917295,0.18920687388824772,0.1689002298945896
12,0.14105056259353377,0.40270663354649955,0.0007533820548670246,0.3126619612025818,0.1428274606025179
13,0.173993838323278,0.4504621461721014,0.0028192428749452517,0.1044137928414336,0.26831097978824175
14,0.09760404010897762,0.48961534338126067,0.004209326645160593,0.17009172497649075,0.2384795648881102
15,0.06270722406010126,0.49240832004458535,0.0019080806703246247,0.20315929256170162,0.23981708266328716
16,0.0635602689572418,0.6077788565702824,0.005979466886949772,0.1996041062162767,0.12307730136924938
17,0.0451765658651779,0.1869141760600071,0.000100026275872015,0.6229453520490245,0.14486387974991846
18,0.0992407497972439,0.22667421416001884,0.00012124886741786937,0.5099096242904257,0.1640541628848937
19,0.212051258111602,0.3808047508061406,0.0013679068356259258,0.22018473790497478,0.18559134634165678
20,0.08637461468801627,0.7095148746633593,0.0006424559198018157,0.026776657629484783,0.17669139709933787
21,0.04166747373116852,0.8802039605731535,0.0006458305059288254,0.03786233849297195,0.039620396696777416
22,0.03287513859133418,0.8710474289027408,0.0008512585917892895,0.05258709874495821,0.04263907516917759
23,0.07039582067198755,0.7933474662781768,0.0043968621477590295,0.054928952840275685,0.07693089806180094
24,0.061389361914183566,0.5858845838923287,0.0036648657296716033,0.2690347181357079,0.08002647032810835
25,0.03226778181853308,0.7988317714859284,0.003795416289000292,0.04878718164390524,0.11631784876263296
26,0.0439064566548888,0.7412041460410577,0.008337150929735058,0.08842597129745679,0.11812627507686152
27,0.09607307669449526,0.6713523443828353,0.0039569641800133925,0.06130650056916423,0.16731111417349168
28,0.09629837144942935,0.7030283606152914,0.0008700120335630461,0.1344498977199669,0.06535335818174928
29,0.16626568688543802,0.5738978010412632,0.01982535182337406,0.07624498011066949,0.16376618013925529
30,0.12377435909280773,0.5474740919170846,0.024720474392260355,0.1363549085324153,0.1676761660654321
31,0.0560404953888154,0.7696999511099103,0.0017283389283596988,0.14078753525872068,0.03174367931419397
32,0.07311454115686171,0.8152623109432272,0.025097381347358408,0.05301875348841127,0.03350701306414134
33,0.07446191013321536,0.7649066967782359,0.004417689691291324,0.13594217898997593,0.020271524407281517
34,0.12062159867265287,0.7722087255244722,0.016387626181463943,0.06600559158564974,0.024776458035761187
35,0.04732921443716268,0.755068114720586,0.1696700031587638,0.010536377040929393,0.017396290642558012
36,0.06528961536878489,0.8421610896754288,0.02389964137481644,0.03085158082138001,0.037798072759589914
37,0.03669974210908873,0.8689519397029108,0.028903697847010034,0.044826070006105515,0.020618550334884984
38,0.041662711846333966,0.8403411797448019,0.010297782220506087,0.07416920728057803,0.03352911890777999
39,0.06766359038733158,0.8713046429438713,0.01530452622282869,0.019448122252785794,0.026279118193182717
40,0.0868024605621256,0.7558391797335746,0.004927237492990759,0.042161927049578746,0.11026919516173021
41,0.1018662606871299,0.697392481663575,0.0016481281507077087,0.18109426346950525,0.01799886602908227
42,0.09733761779203094,0.7222881340472648,0.0024562081430746906,0.16053702461500974,0.01738101540262004
43,0.059298063890443245,0.8160590326111923,0.00722231721166799,0.07132466739061938,0.04609591889607728
44,0.06987611482526768,0.7740712298197929,0.0018528560571634972,0.1251643639808538,0.029035435316922147
45,0.0528874888968811,0.8555052034783747,0.0031600029431533335,0.07666367706196357,0.01178362761962746
46,0.08104306748221748,0.6732145996412255,0.0025564940588174746,0.22502828075263887,0.018157558065100707
47,0.09373095441490757,0.7548892978693882,0.010516393231164644,0.09586028656581538,0.04500306791872406
48,0.10786147974988558,0.7140519946413812,0.009972715194139054,0.14175345258863614,0.026360357825958
49,0.06434206643994375,0.817276836754412,0.019919233675693076,0.05269313533076932,0.04576872779918184
50,0.0725352402063154,0.5475911991552757,0.00214415995950816,0.34097780061836414,0.03675160006053685
51,0.09404969271113275,0.5959608446284402,0.004805082826098753,0.24095548369768507,0.06422889613664319
52,0.06809606982473078,0.8452547747542916,0.023375553301402154,0.04131449428050308,0.021959107839072442
53,0.08252476449509591,0.8456433110749392,0.020726288769675208,0.026275518952153087,0.02483011670813638
54,0.03525915287302421,0.8749965849723937,0.02453482068480316,0.030333050673921388,0.0348763907958576
55,0.0682448862331417,0.7205887180332153,0.0015025076210665813,0.18034783970797252,0.02931604840460386
56,0.05869848455378715,0.8523094322749009,0.009051214647894022,0.06048562827705003,0.019455240246368025
57,0.11183301530014746,0.7190891355101948,0.00885244329782936,0.11618067374985716,0.044044732141971084
58,0.10155703620320895,0.7457540833282407,0.0013062072943840124,0.12810172447835097,0.023280948695815335
59,0.0743876964211211,0.8390371552112392,0.01120626473974886,0.05917329933089342,0.016195584296997412
60,0.10415940740771397,0.7127332434224692,0.006649913617396094,0.09717212934884832,0.07928530620357233
61,0.045658647702054675,0.806978805746529,0.0037175089045742137,0.12987770800313927,0.013767329643702772
62,0.08956738306716239,0.5668472008097665,0.0054846778777247526,0.30538357097718144,0.03271716726816492
63,0.07078767068766142,0.8421086871740121,0.010987916733156574,0.04226083458349721,0.03385489082167237
64,0.07183018279422733,0.5210044777322187,0.0013935782957401927,0.37041898730164163,0.03535277387617223
65,0.04291408254562111,0.8392920565126669,0.001655978999020596,0.10035821853709656,0.01577966340559478
66,0.05280941253212921,0.619133880619067,0.002461243331998252,0.2996189751068113,0.0259764884099943
67,0.04453758136143687,0.8091352647647957,0.0050316222343416836,0.125128882807218,0.01616664883220761
68,0.03853655961082683,0.6552475065502648,0.0005855892251683005,0.2973935379543313,0.008236806659408845
69,0.06281478762304228,0.46103867762313705,0.0021386117766546003,0.45419837834290205,0.01980954463426409
70,0.08867528278040518,0.36704882386394944,0.0005904375533365183,0.5086079158572068,0.03507753994510219
71,0.09465296158344533,0.6651206211722791,0.006456170531668133,0.19919562970910415,0.03457461700350343
72,0.0943929847556821,0.7242235184457891,0.03223201300613497,0.13012685335555596,0.019024630436837765
73,0.05171950483492224,0.7992666199540841,0.026022946759112535,0.10167896997907488,0.021311958472806345
74,0.06360720076894787,0.6324941983674096,0.022994246822785724,0.22408528409157266,0.056819069949284186
75,0.0619639604336973,0.7929123568301994,0.00854421906245256,0.09490757290514501,0.04167189076850574
76,0.03856446248714812,0.868807449643183,0.00795791716034321,0.06514525344520943,0.01952491726411631
77,0.08234079551976936,0.7491682594598954,0.0009234017771669106,0.11068995674624688,0.05687758649692157
78,0.04190217277724577,0.8359153313290733,0.005316824965503873,0.09486886063748005,0.021996810290697062
79,0.04438694372854134,0.8903458773215623,0.012113043716244092,0.027606329519641513,0.025547805714010847
80,0.0768931453824428,0.4756925895200067,0.010018767670250736,0.349809619419034,0.08758587800826576
81,0.07038196368128989,0.7006508741293429,0.05272979333432462,0.12023433073649338,0.0560030381185491
82,0.030759990923917256,0.7392866643465855,0.029960308186810402,0.16872354478779683,0.031269491754889994
83,0.09647070159316323,0.6723731172272217,0.03559719028426012,0.1587952534406288,0.036763737454726234
84,0.03407841626034011,0.859369671899349,0.03623528414433237,0.042143874301146175,0.028172753394832415
85,0.08633364929925023,0.1791257278555085,0.0038222836993763013,0.06386768964246635,0.6668506495033986
86,0.013616025362060037,0.009896094812791557,1.9767293482791857e-05,0.004817552036705633,0.97165056049496
87,0.31759321321935186,0.06672026243298138,1.3099108262284707e-05,0.18524829310602878,0.43042513213337585
88,0.44822958182695843,0.303568135879291,4.385886390532177e-05,0.042200130745184236,0.20595829268466104
89,0.0885799987902182,0.032505725129206714,8.676699510326504e-05,0.006802775254148629,0.8720247338313231
90,0.01257675415409386,0.004860825568684124,8.233652393228189e-06,0.0031702253180137256,0.9793839613068152
91,0.022770996453660233,0.004701225646163331,1.1581705302248733e-05,0.0039784348428490565,0.9685377613520251
92,0.011331197524883076,0.003071969216265884,0.00028803819189823576,0.0006794794817884588,0.9846293155851644
93,0.00597356836610231,0.0031441631070223282,2.4279709822274508e-05,0.0013508656394206852,0.9895071231776323
94,0.01866485292051499,0.002488278942322059,3.575142502893667e-05,0.005000301960566948,0.973810814751567
95,0.007492495338328934,0.0024029059335238744,2.9130284302146902e-05,0.002969254002495767,0.9871062144413493
96,0.07258762136682702,0.03135272799340797,0.00028368739674826935,0.015057615920133372,0.8807183473228833
97,0.008573391197936963,0.0029082416893296326,1.5639511011555374e-05,0.004378895193044552,0.9841238324086773
98,0.04372511130025198,0.032939638224260395,9.995655643575396e-05,0.011447881513162788,0.911787412405889
99,0.04455652272842443,0.012243522444121325,7.201084240292667e-06,0.040767643781074746,0.9024251099621392
100,0.010646638667127416,0.007259304243187388,7.830242159690334e-06,0.003075516575538607,0.9790107102719869
101,0.016129591443672906,0.00923654550375752,0.0007358889445842836,0.000623222148667744,0.9732747519593176
102,0.009360983466066642,0.00426594932390028,6.772237800844507e-05,0.0034050356240247753,0.9829003092079999
103,0.005251752657517062,0.0008565733269530764,5.032288184330711e-06,0.0033132184677458995,0.9905734232595996
104,0.013456282497199976,0.00551524150054378,0.0003443159823441748,0.0020123754920479972,0.9786717845278641
105,0.00749589801519671,0.004195117775104448,5.024379587239502e-06,0.0071954965909330065,0.9811084632391786
106,0.0036641567244793936,0.0038390706209926197,1.2792968041965633e-05,0.010037567872570855,0.9824464118139152
107,0.004234255912758015,0.001574644589680042,1.0410578444705326e-05,0.005224637436604767,0.9889560514825124
108,0.01270250239606429,0.006162544228335848,1.8097277590576135e-06,0.007788084895972308,0.9733450587518684
109,0.006814603046418924,0.004409197455249398,1.7535394431938552e-06,0.0032596054849764514,0.985514840473912
110,0.005798161033133047,0.0006715447240803234,1.2213600126035805e-06,0.0015863306951687686,0.9919427421876053
111,0.008263303699613068,0.0009128637448777264,1.8022630857179234e-06,0.0015906889271815952,0.9892313413652419
112,0.0012192521334198016,0.0012411696888695793,4.2269363818662654e-05,0.00036702299699988553,0.9971302858168921
113,0.025830310900585077,0.0037236059704354144,2.8793515959597355e-06,0.006185729474083915,0.9642574743032997
114,0.001121995327234587,0.00034866267622677967,0.00014891728813727707,7.769504308738729e-05,0.998302729665314
115,0.005612657423083203,0.0012090313689036246,0.0014799721527847304,0.0008969830737643798,0.9908013559814641
116,0.0020065748072599183,0.00038269597647743256,4.1666644386387656e-06,0.0005808131327263055,0.9970257494190976
117,0.006587652598732958,0.0037640126035855125,6.300790958188743e-05,0.0011670244743052767,0.9884183024137942
118,0.010791561050437567,0.0017590467312883283,6.248838290088716e-05,0.001583844810918604,0.9858030590244546
119,0.008374250284698315,0.0020507672585611896,3.6255404439331896e-05,0.0024322538845001945,0.987106473167801
120,0.010832025942933313,0.004063177899817357,2.6561525823573487e-05,0.0023008495909190175,0.9827773850405067
121,0.007133315798337111,0.009524076305088442,7.784712534841066e-05,0.002387055777769274,0.9808777049934567
122,0.015243920610866548,0.011855795659573651,8.138830529923968e-05,0.009912385905632917,0.9629065095186277
123,0.012573434041069722,0.00728254842239344,0.00010614241828549699,0.017912472851414448,0.9621254022668368
124,0.021944218583385546,0.07595697967147111,0.0011938312327006782,0.02315883301699831,0.8777461374954443
125,0.01904335449227717,0.017082607053679717,9.43322032484178e-05,0.043958857951821945,0.9198208482989728
126,0.009477168030652185,0.008499537547378835,0.00012736812279155404,0.022491355776477758,0.9594045705226996
127,0.013496227052336003,0.010664475960937258,5.052945268110253e-05,0.026494138622914016,0.9492946289111316
128,0.00850364513451954,0.014863186640782759,4.389053183099313e-05,0.03092830699651367,0.945660970696353
129,0.014293696979212081,0.051374222859172924,0.0002559589185501629,0.02314778580109767,0.9109283354419673
130,0.01578768116276061,0.02782841911908121,0.00023978218689299174,0.04391311653545186,0.9122310009958133
131,0.053636610147561846,0.06047134691258042,0.00012330276976063294,0.1302122261293766,0.7555565140407206
132,0.007532024201257994,0.006268003937793248,1.3795578728153683e-05,0.035075303851840496,0.9511108724303801
133,0.008197715846013018,0.005821521418367215,5.1805485579427134e-05,0.03826813416699709,0.9476608230830432
134,0.004083937959353338,0.009384947785006743,4.542440206163022e-05,0.038964447694135575,0.9475212421594427
135,0.015100051074585787,0.01791553835027977,2.7354196857350732e-05,0.09612545486023891,0.8708316015180382
136,0.004712622621739998,0.003748389175337479,1.661628017879769e-05,0.05808058254304184,0.9334417893797018
137,0.01715898448517688,0.05552022666625454,0.0007439682563957319,0.016130371011324186,0.9104464495808486
138,0.009446758019681483,0.006577431750309967,3.062702245875428e-05,0.007099080351129622,0.9768461028564202
139,0.009665542502229413,0.006389882242353769,0.00012671206000675089,0.006873495904780286,0.9769443672906297
140,0.006953192662185641,0.0028854115266689585,4.610892976234089e-05,0.005239195173762335,0.9848760917076208
141,0.00881847716052667,0.004584024067112845,4.784294548758145e-05,0.004703130793878653,0.9818465250329943
142,0.029886852063886315,0.005299727878317266,0.00030032511235426624,0.002002447957507674,0.9625106469879344
143,0.017282319979719175,0.01326016021487816,0.010968656850995757,0.0015026340304476503,0.9569862289239591
144,0.007271598755035581,0.008795786652328308,0.008109198678746089,0.002810951109160015,0.97301246480473
145,0.007235010053481008,0.009401017037811042,0.004218855589523683,0.0012668153705492826,0.9778783019486349
146,0.008960733534813855,0.010549439211106739,0.0016737810721141704,0.0016930913192331324,0.9771229548627322
147,0.018421445668739603,0.02723197037282931,0.004043081906187994,0.0026489836792952235,0.9476545183729478
148,0.006578683134141366,0.01489587052683592,0.0018054200165672507,0.003131501474811569,0.9735885248476439
149,0.012912788875094379,0.01650731624560045,0.005718797449983871,0.0024106319683112223,0.96245046546101
150,0.003450884962444218,0.01557514688491737,0.005243150702682287,0.0034671830520140623,0.972263634397942
151,0.011162213546869741,0.02441934570198306,0.0009037609007086819,0.002963735935946659,0.9605509439144918
152,0.024234455301077887,0.07223160153155352,0.011290703653163857,0.005772825060335538,0.8864704144538692
153,0.009253225064255082,0.010286606209931421,0.003983760071373279,0.0007307298023429739,0.9757456788520973
154,0.031052559580760586,0.05057410918569948,0.005044158527366126,0.0028444983509672964,0.9104846743552065
155,0.01801195849945864,0.049868748392419046,0.004677036791624462,0.0010580376452497416,0.9263842186712481
156,0.015079057705522021,0.03382574335056156,0.003587818445386575,0.0009673514078984533,0.9465400290906314
157,0.017531342341834812,0.041899088787746286,0.0040043712523342555,0.0022422458181733723,0.9343229517999112
158,0.01259491447019428,0.06417052756173061,0.008148962740251033,0.002105162632091365,0.9129804325957327
159,0.007742974322701735,0.01910815450937965,0.0051616448852644155,0.0007281676322388433,0.9672590586504153
160,0.0076598687466434305,0.029151818000479977,0.007707371012285553,0.001180062820263724,0.9543008794203274
161,0.006161778590802632,0.02075754239765712,0.003860491963707013,0.0007043004009011204,0.9685158866469322
162,0.0046561423068476986,0.0046690275572974435,0.00013680801284160138,0.00037948356452707766,0.9901585385584862
163,0.006156362210747071,0.003531855783821396,0.00030787376689650134,0.0007963112488554607,0.9892075969896794
164,0.0037749875352981574,0.0016289709152826227,0.00025658400952704655,0.0010544169002483564,0.9932850406396437
165,0.011357454115022527,0.006530700248768219,0.0005887323557658974,0.003330489438642234,0.9781926238418011
166,0.02724296337459325,0.02752595666161328,0.0017105741461752159,0.0037446531987853347,0.9397758526188329
167,0.06024560104156481,0.1070816210966894,0.0025351056162492692,0.011386242594145288,0.8187514296513513
168,0.0244200806705822,0.022877176766502624,0.001337587531582046,0.006894595733570474,0.9444705592977627
169,0.026531873967923135,0.030826298910326407,0.0006463171127183601,0.007475728182071554,0.9345197818269606
170,0.031192811498600332,0.004777805606135784,0.0002080215845613095,0.0077055254872979585,0.9561158358234045
171,0.039052296894515795,0.020306358254390814,0.0005739573989917524,0.017101961666627263,0.9229654257854745
172,0.016824132311774858,0.010116502652632347,0.00017045662212068,0.005193184169329269,0.9676957242441427
173,0.022206940854848284,0.05114372086490979,0.001420358054105027,0.005411045388848978,0.9198179348372879
174,0.038329526056574276,0.0436325041634399,0.0018904465627836411,0.015310082010517605,0.9008374412066846
175,0.02609368367983166,0.09746121161036711,0.0058544274768924974,0.012783954178616618,0.8578067230542921
176,0.02014583595325429,0.01729145244621475,0.00030025690274023927,0.04235272946522475,0.9199097252325661
177,0.010196163060530193,0.023976948979805693,0.0004071700113928409,0.011613119446109302,0.9538065985021621
178,0.02227680086068839,0.027106659964735026,0.0004701211150448659,0.01511597715142011,0.9350304409081116
179,0.012500782901774426,0.0097762583604735,0.00040222525745195876,0.00781443421597803,0.9695062992643221
180,0.013541218725383393,0.006040045202462113,0.00012346903797835036,0.0022486128914591427,0.978046654142717
181,0.010561083342278035,0.005281091726105537,0.00021754047224466696,0.0027472065320003213,0.9811930779273715
182,0.009176035813562914,0.010030500437935498,0.0009340980124619948,0.0026762406356170606,0.9771831251004226
183,0.054643929830829115,0.09566927836864358,0.019080703018684114,0.00285286342562694,0.8277532253562162
184,0.009268824336228438,0.006898616132153978,0.0020572715948652233,0.0005195225360954308,0.981255765400657
185,0.0023513463700959654,0.0028159248674610904,0.00017091049183637732,9.811442904937441e-05,0.9945637038415571
186,0.007148682235063384,0.02270863091199157,0.00032452714340326937,0.00010813814727171701,0.9697100215622702
187,0.005591580060732777,0.003949277149104781,0.00019207801357801836,5.73415178880309e-05,0.9902097232586965
188,0.0024152894966306348,0.0034533283960709277,0.00016628512617888232,0.0001753327358781536,0.9937897642452415
189,0.0006178271778495847,0.001321080949748987,2.4522955247776035e-05,0.00023657368446103726,0.9977999952326927
190,0.00535943685770791,0.005322895191865006,3.745203441310756e-05,0.0003388803677927781,0.9889413355482211
191,0.0035824846804853997,0.0030559751063659415,2.3370079447861797e-05,0.00024919365295751074,0.9930889764807432
192,0.027961326593168228,0.009768073773556098,2.15659816023945e-05,0.0005855781337337646,0.9616634555179395
193,0.010373238388297009,0.007744303621424658,0.0009599017727995444,0.0001593141820348802,0.980763242035444
194,0.004407279388183221,0.010363773428683396,0.0003722299926735072,0.00034592987071897373,0.984510787319741
195,0.017224407542300004,0.03714305554061655,0.0012402243864755274,0.0006742206816049444,0.9437180918490029
196,0.004458782048774395,0.010716881082388047,0.000286091407256532,0.00042803694279829665,0.9841102085187827
197,0.0061019416174425125,0.02264982742742349,0.0023400418755680353,0.00047540506726531466,0.9684327840123006
198,0.007190883047513082,0.019666278294182462,0.0027726202532696144,0.000654768049128906,0.9697154503559059
199,0.03489053709677799,0.03306908428775745,0.001959953740166197,0.001983922913904699,0.9280965019613937
200,0.02214348425152791,0.00879491158343637,0.0009451313574582318,0.0007334060646928448,0.9673830667428847
201,0.019955856498850677,0.0658263539823667,0.0022467489769101927,0.0013563162829192137,0.9106147242589532
202,0.017754872679549862,0.025455259684504968,0.0014436420347370119,0.0008515424209554306,0.9544946831802527
203,0.06396069800780485,0.13980275405073608,0.013723989667001085,0.0017004986112677558,0.7808120596631901
204,0.0057582575552925005,0.009540288241463036,0.0011875201265733437,0.0011754894944569377,0.9823384445822141
205,0.003917696987440534,0.009759428374005797,0.0016302204278312157,0.004448534352856503,0.980244119857866
206,0.01086954097472864,0.005443285708466165,0.0006350017254559803,0.003638948723194449,0.9794132228681547
207,0.04392846110898362,0.05828234895186843,0.005906435978489943,0.025109544735347922,0.86677320922531
208,0.0039510405925307,0.0033190754886978594,0.00038127242028064876,0.0054444157770727865,0.9869041957214181
209,0.006490656624120697,0.00320672912723156,2.94941450025956e-05,0.013691019342583183,0.9765821007610619
210,0.027161524777476364,0.00917203821707929,9.430157344288204e-06,0.020228375657745396,0.9434286311903546
211,0.027078844744734005,0.025989240068916848,2.647208157618159e-05,0.054592402279262084,0.8923130408255109
212,0.041539679031773434,0.023660784386422537,7.070952286609272e-06,0.05634824281865843,0.8784442228108591
213,0.1110322369514208,0.07928191704439735,2.106303999979362e-05,0.4127660299704764,0.3968987529937058
214,0.11482613426528003,0.05880183450830561,6.4843529725588675e-06,0.6292737096240165,0.1970918372494253
215,0.19950783026007562,0.06670148216329264,1.888558528142396e-05,0.30324373512088443,0.4305280668704659
216,0.15649803080191863,0.18772680688317603,1.605758411191797e-05,0.5148219348449421,0.14093716988585148
217,0.1789904694410901,0.0733155815814103,1.837560014008937e-05,0.6839952884531622,0.06368028492419738
218,0.18203346363046713,0.17924252527800322,4.556876007319649e-05,0.46906754732812156,0.16961089500333493
219,0.2223008314938133,0.12710562286610927,2.87841926876208e-05,0.5186977181318609,0.13186704331552895
220,0.09727889053964922,0.15691969797305771,0.00011098084788364937,0.7384829033556156,0.00720752728379374
221,0.08102540674989653,0.2753993079451906,0.0007131765381321658,0.634888274621138,0.007973834145642766
222,0.038498877389351364,0.18237854814386303,7.842745193817703e-05,0.7731519319410055,0.005892215073841862
223,0.029989603180478087,0.16400540012385942,0.0002770177781583305,0.8004468994358898,0.005281079481614442
224,0.025525787161011226,0.08542804113560369,0.00011067358296527278,0.8829069578468719,0.006028540273547896
225,0.023147566752906877,0.07210609322175648,0.0002656265984349505,0.9011413990969444,0.003339314329957462
226,0.027584768826661638,0.2090583228545566,0.00014618447573239168,0.7551269587009767,0.008083765142072574
227,0.041683344245484616,0.1396697390419662,0.00013426108662238659,0.8140515816955844,0.004461073930342215
228,0.03826605744758757,0.151008875479188,0.0003746925495512562,0.806748747217406,0.0036016273062670794
229,0.042785811136064326,0.08088687954130125,0.00028195686102009646,0.8710397273284721,0.0050056251331422365
230,0.040608985182546194,0.15081813203888314,0.0004747810529724697,0.8028727086545582,0.005225393071039905
231,0.021069882608724885,0.2891216087796552,0.0006346953987481738,0.682035977708843,0.007137835504028693
232,0.060319508621661286,0.28007460502574244,0.00027743538632699863,0.6510874789091349,0.00824097205713448
233,0.030129414767455318,0.2786460685376344,0.002060941980652032,0.6814890938000202,0.007674480914238009
234,0.02474807775764314,0.38215506475350225,0.0005544884797498215,0.5825553991043484,0.009986969904756279
235,0.055979740886144,0.26972222028542253,0.00011595003464730014,0.6668737902859535,0.007308298507832636
236,0.022003465113102437,0.5461516139850998,0.002467796049276876,0.4216262080441614,0.007750916808359428
237,0.030158229419875577,0.5200463941544522,0.0007074652873126299,0.4369972644433784,0.012090646694981336
238,0.01605595567892585,0.7133968434428102,0.0015677740567213792,0.261681296749692,0.007298130071850653
239,0.02893714770553208,0.32990772783029465,0.0003055646850148872,0.6335496405659023,0.00729991921325614
240,0.02070319843707497,0.5679675408278249,0.002441634366471162,0.40209451681789965,0.006793109550729311
241,0.027061055059715417,0.3218212534982546,0.00037461476834781826,0.6371783392169519,0.013564737456730253
242,0.027985525978168006,0.15590638599921172,0.00037041603415386874,0.8072459012295683,0.00849177075889818
243,0.046855161511772415,0.07601397369130745,3.742467800885317e-05,0.8128554540767803,0.06423798604213093
244,0.0313165565534773,0.12827207646809322,2.3675864935314837e-05,0.7933360350790908,0.04705165603440338
245,0.06057246167074421,0.07214202411464166,2.225547855686588e-05,0.7758467000508629,0.09141655868519442
246,0.043877635318490954,0.14753149158035933,5.504712138389668e-05,0.7686228809856862,0.03991294499407951
247,0.019598445763976298,0.028077994388175456,1.538633080675834e-05,0.890544610942122,0.061763562574919474
248,0.01661561559394422,0.020903243661751728,1.1167472274280474e-05,0.9458807723495002,0.016589200922529572
249,0.0386072382443398,0.07582653416214462,1.8672106754162907e-05,0.8652306692589249,0.020316886227836634
250,0.03624022854089526,0.15175674346282922,1.9898460194757513e-05,0.7166116603573425,0.09537146917873832
251,0.034567925905024846,0.07515527036745562,2.2857433607470498e-05,0.8556528994526439,0.03460104684126797
252,0.020989459553774757,0.02553360065163812,1.1816115822949012e-05,0.9268692047587233,0.026595918920040856
253,0.022992206503682226,0.10802404395982713,6.070561126290953e-05,0.7558941714767244,0.11302887244850333
254,0.03873311476897595,0.0693577363199905,1.1666189091426078e-05,0.7917142783360914,0.10018320438585088
255,0.09417679714831116,0.23477133530203045,6.969618298860936e-05,0.6010768237815903,0.06990534758507941
256,0.04002323579035827,0.09481272026233978,1.612367056980409e-05,0.8358150337505222,0.0293328865262099
257,0.062273383218914714,0.2074558921780941,5.001600749492638e-05,0.6889292405264819,0.04129146806901433
258,0.040573282049494175,0.1451401748584053,4.4740634795642967e-05,0.7360880931945186,0.07815370926278623
259,0.07244625221882847,0.33624484833815754,0.000168724834635096,0.5061415203471779,0.08499865426120101
260,0.027321216291376026,0.1648406166457538,0.0001406094697148399,0.7523050953168111,0.05539246227634423
261,0.03284934307915792,0.09935973149392373,4.982902295172297e-05,0.5880808068016108,0.2796602896023559
262,0.04068848975506176,0.04564816188709759,5.927439314195137e-06,0.8245398333648771,0.0891175875536492
263,0.06149376422352966,0.14737076999725973,5.740530347358756e-05,0.7464659743269632,0.044612086148773815
264,0.10222948436358327,0.18327692377234925,2.387190206962056e-05,0.6841820810710081,0.030287638890989715
265,0.11584549134093407,0.33794952943288736,6.480287235896621e-05,0.5180060214008296,0.028134154952990074
266,0.05815111545239424,0.18277399551458795,0.0001288342436607197,0.680499436778565,0.07844661801079217
267,0.13823004699031768,0.3410474134501469,0.0003145063604684667,0.5042246325884251,0.01618340061064202
268,0.1058079540210024,0.36324494376070465,0.002001192591915843,0.5181445877215113,0.01080132190486584
269,0.04951079117725143,0.2617641747650444,0.001454104001279203,0.674261453350815,0.01300947670561
270,0.02351591468695308,0.09322659106938823,0.00020472935711922336,0.8737462345128554,0.009306530373684051
271,0.021354420752084772,0.30344671585209537,0.0006269886114735334,0.6714643317959024,0.0031075429884439487
272,0.03812898113326033,0.46878569441016243,0.0005925802243271845,0.48265393630767633,0.009838807924573974
273,0.03197022874369584,0.1573719370693309,0.0003814375868825118,0.8037367704144728,0.006539626185618055
274,0.028660800339273127,0.3979708929260416,0.0010614959603306242,0.562652974849599,0.009653835924755667
275,0.034986707976369276,0.23815252285296756,0.0005933946547362052,0.720601704882186,0.0056656696337408965
276,0.038425598560538676,0.19831372244717402,0.0011020178643150363,0.7552884691813389,0.0068701919466334135
277,0.04543180373734493,0.410995901178908,0.008247532472599007,0.5199434327612585,0.015381329849889432
278,0.06730431975660903,0.3003545292457009,0.004383518163073157,0.6227779250980419,0.005179707736575211
279,0.049538881845764604,0.3587428176258709,0.025064063115054845,0.5631869794817513,0.0034672579315584264
280,0.020822981444986056,0.22394124763691792,0.04590973188290479,0.7077038334105423,0.001622205624648967
281,0.018153761864646935,0.46872679639879794,0.025974396711138742,0.4856210488773642,0.0015239961480521685
282,0.009426864341156905,0.471059527066237,0.025737863927975304,0.49145032242999304,0.002325422234637767
283,0.04778433644087542,0.24803742435618803,0.07739770877750354,0.6254473243180966,0.001333206107336441
284,0.012224590829135455,0.33399974780113867,0.025177682525113425,0.627040136239395,0.0015578426052174244
285,0.012791337998902854,0.7109618306248261,0.01826131331558954,0.2517075806870573,0.006277937373624168
286,0.017603378123363534,0.4816911678027962,0.006011218506279744,0.49167417261773333,0.003020062949827209
287,0.025578525786496154,0.5969999483949582,0.02593075339046447,0.3483365008312794,0.003154271596801647
288,0.02635534176682686,0.6695273490589378,0.06945313646203613,0.23014762123225907,0.0045165514799399755
289,0.020529442968054774,0.4343336703412133,0.005504270690787134,0.533696116423706,0.005936499576238971
290,0.017315891582153613,0.5209051974345686,0.003683026399466803,0.4546919580253322,0.003403926558478611
291,0.021211428223220818,0.5398931936493853,0.03312343532053633,0.4027369675724013,0.0030349752344563004
292,0.03126131490321911,0.40749357043092677,0.009947476269822916,0.5464130604878588,0.004884577908172438
293,0.019956384778510694,0.39723752509205673,0.03233231949732792,0.547702046398658,0.0027717242334466727
294,0.016354802181376932,0.3835921219863075,0.043234071088114355,0.5535933345384033,0.0032256702057979663
295,0.015861434301876715,0.7577275797728236,0.06953520658309913,0.15369086593165945,0.003184913410541073
296,0.03971489910424112,0.6534895038227838,0.03560956815736717,0.26697605605618596,0.0042099728594219895
297,0.01866056491455811,0.686093299878334,0.049628718468963495,0.24159723043015474,0.004020186307989653
298,0.035131797428180775,0.43998711251347233,0.2927072382375271,0.22428157727541026,0.007892274545409621
299,0.02823868767717381,0.6529549703622284,0.139176834425344,0.17580943409614264,0.0038200734391111843
300,0.03987155570081132,0.4262771867066923,0.225076176233219,0.3031676527975384,0.005607428561738849
301,0.02244182346272099,0.43001095509977366,0.342331649992275,0.2012494036250457,0.003966167820184702
302,0.0411582306810334,0.428322673519283,0.3019498777618214,0.2253551684045234,0.0032140496333387413
303,0.022300144561456098,0.6478459181337782,0.16958719342397893,0.15579132743637236,0.0044754164444142635
304,0.020055642984411974,0.7863985831505785,0.0084739384484137,0.17049867966087925,0.014573155755716577
305,0.014471410054438895,0.7155758466594186,0.08786797161441362,0.1791594989337774,0.002925272737951533
306,0.013618015873661515,0.7519009116256912,0.06810679336550113,0.15080836705918765,0.01556591207595862
307,0.013975065699597153,0.7549838329407436,0.002516808345002954,0.21780479383579576,0.01071949917886053
308,0.019941020101974377,0.7536950006556005,0.04474640328264571,0.175317671997866,0.006299903961913353
309,0.013029224607864098,0.7944049046049795,0.08741522207045767,0.09773417314109159,0.0074164755756072
310,0.06164447090651536,0.7156101976261166,0.05017979765978914,0.16343387874485496,0.009131655062724064
311,0.015872609558900352,0.8497188635286901,0.062452223511534295,0.06454110765093725,0.007415195749937977
312,0.14265036473127926,0.6011647094623827,0.18556183796700207,0.06305245611113836,0.007570631728197545
313,0.20847601156247833,0.5613746921290421,0.15970951653516907,0.06281675357063601,0.0076230262026745505
314,0.10211174102450453,0.47874925930308027,0.3588750172171957,0.05440821156187353,0.005855770893345933
315,0.03227465847934333,0.710787325598082,0.16649862607424562,0.06931380452843584,0.02112558531989308
316,0.17739389481023987,0.5528347553483873,0.03438126563257872,0.018556737789282445,0.21683334641951166
317,0.08913518094515571,0.8158656249459065,0.04922072388854822,0.030006832615582072,0.01577163760480721
318,0.13114417794581948,0.7430391573431583,0.09817327775782712,0.01419163406379525,0.013451752889399747
319,0.060797075674634764,0.8672710827200332,0.04124134810087582,0.022364034463165924,0.00832645904129062
320,0.16550458706242813,0.6339725577106816,0.08895321951552293,0.0995020951756321,0.012067540535735282
321,0.1374505978456183,0.6874949123220903,0.04859036347557566,0.10570755944353644,0.02075656691317915
322,0.05099561539456395,0.7358656833401633,0.12713229581728328,0.07241367333895384,0.01359273210903553
323,0.05664008461880026,0.7653861608375709,0.09492805995502872,0.06727588717212522,0.015769807416474897
324,0.0737457824112906,0.655889187301774,0.1731220275808233,0.09230030616431464,0.0049426965417976336
325,0.06853891245258502,0.6311450378816488,0.22106743902615847,0.07491144819876683,0.004337162440840979
326,0.012635673667000535,0.8282123859044755,0.13122062191732445,0.024812781397785356,0.0031185371134139573
327,0.04479237317210929,0.6944922741725936,0.15953354604171271,0.09561108062191773,0.005570725991666529
328,0.018996478601243337,0.8365383223251617,0.0903626348333151,0.037185914264368826,0.01691664997591108
329,0.12696242036959107,0.6848886383208797,0.07229287855715043,0.10856826849621057,0.00728779425616847
330,0.03547769447329033,0.6312944417292874,0.2512106679322284,0.07002557305506259,0.011991622810131336
331,0.07495845164167096,0.6412062593789513,0.23075878773812442,0.04806752914472123,0.005008972096531962
332,0.06805444104941107,0.7159500174787163,0.15416587378661017,0.054023589798748585,0.0078060778865139385
333,0.034791446157211206,0.7250174373491298,0.20166590506410723,0.03040439343677864,0.008120817992773177
334,0.18028081481391545,0.5198114561077524,0.2195293034525712,0.06347798813996058,0.01690043748580034
335,0.03637291375980057,0.41902096515108034,0.5205114645451038,0.016997635300026542,0.007097021243988719
336,0.04280439928911661,0.4171622529303438,0.5078219729319413,0.02472684090940333,0.007484533939194868
337,0.02219576876092896,0.48939256225942096,0.47713494052901073,0.006013676271453359,0.005263052179186046
338,0.01675439991169579,0.21888165367172246,0.7497089705375073,0.012060990104245842,0.0025939857748284675
339,0.06818954801107258,0.2738573926627248,0.6128377487200728,0.03137501451408973,0.013740296092040168
340,0.06123678651550085,0.2730784994715046,0.6400196762227631,0.018838849443684465,0.0068261883465470154
341,0.02610953413779033,0.2671771225707617,0.6839347014613166,0.014366245596023874,0.00841239623410752
342,0.022338280225877447,0.24444014414483267,0.7216375313043902,0.006577955669722167,0.005006088655177406
343,0.023588908974037558,0.21862307891657642,0.7303646017526071,0.01803977216158364,0.009383638195195304
344,0.013975465694996286,0.4236855457821714,0.5484730799608746,0.004989662710446555,0.008876245851511238
345,0.03760436368819395,0.363981086008878,0.573453975537029,0.020578359472826727,0.004382215293072294
346,0.02304205325570952,0.267062892141282,0.6759439305798708,0.024946303573268935,0.009004820449868814
347,0.1087727362447974,0.28632997842071617,0.547119120187827,0.04527683411272283,0.012501331033936539
348,0.03535391273312246,0.27765199872006063,0.653727454994346,0.026100024380966924,0.0071666091715039135
349,0.03221304384977342,0.3340785792427692,0.5982379576429131,0.020989034587472147,0.014481384677072169
350,0.0557290442073044,0.4767623521454163,0.4245789294175348,0.01565018770139303,0.02727948652835158
351,0.05656734628172152,0.4885228941514507,0.4406262297948197,0.008559501930277805,0.005724027841730388
352,0.035487503050345426,0.34832098859375166,0.5991882975951865,0.011280516001269903,0.005722694759446499
353,0.0820270385891917,0.3743390404390518,0.49745384546682664,0.03419643324439327,0.011983642260536668
354,0.06666723533882388,0.27578497827532805,0.6421807010316828,0.004958982772358138,0.010408102581807042
355,0.040829224096174684,0.17504523553667534,0.7624940293767387,0.01473425053852472,0.006897260451886384
356,0.03386874167101394,0.10782589959098947,0.8357945208673134,0.012252164949413998,0.010258672921269061
357,0.05907911190262079,0.17458577608628378,0.7482390066856067,0.0071969208894134,0.010899184436075368
358,0.027844233486939485,0.09912851400481902,0.8594125692389235,0.007447534576503643,0.00616714869281442
359,0.07198499688496916,0.3186265593880422,0.5966527988885492,0.0047636914056924055,0.007971953432747168
360,0.08642171419768897,0.17876378947544863,0.7030405689048398,0.018834278653949894,0.012939648768072834
361,0.04992464900445482,0.22078904715935205,0.7164151958096786,0.006036489724653382,0.006834618301861138
362,0.07018901784119416,0.2725760973240993,0.644950852174831,0.0038913882276498057,0.008392644432225751
363,0.015853708348363103,0.14568633154075897,0.8312614825994838,0.003723059225626967,0.0034754182857671258
364,0.04388528442225734,0.18283174436068184,0.756483898185715,0.01034784887465553,0.00645122415669025
365,0.012434379490364317,0.5330089006386246,0.4413559176038168,0.0011326173705324164,0.012068184896661728
366,0.08642132055787469,0.4516769028503737,0.44700351813589784,0.004153944634764576,0.010744313821089247
367,0.04871106400956008,0.14540445293552423,0.7728978481394465,0.019320423171067358,0.013666211744401932
368,0.06698364720926843,0.22371170429642293,0.6803733470666299,0.016858459547685677,0.012072841879993076
369,0.04689372419698425,0.18192659696333383,0.7322733571406527,0.02130660144870317,0.017599720250326075
370,0.02542623547067593,0.1298585553860295,0.8062950018807481,0.018141262291689567,0.020278944970856857
371,0.019182337194305368,0.0985971004402206,0.8679018482989895,0.003687826281049847,0.010630887785434641
372,0.03875288121149476,0.11336663106096435,0.8166378068634362,0.012140090563463126,0.019102590300641493
373,0.10269419178864342,0.2087780580580654,0.6737837170299281,0.0036810560716388574,0.011062977051724229
374,0.08161682717670404,0.1860225809164916,0.6709665293426063,0.02703678476108366,0.034357277803114566
375,0.027433175098940343,0.20942211319297205,0.7481219738065829,0.003327833406460395,0.011694904495044327
376,0.10014745778601401,0.37245407848395856,0.45574430125519766,0.02731930120411133,0.04433486127071856
377,0.01255480650892006,0.12077832211942435,0.8497934185601546,0.005088244880951676,0.011785207930549262
378,0.16783718539751533,0.6026123121173176,0.08172037091156732,0.006457740766351844,0.14137239080724784
