epoch,N1,N2,N3,R,W
0,0.0037393619348505664,0.0010574289585099633,1.7120224378774887e-05,0.0005531151379487834,0.994632973744312
1,0.00630025540277554,0.0015015988414465266,1.1053636384570858e-05,0.000544205117497412,0.9916428870018961
2,0.02354690744826279,0.0014285422855500685,7.108511784618446e-06,0.000639858125851648,0.9743775836285508
3,0.2610092666922253,0.004955445774575358,2.9351362795390264e-05,0.0013851692579539992,0.73262076691245
4,0.008748965751448954,0.0004732770144537791,4.236403431561857e-06,0.0003534141136491397,0.9904201067170165
5,0.21642570950614004,0.0018869483274558385,6.226827101611936e-06,0.0007855623613176139,0.780895552977985
6,0.08629914561239808,0.004882289848041294,3.212990942970468e-05,0.001420452265429653,0.9073659823647013
7,0.15831694826318968,0.005549107783805564,1.5278614889627525e-05,0.0028583749654297486,0.8332602903726855
8,0.08172248147210635,0.00602964736055748,1.3074814752238208e-05,0.008413354730093636,0.9038214416224902
9,0.07029201337483855,0.016087682161815237,0.00019634973417138066,0.00934031525373324,0.9040836394754417
10,0.14868246301586968,0.0140775265004147,4.2557948246422795e-05,0.028760401569788367,0.8084370509656809
11,0.007672164315942498,0.0031282200377113034,5.8249113104039126e-05,0.0009940979750320206,0.9881472685582101
12,0.015865749571345435,0.004545499587532777,1.2832263299481693e-05,0.0034524899033433476,0.976123428674479
13,0.5294212722795246,0.00942140746586917,2.241085374924909e-05,0.004946227858272847,0.45618868154258413
14,0.7174615876635743,0.014602244312935046,4.526372981165632e-05,0.012178832464156629,0.2557120718295224
15,0.38286771670273956,0.04143347535240571,9.86949000988843e-05,0.18907313200379747,0.3865269810409584
16,0.16917323983372232,0.06786394188874265,0.00014451395670303798,0.20644620585603246,0.5563720984647995
17,0.15582653005483468,0.0760249680572144,0.00014389135914382578,0.43257562758246276,0.3354289829463442
18,0.2532864921360379,0.0471627437290341,0.00022927599017062605,0.17509067719324795,0.5242308109515095
19,0.39171223210869893,0.030384223640361252,0.00017983821983576383,0.2664875860084899,0.31123612002261414
20,0.2844570367846475,0.0743592705287789,0.00021393333744932383,0.3368421767336842,0.30412758261543993
21,0.22034887651945878,0.03569595805390459,0.00019517222110332575,0.37548488926327084,0.36827510394226254
22,0.13094725132616716,0.040806703478808416,0.0001293734677133094,0.13993647103895987,0.6881802006883513
23,0.18685564047017117,0.030076738359458705,0.0001564927512147946,0.19354888372994783,0.5893622446892075
24,0.1248610406878786,0.01067930244839974,3.22925649609052e-05,0.03721537139812592,0.8272119929006349
25,0.20469038069622678,0.012137794597485582,5.471797310629541e-05,0.026641669440526716,0.7564754372926547
26,0.1962850383362056,0.01020632130897827,8.617161474611538e-06,0.022873514855882383,0.7706265083374592
27,0.08455446228110942,0.010102112628123787,1.324713483459575e-05,0.007976548198186478,0.8973536297577457
28,0.29814246000326744,0.010228604192902847,2.3434733535769435e-05,0.016193135370496957,0.675412365699797
29,0.3876862982766097,0.008162294465224283,3.0188074946115563e-05,0.009329569267806547,0.5947916499154133
30,0.39458892895471365,0.04910139225094972,0.00016095301818246186,0.08058117432210489,0.4755675514540493
31,0.07393892004220651,0.01648532145203065,3.1984243108008724e-05,0.02489613221730145,0.8846476420453534
32,0.2805247184423379,0.07618217076992677,0.00021482166744946115,0.2286122764066251,0.41446601271366074
33,0.10857385010659105,0.046684378272967966,6.769838062963675e-05,0.14857623403066414,0.6960978392091471
34,0.23076629839791943,0.029317561152163538,8.063677415249382e-05,0.1666380467461932,0.5731974569295714
35,0.20104251983766833,0.05876757457665641,0.00024167432676102835,0.2007416518936842,0.53920657936523
36,0.27764487138859123,0.0501575405849918,0.0003208168274049194,0.12608516460994248,0.5457916065890697
37,0.09286634630349391,0.006319235770300269,5.567214123153424e-05,0.008617880590174327,0.8921408651947998
38,0.34104796978442187,0.046948103873464465,7.371169229615343e-05,0.11247358600881034,0.49945662864100726
39,0.2643447317109732,0.01839612480803904,5.123943713605585e-05,0.025353889157733737,0.6918540148861179
40,0.40762171325396745,0.03390639959611549,0.00011436501486697617,0.08265866566017534,0.4756988564748748
41,0.21992398673915634,0.020696284851760165,8.396287607216907e-05,0.042264774437045564,0.7170309910959657
42,0.13078259187795094,0.020689603021798782,4.76302321653053e-05,0.016591599908475224,0.8318885749596098
43,0.14952821301199073,0.009345995522593534,3.798867476269045e-05,0.010258005077392506,0.8308297977132605
44,0.1516967492888993,0.005214878347910696,4.111337350621861e-05,0.004570591183177018,0.8384766678065068
45,0.2750752409391252,0.00652379700266211,5.4902088382663435e-05,0.008333185135197709,0.7100128748346324
46,0.4706328163263285,0.023664721538149133,8.722608223590867e-05,0.014925545325068387,0.49068969072821816
47,0.42334784239426687,0.01821185597714091,8.372322604038053e-05,0.009615337905534305,0.5487412404970174
48,0.5941691948327076,0.050556141946536994,0.00010317606323983705,0.0503700322979706,0.30480145485954496
49,0.3797125756368394,0.02375992803280738,7.605050288853078e-05,0.04558973375515554,0.550861712072309
50,0.4881211741987185,0.14710470274790213,0.00016182391193331016,0.06753908020519817,0.29707321893624783
51,0.24782400952078834,0.5607181907837926,0.0016587642719353946,0.037930563355049504,0.15186847206843418
52,0.1921618393712351,0.6808844698769523,0.002429188003445085,0.024022195403704694,0.10050230734466284
53,0.23733026762358647,0.5610919392480663,0.0019864835710883613,0.09055438599230964,0.10903692356494935
54,0.15387148754671456,0.3687814965539135,0.0007725357053967435,0.41698749436799903,0.05958698582597625
55,0.16494226412895935,0.6572197468730886,0.001466902096343134,0.15090474322734354,0.025466343674265347
56,0.03146109338660446,0.8933611055454898,0.0521128962960186,0.010065689559917636,0.012999215211969398
57,0.20865279025775546,0.7129135484999245,0.0026296201528862063,0.04923278539601434,0.02657125569341939
58,0.05438619388261311,0.876712850822198,0.04225295263008551,0.01239859424176095,0.014249408423342404
59,0.05301411386389641,0.9254739747721231,0.008791295399511238,0.002785767987732717,0.009934847976736326
60,0.02927679786192979,0.9222376053298669,0.04225025164281859,0.0014281458558345387,0.004807199309550467
61,0.021510091644055103,0.8885021108645182,0.0810462690729156,0.0013205938950516887,0.007620934523459219
62,0.029064643119861275,0.875186869946881,0.08903402827984143,0.0009747699040331029,0.005739688749383108
63,0.008306467716255731,0.7384610667592065,0.24886579863573544,0.00042537650264524003,0.00394129038615692
64,0.010234790204179984,0.703701044538862,0.2811487593350785,0.0006910458152199238,0.004224360106659635
65,0.014060708427009759,0.8783227444229954,0.10339340937036905,0.0005268504208854809,0.0036962873587403746
66,0.004312509562696722,0.5683021564459442,0.4232011444199881,0.0001976395828377008,0.003986549988533296
67,0.007547154007579473,0.7892322616691271,0.19766009399457893,0.00029499312402295056,0.00526549720469166
68,0.009203906354557366,0.7938678244949837,0.192835785494529,0.0002000201356548289,0.0038924635202750336
69,0.0056932331617000065,0.4187745466432284,0.5729754092617426,0.00011560329811833789,0.002441207635210794
70,0.0019305435102554072,0.3625604248219071,0.6325898731632479,6.751850486436349e-05,0.002851639999725318
71,0.005563906045082581,0.48632937373562235,0.5040139883400107,0.00018257505767543063,0.003910156821609005
72,0.00229845778122901,0.3330910324663845,0.6539842867767113,9.59839299414757e-05,0.01053023904573363
73,0.0036948680980729543,0.2846576929198643,0.7078445992664065,9.348504963140417e-05,0.0037093546660247334
74,0.004567243875368862,0.24910618525323502,0.7414987994257388,7.54798563120183e-05,0.004752291589345307
75,0.0012113700248484135,0.1319958139086631,0.8621719630322896,3.911893068068047e-05,0.004581734103518294
76,0.0017260136485163574,0.15237370793105012,0.8419508810265269,0.0001358417374228434,0.00381355565648387
77,0.00034847121497380817,0.0915218195460134,0.9065737562909685,3.095244551588902e-05,0.0015250005025282364
78,0.0008360825123731512,0.11477899719501282,0.881193131342544,3.94239613200294e-05,0.0031523649887499837
79,0.00020795012803056958,0.059173654771924884,0.9397668118726071,1.0404102441424303e-05,0.0008411791249962219
80,0.0006279976357950655,0.10124470885431558,0.8963489572329374,3.0161028996106726e-05,0.0017481752479558417
81,0.0012535203972954883,0.1275294800694953,0.8695163426752883,4.8156852359494784e-05,0.001652500005561274
82,0.000240143291484587,0.0705774042162822,0.9269538470432617,1.4702923783277124e-05,0.002213902525188429
83,0.0004258217307769721,0.04203419419737744,0.9564588268286168,1.915907691885763e-05,0.0010619981663101152
84,0.0003129509961520721,0.045569823745363655,0.9533407434518502,1.706221987953859e-05,0.0007594195867544581
85,0.00024093100114174466,0.04299748737405767,0.9559525556872308,1.489147679473438e-05,0.000794134460775103
86,0.0007872466295731471,0.09873577672314303,0.8980791898554648,3.7838831046225846e-05,0.0023599479607729905
87,0.00024234232956744288,0.04201537977875929,0.9565556425145894,1.5907921637287767e-05,0.0011707274554464612
88,0.00022083823836616635,0.04986378903348768,0.9486409586569676,2.963947382777447e-05,0.0012447745973509026
89,0.00021883094514537024,0.03250973911645643,0.965010750724286,3.926812172328124e-05,0.002221411092388923
90,0.0004897205574289592,0.04247812934019196,0.9530788187412995,0.00011169899048928056,0.003841632370590204
91,0.0002853642715570957,0.038464412155455256,0.9587391325469776,8.42524946294921e-05,0.002426838531380564
92,0.00965372796692389,0.1674020948836582,0.5201917100763837,0.0023791337440201036,0.30037333332901417
93,0.14729448481186602,0.38086674707151574,0.19252566831057358,0.005902138127532855,0.2734109616785118
94,0.13322400147820004,0.6840680623614256,0.11837153786288547,0.000987592335308432,0.06334880596218027
95,0.1799291444902393,0.7822166421160066,0.01377956992820092,0.002320793738108094,0.021753849727444995
96,0.05482467700407137,0.8206621880532281,0.10599741881769617,0.00034568706897929066,0.01817002905602515
97,0.0709444580881605,0.8934177951271102,0.013072339664444033,0.007072709073133642,0.015492698047152014
98,0.017120810740647564,0.8446720180979734,0.10927188769368547,0.0014979247154799347,0.02743735875221372
99,0.13027558898950317,0.8184108422371207,0.024697457205578234,0.005669868959512662,0.020946242608285304
100,0.02557137890742183,0.9160531270706382,0.05074204303895481,0.0028369997167129843,0.00479645126627213
101,0.026581678980562837,0.817845114858836,0.14946010660724798,0.0021387566819230015,0.003974342871430158
102,0.051777619628721676,0.9241170151577824,0.010681609308247674,0.009472778353216004,0.003950977552032233
103,0.050298967495315705,0.7888532241265254,0.10796488145649194,0.005648637140163818,0.047234289781503236
104,0.0823536910179712,0.8786995658167921,0.02403520260846657,0.009622616831834206,0.005288923724935871
105,0.1473596893112618,0.7833382064450738,0.058081611029091075,0.002167524064834616,0.009052969149738889
106,0.007957408422626357,0.6622948002733104,0.32264321613389085,0.0015273169736003762,0.005577258196572031
107,0.04917117099005305,0.8704956962307184,0.0696935905452015,0.004876491143031289,0.005763051090995761
108,0.01578794998487024,0.8185713956362863,0.15565207699222647,0.002471392307276719,0.007517185079340128
109,0.015039157330660077,0.8953254917490392,0.08069220500767027,0.004896145703708883,0.004047000208921523
110,0.0358564220777382,0.8451831474258029,0.08771049181459861,0.0021122226858290836,0.029137715996031082
111,0.010640449721155474,0.7037417266005964,0.27954178915327377,0.0011341864538604392,0.004941848071113779
112,0.009731149361012178,0.5604131960370404,0.3817379034504133,0.0007825939342440186,0.047335157217290015
113,0.001523568068864557,0.10352461601961761,0.89222009352813,0.00010004096380128377,0.0026316814195865043
114,0.024657505426843754,0.7699744873419173,0.1937054659909405,0.0019476681341082788,0.009714873106190304
115,0.0032145267741842823,0.3846365158165584,0.601231436905809,0.00038828448582898373,0.01052923601761937
116,0.008934028977804744,0.763158937332897,0.21877855777167582,0.00144153452144938,0.007686941396173158
117,0.06201897486227425,0.3015684225575158,0.09317105488557043,0.0010328952350689882,0.5422086524595705
118,0.06433331847250627,0.6867432971249879,0.23027069097701292,0.0012697981075707224,0.017382895317921983
119,0.007719430570838142,0.3082640241293101,0.665010106126937,0.0008311887712753538,0.018175250401639476
120,0.3131216816698272,0.4804958719937122,0.17758036369062277,0.0025650546468421924,0.026237027998995865
121,0.026888200910283752,0.7258260170502999,0.18943190674611438,0.0019192617949075562,0.05593461349839429
122,0.004310747894131068,0.2110380925745449,0.777953039630144,0.00045948208707039407,0.006238637814109573
123,0.015034719602549537,0.5642056183539225,0.40899214116425414,0.0011339980325875032,0.010633522846686283
124,0.004032435774157852,0.1898620163050827,0.799054115302477,0.00031639102370078527,0.0067350415945815634
125,0.002301471363550338,0.27202311079959207,0.7163695960146002,0.00045732659125657677,0.0088484952310009
126,0.22072768175701643,0.3047433644395626,0.41461942988676237,0.0009991600655984887,0.05891036385106007
127,0.008614850337864273,0.15093438222342379,0.8316778019272262,0.0009427975186729868,0.007830167992812786
128,0.3878541713220175,0.12076269462534843,0.03878749077486662,0.0025822034139206924,0.4500134398638468
129,0.16234745148865107,0.6875212413654316,0.0989592689590547,0.002863356257872679,0.04830868192899014
130,0.6055659702871087,0.20645128440531135,0.04158476988350368,0.0011938072168973266,0.14520416820717902
131,0.14833785190612223,0.8131665685100622,0.016918043156200515,0.0038727911688018726,0.0177047452588133
132,0.029685622170509924,0.3996373681084072,0.5384632841508422,0.0011248681298945112,0.031088857440346215
133,0.0108131217771636,0.7735479949557169,0.20203937655778187,0.000996053249841126,0.0126034534594963
134,0.004705623276061851,0.3962502530948478,0.588460161154395,0.0006239027266908819,0.009960059748004573
135,0.01970344813968269,0.4631176964051785,0.4907560111880547,0.0008486141919382662,0.025574230075145647
136,0.004898560619843992,0.3074050562159316,0.6781731220576226,0.0007140980692436405,0.008809163037358101
137,0.0017914200810128403,0.1714851591384865,0.81436963173456,0.0005826121862172137,0.011771176859723249
138,0.0035323752320913925,0.2169769230769583,0.7683121185174268,0.0010982929203740728,0.010080290253149594
139,0.3989914185565479,0.28857474228683605,0.2735061023088094,0.005034852106076062,0.03389288474173061
140,0.005915681950954307,0.28265203782522963,0.6642061083659108,0.002170918969221382,0.04505525288868383
141,0.06854474544764061,0.46512302448867543,0.33906535247472736,0.016177389848568185,0.11108948774038845
142,0.32762432111593337,0.11333504368216783,0.030623356252527514,0.0015813683856814188,0.5268359105636898
143,0.010462254953788813,0.013903088304836768,0.001901313025603792,0.001842907038871446,0.9718904366768992
144,0.01324849426582284,0.010985311761092948,0.00031598315143976024,0.0009710984241650425,0.9744791123974793
145,0.533157458114562,0.1307428608888306,0.00020124091878874213,0.009379695078332419,0.32651874499948613
146,0.4005027705449955,0.14330851593165622,0.0005634746790811046,0.001221047993082495,0.4544041908511848
147,0.12359939649896128,0.826262088227654,0.037600153830958695,0.0022001277266091644,0.010338233715817007
148,0.14528361515984067,0.8279443880878378,0.0033983929161595042,0.007290650204667186,0.016082953631494857
149,0.013608167456733893,0.8716415003054608,0.10799296351386078,0.003648465554903272,0.0031089031690410777
150,0.012057720213225369,0.9149060157345591,0.05308380753227879,0.014288143401481448,0.0056643131184552055
151,0.03891260702513968,0.9220413883104863,0.018924849162981473,0.01500619331835286,0.005114962183039682
152,0.0070526169289951025,0.8637499771310864,0.12422778171429902,0.0030539503855887278,0.0019156738400307471
153,0.012819924706855392,0.9431203296223013,0.03871040313973477,0.0027235483132620076,0.002625794217846451
154,0.005006254302884801,0.6003180859630051,0.3902718940996993,0.001682266003938902,0.002721499630472048
155,0.10497886041566282,0.8592493565409718,0.008654598092564879,0.020029793651646935,0.007087391299153497
156,0.006044877819125501,0.6243668783735583,0.3655294716379591,0.0014927482182020369,0.0025660239511549605
157,0.036700648388686745,0.9458598721792016,0.005449437836666467,0.0071827359199467455,0.0048073056754983235
158,0.35534062356204316,0.4514266955707024,0.02110352227549939,0.005978685569294634,0.16615047302246033
159,0.2200565259904765,0.7313371730328035,0.01295388002721818,0.01288430391399467,0.02276811703550698
160,0.08632715359747116,0.8183108243868187,0.046028920738239214,0.00529197279823127,0.044041128479239626
161,0.11424661126885073,0.7351295987250182,0.10862063691121125,0.005040204122216615,0.036962948972703406
162,0.02164359097982417,0.8474529662801414,0.10969701355405163,0.0017738878919373357,0.019432541294045334
163,0.13342576497331265,0.7673120861067578,0.06062857382555306,0.009557138181591585,0.02907643691278492
164,0.06191443067127597,0.7691730986285048,0.14370525562160935,0.002786990872307069,0.02242022420630262
165,0.554376453385115,0.31686362155179765,0.027864137306959955,0.00520125738466316,0.09569453037146414
166,0.41478776673213547,0.5390233133088407,0.01807475747922308,0.010995969502023879,0.01711819297777672
167,0.22218597055021336,0.7284917192634671,0.02752167825229434,0.002663465798011299,0.019137166136013784
168,0.008928500894993996,0.5518223936890538,0.4250072936464684,0.001348745273806693,0.012893066495677126
169,0.33702437655694856,0.552510741458808,0.05243652556768506,0.003105460669332952,0.05492289574722535
170,0.007200789257098612,0.459187427678483,0.5249073523416096,0.0015736574088819491,0.007130773313926989
171,0.005830746922917838,0.41860347141941223,0.5666571275766347,0.0006473170226785988,0.008261337058356657
172,0.004092030606240231,0.17885460315428053,0.8127598520759499,0.0007975735139123248,0.0034959406496170645
173,0.20090747809681161,0.46978870808212586,0.23442538072022043,0.006928051852072107,0.08795038124876997
174,0.0283150381346405,0.8106822462547678,0.14502188047190703,0.002686913318607025,0.01329392182007787
175,0.011462240891604795,0.46669236116718243,0.5129102110018013,0.0017094902235784799,0.007225696715833081
176,0.010753557370737219,0.7324591773190109,0.24659464375307627,0.0015088712994273373,0.008683750257748438
177,0.005372579479964236,0.5756152378388466,0.4155967558327779,0.0012998017498464258,0.0021156250985647565
178,0.010596354720724852,0.8179038457263524,0.16575904858809315,0.002998137620687536,0.002742613344142022
179,0.004352509704339032,0.6364045647371153,0.356249775331128,0.0009994754216299342,0.00199367480578772
180,0.0031207799271826017,0.6046095563746705,0.3892669972158118,0.0011339065059360698,0.0018687599763991434
181,0.014623811816552975,0.5178354503133594,0.4567787808427784,0.002060379987490055,0.008701577039819056
182,0.013642021341070966,0.6063725910213814,0.3706952897426846,0.002171362074038405,0.007118735820824523
183,0.044209372248562105,0.6483943019186389,0.2628274718947363,0.005630181774302854,0.0389386721637599
184,0.008949021728166332,0.5741165956690387,0.406034015276813,0.0021181815035658663,0.008782185822415892
185,0.004622105054719485,0.4517258918229692,0.5380925295802432,0.0007233378212144529,0.0048361357208536035
186,0.005752308848981744,0.4373539576437093,0.5458209000247404,0.0011853036650483553,0.00988752981752028
187,0.09965016892725011,0.457291373320931,0.398294789406573,0.003158512445837453,0.04160515589940852
188,0.0027375535254591725,0.258933822891631,0.7288972628403033,0.0005512089590262814,0.008880151783580204
189,0.06638818543369898,0.5543712598847002,0.29830951186223176,0.002622701559600428,0.07830834125976867
190,0.012665090732293594,0.4402423599121661,0.5113579816159788,0.0019121209532872291,0.03382244678627428
191,0.6643272315397554,0.1328417327800972,0.11159385563474096,0.0033510955338550926,0.08788608451155144
192,0.008332249392463423,0.4297577645977027,0.5415701082131843,0.001097968339040721,0.019241909457608907
193,0.04309579257968741,0.6382519423274324,0.15955767955612615,0.005061342763492964,0.15403324277326114
194,0.6707256504970414,0.21355219731030275,0.02558777873871405,0.002367022028968764,0.08776735142497313
195,0.034264784747564545,0.5506057514014921,0.3410198641984946,0.0036144560091158884,0.07049514364333283
196,0.2748711673735669,0.22571098287810878,0.16777863132040663,0.007785382140646122,0.3238538362872714
197,0.02085989834285569,0.3281392570944784,0.6030959794978082,0.002298922904769004,0.0456059421600886
198,0.013282231080763804,0.33738291159085365,0.5730702196094135,0.0018974712705835059,0.07436716644838566
199,0.10749513397117534,0.6077975998757281,0.12847625862201412,0.0031742467528324356,0.1530567607782499
200,0.06340979001079569,0.46345360689227527,0.23274649826008906,0.0021739303472596786,0.2382161744895803
201,0.2692354962946827,0.5290858207705194,0.09418859611391452,0.004298860144069516,0.103191226676814
202,0.013283260963469684,0.5298672801087173,0.3879153960503465,0.0009626972240072647,0.0679713656534593
203,0.05824429625296783,0.7984694156643201,0.0781104356560948,0.0027944426407289485,0.06238140978588857
204,0.12867501438532478,0.4377333688622509,0.3581582884094021,0.0027475182598450274,0.07268581008317715
205,0.026743606865199665,0.8705405591953459,0.07623850794704476,0.0032443498385393934,0.023232976153870367
206,0.018552143443669795,0.20232029579993577,0.7612592431015802,0.0008042224738980619,0.01706409518091626
207,0.41045104285563355,0.4167599350160181,0.06655983756798903,0.01014881711208867,0.09608036744827055
208,0.20014970496795143,0.6900589874484203,0.04648966459610423,0.006695760208038967,0.056605882779485084
209,0.029150850679817177,0.9102878218204358,0.01619812935983174,0.0018093741020464677,0.042553824037868906
210,0.014096841626912226,0.7226919421388307,0.2418893221932013,0.0021183614624243454,0.0192035325786314
211,0.3500101537429743,0.35843195474460565,0.13985837209955093,0.002604634174578748,0.14909488523829043
212,0.0288134863844901,0.9237183465815602,0.027861274136187685,0.004208148859784252,0.015398744037977844
213,0.05030586838520109,0.6183181870779064,0.2828465262784411,0.004550257286873714,0.043979160971577565
214,0.03967873889801384,0.8545852771492436,0.07791344317551549,0.0054362888144147865,0.022386251962812315
215,0.039738926546592106,0.768110505142803,0.17709575769748592,0.0032829094841344128,0.011771901128984628
216,0.007158160505739663,0.7234765855789392,0.2646872797679495,0.0011594863976501291,0.003518487749721642
217,0.1612218362957927,0.6515769801130467,0.10901742414369286,0.00580425042850489,0.07237950901896295
218,0.0581349055585517,0.8967093080524119,0.02872275085934892,0.004195502245747645,0.012237533283939875
219,0.09165640481852587,0.6647221167282358,0.0332656328405585,0.006249580804853557,0.20410626480782623
220,0.07583061415104084,0.9024549333462115,0.005633297791645217,0.004402905216008689,0.011678249495093723
221,0.016729902098261303,0.7614144514540903,0.21297077876839138,0.0024393547348008737,0.006445512944456228
222,0.19991611546662502,0.7670305558263493,0.007514386710146355,0.010114334249832522,0.015424607747046681
223,0.10690269454198136,0.7955064776549584,0.07287451809738575,0.005761466762498891,0.018954842943175423
224,0.40211160985498606,0.5528296865661791,0.0034845150433547027,0.017598525604490742,0.023975662930989412
225,0.051514755128775895,0.8221019100599601,0.10899236674472643,0.004666899187708302,0.01272406887882918
226,0.236078702029139,0.7139471841410572,0.01868027203977366,0.017540468250549755,0.013753373539480564
227,0.02077576141883339,0.5783936656799284,0.3903546555368671,0.006207896875380893,0.004268020488990125
228,0.035360274956150524,0.9249064500439164,0.020830413581865066,0.013989043430884682,0.004913817987183515
229,0.04641115547500756,0.8785855594467264,0.05567360894184119,0.010300836737287145,0.009028839399137583
230,0.038585217029145975,0.8965493274582791,0.04861272265478224,0.00951742241036521,0.006735310447427466
231,0.015930545038530797,0.8008028977379733,0.16927290598509556,0.00928750148155264,0.0047061497568479035
232,0.03363057272035428,0.9101428591029237,0.035986268309206704,0.01615499873568169,0.004085301131833724
233,0.05097278523609962,0.8241522321111452,0.09510663224416062,0.01838115366940159,0.011387196739192933
234,0.009933371515988183,0.7267401738101714,0.2480494468087502,0.01154013756425176,0.003736870300838534
235,0.04573570422540512,0.7756925545045982,0.03472140829394594,0.03460464036454005,0.10924569261151086
236,0.054824533598762555,0.7216634595469766,0.06641526840607173,0.11864618636049025,0.0384505520876988
237,0.11775203098504909,0.6854266957034921,0.008110683486604691,0.11069820148942114,0.07801238833543286
238,0.11513090476148186,0.5633766880889751,0.00238468362550399,0.2757897816119456,0.04331794191209361
239,0.1187321233468531,0.4522224282455634,0.0021586089359412726,0.3662065041301068,0.06068033534153552
240,0.10489835470074604,0.046100880570522564,0.0004690858800328539,0.710635983592438,0.13789569525626066
241,0.11130661970879563,0.04297588816703579,0.00032750895419194557,0.7587135509761699,0.08667643219380687
242,0.10708001815159031,0.04583284440241115,0.00019832653933105844,0.39462385878773426,0.45226495211893325
243,0.34670795651342995,0.04158579597157399,6.093820959094903e-05,0.4221078055710577,0.1895375037343474
244,0.332237986856796,0.052120460829142054,5.86859416873276e-05,0.458425547940166,0.1571573184322085
245,0.2628276971758325,0.047162913774017635,8.116562626514688e-05,0.4466013273381904,0.24332689608569424
246,0.18013939129095957,0.06203552691433403,4.470227449829537e-05,0.46107201737507864,0.29670836214512936
247,0.18482886291783657,0.022693457822637233,1.7723135022847618e-05,0.6555373115314389,0.13692264459306439
248,0.25976669362235466,0.044271549245675036,3.419477557151565e-05,0.4762048795140117,0.21972268284238716
249,0.15468971105329074,0.029273948877684617,4.004383911978028e-05,0.42722990666535354,0.3887663895645513
250,0.060067725940101534,0.026979535867769015,0.00018811252581885012,0.2234214172653159,0.6893432084009947
251,0.03783122423386465,0.004937103047817188,1.6875972848803977e-05,0.21097105170947844,0.746243745035991
252,0.26720036089770394,0.015238637708249294,2.0775205438813605e-05,0.3719720921207742,0.3455681340678337
253,0.17939203693577413,0.01243103268914898,2.9565900620742276e-05,0.21971277604769385,0.5884345884267622
254,0.23182011935238583,0.00893938864052026,1.5682538571478057e-05,0.19187644419429528,0.5673483652742272
255,0.10156419051090948,0.03963540854256616,4.207149780500956e-05,0.28847790364682074,0.5702804258018985
256,0.18256037266667208,0.03493950580342558,7.898667192134658e-05,0.6097953381409353,0.17262579671704556
257,0.06328840873566127,0.012725366555649188,2.9673755861747574e-05,0.35828111833750886,0.5656754326153189
258,0.3926312074192468,0.025184651762796814,4.103316466750402e-05,0.49284020239411885,0.08930290525917002
259,0.35713252979279164,0.01785431607054877,6.453166426366901e-05,0.4262789132132864,0.1986697092591094
260,0.2881225973532486,0.023333516200400847,4.290593902215302e-05,0.5962862076340397,0.09221477287328869
261,0.10289469748123851,0.029399887669142828,8.899998372056186e-05,0.511298858302309,0.3563175565635891
262,0.27550000195268365,0.06772367865435752,0.00023440812985493778,0.5366631754203517,0.11987873584275222
263,0.33603116261591304,0.06775565927977072,0.00014205795243679513,0.4807912229734741,0.11527989717840527
264,0.35223172350683024,0.053411648746210176,4.3052250102394904e-05,0.5621990149108337,0.0321145605860235
265,0.10658456915556891,0.04388021482140342,6.724115354578416e-05,0.8143997912445181,0.035068183624963854
266,0.1468740178556426,0.025631303196249035,3.53034454235206e-05,0.7902366974679705,0.03722267803471428
267,0.060929782412166664,0.02176042531400245,1.974186109533257e-05,0.8541104669542954,0.0631795834584401
268,0.09647003398680876,0.010608000501276263,6.290313571439177e-05,0.40736285396170857,0.485496208414492
269,0.20953316210440012,0.007085096562477029,3.553845346142498e-05,0.5091199680940378,0.2742262347856236
270,0.17121635701532184,0.017088076984489883,4.612021775237985e-05,0.4984599059388447,0.31318953984359116
271,0.16299806145555445,0.012535038947165409,1.2041876108193124e-05,0.30781958336601334,0.5166352743551587
272,0.5501535246144278,0.041141400786716,5.414453313207862e-05,0.2725456459725317,0.13610528409319242
273,0.47859161795661653,0.035044804078981695,3.1464641137121694e-05,0.43534115837999865,0.05099095494326589
274,0.3307712299600083,0.1037785882700776,0.0003332282862776095,0.5273217697227197,0.03779518376091679
275,0.05505991389774443,0.07272728643292908,0.0037781510497830926,0.06327206489520823,0.8051625837243351
276,0.3832726637598815,0.20264748484894074,0.0014793438572193573,0.2907470888386631,0.12185341869529515
277,0.1545605309556789,0.5496472348313642,0.00535262287245299,0.04820108549262321,0.24223852584788072
278,0.2424946335343503,0.5812070640304448,0.0038796856406672756,0.08496675259947897,0.08745186419505872
279,0.2246797207462584,0.643795881995979,0.002805883708444444,0.09999584536184777,0.028722668187470417
280,0.1343312504211029,0.7169582587494776,0.0017982833841701479,0.13563800417908534,0.011274203266164028
281,0.07147945933274147,0.8708682009831413,0.0024960613450056447,0.038033415964836524,0.01712286237427492
282,0.043674199313413785,0.940488203321404,0.003757532300424779,0.008583977682880833,0.0034960873818763926
283,0.15754232738342977,0.7096611588636421,0.005561274803319578,0.04221950670148608,0.08501573224812246
284,0.04575137946661882,0.9366357235966632,0.00415517129637312,0.005897401735104078,0.007560323905240678
285,0.21204511892019315,0.6925258836181626,0.0033843501371148142,0.07345745224909801,0.018587195075431377
286,0.09845960234482734,0.851113279124683,0.005809500259986561,0.036060290068027696,0.008557328202475227
287,0.028014211259684552,0.949146284723589,0.005649676378640005,0.013547250260476353,0.003642577377610105
288,0.06047910507652091,0.850899848343242,0.0009668749653347408,0.08233117733300935,0.0053229942818931696
289,0.02795368680563041,0.938475578326574,0.00985361574195753,0.02154125641024707,0.002175862715590883
290,0.05995690693154887,0.9012903605716188,0.0031389750928192055,0.031594870700694035,0.004018886703318881
291,0.04036399437244005,0.8924036653060655,0.014986743900969629,0.021715761317046386,0.030529835103478387
292,0.08115937330830111,0.8739569633752325,0.009227711541734927,0.024034445443115074,0.011621506331616465
293,0.231390239542051,0.5806223531772206,0.0024365402339156317,0.04129337169219343,0.1442574953546192
294,0.13362337179203745,0.6977627230036231,0.021184890685024577,0.012347646053780574,0.13508136846553437
295,0.25413711025074875,0.05120856318028131,0.0006077108630896484,0.024804589787400612,0.6692420259184797
296,0.6313143043425651,0.3024382681924225,0.0018123400975330905,0.02745373030499691,0.03698135706248247
297,0.20644966777492432,0.6862847711947596,0.012726942729982657,0.02666154177761401,0.06787707652271947
298,0.046894962529385194,0.9114266488434773,0.015403394643193413,0.00850691835028322,0.01776807563366092
299,0.17900877258901157,0.6704853970732414,0.029243551952870924,0.048686892532931736,0.07257538585194429
300,0.04325999097187514,0.9108305610099089,0.01259372072366874,0.014114808061916737,0.019200919232630464
301,0.10131946724902775,0.6416330663258524,0.00904569139795927,0.0210477075043771,0.22695406752278352
302,0.570829375733365,0.16552348498802175,0.00040193276791218574,0.12208151126459224,0.14116369524610878
303,0.05785641590721584,0.9105756493365172,0.0006542732624444066,0.027454884545662767,0.003458776948159811
304,0.25573502054760416,0.6817007575785378,0.0010094685104432397,0.046737144661096006,0.014817608702318994
305,0.14748778526917689,0.7953356475260877,0.002204577489089543,0.03636669003675117,0.018605299678894845
306,0.06129716060023407,0.9019857489851125,0.002580077951375552,0.028489373556622656,0.005647638906655222
307,0.06171209964048926,0.9173880717115357,0.0026092128987942483,0.012504940731928062,0.005785675017252722
308,0.08971973255746261,0.8535316267988609,0.0036979660284805977,0.013127255468365169,0.03992341914683079
309,0.08097512435760493,0.8894813101073787,0.00763242541207434,0.011142862641675674,0.01076827748126635
310,0.04578259767337377,0.9170033390393423,0.02228601589793075,0.00753853858360228,0.007389508805751032
311,0.01992134682881145,0.8973950283265684,0.07249990922609952,0.002396649161057855,0.007787066457462661
312,0.004615163676855749,0.8330482636889313,0.15604003666287672,0.0031704597232306187,0.003126076248105458
313,0.009043810160829996,0.87967971693415,0.10208880418667846,0.004327061454960459,0.0048606072633810985
314,0.00686392612831402,0.9282239025438591,0.05430393948442411,0.006471275222816501,0.004136956620586291
315,0.012646576767366535,0.9151251746809745,0.06540864607034062,0.0032040497332907506,0.0036155527480274522
316,0.003584785040022333,0.6617229783640864,0.3304865718412259,0.0012312517155078188,0.002974413039157508
317,0.011269687835434224,0.741207966713015,0.23804410247998195,0.0020614206030207974,0.00741682236854806
318,0.019186788044820643,0.9012069714456663,0.07384580958405941,0.0019486503911669982,0.0038117805342867306
319,0.0018065305367048897,0.3245610856335237,0.6721265863852566,0.00042189090500780233,0.0010839065395072578
320,0.00494549844214117,0.7280910288749004,0.2618391868422588,0.0007876990248724581,0.004336586815827221
321,0.001999704400008427,0.5651547807910245,0.42889703515637967,0.0003639843108848134,0.0035844953417025695
322,0.0006050337714481137,0.15476751810736666,0.8437998663065319,6.772777075147093e-05,0.0007598540439017553
323,0.0024568376200616603,0.5558792047605142,0.4386503764152013,0.0002355038870603884,0.002778077317162528
324,0.0011592065827298417,0.2535984106219303,0.7434839124863046,0.00016366201022003157,0.0015948082988152656
325,0.0020432042693360815,0.40665275967723236,0.5881734667267539,0.00016765784167569145,0.0029629114850021226
326,0.0036655350054061605,0.4901601712173961,0.5010157707155368,0.00022277005243031935,0.004935753009230725
327,0.0012009827336610707,0.24072665353068323,0.7558436790957932,0.00011392379424010747,0.0021147608456225583
328,0.005721787480083708,0.3230784191588427,0.6566726678954414,0.0003109721558036969,0.014216153309828452
329,0.002631771579605398,0.26756268593595617,0.7259741044114473,0.0002820939612425205,0.0035493441117485647
330,0.004037456349471852,0.15232397925503485,0.8294070347814804,0.000515739400497579,0.013715790213515343
331,0.004867905664291898,0.27017227986743514,0.7144852536435359,0.0010229885580049561,0.009451572266731968
332,0.021906453159409204,0.9023646263306156,0.0676631647219032,0.002229552533254829,0.005836203254817229
333,0.04164474714992765,0.7405729563349662,0.208513310163836,0.0016390890314717538,0.00762989731979852
334,0.0031834332592629026,0.5038771978185914,0.48892714273993265,0.0005844408332627417,0.0034277853489501917
335,0.055850843544359784,0.7753726552613375,0.1528270190911487,0.002083474412498044,0.013866007690655813
336,0.0037963605502052853,0.5792485336475636,0.41224686194847926,0.0012792198151654348,0.003429024038586594
337,0.21020384633461014,0.6621214806087472,0.07255197036228136,0.0071947600037819935,0.047927942690579296
338,0.024304789439601744,0.8536758830752688,0.10654201527862928,0.0033563763067366395,0.012120935899763659
339,0.02138383297491499,0.8748959814047198,0.09732830928773113,0.0014323227290347817,0.004959553603599312
340,0.012819212986496676,0.6441794701269689,0.33628437244845644,0.000843953041696334,0.005872991396381678
341,0.005899315364792933,0.6045775299497288,0.3846463957593133,0.00047626123047389833,0.004400497695691017
342,0.0018596508807328118,0.3856914453836409,0.6077151561513965,0.00022504608908606552,0.00450870149514363
343,0.004407053949070018,0.6047155421574334,0.3856459221390091,0.0005651794286434269,0.004666302325843913
344,0.0019516363019708176,0.567193424384553,0.425937518236592,0.0004136055376426951,0.004503815539241393
345,0.0009161857944171691,0.26485650101278646,0.7327014430724827,0.00022569351198950942,0.001300176608324153
346,0.001261114713022374,0.26633350756052926,0.7306646741034826,0.0001990117348679456,0.001541691888097903
347,0.0012226627863303596,0.2260492484365329,0.7704354779132205,0.00033812822306672025,0.0019544826408492786
348,0.0010996113527042166,0.16654038594833342,0.8299458340979058,0.0003516375553875513,0.0020625310456690387
349,0.000547552755037818,0.12693056041851225,0.8710012047601917,0.00018263898622234223,0.001338043080035729
350,0.0010397364210311289,0.11252776081979228,0.8843335293418919,0.0003799734722428566,0.0017189999450419602
351,0.0008872843101782065,0.09495495088018721,0.9023901807662347,0.0004723998701474246,0.00129518417325231
352,0.0008638498107247555,0.05751854170515805,0.9396819158432491,0.00041667791820166553,0.0015190147226664793
353,0.0010811571241968216,0.0576769653881016,0.934074553330276,0.001817262424080998,0.0053500617333446
354,0.32459096081882943,0.41079777172551046,0.05014000156162161,0.015750915385407276,0.19872035050863127
355,0.01084348323465446,0.27429585595043676,0.6987763671203165,0.0011150910781085094,0.014969202616483806
356,0.0580358744724618,0.8064335108388365,0.10781506544634324,0.010253047877249937,0.017462501365108487
357,0.023552286777180548,0.43050670803216706,0.530991944944993,0.0031553267449143893,0.011793733500744948
358,0.004182675188306145,0.5697436080368592,0.4196793907313658,0.0027981030393931182,0.0035962230040755033
359,0.0014772714928034908,0.377577323790184,0.6161018431403098,0.0018464356343683807,0.002997125942334437
360,0.09090213428577305,0.8646620578517055,0.008591141623431511,0.029910523014176335,0.005934143224913641
361,0.0343228105743179,0.8673540664652886,0.06727899737435336,0.012873004187554422,0.018171121398485656
362,0.34522947896232425,0.3344771359752891,0.006320976308281404,0.008190337783233675,0.30578207097087157
363,0.16735859901313851,0.80869092868893,0.003789497672104204,0.008736749195678324,0.011424225430149025
364,0.1382745916284346,0.851353215627233,0.0020563817256258614,0.003024466622025079,0.005291344396681393
365,0.07088677181647031,0.8968121361572682,0.025546699125957646,0.0016087605271982372,0.005145632373105581
366,0.024463992796830647,0.9535696172868293,0.014685413923765465,0.002378255537759879,0.004902720454814749
367,0.0025465341140969667,0.7132442544465227,0.2808766205058982,0.0014199885491419251,0.001912602384340255
368,0.0034618400329912663,0.8801885376142329,0.10965942162293019,0.0034090682940812757,0.003281132435764418
369,0.004282052399779547,0.6624720582467339,0.32872829406578197,0.0016015629549245727,0.002916032332779971
370,0.0026060820212868764,0.6234772852106469,0.3693652630683901,0.0016337781920191575,0.002917591507656856
371,0.03447079679910918,0.6460849575664281,0.2549260593845668,0.00499302774218002,0.059525158507715975
372,0.006033434732938312,0.8193740102801719,0.16298218743925083,0.0025901058790404087,0.009020261668598652
373,0.029487073785522778,0.6761775082361444,0.08886290826856813,0.006060300454204237,0.19941220925556033
374,0.017081336757497057,0.8267982963243914,0.1356954866213263,0.00477193139923764,0.015652948897547505
375,0.020664297826330186,0.8693467233949701,0.09053446037906744,0.0038215051260183865,0.01563301327361367
376,0.014309120504833366,0.8698481365655362,0.09956433837412396,0.0027299409963169267,0.013548463559189816
377,0.6529412801923299,0.22604151196160732,0.0020781567738961163,0.04746563340301326,0.07147341766915354
378,0.07752054941379391,0.8353567867266449,0.07018944536627476,0.005980877711912606,0.01095234078137359
