epoch,N1,N2,N3,R,W
0,0.0007974747278920392,0.00013319720531681473,6.536457740334289e-06,4.508535181570561e-05,0.9990177062572351
1,0.08693022050441321,0.001875391742791343,8.278350808318624e-06,0.0012765640111458468,0.9099095453908412
2,0.025546697098125418,0.0009790311572573113,4.9794242197410336e-06,0.0002558075840666949,0.9732134847363308
3,0.019794167871864297,0.0011021993867893975,4.607163162322866e-06,0.00019933469810643316,0.9788996908800774
4,0.12698147223381304,0.0031998331046493712,1.0448512188510833e-05,0.0012423347634038476,0.8685659113859452
5,0.003553431038760064,0.0007531899438933525,1.8694440853818082e-05,0.00013469369751764707,0.9955399908789752
6,0.0746341790300589,0.001850592724914962,7.737541922021739e-06,0.0007936551494427916,0.9227138355536614
7,0.09754160826084683,0.0014676976774468397,1.0010369149930548e-05,0.0005419025423630464,0.9004387811501934
8,0.002825295493847453,0.0010269414466067212,0.00013753106299661485,5.7251629654585976e-05,0.9959529803668947
9,0.0018504971293237414,0.00035409624966367047,3.472380308845573e-05,3.359475643063348e-05,0.9977270880614936
10,0.08861940531484845,0.0026392262337871465,1.2673675238017168e-05,0.0003734417679233792,0.9083552530082031
11,0.43958473794126035,0.006232640693216514,3.787794734468098e-05,0.0014228216313718893,0.5527219217868066
12,0.7317434049988117,0.032497091354168214,9.539530587222938e-05,0.002278086356237695,0.23338602198491018
13,0.5333235579424304,0.054613879485546454,0.0002073195236211076,0.012199251668072009,0.39965599138033
14,0.4223257597218282,0.1608034418620285,0.00037304884809926173,0.02667088666287153,0.38982686290517266
15,0.08955890704133491,0.22293248143772765,0.0017259127170319102,0.04124755761017082,0.6445351411937347
16,0.025537783937994146,0.037555396050286155,0.003825473665524449,0.0024018020376914266,0.9306795443085039
17,0.003932929338730333,0.0080778951894467,0.0018391136749170674,0.0006385605334513927,0.9855115012634545
18,0.12841154633501453,0.04558527573602074,0.0009475768954201339,0.030769513748214333,0.7942860872853302
19,0.05309872470090663,0.08033250370153104,0.00204254923521581,0.008248367786517835,0.8562778545758287
20,0.234336128138503,0.10780269300100613,0.006535512476139667,0.008438679006102316,0.6428869873782489
21,0.1500413589894959,0.2986707752730995,0.0051960803119219575,0.02408708566948163,0.5220046997560011
22,0.028232835432448238,0.05611560166879412,0.0032502407797383474,0.003403676243885383,0.908997645875134
23,0.07369698783793659,0.4329114322385172,0.011114089442215673,0.005585766272288552,0.4766917242090419
24,0.0894064636505996,0.5524010804653697,0.015253548158973961,0.01026513682519369,0.332673770899863
25,0.03868541153610323,0.5388510186761143,0.07744443967295693,0.00391400660716012,0.3411051235076654
26,0.01289578964002391,0.03456095178859286,0.0028357843242251984,0.0017574322664612395,0.9479500419806968
27,0.04633672808434999,0.22071991609938307,0.004713224438945641,0.002439819291651768,0.7257903120856696
28,0.003168978685014557,0.0017835849055322715,0.0007311474987238588,0.00016708713604286904,0.9941492017746864
29,0.222245496563788,0.27305918100729853,0.0018357531778647365,0.004011105685903648,0.4988484635651451
30,0.4191642185095692,0.49625732981087156,0.01076467147958541,0.0049320447928057915,0.06888173540716816
31,0.11019468749725052,0.6544887348774562,0.040633589257202105,0.0023855675494711286,0.19229742081862022
32,0.036398408230901555,0.9439835197161659,0.01271912321849262,0.002030556059984663,0.004868392774455212
33,0.029300826463139685,0.9009407573397797,0.045018551981371016,0.0025097614923266496,0.022230102723382855
34,0.053179566471106055,0.9232388256703163,0.012044757373364478,0.004717209358373818,0.006819641126839312
35,0.020750798576166737,0.9598424929166536,0.014066234528447033,0.00033774705164231705,0.005002726927090325
36,0.03193375724361043,0.9098943551890242,0.0516868900786017,0.0007410760602299894,0.00574392142853364
37,0.030862810556337168,0.8762658017165448,0.08253010548418642,0.00018583553731569327,0.010155446705616007
38,0.1660680286973866,0.7257101352422612,0.010757970183342963,0.00129117022828061,0.09617269564872875
39,0.032888226889955643,0.7800827012898661,0.17706529073544114,0.0006342584521280045,0.009329522632609177
40,0.05393261630844134,0.8383782145230005,0.07971912680137265,0.001586941883326554,0.026383100483858994
41,0.033748692564179505,0.8903650375844836,0.02830400629009076,0.002280394102788742,0.045301869458457336
42,0.06165674161270451,0.2627352498860994,0.010784823038482317,0.0012455052251060896,0.6635776802376077
43,0.12652610185521154,0.11730600599731261,0.00033811572577877497,0.0029768472684924127,0.7528529291532048
44,0.07002524101479722,0.06688871301256125,0.0012082031646619281,0.0009249397190680734,0.8609529030889115
45,0.23172020339244698,0.35012387947319745,0.0027898429377822775,0.0027553536617599,0.41261072053481335
46,0.24338154385336305,0.2581141889020264,0.0009696019965310723,0.002516143375771728,0.4950185218723079
47,0.20875921551353577,0.18059473088078776,0.0012374235015058022,0.0032361054372148715,0.6061725246669558
48,0.26219464939108234,0.5219098716441356,0.0023167735914089017,0.004337534296648828,0.2092411710767244
49,0.08954476789829806,0.5172344757077264,0.004828578085647654,0.0007993192766945609,0.38759285903163343
50,0.07786736375033225,0.8203037866409085,0.024862765336109236,0.0008669782037398468,0.07609910606891002
51,0.10871336320780893,0.7551872530903979,0.01966008989913164,0.0008905148515161535,0.11554877895114522
52,0.019153412549606594,0.8537311679487749,0.08893880253798336,0.00026949381471499153,0.03790712314892015
53,0.017745335491764533,0.9200967411446886,0.049163997781526414,0.0007269924603264635,0.012266933121693812
54,0.01896983157635761,0.7310016426539895,0.11431863839886003,0.0006896933215116144,0.13502019404928123
55,0.09830693938258545,0.648165628775836,0.18127029191139607,0.0004979471193113577,0.07175919281087106
56,0.41498015017023493,0.3376121000659323,0.011974159026034914,0.0018834539146527355,0.23355013682314515
57,0.07690321781699204,0.22507906102857017,0.03197756100481247,0.0002787630625201874,0.6657613970871051
58,0.42009814877804647,0.46183854932199114,0.005056369598183784,0.0009784510475392802,0.11202848125423928
59,0.038832932586106386,0.8356377733500662,0.021599772858615935,0.00035354116699432556,0.1035759800382174
60,0.1881447340553763,0.7046745496522581,0.021083948875989078,0.0005437274304288133,0.08555303998594782
61,0.09287874156473191,0.7180424680422509,0.027713180928123627,0.0012148857715216007,0.1601507236933719
62,0.044136325076373675,0.7508629825938007,0.1486461446445443,0.0012380669333539496,0.055116480751927294
63,0.016635415323105054,0.7866435019272966,0.10547946956806355,0.0012687920585518805,0.0899728211229828
64,0.03291433175388055,0.7794578035081445,0.12583181177719124,0.0013319575682939045,0.06046409539248999
65,0.023142564432633263,0.6064807704360228,0.3220286865549792,0.001904117923742188,0.04644386065262269
66,0.24226774914177415,0.4219858224389262,0.012218308093532491,0.021443244143985275,0.3020848761817821
67,0.0471865557932574,0.4268492958572994,0.4150365997042067,0.004509889998673752,0.10641765864656282
68,0.02734132935915661,0.09974861248652993,0.034517399393999934,0.001594219970716322,0.8367984387895973
69,0.04848521324073377,0.35525614814676515,0.011064608351598833,0.004845633821111771,0.5803483964397905
70,0.034457982624566376,0.10808266719384202,0.02129222863041097,0.0016638605706780806,0.8345032609805024
71,0.05767758273902153,0.31437708808081327,0.014580642438863162,0.005593090174954368,0.6077715965663477
72,0.0472521684010169,0.17147340201927722,0.01769716313317541,0.0038904042051704467,0.75968686224136
73,0.163094426307026,0.10381887128881656,0.06747854561664221,0.005196538937071128,0.6604116178504442
74,0.02393495620267741,0.053341200910509735,0.016037768224000853,0.0013289611098263915,0.9053571135529855
75,0.012424956894324414,0.01380279045049843,0.014502422670691477,0.0009625104513960053,0.9583073195330898
76,0.084574460972518,0.08304753737173555,0.0045952429348585485,0.0026431458597011045,0.8251396128611868
77,0.042187907752284134,0.18297583880044324,0.33406055931540146,0.0012478046859400395,0.43952788944593113
78,0.070545907294055,0.6806584639043787,0.03678208336160349,0.004634209727873156,0.20737933571208975
79,0.014471061147577395,0.3478224315273124,0.5806969180635947,0.0018010622305364478,0.05520852703097901
80,0.04311757021981463,0.27937787500556954,0.15072233814932348,0.004471510293115101,0.5223107063321772
81,0.07447218704858372,0.35773750770499224,0.10054298561640937,0.005471787863215342,0.4617755317667995
82,0.18277366377581636,0.6077198788852137,0.07375336095647284,0.004960345330430973,0.13079275105206617
83,0.2678678713338197,0.47480498437861907,0.07788379283076365,0.0031313734092676183,0.17631197804753
84,0.20084895074438783,0.5560964109892309,0.028235984226986446,0.004348933115530686,0.2104697209238642
85,0.23972275976311805,0.37420735406299876,0.015347993838135213,0.006236608752482396,0.36448528358326554
86,0.1981397467853168,0.4286452535792055,0.027392015953144888,0.003208463067897469,0.34261452061443537
87,0.1589273948882778,0.3557572027239757,0.015152833075301101,0.004145881595324605,0.4660166877171208
88,0.1709737733409745,0.6234749114600561,0.01754792693228193,0.0019564303194579496,0.18604695794722953
89,0.24043483954441036,0.7164741526715949,0.014251987204949964,0.00919710774175448,0.019641912837290266
90,0.263105777480288,0.6767836516286908,0.016118035741449706,0.0014380312388048704,0.04255450391076673
91,0.09013629968396274,0.8342345061651234,0.048185309095853716,0.0032853478590486956,0.024158537196011527
92,0.08793023182491294,0.6892990358086475,0.11515172877858561,0.005700705550023849,0.10191829803783027
93,0.21026806018683006,0.6292199383612597,0.0833008171351427,0.012011664242313114,0.06519952007445447
94,0.11207989611527366,0.7710114986532628,0.07652908023924276,0.0026945057562208566,0.037685019235999734
95,0.03438306886063435,0.8237933659738258,0.11156619845485778,0.006863776564352045,0.023393590146329902
96,0.08302679434036506,0.7647772179462128,0.1292943471045072,0.003683212416325495,0.01921842819258946
97,0.03248801476902959,0.8946015554938247,0.05002881980239362,0.008938050531951194,0.013943559402800952
98,0.13064388382780612,0.5529401820809492,0.028992984269576378,0.01648213971210523,0.27094081010956317
99,0.21548725902071092,0.6497364512291837,0.09345835415373961,0.0036719381498743118,0.03764599744649153
100,0.15480591699776747,0.7134730112103418,0.10097437148249346,0.0042737066991918775,0.026472993610205442
101,0.014603823836212712,0.481352474905326,0.495050611729131,0.0017992615823556766,0.00719382794697469
102,0.09928956597806093,0.7634086216863555,0.056947463301281046,0.008058593523254685,0.07229575551104778
103,0.026099881324317755,0.6589936582752384,0.29427222917266826,0.002201959971725254,0.0184322712560503
104,0.05565558931796363,0.7359693094829665,0.1918036055688662,0.0017070683890186371,0.01486442724118509
105,0.026450827468760117,0.6737839380239576,0.25447159324944957,0.0017080649699656274,0.04358557628786713
106,0.03317767750506225,0.5329590684593746,0.4056002366815166,0.0032695738006906215,0.024993443553355945
107,0.02694526149195859,0.30719591426958254,0.1653928899664483,0.002666479483733506,0.49779945478827703
108,0.04188005922981533,0.7823307779824454,0.09306483910066007,0.00824806229495627,0.07447626139212302
109,0.16858524272209718,0.47934287618793525,0.2155984875670058,0.005765259016865249,0.13070813450609656
110,0.013819184859150317,0.6254343788560012,0.27641240392933647,0.0052139350624036025,0.07912009729310851
111,0.011970837573448783,0.009178458353588563,0.001047595136694359,0.0007479415109250581,0.9770551674253433
112,0.15281327866649697,0.6410079494496081,0.021400227404345277,0.010168058292383843,0.1746104861871657
113,0.1293802903582539,0.14940192578244268,0.0020109585632183654,0.0032025415812296787,0.7160042837148554
114,0.47277794646979565,0.368462277661699,0.006079518417661469,0.010888405097315205,0.1417918523535287
115,0.1289254123695303,0.1588720974323605,0.009444775631705522,0.0015704439953393076,0.7011872705710644
116,0.29457952981747015,0.5122442521813317,0.10131690523313669,0.002574276208862304,0.08928503655919905
117,0.09910826609106589,0.16073750107217738,0.007703867406329136,0.006413683952684186,0.7260366814777435
118,0.17594723918697472,0.6269082361527492,0.0794663605453247,0.004996915313643254,0.11268124880130823
119,0.030047193494697186,0.031051883475998902,0.001706219500792999,0.002440958809125172,0.9347537447193858
120,0.25803874587825887,0.5965337790086527,0.007696494184472357,0.007075427474268431,0.1306555534543477
121,0.3582590744880748,0.5142134373814653,0.01965289518899755,0.004759835337814916,0.10311475760364752
122,0.31356055382530645,0.5789374221132151,0.033162890938143445,0.010078916233246221,0.0642602168900888
123,0.2459269530357659,0.6607404178351153,0.015269721583078205,0.024322701077837305,0.05374020646820339
124,0.1297141218821966,0.8130800007873795,0.023476851865122408,0.02396009305829036,0.009768932407011037
125,0.09417276019300151,0.8302214842723167,0.007616388118364846,0.040540918026939377,0.02744844938937773
126,0.059420678911790724,0.8953656523309131,0.02093869102801894,0.01001063840111266,0.014264339328164745
127,0.04479765863667039,0.6723566902199319,0.2661363147277845,0.006627697402193469,0.01008163901341962
128,0.12108996319174693,0.7977964402491973,0.04315870852405771,0.027701149604188808,0.01025373843080931
129,0.14096784372256446,0.5845882164305372,0.15240692170463954,0.007368340998265577,0.11466867714399319
130,0.43379501705630785,0.5060443775837662,0.024179415150779114,0.016824273848717996,0.0191569163604288
131,0.024197144334095574,0.8281130320442234,0.1342703288804138,0.0009181938626497565,0.01250130087861742
132,0.023416463557023648,0.7571044990926826,0.20928767848494945,0.0006901666138886883,0.009501192251455648
133,0.00579825199426748,0.8208988055401326,0.1702431411345501,0.00037108688343948884,0.0026887144476101773
134,0.02102548931396736,0.7528824011791925,0.2171731259822148,0.0008835295570145132,0.008035453967610797
135,0.009957191277852698,0.35179984212958987,0.6322623558859022,0.0006327034278123221,0.005347907278842941
136,0.0007421507262795551,0.21938280509190403,0.7785907343073775,0.00031205938710023327,0.0009722504873387484
137,0.01906795096450922,0.48259092081617533,0.46865338322209027,0.024671113998874474,0.005016630998350925
138,0.014983024729466747,0.5046134226990635,0.42397597114133967,0.04487857972186155,0.011549001708268336
139,0.058361237171843584,0.6377915716424202,0.04027326360674944,0.23276062253594812,0.03081330504303889
140,0.02610024341585048,0.5321955694664091,0.03195618125633234,0.3993229521552384,0.010425053706169727
141,0.05091985645604848,0.06964835998422252,0.0008496573485646043,0.8721077064508935,0.006474419760270837
142,0.08562083547987594,0.06490811724781033,0.00016012329007933593,0.8417412118822913,0.007569712099943036
143,0.1777257999464001,0.12191470402399684,0.00024227812506903755,0.6907939530760955,0.00932326482843845
144,0.17158419662368787,0.08812892748460871,0.00022599391112304015,0.7277709029924964,0.01228997898808395
145,0.05564670790453341,0.0637171019551677,0.0002877412897274155,0.8726202909821447,0.0077281578684267
146,0.03868254503410446,0.023972043534691775,9.79293442197715e-05,0.9329488079010017,0.004298674185982433
147,0.07697875484114962,0.03483416319212633,0.0001846676336773338,0.8765370767170151,0.01146533761603164
148,0.07108929607224125,0.03875264157768537,0.0001660188984076033,0.8820756924741078,0.007916350977558079
149,0.067088025873876,0.027361544953956984,9.3007568535803e-05,0.8989020796765753,0.006555341927055879
150,0.1833242368422398,0.060608050282571095,0.00020758528677522925,0.7226490884120861,0.033211039176327894
151,0.08291084677187671,0.025052446543684204,0.0001284999806205404,0.8810859734078041,0.01082223329601441
152,0.028565883984527786,0.01757739442255381,0.00011738112534475226,0.9347537016062458,0.018985638861327727
153,0.0350046743760528,0.017258360901751764,0.00010181248971892608,0.9193075547410978,0.028327597491378635
154,0.05788828936081713,0.014414712307680707,3.8854459367531194e-05,0.9195413762895365,0.00811676758259819
155,0.07614039265348482,0.02449350513657647,7.230087277968938e-05,0.886738879587212,0.012554921749947174
156,0.044485226598964846,0.030809736629136674,0.00011768290585562651,0.9005657726837087,0.02402158118233423
157,0.06017929703833597,0.011950717698652817,5.40083321021017e-05,0.920471257346212,0.007344719584697018
158,0.13299935224402185,0.057043418416796395,0.00023744389883748342,0.7915656391246997,0.01815414631564476
159,0.15314414314328337,0.04938018200446999,0.00019596184993265947,0.7701655143987578,0.027114198603556135
160,0.04732641040367925,0.014739716554908201,8.247188085328254e-05,0.9273851834390188,0.010466217721540378
161,0.03804051987805041,0.013487374038298083,5.7399761422535405e-05,0.9382701732672294,0.010144533054999608
162,0.06301291407639274,0.02980760751864809,0.0002871845164351432,0.7990241117419329,0.1078681821465911
163,0.06240033402546168,0.09305595591573249,0.0006644294357413693,0.6933058816065479,0.1505733990165166
164,0.14175854210143118,0.052619154298985796,0.0002289755444206141,0.6501938812461637,0.15519944680899875
165,0.0859443426336229,0.011763560395981634,0.00012296934373422333,0.08592138118308046,0.8162477464435809
166,0.18000288777351137,0.08479860062793752,0.0006524305232419737,0.4590999415651466,0.27544613951016256
167,0.22653434637733555,0.05347048163443639,0.0002855983360352252,0.44752299108723714,0.27218658256495576
168,0.33407763582651334,0.17771633110918583,0.00043183404325800766,0.39656179134577013,0.09121240767527264
169,0.19786889733455776,0.36948524870385746,0.0010636571475039509,0.36726430871794785,0.06431788809613309
170,0.2268739896553436,0.5656117590142972,0.0025419322649099605,0.1543281649125568,0.05064415415289249
171,0.14026158271205397,0.6835405633598981,0.0015861372949725306,0.14455790691375256,0.03005380971932294
172,0.01913411186334072,0.03587950314530883,0.0032592719471870443,0.004939824705817128,0.9367872883383462
173,0.2686452555652736,0.24549578042060266,0.0031494496689834454,0.11829010638051102,0.3644194079646293
174,0.23134332404748004,0.6533717093317257,0.0047823024015745275,0.031739494134101355,0.07876317008511834
175,0.5833190037970465,0.3238643423180445,0.0032886850058109554,0.01687814830840501,0.07264982057069315
176,0.09610509331208525,0.4865464148035013,0.009686626821597955,0.05879885861069984,0.3488630064521157
177,0.20254774138693055,0.6108966641746545,0.007233070003620196,0.12337873470373015,0.055943789731064564
178,0.28384331964174986,0.5299038359121973,0.007219590380315928,0.07960203687207054,0.09943121719366632
179,0.15188506373836336,0.10465907571527244,0.01070887503855009,0.026662561873973707,0.7060844236338404
180,0.362363825915896,0.32202034333023327,0.003851063495834999,0.12895638594908065,0.182808381308955
181,0.249023479986781,0.5617339061797498,0.00862419717968021,0.04738810820332351,0.13323030845046552
182,0.06927638789315092,0.11758172200455566,0.0023313672833358175,0.008081978394827532,0.8027285444241301
183,0.5558060314866541,0.18709192331882518,0.00083802047677305,0.10186708079945647,0.15439694391829123
184,0.2067832712656159,0.5853508450270073,0.0034350719323200584,0.014264796830546676,0.19016601494451008
185,0.4743656474692824,0.23447758643413646,0.0010595559668872222,0.022298369075507293,0.2677988410541866
186,0.15615711895147277,0.062203752856429366,0.002864958785956564,0.00809234310543135,0.7706818263007099
187,0.6874570296481023,0.28124008853258525,0.0007606953805195088,0.009925848686892386,0.02061633775190043
188,0.13140148603509139,0.7960239899063248,0.0018421317886055668,0.008013197451762233,0.06271919481821608
189,0.43251982581107,0.4690792852255324,0.0010999676570534512,0.00763212237456775,0.08966879893177625
190,0.06512815951536848,0.9294059736260948,0.0006893989243070195,0.0024836690932490296,0.0022927988409807234
191,0.19029561488546595,0.7962303174176849,0.002018604861412725,0.00521913818251782,0.0062363246529187795
192,0.036599946391560584,0.9526312378838498,0.007192757705474316,0.0007077414327692766,0.002868316586345987
193,0.011399372773630774,0.9731066480423441,0.012882985549014897,0.0011559436929748186,0.001455049942035311
194,0.024815455850655973,0.9434330052201418,0.026474599127065568,0.0017600532824895378,0.003516886519646991
195,0.02175321429477327,0.9475018116764471,0.025079716685639856,0.0006329282878640879,0.005032329055275567
196,0.008749234045752275,0.9782098796521058,0.011196597341621957,0.0005757589031713448,0.0012685300573484564
197,0.009942404660654313,0.97619130772109,0.010934918101564755,0.0005060303808853307,0.0024253391358055308
198,0.006093245157554321,0.9532548510624038,0.037255338318450106,0.0004536695165913946,0.002942895945000317
199,0.003565238936586714,0.8125279072239656,0.18109817544999587,0.000726532045386386,0.0020821463440652077
200,0.005788857253540653,0.8986073954155813,0.09086483779484371,0.0008099672568039498,0.003928942279230147
201,0.0024325830270736848,0.6089030312283589,0.3866299174394508,0.0002961330655965488,0.0017383352395200736
202,0.002078215334621788,0.8073885233523145,0.1880323491538247,0.0007216955051548993,0.0017792166540838777
203,0.004175113778791113,0.8862111673744196,0.1062642292120178,0.0007517910356462614,0.0025976985991251647
204,0.00263108922971412,0.7133199825867681,0.2822675670316544,0.00040092576164782836,0.0013804353902155527
205,0.004198965598404646,0.6705751012708024,0.32163016270049266,0.0002658307915427366,0.0033299396387575543
206,0.0014162337738424058,0.44350247750893196,0.5538377621455461,0.0001282443461530022,0.001115282225526526
207,0.0024550890093759676,0.7118636287786704,0.2817848117995917,0.0003037744522647929,0.0035926959600970036
208,0.001056072408697989,0.5387750732499633,0.4583937202230238,0.00015493800396284603,0.0016201961143520354
209,0.007711217427630027,0.7237513028123154,0.26455822001069296,0.00028213959033889207,0.0036971201590226127
210,0.0005159128150686171,0.3191935518254502,0.6790935295431705,5.47254440707519e-05,0.001142280372239853
211,0.0004109049044299163,0.24141045611370684,0.7562658548020578,5.6894417780472504e-05,0.0018558897620249645
212,0.001642474185815209,0.37568827952436934,0.6208714885100591,0.00010082084541467118,0.0016969369343416171
213,0.0005142608416397382,0.11826898139233337,0.8799854356684619,3.076014239778699e-05,0.0012005619551669964
214,0.0005184160372419961,0.08849340453917912,0.9102347090219753,4.7666892260763884e-05,0.0007058035093427025
215,0.0005312293166814753,0.25687237684400277,0.7415418425266144,6.348395834717926e-05,0.0009910673543542519
216,0.0006103535556522973,0.22302896621607304,0.7754308151098765,5.708484094062224e-05,0.0008727802774574911
217,0.0008028303902755267,0.4048260454783095,0.5928041216971625,0.00011676901038890564,0.0014502334238637553
218,0.000540190518184405,0.2604215604647677,0.737524356252085,7.416750860903524e-05,0.0014397252563538802
219,0.000289923367864263,0.07630189424345178,0.922724848389314,0.00010593926940263497,0.0005773947299673151
220,0.0003739512914410073,0.1668769784945988,0.8316850120412409,9.600391175288173e-05,0.0009680542609665021
221,0.00021917708542625524,0.07459509673093498,0.9241939795098244,8.900866252728984e-05,0.0009027380112870381
222,0.00025879451898254185,0.07222705079929256,0.9267229442021668,6.143646979788599e-05,0.000729774009760278
223,0.0008350656412223403,0.10055723558655696,0.8932194174930688,0.0001596084456852117,0.0052286728334666405
224,0.003977858662991493,0.17246855005735984,0.8051849667087628,0.00037192627366802473,0.01799669829721772
225,0.004272737762696847,0.175445072837553,0.801688818175145,0.0002963800916497979,0.0182969911329555
226,0.00431030056461242,0.13563582597511892,0.8452081584838332,0.000547785242606558,0.01429792973382886
227,0.026144751453722963,0.2163253451011714,0.7315194338160939,0.0011058319667197208,0.024904637662292034
228,0.0006160881505978011,0.09145343051836503,0.9044661432038882,0.00010844321649179784,0.0033558949106571086
229,0.017297345487297878,0.20784007331019821,0.744819865564818,0.0007078126751728591,0.029334902962513024
230,0.0008192223462096172,0.16071119586892899,0.8355877027224383,0.00017229253131931084,0.002709586531103672
231,0.0004007513290563411,0.12266555275634125,0.8740353441116777,0.00010704309413419093,0.0027913087087905264
232,0.0003515149339938966,0.09692710364932741,0.9008003665536961,9.144443292777146e-05,0.0018295704300548181
233,0.0020998417422569767,0.09284678569104628,0.891788406670018,0.0003866240511599272,0.012878341845518754
234,0.00106102502397996,0.36133195273964563,0.6327322059910986,0.000291664543940288,0.004583151701335586
235,0.0007343015443253207,0.0588105325169799,0.9366891440039298,9.480533579491095e-05,0.003671216598970173
236,0.0016677110503830412,0.07739271048405301,0.9162471034243266,0.00018938824570987277,0.004503086795527432
237,0.0006367706857882577,0.28789533964274727,0.7069889688894861,0.00014579354957220512,0.004333127232406325
238,0.006951988091758601,0.31697197100869445,0.6632970603001278,0.0004200882555637378,0.012358892343855373
239,0.0005159555703189054,0.08026610244953379,0.9172291234491972,8.182413696632138e-05,0.0019069943939837924
240,0.002837890148499077,0.13929414363910958,0.8476963498621005,0.000251248083965938,0.00992036826632504
241,0.0057439732740892134,0.15145007186979256,0.8222407815708337,0.000634343154909849,0.019930830130374583
242,0.004704869186034499,0.121460987487865,0.8595699827401441,0.00042621387917021004,0.013837946706786232
243,0.008270024103808544,0.24753567305559304,0.705214920591007,0.0006540558404353034,0.03832532640915616
244,0.008915541801275118,0.1635407384181195,0.8046840956802537,0.0006475329501133627,0.0222120911502382
245,0.004985516772522047,0.08426673366299975,0.9053584689595431,0.0002507889332770276,0.005138491671658224
246,0.0007580576163913479,0.1510151533020549,0.8448128609145777,0.00013481815314167277,0.0032791100138342346
247,0.003353915800442201,0.12472322076788206,0.8628549075302122,0.000655946771225717,0.008412009130237815
248,0.0021928087094923686,0.17965368089804337,0.8124093609653414,0.0002728230319382471,0.005471326395184477
249,0.001145532091349509,0.067789490399428,0.9268966527761983,0.00037768866340799005,0.0037906360696162485
250,0.0009748610996852738,0.10139877451268337,0.8948823584717859,0.00021021678861125518,0.0025337891272342278
251,0.040232086023165525,0.6334905841872535,0.28117016758038016,0.0038936546885257363,0.0412135075206751
252,0.004523502077049242,0.5341139126791403,0.45532736856616735,0.0013521466695207204,0.004683070008122323
253,0.06165041786638833,0.8425997415146529,0.07827743691844398,0.01017930848334006,0.00729309521717489
254,0.015150679299289075,0.7282486617301456,0.24454450632543281,0.003837279145800019,0.008218873499332514
255,0.020526631075934477,0.7672692183058877,0.2041583335939119,0.0032420055684518148,0.004803811455814185
256,0.030111929601022012,0.517062136805145,0.44526893381716376,0.0013432915444315464,0.006213708232237662
257,0.006337255725158307,0.7406765674009739,0.24600525868847195,0.0017939922641213276,0.00518692592127479
258,0.006301312845161248,0.8086948542921794,0.17913583080743728,0.001637545262513054,0.004230456792709001
259,0.0020355992676572344,0.44715148348398764,0.5494468815094959,0.0004147333010221381,0.0009513024378369597
260,0.015505083606999686,0.23773968484167082,0.7429923289666847,0.0003282997120539171,0.0034346028725908643
261,0.026427622653736937,0.6028555014035647,0.3607692320549421,0.0032245926298903357,0.006723051257865765
262,0.01171324395679309,0.3311225325229641,0.6526217768964271,0.0010919158663425027,0.0034505307574731843
263,0.01218475092244466,0.3809070761871144,0.5987843274133579,0.0016968563538615874,0.006426989123221533
264,0.013481488442798211,0.3988404896621325,0.5745630205565545,0.004500498107321927,0.00861450323119294
265,0.06505798331612099,0.5393878550441007,0.22690420644194484,0.06442783563526637,0.10422211956256718
266,0.06580124681983662,0.11131976530511004,0.008292763589717105,0.06872515393292616,0.74586107035241
267,0.2314415528560085,0.21806507800404107,0.01655243599742293,0.1419367202092025,0.392004212933325
268,0.22564417614456894,0.07346915614582346,0.004658478892692703,0.11960384854685044,0.5766243402700644
269,0.14293340082002184,0.035557897584469936,0.0003686929307711078,0.10707619784129524,0.714063810823442
270,0.16736968142505076,0.09912813031294382,0.006691287411863279,0.18986540567313676,0.5369454951770053
271,0.32976356998784373,0.22138143179497183,0.0016757488470140408,0.2383593740872726,0.20881987528289783
272,0.1309467469417777,0.1369154813259175,0.0004570743704868024,0.11000120812878783,0.6216794892330302
273,0.17125119603391092,0.5348414373927126,0.004401983726604673,0.16464742389208015,0.1248579589546915
274,0.10510068948753064,0.2606739729521296,0.028017810149007956,0.07656051682584522,0.5296470105854866
275,0.1740894127741779,0.44703582876636444,0.0014600291098624658,0.20308994009563375,0.17432478925396155
276,0.11151620093728709,0.2936351218250209,0.0021412394312246607,0.08091777717012931,0.511789660636338
277,0.20950610956585822,0.3155177802946903,0.0021026703027639086,0.14605107392690325,0.3268223659097843
278,0.20694563740330602,0.5386897060391296,0.0012918567570354858,0.1678820700171538,0.08519072978337523
279,0.25930359020577287,0.43431397781674314,0.0016516592812992207,0.24317121225333832,0.06155956044284644
280,0.18055834207511237,0.6495739320151142,0.005044882988432733,0.1398548445452041,0.024967998376136596
281,0.13391858231158987,0.596253487361332,0.0022139603691141876,0.25128207818225856,0.016331891775705314
282,0.3437967125719248,0.25222039530669876,0.0012251422794282226,0.37468900983566866,0.02806874000627951
283,0.11016775644501832,0.7404857717132398,0.00427361178507171,0.12148608301781087,0.023586777038859228
284,0.25913621612248766,0.4497512572283302,0.0005113423284849498,0.2813679008895855,0.009233283431111607
285,0.1489396067401942,0.7778207575418061,0.003191713224451149,0.025277841126675357,0.044770081366873174
286,0.4889943691986984,0.29839178590801985,0.0007010495940508277,0.1997257797237393,0.012187015575491612
287,0.2859942913838205,0.4139501817550709,0.0010964296718739067,0.2004837465193971,0.09847535066983744
288,0.16759521750442846,0.6259487871581343,0.0004741717872808426,0.18995744848900037,0.01602437506115605
289,0.14588545548316115,0.6909113796112141,0.012045271397940876,0.12352777659062873,0.027630116917055185
290,0.22784173932567714,0.33550600473709546,0.0020410576294600915,0.38233561452121806,0.052275583786549194
291,0.09634656744411386,0.6372924415735745,0.004821150188021584,0.2510459396934237,0.010493901100866409
292,0.08453815341924918,0.7445322485103122,0.03656009215314281,0.1194297726558317,0.014939733261464153
293,0.04251284529639916,0.8695482484399024,0.005386730320868945,0.06796271349688857,0.014589462445940785
294,0.10536705224286512,0.7810623798856228,0.007056138369523782,0.09243753521713444,0.014076894284854032
295,0.13558257087590192,0.7591299403615451,0.0435279543777104,0.018032058626963415,0.04372747575787903
296,0.3050480262005794,0.6308054749642196,0.003923670942161415,0.043828434452602955,0.016394393440436535
297,0.03728065851913481,0.8223679938872804,0.12104078938721476,0.007114223420079862,0.012196334786290045
298,0.30190084908642717,0.65843795317543,0.0036171532627287213,0.031309058545132336,0.004734985930281863
299,0.03654049284746262,0.9467438814004941,0.0028186086970662387,0.012671808299480898,0.0012252087554959976
300,0.024662294940992636,0.8220394970874475,0.11665169392585938,0.026471765360760652,0.010174748684939804
301,0.18292452268858264,0.7414672127867667,0.006958297878007958,0.049168992969381965,0.019480973677260552
302,0.03246740860872718,0.9149990760094994,0.027340483352481966,0.020852509240671835,0.004340522788619537
303,0.04824793451676888,0.8197468921493839,0.08001213226939531,0.03567004865883667,0.0163229924056151
304,0.07153132261215836,0.8701821382203767,0.007363889504680461,0.045493240954475656,0.005429408708308858
305,0.03435702625795357,0.9411068887904339,0.004272953964296886,0.018378731345593955,0.001884399641721814
306,0.0907990221380461,0.8624566415188838,0.00683737354967059,0.0322565308578254,0.007650431935574094
307,0.08078120414822683,0.7423808740735524,0.025679761793827936,0.03776589423425194,0.11339226575014097
308,0.5145707116519116,0.29892340159617115,0.003749216661493259,0.056257534712214036,0.12649913537820995
309,0.22375765035678077,0.7474690978828661,0.004858648906614816,0.01328798293999298,0.010626619913745458
310,0.05608669378564179,0.8962053570205771,0.021584574116317843,0.014650256698050599,0.011473118379412535
311,0.32502711595959344,0.5445545819909938,0.0028735471482094306,0.06644639851110644,0.06109835639009712
312,0.05999089039129155,0.8926343860538518,0.003605169953594085,0.04075280423343495,0.0030167493678277036
313,0.019798278925691155,0.9544580051400636,0.00831291702904142,0.013170126637981767,0.004260672267221937
314,0.21682929294712008,0.6621385200472718,0.0015262921737976146,0.06704634539073176,0.05245954944107865
315,0.1887648333363031,0.7709478841970289,0.0009296622030722355,0.03443822171270909,0.004919398550886883
316,0.05680895801094135,0.9295917684343387,0.0010849276032864747,0.009617094688755694,0.0028972512626780187
317,0.10950471293000474,0.8717121871394874,0.0013703116436168876,0.014355755478486746,0.0030570328084043325
318,0.043591423283050795,0.9349081248016001,0.0046935999668490285,0.012958735583772757,0.003848116364727285
319,0.022512988394108507,0.9688915968187921,0.0036254213118121093,0.0026791520223976737,0.002290841452889517
320,0.03793400391123056,0.949167460923519,0.0029652323925374383,0.007679281444486336,0.002254021328226682
321,0.031398322524545184,0.9152294788266624,0.029859175634607167,0.018391375110437005,0.005121647903748462
322,0.11065633859634902,0.8398430542728308,0.0123485670895796,0.027998688412544815,0.009153351628695666
323,0.05427942563409625,0.9034475643354485,0.004797596998474315,0.033104190998617354,0.0043712220333637425
324,0.054961309064573145,0.9093890129338993,0.006836061468847266,0.02502735346854958,0.0037862630641307435
325,0.07628292947520508,0.8836044572351573,0.006720019398168056,0.02713775199261461,0.006254841898854956
326,0.04645222867225582,0.8768085287121992,0.029947796634855337,0.030201881348402116,0.0165895646322875
327,0.026366249520530266,0.9392468315526693,0.019714100195708212,0.012470244334552481,0.0022025743965398146
328,0.030598371176642603,0.9400379045387689,0.013204525107848034,0.01179192576752666,0.0043672734092138855
329,0.02341331541258633,0.8943985636350384,0.06973696376323943,0.00843612105916153,0.00401503612997429
330,0.026583634807180134,0.8868194166709764,0.07673902612934964,0.005028938225088761,0.00482898416740517
331,0.021096988163475494,0.9311579818522361,0.04171997885903279,0.0034919431919183974,0.002533107933337233
332,0.030181460943709423,0.9517291085051784,0.012281820288884186,0.0027431866811548737,0.0030644235810729716
333,0.012083479909320825,0.9585890318415543,0.025236954223467143,0.002199116488836762,0.0018914175368207795
334,0.0020333882835633084,0.7716358099657644,0.22412450312431514,0.0006713250844783067,0.001534973541878988
335,0.012536280598290048,0.8214916080000625,0.15647006403123923,0.0018515125211404297,0.007650534849267639
336,0.013110173704700162,0.807329108379041,0.1699708010943567,0.004143390670619035,0.005446526151283057
337,0.030185735927645185,0.7904854110842323,0.15975829396516653,0.010904962478840605,0.008665596544115318
338,0.011059668029474055,0.7515985368968513,0.21965734553759153,0.006209769968167919,0.011474679567915274
339,0.025200795487934625,0.7387127000567885,0.20789468662694827,0.018294855127146643,0.009896962701181953
340,0.09170285612384804,0.860609290806432,0.023577717147611806,0.01865794528979223,0.005452190632315977
341,0.032197611455212244,0.832188976872747,0.12040751491498035,0.006371544225750882,0.008834352531309752
342,0.03167534896221766,0.9101005391531931,0.04343949271023234,0.010928052127459363,0.0038565670468973007
343,0.02793129328322941,0.9360921402191799,0.026413187781323746,0.005352863383587747,0.004210515332679427
344,0.09400581347153597,0.8468914967619406,0.0344007021069826,0.012262922096559332,0.01243906556298152
345,0.0156306005033203,0.750291733412745,0.2246816050968078,0.004606528926803108,0.004789532060323699
346,0.009676006297127396,0.8291242975316767,0.15417735078878433,0.003630060324756094,0.0033922850576556243
347,0.01307490987201972,0.6349928573419011,0.33118411162561034,0.013479110297261614,0.007269010863207267
348,0.022282493993780343,0.598203250798327,0.3521740418863858,0.017504482541692214,0.009835730779814722
349,0.13182000989893747,0.7334196738221131,0.08836113199118417,0.028090480257158816,0.018308704030606394
350,0.07946637183767087,0.70341126710022,0.0670959746097602,0.14179618483996836,0.008230201612380758
351,0.031889413602618016,0.7753331904730035,0.12322067602784428,0.06338072185926269,0.006175998037271394
352,0.036307903408054405,0.7136227612372197,0.13711307084224167,0.10576487215086251,0.007191392361621766
353,0.010473551307313875,0.749701026497933,0.06249273955711713,0.174240625029351,0.0030920576082850235
354,0.03501262993072382,0.4459629086532088,0.015888261962812036,0.49219488207153317,0.01094131738172223
355,0.02994371817577578,0.2869057061345019,0.003903702341218874,0.6716551912792852,0.0075916820692182
356,0.057796530161211446,0.11190208671038374,0.000566024257197353,0.8249782230226368,0.004757135848570754
357,0.06404216051550911,0.15165282450954837,0.00078631829868563,0.7780144423402816,0.0055042543359753015
358,0.03254638411146065,0.06595321824329557,0.0003045418821506765,0.8924323188222765,0.008763536940816751
359,0.021461022588988073,0.021761865748567737,0.00015428321500198593,0.9537005395154475,0.0029222889319946294
360,0.03318749158857455,0.035398586993883846,0.00015508429486167001,0.9262908567633702,0.004967980359309711
361,0.023885065366439907,0.024288645596883107,0.00018529761598453108,0.9494040778341022,0.0022369135865901715
362,0.04062204673264675,0.0208523391574483,9.07863103585567e-05,0.9345853787757051,0.0038494490238412922
363,0.05419374022138555,0.035851078189245954,0.0001196655486663094,0.8986457314423228,0.011189784598379323
364,0.07276633810797986,0.039543024567888975,0.0001332247593884617,0.880172644585168,0.007384767979574774
365,0.10992758733426403,0.10164564381849218,0.000741318171147165,0.34169800560760943,0.44598744506848725
366,0.32456974669722405,0.03615144184035894,0.00010328479466839558,0.5665798743645246,0.07259565230322393
367,0.13647879468054042,0.2136734539078755,0.0009105885970724296,0.42997185818613376,0.21896530462837788
368,0.3357731400004448,0.13727218229000962,0.00032890266483825287,0.40468941687235044,0.12193635817235686
369,0.18376296585448804,0.02675432872701107,9.14832068440744e-05,0.7401754967869613,0.04921572542469556
370,0.26551836646538785,0.05368414498753058,0.00011690493522121029,0.5265018038547893,0.1541787797570711
371,0.31289272606187146,0.045546800255728326,0.00024085602906893895,0.5739667651849494,0.06735285246838191
372,0.3198498387593267,0.01878725042027204,0.00012569220967303382,0.6111156916328582,0.05012152697787019
373,0.27052630887128987,0.028176175472868194,0.00024052467078614483,0.5921695237559647,0.10888746722909123
374,0.2670389051116366,0.01779055085534257,0.00011433390036719956,0.6778113638657843,0.037244846266869296
375,0.19510822729434774,0.06333443325217022,0.0002832430698101172,0.6260922684240597,0.11518182795961229
376,0.0957285277137238,0.011523900652790013,6.395425927421334e-05,0.7331144889452581,0.15956912842895382
377,0.26261961259967953,0.020751911779006725,0.0001253200764952324,0.6781136753288639,0.038389480215954695
378,0.08134746568304613,0.04050834469973344,0.00014780999832955666,0.8331270613788418,0.044869318240049014
