epoch,N1,N2,N3,R,W
0,0.17941648335836724,0.009320359206354685,8.697626744462657e-05,0.0023874589472860875,0.8087887222205474
1,0.28023212496219535,0.02106971291824317,4.8588826729248146e-05,0.007327556361868449,0.6913220169309637
2,0.12151739448096399,0.006344362337220286,1.4528999561455138e-05,0.002425566583944161,0.8696981475983101
3,0.2489603023770854,0.01105979380522947,4.966405559012256e-05,0.012767155129452862,0.727163084632642
4,0.3064771438999244,0.013104423563224965,3.5037822818319966e-05,0.010929005768024693,0.6694543889460076
5,0.30636165748373384,0.01776322260018414,8.41256358924135e-05,0.007185485492437758,0.6686055087877518
6,0.294291776721375,0.018782238271199597,6.874289433300995e-05,0.005673527122815827,0.6811837149902766
7,0.3535838804342288,0.014887421258072565,5.857016811220856e-05,0.00755184075990461,0.6239182873796818
8,0.3874477346880925,0.02238213732462318,6.401410283878062e-05,0.007845186532121216,0.5822609273523243
9,0.23798285927953772,0.016446605163494086,4.408999354727508e-05,0.0033573096993909325,0.74216913586403
10,0.31420668739759866,0.011873130472125813,4.0879300321162896e-05,0.007147123197388476,0.6667321796325658
11,0.35766564405068385,0.02421223628847651,0.0001084594036695998,0.010372742000365746,0.6076409182568043
12,0.2406607649752615,0.04717708652300222,0.00014869853055992673,0.006880675553514761,0.7051327744176615
13,0.18923586407522572,0.0481482750675477,0.00015726175783957894,0.006612048699256673,0.7558465504001304
14,0.36782395665993106,0.0652278355110277,8.609044461550114e-05,0.02035626267001846,0.5465058547144072
15,0.1744786571629604,0.04984668028192512,9.644606930689485e-05,0.007599533971484945,0.7679786825143227
16,0.1753657179983824,0.02441144985243035,6.365813931544947e-05,0.004516815502413795,0.7956423585074579
17,0.1760532463744677,0.016684971917122506,5.9190967309218836e-05,0.009798969290390978,0.7974036214507096
18,0.17165339987718087,0.014753943170608005,7.475781608590071e-05,0.004704627314922176,0.808813271821203
19,0.2877488573187369,0.0525341523629635,0.00013442136391312193,0.010712594048245793,0.6488699749061407
20,0.30333439246229427,0.07063380375281524,0.00018591270701251642,0.005145745228112281,0.6207001458497656
21,0.1170069580584176,0.0817781814630629,0.00027079004927575104,0.0035649579739802264,0.7973791124552636
22,0.26250497827941505,0.06840194666265763,0.00010139181044184688,0.01305911938854901,0.6559325638589363
23,0.27744710688345775,0.05492441963548019,0.00016853428267396938,0.008259400414199534,0.6592005387841885
24,0.30508735635532974,0.07351511451549496,0.00048537401750141086,0.005567028050096475,0.6153451270615774
25,0.29586911024950463,0.08917256230716063,0.0004762254815615137,0.003782051300207982,0.6107000506615653
26,0.410775623281625,0.10418133726711493,0.0002858055642828841,0.010453658868396576,0.4743035750185807
27,0.08713363845645464,0.1371974290933845,0.002360395194568583,0.0028634904816818574,0.7704450467739103
28,0.36881807894986196,0.16635449353587908,0.001355031205116426,0.0021616611354114217,0.4613107351737311
29,0.14441164944270607,0.2996096999584935,0.00965413201790107,0.0016387794379447184,0.5446857391429546
30,0.11864057165234897,0.3999432262173444,0.08099564694289715,0.0011787141562446576,0.39924184103116483
31,0.37105275635233087,0.5514155511265427,0.005049768601250684,0.005716110035025566,0.06676581388485005
32,0.14063902666053502,0.7014274477584533,0.10602606264560731,0.0006015571114989224,0.05130590582390553
33,0.05956935024464667,0.7241939930250354,0.16906061032328992,0.00039793594661608546,0.04677811046041186
34,0.03870007904396248,0.6263217474728257,0.3109785163185859,0.0005660413630436796,0.023433615801582194
35,0.01830030228475213,0.8085337663440245,0.15944349649153722,0.0006273854198206594,0.013095049459865353
36,0.03569314609712356,0.8643247449241358,0.08416380626621137,0.00047528064765512757,0.015343022064874147
37,0.005946534738917236,0.5913138586179915,0.39461266526104327,0.00035867561282581985,0.00776826576922227
38,0.0056619222797375,0.6622245252217575,0.3283276414075138,0.00013952334480792116,0.0036463877461833964
39,0.007116942810605718,0.7559683702815025,0.23134547555385426,0.00019567372670303582,0.005373537627334429
40,0.01029682619299231,0.6168594499017044,0.36529749080317453,0.00032389036063143765,0.007222342741497232
41,0.00372608360738478,0.48250728167436985,0.5103104299181096,0.0002136812341627218,0.003242523565973091
42,0.0020346720475502866,0.3912970063092942,0.6039692554870966,0.00019361404341172934,0.0025054521126472015
43,0.003459030675310366,0.5255746811519951,0.46441653811169864,0.00020114736888088316,0.00634860269211487
44,0.004840718751009348,0.46961641491087697,0.5209030023676682,0.0002483112317295927,0.004391552738716032
45,0.0021678718495358076,0.3243126192481912,0.6693213430091,0.0001447526622065563,0.004053413230966548
46,0.002697704418848167,0.3102472527186372,0.684237462868207,8.97325099572787e-05,0.002727847484350339
47,0.000704671012397355,0.14075328272636725,0.8570700274730136,3.473408595233864e-05,0.00143728470226945
48,0.0016346456059344236,0.2360742630933619,0.7589011468126743,9.53624042290522e-05,0.0032945820838004044
49,0.0016603857666081586,0.30949713130062717,0.6865643609328039,8.483189130441286e-05,0.0021932901086563336
50,0.0009717398462759463,0.23901600345926555,0.7584846426160412,3.620445129624217e-05,0.0014914096271210833
51,0.0008553339782547589,0.2487803584997755,0.7488580550352324,3.849544363210683e-05,0.0014677570431052577
52,0.001282719281098246,0.2717774672886407,0.7252006511676983,5.582285287892478e-05,0.0016833394096837976
53,0.0015170811705699787,0.291540233700189,0.7048251714638698,5.89187494059899e-05,0.002058594915965343
54,0.0007370737426874847,0.2193949518505974,0.778453041613384,3.133388819225949e-05,0.001383598905138659
55,0.00041704353189727977,0.12716195376800768,0.8712068698590996,1.676456256116831e-05,0.0011973682784342968
56,0.0002826033334960523,0.10332942541771843,0.895581951662517,1.0306681656361456e-05,0.0007957129046121296
57,0.0017508808547828728,0.19144808223090937,0.8031453415428894,4.7217399375662944e-05,0.003608477972042779
58,0.0009615860516413832,0.15071842846299072,0.8471094153897518,2.5731335581555113e-05,0.0011848387600344968
59,0.0005208683342876177,0.1416285061655841,0.8567872037741067,1.9652076873960042e-05,0.001043769649147777
60,0.00016245700646049264,0.06332677197614427,0.9358646506556617,9.786862126055827e-06,0.0006363334996075389
61,0.0001212878349062812,0.059577380229908196,0.9395875218429878,1.1211589440528152e-05,0.0007025985027573634
62,0.00010646975663181514,0.06593425991400581,0.9332706499629689,1.1550596803307131e-05,0.0006770697695900911
63,0.0005269684792162674,0.08771892611327901,0.909855956399433,2.834949628800444e-05,0.001869799511783731
64,0.0002507159351149324,0.14081732063895003,0.8575650306105792,3.392587454120178e-05,0.001333006940814799
65,0.00013681314378216823,0.08117654119261353,0.9177253166416512,2.6588332628157362e-05,0.0009347406893249992
66,0.0002758303206944121,0.17182796126773808,0.826192251775977,3.818684020174636e-05,0.0016657697953886916
67,0.00030470618965050246,0.14199455104865727,0.8564444552773421,2.8444327341642085e-05,0.0012278431570081968
68,0.0017972912776652397,0.17836144636645018,0.8177705871284379,8.97522182022429e-05,0.00198092300924462
69,0.0003637211397986665,0.17666313986994586,0.8209973402312768,5.086076492190904e-05,0.0019249379940567417
70,0.0011893862150049682,0.14333692515616372,0.8539417923959445,6.032267599814376e-05,0.0014715735568885918
71,0.00023327351193456049,0.11506913862361548,0.8835513029798409,5.0819289771007816e-05,0.0010954655948381552
72,0.0005693713160305004,0.10047047176842763,0.8978370339372126,5.263611335638875e-05,0.0010704868649729304
73,0.0005922828861378714,0.16319307737768787,0.8346433869090804,6.499706157639024e-05,0.0015062557655174883
74,0.0007856492193072897,0.19890253991273366,0.7975137911444168,0.00010426281573526021,0.0026937569078068937
75,0.0006359484178778078,0.12175554975909657,0.8760473378221257,3.552964851715799e-05,0.0015256343523827396
76,0.0013782557107178083,0.19282254400664237,0.8039685607350022,6.714348113544327e-05,0.0017634960665020177
77,0.0008156325757643547,0.13887784706655287,0.8586880554791614,6.653131524316564e-05,0.0015519335632782523
78,0.0010534257722796267,0.1282318723424686,0.8691639390821203,6.940103996235827e-05,0.0014813617631691152
79,0.0033842481458725925,0.18563616263812566,0.8076894693916818,0.00016782809823004584,0.0031222917260899743
80,0.00019306242503812465,0.06106649365681628,0.9378073826345712,4.9524372172152704e-05,0.0008835369114021292
81,0.0008761843613627351,0.1357404020127764,0.8620659169532479,7.757748136645117e-05,0.0012399191912465905
82,0.0005346626335929509,0.1318031304375519,0.8664408756116629,5.985631186105544e-05,0.0011614750053313392
83,0.00017386989445682748,0.06622383531085664,0.9330119900720315,2.6932502508705788e-05,0.0005633722201462682
84,0.0003916102744169572,0.09241324927826657,0.906489435939547,4.648585419855188e-05,0.0006592186535709064
85,0.0005883141868537906,0.09929761323347483,0.898954068749031,5.9822460649935715e-05,0.0011001813699905683
86,0.00026617723098894063,0.08906065622125389,0.9098073003678296,4.1382872153573385e-05,0.0008244833077740228
87,0.0005851914456010094,0.1054183672644199,0.8933639257807727,6.349656829551796e-05,0.0005690189409108871
88,0.000157519539684744,0.03806936939673993,0.9611859254973947,4.308213423988666e-05,0.0005441034319407541
89,0.0007537648908276347,0.07492661081766,0.9231777900614893,7.701544365628243e-05,0.0010648187863666113
90,0.0003305336848743719,0.045599124491954995,0.9533848901924096,2.4925271059222274e-05,0.0006605263597017305
91,0.00010929777489979316,0.0391207770379729,0.9602589660635391,2.5959353646054877e-05,0.00048499976994237327
92,0.00017764001808252212,0.04159266756830334,0.9575965486491147,2.2775573992222945e-05,0.0006103681905072156
93,0.0001850630454096116,0.041010531277529606,0.9580164241665081,2.3011415036070257e-05,0.0007649700955166882
94,0.00028176288705572154,0.038854506595821646,0.9601058746781264,6.149804375473805e-05,0.0006963577952416348
95,0.0007635247505623688,0.07392451968839628,0.9241107706601153,8.944402464640558e-05,0.0011117408762796016
96,0.001500604339939267,0.16095679617134684,0.8359864399449367,0.0002434586977205114,0.001312700846056844
97,0.007039476222566863,0.13788887519513385,0.8503519511248195,0.001994103393626563,0.002725594063853191
98,0.013095956299382852,0.36682973775494915,0.6063659633799897,0.003630672362772017,0.010077670202906197
99,0.028577517494555792,0.6362436645230841,0.301115825653045,0.008959621313211569,0.02510337101610367
100,0.146948740059614,0.6568339439392644,0.016262173614845384,0.11676588797462334,0.06318925441165281
101,0.18169303819822963,0.6697107910617277,0.02799032052413812,0.053288371791785694,0.06731747842411887
102,0.19791817724575272,0.6892294029596641,0.008885460295144993,0.05762291267769135,0.04634404682174684
103,0.30854268083390907,0.3772428832317719,0.0026127776996127034,0.23821464103728654,0.07338701719741993
104,0.13593261417220528,0.41176385761106915,0.01610793627001516,0.05250366210847792,0.3836919298382325
105,0.16204539330403803,0.5239629214209526,0.0018321100083122162,0.11874523252777246,0.1934143427389247
106,0.3496920212003899,0.3523386392508117,0.0022123201915825105,0.13359250695655178,0.16216451240066415
107,0.22227482472442486,0.23954214809851032,0.0006806713592132242,0.42782375695021524,0.10967859886763644
108,0.15927252033801648,0.3702360290315139,0.002830035430518839,0.12693112487243569,0.34073029032751506
109,0.17807971785053092,0.41656587930743233,0.0003272973328565223,0.361983932656852,0.04304317285232823
110,0.28164275017688123,0.30819547706934813,0.0005207884802171938,0.29236271688907717,0.1172782673844763
111,0.09266513357354587,0.04871664160795596,0.00018488154469216574,0.019641345907525986,0.8387919973662801
112,0.4620986260613339,0.38776699669962594,0.00044198517309190576,0.08486888688135964,0.06482350518458854
113,0.4986376051033646,0.30380823614265023,0.0012872871538513984,0.14898906167302917,0.0472778099271045
114,0.4467951096438617,0.3501809765049229,0.0006607016542482338,0.10070789060758846,0.1016553215893786
115,0.2165460783037652,0.589818531983029,0.01034239172943581,0.09257841373967587,0.09071458424409416
116,0.11028078255003232,0.7596679239357513,0.027401118968871787,0.043526675340689866,0.05912349920465475
117,0.137144594603546,0.5215494598631267,0.004630723170901191,0.31234066944296496,0.024334552919461072
118,0.08573577736225814,0.22653772771221864,0.0005326426474901752,0.6290094003459431,0.05818445193208999
119,0.07978261579505247,0.17822386700226175,0.0011804299779795747,0.5777894747627678,0.16302361246193842
120,0.12147203694031257,0.1940503963050824,0.0006588336695019055,0.43392937639823365,0.2498893566868694
121,0.08807814163467412,0.17004396975839164,0.00043107987151139724,0.6334916956713634,0.10795511306405939
122,0.08347157881017697,0.11085056441103433,0.00036393283366489186,0.7457427412959764,0.059571182649147396
123,0.08310243098500511,0.07873072373230462,0.0010374785952008908,0.3386634906017373,0.498465876085752
124,0.04321426641768536,0.048542668956825144,0.00041949366839669666,0.7793694924210626,0.1284540785360303
125,0.037409898841888584,0.02353291104288077,0.0009077223946345311,0.2318851967993511,0.706264270921245
126,0.03244160715971704,0.040483124674575856,0.0031931494689650206,0.4313101743887025,0.49257194430803947
127,0.09136318148788382,0.03669544623629281,9.228112453528805e-05,0.8276511449078096,0.04419794624347834
128,0.2340975529066456,0.06529932261871647,0.00025898282208593247,0.6530553581948823,0.04728878345766979
129,0.18634306221533184,0.12378961342667903,0.0005376076164882387,0.5354115240006514,0.1539181927408494
130,0.27033116175996214,0.1380075953356972,0.0004915095452076471,0.5173599730213141,0.0738097603378189
131,0.22971990366904363,0.25544787326938057,0.001391188227358272,0.44219531213291496,0.07124572270130262
132,0.11960755220349541,0.14507805927137613,0.00033895722264510166,0.7041109052180076,0.030864526084475763
133,0.15283703008625624,0.1785732589519911,0.00022025903036392645,0.6389339421097048,0.02943550982168394
134,0.15601549702994644,0.3084913665029458,0.0006748222952046593,0.43766271580731453,0.09715559836458859
135,0.15738918234689783,0.11571243473137247,0.0004928009067576391,0.258885010836504,0.4675205711784681
136,0.28015384794249243,0.2617798054327476,0.00016314580119438865,0.3791142820597942,0.0787889187637714
137,0.22797396202956025,0.2802288740243641,0.0007561042712868249,0.4436807723549519,0.047360287319837095
138,0.1723221710295825,0.32006369552252667,0.0011810731573178453,0.29029147509393416,0.2161415851966389
139,0.1940324598539949,0.4121510946289679,0.0039891251907148515,0.29320596923813613,0.09662135108818636
140,0.05006533925506227,0.07541332750107262,0.00020032526961455402,0.8438083516045843,0.030512656369666078
141,0.05568122877812589,0.06869542254638443,0.00028807596913990293,0.8367219669786206,0.03861330572772922
142,0.05985090017492742,0.22915301287108075,0.0008026114472508658,0.6746879601135595,0.03550551539318161
143,0.07211200576779771,0.11440859411261145,0.0003766809450481438,0.6551569948582945,0.15794572431624818
144,0.07671638462824888,0.12092044606816822,0.0005256015876987673,0.7409655358932692,0.06087203182261499
145,0.11796668189576429,0.1740375763842039,0.000819611321181082,0.39680844230950885,0.31036768808934195
146,0.17035438029003777,0.1415059878054364,0.0005717491510260195,0.4816891608630492,0.20587872189045056
147,0.11341360078313231,0.14373291687497455,0.0001284402513496352,0.709236447180307,0.033488594910236515
148,0.20630149675819126,0.10011221049220219,7.491308423937259e-05,0.6468432860995752,0.04666809356579201
149,0.15773496752348978,0.06604055228356318,0.0007057514476147686,0.0391077644837326,0.7364109642615996
150,0.4300395925991651,0.1983150795109019,0.0002799084793512465,0.3258649714666767,0.04550044794390515
151,0.25061582018002354,0.6474184183659293,0.004842046926218744,0.057059224168890144,0.04006449035893833
152,0.16878786347403185,0.6872623454168789,0.03339443227140348,0.08184486137712504,0.028710497460560556
153,0.23255583519852038,0.24771904903574352,0.0009098051496441279,0.4768155379804777,0.041999772635614045
154,0.2454600624211628,0.3519010628379756,0.006300478203264157,0.35467736150965967,0.0416610350279376
155,0.15648104860437734,0.7090872044932516,0.031081166506855475,0.08485020498956077,0.018500375405954873
156,0.05278801883932092,0.7674342336332184,0.16386549173467463,0.008830459817196412,0.00708179597558954
157,0.37258772525176465,0.39987544929230645,0.009303959443238244,0.04884729664765518,0.16938556936503532
158,0.39969987844704724,0.5190222334420962,0.0019120790548047164,0.01843009621594484,0.060935712840107153
159,0.22423698065268655,0.7419782838791117,0.003962766990232441,0.014816418287600492,0.015005550190368972
160,0.16447638875500958,0.6817557980322597,0.1380649521541156,0.0015547775805280102,0.014148083478087029
161,0.12179151571634528,0.8406679732027512,0.024626837915292122,0.0022339450644857607,0.010679728101125635
162,0.02804725548671888,0.619549642883444,0.3392773228307975,0.0016167565866885545,0.011509022212351125
163,0.014054926158004825,0.6584928319469384,0.32017261340182857,0.001569439062987894,0.0057101894302401535
164,0.023487562794901436,0.5710978093058836,0.3947612273339689,0.0020459969506482056,0.008607403614597813
165,0.03564292154993458,0.8748272881114758,0.08210053809989888,0.0018571176154559103,0.005572134623234846
166,0.016132430401001756,0.7869978727568053,0.1919067831639044,0.000800385985606928,0.004162527692681708
167,0.008351442411009005,0.641484235250456,0.3452719231903119,0.0006876613694865363,0.004204737778736626
168,0.01306245046518593,0.7830184122237996,0.19853431297723076,0.0018762282274024957,0.0035085961063809797
169,0.005579404555864053,0.6527231392295323,0.33795133023140617,0.0011111873505588758,0.002634938632638688
170,0.030941280461177122,0.8779191572925803,0.07830681212908949,0.0028809380369135395,0.009951812080239783
171,0.016843772282018867,0.7094676933069448,0.2661255700165064,0.0022745704975758894,0.0052883938969540125
172,0.005817395951224679,0.6152138545426705,0.37466103252997535,0.0009263029657859534,0.003381414010343497
173,0.00892545139519082,0.6107587691237774,0.37772126828653635,0.0007367204393979544,0.0018577907550976006
174,0.017901776873705578,0.6215841110330715,0.35211317851746254,0.002247905174658447,0.006153028401101784
175,0.007030821565573255,0.6952587461703086,0.29226156599279773,0.0016639608736598737,0.00378490539766061
176,0.01012797191656501,0.4698747963823011,0.5158683688225536,0.001528931825633905,0.002599931052946397
177,0.00310603369056896,0.48195949003414734,0.510255426838547,0.001266300349014878,0.003412749087721968
178,0.005509998695169661,0.6352025525233309,0.3555413636135385,0.001404315496720063,0.002341769671240741
179,0.027629485669849917,0.7553180379277145,0.1923789819860083,0.003444920400510761,0.021228574015916792
180,0.006016831053042865,0.5284752383124272,0.4628451502819892,0.0008476181667548421,0.0018151621857860048
181,0.0028004998135663975,0.5525400540660331,0.44126287739977077,0.0005651728387051619,0.0028313958819245434
182,0.004642947672039642,0.5949445623156561,0.3968647157368444,0.0009374680698097112,0.0026103062056500917
183,0.004016768931082282,0.5143361262532465,0.47841619333058366,0.0009427979251680348,0.002288113559919538
184,0.003446473581132128,0.5955506208597627,0.3955793915246669,0.0011718532692916092,0.004251660765146619
185,0.0029356582847934296,0.4961909511806933,0.49869086034926724,0.00046077635601097876,0.0017217538292348372
186,0.004356132329449562,0.6426283373523238,0.3500959696534072,0.0005946786479992596,0.0023248820168200695
187,0.0018755465277463408,0.3198652388417464,0.6769576168684955,0.0003507799067078762,0.0009508178553038438
188,0.0020529345766234727,0.36472770391522874,0.6311249119434137,0.0003296767772657317,0.0017647727874682852
189,0.0006288215375921406,0.20464715455816174,0.7941606679577238,0.00010853074925663532,0.0004548251972656387
190,0.002049992900166599,0.3837054760329801,0.6123496599618781,0.000373681284471823,0.0015211898205034766
191,0.0011632073124418845,0.19870027388007966,0.7990419324451774,0.0001227543604535341,0.0009718320018475122
192,0.001474657703501222,0.22661172168811536,0.7705803619015514,0.00019625308699115643,0.0011370056198407015
193,0.0004247898838298949,0.10718031470002079,0.8911230927700544,8.627828963255347e-05,0.001185524356462096
194,0.0008656571265068536,0.14938639983043317,0.84912378771493,0.00010228222366569704,0.0005218731044644836
195,0.000747390200663237,0.14868577907766095,0.8498977082594255,9.702015986586422e-05,0.0005721023023845279
196,0.0007366062223991235,0.14548468605468565,0.8530387562819003,0.0001239501870283311,0.0006160012539866616
197,0.0005015865385132599,0.20469352946413852,0.7940685495102041,9.812038150375844e-05,0.0006382141056403863
198,0.002221237222263203,0.19926573218435795,0.7968849905482356,0.0001653019631639556,0.001462738081979317
199,0.00019633264536320463,0.12547808792163564,0.8737567835134431,6.686858387840042e-05,0.000501927335679572
200,0.0025229324350418366,0.2652364281207234,0.7292738770081332,0.00025457485817043774,0.0027121875779311275
201,0.0009904878022654322,0.16914331777889044,0.8290551673082333,9.361170220712742e-05,0.0007174154084036619
202,0.000785794069457902,0.33620552416873695,0.6620583414550613,0.0001398688266951627,0.0008104714800486697
203,0.0002731431631747045,0.10893452563051022,0.8902504191866241,6.056407107262204e-05,0.00048134794861832617
204,0.0009686221503391583,0.1670558457919567,0.8303978690266477,0.00021410057340126026,0.0013635624576552546
205,0.0002456027247645932,0.06699751881262524,0.9320087166504287,5.07130116755881e-05,0.0006974488005058154
206,0.00020439193065258348,0.06543412587941795,0.9340144947922202,8.268415736150701e-05,0.00026430324034786956
207,0.0006033003560295945,0.07591511428560964,0.9227268684279221,0.00024579244781296205,0.0005089244826255589
208,0.00040059443234945365,0.08265639217774004,0.9164582146693739,0.00010209573058528234,0.000382702989951194
209,0.0003217403052464011,0.03895195525534137,0.9601952715212106,8.415261901050684e-05,0.0004468802991910952
210,0.0013107201393780406,0.12686938665061234,0.8697147676957204,0.00042601199950521884,0.0016791135147840863
211,0.0006499071376068797,0.03945293588353301,0.9586271044542847,0.0001750643866017574,0.0010949881379735558
212,0.015575994720520599,0.16807032869380428,0.8089357997640921,0.001345057203191044,0.006072819618392032
213,0.0011324281351996351,0.09669873633365685,0.9006182837148243,0.00032571409576804915,0.001224837720551441
214,0.007200345321084887,0.10212974147795094,0.8871057400211505,0.0009283432435275451,0.0026358299362861932
215,0.011442115361387376,0.1204356249222208,0.8641032418962543,0.00087583099630278,0.0031431868238346043
216,0.024601576133532407,0.08079367430909189,0.8878180081857513,0.0038465751935905053,0.002940166178033921
217,0.0012095701993515458,0.0881272209698553,0.9073579326616708,0.001767283403718346,0.0015379927654041866
218,0.005856585966663695,0.07294637246203478,0.916849847260684,0.0027924116798644393,0.0015547826307530357
219,0.01796439940731612,0.20822403205568688,0.7546394317857223,0.013194586620609737,0.005977550130665033
220,0.0014303590721810222,0.05216178217303071,0.9434030165647047,0.0019050431859300517,0.0010997990041533656
221,0.001982681477466713,0.08441630272429829,0.9073910111673834,0.0036133686948302446,0.002596635936021415
222,0.005056809166302129,0.07710741975196371,0.9093065624175521,0.005338795623090983,0.003190413041090891
223,0.01816714757795672,0.2426852090831897,0.722551164143103,0.008410321048719839,0.008186158147030694
224,0.004696826137949494,0.17358792210305576,0.8138935747170493,0.0025876288851163424,0.005234048156829317
225,0.010564052431628099,0.1229968754607591,0.8606445700558374,0.00255191789214748,0.0032425841596279495
226,0.005745916667527812,0.10595979193478759,0.8821729173688003,0.004320857369692922,0.0018005166591912776
227,0.017768733257791235,0.14515026161115777,0.829737806591124,0.0018502147569638132,0.005492983782963186
228,0.0012496314590893954,0.07236906603838801,0.9249673602470787,0.00043400451504287845,0.0009799377404009965
229,0.00031831487627891216,0.08780127823129166,0.9110559392309032,0.00019295827697490776,0.0006315093845511526
230,0.0009014524963882622,0.0616563817215281,0.9367033937583779,0.0001487574904654335,0.0005900145332402572
231,0.0004694264823004388,0.06023066219749687,0.9387660222541219,0.00011489463297278852,0.0004189944331082945
232,0.0013040676488811577,0.05662973454039991,0.9407317160059999,0.00040599616935671083,0.0009284856353622889
233,0.000592949287838615,0.08002189161433895,0.9186104514231934,0.00020230214776996298,0.0005724055268590403
234,0.0012410944536364159,0.0636563980175337,0.9332624036980715,0.000943877887528727,0.0008962259432296917
235,0.0023781146582869494,0.08425420415560074,0.9093592358210189,0.002296723938882491,0.001711721426211113
236,0.022373960446324965,0.185215464655124,0.7734466981873451,0.00999460842906571,0.00896926828214031
237,0.028181291605059205,0.06581465004073257,0.8941269008447443,0.008887092774259718,0.0029900647352040584
238,0.011711736784884337,0.04276801538453482,0.9196071204867082,0.022083309346675777,0.0038298179971968964
239,0.009795407748709163,0.04043945029129853,0.9400908094347955,0.008099878477981966,0.0015744540472148211
240,0.062333942254193773,0.26886820655955534,0.5820405780013821,0.06064815317815909,0.02610912000670982
241,0.01738440350414243,0.10921238600464642,0.8564302923955965,0.009032072850653796,0.007940845244960845
242,0.006937760544177531,0.07370233896209293,0.8962133190370776,0.01024567807381894,0.012900903382833118
243,0.006274994566518015,0.08762338709001521,0.8717337310741357,0.015213319209540261,0.019154568059790884
244,0.04351652750510149,0.423021591955283,0.4063455206924246,0.04879273453900892,0.07832362530818199
245,0.008251191103338957,0.12788891904202127,0.8378922927826759,0.008171883805140553,0.017795713266823415
246,0.03555313746399539,0.29081916205735625,0.5991776656674954,0.014211324967726145,0.060238709843426795
247,0.015100898309006834,0.11510097732706184,0.8427179380960522,0.00832338176546094,0.018756804502418085
248,0.03618680649431412,0.13260160594879317,0.8063038678105826,0.0070533291012005615,0.01785439064510969
249,0.06457742766159837,0.3580412933205041,0.45727408678911674,0.04885632518120632,0.07125086704757437
250,0.0161252548051872,0.1191393399341543,0.8357290768334564,0.008358517677121645,0.020647810750080257
251,0.061873527952230674,0.2813358087253067,0.590483959632568,0.01884674569309586,0.047459957996798745
252,0.024720004765246165,0.4561352191264461,0.48113619860556445,0.006884894270139478,0.031123683232603797
253,0.027463937304742152,0.4667039960135107,0.45563174140635887,0.006337929719791327,0.04386239555559712
254,0.01652563605414082,0.22745585647388453,0.7300959248487575,0.00401066079914822,0.021911921824068894
255,0.038592040862722256,0.269927690511242,0.6405693916352693,0.0073694967706120175,0.04354138022015458
256,0.0774613065572253,0.49423772108060104,0.34217323314157955,0.011161984702012758,0.07496575451858138
257,0.06487926051434652,0.3880715446587458,0.4918733822911099,0.007153687493031252,0.04802212504276669
258,0.043084188483768625,0.31656683938322644,0.6121155986500701,0.004546698085470486,0.02368667539746421
259,0.04184169476835981,0.4262196979269002,0.4537568574355959,0.011244023419167002,0.06693772644997714
260,0.035662629320974894,0.36959250128248355,0.5310643350988036,0.014010301246247359,0.049670233051490424
261,0.04572872383907487,0.24647515514984733,0.6486317083135715,0.009081079276203935,0.05008333342130244
262,0.05914416627959778,0.20068417446175482,0.6635846440388772,0.009172099920451107,0.06741491529931898
263,0.09201289775346956,0.5704226329857208,0.20538589329768714,0.014117224968925847,0.11806135099419666
264,0.07554861873717256,0.5533562395644348,0.2513974335031023,0.012332076492922102,0.1073656317023683
265,0.11832834834543034,0.34637825522715276,0.36574181407545203,0.06631595648936703,0.10323562586259785
266,0.03727174064968819,0.2640086126732819,0.6171879279726391,0.034453350539219135,0.04707836816517157
267,0.09937647915266729,0.42753310570731995,0.27649343087198247,0.06888010270202753,0.12771688156600267
268,0.09423283353163206,0.555951072437382,0.1811049558195591,0.04490577975301888,0.12380535845840797
269,0.26654856856565134,0.27857289182239986,0.11931262288619984,0.03499718475422173,0.30056873197152717
270,0.27664438418497383,0.357539904459738,0.10524046835314746,0.027500685132987365,0.2330745578691532
271,0.16541994860094644,0.5174105851953583,0.24665820049595744,0.018752692549382725,0.05175857315835503
272,0.1994735680828767,0.6544752374107349,0.10812693496915658,0.00905336438949754,0.02887089514773433
273,0.05073543975320779,0.699566981264298,0.20301978213602404,0.0028096868642582887,0.043868109982212106
274,0.06395292440626882,0.5978208578745832,0.3280197020665826,0.002713168343923246,0.007493347308642055
275,0.008128668335147993,0.4019614399085478,0.5860531697480252,0.0010360534111400598,0.0028206685971386754
276,0.14832090222627484,0.61794119326777,0.1961163752034773,0.007795746184119891,0.029825783118358085
277,0.015836536833361527,0.46114366942243873,0.5114888483464594,0.005083367315038711,0.00644757808270155
278,0.027618226281905446,0.4534032951046013,0.5031077196684227,0.008113704428794222,0.0077570545162762745
279,0.05915919400912878,0.6484465545387592,0.2576043250360349,0.006844754480406991,0.027945171935670046
280,0.03165338111726433,0.5321787490598041,0.4229168365317779,0.005057192227556353,0.008193841063597277
281,0.010035894014407406,0.42395825068333737,0.5610521861876759,0.0026256342409177996,0.0023280348736615573
282,0.010124671885084596,0.5892358066568217,0.39365900490679434,0.0016738345656794151,0.005306681985619857
283,0.04430849031638057,0.7533320059871774,0.1808165017583332,0.0070446162048018865,0.014498385733306973
284,0.09382213104942014,0.6238532926301887,0.22815059394613738,0.018257501297342472,0.035916481076911214
285,0.14152022034852565,0.4843897044612239,0.042261348113880395,0.025255910237970334,0.3065728168383997
286,0.06460290146053774,0.8231186981677087,0.07425478289450196,0.004297447818865664,0.033726169658386006
287,0.09981696197419931,0.8129594101155464,0.07447100010997736,0.0042611707054624704,0.008491457094814539
288,0.07578838593846936,0.8156099949761796,0.0868722536238452,0.006051560606124911,0.015677804855380954
289,0.018364183183907607,0.49609767129999094,0.47600072063715626,0.004948199480285556,0.004589225398659541
290,0.051019884295413924,0.6115696278184225,0.31631562614836084,0.006547801795327984,0.014547059942474575
291,0.1649254877184532,0.7133563579458342,0.0881713323419894,0.010079895357657477,0.023466926636065706
292,0.11705001377185963,0.6393624428258353,0.19929772383869931,0.009178308754446822,0.03511151080915891
293,0.03659326161783503,0.5048570339774149,0.44186919348608217,0.009778053359306687,0.006902457559361098
294,0.36445278335781545,0.4397376142316546,0.02382786592185875,0.013685119736075781,0.1582966167525956
295,0.09169241945035231,0.5941715747044007,0.292264644828017,0.006776119896359371,0.015095241120870642
296,0.04832883538715061,0.7729634226153669,0.15161714810402588,0.008740042353391755,0.01835055154006476
297,0.019554772530258176,0.7799231610268311,0.18800752313363808,0.004195707778813632,0.008318835530459171
298,0.08789407346250694,0.7854184105159284,0.08057484203108928,0.008893033582696963,0.03721964040777837
299,0.04001306390393944,0.8132592520292271,0.11979980770983245,0.00693542810504712,0.01999244825195373
300,0.05013156943770412,0.8151649403216445,0.12083581140230266,0.0036738726815883794,0.010193806156760443
301,0.09385607619694933,0.6805717646249465,0.21052329111750276,0.0027945551195805276,0.01225431294102097
302,0.010953182828115377,0.6742861923932967,0.3037403677135018,0.0020392132209223965,0.008981043844163773
303,0.03618169806894094,0.8497961275631443,0.0942311934141419,0.005268408237255226,0.014522572716517596
304,0.22967302344878385,0.6319668933613194,0.07931722774429381,0.0058919400253838105,0.05315091542021915
305,0.2498342194793976,0.5761453547448283,0.022392878387815472,0.030759236325955785,0.12086831106200284
306,0.12826653445441644,0.7443591946831176,0.08572896057339473,0.018481185806738288,0.023164124482332744
307,0.256486922750176,0.5422690369133094,0.00991653799036191,0.04596052936588116,0.14536697298027165
308,0.17125809882002813,0.5282735459590862,0.21712045441859204,0.04564587638564654,0.03770202441664722
309,0.025610164852115112,0.5811899034263285,0.32525832616789613,0.023217823328899698,0.04472378222476046
310,0.08264377648384238,0.048303724681963894,0.0031590552013902803,0.016487225912574652,0.8494062177202287
311,0.09154468566979436,0.03248554394243203,0.0014464085854165023,0.016764590426904435,0.8577587713754526
312,0.03191058054030424,0.008187073337742969,0.00014952097736898288,0.004115267797555927,0.9556375573470278
313,0.04952922909928038,0.007679973250358716,5.325378038717546e-05,0.0024784335650243085,0.9402591103049495
314,0.48517330068184694,0.08366713647457778,0.0007925110279773861,0.009759855756202378,0.42060719605939545
315,0.03674115472255366,0.13429749155249182,0.001171049559790783,0.004668029072109969,0.8231222750930537
316,0.0032780370179466946,0.015940805079161763,0.00019057105381477902,0.0008122672253482348,0.9797783196237285
317,0.0027012249824557703,0.013582357326073533,0.00011292904930775414,0.000791100413843314,0.9828123882283195
318,0.004511267713226414,0.008026104405393931,0.0001798817027384718,0.0006690319567771186,0.9866137142218641
319,0.0038393153616810283,0.0035925797694383345,0.00014117324686700953,0.0002847832648919555,0.9921421483571216
320,0.0034003199269855952,0.0022864980948423346,0.00014189357763702036,0.0003363519484680888,0.9938349364520669
321,0.02091421986974346,0.004361031445542319,0.0005082621191323925,0.0010956643418859535,0.9731208222236959
322,0.03897230185850435,0.0028410688196188827,0.0002662849140239107,0.000642277697905499,0.9572780667099474
323,0.08091996428241692,0.005749068178299602,2.2424105752838738e-05,0.0013276928596669144,0.9119808505738637
324,0.029054772731947186,0.006691828553751512,1.2316495547277766e-05,0.0027177556316317374,0.9615233265871224
325,0.0492619222662999,0.016453097079210072,3.946722715789942e-05,0.005215500144710252,0.9290300132826219
326,0.3356321015575778,0.03828852401727638,0.0002306995308788707,0.1990071631941724,0.42684151170009466
327,0.09951293143732998,0.009191175248838977,5.0090163027526554e-05,0.027201053484641104,0.8640447496661623
328,0.06872911095842613,0.005870768214372739,4.960779754182852e-05,0.030236077336984687,0.8951144356926747
329,0.051663432965895546,0.004689186548220713,9.305570012738014e-05,0.033889992692405856,0.9096643320933506
330,0.0915273463750797,0.015874007445923214,0.0001274699329955553,0.038712597520669814,0.8537585787253318
331,0.15712467340976669,0.021519573846957678,0.0003626463326059171,0.17095342173458664,0.650039684676083
332,0.03407496698140574,0.005903529531364044,4.602896521397324e-05,0.014462966681266813,0.9455125078407495
333,0.04123737411697395,0.011396741495461592,7.474825099249558e-05,0.011108839982959223,0.9361822961536127
334,0.17560186192563582,0.02131161534285804,5.335320650908373e-05,0.013237337679098588,0.7897958318458984
335,0.13059461961367227,0.016044697068742626,4.969621268996026e-05,0.009295520983625998,0.8440154661212692
336,0.1034221471938554,0.007023539561796768,2.4942498097444983e-05,0.00808164642523599,0.8814477243210144
337,0.22938727255961833,0.01574381951061935,0.00016113870467483404,0.044199022210264026,0.7105087470148234
338,0.03141996147392132,0.0045491869398545754,1.8615675015187088e-05,0.002910559109082118,0.9611016768021267
339,0.1155498333379447,0.00953161245499847,6.371754398975904e-05,0.010293298334367148,0.8645615383287
340,0.01207609210695191,0.0036283374468241256,6.026673414834728e-05,0.008254105203959977,0.9759811985081156
341,0.059536354108213646,0.014132471345832254,2.4514015203973635e-05,0.0161678916097068,0.9101387689210434
342,0.02889125820655246,0.005085295056756341,1.5877810697292216e-05,0.012369790856150854,0.9536377780698431
343,0.10716385957405336,0.032473915131222476,4.9820989697769045e-05,0.06154537041068277,0.7987670338943437
344,0.0775257487079577,0.010455480913765977,4.038648153449219e-05,0.019611068936050288,0.8923673149606917
345,0.1755229111837378,0.016658886737631468,5.648729396826725e-05,0.09221029722747694,0.7155514175571855
346,0.05380042116456608,0.0068058014007008555,2.625794722491929e-05,0.021449007330655204,0.9179185121568529
347,0.06558988960401231,0.01156679243283961,5.421694340670553e-05,0.03003500937492953,0.8927540916448118
348,0.04196364797786718,0.007386787642793617,4.1758073023087064e-05,0.015344552544330196,0.9352632537619859
349,0.1906368197273554,0.027426428899021256,0.00019869427568478744,0.07372541255901587,0.7080126445389227
350,0.2298306292943788,0.03470809534856447,0.00014235030463144457,0.23678379116719625,0.4985351338852291
351,0.18410061591379404,0.023013115098996402,0.00016430347326896224,0.13717257572314073,0.6555493897907999
352,0.41412827837838784,0.03728599149048667,0.00013822312390359952,0.2727504190958257,0.2756970879113962
353,0.2712147687506514,0.03261958777265025,5.863994348829301e-05,0.1018011236637636,0.5943058798694464
354,0.2941177741969489,0.15132346704581282,7.499464350695792e-05,0.4775751538547729,0.07690861025895854
355,0.44576536706142655,0.0765350747477,7.61451528896973e-05,0.22322529620652365,0.2543981168314602
356,0.2616145931534083,0.2685806116758204,0.0007065933639829238,0.3988862169583134,0.07021198484847507
357,0.23227134110076011,0.33303175731864343,0.00034568402057974843,0.32189854083893704,0.1124526767210797
358,0.19324208941292587,0.1596010117519533,0.00019295157363702928,0.607534669381193,0.03942927788029063
359,0.12805409148564872,0.34264005523738156,0.0006865637241299844,0.38010209001091394,0.14851719954192572
360,0.05712513988546083,0.029468782322254073,7.11381119498331e-05,0.035812971930669305,0.877521967749666
361,0.2832277367912682,0.04435142468746555,6.251852684306379e-05,0.06279886809102783,0.6095594519033952
362,0.26923299413628593,0.035116537012136226,7.156992938935166e-05,0.042646455371894626,0.652932443550294
363,0.28550923309993276,0.1322228895992297,0.00014071139672397316,0.08779464239383003,0.49433252351028356
364,0.06721474141051587,0.016694398509554873,0.00017153942203384075,0.056634847628136246,0.8592844730297592
365,0.38010284958312246,0.029120195273754392,0.00030764417015501425,0.0659285860495013,0.5245407249234668
366,0.3094170617674818,0.027825105745694655,0.00013367419600725835,0.0631424151302221,0.5994817431605942
367,0.3853572623061458,0.06749354994405928,0.0010285836519777546,0.2207992035447823,0.3253214005530347
368,0.3192618527702629,0.07455294440312926,0.0004081744006677478,0.4460823370426644,0.1596946913832758
369,0.36024595272756543,0.046993243307529464,0.00015407066061617366,0.49402423138702495,0.09858250191726392
370,0.10282025696253083,0.1536905678153546,0.0005573511706682962,0.6739225798564236,0.06900924419502269
371,0.0641258086571952,0.03494541115667625,0.00023716199005556713,0.8560260930475003,0.044665525148572534
372,0.15673520271617838,0.035756848262595314,8.101690772971313e-05,0.2888911334191893,0.5185357986943072
373,0.03398825871991934,0.00509344297304341,4.41239392676812e-05,0.03504310437573086,0.9258310699920387
374,0.1184885306392199,0.011904681002753999,5.961780901159614e-05,0.035275990547508344,0.8342711800015061
375,0.0670091723674847,0.005913469973200443,3.873223066471144e-05,0.015042746259693561,0.9119958791689565
376,0.042755076205019206,0.006779815556902102,6.953520425957076e-05,0.013450578386621111,0.936944994647198
