epoch,N1,N2,N3,R,W
0,5.159558621808354e-06,1.8744329607188772e-06,9.694962444223025e-06,6.368691570795501e-07,0.9999826341768162
1,0.00010542726783255258,3.1867381545830126e-05,8.114532448737563e-06,3.1106607773058793e-06,0.9998514801573957
2,2.6264778153018876e-05,1.5426144052386157e-05,7.633938076209825e-06,6.723077686909007e-07,0.9999500028319496
3,0.0021785835319274296,0.00015670475153293072,1.4296820092230173e-06,5.3641635695097436e-05,0.9976096403988354
4,8.391746868114598e-05,5.85217207851288e-05,2.436677776606263e-05,5.291271169896886e-06,0.9998279027615978
5,5.6018433107924014e-05,4.745773512283009e-05,8.380987573266015e-05,1.7756469203713839e-06,0.9998109383091163
6,0.0011396223404591078,0.00017039153623754952,1.5761112487038165e-05,9.412277616356502e-06,0.9986648127332
7,0.007973999116381908,0.00020559515289332082,2.0112670711991605e-05,4.5003714128002104e-05,0.9917552893458846
8,0.07342013669115224,0.001013411992701712,5.273443737651462e-05,9.055026439602912e-05,0.9254231666143735
9,0.06638405715696015,0.0006650297494575327,0.00010775555162075587,3.956086770791041e-05,0.9328035966742536
10,0.48174314989744993,0.019829938246984063,0.000802732992620918,0.0003318906499117613,0.49729228821303345
11,0.2559571088937613,0.24872447272161222,0.029221332516853264,0.0020477239169335794,0.4640493619508396
12,0.20162404986031202,0.6342483121428465,0.0472017129186149,0.004857585535834683,0.11206833954239184
13,0.07038968439308217,0.889240128377733,0.01790800766173777,0.004791290996395621,0.017670888571051525
14,0.08962924631988703,0.7780587578241753,0.03520564321803907,0.02030188145809827,0.07680447117980023
15,0.07954729629838526,0.7597265354416721,0.0961876589935058,0.012096931981799766,0.05244157728463701
16,0.06946204299983488,0.8374142207802888,0.04924539985232565,0.01673314181602364,0.02714519455152692
17,0.03562520822916859,0.8341549455214042,0.10434125637283911,0.008474694599904261,0.017403895276683828
18,0.018173227753518553,0.9248166276241996,0.0414326494968976,0.004119109136163131,0.011458385989221356
19,0.03204118546705266,0.8618521694856212,0.0794478093081829,0.005265597228007885,0.02139323851113539
20,0.01508135116540506,0.8334304385042318,0.1327044632519732,0.0025794862503989734,0.016204260827991052
21,0.03169441569597097,0.7711079076697405,0.17892628362601817,0.0017974852991466176,0.016473907709123766
22,0.008839215376053857,0.8366527490096742,0.14519872696122205,0.0007884750873456959,0.008520833565704055
23,0.007479205348842983,0.5812916162073228,0.3950178077942412,0.0003690727482271003,0.015842297901365706
24,0.012344928439191548,0.6514994396366541,0.316803453623049,0.00011515641144587022,0.019237021889659443
25,0.007853928917799109,0.3652685751374057,0.6035418729983244,8.598497812571375e-05,0.023249637968345154
26,0.009970992998819398,0.2912791347662983,0.6659801680446987,0.00010893556123367184,0.0326607686289501
27,0.013988004964885017,0.32939832730051655,0.6317149618879109,0.0001863783466383691,0.024712327500049182
28,0.009948769702982616,0.24944838703400224,0.7233093536259194,0.0001262878789190806,0.01716720175817676
29,0.011831168640437234,0.1567246690261409,0.7825187444648549,0.00022774971000531105,0.04869766815856155
30,0.006886266493717027,0.1381764406107441,0.8068054139959631,0.000145938473914983,0.047985940425660754
31,0.016417296174959645,0.24661427904232758,0.6951360182622144,0.00018385746562349603,0.041648549054874945
32,0.0043057084397373395,0.09918002565937861,0.8480460104447797,5.892890030177757e-05,0.04840932655580252
33,0.004827995561565125,0.07752287362494938,0.8754729014635071,5.376142585539399e-05,0.04212246792412295
34,0.016182093124380185,0.2179833081372918,0.7253727155606577,0.0001450311840345602,0.04031685199363583
35,0.007919013781706799,0.12057281647821169,0.852678603980432,0.00011043319600110595,0.018719132563648214
36,0.0021472843899639727,0.10360451555427866,0.8818623236025543,6.513389883762877e-05,0.012320742554365285
37,0.0040712283264979715,0.18472128978849556,0.7928074989379016,7.567940445057108e-05,0.018324303542654272
38,0.0020693154029000293,0.09449181381157035,0.8852479808178926,6.309500808205753e-05,0.018127794959554938
39,0.008073109722046863,0.19848783135403048,0.7439969441342302,0.00015664536177834254,0.04928546942791411
40,0.0032089133176902078,0.16064045646129335,0.8189622713891492,8.611144183310885e-05,0.017102247390034145
41,0.0027162598734178315,0.07051159127314434,0.9135751654486487,5.159753163996845e-05,0.013145385873149177
42,0.0032960633622727154,0.14866956889329172,0.8293691789745797,8.303382485627252e-05,0.018582154944999686
43,0.0027516533994759807,0.10967669172742621,0.8718620542888575,8.350743752198843e-05,0.015626093146718357
44,0.0017944522031052939,0.09562591554826512,0.8902445330437333,4.8119880482828436e-05,0.012286979324413362
45,0.004372376302347037,0.11980301670009093,0.8516211155400211,6.999895293351773e-05,0.024133492504607324
46,0.0021739066810892225,0.10688590063535354,0.8790784989804256,5.412153249767832e-05,0.011807572170633981
47,0.013800332963203118,0.2061699155892423,0.7394897838439176,0.0001721366993615046,0.04036783090427548
48,0.0011689790593482833,0.047873300822502254,0.944433072961371,7.840534556702669e-05,0.006446241811211447
49,0.019671159258031375,0.23646120304467355,0.7195861242923635,0.0004430747962907302,0.023838438608640895
50,0.006515662893887042,0.1451804980401513,0.830385820487862,0.00017111432286265107,0.017746904255237082
51,0.11433038932456677,0.32203892646392185,0.11828280127331339,0.002831179974589658,0.4425167029636083
52,0.0610544611809534,0.5063816946744482,0.4022805046532824,0.0011606034266990074,0.029122736064616933
53,0.06792864711482996,0.5409257210703412,0.3522910789958622,0.0012286476953806227,0.03762590512358617
54,0.09983662286616915,0.5495564880074207,0.31534670675092824,0.0012516129627644136,0.034008569412717474
55,0.1343052603267317,0.6609976847798944,0.12933554151148924,0.004477192951770572,0.07088432043011414
56,0.023812972135578838,0.5011453188087378,0.4366466637938416,0.0017852285772101044,0.036609816684631716
57,0.05948710858291935,0.6940837193793463,0.16023591048820215,0.006627656025314038,0.07956560552421826
58,0.2686771096679678,0.27902787458119505,0.035793812372981446,0.00869245228771108,0.40780875109014464
59,0.20771765654819166,0.4181081031087093,0.10536928977955995,0.008645715244870619,0.2601592353186686
60,0.39511756229115474,0.13214172399538485,0.004904768762365778,0.006820761728855113,0.46101518322223956
61,0.6512131451054561,0.17665249856484555,0.010752895446721223,0.0036698007865258848,0.15771166009645116
62,0.4933712942408883,0.26285876277742587,0.015708129206106522,0.004392635952885937,0.22366917782269335
63,0.5367004110414741,0.35257106583722925,0.021814659955815052,0.0030090803157678506,0.08590478284971363
64,0.23115305387192803,0.6015429048252849,0.041774533655653937,0.006003353357329166,0.11952615428980398
65,0.5021556550782991,0.2874322150302728,0.011139315218084395,0.003793310177217877,0.1954795044961258
66,0.1447845731170696,0.7457447193339483,0.05234279619775364,0.004650700408218854,0.05247721094300971
67,0.3624639695749804,0.4816784814143042,0.013923358571399973,0.009082689144188338,0.1328515012951272
68,0.4159217196524369,0.4758345933560592,0.019106085503709288,0.022048800472113963,0.06708880101568065
69,0.4015986312976303,0.3605361004745434,0.0030485934610002723,0.055984297197491296,0.17883237756933468
70,0.3523527533512677,0.4940596357787232,0.0054934334672082225,0.07565623799543847,0.07243793940736241
71,0.28972861018227436,0.5178297956512075,0.0048875192830171235,0.10887602830484609,0.0786780465786549
72,0.1344535970120232,0.7252434227854097,0.020104345678250767,0.04843478259040396,0.07176385193391226
73,0.3259377948956356,0.25169714107177443,0.006261755125565024,0.04928757089284191,0.36681573801418293
74,0.2829988360850042,0.541860163453201,0.020081700516435704,0.03808447238983673,0.11697482755552237
75,0.35639984842510347,0.3754264679709064,0.007964126376325122,0.05126136005286649,0.20894819717479862
76,0.29215689943080675,0.140468058107234,0.008564639694816134,0.0034276036441545483,0.5553827991229885
77,0.4993127871440667,0.31593304027810515,0.006861277259788308,0.009771309572015326,0.16812158574602457
78,0.5153608111517207,0.19855469749282809,0.006339313534937135,0.0024415641963882735,0.2773036136241257
79,0.11389154986646009,0.681106027385848,0.17588619958200202,0.0030051180514885493,0.026111105114201283
80,0.299177638059511,0.41958853631091747,0.009492887428110981,0.030207059013490023,0.2415338791879705
81,0.05249374364327798,0.676254175340474,0.23252946380733708,0.00819854617497337,0.030524071033937436
82,0.2023882088367751,0.46024065604932907,0.02845601919747815,0.030920418550773314,0.27799469736564436
83,0.13676349535377855,0.28864395566852247,0.012968972524454744,0.011139783689819183,0.550483792763425
84,0.22318698787128824,0.44343132565806365,0.029344973268545307,0.042883450665107944,0.2611532625369949
85,0.26302870173052817,0.06918775600767689,0.0030768882953085414,0.005276473978954608,0.6594301799875317
86,0.35890020927046395,0.10839381565071846,0.0037797111121022097,0.011680290136448697,0.5172459738302667
87,0.0873186513889621,0.10832305091895583,0.008106565261949552,0.009072877882795495,0.7871788545473369
88,0.3317835684125116,0.0669206067753068,0.0008317558156152034,0.01767304114162336,0.5827910278549431
89,0.07752206051233557,0.021177666524003862,0.00031182363842714326,0.005093060750214837,0.8958953885750186
90,0.07275102694635552,0.018100882011450128,0.00014393614210053536,0.0014173399951249667,0.9075868149049688
91,0.03311210170314228,0.005760693098934462,9.693263218040675e-05,0.00035793852241674883,0.9606723340433261
92,0.14028097846658885,0.019641101826096005,0.00014573132793964434,0.003602528002632266,0.8363296603767432
93,0.3130328490951879,0.033294920583262735,0.0002956787815198108,0.008108882923695463,0.6452676686163341
94,0.13496728351990173,0.01131200331849082,0.00011497565798701366,0.006913271543060007,0.8466924659605604
95,0.3192692180468043,0.021246764062234257,5.893159369754466e-05,0.008816564014406851,0.650608522282857
96,0.02873601643098824,0.01488320910603925,6.849211134240775e-05,0.001099938690222261,0.955212343661408
97,0.09905391283530707,0.018430123913570334,2.3079792709762117e-05,0.0021238584260598564,0.8803690250323529
98,0.19776903288278405,0.03668734860715019,2.7618156883330473e-05,0.004569406679025275,0.7609465936741571
99,0.5163854027548568,0.019759920254365366,8.625774637057301e-05,0.0018543380247406942,0.46191408121966654
100,0.11089062492969474,0.023188129412034277,0.00012148046162925688,0.008623183644581775,0.85717658155206
101,0.04275304537548514,0.009853874084525942,0.00022039207320633642,0.0016091919309612472,0.9455634965358214
102,0.09428248657174983,0.012199665332178877,7.388235433338016e-05,0.003773547421322983,0.889670418320415
103,0.5411464663048072,0.03621262819637224,0.0001664340101830779,0.012394325919318043,0.4100801455693194
104,0.536068046341402,0.05870344535118047,0.0013762827288077515,0.003915670229123502,0.39993655534948624
105,0.14214372868671044,0.6762699546567227,0.018388966088316853,0.0052702929878463665,0.15792705758040362
106,0.03668859641689193,0.6160402610662139,0.2067248205518241,0.005744606368946272,0.13480171559612372
107,0.14973965803646208,0.2786740321697864,0.011117863062780424,0.027238473295643516,0.5332299734353275
108,0.12328074583772923,0.16995064020571538,0.003659318879292757,0.012657177623115693,0.690452117454147
109,0.0049900078808352705,0.005641700514253618,0.0006789854353876287,0.00033756955593142055,0.9883517366135921
110,0.012163981964808888,0.0029513381821497575,3.08061722075734e-05,0.00019834331142652034,0.9846555303694072
111,0.08825482974935525,0.01432748401775837,0.0001675278670037474,0.0015695655979993876,0.8956805927678833
112,0.3641633935279591,0.00846135796417608,6.836750094405611e-05,0.0017069538267985346,0.6255999271801221
113,0.039789649774374866,0.003959555367946992,2.7861526231756128e-05,0.0005113061958328507,0.9557116271356135
114,0.05144745977170645,0.0030171442784930613,1.5597892152320478e-05,0.0017614905369331773,0.9437583075207151
115,0.018957170343579178,0.0035895084442222292,0.00016814710195839016,0.0008623410274953875,0.9764228330827448
116,0.011782327359812501,0.0006315274396982304,2.4985584364967804e-05,0.00031583498307911304,0.9872453246330452
117,0.2534690608307337,0.009698181204227862,7.05014207971512e-05,0.003290093907649993,0.7334721626365913
118,0.3751021613848752,0.015445983933224,0.0005300168182892319,0.002275143627142556,0.606646694236469
119,0.616878720632014,0.09236988149906755,0.0021472690036071396,0.013932959408616604,0.2746711694566948
120,0.23983658989835163,0.09462822518265121,0.0012274643077318625,0.016406498536915018,0.6479012220743503
121,0.32608093054498405,0.09706118656733238,0.001225701620539908,0.048043957808974164,0.5275882234581696
122,0.2555240393416268,0.46752702787283457,0.02358997072741281,0.023894657412991713,0.22946430464513431
123,0.05027636764436961,0.8393760395962944,0.08087534951698136,0.00583823054589537,0.023634012696459244
124,0.02185753296463788,0.01889171145430855,0.0025225594679926656,0.0015642454857317043,0.9551639506273292
125,0.23482734863169452,0.0684220086109892,0.0019499679296620328,0.0069636265544654454,0.6878370482731887
126,0.21403453278594342,0.041810796600308196,0.0007045923948096618,0.002628928062618003,0.7408211501563207
127,0.6181173808426236,0.0740179243094404,0.002779463678833728,0.0021009286643988655,0.3029843025047035
128,0.21713096299326873,0.04728676601655719,0.00170222574345053,0.0006196287717723923,0.7332604164749512
129,0.6087719462852936,0.2980206446765241,0.015763569460265244,0.001392103991538359,0.07605173558637857
130,0.2394650916741461,0.5928812157113089,0.08391912071467697,0.0011950776449891507,0.08253949425487891
131,0.3790121943295894,0.5411184920183069,0.03646673505617724,0.0042818095253537025,0.03912076907057284
132,0.022439319660163253,0.7365133232284574,0.22562256616820434,0.003923149290067997,0.011501641653107006
133,0.038409140024781546,0.746364873447578,0.18719393092300554,0.0023505494658013545,0.025681506138833694
134,0.068878037069343,0.6977696440904636,0.1818946529131888,0.002103375835362294,0.049354290091642244
135,0.009265355112736674,0.5365628821598168,0.4401287701891671,0.0007670231730627945,0.013275969365216597
136,0.042021891858117985,0.4252905097653062,0.5106650171686953,0.0011930030647714172,0.020829578143109297
137,0.010064004784463405,0.48536627835937285,0.49803229065456217,0.001278875409616233,0.005258550791985404
138,0.007408667766804713,0.42468531122070347,0.5632082285655692,0.0007450637067236529,0.003952728740199074
139,0.019094552451339016,0.5737479225924413,0.3862406766031149,0.0010671982963837956,0.01984965005672093
140,0.00951867999116713,0.5827389101236529,0.4000226323351152,0.0004414310349961554,0.0072783465150685275
141,0.004659962318410698,0.40937790095046234,0.5803218679499041,0.0006864382171007454,0.004953830564122043
142,0.03714126148665185,0.7637823822562945,0.167873319560916,0.0016362586243470368,0.029566778071790648
143,0.013997485340884392,0.4818251965595126,0.4985245944118987,0.0008450073419134983,0.004807716345790633
144,0.019934583597502702,0.5861725424855361,0.3822210053254775,0.000525656498208571,0.011146212093275206
145,0.007839128713048678,0.5006631552401473,0.48696261220814807,0.0003691425419309755,0.004165961296725003
146,0.012986068903250639,0.666617988216736,0.31364357005183324,0.0006348086603272392,0.006117564167852918
147,0.013149178925596978,0.5816571352855687,0.39974895338977656,0.0007221456731498257,0.004722586725907794
148,0.010327494486188126,0.6064570909503942,0.37848016210905644,0.0006804949759991901,0.004054757478362039
149,0.006479605889543038,0.42182745981740755,0.5649745685026262,0.0004046761657453379,0.006313689624677827
150,0.008870133804667444,0.5429075557454056,0.44261553926380826,0.001272972858980896,0.0043337983271379025
151,0.030282429714402447,0.7792547133403696,0.18176125271683674,0.0024138405810552764,0.006287763647336116
152,0.008365770417640774,0.5067755338173575,0.4797115608223305,0.001076526882940831,0.0040706080597302284
153,0.014292528557240789,0.5079107213755502,0.46665119930228205,0.002043094332035229,0.009102456432891827
154,0.006088506651035113,0.49149785600182616,0.4974095397481143,0.0012103370101613324,0.0037937605888631117
155,0.016134393146854154,0.6047690661112403,0.3646444709053622,0.009281107867957383,0.005170961968586151
156,0.07457124871803583,0.8072131795760908,0.06983005231845098,0.005168280529064748,0.04321723885835762
157,0.15499334344695917,0.6515899451105899,0.14063050464144305,0.0023381717842349756,0.050448035016772946
158,0.029507153732854233,0.6787685131007555,0.2842170222824601,0.0014678254769959727,0.006039485406934138
159,0.06453491589324585,0.7373429595738492,0.16791976920003587,0.0028255129568199983,0.027376842376049173
160,0.044947723759000226,0.6225998382483061,0.2920065540762528,0.024011188825036663,0.016434695091404022
161,0.025244360066702144,0.6782888556807991,0.24978934794523217,0.033426148505218314,0.013251287802048364
162,0.03771001236539931,0.4391256497518527,0.3665340953739314,0.1451382547405999,0.011491987768216671
163,0.04972821428950695,0.6248978559477719,0.030741172309522346,0.2863366190366259,0.008296138416573035
164,0.0708527431476379,0.5468696017129233,0.008120788232741061,0.35972038343882273,0.014436483467874935
165,0.1408438286191593,0.32661360779187276,0.00478284016528396,0.4964772017598601,0.03128252166382383
166,0.10861848288206898,0.3758739160130586,0.0004460988955664356,0.5064366446962393,0.008624857513066667
167,0.10691074667347412,0.22472101152104013,0.0002062057252069483,0.6390505638454004,0.029111472234878286
168,0.22334808938904896,0.24389566566218915,0.00015076948193216256,0.5054799838188487,0.02712549164798097
169,0.15092603642347405,0.1628741390786669,0.0002018385430802009,0.6592237740420626,0.026774211912716183
170,0.21018768472461552,0.14451948263568334,0.0001901645009066978,0.5981721598092226,0.04693050832957178
171,0.17108193842284752,0.07026246085553123,0.00017879584186875167,0.7144442479297913,0.04403255694996114
172,0.1900950935044147,0.13468522509436645,0.00011533385098801263,0.633234811330965,0.04186953621926579
173,0.21277144910227697,0.07118760247709423,4.8340626782732623e-05,0.6870468666777457,0.028945741116100297
174,0.33495972336228413,0.04659756978951056,0.0004824066851030056,0.480358146400492,0.13760215376261015
175,0.2727126542816255,0.055335531926713095,5.085920371503791e-05,0.6450269428495627,0.026874011738383486
176,0.3878613784330386,0.13493539622585415,0.0010997304649064854,0.31756590490906805,0.15853758996713285
177,0.26846593534880975,0.051761898117241335,0.00013232778563904593,0.5887105649445993,0.09092927380371059
178,0.22461791471453627,0.10148041727927698,3.375062440811633e-05,0.60970181487836,0.06416610250341874
179,0.06925377636960388,0.05831884857788798,4.5253627160065954e-05,0.8500409730038447,0.022341148421503407
180,0.20257015203179682,0.07698139653138626,5.38512543465159e-05,0.6578725978354909,0.06252200234697948
181,0.23895691659263318,0.09243470348213605,0.00015954295262027502,0.591413606217232,0.07703523075537845
182,0.07110737108979207,0.06701022804244058,3.7626579812837935e-05,0.826131077509628,0.03571369677832651
183,0.1262062018513614,0.07204517240943822,0.00023622960334775955,0.7145470668793792,0.08696532925647339
184,0.15694115024627528,0.10140376226964135,0.0005500448883602599,0.6076634457810721,0.13344159681465098
185,0.2368050866068952,0.02704340830993955,4.895195146333763e-05,0.6233969451345636,0.11270560799713851
186,0.1665355486562934,0.035450682955016195,2.9614267809303838e-05,0.7717321482926248,0.02625200582825631
187,0.19329653147577938,0.042327728019639105,3.0194663207311937e-05,0.7445877872277502,0.019757758613623885
188,0.1319628444727135,0.08890316675377545,2.9007183051126095e-05,0.7576409294743228,0.02146405211613708
189,0.08563605426998712,0.0883551099879527,0.00014947404334262,0.7846323725846494,0.0412269891140682
190,0.11637408676977948,0.21397557910338155,0.0005370450056015024,0.5222144402713043,0.1468988488499333
191,0.1303964037597784,0.06637812844476725,0.002858747210432108,0.46984524198398,0.33052147860104225
192,0.07172025818473503,0.023872558553824124,5.942745961028984e-05,0.7552415867015466,0.14910616910028396
193,0.08686063386040391,0.02129227706191312,5.8369716409025605e-05,0.6407570153300257,0.25103170403124825
194,0.09148942987019765,0.028960057455165177,3.08225322705328e-05,0.8251051260601733,0.054414564082193445
195,0.03247102613600787,0.011413178943595349,7.870300965973373e-05,0.03735688161775643,0.9186802102929807
196,0.07317346221337173,0.0015626460186821815,6.285161092971851e-06,0.03182628365840871,0.8934313229484444
197,0.12321133019737061,0.0027012951052390816,2.0643395566960503e-05,0.09233861184808095,0.7817281194537424
198,0.5422219473087424,0.006578257621519982,1.9163222895115745e-05,0.136518811251682,0.31466182059516046
199,0.3771229121717958,0.022489261708350805,2.4880882593700668e-05,0.3172621731554262,0.28310077208183354
200,0.22288863733786596,0.0194084131544625,2.4263249970862316e-05,0.6254026792548649,0.13227600700283587
201,0.22518533941691912,0.04411803194387482,0.0004481628565260942,0.583137398268788,0.147111067513892
202,0.06392721120408473,0.015951629313028917,3.4107042124287535e-05,0.6272110593185878,0.29287599312217427
203,0.14258016381493266,0.053450286963825575,0.0002340033175428317,0.7519112393662103,0.05182430653748871
204,0.1357567022791558,0.03220936125807107,0.00018176631365026722,0.5559337360260692,0.27591843412305367
205,0.22638276970601898,0.21646498831877012,0.0015500609650531264,0.4774786103667872,0.0781235706433707
206,0.08722185445877652,0.06985047656974255,0.00048417947089136263,0.11952372253883012,0.7229197669617594
207,0.21482995428162405,0.03535728231893968,0.00022712519328035126,0.17723805299485215,0.5723475852113038
208,0.37029598700873356,0.045779082710832815,0.00019849689319745533,0.15580045383842575,0.4279259795488105
209,0.20497148715982352,0.07693796873273363,0.001188995429086678,0.01163343840075693,0.7052681102775993
210,0.6263213145982923,0.07919968386509005,0.0012956321196992988,0.01870404059137904,0.2744793288255393
211,0.550552912655211,0.2929762263403304,0.00211586502966533,0.06752411580941163,0.08683088016538165
212,0.223965698832126,0.6360700375196441,0.034500744781322014,0.03220859898894493,0.07325491987796298
213,0.304830706723191,0.3826275207424351,0.023806627021374743,0.10349168658888784,0.1852434589241114
214,0.1650533134682563,0.477919728082007,0.04606092893690462,0.1952596017837796,0.1157064277290526
215,0.11544165129039433,0.6355988135824366,0.046168957560827235,0.18035008492280524,0.022440492643536626
216,0.2995528233178804,0.13089630339449054,0.004007046191620532,0.09133819496002964,0.4742056321359788
217,0.10788906165978515,0.16880680897838324,0.012459775149592,0.02399905305514555,0.6868453011570941
218,0.5729474918796076,0.13122299048563563,0.0038295750674711415,0.007314009665988846,0.2846859329012969
219,0.19822437823212366,0.17064300608302924,0.014070028346585899,0.00321842149147629,0.6138441658467848
220,0.045794790674161846,0.2869196483466728,0.26937023854777165,0.0010578972354762415,0.3968574251959175
221,0.15652124959913258,0.43053043798955554,0.15060196062792983,0.005838932628334147,0.25650741915504793
222,0.1815379208359709,0.5154515802654503,0.1286939102058651,0.017533062893442145,0.1567835257992715
223,0.07145352575126446,0.667263034532409,0.24132433329405445,0.004853349836661705,0.015105756585610359
224,0.029401673660648008,0.6082027034457231,0.35098523659536707,0.0018151455056174366,0.00959524079264417
225,0.015904149480180086,0.5685338876832162,0.39971580975871945,0.0012788022935384617,0.01456735078434588
226,0.00653995129600141,0.37931121237053106,0.6074633363976525,0.0006010119287156384,0.006084488007099385
227,0.01592211849887309,0.6942790924007358,0.28335001118211295,0.0017485130876165166,0.004700264830661701
228,0.0065745932732549014,0.2982819181911032,0.690645432766969,0.0008702508184081274,0.0036278049502647793
229,0.009864928147671061,0.3824904428874557,0.6017627754766243,0.0009901952250951148,0.0048916582631538495
230,0.0052409713189200385,0.5076337899672501,0.48341493122136786,0.0006493084191268079,0.003060999073335222
231,0.006986476229707229,0.3434984118097336,0.6458295497584545,0.0006230911615321039,0.0030624710405723465
232,0.0011931795431803195,0.17342270644862298,0.8235280311205213,0.00017061943312173967,0.0016854634545536893
233,0.005358189699954465,0.29154600455392604,0.6975534799414113,0.0005573707037536016,0.004984955100954647
234,0.0009316122030935448,0.12335554219044279,0.8739284366187868,0.00010894225473647356,0.001675466732940471
235,0.006324326127770094,0.20978023782041388,0.7782971947052294,0.0003592151562299885,0.0052390261903567025
236,0.008499038920565938,0.2805349165175819,0.7035193573355369,0.0005035265674189179,0.006943160658896353
237,0.0040278501302153935,0.43324596664182263,0.559018969625381,0.00034805711425353733,0.003359156488327432
238,0.003640342389881945,0.25491703768293317,0.7388754890130305,0.0002445024916126843,0.0023226284225417566
239,0.00325008025034304,0.3571867221990758,0.6360344972341133,0.0004061333903773772,0.0031225669260904593
240,0.007772215338587237,0.5876653412726364,0.39960702420830163,0.00057504100119465,0.004380378179280134
241,0.0030187957259218186,0.2175065597162452,0.7740214961130156,0.00027397877179403235,0.005179169673023295
242,0.004179948602701895,0.16609979309908887,0.826392189050147,0.0002198142594970699,0.00310825498856525
243,0.002954936288194692,0.18877304150280058,0.803628162475185,0.00023306543370104184,0.004410794300118556
244,0.005238722602196257,0.23687443053373852,0.7547028347176732,0.00032320810942379567,0.002860804036968287
245,0.001951005798364393,0.21172046005555772,0.784274036678539,0.00020396590827740952,0.0018505315592615128
246,0.0035408520129980503,0.21053511269978262,0.7839170932047302,0.00019669445750941007,0.0018102476249798058
247,0.0011391161252862886,0.16188342285024954,0.8355720643908481,9.406805259854688e-05,0.0013113285810174532
248,0.0018292258710142252,0.13660969698518555,0.8593633028249972,0.0001710913004552997,0.0020266830183477357
249,0.001596840345385173,0.1664870631670839,0.8300248202928202,0.00013703717688673696,0.001754239017823894
250,0.0012758445170952244,0.1892933125687115,0.807425341681623,0.00013848115109045157,0.0018670200814796434
251,0.003207266389482788,0.252738267124455,0.7413325861670552,0.00012687375884123508,0.002595006560165803
252,0.006071710629239666,0.6694174640622316,0.32082854612805306,0.0006097565884964448,0.0030725225919792857
253,0.0016614425219629132,0.2650590591189892,0.7311452057927994,0.0001437094834598509,0.0019905830827887314
254,0.0015953374085209714,0.24542191754901604,0.7504150851497606,0.00022874069875306808,0.0023389191939494503
255,0.0015699588000223268,0.24283687446381466,0.75326027491143,0.0001673526784949008,0.0021655391462380466
256,0.0011512734476048624,0.11304710491971076,0.8838298163212881,0.0001314980175485277,0.0018403072938477203
257,0.0009190058203867498,0.06833446762585568,0.9290480713463614,0.00011418009105985725,0.0015842751163363067
258,0.005325845217075156,0.4068378716737067,0.584267986464898,0.0003564363508806882,0.003211860293439454
259,0.002307110777350386,0.16795183504442365,0.827900102490577,0.00014291113153073223,0.0016980405561182797
260,0.003122697228935368,0.26162507338472746,0.7331444775234964,0.00017974572651358059,0.0019280061363270528
261,0.006403942939647181,0.3032947561350708,0.6877566597002076,0.00029340806692934433,0.002251233158144898
262,0.004337923063444495,0.25100078293560557,0.7422185797840057,0.00016903735416716088,0.0022736768627768834
263,0.002744359456739076,0.15100089732357422,0.8433024948191241,0.00010134268549240925,0.0028509057150701463
264,0.004496075995977611,0.32161242465436574,0.6705859485952198,0.00020185236679904373,0.0031036983876377776
265,0.001397373851659611,0.13943125487764618,0.8576941725350892,6.022411139774077e-05,0.0014169746242072437
266,0.0038907385020069524,0.2226582307802192,0.7704687282935085,0.00015344140197381828,0.0028288610222914384
267,0.0023867500449138985,0.17356005617027367,0.8224712077782746,7.65308980855369e-05,0.0015054551084522838
268,0.0010562975230857812,0.11058689413165546,0.886770939749659,5.573221547687531e-05,0.0015301363801229222
269,0.0014792233400228183,0.12006193083845221,0.8770351594313955,5.147569715531732e-05,0.0013722106929741579
270,0.0008239191445685551,0.05527848028317574,0.9427677111086729,3.405818078787598e-05,0.0010958312827950769
271,0.0022797389538974674,0.11992600502332015,0.8761117039465018,8.381974951701981e-05,0.0015987323267635466
272,0.0012800938184582397,0.04952428395251809,0.9473015617146984,4.338621325059067e-05,0.0018506743010747683
273,0.004662389275440615,0.19844505780977936,0.794343584909687,0.00014629140945684717,0.0024026765956362403
274,0.0013623766141313868,0.07521243677363677,0.9218207550080822,6.616385459018185e-05,0.0015382677495593166
275,0.002656491040156457,0.1238237348115249,0.8717713975223991,0.00011260761079357139,0.0016357690151258804
276,0.004197604209576982,0.24619297451951674,0.7469261059679659,0.00019768709539655908,0.0024856282075438867
277,0.0022184244942107956,0.15861532383227306,0.8374180097074828,0.00015015504612885818,0.001598086919904461
278,0.0038274878485696304,0.5357455866966337,0.4578000058758997,0.0004548561132813373,0.0021720634656156564
279,0.0022048446967917693,0.23561443374354987,0.7588244660952327,0.000406262509686469,0.002949992954739139
280,0.007689201020660329,0.5079180178934439,0.47499844176066125,0.004778034446520201,0.004616304878714206
281,0.012994635656001693,0.20746355187268745,0.7695559424126922,0.004387827077906585,0.005598042980712098
282,0.08275806734976446,0.22775388328871513,0.029477952306983794,0.00828486285210242,0.6517252342024341
283,0.22880828290312566,0.6769386707751202,0.041364106760419024,0.016475184893747236,0.03641375466758786
284,0.13072227363756284,0.7035238797110811,0.1139241683079811,0.023441480089575396,0.028388198253799686
285,0.40946104913150816,0.44187915405164263,0.04723637150561141,0.015681977301183495,0.08574144801005425
286,0.2501762346910822,0.6297973235363958,0.03988842285907331,0.033368941257291035,0.046769077656157586
287,0.3537401978909982,0.5463774273758415,0.012928714527561348,0.03015859341868007,0.05679506678691889
288,0.3729580457984231,0.5453230122962571,0.019254744518449954,0.035290192214392786,0.027174005172476905
289,0.21020464324113183,0.6119983813212553,0.01369524260940847,0.019118422657271747,0.14498331017093283
290,0.3356259133352384,0.5577740888113296,0.020406611253848288,0.02437969960089963,0.06181368699868407
291,0.34193228982341156,0.5558746079099698,0.0317180596136895,0.03685183671466399,0.03362320593826509
292,0.16358592063191887,0.7406431430792911,0.03036804716366818,0.028041896028365456,0.0373609930967561
293,0.2572978360769866,0.547305163965074,0.0040866839545130075,0.022836681238521794,0.16847363476490454
294,0.4760784011806549,0.37617005310641044,0.014432789483839236,0.020109190552676015,0.11320956567641938
295,0.09563350908056283,0.697892630784861,0.18122824353222222,0.005671371289908904,0.01957424531244505
296,0.18276500490438402,0.6945072434263349,0.0776505522420815,0.006229770753628023,0.03884742867357159
297,0.39648546290189013,0.3757302959390082,0.027649378262988442,0.015544944719783405,0.18458991817632997
298,0.1708258010738173,0.19001873501014038,0.023593909225377553,0.002333896055722245,0.6132276586349426
299,0.4323617369545582,0.4784800637225792,0.027347207438555555,0.004049916135166406,0.057761075749140765
300,0.10103860735678524,0.34062222271065973,0.01697807007772172,0.0015835347576084336,0.5397775650972249
301,0.13332551761871772,0.6098475462105458,0.17810109023641732,0.002432903532092838,0.07629294240222624
302,0.16409481192960812,0.5875749743676125,0.18652734614130284,0.00437502884596943,0.05742783871550699
303,0.2865555095658737,0.49805621347147405,0.08237886656932858,0.008381376482652933,0.12462803391067076
304,0.04595611374402483,0.6963111569096008,0.22455548728938818,0.005296056894403743,0.027881185162582384
305,0.016403542927503234,0.71216461344812,0.26484159263317414,0.0016284676759269331,0.00496178331527569
306,0.03600945109090629,0.7648323100375373,0.18204216075339988,0.004243476028791413,0.012872602089365113
307,0.04343336511479016,0.8239933386881427,0.11831149045989398,0.005020042417172361,0.009241763320000667
308,0.03569077549925056,0.8185109705525594,0.11809993317490758,0.00788892034616036,0.019809400427122145
309,0.016322338155829463,0.7230475195076533,0.248757195714759,0.00551839095480221,0.006354555666955837
310,0.0409133442829767,0.8302202549358171,0.1132982449199968,0.0059069526063099485,0.009661203254899497
311,0.019580815676735846,0.7246749565629449,0.2430745952149169,0.003102817663659244,0.009566814881743196
312,0.007074107007654731,0.4527454175764816,0.5263933504903787,0.0015197010822191532,0.01226742384326582
313,0.00974343079613775,0.5921324209331192,0.38838196734286756,0.0025508082492517138,0.007191372678623864
314,0.08424377327225073,0.6701621830908858,0.21567956331315466,0.005756552641022345,0.024157927682686462
315,0.021576988942126108,0.5979958115629445,0.3706336301671431,0.0027984440297274017,0.006995125298059085
316,0.012950146336449858,0.677742431708348,0.3004233120859314,0.002001257012736538,0.006882852856534369
317,0.00892988998596358,0.4154446001902965,0.568673704853533,0.0011183929104724441,0.005833412059734504
318,0.009309448945595789,0.48620627635353136,0.49781040922839237,0.002300618172342852,0.0043732473001376875
319,0.03499961228211823,0.6457512561674017,0.3049281497505638,0.005765227989379586,0.008555753810536486
320,0.037922281757790645,0.7661725416658278,0.1808776050184249,0.005242585036039989,0.009784986521916443
321,0.0064893064670064485,0.598002338361635,0.3906574235353366,0.0016709410444417506,0.0031799905915802546
322,0.03483870377860047,0.690693489219816,0.2490648966743652,0.00914862226134007,0.016254288065878236
323,0.033880305258939133,0.6134581559104666,0.3158179745246776,0.014819532273103658,0.022024032032812984
324,0.029810127799533712,0.47752790262672784,0.4131653815215401,0.061938071180804834,0.017558516871393644
325,0.08160020992415881,0.3729706857523156,0.15459392796493265,0.3559424724766999,0.034892703881892986
326,0.041618568968779544,0.36086651936293096,0.086809127076654,0.49080418893339833,0.019901595658237146
327,0.10883106084288414,0.34670218893590177,0.013871299838502658,0.4894149738142693,0.04118047656844212
328,0.1105119095454272,0.4725092281415069,0.0010843117671026667,0.3803851362214884,0.035509414324474825
329,0.11221407624079302,0.27484409608234595,0.00014044849548433755,0.5947195345972952,0.01808184458408138
330,0.2328788896825526,0.13104654328163243,0.00015823105987066075,0.5647233036741244,0.07119303230181981
331,0.10786974737354531,0.11502977098790987,4.295831231827835e-05,0.7430160539522811,0.03404146937394541
332,0.07862351084689297,0.06690603174969542,5.1826800964609906e-05,0.8317716970552397,0.022646933547207388
333,0.0894294078746975,0.05462713914464722,2.9121062233880644e-05,0.8264211450089792,0.029493186909442283
334,0.0653205658398514,0.048261643371465886,4.996969854069536e-05,0.8654988457864553,0.020868975303686792
335,0.07061567328944394,0.05374238568364978,2.8931272882342548e-05,0.8450984630891812,0.03051454666484284
336,0.08081319108021343,0.04815809716135671,1.4668735188388245e-05,0.8415912400651435,0.029422802958097925
337,0.10776247885410291,0.054779183440559605,2.272750661870632e-05,0.7555498177297728,0.08188579246894598
338,0.15712894253904633,0.07340597592359382,4.836921027313499e-05,0.7352362826827796,0.03418042964430707
339,0.17673834949301412,0.07529608790291531,3.7621575632927654e-05,0.7038810382425413,0.04404690278589632
340,0.12479341472489555,0.07024255481297068,7.584625917870169e-05,0.7591825628188181,0.04570562138413681
341,0.09226318283376365,0.11858913711815543,0.00013141454628312117,0.6520049166184477,0.13701134888335006
342,0.026363992060277595,0.02347563350268994,0.001009782863082752,0.1735167822953576,0.775633809278592
343,0.05734692609754382,0.013408902892203882,5.3086048029598825e-05,0.0645036654191103,0.8646874195431125
344,0.24309333284469453,0.006680084943027124,1.3319322227704579e-05,0.056179745295681816,0.6940335175943688
345,0.5266037915294153,0.028156762769263946,5.4262184552221165e-05,0.223028607670926,0.2221565758458425
346,0.6114453396201969,0.021707710770951287,1.2899231366964915e-05,0.19189068966078662,0.17494336071669836
347,0.15813390983003284,0.11434942478953905,0.0008426738338537512,0.035073703218909416,0.691600288327665
348,0.5476006333711871,0.15441344593292036,0.00012833486926992302,0.23773696265975555,0.0601206231668669
349,0.42111712164684795,0.26714788701284237,0.00021246070017329378,0.2664737883009881,0.045048742339148254
350,0.07141285037578701,0.8068018491341578,0.000825945834532712,0.0920481773888761,0.02891117726664647
351,0.12892048269867518,0.06361807302708172,0.0035772651117089702,0.03424566534474825,0.7696385138177858
352,0.394094358855734,0.3295471202100017,0.0013347333817492655,0.1575282401590504,0.11749554739346439
353,0.24397631018489585,0.6247747989870707,0.0014654532355414319,0.08707078997915436,0.04271264761333776
354,0.3120649363005315,0.58693149782388,0.01085345562688179,0.07198646368070909,0.01816364656799757
355,0.0345727535827807,0.8867575829075288,0.011114504665256066,0.06148394140661573,0.006071217437818926
356,0.046979234869422064,0.8763629972829646,0.0012925488956874055,0.07119148725098219,0.004173731700943638
357,0.14387658939763606,0.6477739624056937,0.0022515381547079005,0.19403693546207174,0.012060974579890653
358,0.13845577298156234,0.6931033360453669,0.00434319680016737,0.1372031821625181,0.026894512010385233
359,0.11174321687988159,0.7567599528317964,0.007975266692236053,0.11435511561116185,0.00916644798492423
360,0.22773983118523936,0.5757832900827479,0.005580787502022813,0.16624288964497871,0.024653201585011192
361,0.14419831984580836,0.7463191756460676,0.01501080180842344,0.080826936402883,0.013644766296817514
362,0.040274176951101255,0.8417080639155018,0.07409733393388719,0.03286505483255473,0.011055370366954798
363,0.04791796820261177,0.8488009675362962,0.039861698335332735,0.05030958476585744,0.013109781159902006
364,0.021198381858335766,0.5156656899367924,0.430425118881387,0.022372015929486306,0.010338793393998505
365,0.02405839532282239,0.11871992111970443,0.06612568372288616,0.011014309645362902,0.7800816901892241
366,0.07247498203825069,0.0466756433371647,0.005178568602338107,0.008518624154809062,0.8671521818674374
367,0.5389066975424915,0.313820827213992,0.006678210479799743,0.030368746287798495,0.11022551847591826
368,0.6429195828994818,0.19221131711493544,0.0012270464027300495,0.027482568942479794,0.1361594846403728
369,0.4963717727725464,0.09550583542165535,0.0002391937900517942,0.06043582917659886,0.34744736883914756
370,0.21186485576983838,0.19536070586587495,0.0014971606748487608,0.09354037671558046,0.49773690097385737
371,0.47050155624492146,0.13653891945523028,0.0006306849734274643,0.15810222988218758,0.23422660944423315
372,0.5027072257229611,0.11013939183209391,0.0005149892561993557,0.15221871987240884,0.23441967331633673
373,0.4216388172742156,0.0707689738994661,0.0004882081191210346,0.14010536681786434,0.3669986338893328
374,0.18150483631006636,0.04702438760501779,0.0002737753024078843,0.048534414196976725,0.7226625865855313
375,0.29153196822663013,0.07903480034023948,0.00047233930063206146,0.045642898357456774,0.5833179937750417
376,0.43845220502939014,0.06918198558196721,0.00018653014796826903,0.02284919071039249,0.4693300885302821
377,0.49516509937080205,0.3419427474974647,0.00020350524642154838,0.07981105984159052,0.0828775880437211
378,0.3255188202889162,0.36613837700993107,0.0010641798905742352,0.2444534611806471,0.06282516162993156
