epoch,N1,N2,N3,R,W
0,0.0012764017624715969,0.000146137306514063,5.270918550282608e-07,3.378809639719985e-05,0.9985431457427622
1,0.0005919093795111926,0.0001707634492131205,6.487727795039677e-07,5.61419285929564e-05,0.9991805364699032
2,0.0010051717328011646,0.00018564750330273547,7.846932381396703e-07,5.523232660950382e-05,0.9987531637440484
3,0.007515442309388446,0.00029134805299609815,3.129972659260862e-06,5.319829567998204e-05,0.9921368813692762
4,0.009025105247258048,0.000273282084054152,4.61716889176783e-06,6.449144700191646e-05,0.9906325040527942
5,0.010888113033655361,0.0005982460981572985,2.6509822649544775e-06,0.00013854488381503108,0.9883724450021073
6,0.0140663016865583,0.0008931294395769069,1.3088210033520907e-05,0.00022366005655336354,0.984803820607278
7,0.0210915439773847,0.0008356346415436015,9.451145898416859e-06,0.000544693561254595,0.9775186766739186
8,0.019216800863525504,0.00078279480498476,1.7170712091099756e-05,0.0006973379560812675,0.9792858956633174
9,0.03726257045977758,0.0020391598367295876,1.754483801178656e-05,0.0008510997771922585,0.9598296250882887
10,0.020663884096918675,0.00159863098318674,1.0536797214151426e-05,0.0012076365507203075,0.9765193115719601
11,0.04106774726412484,0.002059489063102721,1.4177561376360279e-05,0.0013445036538867307,0.9555140824575095
12,0.029637339306357906,0.005379472711144054,2.8019280597816e-05,0.0021657642713637224,0.9627894044305365
13,0.022843357719680334,0.0036435074247144076,1.6253674020785215e-05,0.002428443084094723,0.9710684380974897
14,0.06151448059616835,0.006015062433753812,3.732168359940555e-05,0.0031281533768476684,0.9293049819096307
15,0.15923087487285517,0.013458808711423681,7.749461608257852e-05,0.009413785309844692,0.8178190364897939
16,0.502624246257522,0.030132069309972462,6.974886698444852e-05,0.009775153679861705,0.4573987818856593
17,0.2878587547357159,0.3327992400579846,0.00037660386248025755,0.03735817970527335,0.34160722163854584
18,0.2786262394704828,0.12788014379122606,0.00011706467143628964,0.03592903515641353,0.5574475169104413
19,0.17942686798194007,0.6599577659858965,9.37032564010605e-05,0.024802885337096313,0.13571877743866614
20,0.08865606359185912,0.8092718889326079,0.0008666711199691193,0.008952612192324157,0.09225276416323976
21,0.2816680318826094,0.5349678694543686,0.00046919495440594797,0.050770029530786374,0.13212487417782973
22,0.09455430752421304,0.6999525678345484,0.004930433595483819,0.007920209657399384,0.19264248138835546
23,0.21267316643910436,0.5946249828381871,0.0002818293153411484,0.0217831553164988,0.17063686609086884
24,0.1035270375903971,0.8453433963704807,0.0005421717509437405,0.012241774416697411,0.03834561987148094
25,0.14938370130066345,0.7610558093564816,0.0017234529676770386,0.011736866350048308,0.0761001700251295
26,0.23404634587538806,0.600269350443089,0.00039620235282288165,0.012835805466382194,0.15245229586231793
27,0.0518666747639665,0.9079162398873174,0.00033514363308765363,0.0022375793952779154,0.03764436232035058
28,0.16475984524732815,0.7816231266483467,0.0017108144364031375,0.01180735415463601,0.04009885951328617
29,0.1929405179342857,0.7237985028583559,0.002954006520494836,0.006097351439871154,0.07420962124699255
30,0.0800395084216194,0.8832263296435703,0.0006144339348247366,0.002614556801910892,0.03350517119807451
31,0.04721492095164114,0.9109088007594245,0.017282704667035916,0.0009214976976207107,0.023672075924277856
32,0.0841746863150763,0.8869456916778424,0.0034628677942689623,0.0013559499503557502,0.024060804262456638
33,0.04684522654789248,0.9332555262345328,0.003337948745460026,0.0011094963555692298,0.015451802116545265
34,0.030489047294888754,0.9533628180212378,0.002544992709737521,0.00041004689144908394,0.013193095082686762
35,0.02200504276115895,0.9421211463865813,0.017340682634955012,0.00037821720621787126,0.01815491101108684
36,0.13221445465784562,0.7919430929531351,0.0028451779501895537,0.002393261225783376,0.07060401321304645
37,0.2665809460046025,0.6885969678166243,0.0013637835558231223,0.003066961134928974,0.040391341488021204
38,0.09704498808585538,0.8752011513957155,0.016170277798565495,0.0009814529591362807,0.010602129760727275
39,0.21948029273777095,0.7284196853433579,0.0077664077744376,0.0034150215645601103,0.04091859257987332
40,0.04809828357651161,0.925957386050545,0.005386183276744688,0.0006610701737088572,0.01989707692249
41,0.05747457292566248,0.9231694575747355,0.004409094735795205,0.0011354087433951229,0.01381146602041171
42,0.07627652381775987,0.9018728039690643,0.007478817185329176,0.002038410136156537,0.01233344489169001
43,0.07056543673846101,0.9009257532239137,0.014977138505201019,0.0010844287881900665,0.012447242744234083
44,0.061575732502684666,0.8948338063514218,0.012099354997196896,0.0015568643717432647,0.029934241776953315
45,0.1198513815836682,0.8383382854203573,0.01620579942819302,0.001962700541772833,0.02364183302600852
46,0.23614910564324457,0.7368802823721882,0.0041672481483145994,0.00642267530476588,0.01638068853148686
47,0.04726287739240015,0.9055200003274303,0.036686937489799454,0.00039041566673971316,0.010139769123630526
48,0.08182223454393739,0.8638363925741346,0.042429129083337305,0.0004863339704455607,0.011425909828145191
49,0.014904429380837239,0.8702010084231319,0.10960541304290987,0.00018978808017437723,0.005099361072946707
50,0.011405134703350363,0.8456048977554989,0.13725974077527983,0.00016254128571963137,0.005567685480151557
51,0.004961590648421099,0.6080250823458486,0.3783804754508197,0.0002458992790484997,0.008386952275861911
52,0.010357349421698997,0.6658425124178423,0.3158448468410011,0.0003273415509717333,0.007627949768485708
53,0.01685354538437448,0.6211166004183978,0.343692322632378,0.0004045096435506166,0.017933021921299194
54,0.018068233141303625,0.7038468139748882,0.27131899214235666,0.0004122334645497197,0.006353727276901642
55,0.03595720305492939,0.8562436263719918,0.09239184124305512,0.00027279666092454324,0.01513453266909916
56,0.004799456814140673,0.46298260290504273,0.5248054386112081,0.00016769257681887713,0.007244809092789705
57,0.01531663709732084,0.7651351486335944,0.21161867437105172,0.00023511143808661238,0.007694428459946338
58,0.0041392160552789015,0.5060826929968539,0.4821702915727365,0.00017782451048590933,0.007429974864644866
59,0.004762111023690052,0.5803586064310815,0.41205638608654843,0.0001564542371151528,0.0026664422215647394
60,0.005950971035395083,0.7657019053099506,0.22211157173134413,0.00019717282041287627,0.00603837910289729
61,0.005559664178531136,0.6788782917231946,0.31108068776064834,0.00028515924471650867,0.004196197092909512
62,0.002535074080883538,0.4408189522676466,0.5477782971927759,0.00012613450758020863,0.008741541951113692
63,0.0036378506263560003,0.4532837511229252,0.5349050515235406,0.00021257577146176234,0.00796077095571652
64,0.004110478509332154,0.6675364897738032,0.32388675859650295,0.0002636983100136286,0.004202574810348051
65,0.016695870047900383,0.7452009767887747,0.22989052053599415,0.0009952796059882918,0.007217353021342465
66,0.013872623338314486,0.8265206795270972,0.154939127461375,0.0005281909439287945,0.0041393787292845225
67,0.0042695823255255345,0.6022761882947971,0.3888165828444492,0.0003309163609153963,0.004306730174312644
68,0.00513302920205682,0.5430882357773786,0.44671618198954716,0.0002975349202721831,0.004765018110745183
69,0.01745331250931482,0.8025338749350246,0.17146779188591418,0.000606538730181367,0.007938481939565143
70,0.015126682088374928,0.754342335722972,0.22521160280013658,0.0006061453620201865,0.004713234026496372
71,0.01158766939551648,0.6514081207534835,0.32276734958658926,0.0007064417617484953,0.01353041850266215
72,0.00830139748870153,0.7417904588621426,0.24345700677731202,0.00042122092649581527,0.006029915945348229
73,0.026434706141345514,0.8598690691459255,0.102630637150858,0.0004836746381985424,0.010581912923672573
74,0.0020138626546705543,0.4116199793830496,0.5832266594463934,0.00010403123088976248,0.0030354672849966786
75,0.020611306746397037,0.7727362606377153,0.19985110545152165,0.0006414142837380014,0.0061599128806279005
76,0.0060461633781268695,0.4781823854940224,0.5104452851149727,0.00034277626874146554,0.004983389744136478
77,0.011079118258800452,0.7347250435106464,0.24430654152399417,0.0006127267132849863,0.009276569993273996
78,0.019705362996939438,0.7241687631523326,0.2409418670465013,0.0005533198105142006,0.014630686993712299
79,0.01635173615794867,0.7703913945726774,0.2094894801505909,0.0005248390993107868,0.0032425500194723815
80,0.0032782109884866026,0.29286218003009024,0.6992796007580939,0.00020862697514304943,0.00437138124818623
81,0.00403059563611066,0.6825734126563301,0.3091110557775326,0.0003979644913607963,0.003886971438665831
82,0.009029869050942597,0.8152748762994413,0.16814610998707996,0.0010116764553917727,0.006537468207144505
83,0.012427761610642163,0.8313858530614359,0.14876659979879187,0.0009962763331367406,0.006423509195993374
84,0.007971189023059383,0.6204417266525312,0.3673964196064766,0.0004903110851655548,0.0037003536327672565
85,0.005743992502446186,0.6646045083516778,0.3263295956768026,0.00042910418754542166,0.002892799281527832
86,0.01870061358315098,0.8782102855710726,0.0977987032312911,0.0009615647637936781,0.004328832850691612
87,0.016153452794374,0.851484537942731,0.1285523709436615,0.0006744481383842966,0.003135190180849093
88,0.004563182494418806,0.5552608668729161,0.4345786721451223,0.00038386327796522855,0.005213415209577668
89,0.003592282059139216,0.7134292469100556,0.2787816432841086,0.0003203366645141411,0.003876491082182554
90,0.005357375821612481,0.4326913060647814,0.5575854950895051,0.00030180858649853104,0.0040640144376025405
91,0.008365852210245448,0.7272989142668795,0.25567126353368635,0.0005080540089170874,0.00815591598027172
92,0.012089372255201295,0.6319353561985734,0.3437740376823916,0.0005622955201301925,0.011638938343703453
93,0.012272062817616582,0.7864397773712167,0.1942281743295761,0.0005632954427339513,0.006496690038856551
94,0.011757737667488598,0.7242510878557827,0.2565796479474383,0.0005124897777858911,0.0068990367515043075
95,0.00478987513190245,0.5203401371751933,0.46885381630703127,0.0006083694670047147,0.005407801918868101
96,0.00548064218238288,0.7384889278791482,0.2510900795607428,0.0004891566163589588,0.0044511937613670475
97,0.004119771994200798,0.2757964847857078,0.7172526155513528,0.000212456130190091,0.0026186715385484484
98,0.013868568661152948,0.7205559470712487,0.25705463543427753,0.0007268811910418004,0.007793967642278977
99,0.005668560804208132,0.624568748127573,0.36539236641036954,0.00039146642226648673,0.0039788582355828415
100,0.004717986299531205,0.5727978781722725,0.4196536450961051,0.0004071684451231354,0.002423321986967943
101,0.01116640062108556,0.6991291958038715,0.2864992259154178,0.000504254585880549,0.002700923073744544
102,0.013641425802384368,0.7305103146943629,0.25201132209010657,0.0005487956475769869,0.003288141765569257
103,0.004475759293171241,0.6134969293922066,0.3783602150887342,0.0005459325160844442,0.0031211637098035525
104,0.017522149030909734,0.821965063095164,0.15653025733736278,0.0007193378056851578,0.003263192730878171
105,0.0014231109710096692,0.307805668205174,0.6893529044916448,0.00016569659696334476,0.0012526197352080199
106,0.0015222179158984022,0.3137725188269406,0.6827570955576067,0.0002431103250020748,0.0017050573745522601
107,0.01234054186550691,0.8407903446020429,0.136000949776036,0.0012981525173300088,0.00957001123908417
108,0.006590125845659206,0.6619561440952817,0.32564237820474007,0.0008398883362559596,0.004971463518062971
109,0.011732562662601278,0.8833387230911729,0.09410557487412026,0.0011015976444781813,0.009721541727627557
110,0.007300516051123068,0.6083698776949618,0.3713403183483634,0.0009723933657932893,0.01201689453975836
111,0.07428861954690076,0.08005206376100257,0.00607931511553219,0.002136991119098207,0.8374430104574663
112,0.22640641922846794,0.10319700621656629,0.0006284989204992815,0.002238278858409456,0.667529796776057
113,0.5817427506995488,0.3161024308698139,0.002661924921220729,0.012427252364066301,0.08706564114535024
114,0.1800463515550274,0.7365561369945683,0.009234509072720047,0.001613679956429327,0.072549322421255
115,0.09250873864666126,0.8698132363979988,0.01811747151280654,0.0016667405371991195,0.017893812905333963
116,0.058443393456015666,0.8936589710744146,0.015881852116439818,0.0026798679208055592,0.02933591543232433
117,0.08704229711601508,0.8847565257001467,0.010778714201269926,0.002651639846524533,0.014770823136043724
118,0.03746267176063919,0.9262900852891421,0.02769492529575948,0.0021763395778603015,0.006375978076598857
119,0.07819810021197177,0.835627819611487,0.07085258581358006,0.004987974414052084,0.01033351994890891
120,0.07202375309324202,0.863808640939135,0.04784811967801606,0.007366104710020764,0.008953381579586122
121,0.00746303917490081,0.7854686846003403,0.19792725980410295,0.002477012281667594,0.006664004138988455
122,0.01408119846836333,0.8816357757492997,0.0956864464902928,0.002905353745708473,0.005691225546335506
123,0.02846612265176382,0.9156533351763264,0.04241484680906957,0.0068945202806032745,0.006571175082237182
124,0.015973491693870717,0.8132955414396146,0.16167981300884976,0.004202870963851543,0.004848282893813263
125,0.23845595228682476,0.15763411539316052,0.0016353098784584043,0.015326544992124297,0.5869480774494321
126,0.2252133578464643,0.6313955070456214,0.015030122973842824,0.015324256396860522,0.11303675573721078
127,0.31580625026049736,0.5575818668122625,0.004110083504411975,0.012756594376294105,0.10974520504653394
128,0.19442242434653903,0.7474044385216813,0.023014852506502585,0.0018466126534960297,0.03331167197178108
129,0.28650980707860707,0.5590637624680811,0.0027572850362328756,0.016158438077768136,0.1355107073393108
130,0.038634133000284725,0.9244864404558116,0.024025423392450587,0.007571278090297245,0.005282725061155876
131,0.1909750233675826,0.693884946768485,0.006259743273775499,0.06407032582687466,0.04480996076328225
132,0.14352984458060275,0.7812506100485809,0.002847216589490588,0.02181091962726731,0.05056140915405848
133,0.0727088914147188,0.8288264132370917,0.010119827306906231,0.05911621942521273,0.029228648616070597
134,0.03933747498795042,0.9089396690349753,0.028394405746384684,0.011308255938470194,0.01202019429221935
135,0.29631471360869155,0.38530711942346507,0.001785947574530694,0.02772250833016922,0.28886971106314346
136,0.10778464992965542,0.8465012411749455,0.00552649861181035,0.011457008079989926,0.02873060220359867
137,0.29972630251916377,0.6213120008474616,0.000739262658486763,0.014024141736397664,0.06419829223849008
138,0.13205318488991918,0.856244440060613,0.003075351823092648,0.002065248008117414,0.006561775218257979
139,0.20670511439286102,0.7676287688761984,0.0026539411279492718,0.008268664229320025,0.014743511373671365
140,0.03679137685142622,0.7912948724269211,0.15287799686616502,0.0018341431666517973,0.017201610688835994
141,0.1718287927425412,0.7519037292152794,0.020886002016436176,0.012764070879363808,0.04261740514637946
142,0.03155400476924508,0.920244740622378,0.040828231464167,0.0012455842453367805,0.006127438898873042
143,0.10709086575845837,0.8320427824655771,0.01672158233576662,0.009863795841580057,0.034280973598617835
144,0.058924510818764285,0.9191329394302531,0.004691384501505171,0.004679832879498447,0.012571332369979028
145,0.042568320219679295,0.8504181390284639,0.0953601943722394,0.004130865744231143,0.007522480635386275
146,0.0692000861834031,0.8974993703592188,0.013142105252610082,0.009244452048168176,0.010913986156599819
147,0.04552363898468009,0.8499148385917051,0.09198756201094531,0.005052982836595312,0.007520977576074098
148,0.1334393057403242,0.7685360763126381,0.02709506029072973,0.02413295932481208,0.04679659833149617
149,0.03765737708079297,0.8870207402592833,0.06372585512131715,0.003674516811692665,0.007921510726913734
150,0.09708934065565442,0.8132866832505228,0.05438002292793923,0.013841585199426687,0.02140236796645701
151,0.0637685440950408,0.9049072213482346,0.018280472523211886,0.0044070830447236285,0.008636678988789066
152,0.08488102108059756,0.8556909089428467,0.043047227492389074,0.006625680588329542,0.009755161895837135
153,0.04495916086111516,0.8798782295027502,0.06125004241878669,0.005213369969431856,0.008699197247916212
154,0.03770313681072762,0.8565795425224695,0.09052627306516159,0.006136458075845943,0.009054589525795341
155,0.07889442027492746,0.777674282352586,0.09082328249710808,0.021266651187688564,0.03134136368768992
156,0.11674105198475733,0.8194605849739061,0.026362214250712605,0.01390128527896131,0.023534863511662663
157,0.13070919115434254,0.7924794059861675,0.01868781078196786,0.025719604368147034,0.032403987709374964
158,0.044994608770321,0.8103184420163733,0.13199483889450067,0.005396540576007953,0.007295569742797091
159,0.028665529307101565,0.882261188179356,0.07170034270000435,0.004413985889255333,0.01295895392428279
160,0.15569053841700461,0.7371055061308136,0.011437768605831983,0.07489200930234174,0.020874177544008065
161,0.14239930090722985,0.7372972930386172,0.016222899495574664,0.08076667021317246,0.02331383634540586
162,0.15007747887627304,0.11583514164257157,0.0015076867814822227,0.015640179610120698,0.7169395130895524
163,0.5305336633285662,0.1907322690750884,0.00039685036944117814,0.07029241056680435,0.20804480666009983
164,0.5620658635839448,0.27505655169097615,0.000597853101609544,0.015300529147139523,0.14697920247633003
165,0.41499931540385543,0.552009549396959,0.00104682355964207,0.00778617343798908,0.024158138201554352
166,0.23464298116916546,0.6940435803872821,0.019748711701157547,0.02676947308835259,0.024795253654042265
167,0.36481251081517474,0.4289957132187943,0.001207637988304347,0.17953393237448056,0.025450205603246106
168,0.18930800331835232,0.6596368227739532,0.003007968113550502,0.12372225857257389,0.024324947221570054
169,0.1561301983040986,0.7228248213971987,0.02428766336113918,0.06724184505276211,0.029515471884801383
170,0.12601432245550384,0.7824901510762539,0.0027970812547194824,0.08137271052181384,0.007325734691709078
171,0.09488123284593103,0.7337624807702678,0.05180012321841163,0.07968783891935159,0.03986832424603797
172,0.08658704191716445,0.6497710143549457,0.019550714013766027,0.10979319707001317,0.13429803264411078
173,0.12765509736965605,0.7892712076674607,0.0015757043670624716,0.045571959262769114,0.03592603133305158
174,0.13986935791067512,0.7331169017574114,0.003170924437901166,0.03381411886029406,0.09002869703371827
175,0.12600072311666374,0.8394429824471846,0.0016250862544397791,0.007237642550034169,0.025693565631677722
176,0.08823854916112432,0.8646880146191729,0.009955979299092723,0.005702003975379588,0.03141545294523031
177,0.41931231826449583,0.3852644724528594,0.0010243785718969689,0.014154106357138587,0.1802447243536091
178,0.2662108843764615,0.7098366038576758,0.00024419173307536923,0.010044507367406504,0.013663812665380942
179,0.1350523757340921,0.8447163029811665,0.0022068022279870202,0.005120977685144902,0.012903541371609508
180,0.1614365933216787,0.7921278110348867,0.012463876869091698,0.007516113498522172,0.0264556052758207
181,0.04982308911164586,0.9047117864746019,0.03650548633448642,0.002310079262813076,0.006649558816452869
182,0.05249887537227615,0.8152669372533756,0.11019897351122301,0.007218440331295074,0.014816773531830174
183,0.11709376656457379,0.8116670834409181,0.006420995123779696,0.048140781414954634,0.016677373455773793
184,0.12648031613078933,0.8143223211143689,0.012094015844233573,0.009708453726024985,0.037394893184583236
185,0.06682179764292356,0.8002051524595238,0.0354150779231442,0.00718223956963534,0.09037573240477308
186,0.25168307827266206,0.6559845438520191,0.0072774260649533205,0.029730705700262292,0.05532424611010309
187,0.3226949109610887,0.5947908541522587,0.014370847877110255,0.02533739783349905,0.04280598917604325
188,0.25907768875223247,0.639747605464006,0.007663796383842681,0.019449690862486275,0.07406121853743258
189,0.08362539463959422,0.8670648272803249,0.035487600951715464,0.0032676988264795782,0.010554478301885927
190,0.1200378857819537,0.7978700128856157,0.05920643346874375,0.008805434495202689,0.014080233368484277
191,0.10226920894994719,0.8680164424415617,0.0077453602545761195,0.013302132161878985,0.008666856192036049
192,0.08718942679278974,0.824996996202159,0.04189425862773564,0.022926344909384885,0.022992973467930684
193,0.055533424799728816,0.9101280282415992,0.015513791032813301,0.010697678617894233,0.008127077307964432
194,0.03609231513982405,0.9142064581646828,0.0371124750994866,0.006559289151861731,0.006029462444144652
195,0.06631823082869252,0.8305554680707837,0.04426233932513012,0.03884349841986529,0.020020463355528248
196,0.033682005165858106,0.8347082782980849,0.10360117518795697,0.01501572300326812,0.012992818344831665
197,0.2948115306256204,0.4754974405186115,0.003364509601468544,0.18206244008960987,0.04426407916468979
198,0.15366613897278242,0.7289681120965248,0.015647471020425192,0.05967292088174295,0.04204535702852452
199,0.1407717146283155,0.7437841249111454,0.0258012356973002,0.04212294355850186,0.04751998120473697
200,0.24494201016827905,0.14169583161673782,0.0017343981288262499,0.03468995291858461,0.5769378071675723
201,0.5416983744063004,0.18482631350729448,0.0006495169171988784,0.12571213311040585,0.14711366205880055
202,0.5216515407130129,0.18450829276164954,0.0004941676079586721,0.0849048570292975,0.20844114188808144
203,0.6111478131667752,0.23118534738172716,0.00028847953139690203,0.039817736806701934,0.11756062311339871
204,0.4275109551041291,0.4688392864462775,0.0002801786867251708,0.08224864453690682,0.021120935225961503
205,0.1324913827878323,0.8349315147449049,0.007027928767549566,0.006586940274157421,0.018962233425556013
206,0.21392173275951304,0.7087012527074751,0.003918387060832885,0.034732571486183715,0.038726055985995426
207,0.040657268865770285,0.8634480553240106,0.05354123447740482,0.005857219856072566,0.03649622147674178
208,0.35569169092381436,0.43084571033440033,0.004622972817177919,0.05519069696044297,0.15364892896416435
209,0.05973586351559088,0.8654872737008404,0.009460225508631865,0.01247934739398853,0.05283728988094835
210,0.35184489550941045,0.533851640614502,0.0022903966922955443,0.057445363321038855,0.05456770386275315
211,0.16551882689136543,0.7049886500204429,0.005226174796780807,0.06301800482961332,0.06124834346179767
212,0.09090534137794473,0.8628758218803294,0.008290485324674605,0.02052150275326735,0.017406848663784044
213,0.10072548903574026,0.8550026653782319,0.018793784945548644,0.012938064293087064,0.012539996347392158
214,0.28767818187602984,0.6063442988414285,0.003325496341848255,0.07765110010115307,0.025000922839540436
215,0.1529625248799637,0.7844186884009114,0.005589878557372787,0.015414774244840647,0.04161413391691139
216,0.049274689184146486,0.8992762351227375,0.026397165051744855,0.005815583205480687,0.019236327435890616
217,0.18359647815582017,0.7791219080374913,0.004897006232027597,0.019236768233907575,0.01314783934075331
218,0.11269141469348745,0.8362399724838521,0.0208711284966132,0.006141435600947352,0.02405604872510012
219,0.05837220653067602,0.8578990063041344,0.049104651358525264,0.006222466388723524,0.028401669417940627
220,0.09728239011575467,0.8220078061766921,0.052972831551087646,0.010053683954443367,0.0176832882020223
221,0.25956884876551,0.6965177197205938,0.012301153823558817,0.011300893609670442,0.02031138408066692
222,0.08379700606929663,0.8678375321370884,0.03303969052494131,0.0065469840104347915,0.008778787258238812
223,0.06145701396228084,0.8994147093581272,0.028133572531152548,0.006483017979626826,0.004511686168812307
224,0.06095269643596878,0.907514249390557,0.020318687323159595,0.004489896947419339,0.006724469902895158
225,0.11069052709363389,0.8506267104270243,0.01603460416398999,0.0073479695778094906,0.015300188737542233
226,0.018201104595803267,0.8779626813929949,0.09393997291367645,0.003878956586305404,0.00601728451121995
227,0.14230486078064178,0.8211339043632845,0.0063694156653846725,0.012275867604929817,0.017915951585759263
228,0.02859933911173862,0.8767751360959037,0.07333593571805744,0.011042560228260653,0.01024702884603943
229,0.024562221609553212,0.8797051479468996,0.07440947603594898,0.01449265419403101,0.0068305002135672505
230,0.17655884875117295,0.6875673007942382,0.018823157243375677,0.09016589892734779,0.026884794283865168
231,0.037474044937427335,0.9300660891551439,0.009524281899485294,0.014221642080899408,0.008713941927044142
232,0.0958652677430364,0.5282718078015108,0.01681274449970038,0.03367966223346328,0.3253705177222892
233,0.030101041868975203,0.06590225542564193,0.0006958807139663737,0.012196457642380238,0.8911043643490364
234,0.06555403794732309,0.06669090166941485,0.0009077776213509599,0.015565657548808624,0.8512816252131026
235,0.13774662434195195,0.05218668537650642,0.00015881396493916332,0.023539617988587974,0.7863682583280144
236,0.24831997354149915,0.2868959388238107,0.00010709605164188813,0.037034742516858704,0.4276422490661895
237,0.5533178881041048,0.14815670438266265,9.899857075607171e-05,0.12006774371479748,0.1783586652276791
238,0.1422451133615829,0.7332319107246845,0.0007461414649860074,0.06244546614037918,0.06133136830836735
239,0.05023954756281065,0.023857899600858108,0.00013942514405476078,0.041802385900395055,0.8839607417918816
240,0.07198759091093393,0.029362489048391147,0.00017083260156033366,0.03495746099297941,0.8635216264461352
241,0.09693209894611717,0.015408881180337933,2.901639878949879e-05,0.015473419662219738,0.8721565838125356
242,0.7655734709235035,0.03927612045910531,2.0646707369623378e-05,0.019099964540669607,0.17602979736935195
243,0.48532973885835196,0.3962631108363406,8.651547830933541e-05,0.02542336097718337,0.09289727384981476
244,0.3073040595694191,0.3439948946011129,0.00011396059626081809,0.09613578183467425,0.25245130339853294
245,0.07590136253913793,0.8330942379637277,0.00019145605573150847,0.060130352300377304,0.030682591141025648
246,0.08072442557383037,0.5826271368197887,0.0002214025666222806,0.2804303276730979,0.055996707366660785
247,0.12258890115449676,0.31597011953009974,0.00027795959233805056,0.39864070115109784,0.16252231857196747
248,0.07029808715150435,0.25410301447663275,0.000160039012476862,0.5712422507272698,0.1041966086321164
249,0.16024216715366726,0.08170656467597673,8.962520806244161e-05,0.5885083688400952,0.16945327412219843
250,0.1604931208980921,0.06099006320874531,8.840715391672176e-05,0.7165955641352235,0.06183284460402247
251,0.10055991176198592,0.051424405438967924,0.00011228997328840391,0.7501180349197538,0.09778535790600396
252,0.06255510801550679,0.07089819724968913,4.739105015691315e-05,0.751340254532399,0.11515904915224816
253,0.04061303673118165,0.04108888017888335,5.030326169850947e-05,0.87625990526808,0.04198787456015662
254,0.06665273242965708,0.06672191622659261,0.0001699024904900453,0.737499302185524,0.12895614666773625
255,0.030628798056206864,0.030279376840698414,5.868820226155634e-05,0.7919111577780551,0.14712197912277808
256,0.03647133149076111,0.03397131128358242,5.659116284022085e-05,0.7598148049017998,0.16968596116101653
257,0.061964089601020775,0.06453523533760948,6.616046107258943e-05,0.7956505786040606,0.07778393599623643
258,0.08218497165480126,0.054332744031290355,4.268927223767914e-05,0.8334704753522483,0.029969119689422414
259,0.038066448665355704,0.020967992443333684,0.0001087041267157368,0.8182530848978427,0.12260376986675206
260,0.030706789470139297,0.050828562391145235,0.00022286543029570167,0.7343577234016844,0.1838840593067354
261,0.041385621720720835,0.050855846468659156,4.962070687517866e-05,0.7701353573456622,0.1375735537580826
262,0.10386424431397374,0.0455628759302194,0.00013484932157284275,0.7171570430014621,0.13328098743277175
263,0.062064740707397786,0.04421261141963932,6.11264356378087e-05,0.5682331494291003,0.32542837200822483
264,0.0835974594195997,0.04741657257267269,4.261131553989096e-05,0.5183037591773438,0.3506395975148438
265,0.10307335462527184,0.040326681480301683,6.390556146060951e-05,0.2886374219285836,0.5678986364043822
266,0.12890963809660264,0.0753214415094811,3.4681732939434536e-05,0.5167208809774783,0.27901335768349866
267,0.07257930351312938,0.019969441762915145,5.1008392004025056e-05,0.3475679536797846,0.5598322926521668
268,0.08064934014015028,0.01130334318665004,3.3264290726398805e-05,0.20602269994578642,0.7019913524366869
269,0.4223056244843624,0.046878932551868584,0.00011095926151125039,0.3138863455379197,0.2168181381643381
270,0.2567880727211761,0.03977815370122431,0.0001351781331876007,0.6200602092852231,0.08323838615918888
271,0.12864095290201702,0.056627432231203166,3.500194974555216e-05,0.6468874623965823,0.1678091505204519
272,0.09037746258595036,0.03631899328707765,6.089107510966913e-05,0.7920639063117809,0.08117874674008126
273,0.04778631459117368,0.023004310834908743,6.315637735419195e-05,0.7090436092725354,0.22010260892402805
274,0.042718629634632334,0.042087739013064424,3.0080443239460858e-05,0.852240105830208,0.0629234450788557
275,0.042067805690113154,0.025506928279202614,3.937894880149594e-05,0.8578930535779412,0.07449283350394148
276,0.079256471459256,0.0427170333234569,9.97329124368984e-05,0.6321529254302557,0.24577383687459445
277,0.07535155112820449,0.036860942454994945,3.683703293423935e-05,0.6406792706879353,0.24707139869593112
278,0.1265194476328948,0.028222408708940945,7.849881633766564e-05,0.5588641201519132,0.2863155246899134
279,0.1850695883097632,0.018260485492831727,7.401129474929457e-05,0.677159561326068,0.11943635357658774
280,0.17089570655654013,0.03639724174497746,3.389728953491679e-05,0.5526188370849034,0.24005431732404403
281,0.08178827655313398,0.10005887763943815,6.105308503582636e-05,0.7889103020048428,0.029181490717549354
282,0.08409019460915407,0.05109890435678558,4.7692383208591104e-05,0.8199518131353969,0.04481139551545477
283,0.0724346119441028,0.05257832408428895,8.242675097401102e-05,0.7016698432095149,0.17323479401111933
284,0.06776304558777595,0.036938214287660455,5.401917177181889e-05,0.8589411775062716,0.03630354344652014
285,0.10893055023125126,0.09532971635341041,9.891416309028686e-05,0.7147105941438614,0.08093022510838667
286,0.10769911988474286,0.12600186195948507,6.474128388535325e-05,0.5816928797835949,0.18454139708829187
287,0.1287807428871117,0.0857706889558657,5.723902182472899e-05,0.6580707764079422,0.12732055272725562
288,0.11757027447159993,0.08719324746068839,7.993431647222162e-05,0.3818746885714158,0.4132818551798236
289,0.11941835620786229,0.4116092175861818,0.0001323056612576918,0.4040962244408087,0.0647438961038893
290,0.22330963662359424,0.06147166666563912,9.078298816127079e-05,0.4814403407349841,0.23368757298762124
291,0.15448995977514432,0.025702634254679155,9.97722953351008e-05,0.09003388744894161,0.7296737462258998
292,0.07356523051438256,0.0385311712168464,0.00018292319129019648,0.03971926757139437,0.8480014075060864
293,0.42312502407796987,0.023657922232554435,9.322964298945375e-05,0.05695567239599132,0.4961681516504948
294,0.459725125132426,0.04464788112951925,8.378615933795734e-05,0.03518807647750432,0.46035513110121257
295,0.4594071972381238,0.1622204598210294,0.0002007396911961921,0.07143683314434426,0.3067347701053064
296,0.39744742502327474,0.2665440052340294,0.00019227916853756564,0.06771639190764271,0.2680998986665156
297,0.21801765383018668,0.3434965909650488,0.004425761988526966,0.03972918562073142,0.3943308075955061
298,0.0034113363495717965,0.001522613392132898,0.0015097393469577125,0.0012506887434948987,0.9923056221678426
299,0.024117652007597655,0.0022797127176727838,4.34648346473182e-05,0.003279875997308108,0.9702792944427742
300,0.01208236635694182,0.0014555666434533452,4.017454553980448e-05,0.003259376522450062,0.9831625159316149
301,0.0547981177221925,0.0020656145724824346,2.6524240457318782e-05,0.0037990553501901733,0.9393106881146777
302,0.7097535551970302,0.016398674729809472,0.0001974241248581963,0.008116086688113984,0.2655342592601882
303,0.3810747210795254,0.02614638567529082,0.00023019406197791103,0.019775243291080602,0.5727734558921254
304,0.18160873599842192,0.12115916324579135,0.0007153171836348987,0.039485016705562495,0.6570317668665893
305,0.350690398020238,0.0672668732511381,0.00011308872498232305,0.0891664570261093,0.49276318297753235
306,0.2980861630044638,0.1559171190794377,0.00019625896037122668,0.10401309049427024,0.441787368461457
307,0.26645523051516445,0.2554611596009145,0.00014532762420597575,0.05710545138829964,0.4208328308714153
308,0.11362735942344378,0.8069835894688283,0.00084730360624502,0.026792395600864216,0.0517493519006187
309,0.054027635828338215,0.06506261762062293,0.008013020431680043,0.009924372456445767,0.862972353662913
310,0.2154489562514118,0.0322871136368308,0.002384246701096135,0.015508435842896238,0.734371247567765
311,0.3011451143844087,0.21964315904172801,0.0025344306796861843,0.034075137881838406,0.4426021580123387
312,0.18377461840595719,0.0371829244472299,6.639041496398213e-05,0.01066719226775061,0.7683088744640985
313,0.4235336726131515,0.24380345189526825,0.00016911327662382232,0.03141420413270494,0.30107955808225145
314,0.12532943559016926,0.6670664905602915,0.00036780001844011217,0.02771936526300096,0.17951690856809824
315,0.2864217601591686,0.14039254888259964,0.00018906719917029596,0.029027626907900346,0.5439689968511612
316,0.12971782218900216,0.38126639681132946,0.00025901032956160826,0.03965090918226287,0.4491058614878439
317,0.224259657128046,0.2811405504251998,0.0005202854935450816,0.0579354580256523,0.436144048927557
318,0.17518819297620014,0.29649695024539835,0.0002594247078981736,0.049096043263250164,0.4789593888072531
319,0.030784090427853798,0.6520315148644505,0.006945007342222224,0.00604396836772628,0.30419541899774716
320,0.002409309466850201,0.00511239977801107,0.0038612235505185574,0.000999734276276022,0.9876173329283441
321,0.007571950078395155,0.0032190894444621802,0.00023071334100116812,0.001451698495098618,0.9875265486410428
322,0.0030497129435059977,0.002172770262567228,0.0005580979416698692,0.00089507266585978,0.9933243461863972
323,0.008315576296394834,0.0021406232902064586,1.691553282184753e-05,0.0005138834839909901,0.9890130013965858
324,0.012916739061333674,0.005676667273159805,9.446200408685408e-05,0.0010457348070612887,0.9802663968543585
325,0.018482998332921146,0.005657884610952443,0.00010581926160300575,0.0017085166293972671,0.9740447811651263
326,0.05669413388058452,0.021085727266449153,0.00011376143149171525,0.008206551794582325,0.9138998256268923
327,0.043809149324830175,0.01530622684445923,3.7878213655399246e-05,0.017833297699844354,0.9230134479172108
328,0.251817583395998,0.05772892687103385,0.0005541920025730765,0.07275844193681037,0.6171408557935848
329,0.00868894791584717,0.01771784198268838,0.002337364305417382,0.003406294948295287,0.9678495508477517
330,0.012382028328870906,0.0029638587268618647,9.400586665639212e-05,0.003459182649331329,0.9811009244282795
331,0.2525060424603626,0.02296505961382786,0.0006488660219672404,0.01626841925672083,0.7076116126471215
332,0.0390423372357297,0.014924156875209715,0.00018533146050652685,0.004704474212277946,0.941143700216276
333,0.10641592520686037,0.023923603866689274,0.0006230091174994688,0.017090557202286367,0.8519469046066646
334,0.08398164276828203,0.20316217015662216,0.001231936868103357,0.008115679461133207,0.7035085707458593
335,0.17014041138233119,0.1414835973675634,0.0008502713445812021,0.01192285837908022,0.6756028615264439
336,0.11036321746102885,0.08820050390658447,0.003005104571156932,0.008319411349075483,0.7901117627121543
337,0.002641579724090078,0.003262283718889806,0.0041690626995647285,0.00027820741389068294,0.9896488664435648
338,0.004088086550894145,0.002145536148577822,7.365255045127415e-05,0.00046176990562636107,0.9932309548444505
339,0.005428796016779143,0.002169882315932654,9.306676736832964e-05,7.183013292725806e-05,0.9922364247669927
340,0.001429532531038653,0.00231716147785067,1.913132462578922e-05,3.5005527790205794e-05,0.9961991691386947
341,0.0006565260895664356,0.0006526052111503296,2.5987750011582405e-05,9.414384465733986e-05,0.9985707371046143
342,0.0004467042301722993,0.0008069744540604243,6.160613938727634e-06,5.194061491269761e-05,0.9986882200869159
343,0.000576071959858757,0.0023045918636418155,2.0342037472210626e-05,6.448279991469954e-05,0.9970345113391125
344,0.0004918850296157364,0.002405430737296657,1.9110952710971988e-05,6.955424792230654e-05,0.9970140190324543
345,0.0006614309347956857,0.0027212432013240966,3.4427033005668966e-05,0.00010294890415011877,0.9964799499267244
346,0.13131464163877,0.05913770896004141,0.0008239051057116214,0.01825921456418773,0.7904645297312892
347,0.005342114035260831,0.004656173261431118,0.00010328410726079573,0.0010280919471672499,0.98887033664888
348,0.00998667094332121,0.0028987893452055023,7.82703448198614e-05,0.0008300155608584464,0.9862062538057949
349,0.0018919055972640073,0.0012224761993873358,6.73403555563139e-06,0.0018071840683994602,0.9950717000993935
350,0.0028491734541810612,0.0017992055642354677,4.441371690969414e-06,0.0005503151667753491,0.9947968644431171
351,0.004772182918286656,0.003547620673725013,1.4079925470891347e-05,0.001841204080527053,0.9898249124019903
352,0.004206460103561181,0.001834878037454751,2.7009311834520657e-06,0.00230712815778006,0.9916488327700206
353,0.0024055904608403593,0.0015673142704979344,2.43798894982529e-06,0.0018309436841745616,0.9941937135955374
354,0.024841240593263716,0.002604139403130088,1.1316468613472882e-05,0.00814684115563418,0.9643964623793586
355,0.15163475336753085,0.019616651166562835,6.47469004494522e-05,0.02178848737410134,0.8068953611913556
356,0.20174796920802524,0.017002817051338846,6.017772564536137e-05,0.017242587094621842,0.7639464489203687
357,0.32832751953574885,0.21510914151363805,0.00014087166041263497,0.15037283604379675,0.30604963124640366
358,0.2673694514403579,0.12459541656898265,0.00014956281127846702,0.12352470057454311,0.484360868604838
359,0.18603535228311666,0.25354808707235915,0.00026500839079787627,0.13904514186546477,0.42110641038826163
360,0.3096084210613559,0.28480044302046426,0.00020498584618502315,0.25594456518845515,0.14944158488353976
361,0.15296004133313684,0.6026341659503172,0.00023932939263946045,0.18170003986735098,0.06246642345655562
362,0.25794736305310156,0.4087156137549098,0.00030862388787178787,0.20232571913174718,0.1307026801723698
363,0.13284707000238952,0.6221388769728929,0.00032419930882124197,0.19885050118933975,0.045839352526556604
364,0.10121626743277122,0.6123325912412573,0.0005932159485415864,0.018575095962249384,0.26728282941518067
365,0.36164889299869224,0.2754229622175867,0.0003706101027414939,0.15568288601163616,0.20687464866934338
366,0.2568092289256396,0.43110407204927725,0.0006100594060023686,0.11994352702924599,0.19153311258983466
367,0.058879282742011825,0.6574286807047226,0.00025269906518736587,0.032337073277042175,0.2511022642110359
368,0.007969362052706836,0.03458893399227155,0.0005180605179752012,0.008831199884653541,0.9480924435523929
369,0.001508209182038092,0.0005489039170455664,1.504361486974649e-05,0.0018363868599469094,0.9960914564260996
370,0.0037042508992633665,0.0012670170556715872,0.0004476750136499464,0.0042452030437275705,0.9903358539876874
371,0.0031793824567378642,0.0002744363948616316,1.2612562625972047e-06,0.0008330622802010377,0.9957118576119368
372,0.0021727772495564453,0.0003356721540103481,2.6342109551716653e-05,0.0006611700538397602,0.9968040384330418
373,0.01622254381652497,0.0014602361570943444,0.0004615521580869894,0.0021781859728693554,0.9796774818954243
374,0.0015059713625424642,0.0005924143062389742,4.281429225789311e-06,0.000942059191539501,0.9969552737104532
375,0.00660609761757233,0.001107377860507992,6.711318353241745e-06,0.0019731047396094486,0.990306708463957
376,0.012642578284146727,0.0030129051889602075,3.8250477793590155e-05,0.0048267500717367635,0.9794795159773627
377,0.018212387662454015,0.0047017992294504,3.3941894807306056e-05,0.007447802796362071,0.9696040684169263
