epoch,N1,N2,N3,R,W
0,0.00023903829858335814,9.972919738452869e-05,0.0006859161107238965,8.83671004612855e-06,0.9989664796832621
1,5.712343683946932e-05,3.3497476886805267e-06,1.7322175239690148e-05,1.1670619134918928e-06,0.9999210375783186
2,0.0004161282675204273,6.253833203228112e-06,3.1634782975837965e-06,1.5348153275340207e-06,0.9995729196056512
3,0.0015099518114537521,4.266350176851628e-05,5.358724403063241e-05,5.853202329844641e-06,0.9983879442404173
4,0.0005647850607758953,1.568361398368074e-05,8.735315546445867e-06,4.8802527636210526e-06,0.9994059157569304
5,0.00032591728880289865,1.669312196579947e-05,6.174672125963178e-07,8.043956853479524e-06,0.9996487281651653
6,0.0032015293154213187,6.78282476288602e-05,1.6389529198881656e-06,1.738005620752082e-05,0.9967116234278224
7,0.018067943226941947,0.0002184259595065234,6.461668348543216e-06,2.002318770819204e-05,0.9816871459574948
8,0.14766096870519055,0.0005181106788476208,6.703106303401368e-06,0.00027457194272300826,0.8515396455669354
9,0.07644890621787631,0.0008905799166614528,5.464366530692076e-06,0.001075266903343537,0.921579782595588
10,0.16246424653679614,0.0016145403396235737,2.0469688412319415e-05,0.004995808402748052,0.83090493503242
11,0.47019824831525286,0.029214604040837824,7.749456018933071e-05,0.06587033087978965,0.4346393222039303
12,0.4118323643994382,0.005362325781753622,3.7101585259286593e-05,0.025108454106401314,0.5576597541271475
13,0.49587694329743653,0.012177629991120327,5.057122273815459e-05,0.007697484040286271,0.4841973714484186
14,0.8083323647046076,0.09957953012433617,0.00012185367638967176,0.007257750292436032,0.08470850120223071
15,0.40405806444788467,0.5318769801877588,0.000748957638560731,0.005881799344790875,0.057434198381004914
16,0.09118201057989846,0.8713471123258874,0.004087396707486979,0.002375374844795411,0.03100810554193179
17,0.03187376977520764,0.9269676870046144,0.0016678209689572289,0.017855019866852766,0.02163570238436809
18,0.017104438806767343,0.9558589667112259,0.00582734509141589,0.003898124653528114,0.01731112473706266
19,0.06954596979182459,0.8691679523048328,0.0029667152046294843,0.007446314940219158,0.050873047758493994
20,0.019669562345302097,0.9428020611838227,0.013209386046469318,0.004709442024272097,0.019609548400133656
21,0.011675233973992278,0.9672668977979184,0.006368512382736946,0.0031745622931121397,0.011514793552240164
22,0.0318221202221777,0.9386918935521965,0.005358864027696295,0.005456415246416417,0.018670706951512912
23,0.013072939399550829,0.9289120560703856,0.044001496516108275,0.002842512988974846,0.011170995024980394
24,0.019623153433672373,0.9056229694162602,0.0625276239309721,0.0028785692998883885,0.009347683919207032
25,0.03309163065909611,0.9322884102587624,0.014838785687085977,0.003245902526485572,0.016535270868569745
26,0.08506996630897232,0.8661886674290837,0.010020569616674121,0.004084087873282624,0.03463670877198741
27,0.04985909618778049,0.9276801714521418,0.007292397865936415,0.0015581189632413348,0.013610215530899876
28,0.05568056430194599,0.8993154682220426,0.03539490311112961,0.0005396859190169676,0.009069378445864938
29,0.03641415710856547,0.9125072727138247,0.04374933598451511,0.0007107302550429333,0.006618503938051544
30,0.019068604506580676,0.9400110467948602,0.02880284455056037,0.0014418691713366759,0.010675634976662067
31,0.008459875104843256,0.8636633536836894,0.11737682549378278,0.001712412780945634,0.00878753293673901
32,0.00930905450061015,0.3996462194935808,0.5849164570873685,0.0012247403548328844,0.004903528563607565
33,0.13742379216874956,0.8339411679068923,0.008396696628360048,0.0042351676302828,0.016003175665715387
34,0.008968108393384957,0.778045394928374,0.20219710359102494,0.0002936414325020219,0.010495751654714058
35,0.009737185611954278,0.6280570713127841,0.3548698922076857,0.00020484381841971158,0.007131007049156142
36,0.021177563047678566,0.6403588575672258,0.3312347726355632,0.00023290188220103947,0.006995904867331511
37,0.014873098680241061,0.5756342263208121,0.39771643337955936,0.00023375238122675206,0.01154248923816079
38,0.010689266668569453,0.5947632517179725,0.38714206128283235,0.00010844031811937835,0.007296980012506463
39,0.005992516421187513,0.18060494648008463,0.8054838212193005,0.00010275222432069309,0.007815963655106584
40,0.007448721738242623,0.39635395146510166,0.5899404732120174,7.005977422667884e-05,0.0061867938104116504
41,0.0029356080893843924,0.49043812108326307,0.5029481793082534,3.91603362468649e-05,0.0036389311828522895
42,0.002680179282837839,0.06318297182473272,0.9323707874502913,1.8138890712064304e-05,0.0017479225514260275
43,0.0014093942789903432,0.10696590869608359,0.8901424153821583,1.585823169949669e-05,0.0014664234110682607
44,0.0018313361606379925,0.037100841663117334,0.9587073742814644,1.8241964463017158e-05,0.002342205930317301
45,0.0018506686269262197,0.07311377041467448,0.9210012506854167,2.9581738882260796e-05,0.00400472853410025
46,0.0011820603694629866,0.025144981758897417,0.9721413367531855,8.204098887377434e-06,0.0015234170195666359
47,0.0007241771795182129,0.022000179386574534,0.975443101345683,7.64612806701836e-06,0.0018248959601573325
48,0.00022820483795062097,0.01901354379405526,0.9795081707065709,3.8414408533515365e-06,0.0012462392205696057
49,0.00011008792778778035,0.007035835039647888,0.9921281905523461,2.1313596063358526e-06,0.0007237551206119663
50,0.0006839868139205745,0.09211742801103392,0.90277242134836,1.215755700045279e-05,0.0044140062696851395
51,0.00029387154351069654,0.011896259459285016,0.986299659575946,4.051775678458043e-06,0.0015061576455798738
52,0.002134910860505005,0.04982802524780247,0.9434139061945145,1.093939686928936e-05,0.004612218300308754
53,0.0011464737353412823,0.0703882190417846,0.9256636186227055,1.0970860047946933e-05,0.002790717740120757
54,0.0006552909478006049,0.05229093549281049,0.9445576210888494,8.162199061714865e-06,0.002487990271477727
55,0.00040912143760027836,0.02849499923385262,0.9694377003376469,6.220177051153374e-06,0.0016519588138488401
56,0.0007545538869325166,0.03467967864444563,0.9621276471260354,9.872128639032518e-06,0.002428248213947377
57,0.0011128874425671731,0.06387880411456076,0.9292402502064271,2.3238129771845197e-05,0.005744820106672954
58,0.0027844113119444972,0.04075384572365228,0.9445049129410952,7.597878430968597e-05,0.011880851238998314
59,0.0015191553284655227,0.07727017796130274,0.9104046038165463,4.747208175100191e-05,0.010758590811934593
60,0.005014998781175748,0.10392148673369964,0.8783663889247877,0.0001079320208790526,0.012589193539457842
61,0.01767477609907434,0.018748257889436102,0.1001842438744206,0.0004627116991857901,0.8629300104378832
62,0.41693854388294704,0.22777018159946882,0.0029940859976262794,0.0019947948011304465,0.35030239371882743
63,0.6643793569777801,0.2777218712667977,0.00851200796409317,0.0009334958187528609,0.048453267972576416
64,0.13192440739923533,0.788988715235583,0.05933066748764595,0.00021135926353440447,0.019544850614001276
65,0.2825436441680751,0.7010827979711642,0.004558664067617454,0.0010633969645960646,0.010751496828547013
66,0.015050210738163703,0.8762174600088898,0.09988278429069751,0.0005121499013182953,0.008337395060930803
67,0.004438754695367518,0.7392063055372867,0.2483270806553855,0.000602607845602949,0.007425251266357186
68,0.021648977054549986,0.5884515321177406,0.37048565220724666,0.0022911308374987446,0.017122707782963938
69,0.023878197284241,0.4179589329059716,0.5169452130846426,0.0015739454190306936,0.03964371130611417
70,0.03245585794186699,0.035356658852003384,0.03949595129165143,0.00032398403872552114,0.8923675478757526
71,0.11359900200663593,0.7671681402484644,0.04968233102573068,0.0007836773394084671,0.06876684937976048
72,0.02826478843107204,0.7483990688223677,0.2019650963103789,0.0002209013825009592,0.021150145053680326
73,0.039839585387452206,0.6523217932048343,0.2897643517147642,0.00015210946440967236,0.017922160228539548
74,0.013575996419086947,0.6770085097897115,0.2964102135515541,0.0002996609292178105,0.012705619310429654
75,0.0015802037674671565,0.16936104146820155,0.8240009881451859,2.4984989344297262e-05,0.005032781629801127
76,0.0006448725341631532,0.06066704696229664,0.9374864834911524,2.200885459737108e-05,0.0011795881577903859
77,0.0003540286299563267,0.038232126758243244,0.960651563905005,1.1844977776669803e-05,0.0007504357290188236
78,0.0026282457278338795,0.206283192477977,0.788571436449796,9.519612597361369e-05,0.0024219292184196285
79,0.000264422737820346,0.036927759271508126,0.962006819462605,9.99462774254926e-06,0.0007910039003239019
80,0.0006670121548274003,0.08919986946636983,0.9088390247530539,2.583586074140901e-05,0.0012682577650075077
81,0.0009290581162893635,0.03418522271924158,0.9636567606304535,2.0683461646070192e-05,0.001208275072369663
82,0.00047623376104069683,0.03878439703235113,0.9600435178621654,1.1416305945665289e-05,0.0006844350384971216
83,0.001052764546250241,0.061615971840374435,0.936037556634737,3.6752411781314575e-05,0.0012569545668569483
84,0.0004766543832684561,0.06944691556159663,0.9291043824858186,1.9304058400916044e-05,0.0009527435109152849
85,0.0005151150888426581,0.06586703606406318,0.9323469542860482,2.1476376410532835e-05,0.0012494181846355694
86,0.00027427377814726256,0.021897926110618377,0.9771397407934016,9.404942171894686e-06,0.0006786543756607626
87,0.00026892820818438264,0.02178445425885119,0.9772945123806243,1.0213575316495622e-05,0.0006418915770235246
88,0.00013133816515174912,0.02242941019730782,0.977009614043947,6.310743894368746e-06,0.0004233268496989639
89,0.00047168539786557415,0.07557445814197028,0.9228116680289518,2.4238966283088216e-05,0.0011179494649292102
90,0.0002516613936299074,0.019440760185902104,0.9795037424529258,7.854819595867546e-06,0.0007959811479462256
91,0.00316972027792905,0.3468379960280783,0.6451519374033494,0.00011826002994470845,0.0047220862606985525
92,0.0003664165257940831,0.03347727484557163,0.9654170552185868,7.42430823828471e-06,0.0007318291018092632
93,0.001830445877958724,0.07755275378118766,0.9184153200523698,3.151125672602895e-05,0.0021699690317579924
94,0.0006334697409168031,0.07482473903306984,0.923315937675651,1.7157807627867942e-05,0.0012086957427345029
95,0.00020735243419920215,0.013031356795380176,0.9861491525546482,8.02702455355526e-06,0.00060411119121901
96,0.00024133859804454668,0.014760144335085702,0.9840323665400915,1.8687277254458025e-05,0.0009474632495236899
97,0.0002655760040626325,0.019288973805524745,0.9787389251165547,1.0257395907612492e-05,0.0016962676779504057
98,0.00028585079033836326,0.020713628126542497,0.9777920173581496,9.216719897356148e-06,0.001199287005072214
99,0.0002412184492215845,0.01316862004395506,0.9856409119505746,8.97457868541207e-06,0.0009402749775632756
100,0.0006871832659628739,0.05327195325227426,0.9444051943109231,1.9296023081214856e-05,0.0016163731477586622
101,9.268711481822748e-05,0.012205929253232068,0.9871396646400579,9.758874190354729e-06,0.0005519601177013172
102,0.00019850797915123438,0.016201848229359883,0.9825141515153044,1.8788997152036052e-05,0.001066703279032525
103,0.00017537922387951316,0.009829641743814947,0.9890388543305257,1.1849505998645015e-05,0.0009442751957811907
104,0.000958967089984043,0.04967910426047675,0.9472063949207671,2.5092030822347258e-05,0.002130441697949853
105,0.00016934733133265375,0.011662082024111425,0.9874789713446811,7.577091565142981e-06,0.000682022208309864
106,0.0006317221228877633,0.033208144734640385,0.9636533990486357,5.527355470712205e-05,0.0024514605391290304
107,0.0004187571954371578,0.04023396141401791,0.958454090985593,1.1039811743426036e-05,0.0008821505932083057
108,0.000398255090841776,0.04634344414676343,0.9512061479899752,2.4293687743867e-05,0.0020278590846755946
109,0.00031328685017708896,0.04592906885449849,0.9527963973342426,2.4803406653246022e-05,0.0009364435544286732
110,0.0008006099622931826,0.0344709783189094,0.9630258762970568,0.00010495313798444856,0.0015975822837560516
111,0.0009949719640480372,0.10606023097818994,0.8909966159537684,0.00010761464021368465,0.0018405664637798737
112,0.0007101397910574512,0.10212505534940912,0.8956025865197009,0.00010996231952523373,0.0014522560203074554
113,0.0036588132731567445,0.14116429569602712,0.8472539743606202,0.0003713818145533943,0.007551534855642361
114,0.03973172214654,0.8459219394571869,0.09606834512014897,0.00793151526191877,0.010346478014205275
115,0.20757917600438838,0.7238380655620781,0.02051057225665719,0.03576121858622879,0.012310967590647473
116,0.0749103837950315,0.83533372055925,0.08063520011156206,0.0010995391467905516,0.008021156387365736
117,0.26973752286307345,0.6959259875258549,0.02094414576894303,0.005737409568474837,0.00765493427365384
118,0.017941814256910472,0.8802160980540307,0.09889817389627557,0.0007889719886647105,0.0021549418041187326
119,0.01423146425510666,0.7836616594606217,0.19846818148599252,0.0006952295341255502,0.002943465264153606
120,0.006551124272068527,0.8086298447330311,0.18135880331394352,0.0006115283543158469,0.002848699326640916
121,0.000961674953782829,0.41502764250114527,0.5829182465344123,8.779707779529804e-05,0.0010046389328644126
122,0.0010626981698177267,0.22195140878961117,0.7752314678172165,6.277539285608997e-05,0.0016916498304983454
123,0.0013833600029768821,0.22007862942846423,0.7773843521737059,6.896524923304282e-05,0.001084693145619846
124,0.0006576733762011372,0.03285042537574308,0.9661373026273093,5.892172245588714e-05,0.0002956768982905641
125,0.0006208868133552504,0.029609739338858073,0.9693532034849195,7.138500807057346e-05,0.0003447853547965913
126,0.0002259067240110892,0.038979864625335356,0.9601612491824071,3.1360617452339046e-05,0.0006016188507940519
127,0.0002687723959553253,0.031863183699566484,0.9672417777183538,2.4714014938302376e-05,0.0006015521711859775
128,0.0008800826537358943,0.20837981493371355,0.7891102910455157,0.00014966374996900017,0.0014801476170659194
129,0.0007803775808444379,0.06274215206594348,0.9351398842880189,9.747901294692605e-05,0.0012401070522464358
130,0.0004958190956548935,0.07782014371484405,0.9208667439453188,5.6536811647350995e-05,0.0007607564325349548
131,0.0012802811800523431,0.07264165700453581,0.9242461584379825,0.00019875131704141303,0.0016331520603878329
132,0.0036461958735204973,0.20684367403610646,0.7854500953121442,0.0005492669956024532,0.003510767782626389
133,0.006153616448244574,0.13005609250416367,0.8599566185229032,0.00038140713781928474,0.0034522653868692943
134,0.04833219093463006,0.1660423275968323,0.11119491101559756,0.007896587682476195,0.6665339827704639
135,0.07657934497566939,0.7840785330125405,0.10840602817789369,0.013271454451816267,0.017664639382080155
136,0.11535517482975853,0.8264713738262176,0.026208971701618122,0.01597039243555454,0.01599408720685101
137,0.268218572976724,0.7099195519451151,0.007731436010772142,0.001453027601414441,0.012677411465974456
138,0.30703376334425025,0.651532385470027,0.005522184016608122,0.0237902873572474,0.012121379811867236
139,0.11476117176045998,0.8694002611334017,0.008190367118446834,0.005430852829931901,0.0022173471577595165
140,0.07375425990149585,0.8993488622466953,0.018810736541775747,0.005753776203684099,0.002332365106348884
141,0.02651721947965834,0.950604815466248,0.01633772178386394,0.004205687299106952,0.0023345559711228244
142,0.029547626358142825,0.8434045253800061,0.11991574652277834,0.004157864433167531,0.002974237305905047
143,0.022582774479421794,0.9126946518122854,0.06047774271387724,0.0020282844679786853,0.00221654652643704
144,0.007079908724848867,0.5973282104489241,0.39319847225636084,0.0004973286611374186,0.0018960799087287673
145,0.004042443105958384,0.5689712328860396,0.4250269128240058,0.0002658838538480052,0.001693527330148258
146,0.0028564099500851597,0.4805134069230761,0.5141794030233151,0.0004683413850965063,0.001982438718427099
147,0.0003038928230747134,0.02477371002342304,0.9746516642553649,2.1286479432995863e-05,0.0002494464187042815
148,0.0003254397551035429,0.03342800402050128,0.9657259990691249,6.547277778638613e-05,0.0004550843774837975
149,0.0024893436766057725,0.36196662040768,0.6329253468476701,0.0002897519153432336,0.00232893715270085
150,0.001932979563307401,0.4544542180972103,0.5409446466266844,0.00029199510474662037,0.0023761606080512296
151,0.0034562728662894584,0.24812156646654462,0.7468255826968865,0.00021263057673127981,0.0013839473935481849
152,0.0012948121389779507,0.2800978765115764,0.7171443488580227,0.0001806232772501608,0.0012823392141727166
153,0.0005366503162042289,0.09501821151873363,0.9035414824894223,5.810882052520886e-05,0.0008455468551145241
154,0.0005907750640928449,0.07052048825776663,0.9280895578479023,9.603277802514144e-05,0.0007031460522132152
155,0.0002182289412959814,0.07402773549074773,0.9251614972086877,8.962848894382819e-05,0.0005029098703245379
156,0.000504249485008359,0.04385649903517412,0.9549697513642784,0.00016445744633927754,0.0005050426691997317
157,0.003567696651342652,0.1833792132918415,0.8045915016779606,0.0019258915816299004,0.006535696797225469
158,0.0006954025770274388,0.08417906166438302,0.9139799936863756,0.00022236973276290082,0.000923172339451231
159,0.0015077404615680278,0.31563637172090975,0.6803862110558053,0.0006280323468589408,0.0018416444148579947
160,0.0005421816411372668,0.05254748029894973,0.9460375309058929,0.0001591856868536353,0.0007136214671662857
161,0.00040026280290571964,0.04850979478467986,0.950532532448166,0.00012796027363681475,0.00042944969061158256
162,0.0003246241846163443,0.03533593702766072,0.963666076200799,7.777636761298748e-05,0.0005955862193110458
163,0.0005030092067692578,0.08937665410443915,0.9086979160430254,0.00015150526053806597,0.001270915385228323
164,0.00029873020317967,0.02638554263907667,0.9723743341424748,0.0001730130545199839,0.0007683799607486041
165,0.0006235787078949533,0.0456243520298952,0.9525816387125696,0.0001633510166141355,0.0010070795330259729
166,0.004220805929506083,0.4099284026209709,0.5815273732565843,0.0012826082939441875,0.0030408098989944585
167,0.0006257021631327397,0.07904458688230699,0.919355775556487,0.00012224529448529993,0.0008516901035880331
168,0.0008248108685481686,0.034455026980660185,0.9636460161347048,0.00027264822699233406,0.000801497789094561
169,0.012031969649647704,0.5362248960985042,0.44063199039165624,0.004007816757728167,0.0071033271024637384
170,0.015650168730282677,0.28449556576390206,0.6938528727679479,0.0011661648897600151,0.004835227848107347
171,0.09944008255325236,0.6893635375769114,0.11477539474644745,0.052494829041697194,0.04392615608169163
172,0.0055885713903249395,0.7990600153079925,0.17872899737931008,0.00810276373441415,0.008519652187958342
173,0.017222052601225345,0.8029535365892874,0.1426910370061993,0.02386380746373114,0.013269566339556761
174,0.026059779158813093,0.6760355980760968,0.21778193792600337,0.05189877798030696,0.028223906858779773
175,0.12881982673832604,0.6279296461211731,0.002259755362047119,0.17537750363382357,0.0656132681446301
176,0.16576402763212103,0.09275338512788449,0.0006507498675760071,0.15239957399768037,0.5884322633747381
177,0.3323634245995661,0.03782414817830801,0.00011971596308419889,0.5748289836011701,0.05486372765787156
178,0.26021701706320394,0.0151059944476468,3.401189679828186e-05,0.5318499224590828,0.19279305413326825
179,0.19218351703764056,0.02870868678019138,6.204069958467969e-05,0.687805827488324,0.09123992799425935
180,0.18436219432300066,0.014462711670105509,3.175872685405479e-05,0.7537356801673138,0.04740765511272589
181,0.09320664835183141,0.025067203881776672,3.464180138543895e-05,0.855597345664963,0.026094160300043256
182,0.08784338323767366,0.014952086073597132,2.843974053954872e-05,0.8648141811176581,0.03236190983053167
183,0.0884329324899901,0.01760475784603155,2.7240816559208718e-05,0.871601395052928,0.022333673794491322
184,0.1010411479892791,0.01400658848484592,1.539509354753335e-05,0.8577478713689151,0.027188997063412434
185,0.12918334277784232,0.024613812221570955,4.003175624458272e-05,0.8241887442978205,0.021974068946521694
186,0.08086706302527086,0.017574453343811528,2.081710880705289e-05,0.8879234771622301,0.013614189359880399
187,0.07173951107287883,0.01620411870372285,2.3181846311146743e-05,0.9002130129948004,0.011820175382286772
188,0.04518445075632661,0.01433304809261299,2.3537594525999834e-05,0.9283897469014846,0.012069216655049826
189,0.07111237947295239,0.021874937752285495,1.4068965561560604e-05,0.8755355163568127,0.03146309745238802
190,0.05802129290915824,0.0074012276499753026,2.1131648527630322e-05,0.923195192533073,0.011361155259265773
191,0.10733673515803721,0.010130390865862439,3.3508634116120525e-05,0.8466797186784304,0.03581964666355376
192,0.11167341186138513,0.008054283921745614,2.8286243026739574e-05,0.86231689599728,0.017927121976562405
193,0.06397297753690703,0.005644914122760594,2.7226352739355723e-05,0.9045360852977868,0.025818796689806127
194,0.036050711110241176,0.007764067608573282,3.427330009181562e-05,0.8914360789253727,0.06471486905572106
195,0.06761873896966573,0.004608270128833912,1.491433082013297e-05,0.9065014621951001,0.02125661437558031
196,0.09971949436398875,0.009143353044472549,1.5101810211672836e-05,0.8646048470961873,0.02651720368513978
197,0.10384915349292471,0.008336551305032469,4.314416125990847e-05,0.8540903149371536,0.03368083610362915
198,0.028635701901967913,0.01014613608009327,2.7567710625936285e-05,0.9495138007354066,0.011676793571906346
199,0.18022163007741937,0.016395918199117003,5.2461375033047204e-05,0.7728497164387605,0.030480273909669994
200,0.07444988881878488,0.024512736850781047,2.5734594673059647e-05,0.8742731908950363,0.026738448840724776
201,0.06625372297334432,0.033292919554377916,9.049303239014313e-05,0.455583369033947,0.4447794954059406
202,0.256167690563594,0.03027586889532183,4.671093072397168e-05,0.6520342702295421,0.06147545938081818
203,0.2947225762790827,0.03830378833567871,4.950661279915941e-05,0.6106380482146837,0.056286080557755795
204,0.3796541450243642,0.044697684489289125,3.827514857477219e-05,0.5063348882695625,0.06927500706820935
205,0.12718105155190168,0.028123508969099265,3.842767111940965e-05,0.817949914506035,0.026707097301844573
206,0.11896688499096257,0.05842926791969096,1.6234382879367192e-05,0.8092544880876837,0.013333124618783311
207,0.14391464853476685,0.11211141873510948,3.581743298994065e-05,0.7177747875741985,0.02616332772293512
208,0.24296264034930942,0.09788753004903371,3.5158171383236193e-05,0.5797596081804455,0.07935506324982818
209,0.47139011968813904,0.0381030216052295,8.271578381584835e-05,0.10991390117559303,0.3805102417472226
210,0.55053664849529,0.2698881758239192,0.0007983793415455866,0.10488809859604331,0.0738886977432019
211,0.27309821126421413,0.5747080652717655,0.0014036051546709874,0.0664078937817874,0.084382224527562
212,0.5174799612758776,0.18648971974854528,0.0006883854992904011,0.1515347512529922,0.14380718222329456
213,0.04497161882224775,0.059917148372735166,0.0006115417286557351,0.0147729719314705,0.8797267191448909
214,0.018926713612177567,0.002380064735592752,1.9948427638210145e-05,0.003266285453520375,0.9754069877710712
215,0.01679148319520605,0.0060552182865972895,0.0016003639540190934,0.0016153724063718872,0.9739375621578057
216,0.0031922790060101114,0.00043199528655045905,1.0567516134715619e-05,0.00016965992589156203,0.9961954982654132
217,0.0023458687213931927,0.00027852679233496757,5.9846706885970295e-06,0.00013843873007467463,0.9972311810855086
218,0.0125667548791046,0.00029568590167528664,7.015001172941172e-06,0.00022858053369265887,0.9869019636843545
219,0.07174471292678014,0.0023666169907881575,5.965053089623678e-05,0.0008516042465748656,0.9249774153049606
220,0.5023351739040993,0.006436239468471967,0.00010368454563030056,0.0031628884939512584,0.48796201358784697
221,0.7157144599479047,0.10879853356427736,0.0022916278695785963,0.015909422114383058,0.15728595650385618
222,0.34677752373132537,0.5145001330887705,0.0032610316226262073,0.0646659251219773,0.07079538643530056
223,0.16317924995094935,0.26919051484099177,0.0030280075281520847,0.49894412447551945,0.0656581032043873
224,0.6389861189583499,0.10507472102160008,0.00024404768901472746,0.23141401603538794,0.024281096295647408
225,0.2127019297138237,0.5948954159603104,0.002857300331092699,0.17853753731531216,0.011007816679461177
226,0.0877455846405664,0.8400527423101497,0.0034864964794081178,0.06444050173747486,0.004274674832400934
227,0.1212502762123796,0.8136612018331714,0.0015365042215643612,0.05902279841913025,0.004529219313754428
228,0.06710292278562008,0.7938630941652917,0.0037323400808670884,0.1302982553417848,0.005003387626436642
229,0.0307529335922075,0.9205051190492223,0.031327789681891205,0.013285984625819197,0.004128173050859829
230,0.0666145510991243,0.8389491207795833,0.007014811669496095,0.0793777751501703,0.008043741301625938
231,0.028422799214379957,0.1424714829789381,0.038096475329716266,0.0024625109766908404,0.7885467315002748
232,0.015508697537743492,0.013687335077652974,0.0006030073379562918,0.001342535417091428,0.968858424629556
233,0.9076120434581092,0.02274094138333555,8.506832798854113e-05,0.0014834460359265356,0.06807850079464005
234,0.40222284394089414,0.5720468932545667,0.0014560591921597415,0.0011809461250195752,0.0230932574873599
235,0.19649645066674742,0.7820616759996326,0.004027608700570299,0.0017380563113959437,0.01567620832165368
236,0.08201582490648435,0.8759759068324144,0.0019469180909361544,0.03390628004848208,0.00615507012168293
237,0.08606918341722775,0.8640141595719413,0.006438051718921206,0.03717312766255239,0.00630547762935731
238,0.018365967968080158,0.9320186629021846,0.025795917918461794,0.021741793674168595,0.0020776575371048408
239,0.13900625253261925,0.7646791873227037,0.016809534196437614,0.06026904687433073,0.019235979073908623
240,0.06198274882416984,0.9073565643776891,0.008772803966820588,0.01934289411102859,0.0025449887202918233
241,0.021559316728159438,0.9460034142751975,0.023795004896177245,0.007372738218609862,0.0012695258818558933
242,0.05688055897169873,0.9046431119580358,0.024707741978659933,0.011311400417860327,0.002457186673745076
243,0.016463440828621823,0.9610136577764665,0.01646628216054267,0.004484696465048791,0.0015719227693202992
244,0.007075438627800673,0.7469443356328331,0.23950735646373073,0.005157375817645878,0.0013154934579893834
245,0.01306336203586882,0.9687982636960946,0.007600280455733275,0.008762464341938222,0.001775629470365006
246,0.0058221804900354035,0.9026104752506954,0.05979254380890821,0.029863591249925575,0.001911209200435454
247,0.01710493328863884,0.8404875133497101,0.021077855888986245,0.11910969376820792,0.0022200037044568734
248,0.01160324369850867,0.9525995123188365,0.005397124506520362,0.028151368728942444,0.002248750747191984
249,0.04095509560656599,0.8284039698686438,0.013680832889635812,0.10185015766000335,0.015109943975151065
250,0.18991009628496067,0.5497160460830468,0.0012365346676314224,0.21339152138457387,0.04574580157978717
251,0.23648239666390639,0.6363843611448337,0.0005753494054051896,0.10987625264848609,0.016681640137368496
252,0.1875523517370075,0.7547280860907233,0.0005903307145777574,0.05306909290199789,0.0040601385556934605
253,0.10092677273851991,0.8737822400295596,0.0020565681909701177,0.02120831066587663,0.002026108375073644
254,0.058668038011196945,0.9078284766471327,0.014677264341191027,0.014174777709097525,0.004651443291381721
255,0.07241417781539233,0.8936027624681806,0.0021811695428463258,0.026806143608165904,0.004995746565415051
256,0.06984334528735663,0.8846634716300892,0.006962241150944949,0.03361415595237738,0.004916785979231868
257,0.025988512645937958,0.9649450686229235,0.0030293638118349363,0.0050257474540613715,0.0010113074652422962
258,0.019457536184740738,0.9615440854621325,0.011664973317329002,0.0058879108387591885,0.001445494197038723
259,0.03258552488410767,0.9376887593496729,0.015473568635652246,0.011753140599141712,0.0024990065314256706
260,0.006023256491153176,0.855415449635411,0.13399555754145495,0.0032183110044942554,0.001347425327486715
261,0.007785773630829814,0.750477154358205,0.2375361842663677,0.002566717823784563,0.0016341699208131638
262,0.00790999790793929,0.9184097422208598,0.07006236908644105,0.0013717038443143805,0.0022461869404454197
263,0.006129445590234347,0.70737779306862,0.2821401443769518,0.0014965274026619995,0.002856089561531803
264,0.002424384430874377,0.7095485100513379,0.2855063012541197,0.0004777361517982119,0.002043068111869896
265,0.0022304925075979283,0.56995689457863,0.4253527306598677,0.00043963714791449987,0.0020202451059900847
266,0.004592612837725618,0.27868603908900674,0.7146824832840311,0.0010594442743378932,0.00097942051489885
267,0.010694808456783734,0.6701992805407413,0.31376809570752195,0.0027781630691041293,0.0025596522258487624
268,0.003397296936534339,0.768315873928117,0.22537122133438947,0.001050194015575853,0.0018654137853834029
269,0.0032598307170752694,0.7221155858561183,0.27223936767696993,0.0011119770614010755,0.0012732386884354158
270,0.0032627052890585205,0.5997644859441357,0.3951403665592663,0.0006216212824753637,0.0012108209250641484
271,0.004608354730899488,0.8270660369996844,0.16564066718695994,0.0007946016579125832,0.0018903394245436205
272,0.0037144873244106115,0.6077934886443154,0.38609589368060404,0.0004919163182869608,0.0019042140323829704
273,0.0022339485533379114,0.5819607950883093,0.41443159184161416,0.00024741659215421946,0.0011262479245844267
274,0.0052960735494935185,0.528124366141021,0.4636669212781029,0.0007897306035404177,0.0021229084278421204
275,0.0035343180170211257,0.5824436635085648,0.41202110066945363,0.0003982431543580662,0.0016026746506021955
276,0.001871879134732737,0.2473900388223598,0.749182161172419,0.0002863952314292917,0.0012695256390592145
277,0.002551279897497576,0.5692806665694518,0.42592817860816923,0.0005726850104683943,0.0016671899144131395
278,0.0036063638186698797,0.22355515409916307,0.771329586842136,0.00025275128952629704,0.0012561439505046753
279,0.007454734296525491,0.555200292167834,0.43427289366926586,0.0009584914295173456,0.002113588436857392
280,0.0038538236028203407,0.47599372951368435,0.5175801947489863,0.0006738239017579243,0.0018984282327511742
281,0.0029348515001565265,0.7459214754364022,0.24946918275730964,0.00040439172974732435,0.0012700985763843776
282,0.0017537511187957705,0.7614413334256882,0.23561570329012757,0.00024006491258838535,0.0009491472527999411
283,0.0014704173091009238,0.24016793762709177,0.756545978175011,0.0002572901273309094,0.0015583767614655833
284,0.0038803006276741554,0.6509328698476894,0.3413299993738669,0.0012817894709078168,0.0025750406798616225
285,0.0033632300887525583,0.32243149101009155,0.670656519339656,0.0010108573439333976,0.0025379022175664743
286,0.004513550374115992,0.666502954151299,0.32323974303869524,0.0014342489365296261,0.004309503499359972
287,0.005754939482327113,0.37317829537554015,0.6114949595720842,0.0025262222907055415,0.007045583279342935
288,0.03834898420217251,0.7551182105053376,0.17055196808451306,0.00510731972119507,0.030873517486781868
289,0.03597484029788851,0.014350119013128363,0.0013367206957237508,0.0017892081062280774,0.9465491118870314
290,0.5489430685746686,0.3035913329472083,0.002804785771557572,0.032847315039063046,0.11181349766750258
291,0.11016490155144876,0.037087364140924194,0.0011896085020124086,0.0022590700500103706,0.8492990557556043
292,0.4468541709749495,0.4823820088845618,0.0020754324670585853,0.003603808165331795,0.06508457950809833
293,0.0969100669560598,0.8351890687708569,0.012057746694241152,0.03100643889057362,0.024836678688268714
294,0.07831741236446574,0.8420919571889536,0.017510846045615928,0.035692565872670945,0.02638721852829377
295,0.028986097955076506,0.6176024453734571,0.299283491920213,0.009292143747928793,0.044835821003324526
296,0.031594905791798,0.01654313670694339,0.00064044560534384,0.010931596009672912,0.9402899158862419
297,0.11087753649434592,0.019549184751770036,0.0005740965549281156,0.006834973034468452,0.8621642091644874
298,0.0029889515688451464,0.0032875376319557756,0.0005040342589647815,0.0003820454167722143,0.992837431123462
299,0.18270110904564954,0.004403165168018165,3.0303944642851854e-05,0.0011572375821240766,0.8117081842595653
300,0.6261098340635559,0.030325424257602502,0.00016090254323151897,0.0015007780865313796,0.3419030610490787
301,0.7062319648945233,0.2436957313160088,0.0020320471719456313,0.009691518298705529,0.03834873831881677
302,0.6341460395869852,0.3158953867316831,0.004793560098601327,0.014743310218481675,0.030421703364248695
303,0.3851255558020403,0.4375111894917359,0.0013735451846635675,0.141398286562825,0.034591422958735414
304,0.06873239472507954,0.873546571940723,0.0012050652380658485,0.05466586376894453,0.0018501043271872406
305,0.025548655219241958,0.9531860618517748,0.0021655043147695468,0.017488766101946402,0.0016110125122673808
306,0.11759900238046786,0.8409694679197189,0.0036393406124812233,0.014239225949330333,0.0235529631380016
307,0.02760377620194135,0.9470885332081548,0.019408836244937187,0.004762415565527639,0.0011364387794390697
308,0.005025483798464288,0.8614105691286409,0.1319602156237694,0.0009574387063100753,0.0006462927428154947
309,0.011937434777998234,0.9765019603963009,0.009533861267264148,0.0012154410062081048,0.0008113025522283374
310,0.0061107041759167376,0.9704511496357188,0.02050193235114928,0.001716806291880707,0.0012194075453343578
311,0.0029498827388223996,0.6740716558697312,0.32080183094603365,0.0009226096373850382,0.0012540208080279013
312,0.002288803445349709,0.7757556465450776,0.2200600468528265,0.000659288022324436,0.0012362151344218076
313,0.0017260877029897446,0.7101460668001123,0.28629784878869197,0.000477869555194362,0.001352127153011674
314,0.0036317843717051826,0.6494594456763568,0.34293691554433975,0.0016516871155628189,0.0023201672920354784
315,0.0027055774097753094,0.6079015208383229,0.38672654799040024,0.0010514999630910485,0.0016148537984105272
316,0.0020040644481706476,0.5503662707501158,0.4455233364585187,0.0009253889599188088,0.001180939383276057
317,0.003776485299353914,0.8656553353396937,0.12726786556841116,0.0014846210215107107,0.0018156927710304771
318,0.0025539416222774484,0.6376868361102614,0.35779891824222093,0.0007308976109651082,0.0012294064142750454
319,0.0010172365361916195,0.27569792975130386,0.7222231785237516,0.00023711430951393826,0.0008245408792388383
320,0.001936682071931885,0.5465301255161643,0.45020687756755096,0.0002631074499632964,0.0010632073943895872
321,0.0008120293798273137,0.2458398327804935,0.7522443509790507,0.00010496863537274286,0.0009988182252557603
322,0.0011877084992751427,0.4134631338858952,0.5838994403076535,0.00023197634154894663,0.0012177409656272155
323,0.0005925414305091025,0.12316753367086358,0.8753731755382981,0.00012258537335762005,0.0007441639869715801
324,0.0008928926192619384,0.2541610206559552,0.7436952827902383,0.00018510682238962435,0.0010656971121551125
325,0.0005426822211063286,0.23109924692267944,0.7670962533479014,0.00015078794332444798,0.0011110295649880899
326,0.0005038572491937435,0.09182609732332189,0.9069346802725758,0.00021322667209015621,0.0005221384828182623
327,0.006047763065621595,0.6131269453519402,0.3756386796334838,0.0010397622864882653,0.004146849662466186
328,0.01121717290630469,0.7867766584511271,0.1967491124219564,0.0026553067985348815,0.00260174942207687
329,0.001660285095671591,0.411358660573947,0.5854323482675796,0.0002704881760361938,0.0012782178867657124
330,0.003970821209650075,0.560380992946766,0.43323619229900434,0.0006151349226497407,0.0017968586219299283
331,0.0020907162586170226,0.6781927365226128,0.31826736049471127,0.0002563534215062961,0.0011928333025526539
332,0.0010118555776966018,0.23525088362731758,0.7629508551080376,0.00012339044627248798,0.0006630152406757899
333,0.0005781700578527168,0.23909309379799967,0.7596740167711141,9.272757809424478e-05,0.0005619917949391403
334,0.00043828506624977586,0.15655139247517386,0.8425278467635257,6.0439011165188764e-05,0.00042203668388555906
335,0.0010757093079973594,0.17534832313218865,0.8228214777409986,0.00016372065054294515,0.0005907691682725102
336,0.0001662686660310054,0.042376786388261034,0.9571916001141079,7.190718518777644e-05,0.00019343764641244904
337,0.000794988528997426,0.20246360137566913,0.7954433258322721,0.0001116909941467694,0.001186393268914609
338,0.00012242978972731446,0.044054481909089734,0.9555251681498304,3.881898853482786e-05,0.00025910116281778424
339,0.0010844385305214998,0.209786586278925,0.7877979037077247,0.00016829081034364424,0.0011627806724851806
340,0.0005456040930852649,0.1614437224242749,0.8371547743409329,7.790974090058263e-05,0.0007779894008063756
341,0.0009178804583650369,0.15667891381863255,0.8410724361146317,0.00012805278129388815,0.001202716827076756
342,0.000191580394878512,0.01977369644420185,0.9794580011790344,8.286030045227051e-05,0.0004938616814328203
343,0.0002525782808588323,0.03141889419285109,0.9677636275956067,4.563922330442342e-05,0.0005192607073789002
344,0.0005774167685634296,0.11130524258690636,0.886963609145087,0.00010189294505528207,0.0010518385543877556
345,0.00020147773199655558,0.03407134543964519,0.965211668492247,2.8874035934832548e-05,0.00048663430017634114
346,0.0007624123428375248,0.05887763240647887,0.9392728618607359,7.831632851491135e-05,0.0010087770614326935
347,0.00020827393542599258,0.023648013544309034,0.9754657866713908,6.983079785393304e-05,0.0006080950510202888
348,0.0015161843543477016,0.42461455637790685,0.5722667732117985,0.0002148978176338759,0.0013875882383129721
349,0.0020005841664656005,0.26812972413726854,0.7280069203090125,0.00030639241503336125,0.0015563789722201
350,0.0007054821977972727,0.08586360410364463,0.9122874250820954,7.081838701688459e-05,0.001072670229445906
351,0.0003083465484203829,0.028976787058660792,0.970291382092517,7.41090367326542e-05,0.0003493752636692422
352,0.00041536945989967717,0.03435224637687998,0.964736471476408,5.775769486697591e-05,0.00043815499194529593
353,0.00043198231158866684,0.06614658400408258,0.9325487971123064,7.14219904734213e-05,0.0008012145815488058
354,0.000441875274119391,0.09041897110231145,0.9083479841548652,6.122870476702786e-05,0.0007299407639369493
355,0.00012144021040725805,0.04390020223613448,0.9555000951428451,3.2000203695889744e-05,0.0004462622069172729
356,0.0003974375903071492,0.0663903428913339,0.9327048871260681,7.382369089822654e-05,0.0004335087013927226
357,0.000157607092570643,0.05472754811269365,0.944695645293104,5.813742949400822e-05,0.00036106207213779275
358,0.0004748784326986206,0.041749700813766825,0.956991873908006,0.00018809696687228038,0.0005954498786562535
359,0.00027519377557261456,0.040879713645009544,0.9582782816695995,0.000134198097716523,0.00043261281210193683
360,0.0005605141993132861,0.08319109931350668,0.9152727982036013,0.00023747489860713667,0.0007381133849716383
361,0.0011046362937390272,0.11892614419128676,0.876939697928719,0.00043581740089574815,0.002593704185359529
362,0.013819316112254908,0.8164310071097046,0.15866223858191536,0.0052133614313889095,0.0058740767647363756
363,0.053105698083795116,0.813292015448411,0.11155336044926938,0.015566024528670147,0.006482901489854333
364,0.056555469514182805,0.9005878458271263,0.03436088541367506,0.004881425772261221,0.0036143734727546737
365,0.031789954222513656,0.736835888213907,0.22694041844722382,0.0015102375901722182,0.002923501526183352
366,0.009596352546032267,0.7782608706202084,0.20904538311177795,0.0015660097530688847,0.0015313839689125074
367,0.0028189308791834737,0.7443603709215743,0.24659177285532877,0.003908860163676147,0.002320065180237432
368,0.014190740946461044,0.6975783769472236,0.22296405100420844,0.05998534891074427,0.0052814821913626814
369,0.006172436444597458,0.7690327980906548,0.15873549299436968,0.06331025435880802,0.002749018111570009
370,0.010619784693810362,0.5971938345510388,0.2219960916344295,0.16112234819376578,0.009067940926955478
371,0.022153355836557025,0.14348788175650284,0.009072917970589735,0.8086817854310002,0.01660405900535004
372,0.041623971452422345,0.3924363791383528,0.038476099805425636,0.4871151685109368,0.040348381092862574
