epoch,N1,N2,N3,R,W
0,0.03749067230771834,0.00445141513362783,1.7744475013677638e-05,0.00014549853638192272,0.9578946695472582
1,0.007323943249884233,0.0058491865377899585,7.502138145160462e-05,4.3319014677325446e-05,0.9867085298161968
2,0.005266437659707105,0.0025676524853337442,6.657382529587868e-05,4.339852357182672e-05,0.9920559375060914
3,0.009937483023828242,0.011455559525975883,2.6689373185142603e-05,0.00019158680569681836,0.978388681271314
4,0.0026141818889683127,0.0030260239624071853,1.0152908513373162e-05,3.8815881935547826e-05,0.9943108253581756
5,0.05168614989445743,0.027730745072513448,0.00017642910324502272,0.0006456646138733939,0.9197610113159107
6,0.2488218498557291,0.11447279589814142,0.0003352913737936984,0.0008581651350483784,0.6355118977372873
7,0.29279572143787314,0.08968119473297896,0.0003663614945700852,0.0018790019570188025,0.6152777203775589
8,0.20374965083839436,0.07272729710993196,0.00023877710287331078,0.00305666418073038,0.72022761076807
9,0.15929779414316536,0.08470774366591871,0.00022379693680961088,0.006923201408126486,0.7488474638459799
10,0.2078659253148069,0.1356115172125728,0.0007434982590031054,0.005779158715197297,0.6499999004984199
11,0.1317092085429339,0.0863083783762375,0.0003200324005076829,0.0023514816691246735,0.7793108990111963
12,0.1445266930281933,0.11534183850019383,0.00047431609465994505,0.0023332181934289033,0.737323934183524
13,0.07260129638542595,0.04781962927031524,0.0003685378987497523,0.0013646316933564936,0.8778459047521526
14,0.06219445323733215,0.05926702789985187,0.00021852260002664265,0.001143249233891429,0.8771767470288979
15,0.03984327893026284,0.03364337296718082,0.00020939189396999578,0.0009960246973868673,0.9253079315111994
16,0.17504058548343804,0.07478233550256966,0.00033619578851074245,0.0033337414547420065,0.7465071417707395
17,0.03743186646594879,0.05753098150269952,0.0003113710845055435,0.0012748761573129629,0.9034509047895332
18,0.015878171238234724,0.032659984140133956,0.0004122200609213806,0.00022470935111225436,0.9508249152095978
19,0.011145974551061017,0.015486368903360182,0.0003180121987182118,0.00032926905564410763,0.9727203752912165
20,0.023841510963878102,0.009857870067408065,0.00013021712529078422,0.00025012769710310283,0.96592027414632
21,0.06567517795983628,0.047163064613900706,0.00046493753408592486,0.00036817322959309417,0.8863286466625839
22,0.20072553851880298,0.06638359921379715,0.00020724466346754377,0.0009672483197248796,0.7317163692842075
23,0.6912336560597522,0.08859633938561337,0.0005182545696505577,0.0022983170027345685,0.2173534329822492
24,0.025956062575791587,0.020304808816979835,0.00031477678778519034,0.0005290548417442094,0.9528952969776993
25,0.3616815926146535,0.11910527441106547,0.0013031928095735544,0.03252228026937761,0.4853876598953299
26,0.3762961888653572,0.23173307690268197,0.0019734540686782574,0.07581638522577216,0.31418089493751045
27,0.38082376555234365,0.31188603304536117,0.0028920141907378956,0.12405329810382298,0.18034488910773444
28,0.27765585883590077,0.2207862316724788,0.0006044770352236666,0.2725618468021311,0.22839158565426565
29,0.27195327720058476,0.2693214142737848,0.0035941213096541674,0.12489858731296609,0.3302325999030101
30,0.1917921552159385,0.14228773449122287,0.0009681130239250368,0.525538744719026,0.13941325254988765
31,0.15955602744801858,0.1353643387473133,0.0005071671540645951,0.5935721139156728,0.11100035273493078
32,0.09402575365878987,0.26184697478680746,0.002590316672915012,0.5984283490788987,0.04310860580258892
33,0.19201961861234162,0.3517702412247187,0.0014475394528329808,0.26417791663129275,0.19058468407881393
34,0.2687288562164604,0.3180384993449036,0.0009706912969178527,0.2907830805029692,0.1214788726387488
35,0.2901244446442335,0.30402534597565956,0.0030364122802122072,0.25840194890219653,0.14441184819769828
36,0.09028948349035998,0.27475754994378504,0.004190671034967008,0.028690717392819802,0.6020715781380681
37,0.3635848879889915,0.34278405955436986,0.0018200596423562062,0.1994382307502111,0.09237276206407127
38,0.2949692729756476,0.41171977619071215,0.005579233206887115,0.07652884859851208,0.21120286902824098
39,0.1305699544086863,0.41372143298396963,0.005728682824609392,0.03213169048914721,0.4178482392935874
40,0.19501044376760984,0.4308082140978278,0.0024083782185402684,0.11177879911500502,0.25999416480101706
41,0.04435353115271841,0.21956679920776961,0.0009790276125174076,0.008245788980089713,0.7268548530469049
42,0.04535081825095456,0.11083899841572005,0.0009824091749863237,0.0026109398358242874,0.8402168343225147
43,0.02221471459910749,0.07034281900401271,0.0004586779660200732,0.0004238597190283708,0.9065599287118313
44,0.01752198788724904,0.06844182352985989,0.0004210296794079848,0.0003798496447983125,0.9132353092586848
45,0.10904811983242017,0.06022799442392611,0.0003306023076813765,0.0010753894043370926,0.8293178940316352
46,0.016838128693187727,0.018385909872732187,0.00010580987508658398,0.0003250167163427566,0.9643451348426507
47,0.012019831726967654,0.016167765551114717,0.00012275604043964636,0.0003692730202707492,0.9713203736612072
48,0.035369120225535136,0.011841360880348734,0.00014350762455070252,0.0013911974900972992,0.9512548137794681
49,0.004322847087706408,0.0037943610738028497,0.00014225891501924538,0.0001422397394122814,0.9915982931840593
50,0.011683433335668401,0.0045315966133929126,4.128307269387275e-05,0.0004645165760855461,0.9832791704021593
51,0.01341983227368113,0.006102552126182527,0.0001724390993803821,0.0010338074861613428,0.9792713690145946
52,0.0018112676784169598,0.0001921263724965219,3.0608298133229894e-06,2.0160040931527956e-05,0.9979733850783418
53,0.005900875604674522,0.00134346810252894,4.8652047868925515e-06,8.462264024940231e-05,0.9926661684477603
54,0.0005803484074521902,4.182139122762345e-05,3.926713872217177e-06,4.717213918381382e-06,0.9993691862735296
55,0.047571557135094804,0.005174409857308007,2.017923788191638e-05,0.00023343111533619064,0.9470004226543791
56,0.3024742744968553,0.009570703568192439,8.519387013141014e-05,0.002140929583741564,0.6857288984810793
57,0.03450170602628592,0.02358747413120732,0.000444382955099719,0.005176466616204758,0.9362899702712023
58,0.4781142570661186,0.13407982728759607,0.0005355514595220393,0.07953572656577662,0.30773463762098674
59,0.10951799681306366,0.1815000695537644,0.0006269890576896557,0.030650971344759408,0.677703973230723
60,0.40020441196626605,0.28826655907142174,0.002027841051443974,0.19493856969810291,0.11456261821276531
61,0.10807988104999708,0.498057420952363,0.003361106820022002,0.10515527475504667,0.28534631642257124
62,0.30384975078522647,0.27468650557521845,0.0023780025630028376,0.24821626566928348,0.1708694754072688
63,0.11560115182916308,0.30182157908174506,0.0008540388730357839,0.05680192180476387,0.5249213084112923
64,0.12579262653456416,0.17822198302053888,0.00045027910931932794,0.017093375580048295,0.6784417357555295
65,0.38249871275418407,0.2754447057457017,0.0006022202342047218,0.03134270174575839,0.3101116595201511
66,0.030018817752640214,0.04099445174618801,0.0006736799801253032,0.0002640155009614362,0.9280490350200851
67,0.015028914656426147,0.003563253123433733,2.6090471603097485e-05,8.781939626977536e-05,0.9812939223522673
68,0.026534189048019127,0.004625632387126623,5.259035371289184e-05,0.00018004350674217333,0.9686075447043992
69,0.015517794276096104,0.0014613566371955529,1.4457971578120534e-05,0.00024349843017258313,0.9827628926849576
70,0.6635227907970737,0.07940719807395547,0.00043956825179252313,0.005176093324821521,0.251454349552357
71,0.7552149404410714,0.055341405626701035,0.000296132982100952,0.00994385722794751,0.1792036637221792
72,0.7962571216318741,0.07248490219787462,0.0003317533145763158,0.03258610636662854,0.09834011648904652
73,0.46257809342381095,0.1969034027721247,0.0006040664543391358,0.214552896681333,0.12536154066839222
74,0.5866967760443562,0.2501874594131512,0.0008992150016993466,0.10768162839476526,0.05453492114602805
75,0.6559408124688056,0.2044886836858385,0.0007615480859817867,0.09624596160855631,0.04256299415081787
76,0.27421734487449695,0.34781091055656754,0.002471249141498149,0.3493398023080875,0.026160693119349782
77,0.2824069526144958,0.2603535348350582,0.000947362385423766,0.3945774285630453,0.061714721601977
78,0.356027925630282,0.43881135056610776,0.0032543739116751335,0.1746458076610713,0.027260542230863823
79,0.15285864760063217,0.7687991078739294,0.0035153844853671287,0.05617477421910523,0.018652085820966245
80,0.32318951835177473,0.5692869550180436,0.003607114973836799,0.06892588255707877,0.034990529099266136
81,0.09208716163524892,0.8811863486217428,0.0023496965305049144,0.016898554071135243,0.00747823914136799
82,0.07293539126513951,0.9044129509759222,0.002084679234231329,0.010810208079358983,0.009756770445347944
83,0.07591364818351368,0.8922244670124024,0.005106105318060248,0.012685849829499093,0.014069929656524623
84,0.04285235872913273,0.9349009150426985,0.004932782194814703,0.011020239402130705,0.006293704631223615
85,0.13176903436622547,0.7819918761226706,0.0036719364701423445,0.04476121126963491,0.03780594177132672
86,0.30410298475929276,0.47818031658817933,0.003454862323055802,0.1570542682907494,0.057207568038722734
87,0.2794268255623902,0.4369622539895381,0.001307796793472046,0.04029602886397078,0.2420070947906289
88,0.5138945744635436,0.21077685246909753,0.00032708694704356947,0.10875894971503099,0.16624253640528447
89,0.392489062031954,0.26174240494346673,0.0014192076441252887,0.16601811085971918,0.17833121452073494
90,0.3178994274048472,0.20555182739827949,0.0015577715089222556,0.11846498533810106,0.3565259883498501
91,0.16932862757342473,0.2368973048392622,0.00047327062093460145,0.14774807436186502,0.44555272260451334
92,0.06306786224035069,0.1286575152030344,0.0005788651281577688,0.09921718272669738,0.7084785747017598
93,0.08868504164527259,0.2662466091308371,0.0008688290850477888,0.23022638990676875,0.4139731302320738
94,0.11934223398018284,0.056671965547382665,0.0008504435431650044,0.1044284158464059,0.7187069410828637
95,0.007504787437188774,0.01996122331562972,0.0003371852973761842,0.0010700168314740721,0.9711267871183312
96,0.051241507827209196,0.13784195483822856,0.0020423703044765646,0.008380796881001918,0.8004933701490838
97,0.05467420565874939,0.13504243661862184,0.0009750372006243147,0.004238354489676805,0.8050699660323275
98,0.029348458468258863,0.08837230978168714,0.0008199832311618328,0.0033604088729692456,0.878098839645923
99,0.03859838763602033,0.1606153432639263,0.0010047298315028427,0.003433123004007897,0.7963484162645428
100,0.030301840612999047,0.17362312310959943,0.001201230495074196,0.0032542518594190577,0.7916195539229084
101,0.10768918077299353,0.1914488418853436,0.0015100067862338978,0.006793165699146535,0.6925588048562825
102,0.05777115692446143,0.3683816938619328,0.001888804100465331,0.0058608832630102975,0.5660974618501302
103,0.042878934825102785,0.324656580243383,0.0015921905279457644,0.007359970895745022,0.6235123235078235
104,0.039376630580714465,0.3525097035888682,0.000916110022636299,0.004794141351874393,0.6024034144559067
105,0.06700256825292826,0.3779223534926036,0.002214870401666388,0.007808402691499675,0.5450518051613021
106,0.04747799047756204,0.5022068687198696,0.002184727888757643,0.011583976602882802,0.4365464363109279
107,0.044308049993924306,0.3973230788334267,0.0017227036078125185,0.01020991483843497,0.5464362527264014
108,0.026339878303225796,0.6456080631121481,0.00436219827848101,0.004850023662916239,0.3188398366432288
109,0.0510212836598952,0.5526499545638787,0.003627597193675747,0.0105985179883943,0.38210264659415616
110,0.03366699960910575,0.3965543045322925,0.005306462201738005,0.0034912816978321373,0.5609809519590315
111,0.10235308252249246,0.3657945804310366,0.002246115649697293,0.004871041558292579,0.5247351798384811
112,0.12805154895217988,0.5599892446294011,0.0020363629132632943,0.004506899253185429,0.3054159442519702
113,0.1763143154728628,0.5302664522464183,0.001047160486823172,0.012052398494732925,0.2803196732991628
114,0.20616545663845123,0.725650524179925,0.004202983677843069,0.009530887725149775,0.054450147778630886
115,0.21992198957537698,0.690014832515509,0.005319784542069392,0.010586695513595812,0.07415669785344879
116,0.06558668664674835,0.8981243543486275,0.01134650383083516,0.0037185301729587335,0.02122392500083055
117,0.03620835087078082,0.9188297698167546,0.024195631632837302,0.0027517753128967746,0.018014472366730514
118,0.08436397823699836,0.8457534950336454,0.024250479274532756,0.004209131027539728,0.04142291642728372
119,0.060442254081577496,0.8809760907574024,0.020430811883094244,0.00493037637171187,0.03322046690621405
120,0.09101509739094865,0.8607829180677689,0.018397896132497746,0.006171383674059819,0.023632704734724883
121,0.05014942934597241,0.865026685088919,0.05010323699554755,0.0037177868909614143,0.03100286167859963
122,0.1036135957316878,0.8328860305491541,0.03070972346705628,0.003712741302485271,0.029077908949616687
123,0.038948248359946626,0.8894748353831823,0.04695306543921635,0.0012837762188713635,0.023340074598783282
124,0.03787342718044458,0.9057808446464789,0.042570646579989324,0.001163650148046461,0.012611431445040722
125,0.026760196615131383,0.8866764775780965,0.07117859115967368,0.0005736300451731689,0.01481110460192503
126,0.03602030291864309,0.9044941933643592,0.04242050129985564,0.0015813814286219096,0.015483620988520363
127,0.049442722969066995,0.8417659140851635,0.0782853869361151,0.0018231205237265655,0.028682855485927753
128,0.08098669798975988,0.8402992330109272,0.0552900031775168,0.003640550094628504,0.01978351572716776
129,0.05296746444682616,0.881586737800914,0.04175721518926846,0.0015518112259572574,0.022136771337034282
130,0.02367556326080747,0.9066086275864536,0.05848068114039774,0.0006159959442934951,0.010619132068047828
131,0.0425222938291376,0.8870086640294165,0.050672731451598105,0.0007111438394446343,0.019085166850403266
132,0.02105202223220382,0.7232151768961502,0.24199881453770042,0.0004248540931254139,0.013309132240820157
133,0.018288776872836938,0.8358842649062271,0.13653931236251496,0.0004712032543451465,0.008816442604076005
134,0.07075928515033192,0.8811960466080052,0.03615326445559125,0.001387755172800642,0.010503648613270892
135,0.0339772114531332,0.8410958037958588,0.10906445521767806,0.0008149421125494178,0.015047587420780462
136,0.01168366893152965,0.8035510217430785,0.17216290838334342,0.0005454121829639024,0.012056988759084673
137,0.014372279227163278,0.8686624097662977,0.11001393895293163,0.00040293857753345924,0.006548433476073838
138,0.03413981608150369,0.9068273751764173,0.04745983412447963,0.0009813709034906608,0.010591603714108597
139,0.013243309133457922,0.8537680118667695,0.12352146543692472,0.0007658310446537004,0.0087013825181942
140,0.006308346988180259,0.6860133674378529,0.299396743255954,0.0005171099556254341,0.007764432362387621
141,0.01209881788345931,0.9057096211863543,0.0712215649659612,0.0007306000605576561,0.010239395903667715
142,0.003456169399932831,0.6931990065609039,0.29557638256396734,0.00041657060804725323,0.00735187086714854
143,0.014603633538181513,0.8161637916166143,0.15661613914906836,0.001152684924440588,0.011463750771695154
144,0.007258466016686008,0.7213565827989318,0.26490626812690876,0.0005653313022501358,0.0059133517552232345
145,0.007121200862636815,0.3868415130385572,0.5912108760398082,0.0007076368193431533,0.014118773239654566
146,0.006310853226382384,0.43849820452592214,0.5455218391546035,0.000556834748814307,0.009112268344277571
147,0.06852685299804925,0.7241173834391231,0.16771801125659055,0.011419827300327002,0.028217925005909954
148,0.03662380879461807,0.6248880203986035,0.24947572378485217,0.01439688341156459,0.07461556361036174
149,0.032379604710093414,0.6523982602544103,0.23558105460479223,0.007724487153773064,0.07191659327693097
150,0.04327373742775818,0.3301496648006402,0.2503458500802156,0.030642527135229646,0.3455882205561565
151,0.0015920954466886216,0.0019282857190065631,0.0003701903014464507,0.0005855153383932299,0.9955239131944652
152,0.014674677383369136,0.009991211573763922,0.00017186399916937578,0.0035767870495513857,0.9715854599941462
153,0.007588368081595912,0.0016046861632402598,2.0307789758683307e-05,0.002210950176081954,0.9885756877893231
154,0.006514654078701421,0.0007193349405707247,3.1947858487433305e-06,0.0013925349549414987,0.9913702812399375
155,0.0012718395835371584,0.0003522388213653417,1.7064791929451606e-05,0.00031334147008694015,0.9980455153330812
156,0.026463040052010504,0.0020943068818717278,3.395972396898643e-05,0.0005938531362007677,0.970814840205948
157,0.009659327217915665,0.0014424895193016385,0.0001224441540311875,0.0003876053339036337,0.9883881337748478
158,0.03819270332793336,0.002066164291724488,4.091651685262208e-05,0.0009432599801950996,0.9587569558832945
159,0.16129572829089114,0.015242872897093076,0.0002363083330820615,0.002720822188943222,0.8205042682899905
160,0.24677049467384765,0.03057396906723453,0.0001637467259982869,0.005854859181459602,0.7166369303514599
161,0.01548656980399965,0.017345317966865812,0.0004084608654597443,0.0016305003011298717,0.9651291510625448
162,0.010895380954931543,0.004764157696750516,2.1598639897105195e-05,0.005262988789952613,0.9790558739184683
163,0.0886216156044575,0.0030150086709663675,8.29213304319574e-06,0.0035305574450846004,0.9048245261464483
164,0.07045026866794628,0.013755047203407434,6.251692939923583e-05,0.0029336535500946374,0.9127985136491524
165,0.007860251855679116,0.002974758970211789,3.2774873603263834e-05,0.0019584727435241526,0.9871737415569818
166,0.006699814356146446,0.0011995176421956515,1.1745651080017154e-05,0.0015101005630537262,0.9905788217875241
167,0.03668862446078631,0.001483537401404654,1.181557385961335e-05,0.0008130190200765754,0.9610030035438728
168,0.009338097076477238,0.0007678667495255297,1.9739427678107578e-05,0.003142721166579476,0.9867315755797396
169,0.010882435439894233,0.0008099569501783121,5.225234647572941e-06,0.0004719304444222632,0.9878304519308576
170,0.01061172518093533,0.0005724755793797714,8.529029894177468e-06,0.001712740824685662,0.987094529385105
171,0.05778120635211058,0.0017801673895144518,1.9343678533358773e-05,0.005347326170127081,0.9350719564097145
172,0.33271122923185015,0.012934330624425354,9.550430312464955e-05,0.01368771627697941,0.6405712195636205
173,0.16352897421980037,0.004568735295848484,5.944206009784883e-05,0.012026524684998551,0.8198163237392547
174,0.5432882649043612,0.03515489024573727,0.0003916084202437095,0.15158426353557408,0.2695809728940837
175,0.026507969531999204,0.0045263667354606685,7.786359215621681e-05,0.008311464197951635,0.9605763359424323
176,0.011826809644850332,0.0008903359990620555,5.08216703641672e-06,0.00046797489791208997,0.9868097972911392
177,0.5017470174471533,0.009106394181422534,8.023331651240362e-05,0.005794976992294686,0.4832713780626171
178,0.8026627942344142,0.023945012672280663,0.00029377781127854066,0.006446706496665352,0.16665170878536117
179,0.5943093922815913,0.07897785540140119,0.0009181655901855,0.12243844572019366,0.20335614100662844
180,0.22090397476616877,0.2882344911963532,0.0016248661095900761,0.07462979669564708,0.4146068712322409
181,0.0046161202164012585,0.0010795601474909249,1.3976036045307833e-05,0.002117045664597111,0.9921732979354654
182,0.7339298688078801,0.05527737029860727,0.0005608723385189536,0.061419015802036694,0.14881287275295707
183,0.41548813968977555,0.030460061517383355,0.0005677327138505006,0.030031078164962168,0.5234529879140284
184,0.6911521680143543,0.050596838559829785,0.000428107253500022,0.17001875434095004,0.08780413183136569
185,0.29950195643525795,0.14880370731535833,0.0007509010374319602,0.4656260013746573,0.08531743383729447
186,0.011543896121604636,0.004672513133217263,0.00011640980279528285,0.0037149396651336175,0.9799522412772491
187,0.0017373685170496576,0.00058715012292327,1.6289861090048565e-05,0.0037392355150890604,0.993919955983848
188,0.42400725630180763,0.020770903008244485,0.00013293767238465096,0.08053253242171901,0.4745563705958442
189,0.031233501104843703,0.0017999886192182984,1.0938970012393008e-05,0.0014622544863573596,0.9654933168195682
190,0.5505766420885133,0.02415644069485715,0.00019596360964522155,0.13040165310696444,0.2946693005000198
191,0.09450752950007416,0.006811332561573232,4.5806201994790165e-05,0.03395535890452644,0.8646799728318314
192,0.28301529166284345,0.08475641964065275,0.0004436439221965057,0.5783813313543184,0.05340331341998908
193,0.28254561877313084,0.09304822867462165,0.0005109022493272777,0.17150962610566353,0.45238562419725675
194,0.021570478335953748,0.001778490069568312,1.795207625917981e-05,0.029638502761456728,0.946994576756762
195,0.5219993908275656,0.08629927507226987,0.00041981408677216114,0.2593690191255227,0.13191250088786963
196,0.5446978510084568,0.14904653310769514,0.0007025375904506593,0.2741865842665819,0.031366494026815524
197,0.11983938333968024,0.0066472312203799495,5.1521783618977904e-05,0.03243163600281962,0.8410302276535011
198,0.35356902441467863,0.03539199458934506,0.00015206742091829157,0.4906997582711797,0.12018715530387836
199,0.16591033774373326,0.04093062616296265,8.791106003334016e-05,0.7717263780715885,0.021344746961682197
200,0.2761343253175125,0.048051280689474264,0.0001255183060765865,0.5929991505477662,0.08268972513917042
201,0.22245139134943828,0.05117566021526652,0.00010415867118811956,0.6986364238160974,0.02763236594800969
202,0.10341327274057231,0.26372554916049085,0.00020758237859320487,0.6274682745049737,0.0051853212153699845
203,0.07795329582374835,0.08263307232883287,0.0001965612675969429,0.8318912854903553,0.007325785089466623
204,0.054420856292297835,0.2513169313966887,0.0002442225998311127,0.6886152649295062,0.005402724781676029
205,0.08967770578309976,0.15065751273790712,0.00014368680046078817,0.7455773054163441,0.013943789262188262
206,0.16056903905178815,0.18568553604401403,0.0001354476878980038,0.6302004344404888,0.023409542775811098
207,0.3918368695050636,0.23068616172503154,0.00012722669802605978,0.3464204204767301,0.030929321595148766
208,0.49815258059395584,0.26281949385172787,0.00013519886775132737,0.22406220489170767,0.014830521794857325
209,0.26146881331305005,0.5087571583407539,0.0003348677565588256,0.21742939812625547,0.012009762463381701
210,0.277773192204987,0.3964122039688332,0.00020840912422760303,0.305183119024049,0.020423075677903364
211,0.2871012676961308,0.2133281015377845,0.0017017656520917676,0.034379545028662604,0.46348932008533034
212,0.03275810912559604,0.006119877291898648,1.1607032502110372e-05,0.0065005849856455,0.9546098215643577
213,0.6143380968221812,0.17754153061573277,0.00024374346914028151,0.06073287639733169,0.14714375269561383
214,0.642062778206687,0.21896044496484784,0.00029095536506440126,0.08796527713285979,0.05072054433054084
215,0.010142249950153105,0.006518435970965152,8.463962660061078e-05,0.0015538835016024937,0.9817007909506785
216,0.10637966503587312,0.005211406945128964,1.3270678762262225e-05,0.006355766663652358,0.8820398906765832
217,0.3101310314610522,0.01064677870545313,2.188193795828393e-05,0.00836779616060478,0.6708325117349315
218,0.8356433860629174,0.02339474333743001,9.239649294176899e-05,0.014941343997165997,0.1259281301095446
219,0.040054921115526484,0.0076514235447020275,2.4129706418630293e-05,0.003427904294669345,0.9488416213386834
220,0.6127793162423429,0.11505680625925409,0.0002924759897152686,0.25157632380650596,0.020295077702181804
221,0.3333407228567023,0.08839133416929221,0.0002629549386390784,0.5478764275904628,0.03012856044490358
222,0.4643191071670252,0.18336464431920124,0.00028451749137492743,0.33103259449769556,0.020999136524703026
223,0.31420693051856813,0.17383196595360595,0.00032737109104792296,0.48480420179813777,0.026829530638640242
224,0.1902593304253292,0.47455608738944993,0.0007377249386611065,0.32491764979082544,0.009529207455734209
225,0.22389313726394075,0.3371204205540363,0.00036489118749124584,0.4277791779435078,0.010842373051023877
226,0.12313502688711285,0.4646701791471104,0.0008495713295860009,0.4002771227539153,0.011068099882275329
227,0.2965821799509191,0.3342528206583581,0.00039300929882576046,0.3183301987506964,0.05044179134120059
228,0.21415725151116918,0.3557992080929037,0.00043091895340333786,0.4213199848446821,0.008292636597841609
229,0.1722174313522284,0.3803443836405925,0.0003269233928498775,0.43566327531816196,0.01144798629616729
230,0.49208636403081074,0.22961172702759655,0.0001625868147292486,0.22992345192992508,0.04821587019693854
231,0.16182170239068064,0.7041791397332509,0.0009316637182784603,0.11863174924179135,0.014435744915998755
232,0.2803953984632524,0.5707688909221111,0.0005064757669599982,0.1363342138351758,0.011995021012500622
233,0.5295123170376741,0.23843989366415042,0.0002484737708023638,0.2009977747905435,0.0308015407368296
234,0.22908675486736604,0.6819306987178744,0.0005035541780166683,0.0809538633297469,0.007525128906996025
235,0.22281119938985966,0.5712237204382661,0.005927313085720361,0.019807256296116366,0.1802305107900375
236,0.10639345554095715,0.021317706737634348,6.887763428485726e-05,0.005241861726047465,0.8669780983610763
237,0.7104008985557937,0.21012891293843494,0.000717938314351556,0.05848193671753742,0.02027031347388228
238,0.4001933433431457,0.06634188490594675,0.002178348896232659,0.013881113064674613,0.5174053097900003
239,0.8380114764374765,0.0739543219187122,0.0006588206676047218,0.060687973699618626,0.026687407276587985
240,0.5089803764783312,0.4342327864858683,0.0020102882537903636,0.0453466373453903,0.009429911436619795
241,0.3545392079027637,0.6172878804618936,0.0012293096444238412,0.018767834979476608,0.00817576701144217
242,0.11433642718046456,0.8695050780264391,0.002104213120037772,0.011791838143381504,0.0022624435296771392
243,0.06526531601275531,0.9214112562201726,0.003560346637128758,0.0072257378942564045,0.0025373432356866846
244,0.01167004283469565,0.9737904181911277,0.011952847632390145,0.0012566276348706866,0.0013300637069158304
245,0.03571854076823583,0.94448472574805,0.0111216494659817,0.005641785646019495,0.003033298371713008
246,0.011314438528038474,0.9582546810721736,0.028308058534391473,0.0007771750632855887,0.0013456468021109072
247,0.007041140621064891,0.8690316961725396,0.1212497735388707,0.0007039767541879957,0.001973412913336868
248,0.010873610780504365,0.8759445538000397,0.10305426313870705,0.0013282045192753804,0.008799367761473522
249,0.06588433452206598,0.8164766969324379,0.09353464504943389,0.007193821240743694,0.016910502255318614
250,0.07876105788569546,0.6231609083031698,0.2733525543623858,0.0017297970914690196,0.022995682357279775
251,0.0829070932934836,0.6933270467260108,0.18992795635493598,0.0025262370103461174,0.031311666615223686
252,0.17233409288060114,0.7242287765635657,0.05661667001777926,0.0030854558258083926,0.04373500471224562
253,0.5852804704665739,0.12438183086144232,0.003934349672458693,0.0038863257859471584,0.282517023213578
254,0.704763063793955,0.23039037615805202,0.003032282810042444,0.018608917153354096,0.04320536008459654
255,0.503873971493946,0.43023962455729153,0.009650074686204253,0.034951627538464584,0.021284701724093715
256,0.2598574927899137,0.6827038365550545,0.00600970572251561,0.02732561191083119,0.02410335302168491
257,0.03287981549421505,0.03424191020845178,0.0026482015060124084,0.003612893259900436,0.9266171795314203
258,0.2862922292326924,0.06912530158898682,0.0006999552985388541,0.022070903993924196,0.6218116098858578
259,0.5329354604255865,0.2818378036337402,0.002467740189971149,0.05914382563821752,0.12361517011248462
260,0.6622550122435695,0.07034958807018855,0.001872355581073535,0.006886466468914283,0.2586365776362541
261,0.7331572767305709,0.18127765396801226,0.000980520622313659,0.05826929335415102,0.026315255324952182
262,0.18497336410324888,0.7694241313717934,0.0027728223054347364,0.010167433446729152,0.032662248772793855
263,0.1557640306828795,0.772737881879149,0.007280092688114348,0.020049124458705755,0.0441688702911512
264,0.27001620395186743,0.6679200002745049,0.00915642701771394,0.019586399687822772,0.033320969068090935
265,0.32985388847042785,0.6182847530199427,0.007955334370519023,0.021288010603480324,0.022618013535630175
266,0.3666603102383136,0.5648765564002244,0.010746022967750466,0.038326095799870515,0.01939101459384107
267,0.14069525669447333,0.8107462084298166,0.015267617209193392,0.005838432664134675,0.027452485002381916
268,0.08862246235728198,0.8806463322657269,0.013738458384519203,0.010615759446587408,0.006376987545884547
269,0.09984751888534625,0.8276534972992113,0.02996004183227283,0.019058916367223518,0.02348002561594599
270,0.16375913140662898,0.7569105136489569,0.018240574878077304,0.013183092816998759,0.047906687249338074
271,0.25088968476098367,0.4259860841016113,0.004080612093517901,0.015892379570373632,0.3031512394735134
272,0.04528778065229783,0.011889848331050366,0.000502545459058287,0.001283908151863611,0.9410359174057299
273,0.1453027114577763,0.07877824060617787,0.00044131092095305924,0.0049444734382775675,0.7705332635768152
274,0.15555917570479458,0.01557277058776848,0.0003671851134582713,0.0013102330177099477,0.8271906355762687
275,0.09920539547293045,0.008825414834420375,4.4588695557684624e-05,0.0025085913927453208,0.8894160096043462
276,0.7909834147476438,0.06956583075993177,0.00047411793463847027,0.022847353400335904,0.11612928315745016
277,0.373032430070473,0.05772116139010339,0.00019312930329826766,0.004688378673959402,0.564364900562166
278,0.5476312989172584,0.23563135444034336,0.0017459467032891734,0.08583174534131549,0.1291596545977935
279,0.28062174063154643,0.6549062015288221,0.0037594811722126446,0.02615102192511058,0.03456155474230825
280,0.5512344663197085,0.35578150104429906,0.0017435699587999031,0.05940685076418296,0.031833611913009575
281,0.12883368450400115,0.84662607193293,0.00309610718618445,0.01709470988208436,0.004349426494800105
282,0.2906092577904851,0.5524879339476764,0.0036756230046436945,0.1412066507011774,0.012020534556017499
283,0.03308053397177363,0.9288198869302913,0.013476146341613296,0.018870669535015826,0.005752763221306004
284,0.0911914895370631,0.7949602928705594,0.07354083507687999,0.010138198276570552,0.03016918423892693
285,0.27914663810540175,0.6119860611438688,0.013863754281257088,0.030224982604507695,0.06477856386496487
286,0.1365099655085872,0.7869526593750075,0.04810166242893606,0.008844375434729808,0.01959133725273922
287,0.22778174987218072,0.7160993060531217,0.022521406494562142,0.012294851982927799,0.021302685597207778
288,0.06915536965139657,0.8630143901743749,0.03283205282503988,0.00457143785742155,0.030426749491767182
289,0.31766571702639423,0.640614637291428,0.010100662468021895,0.0071016494465074775,0.02451733376764841
290,0.16875199741073987,0.690486733631655,0.04386479787090427,0.003062261468106694,0.09383420961859408
291,0.22506999875860606,0.6943776997202592,0.022984695171126314,0.005946734741936087,0.051620871608072515
292,0.11358290072489123,0.770141689415461,0.057066895830858604,0.00486512898546287,0.054343385043326316
293,0.1869211743825533,0.692011867854054,0.04614252027222565,0.004471149861573664,0.07045328762959342
294,0.22188747199500414,0.3474083739425155,0.002361897602533015,0.019714404527500996,0.4086278519324462
295,0.4277796752431358,0.054995106752683175,0.00020640534196540288,0.022663516559162017,0.4943552961030536
296,0.656976526108802,0.06693916696924865,0.0010692023828377765,0.032850917451973244,0.24216418708713833
297,0.6086739876234077,0.28147638150909277,0.0012708410749553958,0.010841283313107726,0.09773750647943631
298,0.5439287883589112,0.3325868919749583,0.001550717209136123,0.02330314083726612,0.09863046161972816
299,0.24390872171649966,0.6910526691219606,0.00468605938004157,0.02141198832959134,0.03894056145190684
300,0.26488947740432206,0.6216856866739264,0.005529186400658333,0.03450433997437033,0.07339130954672277
301,0.2950407376060248,0.6524872693731719,0.006872730471891208,0.019288373618197904,0.026310888930714236
302,0.15746827290878299,0.782784836103208,0.01288810194290332,0.005394790690308326,0.04146399835479746
303,0.16997564616784155,0.7458420850547359,0.014678087694756717,0.003679542131826339,0.06582463895083973
304,0.21945688866075141,0.7153764606071645,0.005056237643973224,0.002167046539610962,0.05794336654849974
305,0.2506498895755823,0.6530967268375893,0.02316486207069125,0.007063994342096061,0.06602452717404102
306,0.2754231223324599,0.612448835306097,0.03912809699602214,0.0011285279773754458,0.07187141738804545
307,0.22628704925382104,0.6005942252060684,0.03884718237058112,0.0011570022359210022,0.1331145409336084
308,0.48924596301838236,0.3353298764545376,0.011195540400452503,0.012627590794199402,0.15160102933242806
309,0.4477883423103342,0.45087610705270015,0.008247795919195224,0.009835731355252302,0.08325202336251808
310,0.15314717884727921,0.7425493466065435,0.016878789723014077,0.004143191188056712,0.08328149363510631
311,0.1752825358249367,0.7332608037203985,0.021089428097457747,0.0012333010274388696,0.06913393132976835
312,0.08914526339528671,0.7975182016368005,0.032030448006179976,0.004377186030218054,0.07692890093151468
313,0.2926901201924229,0.521967830856071,0.005622371699584665,0.00428689982693473,0.1754327774249867
314,0.18606754250086108,0.6166605947219761,0.041537032460328784,0.004429668533242037,0.1513051617835919
315,0.11420314333575272,0.798811707095591,0.03467470764623697,0.0067616850127682135,0.04554875690965118
316,0.1746773548981096,0.6083574016217205,0.07063444800989367,0.00812332213934736,0.1382074733309289
317,0.1680421994917305,0.5378351486542793,0.03280445472707288,0.05689361318049842,0.20442458394641877
318,0.20306809057979985,0.5045408542895243,0.009858285314600668,0.08714684907710889,0.19538592073896635
319,0.028849318200083025,0.005190125046848569,0.00014416594089645894,0.0046760620119082425,0.9611403288002637
320,0.06420966024068778,0.005151053743265871,3.457944486063828e-05,0.0017640466615739035,0.9288406599096117
321,0.15480679235779157,0.009437938701305682,6.644844458988235e-05,0.003947917533674857,0.831740902962638
322,0.15826263492395737,0.009376316159664428,0.00012168038433280598,0.0015170403000681492,0.8307223282319771
323,0.7140117648237685,0.02433073897820298,5.401157334109783e-05,0.009700287919826345,0.251903196704861
324,0.6407305662794294,0.06122432050279356,5.9132188079588086e-05,0.04113737102943938,0.256848610000258
325,0.7807008009739572,0.12375604063536348,0.00013142024267157282,0.07909565325309821,0.01631608489490961
326,0.42944521180680106,0.32683576561387306,0.000185273950361197,0.22185991764761115,0.021673830981353642
327,0.335617695180509,0.5094045993597481,0.00015857037781030544,0.13573728507065633,0.019081850011276442
328,0.3783065375067579,0.33859915227163906,0.0004321377935784179,0.2562949773947147,0.02636719503330981
329,0.2564883410208004,0.5691629941482081,0.0005361320477678301,0.1655468143558968,0.00826571842732683
330,0.2025447782747032,0.6194401180274693,0.00027830751813531963,0.1712290911396709,0.006507705040021186
331,0.19312708491386665,0.6997240382428955,0.0004848878585754845,0.0987048898876647,0.00795909909699783
332,0.16161120175047533,0.7880808587466857,0.0017861617247186508,0.02915640375260926,0.01936537402551123
333,0.19839008274164072,0.769098837444709,0.00042040092118274616,0.02767367306801824,0.004417005824449283
334,0.14855894908451966,0.8356360141924537,0.0005660892483359325,0.011761113615188787,0.0034778338595018964
335,0.03655697292267779,0.9481925298064324,0.00027444170784555306,0.013546652970287301,0.0014294025927569212
336,0.12051738993199461,0.8201013552871445,0.00041380724505936216,0.05361714648631559,0.005350301049486047
337,0.060904839037398614,0.8984544838949325,0.0001882112999173978,0.036133817196397196,0.0043186485713542205
338,0.06740228520689963,0.8280374898693371,0.0010582220063509323,0.09773571183448246,0.005766291082929684
339,0.024575514004818316,0.9396769655287619,0.015368402265386537,0.010720171756764128,0.00965894644426921
340,0.017539445864926718,0.024175781170238612,8.716562699469631e-05,0.00626754218203196,0.9519300651558081
341,0.2971359338341442,0.14114746943824136,0.0009077669906480447,0.06213031496944232,0.498678514767524
342,0.6880445729668244,0.0829755825287534,0.00029114542393406096,0.1227210207722382,0.10596767830824987
343,0.17683556811343099,0.1435007690062164,0.0016048235256816328,0.027838876140362716,0.6502199632143082
344,0.04214018233968385,0.015084872709733233,0.0014986482707751941,0.0022339403416964344,0.9390423563381113
345,0.07845584135864436,0.01591637050430554,7.462083687128821e-06,0.002375158449191277,0.9032451676041716
346,0.8891269578021929,0.0312003678687208,2.0643067172614404e-05,0.004207595504050877,0.07544443575786268
347,0.8810951754647229,0.0770042068639862,0.0002677389606452399,0.014915735494325448,0.02671714321632014
348,0.6628268061063969,0.22479995222370683,0.00018959953572951236,0.09663488032452643,0.015548761809640356
349,0.2889493633784863,0.22379954036193558,0.0007361397217586474,0.4751038510409852,0.01141110549683415
350,0.12390818381988548,0.09060244386690014,0.00013824623362137918,0.7616534592994262,0.0236976667801667
351,0.10531574814146535,0.17883201572881183,0.00047912231589930407,0.7077041231383907,0.007668990675432772
352,0.1062417612344951,0.41384271929076066,0.0025816319961682386,0.4708676752545948,0.006466212223981432
353,0.13614142384670422,0.23260014477062727,0.0018457389542871924,0.6214568668315954,0.007955825596786007
354,0.08848573697276663,0.2696463069453731,0.0010687569063269119,0.6324259964696295,0.008373202705904071
355,0.05148129793669337,0.4680149678174586,0.001888370326437504,0.47219687355962214,0.006418490359788417
356,0.11189336076054554,0.31139245133869997,0.0011933982696650583,0.5592098682450013,0.016310921386088174
357,0.2097567181585583,0.22416749277928277,0.00027909345583082573,0.4423414915694598,0.12345520403686823
358,0.13661860916692822,0.114267813591266,0.00039721390746093083,0.7304595952903994,0.018256768043945448
359,0.22045400358718803,0.10325938967791978,0.0007322114758136104,0.6668494604022098,0.008704934856868712
360,0.2054763767050916,0.07275363821449865,0.001663214475429612,0.7111731269444475,0.008933643660532621
361,0.053549353209404925,0.12412936095242699,0.0050392913419395535,0.805409726577939,0.011872267918289624
362,0.05282146323412889,0.1428179645272102,0.0036333363514192353,0.7884567904746416,0.012270445412600067
363,0.016966737834157836,0.1487177575651141,0.008692254573900705,0.8169734531981083,0.008649796828719072
364,0.01782782033893755,0.0885937574524931,0.004764226478725615,0.883642247741312,0.0051719479885319235
365,0.014822483518220833,0.0955522708450405,0.006945762485242671,0.8743990198208543,0.00828046333064156
366,0.010012667481196436,0.1359563620737162,0.01634217284865751,0.8150986253333705,0.022590172263059243
367,0.02294210419733338,0.12528420392019196,0.0019838036077057006,0.8377953754477903,0.011994512826978656
368,0.03312971650876328,0.19250508001464203,0.003303409766174176,0.7657208734231404,0.005340920287280109
369,0.02278904795138127,0.4615846922035088,0.016400021269432307,0.49067829875085694,0.008547939824820487
370,0.01655505261248952,0.35566683608306104,0.012087854968398804,0.6024519514387489,0.013238304897301673
371,0.02555965703105226,0.3064911191595163,0.01322627996607419,0.6370329438554564,0.01768999998790089
372,0.02711821593383922,0.1315634352146052,0.0019161192337683668,0.8284221625840757,0.010980067033711474
373,0.022966061521804342,0.10412910623972868,0.0029673864422127784,0.8633354695514934,0.006601976244760875
374,0.026843106049794865,0.15915408681628024,0.003134598486134762,0.7970235950569443,0.013844613590845885
375,0.02643286466686008,0.4566731331569487,0.010051753861002313,0.4976378696379106,0.009204378677278366
376,0.022771443773866622,0.32092265657835195,0.013180498445474859,0.6303139225299432,0.012811478672363335
377,0.051420633175196094,0.25025657315940897,0.004396604720127375,0.6844055222792856,0.00952066666598198
