epoch,N1,N2,N3,R,W
0,0.2937254498449757,0.00010651400368974445,0.12420511723746198,8.071404949066315e-05,0.581882204864382
1,0.0003800270354536721,0.0002530021830834127,0.007833769727153541,1.3097206945683461e-05,0.9915201038473637
2,0.004279133610792395,0.00029269369764604506,0.030650477992579604,3.046342219890785e-05,0.964747231276783
3,0.001981240711026409,0.00040340987547217536,6.418268720269999e-06,4.4086627493311114e-05,0.9975648445172879
4,0.021326500830547355,0.0013571870781259076,1.2404487624082192e-05,0.00036640928503740974,0.9769374983186653
5,0.3634224190993404,0.0007991892560370227,6.754738575712329e-05,0.0007571728877121751,0.6349536713711533
6,0.1671369059263903,0.0013817079449361263,0.0001041597768752843,0.0022682941404936004,0.8291089322113048
7,0.08027364279201576,0.0010893001724123494,0.00018174162326603472,0.001649438466434029,0.9168058769458717
8,0.07458925306887783,0.002086749049839075,0.0001625504867636153,0.0043717045882051535,0.9187897428063143
9,0.18626968300582744,0.004473642961519231,2.950841402436894e-05,0.03147719936799859,0.7777499662506304
10,0.10994598822990588,0.002842635532934458,3.976689219943885e-05,0.013557163434891904,0.8736144459100683
11,0.20024708205462746,0.004036542476518851,4.743190398845372e-05,0.04447210453745355,0.7511968390274117
12,0.02112355777737995,0.01307574427274143,2.277585741881988e-05,0.0021458566479567527,0.9636320654445031
13,0.048449928670854035,0.0024720667293185047,3.969388905195035e-05,0.006661277496013924,0.9423770332147616
14,0.13018470371904559,0.0071796808515019565,3.318957568859737e-05,0.013017492807080111,0.8495849330466837
15,0.05997700397773956,0.023504343506985402,0.00010884378558941858,0.004542231588905795,0.9118675771407798
16,0.2009286226341392,0.3787689831306247,0.00022306368925930644,0.021685458789015802,0.398393871756961
17,0.015352359540637996,0.006169139099270416,0.00011554690997998463,0.004371194931644645,0.9739917595184671
18,0.09469534935876579,0.29761017796347844,0.0007152406942792336,0.01575013861514698,0.5912290933683296
19,0.2338696396772603,0.44233798937795693,0.004029524377879184,0.010025313419725696,0.30973753314717783
20,0.09331502562984013,0.05322519391415582,0.0033220867192048837,0.0025192146914906925,0.8476184790453085
21,0.09708612092495303,0.11248774175241429,0.01206195703428044,0.013480618963433806,0.7648835613249183
22,0.14034230820239857,0.20642544963785875,0.0012364137313983286,0.06839222712608875,0.5836036013022556
23,0.1754363577494466,0.5429748127647487,0.0022988999390026773,0.07093562268499189,0.20835430686181022
24,0.23284719953033603,0.3972740869397761,0.0038486680005064664,0.08818089502699926,0.277849150502382
25,0.15408634222860912,0.4370996844038279,0.0021297037870476303,0.0059853197085953345,0.40069894987192006
26,0.20944130111237394,0.15769696096900185,0.00041063835361090847,0.017056750921785747,0.6153943486432275
27,0.20866939548074603,0.47815488084395863,0.00985757860967183,0.008047299234628394,0.29527084583099517
28,0.37673215180709896,0.20421060059609636,0.0010393433504473728,0.032349625570274106,0.38566827867608316
29,0.16259312362966613,0.6631745064649369,0.005879197143146503,0.018429756784165086,0.14992341597808537
30,0.10606997569708285,0.0877941644770882,0.00046952494337201644,0.012851748708727918,0.792814586173729
31,0.427579252516076,0.1703772789272595,0.0008104299389387072,0.01988579433501587,0.38134724428271
32,0.4012168603509112,0.2715839748051126,0.001956346235735783,0.015594691145444177,0.30964812746279635
33,0.2682372645020449,0.04544896697588771,0.00010981817420624338,0.0031155115426342492,0.683088438805227
34,0.11754713901886475,0.5616652187371136,0.022375015932102,0.0039020172358601637,0.29451060907605947
35,0.08337023805962837,0.01816867070239467,4.5471910202601074e-05,0.0020516976804812854,0.8963639216472931
36,0.20833358038838973,0.4816357947049224,0.018997669244279747,0.004545787379762297,0.2864871682826457
37,0.05043304244227213,0.011979264021310726,0.00032418828063451405,0.0025942062725959674,0.9346692989831867
38,0.06460686629532049,0.20192229244123114,0.007561900132980895,0.0018741231485496427,0.7240348179819178
39,0.3999213897888841,0.24748172101779403,0.001561059326960987,0.02549595609572403,0.32553987377063676
40,0.060673915915072894,0.11926629382049296,0.006598493310304066,0.0009691563545472604,0.8124921405995829
41,0.38188609915340116,0.2944529275202419,0.0008181516905132505,0.004725802855748776,0.31811701878009496
42,0.4523472064067084,0.45781122727033263,0.0035790019146424703,0.002340771487338239,0.08392179292097829
43,0.4637192457863168,0.40691923584649403,0.007902454823363695,0.002299583794726615,0.11915947974909873
44,0.09213343133527675,0.8199488622999438,0.02249987044173691,0.001232268326855213,0.06418556759618736
45,0.05830665888648112,0.9201023162759259,0.004715710419463021,0.004031663844853201,0.012843650573276784
46,0.26929060629745405,0.636302677660146,0.008856348027012795,0.012405953010269283,0.07314441500511783
47,0.20890217190228763,0.770360625648933,0.0072365005112442725,0.006008168971136564,0.007492532966398612
48,0.3491214102458494,0.6161812375478668,0.004799391333880802,0.0043445463897289465,0.025553414482674074
49,0.041973812204112754,0.9394480115573185,0.01025123843513912,0.002027206249881548,0.006299731553548075
50,0.3139148901598925,0.6368846466168105,0.0023613841088695325,0.009997638190339888,0.03684144092408754
51,0.09079178461969774,0.8910943448388416,0.004239829794182342,0.005415244881438317,0.008458795865839964
52,0.30329666101739644,0.29629337178300186,0.006084501003545846,0.0048280478981701114,0.38949741829788564
53,0.29566446469305374,0.6883524451752788,0.002549694010019447,0.002534173506299951,0.010899222615347823
54,0.14351271959706927,0.6651099432377534,0.023588357873326925,0.008810228925474195,0.15897875036637646
55,0.18046456832253277,0.787614259574776,0.005896254228720632,0.006108016226695914,0.01991690164727458
56,0.2875282210327643,0.617071397156497,0.007184571109688522,0.010944846793616162,0.07727096390743418
57,0.09283587212137262,0.8019020826090268,0.022855216669707697,0.005872669496350875,0.07653415910354185
58,0.36053095816033887,0.24301797184370424,0.0006771007165743384,0.005081509251376285,0.39069246002800645
59,0.05294662503143342,0.8650182862806914,0.02406046465333145,0.0032346371436351882,0.05473998689090864
60,0.26418124154219513,0.6539368848822383,0.007289952207977077,0.01856702222491053,0.05602489914267893
61,0.06764749579415236,0.6278526418006354,0.18720876105097095,0.0008295519526614188,0.11646154940157981
62,0.5360610563457967,0.2805426030750396,0.0026940905061648614,0.01176548140185818,0.16893676867114069
63,0.2842941743615782,0.5812141904162461,0.015123613266084078,0.0036722392747534343,0.11569578268133811
64,0.6335968906438006,0.1483124885758514,0.0005032714722821597,0.009160660072949899,0.2084266892351158
65,0.42210017274402856,0.5122970219074657,0.010607260298861734,0.001968449777690891,0.053027095271953054
66,0.24951298053938956,0.7193144265241189,0.0040861550560658925,0.0027304186567383855,0.02435601922368733
67,0.22402768124885317,0.6033296811016483,0.02476165915518773,0.001360362410158981,0.1465206160841518
68,0.12277614964951654,0.8463713444655342,0.014153102741296544,0.0018717181241668158,0.014827685019485922
69,0.1537993412362222,0.7285403835583896,0.02123024788241303,0.0037863054544633604,0.09264372186851177
70,0.07149316503745769,0.8940912202828604,0.013996122490990024,0.003440160227499947,0.016979331961191946
71,0.4844700115578888,0.3462441574126606,0.0036311697577667834,0.017420065002180414,0.1482345962695034
72,0.02014361752192617,0.8695955791414606,0.0940957810154965,0.002921579438578156,0.013243442882538672
73,0.2838273546502902,0.6414693404522519,0.002302082068579762,0.046828776922486104,0.02557244590639211
74,0.2563482469717959,0.6281270576649793,0.015295071020652274,0.02284152239506888,0.07738810194750362
75,0.15071780180872374,0.6303976422299225,0.004022029559858991,0.1858627686023425,0.028999757799152193
76,0.2216087669664519,0.5147999769551956,0.013100863501757326,0.013450847754766408,0.23703954482182876
77,0.4950076610157836,0.22572035068150065,0.0005598282728187706,0.05258193695005759,0.22613022307983927
78,0.21864200045449628,0.7096083413519986,0.0029746901524908957,0.006744608289444397,0.06203035975156984
79,0.5739507446519386,0.29202335942936375,0.001775334607358039,0.008613071315459186,0.12363748999588031
80,0.18908727075071957,0.7256676106725242,0.01046960032501245,0.02679344088909725,0.04798207736264645
81,0.44797633711176166,0.24989422430687797,0.0011307966380492333,0.24620255380878822,0.054796088134522906
82,0.06348420279745834,0.8388113357756035,0.012812331786504033,0.04883459138220812,0.036057538258225885
83,0.3113229044761493,0.2701009710360266,0.0012564804063728613,0.34976324692411365,0.06755639715733762
84,0.13565656871490836,0.6181251431838641,0.025518732796911494,0.0772165668206314,0.14348298848368465
85,0.2896261398765024,0.29361458808060364,0.008337526373602785,0.3026103756357832,0.105811370033508
86,0.2700654517765897,0.1951595601354441,0.0018490448115098149,0.23559545119140912,0.29733049208504725
87,0.3255528554967314,0.45825829653743005,0.0014403191903140367,0.049348719905905385,0.16539980886961908
88,0.3558092483999697,0.3557934226406608,0.0076834495509703095,0.18095973553982125,0.0997541438685781
89,0.32626411028940944,0.3499668457741886,0.001826274837579643,0.24682896821344724,0.07511380088537492
90,0.1256996636796915,0.6885579234975401,0.007469927533609758,0.12737084713884347,0.050901638150315245
91,0.07766882953512173,0.16507234748438146,0.029643086737209442,0.013030317008703806,0.7145854192345835
92,0.5446473487584874,0.24816253255904225,0.0005489017363043531,0.016738344008600393,0.1899028729375657
93,0.5989352465253541,0.18800081033555216,0.0022209032782991643,0.003593781037565297,0.2072492588232294
94,0.35831186126288533,0.628735929124633,0.0024237543840117774,0.002318351691489195,0.008210103536980741
95,0.30668125781169486,0.6061081441970112,0.03683729123910196,0.001979292986670655,0.04839401376552123
96,0.17627145608456124,0.7255150857547058,0.005233502827668655,0.07416635184165671,0.018813603491407732
97,0.12751423998997496,0.7624133379598335,0.013297329303115417,0.07384063050921981,0.02293446223785645
98,0.09054218210216879,0.7156261397391587,0.002213325167194562,0.16407885415517381,0.02753949883630407
99,0.325770921110901,0.43507498800397354,0.009860658785219243,0.16441633842624334,0.06487709367366278
100,0.021195165778107962,0.9517694565214627,0.00800694051105312,0.013099380911339241,0.005929056278036898
101,0.29643628003671335,0.37247960077117165,0.003948132384695539,0.04953741390172772,0.27759857290569173
102,0.18757306981328475,0.7771649870382239,0.0030224196740693383,0.018990342219188446,0.01324918125523354
103,0.16717265596349376,0.7382920048151684,0.021635483424945395,0.013967027985450254,0.058932827810942175
104,0.2408286046174395,0.7233931121649306,0.004296338244585122,0.018038640688605438,0.013443304284439345
105,0.29826205341861345,0.620529939043817,0.003377091989047073,0.017545218274612244,0.060285697273910185
106,0.09004575701640197,0.8898739680832687,0.0029525187521696502,0.01185573758176445,0.005272018566395084
107,0.32028383836845736,0.6356644488753498,0.0015912046123893258,0.02636345040833909,0.016097057735464337
108,0.13735893234182825,0.798956576711147,0.020860960809637345,0.0059156825967839445,0.03690784754060344
109,0.3379502787496912,0.6342836340453821,0.0012164317799438667,0.014677519030801436,0.01187213639418147
110,0.4379740928679588,0.5072745367237854,0.005962722101389381,0.015050699406804341,0.033737948900062036
111,0.03536196243051154,0.926397280631069,0.009321619136199208,0.018145883145300544,0.01077325465691987
112,0.2403208944050195,0.15318163825143294,0.0014664726771053934,0.012761749712580773,0.5922692449538615
113,0.09322255714807595,0.8806851553642766,0.002435341176401374,0.01210218039533753,0.011554765915908736
114,0.02570252589607398,0.1132396186346786,0.06911282241726895,0.0016126972974784017,0.7903323357545001
115,0.5728817720333904,0.2698008474215379,0.000682510638446058,0.02704817067839504,0.1295866992282306
116,0.36944929668803383,0.3482977607614161,0.0012679846255709848,0.009354640563350308,0.2716303173616289
117,0.6454493855257273,0.252092078267499,0.0038902031250905842,0.0016939810846339127,0.09687435199704933
118,0.3713848678716528,0.4913569095742513,0.024297314211532733,0.0053461612812554455,0.1076147470613078
119,0.5777656232129574,0.3295334175561297,0.004293662105816218,0.05731967957944841,0.03108761754564826
120,0.3388578654438754,0.46835954181874995,0.011069422220877244,0.12196833047834892,0.059744840038148554
121,0.13137105837546265,0.755824844284873,0.004434251558485748,0.09907026044844298,0.009299585332735828
122,0.03266573183525131,0.8463378466346402,0.10237871084339364,0.007532722890629107,0.011084987796085697
123,0.08899563932937293,0.8216170761661561,0.006637170282229836,0.0766916635851857,0.006058450637055422
124,0.3332338721662683,0.4721868654379767,0.00176477703390951,0.04767855505917369,0.14513593030267166
125,0.08802540174355725,0.8613081586835207,0.0024601219315491018,0.03422938071592281,0.013976936925450266
126,0.23126036199581193,0.6248634196180578,0.018458346847103003,0.06378734570177438,0.06163052583725274
127,0.34574503220884595,0.5407905596970142,0.0030358448246347505,0.08518936568371088,0.02523919758579421
128,0.16378453202230006,0.5459943752029949,0.027424860701113725,0.016161998266416996,0.24663423380717434
129,0.4685627775408307,0.3428838318671157,0.0007981066425979202,0.007837463044926185,0.17991782090452957
130,0.23140845593869924,0.7257538697133412,0.0018125879184762283,0.013839834454405432,0.027185251975077686
131,0.46097634276433713,0.3448258336096696,0.002599296278205893,0.0038810984202302216,0.1877174289275572
132,0.21212756953601974,0.7412092145144696,0.0010025967870026485,0.030948479755543525,0.014712139406964473
133,0.0992099506547407,0.6668294469197851,0.024858672709234256,0.036897670647157765,0.17220425906908218
134,0.03815524780169937,0.8767174624043627,0.025966905249440935,0.025785720285774326,0.03337466425872282
135,0.02845508622104338,0.3216804942930353,0.09697486189532167,0.004765344600040438,0.5481242129905591
136,0.06151776127517656,0.007634261294781687,0.00020950328886400727,0.008158711388189058,0.9224797627529886
137,0.37798952417786313,0.33118092766105456,0.0025555168289778793,0.03512578294581898,0.25314824838628547
138,0.3611120624825909,0.3358175623762864,0.0014726307102171008,0.11163207844254407,0.18996566598836145
139,0.458501085166796,0.2378702120061297,0.0006479446941658204,0.12967761150959697,0.1733031466233116
140,0.3912088642379528,0.24697809728992667,0.001081211801484594,0.27161508100368104,0.08911674566695472
141,0.11988130288677842,0.3905588039576694,0.01761025741886804,0.059184026131390885,0.41276560960529335
142,0.017364148600503917,0.01679185194171349,0.0007834545397100713,0.01127973864978282,0.9537808062682896
143,0.32416580444927157,0.035975123920450755,0.00013478585280898893,0.03898700208923036,0.6007372836882383
144,0.29949606229634934,0.3592381740023426,0.0033103667030756445,0.07711425164254483,0.2608411453556876
145,0.234749897298112,0.1754389905535252,0.0015710949328800732,0.03690990111504842,0.5513301161004343
146,0.31688658826239363,0.24467764781540097,0.00030002588436027993,0.3001730468732775,0.13796269116456752
147,0.10564530711916821,0.21270606523968005,0.0004269298659756282,0.17380435611484663,0.5074173416603295
148,0.24208795885186538,0.4040014304183479,0.0020038202768645867,0.2876148668320516,0.06429192362087044
149,0.1969658370356899,0.025547793003065894,0.0001563042366221943,0.05572526589430347,0.7216047998303184
150,0.3674761308110227,0.3626230157739578,0.004936929860214831,0.18199146788436396,0.08297245567044069
151,0.3589407604366487,0.09298122898966613,0.00017425367291457871,0.5197954076608554,0.028108349239915228
152,0.29185736359580317,0.5446699966603796,0.003917272049892602,0.09994448273083495,0.0596108849630896
153,0.2924497750428424,0.30152662081664416,0.0008748857658423822,0.3709060186498594,0.034242699724811615
154,0.08921588234190052,0.7698314313669342,0.03274849425725495,0.01783141868050137,0.09037277335340878
155,0.34034664870825443,0.1341279890708641,0.000483208471845286,0.0795585970713054,0.4454835566777308
156,0.34669943773002954,0.5395850844969714,0.002111313013065911,0.06744186756924157,0.04416229719069147
157,0.4273013100908998,0.2869708651489803,0.008570321713433271,0.04090881625427486,0.23624868679241184
158,0.08691093641951694,0.6830689021832012,0.010852712362883004,0.07905696624954558,0.14011048278485336
159,0.20519970978698018,0.0318449411850912,0.00022934780130766722,0.3415769541236807,0.42114904710294015
160,0.3822430581522739,0.0642369191689138,0.0002808141915885692,0.3122808592199574,0.2409583492672664
161,0.33673217346053996,0.1819342284556255,0.0005880134655612988,0.4626584545091313,0.018087130109142004
162,0.5883125030166232,0.16677286538395894,0.00019591842744897102,0.17511025962165763,0.0696084535503112
163,0.6368857203429382,0.055573951149250886,0.00016325379691650287,0.2519040478329174,0.0554730268779771
164,0.21830902504607966,0.4251007378228419,0.00452104032359356,0.3026584443246457,0.049410752482839236
165,0.5581447037951223,0.15599393315706908,0.00016470286979042005,0.2520460741499106,0.03365058602810769
166,0.18122938215232118,0.6609857559435703,0.005574435845792617,0.12916037013468853,0.023050055923627334
167,0.22171715880344925,0.19911689458193893,0.000374375958739328,0.5482622737294148,0.030529296926457714
168,0.01737613080447609,0.9228050516490979,0.002252905495397836,0.05160658294094239,0.005959329110085809
169,0.022480453287246068,0.7382014174860904,0.03375806618874008,0.1885044482286891,0.01705561480923436
170,0.03912372721719981,0.12558393834533785,0.00014794644861151332,0.8283787047798727,0.006765683208977965
171,0.08115210145847848,0.31266684960142116,0.003657166677760729,0.42503639482114136,0.17748748744119838
172,0.20997990833515787,0.10489754996180435,0.0002878295562412797,0.5481109335697251,0.13672377857707144
173,0.1730631217799494,0.47232419837655976,0.0013150076124936673,0.19367120438457175,0.15962646784642537
174,0.3414854017611456,0.07150508057685351,0.00014012866485675878,0.08866498046889329,0.49820440852825065
175,0.5454093231933896,0.24280936878938225,0.0003029995776999503,0.14249903418226645,0.06897927425726158
176,0.15127460300203227,0.12942340170051533,0.0014427627385681322,0.07956244061782262,0.6382967919410617
177,0.3703246651712926,0.3700795864902633,0.001362336212553071,0.22657195812079825,0.03166145400509282
178,0.11422837012828366,0.037553696275671185,0.0009037471869724695,0.08702646975942771,0.760287716649645
179,0.43167666967961354,0.3154360081374911,0.0006099893262681013,0.1833751865929705,0.06890214626365683
180,0.24384535946258015,0.3347011251424318,0.00029434329519157845,0.34262367042806974,0.07853550167172683
181,0.12080919199715189,0.7103570379944885,0.001609211477527924,0.15824364773296615,0.008980910797865593
182,0.06283156072902565,0.00870898465406126,0.0007436276111919913,0.09700865622486528,0.8307071707808558
183,0.42232440544651045,0.07795922580625403,0.00029661005727187577,0.4526060375669793,0.04681372112298431
184,0.14684561141354416,0.12951816223460366,0.0021857879287705867,0.4315363262413662,0.28991411218171537
185,0.5766906312515443,0.17139607027413142,0.0003538651094939465,0.2345966909620815,0.016962742402748907
186,0.15663815258483463,0.5573790559787346,0.005912889422343662,0.22709628821424674,0.052973613799840426
187,0.03781627191829307,0.8706726295294597,0.001953699678717755,0.087047439536313,0.0025099593372166435
188,0.26962958372897,0.30310692295552977,0.0009445386444122064,0.1411962063173288,0.2851227483537592
189,0.30612514930649054,0.6465656920414953,0.0006408070593793387,0.027395922563436717,0.019272429029198162
190,0.15498936406220076,0.7908676852655316,0.0213493478035493,0.003495831484229301,0.029297771384488854
191,0.67192253177688,0.2923329652397956,0.000704492879082217,0.012894390989568096,0.02214561911467416
192,0.029251532230770035,0.9535005598756464,0.01016875255630158,0.0021962552580745967,0.00488290007920738
193,0.16360182506501858,0.7777112920050228,0.0012730824715961545,0.045997164938861274,0.011416635519501258
194,0.005841096830516267,0.9837772702651715,0.005210219317393023,0.002393328208911544,0.002778085378007493
195,0.13491974391056433,0.7223809004480878,0.002456579966588772,0.0726435371470088,0.06759923852775021
196,0.0031308930930549553,0.970091997978622,0.01911031808725186,0.00396995584628406,0.003696834994787148
197,0.18993230407707287,0.15878297870813007,0.012022943692204958,0.005750370860762548,0.6335114026618294
198,0.13500775720704988,0.8260779772937639,0.002536954321251686,0.0167722923815677,0.019605018796366804
199,0.4543847818195137,0.30858947213306787,0.0004206260525179205,0.037246157023374415,0.19935896297152614
200,0.12779686606709798,0.8543422288750765,0.002064802091753301,0.008198922004974775,0.00759718096109728
201,0.33244559485086483,0.4252132837215499,0.0014357550440717746,0.1291306793126911,0.11177468707082236
202,0.024901939003998837,0.931777697109532,0.0033084391994857762,0.03271534713870347,0.007296577548279893
203,0.0938935532628908,0.7329797842069808,0.016955518096073114,0.050276313704020255,0.10589483073003488
204,0.2486135761883004,0.5824291548499235,0.0033753892838242097,0.14142929332680662,0.024152586351145148
205,0.42626447062484085,0.18474436830767416,0.0024090298804391613,0.0417742312330961,0.3448078999539498
206,0.18774525145293314,0.7582266327713544,0.0020662849488369017,0.04484444455232826,0.00711738627454726
207,0.31713832674717224,0.16908192936153502,0.0029667539021199277,0.3258227287962134,0.18499026119295933
208,0.09250924088611953,0.36410962943988034,0.0014531946353781681,0.5307032126611565,0.011224722377465277
209,0.16208452619602912,0.14866446902550115,0.0015591256051437888,0.533622147426236,0.1540697317470899
210,0.09652822726039884,0.6685667517621732,0.00665958142997169,0.17824176670457856,0.05000367284287764
211,0.13976116791387283,0.12691098804121945,0.0012041330893425954,0.6248281959358107,0.10729551501975447
212,0.09616146943670832,0.6513747479650575,0.0012780011937474365,0.18824303043478055,0.06294275096970607
213,0.08581900840227231,0.06139942645894539,0.00011395032705953452,0.7331928554210209,0.11947475939070178
214,0.12222704268674126,0.11929158065500466,0.00031386783510680474,0.7229779654069954,0.03518954341615189
215,0.1607819448918439,0.16395923784220498,0.000892208368672619,0.595324116793654,0.07904249210362443
216,0.0851054542352223,0.21561295519556703,0.0024359677144135494,0.6745481690031481,0.022297453851649014
217,0.05475421787697354,0.038916464884728205,0.0013238556503339554,0.272944499631145,0.6320609619568194
218,0.10028739536801859,0.0907662877652246,0.0008529935291559607,0.7708529214154327,0.037240401922168105
219,0.11890503695984583,0.023437001711212217,0.0003415777474176851,0.45530597067421014,0.40201041290731415
220,0.25387808124138,0.02555256726706816,7.7971785001964e-05,0.6104146775362147,0.11007670217033516
221,0.0890900854257801,0.19944715338467264,0.0026794650359490933,0.598122536012733,0.11066076014086498
222,0.23947428235155924,0.054906215284526126,0.00018441484876370888,0.49967620408371477,0.2057588834314362
223,0.07081332457807897,0.6425038419939161,0.00802941666540602,0.2562650922562068,0.022388324506392113
224,0.12362117415622144,0.029433154157988906,0.0002486971408910501,0.7589730164838072,0.08772395806109136
225,0.07186151063561048,0.08966872182823461,0.0002069639513750755,0.8263954054825496,0.011867398102230241
226,0.12067880250402081,0.06610796464036585,0.00010985838890815159,0.6055616299814036,0.20754174448530158
227,0.16920576412941782,0.5162561668610546,0.0016915156589615327,0.27180981141415883,0.04103674193640726
228,0.029997793521273627,0.04425125019083596,0.0007033186512619363,0.02584690019066901,0.8992007374459594
229,0.2312395085188024,0.3560335239141433,0.00033728416613484707,0.11292954217794754,0.299460141222972
230,0.040590042326854266,0.0062818800131281965,2.6766810426854095e-05,0.008155536964050717,0.94494577388554
231,0.3163816909951695,0.16052221344405343,0.0007126808710771013,0.0766493559381641,0.44573405875153593
232,0.3986604665822117,0.05119858984961331,8.65561492586015e-05,0.30703853591119185,0.2430158515077246
233,0.023040704683014033,0.04913859925387848,0.005388823509760084,0.026392823935700208,0.8960390486176472
234,0.019466917572455316,0.0016665290404947884,5.768805497513412e-05,0.013167768143059505,0.9656410971890153
235,0.13792521011932282,0.05907155542544663,0.0011903890878272297,0.204193515816696,0.5976193295507073
236,0.33307325848182395,0.03455903137284532,0.0002488904172375156,0.119014812501377,0.5131040072267162
237,0.7040337305718201,0.03581679683947166,2.5544906233108075e-05,0.18399460640933576,0.07612932127313955
238,0.3239638833085675,0.10738351402657643,0.0001473201061020087,0.5014279780574987,0.06707730450125521
239,0.6219051034176061,0.12306176037810915,0.00010279781893336697,0.24366837211466189,0.01126196627068961
240,0.39985844627145684,0.185086938519425,0.00042700569782737954,0.36680990615669845,0.047817703354592185
241,0.16486081448146742,0.4411577574828218,0.0008396571675262477,0.38871140842035423,0.004430362447830512
242,0.2296890674295018,0.7155026230441125,0.0028278584995399614,0.029816464075148735,0.02216398695169724
243,0.11898839738139524,0.8552852849356468,0.0007744142952549911,0.02008552223108903,0.004866381156613986
244,0.02939682986979543,0.9174999274283059,0.04065094717993971,0.00372645328974555,0.00872584223221358
245,0.34185554570223436,0.6241428675244343,0.001430218684401258,0.023462502922953564,0.009108865165976572
246,0.10972230358563431,0.7616038962476246,0.05019917436784374,0.022002053100816717,0.056472572698080536
247,0.4199768305960437,0.1490312284638021,0.0033344868753360157,0.0224099426711094,0.40524751139370885
248,0.4751772613825055,0.46571368609162533,0.0010673451037734286,0.03489052221420071,0.02315118520789496
249,0.5626199224298128,0.3601855543307042,0.0008551472066506616,0.015126529015013239,0.06121284701781894
250,0.08394262038898075,0.8530347437382825,0.05451131928375067,0.0021755318593049485,0.006335784729681004
251,0.39668396937875583,0.5095842032276793,0.0010141703692741772,0.03414281741688335,0.05857483960740739
252,0.010564203546593803,0.9262046157635284,0.038854268458181906,0.012090576778774398,0.012286335452921494
253,0.2102359340509714,0.4305356743317999,0.0008890062442999934,0.2641522681852821,0.09418711718764657
254,0.14968370128760078,0.7981460913702505,0.002359884347292048,0.038659672806957875,0.011150650187898731
255,0.06278388389789238,0.9035088474488611,0.0013389613823699333,0.026878601383511665,0.0054897058873649585
256,0.05486634822825415,0.9233951294923124,0.0034460105843698093,0.013577497391860288,0.004715014303203565
257,0.21826963646255335,0.559817860454799,0.005844463927458225,0.16826485982858067,0.04780317932660878
258,0.14931830894590095,0.7808472902538377,0.008796746991412455,0.04726112619555399,0.013776527613294764
259,0.06389058256546219,0.9131409094811719,0.00760594357823154,0.0039565267895686285,0.011406037585565711
260,0.4788505285720446,0.48655811599665144,0.001053483703981583,0.014198107691963599,0.0193397640353587
261,0.04461905604378626,0.8972519076476638,0.017957661109148607,0.004084996846628645,0.03608637835277275
262,0.2315371737711998,0.7395618851410655,0.0010352315350971042,0.0022164256830985883,0.02564928386953898
263,0.008551223400736383,0.8844036623274236,0.09490776853432727,0.0013863146199490355,0.010751031117563694
264,0.191886469688717,0.7653507816625283,0.0012985205736038502,0.005558337812064208,0.035905890263086444
265,0.025689990978497505,0.9644043068490544,0.006342868831771472,0.0008673388583396598,0.0026954944823367757
266,0.2763664816504916,0.5143539094229401,0.0029688648050089743,0.018467661485811124,0.18784308263574814
267,0.03413418664866099,0.9548170684783898,0.002177648700462192,0.0031064246786677145,0.005764671493819606
268,0.2283089382424035,0.6092656289740214,0.04071632270440306,0.024489116568156388,0.09721999351101568
269,0.05350242256009627,0.9261390348385203,0.0033821621606773015,0.007571274523387099,0.009405105917318999
270,0.10416313577517426,0.6883107552761804,0.021222091155370756,0.03555756803121426,0.1507464497620603
271,0.4362438605759161,0.49693322938885387,0.0027664894911071615,0.02388674189265076,0.04016967865147214
272,0.06071700064366869,0.825852390718984,0.019455969596851773,0.005584283016385245,0.0883903560241104
273,0.45402699745073993,0.5071962240177701,0.009739242594779042,0.01773346275785837,0.011304073178852448
274,0.048366326809742566,0.8977715262193228,0.042915387708268124,0.0012367594938513644,0.009709999768814957
275,0.3521170433043996,0.6244553498922345,0.011293219972413084,0.0027568194809856946,0.009377567349967223
276,0.005137281053884273,0.9636032256373435,0.029015936286446636,0.0006921761499965655,0.001551380872329037
277,0.3164089345676607,0.40903565051234136,0.024365202075457126,0.024300826458572178,0.22588938638596856
278,0.027998077454245263,0.9505001837946586,0.016330873563329282,0.0014927062778986877,0.0036781589098679253
279,0.04340548117421234,0.9277596887282663,0.017498088959995703,0.00615947858444299,0.005177262553082547
280,0.025503161392801427,0.9583877034452747,0.010414775582156862,0.0021113565414362587,0.0035830030383308185
281,0.041467383057032,0.8629344411440754,0.029792038724565227,0.009180313541437665,0.05662582353288977
282,0.6458129219515204,0.2804692926871059,0.0013736746205934547,0.007604098333561666,0.06474001240721858
283,0.35114081969748057,0.5994333287763803,0.024025916241615833,0.006505946676253392,0.01889398860826975
284,0.5229466072401786,0.44981777234683207,0.002630579222614416,0.013592232153637102,0.011012809036737854
285,0.2366339648729941,0.7258047002315319,0.004624794837295633,0.005109999333923545,0.027826540724254892
286,0.0653833409530117,0.9219062106082718,0.003797137408519603,0.005001876094313018,0.003911434935884008
287,0.035500944742121336,0.7343008412883355,0.18672319058050227,0.0034377817227732557,0.040037241666267605
288,0.25282470870360385,0.7166770757235719,0.011216921949961416,0.010950851709673635,0.008330441913189232
289,0.02312419393572045,0.9308424349417951,0.030362999836876976,0.001503025009138175,0.014167346276469326
290,0.358257044092059,0.5981140488069161,0.007883642522811585,0.008085502015885369,0.02765976256232796
291,0.016291846960794002,0.9706782767663991,0.010375012630372183,0.0009324681226603358,0.0017223955197742846
292,0.13188668291866767,0.6000782389814306,0.08256128314315457,0.003080482910963098,0.18239331204578416
293,0.07575544280840281,0.9028269428067192,0.013658446007375877,0.001561256425727046,0.00619791195177511
294,0.4490590763626626,0.4313308118466732,0.007879662269560005,0.0068502771856465425,0.10488017233545774
295,0.027107528591926063,0.9459443756194571,0.018563245501415842,0.001351998942593916,0.007032851344607015
296,0.038382652946177015,0.8313760965444527,0.09683718959914099,0.0035254980651470663,0.029878562845082255
297,0.17515800133155499,0.8082362243174808,0.003193364701062644,0.007026867826769287,0.0063855418231321855
298,0.015576869244786318,0.9330825605704598,0.03927246434572095,0.002889472001298192,0.009178633837734566
299,0.5119878834990002,0.41355237816902407,0.004219857620523192,0.0048596689452224924,0.06538021176623
300,0.03005832136480786,0.9611004952400926,0.004712982384945527,0.002358986480904276,0.0017692145292499252
301,0.026128090105245375,0.9629650266838262,0.004436828052577532,0.002423478201862082,0.004046576956488841
302,0.25875857872831654,0.6963515028459052,0.0047095467885992824,0.01339337470741355,0.026786996929765314
303,0.001708164723275692,0.947580548446001,0.04791337955857863,0.0013945831521591189,0.0014033241199857731
304,0.09802416164879747,0.847287621294597,0.00999638972141934,0.033144743563765074,0.011547083771421078
305,0.005163914583870674,0.9379396050397457,0.04195134655194604,0.009316184046272354,0.00562894977816528
306,0.12673971799909906,0.7750075725279468,0.00446948984610862,0.04083454261270724,0.052948677014138024
307,0.15916882130313792,0.8132699070561684,0.004496549205434409,0.008742211789834113,0.01432251064542519
308,0.3663593848944271,0.6033300876975899,0.0008231969502725273,0.016070317474982256,0.013417012982728242
309,0.03907061495399279,0.9271931533752414,0.02147622407444454,0.002785713485264386,0.009474294111056682
310,0.1383321778924594,0.8443815648580648,0.003059531838368612,0.008847414526793189,0.005379310884314184
311,0.006118049294620155,0.9789947719595503,0.009593827537953794,0.00238271539824589,0.002910635809629894
312,0.21425369938754407,0.2601753008493633,0.002961600308672927,0.008711455579828208,0.5138979438745915
313,0.02203117910863376,0.9698410340687585,0.004158463716017687,0.001692818464607606,0.0022765046419824936
314,0.016496804753829995,0.8925766805164478,0.08564615491829375,0.0015351129730313711,0.00374524683839736
315,0.23182232075328174,0.7488563232513701,0.004327402063284242,0.008827514132700111,0.006166439799363972
316,0.1765151411274919,0.7563657743495021,0.021386117626409764,0.015914026276644927,0.029818940619951235
317,0.346000719941459,0.5951739042358384,0.0025537650765508338,0.038204710517523575,0.018066900228628377
318,0.006043583793768092,0.9856495136175089,0.006031594357478479,0.0013044876230209983,0.0009708206082237596
319,0.14375862879570303,0.8280127430579362,0.00870540433905585,0.006988421730934528,0.012534802076370609
320,0.018814371511714292,0.9674814592252966,0.008875613139155612,0.0029907904147703805,0.001837765709063117
321,0.4192624328399497,0.48347336590377316,0.0013508801619121996,0.045659321990555675,0.0502539991038093
322,0.009402791535315555,0.9781589261909275,0.0036675484921107927,0.0073405762341463045,0.0014301575474997246
323,0.03449031548619097,0.9291414524907492,0.0028730520797001116,0.01922008218601961,0.014275097757340321
324,0.2449890354787016,0.5168307078908696,0.0009043395439855608,0.17685310789424938,0.06042280919219389
325,0.031063129011907872,0.935270632446724,0.011762268910718712,0.014336346888892182,0.007567622741756994
326,0.3520851496851393,0.43985865381908684,0.0016937837532409988,0.15692069948735818,0.04944171325517453
327,0.03571099278402972,0.9452444216254972,0.0043021231235744455,0.009298740083062446,0.005443722383836339
328,0.12214953326350464,0.7660359850160129,0.010456385049792537,0.031442040083936945,0.06991605658675289
329,0.11367775819855112,0.8610192929075136,0.0026936144474348574,0.01685918382455912,0.0057501506219413455
330,0.008460576597649537,0.9619548038420062,0.018547199970600538,0.006536458614149588,0.004500960975594217
331,0.11311678754110287,0.7767493554267583,0.006828297833233725,0.07401888447106969,0.029286674727835443
332,0.009632819736882516,0.9145515201367368,0.05069678232029245,0.01887929820119133,0.006239579604896885
333,0.1020057965575634,0.46273860844959447,0.0024768958764406854,0.409780266205686,0.022998432910715533
334,0.0037593378818857764,0.9191519806550609,0.026533026273437853,0.04662656735190338,0.003929087837711992
335,0.08979069422653167,0.26864725628210334,0.0012380595277544286,0.5313849180430559,0.10893907192055464
336,0.17422897000556495,0.27579165024195446,0.00034468336053213234,0.49084901330365993,0.0587856830882886
337,0.02244724595153744,0.7967535192641397,0.0038479434773048397,0.15842533837760342,0.018525952929414675
338,0.01076560263017808,0.008868099707927284,0.0003365675275208072,0.03019580675566198,0.9498339233787119
339,0.4054232440194758,0.042034142196896246,0.00022276841826685906,0.19574460867980664,0.35657523668555446
340,0.410674528225661,0.04898402721437738,0.0006646233163105516,0.3747275867524911,0.16494923449115992
341,0.4240920748779291,0.18359808993946525,0.0018269159914924094,0.28291238451926215,0.10757053467185111
342,0.0730767168227979,0.04985057958747783,0.00017912730849537246,0.19101638716460384,0.685877189116625
343,0.10662921492949755,0.03388002019477874,6.877516788390112e-05,0.8170818840292458,0.042340105678594024
344,0.1134706964164212,0.0832456024878393,0.0010162345075084105,0.4259672101496162,0.3763002564386148
345,0.40500873295859513,0.010496992203850466,0.0001042839549442466,0.36825959055261376,0.21613040032999634
346,0.18041049244027707,0.34245361920187956,0.004514074896545791,0.4153684921564656,0.05725332130483203
347,0.27577089511899205,0.009404722092052037,7.315861482416194e-05,0.4381779408803233,0.27657328329380837
348,0.05512255128418609,0.1641518845073006,0.0006990525483044675,0.7619653572895171,0.018061154370691782
349,0.03749624290625468,0.008406758822062162,4.0314716999824476e-05,0.43916673275013135,0.514889950804552
350,0.0750381715607641,0.01831535155864195,0.00016703581877039776,0.85420132021225,0.05227812084957359
351,0.036480866225797756,0.09667727343028167,0.00023799921287134335,0.8293613402098465,0.03724252092120275
352,0.008211036532234513,0.0006467370510514702,5.082414644978197e-06,0.040991177403341655,0.9501459665987274
353,0.1345607307101808,0.012701200222420094,5.575657138578734e-05,0.26110328559143337,0.5915790269045799
354,0.11313672378379372,0.028714503648900765,8.35996712665153e-05,0.4775159237843341,0.38054924911170496
355,0.029923926120543173,0.0035584909298744666,8.192137310885762e-05,0.04093397927010398,0.9255016823063694
356,0.0739760554379775,0.0280705515690241,0.00019778939137694528,0.854036938676149,0.04371866492547227
357,0.0032356888613241284,0.0004757907117733969,0.00010303619270732324,0.008316768997539031,0.9878687152366561
358,0.14048955615651035,0.005392605780401307,4.931456378101012e-05,0.004812276925467724,0.8492562465738396
359,6.692707336403741e-05,2.4311452492356764e-06,0.999625537986985,1.5549637186148466e-05,0.0002895541572157312
360,0.0005559225948287387,1.342052610855215e-05,0.999316376401452,8.003837180107252e-05,3.424210580941645e-05
361,0.2713626716763144,0.00684260819280482,6.57452122562343e-05,0.4518997990218931,0.26982917589673144
362,0.1759291517809264,0.053306507866188,0.00022231871859010262,0.6765012766347509,0.09404074499954454
363,0.08388007881781258,0.0633864217244856,0.003552721601683911,0.7385059696214543,0.11067480823456358
364,0.09744548626007002,0.026321185486450387,0.00026383196145067034,0.7805983821377834,0.09537111415424554
365,0.035303078297903676,0.06509972284300275,0.003661433526517902,0.8784750013831376,0.01746076394943825
366,0.12100728001514573,0.05186825534376445,1.5178009475368706e-05,0.7394575021485497,0.08765178448306478
367,0.12351089786650725,0.4086294774488554,0.00011375139354060818,0.461600856090317,0.0061450172007795935
368,0.11039474027477567,0.05399398618868131,6.298937579707783e-05,0.6488034168830077,0.18674486727773823
369,0.46790458524904127,0.025323233722715978,4.854108346844483e-05,0.41473818804802737,0.09198545189674684
370,0.047720403867497235,0.8607627638559421,0.0109207056312247,0.04218027158907151,0.03841585505626446
371,0.5902077934413951,0.15459197601298827,0.00022643509929398388,0.2295572367279952,0.02541655871832757
372,0.011257416307754262,0.9512175944796698,0.02225973225860205,0.012459258462994557,0.002805998490979424
373,0.20838654355871258,0.270738895601266,0.0010742417539720173,0.35548223568394993,0.16431808340209947
374,0.054951453690502146,0.8573048781462532,0.0010117947357695212,0.08184942966945191,0.004882443758023277
375,0.08354575586230169,0.7482178394350459,0.0021413360639323596,0.12528433444633907,0.040810734192380946
376,0.01130652117667039,0.9255995008170915,0.002582831039455093,0.05420579984423114,0.006305347122551927
377,0.05765578176628476,0.7251606154376717,0.027043686888204667,0.15910428628240947,0.031035629625429276
378,0.14734408275643734,0.05563117254204114,0.0004950224322559584,0.14460991102217657,0.651919811247089
379,0.13537036209464992,0.21513765977210855,0.0011808562309282443,0.6257431392052892,0.022567982697023873
