epoch,N1,N2,N3,R,W
0,0.00027115875325979815,0.0003991991369465575,0.0002262182968697485,0.00035523389281640587,0.9987481899201074
1,0.002084795515884074,0.001976276341957163,0.00017772767541399733,0.001023343371122766,0.994737857095622
2,0.0001608835694530499,0.0001481889810368796,7.286456351092611e-05,1.6961972313994054e-05,0.9996011009136853
3,0.00026436150298517924,0.0004384941188517368,0.0010286152895591595,3.326319015215626e-05,0.9982352658984518
4,0.00010903897904825808,0.00011190569882045538,6.0970704099483464e-05,8.445490180386501e-06,0.9997096391278515
5,0.002749493456421892,0.0002768263418272076,2.4773750391861344e-05,0.00020162565430719372,0.9967472807970518
6,0.00021086982294776365,7.226087467315156e-05,0.00011543466797701617,1.4628201140961135e-05,0.999586806433261
7,0.0012134061125138264,0.00013841058399777012,4.693993509943054e-05,2.1536226667420278e-05,0.9985797071417216
8,0.0015830161245555796,0.0002690038254558905,5.329268763873669e-06,8.00385459037203e-05,0.998062612235321
9,0.0008720959442329049,0.00042137036313431847,2.9006698053322312e-05,0.00038271258006997193,0.9982948144145095
10,0.023091216576757792,0.005064853650771517,0.0001231719844023713,0.005388679952082955,0.9663320778359853
11,0.14557360850452206,0.008980740841984481,0.00012217887642557862,0.036305866906117666,0.8090176048709502
12,0.27860942710296366,0.013264152806007989,0.00012080776624680771,0.013176311202747506,0.6948293011220341
13,0.35848747091741623,0.01225754108605997,0.0004113678230435602,0.004828266986049856,0.6240153531874304
14,0.0793568723910081,0.02820458115419644,0.0005493332798850237,0.003456197981422126,0.8884330151934883
15,0.07481027580233446,0.05025600981052971,0.004066752237664035,0.025830129747265656,0.8450368324022062
16,0.014768523557502663,0.015927896472177114,0.012868060457345995,0.003250234861244909,0.9531852846517292
17,0.021145171945558768,0.04318578633600656,0.027458994147211476,0.01120706928591262,0.8970029782853106
18,0.0470970675370022,0.11217652453731028,0.015686528480189848,0.019735934403022903,0.8053039450424748
19,0.06807392846357563,0.0658951831220684,0.01738521914629923,0.03699887962379148,0.8116467896442653
20,0.07502811705723587,0.3319319257478068,0.033243243688338156,0.01948648637802289,0.5403102271285963
21,0.05159302935984086,0.2907513141617077,0.06134634129215985,0.026017982960996337,0.5702913322252953
22,0.07502345105623982,0.1926905683862579,0.015218376038543629,0.08326362271619363,0.6338039818027651
23,0.033549319718712826,0.10441297624764855,0.011277369639824869,0.06918545459207266,0.7815748798017411
24,0.026367000829815405,0.06936319979107608,0.005069962448003561,0.04055174635315991,0.8586480905779451
25,0.024282950432308333,0.035666034090022364,0.0009191279922783266,0.07415824008247386,0.8649736474029172
26,0.052999838153097306,0.08836973274177928,0.003590961707584351,0.17629414222563347,0.6787453251719056
27,0.10073433155838332,0.045057200170168295,0.0010639221516859515,0.03406778460036289,0.8190767615193996
28,0.07879879652173,0.02867621883697586,0.0014196420730091207,0.08931658071940203,0.8017887618488829
29,0.035445813218375526,0.02757910430392141,0.005569099735381893,0.050049883271956766,0.8813560994703645
30,0.03538076421913241,0.01760368220901499,0.0008322437295922905,0.10446566764981463,0.8417176421924457
31,0.039053973430206335,0.02396451425019114,0.0030572230296655512,0.0503806289454399,0.8835436603444969
32,0.09737078131141215,0.06502168066787474,0.006136094719140315,0.2328336387438266,0.5986378045577463
33,0.0688734355518118,0.034049043045284146,0.0030993691386719357,0.11504360656619847,0.7789345456980337
34,0.14823199426181488,0.13091470093207874,0.0011379490275495886,0.12548959100560517,0.5942257647729516
35,0.054241572212224816,0.023232414417701144,0.006373652247549325,0.02112870564868798,0.8950236554738367
36,0.20710914057595897,0.18667507966514812,0.016833863313611155,0.15997197954589043,0.42940993689939133
37,0.016037792503732825,0.0036885926866669977,7.861503830649047e-05,0.0034207303390466196,0.9767742694322471
38,0.13334631559620325,0.07957365961785881,0.0007294773245264363,0.008889976695744676,0.7774605707656668
39,0.4345642522322449,0.19737448068190794,0.005003471611529074,0.012697889093812116,0.35035990638050607
40,0.20352940978057094,0.4491243556739272,0.02193090311843837,0.010763350355377243,0.31465198107168624
41,0.11173367917336482,0.6887428124179222,0.024032955395880237,0.029861881839051148,0.14562867117378167
42,0.12839114479981453,0.22215341815003528,0.04346827867486751,0.037565705842327504,0.5684214525329552
43,0.04401547080863282,0.06199723683518258,0.0015694353587398782,0.013133970777052407,0.8792838862203924
44,0.05548708985625319,0.20261130836474345,0.0225559848585952,0.011707793063885308,0.707637823856523
45,0.06611534308102637,0.08274899648994187,0.00397915603836902,0.012717686313476115,0.8344388180771866
46,0.07756782664000951,0.027186510118577728,0.0004353385665575125,0.03858530640777708,0.8562250182670781
47,0.06325591600709413,0.08852840180466863,0.0005280498263288205,0.06602650435541925,0.7816611280064892
48,0.29917565409583735,0.08577124945231823,0.0004482592502784759,0.14565730935052001,0.468947527851046
49,0.24925541858247408,0.07009147382254138,0.0006857710855587418,0.09578382305958395,0.5841835134498419
50,0.11886694797381145,0.11644244831294355,0.0009189296949591644,0.24956712372459225,0.5142045502936937
51,0.032074153989222746,0.024784384736892054,0.0036362364456053666,0.017951259465884356,0.9215539653623954
52,0.03504596903117471,0.007487476533616845,0.000188538340101879,0.14485960657850527,0.8124184095166013
53,0.08849763103410217,0.010899938682013294,0.00039190774930269643,0.06524483737959116,0.8349656851549907
54,0.051908345729580516,0.015672330277129158,0.0009529897435793194,0.12646727410059203,0.8049990601491189
55,0.01598034523707836,0.0022314755369248008,8.52122996193578e-05,0.03010918337016034,0.9515937835562173
56,0.030362996473670644,0.011138387484524058,0.00047412301938612266,0.07176217581292109,0.8862623172094981
57,0.06536553019166248,0.022398640860854073,0.0008756112732027185,0.1254281376309369,0.7859320800433439
58,0.11099068804261467,0.011066646180103721,0.00015453672956151164,0.1332956199693261,0.7444925090783939
59,0.15894090152800122,0.019380924706398357,0.00018124218534290256,0.06209389838685286,0.7594030331934046
60,0.2532999613763208,0.027912991710517462,0.0002954904060385185,0.10047197334535349,0.6180195831617696
61,0.13475026115799774,0.03767223272933596,0.0003862464699358924,0.0796821974142391,0.7475090622284913
62,0.10049169602995586,0.032322676437412275,0.0002878241625567169,0.1387834224351862,0.7281143809348889
63,0.07057270575724968,0.029960610670574008,0.0015211423383547779,0.12221442777669793,0.7757311134571235
64,0.058282056465419056,0.03234724790926949,0.0006561281926136487,0.1775803165823633,0.7311342508503345
65,0.11933727285940061,0.032581367287712895,0.000786905091688227,0.18652897718078013,0.660765477580418
66,0.07864197087676231,0.07009319806596384,0.00257286006025346,0.12684599567983085,0.7218459753171895
67,0.15833991511391196,0.02903014075986197,0.00029768777184645924,0.0456709925754512,0.7666612637789284
68,0.31717078818340694,0.08749173435875804,0.001112666582109226,0.030801403949514573,0.5634234069262113
69,0.14046727684325785,0.07450795768484895,0.0008007299626964422,0.02996062755660355,0.7542634079525932
70,0.0909982084842156,0.03666876447583045,0.0005526255796946933,0.014262176695957062,0.8575182247643023
71,0.05447806263299216,0.025264419330459302,0.0008321643480284545,0.024346867660374572,0.8950784860281454
72,0.008368305991101308,0.008475080585760311,0.00017928084267340496,0.0041438784557181465,0.9788334541247468
73,0.0006040558307288226,0.0003572489440502898,0.0004029241906724521,9.120093948536634e-05,0.9985445700950631
74,0.06411544080749455,0.005856784794321003,0.00014857524305836043,0.0027236506458163377,0.9271555485093097
75,0.021317657608062642,0.0025795938690181667,9.889783240854704e-06,0.001004037561734546,0.9750888211779437
76,0.026705960890028843,0.0031990773450076278,0.0001029933890110262,0.0010916319974967276,0.9689003363784557
77,0.23076929360321743,0.00792358286298641,7.397846925553756e-05,0.011583687994022861,0.7496494570705177
78,0.27106326437094985,0.006341169296546188,4.699430822974153e-05,0.005778067707299422,0.7167705043169749
79,0.3480119749008766,0.01489464915139238,7.223625296483458e-05,0.020053610658430174,0.6169675290363359
80,0.4819347193031754,0.03261955362803422,0.00036474980962403615,0.05968819455661652,0.42539278270254993
81,0.2496085456681189,0.16722808983019555,0.0009204370570335903,0.12695399162908316,0.45528893581556873
82,0.05970987819450966,0.0450809442018098,0.000760885720313328,0.0554804948841382,0.838967796999229
83,0.16755474520393007,0.12777041644562795,0.0028060365009415457,0.023504411370994342,0.6783643904785062
84,0.11094714852513402,0.09095699226104924,0.009629319288963137,0.02583742244890829,0.7626291174759454
85,0.33060212914149073,0.24338682778965362,0.02106920263040464,0.017564301104212875,0.3873775393342381
86,0.38565582361753314,0.03527291492721958,0.0014517692103075655,0.02036635667322202,0.5572531355717177
87,0.11005032497053278,0.8015768701078796,0.03822319548733651,0.009762914598477754,0.040386694835773236
88,0.24925731455178454,0.4080131980986479,0.01957831636834263,0.03615844364267639,0.28699272733854864
89,0.010841066749635612,0.9372324597294985,0.047229287603893916,0.0007392295609486904,0.003957956356023227
90,0.18719741705990073,0.6009371624482414,0.011956122968754208,0.016993797347479054,0.18291550017562463
91,0.009385267370063084,0.8750072418736451,0.1131970453426742,0.00040223144782602764,0.00200821396579148
92,0.2584001920716124,0.6419846720904226,0.021593649464221664,0.01055197308109245,0.06746951329265075
93,0.004252873678881828,0.9489389712472913,0.04485077230693695,0.0002645704992964781,0.0016928122675933521
94,0.20622151531272817,0.6415922366300438,0.021320762809799082,0.013528233769173373,0.11733725147825551
95,0.007730365323674817,0.943050441490628,0.0468054056395836,0.00018866459352607189,0.0022251229525874746
96,0.05450278488211612,0.8925091479220991,0.029968841251387997,0.002151826795469043,0.020867399148927684
97,0.011910293083504792,0.9311119404947449,0.0542627090381613,0.0002516826959818041,0.0024633746876073577
98,0.02060953891829419,0.9477561460828478,0.024649617412660335,0.0007318457045263219,0.006252851881671494
99,0.002869438182811619,0.9246150898373328,0.07021520081846375,0.00013309571213051033,0.00216717544926131
100,0.0026557669907077298,0.9053697065504623,0.08953399351930504,0.00038902389487002775,0.002051509044654666
101,0.011255511715562638,0.7894596940322862,0.18424573108909023,0.0002423033995924053,0.014796759763468436
102,0.008251167849217953,0.9184310070980153,0.06996463590609622,0.0006536601659430519,0.0026995289807275943
103,0.04234377894674489,0.8037200206352234,0.13066010830539276,0.002310880417995719,0.02096521169464313
104,0.010005273429580444,0.886436249384139,0.09902531420057707,0.0010447125290059085,0.0034884504566974313
105,0.05492023139233717,0.8803343110352893,0.03607138483871623,0.0014053811296748447,0.027268691603982584
106,0.004076341822190118,0.9297326877257167,0.0645604295931789,0.00016718693968879273,0.0014633539192257365
107,0.0032979642533365054,0.8687503590617481,0.1256678548752866,0.00031261773385500834,0.001971204075773692
108,0.0360531430118462,0.7100808144059858,0.21443779646579078,0.00037597317297410784,0.039052272943403
109,0.019081651906908696,0.9059750135638797,0.06795572383841025,0.000841650420647169,0.0061459602701544125
110,0.030538564862260014,0.8868756287870043,0.075772800100558,0.000829101768245966,0.005983904481931691
111,0.0020481808046056795,0.824787037253282,0.1720045649711375,8.957759958963466e-05,0.001070639371385282
112,0.023328295385829013,0.8762622817506495,0.08908960661344291,0.0005140862866328735,0.010805729963445636
113,0.0006155528536426944,0.5668778327486567,0.4316777160006865,3.923638688526653e-05,0.0007896620101288514
114,0.011682298580474038,0.8846419742279342,0.09972934990296183,0.00015844405749918216,0.003787933231130692
115,0.002625796953414908,0.6376249181150611,0.35786738479999397,6.313578089757692e-05,0.0018187643506323507
116,0.03631280300968154,0.9166039102795542,0.041422429935337866,0.0004622624333325234,0.005198594342093929
117,0.0021945300218739246,0.6822750381731294,0.31412076886807255,8.554140398141093e-05,0.0013241215329425787
118,0.014488821221762326,0.8452091959603932,0.13436151466189095,0.0003729973068562742,0.005567470849097281
119,0.0035496745938889992,0.6195049120873269,0.3747609916513482,9.207990776350383e-05,0.0020923417596723933
120,0.002496186674576516,0.6643182035147862,0.33096280807004297,5.408090002651213e-05,0.0021687208405677325
121,0.003625500959763071,0.44990667277128893,0.5443015142540071,8.435540256658593e-05,0.002081956612374296
122,0.002714610913935198,0.6360386677014743,0.3593916733526022,0.0001089442084195548,0.0017461038235689382
123,0.012979631989442708,0.7097356570316599,0.27318415054555056,0.00019333609441891052,0.00390722433892784
124,0.0027265643721718948,0.8042306175342615,0.1906726521652444,0.00010948106199652841,0.00226068486632554
125,0.00922909829056478,0.5450125163127623,0.43933114448949867,0.0002276508634108956,0.006199590043763212
126,0.003369841089410757,0.4914033977835822,0.5031002861831637,0.00010179806282919328,0.0020246768810140495
127,0.03458313042735517,0.7258097088002021,0.22799759404268088,0.0004777477754756092,0.011131818954286263
128,0.00256362880643065,0.6932211527671887,0.3010289702157215,0.0001115036269366268,0.003074744583722447
129,0.012049117235399203,0.6380179137971448,0.34514187446203004,0.00030881914257985634,0.004482275362846216
130,0.009326982352283318,0.5672864026365438,0.4178176669997909,0.00017013932277763687,0.005398808688604278
131,0.0012468847768608991,0.6441634738758301,0.3526933545197708,6.961591774069604e-05,0.001826670909797594
132,0.049600456338348725,0.68938163702037,0.2506288678087391,0.00030863278857166216,0.010080406043970548
133,0.0012646281936011664,0.4175954858450358,0.579345733801197,5.289351486081742e-05,0.001741258645305066
134,0.008326141275365427,0.6106169379134192,0.3758381894822704,0.0003147008102081414,0.004904030518736861
135,0.0007143779167301162,0.2281049384300108,0.7696787318862235,3.643122027469803e-05,0.001465520546760826
136,0.0020760400061582487,0.4571911046149015,0.5383306104033291,0.00010210060150052452,0.0023001443741105846
137,0.00243500116745508,0.38459644944617283,0.6114308162543155,4.6521834169508795e-05,0.0014912112978872525
138,0.002529299262036501,0.4494658064962153,0.5452197137881675,0.00010589611108914955,0.0026792843424914693
139,0.0006463759108402924,0.055875920400292524,0.9426369488520348,2.3873361110643598e-05,0.0008168814757219282
140,0.001763861651209082,0.5453739388467754,0.45090080114796205,0.0001360684012006722,0.001825329952852755
141,0.003942866220051061,0.432071248973996,0.5615614505505123,9.556783468527282e-05,0.002328866420755465
142,0.00032514281844023686,0.28407779689791096,0.7145865176799701,4.355151768886853e-05,0.0009669910859899007
143,0.002121233902839739,0.3342197290294243,0.6608043202535441,6.15264675636603e-05,0.0027931903466280683
144,0.00030705469008114345,0.21413161795102115,0.7847177819377193,1.9061509166695408e-05,0.0008244839120116195
145,0.005541598450901193,0.48966250657462207,0.49816728757749673,0.00021487271772768342,0.006413734679252426
146,0.0006469484807578231,0.20259836453071722,0.7957798083873806,3.0158111270007614e-05,0.0009447204898743202
147,0.0033322046505612057,0.5035774307671338,0.49006308919293246,0.00014982579192772947,0.002877449597444892
148,0.00018642832012154853,0.11827451540106575,0.8810554517969678,1.7786612539525126e-05,0.0004658178693054283
149,0.002543881273684837,0.44276452367107183,0.5526792758319505,0.0001543914547012544,0.0018579277685916427
150,0.0009752183027755487,0.13739510835784616,0.8607860995614974,3.758150344121712e-05,0.0008059922744395351
151,0.0012929918135062056,0.3607365747141206,0.6368971180763289,0.00010693185074336799,0.0009663835453008489
152,0.0061616789500963925,0.3507844487288109,0.6366235911573113,0.00017070969541474256,0.006259571468366789
153,0.00022212345438729934,0.3501499115057408,0.6489234663550729,1.700591243527354e-05,0.0006874927723635384
154,0.0037591308896923565,0.4209460356625775,0.5721888914958533,0.0001243885803263807,0.002981553371550564
155,0.0005758838238717286,0.4181156651778299,0.5800885538867733,3.517467847840074e-05,0.0011847224330466242
156,0.0024723825229382734,0.3998266434525475,0.5945139611323079,0.00015948530323688301,0.0030275275889694226
157,0.0008364466849288928,0.2826224521436637,0.7156930460551891,4.684447174697836e-05,0.0008012106444711773
158,0.010182606044540245,0.7353014781326886,0.24938103543302922,0.0006369095929600908,0.004497970796781681
159,0.0007649890080140791,0.39686224231594375,0.600864059795569,4.7335343365618145e-05,0.0014613735371076155
160,0.0011133005294087076,0.4090234482081722,0.5875535947967061,6.390996428258477e-05,0.00224574650143042
161,0.016993919734204627,0.7781194253330094,0.19511793464578014,0.0006330939522781046,0.009135626334727656
162,0.0011485665628375426,0.7106726078193715,0.2839560501762388,0.00019684076000949817,0.004025934681542492
163,0.006782626145090685,0.6709452885460888,0.31381029278240874,0.0004892877336884876,0.007972504792723434
164,0.0012933929829915555,0.3448033444980457,0.650091518566606,0.00020266562709822622,0.003609078325258422
165,0.030578730978703995,0.07972744228621015,0.013759992431096362,0.0005434306001942345,0.8753904037037953
166,0.01323190248261735,0.8542289137788311,0.12238747847004608,0.00046191549344270724,0.00968978977506293
167,0.04541040061940553,0.8192132710156984,0.08718706601102343,0.0004391678278767529,0.04775009452599593
168,0.021953719005177983,0.905354787219473,0.06669226470103887,0.0004644688613604871,0.005534760212949703
169,0.0034522111725003943,0.8095951975164453,0.18480700421983198,0.00035912784388170116,0.0017864592473406233
170,0.026249451704261476,0.6086771786383643,0.3473726883433242,0.000643898461357892,0.017056782852692177
171,0.0030571691138255455,0.3930943667199073,0.6012505511109029,0.00026406731559553597,0.0023338457397687616
172,0.0032360085402328193,0.6634749185327808,0.33076536025632625,0.00042251851925088506,0.002101194151409226
173,0.0027444542557233387,0.3652214879622221,0.6299482348961479,0.00023802610378149605,0.0018477967821251588
174,0.0005659676228475222,0.23364174411182428,0.7649938957417739,9.161382511344008e-05,0.0007067786984408177
175,0.002216518346090052,0.338580210722863,0.6577746979759873,0.0001446651338889102,0.0012839078211708472
176,0.0008255658380898195,0.2691243406977609,0.728933599362348,0.0001040383222319301,0.0010124557795692707
177,0.000333141119292199,0.06117761039488429,0.9379235665840846,3.715689423261105e-05,0.0005285250075060688
178,0.001601705925568694,0.22590186726647118,0.7705557657028543,0.00011138943376562982,0.0018292716713401434
179,0.0008529555212760616,0.2172584390175776,0.7810915668470935,7.261004232605906e-05,0.000724428571726844
180,0.00036366850763203985,0.09441357496707282,0.9045482017064528,3.9764480515948355e-05,0.0006347903383262178
181,0.0002768686245194716,0.08218235915337783,0.9169590949348302,4.200672262043019e-05,0.0005396705646519197
182,0.0011017848837387154,0.23240938747493,0.7644188782418728,0.00015636581146387992,0.0019135835879946015
183,0.0004964122515350328,0.3010134915854384,0.697470388242805,5.9355226143553126e-05,0.0009603526940779308
184,0.00019181541941180408,0.08805989843599961,0.9111739256479348,1.8996094341784075e-05,0.0005553644023120402
185,0.0005391170686242965,0.20594619042951037,0.7925083664820528,5.114777158572425e-05,0.0009551782482268876
186,0.0005875136628314118,0.05526519267256659,0.9424174342996428,5.8980346786133576e-05,0.001670879018173304
187,0.0009692188420804952,0.1583964085204398,0.8396670877446718,9.277597417056936e-05,0.0008745089186373269
188,0.0036810771563897007,0.2688521915198776,0.724371959533483,0.0003679647737741822,0.002726807016475573
189,0.0012825993338042312,0.19555651292247522,0.80158401177738,0.00013607249280750205,0.001440803473532869
190,0.0006016204793214038,0.08051396850386844,0.9183648139528698,3.784965360112462e-05,0.0004817474103393703
191,0.0018998453633171728,0.2373037178569337,0.7597466384741818,9.186746742996536e-05,0.0009579308381374479
192,0.005375518919943676,0.11866588499699811,0.8732881449198338,0.00011221816483080935,0.002558232998393729
193,0.005783194074565099,0.5729318238647335,0.4171302283573331,0.000800113092738315,0.0033546406106301366
194,0.0014264462249568056,0.23891963202251068,0.7582682711864933,0.000125416461287813,0.0012602341047513832
195,0.0011547679350819163,0.19034822371345428,0.8071417957045077,0.000151441584173038,0.0012037710627830934
196,0.008640304373630761,0.5229546054426728,0.4625460562923246,0.0008701541945068282,0.004988879696865078
197,0.0015473785164136224,0.30995087590033604,0.6871433096876578,0.00022667173300181098,0.0011317641625906945
198,0.0007695415953669874,0.2830420793282111,0.715465117193929,6.221916307181435e-05,0.0006610427194210048
199,0.0019322356846314412,0.24869016358764354,0.7479673471208398,0.00016109079317434526,0.0012491628137108893
200,0.0034265664322520296,0.5278227709736623,0.46666429722257385,0.0002849944003970291,0.0018013709711148418
201,0.003829645267714224,0.6655898276257315,0.32867857095160324,0.0002969029088287538,0.001605053246122497
202,0.0015997566602046303,0.39833505333164276,0.5988966705516776,0.00020373409412029956,0.0009647853623546305
203,0.0020792122398388315,0.4031606192369307,0.5932931325469853,0.00023144854221251703,0.0012355874340324229
204,0.0020012906673991483,0.47868567958546165,0.5174847212933431,0.00023457264477556413,0.001593735809020403
205,0.0013579735545045885,0.18690727155217832,0.8101985745256821,0.00014782015069342633,0.0013883602169415736
206,0.006405428945563264,0.4767573738980092,0.5128098114704539,0.0008610678841545781,0.0031663178018191403
207,0.001954368244433985,0.5092730591770439,0.4870315431198648,0.00031636390862096493,0.001424665550036311
208,0.00245434891043094,0.3282676411069314,0.6662952969574761,0.0006789302150368334,0.0023037828101247428
209,0.0020556396063762536,0.5407842122311673,0.45442027621864234,0.0011212175402915926,0.0016186544035225315
210,0.04254103927792738,0.7274505227663665,0.18546744408539909,0.02100593696028814,0.023535056910019003
211,0.013475807992577148,0.6404994880576518,0.3317611480546798,0.006687460584133791,0.0075760953109574505
212,0.08844677671598462,0.41038970040924705,0.2630947452444472,0.1724269978822992,0.0656417797480221
213,0.12384888188856705,0.2548968792041623,0.00747416235842688,0.1778364618708042,0.43594361467803955
214,0.07584035407894273,0.11061566468947825,0.0024708302647529034,0.14866462732073277,0.6624085236460934
215,0.18805137721088067,0.09205189164392251,0.0010148114265515337,0.6635461722248535,0.05533574749379182
216,0.28975003794316984,0.06871076212383663,0.00023964368942867677,0.5762785973294768,0.06502095891408803
217,0.3286244467618284,0.10246017557212118,0.0002715641441438303,0.5012871255309019,0.06735668799100472
218,0.054257221144566686,0.04335235247602623,0.00012145441567036422,0.8913373366340201,0.010931635329716494
219,0.17635708176500164,0.04930160859397905,0.0002365615673679045,0.7156915603764086,0.05841318769724284
220,0.18384905599519014,0.06078325589983384,0.0002836356653065262,0.6775225315608323,0.07756152087883723
221,0.15527713338599694,0.08765737214661028,0.0015059120019433744,0.6746424218685406,0.08091716059690879
222,0.10171075758008646,0.07956362319039047,0.0006876687236056011,0.7450840358234601,0.07295391468245736
223,0.15649290727625295,0.12434266252754078,0.0006031453580454661,0.5597060465440454,0.15885523829411527
224,0.06658740991599424,0.08866801258454135,0.000458771357204959,0.7429170685168947,0.10136873762536486
225,0.09045378163377563,0.08814487840277666,0.0009912205605639376,0.15126439112295686,0.669145728279927
226,0.1653362887701363,0.08699722731072303,0.0005266946140637037,0.04598561171549711,0.7011541775895799
227,0.6723284248045298,0.05787038511441599,0.0001858276374376326,0.09237045801693355,0.17724490442668306
228,0.5145929844840732,0.2707280640497774,0.00026711114846500467,0.11088247237030574,0.10352936794737877
229,0.3254909623309484,0.13304799583925514,0.0006224928907436813,0.2454261454654668,0.29541240347358616
230,0.07963828225535333,0.03887446614132095,0.0001420412464773949,0.8007935094733539,0.08055170088349453
231,0.08720459210047493,0.02293591346421758,0.00013946453816797097,0.832674138942325,0.057045890954814604
232,0.07842397597528161,0.01822249153939028,7.00263917438199e-05,0.8626693144489641,0.04061419164462018
233,0.03890556852162302,0.019750233122258088,0.0006432306900953907,0.7102029983873616,0.23049796927866198
234,0.03800757104793295,0.007068110842512078,9.363186162418931e-05,0.8974086800970213,0.05742200615090922
235,0.05276907447712611,0.011347225593054318,0.00023199113121931273,0.878244957620445,0.05740675117815519
236,0.04651918811091629,0.012238285894254252,0.00014137063096849152,0.8758098461239728,0.06529130923988799
237,0.07308794914894327,0.018125271417727157,0.0001719210562956411,0.7947408069055985,0.11387405147143549
238,0.0557516814383338,0.029025581453075266,0.0004031183301830366,0.8294114345302481,0.08540818424815994
239,0.12944984779149163,0.03502947108628671,0.0005138926458323263,0.6242198554914876,0.2107869329849017
240,0.06439114324383818,0.030170315984784712,0.0008910677562733924,0.774790492797307,0.12975698021779658
241,0.017618139700060858,0.018643434675031417,0.0002083148146571291,0.43884635462483196,0.5246837561854186
242,0.03409684249996512,0.02471640771141864,0.00026239429293885513,0.5907184575003616,0.350205897995316
243,0.19517465058455782,0.026123589675950624,0.00014908653840439346,0.6912060604400322,0.08734661276105485
244,0.3506956719163486,0.033732046771790834,0.000246590337211508,0.5668083058102531,0.04851738516439585
245,0.06813937067910576,0.013008314586044662,0.00022104641692045627,0.8809686645944385,0.03766260372349072
246,0.03350001962104685,0.015512181616655215,0.00013113957378694637,0.8979973013357745,0.05285935785273641
247,0.029057679522678775,0.018759129887894944,0.00027784127502757827,0.9144421343703649,0.037463214944033735
248,0.013242512242162515,0.01935738874004527,0.00024511034530204736,0.9280463708298771,0.03910861784261305
249,0.011879220563843189,0.01852371040785598,0.0002599591075654569,0.9308851829196421,0.038451927001093275
250,0.023297126649214493,0.027405060089240072,0.0005630633737702806,0.908173409747505,0.040561340140269984
251,0.009838181173897979,0.012219557861937482,0.0002619825165747594,0.9316464558565872,0.04603382259100254
252,0.025323931342358177,0.028680243593395625,0.0005391876338330451,0.9035466828635134,0.041909954566899825
253,0.020045586203963413,0.021866124810418525,0.0005555239272611018,0.9114333443491076,0.04609942070924926
254,0.04904215475263919,0.0587040628200881,0.0011925967927998546,0.8271060136329604,0.06395517200151243
255,0.026456434824189162,0.026048422916504915,0.0012597306321136142,0.9092119036582273,0.03702350796896495
256,0.05559375996958882,0.042674309757843656,0.0005559881182087018,0.8347199883904187,0.06645595376394
257,0.13312779242476527,0.11383653410104523,0.0015166172940273123,0.670329320562948,0.08118973561721425
258,0.05605620273854818,0.05319950564575086,0.0005447813316082304,0.8518821315345502,0.038317378749542684
259,0.099983471003432,0.07664081352305445,0.00036820143583993366,0.6634084555965528,0.15959905844112068
260,0.09177699725767254,0.0723484380307313,0.00045587851598932093,0.7304257767760961,0.1049929094195109
261,0.03669938798897156,0.053126629682057766,0.0007219195120324789,0.8570370666612549,0.052414996155683256
262,0.06373633229539638,0.0691684424094864,0.0016735967771841973,0.6164336276533614,0.24898800086457162
263,0.06885837392766837,0.05344744142969501,0.0023385289376642595,0.5676258907824918,0.3077297649224804
264,0.26261659548806243,0.05814260351513966,0.001574407287141463,0.4582736537071177,0.21939274000253878
265,0.24699494243679398,0.12115342912780523,0.0028605019390724063,0.3568817214147959,0.2721094050815326
266,0.11538804331081204,0.0467960743851415,0.0008446513856245665,0.6217314780703268,0.2152397528480951
267,0.036731487135428835,0.040568641565901425,0.0009324824139506155,0.8518636332232401,0.06990375566147904
268,0.044821060663752015,0.024613566129674757,0.00037427668416241253,0.589080655163318,0.3411104413590927
269,0.12246256650237304,0.036653110173583796,0.0003705060933893594,0.5490244229210126,0.29148939430964127
270,0.03379719219115509,0.013537240939921848,0.0001803438037879235,0.43146666634118797,0.5210185567239473
271,0.005759804516163773,0.002426368064016285,4.0527477193764626e-05,0.041733255148262524,0.9500400447943638
272,0.04472773103706284,0.007614325981967335,8.263501577009081e-05,0.04803423971121564,0.899541068253984
273,0.14885408051358873,0.0020331448397402463,5.945880796655145e-05,0.012716229966662839,0.8363370858720417
274,0.6573159502478964,0.00024614624360286356,2.610772558478219e-05,0.004823555158932987,0.337588240623983
275,0.8498630166367384,0.0002871914724911532,1.6711846192385242e-05,0.002396957151077565,0.14743612289350067
276,0.06074910395584487,0.0018787259682879602,5.322273290539594e-07,0.005229307935366753,0.9321423299131713
277,0.0046109586749499675,0.00036268587846537766,2.2551376966752608e-06,0.00021603759316792242,0.9948080627157201
278,0.0034047899317574313,0.0009796922090916725,1.4580301481884807e-06,0.00019068772924914394,0.9954233720997536
279,0.0023892350445526497,0.0017904858346520518,1.153462508792554e-06,0.00026655859249952554,0.995552567065787
280,0.0012012826174673103,0.0013809922161899075,3.9963307156465806e-05,0.00018347377325895835,0.9971942880859275
281,0.002468716582036587,0.0013430083253658431,0.0002648915420764021,0.00033243487656372866,0.9955909486739574
282,0.018724797424668326,0.002860692479743906,0.0027646224131481164,0.0006836182574079208,0.9749662694250317
283,0.5086494158741672,0.002640823282407533,0.0005069743528778492,0.001260077662135957,0.48694270882841134
284,0.3015424802908475,0.0014464279770713346,0.000350237607068351,0.0011161194764845934,0.6955447346485282
285,0.2404675498898346,0.002356902133828562,3.940157793924593e-05,0.0063362245623647985,0.7507999218360328
286,0.4413974179594494,0.002011873900156005,7.305081183650912e-05,0.007901885355540015,0.5486157719730181
287,0.5300522227342651,0.0016628244116278657,4.295566199305366e-05,0.010286181127332684,0.4579558160647814
288,0.5824764595707145,0.00741783850996093,0.00010922561486616022,0.09190843014823798,0.3180880461562203
289,0.3310811116113513,0.009548637145408429,0.00013856199302971937,0.46984312705097686,0.18938856219923383
290,0.2613150700299997,0.03894808537714735,0.0002784505849933074,0.4804160716212771,0.21904232238658272
291,0.29347512441166484,0.01947544973087611,0.0004870529963140278,0.5066458242683752,0.17991654859276984
292,0.4503992661786299,0.02037608538809689,0.0005792346904255726,0.338111378256647,0.1905340354862008
293,0.3632208068440875,0.02489017048103704,0.0006513512054790588,0.33240420341734855,0.27883346805204784
294,0.36352379422504855,0.025698729329533845,0.0004918108312127521,0.43316032621578376,0.177125339398421
295,0.15982063954621087,0.09342581955239915,0.0005180566346303004,0.6889178846075428,0.05731759965921672
296,0.36327346483906997,0.08064076344715211,0.00045051153101908597,0.3229352762819456,0.2326999839008131
297,0.23056560791536876,0.5897283319393758,0.0007318132205455129,0.13321657790357086,0.04575766902113915
298,0.2953189377607444,0.0681830319251333,0.0009365701844223143,0.06609867494013555,0.5694627851895644
299,0.44111618041669953,0.46276530828599427,0.0004989435994302697,0.03164579966099122,0.06397376803688465
300,0.42611741314981416,0.4021449506225696,0.0016678809514818055,0.08026247019269363,0.0898072850834409
301,0.3592625254502769,0.5301718369458593,0.00041579043938411294,0.0567894456613352,0.053360401503144514
302,0.11461075652289245,0.7944470657966082,0.00192609011468019,0.06091623144089629,0.02809985612492301
303,0.27030382225313077,0.31676392030816225,0.0006464348882527799,0.0854733584631936,0.32681246408726056
304,0.2565358121379341,0.6585911167952726,0.0011896095687247068,0.04900314715500554,0.03468031434306296
305,0.35887639691131384,0.38479999638251416,0.0006416656122863636,0.10367637718742254,0.15200556390646305
306,0.1513913359639986,0.7977036516659546,0.0005501131733984733,0.04552211967343652,0.004832779523211819
307,0.2887332975192043,0.24866051597644243,0.0006088206709811483,0.2542213319392568,0.20777603389411547
308,0.04430539453423591,0.9151908180614492,0.00035612242974919034,0.035842671405071656,0.004304993569493919
309,0.33999367929719243,0.2824767225701939,0.0005775654983074118,0.07118020164263643,0.30577183099167
310,0.05860671396765632,0.9177351858573876,0.0015814302323541164,0.018055212895352637,0.004021457047249475
311,0.3357723765157927,0.36268140621679335,0.002849175695630899,0.18858014329076458,0.11011689828101831
312,0.06537717521392522,0.8970964152126099,0.004506783075844455,0.016874043035975603,0.016145583461644845
313,0.15504367391191193,0.1191568876201233,0.005842918032073275,0.032219019044699516,0.687737501391192
314,0.7728074228318098,0.09287144215466654,0.0024600437375792185,0.03456877767719731,0.0972923135987471
315,0.7060935223668092,0.2184538355340214,0.0034303213356229267,0.027664187483922503,0.044358133279624
316,0.711932252072259,0.1538158899751116,0.0010027305922808184,0.07780164493909957,0.05544748242124905
317,0.06449318450707224,0.9051146496281728,0.0037502440778969873,0.011857810883902503,0.01478411090295544
318,0.3296469576910923,0.3157139329962052,0.002820744241440197,0.1138733522948852,0.2379450127763771
319,0.2380534936936149,0.3209259899910537,0.008705248478892884,0.05123995938511397,0.38107530845132453
320,0.22504324001325554,0.13923874062719765,0.003930061161536117,0.1315434781345451,0.5002444800634657
321,0.4255636776589399,0.46458422162695995,0.000527042138715479,0.031199824249681575,0.07812523432570319
322,0.1474418168078632,0.8309119575255476,0.0007983685944486399,0.012382764300046785,0.00846509277209386
323,0.16215609219401453,0.7922137716261278,0.0007375224027964855,0.008421226082897729,0.03647138769416335
324,0.1380435212932297,0.80018735358311,0.003300522735211371,0.026209003406308537,0.03225959898214053
325,0.2595279154563562,0.309862310992339,0.0006887305414291948,0.05626932272157871,0.373651720288297
326,0.1195850398267973,0.8499348888806072,0.0005067475808101035,0.012155751858226826,0.01781757185355845
327,0.40613655828153417,0.44235730956133956,0.0009084394353318715,0.021352594140638777,0.12924509858115546
328,0.09655295287213696,0.8879885786870605,0.0005972708192823452,0.008936783488592453,0.005924414132927806
329,0.3680569074462941,0.42511201156443656,0.0010015824549444166,0.06812309819195615,0.13770640034236872
330,0.08346493332909576,0.9021516825431067,0.00040961594427166824,0.007163658861051854,0.006810109322473882
331,0.2209659710083317,0.5124350228797041,0.001537272662426062,0.01610733255902792,0.24895440089051024
332,0.018976657839546218,0.9764705895731914,0.00031212049883119,0.0019396869807102519,0.002300945107720873
333,0.38135714739722215,0.27506006245543146,0.0015613854861226933,0.02457989481115168,0.31744150985007197
334,0.020891608871597644,0.9736974608050601,0.0006751924868606174,0.0018015211326788201,0.0029342167038028553
335,0.2987153787671736,0.4941599132509367,0.0030575169674722296,0.03948035783878916,0.16458683317562822
336,0.04694707636116601,0.9369607326641577,0.0008296024252341223,0.003721547661699896,0.011541040887742085
337,0.3539620476644244,0.37422786599945823,0.0022755862230371057,0.013697960958880722,0.2558365391541996
338,0.014921525529645664,0.9763346774181849,0.0005061755752371222,0.0016823786789820143,0.006555242797950276
339,0.17986490150451506,0.2653854871888652,0.0008744688824066822,0.011476241610761084,0.542398900813452
340,0.024551678503732414,0.9649479930901669,0.0005078444653721834,0.0019462388154615326,0.008046245125266865
341,0.430515728411264,0.4093670243225885,0.0008880810628194419,0.020987869511022435,0.1382412966923055
342,0.22279268162504398,0.6733820066334845,0.00028843969784675855,0.004737236179414254,0.09879963586421044
343,0.115347805100556,0.8381731495045512,0.00048207551615365383,0.014039272939138285,0.031957696939600766
344,0.12107607073370719,0.831419602249749,0.0008659224869374678,0.006667221462831368,0.039971183066775016
345,0.2341748336727277,0.5303757833813862,0.0010996976516284493,0.008809477225069697,0.22554020806918781
346,0.11550559965011327,0.8354496902508683,0.00021086111425012822,0.015172821788943686,0.03366102719582466
347,0.08893823730914091,0.8855199620049788,0.00028468012701274726,0.008311525154091146,0.016945595404776304
348,0.17111710596016586,0.7737300827298266,0.0001909413616967955,0.005174828079534211,0.04978704186877645
349,0.20199013837450086,0.7329817624981855,0.0008363322467641674,0.017429694836970405,0.04676207204357908
350,0.036953720824505557,0.9464284397214997,0.00020553665258619063,0.002432904150633871,0.013979398650774641
351,0.20581589396940037,0.7357272580917948,0.0007957701426803252,0.01706429241143306,0.040596785384691324
352,0.07911244049790442,0.7002819588059143,0.006235387422630369,0.0036870923372337794,0.2106831209363172
353,0.3154346634387985,0.5007966873828968,0.0015444466695850455,0.011204808800027843,0.17101939370869182
354,0.29996313261947044,0.6732046581819553,0.0014450595241034916,0.009794294678559575,0.015592854995911265
355,0.010762876455966654,0.9820848007990087,0.0010197560740477702,0.001044367296890028,0.005088199374086803
356,0.3228383664105506,0.5945136106718497,0.0018933303405172237,0.026195355811193026,0.05455933676588948
357,0.002660103646342158,0.9929052205703982,0.0017900277516413768,0.0008596498547570137,0.0017849981768609966
358,0.2649749042032417,0.6395719829021731,0.002186444912944221,0.04089519504042296,0.052371472941217904
359,0.00920218367809811,0.9847827151925405,0.0012600330861105137,0.0032138004023990743,0.0015412676408519935
360,0.11280035746250888,0.772259236111901,0.0023699105923657092,0.07518811416706125,0.037382381666163096
361,0.004668590452481923,0.9910251953548714,0.00046195987360781013,0.002537118866943972,0.0013071354520946892
362,0.04913161281535528,0.9040229025573377,0.0015095539625717318,0.028671757655361462,0.016664173009373635
363,0.006684795117629602,0.9840032026603557,0.0018176089501644828,0.006372478559501536,0.0011219147123487654
364,0.24648233173989895,0.5062563017112693,0.0012868883136280083,0.14783658066632313,0.09813789756888053
365,0.013795831848323939,0.974573654305527,0.00035421625207409594,0.008537920924904808,0.0027383766691702403
366,0.21546358824294076,0.6412927330303111,0.0006793227262896372,0.10002562956816234,0.04253872643229618
367,0.0243480304343648,0.961641609403781,0.00029726296761748664,0.007835672011805211,0.005877425182431606
368,0.16761610399182744,0.5033759187631497,0.0015422799661710654,0.009199158779308977,0.31826653849954284
369,0.025277466116980587,0.9691761223065578,0.000585310346634087,0.002385061944979619,0.0025760392848478073
370,0.6466904568915023,0.18817439711669262,0.0011239975825848214,0.007788579404162274,0.15622256900505796
371,0.03518409142062821,0.9597003744957188,0.0005420244611612429,0.0018747213275893061,0.002698788294902544
372,0.38918206998709703,0.33866145819505766,0.0007957548465095413,0.025533030744491085,0.24582768622684467
373,0.018928296607661415,0.9761654518103978,0.00043007378970174085,0.0024194745361077775,0.002056703256131107
374,0.36666301168375726,0.4280886621222559,0.0015155657230949975,0.031992159753356876,0.17174060071753514
375,0.010789739176631086,0.9825620651883173,0.00020141514867489006,0.0023629270471715673,0.00408385343920519
