epoch,N1,N2,N3,R,W
0,0.04739154310258993,0.006442649444727848,4.21897192020257e-05,0.0007157817979294331,0.9454078359355509
1,0.2102027131858552,0.04521412268796337,5.7834692046232524e-05,0.002322510646279382,0.7422028187878558
2,0.1758981593571821,0.010553227589910076,6.062337697094836e-05,0.002777725964028562,0.8107102637119084
3,0.14819810874227488,0.02368253979282786,8.039970271641964e-05,0.0010498139468635892,0.8269891378153172
4,0.030106632855093213,0.004177538231217494,0.0002248638426691625,0.0008006221742990775,0.9646903428967211
5,0.36225435750951274,0.008530176114530984,9.063518202558538e-05,0.0008125149771039481,0.6283123162168267
6,0.5164038698692808,0.012681077765341829,8.072662918804756e-05,0.0013159344783334767,0.4695183912578559
7,0.4584299051837261,0.029734946774018788,3.5601126040962945e-05,0.0069203966611057054,0.5048791502551084
8,0.2079359120901675,0.07487475523656215,6.257950347764933e-05,0.004349356559242047,0.7127773966105507
9,0.0678381637062062,0.07166765515405103,0.0004519214263225484,0.0015583324793946574,0.8584839272340257
10,0.001409506803627938,0.0037105771030175455,1.8932678047805454e-05,0.0003042023533704283,0.9945567810619361
11,0.0011136863066043266,0.0008141706352221857,1.146877293731569e-05,0.00025005417125199396,0.9978106201139842
12,0.0017229193161347083,0.00014358282948638378,1.3345558179368708e-05,0.0001509449747914048,0.9979692073214081
13,0.0003008604526325729,3.367317499033306e-05,2.5222163874367755e-06,7.254249756325598e-05,0.9995904016584265
14,0.009766812080253245,0.00011676705227438086,6.45872455508371e-06,0.00034769798099112904,0.9897622641619261
15,0.04518011086305196,0.0003929460739437735,1.381556895368038e-06,0.0025537663875813124,0.9518717951185277
16,0.1459431775543848,0.009675571863191349,1.9200152424009157e-05,0.0019327324730727547,0.8424293179569271
17,0.08120569401028459,0.17999103148273074,2.8256524251846922e-05,0.0021507801692134147,0.7366242378135194
18,0.3315014657942171,0.24914886160154606,3.9553424026654865e-05,0.005829228729983547,0.4134808904502266
19,0.23677552779085398,0.34301847180854167,0.0001715558972459808,0.003959293191104819,0.4160751513122536
20,0.1784740652167942,0.5270954215337701,0.003668597258296301,0.0030804758048618873,0.28768144018627756
21,0.1573981654173754,0.31801836974125425,4.626691466921732e-05,0.03289696364255005,0.4916402342841512
22,0.06014765478302184,0.6896594186819339,0.005112214886447166,0.0049900494486035275,0.24009066219999348
23,0.039909839998771,0.8803890626386106,0.0033624278212511073,0.0071048914576651665,0.06923377808370207
24,0.10800821812427915,0.7255840759744543,0.03387260749150536,0.008526790383541257,0.12400830802622
25,0.01421653604876994,0.9584890312888986,0.0134367081076721,0.0014031951738099437,0.012454529380849644
26,0.027061043070562077,0.9171855125480144,0.004674157540443255,0.001747726584526609,0.04933156025645371
27,0.023101704384885045,0.9420192875472244,0.002013186745296701,0.0017032457544437886,0.031162575568149928
28,0.029694867297689477,0.8769927525467633,0.0026717879488915588,0.002215497145121546,0.08842509506153415
29,0.029491490930841302,0.9069001535197477,0.02478549274564125,0.0017093894953880513,0.037113473308381884
30,0.014798349135544812,0.7769711297901769,0.010313149984899631,0.000653917547175064,0.19726345354220348
31,0.0005602511847863957,0.004072044464523474,0.002136610235577748,8.768179019482779e-05,0.9931434123249175
32,0.002426862884119697,0.0009042871810899672,1.137576988876358e-05,0.00011049431334533113,0.9965469798515563
33,0.2123282726006489,0.0068318011894487754,1.6336455326458667e-05,0.002963383669056737,0.7778602060855191
34,0.5225811823244263,0.032806344764811354,7.431337348855869e-05,0.002101047960006393,0.44243711157726723
35,0.44162673712480505,0.2764357144506114,0.0013920424411228214,0.006939993553566264,0.27360551242989456
36,0.5005282393560077,0.36899422783751995,0.000667132748966414,0.01719046686803087,0.11261993318947516
37,0.15472816313234172,0.7985362692613204,0.0061614203516248255,0.004599220144852855,0.035974927109860104
38,0.2999669421402448,0.6187963278817417,0.009713747112486784,0.011179423877302226,0.06034355898822473
39,0.0696276199113819,0.8824052099222772,0.0028444751016017547,0.016601992497483096,0.028520702567256105
40,0.03569572998368867,0.9452984373243882,0.0049304365222483555,0.0015972893479822938,0.012478106821692403
41,0.08832798722070778,0.8834494216007047,0.007740060368840584,0.0034792650515334945,0.017003265758213364
42,0.0439375543004394,0.8980813056234964,0.04939485414535988,0.0019509861226815802,0.006635299808022746
43,0.0489521067931383,0.9012305964115772,0.031196251116500404,0.005336726544990277,0.013284319133793857
44,0.10087192533718754,0.7317706163692271,0.14577386988901425,0.004577201254246509,0.017006387150324688
45,0.01807746381587166,0.6663929726916727,0.3106301159094695,0.0009947641889104491,0.0039046833940757073
46,0.03752046604231852,0.6412691335772297,0.30884683845878175,0.0021113081947357034,0.010252253726934349
47,0.040355690513369576,0.718550449172338,0.20086004677852853,0.0009458223418682229,0.03928799119389582
48,0.014577246807618596,0.5499628245273926,0.42890443973557335,0.00043642211591433965,0.006119066813501061
49,0.04962539949579823,0.3677182107497383,0.5760098637045015,0.001631965384261363,0.0050145606657006755
50,0.004419185596674301,0.28207830076094376,0.7079199236007883,0.00034893651811552606,0.005233653523478103
51,0.006612221145354504,0.2853282355543259,0.7046739391837493,0.0004382858798343569,0.0029473182367359156
52,0.0041562883635843755,0.22046696796134993,0.7724096487426848,0.0002907627480784362,0.0026763321843024028
53,0.007952120381214952,0.39463762458057344,0.5914646462329911,0.0003184056854718863,0.005627203119748658
54,0.008935578752172966,0.40273427162574044,0.5797993235153952,0.00041713376714884573,0.008113692339542605
55,0.0027279145815249767,0.28189606022681757,0.7115493924485978,7.34229643031169e-05,0.003753209778756672
56,0.01108980249165168,0.41405399749478844,0.5599684807071559,0.00034936433350489174,0.014538354972899
57,0.0031059591555811484,0.15348511046407315,0.8405037068886904,0.00013046113986836438,0.0027747623517868267
58,0.0071680351211157595,0.320934752885197,0.661386844684954,0.0001582235111366552,0.01035214379759652
59,0.009400735233167555,0.35568608342395364,0.6180500858658893,0.00034010713880904296,0.016522988338180424
60,0.006822374868241953,0.162128137445609,0.8241988841328554,0.0002367123211886593,0.006613891232104949
61,0.005164767776747345,0.1289001457430708,0.8624966615282376,0.0002477341594619427,0.0031906907924822998
62,0.007652106474999899,0.3141005882930066,0.6548363550990315,0.00022036211339578136,0.0231905880195661
63,0.009437135770861261,0.21899386510355331,0.7545872664662259,0.00029960630194998585,0.016682126357409562
64,0.008545187168064147,0.1598044583122017,0.8216471816252798,0.00047855904146919893,0.00952461385298523
65,0.00667271466925427,0.31970627858358464,0.6547686042153229,0.0002511264455883666,0.01860127608624984
66,0.005211439042090494,0.11388482429802431,0.8672895364939216,0.0003606612463627363,0.013253538919600856
67,0.017667691067471167,0.3188660109628744,0.6324276762481847,0.00108047847571811,0.02995814324575163
68,0.00695413638135425,0.10930450203391603,0.8755886063478623,0.0005320439962150282,0.007620711240652254
69,0.012689922999511325,0.2675231585458071,0.6870374765842094,0.0010320911781278243,0.0317173506923444
70,0.011174684601815765,0.20252754394021583,0.7636777316096326,0.000757508974314897,0.021862530874020836
71,0.010517887030134504,0.23230007336936592,0.7394092341860338,0.0010283277137758293,0.016744477700690045
72,0.004722146710566854,0.2362197710985006,0.7386203548334318,0.0003990600902691981,0.020038667267231608
73,0.0026636203066261774,0.09683838698485647,0.8967409960198578,0.00035840082160602636,0.003398595867053482
74,0.0023837383313704275,0.09246266616326278,0.9000865284576652,0.00042275633121651834,0.004644310716485101
75,0.004634852369862312,0.1681177419493046,0.8172315774655616,0.0001535903657341578,0.00986223784953733
76,0.005204468087435671,0.11984046888575228,0.8657685307160781,0.00028844761448247814,0.008898084696251432
77,0.0030614118590631986,0.04832586624831559,0.9449837748759188,0.0002285592173273568,0.003400387799375138
78,0.0009874751467160664,0.05418411927834562,0.9400542659844098,4.8919532485236274e-05,0.004725220058043384
79,0.001091203269401357,0.03475943729334648,0.9602524507217833,4.617564242933577e-05,0.00385073307303941
80,0.0017752992277751207,0.05304669544943062,0.938036359265039,0.00010100190629729759,0.007040644151458009
81,0.002589251528292657,0.044427233981567636,0.9490082168184232,8.810771499276998e-05,0.0038871899567236115
82,0.0007946357842843206,0.026067167377062907,0.9698017155438824,0.00010267727126105488,0.003233804023509326
83,0.002034981879439416,0.05167353339837305,0.9395898252719852,0.00011590992983043517,0.006585749520371811
84,0.0014735726038797529,0.035853701989599,0.9570225735022772,0.00012163610639233126,0.005528515797851681
85,0.004643688258312385,0.052515174407015204,0.9364366820126234,0.00014487837904287579,0.006259576943006197
86,0.00305247391435934,0.0659996472335837,0.9270262401002315,0.00022602433120920808,0.0036956144206161
87,0.00537377577401969,0.1028291198796931,0.8852025609976778,0.00032648486727314885,0.006268058481336224
88,0.005678297966902257,0.058025721724794706,0.9259086709473303,0.0004454748727177086,0.009941834488255016
89,0.0032970654008945216,0.047596705204485605,0.9426571967994422,0.00041443783921096464,0.006034594755966631
90,0.0030766473494487335,0.04547431118070688,0.9470832753386633,0.00012064021744757355,0.004245125913733339
91,0.0053986534032271286,0.09279296227479022,0.8895554533238348,0.0003230187388505321,0.011929912259297279
92,0.002366926022279983,0.06558172552225308,0.9257571032578269,0.00019303941757494093,0.006101205780065001
93,0.0013762027787057396,0.0731608500840367,0.9219663857230966,0.0001533401400700743,0.003343221274091094
94,0.0036501330147561102,0.08377068363583655,0.9039405927516123,0.00023190592126177224,0.00840668467653338
95,0.0028348847031857832,0.044502334172619146,0.948783608155867,0.00024884002031158267,0.0036303329480162575
96,0.0038836563516760816,0.08527423947141989,0.9014422549055228,0.0002790767150047779,0.009120772556376715
97,0.0015731142430362869,0.03899400783642971,0.9561916965072136,0.0001691777324688806,0.0030720036808515013
98,0.0015286554526255497,0.02242574639067939,0.9723433907037629,9.31679211569641e-05,0.0036090395317752125
99,0.004126004894149484,0.08198922597695196,0.9067512908072568,0.000231161048872069,0.0069023172727696374
100,0.0031874102654927995,0.04151272574895541,0.9527913535842931,0.00015408843080265582,0.002354421970455958
101,0.0021864770666556064,0.061864551002383944,0.9325967848752713,0.00018047006229328258,0.0031717169933958324
102,0.004478638671389498,0.06756550195722155,0.9246011084039057,0.0004083731835723742,0.002946377783910915
103,0.005982939408341564,0.15987825464277025,0.8270988914141495,0.0018095179578450024,0.005230396576893599
104,0.008422761385474223,0.19938283496903872,0.783035429115368,0.0014668230219228005,0.0076921515081961695
105,0.03169030924142911,0.16930654743951176,0.7887511208633091,0.005368749131337642,0.00488327332441222
106,0.06537947206423193,0.2276419485477958,0.6630635388441889,0.035199651216669875,0.008715389327113467
107,0.06863724551809475,0.2644948610327353,0.5924792549598725,0.060006598843112366,0.014382039646185117
108,0.06966365970162218,0.4831704220188146,0.35671056772069665,0.062352147311109836,0.02810320324775671
109,0.15726298096498353,0.6486974489855901,0.07044172503940296,0.0859757874782471,0.037622057531776186
110,0.25144436993682195,0.6310383403900406,0.0376971940316205,0.04378937439531188,0.036030721246205
111,0.14384670256606324,0.7608351950991195,0.0417283318360455,0.039880300118623736,0.013709470380148268
112,0.4119925782812269,0.453926547691319,0.010091628728942538,0.04172643633156289,0.08226280896694867
113,0.17066184363714706,0.7231226283775419,0.04063100159624295,0.03243275024612354,0.03315177614294447
114,0.23680824629269903,0.6823590434963367,0.016041346397586292,0.03161260319945015,0.03317876061392772
115,0.1097995932688556,0.7287488444734337,0.12053963835662952,0.01750880259584014,0.023403121305241074
116,0.3215385252953829,0.4709744269340006,0.027346817559874195,0.03572406535982964,0.1444161648509126
117,0.4159355954956333,0.35763028969692073,0.009882605046377738,0.01494962506211518,0.20160188469895313
118,0.2159504813314252,0.6666955223577079,0.026581554275241847,0.013833540646934756,0.07693890138869035
119,0.24718212844024404,0.5671096999798626,0.017925201761177748,0.007039356746967168,0.16074361307174848
120,0.22575134545543607,0.6183894512461315,0.028218289606013993,0.011081677475902428,0.11655923621651595
121,0.2712917714591416,0.561515250504488,0.024310340388532296,0.04444722418380525,0.09843541346403285
122,0.17023108512164964,0.6978035847783176,0.03471412905558413,0.02598272333462603,0.07126847770982245
123,0.1057294913630296,0.710226812728923,0.1365238259544767,0.012652260639495167,0.034867609314075426
124,0.38111915302929217,0.4457128725887614,0.011403477975594005,0.024394490066883958,0.1373700063394684
125,0.1692333585124261,0.7332121929607108,0.014862497648208442,0.012667574282124242,0.07002437659653035
126,0.06786321968438448,0.7870029224072299,0.11721690197897262,0.009925261153602496,0.017991694775810307
127,0.15502764811826247,0.622488523903184,0.06282228511306026,0.020077806717859255,0.13958373614763403
128,0.1520755098500458,0.4730299826572733,0.016049032863576368,0.022112200703586857,0.33673327392551766
129,0.126987132307623,0.042065559706719116,0.0004185221018301456,0.010921327366253713,0.819607458517574
130,0.6487162583399145,0.16773695146484344,0.0020850410335608114,0.029811871040671168,0.1516498781210102
131,0.6245829839264003,0.26544627905118356,0.0023299960848282533,0.018466839071610834,0.08917390186597708
132,0.4563976833221322,0.45404802597977634,0.002917099724728334,0.02231095849573395,0.06432623247762925
133,0.5632538443818115,0.23267008700488914,0.0024707072580499425,0.05427526769229267,0.14733009366295666
134,0.2109959840220809,0.6263395256958537,0.014657453003694183,0.04958089048878469,0.09842614678958646
135,0.0994916131949922,0.7444532125082824,0.06995626626423954,0.04040208021728696,0.04569682781519888
136,0.4265972679647106,0.3889752541719019,0.0061229507235159375,0.053790740800489754,0.1245137863393819
137,0.09653635170213533,0.7706207640067737,0.08593996131416676,0.031129771875950323,0.015773151100974016
138,0.2204005352004146,0.6526945639313555,0.06451667144145616,0.022054689161098442,0.04033354026567535
139,0.2020535689794443,0.5881808162580697,0.06368333649156128,0.01597437997605557,0.13010789829486913
140,0.13648509024687752,0.6552759161622056,0.10731698221460523,0.02547440537193053,0.07544760600438107
141,0.20402044218460402,0.5555299439520499,0.20637076865304615,0.008937989750098142,0.02514085546020178
142,0.07411770032723573,0.7464596161063419,0.16515447678122946,0.004356569501654943,0.009911637283537885
143,0.08069987183862509,0.6959257702721743,0.19217772657083926,0.01900732335364659,0.012189307964714766
144,0.14288513126417363,0.7222748558159103,0.07320487363786088,0.028109972731261885,0.03352516655079324
145,0.11979129941630656,0.6760170176001433,0.12616307320933062,0.05915640845930053,0.018872201314919058
146,0.20409608433741866,0.6016847828501806,0.10379529089063717,0.06487085833573111,0.025552983586032314
147,0.12071784245142628,0.7973716260757595,0.05173303506401343,0.014041403484747797,0.016136092924053026
148,0.18882334177110457,0.7255124620113862,0.0269935239982295,0.021537488178149627,0.03713318404113022
149,0.1688376117964678,0.6620895864227764,0.12067683992504707,0.011352233755818147,0.037043728099890476
150,0.16300899478918215,0.6713637385292315,0.13543267113566995,0.01756583927811011,0.012628756267806393
151,0.2901105278946901,0.5756056434316318,0.07618983466343918,0.03355679173326171,0.024537202276977286
152,0.19083241682146104,0.6873782318725369,0.08540470918387835,0.020969512137068578,0.01541512998505508
153,0.03615907985791075,0.6845879737842957,0.25852950522203955,0.011234623680664779,0.009488817455089123
154,0.02430367520124212,0.4989008967019127,0.45644765541635457,0.008156275651579758,0.01219149702891072
155,0.050395202239212025,0.6364195807085339,0.24169000423009565,0.016854254533769656,0.05464095828838886
156,0.0470543610879591,0.5462137066036669,0.20515175321231063,0.014763447287628052,0.1868167318084354
157,0.0027816826186961192,0.004272419386678729,0.0005275776282391423,0.0007587944836552966,0.9916595258827307
158,0.15670244806939965,0.03535315933916195,0.0015140445389487153,0.010032427787671985,0.7963979202648177
159,0.30326979821679867,0.05163569431339029,0.005106003910223029,0.0066793167880287154,0.6333091867715593
160,0.377380779292067,0.1554973475024372,0.005154998121305379,0.00513810809784981,0.4568287669863405
161,0.24938387085370983,0.1757034370366379,0.004473430374469139,0.011286077770041128,0.5591531839651419
162,0.22526903418907307,0.04627445299934321,0.0014013542143623918,0.006083058698491542,0.7209720998987299
163,0.20633994904736885,0.16837719223283631,0.003936681037516265,0.006602751197881197,0.6147434264843975
164,0.4246735878799372,0.2996783751244016,0.006207603519694188,0.01035106102053806,0.259089372455429
165,0.471838386022125,0.3047914322693125,0.015262164034496567,0.021966157563965034,0.18614186011010075
166,0.21076140125029877,0.6903892743749639,0.01955587732079205,0.008084002458937752,0.07120944459500751
167,0.25534625119338045,0.6760546887703669,0.019939594583970623,0.011822644002140078,0.03683682145014199
168,0.10752774541990578,0.7501913588865962,0.10282778826578243,0.003629832038758542,0.03582327538895694
169,0.19026746461182567,0.7007671019202685,0.07798336759161703,0.004605760199840277,0.026376305676448514
170,0.06174359529910806,0.8882502639488097,0.037696863291590686,0.0016367330914863597,0.010672544369005468
171,0.062315897538725545,0.7434973054297929,0.18328914698205312,0.0031926237025373034,0.00770502634689128
172,0.03749734316179556,0.8763274724041213,0.0721513713750383,0.006830194737351794,0.007193618321692931
173,0.062165824775137164,0.8143814679821616,0.10960401288287626,0.005876003325764864,0.007972691034060196
174,0.03692112719252067,0.7317277610886943,0.21703232121243243,0.009012309639059832,0.005306480867292838
175,0.08124408515883726,0.761841240956294,0.13250548243858662,0.014410910344122969,0.00999828110215923
176,0.09454058284864705,0.8339824067519749,0.03933983262431277,0.009617803784766754,0.022519373990298436
177,0.061016964527463684,0.8659167288020548,0.05577124120565325,0.006648042968535261,0.010647022496293
178,0.1339544042728136,0.794655012790512,0.04925861898982452,0.0049421539839271346,0.01718980996292291
179,0.09769140072096401,0.6650116310705124,0.21063669286291467,0.004068022242989904,0.022592253102619017
180,0.048545687634899505,0.7136282773251286,0.21291302981287574,0.004158817489205462,0.020754187737890666
181,0.12533003665700246,0.7666853437430152,0.033017790101737075,0.009202518198337275,0.06576431129990803
182,0.07623170162036316,0.802657220716139,0.10210818767256874,0.006716403945139558,0.012286486045789753
183,0.07250694168599398,0.7871742665407812,0.12068521689360245,0.0072190639948022895,0.012414510884820078
184,0.12027806773597553,0.7804117693110916,0.07019795708317886,0.009337098007631542,0.01977510786212253
185,0.04337417903696198,0.6296883569292508,0.3130711295365717,0.004731227083082506,0.009135107414133092
186,0.04564158296233014,0.6493625673466824,0.28183171427926645,0.005656990597581283,0.01750714481413976
187,0.043051522874564326,0.7905759594017522,0.15355736733793449,0.0036773240412013813,0.00913782634454778
188,0.01662439061981238,0.516697443019059,0.4611556131967858,0.0016556179132234498,0.003866935251119313
189,0.013756159686500572,0.49588832940791006,0.4823076191699369,0.0018662814536582815,0.006181610281994078
190,0.015612541317500665,0.42152441781016337,0.5511198132677211,0.002402135189521554,0.009341092415093188
191,0.008791038961913071,0.3297608181757284,0.6445744321668274,0.0018940329737865426,0.014979677721744694
192,0.0034398269605115826,0.2424349811631836,0.7507683828878424,0.0005823851939095437,0.002774423794552877
193,0.023862619847093647,0.6038402789281021,0.3549020956160491,0.0023128179226622214,0.01508218768609284
194,0.01607518243294945,0.33390257778375976,0.6399843491340341,0.001673087352538643,0.00836480329671806
195,0.04123236302562796,0.46816295763800503,0.46425727577266496,0.004098897228974161,0.022248506334727712
196,0.024610146487619076,0.6186108654642567,0.3463971620824146,0.0019539658811381848,0.008427860084571531
197,0.02313666309230784,0.5383065438030499,0.41661188659061255,0.0034942165911832795,0.01845068992284645
198,0.009313909608838683,0.40966582868775897,0.5737913859270667,0.0012428579118220471,0.0059860178645136505
199,0.010611843508341033,0.4211280681584139,0.5541864603901366,0.0017615823269268418,0.012312045616181528
200,0.008814279931029836,0.31476534617636687,0.6657708247284507,0.0009983396883357692,0.009651209475816755
201,0.013501126875913313,0.25238766648068706,0.7014831965316366,0.0010128427857405205,0.03161516732602236
202,0.006620803313104138,0.27808302959348014,0.7061948012907449,0.0006853735422078759,0.008415992260462763
203,0.008553081429125276,0.35292313800660774,0.6281118477495412,0.0006023447666484349,0.009809588048077357
204,0.01155123411996784,0.3093251995756038,0.6676535801467124,0.0005361971867255017,0.010933788970990427
205,0.004238347651745113,0.1769770766272979,0.8074348824986167,0.0003458390520906166,0.01100385417024964
206,0.0021278515690884374,0.0958473484468224,0.8995385584765078,0.00012209330470215997,0.002364148202879264
207,0.002592955299797877,0.0696962686457692,0.9242295890126718,0.00033251327480451946,0.0031486737669564387
208,0.004751531339158504,0.09103203657091369,0.9007293805505324,0.00024340902704049545,0.003243642512355024
209,0.009758218268996555,0.22187141942799296,0.75887161399454,0.0006220992931870299,0.008876649015283507
210,0.0065695328189052426,0.09583601687213876,0.8952098938566454,0.0002579527121281623,0.002126603740182417
211,0.004891683869515642,0.1368240309399283,0.855001356902854,0.0002885221227711439,0.002994406164931088
212,0.0019342324069529257,0.07279198708466626,0.9233048652540116,8.649043654670325e-05,0.0018824248178224785
213,0.0008949202544963011,0.09492878317673427,0.9020100852875381,0.00023932893768955878,0.001926882343541707
214,0.0021014622784670026,0.14516628147132424,0.8488578293351743,0.00029420267894838273,0.0035802242360860018
215,0.00040691824358683764,0.050335236403020685,0.9480415349744269,4.547962805894821e-05,0.0011708307509065965
216,0.0024541429176750027,0.105118700218828,0.8868788854921466,0.00043685903140321233,0.005111412339947259
217,0.0012979918492767777,0.05720846454436153,0.9391367516817895,0.00010951642526024919,0.0022472754993120925
218,0.003734686954177739,0.091733305207043,0.89896990163832,0.0003842706285990587,0.0051778355718600155
219,0.003515394703762257,0.09875566544519812,0.8940476110104439,0.0003333314689810512,0.0033479973716145227
220,0.0006265065603864037,0.054397860644680704,0.942917484743704,6.745727247501187e-05,0.001990690778753825
221,0.003430810699804693,0.08255277796535,0.9077704273454805,0.0002634200297128449,0.005982563959651878
222,0.006946422796773834,0.11118420445125976,0.8738966538949562,0.0003859365244156176,0.00758678233259471
223,0.0017643545699900175,0.06930351912568339,0.9215590335176422,0.00018470823615144712,0.00718838455053281
224,0.008481334486662707,0.1737469114070735,0.7939426623561655,0.0006324577483753726,0.02319663400172292
225,0.01563411560623359,0.20027489624781855,0.7676116331518742,0.0006164509683001471,0.01586290402577349
226,0.008269953934654278,0.15129232834817377,0.8301729905615756,0.0003762164762906035,0.009888510679305799
227,0.0076559799751628535,0.10197022639990733,0.8803449626581011,0.0005456215398858059,0.009483209426943038
228,0.010381080816300535,0.15684076937716387,0.8129607945326388,0.000876969274816102,0.01894038599908071
229,0.01612250014750125,0.17870236153479258,0.7894274707819234,0.001572140914171611,0.014175526621611182
230,0.025457216656493822,0.23311982672523762,0.7046869930027735,0.0023543095282695914,0.03438165408722551
231,0.02219995191460739,0.30552230034917455,0.6448803297450676,0.003446278641958826,0.023951139349191644
232,0.21890520453635107,0.5068190244837689,0.1277976190080582,0.021026390352171232,0.12545176161965044
233,0.23136850598365624,0.49125092814128507,0.12067066072514726,0.0329969382831729,0.12371296686673851
234,0.054513019569904474,0.7543171300082412,0.08396670709884729,0.011408855898741568,0.09579428742426542
235,0.30863766618396316,0.12617220634593687,0.002062690260245223,0.030862162357737227,0.5322652748521176
236,0.6217528418499851,0.24646465366903006,0.004610797601175956,0.04679386316181569,0.08037784371799303
237,0.2936872970552209,0.4686149899534935,0.002226300848694799,0.04522969420007655,0.1902417179425144
238,0.31907054517479355,0.5259599757117319,0.006671302655761682,0.06665980354771318,0.08163837290999952
239,0.058429349341156,0.8917569496750861,0.012326191765474214,0.02919503562632884,0.008292473591954955
240,0.34964889182960507,0.2198782151360177,0.0030864768785011194,0.31703365625203833,0.11035275990383775
241,0.18994118158179035,0.5590554000396927,0.0071440610621210454,0.18243373997817203,0.06142561733822395
242,0.3394627150145938,0.2584602064529068,0.004145191354560377,0.17938599774607986,0.2185458894318593
243,0.23993181997078283,0.22509697817645472,0.0018602809688244163,0.45235956244779785,0.08075135843614009
244,0.09312098122054058,0.1900142385593175,0.001006801775596293,0.633643399627662,0.08221457881688349
245,0.17725902404571114,0.10048707987517998,0.0009730006808409318,0.511425993693843,0.20985490170442483
246,0.12195199286565862,0.050385099249925513,0.00031931231175173747,0.7844641101551197,0.04287948541754449
247,0.23721346726868575,0.060049701727371445,0.0004285511161229406,0.5972760956483956,0.10503218423942441
248,0.21356452391744662,0.054578381176274386,0.0006767137564304016,0.7014101087683556,0.02977027238149287
249,0.10291649888243022,0.09282469567162795,0.00017671465223833974,0.7737891549504452,0.030292935843258206
250,0.14630536558345197,0.08410087099661195,0.0014206422498620535,0.6993430447396107,0.0688300764304632
251,0.12824030305155507,0.1432759220787165,0.0031645813502122356,0.6700185333001293,0.055300660219386864
252,0.17194121615340813,0.254590365040976,0.0009148017569644586,0.4624629113158133,0.11009070573283801
253,0.07496458032708075,0.09862304697076997,0.00011482825192791796,0.8096853730967005,0.016612171353520815
254,0.13724279696202277,0.08338849671599666,0.0005717692875480896,0.22687605499907987,0.5519208820353526
255,0.2014880296412147,0.27902819143042823,0.0003133428342629069,0.4161710727198485,0.10299936337424576
256,0.16563985028559935,0.20710147176092664,8.451842229786463e-05,0.556300073063986,0.07087408646719
257,0.15387672634394625,0.14035672169799215,3.641061159701997e-05,0.6398350107849686,0.06589513056149589
258,0.1431520117242574,0.18427499099403694,2.9331756170611425e-05,0.6295028435672526,0.043040821958282266
259,0.16420179854795644,0.19080998791529785,5.74708525032884e-05,0.6059845749213381,0.038946167762904285
260,0.08093311905234869,0.12082479093915915,0.00010746252909172364,0.7416880159342585,0.05644661154514203
261,0.0989878878030212,0.20212823254038048,0.00012948859757217678,0.6618853216463247,0.03686906941270135
262,0.07112883882229877,0.11111695479025364,7.636475539136447e-05,0.7372692867219925,0.0804085549100636
263,0.10148498223799221,0.3553605135031875,9.767185333657292e-05,0.44205504656150796,0.10100178584397564
264,0.05347997209530697,0.38556752512437975,3.732288870145806e-05,0.4373587094105142,0.12355647048109768
265,0.2198809380052648,0.21786922908678027,7.002288389088461e-05,0.4740299314633098,0.08814987856075436
266,0.3497225269381416,0.29032776626045204,0.00022621709764088945,0.24748281388622836,0.11224067581753705
267,0.3289583433302333,0.08721214980148635,6.845669237751644e-05,0.5351592770990563,0.048601773076846405
268,0.220528444424672,0.2954263368786428,6.49990882220985e-05,0.39924751069036174,0.08473270891810132
269,0.16881573233338232,0.177817062424082,8.677384565920841e-05,0.6254947661284095,0.02778566526846705
270,0.2745245253521811,0.09385106341288121,6.406672056885161e-05,0.5233847432607363,0.10817560125363263
271,0.1670010972568981,0.14748532224310265,7.393965752241808e-05,0.6410048043929816,0.044434836449495224
272,0.20785396499599215,0.09468219554532235,3.898379391570199e-05,0.6386854560855374,0.058739399579232375
273,0.2999177095573846,0.31072623146789313,0.0002524703329193335,0.23956583566308132,0.1495377529787217
274,0.2194860534925558,0.18022890654318827,0.0004417155145447337,0.5491727081597507,0.05067061628996049
275,0.13961393122804924,0.344004943022112,0.00044525325620584544,0.2459134266005566,0.2700224458930763
276,0.22339886406051268,0.13541679015015445,4.874710442152959e-05,0.5241403670531447,0.11699523163176666
277,0.13707872757841943,0.17556512071675595,5.449066530565612e-05,0.6256786615907283,0.06162299944879067
278,0.12903024381302702,0.05910154765804584,3.5613442611384866e-05,0.7884640553210801,0.023368539765235743
279,0.15002908880150315,0.05434241642915334,0.00014637505994927072,0.7631315183108525,0.0323506013985417
280,0.13355766773143737,0.06917795366394722,0.00010321105728894983,0.7608188658383903,0.036342301708936244
281,0.10890339216367267,0.07406012354492592,0.0003034166793918552,0.741285281397713,0.07544778621429661
282,0.021825386887176664,0.005862713409146384,3.526956526275789e-05,0.03338137969598208,0.9388952504424322
283,0.4894448415613925,0.014371341529317924,0.0001641219777260285,0.23656218485358502,0.25945751007797846
284,0.4101396162941568,0.06005485281591922,0.0006238814744696884,0.23258247110237804,0.2965991783130761
285,0.45593680776549833,0.04475798376294312,0.00023115777792130206,0.1049672046070859,0.39410684608655133
286,0.22421308843909757,0.09331411552341508,0.000874177860042567,0.26835845174765327,0.41324016642979144
287,0.4722721291650891,0.23492459657128878,0.0018256959826621283,0.0751502981455363,0.2158272801354237
288,0.31382971589559816,0.24811942412709262,0.002918285436350991,0.08145528285409197,0.35367729168686635
289,0.091831417256982,0.09647325151432833,0.0004479042003217848,0.12448588583661283,0.686761541191755
290,0.043476876978946366,0.028688130984360797,0.0003539358824335244,0.03653719171699368,0.8909438644372655
291,0.423048642796876,0.16221046259527813,0.003824990137977117,0.06644775933397394,0.34446814513589485
292,0.34596293536823614,0.18556429803956304,0.005511588388414287,0.03670572050995341,0.4262554576938332
293,0.4467669476050924,0.18496589862284404,0.004464532104114788,0.10138437012987292,0.2624182515380758
294,0.03283953840336455,0.021926137179787093,0.012617185538255622,0.004540802697355427,0.9280763361812373
295,0.46881507470894607,0.12955132316172865,0.007984612238200378,0.020482350897937478,0.3731666389931875
296,0.4139821830777284,0.438263615224562,0.060663394000601424,0.007626113159471979,0.07946469453763629
297,0.5849255777805471,0.27464523462441853,0.02107125004639947,0.010226369759171426,0.10913156778946338
298,0.17522811053579476,0.6635434563550973,0.13608249406973405,0.014148089330382392,0.010997849708991507
299,0.23524090684807814,0.5960975378432227,0.12281050359596633,0.025835121681546027,0.020015930031186648
300,0.02377629654451084,0.6589686122534683,0.30327342265982854,0.008797126904241965,0.005184541637950535
301,0.06859385992800164,0.5817660008508281,0.29993458917894766,0.02641809663634026,0.023287453405882456
302,0.044665745221120615,0.5953580368325689,0.3476380431776349,0.005068790304219567,0.00726938446445594
303,0.03666986479037352,0.7626369308027052,0.17999807312379232,0.006751572639780425,0.013943558643348494
304,0.07946936656535593,0.160049595520141,0.11045191772065849,0.012759651653123193,0.6372694685407213
305,0.29047954974453866,0.1772856180615726,0.012479951133809241,0.018323603010248355,0.5014312780498311
306,0.6032397933053226,0.24858178889303112,0.040999763557135714,0.006140304020872845,0.10103835022363775
307,0.6559790574761444,0.27783271069903676,0.025913496273507267,0.0017914764449198717,0.03848325910639169
308,0.5179950582552696,0.397628912696331,0.033410732812444915,0.005298034963438341,0.04566726127251608
309,0.11465640193301356,0.8528184930127595,0.017890653858387312,0.004590260076892712,0.010044191118946765
310,0.12742342390089934,0.7881365946989071,0.04214776062504183,0.033439113562279556,0.008853107212872264
311,0.06017010851920192,0.8840059498226194,0.020211194307929184,0.027958346229057733,0.007654401121191948
312,0.05924026907627879,0.7529734871222166,0.11503761161821034,0.06308799022104619,0.009660641962248029
313,0.10058302871061334,0.7783210744266795,0.07610332189208772,0.01990077691540186,0.025091798055217548
314,0.24956078508056312,0.6651596455478671,0.01885096204313044,0.028895065887265037,0.03753354144117427
315,0.10246030804314016,0.827863901490555,0.04313082829852374,0.010471441704714677,0.016073520463066232
316,0.10121211659742331,0.7904642527987336,0.08851460953421325,0.009503427296774098,0.010305593772855752
317,0.05530063673894924,0.7842836597655921,0.14084927066758032,0.013502678294418985,0.0060637545334594825
318,0.058130089563693484,0.8071997965349761,0.10822516948601646,0.019317999041396777,0.00712694537391721
319,0.05967920628909899,0.7836779674169914,0.13654599582778737,0.011846915030212506,0.008249915435909893
320,0.06907707461625015,0.744802085417159,0.13487058918363093,0.038050168820368206,0.013200081962591814
321,0.03559961253505405,0.715457314449137,0.22786754301962187,0.013292301514743907,0.007783228481443088
322,0.07248622152330234,0.8134087791608083,0.08791542208115895,0.01788657332456499,0.00830300391016536
323,0.038699797175699206,0.7719429463311515,0.17320099823988294,0.009410164344521969,0.006746093908744251
324,0.03625388702277227,0.6488603905096084,0.2941634195122518,0.007304135282840583,0.013418167672527003
325,0.10745235449278562,0.749152445487426,0.09539849507064453,0.018119315420586344,0.02987738952855761
326,0.0750905579418501,0.8161005650111539,0.08337742439526248,0.01619592594612592,0.009235526705607722
327,0.0803745271239764,0.7846132024651625,0.09851973394369182,0.023447672041402325,0.013044864425766958
328,0.019310236163459674,0.526776893737616,0.4450154369322421,0.005378032045954771,0.003519401120727514
329,0.02630214292528788,0.7669098336282535,0.19232057178575604,0.008043796650755611,0.0064236550099470375
330,0.02519054193488657,0.6652026334250297,0.2916200280326073,0.009743940310151054,0.008242856297325435
331,0.020144509655915653,0.7161744264060058,0.2515379667009121,0.005946131110167139,0.006196966126999149
332,0.01720972319452257,0.6292989732704921,0.3420256176876571,0.004215974332965403,0.007249711514362891
333,0.014229501222434458,0.4913971638995067,0.48610136058041403,0.0023092550489668393,0.005962719248678084
334,0.011081902852874508,0.5366440986242593,0.44560370341723127,0.0012378388743070855,0.00543245623132774
335,0.007019902549458877,0.28461736238048496,0.7025625034850906,0.0007505233863574109,0.005049708198608238
336,0.010436583684221326,0.5467247817172824,0.4298798813022233,0.0018956236297211883,0.011063129666551666
337,0.008364502888579104,0.60425474700083,0.37194316700915725,0.0018731227284064444,0.013564460373027219
338,0.0031560781264429326,0.27634589196183723,0.7139866931962996,0.0005779645863498067,0.005933372129070454
339,0.0040846209170086285,0.3894266612886194,0.6019775920871371,0.00047026599703226717,0.004040859710202726
340,0.005169183403223512,0.29810530964818516,0.6931447177452577,0.000360354696146692,0.0032204345071869265
341,0.0017143386443678758,0.10166318043650445,0.8950253787044027,0.00013604237950276833,0.0014610598352222648
342,0.0054508647499199765,0.21217807759873705,0.77735714179561,0.0006957261688368986,0.004318189686896125
343,0.0018794839266422058,0.15816044584825842,0.8378323018244684,0.00014844850554804966,0.0019793198950828184
344,0.010814901523333045,0.22086494982286548,0.7647205518906655,0.0004956960286765928,0.0031039007344593017
345,0.006864430368610013,0.2764668347514234,0.7100951321012526,0.0007758271938773108,0.005797775584836715
346,0.0024361511660991753,0.1285379392379961,0.8673882993511198,0.00021126857313996506,0.0014263416716448582
347,0.0022452676835716923,0.08659411949756139,0.9077955345095957,0.0005446534944511427,0.0028204248148200363
348,0.0021956461342516947,0.08495226441249887,0.9085428793924699,0.00024418870769807706,0.004065021353081395
349,0.006171494075569966,0.16079966644257024,0.8193721233324707,0.0010055531687614052,0.012651162980627692
350,0.009933871845311238,0.2497987990649418,0.704682412389497,0.0018893416322356485,0.033695575068014384
351,0.01076560585368008,0.14726858962739495,0.8054157119722274,0.002048162190589084,0.03450193035610849
352,0.024077697361683376,0.4112145209562523,0.5019328651971986,0.0062106573376333315,0.05656425914723239
353,0.01783251335319413,0.3618631888963978,0.5484949201042514,0.007063799925711575,0.06474557772044504
354,0.010795094000556914,0.01006982567970932,0.00037217981904412483,0.002354019461562453,0.9764088810391272
355,0.00304169521015554,0.001274245780693567,0.0016519992977043602,0.0004042480168832999,0.9936278116945632
356,0.001153005371674246,0.0002602415839948778,0.00011705821685159526,0.0002598273985907428,0.9982098674288886
357,0.14776600283118285,0.002859850334072275,0.00046065292928374336,0.0017411596527306433,0.8471723342527304
358,0.6857966679857265,0.006086471688326837,0.001765328712927093,0.0038215910698235797,0.302529940543196
359,0.5333860079525324,0.021672341027691992,0.00031155212449292,0.04514969634419435,0.39948040255108835
360,0.1419087763240669,0.017140325156930578,0.0011695544807051436,0.05319286677710462,0.7865884772611929
361,0.08735348067549593,0.018274863674329088,0.0015412531167206143,0.0935013455750477,0.7993290569584067
362,0.3432483757278692,0.15576994734121127,0.014098107254727318,0.23060494554628574,0.25627862412990643
363,0.3704981328833948,0.21092979569299888,0.0032192391767634403,0.15774273600254035,0.25761009624430237
364,0.3034895844422084,0.5472133224503695,0.004481613448975175,0.11499187410891576,0.029823605549531278
365,0.15526994015547022,0.47869485596198513,0.010834349088753418,0.2928741671831949,0.06232668761059641
366,0.1683230880620795,0.5252993440235977,0.01146461091862647,0.2410546286148092,0.05385832838088727
367,0.27572497645119726,0.22397180780508663,0.009182777323913243,0.42669940100493975,0.06442103741486317
368,0.2772736808141948,0.5905315986699193,0.009448041430282479,0.07330949321811218,0.04943718586749124
369,0.33969518701374873,0.4757137786151588,0.010760956736681688,0.12603824541167624,0.04779183222273448
370,0.3372912420951286,0.5542726723610548,0.013774065490320701,0.07698915058136953,0.017672869472126294
371,0.13447475102635642,0.7182324490649546,0.06041941587310143,0.07762791619911681,0.00924546783647068
372,0.09878033379208223,0.74685826928338,0.08392905819583091,0.05481903218025655,0.015613306548450409
373,0.06942142536314694,0.76668983522033,0.05052584819352814,0.10736806795148182,0.005994823271512936
374,0.07230619507008662,0.6485067447011925,0.07170967860340684,0.1949366198540142,0.012540761771299733
375,0.10273082419106293,0.623720689860351,0.059213048661795366,0.20036267601957225,0.013972761267218524
376,0.1039165786325928,0.37251852335179997,0.03924070577210779,0.4299662067893622,0.0543579854541373
377,0.09446780848008378,0.6752264151939968,0.05308889021613877,0.16456673031008617,0.012650155799694427
378,0.1868336104719879,0.617890952580067,0.06384727968432295,0.10685701904328038,0.024571138220341845
