epoch,N1,N2,N3,R,W
0,0.007848174491081527,0.0023896442457022296,1.2498586358770745e-05,0.0033936579171067937,0.9863560247597507
1,0.008271377530545741,0.003683973299354328,2.0939157983150522e-05,0.0027992518298301495,0.9852244581822865
2,0.010613759405749832,0.0038667933615554157,1.543095149703235e-05,0.0052445561785554075,0.9802594601026422
3,0.0349699625062098,0.004764508811253804,7.827850066922403e-06,0.004534727002291309,0.9557229738301781
4,0.02821229503525188,0.0033559181834606987,1.8274834386250303e-05,0.0017608509233964884,0.9666526610235047
5,0.01309923371717476,0.0017067414420480962,7.957165271367048e-05,0.0007554788358025023,0.9843589743522609
6,0.05274937811445222,0.004855146784935868,4.195203882855858e-05,0.0013294276507885888,0.9410240954109947
7,0.1719249875337151,0.02636180956548031,0.0003537782256201624,0.0020326478768758695,0.7993267767983085
8,0.3108161308924871,0.43780182809797463,0.00935791428723039,0.0028185914675221365,0.2392055352547858
9,0.10889607908865553,0.5772152946413289,0.08914457784069156,0.004329566087517118,0.22041448234180688
10,0.046049484198116726,0.3555502362701155,0.4263356127890519,0.004020211410977962,0.16804445533173795
11,0.06237949017474138,0.45175628052152084,0.32103442691335027,0.007813807819136627,0.15701599457125076
12,0.055083524794711805,0.7889984771167763,0.03105244684301789,0.0034037232262833623,0.12146182801921049
13,0.06548616738440251,0.5608809485601652,0.1671689814743669,0.002568279230893679,0.2038956233501716
14,0.02633857842714123,0.5837781001733786,0.29195804062976133,0.000595763573871999,0.09732951719584684
15,0.029583542875507574,0.8059338404245798,0.09822909742332432,0.0002951578673298394,0.06595836140925845
16,0.03182803754950018,0.5777580133603485,0.2821239439113174,0.0003792411173643015,0.10791076406146972
17,0.06018025712148059,0.8174589550145392,0.043926950789001586,0.0010611539269135273,0.07737268314806507
18,0.02865057113386711,0.42636570328058554,0.40455948603139386,0.0002881220546184429,0.140136117499535
19,0.05035113841574775,0.6857782141708855,0.07890498299561606,0.000886942909322501,0.1840787215084282
20,0.24799627044166667,0.18370191691954588,0.010433126070528627,0.0002672533147727918,0.557601433253486
21,0.032098468671594806,0.27533085700346815,0.2850458900939755,0.0005220392796118296,0.40700274495134964
22,0.03348185755491932,0.2524617010341251,0.41564930913552417,0.0007358789874146872,0.2976712532880167
23,0.05625016344967555,0.3717605656392816,0.4065026062804825,0.0005142354081045492,0.16497242922245567
24,0.00814697111255979,0.28497339543759215,0.6737112841797928,0.00011160816162404681,0.03305674110843119
25,0.012170270575572602,0.29633741769621136,0.663816984092819,6.599272091916258e-05,0.027609334914477916
26,0.013280690486050031,0.49814258165950304,0.46243797698214234,0.00015378576027864964,0.025984965112025832
27,0.006689977837807345,0.48726239935080523,0.4863792625564728,6.485929949132841e-05,0.01960350095542322
28,0.0012895977443175284,0.15768790231480306,0.8361252080170879,2.335483770280855e-05,0.004873937086088874
29,0.001733725573488477,0.19268898884831895,0.8011950250303783,3.4103925664529804e-05,0.004348156622149544
30,0.001420334564087468,0.09753035346706969,0.8960307315019266,3.619713422482132e-05,0.004982383332691299
31,0.0033485360239935073,0.13671865970049538,0.8532280602022729,4.184720317244121e-05,0.006662896870065659
32,0.0029604901800861804,0.16408294419391922,0.8279763613494002,1.925872061193237e-05,0.0049609455559824
33,0.0011376112384407647,0.13695582466094905,0.8587606206563632,1.78280693749468e-05,0.003128115374872016
34,0.0014283502263983182,0.17482880284115576,0.8205464511083485,2.396321476981495e-05,0.0031724326093277183
35,0.0016034922096903855,0.13324383130406056,0.8618276261067421,2.023039552592999e-05,0.003304819983980897
36,0.0004476485228088869,0.04070817285956704,0.9567562068402012,8.43689229285336e-06,0.0020795348851301364
37,0.0006217086554257466,0.04707739386360174,0.9488894169642592,8.983334353400947e-06,0.0034024971823599396
38,0.00047695186063543004,0.046771352387700645,0.9489205518082521,7.88079883080255e-06,0.0038232631445809344
39,0.0009603747969402443,0.03644955692390149,0.9577165243736724,4.714004522826659e-06,0.004868829900962856
40,0.00035111141601135154,0.025773336080383877,0.9701476409875425,2.9045670655415645e-06,0.0037250069489967773
41,0.00025222527867186224,0.015364338525105157,0.9811938952807657,2.7410842700353854e-06,0.003186799831187203
42,0.0004516659274496849,0.07666909581650597,0.9141735975382143,9.345635565865702e-06,0.00869629508226438
43,0.00014142237052038164,0.024071862652118678,0.9724439588411687,2.923498297779821e-06,0.003339832637894451
44,0.00020300217536849837,0.024780539410062908,0.9678671557492482,5.196363051753281e-06,0.007144106302268456
45,0.00016697731816783337,0.025037671480976867,0.9699959685936126,6.304009398385216e-06,0.004793078597844183
46,0.0004335722542081591,0.07318228539551078,0.9170255919653064,2.1346165450729538e-05,0.009337204219523882
47,0.00038286884596867176,0.0395765802035907,0.9483995605428053,2.6312457373449567e-05,0.011614677950261897
48,0.00043521321563997435,0.023675510997716875,0.9676050925850035,2.2471835006163804e-05,0.008261711366633456
49,0.0012992849309566717,0.0564453243628501,0.9203322781217522,6.99120401681458e-05,0.02185320054427292
50,0.02523875338257183,0.2364094157998185,0.47546719336837295,0.0011111997393161387,0.2617734377099205
51,0.2598548856467928,0.40050508163506615,0.001466304728104664,0.017297040537556572,0.32087668745247977
52,0.12231887274010035,0.12291129002783042,0.0017920749868857429,0.0011066878613355344,0.751871074383848
53,0.485884329606204,0.41771376884155587,0.002325260637834946,0.000976811045932354,0.09309982986847279
54,0.2560876013172822,0.70504035824487,0.014406847338334326,0.001985967779831971,0.022479225319681488
55,0.19033595496521136,0.7568320594028907,0.01373843670293547,0.0030497507021951076,0.03604379822676735
56,0.05627710752728432,0.8519996093697637,0.040416138527374725,0.0064328569491999095,0.044874287626377275
57,0.11809864316007723,0.8074393654536972,0.00667646600579486,0.024408835632285634,0.043376689748145014
58,0.07211439121038951,0.8616898896363572,0.01991756077508266,0.01783713704754987,0.02844102133062075
59,0.024812017883731326,0.906369891014047,0.04215554710580369,0.008984977499214303,0.017677566497203912
60,0.10548167650930665,0.7696818518549188,0.0012216761363964615,0.05677420397528203,0.06684059152409615
61,0.03281463434188412,0.8715648354784354,0.07102122043360586,0.013538832375665517,0.011060477370408852
62,0.055654070098416865,0.8985767660782178,0.010190717978449811,0.018505471663482907,0.01707297418143256
63,0.03716042431114795,0.857934365150327,0.07816927375315108,0.01574092032390141,0.01099501646147257
64,0.13067536596106238,0.4797569127071774,0.0018851763193398748,0.06484677797179621,0.3228357670406241
65,0.07203733640564507,0.8824035971439772,0.004495731089570799,0.02164969504866847,0.01941364031213816
66,0.07032268234425887,0.8466818362956231,0.010459373064177711,0.05695702902717677,0.015579079268763674
67,0.17166510242885738,0.5909147401198919,0.002787492892056754,0.15716242808538608,0.07747023647380799
68,0.024775586109347967,0.892527996536546,0.030355404599603255,0.03675315035742274,0.015587862397080128
69,0.13050872028015012,0.5916143842130486,0.014053553330900482,0.05497369918425438,0.20884964299164646
70,0.034127748055283944,0.9050606536434892,0.016887250544634046,0.01097643852289922,0.032947909233693694
71,0.03340474247774313,0.1078500968331008,0.0016493469636308209,0.007912398273707382,0.8491834154518179
72,0.0058129257488177336,0.005355926118811818,8.329014807039466e-05,0.0016593560921445661,0.9870885018921554
73,0.005596128275448862,0.008065256666254272,0.0005473516217339567,0.0004867883756287178,0.9853044750609342
74,0.011891643700625872,0.0021135869525858108,4.980594264327963e-05,0.0003738415082244328,0.9855711218959206
75,0.006968670960381556,0.0027492919172278276,9.558616600773588e-05,0.00015459772590175214,0.990031853230481
76,0.031094259844867318,0.016449026906261505,0.0003703066348081332,0.0007957967744878138,0.9512906098395751
77,0.19852350952232672,0.038494619375955115,7.429592308186769e-05,0.004704893083499835,0.7582026820951365
78,0.24217620600771506,0.08890005212118327,0.000987866879608481,0.016714468898860534,0.6512214060926327
79,0.031161135318078487,0.0261183283336134,0.0005341979390493826,0.005351634227796665,0.9368347041814621
80,0.36169936741915093,0.11800063504914268,0.00011185852873855905,0.04756375061257672,0.47262438839039095
81,0.22239019248633474,0.14838925227777808,0.00024189725396750036,0.13041733526135407,0.49856132272056564
82,0.24411522436919475,0.43138851833904684,0.0012430235319255529,0.09043378874040911,0.2328194450194238
83,0.06958912240110411,0.7370141939332585,0.03131416754039258,0.09036997527624005,0.07171254084900457
84,0.2126897171352572,0.2218910094722731,0.0004422299111458009,0.1895906767417573,0.37538636673956655
85,0.030859903153515507,0.8359878956335645,0.06600264817879815,0.03292986756930418,0.03421968546481755
86,0.03505810239200481,0.05753791708008614,0.0004835371576033855,0.03593429576145307,0.8709861476088525
87,0.013600500918357999,0.007535546918917127,6.329318430138191e-05,0.00784609141272338,0.9709545675657001
88,0.0034129009139146076,0.004211631962948001,9.778835788628447e-05,0.003514449784844327,0.9887632289804068
89,0.02947614650152006,0.006595221463931759,8.339364293112066e-05,0.002100736523268095,0.961744501868349
90,0.008581872764906613,0.0031753319463886606,0.00013294217078263656,0.0016298168321672189,0.9864800362857549
91,0.013932483565036978,0.004671236302938819,9.039825911454373e-05,0.0022670512736788226,0.9790388305992308
92,0.037825924779747354,0.0069657288712779986,2.039712284091225e-05,0.0033170896955897343,0.9518708595305441
93,0.0023843813230937892,0.001449688152677631,2.4763306794432615e-05,0.0007482365157781996,0.9953929307016559
94,0.0019143874918467099,0.0019175352334708051,1.0394616587940515e-05,0.0005525460809234626,0.995605136577171
95,0.00346314948285722,0.0017261876041902028,2.4856779717415522e-05,0.00031957359973226436,0.9944662325335029
96,0.004278751674780509,0.0026260459374654256,5.0550746535031244e-05,0.0013428469292152145,0.9917018047120039
97,0.0016076138721663072,0.001111269727796125,1.1356345575397489e-05,0.0005282836044876666,0.9967414764499746
98,0.0018299231994250923,0.001344546975124884,6.027724286023289e-06,0.00043540389319398005,0.9963840982079699
99,0.0014251817350550517,0.0014681740892169381,4.766160317092253e-05,0.0002883075675257335,0.9967706750050314
100,0.005197768545949824,0.003324507674647735,7.73535301474247e-05,0.0006561522765541226,0.990744217972701
101,0.0036868234726172857,0.002269370487253811,4.517348272682142e-05,0.0002565306993717483,0.9937421018580304
102,0.0035904917307764002,0.002229540914823168,4.251950543632378e-05,0.000137199767911797,0.9940002480810523
103,0.019459094107780562,0.006442667328265279,0.00011931374150497908,0.0007314767127845338,0.9732474481096647
104,0.0036270177560849106,0.002424355083589096,3.752704466594573e-05,0.00018098872706133348,0.9937301113885987
105,0.0034192542767994597,0.0026005840145473373,6.569167733809271e-05,0.00021724523997175733,0.9936972247913434
106,0.002221210840937504,0.0016894736357047173,3.797019670181735e-05,0.00022958335666209832,0.9958217619699938
107,0.0015988563346461162,0.0014922807134986956,5.435493375421852e-05,0.000161313217845014,0.9966931948002561
108,0.0008966622126073164,0.0012363094026889992,2.093231013499544e-05,0.00012508073374485845,0.9977210153408238
109,0.0012457776040913657,0.0022389827798398026,3.7885499722698965e-05,0.0005348748056343991,0.9959424793107118
110,0.001521148610661631,0.0009638513683514981,2.240500509926311e-05,0.0010015326282080887,0.9964910623876796
111,0.0010843259120649474,0.0008760719041244144,1.1166373308854692e-05,0.0013444876863267067,0.996683948124175
112,0.0022369587624257886,0.0015718845025876707,5.864213055219187e-06,0.0023762384558286857,0.9938090540661028
113,0.0024535285012741476,0.0006267877014848191,2.9339633294952933e-06,0.001861892124658217,0.9950548577092534
114,0.004646244739666352,0.002366669343907099,4.268805693211148e-06,0.0053404827393587085,0.9876423343713746
115,0.005329275982430775,0.002437747225179938,3.170756732546737e-06,0.012693213493794465,0.9795365925418623
116,0.003477427660954704,0.0011655584715297427,9.361617214191125e-07,0.011810534295462619,0.9835455434103316
117,0.003032781083193757,0.00125405138768009,7.230380846702431e-07,0.007454561634102948,0.9882578828569386
118,0.0056152405560718575,0.003801791446735915,3.972744638139031e-05,0.019795779341711478,0.9707474612090994
119,0.005969715509528176,0.002480010117120385,1.811651522631194e-05,0.009364490323635406,0.9821676675344897
120,0.004970273781841613,0.0024564359092121646,6.455697572749768e-06,0.0075570361509683685,0.9850097984604052
121,0.03990184203511611,0.010509189919726294,0.0001391946557092041,0.05082582157995858,0.8986239518094898
122,0.02839138479623797,0.005533892708673481,3.424341876182897e-05,0.03184227884202522,0.9341982002343014
123,0.05215078126663964,0.026582459231206793,6.0799006410718004e-05,0.03475017431164253,0.8864557861841004
124,0.0026828073097789167,0.0013800636328216548,4.681297523637381e-06,0.003990736989501224,0.9919417107703746
125,0.0027509476876757233,0.0011118527353720868,1.5302730636509618e-06,0.01873741493976915,0.9773982543641194
126,0.0033483928808914383,0.0027722743324528135,3.501665700900567e-05,0.005875274711625631,0.9879690414180212
127,0.006462640210821174,0.0014607562977152788,3.91604981892056e-06,0.004116328945607491,0.9879563584960372
128,0.004074965132704127,0.0015510601504952484,2.8923179826100412e-06,0.00793284760344157,0.9864382347953765
129,0.005085614407476163,0.0015592275744404336,2.6782776165938903e-06,0.011739968327111919,0.9816125114133548
130,0.003989257610689821,0.0016312670840243348,1.8563612821181955e-06,0.011797594974929427,0.9825800239690743
131,0.0032665442003453004,0.0006121412935789361,5.010417569054784e-07,0.008329299630473535,0.9877915138338454
132,0.0030113831878576217,0.0012422144811444962,5.537629964330536e-07,0.010412160787474834,0.9853336877805267
133,0.004432178169736669,0.0019562007026983786,3.953834332636726e-06,0.02244106518210467,0.9711666021111277
134,0.0033382650375114804,0.001048290275321191,1.6071620876983827e-06,0.010389033761248547,0.9852228037638311
135,0.003942426082121409,0.001198369883561494,3.3166224844037996e-06,0.010346306180562415,0.9845095812312703
136,0.005813378346805216,0.003585365115611175,9.204648249625807e-05,0.011992346065570213,0.9785168639895172
137,0.0025377803532906857,0.0008785197008409297,9.987875473786998e-06,0.005234948568123895,0.9913387635022707
138,0.0031611251408922778,0.0013868860419698453,3.63872375465966e-06,0.004998119225604762,0.9904502308677784
139,0.0019943144379669917,0.001446494779288813,1.0255946596102144e-05,0.005246643438374733,0.9913022913977734
140,0.009364898467750038,0.0036196531564726474,0.00019089964159073216,0.016295894329399766,0.9705286544047868
141,0.002448516754494258,0.0017380398290067938,1.4105018769014014e-05,0.0043911354010935846,0.9914082029966365
142,0.004115137594080009,0.0021203428184391254,9.79969341032749e-06,0.006627817008159689,0.987126902885911
143,0.0023575099081343015,0.0014644909698557855,3.977332216991901e-06,0.0033143551556618746,0.992859666634131
144,0.002515315895955179,0.0012303593112963863,7.593229053577144e-07,0.004591706447344696,0.9916618590224984
145,0.005732186623769262,0.0037417546978642953,3.6075098906851635e-06,0.006615610909442646,0.983906840259033
146,0.005379918646848864,0.002622810966985023,1.7354869993961102e-05,0.009380855482055325,0.9825990600341168
147,0.007176081494832465,0.00229541374348339,4.454215433289768e-05,0.006207180080260631,0.9842767825270907
148,0.008429897315061899,0.005517727917009592,6.944627878980889e-05,0.00946363533827789,0.9765192931508608
149,0.0026923802725416514,0.0017520703385648607,7.584531087983911e-05,0.003823568467345996,0.9916561356106677
150,0.002714677389895934,0.002215058964861138,0.00011624137511402216,0.005651845722805924,0.9893021765473229
151,0.006229898308206951,0.0018498320980539283,0.0001798166788015576,0.007973365777794951,0.9837670871371426
152,0.005145400383126638,0.0027417931738538738,2.9386716434390278e-05,0.005919523061894345,0.9861638966646908
153,0.003158007823182008,0.0017379403606787541,9.627769822033081e-06,0.004220605541247452,0.9908738185050697
154,0.0023257147532039545,0.0013777428104117966,6.6496920051013184e-06,0.003145753998788989,0.9931441387455902
155,0.004560516486821056,0.0026025903867347507,3.688785620965326e-05,0.003584258330778085,0.9892157469394566
156,0.004746357970021635,0.0022173594271432495,7.7480032539784e-05,0.004335589847467229,0.9886232127228282
157,0.0034830341352454467,0.0036987396822160735,0.0001563640339843873,0.0031610751758724977,0.9895007869726815
158,0.001500307031378917,0.0033562138783186017,0.00012294169013510236,0.002404707297421516,0.9926158301027459
159,0.0015920157610664096,0.003782416485248845,0.0003830646211245337,0.0025501577781930976,0.9916923453543671
160,0.00476216024477997,0.0052140340374205,0.0006876437240863865,0.005480746438814953,0.9838554155548981
161,0.0035006896646296343,0.00402628978569311,0.0006312948280709217,0.0018140411215635318,0.9900276846000428
162,0.002246465672329197,0.002836981563061663,0.00033296053892557613,0.0028223856994994885,0.9917612065261842
163,0.001993453922125518,0.0035913577710091995,0.00013547210648046462,0.002145264626110958,0.9921344515742738
164,0.0017419869677931191,0.0035476916590648036,0.00023695336548545387,0.002541036016830091,0.9919323319908265
165,0.002375784632043994,0.005063943916130742,0.00020505532594220378,0.004611642169838403,0.9877435739560447
166,0.0065921905022157026,0.007062312376069195,0.00016760669182088554,0.007644588422361887,0.9785333020075322
167,0.012539597057658487,0.009581068132135547,0.00018572090180198034,0.007803709307718698,0.9698899046006854
168,0.003390822498179869,0.006542767453127736,0.00010097355815368799,0.008344981523990911,0.9816204549665477
169,0.007241606562811443,0.006967686733952172,0.000131108313749627,0.008052893287160632,0.9776067051023262
170,0.0068396225516950074,0.009407920473250458,0.00023472958259398828,0.010653551554701698,0.9728641758377589
171,0.01625057547672522,0.012635990687560113,0.00011078955492790755,0.009513458465704736,0.961489185815082
172,0.006188778748738023,0.0093903935002617,9.3951704318073e-05,0.008901359096728446,0.9754255169499537
173,0.003340820132028775,0.005460997954546128,0.00013114926966667763,0.00561490163309008,0.9854521310106683
174,0.010309913757638067,0.014658018118755391,9.243120949694583e-05,0.0061504620249123836,0.9687891748891971
175,0.007392347654742111,0.008793252327747107,0.00014550916676133322,0.005811126079192401,0.9778577647715571
176,0.010225857476407233,0.020801908402204885,0.00048392363079502026,0.00733054629171093,0.9611577641988819
177,0.005260559727998438,0.011990145847165333,0.0002188598096215263,0.003547072419618091,0.9789833621955966
178,0.005304428024800763,0.01144468846031901,0.0005005754751366826,0.004933392780213249,0.9778169152595304
179,0.006650339975224901,0.009705569644785786,0.0012483801768260077,0.007064159550455004,0.9753315506527083
180,0.005885951167172365,0.007310659236517196,0.0007324928734083571,0.006614671915369666,0.9794562248075324
181,0.004552568574457405,0.0045055197317063695,0.00039346797724211914,0.00271699978302005,0.987831443933574
182,0.009797442905675025,0.011474547049110892,0.0005801396281367201,0.0025137311781180697,0.9756341392389593
183,0.008153751445093317,0.007324181161346353,0.00048545626538925527,0.0028296706662223224,0.9812069404619487
184,0.00435089473268858,0.00542789363447262,0.0005188548088773991,0.0029227006122742216,0.9867796562116873
185,0.004298506309193835,0.004920248051052052,9.255248475723216e-05,0.0033846651016556165,0.9873040280533414
186,0.007293906492020987,0.006068265834681969,9.519733635772108e-05,0.003890285259740709,0.9826523450771987
187,0.006407941932817525,0.005791056367702856,7.025447886536284e-05,0.004222616855537991,0.9835081303650762
188,0.00835287755279856,0.008150163363076942,7.695010362954204e-05,0.006754313008615882,0.976665695971879
189,0.010943652981134361,0.008631707908950082,0.00010653244369517876,0.0044917152511695455,0.9758263914150508
190,0.005060829819802867,0.006959934720058061,0.00033872340242503213,0.005490946101175234,0.9821495659565388
191,0.005964966620028156,0.0063171047784100825,0.0003824414961309512,0.0048371004780405884,0.9824983866273901
192,0.0049101646902006725,0.0051604527201503,0.000397331682251192,0.003892285732777065,0.9856397651746207
193,0.007497248690655972,0.006625020495639937,0.0006778056650724181,0.004536195850170647,0.9806637292984611
194,0.0031119651735485843,0.002729836140028723,0.00021470559932066513,0.0028715895309353325,0.9910719035561668
195,0.0030006504235764913,0.0030687749714898255,0.0005782404595749064,0.0022175266226202874,0.9911348075227384
196,0.007155327982732021,0.011754412875378838,0.002708256653061745,0.001636117418084276,0.9767458850707431
197,0.0027925367843566026,0.0046468327454599785,0.000537517807379872,0.0011112573901331047,0.9909118552726703
198,0.009937666330333883,0.014086900357663149,0.001550648755904683,0.0021454710220219224,0.9722793135340763
199,0.004664442199894196,0.0071042993664536605,0.0006204706107553684,0.0014115538605881917,0.9861992339623085
200,0.001406010953011346,0.002200375767609203,0.00022158201195976812,0.0014821976811664223,0.9946898335862533
201,0.0029981246068008713,0.004176635465751014,0.0005329848165206094,0.002544752975452026,0.9897475021354756
202,0.011528841941424105,0.017965911718003748,0.003440727300093496,0.0023018553802638324,0.9647626636602149
203,0.004727356805340003,0.0026784992268455974,0.00022513489360200014,0.001199777903530148,0.9911692311706822
204,0.005878291830490304,0.006548322066144586,0.0005017772903240456,0.0024606180469153045,0.9846109907661258
205,0.0017347059216687006,0.0018387997305995862,0.00016145617693711915,0.0010623035919132041,0.9952027345788814
206,0.0014663093866622919,0.0015596122702296856,0.00014034447094834985,0.0007779174253574339,0.9960558164468022
207,0.00218083011951419,0.004152454630170903,7.419744071564202e-05,0.0019905874117407316,0.9916019303978586
208,0.001713239774325425,0.002516339992362683,0.00013131054569355646,0.0018655512836738123,0.9937735584039445
209,0.001929330041305213,0.006713848592822196,0.00017884831036296843,0.0035400136347006838,0.987637959420809
210,0.0025351527285415957,0.0050077831753430405,7.357272474830891e-05,0.004190060367781122,0.9881934310035859
211,0.005941748522309915,0.007608575021733445,0.000348641078759065,0.005689692284961935,0.9804113430922357
212,0.0027692610096689894,0.005878762450634481,0.0002776138872329547,0.004048516500862329,0.9870258461516014
213,0.0038222598333381985,0.012805450159465165,0.0013492614975961392,0.008731297986142262,0.9732917305234583
214,0.003500612485232245,0.007834507654621747,0.000698049799047769,0.007386005012733889,0.9805808250483644
215,0.005752827347839395,0.013738357841441567,0.0010963587560594448,0.01197037203272034,0.9674420840219393
216,0.004345129390558023,0.010054739266696177,0.00033360864945884407,0.010182439643205416,0.9750840830500817
217,0.008112359674199864,0.012276973927614829,0.0014029334455676308,0.008944240632055718,0.969263492320562
218,0.012560189487565647,0.019949118850840768,0.001620416532421242,0.014299017218186825,0.9515712579109855
219,0.0091745777898851,0.012939418670619636,0.0005618776933852777,0.013937753435832562,0.9633863724102775
220,0.0179265936013085,0.01508791845498025,0.00017751819773156334,0.017115537416598055,0.9496924323293816
221,0.010549916869199441,0.014101044012492677,0.00010884188438785909,0.01117504987130403,0.964065147362616
222,0.00564463449971655,0.007541938373947821,4.1300451256540335e-05,0.006606826194462607,0.9801653004806163
223,0.01368786480414597,0.012387562178122287,0.00017511660702486222,0.008910269273909957,0.964839187136797
224,0.012127619300853655,0.014234127541658962,0.00028001192894743784,0.008743544900115433,0.9646146963284244
225,0.009111893642078364,0.008221546482778112,0.0001306606316286054,0.004865001711270659,0.9776708975322442
226,0.012603951055579711,0.025781894264476815,0.0014915450730176613,0.00989515025554952,0.9502274593513762
227,0.006052742776232865,0.01105151964289832,0.0004588001256724228,0.0025475692299284885,0.979889368225268
228,0.00855240377364648,0.022791218126451896,0.002596270245279956,0.004003318473516944,0.9620567893811047
229,0.0046005347303996625,0.010923534415648237,0.0010378762793454804,0.004007842820988722,0.9794302117536178
230,0.0014174073483055906,0.0028768935208477475,0.00018156608713172472,0.0014659317267210123,0.994058201316994
231,0.0029788488556303705,0.00258384339786136,0.00015097487675287552,0.0022517442242205496,0.992034588645535
232,0.006299790774802376,0.0035260688632593132,0.0005093045210462378,0.0023786483671027828,0.9872861874737894
233,0.003919258213241119,0.0038487495481414236,0.0003410204985230179,0.003937985125554865,0.9879529866145397
234,0.012429457462857268,0.007584629357892217,0.00021148201651997994,0.011076814031579195,0.9686976171311514
235,0.0031144521495610725,0.0020009869429105276,6.389194604192239e-05,0.006421859493972459,0.9883988094675139
236,0.0025476852448134556,0.0018724105128157626,3.0885107577103936e-05,0.005483004916567842,0.9900660142182257
237,0.0040647153873644,0.0018838870657065018,6.5810455860476974e-06,0.0046979420947924925,0.9893468744065506
238,0.007988310029421698,0.002433561381537529,9.203666014562443e-06,0.006745796841668954,0.9828231280813572
239,0.010633893913513038,0.0023812223629219027,3.060236076459615e-06,0.007663857751518077,0.9793179657359705
240,0.05302293163633745,0.010977423328596777,1.8493006624206884e-05,0.043361979609132906,0.8926191724193087
241,0.052546486087202644,0.01875114996664192,2.5689506417106675e-05,0.03866994006204533,0.8900067343776931
242,0.4168652927118254,0.1079581346547079,0.0009089348093464192,0.26949704156053667,0.20477059626358365
243,0.1400559462755953,0.4729644903663201,0.004030509567476377,0.32299650624830606,0.0599525475423022
244,0.12372687326182033,0.5811038480350319,0.0023406766711956887,0.2427700568970045,0.05005854513494754
245,0.0711952368338233,0.7589930437876056,0.04186047486443962,0.11818147569970452,0.009769768814426968
246,0.3352016908480566,0.2834858300126458,0.001249864830116361,0.09925460558608855,0.28080800872309275
247,0.026799538165713344,0.8668805751324807,0.09457694421514731,0.006039733787384827,0.005703208699273763
248,0.08084240380898226,0.8177743038965165,0.08238564658668607,0.011060962557993442,0.007936683149821686
249,0.3231576414139146,0.6161711472343365,0.020924600831967535,0.015263242818729691,0.024483367701051514
250,0.0788022762040799,0.6740350446838582,0.21251359394912692,0.009940856654264498,0.024708228508670445
251,0.21134193674305354,0.6478292839844307,0.08718277835579914,0.01035090319538682,0.04329509772132965
252,0.021411494819268472,0.3786139093548051,0.5843835449583079,0.0027877643342467105,0.012803286533371672
253,0.15908458234786912,0.7018971701269802,0.07495871345236907,0.01873165364520557,0.045327880427575996
254,0.24065548345865947,0.44392959445630975,0.10438297206154397,0.011469999904250896,0.19956195011923591
255,0.4332268652793643,0.4568862716220895,0.029438830616326437,0.01248993447845195,0.06795809800376774
256,0.01794920016568678,0.2098274126346716,0.7671148412130134,0.0008226297044705743,0.004285916282157493
257,0.038904811100906954,0.5348462617206388,0.4139579090869924,0.0029785868918842284,0.009312431199577623
258,0.017110804568106812,0.5068047586093833,0.4681977212272349,0.0028350770060334026,0.005051638589241609
259,0.03778790052660494,0.7359025107842995,0.21225357723463714,0.006125330388380846,0.007930681066077685
260,0.06506623510697818,0.7791717128357125,0.1395527815039606,0.006347621566715395,0.009861648986633583
261,0.004903891397821866,0.32944830843688716,0.6585279964776358,0.0013124942638803568,0.005807309423774812
262,0.017702652761935507,0.394913272283069,0.5806656579586346,0.001370855023939387,0.005347561972421579
263,0.11600595716843437,0.6967755215544775,0.11308188479282137,0.004192111003235711,0.06994452548103103
264,0.03964655815199363,0.43452957293337374,0.5139558303976934,0.001682283869264198,0.010185754647675002
265,0.018212549170538946,0.3083097281634142,0.6671898402603631,0.0014689994091367123,0.004818882996547043
266,0.018201032666530493,0.423837364638279,0.5533278040631207,0.001028995437746833,0.0036048031943229746
267,0.008848510481951179,0.28500426395515904,0.7009794898623358,0.0009579639154192944,0.0042097717851347196
268,0.0017490453134503836,0.1125948191974189,0.883994677147206,0.0001823850785850062,0.001479073263339566
269,0.004149847290295033,0.17694438930334497,0.8165182294528515,0.0002792076815256971,0.0021083262719828835
270,0.003579925935933259,0.10360390916961315,0.8899374562921551,0.0002287762801552811,0.002649932322143317
271,0.0036356257802154894,0.17594290169744617,0.8174025013036736,0.00033267936992851095,0.002686291848736237
272,0.0005486063809172296,0.07269020527906941,0.9255720430939983,0.00014145453143326323,0.0010476907145817319
273,0.0001776473907209205,0.03165230485573898,0.9675419651142139,5.989834724235956e-05,0.0005681842920840262
274,0.00047859634262563524,0.059046476022695416,0.9391756660261318,0.00015798448766586335,0.001141277120881428
275,0.0008444024124883098,0.07564388397369579,0.9219455620335635,0.00017114542843568227,0.001395006151816807
276,0.0005858786099589362,0.05595486325939929,0.9424438574468307,0.00013151463074048128,0.0008838860530705232
277,0.0011766802553891383,0.13282803617942673,0.8640270832912235,0.0002491806185623968,0.0017190196553982353
278,0.00043817186785632993,0.04430219874650166,0.9543029543319848,0.00010955231143756492,0.0008471227422197713
279,0.00020880277629796846,0.03263655808442082,0.966530084934464,5.150066184524654e-05,0.0005730535429717182
280,0.0004575695408318314,0.04331699008782017,0.9548882217503231,0.00014674356238948116,0.0011904750586355008
281,0.00022593607296442415,0.030967077415187696,0.9681335752227901,6.920202379528613e-05,0.0006042092652624015
282,0.0014196050772716602,0.1564282583677801,0.8395982074297416,0.0004299082125590053,0.0021240209126477875
283,0.0020135013082736605,0.1205758334214862,0.8737414311006608,0.0009097994980024217,0.0027594346715770737
284,0.07425437211787407,0.5440349226454692,0.36025923562929796,0.005279327323455481,0.016172142283903394
285,0.0008391759400402092,0.058810248742667215,0.9381141617338618,0.0006697459127054774,0.0015666676707253285
286,0.0031830927348368535,0.1468547276036868,0.843305078067086,0.002503184566936726,0.0041539170274535455
287,0.02567140621328434,0.447946064260951,0.5012392509988565,0.010132442298326333,0.015010836228581811
288,0.03393960855141119,0.06397907087086108,0.020721731168324833,0.011345962556618168,0.8700136268527846
289,0.027866085316771774,0.03291998208239148,0.0027898624943161142,0.0045689561254159995,0.9318551139811047
290,0.0647821906615262,0.06335842829143562,0.0036987518970046616,0.0018463746174065194,0.8663142545326269
291,0.4408560397812085,0.1976744384221363,0.0016437981833856861,0.004315740782654424,0.35550998283061497
292,0.2724603001305268,0.571826408069621,0.026584535809798835,0.011067393748031933,0.1180613622420214
293,0.32501235926523236,0.48338654948844517,0.005588857594946544,0.11318981624551253,0.07282241740586337
294,0.32213084852782825,0.4053206191519162,0.019772162254046512,0.1495441773049238,0.10323219276128523
295,0.1463482151219786,0.6793345388713363,0.09894405746966843,0.06027778120226169,0.0150954073347549
296,0.0521803957675086,0.6673514263376059,0.2555610326118986,0.018035608355608235,0.006871536927378666
297,0.18874597484295683,0.6220934114568346,0.08770706912031763,0.05114419277112792,0.05030935180876315
298,0.1374949095235559,0.7317337206151101,0.08888572827519885,0.016270963052683683,0.02561467853345133
299,0.0265929098068059,0.5034374505300181,0.4521127796157567,0.008634906107599023,0.009221953939820303
300,0.25525711628438347,0.5660178615468708,0.005219586533905177,0.016713735142624628,0.15679170049221586
301,0.20775094669354263,0.6746853426920405,0.09324587429780803,0.0060146684900319,0.018303167826576962
302,0.08225508837058378,0.6028948934984304,0.2931757134674977,0.0051323678848671835,0.016541936778621008
303,0.11367967479818189,0.826354473675619,0.032399620634881124,0.004744211770326858,0.022822019120991095
304,0.0414879591873484,0.6693199318718012,0.2764855169648293,0.002859075297456076,0.009847516678565038
305,0.08509888044137708,0.8689272089340905,0.03479824294306706,0.006665289832123953,0.004510377849341542
306,0.026392001901782966,0.6599841816950182,0.3085882906966181,0.0020142553617973867,0.003021270344783543
307,0.0395233117569981,0.8313077515417808,0.12488751370992224,0.0014116242337919463,0.0028697987575069172
308,0.00870782254711709,0.5895702804137879,0.3976499487585366,0.0015700249497198186,0.0025019233308386534
309,0.019415946296454243,0.8511591267275992,0.12259274134668065,0.0027954611586789553,0.004036724470587022
310,0.010011103869802357,0.5918590802018794,0.394310967088323,0.001334828118176663,0.0024840207218187666
311,0.009009583609899008,0.45524352924192996,0.5310996266818891,0.0014285786661808043,0.0032186818001010593
312,0.0032294286798597678,0.32785957573777663,0.6665367649808271,0.00047663943178342423,0.0018975911697530056
313,0.004269446173553187,0.40877716078533655,0.5840160215357193,0.000681664698481861,0.0022557068069090623
314,0.0020273483353400582,0.29186558749200286,0.7047440788796836,0.0003570134248100782,0.0010059718681633874
315,0.0024286623455589827,0.19842065950726243,0.7975204639889769,0.00017548283252580524,0.0014547313256758536
316,0.0019368730221775506,0.2963208109808375,0.7002435081564827,0.00017469261978057932,0.001324115220721582
317,0.002850538606777773,0.19708749960894334,0.7975773605624669,0.000289446151161785,0.0021951550706502893
318,0.0018257753430159151,0.16036597045242565,0.8358530817334777,0.0002649499423741336,0.0016902225287065901
319,0.0005486190207940457,0.08300947887816909,0.9152120799716024,0.00013077199448525252,0.0010990501349491745
320,0.0014140812595417754,0.1343090915203768,0.8621291912734715,0.00016437944600746214,0.001983256500602419
321,0.0004874040028017442,0.0726981084768211,0.9253958353471136,0.00013548899615264333,0.001283163177111055
322,0.0014527094386817185,0.13505364931206126,0.8610906392472217,0.0003128963569232302,0.002090105645111961
323,0.0011247230287550751,0.11886422217078653,0.8779677363083428,0.0002392758367060503,0.0018040426554096173
324,0.0008491666868983021,0.08639112473849012,0.9111398899174235,0.0001894243508642066,0.001430394306323771
325,0.0003962978790776099,0.06489129160608602,0.9337302890486894,0.0001396482340374048,0.0008424732321095491
326,0.0026928955500721183,0.07841089282559943,0.9161808822519867,0.0004137348938406288,0.0023015944785010974
327,0.0057588205521140485,0.29956419583612365,0.6873296030655568,0.0018770098272519495,0.005470370718953628
328,0.0008496735082562733,0.07234078148488246,0.9250038853116948,0.0002286022714193484,0.0015770574237470864
329,0.004903320483151273,0.16458035039089888,0.8273013735138646,0.00037337989806566417,0.0028415757140197438
330,0.0028804912714911006,0.09825836311714845,0.8952431705308975,0.0003536741793701198,0.0032643009010927732
331,0.0027435651728935284,0.10391260115687377,0.8902043342457048,0.00031841731006221135,0.002821082114465648
332,0.004078332394480143,0.12491558302976795,0.8684126693645373,0.00034886328091621725,0.0022445519302984134
333,0.0017839972228289888,0.18570988550479794,0.8102478155337121,0.0003178728504985678,0.0019404288881625818
334,0.000770543727219223,0.07930691922483017,0.9186286216705088,0.00020566993610605258,0.0010882454413356877
335,0.003144656538893611,0.13574218263589383,0.8585717963637147,0.000390633816468527,0.002150730645029172
336,0.0018445445357376722,0.1202493507273512,0.8756637303369815,0.000399833161274494,0.0018425412386550168
337,0.004449197033142674,0.16938376886838935,0.8199941354820003,0.001054458252646678,0.005118440363821051
338,0.023157770745657367,0.35850308099048034,0.601141986734277,0.0022236369454278677,0.01497352458415739
339,0.02198671930285646,0.4759184235720035,0.4755714619999334,0.0033221554282641926,0.02320123969694258
340,0.008558858242093364,0.2127156551698987,0.7690018311117763,0.0012276855472574282,0.008495969928974379
341,0.011676820083165134,0.18683985645554238,0.7745433982975696,0.003226272107953758,0.023713653055769175
342,0.009421759652511151,0.2173486716751911,0.755140974668967,0.003234504796506162,0.014854089206824595
343,0.561324344882417,0.21293819361253158,0.03564811873779966,0.008007783525026414,0.18208155924222538
344,0.25947154860578703,0.6241932240553512,0.03801074166181707,0.016617034047295018,0.06170745162974984
345,0.2083906569335752,0.6417679558755454,0.0282805121365478,0.03165268497482375,0.08990819007950795
346,0.2963003571453942,0.6359786999048853,0.01914722659470331,0.015510792274013823,0.033062924081003406
347,0.0429743936005244,0.7105714850618559,0.2163536845079377,0.017643767207455145,0.012456669622226909
348,0.0813413553833851,0.8582543469030165,0.022906083637566896,0.028362605720668402,0.009135608355363057
349,0.1297643486489412,0.7422524048168186,0.055025742213655394,0.054744048946775356,0.01821345537380938
350,0.16031217419614632,0.7328311297678918,0.07123068184389131,0.021093669126958148,0.014532345065112423
351,0.08428898381670681,0.8631927753765046,0.03155401863216647,0.0156263037391572,0.005337918435464864
352,0.11019149382615222,0.8282712726743329,0.02857658279168479,0.024730424541940077,0.008230226165889988
353,0.02948432964823133,0.7832945002844497,0.17402064401892536,0.009555492293836234,0.0036450337545572346
354,0.08660662262675145,0.8765816992467781,0.02277068777701316,0.009199686164004784,0.004841304185452476
355,0.02020126030279711,0.5620039308341308,0.4034193246397028,0.009761600860591886,0.004613883362777382
356,0.0964736785289424,0.7949091369438448,0.07953774628308236,0.018997851004512584,0.010081587239618042
357,0.03605469764085788,0.8997968215081675,0.05806341129825138,0.0030772958864792527,0.0030077736662439377
358,0.011679150251550122,0.8173424118198763,0.1634688432159177,0.005129936335828326,0.002379658376827531
359,0.02245649494658609,0.8139969168140722,0.15670087480045075,0.0034006195905834035,0.0034450938483074024
360,0.02084245307191355,0.8764696108900233,0.09781030479148009,0.0024227541930928833,0.0024548770534900946
361,0.012257324831099137,0.6326788513186391,0.3473974147337846,0.004285411110030989,0.003380998006446141
362,0.12766628989494963,0.8095604342409166,0.04341075064728221,0.012850752703617472,0.006511772513234114
363,0.034684129412889605,0.7615378610371328,0.19312700947661754,0.005737622500633558,0.004913377572726355
364,0.07103989747123535,0.748164962924727,0.16734657569147118,0.008402580028746335,0.005045983883820111
365,0.07944879838687587,0.7190043157823728,0.18125591316477802,0.013767551714024329,0.0065234209519489635
366,0.009062339449715875,0.38802243876453263,0.5810373117469158,0.016057332745825333,0.005820577293010403
367,0.17877839012348987,0.6010898696130669,0.07409017961138027,0.10635916051165464,0.03968240014040823
368,0.00774021564402178,0.32348094054302307,0.5782095276332901,0.08177224656521906,0.008797069614445884
369,0.0888222914993439,0.1876951461299877,0.0004289377329227923,0.6851118256752562,0.03794179896248938
370,0.028303119694863953,0.04859456221010268,0.0001455695450863813,0.22274104572461964,0.7002157028253273
371,0.08184950256817167,0.13816822727023523,0.00030483468972183263,0.6208195710097785,0.1588578644620928
372,0.09045326130481339,0.5231726096526078,0.0006664579666526299,0.36253120621072676,0.02317646486519956
