epoch,N1,N2,N3,R,W
0,0.0006771535686197103,8.284022512951788e-05,2.5437517291725806e-07,6.139241858908322e-05,0.9991783594124888
1,0.004948813521773431,9.767206798472989e-05,1.0219285312320122e-06,0.00022626295237728882,0.9947262295293333
2,0.01618270638475117,0.00028319642106099064,1.820941581270986e-06,0.0007485048433378706,0.9827837714092688
3,0.06396368126351937,0.006547918513715424,4.352700387762316e-06,0.0018103170321066655,0.9276737304902708
4,0.06253948176970124,0.0009238394854108676,2.8306069276715153e-06,0.0017553376818515774,0.9347785104561087
5,0.22813530151484737,0.005383320377330552,9.34460892876003e-06,0.005504572503633688,0.7609674609952596
6,0.2524765837642101,0.02222302569003431,1.565163061865831e-05,0.01656195281245863,0.7087227861026782
7,0.32205180282244833,0.019765067103283657,2.187866226061331e-05,0.0180659171266141,0.6400953342853932
8,0.510889438172793,0.08206558854049331,2.929420576860887e-05,0.05702295879459998,0.349992720286345
9,0.5258987046906439,0.15390786080301688,5.1925213681393436e-05,0.044554813461530986,0.27558669583112677
10,0.3856981290542303,0.4320799135426104,5.511909627746152e-05,0.06853271099953762,0.11363412730734435
11,0.3428338282357532,0.44851451840143275,0.00010896826909750374,0.13338732747454718,0.07515535761916939
12,0.3189924846815698,0.5405853011193121,0.00019421823556169465,0.09939301032479142,0.04083498563876484
13,0.1219899763249957,0.7903188294428019,0.0001280043345477312,0.06736252184553945,0.020200668052115425
14,0.2334547745129376,0.6610427087801677,0.00029913097116784774,0.03131170639043933,0.07389167934528745
15,0.03973495986468282,0.9436498819452099,0.00038382795711485037,0.0032999103255349203,0.012931419907457437
16,0.07661743260392379,0.886613015330401,0.0006685259517157151,0.0012345007418992154,0.0348665253720602
17,0.09985344804114457,0.8309698298116072,0.00038790895378408254,0.009512372403414364,0.059276440790049775
18,0.036222375007365096,0.9387684576951972,0.0025733855664258516,0.005360869545382232,0.0170749121856293
19,0.07810616938970599,0.8902559489525562,0.0019899893789590293,0.006214922392812212,0.0234329698859665
20,0.006183572909587482,0.9455285989420846,0.031843111465452406,0.00048525084933353883,0.01595946583354188
21,0.03956478918159582,0.9179073319760005,0.020707257937665632,0.0019650591804482634,0.019855561724289744
22,0.040850401489080986,0.9312868760505827,0.007777177624264799,0.0013107038427908335,0.01877484099328058
23,0.014779772407767046,0.9516583027316804,0.015820570349510503,0.0010444391973004955,0.01669691531374157
24,0.017695331949479115,0.9396649440073085,0.0197051556684396,0.0004515059848646881,0.022483062389908267
25,0.021154844217052014,0.9544231523562411,0.0024594681668972823,0.00036053786362918127,0.021601997396180392
26,0.029657947879547206,0.9509885257572742,0.007292036427151483,0.0006282015720944471,0.01143328836393273
27,0.024469245607022808,0.9401272194464166,0.009363295637150404,0.0002606823251525284,0.025779556984257542
28,0.013531506372680165,0.9323780444446501,0.03422011816557244,0.00014680817608682517,0.019723522841010553
29,0.008446174167749983,0.8837866150059138,0.08908627426697721,0.00019371718999728447,0.01848721936936166
30,0.036747980440166576,0.9265430026254742,0.020536705056476978,0.0006594611755416146,0.015512850702340543
31,0.012486522941535613,0.9021347351674752,0.06687365186356976,0.0003241574609533323,0.018180932566466194
32,0.01065953227496349,0.952663538937059,0.02390075695864288,0.0003433227701794403,0.012432849059155138
33,0.0038925778251029976,0.9373067115263883,0.042227605901528936,0.0001745222777948204,0.016398582469184915
34,0.00418783620502766,0.9084845356014646,0.07642885450579401,0.00020719633966206297,0.010691577348051623
35,0.0027053862144264867,0.945077881028508,0.04006673202254376,0.0001364843447224876,0.012013516389799297
36,0.002026108164005684,0.8634323175810692,0.12095791900656964,0.00010436772094094911,0.0134792875274145
37,0.003369808679559113,0.9099408570609322,0.07472982804249881,0.00014298050886122078,0.011816525708148793
38,0.003285310323351922,0.9256642047140746,0.059000746825699224,0.00023726932560466237,0.011812468811269468
39,0.0020425554748720416,0.821825320275874,0.16149468214430182,9.694969369823675e-05,0.01454049241125389
40,0.0012871945094730928,0.7265379995621208,0.2636826244903175,6.0024133685969826e-05,0.008432157304402629
41,0.001021187133308974,0.6424818551658862,0.3470704246039948,6.996330960923873e-05,0.009356569787200751
42,0.0007174776378775851,0.5435123808754218,0.4484088812143769,8.049567868372528e-05,0.00728076459364004
43,0.0017490607511189858,0.6393374501778379,0.34504971049668576,0.0001273580145090734,0.013736420559848337
44,0.0016609488178274626,0.8327967752190296,0.15427284611021455,0.0001420283117286165,0.011127401541199709
45,0.0017666395901896205,0.7951670393396539,0.19019483693770947,0.00025378098006622555,0.01261770315238062
46,0.0027266518165433547,0.8081771044090017,0.17551211879377157,0.00039857828872101483,0.013185546691962398
47,0.004110920340318707,0.7167887136532162,0.2527916021974166,0.0012430688658962119,0.025065694943152302
48,0.006640476436065927,0.8097071180651249,0.15730153472894365,0.0013651148040351503,0.024985755965830525
49,0.008747140260819445,0.7938574952478996,0.13801078289819468,0.0020538548454506374,0.057330726747635716
50,0.02053905534366021,0.03558315515789571,0.009386874757116248,0.0008453932097701873,0.9336455215315577
51,0.06535428165498088,0.08795483053060049,0.00016604234962484322,0.0007961574437357367,0.8457286880210579
52,0.3068678165823881,0.11464924408114105,0.0001241766642527965,0.0010318555904349298,0.577326907081783
53,0.634492396898908,0.2912263197314157,0.00022031617598478062,0.0017275354984822387,0.07233343169520927
54,0.32264907245605756,0.625630824768464,0.0007645126642732813,0.0017464106106889576,0.049209179500516224
55,0.3924635178964417,0.4367722306934233,0.002294490220121829,0.008604175583708278,0.15986558560630484
56,0.08612010095123604,0.8835197887361088,0.0017396348845253311,0.007262772774856265,0.021357702653273438
57,0.060933548281034935,0.8412426382758854,0.05099937785128564,0.002796793895801978,0.044027641695991986
58,0.09957860790460248,0.2883726168263361,0.0010672631390962173,0.0026042557934342434,0.608377256336531
59,0.18587544264217754,0.737007501758247,0.0003515924729981387,0.0022148329355377175,0.07455063019103955
60,0.1954329021291539,0.7678936472294933,0.00034384453894655963,0.001806462993458925,0.03452314310894737
61,0.1291996622206757,0.8485087828419698,0.001217636698676668,0.0007270147521445397,0.02034690348653318
62,0.04612779407765714,0.9357843372456548,0.008037804605600727,0.0005952022627257694,0.009454861808361489
63,0.04452519969731513,0.9370855356338321,0.011416437187444171,0.00038567790520014066,0.006587149576208474
64,0.03402283360795355,0.9136845095829464,0.041016949922891906,0.0003401367265811179,0.010935570159627001
65,0.10480755950195815,0.8506915521305182,0.02508245526797901,0.0008059146992185517,0.018612518400326045
66,0.03071389078976142,0.8749281750273548,0.08363925771202238,0.00023736698921860715,0.010481309481642803
67,0.05413975894362381,0.873710287355107,0.05981583772219105,0.0005877597533250712,0.011746356225752846
68,0.017898766462097253,0.936081150153428,0.036180174122332855,0.0005113413656818609,0.009328567896460162
69,0.005938960619851231,0.69060543241856,0.28523966051952465,0.0004373678535293946,0.017778578588534735
70,0.0034882460590025133,0.5811510658901472,0.40175378480404733,0.00035989039299687167,0.013247012853806066
71,0.007450233787822449,0.6597586729496179,0.30316482319201743,0.000926326101078641,0.028699943969463505
72,0.01096166249527059,0.7400765452691491,0.2040714931503059,0.0010308822022883247,0.04385941688298597
73,0.01320813320651859,0.8165139568004934,0.13482777383297265,0.0015381088954773527,0.033912027264537896
74,0.013170534034928101,0.6660050056048161,0.3049435660238337,0.0011671651968223266,0.014713729139599748
75,0.005931596142629572,0.4885730796843364,0.4918513675160088,0.0005736873346008919,0.013070269322424336
76,0.01867432950051495,0.6766255514487924,0.2499292621119958,0.002226055970937089,0.052544800967759604
77,0.0074046074926730114,0.7255054588228753,0.2460204330793001,0.0014476054610348655,0.01962189514411676
78,0.01192548596684628,0.765032223998299,0.19938012698882715,0.0017415759492138427,0.021920587096813788
79,0.012191922050475505,0.748642020944606,0.22043982764714268,0.002031432377870333,0.016694796979905533
80,0.008771722657638833,0.8297562124505666,0.14251572061760684,0.0021269436170725073,0.016829400657115166
81,0.0020580833213940633,0.2762400398712622,0.7106034285872654,0.0005024187637561406,0.010596029456322282
82,0.007410621366105913,0.7924791788355146,0.18144179331544436,0.0016298196070804708,0.017038586875854862
83,0.0023476801878270924,0.3989383524722589,0.5804564409981722,0.001095526587754511,0.017161999753987307
84,0.01060511132762399,0.7545706674455362,0.20757626554953826,0.004917538105767914,0.02233041757153339
85,0.0038347716761562957,0.6319765496680085,0.35047505349640495,0.0017612450858017798,0.01195238007362858
86,0.011847836530937132,0.8004867680763275,0.16085828174562247,0.003404552876992155,0.023402560770120723
87,0.019041242218237057,0.7854567137080524,0.17951859975704884,0.0041609254833578115,0.011822518833303899
88,0.0038761077037474975,0.5899824879719074,0.38964648206662433,0.0015912313005347221,0.014903690957185814
89,0.005761237011595423,0.6867695720472591,0.29353152836137636,0.0017875264967077925,0.012150136083061442
90,0.004785629098714278,0.6330786278925417,0.3518211401828168,0.0015199600991656532,0.008794642726761538
91,0.004978536230913564,0.44400833039247634,0.5387311575644355,0.0013985471424541626,0.010883428669720547
92,0.005654574113928974,0.5823754000252493,0.4036698831452798,0.0014341842743483717,0.006865958441193618
93,0.00808253102493045,0.7576304111464904,0.2197998541940658,0.002048580303018989,0.012438623331494083
94,0.007542709956503401,0.7488775598238495,0.224099976024777,0.0016979765621589248,0.01778177763271112
95,0.008159401335956383,0.5341838628995255,0.44390247543131767,0.0013990187982447376,0.012355241534955853
96,0.0020861021836864097,0.4920184232925882,0.4981772585467542,0.000626231082823645,0.007091984894147424
97,0.003194370385798176,0.6621319001278677,0.3262758908415834,0.001391702916248739,0.007006135728501837
98,0.009154330527544859,0.7981368648309028,0.16903503989798568,0.002297635190863953,0.02137612955270264
99,0.003181571078369535,0.5015735102274439,0.484471016160782,0.0010897670056602784,0.009684135527744268
100,0.00532486077744801,0.5987023792203379,0.38595960829696024,0.0017274598031618476,0.00828569190209179
101,0.017323661229524855,0.776626443734681,0.18008475213618078,0.0035107036328890966,0.022454439266724243
102,0.0055994314508609755,0.7255624210582867,0.2580109743438198,0.0017646577612675618,0.009062515385764913
103,0.010186327521894946,0.8213886395597088,0.1534167503870201,0.0036422314277636367,0.011366051103612598
104,0.006135437893016698,0.5664593027494876,0.41754599599396197,0.0015995808364372176,0.008259682527096456
105,0.03108899692421971,0.7677969805496371,0.17005079143510082,0.007546039173944705,0.02351719191709781
106,0.007165622486597118,0.7610295133930595,0.20575822123806234,0.004097286112951509,0.021949356769329652
107,0.0023320554399187026,0.3337231660986313,0.6570227248615387,0.0005924895306801905,0.006329564069231257
108,0.01962627610724594,0.6530329127194089,0.27292764337141706,0.007893461464863933,0.04651970633706407
109,0.006994686478323534,0.7447250196908064,0.23119544398845512,0.003733587947522548,0.013351261894892236
110,0.013089578452486638,0.7424481898362401,0.22587432873717952,0.0021015288894395065,0.016486374084654327
111,0.01830097563230947,0.7184078450646636,0.24628252748401028,0.0042236659538594816,0.012784985865157071
112,0.002296870906953461,0.556804353764714,0.4349785443180009,0.0010997487636682192,0.004820482246663397
113,0.017276966233160163,0.7132972535920331,0.2511162751446251,0.0037565371707561244,0.01455296785942547
114,0.003498351861957863,0.6659249810100862,0.32382067403667963,0.0019069320671403242,0.004849061024135936
115,0.003449573055418806,0.5820360677737734,0.40923200992581416,0.0016503782684940077,0.003631970976499432
116,0.003267260199061857,0.7779182606284806,0.20921199876020344,0.001162176416529617,0.008440303995724728
117,0.0024052386712979856,0.6603374902014449,0.33071659302776557,0.0015839422000689758,0.004956735899422525
118,0.0025820295969227413,0.19430263250174823,0.7986493309443066,0.00039509294506927706,0.0040709140119531305
119,0.0009943279158080701,0.5495699195789538,0.4448101856601956,0.000673165843273203,0.003952401001769376
120,0.010230367348308636,0.7843833777223497,0.1918999856504401,0.003796609107388477,0.0096896601715131
121,0.005415586101984228,0.7057561840737,0.28077601886089915,0.0033156755694453885,0.004736535393971335
122,0.0034417337177071196,0.5518906252440497,0.4401595221819561,0.0017202309101846571,0.002787887946102356
123,0.007049439221476168,0.5720283348506014,0.4115374641998755,0.0025813791230828815,0.0068033826049640755
124,0.002463341500705004,0.3414375702111947,0.6518485174828521,0.0008160056512828206,0.003434565153965239
125,0.006661366906661896,0.4528842851714647,0.53422673283134,0.001535419476022519,0.004692195614510955
126,0.004150829034629217,0.7386506047617691,0.25024920248926763,0.0013034205758618751,0.005645943138471975
127,0.0011192268705835261,0.6154310672157557,0.3777701075519887,0.0007191313772089204,0.004960466984463174
128,0.004158226376415751,0.7920361922944574,0.19449226731509658,0.0011760260097847476,0.008137288004245426
129,0.0394061875104327,0.8900041276926234,0.054313756001421486,0.0023361036653259093,0.013939825130196539
130,0.04009420721549377,0.8663661085181673,0.08157317180354334,0.0020034459909855835,0.009963066471810188
131,0.01984308276114452,0.8746390860128174,0.09719004187448577,0.0007851852363285299,0.007542604115223944
132,0.012973493774877823,0.9233592858442816,0.05622783096445591,0.003527128872535612,0.0039122605438491175
133,0.0033161461894797824,0.771762847085326,0.2212408403694269,0.0006687755783796859,0.0030113907773875433
134,0.0063152420564833505,0.8165099200761455,0.1711782026289391,0.0021426581679590334,0.00385397707047305
135,0.004282769205960322,0.879317132872841,0.10968315177371189,0.0028723028960669127,0.0038446432514198216
136,0.0019186117083895872,0.6556886554778824,0.3383774792246097,0.0012237434684037182,0.0027915101207146124
137,0.15072416996935362,0.7234857446760016,0.02068256665051804,0.03305346221960182,0.07205405648452488
138,0.045382633819656105,0.9182814974317827,0.02330587228531525,0.005753497583099076,0.0072764988801466875
139,0.017716896203692087,0.9375370007509836,0.03907461394355791,0.0019600995444802025,0.0037113895572864143
140,0.03029699476512032,0.8403503591158799,0.1218279551662535,0.001974640743820851,0.0055500502089254975
141,0.020519891991931907,0.8630025844083306,0.10478187636766878,0.0018200564574927388,0.009875590774575895
142,0.008816065390107394,0.7106245484821581,0.26732586813096176,0.0011108231589354778,0.012122694837837168
143,0.013346356932285924,0.7792141479595308,0.19680298894082016,0.002121704413155319,0.008514801754207732
144,0.006572784900728124,0.8061216731572199,0.1759793214716332,0.0014040637252528058,0.009922156745165892
145,0.0030336458485491127,0.6349975384324216,0.3504258336359358,0.0012012848565768335,0.010341697226516624
146,0.0074536046153116636,0.6601051535175464,0.31231545187283705,0.004299562700818236,0.01582622729348662
147,0.003097130012452465,0.5329756374732785,0.44866106945979745,0.0012060734633066747,0.01406008959116501
148,0.0034405699291612563,0.6013025475789138,0.3811472667464241,0.0018072830129158433,0.012302332732585037
149,0.007888112381299394,0.5501510924369241,0.41708464838590986,0.0026546444485242592,0.022221502347342534
150,0.004519650147777772,0.6364702016454815,0.3440293222550621,0.002586271822789471,0.012394554128889056
151,0.0027596606670579945,0.48788233804746955,0.4984089600149336,0.0016279213961162995,0.009321119874422551
152,0.0018142137415451249,0.22016754691706628,0.7661158315314519,0.001161358822488138,0.010741048987448475
153,0.006519646119235244,0.5409922410885079,0.43606402998874977,0.0022756661088712076,0.014148416694635851
154,0.019579413444289928,0.6136125651671919,0.3385720644232856,0.008473529278904079,0.019762427686328337
155,0.009053486558443373,0.4881816815759896,0.47087007360496974,0.004928298850190283,0.026966459410406984
156,0.11587699318606885,0.24664114201803145,0.0017132059328666548,0.10844101350837004,0.527327645354663
157,0.10727602766186535,0.13401773513091314,0.0005321165532432388,0.04499203885543885,0.7131820817985394
158,0.09736936999991724,0.059344431831821025,0.0004513344885483779,0.013807780936746294,0.829027082742967
159,0.3404109197718008,0.4992260459722649,0.00023512907818870287,0.01600243410515004,0.14412547107259555
160,0.3665304833555509,0.47352889190486974,0.0012592481884457745,0.018984416272524646,0.1396969602786091
161,0.3655152089683658,0.2671391355282602,0.0003007044972091124,0.047034577736955054,0.32001037326920984
162,0.23566408984668064,0.5121502047406009,0.0005381877341151216,0.10530173514938351,0.14634578252921968
163,0.1538019797938811,0.35263277768967094,0.00017846277109803742,0.04239311401977817,0.45099366572557176
164,0.014024982573460427,0.04172561020345767,0.0149005942779736,0.003026762604956255,0.9263220503401519
165,0.2567026880780829,0.14621023962051596,0.00037732553920401935,0.024304137218008906,0.5724056095441882
166,0.4608321246821444,0.2998843624151243,0.0006195362588379355,0.012680877056539745,0.2259830995873536
167,0.6944718426049972,0.13182033522664627,0.00024041088076690907,0.020813750679090925,0.15265366060849878
168,0.32324949087146115,0.6422345659533766,0.00020063280194457093,0.014426005754673088,0.019889304618544573
169,0.3774467194702769,0.5256693995754759,0.0002220268342849819,0.058205375948890165,0.038456478171072145
170,0.07103438250739669,0.899284357153457,0.0005468520412558989,0.020514147628445493,0.008620260669444822
171,0.13503066511339654,0.7539353858031108,0.0006735895359405609,0.09855059168934266,0.011809767858209487
172,0.02305471446618373,0.9462578787521245,0.0009376313960806189,0.025956331355717153,0.0037934440298939567
173,0.03913242713997406,0.874706251103655,0.001888059714604618,0.07234049044737925,0.011932771594387269
174,0.02573640022254347,0.8984434284362419,0.00041099554056638776,0.0696053521121726,0.005803823688475782
175,0.03642794714314721,0.8284638625069611,0.0005891703499326784,0.12418586277735937,0.01033315722259972
176,0.08305609704085061,0.5849060543010126,0.0005719857392458254,0.3196991129467274,0.011766749972163544
177,0.016938577074840266,0.9194275763607928,0.0021484692201276605,0.05509187452382023,0.006393502820419072
178,0.035776134552713494,0.6620298048955338,0.0005407986596847832,0.2952810173823423,0.006372244509725422
179,0.05642345135500244,0.7764866870397805,0.00041996695395371124,0.10929912142294923,0.057370773228314235
180,0.12149932012048328,0.46580625981341844,0.0003547515670365042,0.31531637688528924,0.09702329161377254
181,0.15839949273121612,0.30110733584897126,0.000189768592147431,0.5107526956698514,0.029550707157813813
182,0.19173640303186906,0.11559669515807519,8.808290933447306e-05,0.6541146373867884,0.03846418151393287
183,0.09736565045951387,0.30582297279950726,7.180116208980611e-05,0.589469219012216,0.007270356566673113
184,0.11249902671284547,0.27734150785922285,0.00018281116448056576,0.5707781133618685,0.03919854090158264
185,0.1463457700242444,0.17376957531807932,0.00011675724628489388,0.6551504999715965,0.024617397439794894
186,0.09141703537492508,0.08459641539958185,6.946446522915499e-05,0.8052303799986307,0.01868670476163325
187,0.054572352838521354,0.21431926249145722,6.016720473123896e-05,0.7091946642115304,0.02185355325375981
188,0.07365842051809253,0.08636082668738199,4.530022196002131e-05,0.8056548266655764,0.03428062590698915
189,0.1276149595016586,0.04207352903428946,2.6668938527865704e-05,0.6652064992826489,0.1650783432428752
190,0.14212748613559936,0.2632286694380366,6.681948508994911e-05,0.35718928308740094,0.23738774185387318
191,0.2736778071431425,0.16760205477280052,5.979915805413644e-05,0.5262496882463301,0.03241065067967277
192,0.19883681303667847,0.11106511197540574,7.911275094684957e-05,0.6090691524936165,0.0809498097433525
193,0.11592080430195216,0.07538098604326063,4.797713778719155e-05,0.5452141169325133,0.26343611558448676
194,0.05850799064612339,0.044452465030342704,1.430518051769897e-05,0.8811037683569015,0.015921470786114653
195,0.09445245448618997,0.04695705391113699,2.2185447901877326e-05,0.8335152165559727,0.025053089598798456
196,0.08058830620079527,0.13240938391283744,4.024676346922937e-05,0.7735274320381332,0.013434631084764828
197,0.0359201244207671,0.14142332429623078,3.331223635716004e-05,0.7990844835723717,0.02353875547427329
198,0.04447881660099105,0.056572798266529445,2.5495745696423524e-05,0.859047598402037,0.03987529098474606
199,0.03872789016378646,0.01988825211047497,2.157178074256727e-05,0.9280509032088712,0.013311382736124852
200,0.03490929309258133,0.01816980586496512,2.6130044920180072e-05,0.9387668260145974,0.008127944982936086
201,0.03114163815738903,0.02382789186680188,1.4512658785415428e-05,0.9246993214624148,0.02031663585460885
202,0.03440752352214608,0.05187799476248058,8.927228609371363e-05,0.8703698290041938,0.04325538042508578
203,0.06442615644301251,0.06175919078314419,0.0009971797652889326,0.7748087370510559,0.09800873595749848
204,0.042850918769766384,0.007984836723212653,1.1060859853828922e-05,0.9349735996090126,0.01417958403815457
205,0.045300437263705175,0.008205680865905797,1.9875467719092903e-05,0.9296718328910599,0.016802173511610057
206,0.016764545954033906,0.003851335426324357,1.0171216556823782e-05,0.9678343215378364,0.011539625865248631
207,0.017659424144892286,0.006219098704565834,1.8146082933034272e-06,0.971138198092433,0.004981464449815653
208,0.01278938934128245,0.006842175902684825,2.263721988220691e-06,0.9769371733065566,0.0034289977274878465
209,0.018962294834690068,0.0045877850670031795,1.440191266291103e-06,0.9649703779970531,0.011478101909987345
210,0.028977033645081002,0.005934554629811811,4.9133578312314165e-06,0.9584124805919705,0.006671017775305411
211,0.05764098002464791,0.01563800616358229,1.851817202482486e-05,0.8952584284868181,0.031444067152926886
212,0.08717232562228729,0.0706181716058958,4.063057432688241e-05,0.7829379136863904,0.05923095851109964
213,0.16799681146754766,0.02577231473963642,9.83142486198079e-05,0.2578992946971917,0.5482332648470045
214,0.16240518511317473,0.06927364617480378,0.00012010722083243011,0.20753458989510903,0.5606664715960801
215,0.21300159473663596,0.04183285049112775,0.00010062856731159208,0.3891046139365069,0.3559603122684177
216,0.07175322586094102,0.14117928649573075,0.013366227572802761,0.02256569674018925,0.7511355633303363
217,0.0646503273204996,0.04906878722135994,0.0006124929582241121,0.20027322843132953,0.6853951640685868
218,0.03268160568708174,0.012991996851381415,7.250043030908794e-05,0.2272322992608897,0.727021597770338
219,0.052250929450167176,0.013116682343396668,8.469875229004187e-05,0.2090712268144824,0.7254764626396638
220,0.05331254057895313,0.016406690601904503,4.82887392202137e-05,0.4110734460195879,0.5191590340603343
221,0.0325081636650523,0.04517258229490986,0.0010464974752969565,0.22880798861173046,0.6924647679530105
222,0.023633486122762316,0.01848367012083266,8.399886974079988e-05,0.19168954419195433,0.7661093006947098
223,0.04170353623998686,0.0057183700667284044,5.790176963605757e-05,0.16705877570060662,0.785461416223042
224,0.04036843495638869,0.009753664750034422,7.097830010088218e-05,0.7572856257300654,0.19252129626341072
225,0.0274292208322372,0.005373014539527247,3.160160018055474e-05,0.368938964668904,0.598227198359151
226,0.02381246083493327,0.005555265895920412,2.120937891375593e-05,0.12779314844665715,0.8428179154435754
227,0.02134220624608587,0.008101989587369395,2.1634743165307352e-05,0.09853355697622242,0.8720006124471571
228,0.04555231863896574,0.003993637133236469,8.441854581700092e-06,0.04256983627210078,0.9078757661011153
229,0.5164495688342589,0.03627569672334894,6.857907533763829e-05,0.2542174339882529,0.19298872137880166
230,0.5380520312001229,0.04244256907149848,3.11781040606216e-05,0.3266095602808438,0.09286466134347415
231,0.12620257026723383,0.011630621820997031,3.0149000602561097e-05,0.801438190679303,0.06069846823186358
232,0.020343170998638985,0.02254792229245076,3.6173325053554725e-05,0.9243661549390076,0.03270657844484913
233,0.019405828988687007,0.016577084692560997,2.5194331918626505e-05,0.9401146743525255,0.0238772176343078
234,0.028130532304792538,0.02076520313024137,1.809088483610732e-05,0.9289260108419994,0.022160162838130597
235,0.02572680283635042,0.019507572708289428,1.9035680385980253e-05,0.9295500804661045,0.025196508308869672
236,0.05445848019754131,0.012686204612657728,1.5103624150844606e-05,0.8512572907790159,0.08158292078663412
237,0.06160243737072387,0.021683220470861204,2.393901012938457e-05,0.8715466129903223,0.045143790157963194
238,0.07160761707343644,0.007676205606715902,2.496154252287487e-05,0.72139016712194,0.19930104865538475
239,0.06056093394030193,0.11100188579379186,8.0193027340762e-05,0.7625370100522847,0.06581997718628088
240,0.04531824479383095,0.016179957839957303,3.3269867172195186e-05,0.761266873754871,0.17720165374416852
241,0.018639499379789495,0.024331167504074318,2.6222490272321578e-05,0.8767526765274688,0.08025043409839523
242,0.02101738055481919,0.005804880157991219,2.5852643761921614e-05,0.9433419882744967,0.029809898368930988
243,0.02417957646562816,0.004844757256333002,8.301426741408507e-06,0.9284445373265465,0.042522827524750895
244,0.012972549661113471,0.012014852804728771,8.250049917372823e-06,0.9612674905184965,0.013736856965744003
245,0.01885398341053306,0.024324098516596726,4.435786969169361e-06,0.8562774147506115,0.10054006753528935
246,0.045850975256048684,0.009258242360831021,4.692556824384443e-06,0.6794369348668878,0.2654491549594081
247,0.0075953766596763535,0.006930274685843497,4.845137154729486e-05,0.09145346184684719,0.8939724354360856
248,0.04487295669424875,0.004500609213904136,1.6673577780222996e-05,0.037285078845367546,0.9133246816686993
249,0.2677329139793797,0.03296199673926345,3.719285973336893e-05,0.0772641139195734,0.6220037825020501
250,0.19453895362887122,0.0799147344902362,4.244695635258025e-05,0.09900945332732952,0.6264944115972104
251,0.1325213935577446,0.13705599993582762,6.55852545391557e-05,0.08653514735133994,0.6438218739005487
252,0.1008753851699332,0.2537312589475475,7.903224090296007e-05,0.09581987368552042,0.5494944499560959
253,0.06524350559333388,0.26712593297592785,0.00014458277782234834,0.17930500542802477,0.4881809732248912
254,0.07409863752072907,0.4110313584630918,0.00010552955251099865,0.22964620685662648,0.2851182676070417
255,0.06443469974662558,0.14864487778516258,6.294369491625376e-05,0.10228713329716499,0.6845703454761306
256,0.06064727504956939,0.5016810237883852,9.485018371504008e-05,0.16744116555362634,0.270135685424704
257,0.053768607056678734,0.13458461588300913,0.00011048989617145885,0.10357521127932812,0.7079610758848126
258,0.10113965860302236,0.23672513405199147,0.00011588927680964788,0.11661360487393037,0.5454057131942461
259,0.082241004211668,0.6368685126397791,0.00020935317287572273,0.11879824291975158,0.16188288705592557
260,0.10844669581369076,0.4777007952175336,0.00028650418354374003,0.13916091214108597,0.2744050926441461
261,0.07014538147474628,0.23626189311356668,0.0001619086644963428,0.13936198594053648,0.5540688308066543
262,0.05290564079417641,0.8478361369861083,0.00027536981402267243,0.059906520549447596,0.03907633185624531
263,0.08371216286628241,0.6834119925403539,0.00039463969188339824,0.08675358712960426,0.14572761777187607
264,0.08387587388925534,0.3577246527311162,0.00036116163808841206,0.08052410486073083,0.4775142068808093
265,0.1042251717264599,0.6636160114681002,0.0003895092229239569,0.05309104474219465,0.17867826284032146
266,0.18788673293555472,0.5917451940822022,0.0003940310351272499,0.06433051921659876,0.15564352273051696
267,0.024622616130572345,0.9092252574550639,0.0002652946965028074,0.019826027890730943,0.046060803827129876
268,0.03159900302268779,0.9021426425481176,0.0003020214790287962,0.039393749605944196,0.02656258334422153
269,0.05978533065610246,0.8755405623525653,0.0011608527661218413,0.04886212985544988,0.014651124369760635
270,0.02256921248354839,0.9023076659008092,0.0006194397786633531,0.0697725658242764,0.0047311160127026
271,0.043528344559160374,0.8231552098931629,0.0006196639209700869,0.11837359110286709,0.014323190523839456
272,0.05587305442134298,0.82749648654567,0.0002182757983847636,0.10250125332827721,0.013910929906325193
273,0.028604875634150047,0.9167337642750434,0.00031614316704075244,0.049704958695750395,0.004640258228015473
274,0.010401880408549526,0.9811408874418537,0.0008920114801883579,0.004778078534080635,0.002787142135327844
275,0.015101032365410924,0.9672055053914025,0.0015470159281766997,0.011479998188645027,0.004666448126364759
276,0.014722122242191625,0.9468752629990481,0.0042852112890319136,0.0188571806300399,0.01526022283968857
277,0.02597376254251824,0.9051021031535196,0.0020310963374218526,0.06146901160641361,0.005424026360126542
278,0.07366660872177105,0.8401744836296463,0.002610220823371086,0.03423411231857729,0.04931457450663424
279,0.05229515648051786,0.9152932493751895,0.00451769464068537,0.017930296671426336,0.009963602832180852
280,0.023781389681583363,0.951049109677471,0.001587248412671087,0.01711036809981201,0.006471884128462721
281,0.023925069182826025,0.9542448152395576,0.003322143125243575,0.016386826242008937,0.00212114621036391
282,0.00915623524109766,0.9620444478858146,0.001981810615014948,0.018651972547797564,0.008165533710275355
283,0.007157626778343479,0.9684863555967863,0.0041362778446338115,0.015910186147692535,0.00430955363254406
284,0.04347924849968144,0.8168725945311276,0.00323788721158996,0.11327787843091494,0.02313239132668618
285,0.024695433269715714,0.9001870248011213,0.0014143463343003644,0.056282362766502995,0.01742083282835957
286,0.19493312031648113,0.16862248842927005,0.0010703579030200334,0.027049347348574122,0.6083246860026547
287,0.1376057252714343,0.8166799540657692,0.0001463083869781725,0.021025378636445772,0.024542633639372393
288,0.18967086409876524,0.7717227768323017,0.000410519041125156,0.010600012185749366,0.027595827842058433
289,0.1356090651174891,0.834459330974505,0.0002568113219908622,0.005067750796534517,0.02460704178948062
290,0.0845249459165777,0.8579474265094171,0.00039371962455881363,0.023302585559003015,0.033831322390443196
291,0.013611597427033242,0.9779139666749226,0.0005698129139778007,0.004075403544738383,0.0038292194393281156
292,0.029901974855967347,0.9486228416234236,0.0012003630927876104,0.016419683651799508,0.00385513677602183
293,0.03201490559384553,0.9310557061753079,0.0015458338512351639,0.02467038133070196,0.010713173048909314
294,0.01929366839312603,0.9485385700949128,0.00039297315757983717,0.02359805721486963,0.008176731139511445
295,0.020373543309076547,0.9560179435829161,0.0016885303474174175,0.017642895341880224,0.004277087418709781
296,0.022580846075818124,0.9458581828968254,0.003936969623815561,0.014226247348336147,0.013397754055204976
297,0.06836936600116751,0.8828364176150216,0.005174372894862499,0.030754942971095232,0.0128649005178533
298,0.021683531745874503,0.956571804648408,0.006004140340836384,0.007397323600575242,0.008343199664305887
299,0.018020583103143917,0.9613295722839542,0.0037871961713028296,0.010513519353194441,0.006349129088404529
300,0.012923980144396042,0.97184121187173,0.006471849998857381,0.004106274779293927,0.004656683205722671
301,0.026202018746296487,0.9561095568595377,0.0057714789849654885,0.005462509576047454,0.0064544358331528225
302,0.007845346164093048,0.9664585390105208,0.018806702868258807,0.0044883249102524725,0.002401087046874862
303,0.008389383442655381,0.9761868139256425,0.010307370118088037,0.0024255345161829896,0.0026908979974311614
304,0.0033549141892440103,0.9233050694140084,0.06641874906231252,0.0019308246950734658,0.004990442639361709
305,0.01564433223443348,0.9460434166704876,0.029581003039757827,0.004476251840113064,0.004254996215207936
306,0.019904142122565412,0.9435427043401521,0.026426188535299718,0.0060809249602609295,0.004046040041722001
307,0.01821732664567819,0.9067120630255554,0.054195009308303385,0.011857738337389461,0.009017862683073252
308,0.0630960561456362,0.8894323904193545,0.014355454241343863,0.014803102447042159,0.018312996746623334
309,0.05448844427060927,0.8959278506381324,0.009083882084435111,0.023508688811031322,0.016991134195791995
310,0.17358168639772173,0.7254367829559074,0.0032449805303321356,0.06504566867933097,0.032690881436707696
311,0.05835415312086129,0.9179213808110872,0.002999429988293622,0.014188128837846785,0.006536907241911129
312,0.10356183816762887,0.8582346920141338,0.0021877695107506844,0.02095084609317398,0.015064854214312707
313,0.060780974742292014,0.9160374615219259,0.001352214779598543,0.01489440107028883,0.006934947885894657
314,0.11339795542098423,0.8120945237286491,0.0006103465372964062,0.030599833553511323,0.043297340759558926
315,0.05042810848477296,0.9222427524169099,0.0011830477880665916,0.018932131812817464,0.007213959497432882
316,0.07055738413387122,0.881935457311723,0.0014684678619129882,0.027604788862492086,0.018433901830000515
317,0.10295094491836064,0.7827247588209608,0.011514519269333334,0.013527339209158653,0.08928243778218664
318,0.2790380490646632,0.6173290248034796,0.0020252153460733114,0.029834146407691598,0.07177356437809224
319,0.14947685094043853,0.8117456470904109,0.0006170091523248636,0.008915311409750498,0.02924518140707518
320,0.289100066559468,0.6797724782249047,0.0007535007371866073,0.004579760777580704,0.025794193700860158
321,0.10223808788861632,0.8760211062492939,0.003965371106716667,0.005247040946303704,0.012528393809069503
322,0.07066973162171233,0.9189559473033009,0.0037373175567524336,0.002517318238102634,0.004119685280131714
323,0.09473786837653479,0.8794529571685162,0.013403447381573943,0.00450758537388981,0.007898141699485165
324,0.043010227547826296,0.9191069367863267,0.023954274515407388,0.00579332003187253,0.008135241118567029
325,0.031367287708423855,0.8956720342334714,0.058065750180097894,0.005557258357957035,0.009337669520049724
326,0.027479804593017052,0.8174867413218748,0.11728953212663712,0.011620667688128555,0.026123254270342417
327,0.046867678674377286,0.8396687820076535,0.0866228804925683,0.011966098389544065,0.014874560435856577
328,0.01321121584112011,0.7117902950998558,0.24489257822683144,0.00733795314163894,0.02276795769055379
329,0.02132798075821782,0.6584984290431517,0.26253367365370156,0.011525585684739667,0.04611433086018933
330,0.020943517521666174,0.6190783527971783,0.3186029050743605,0.011764178624611573,0.02961104598218354
331,0.01573095340630114,0.6440234955665366,0.2983616186995902,0.013232174568193915,0.02865175775937809
332,0.015610510475505034,0.7730963133274604,0.1667538867989944,0.018758860165858034,0.025780429232182225
333,0.004046541816806606,0.3928120191572252,0.5717009857352858,0.008298232018490554,0.023142221272191815
334,0.017395609255103733,0.681060360760991,0.2380279804282669,0.024428396165694748,0.03908765338994378
335,0.00520351187774108,0.620202021394146,0.35004623355284825,0.007203995949213792,0.017344237226050892
336,0.003997174740274197,0.30498738812493,0.6586456261755775,0.009060953459611233,0.023308857499606945
337,0.004806234677084517,0.4524705458876011,0.51003564718695,0.011597286018983678,0.021090286229380643
338,0.00570046709793719,0.4703949183696534,0.47404198410824383,0.016475435533407603,0.033387194890758004
339,0.038845659953479966,0.7013268457647832,0.17762903377445172,0.03460018564389856,0.047598274863386573
340,0.013143062181532451,0.6480816573922364,0.3068074920815471,0.011710220337994907,0.020257568006688955
341,0.01177743939695938,0.7801002869348589,0.18305184427645452,0.010168609179203782,0.0149018202125234
342,0.008258335429552562,0.2406390547270354,0.7070515921971728,0.011927583914600831,0.03212343373163835
343,0.00665281973523081,0.4285188909926397,0.5338509446110695,0.009851217332496451,0.021126127328563626
344,0.008047443969355519,0.60014293493879,0.36439535227500097,0.013083266961501347,0.01433100185535218
345,0.01975602251027042,0.5797662459622369,0.35602877365784474,0.018420009107350928,0.026028948762296927
346,0.018546829516236468,0.5843078721048224,0.3561481640127967,0.020391234492920393,0.02060589987322399
347,0.009678949429157237,0.7838469177548146,0.1824380168970163,0.01053737465487411,0.01349874126413765
348,0.00572344144249674,0.572706555741934,0.3938921333821585,0.013006212609756401,0.014671656823654447
349,0.014684551730373547,0.6116009990539608,0.33152351381412987,0.0231863989669666,0.019004536434569057
350,0.01231449387844335,0.5358598417562248,0.40282337745648467,0.027254142552452832,0.02174814435639429
351,0.012927906832077727,0.5742940527806134,0.35367322182629163,0.03345899673599332,0.02564582182502388
352,0.0035322109529647584,0.3665148663121096,0.6056285197898457,0.013013835555661275,0.011310567389418536
353,0.014495743601407995,0.34139329770162585,0.5334348212957318,0.06939133030023163,0.04128480710100269
354,0.01679508819461247,0.5587450490150689,0.2902660773228967,0.09992698224904922,0.03426680321837256
355,0.03129495398106472,0.4550964038487806,0.3307297914188138,0.11705938209915898,0.06581946865218197
356,0.054146394664036125,0.5404013295875667,0.18023772419700193,0.18177862819441418,0.04343592335698109
357,0.03499006299661482,0.464100332753422,0.308090781586019,0.14398677156716633,0.04883205109677773
358,0.05639524596804967,0.3213665091177874,0.1450507535404639,0.4075453142031087,0.06964217717059036
359,0.03341295805086477,0.417891091191633,0.1811521495087055,0.31951888076361595,0.04802492048518075
360,0.0747262141596965,0.22239159607133385,0.0035252030982202455,0.49416596708289606,0.20519101958785338
361,0.157681629190326,0.19405536195255055,0.00030039645326928856,0.5522512856531165,0.09571132675073754
362,0.24652237460412801,0.4135671379819817,0.0004215506793168612,0.24144832262191326,0.09804061411266014
363,0.2697550907504548,0.5506239578946642,0.00011195897068885686,0.07506990613841653,0.10443908624577551
364,0.2522069124016126,0.6135873640080771,0.00014329302212492392,0.06597049200603763,0.06809193856214761
365,0.33206478367259623,0.5036354403880776,0.00018656085519849031,0.09832092296086677,0.06579229212326085
366,0.40248836490580975,0.41912393939490955,0.00011889383084727439,0.13702134784576492,0.04124745402266857
367,0.29484876037876945,0.5259212753135561,0.0004524128424624923,0.168017579436181,0.010759972029030873
368,0.1752979341746061,0.47533974055982336,0.00035564305620064727,0.33625100161132304,0.012755680598046827
369,0.08428630169800452,0.7336380201483625,0.00021510107052833175,0.16288936596002446,0.01897121112308005
370,0.03011434734714252,0.9235372020128982,0.0006752267230794327,0.04261745209067231,0.0030557718262074988
371,0.05720356529612402,0.82591036438998,0.00057387123189658,0.10756009141891802,0.008752107663081257
372,0.07144310103242876,0.7771536185031881,0.002784995479388954,0.13421930290052442,0.014398982084469696
373,0.04005645536559625,0.8996682962348704,0.005023928490366233,0.048073705033542004,0.007177614875625079
374,0.14621657399255322,0.628673461655724,0.0019127609623165378,0.20521975550946125,0.01797744787994501
375,0.051418217188487575,0.8994818932584779,0.0014776691891103964,0.03913043708501263,0.00849178327891135
376,0.224277283441152,0.5443372420190834,0.024688377614776127,0.04252584396079293,0.1641712529641955
377,0.2813820826968051,0.5927674366730641,0.0005735102670816457,0.018217416164037294,0.1070595541990119
