epoch,N1,N2,N3,R,W
0,0.011630549306524645,0.0013083078504606727,1.6118633074829827e-05,0.00011540405354270791,0.9869296201563972
1,0.022106925528145586,0.0031054350123459664,2.819624731520282e-05,0.00020013324051810008,0.9745593099716752
2,0.01931116421214787,0.00425225627776945,3.105274863459064e-05,0.00018828603190242026,0.9762172407295457
3,0.027961637203562928,0.0038264603414175434,2.0186769801329004e-05,0.00024034129216705114,0.9679513743930512
4,0.12378613118847082,0.029714795277987562,3.5379789147925596e-05,0.0011536406677363326,0.8453100530766574
5,0.13586639821137772,0.051014820179497135,8.525269449797495e-05,0.001139326298994805,0.8118942026156323
6,0.09144223487665823,0.07113602839317894,0.00013806799931080996,0.0007750983234716058,0.8365085704073805
7,0.13534194881008882,0.16311781606324838,0.00021073622293849646,0.001591754033939436,0.6997377448697849
8,0.1442700712828115,0.16189386084984805,0.00027863683035852046,0.004454868100809455,0.6891025629361726
9,0.09857063870077391,0.39917279010444506,0.00027965697361598046,0.002238597877096805,0.4997383163440683
10,0.06306148228365967,0.4700436781349047,0.000895284121552759,0.0029673842721430355,0.46303217118773965
11,0.03437835912121211,0.3517807926817835,0.0005385585513557417,0.0006577520461517236,0.612644537599497
12,0.1033983269698632,0.49214811939869135,0.0004038480889677888,0.0054966215612816316,0.39855308398119604
13,0.02533791666245553,0.08177435434158561,0.0004508138507523306,0.0012789182235949557,0.8911579969216116
14,0.09797311973310444,0.2678116620300542,0.0002254821587467167,0.007720569926641232,0.6262691661514534
15,0.001883306727135542,0.0010726988925416905,2.0022712592115963e-05,0.00018227853234130346,0.9968416931353894
16,0.0002895275585718655,0.0002337630465882036,6.382607861315034e-05,1.8268164368471767e-05,0.9993946151518585
17,0.00016883331801096938,0.00021929384891603113,0.00011003772355765738,1.201989000083216e-05,0.9994898152195145
18,0.000182219559371499,6.510808969957565e-05,7.505233835334118e-06,5.150350762333386e-06,0.9997400167663313
19,4.929041187461597e-05,2.9088673191979924e-05,2.3606170714036173e-05,1.319785316570568e-05,0.9998848168910536
20,0.00010434740739902578,6.020880298620214e-06,4.6292157380009325e-07,8.901659035365995e-06,0.9998802671316932
21,9.578195386793755e-05,1.9775935709955075e-05,4.833023178082226e-07,4.447127299083715e-06,0.9998795116808051
22,0.0008967797660229619,4.786503600047979e-05,2.4958428364126082e-06,9.67810498682285e-06,0.9990431812501533
23,0.0023544468017409983,0.000272094384255652,4.797692311691266e-05,1.9223650202335924e-05,0.9973062582406842
24,0.008614266367426815,0.000570737526574572,0.0002256360581659752,2.487086205309665e-05,0.9905644891857794
25,0.06745904906310919,0.008591669009113503,4.145071191710074e-05,0.00016495849278878047,0.9237428727230713
26,0.09699334433427688,0.008899434639686817,1.5642988339027447e-05,0.0003364541934909194,0.8937551238442064
27,0.06913613398802555,0.011804068042304022,1.998236869609641e-05,0.0006099782508477721,0.9184298373501266
28,0.056135360277484454,0.0034147460789874366,1.1959622874612808e-05,0.00046596855656536577,0.9399719654640882
29,0.4306586350685474,0.08635227893287609,0.00019727323228088228,0.0018935526221402364,0.4808982601441555
30,0.3438483895339899,0.36970751119238066,0.0002861080556416941,0.0020330799198604375,0.28412491129812734
31,0.3212077601570218,0.6408566583066195,0.0009764922765405344,0.001100342040396648,0.035858747219421436
32,0.23305920831438484,0.7317982011088894,0.0012289247946961335,0.002264591754818542,0.03164907402721117
33,0.0850763381895924,0.8972945003657723,0.008337107900110328,0.0013567296740878434,0.00793532387043711
34,0.046916646745794134,0.933249303027215,0.012828943744621613,0.0005926268685393976,0.0064124796138300254
35,0.05618683266242693,0.886110677683023,0.028603464714343902,0.001024594669333384,0.028074430270872735
36,0.05432103607634767,0.9178873770365955,0.011342454733483626,0.0008710260114715904,0.015578106142101759
37,0.031837135177302606,0.94533845704573,0.017186773985374847,0.00038702699341224987,0.005250606798180106
38,0.037938243721500696,0.921578361923465,0.03521035492700142,0.00029133515134506955,0.004981704276687486
39,0.016010550336474673,0.9317378192298267,0.04778141280670743,0.00014564690189466527,0.004324570725096548
40,0.0483586283340564,0.930680046353016,0.016627829215522676,0.00031114862996966397,0.0040223474674352284
41,0.010308178237467696,0.901361871385217,0.08464605696827299,8.03284366729769e-05,0.0036035649723693917
42,0.005285063112951182,0.6971991600986961,0.29309679632388447,0.00010056916923007314,0.00431841129523833
43,0.008380378952228526,0.7288269774384905,0.2587727856678525,0.000137853603203361,0.003882004338225146
44,0.00428909654556171,0.673908480928933,0.31758458464608524,0.00010068715847427104,0.0041171507209458716
45,0.004790310801851592,0.7764951151294077,0.2132091559375433,0.00011031468520421044,0.0053951034459931105
46,0.005071306767046416,0.7024117406629895,0.28722317678126186,0.00011645778423377207,0.005177318004468477
47,0.005667991668215077,0.8856435065679661,0.10536955252362584,7.55717099676211e-05,0.003243377530225233
48,0.005260479267043532,0.8794954130107305,0.10976679042639717,0.00012255225401119186,0.005354765041817664
49,0.0016852762586573055,0.4638810501932181,0.530610079083522,5.015540876801187e-05,0.003773439055834625
50,0.003940788307176733,0.7306842854335404,0.2599126651446654,9.512830178158944e-05,0.00536713281283588
51,0.001174781210860894,0.37834536599986823,0.6172239886305604,4.551146414200157e-05,0.003210352694568499
52,0.0010630537622703493,0.4054149565399073,0.5889371718529202,9.383422066566632e-05,0.004490983624236448
53,0.0020404503992134788,0.43851779226300497,0.5543900291573931,0.0001611905206187042,0.0048905376597698485
54,0.0011040171931585567,0.227767397418596,0.7671750161477509,0.00012234107449560084,0.003831228165999083
55,0.0011370212878544248,0.15893681923151054,0.8349379127761397,0.00013642588490770342,0.004851820819587515
56,0.001650145918163143,0.2226963586620127,0.7699966273034565,0.00017559008622551034,0.005481278030142276
57,0.09241443619484511,0.8158200923401916,0.0659215285895501,0.0014704023071872622,0.024373540568226045
58,0.0712289607015066,0.8530814670852113,0.04062696788165219,0.0005579870569442765,0.034504617274685664
59,0.10961866811540968,0.8624700419620377,0.020353134812408455,0.0006973357964621537,0.006860819313682074
60,0.018437062606507924,0.9283909713454228,0.04927737880788215,6.083649235233398e-05,0.003833750747834805
61,0.012237749362691999,0.7227733951533395,0.2599345765807191,7.942839415432139e-05,0.004974850509094949
62,0.0016812466513207514,0.592987759374979,0.40009787599943364,0.00011152576400978451,0.005121592210256733
63,0.00807312567312017,0.8828490719316123,0.10259695052580642,0.0003789326762134876,0.006101919193247558
64,0.0006490734882648543,0.09996591007466331,0.8973898822056456,6.09362475103288e-05,0.0019341979839157912
65,0.0019745281143684077,0.2995344216250155,0.695250450015509,0.00018724382597673075,0.003053356419130308
66,0.0023408683445479976,0.3208030057961129,0.6716305433205886,0.00016675533314619058,0.005058827205604463
67,0.00156534041530061,0.28458000232243563,0.7084882704789196,0.00018424091770259787,0.005182145865641475
68,0.0027111859351830777,0.293702359614366,0.7002540856694027,0.00018403034689084963,0.003148338434157262
69,0.0007221492837035365,0.15720881073212029,0.8398139207796774,5.8576264737983125e-05,0.002196542939760564
70,0.0005827787605671409,0.12510725194856967,0.8726996825643,5.019342508424586e-05,0.0015600933014789414
71,0.0013280534614963687,0.17946653145786406,0.8167741304723322,0.0001244173379483625,0.002306867270359031
72,0.00079115613712981,0.0636709320892018,0.9337845346571748,8.741974939845582e-05,0.0016659573670949877
73,0.04024487985217856,0.8451206552186518,0.09797499165445148,0.0012643497143216944,0.015395123560396524
74,0.006531705767261485,0.6373384432136304,0.3516345123877194,0.0002449360420656488,0.004250402589322976
75,0.0014863322388500293,0.3920238041484499,0.6046521734263389,8.085642917804769e-05,0.0017568337571831703
76,0.0007688245991146482,0.18017390620947812,0.817219629012193,6.74892550112445e-05,0.0017701509242030124
77,0.001702591326368719,0.37992103979801684,0.6140246144314456,0.00015164816142825149,0.004200106282740553
78,0.0010652807651305382,0.12883487264003496,0.8667251786478708,0.00017010213211431923,0.0032045658148494812
79,0.0010903864318204386,0.10332412621616269,0.8907665492726278,9.751428247615073e-05,0.0047214237969128575
80,0.0012312220060427077,0.15618857282471893,0.8352571757632675,0.00014638171925177032,0.007176647686718983
81,0.0006070539663125009,0.07232224848063257,0.9238657057440337,8.560091523158767e-05,0.0031193908937896734
82,0.0008143512583973991,0.08303427824841472,0.9113228852713414,0.00016519311203622213,0.0046632921098101795
83,0.0005408091553115974,0.045075557601710274,0.9510154615782215,0.00012930404780623928,0.003238867616950426
84,0.0003829640839028171,0.05748146869166844,0.9406826377792266,7.42577818126392e-05,0.0013786716633893943
85,0.000379815106721886,0.05664273068523015,0.9415216685578479,9.362573171281398e-05,0.0013621599184873174
86,0.0031076586386939073,0.1139190197476979,0.8767935427087322,0.0006095258041386503,0.005570253100737347
87,0.0067466998266996515,0.5005466768926198,0.4872405689623537,0.0008212259645309834,0.004644828353795919
88,0.002222650092779713,0.3275999369227989,0.6674155526475456,0.00023909956440652436,0.0025227607724692485
89,0.0007205757952190486,0.16929215168553022,0.8278721192100508,0.00012703476284437623,0.001988118546355527
90,0.0008380921264103364,0.11613580171010324,0.8811057859109926,0.00016200636531487277,0.0017583138871787795
91,0.01118097877930542,0.31495238737457276,0.6233447562783149,0.0014065550285823675,0.04911532253922448
92,0.08289424959381823,0.7404019192564066,0.06687612199981001,0.0023450599254103057,0.10748264922455487
93,0.010053888467648452,0.4129404720326536,0.5738158539772833,0.0003637462504653252,0.0028260392719492984
94,0.008371043469924285,0.6692363160221805,0.31944743323916647,0.00020321175492301697,0.0027419955138057984
95,0.004695995916356429,0.6672353896332982,0.32533283301984794,0.0003165216376623879,0.002419259792835074
96,0.0002956170464387416,0.07710969219646306,0.9215227602537412,7.402139846893924e-05,0.0009979091048878633
97,0.001997436892782679,0.4150500176948921,0.5798886680020274,0.00041498240195576993,0.0026488950083419236
98,0.0014301745180980991,0.1583479964137663,0.8377021872680148,0.00025979271229928364,0.0022598490878216076
99,0.00045139169261129345,0.06812487375121531,0.9297172503243621,0.00013037993588129888,0.0015761042959297155
100,0.0009370613790165638,0.16945297128268705,0.8280577535749882,0.00021019648486492545,0.001342017278443341
101,0.0033008875134453567,0.14924270077133336,0.844239542769018,0.00038235562487004733,0.0028345133213331882
102,0.02903366743602674,0.7685622258713979,0.19137256428406993,0.004798792378580952,0.006232750029924419
103,0.007933831197215597,0.38831457692978105,0.5996430212844105,0.0010866149723253588,0.003021955616267443
104,0.017027918305140555,0.4709587428726726,0.49917866402717587,0.0031610164935284603,0.009673658301482526
105,0.01189263023993927,0.8060146187669883,0.17547922495921328,0.0033048562630974103,0.003308669770761738
106,0.21539821906762124,0.6450086411641957,0.02475175748061657,0.011835179559986921,0.10300620272757971
107,0.06228409722147159,0.9008875488412527,0.02190585874722025,0.008000415425155928,0.006922079764899479
108,0.17362692810617125,0.7202971948311782,0.023864616211422603,0.003258807774988237,0.07895245307623983
109,0.31952202239190564,0.6563821638720158,0.0024817889004867914,0.012670336273301849,0.008943688562289871
110,0.12225865118328903,0.8599856493078339,0.005643653532009104,0.0046127237095120385,0.007499322267356043
111,0.2521234662644606,0.7222377354024685,0.007674420480469134,0.00527808345443584,0.012686294398165925
112,0.09262813759140505,0.8907731941321774,0.008168194408251717,0.0033272104632709036,0.005103263404895007
113,0.12176233502849587,0.8400044450724413,0.02629973626816787,0.004166615567404957,0.007766868063490153
114,0.08822459461709298,0.8967887054685114,0.005949886179962713,0.005971540194406336,0.0030652735400264947
115,0.10983386702765681,0.867607282963771,0.009186022288196188,0.007176244240762097,0.006196583479613618
116,0.04168036481877772,0.9161951326903783,0.028487603781596302,0.008331535802958872,0.00530536290628904
117,0.02769839643198304,0.9297392868812809,0.009337717786588364,0.030404804472141504,0.0028197944280060902
118,0.020733289618226097,0.9053834336009009,0.010822319611072268,0.059424857317136266,0.0036360998526645356
119,0.017111991784847277,0.8531173453438061,0.05582052087360979,0.06844512431851942,0.005505017679217275
120,0.042085298610621845,0.045190011798919696,0.0001591295659869537,0.9039325825743407,0.008632977450130766
121,0.14987495661652409,0.07959112141268944,0.00014228166059892386,0.5567994141060146,0.2135922262041729
122,0.24398242653501792,0.0902158910368071,7.505553939398794e-05,0.5628405565514044,0.10288607033737676
123,0.1836828585059082,0.6802824270211534,0.00020249568594237613,0.12878596526965597,0.007046253517339859
124,0.4829959382730418,0.058881719995675326,7.993633134921673e-05,0.3426529707155791,0.1153894346843545
125,0.27617629551650763,0.11891609455592514,7.724524437406631e-05,0.5548704165080658,0.049959948175127326
126,0.19463959598931674,0.10160124795429248,4.2028644337472915e-05,0.5913741523715599,0.11234297504049343
127,0.18650153271006034,0.06346475468073957,8.136129993911113e-05,0.3729333558194411,0.3770189954898199
128,0.3502361945890753,0.052910459029422235,7.48699991643617e-05,0.39900531697028213,0.1977731594120561
129,0.265752341146253,0.0833931315594386,4.1544810500915054e-05,0.21941864887904153,0.431394333604766
130,0.23228735124363795,0.06773263043919663,4.991587027668581e-05,0.6686398153062844,0.03129028714060437
131,0.11907709473793675,0.06777347347464299,2.274969853883118e-05,0.7809584593173464,0.032168222771534916
132,0.10336785176417482,0.050747095308537396,4.665606556572376e-05,0.8167424199880767,0.029095976873645242
133,0.07397703645531796,0.08622606295428724,0.0001049942053769297,0.6694755544782836,0.17021635190673423
134,0.07963271010382818,0.040004018920768096,4.3760200992264113e-05,0.8645959203302688,0.015723590444142867
135,0.06952379681978657,0.0532807938200469,5.210394630371556e-05,0.8619130103995937,0.01523029501426895
136,0.03711275550920362,0.018811308990920247,2.8534561827778997e-05,0.9261233680054755,0.017924032932572928
137,0.058414364825448595,0.12196681021646776,4.627650376105329e-05,0.498613575136008,0.3209589733183145
138,0.05869319607377649,0.05213660829042259,4.827538388235558e-05,0.8710163407758043,0.01810557947611428
139,0.09128330014121255,0.035350412400839575,4.6926434797449385e-05,0.8363982299131386,0.03692113111001195
140,0.08727417185928936,0.031438927269562815,3.293294752284174e-05,0.8695842876119828,0.01166968031164231
141,0.054351067324428515,0.028281586835027028,5.4495644040765006e-05,0.9101564682986322,0.0071563818978716675
142,0.07570184816236648,0.03124766358995836,2.5175598668459836e-05,0.8445215464974318,0.048503766151574854
143,0.11604746276149845,0.05950783910815969,4.8093348066741155e-05,0.8017328060327346,0.022663798749540623
144,0.13299911338656487,0.04573209063304459,5.6115957261514136e-05,0.8070908395142282,0.014121840508900902
145,0.2539044410695702,0.02971039452903096,4.345761809842986e-05,0.6487183036659703,0.06762340311733021
146,0.12473635458184679,0.029698136318557014,4.656126034101378e-05,0.8205122039326246,0.025006743906630588
147,0.1161259052914086,0.051781821143753536,4.292324399671677e-05,0.7974741085919694,0.03457524172887179
148,0.08460361847578048,0.2063838559911775,0.003165161709995429,0.2683283875725704,0.4375189762504762
149,0.12031126087879446,0.021382743262156806,2.6965669212390445e-05,0.6776041420662987,0.18067488812353763
150,0.07185175926295523,0.019521838106698226,4.3539576283496927e-05,0.8755602284629493,0.03302263459111357
151,0.11210939154106367,0.014353132271391553,2.575424484736758e-05,0.7500980032565249,0.12341371868617258
152,0.27458405889962906,0.027399088166223842,2.672719378252096e-05,0.57169430660027,0.12629581914009444
153,0.31043218698610775,0.0323866042873492,2.8939401647751234e-05,0.5982448014619569,0.058907467862938365
154,0.3233442835669175,0.029500583904949,2.3533951974278853e-05,0.571745822921719,0.07538577565444006
155,0.2063761251700324,0.03785733573952442,3.660591705339935e-05,0.73076470464398,0.024965228529409716
156,0.13072157359539394,0.026684495342520768,2.4800274717575233e-05,0.8208883399573678,0.021680790829999897
157,0.05978489078351474,0.05645889751294247,4.679786084352492e-05,0.8794575819496628,0.004251831893036345
158,0.04612264782936659,0.027935933377178725,6.348303596999969e-05,0.8089027598371437,0.11697517592034112
159,0.1356157411755327,0.03553744254609824,2.368893464357745e-05,0.7792744269082064,0.0495487004355191
160,0.1354493832283304,0.01769628942432388,2.9746358587484043e-05,0.7664115515345603,0.080413029454198
161,0.175384523064271,0.009226392368543557,4.0196205228852236e-05,0.7890995302102461,0.02624935815171037
162,0.15604378735669225,0.01817024817609123,4.43464724817674e-05,0.8165978980907533,0.009143719903981313
163,0.11018389666879219,0.01985703289990805,2.9460029359356017e-05,0.8454610849588198,0.02446852544312072
164,0.06054018818705994,0.017394753612507228,3.4253530745450416e-05,0.9111572155143521,0.010873589155335235
165,0.03910493150458036,0.04638023086827384,4.926072969944843e-05,0.9063781827109191,0.0080873941865273
166,0.04414552542030747,0.027139434457786524,3.740398547991963e-05,0.9227248719011797,0.005952764235246378
167,0.0462571257098159,0.03850566137148566,9.795900816968309e-05,0.8839812195708662,0.03115803433966263
168,0.10142143248592003,0.0199299056619354,2.4767685370251656e-05,0.8455419220509047,0.0330819721158697
169,0.14493949152148272,0.0556587602216757,5.6622064326444746e-05,0.7624274165270134,0.03691770966550183
170,0.22021196104429788,0.09344565134306917,7.021799192019421e-05,0.6645650092041075,0.021707160416605337
171,0.36426055723452133,0.04415395692112027,4.6371964383739736e-05,0.5213026601194094,0.07023645376056531
172,0.14616344850345675,0.07215436329154865,5.1296327121260924e-05,0.7723471611163231,0.009283730761550334
173,0.09891521109895371,0.030978167334421092,3.1422636126155635e-05,0.8522369677765173,0.01783823115398179
174,0.09496013729787611,0.03168679414893909,3.2791608784012003e-05,0.8575813975839555,0.015738879360445435
175,0.054331002337429615,0.028031841364384764,0.000106552542538589,0.6208998074531622,0.29663079630248484
176,0.17455678952318768,0.01972692841738418,1.049912323943809e-05,0.7512338206028453,0.05447196233334355
177,0.10677056368348428,0.09096886025617085,7.072060761390496e-05,0.7719850213649914,0.030204834087739593
178,0.20083920150135473,0.030983599475112096,1.886674889957179e-05,0.7069609403890696,0.061197391885564056
179,0.06575289529619471,0.020031538051354842,1.5414653171913165e-05,0.9078273611045236,0.006372790894755136
180,0.0531656314080162,0.024713158006199856,7.622737106020871e-05,0.713156988210246,0.2088879950044778
181,0.12229085193139345,0.034329567550064416,1.9124633566081995e-05,0.8036509522653825,0.039709503619593675
182,0.10123995379896918,0.03965698448616688,2.0499473293866872e-05,0.8242285485989521,0.03485401364261799
183,0.14654891907880163,0.029309916313939744,1.747995501119369e-05,0.7787881733986154,0.04533551125363199
184,0.12443700339494981,0.06927447540559964,2.5862716359117906e-05,0.7977272488596855,0.008535409623405875
185,0.13828114641766692,0.019199343307686956,2.690388037651437e-05,0.823704682785217,0.018787923609052532
186,0.12741589757293015,0.012416325380169605,3.4233049353603e-05,0.8288694473184824,0.0312640966790641
187,0.15479554132157003,0.021713384971386723,3.9876404667591044e-05,0.8064508327254615,0.017000364576914038
188,0.2585240222233499,0.025685212435538063,5.741055472709573e-05,0.6955779661953703,0.02015538859101463
189,0.22633397011944847,0.1467612915084198,0.00011388337327546778,0.6037829035436033,0.02300795145525296
190,0.18568552815604394,0.13645170634235795,0.00010316349515260917,0.6679508834469051,0.009808718559540486
191,0.27337103625763504,0.11091636387045099,0.00012071059253378555,0.38173630791684826,0.2338555813625319
192,0.41931941151801316,0.20559998853305594,8.154297719402584e-05,0.3575639774404023,0.017435079531334604
193,0.11944092253444386,0.7190776233346107,0.0003944913597211161,0.15615596683196467,0.004930995939259714
194,0.3663630572426956,0.45297928863296727,0.00013802932744167131,0.15686733124332958,0.0236522935535658
195,0.08435073540135034,0.7918258859819289,0.00021454861029505097,0.1049802580132914,0.018628571993134516
196,0.028202983741890154,0.9309511828236942,0.0001596711858503724,0.03566018178314049,0.005025980465425015
197,0.06258895703596552,0.8820418438194116,0.0002387891994933832,0.04588039875385471,0.009250011191274972
198,0.14873674820020602,0.12214488787566039,0.0005757878521635993,0.023960209636885693,0.7045823664350843
199,0.39501279043935555,0.49124926870360486,0.00015576634621122416,0.06112923736515701,0.05245293714567131
200,0.38572232229979064,0.5051429766403042,0.0001585250991946093,0.03282960167717639,0.07614657428353418
201,0.7073287766675755,0.1928988944652412,0.00017564861876946146,0.03609556138393863,0.06350111886447524
202,0.4087409625195004,0.4863303978204787,0.0002659045350809033,0.06376257094818544,0.0409001641767547
203,0.17670459669767416,0.7258847224208622,0.0002158501805909612,0.06583136410321228,0.03136346659766049
204,0.5150693911189612,0.28624069514335926,0.000569325846509526,0.14120915418764204,0.05691143370352816
205,0.17720796749308484,0.7602790350267971,0.0008450459066372414,0.04376067954145214,0.017907272032028753
206,0.36584603521080666,0.47640217647351674,0.0004875574569049244,0.11526170309413501,0.04200252776463655
207,0.2524880534254257,0.6518757143722639,0.00036161514910029995,0.06817119144219969,0.027103425611010527
208,0.06371670089676525,0.9050648426005083,0.0024046129978134213,0.02055123906462348,0.008262604440289362
209,0.11652586242846025,0.841664941850011,0.0004013995417479091,0.03040102012500227,0.011006776054778768
210,0.27841352982482986,0.6236398972595939,0.0015812650640365461,0.03907327042176101,0.05729203742977875
211,0.17411609144972617,0.7749345847355695,0.001734676491340286,0.034050793014131976,0.015163854309231851
212,0.10791581751671875,0.8591374002843822,0.0006186400569296538,0.026394179500707795,0.005933962641261628
213,0.06800429814612019,0.8984265592099976,0.000271095074825072,0.028492010208410284,0.004806037360646706
214,0.24314381947433492,0.7205344867975961,0.0012712466159653154,0.025601780478635077,0.009448666633468506
215,0.11054748393691283,0.8594807542832397,0.0023608647599488992,0.018426789789555406,0.009184107230343044
216,0.2169131555362525,0.5350298967067263,0.022890711506264212,0.06625609982304692,0.15891013642771012
217,0.3648292531285872,0.4904694377747837,0.0009564291261556061,0.030365520347076545,0.11337935962339693
218,0.3598908291726936,0.5409619608661717,0.00037145269920326834,0.038641758851453524,0.06013399841047807
219,0.16200089966000703,0.797592393643517,0.0017059219817328719,0.0049405777507532155,0.03376020696399
220,0.1312246503499141,0.8515298671677277,0.0034670408972715633,0.0032339110786492463,0.010544530506437281
221,0.09085196091353777,0.893753692791421,0.002809800384046865,0.00241503002655616,0.01016951588443827
222,0.09032389993644097,0.8937159729044883,0.004468907770739774,0.0026780632073100646,0.008813156181020979
223,0.053314976766704686,0.9276777457944403,0.009853025017647751,0.0038810458831450463,0.005273206538062277
224,0.0786175982850982,0.9083698699106888,0.003517313762511501,0.006929568358965388,0.00256564968273615
225,0.11415539661485613,0.8600518082612059,0.005946593030890076,0.013774985813883884,0.006071216279164039
226,0.19761225286279632,0.7703796700006238,0.007174483386694697,0.0063352656450780965,0.018498328104806967
227,0.06889879775993829,0.9150013368793298,0.007004662243555955,0.002107183651519856,0.006988019465656095
228,0.04325846072984617,0.9219946721747186,0.023169456978455218,0.0037711420225522165,0.007806268094427663
229,0.015075530217868208,0.8667221342884219,0.11373084902559281,0.0017460951459643517,0.002725391322152548
230,0.07030497209714738,0.8932645774233609,0.023709222878127725,0.006892030010511072,0.005829197590852929
231,0.08609104479808709,0.8744464205072215,0.026840013163591112,0.006959587900580232,0.005662933630520118
232,0.026953606407102915,0.9328938189916166,0.03536050591152598,0.0014517987240311317,0.00334026996572352
233,0.01378983872194918,0.9452981187118583,0.03746411105185392,0.0013579260496259273,0.002090005464712648
234,0.02071617544256656,0.9213108793083438,0.05199488079254403,0.0012399071908765207,0.004738157265669386
235,0.0284164961534945,0.9430853516527092,0.025048991544333748,0.0011448655582328765,0.00230429509122967
236,0.005690206061289102,0.9130256179254775,0.07839856044281546,0.0006834907418910184,0.0022021248285267444
237,0.006065012321352622,0.928689844906439,0.061654996524294584,0.0007915957961092877,0.002798550451804349
238,0.027282725544057335,0.9312192142848693,0.036949141563479095,0.0019659084704937747,0.0025830101371003837
239,0.006906347229233355,0.8581385742036852,0.1316699300605864,0.0010444180995506293,0.002240730406944521
240,0.016971389233937248,0.9326698052048792,0.04707595488489943,0.0009924432496896149,0.0022904074265944997
241,0.00873058607972083,0.8646400849864473,0.1228915969414734,0.0007505768962698916,0.002987155096088405
242,0.007607800989442494,0.9251513418452165,0.06394265794290309,0.001082928386257517,0.0022152708361803967
243,0.001960523694608197,0.6322795730782014,0.3629731278972176,0.0007471865922087971,0.002039588737764054
244,0.033420678992938595,0.842639461755281,0.11809324380879105,0.001304954431793192,0.004541661011196098
245,0.016558686899346996,0.8988500181343706,0.0800884774126914,0.0009938233267036054,0.003508994226887507
246,0.0032242261326189538,0.7352481847338038,0.25707060242206414,0.0008186852253667164,0.0036383014861463524
247,0.010986324069965582,0.8764760191141648,0.10895266018988685,0.0012106173358455592,0.002374379290137048
248,0.002152043730190903,0.6779811148774565,0.3175403360533334,0.0004964006368103144,0.001830104702208949
249,0.001642114443716553,0.4219880956330494,0.5734921580894572,0.0007364855134235792,0.002141146320353213
250,0.0025041802311993387,0.46357310197163165,0.5292820257419255,0.001080557030673362,0.0035601350245700373
251,0.0036081107837370365,0.7943704109361751,0.19795685184002193,0.00152547682309415,0.0025391496169717372
252,0.001647690453683888,0.41231172559328866,0.5813298503410709,0.0013579249166978489,0.003352808695258714
253,0.0017950800882634147,0.4828101443784922,0.5128400666716928,0.0008713057289003195,0.0016834031326512136
254,0.001477739440649366,0.3474814152945814,0.648244664516969,0.0007943758716352666,0.002001804876164914
255,0.0028950782902587508,0.5938776332125562,0.39937303577886585,0.0014358147809863213,0.0024184379373329637
256,0.0033897365435273247,0.6398976462137552,0.35401952951907034,0.001162072844397086,0.001531014879250136
257,0.0010520612962967829,0.820840983715921,0.1760680207353969,0.0008644619161181073,0.0011744723362672072
258,0.0005870806919053935,0.15536820785451141,0.8421703329652895,0.0004683254857913141,0.0014060530025023176
259,0.0009176815273161728,0.28739767199843996,0.7094627344133514,0.000700686883824612,0.0015212251770680757
260,0.0011140328707297715,0.42445084484983125,0.5725378611480056,0.0006138069969914029,0.001283454134441988
261,0.0010330569443602103,0.48963377346213904,0.5072129550717132,0.0006000647942813331,0.0015201497275062427
262,0.0005439859110631375,0.2611536558808796,0.7368497552465749,0.0002816000351041789,0.0011710029263781022
263,0.0008404809452220904,0.4487831915469142,0.5487916625089806,0.0005581856013206027,0.0010264793975623958
264,0.000891744274707864,0.28004731588299053,0.7162095328077946,0.000727706271781514,0.0021237007627255004
265,0.0008235924744468527,0.22969802311148418,0.7677880067730695,0.00045269248809783833,0.0012376851529017595
266,0.014222998125923965,0.5966659764112794,0.38074592183225536,0.0024665810093080142,0.005898522621233324
267,0.0009896845546937339,0.2581256210413573,0.7390149191401131,0.0005313001826399942,0.0013384750811960625
268,0.002016957098381913,0.44430708589726065,0.5505386084221825,0.0009631096238233688,0.0021742389583515125
269,0.0021184317318526788,0.5577599133995641,0.43696054330642403,0.000956444295342909,0.002204667266816166
270,0.0010161846108210568,0.3514002404354014,0.6454355426453032,0.000958650837320875,0.001189381471153267
271,0.004074521865363167,0.43295932151948274,0.5587148963115679,0.0014516621811117222,0.0027995981224743474
272,0.007497310440440007,0.7346339502336181,0.2526053182153066,0.002438377099194709,0.002825044011440579
273,0.0015734339076793264,0.7396977745357256,0.254534001993117,0.0018682632310586039,0.002326526332419537
274,0.005672131761313497,0.7543475008825921,0.23442198791470564,0.0033984510805307178,0.0021599283608579973
275,0.002137494343837627,0.655820313724186,0.33754707974769543,0.0017080707247339808,0.002787041459546958
276,0.0016079527000605759,0.23583169211842261,0.7573298290315358,0.001225877225565815,0.004004648924415394
277,0.004455554151708017,0.5997919058599892,0.3922921171542511,0.001777267189143596,0.0016831556449080547
278,0.0017347690997169334,0.10120548704558828,0.8941010487292087,0.0007303870871958423,0.002228308038290178
279,0.002814824980837112,0.42090822673966477,0.5731712879344251,0.0009821993171907973,0.002123461027882206
280,0.001580950884956874,0.42530429103682077,0.5701787699920412,0.0005172161046280915,0.0024187719815529857
281,0.0007172272643499725,0.13290836308334816,0.8646545836472265,0.0004946287330089604,0.0012251972720666116
282,0.001685728290343801,0.1292878710659616,0.8669653483197022,0.0005007304493408672,0.001560321874651629
283,0.001394861433248085,0.19467272841618122,0.8014060582970101,0.0006848169046369375,0.0018415349489236358
284,0.013858788142759626,0.3269236338651073,0.6495966317088275,0.0023942438654692986,0.0072267024178361726
285,0.0014641694681035275,0.7113547485577805,0.28383356962759004,0.0009829317847973016,0.0023645805617285845
286,0.005907351475578469,0.5233443022054006,0.4638528575833962,0.003367060333278485,0.00352842840234627
287,0.00257074686163784,0.5198430587762993,0.4733766799015283,0.0017451549421045093,0.002464359518430137
288,0.00540689648626347,0.4726419336628799,0.5165089066358355,0.0028017654920813903,0.0026404977229398173
289,0.0032311578945955015,0.29410351871413276,0.6987248865626712,0.0013692672001982616,0.002571169628402149
290,0.002453395261064738,0.3014139438092543,0.6932619511341266,0.0010706191191516919,0.001800090676402788
291,0.002147145097029515,0.43030608247455066,0.564970619750196,0.0009195560013608979,0.001656596676862904
292,0.004124207556029156,0.5382266818564388,0.45240163843582964,0.002294036942114206,0.002953435209588133
293,0.0017327079312561434,0.2500431627136144,0.7449789459196989,0.0012088867271944175,0.0020362967082360795
294,0.00903666725199314,0.5260611607942347,0.4525518747884322,0.004832151038732727,0.007518146126607272
295,0.004686724787696688,0.32923846248730154,0.6522794648356526,0.003787492778282077,0.010007855111067096
296,0.006254836053526277,0.6380501426644519,0.3402717417639878,0.005371324929366165,0.010051954588667984
297,0.22103695077064361,0.24845314554044784,0.04335198524561141,0.015635264046718746,0.47152265439657826
298,0.28069607227437,0.4229837650661337,0.020206555415320227,0.05263396466916169,0.22347964257501443
299,0.08107063387087586,0.690449464122199,0.03893851376211925,0.0363439239836429,0.15319746426116324
300,0.04857742807846887,0.2775015470627208,0.020452253815131317,0.015748774548389088,0.6377199964952899
301,0.061023469654056056,0.14348671705236304,0.0009598419013901231,0.0101819103148812,0.7843480610773096
302,0.06026877501383848,0.07167454365017682,0.0010088331674003963,0.027487684705803178,0.8395601634627812
303,0.3409928126508272,0.3647555215007367,0.0005157448936319313,0.15529461175441886,0.13844130920038522
304,0.1923775552089432,0.6424296869446074,0.004467275177965038,0.03283753579827571,0.12788794687020846
305,0.4338540872154735,0.2221110583813582,0.0001741369040726027,0.05300038139610265,0.2908603361029929
306,0.2902209713845179,0.44512806796609566,0.0001517690858410973,0.24392816173300713,0.020571029830538136
307,0.11640818799569394,0.7940100239625456,0.0009397159314244421,0.07306094320683407,0.015581128903501978
308,0.08220227778591972,0.7646285367946576,0.0027454354283797753,0.13204619218963543,0.01837755780140754
309,0.0706927302220074,0.3056215456372843,0.0005516742428178402,0.6149532081390578,0.00818084175883261
310,0.04749221848616387,0.318745225959752,0.0011091767256939476,0.6162402944999695,0.016413084328420754
311,0.041594586196823845,0.3734249037488497,0.0014522359425067964,0.5727576595221501,0.01077061458966962
312,0.1319718748250113,0.1821059379799866,0.0006249763183203852,0.39133915549354237,0.2939580553831394
313,0.25448621826079654,0.2810851428633975,0.0005429983021966026,0.3844911734026573,0.07939446717095204
314,0.41742606883408373,0.36813308671090894,0.00070300969935044,0.1494143052334858,0.06432352952217116
315,0.6072952682004612,0.28075719712378144,0.00046878904053228424,0.08320929537875336,0.02826945025647181
316,0.16819767774488772,0.7610530305960447,0.0015265580841871756,0.05947890055393062,0.009743833020949982
317,0.18560473493231774,0.706942036650399,0.0021928175960153735,0.0953130679777231,0.009947342843544834
318,0.044581428437717514,0.8727272573172049,0.0033664911305807945,0.07316642754787248,0.006158395566624285
319,0.1679401898132912,0.4087427224661005,0.0009129961335842242,0.41195116235323376,0.010452929233790393
320,0.18031404698563502,0.5831990321105355,0.002209409612203624,0.21077265508796547,0.0235048562036603
321,0.23747102635897469,0.6116738166314177,0.000823635995946001,0.13058364482619383,0.01944787618746793
322,0.10509596444523756,0.8391822094274708,0.0038722838637585844,0.04343317192318733,0.008416370340345652
323,0.12914608451592555,0.7841589964056743,0.002465780637065237,0.07922892713424949,0.005000211307085465
324,0.29434591919995146,0.5619634289180542,0.0014270418037714725,0.10060576605417229,0.04165784402405067
325,0.11310754941527468,0.8457318241797255,0.0024677494693297235,0.032658955200744855,0.006033921734925247
326,0.10310722531260853,0.8741393195678642,0.0018021455120041116,0.01640192141723062,0.004549388190292619
327,0.0693584897998096,0.9153961682646392,0.0034795367689133216,0.007493638990208718,0.0042721661764290675
328,0.05603670497172975,0.9289254235433316,0.004619951097328245,0.004716088714286513,0.0057018316733237874
329,0.01954442635715187,0.9399008246687086,0.028233513470855554,0.002979374775515843,0.009341860727768027
330,0.05515715519382349,0.9126461084335216,0.011388471586235268,0.013362565031741871,0.007445699754677751
331,0.20723770601675331,0.7521033752521538,0.008011174815718416,0.021333656367894714,0.011314087547479836
332,0.17383054553526364,0.18482830019808252,0.006995003791221925,0.012030768021107379,0.6223153824543246
333,0.09573873642163204,0.8788303564081612,0.0016560324156804625,0.010382253783318073,0.013392620971208033
334,0.12966720521338865,0.7989308912874403,0.003633008842976338,0.03078266943926756,0.036986225216926974
335,0.07342265116155337,0.8695231474751399,0.005270654500900157,0.01652217863914777,0.03526136822325862
336,0.14062965184853446,0.7613046068043025,0.0029468937250030536,0.04916379034616392,0.04595505727599628
337,0.18594320830045818,0.6435982459123751,0.0006962749104410212,0.10857691272383847,0.061185358152887157
338,0.047500558144877615,0.8454286751680304,0.004889389076536123,0.003963885879303422,0.09821749173125247
339,0.022407692692265772,0.06940341755898195,0.011769469278656174,0.004723445073607084,0.8916959753964889
340,0.06210969293526119,0.021953341953780035,0.00021000548930824478,0.004885667309314303,0.9108412923123362
341,0.2944533378937014,0.050664070183072146,0.0002142719498733958,0.012577129392042032,0.642091190581311
342,0.4402865552477313,0.21483495942772465,0.00029187608318242736,0.011003830643319302,0.33358277859804236
343,0.5123127845554076,0.23765417153673138,0.00018318152203316304,0.05708107941988733,0.19276878296594047
344,0.1316103261361205,0.267344318147282,0.00109720657458946,0.1047383387441626,0.4952098103978455
345,0.08912397388584785,0.06409244873702888,0.0004231419478794855,0.09398546288940973,0.752374972539834
346,0.51045321168548,0.11365141638723593,0.00017350991229743862,0.08446400139357181,0.29125786062141484
347,0.6334103281723223,0.15468195014878078,0.00011199698777634592,0.11088454299414925,0.1009111816969712
348,0.5671311365628197,0.2457317518181203,0.0001446339032884188,0.16343119027121217,0.023561287444559435
349,0.3678559632572381,0.20878077844455445,0.00015109349401837586,0.3918404053368988,0.03137175946729015
350,0.18222487275320437,0.4444102392199987,0.00014270784551923931,0.3423627984464847,0.030859381734792943
351,0.1407912838693366,0.4216881681370476,0.00037900353338208214,0.4136706438285867,0.023470900631646953
352,0.17074061813833913,0.3268290893531959,0.0003188826438643138,0.4708128087203893,0.031298601144211416
353,0.20800705201881659,0.48613337882107704,0.0009969292600325755,0.2390541904766698,0.065808449423404
354,0.42172502304237297,0.20525878599744438,0.00040460020731747246,0.27258929726358305,0.1000222934892822
355,0.49886060262827425,0.2661686944849087,0.0004801005724685981,0.19854904968863946,0.03594155262570899
356,0.10536471979163502,0.8238401509824778,0.0014301838783176838,0.051834199305605184,0.01753074604196445
357,0.30729058051331476,0.5487850456708869,0.0004487048014487812,0.1265801456022818,0.016895523412067653
358,0.38360444949129746,0.40820463441447274,0.0006941988541681291,0.17906242552804622,0.028434291712015492
359,0.1299990143164441,0.7943850679370285,0.00297171477304726,0.06466927822578511,0.007974924747695044
360,0.08814388391393668,0.8678902456304552,0.001460475804329597,0.0339319356488463,0.008573459002432025
361,0.09564925483451751,0.8420259639753105,0.0024720967916126795,0.05016569706407632,0.009686987334482982
362,0.05470745388330309,0.9187201401699285,0.002405056386062865,0.013655002651749284,0.010512346908956407
363,0.1992952049766999,0.672038431666601,0.001326150953812747,0.11069018619108698,0.016650026211799132
364,0.14076235004286236,0.7006979090037081,0.0013600749481560263,0.1398621578994337,0.017317508105839825
365,0.04514202034921049,0.9148896722957685,0.003602873244897873,0.03006382777578382,0.006301606334339314
366,0.19126495479303474,0.3635173384354051,0.004257327375876491,0.12489368895868666,0.3160666904369969
367,0.376564723591879,0.23661088139076814,0.00021369686596817912,0.1682853587033639,0.21832533944802085
368,0.45945361443203275,0.26819608586988103,0.00033416891380884026,0.179818667433266,0.09219746335101137
369,0.6660864904659514,0.18497346380359914,0.00026730351362155483,0.07427235325255989,0.07440038896426814
370,0.30014106946795016,0.6340402634984375,0.0006646718648559418,0.03725661932423742,0.027897375844519103
371,0.3575491597321337,0.4248268543490302,0.002127669644430751,0.12825504683946523,0.08724126943493997
372,0.2092805481146425,0.6343954892521343,0.0009462351964945405,0.13339121722315778,0.021986510213570877
373,0.2791181220429955,0.5110016347142761,0.0005936015636263149,0.16368243498521717,0.04560420669388487
374,0.15398555233628197,0.7857219428348521,0.0018025320651027413,0.03991353243829408,0.01857644032546918
375,0.2531363678147897,0.621096635841648,0.001481288331698972,0.10832634246509659,0.015959365546766923
