epoch,N1,N2,N3,R,W
0,0.0013462692374967365,6.485062789508783e-05,0.0,3.531734166661975e-05,0.9985535627929415
1,0.0006045997851910046,4.4295443077080575e-05,6.004660976291381e-07,2.4444636318148612e-05,0.9993260596693162
2,5.711058883034864e-05,1.4272300273275552e-05,3.702854904824914e-07,1.4065479784729878e-06,0.9999268402774274
3,0.00022108788911237858,5.224850451036269e-05,4.540325235672035e-07,6.437653027785554e-06,0.999719771920826
4,0.00029899463733045465,4.174803269464551e-05,3.777646237171513e-07,1.0131073786140048e-05,0.9996487484915652
5,0.0007303081034653302,2.222149197982437e-05,4.2475723636938316e-07,1.8131103711881412e-05,0.9992289145436066
6,0.0033063853806190595,0.0002290743401112233,4.121272313538633e-06,0.00011913777612432619,0.9963412812308318
7,0.015928631905004455,0.00027636808115104816,3.234347485817731e-06,0.00025859246998805025,0.9835331731963706
8,0.04618817579122104,0.000654031397633409,7.679003109638566e-06,0.00016203625351424197,0.9529880775545218
9,0.190037399276918,0.0034889073814666142,2.4505003267024485e-05,0.0013325532522320386,0.8051166350861162
10,0.1962982924704837,0.004431846436584744,2.3722005633719596e-05,0.0022192773797814523,0.7970268617075164
11,0.08593904266205442,0.0016009209183647718,1.4109867690673614e-05,0.0011075663383192846,0.9113383602135708
12,0.00024737454308155756,0.00021945477300289875,8.243628252606385e-07,2.2723154809092516e-05,0.9995096231662812
13,0.00022350374433792488,0.00026850879734753846,4.558788263199824e-06,2.3085355021131857e-05,0.9994803433150303
14,0.0007065500841834503,0.0003343814487819368,1.6341384926995059e-06,4.627477013511383e-05,0.9989111595584068
15,0.0010143318171292161,0.00036914609919628047,1.0202718275231002e-06,5.5114781018865834e-05,0.9985603870308282
16,0.0008057643361241916,0.00046023229730405744,9.783956230668518e-07,2.8194528224146618e-05,0.9987048304427245
17,0.01492941952339172,0.002814154087719278,1.8517030529223856e-05,0.00014711642726846134,0.9820907929310914
18,0.048488654889127146,0.0015845602247150608,1.6249765857519736e-05,8.565775813406403e-05,0.9498248773621663
19,0.2389911869151742,0.00643071721086054,2.376273306783325e-05,0.00027841525369843803,0.7542759178871989
20,0.0011203131580151463,0.0005020352247857336,1.140519358548198e-06,5.717286142717343e-05,0.9983193382364134
21,0.002481524265035882,0.0008134547824588747,2.7545447851334642e-06,9.243131733434464e-05,0.9966098350903857
22,0.0017929735076163131,0.0008043218375972494,8.202601021643489e-06,6.733728191432844e-05,0.9973271647718503
23,0.0022457826053016786,0.0005660742537296514,1.4741740304357678e-06,9.56411677301137e-06,0.9971771048501652
24,0.0015034793070423037,0.00023531845566574744,5.966394354936422e-07,6.239170774782778e-05,0.9981982138901087
25,0.002577550519873174,0.00023962960722059273,8.832105038987124e-07,5.264792212595632e-05,0.9971292887402764
26,0.001680967506424494,0.0004537778383255964,4.537422793458118e-06,0.00012034607399059889,0.9977403711584659
27,0.0033408094771390094,0.00042758183644936855,8.483319752399371e-06,0.00018584882365668058,0.9960372765430027
28,0.014498321070526949,0.0009862141944097682,1.760370618409041e-05,0.0006435390712231973,0.983854321957656
29,0.3497336278129411,0.0064299298054619316,0.00010988213809762114,0.0033906957094180117,0.6403358645340812
30,0.06731708597382587,0.000991872235002395,1.1955942870833663e-05,0.001698787226746615,0.9299802986215543
31,0.31946594686638774,0.0031334482676155244,3.6026408153150875e-05,0.009169737599754582,0.668194840858089
32,0.6097937963929957,0.0077249190990937786,6.50930870996174e-05,0.04514944410687624,0.3372667473139346
33,0.8567605888396026,0.008368016417167093,2.6858322896466112e-05,0.04259531816511169,0.09224921825522218
34,0.6251953856617044,0.2687323048772193,0.0002197536518185556,0.0687065721087512,0.03714598370050638
35,0.28128995864442474,0.33051281344862016,0.0002514621678234695,0.35432394312507404,0.03362182261405757
36,0.19879862301200413,0.12399936345196066,8.522601640058377e-05,0.6420403583700497,0.03507642914958488
37,0.14167907288008258,0.09117885154142286,7.318416012298658e-05,0.7046054946658279,0.06246339675254368
38,0.22871241081199048,0.12475138396097567,5.8217694033238894e-05,0.5648690308926148,0.08160895664038587
39,0.4991781314980042,0.07138889641896962,0.0001549090137965468,0.38635507717463863,0.042922985894590995
40,0.3185774721512724,0.33790575249706595,0.000652627453777155,0.3240713951383335,0.018792752759550935
41,0.14151369241272904,0.07451851270747634,0.0001352038085791315,0.7370915197544966,0.04674107131671891
42,0.11712956912876843,0.058970005914206265,0.00012176324433380683,0.7425616154596772,0.0812170462530143
43,0.17478756163481848,0.036649107836059854,5.806279516788053e-05,0.6397892984477944,0.14871596928615927
44,0.4064016162680641,0.09007220029326063,0.00020030019726628576,0.415470853103527,0.08785503013788186
45,0.3340196389250448,0.16045185956158117,0.0006143640841788217,0.4531930480583881,0.05172108937080713
46,0.1181216611661725,0.11909280055036951,0.00032995956967880657,0.7251518537600634,0.037303724953715714
47,0.08165673467770636,0.16573373292651752,0.0007042460510568327,0.682481711456337,0.06942357488838237
48,0.044654477955467765,0.005301471970749625,3.553737751461269e-05,0.309855751557459,0.640152761138809
49,0.19489232600769466,0.04604311548101067,6.452009372401798e-05,0.6090241703832583,0.14997586803431245
50,0.28055345430288586,0.009989524881555112,4.167082727012191e-05,0.3777669396329224,0.33164841035536646
51,0.40580540588656955,0.012685669855237749,7.231603852351492e-05,0.32217172978433634,0.2592648784353329
52,0.3074325347165064,0.014377240531231952,4.711381877436519e-05,0.3453680629954669,0.3327750479380203
53,0.5254006165215757,0.013711082145700774,9.16856693474714e-05,0.27684276680997605,0.18395384885340013
54,0.48616056643139177,0.016628368881434763,5.6898990421546354e-05,0.273422398227172,0.22373176746957993
55,0.6109544932035009,0.01731319175805516,5.785566600763767e-05,0.15870126159680475,0.21297319777563156
56,0.7077373067419669,0.029572779528643456,6.766752481539576e-05,0.13364246449589304,0.1289797817086811
57,0.7210757844304712,0.03228544110277679,5.6272341181850214e-05,0.10618222509348865,0.14040027703208133
58,0.7483620861126118,0.06696448621073928,0.00012066833283718954,0.09176679626623417,0.09278596307757758
59,0.7231261968225511,0.02962308132770774,0.00010436585663793493,0.08375407451799155,0.16339228147511167
60,0.246319725840891,0.0300246811699339,4.0225221294838684e-05,0.014400864603575286,0.709214503164305
61,0.00047266134389349634,0.00028068341741954077,2.7854496455685746e-05,2.0088782129647456e-05,0.9991987119601017
62,0.019610966006602018,0.0007871452272051094,1.2397321407827268e-05,0.0005288525197947415,0.9790606389249903
63,0.14853756852167213,0.003757408977790425,2.9341299574586945e-05,0.002168141389790573,0.8455075398111723
64,0.5770223844339777,0.009799310250779127,8.857881651707436e-05,0.0037288269081481415,0.4093608995905781
65,0.028453834239681362,0.0038040120666360615,3.618468258813851e-05,0.0011399081563133533,0.9665660608547811
66,0.002255389029381032,0.00024402432765816692,3.234935728715827e-06,0.000322055103515523,0.9971752966037165
67,0.4884071013145654,0.03136971678312859,0.0001518205183761869,0.024195251861635576,0.4558761095222943
68,0.350827671552997,0.008592524416768858,8.55910193908747e-05,0.019017462424196236,0.6214767505866471
69,0.4354941554211812,0.01734935047171344,7.890512788745605e-05,0.03986808871664027,0.5072095002625776
70,0.2712048673180451,0.027484965732984885,4.9279145491313306e-05,0.03372633127219263,0.667534556531286
71,0.7494629155732253,0.07997769243008225,0.00012832246853132213,0.07976278215626464,0.09066828737189647
72,0.434667949091157,0.037505426372165175,5.747995278494534e-05,0.13881332952238742,0.38895581506150534
73,0.5991711870266965,0.04337779361303394,0.0001322208113807946,0.12323331703448388,0.234085481514405
74,0.7586295450304563,0.09808213323502576,0.00014249000608869625,0.0633838045449078,0.07976202718352128
75,0.42990318883097517,0.49349398905824443,0.0006715430749300189,0.04565403407936787,0.030277244956482683
76,0.14664870449185197,0.8284155389475323,0.0006763704803528134,0.014740402203629151,0.009518983876633831
77,0.11986533048275734,0.8513056628125958,0.0005420959657138443,0.014143042876437792,0.014143867862495258
78,0.08553397249436549,0.8671203641982309,0.0016431327901351325,0.02220516585468064,0.02349736466258794
79,0.22745383340179112,0.6854062200021824,0.0005207219798119824,0.03998347202226467,0.04663575259394993
80,0.1786771392635553,0.7937742717888744,0.0010574370867988605,0.017536198059832805,0.00895495380093873
81,0.18301507784720036,0.8022219881959946,0.0010173747838839692,0.004731602397564437,0.009013956775356815
82,0.03843025719823553,0.9489593805205465,0.00453022289379623,0.0028327547701440187,0.0052473846172777
83,0.018376426230599142,0.9547400724833787,0.01481849135218694,0.006732586220827407,0.005332423713007984
84,0.02358560179971295,0.9526769433096152,0.015503600120353735,0.003621911394723805,0.004611943375594045
85,0.041662134902615194,0.9187032424917619,0.02731031945768201,0.004796623659551148,0.007527679488389527
86,0.12056807373954131,0.8396005056597443,0.024342016670546085,0.00917547968473879,0.006313924245429598
87,0.11619392482766124,0.8544842305377639,0.012905363754556,0.011620985611620754,0.004795495268398098
88,0.05423621630841082,0.9148045905167473,0.020982198495570845,0.006339677211626794,0.003637317467644386
89,0.0857888261686966,0.8830019145091074,0.02127455249619014,0.0063454148884233156,0.003589291937582417
90,0.016011180868984287,0.9275052482593982,0.05166782808719164,0.0024134512907418096,0.0024022914936839383
91,0.00912545542851769,0.8581329752203665,0.12642626798162998,0.0034682167171726807,0.002847084652313213
92,0.006980547976506803,0.8548510832649777,0.12991387827536072,0.0036930780240332097,0.004561412459121368
93,0.008066428566959608,0.7347807368203163,0.2460099089740621,0.007136699391995535,0.004006226246666531
94,0.2890195111396291,0.35455766781326004,0.0021844621675110327,0.010193087850913388,0.34404527102868643
95,0.14244660050238095,0.8314420757577404,0.013539061005728307,0.0031047658740777427,0.009467496860072524
96,0.05141712283805839,0.9340926155756608,0.009063713355667859,0.0012695115296942048,0.004157036700918961
97,0.11594702357355596,0.8607593149683346,0.015922386031950307,0.0021564664466881354,0.005214808979471158
98,0.005231571019679999,0.8934053093798522,0.09742330745721205,0.0006496215667972066,0.003290190576458358
99,0.01077130893202542,0.8343806999923772,0.14854511798086234,0.0013432223398958142,0.004959650754839211
100,0.0025062866528698133,0.7322725822535333,0.2618805659440301,0.0004054201768528414,0.002935144972713927
101,0.006342128930762316,0.6615580038284673,0.3215673151540845,0.0013478003817960808,0.009184751704889721
102,0.026640624227095115,0.8638282538759238,0.10112501125956444,0.0009170451516248986,0.007489065485791691
103,0.20679516440507786,0.7490871575372171,0.017449609621580053,0.002434424493252888,0.024233643942872026
104,0.006541963903016573,0.7563280654520912,0.23176494838288245,0.0002835795990832788,0.005081442662926625
105,0.014060434688871436,0.8360970405012687,0.14115291919744094,0.0009783648221012053,0.007711240790317807
106,0.004366573368798611,0.5207575471577057,0.47138566082802263,0.00026950072605413743,0.003220717919418846
107,0.002905362633895758,0.738559795610899,0.2548900477297678,0.0004469810762766522,0.003197812949160697
108,0.005244101566514066,0.6357611674057957,0.3530999809171157,0.00025759198902203836,0.005637158121552566
109,0.0007376210945828347,0.3023465152536512,0.6956636456341219,3.893784067256739e-05,0.0012132801769713473
110,0.003296052222370179,0.31759152131502905,0.6762848624744259,4.2621820514867554e-05,0.002784942167659912
111,0.001459845605875577,0.24567289618164315,0.751264647732785,3.270165189544448e-05,0.0015699088278007842
112,0.0017452098802597283,0.2461491377982991,0.7491338394342466,2.799369717443016e-05,0.0029438191900201843
113,0.0013250626425757425,0.1999426343097534,0.7969156909377482,1.7922938504033675e-05,0.0017986891714184495
114,0.002201072798129111,0.4034944307252302,0.5909827385616209,0.00015153051945940364,0.0031702273955601964
115,0.001626443440127113,0.274482317722162,0.7209913974099953,6.263469054561205e-05,0.002837206737170011
116,0.0014641449953793637,0.2310482551521166,0.7640143814337202,5.31822540848576e-05,0.0034200361646987147
117,0.0007466259511056162,0.05322484540552702,0.9439557837452978,2.699395615143905e-05,0.0020457509419181835
118,0.0026750427444018486,0.4762277005996827,0.5139182422046821,0.00017425646150878317,0.0070047579897246
119,0.09296985378465411,0.6779687424455939,0.1943792690074858,0.003147723158834202,0.031534411603432004
120,0.013091971408976081,0.8084113825715724,0.1599333890371593,0.002234280040528307,0.016328976941763832
121,0.024511912739404847,0.7486918996085565,0.2094619483668834,0.002115766127597551,0.015218473157557701
122,0.003864737875918251,0.5794348662118393,0.4128673959688688,0.0004942675850347771,0.0033387323583387446
123,0.008609965293033008,0.5954400538105631,0.38966957390669177,0.0011735340591013301,0.005106872930610797
124,0.01276930533432427,0.8243270367971676,0.1511497351917423,0.004198140538451206,0.007555782138314755
125,0.010089278721474792,0.8990186498881818,0.07597975063063746,0.008416761770514538,0.00649555898919111
126,0.29054500943748957,0.5544209520864016,0.006234794537606571,0.08189870453634605,0.06690053940215612
127,0.21367428833029825,0.7495236319756877,0.003851766738780881,0.012394918771837224,0.020555394183395984
128,0.11990592528827519,0.8546330567181892,0.008670858724070505,0.006323177316020008,0.010466981953445257
129,0.104085074753481,0.8817040150520339,0.0035123394175118243,0.005180485666734812,0.005518085110238393
130,0.04293873387020846,0.9311604623284963,0.011115169708420114,0.008996680969467399,0.005788953123407632
131,0.29875223331646344,0.5963473918800438,0.0032568287426769553,0.07940964934275382,0.02223389671806182
132,0.2871023845194737,0.568198537401212,0.0046215163773837145,0.1149828485459136,0.025094713156017117
133,0.06204452180032108,0.9110855857856099,0.002559444742335918,0.016719596776462956,0.007590850895270069
134,0.02338688849703808,0.9542529888805641,0.006918486015367309,0.010158305542483842,0.005283331064546836
135,0.015950158467135017,0.9498167602508911,0.01642491120057565,0.004185518981952405,0.013622651099445939
136,0.0011990978185217175,0.002030439591563101,0.00015642984725762504,0.0005359488559549134,0.9960780838867026
137,0.005575787460151094,0.0010962904188064418,4.644848366873917e-05,0.0018283161765474231,0.9914531574608263
138,0.3989463269965947,0.014927279138247861,9.485185212189399e-05,0.00397904162765331,0.5820525003853823
139,0.8194556041940683,0.03164008910775789,0.00013328533575988682,0.010883585178340791,0.1378874361840731
140,0.6705103961693775,0.24889707562614682,0.00015879300502813547,0.02506527423410637,0.05536846096534114
141,0.3707911799955988,0.4567779455337314,0.00023824694656848544,0.095579001477378,0.07661362604672337
142,0.18200334102855323,0.6873115479647044,0.00043847052016836665,0.10748956843058188,0.022757072055992183
143,0.06689306837673367,0.8195919946890415,0.0005850262196646726,0.10624819945760845,0.006681711256951767
144,0.059184312823079586,0.823058426644466,0.0006616933609089656,0.1087788002207612,0.008316766950784267
145,0.18442560314480594,0.6758437339629603,0.001273505496106086,0.10491766163322712,0.03353949576290069
146,0.1508779182081223,0.7377005907816948,0.0012181425244739144,0.10281171445838164,0.007391634027327538
147,0.12442713775795292,0.8014478359867019,0.005088500166584149,0.059207870642143036,0.009828655446618106
148,0.06726273303029748,0.903781527465651,0.001693115304306267,0.025010838694848485,0.0022517855048967807
149,0.08094904601996662,0.813727804735435,0.004284098472092735,0.09324468049588173,0.007794370276623799
150,0.08598711553926001,0.8598801237000357,0.0024008526019356304,0.045881179231193434,0.005850728927575124
151,0.22982269712875006,0.5886449974078893,0.0010557364228223193,0.1703297899020198,0.010146779138518582
152,0.07069129254874479,0.8258313990630709,0.002029703800744902,0.09513257731738578,0.0063150272700537155
153,0.08932314148688555,0.7860339217946751,0.0008482141735875516,0.107711226445199,0.016083496099652733
154,0.02351166741766388,0.9516317618754686,0.0017034646456630185,0.018117253438685286,0.005035852622519429
155,0.2905880166622154,0.3566912775072368,0.00039504358776910377,0.23099845199748925,0.1213272102452895
156,0.0026894030007791393,0.0025477277638070593,4.6742390000882284e-05,0.00043905716981526154,0.9942770696755977
157,0.004602474811284107,0.0007624794337216911,1.0767756262107102e-05,0.0018900965690176277,0.9927341814297146
158,0.14692110520454676,0.0031195839847281237,5.0078551328368203e-05,0.007333958008800987,0.8425752742505958
159,0.09191113052810203,0.00229174296728784,4.702992101423339e-05,0.006994450806261192,0.8987556457773348
160,0.29069792611454237,0.01308165709575639,6.0039854812016966e-05,0.02362036143755624,0.672540015497333
161,0.2057661305508857,0.017417080448276095,6.001329335693259e-05,0.03403292469960743,0.7427238510078739
162,0.02400028868958062,0.0017803913037959937,1.271466370169097e-05,0.006601504764377177,0.9676051005785445
163,0.0013772904001247961,0.0015528256094810174,0.00012058896109694434,0.0004270243754717967,0.9965222706538254
164,0.00051725892592321,0.00028568579798256684,1.1075501934268285e-05,0.0008198075444926711,0.9983661722296673
165,0.0025004043310945987,0.00028783377804672804,2.459255553394888e-06,0.0008160241275687747,0.9963932785077366
166,0.037148297855162195,0.0007803461422460184,1.0970017646999049e-05,0.003091727768965902,0.9589686582159788
167,0.15110550765404024,0.0026857749379558234,3.6669594768871236e-05,0.012279318060342582,0.8338927297528925
168,0.36847524897120837,0.016493730391587132,0.00017732194719391416,0.024888890597057654,0.5899648080929528
169,0.4253676999307899,0.035935515404039324,8.754938230418702e-05,0.25822682089567844,0.2803824143871882
170,0.25092406954010266,0.06175757898380748,0.0001056010629196987,0.4012791837048608,0.28593356670830944
171,0.3211501167832432,0.025648293927952828,2.9229469174374408e-05,0.4007180695646836,0.2524542902549462
172,0.5794572936626783,0.0726903500873279,0.00010059801191973254,0.28828363117588773,0.05946812706218635
173,0.22586718888572355,0.43451680495356,0.0006273798682970947,0.30203323758801087,0.03695538870440855
174,0.380734612791826,0.2854557942663202,0.000193944603437534,0.20926660190415675,0.12434904643425951
175,0.16397243956061996,0.7221483996063619,0.000364027137097691,0.09912430590750387,0.014390827788416627
176,0.15951759893378187,0.6841282896936209,0.0003363044485403948,0.1447317420247621,0.011286064899294663
177,0.3737155191464825,0.5262214641374772,0.0001675450787708998,0.055010931963074744,0.04488453967419467
178,0.2987147854100631,0.6516209008965111,0.00014225736605707437,0.03595269145920592,0.013569364868162834
179,0.08670295677532952,0.8891237225579098,0.0010824993631753837,0.02075292872581701,0.002337892577768416
180,0.02197920703503956,0.9338631105159256,0.0018751738792637618,0.04057660605807736,0.0017059025116934376
181,0.01706139591247383,0.7595416991655434,0.03778857649968888,0.17066199637339935,0.01494633204889466
182,0.07729981307476536,0.12455812525830758,0.0003730430123177388,0.7562851881075738,0.04148383054703565
183,0.04820297794657187,0.28943968472471293,0.0006022481053238412,0.6546474290353339,0.007107660188057412
184,0.02153335487187252,0.045946142087438295,8.172141754956999e-05,0.9300731465274173,0.0023656350957221455
185,0.05393532890222561,0.023591210281612426,2.217068802316203e-05,0.919314218108732,0.003137072019406822
186,0.02491521148499143,0.006646534140486885,1.0727790932947426e-05,0.960060392623302,0.00836713396028679
187,0.06847065296081892,0.004731259907653758,2.1441796985506718e-05,0.9169579694006681,0.00981867593387372
188,0.040814889119618995,0.0029677386130384864,8.79927150087664e-06,0.9507175170477462,0.00549105594809539
189,0.040915693278376526,0.0018533337131395732,1.7379303732626216e-05,0.9524817203290393,0.0047318733757120155
190,0.03004688050533834,0.0027046534521863444,2.8984059104654614e-05,0.9623214071289782,0.004898074854392351
191,0.021263356579468252,0.005465788689117391,5.570465395362536e-05,0.9625895682779662,0.01062558179949458
192,0.014287622806125678,0.003702157684493604,2.645338499923474e-05,0.9735324228700024,0.008451343254379016
193,0.01957790368266965,0.0030377826026566678,2.7397138492324958e-05,0.9625561938996147,0.014800722676566841
194,0.005865413817932215,0.0028918007133152735,4.432333134269422e-05,0.9771316536377072,0.014066808499702729
195,0.007367412293169113,0.0022832497503095456,3.4998191503422596e-05,0.9804946862206718,0.009819653544346
196,0.005789838126434746,0.0024118030029328793,2.5179625188492678e-05,0.9875955230882585,0.004177656157185507
197,0.0041943321730721515,0.003204122928837534,9.090326510576759e-05,0.9870483315289177,0.005462310104066805
198,0.007109445684227332,0.004377821003834325,0.00014176045014363027,0.9815920296983583,0.0067789431634364536
199,0.025630815510566687,0.018965779570763536,0.00032141189490095804,0.9496101226053566,0.005471870418412275
200,0.017313456413094307,0.01563280289368777,0.0011154680312552836,0.9585587148555308,0.007379557806431691
201,0.003575514259044157,0.013421538875026957,0.00047054890194158484,0.9800233103798732,0.002509087584114055
202,0.002733677593098746,0.007070863006236556,0.00020980314561584783,0.9877427484933338,0.0022429077617150597
203,0.006308231461765134,0.02121832277075171,0.0009356081446511298,0.9695050253633869,0.0020328122594451483
204,0.024302572877673376,0.030069648548633546,0.00261026392372252,0.935378695798024,0.007638818851946707
205,0.0062579869302257585,0.02028150262246348,0.0008760901873644913,0.9699020518567086,0.0026823684032375337
206,0.009538875040246635,0.0206836156630504,0.0008278701771180423,0.9647940121683736,0.004155626951211359
207,0.01707670531917867,0.032661055207348064,0.0006825419625428306,0.9462591182247582,0.003320579286172219
208,0.012592369360995271,0.012304995119725305,0.00023468723415017781,0.9708687915127675,0.003999156772361706
209,0.041492136929521,0.040314725286059734,0.0005491143019068283,0.9079507601496586,0.009693263332853736
210,0.12545537114632163,0.06230676562275957,0.00037311698047555697,0.72945188576554,0.08241286048490333
211,0.003932146429500449,0.000709144439869517,9.11676208870258e-06,0.003762023959077186,0.991587568409464
212,0.03271896081031641,0.0038215203283281022,6.826425241180122e-06,0.006669767250107405,0.9567829251860068
213,0.00501724039429177,0.0005811057213502513,2.3048720210045776e-06,0.0013083398051543704,0.9930910092071825
214,0.009873299824807445,0.0017801174383042955,3.4787679237743386e-05,0.0011166758687996652,0.9871951191888507
215,0.014684299972992473,0.0043918990533809155,1.5957092434967913e-05,0.0006290751710849586,0.9802787687101067
216,0.006425749652404936,0.0017579756442616884,0.00019581946810563996,0.0008345414932213958,0.9907859137420063
217,0.004132091964258904,0.0006706566277982579,3.916769910738996e-06,0.00047035601935225836,0.9947229786186798
218,0.003524572210989605,0.00033719558896155546,2.962333650604732e-06,0.0002647212958925268,0.9958705485705056
219,0.0029189461885171415,0.00023276174096976043,3.766602916088979e-06,0.00015033232558176943,0.9966941931420152
220,0.0037877755178146334,0.00047290972287977664,3.8823612301051e-06,0.00043313204437988423,0.9953023003536956
221,0.0022620485915843687,0.0004269897606642338,1.6338531956917338e-06,0.0006535950728323526,0.9966557327217234
222,0.00783010672596864,0.0005051116714574532,6.867602290550267e-06,0.0022376306859220436,0.9894202833143612
223,0.08374646671560873,0.001804996956142334,6.568889285983621e-06,0.01362107207213062,0.9008208953668323
224,0.11905903751311106,0.0036709420854642936,1.3027805608503437e-05,0.05808231328129444,0.8191746793145218
225,0.20195893359570474,0.005838761864668888,2.8169247201017246e-05,0.17060937728013414,0.6215647580122912
226,0.17018561773015858,0.0058929996865878026,1.3456674014060686e-05,0.24647180525806506,0.5774361206511744
227,0.33846752788395784,0.013483364215806379,0.00011072075282075369,0.3941746186875807,0.2537637684598344
228,0.10132678798379721,0.0047629621949757265,3.7975536421224424e-05,0.3816102679630717,0.5122620063217341
229,0.01759874769140351,0.0017915949587324778,2.183399746248897e-05,0.12969838986824006,0.8508894334841615
230,0.2574748063337967,0.010583253777666987,6.243199646073857e-05,0.25220939382006785,0.47967011407200777
231,0.2974849456721459,0.024008226108593,5.556976948520752e-05,0.37489688280595607,0.30355437564381993
232,0.002593348659625289,0.0007601872330558951,5.233836556490817e-06,0.0030749087832886656,0.9935663214874737
233,0.002460507739413717,0.0013027881094358005,2.7868472967301068e-05,0.0006522578019540941,0.9955565778762291
234,0.08179580956533775,0.03539126514926602,0.05567593948492678,0.0011329938615640535,0.8260039919389053
235,0.05466294705159821,0.009868503169973397,0.00019998121114474522,0.0018314647428196577,0.9334371038244639
236,0.01721775006893091,0.02772071730840233,0.0003661969490646655,0.001658037376500793,0.9530372982971014
237,0.02022195299178687,0.02017493759798287,0.0002764729752370566,0.0009834378001890214,0.9583431986348041
238,0.08180568321766465,0.0037814363455728342,0.6818887576941599,0.0010023191616779228,0.2315218035809246
239,0.003694065517351912,0.0009692866279239275,1.7113126278058208e-05,0.00033594053210913644,0.9949835941963369
240,0.0031962235097719375,0.0006028540136896978,6.713404818780959e-05,0.00032079347545223687,0.9958129949528984
241,0.00622809663336392,0.0004963275861696095,6.69558836159642e-06,0.0009603948862258484,0.9923084853058791
242,0.0004450359743986288,6.456252158960135e-05,3.011522666256228e-06,0.00020253396978089076,0.9992848560115647
243,0.0020264899335934758,0.0001852259345972206,1.9409378486786153e-06,0.0002590680810378644,0.9975272751129226
244,0.0007008801110244345,0.00015160103294433299,2.1595866420154373e-06,8.52317705369393e-05,0.9990601274988523
245,0.0016429894259047137,0.00018498281743074282,2.074257192057467e-06,0.00012925813151844654,0.998040695367954
246,0.004104665305442554,0.00046664302173291943,1.0746454405578119e-05,0.0005488534005187332,0.9948690918179003
247,0.0025214013145890466,0.0005457895706299123,1.5169979698196232e-05,0.0010223928694328525,0.9958952462656501
248,0.018740753642260116,0.0008401882072542681,1.1350820234928187e-05,0.0035967289215755034,0.9768109784086753
249,0.002522868981212009,0.0003380406483365499,5.744472186956699e-06,0.002447967666996997,0.9946853782312675
250,0.004702596898593571,0.0003898987606413421,9.736763859597756e-06,0.004262287245848019,0.9906354803310575
251,0.08793072199277177,0.0023357121444063274,1.665386527608511e-05,0.017618487757106973,0.8920984242404388
252,0.28657319408202814,0.007414458134413952,9.127966526119449e-05,0.09781147559780079,0.6081095925204959
253,0.38378080145451754,0.009642236658877543,9.760108861599925e-05,0.2697409767865625,0.33673838401142653
254,0.2750350149692463,0.01639386601905569,9.045890445666108e-05,0.5847113550907377,0.12376930501650359
255,0.14311570109566965,0.005289468326692803,2.34220829944217e-05,0.48419978104928696,0.3673716274453562
256,0.2958012582607793,0.014108742115155752,6.252477368598792e-05,0.6590743259078663,0.030953148942512786
257,0.24526710071691707,0.02226009860154896,4.491165005235284e-05,0.7113953309215892,0.021032558109892435
258,0.2689157610449905,0.03622843162251652,6.401576256927471e-05,0.6690545923043143,0.025737199265609346
259,0.14727829509307533,0.26656084421711096,0.00016059423622083864,0.5743615996447589,0.01163866680883403
260,0.1567258592031657,0.26592022499301277,0.0001373171263668093,0.5706913482947162,0.006525250382738411
261,0.11846362031948374,0.3732135198360951,0.0001054216075781317,0.5016966191916229,0.006520819045220026
262,0.03837646509057623,0.5646316501995823,0.00040200937802239035,0.39139328271500184,0.005196592616817283
263,0.058544921543478914,0.404031873658941,0.000477980833114207,0.5315218904324054,0.005423333532060485
264,0.06714339122090764,0.2566871862204648,0.00012313301676241417,0.6674432700058158,0.008603019536049247
265,0.062161747476301835,0.3365820105090101,0.00025524866081119506,0.5938527401981044,0.00714825315577246
266,0.09689677594199475,0.5081247261580883,0.0003336131180149456,0.38938492905005534,0.005259955731846511
267,0.23718298564649026,0.33419488948367165,0.00037266132282112827,0.419131357754044,0.009118105792972984
268,0.12330509545885758,0.3948595546279837,0.00017267762999436932,0.472596588743173,0.009066083539991445
269,0.03892052152244107,0.6983458794249998,0.0007810347964024156,0.25654908306579494,0.0054034811903616265
270,0.111740530217708,0.5755633041370215,0.0001980443075475957,0.3014594425571346,0.011038678780588444
271,0.16138430149055535,0.579535614815417,0.00014078090788521174,0.23859084009446013,0.020348462691682275
272,0.05072597897991714,0.857353289799861,0.0008131872760625731,0.08790333519445882,0.003204208749700478
273,0.1454622011635838,0.6805206612276284,0.00047875362928128583,0.16270536305780225,0.01083302092170431
274,0.24895298540237873,0.27428556787104097,0.00017483054851885952,0.458187434109528,0.018399182068533443
275,0.043263742281552456,0.8959383954515766,0.0002831216344748676,0.05698015618461941,0.0035345844477768147
276,0.10642332176907048,0.8598972932045965,0.00016465015116537508,0.027527021557903975,0.005987713317263804
277,0.107803837555084,0.8640628167886953,0.0003251293979552269,0.02317529299079569,0.004632923267469499
278,0.0428426001615559,0.9301074466729435,0.0012277914869777433,0.02341851417489386,0.0024036475036289208
279,0.3247936262779723,0.6412399809758824,0.00025418056787310554,0.020320853929341562,0.013391358248930592
280,0.06355331308754152,0.9233359435134579,0.001146351730012353,0.00946977850430713,0.002494613164681093
281,0.0250021410950434,0.9643156381605715,0.003529954619246294,0.005740652837822557,0.001411613287316309
282,0.02269716598548835,0.9622467165758073,0.004934976487500625,0.0085271402350292,0.0015940007161746518
283,0.10237354235830569,0.8099902718953393,0.00372490724408644,0.0768407082427927,0.007070570259475697
284,0.2119754633073901,0.6697741839374359,0.000954744827228113,0.10500277314147002,0.012292834786475913
285,0.05099796182679674,0.8798553490520384,0.005522095970256453,0.06005048068847728,0.0035741124624310543
286,0.5142749516483393,0.32873116893517235,0.0008317378854447618,0.12743772549633264,0.028724416034711042
287,0.23071026351951032,0.7143859492802728,0.002609923140004985,0.04336977261875617,0.008924091441455765
288,0.058497121859193535,0.9094687038388165,0.0067383402616096755,0.022301116057810332,0.002994717982570071
289,0.033821211419032174,0.9443750252499491,0.007091198749857033,0.013097100725666819,0.0016154638554950903
290,0.016138432670565122,0.8974147591316073,0.029451341448649748,0.05289851327246897,0.004096953476708912
291,0.1914448596553601,0.6443684482811549,0.002493421591340138,0.1249854554431237,0.036707815029021186
292,0.12100227752480948,0.8249294390520345,0.005813129415080617,0.03412850245876653,0.014126651549308929
293,0.6231532912870079,0.2650923027722764,0.0009280011185112564,0.03494949409770561,0.07587691072449895
294,0.2661715582922002,0.7199175031654228,0.002479088552837042,0.00487796298036711,0.006553887009172832
295,0.03159453662217648,0.9586125422904263,0.007627639830243318,0.0008881751476298011,0.00127710610952416
296,0.07041866794615377,0.9104999174345967,0.013497050102166404,0.002231979975638407,0.003352384541444687
297,0.028512544003041193,0.9441817757425636,0.022723467360974768,0.0023116594555271644,0.0022705534378934435
298,0.006367658531555689,0.8978112816626541,0.09301165292654474,0.000924103003386965,0.001885303875858664
299,0.017325149646987018,0.8978762561386798,0.08131112957533272,0.001067815136398556,0.0024196495026017786
300,0.0034523581526450897,0.7942757773840114,0.20080963444057479,0.00035481767086984915,0.0011074123518988986
301,0.010681483125881257,0.8563042246638224,0.13068025284417184,0.0008237683186187626,0.0015102710475056271
302,0.004038640886888481,0.6492592271084774,0.34424533783268335,0.0005994344609825787,0.0018573597109681256
303,0.0033312230370161275,0.6413721543331684,0.3518261056354619,0.0006339790273521467,0.002836537967001301
304,0.0015326452497946364,0.445772494037351,0.5509747747093569,0.00032635106110623016,0.001393734942391361
305,0.0010356966406930561,0.5074612471263883,0.48956177447439336,0.0001498192862725933,0.001791462472252708
306,0.0017655335969176127,0.45993601399517137,0.5346416644086379,0.0006452492034324368,0.0030115387958405504
307,0.0006521561753148591,0.35969356323529894,0.6380830141746973,8.150050264908672e-05,0.0014897659120397774
308,0.001527705715479931,0.46202844404981563,0.5342393492304764,0.00013771350917803556,0.002066787495049883
309,0.0013652135936922138,0.3705123155307567,0.6263272479121691,0.00011772941843114795,0.0016774935449508637
310,0.002073248812545612,0.4184845273302682,0.5761772470284316,0.0001202811917797441,0.0031446956369748317
311,0.0022985512039233585,0.3803251555619561,0.614223918098476,0.0003706155073902021,0.002781759628254542
312,0.0009859523400650011,0.3051463771555793,0.6918423391564151,8.571815108390915e-05,0.0019396131968566074
313,0.0008866480866865013,0.06369974527803661,0.9336003594532426,7.772260625239854e-05,0.001735524575781796
314,0.0020240876178068104,0.34225437791178354,0.6524346468490988,0.000309913375994637,0.0029769742453162533
315,0.0020018052021103256,0.3210670332852623,0.6730005196550919,0.00014597594106764738,0.003784665916467747
316,0.0014951369635386568,0.25246040604391157,0.7438262065446016,9.304436600646376e-05,0.0021252060819416754
317,0.0017090394652845393,0.24844734101422647,0.7475525095156442,0.00012853544840594108,0.002162574556438783
318,0.0010023700831441951,0.17090622431511268,0.8257931275064837,9.566556033372163e-05,0.0022026125349258433
319,0.0010231998358936536,0.09583842908714825,0.9008711464055837,6.929185246617795e-05,0.0021979328189081463
320,0.00018837191180751637,0.02236231624755292,0.9754736013809958,8.73468885240503e-05,0.0018883635711197519
321,0.009672062998914845,0.6190606336444895,0.361926341286423,0.0032334552389539704,0.0061075068312189265
322,0.007307326688279443,0.6002783992890086,0.38272275038485015,0.0035301145649894363,0.0061614090728723475
323,0.006810374441206236,0.6473644570020562,0.332488798099183,0.001792531683264303,0.011543838774290072
324,0.0032358191532123183,0.4463066987669671,0.5463594378959445,0.0006416569450097546,0.003456387238866222
325,0.0025008983659894827,0.4807897159611963,0.5101166949072312,0.0009266513098405041,0.005666039455742494
326,0.0022679142644633173,0.29506674297547225,0.6951226919788913,0.0014510711541949046,0.006091579626978124
327,0.006058295054390885,0.20811428200756407,0.7677941054156177,0.0022087736083543047,0.015824543914073126
328,0.008853777661514808,0.47077908621590175,0.5086011220321572,0.00221761538082926,0.009548398709596938
329,0.0064826688445554104,0.682201294307526,0.3025153808099507,0.0016432412276301005,0.0071574148103379495
330,0.007849674444595525,0.3134907174829622,0.6625859949643149,0.0016239202625891094,0.014449692845538082
331,0.006734390376212659,0.6684552070166916,0.3191029644882326,0.0010661735940589094,0.004641264524804264
332,0.0025614021856426284,0.28178090486256374,0.7102440272620963,0.0006235637507480432,0.00479010193894924
333,0.0031257842532275877,0.16410552711466322,0.8221707183020416,0.0010277281760386263,0.00957024215402892
334,0.006050628994870004,0.431323968851645,0.5524818969833974,0.001404528806549271,0.008738976363538441
335,0.0017773999986220677,0.27202770430166645,0.7201353265015579,0.00033446924504986267,0.005725099953103738
336,0.001145923211275761,0.19302107843920008,0.8018953793090356,0.00018008381435890544,0.0037575352261295845
337,0.002603628522470198,0.3920269674200658,0.5989050338485944,0.0005619063163190866,0.00590246389255062
338,0.0026244540175247295,0.39264037245257266,0.5974689934989246,0.0005774276773194289,0.00668875235365862
339,0.0006994078736131693,0.06745257398033229,0.928336070726569,0.00019178691851592355,0.0033201605009698064
340,0.0006990707088327153,0.06450097547153649,0.9319703484083859,0.0003114490865305944,0.002518156324714379
341,0.0005866667553834707,0.03659866666501118,0.9603260903678918,0.0007070919566087541,0.0017814842551047872
342,0.006258456000646045,0.1941424922219902,0.777077384703229,0.004258203957894358,0.01826346311624052
343,0.13121818991966777,0.7143777758928571,0.0754728791556076,0.019783857480685795,0.05914729755118193
344,0.12096333953820798,0.8348838366164331,0.015420007382849321,0.009638702125857292,0.01909411433665221
345,0.35942278609943507,0.5935406018286837,0.011061507328493689,0.019175610858741383,0.016799493884645966
346,0.18764537174765566,0.7625005034358528,0.021473949297366814,0.013714822929506662,0.014665352589617996
347,0.05845091287602664,0.9128680535901678,0.016371477463059447,0.006454697211751043,0.005854858858995299
348,0.20943154404629255,0.7315299137166328,0.013311072107856396,0.033795365790699236,0.011932104338519005
349,0.109759057141985,0.8209907197119444,0.014450106577610738,0.006570013988930877,0.048230102579528984
350,0.16635850129635907,0.818936198936669,0.003597830254886709,0.0033874775198836945,0.007719991992201693
351,0.1591661024127015,0.8289074266271643,0.006325011206819838,0.0019980473793780335,0.0036034123739363383
352,0.12141575096112858,0.8500453039617824,0.01892632634260045,0.004578661453726554,0.0050339572807621335
353,0.04367223861802525,0.9244838302138666,0.02318921265841507,0.0030468922477886596,0.005607826261904568
354,0.035310738073965245,0.9138324206945172,0.043660931242477656,0.0033644807479958883,0.0038314292410442327
355,0.02683089096051687,0.8944261523698771,0.0672892074832672,0.0069982699225554345,0.004455479263783283
356,0.09775550067343781,0.874153562342375,0.012634783439595794,0.007382452256605049,0.00807370128798643
357,0.04067354533821721,0.890901131788322,0.0479244827339518,0.005943547901402491,0.014557292238106385
358,0.030292111262279806,0.9179848474808007,0.04169909979368145,0.0040917975189084,0.00593214394432967
359,0.02233635038574308,0.9297551409821212,0.04200349613552215,0.0024998095348176697,0.00340520296179587
360,0.027001173734684553,0.9155822637998522,0.048628605163185505,0.0035986244588192017,0.00518933284345852
361,0.11931266814027625,0.8338913076090764,0.022671218325888604,0.011059982336674988,0.013064823588083928
362,0.024234173123766384,0.9019556988686936,0.06256600026329989,0.007120876050466807,0.004123251693773287
363,0.1032613895723928,0.8637023955937456,0.01846684389355321,0.006093632835156137,0.008475738105152307
364,0.07997580440682339,0.9001319386393393,0.013084869159593301,0.002618277585626989,0.0041891102086170995
365,0.04321026998337018,0.9187458571769288,0.03319312205101065,0.002399307858173965,0.00245144293051657
366,0.06531702253371251,0.8783547134149992,0.04325027201444685,0.005454371599855154,0.007623620436986359
367,0.01400015197794866,0.8983207481778133,0.0785157170936859,0.0052092923043312945,0.00395409044622099
368,0.07968074772644874,0.8685594317926678,0.025669152956519788,0.016846248652845425,0.0092444188715183
369,0.013393571303227618,0.9063780981038048,0.06845085426408946,0.00721432318613681,0.004563153142741195
370,0.1365648795082844,0.7962859598704349,0.008084807660969948,0.03134814432697787,0.027716208633332778
371,0.08707943510386765,0.8702865695262852,0.01639763059020327,0.020217024574056438,0.006019340205587475
372,0.08225031669807896,0.8598607261194408,0.002257346126453122,0.04636247285613408,0.009269138199893199
373,0.03393105034115238,0.89614240540208,0.01014448867434146,0.05691484916721323,0.0028672064152128647
