epoch,N1,N2,N3,R,W
0,0.0022360239137391427,0.00031890937782559116,1.4542979181079201e-06,0.0001886041529014501,0.9972550082576157
1,0.004605957519001294,0.00043466711814798295,4.8788817519650335e-06,0.0002895095296473296,0.9946649869514514
2,0.005424634969030971,0.0004876181241680232,7.604128101064341e-06,0.0003314523682393812,0.9937486904104604
3,0.005447083072287247,0.00042776299162159597,4.948091973660862e-06,0.00021565541449284796,0.9939045504296246
4,0.07076765478168855,0.002614345500292862,1.3857074245007836e-05,0.0006049051866160373,0.9259992374571576
5,0.005719163622804169,0.0005720879187807616,7.001828915346888e-06,0.00016729282608840502,0.9935344538034112
6,0.01933767038894159,0.0015568073803666448,2.309462815618006e-05,0.0002483492922009741,0.9788340783103345
7,0.09950461807375048,0.004761838933849747,4.5081563692351013e-05,0.0007404902278077531,0.8949479712008996
8,0.009952935944858653,0.0013686563140209822,6.515684144760145e-05,0.00026362543530802533,0.9883496254643648
9,0.09614295537090385,0.009266980478857996,5.663197445592625e-05,0.0049994912988348145,0.8895339408769474
10,0.6000320081489794,0.0525249288795072,0.00013323815575784953,0.021697835788369906,0.32561198902738564
11,0.7569664431136316,0.09268219626920741,0.0002698791239087132,0.05788294263608676,0.09219853885716557
12,0.4874621835499823,0.04517126581051714,7.319769638847019e-05,0.0527991230096133,0.41449422993349877
13,0.6790819325746887,0.12828380378188958,0.0005533349260309009,0.049634937643570146,0.14244599107382067
14,0.46607794849298406,0.3826815078800947,0.001207089949590776,0.04125700957794493,0.10877644409938543
15,0.08550598855811124,0.8836784466050911,0.0013070901478037058,0.014553481303456062,0.014954993385537808
16,0.14778538429990046,0.8089433858774528,0.002739466144202085,0.026545798120261692,0.013985965558182944
17,0.0371666367174091,0.9280796751752753,0.0029440656248847876,0.015111687278880612,0.016697935203550077
18,0.33053205984077705,0.4805988345464649,0.002289303853539467,0.007180306452957496,0.17939949530626106
19,0.07370014562098845,0.9130685233006037,0.0022480299717599164,0.0037221120448417684,0.0072611890618061985
20,0.05375277337556127,0.924492783256874,0.0026653172312306223,0.005848439271583539,0.013240686864750627
21,0.018435025702469732,0.963068594952681,0.006887971306121583,0.0012964271506015303,0.010311980888125977
22,0.01040910772921765,0.9578203253927687,0.015272811211630766,0.007494383849831806,0.009003371816551035
23,0.016704115249186198,0.948842541210695,0.008366119447758977,0.011950065895708163,0.014137158196651805
24,0.09013950247028737,0.6248536447773545,0.008142522185375754,0.010366695546323515,0.266497635020659
25,0.37172408859530437,0.2756132587748906,0.0001909963753617758,0.07357087045871638,0.2789007857957268
26,0.5691506595605501,0.33990298329685054,0.0008560703681084369,0.045085995069624664,0.045004291704866146
27,0.6574642106650894,0.2724508266228385,0.0003361015130933422,0.017213628595524652,0.052535232603454086
28,0.44820290925190853,0.4922149529599519,0.0007195255703074159,0.013927221039664034,0.04493539117816833
29,0.09233045316788563,0.8783935398219628,0.0012852428787898976,0.008627415068068708,0.019363349063292977
30,0.11774891534211801,0.8126511203021605,0.0005398264039915814,0.02919054947982505,0.03986958847190483
31,0.23136800254479978,0.14627737987611242,0.001122094788469801,0.032848145324067206,0.5883843774665507
32,0.4194598476069216,0.21004903401733124,0.0005334111008891339,0.23791581942411952,0.1320418878507386
33,0.25149983367725015,0.6747712243861456,0.0005929116754968737,0.04101804260506728,0.032117987656040015
34,0.620802796344641,0.2699100774891869,0.00019481190193250137,0.05445266018086424,0.05463965408337544
35,0.3665673123917331,0.5170292270378145,0.00016258679585330415,0.05269855318125618,0.06354232059334287
36,0.36068595623653826,0.5320924958024589,0.0011670459481807386,0.05277707380448754,0.05327742820833454
37,0.08985063517495903,0.8859229818616127,0.0005926232895301893,0.011785579236990985,0.011848180436907323
38,0.020193813234909555,0.9683202917164696,0.000796497560212601,0.00586501124154156,0.004824386246866518
39,0.030443065249347173,0.9379481560660721,0.0011131636911617484,0.016105656676858558,0.014389958316560628
40,0.040173343707678257,0.7726437996339708,0.01671755938474915,0.006488599481472545,0.16397669779212917
41,0.004760132505442315,0.004119893482731349,2.1140773950852172e-05,0.00441267895501835,0.9866861542828571
42,0.19937530534877923,0.0241811991012678,5.856018652189481e-05,0.01914487711927411,0.757240058244157
43,0.7821364010773092,0.08949426779202051,9.862310329282692e-05,0.015344340627833028,0.11292636739954436
44,0.8132957724096984,0.0348852746040388,4.3754838788628196e-05,0.02137794526534988,0.13039725288212417
45,0.5101061859678553,0.054767700667444956,0.0001406405247138231,0.01906342059755365,0.4159220522424321
46,0.6810268743778982,0.10730787381208817,6.888080615222555e-05,0.08776794867161881,0.1238284223322427
47,0.6702834586670094,0.10519541587492234,0.0003495155929569337,0.11950105248923928,0.10467055737587191
48,0.28358384329525715,0.5947629019387197,0.0012367548869084278,0.09936337623198609,0.02105312364712859
49,0.2342380122712332,0.6038719281539658,0.0005926222018188203,0.14566340958257454,0.01563402779040767
50,0.30517090656300655,0.4051495417943399,0.0025291612489128524,0.13058196511441492,0.15656842527932574
51,0.3780945916640873,0.5507888665847095,0.0023476390905807624,0.029776651187248156,0.038992251473374324
52,0.13191882883221095,0.054325954853384775,9.8417455590585e-05,0.025286383122127144,0.7883704157366866
53,0.002740085471676753,0.0011898561589747645,0.000274924084339765,3.479808018007306e-05,0.9957603362048287
54,0.0016492834975200864,0.0006008193087978709,2.256525096114401e-06,0.000122916801484653,0.9976247238671013
55,0.00556068624434602,0.0028240316226288706,1.6414956109583963e-05,0.00010517277311813741,0.9914936944037973
56,0.0008090927119060101,0.0001037067881557494,4.850723942535171e-07,3.0647631360618523e-05,0.9990560677961834
57,0.0047878290715887535,0.00022634937338441956,3.4245616580601116e-06,0.00012730021216044235,0.9948550967812083
58,0.0010900612390884181,0.0004006912982050887,3.4847900823081225e-06,0.00011839384225765234,0.9983873688303665
59,0.008597727904201167,0.0008055861094917233,1.0948505751468009e-05,0.0004532337889456743,0.99013250369161
60,0.0013732449773770363,0.000240523585580916,2.984024025733122e-06,0.0005478796090073272,0.997835367804009
61,0.00267029047151797,0.0013416906498730343,1.6145600002226734e-05,0.0005319227483457904,0.9954399505302609
62,0.0008718877834360068,0.00037461254331512653,3.027873902548755e-06,0.00014743190017655494,0.9986030398991697
63,0.0019087750354225645,0.0005823279549772803,5.270736622229165e-06,0.00018486597920061495,0.9973187602937774
64,0.0027615788241728586,0.0006697258517118552,7.2914350248942374e-06,0.00021861360130104963,0.9963427902877894
65,0.0010582822792753938,0.00043715629895839256,6.588317123206282e-06,0.000156944041929316,0.9983410290627137
66,0.003062278962910446,0.0009077126362608258,7.237317837235362e-06,0.00083137062038454,0.995191400462607
67,0.0007996054119436433,0.00025265346525939897,3.3427161440055094e-06,0.00023275688284437235,0.9987116415238086
68,0.0011009717383897305,0.00025457912912227483,4.348808320927389e-06,0.0001893964360456036,0.9984507038881215
69,0.0026032556816597443,0.00037008142133199373,8.930652383814631e-06,0.00027692519774512054,0.9967408070468794
70,0.005001433422751385,0.0007563670917698035,1.6476106668362558e-05,0.0004667510695326233,0.9937589723092779
71,0.002450059204576865,0.0005859215839651275,1.942292394325821e-05,0.00019814960218870028,0.996746446685326
72,0.000532642941453791,0.0002960298016852044,1.0201728653774151e-05,0.00010138226238481697,0.9990597432658224
73,0.0020866792345270615,0.0002418997761503581,3.7157038334915295e-06,7.956439490550658e-05,0.9975881408905836
74,0.0013396381763998411,7.706073249345338e-05,1.61146393001819e-06,6.852425894722644e-05,0.9985131653682295
75,0.0010280975849623986,0.00013734311189858057,2.884823687296847e-06,7.091240073359389e-05,0.9987607620787181
76,0.0024746241721528986,0.00013665442801383824,3.981506651171683e-06,8.318583387499299e-05,0.9973015540593071
77,0.006403020349699861,0.002650467967527655,0.0004781251617105212,0.00014701599513943593,0.9903213705259225
78,0.0022541250264746207,0.00020786520739285097,1.8498619897016568e-06,3.949103670203877e-05,0.9974966688674408
79,0.00033209935339501055,6.958901215606057e-05,6.932450871183619e-07,2.8233032895666174e-05,0.9995693853564662
80,0.0004275626439314275,0.00011766203174895474,9.507133478026999e-07,5.197208129015024e-05,0.9994018525296817
81,0.0011018358296302582,0.0004283476774859317,2.869138267409177e-06,7.308332899092568e-05,0.9983938640256256
82,0.0003725394406435786,0.00015586883031265883,1.4779133545812872e-06,7.068789504489864e-05,0.9993994259206442
83,0.0010388267287159676,0.00024212152538995242,1.5027876574592994e-06,0.00018331963242078616,0.9985342293258159
84,0.0011342507895718318,0.0003480340464073414,1.231894622943488e-06,0.00014059133657346278,0.9983758919328244
85,0.0008089451650183302,0.0004380233655081612,1.0834447475611941e-06,0.00012922425808801935,0.9986227237666379
86,0.0008805734712169596,0.0004283946598108218,1.6435324090139728e-06,0.00011625266818734231,0.9985731356683759
87,0.0022601871365735653,0.0004996831730362674,2.6252136736574774e-06,0.000244874606957035,0.9969926298697595
88,0.0011875293426574782,0.00046651008648118295,3.19084484240901e-06,0.0002309640972898536,0.998111805628729
89,0.0009603864713435512,0.00021462394563266069,2.1379816240352136e-06,0.00011962851519792485,0.9987032230862017
90,0.0012407918687347109,0.00040293792208865415,2.98281904776241e-06,6.107006348497845e-05,0.9982922173266439
91,0.0013025628603439122,0.0003264702604491961,1.680147029497001e-06,8.097652092080907e-05,0.9982883102112565
92,0.0010804482037024723,0.00038904014291227474,1.3637528404883024e-06,4.624509821357089e-05,0.9984829028023312
93,0.0007275109206466823,0.00042442354756784735,1.2586981236363002e-06,3.9054008115871184e-05,0.998807752825546
94,0.0014108374558380445,0.0004055535970620967,1.5281164355471018e-06,5.489308957278602e-05,0.9981271877410915
95,0.0019180406328847008,0.0005085810533294679,1.5900228786286266e-06,6.597908576434121e-05,0.9975058092051429
96,0.0046743241649265695,0.00048705676830923663,1.8957880356152494e-06,6.654987092159762e-05,0.9947701734078069
97,0.010923713642743036,0.0014107046118735855,4.796832295671942e-06,0.0001235657799147958,0.9875372191331729
98,0.007660617667933511,0.0008904751790798012,2.520018741809599e-06,0.0001188091953473981,0.9913275779388975
99,0.0037057983733166204,0.0007160809687440937,3.67455801115075e-06,0.00015513484968384333,0.9954193112502443
100,0.0325553274405926,0.004279720837324333,2.8895408401962968e-05,0.0011132407769988638,0.9620228155366821
101,0.2623815529909176,0.014718535174399304,4.9796228269367786e-05,0.009249275741628891,0.7136008398647848
102,0.3073731743887868,0.034224577975949404,5.1692213463031044e-05,0.021056461487196147,0.6372940939346046
103,0.04795650324829854,0.002503864211645727,3.710556424145573e-05,0.012601061035526563,0.9369014659402878
104,0.7115245841009974,0.06616567076440807,0.00017868206764265853,0.07998118120224235,0.1421498818647095
105,0.531417954838889,0.03042960070957279,5.9554504531191246e-05,0.07899646164071224,0.3590964283062947
106,0.6759242319315266,0.17054461442049856,0.00016256791185433826,0.06698095782102523,0.08638762791509523
107,0.4982750530341781,0.3196339295127308,0.00020005071173973284,0.14611483429775673,0.03577613244359475
108,0.2033729420161166,0.7340801571037534,0.0012060911047810732,0.05076522040395548,0.010575589371393444
109,0.1321518992934174,0.7818111444052818,0.002067750382890372,0.07905204920648448,0.004917156711925989
110,0.023201758533689977,0.9552054630951691,0.0027087816681394,0.017478389846179422,0.0014056068568224834
111,0.04205507208937741,0.943039813270837,0.001681266950903101,0.011128462050266383,0.0020953856386161066
112,0.01885976403532793,0.9668065816556154,0.00053871456558693,0.011761286114179169,0.002033653629290398
113,0.04115900499946784,0.948771242042115,0.0018515035057336713,0.005354538952124997,0.0028637105005585935
114,0.008629485175793792,0.9888346948096177,0.000727237056910909,0.0011574394590937735,0.000651143498583878
115,0.02097767732318077,0.9719297564453825,0.0021095883255156326,0.003415138518817665,0.001567839387103609
116,0.014879686813456215,0.982921615165388,0.0008243607424416569,0.0006371856593260416,0.0007371516193881375
117,0.008107421316925744,0.9861374800967704,0.0028523943898397966,0.001753942163353677,0.0011487620331104462
118,0.007341376321610326,0.9730763094505377,0.015274821728270849,0.003156942341262416,0.0011505501583187366
119,0.009610658433471718,0.9801876680501422,0.006419552291531134,0.0026371934494358925,0.00114492777541898
120,0.007509961633201827,0.9727424217891847,0.010479506885197686,0.006886610895606898,0.0023814987968089982
121,0.036582572520587865,0.9463980967922561,0.008191558759334115,0.004313854522298625,0.004513917405523321
122,0.00588049670533525,0.9647400236175141,0.026451986033512037,0.0015818592893343242,0.0013456343543041794
123,0.007169553677183797,0.9798559778335364,0.009591484330224005,0.002314224595834916,0.0010687595632208526
124,0.009476519188517949,0.9637215173498204,0.02230357782648666,0.002262662953404015,0.002235722681771181
125,0.029676487358716412,0.9439281672152733,0.01092135779451788,0.0014717967511839788,0.014002190880308482
126,0.07981930407881412,0.9010641279157582,0.008568141647140953,0.006926116632541372,0.003622309725745294
127,0.0261811078317657,0.9654895483244242,0.0034847351050561453,0.002531573387384955,0.0023130353513689406
128,0.003895297471877104,0.8578027653922872,0.13676332020897167,0.00043687276592473687,0.001101744160939391
129,0.00566273636915776,0.9369884413863875,0.054708799222211696,0.0007886468830413428,0.0018513761392015746
130,0.003058890691402623,0.7605557591183543,0.23044272903091162,0.0007688068637168075,0.005173814295614832
131,0.004931981997834882,0.7573234423120593,0.2328270976017362,0.0019202178726514202,0.002997260215718295
132,0.00552181137008289,0.9251493541858041,0.06436259473490454,0.002131706241510356,0.002834533467697868
133,0.010328427954840643,0.6834076286619023,0.2956312269956758,0.002723383181905143,0.007909333205676158
134,0.024705808034208254,0.9547653540314809,0.007360397306513558,0.0029828356256901664,0.010185605002107103
135,0.2434983705597042,0.6925685976590156,0.0027993372042551447,0.004404960174670921,0.056728734402354056
136,0.016307535321558955,0.9746025112282617,0.006891266258583052,0.0007756378116376173,0.0014230493799586707
137,0.01012492791298014,0.9554487212576921,0.03142525287210496,0.0012057863683240563,0.0017953115888985024
138,0.007361856664348661,0.9639472783394921,0.026448468935244624,0.0007929365615529841,0.0014494594993616685
139,0.005056928495012426,0.6912713503031988,0.2995123125951518,0.0005538425829444426,0.0036055660236925047
140,0.003841069028393633,0.961388588674895,0.03171146768496421,0.001006040368673288,0.002052834243074031
141,0.005474740161375427,0.7211514465529152,0.2698163233323574,0.00039198801557057664,0.003165501937781441
142,0.005243958326409705,0.9340579919168118,0.05795536043666934,0.0005920403654326875,0.002150648954676648
143,0.002321608362434037,0.3732024904038522,0.6217678930456695,0.00018531634339203433,0.0025226918446522484
144,0.008209128451628408,0.8764754742085035,0.11178521103167191,0.00043089885238645345,0.0030992874558098695
145,0.0008466684498734479,0.34842773079142203,0.6494801856169816,6.231514458517265e-05,0.0011830999971377163
146,0.006262896493678544,0.7671621912785428,0.2216260224748291,0.00041518757165568803,0.00453370218129395
147,0.0038800536156009197,0.6666398131350674,0.32757981101557737,0.00020430504294769383,0.0016960171908065361
148,0.0020630520155651773,0.41825988100604766,0.575560750173399,0.0001859432680184148,0.003930373536969761
149,0.004585720425151813,0.7581428082929074,0.23447217234382686,0.0003350220994741533,0.0024642768386396435
150,0.0032200046835809937,0.42272514243115467,0.5717988429345026,0.00026566963898640145,0.0019903403117753943
151,0.003796972895827939,0.6667171052312059,0.32566961470384725,0.0005112816806362157,0.003305025488482674
152,0.0023548887524639313,0.26376055886091154,0.7284501571418655,0.0003778081536268577,0.005056587091132208
153,0.012612548551401436,0.8698288467944918,0.10532415614408262,0.004502194516359721,0.007732253993664501
154,0.01342784768356684,0.937965509818444,0.03771240393234628,0.0078786260538579,0.0030156125117851594
155,0.008771577145770804,0.790123385185752,0.18909310537879423,0.0057195350540452956,0.006292397235637753
156,0.0028782889678220748,0.670863847551244,0.3193585502829062,0.003970695294277538,0.0029286179037501603
157,0.01116312805228212,0.4318425895246464,0.5244914166066625,0.006810686003876944,0.025692179812531888
158,0.12066285447693581,0.570832532770918,0.0013076801401121316,0.016828729207156883,0.2903682034048771
159,0.3311376045393261,0.19641198660341655,0.00043628594069301563,0.036974632470700396,0.4350394904458638
160,0.6528432273546001,0.1505094513270043,0.0003731103842773771,0.07072319275774012,0.12555101817637795
161,0.46289631377739665,0.4081802845090561,0.00023590056009249443,0.11230545929938814,0.016382041854066675
162,0.1921847651838921,0.7693023235650446,0.0008786993479492368,0.0302372374314349,0.007396974471679217
163,0.08895671284510347,0.8901873846815083,0.0012984522430458316,0.01602600973240121,0.0035314404979411664
164,0.020862451518693138,0.9551722866540547,0.0010941654286038358,0.02133701384690015,0.001534082551748178
165,0.003261462200328577,0.971741025779101,0.01985339953561998,0.004481637171138887,0.0006624753138114861
166,0.09249476771715737,0.8799007588606242,0.0018758503161796245,0.02180445085839332,0.003924172247645528
167,0.011154056057657548,0.9774444661500539,0.008089550660505578,0.002061129100465132,0.0012507980313177874
168,0.014136504375680455,0.9760690545629045,0.003459984118851294,0.005149924979763298,0.001184531962800625
169,0.059339157076434966,0.920676130888507,0.0043886136432817816,0.006404999895714327,0.009191098496062151
170,0.020911543903894596,0.9628333867891299,0.004909568344109258,0.009641539268568113,0.0017039616942980476
171,0.0046403150426100135,0.9261433465527148,0.06427379116135623,0.002836590684022889,0.0021059565592958748
172,0.014577714010403434,0.9699060556952972,0.007884937682605756,0.005770069504053734,0.0018612231076397647
173,0.006474711806978702,0.9586578248719492,0.0274507372570167,0.005249936536301378,0.0021667895277541977
174,0.004843013589605974,0.832714794608812,0.1556926960689468,0.004004247096261304,0.002745248636374007
175,0.10589662362350451,0.847193770244266,0.023857780782372672,0.010258841500699382,0.01279298384915741
176,0.10157366953625173,0.8715720455796911,0.017395078794374512,0.006494361579950375,0.002964844509732312
177,0.013655611820387195,0.9486162829163517,0.033131242832242225,0.0024253204335901862,0.0021715419974287367
178,0.16798739019723,0.7923067200938617,0.015375981771780314,0.007624446057555936,0.016705461879571944
179,0.022632870666950862,0.9522407599919763,0.020003969470799677,0.002523643414687071,0.0025987564555860583
180,0.012412747251403022,0.9673160427297159,0.01655297705004238,0.0022843166857579814,0.0014339162830806363
181,0.004905871999693278,0.9399655418453892,0.05257984442383231,0.0012063350411510114,0.001342406689934134
182,0.009976388929784339,0.9037633574799627,0.07944701364114451,0.00257713348950541,0.0042361064596030075
183,0.011178395842878436,0.9290297643378486,0.05191291619898471,0.004365634195976278,0.0035132894243120826
184,0.009634393842611512,0.9748936307348108,0.011270450252751842,0.0021721692500089465,0.0020293559198167653
185,0.00962952993325257,0.9500123325672215,0.03315073520229645,0.00433210010318676,0.0028753021940427156
186,0.003774806536255595,0.8601129144393057,0.13127871825485343,0.002267125938871409,0.0025664348307138057
187,0.11235535446489434,0.827552485784418,0.010740500603129038,0.02585610746640386,0.02349555168115479
188,0.01667626285815173,0.9498817373484392,0.01096431104099976,0.0188958605783444,0.0035818281740648194
189,0.007219393195321507,0.8216280095217887,0.15477787372035415,0.010104591423934437,0.006270132138601185
190,0.03322136606285747,0.7696336342355427,0.14018183690383726,0.02794090967796977,0.029022253119792837
191,0.026557226164895517,0.631391699619577,0.10732201898759913,0.0054228168494614894,0.22930623837846695
192,0.01627679036309802,0.013470179792060905,2.432287794116576e-05,0.003248475240363353,0.9669802317265366
193,0.07089674526988834,0.028894232360449888,2.6492287340851738e-05,0.004474386815004939,0.8957081432673158
194,0.16095659097400308,0.019761731168714953,0.00014340163717983874,0.009937982781514403,0.8092002934385877
195,0.07441595582743003,0.024549689716732926,0.00010650451164864912,0.010496246218379026,0.8904316037258093
196,0.002268381845727426,0.0019619837117542675,0.0001820579905004365,0.0006890948047162428,0.9948984816473017
197,0.0020287943793539163,0.0018811759671326447,1.0854867005680506e-05,0.0006520280846882796,0.9954271467018194
198,0.002857296737251589,0.001395395822772191,1.0986882574587143e-05,0.0006145456352511639,0.9951217749221504
199,0.015178684524866457,0.001672321168522259,0.00010085096776691066,0.0007324400927202661,0.9823157032461242
200,0.009469681739208605,0.0012620064871597214,8.582822986833459e-05,0.0015023555619783056,0.987680127981785
201,0.12101077822125525,0.027719290485007497,0.00013192618885457237,0.006899076318113055,0.8442389287867695
202,0.2685473794638213,0.10557295757144962,0.0010073661389624086,0.012758604190775088,0.6121136926349916
203,0.5183433514148508,0.29669062553167963,0.0019727472725800167,0.10665597002403832,0.0763373057568511
204,0.26261264192754713,0.613282395685665,0.007432163207602232,0.083073347917706,0.03359945126147969
205,0.05078073888416962,0.8425811391834971,0.02007883024372527,0.07755834736982613,0.009000944318782086
206,0.23954154897383706,0.6830567073720707,0.015847272099208488,0.04693231250276526,0.014622159052118455
207,0.0951253792689394,0.734297689913712,0.09973031706497255,0.055821653089161816,0.015024960663214142
208,0.12944335992683698,0.7680367662098383,0.02109147926047362,0.07053727803749986,0.010891116565351312
209,0.036206517924806385,0.8843291008385858,0.06052755080615732,0.012793690725102563,0.006143139705347892
210,0.0985198198621416,0.8516674079888078,0.015066645254234168,0.019565605710103254,0.015180521184713351
211,0.012940371564839232,0.9493037992049783,0.026038657458532937,0.008608170576009473,0.003109001195640095
212,0.028644164648459872,0.9249989285053996,0.03226245283619399,0.00766852368434994,0.006425930325596651
213,0.08664234797375804,0.8601140601657716,0.027424427719794964,0.01985374762499682,0.005965416515678387
214,0.011288367931881043,0.6151464650133148,0.3676600686544492,0.0016173682888851225,0.004287730111469769
215,0.019804395803321138,0.7244335230876506,0.2480464359996756,0.003225068216953035,0.004490576892399624
216,0.07828745199280451,0.8694388913789786,0.0432538726482304,0.003307625720164152,0.005712158259822358
217,0.0212070782249716,0.7366014202000299,0.2346682618196874,0.0038752044453716594,0.0036480353099394226
218,0.014255705910427173,0.6006383591655192,0.380629867057392,0.0018102475653222205,0.002665820301339337
219,0.032835907842529904,0.7308300999199594,0.23208684313606243,0.0007970946418561772,0.003450054459592126
220,0.01789188482602365,0.8761827659978791,0.09152445893263568,0.004003046693116025,0.010397843550345485
221,0.009732908251536776,0.6643229475822138,0.32039442065868634,0.0006737091503854124,0.004876014357177647
222,0.006998681617081059,0.6266980017406967,0.360624358724386,0.0009547876924716624,0.004724170225364541
223,0.0044839925472949784,0.22031465977778522,0.7700888070048495,0.00040430943665900214,0.004708231233411424
224,0.006421256012221831,0.6139871813402289,0.36793726158626133,0.0020436986906028232,0.00961060237068519
225,0.007795712159505735,0.3414578816540799,0.6345500222769965,0.002344586866383819,0.013851797043033945
226,0.010415963123430379,0.48209021723660433,0.47003083621744574,0.008487602553821088,0.028975380868698546
227,0.006338443760663352,0.024044949125676795,0.006160782534054284,0.005372511175053392,0.9580833134045521
228,0.00461798667079001,0.0026859307658352975,0.0014530144097766118,0.0009042131436470798,0.9903388550099509
229,0.03357148942654161,0.005415286218007809,0.0003874522009767226,0.0016289084839747293,0.9589968636704992
230,0.017068629784706954,0.0039697233246746445,0.0003010575259212449,0.0014721406748365766,0.9771884486898607
231,0.10241625446921343,0.01595346696672319,0.0008172956796330265,0.007994894283022408,0.872818088601408
232,0.03976361517879269,0.011721254496777321,0.0005301498518556237,0.005185111888734937,0.9427998685838394
233,0.21755244506916896,0.046423907089577915,0.0012591863025210722,0.00864312575493826,0.7261213357837938
234,0.15774622521682025,0.08137486448837443,0.0016115313389363723,0.007437434787110004,0.7518299441687589
235,0.21619549996865312,0.15488910619282217,0.003155489188869172,0.02495239544139422,0.6008075092082614
236,0.6434021278069258,0.21543969525644996,0.002109529827823553,0.05772525269013326,0.08132339441866736
237,0.2772601028064155,0.6289227445759826,0.014401145523753133,0.04199947874992509,0.037416528343923595
238,0.1906973570831232,0.77879337267258,0.008254055442719935,0.01297247412434659,0.009282740677230256
239,0.08505868232149877,0.8569703875909926,0.02845400279558609,0.016314625060167058,0.013202302231755437
240,0.0532722796744514,0.9168003610466382,0.009096965838715953,0.01699468119373278,0.0038357122464615103
241,0.02117842801935376,0.9533452376715414,0.01481670589146909,0.008038898714407166,0.002620729703228535
242,0.021299384277824306,0.9454492429318904,0.020782603757674725,0.008276122539468779,0.004192646493141867
243,0.01784406123460781,0.9721149484180953,0.0031712296008434017,0.004592435133377094,0.0022773256130763087
244,0.005921784918326153,0.9494237680265478,0.03889109468756716,0.004246048491083099,0.0015173038764755942
245,0.15092532195206088,0.3246979220857269,0.0023259499759987253,0.053456392559885074,0.46859441342632835
246,0.020468330606001412,0.9609567978856749,0.013879205213567156,0.003563722955014679,0.0011319433397419855
247,0.014294518335105469,0.9675950262179959,0.011375350389349495,0.005136861967126847,0.0015982430904221538
248,0.07900302490864122,0.8740181574858645,0.020667758705326732,0.012882153660222799,0.013428905239944484
249,0.2789668929706352,0.5797392190129977,0.0025624773078005677,0.07045498539793231,0.06827642531063417
250,0.03541655609903467,0.9472320819683476,0.002623598328557759,0.013256622857717254,0.001471140746342615
251,0.013414851634293177,0.96132606887131,0.011337245321513173,0.010533429990617271,0.0033884041822663654
252,0.020188799305880575,0.9552223902953308,0.012885669708904536,0.007100052817921867,0.004603087871962069
253,0.2821330522002299,0.6008913570725296,0.0013980840417410331,0.020217211412860318,0.09536029527263924
254,0.17842010131842728,0.6768651633933507,0.003337633030824571,0.08410641231062066,0.05727068994677685
255,0.0723188366919812,0.8905246330657771,0.0040118259178024045,0.014299914984793338,0.01884478933964571
256,0.07190464525187945,0.8483541308997705,0.004742719789191293,0.012271299881639558,0.06272720417751923
257,0.001321355294274471,0.0018676296050395191,0.0001560121527856408,0.0001170905334014726,0.9965379124144988
258,0.013959255964248364,0.0032828189235181815,1.211902659383188e-05,0.00014604805664492375,0.9825997580289947
259,0.003549863507400744,0.0017369159315006493,6.436362428143753e-06,4.776113233045791e-05,0.99465902306634
260,0.08332443943331658,0.003247831814091827,1.724487100583936e-05,0.00016076219988428645,0.9132497216817014
261,0.0017073364575879218,0.007125114185202015,0.00022051517760407726,0.0005054612173111557,0.9904415729622948
262,0.0003666043892730026,0.0014883208010139065,3.925780965584965e-05,0.0005425926477031805,0.9975632243523541
263,0.0005114035902864653,0.0029984679516425173,2.451237408661676e-05,0.0008522652744812837,0.995613350809503
264,0.009162158120461956,0.07934388863150352,2.7284253087896914e-05,0.0024303586379265463,0.90903631035702
265,0.0019326393829649123,0.002258711786089783,6.928389497381218e-05,5.231890860061749e-05,0.9956870460273708
266,0.0027536801518403833,0.0005034075813164447,7.0283158020644106e-06,0.0001242768759915231,0.9966116070750496
267,0.003980004190484245,0.0005168478207851393,1.5406500159234196e-06,0.0004251001865554518,0.9950765071521591
268,0.0025909764325797073,0.0002264228762570776,5.684006399769318e-06,0.0002475433162467715,0.9969293733685167
269,0.006439167896107376,0.0003079676865413873,3.985011183657867e-06,0.00136558915333053,0.9918832902528371
270,0.0005757027826200291,7.724898807666658e-05,1.2186582792259772e-06,0.0008069828306482801,0.9985388467403757
271,0.00167377735135164,0.0003411225017180682,0.00011472193309774753,0.0007487134389683593,0.9971216647748642
272,0.0018639619816196897,0.00018507539616798902,4.646560654000254e-05,0.0006353027058578606,0.9972691943098143
273,0.001363074449615827,0.00019377335546310443,5.053968300918388e-06,0.0008361443903480717,0.997601953836272
274,0.002565876169336538,0.0005086407194891184,1.6136226180547066e-05,0.0014134721900233346,0.9954958746949705
275,0.0007072891550019422,0.00023830086877634627,3.0979781654528095e-06,0.0004458455534236069,0.9986054664446327
276,0.0008745884846037415,0.000396309962993273,5.090177577806553e-06,0.0007008841823934835,0.9980231271924317
277,0.001279791117511624,0.000541792550278886,4.406047168655138e-06,0.001210825392662119,0.9969631848923787
278,0.002578640680445693,0.0011132583020210878,1.2881831044340527e-05,0.0024646055507274852,0.9938306136357614
279,0.0007077265463552208,0.00046374862475370547,1.009046739032456e-05,0.0010709004188935985,0.9977475339426072
280,0.002769437747420267,0.0006487118880954748,1.125562791262691e-05,0.0019976430434536525,0.9945729516931179
281,0.0016342401403495065,0.0007429781987779207,5.598327925528272e-06,0.0014863681659991732,0.9961308151669478
282,0.002538631189230882,0.0008828305999444119,1.0025220639018328e-05,0.0015995229411352144,0.9949689900490504
283,0.002850213531103938,0.0010024742744284343,9.91194286182217e-06,0.003276770792218337,0.9928606294593875
284,0.0008459355953365373,0.0005381783753602067,3.909883664288237e-06,0.003664202410801803,0.9949477737348372
285,0.0009404179734626764,0.0005629612050275114,2.4189212246508836e-06,0.0021834736246583684,0.996310728275627
286,0.0020202588567901766,0.0006395575847442999,3.328848485351018e-06,0.003340249366826733,0.9939966053431534
287,0.0016582962025626204,0.0008031988264647204,3.0228930325736044e-06,0.0023270845218824865,0.9952083975560577
288,0.001697868695552482,0.000684340781452425,2.4647051445555493e-06,0.0017237177655761665,0.9958916080522743
289,0.017312235853191745,0.001680135967804689,1.3279471133815654e-05,0.007627038630733065,0.9733673100771366
290,0.00019378471727107718,0.00018402647476358107,5.0254729253591023e-05,0.0005773697633838821,0.9989945643153278
291,0.00580739268739779,0.0013607036049051971,2.2842346721450205e-05,0.0017855632441610724,0.9910234981168144
292,0.0006225743369584457,0.0001459388057360184,1.7388378021821522e-06,0.00025388509543443577,0.998975862924069
293,0.0008833300877893148,0.0001872684621441423,1.7278233185682834e-06,0.00044888077359712773,0.9984787928531509
294,0.0024380800491307702,0.0006114410759764827,1.3590376068773677e-05,0.0014700553760028635,0.995466833122821
295,0.0028451824060892346,0.0007614715998564074,1.2045629100825367e-05,0.0009455030753120957,0.9954357972896415
296,0.0036804477856090326,0.00063973643115419,6.823908212735954e-06,0.0011618194880116891,0.9945111723870123
297,0.011982427880991728,0.0010778491493862094,1.0912603347938459e-05,0.0031348028032892224,0.983794007562985
298,0.005809341546890685,0.0008566779740356154,8.922428593727622e-06,0.0028219080250031716,0.990503150025477
299,0.006538177517506086,0.0010011563732739523,7.424071047865083e-06,0.003500535452947963,0.9889527065852242
300,0.001549925492972107,0.0007614047221579022,9.439895190710078e-06,0.0030892903613487276,0.9945899395283305
301,0.0017279431711279426,0.0006549180143147284,8.851935821180041e-06,0.0019697791099131242,0.9956385077688231
302,0.0021302975244394074,0.00048364668105279913,4.8491531957001005e-06,0.001968412630563544,0.9954127940107486
303,0.003885590887505773,0.0005044520248215467,7.709852720930196e-06,0.002538568610846649,0.9930636786241052
304,0.004965240213309799,0.0008204727335350356,1.0053241423513707e-05,0.002539481462366468,0.9916647523493651
305,0.0023677831066267795,0.0006567443205943252,4.966181228329293e-06,0.001549122749016682,0.995421383642534
306,0.00989731131102188,0.0010196558682372054,9.680225696540483e-06,0.0032589646797581994,0.9858143879152863
307,0.007115020213509032,0.0005540435746470907,6.818301087023628e-06,0.0018329172004997634,0.9904912007102571
308,0.0023877951864887397,0.00035337533581815276,6.922691473834554e-06,0.0014674926754109263,0.9957844141108082
309,0.006801396819578725,0.0003712493809946019,3.4865402655643334e-06,0.0011392509128545993,0.9916846163463064
310,0.0034231895505695397,0.0003823612302386386,4.406732251141791e-06,0.0011202723967440134,0.9950697700901967
311,0.0076226361891642705,0.0008635345289497947,1.3760372250995569e-05,0.0014847978031238196,0.9900152711065112
312,0.0177855073556029,0.0024072900785793564,2.2656888200191813e-05,0.0031265262409449377,0.9766580194366726
313,0.0025968289278425565,0.00032817803407251677,1.3332570672600042e-05,0.0012202030179512082,0.9958414574494611
314,0.0016550235277720416,0.0005893732258374098,2.4612971805956417e-05,0.0014729785263216445,0.996258011748263
315,0.0014638477787414584,0.0006696254955158365,2.524970158889476e-05,0.0008555727019618874,0.9969857043221919
316,0.0029633091453604527,0.0006014991121256593,2.508016895393282e-05,0.0007107628749793733,0.9956993486985806
317,0.0027431992115995816,0.0006254567829218527,2.1949241382072837e-05,0.0007247119436537387,0.9958846828204427
318,0.004085497116912918,0.00039324858710878895,1.2316024909917269e-05,0.0007226017154664422,0.9947863365556019
319,0.007382200165924512,0.00045371434516822904,2.6340601054338037e-05,0.0009128029646329102,0.99122494192322
320,0.003923573193653274,0.0006060607050934792,2.2842374617120635e-05,0.0013448552034837716,0.9941026685231523
321,0.014980369637664356,0.003928338232293022,4.873663196530469e-05,0.0023363416606945373,0.9787062138373827
322,0.005265830433737389,0.0010145543745013429,1.9048115257170942e-05,0.002181561771263944,0.9915190053052403
323,0.0067964738641715094,0.001397493747960554,1.9604563654430348e-05,0.0033269075399326577,0.9884595202842809
324,0.00462898013708604,0.0016433679188520166,3.617206850922789e-05,0.0031375324788485287,0.9905539473967042
325,0.007113664917824295,0.0008806720875234901,2.342835008520835e-05,0.0033868997014205975,0.9885953349431464
326,0.00908611605008999,0.0015908893692718627,6.321603583371632e-05,0.00462001607360959,0.9846397624711948
327,0.024273370808706674,0.0017990205261953372,5.7896841437321135e-05,0.008814488225453544,0.9650552235982071
328,0.0817188205756522,0.004291398591520787,0.00012027588758711972,0.015815504136846906,0.8980540008083929
329,0.20662377694416748,0.004208667179569914,2.8206577479363317e-05,0.018513672983632126,0.7706256763151511
330,0.5451269343952012,0.03329821315673054,7.7721949767553e-05,0.12254316259982481,0.29895396789847584
331,0.4807749744604352,0.04977943434513371,0.0003204267542613221,0.4296144835643374,0.039510680875832344
332,0.281759523915112,0.05591257989750936,5.342631165606546e-05,0.6343792726752152,0.027895197200507354
333,0.13297409157725673,0.047442311881825426,7.092724694063292e-05,0.8050715521852616,0.014441117108715555
334,0.06384113960040608,0.048371461277349946,5.804609708559554e-05,0.8813466125354302,0.006382740489728214
335,0.08092861062635147,0.04923255243067461,0.00012755024564910813,0.8655382139126792,0.004173072784645685
336,0.03677105934028352,0.042586651253386475,9.834749501637812e-05,0.9146917992142389,0.005852142697074807
337,0.046945632206050164,0.032017909280813044,9.349578952354393e-05,0.4861579101569088,0.4347850525667046
338,0.0939426867282333,0.01197778665513123,2.5209923120068462e-05,0.6588295414397676,0.23522477525374785
339,0.40561873116972363,0.023600737094239772,9.141062426089587e-05,0.5386374110774457,0.03205171003432997
340,0.46345473904654183,0.02931246068743198,6.831445759422175e-05,0.4915348368005131,0.015629649007919022
341,0.13910334262456786,0.09266054388531893,0.00016659820095640357,0.7611608253301152,0.0069086899590417175
342,0.05160356263009541,0.19570698695128702,0.00022395470949892064,0.7484845920812219,0.003980903627896801
343,0.038647775831247205,0.6018355084692967,0.00031424264000758675,0.35684135944081996,0.002361113618628611
344,0.040673942520947415,0.10194715063753333,0.00019763008208507413,0.8521676421243941,0.0050136346350401475
345,0.026921349530290458,0.6026624873190332,0.0003023151042792578,0.36755730753663174,0.0025565405097653306
346,0.017205436551782322,0.867314472441413,0.000581009464328171,0.11278289376511126,0.00211618777736521
347,0.08368431584339334,0.3655292611851349,0.00029367988565017525,0.5357391007367577,0.014753642349063836
348,0.07334618621901778,0.6248937300100815,0.0007792668212558572,0.297960210701378,0.0030206062482668727
349,0.010399885830973059,0.9630882993768015,0.0002641898213887686,0.02552017197501256,0.0007274529958242285
350,0.04851336194555359,0.8794467612407728,0.0008011436741808686,0.06889758165703008,0.0023411514824626437
351,0.01458965447358661,0.9696252524370309,0.0009434662723509882,0.013656995716256925,0.0011846311007746556
352,0.012651763023842046,0.9683359386552605,0.001361645419019068,0.016464446328051986,0.0011862065738265973
353,0.012403238620668859,0.9690571628616123,0.00020854432897898204,0.016893675007950804,0.0014373791807892283
354,0.012768827913497476,0.971195433227089,0.0007524011218159554,0.014483601621234216,0.0007997361163636035
355,0.010690113772597236,0.976275558243928,0.0008757231613278468,0.011443990654764931,0.0007146141673822074
356,0.008480681738019219,0.9816492206972673,0.0006606973316712753,0.00824247267859878,0.0009669275544434922
357,0.009994179881573893,0.9737233574727926,0.0019941976808778676,0.013597640993450308,0.000690623971305306
358,0.006658402954632015,0.977507235264556,0.001019287139024949,0.01436041809614299,0.00045465654564398817
359,0.0057798018323261076,0.9713611661369899,0.002114350644625135,0.020085114684466596,0.000659566701592243
360,0.03605756923193614,0.8618766593792817,0.0006652604029309053,0.09962055874025681,0.0017799522455945842
361,0.04080828752496665,0.6047059583535883,0.0008195734946500283,0.35183311028238134,0.0018330703444135656
362,0.05806787538454606,0.3913754724313468,0.00021800855691832158,0.5471401073270794,0.0031985363001094955
363,0.05265278668571617,0.21932880803034055,0.0006023557877910652,0.7253163986142858,0.002099650881866384
364,0.03646842677982126,0.13509147757852247,0.0005127330105807314,0.8265555681823837,0.0013717944486919273
365,0.022507831136485423,0.03982931726323846,0.00010357448648720261,0.93606405915215,0.0014952179616390406
366,0.01273841440188522,0.025297337060610495,6.642797410523768e-05,0.9611241313524751,0.0007736892109239734
367,0.0115367077863921,0.02935585934642581,8.209963698607688e-05,0.9581841618461181,0.0008411713840779351
368,0.011049801471765604,0.02397023363828833,0.00012097828860175632,0.9639188434833836,0.0009401431179608082
369,0.009321667340055732,0.029226824013614282,0.0001832506483014688,0.9600212403463065,0.001247017651721787
370,0.013412715997629696,0.01811287989002017,0.00015556529558992936,0.9659007705199786,0.002418068296781626
