epoch,N1,N2,N3,R,W
0,0.015367465268499423,0.0042914555261197645,4.644741145589865e-05,0.0027673232675856727,0.9775273085263393
1,0.0034215673613974596,0.0026731347194001082,9.305201032863419e-05,0.0004065576226597811,0.9934056882862139
2,0.0023579029869274645,0.0011845595264046887,8.474640483617313e-05,4.402500315633298e-05,0.9963287660786753
3,0.0012962248842246782,0.002363722252157601,0.0003292439735760769,1.4707833570910019e-05,0.9959961010564706
4,0.030164156222498968,0.0032874422887882704,3.2504849942825565e-05,0.0017889232565850646,0.9647269733821848
5,0.008633448334479907,0.0011702393012321662,1.1879170414658507e-05,0.000434414315355273,0.989750018878518
6,0.03558693700868925,0.004474604252603014,3.270432402382031e-05,0.0006052555580594596,0.9593004988566246
7,0.0319819157364789,0.003462692647938127,3.884439303944445e-05,0.00042775248137530745,0.9640887947411682
8,0.0701049307755836,0.003958881057079312,5.9753713295382045e-05,0.0007974350288929817,0.9250789994251487
9,0.07254877727686787,0.004545822358280708,5.994250071065909e-05,0.0012524031566869696,0.9215930547074537
10,0.1334083784189328,0.01736356507770354,0.00010943038143175627,0.0024439170726708575,0.8466747090492611
11,0.02118588625683036,0.006112682547977534,4.522614809678422e-05,0.0006694883155436939,0.9719867167315517
12,0.04370820810237713,0.004071917487125344,4.343585677823988e-05,0.001821632407523869,0.9503548061461955
13,0.1802654688969055,0.022947940167038043,0.00018497566545742022,0.005390477951383908,0.7912111373192151
14,0.08776914866344196,0.008518433771323122,5.5180981496732315e-05,0.004828675451281416,0.8988285611324568
15,0.031080309583495627,0.009190196464679678,6.918798498355343e-05,0.0014249501035444854,0.9582353558632967
16,0.18996280396437232,0.03528784769758869,0.0002262783293032671,0.003632852352426778,0.7708902176563088
17,0.07734775679304928,0.022870155257298838,0.00019371788172038663,0.0019723531241666345,0.8976160169437649
18,0.07455761379878593,0.009485648297787662,7.401391065410094e-05,0.0022041834981164177,0.9136785404946558
19,0.2245436914993375,0.05663922598494589,0.0002461449890349059,0.013247597006095485,0.7053233405205862
20,0.15978179665243966,0.20246196921520443,0.0005703031770614181,0.0036082524850057887,0.6335776784702888
21,0.0792963874838858,0.010098947614703997,6.665743768608903e-05,0.003470087620582699,0.9070679198431415
22,0.1320898861235518,0.045397707236398514,0.00020113677048401687,0.005616807313210139,0.8166944625563555
23,0.08340330442391881,0.03052866961500773,0.00010149605431137706,0.0038900303604712614,0.8820764995462907
24,0.06775026271466765,0.014330570014472896,5.3963364591212254e-05,0.0013989811915611117,0.9164662227147072
25,0.31366742302427725,0.10568063081303421,0.00037762528797291475,0.009950079029068554,0.5703242418456471
26,0.08770243842657606,0.02207131601846584,6.445271741937139e-05,0.0030422583303384198,0.8871195345072003
27,0.03793952630703239,0.015489152268752044,4.696301723435388e-05,0.000749457588812534,0.9457749008181687
28,0.1325132379943844,0.056003421564848735,0.00012772091658220424,0.005200738120124892,0.8061548814040598
29,0.16360678479797106,0.2641228955553508,0.0011088755613152049,0.0026244360097853747,0.5685370080755775
30,0.038685516584869864,0.013370073602887311,7.928915128398272e-05,0.0007462027668701744,0.9471189178940888
31,0.2919641811667548,0.12439906366468544,0.0003421969855918071,0.019483755195551546,0.5638108029874164
32,0.05815372478173869,0.019811236792052118,8.01508245514328e-05,0.002896384360050221,0.9190585032416075
33,0.21405160153451885,0.032777311454063957,4.9575930284647085e-05,0.004116542057303984,0.7490049690238285
34,0.37176114569906055,0.4638128924009963,0.0011547915950902634,0.010445558982434246,0.15282561132241865
35,0.27485798834855296,0.5026047562512587,0.006681632709970663,0.002915197683192681,0.21294042500702492
36,0.0528876904177947,0.010912097763549096,5.246587428030811e-05,0.004201632852106429,0.9319461130922694
37,0.1990994364022664,0.11080425309165136,0.00024874098772290597,0.00995564372067836,0.6798919257976811
38,0.23625126878152447,0.0571089014221114,0.00014349139712647007,0.009345331248608731,0.6971510071506289
39,0.24693314232393163,0.02949146278975654,5.934355117756919e-05,0.0019949937775929514,0.7215210575575413
40,0.4629735995125132,0.20903797661899343,0.00017719680565369885,0.011066559347289145,0.3167446677155505
41,0.38607566667330756,0.04542857502047307,0.0001227877522508965,0.01750298448412271,0.5508699860698458
42,0.04896646419303003,0.04985310948244155,9.743116208785732e-05,0.0012394790007592765,0.8998435161616812
43,0.41088213173889326,0.20446045847564875,0.0010893665471939265,0.01042167201801505,0.37314637122024896
44,0.3071157702137306,0.21987429182821644,0.00032505530974351766,0.0635071494475059,0.4091777332008036
45,0.22989456193898863,0.03284537295893801,0.00016387213512570695,0.0164119916540889,0.7206842013128587
46,0.01388036985631717,0.007019485674417335,7.962462541788111e-05,0.0007040193536123133,0.9783165004902353
47,0.3519926636356297,0.04270769627612555,0.00011098607616552752,0.007787108015629693,0.5974015459964495
48,0.21265867515300596,0.04437746375775598,0.00013811889360298946,0.005121214843627873,0.7377045273520071
49,0.09784425295649642,0.012194464950822511,0.0003305420555768719,0.0024841609793770764,0.8871465790577272
50,0.05998649650705811,0.014096006569545455,3.3363235572053935e-05,0.0038641692533928616,0.9220199644344316
51,0.1074460219863861,0.006859308728827583,3.2367176383980545e-05,0.0035887748001390994,0.8820735273082632
52,0.08465205686520348,0.007997534733603057,2.0623840401195356e-05,0.001186544738783194,0.9061432398220092
53,0.09112475696613608,0.028637549779427965,5.3666626305718094e-05,0.0022629428945017314,0.8779210837336286
54,0.10618801742573905,0.03387434306030385,7.417943049510718e-05,0.004945461892082675,0.8549179981913793
55,0.01014884172894008,0.0018036391290439857,7.0921130573549285e-06,0.0005828950453781063,0.9874575319835804
56,0.026021061700814033,0.008003395296981497,1.9745216425949714e-05,0.0007789852207983169,0.9651768125649802
57,0.016005742847281568,0.004738306036882206,9.553420041722487e-06,0.0005791650144058088,0.9786672326813888
58,0.15773075880990614,0.012702761426850036,4.609224657347545e-05,0.0016788982764328834,0.8278414892402375
59,0.011005342076414622,0.010606332697124904,4.7222885475715154e-05,0.00036840984836678984,0.977972692492618
60,0.01738587215865006,0.006097709904489418,2.4989908349874495e-05,0.0005637152176087033,0.9759277128109021
61,0.1198106850935321,0.019168157147172567,3.272862265946198e-05,0.004214892903936302,0.8567735362326996
62,0.02611017586371249,0.00648178431366746,0.00013809829760485527,0.0016717881219945239,0.9655981534030207
63,0.002531538564869544,0.0013432897969281017,5.679836952561059e-06,0.00018585615705149903,0.9959336356441982
64,0.029266438962870286,0.0022421874986817947,8.130522938424424e-06,0.0005076131504530734,0.9679756298650565
65,0.10648852168896558,0.00751525689044899,2.0191513916286558e-05,0.0017655386475947618,0.8842104912590745
66,0.008442698860792195,0.0008550946191059538,2.428091116871931e-06,0.00023478213909635661,0.9904649962898885
67,0.0160928317674025,0.002722925628815923,4.318160846563223e-06,0.0007036831270385213,0.9804762413158964
68,0.023025720749686566,0.00267613324312697,5.346471357724247e-06,0.0009341881925286984,0.9733586113433
69,0.014549564019917634,0.0011884788929445466,1.1838727426414668e-05,0.0007926164865753165,0.9834575018731361
70,0.0035606768746018628,0.0020620964845132986,7.065280408276147e-05,0.00047089676120869704,0.9938356770755935
71,0.002709461210311008,0.0004688927816012528,2.047644333505949e-06,0.00040143093151387546,0.9964181674322403
72,0.005223254323711549,0.0009615536339120489,1.2842025482767463e-05,0.00026739499542354216,0.99353495502147
73,0.00482219207493392,0.0004247428778689361,1.9532099307898883e-06,0.0002829217156867405,0.9944681901215795
74,0.028413037537062286,0.0010176876226579076,4.875856045416677e-06,0.00044735075602238804,0.970117048228212
75,0.014453148862588482,0.002988126798554532,4.408540115002206e-05,0.00034597262457119625,0.9821686663131357
76,0.00043520850062253455,0.0002469475902117885,1.4011481646311537e-06,2.73810662618651e-05,0.9992890616947392
77,0.0017310171865168964,0.0003553121025755222,5.796476753350917e-06,8.063520558635098e-05,0.997827239028568
78,0.018180529624245385,0.0007083641241335535,5.420743259715784e-06,0.0004406312908021697,0.9806650542175591
79,0.006103064406724863,0.0006389627014663549,4.368841865597952e-06,0.0001637086524392879,0.9930898953975039
80,0.0010372413020270366,0.0002929435463554002,1.2217831207828307e-06,0.00014151584458334084,0.9985270775239133
81,0.13011078854696925,0.004220575495486939,4.748518365698668e-05,0.003369312488270708,0.8622518382856161
82,0.006995977436086664,0.0007259179904255059,3.436448280381335e-06,0.0006087585559460639,0.9916659095692615
83,0.00692715236506864,0.0004519367944427169,2.293150511868677e-06,0.0004344956019542062,0.9921841220880225
84,0.2865014857663222,0.005701882561179969,4.963648328618498e-05,0.003701827961397137,0.7040451672278145
85,0.1537110753218603,0.01377637108833112,7.690031247857013e-05,0.009563001423287506,0.8228726518540425
86,0.2222570343713966,0.010300254019239067,8.177072204551833e-05,0.0045215839500605745,0.7628393569372582
87,0.010294269638108713,0.0037664073111438002,6.378584435910236e-05,0.0013196268354078635,0.9845559103709804
88,0.561834260622533,0.010244628107558279,0.00010024947033178672,0.008276099202909703,0.41954476259666734
89,0.7552192917051586,0.07690328734613687,0.00035521366027132167,0.017561180486348894,0.14996102680208429
90,0.1810641930309134,0.06362629559253093,0.0027427497764813446,0.0062084236066776675,0.7463583379933968
91,0.4764342225835042,0.05027482693573474,0.00018712975160572337,0.02927955820620208,0.4438242625229531
92,0.5047306236561356,0.3022387888732747,0.0014788801162034853,0.042604157371769334,0.14894754998261678
93,0.16988331123809555,0.7683686618216828,0.0032112103246518175,0.0032483258370654914,0.05528849077850434
94,0.507951031404389,0.3664712191646673,0.0007304979682603386,0.02401180683203468,0.10083544463064885
95,0.04775968920450579,0.904564976261083,0.034788696324784686,0.0015310738726987694,0.011355564336927604
96,0.15494376390591455,0.7969870901543203,0.003954801348668879,0.007324996490046455,0.036789348101049786
97,0.042369451958568796,0.9309568906758864,0.017730810239161832,0.0022390383637656158,0.006703808762617392
98,0.055457988055548135,0.9238589496780629,0.00687795476864367,0.00391061575741146,0.009894491740333853
99,0.020191524427559476,0.9669726769884106,0.008567999640293896,0.0006099002559854501,0.0036578986877507445
100,0.006680910637986508,0.9303511113401787,0.06007882616881743,0.00045979628355679404,0.002429355569460541
101,0.025926693267753806,0.9367757708776662,0.0288702121793149,0.0017504567653546146,0.0066768669099103875
102,0.013851169554569328,0.9562460174939053,0.025064738951946264,0.002210393469872401,0.0026276805297068668
103,0.021231472157370365,0.8293172820234278,0.13922069723828523,0.0019520199986522153,0.00827852858226433
104,0.011512916393182072,0.9309341099474486,0.05212064857251977,0.003125564955686204,0.002306760131163283
105,0.027213440183413595,0.9179065971751087,0.043276897441237465,0.006734463386950701,0.004868601813289458
106,0.06423803158037748,0.6691347868684182,0.18274947697767366,0.005754433114579935,0.07812327145895066
107,0.06347312656363455,0.8399026025766662,0.06384757192504853,0.004881289852162315,0.02789540908248851
108,0.08545387930923899,0.7608319954673313,0.10107843084996461,0.004176122202699773,0.04845957217076533
109,0.18385490061146853,0.6231522492869709,0.11217060238889912,0.0027114509850739406,0.07811079672758744
110,0.05735161826293871,0.7477868040705068,0.10660942642292022,0.0024510286711033396,0.08580112257253096
111,0.09541339602578272,0.5967670281433897,0.08258252695057602,0.007318933071004599,0.21791811580924703
112,0.14907602463126288,0.5096167987662802,0.085557829759396,0.012355794333612925,0.24339355250944808
113,0.06012986912405126,0.5605859206576348,0.12108079843710803,0.008821286452803471,0.2493821253284025
114,0.0565925149806323,0.5158162455399673,0.12495571518450274,0.00814237498859453,0.29449314930630305
115,0.05065330829010611,0.6928061845059705,0.14971798920677512,0.004917046527059028,0.10190547147008915
116,0.04580490849498497,0.5876688673521826,0.2709386520594517,0.008436662090469647,0.08715091000291118
117,0.05363195140679223,0.6622503740251159,0.16118121742854166,0.009470276630205308,0.11346618050934495
118,0.08825135692841962,0.5859239711492698,0.10129719459629853,0.008078990295563535,0.21644848703044856
119,0.05788912934798208,0.5724970147354176,0.27284303290554407,0.005697067065669274,0.09107375594538694
120,0.05756818793337585,0.5291510264201394,0.34696869835182736,0.005066035810233697,0.061246051484423567
121,0.022516303519445776,0.34027173735096106,0.5319838223660426,0.01402433277276165,0.09120380399078898
122,0.03759504874313802,0.40522872884994304,0.4833815536931883,0.012855103444512829,0.06093956526921789
123,0.05438572986012282,0.4815414875607463,0.40907374202453367,0.011681684901623619,0.04331735565297363
124,0.05602399967417387,0.40923869445019684,0.38266297609875793,0.01592527733671346,0.13614905244015787
125,0.026139814139215935,0.2710062574463888,0.5292552573542143,0.01211780124053957,0.16148086981964146
126,0.09390800695565985,0.5242857481796044,0.33061563067063826,0.006594723494664173,0.04459589069943335
127,0.0548604866668869,0.4083552095972465,0.4197170598611223,0.007685923961983937,0.10938131991276034
128,0.08977848823612819,0.4515708180921307,0.30483932428868116,0.0075649272868741554,0.1462464420961859
129,0.16421776227809887,0.397370585549168,0.3317966936978717,0.0059810723756951985,0.10063388609916632
130,0.0850868380750122,0.49097761130647666,0.2764504117166366,0.007956988178706475,0.13952815072316815
131,0.0701392815651278,0.6056783242324706,0.1888555312366667,0.010211936171649663,0.12511492679408526
132,0.0672660509108185,0.4398639123765762,0.29458968397714475,0.009717167749870631,0.18856318498559002
133,0.08326402513667922,0.47722099533730905,0.23402258940356818,0.009942794780629628,0.1955495953418139
134,0.0913518844328415,0.48202408885843206,0.23469605761658507,0.010400544220954672,0.1815274248711866
135,0.03718069029149677,0.48480052573169363,0.31669341533742323,0.0071619134180555336,0.1541634552213309
136,0.055666337709723034,0.46648655972832137,0.14075161755652477,0.010549518860678262,0.32654596614475256
137,0.028717344893285222,0.3269382698464462,0.37081895731359965,0.005813736677624171,0.2677116912690448
138,0.058169917605125306,0.5653752068012728,0.19820981059813558,0.004491019159365771,0.17375404583610052
139,0.062177963725673274,0.4645766356114283,0.09362852005590998,0.009634449470319943,0.36998243113666857
140,0.04270110940706073,0.47433717168861456,0.24963962287439678,0.0057761144151099505,0.22754598161481798
141,0.06786846835125045,0.38778343886088373,0.23704169706985725,0.005192054463529882,0.3021143412544787
142,0.06062289918880257,0.4605945993069245,0.17392439098422965,0.0066605699608678235,0.29819754055917547
143,0.02633371127929018,0.5687524907963393,0.26368466453676426,0.003754912712164019,0.13747422067544243
144,0.024218200599410357,0.5766114118536007,0.2575797481927121,0.004631494138119984,0.13695914521615696
145,0.03870168170799822,0.4440410540242895,0.38353408397701966,0.004863044051727066,0.12886013623896547
146,0.027082204810162987,0.4815031613917673,0.37664341624970843,0.006816760613595442,0.1079544569347659
147,0.01773591476261934,0.5000610487434209,0.3938852186310303,0.0029448650505550056,0.08537295281237448
148,0.027240835523203447,0.3026833357732583,0.548963466744205,0.002564438623853187,0.11854792333547996
149,0.030499767543411462,0.5940818886610068,0.21044080062663215,0.007159767602172066,0.15781777556677762
150,0.019757215872817924,0.47556920790632073,0.38876412402328736,0.004848140795967699,0.1110613114016061
151,0.015230457412742716,0.2759725251289605,0.6231574455773266,0.002531990420445709,0.0831075814605246
152,0.02352868772236382,0.5061098633234742,0.37066027824954767,0.005067227878855001,0.09463394282575918
153,0.014613682620238877,0.40279692711686577,0.5198065876310152,0.0035238801622640486,0.05925892246961616
154,0.0174927718535351,0.3720588258664163,0.5372198445593293,0.0026737440644125526,0.07055481365630667
155,0.026251381371384767,0.3254144228482568,0.5963639193898342,0.002306314392312032,0.049663961998212144
156,0.03391042371978349,0.5430942986404836,0.36085974899506,0.005795901255531225,0.056339627389141736
157,0.025971664898356776,0.5097499962643769,0.4197192312984983,0.004235033518641284,0.04032407402012691
158,0.03753021979510207,0.513070120420385,0.39711146577021894,0.005812763342663756,0.046475430671630236
159,0.044117333520297994,0.40873143345775254,0.5105840181965001,0.00474813799293109,0.03181907683251833
160,0.03189909787557265,0.3974515621764887,0.5327896503394054,0.003358782591210429,0.03450090701732274
161,0.042368081036656256,0.50838734683136,0.42102389070335955,0.002126597170036416,0.026094084258587863
162,0.049561717996687044,0.344880597248411,0.4040785023101323,0.002457418269254145,0.1990217641755154
163,0.036470167650589545,0.2452427051123478,0.6837260925119658,0.0017298144573268091,0.03283122026776984
164,0.008510705114512006,0.2293747228783536,0.7524289425437536,0.0004276970391276287,0.009257932424253141
165,0.016369692005926945,0.43433148779217967,0.5360576847830976,0.0005238941341144525,0.012717241284681281
166,0.01592240134123179,0.6091769461697863,0.3636341289002381,0.0015361457450816058,0.009730377843662194
167,0.004713262848306535,0.3416472748119932,0.6483075743146284,0.0005924846053174871,0.004739403419754538
168,0.012016715651576575,0.5766777569906109,0.40607296694770284,0.0007051730965848811,0.004527387313524701
169,0.010778889227217675,0.3514079228631078,0.6351843880922122,0.0005492131431881483,0.002079586674274335
170,0.007275090702693666,0.49274806978756835,0.47864573942831495,0.0008894747140551475,0.02044162536736786
171,0.02473212848331042,0.6398824893355519,0.3167702225818628,0.002616129139082337,0.01599903046019249
172,0.05892227066014613,0.6354058362992594,0.27054368788190164,0.003614500542746466,0.03151370461594629
173,0.010277877367977062,0.530724933455819,0.45545841944161075,0.00039093614271974893,0.0031478335918736387
174,0.009684374927696152,0.7061696644437376,0.2789581209042709,0.000811027420424573,0.004376812303870679
175,0.024917529110998756,0.5630605083486788,0.40761622452774326,0.0008474070391228577,0.003558330973456402
176,0.0068124536785852475,0.2716233254104357,0.7182238983021779,0.0011835469925590165,0.0021567756162421277
177,0.025177383991986654,0.6271433993951986,0.33714464006769757,0.0027533019657040997,0.007781274579413148
178,0.12566309780336304,0.684513471120409,0.16162293115365692,0.007187805203145383,0.02101269471942571
179,0.16515984114992194,0.7237649044573132,0.07917220611417129,0.00796098664409427,0.023942061634499332
180,0.2237676430018851,0.5690695857765902,0.08350355643421027,0.04043478390370804,0.08322443088360654
181,0.23978734137063956,0.3171512918377079,0.041405002068397666,0.21187810458499537,0.1897782601382594
182,0.19097486449763632,0.1667103712834077,0.0019835423829773877,0.5523249082429766,0.08800631359300194
183,0.12076068734067573,0.1040214723629998,0.0006791323708236313,0.42059655840170374,0.353942149523797
184,0.231359224814711,0.24744454063369617,0.001641224528032238,0.20545053112833878,0.31410447889522186
185,0.20666768306864022,0.06392446285343743,0.0014586369956026508,0.03106398145957015,0.6968852356227496
186,0.33223977755055684,0.11393928536948286,0.0007794259337700777,0.28053788149106174,0.27250362965512853
187,0.17354192397292215,0.0824483548849286,0.0005509194430425489,0.10839469589913946,0.6350641057999672
188,0.09928921167497187,0.10895310566211437,0.0006644977127484295,0.394470542773584,0.39662264217658133
189,0.16504854137466513,0.06255246822162755,0.0003104941242368447,0.6269965134612017,0.1450919828182688
190,0.09006456458121115,0.07401275609397968,0.000699019739382763,0.6975781038355928,0.13764555574983364
191,0.12988370679216094,0.055254280397396265,0.0003580583364356928,0.7540015244177756,0.06050243005623157
192,0.09370103229548629,0.059003533061195136,0.00032170207665803305,0.63891762309971,0.20805610946695072
193,0.08003427616437574,0.08649146130266422,0.0005708413878978317,0.6223331038224108,0.21057031732265138
194,0.08062725307765543,0.0765795991649506,0.00042199530957380104,0.8008485986875872,0.041522553760232964
195,0.1630854083171561,0.08218801962123687,0.0007059942410917224,0.5754855533804285,0.17853502444008684
196,0.053781775923779335,0.05659723400643562,0.0007415233836920544,0.14890394345411312,0.7399755232319798
197,0.24433298720084945,0.08104670205246982,0.0007362733304782567,0.5502011664800946,0.12368287093610787
198,0.17333346851937503,0.0761049559601382,0.0008023345981610372,0.20260955920605275,0.5471496817162731
199,0.05810250605507202,0.03875385463184244,0.003731804125268794,0.027034044786819197,0.8723777904009976
200,0.07238065513507923,0.049167084530555696,0.0006040447435701958,0.1552084248345094,0.7226397907562856
201,0.31831026249124167,0.07849311062925905,0.0013557002444785124,0.29643659137013434,0.3054043352648864
202,0.3147329647977359,0.037751452545476086,0.0006585517963841256,0.1000784618263434,0.5467785690340604
203,0.23617818446224992,0.06565384278280446,0.0003563029426696916,0.5308134262948435,0.1669982435174324
204,0.21847167913091375,0.10004960489050976,0.0007325802258134964,0.26806749562110127,0.4126786401316618
205,0.3273312312526138,0.12769272793503322,0.0015536790821943209,0.17151147119365112,0.37191089053650755
206,0.3538508480653795,0.09843678254054208,0.0003112511283637992,0.399324057974614,0.14807706029110057
207,0.12858799082488256,0.09647954209890286,0.0006964452158225525,0.5977566910838514,0.1764793307765406
208,0.3364508796167118,0.22893473738539738,0.021469391634801147,0.22294675402027964,0.19019823734280994
209,0.3428764992913949,0.23874141946478464,0.010404288743826508,0.11917366437336023,0.2888041281266336
210,0.2724287702090624,0.35897295068547025,0.016949415629494993,0.17748986338840675,0.1741590000875657
211,0.22690560624885495,0.46773386908682846,0.005452668347176904,0.1816543627558375,0.1182534935613023
212,0.3221629015131215,0.3023200052870356,0.018039580154838235,0.16477176835305607,0.19270574469194873
213,0.11409723727216783,0.7575086764088007,0.04665396337670181,0.04508541031494246,0.036654712627387155
214,0.15625887837874505,0.6346859895198439,0.021160298783981877,0.148323193037282,0.03957164028014711
215,0.1559146915647577,0.7229291087191384,0.04833326549697649,0.02184962223215918,0.05097331198696823
216,0.02661481717584399,0.9112794571807655,0.046099632891784516,0.006032881452286448,0.0099732112993197
217,0.07239831342241333,0.8108396006767119,0.09699740825292198,0.010684843485918596,0.009079834162034135
218,0.1275847634288658,0.24795839223657087,0.01170258807251392,0.0306105759901266,0.5821436802719228
219,0.4414615125846979,0.16953466333215939,0.0030294966140235156,0.048346179862534214,0.337628147606585
220,0.3372877360872982,0.27611319347070373,0.007316838011186831,0.04380648630162593,0.33547574612918535
221,0.11168902452711131,0.848077630237919,0.013124219512496316,0.015449240625417793,0.011659885097055612
222,0.07735421421145067,0.8627331241992025,0.02102011772672413,0.011929517004137666,0.026963026858485072
223,0.10535641529357852,0.7891125315440611,0.033742887532907016,0.0449631748630319,0.026824990766421385
224,0.09575383514666293,0.8283170124231864,0.04750341608651828,0.018684532154632928,0.00974120418899943
225,0.01199316645008578,0.8800042223608192,0.08357766506932907,0.017248836673251083,0.007176109446514862
226,0.10253547119262775,0.3475530813907805,0.0256369689864202,0.0383527712848223,0.4859217071453493
227,0.01768762511994935,0.025749646538965568,0.005512213259411328,0.00597687863718062,0.9450736364444932
228,0.5172425221761184,0.11058732500411167,0.0008100619379054462,0.053606579330134164,0.3177535115517302
229,0.1728198781422916,0.7099211649268238,0.013430449266602324,0.004101686488090941,0.09972682117619161
230,0.43836711058235384,0.08098937744846227,0.0009486390687954419,0.00993703145765916,0.4697578414427293
231,0.49446173879667193,0.38316811999107864,0.00182365872816933,0.03549886161837845,0.08504762086570146
232,0.09547953046054442,0.8604869445885114,0.015641733556330074,0.008307074397058472,0.020084716997555735
233,0.4601348471422809,0.2067159798937917,0.0008745140186537224,0.08271847627777343,0.24955618266750024
234,0.10613024854880668,0.77426898527204,0.00993689705889523,0.009880515677952248,0.09978335344230603
235,0.4308333908320746,0.45526019022023617,0.002075886407525055,0.07105827113366024,0.0407722614065039
236,0.09501004856880682,0.7918711179362559,0.02344603141767244,0.004918908891735876,0.08475389318552877
237,0.20723751795834494,0.7035201925743523,0.0034433900886001265,0.05273353899316821,0.033065360385534516
238,0.23468066599046963,0.5394609746981142,0.016737874384093007,0.010469357157265413,0.1986511277700578
239,0.4204787824161296,0.19431434359557065,0.004366966309653219,0.006816406673827664,0.3740235010048189
240,0.06792158224387701,0.8783163687595897,0.01853686185263892,0.007703648838642279,0.027521538305251975
241,0.4532263777580352,0.30415960255327024,0.0074919216115424524,0.005021910734769581,0.2301001873423824
242,0.258586748358012,0.7029917482915319,0.004733989352951005,0.020804383931551516,0.012883130065953659
243,0.16153987696897903,0.8027448666535758,0.005263502029276533,0.018180904148690058,0.01227085019947854
244,0.17624232224329603,0.7621825315810907,0.009532287006754599,0.02713984252990185,0.024903016638956717
245,0.2069775446208933,0.5986704130199587,0.011704705897754856,0.017167945593251046,0.165479390868142
246,0.33765019775302446,0.5741825020087448,0.0035149218053226114,0.03781508913449426,0.04683728929841396
247,0.02754245679684822,0.9112885619199047,0.04648900254588999,0.006596173501186603,0.008083805236170414
248,0.022310063656474914,0.03911116794242371,0.005978185243135129,0.0012232612323449781,0.9313773219256213
249,0.011661689329717687,0.00709851118790651,0.00029676545415097117,0.00028358516039648146,0.9806594488678284
250,0.4895916258044878,0.30357599587676926,0.004878151036784956,0.019114223654655076,0.18284000362730296
251,0.42860530270317393,0.3970268864605611,0.009069620481982793,0.0076026405992231,0.15769554975505898
252,0.5659674185361613,0.14501787001728816,0.002415492027243032,0.009434108235106885,0.2771651111842007
253,0.04343612640100907,0.9295276377122417,0.013469551440590248,0.007064298526842834,0.006502385919316175
254,0.35968015056621516,0.12586893037360983,0.0016772633663516114,0.01761532674782215,0.49515832894600115
255,0.23032569247536494,0.7222153565601028,0.007286140116607935,0.012622176569225301,0.02755063427869917
256,0.14416687488032492,0.7622919760902188,0.07016250579228875,0.002098628646513769,0.021280014590653536
257,0.018595087313125282,0.8913853620625954,0.08092079432302741,0.0020599597110009193,0.00703879659025119
258,0.015680784834190692,0.8838919463339183,0.0950197485525043,0.0011600354667630989,0.004247484812623575
259,0.025501294304431245,0.808114642850193,0.16016831679861424,0.0015208626291005223,0.00469488341766117
260,0.0055537143416499405,0.7709063386644474,0.22016955354063183,0.0007018277798452108,0.0026685656734258285
261,0.006492223470774966,0.7645490510812197,0.2260623401585201,0.0008130721256883011,0.0020833131637968735
262,0.008529697598536114,0.8359336799380299,0.15196328375462745,0.0010964629282472966,0.002476875780559127
263,0.02188272980418184,0.6967424920078223,0.26936253920412995,0.0016371867848501032,0.010375052199015617
264,0.02072226947910399,0.7849056470823931,0.17562373591910396,0.004014890299686876,0.014733457219712138
265,0.025295274098866446,0.8252704164372355,0.14014839536205853,0.0012674808087476345,0.008018433293091811
266,0.010266570821291218,0.7129967907284709,0.27351143859625165,0.0004817533921170875,0.0027434464618692257
267,0.010123511436639504,0.5320474875181516,0.4554257092698555,0.0006316520466317308,0.0017716397287216342
268,0.0018824266255597077,0.35270337481311953,0.644219265373175,0.00020040428216258,0.0009945289059830732
269,0.007355626917476055,0.5255219981335227,0.46320860702936534,0.0011102962816401387,0.0028034716379958507
270,0.003452010399388192,0.4997031348073489,0.49480446639217623,0.00035126545279859914,0.0016891229482880819
271,0.019849355847370603,0.40031345649355315,0.577186321115921,0.00037255528264412577,0.0022783112605110523
272,0.0033397073400529467,0.2159240593720223,0.7797124996748506,0.000158672254263733,0.0008650613588105338
273,0.007854555968376302,0.3491670066366345,0.6413248079874885,0.00032852476450656153,0.0013251046429940479
274,0.003952924648459637,0.25520168870877047,0.7391242847078598,0.00021588192639635423,0.0015052200085135198
275,0.0010390288345634067,0.1835096004728902,0.8143591895481025,0.00014094921422399599,0.000951231930219919
276,0.010457543229526054,0.2915675705915462,0.6935085772354028,0.0008093489883456247,0.0036569599551794104
277,0.01421933947582262,0.4204428520389438,0.5561967439105104,0.001620438630787741,0.00752062594393531
278,0.002137744710022323,0.13308625297049828,0.8628785675171041,0.00032428674154549175,0.0015731480608298229
279,0.009661901380914013,0.38061368510114124,0.6045195549146274,0.0011750327498545187,0.004029825853462778
280,0.002272098552377076,0.22785652460838307,0.7672498237945965,0.0002664304086448699,0.002355122635998514
281,0.0027122287189548407,0.21362274045797283,0.7822209653052391,0.00033103927597442743,0.0011130262418586037
282,0.0038989864895142183,0.25371436143196047,0.740321924458263,0.0004209251702831788,0.0016438024499790752
283,0.008051412206104008,0.33518812607077986,0.6529094746521452,0.0008768542430150622,0.0029741328279559083
284,0.003976991154730053,0.2752581278337117,0.7184570844877569,0.0005100836416329641,0.001797712882168541
285,0.0017489629414445963,0.1387158788185354,0.8578823171727855,0.00017036944860051038,0.0014824716186339329
286,0.004503378375947854,0.2015073940519566,0.7916328386612193,0.0003386426973395783,0.0020177462135367035
287,0.003422979077724838,0.18414171519448044,0.8114616558997125,0.00018220704137424765,0.0007914427867079134
288,0.0010149722123994577,0.06951038277589047,0.9290348850825336,7.1774500373884e-05,0.00036798542880236556
289,0.0015802816329951604,0.0888281589472365,0.9088630280015016,0.00018642627002195999,0.0005421051482446929
290,0.005113892829846433,0.35879079234806593,0.6267134746498549,0.0002927044452333303,0.009089135726999254
291,0.014684652539198234,0.44185953338089745,0.5312496957268685,0.001411704270600025,0.010794414082435744
292,0.0018654303861198073,0.39193118078650535,0.6045967128774695,0.000159754975856341,0.0014469209740489428
293,0.0023428468276919553,0.453225915345908,0.5432173324468397,0.00012538048235318026,0.001088524897207101
294,0.0008638003118606069,0.24500681455483678,0.7535002968760944,7.168363668111829e-05,0.000557404620527035
295,0.000945643130733551,0.1966390376085355,0.8018114723501882,9.189545470094735e-05,0.0005119514558417582
296,0.0010270646525978309,0.26299523491606286,0.7347028876823773,0.00014236510331925732,0.0011324476456426584
297,0.0017130958221749514,0.25480256230662074,0.7427448700268937,0.0001238463397654177,0.0006156255045451596
298,0.00318010296583431,0.16253270518967006,0.8328622053808847,0.00027059971622158844,0.0011543867473893185
299,0.001981159503787876,0.27579800213216793,0.7204061338507535,0.00016236164676347204,0.0016523428665271547
300,0.004565227007143029,0.32690623712556804,0.6674817364557907,0.00015914048630660143,0.0008876589251915683
301,0.0010905787244791575,0.1890389304725791,0.8090341766555028,0.00012850116806482586,0.0007078129793739415
302,0.0011260873115471004,0.1974288611762226,0.800790197339749,9.576996817833545e-05,0.0005590842043028103
303,0.0016208587348814265,0.13311809996390467,0.8634277774273766,0.0002092103933484169,0.0016240534804887392
304,0.00475172056002696,0.20009328176267327,0.793508514098447,0.0002595564305096906,0.001386927148343155
305,0.0018533226213450402,0.1420995721234122,0.8552548871155468,0.00011012671297718082,0.0006820914267189567
306,0.0007974212269587482,0.09837622733286014,0.9002899758493212,4.353855606868149e-05,0.0004928370347911022
307,0.002357344285368251,0.13561573370331942,0.8613679818298777,6.602557578902592e-05,0.0005929146056456108
308,0.0003159890394191177,0.11146941034046576,0.8875871639962076,5.313861878420884e-05,0.000574298005123239
309,0.0007901151590394194,0.07683058826138825,0.9214656137860052,7.262224470982106e-05,0.0008410605488571821
310,0.0013021976799878281,0.09771512144895379,0.9001216795702134,7.207054402496488e-05,0.000788930756820037
311,0.0064501940870948056,0.18537229318047446,0.8028944453099263,0.0005987807763778912,0.004684286646126524
312,0.0010258638529276475,0.11796918793132742,0.8800609732623084,0.0001250497149369084,0.0008189252384998342
313,0.0011860312721545267,0.09213865690340559,0.9059184037725784,0.00011504128856308639,0.0006418667632985482
314,0.010768420076678529,0.19048238343758953,0.7956451607218412,0.00038175349743877656,0.0027222822664518804
315,0.0024635239837191222,0.15144111904425397,0.8452676209011432,0.00013960256554557886,0.0006881335053382203
316,0.0008960586312727751,0.09405369520076988,0.9045614590335338,5.562723497409143e-05,0.00043315989944937605
317,0.0012336349838283321,0.08609182656214585,0.9119252278705321,6.987015667647204e-05,0.0006794404268171618
318,0.00020618168498052117,0.045693081863348375,0.9537773972490111,3.967829036871594e-05,0.00028366091229129067
319,0.0018201290145128586,0.1390407010737473,0.8581197422698182,0.00015408762628224822,0.0008653400156392724
320,0.0059292998591956875,0.2554563702135065,0.7366086684902846,0.00025830095630972064,0.0017473604807035081
321,0.0013817164433999121,0.07068596975874943,0.9272188994899947,5.775409407692836e-05,0.0006556602137789012
322,0.0009832529014874448,0.07351031193495809,0.9247571250173013,8.115129106995881e-05,0.0006681588551832492
323,0.0001875592350061735,0.0784525627387821,0.9208550604624738,4.1585164673822696e-05,0.0004632323990641197
324,0.0009392586399047051,0.07508659152464656,0.9233292741449586,7.689916118734053e-05,0.0005679765293028397
325,0.0011240910902731423,0.09324618686078003,0.9048348326849938,0.00012514217806495817,0.0006697471858880294
326,0.00163630902246478,0.07110575583409179,0.9255499839929164,0.0001050696396719231,0.0016028815108550423
327,0.0016185659692007494,0.04735767008702819,0.9502370880688167,7.186663662805143e-05,0.0007148092383262453
328,0.0011262237029652632,0.0803180884102779,0.9179547258988537,5.0757342512818965e-05,0.0005502046453903132
329,0.0007872714600003519,0.0806932925759969,0.9171418689955817,0.0001489989422805654,0.0012285680261405363
330,0.0007751456913093085,0.11993082391414424,0.8784947858473793,9.842138723271608e-05,0.0007008231599344703
331,0.0013397974307412623,0.08864026126094185,0.9093046867517983,9.6348879265443e-05,0.0006189056772530015
332,0.0009626354967882439,0.0667599712904064,0.9314379747973901,8.832602707470597e-05,0.0007510923883407544
333,0.0009825068924932338,0.058977336771234325,0.9396381594447113,3.934578273899023e-05,0.0003626511088220161
334,0.0006806239918897045,0.07319063910207725,0.9255616394535912,6.928286361305458e-05,0.0004978145888289642
335,0.0012749680905877778,0.038329828172882635,0.9594571606898441,7.429479542242304e-05,0.0008637482512631107
336,0.0010827598655723423,0.061395132024018424,0.9366641857248592,8.579298830323788e-05,0.0007721293972467309
337,0.0007412550417825291,0.04339765825824203,0.9551951018291178,6.890528647345262e-05,0.0005970795843839989
338,0.0013475257863351056,0.09399624957228761,0.9033308172939201,0.00022441883710590962,0.001100988510351395
339,0.0012228447926952255,0.10632569735566139,0.8916225949872824,8.003958217254552e-05,0.0007488232821885009
340,0.002174059263404504,0.10390001840385205,0.893091327697778,0.0001279341220512881,0.0007066605129142881
341,0.0010591765777929107,0.09472591749403933,0.9035904808729447,5.888961724610405e-05,0.0005655354379770501
342,0.0008377716449079548,0.06123213726436357,0.9375232039130255,6.115506856444485e-05,0.00034573210913846076
343,0.002132059083970823,0.08129189298560366,0.91560731881438,0.00014803643824587876,0.0008206926777997134
344,0.00014469757124433016,0.06214322314561036,0.9373954501104158,4.083952222666117e-05,0.00027578965050271395
345,0.0024465401089713555,0.17093679863353595,0.8260140986677351,0.00011941581677186555,0.0004831467729856886
346,0.0005377770410746485,0.11697247747043232,0.8817638294653845,9.855962931040289e-05,0.0006273563937980962
347,0.0009879749705074775,0.09251680491311298,0.9057931686434151,0.0001721188799828928,0.0005299325929815467
348,0.000255845086219936,0.09537948878136424,0.9039165852145342,7.721392855292304e-05,0.00037086698932864074
349,0.002141407309458074,0.14319058577140767,0.853466124461429,0.00018453597452296362,0.0010173464831823764
350,0.0006882397748480626,0.07663766917023096,0.922204638952568,8.5965365232156e-05,0.0003834867371209012
351,0.0014804465000326135,0.09018968056506291,0.9077967476460213,6.919798123509643e-05,0.0004639273076482019
352,0.0006025114769931049,0.06704320764386376,0.9318117292940016,0.00013309755919825095,0.00040945402594330264
353,0.0009461914203341894,0.08759324163461095,0.9105838064797727,0.00015121956343452258,0.0007255409018478227
354,0.0010328995307473208,0.08273206771246575,0.915668458967944,0.00011524373338743702,0.0004513300554555036
355,0.00031451272378906967,0.03391295152684554,0.9653504204584965,6.758983031374442e-05,0.0003545254605549278
356,0.0007354376095969888,0.06738189474215861,0.9311131682103617,0.00010154770791869305,0.0006679517299640142
357,0.0013365791618826857,0.06642913850031638,0.931655495560265,8.349882035877831e-05,0.0004952879571771871
358,0.0010815653181161873,0.10342046456182047,0.8947223528302993,8.094164645674676e-05,0.000694675643307331
359,0.0008199730694319104,0.041701349929103224,0.9568838076762465,0.00010299066593521287,0.000491878659283259
360,0.002421557574785609,0.11548722788090926,0.8801594012642929,0.0006944649936869797,0.0012373482863251937
361,0.001706925202407794,0.1098267414810066,0.8875379094286105,0.0003679824244775494,0.000560441463497484
362,0.0009375382208410058,0.11914914501524515,0.8783389287969812,0.0006363926621819517,0.0009379953047508174
363,0.0017022267018645943,0.16248438785346872,0.8325338630218231,0.0015804217048488495,0.001699100717994635
364,0.004173026449317906,0.25387062962079554,0.7353952198594359,0.0037172800114992095,0.002843844058951471
365,0.004338505920901608,0.3412080945487776,0.6424350867896896,0.005108261880024197,0.006910050860606975
366,0.030819859127758583,0.04776072967679195,0.004540636030573,0.005378874828056498,0.91149990033682
367,0.02758513231469658,0.08532878020978113,0.0034658601545541384,0.0024983233265356065,0.8811219039944326
368,0.214826478209524,0.15146480479889557,0.0022801090817010853,0.008931100984045514,0.6224975069258338
369,0.1616686201886586,0.30326651897805507,0.004489165041750656,0.004822781043153113,0.5257529147483826
370,0.22037540855253157,0.4377683713361546,0.014745133061810842,0.022051159039078033,0.30505992801042503
371,0.16434546649707824,0.27825541150225985,0.010377331712123898,0.049892224527583,0.49712956576095507
372,0.008624247867899174,0.041881620671537396,0.00515864559980987,0.004063282598455283,0.9402722032622983
373,0.028008812820172643,0.05630868948652498,0.004847593929152939,0.004796457868346767,0.9060384458958026
374,0.028557159956190126,0.01599454859982999,0.0029378816794266224,0.0026956460022691674,0.9498147637622841
375,0.2557782707497427,0.06739449956309314,0.0015898354242172201,0.001628215939380229,0.6736091783235668
