epoch,N1,N2,N3,R,W
0,0.0002481313195184532,0.00020496051362748786,0.00021935703241597861,5.0852032283261825e-05,0.9992766991021548
1,0.0006426085874798596,0.0002641347030936099,9.53290397244263e-05,2.9304466324826223e-05,0.9989686232033773
2,0.0005210568921232963,0.00023457427576148134,0.00025659065090850386,1.791395041021783e-05,0.9989698642307965
3,0.0003326567074391222,7.207879094596127e-05,2.4164546431706204e-06,3.7454535448296376e-05,0.9995553935115234
4,0.006619750261865405,0.00024417815489934547,4.830548259839017e-06,0.00014532838940622917,0.9929859126455691
5,0.020190341761518918,0.0008249340959190994,1.0772060362812057e-05,0.00015619970459611243,0.9788177523776029
6,0.03537333812259386,0.0012307989275971262,6.720705337855783e-06,0.0004243767918930381,0.9629647654525781
7,0.14789096798168702,0.0022467359639197723,9.970437357586371e-06,0.00235687667360194,0.8474954489434338
8,0.3284811153494376,0.009547276504004595,4.587706009549675e-05,0.03053194826178527,0.6313937828246771
9,0.41946553062058906,0.013585678051195614,7.754950050178334e-05,0.04686086870739903,0.5200103731203146
10,0.30538296030323436,0.044832442875906715,9.63779846901298e-05,0.15059149424915513,0.4990967245870136
11,0.2879359478131855,0.0484993549618994,7.711419203518469e-05,0.0967082575445049,0.566779325488375
12,0.14045524238747759,0.01743364690764236,7.374756277652644e-05,0.03515117478125256,0.806886188360851
13,0.6134556218955735,0.024084539032356102,6.381571314068505e-05,0.06132077558666362,0.30107524777226613
14,0.7058980663296563,0.1092570664415775,0.00018125916582665297,0.08287437640183597,0.10178923166110364
15,0.6403610145124902,0.2690225748721527,0.00022274116093618136,0.04885044332446704,0.041543226129954064
16,0.3879626127771752,0.5117135152103898,0.0007146420626691854,0.06865020389068134,0.03095902605908446
17,0.06516072794584214,0.8978291609450754,0.0016734279655973804,0.024645788521349826,0.010690894622135287
18,0.058890260701240336,0.9151636597499849,0.001187200495726456,0.014733019467011754,0.010025859586036433
19,0.06067167365977511,0.9077682342405882,0.0024491620819608374,0.01854263229775384,0.010568297719922005
20,0.031761374526780226,0.944354900917701,0.003802880817719634,0.010458417909765375,0.00962242582803369
21,0.020581557685055835,0.9703585764870452,0.0013924820439803842,0.004166958348408283,0.0035004254355102808
22,0.04969846974788059,0.9262474598158722,0.004440809262888664,0.010564726447594,0.009048534725764631
23,0.010146938164829613,0.9815925299591937,0.0019845212919292906,0.0017615129739148095,0.004514497610132729
24,0.02405526437103532,0.9577614765960099,0.005659796527753787,0.004179014422190683,0.008344448083010454
25,0.005610182850505692,0.9326957490617639,0.05362266698704999,0.0011569533687586712,0.006914447731921777
26,0.00595478898424297,0.9365952898187844,0.05265495605391751,0.0003823659037670924,0.004412599239288314
27,0.02549838068104115,0.9488614488075346,0.019835003374349656,0.0006014614714776988,0.005203705665596994
28,0.0037007288656277903,0.8723358045282049,0.12020611945813245,0.00021983817542199364,0.003537508972612968
29,0.005875138569085297,0.801765006995916,0.1874306650565991,0.0004996929721143929,0.00442949640628514
30,0.015347274825280746,0.8748396905747879,0.09621461781286865,0.001551513134926388,0.012046903652136527
31,0.0070102784676853635,0.7843627132106631,0.18149438473528381,0.001183322010485573,0.025949301575882145
32,0.005721880872536917,0.03270729215048732,0.0244952647333292,0.00012840899754031293,0.9369471532461062
33,0.00042990684275590247,0.00025541054788937566,0.0008295534547628346,1.0157432973832026e-05,0.998474971721618
34,0.005277887513142055,0.0005526439564848259,0.0002770581432181281,3.839652422067204e-05,0.9938540138629344
35,0.009764454360404871,0.0008263592068561992,4.6094019660982785e-05,3.9053888197972785e-05,0.9893240385248799
36,0.10940752720920409,0.0032028424222284974,2.730916880563736e-05,0.00013311259207593037,0.8872292086076858
37,0.03743054691072946,0.003585184697805438,2.9482735967001206e-05,0.00013040684610668467,0.9588243788093914
38,0.00916549433873781,0.0013282060143205853,4.531232973629995e-05,0.00018588724736182498,0.9892751000698435
39,0.020346080420381225,0.0006118819069009657,8.609445413535274e-06,0.00016569863613078906,0.9788677295911734
40,0.12581888109877531,0.0031445423195382762,3.273130111900158e-05,0.0006273074089266068,0.8703765378716407
41,0.2561105669561113,0.005513403901992889,7.702787205678146e-05,0.005498685004081115,0.732800316265758
42,0.12470775831621125,0.0050810858409373275,2.8912443650164356e-05,0.0026559254289801747,0.8675263179702212
43,0.2660113974734086,0.03876658071142335,9.064913433822214e-05,0.009185612054542412,0.6859457606262875
44,0.1531430963611935,0.036112549582530254,9.488914639527189e-05,0.00834742381382241,0.8023020410960586
45,0.0016112409320395192,0.0006051739522100807,3.6372772323752575e-06,0.00030029577892111924,0.9974796520595969
46,0.0018704959190042614,0.0003337270334845794,6.440678737325154e-06,0.0002323001715538262,0.99755703619722
47,0.0010844397783060233,0.00034393115883942475,2.6679354597541705e-06,0.0002319940796046701,0.9983369670477901
48,0.001148070187828293,0.00030838481273738757,2.4359908273717644e-06,6.813983279907226e-05,0.998472969175808
49,0.001039644789005031,0.00025574815226607565,6.706339636463011e-06,2.876308715705752e-05,0.9986691376319353
50,0.0031117181481467304,0.00042296822109623764,1.386891718015811e-05,4.4578464074232506e-05,0.9964068662495027
51,0.021174733275626415,0.0008935809333787284,6.2176055724981205e-06,0.0001708304407972277,0.9777546377446251
52,0.007756184204572514,0.00038688850575530965,6.524717264202571e-06,0.0001254704484044776,0.9917249321240035
53,0.013021673020949,0.0005059861644829125,1.4628470854570562e-05,0.00015197957961022413,0.9863057327641033
54,0.03030513318790114,0.0005605734516054194,1.2943389341065692e-05,0.0004057593987993729,0.9687155905723529
55,0.5304234902330642,0.012384089543027877,0.00011059503085856009,0.0042256354368406055,0.4528561897562088
56,0.5851793296766556,0.01167040782247567,6.575912427922822e-05,0.006642388481289495,0.3964421148952998
57,0.7125469518470816,0.047457132097524134,8.926137751957461e-05,0.03626755440124156,0.2036391002766332
58,0.5738100497702635,0.06579087868304566,0.00017796480982060087,0.10865274407906841,0.25156836265780186
59,0.33678684365083383,0.21265015474544177,0.0003209212619379972,0.4105425637903097,0.039699516551476695
60,0.12791482754594755,0.46039320683520646,0.0010297013243037302,0.34647957861912776,0.06418268567541434
61,0.03788306536166501,0.8738460194073183,0.0026455260297632587,0.06586277468756134,0.019762614513691937
62,0.07854196702135212,0.013023622205166733,6.069596598110439e-05,0.024716832981148983,0.883656881826351
63,0.31033308345363086,0.0616759873139427,0.0001738646147423598,0.13008751016109169,0.4977295544565924
64,0.47756652319583714,0.22321710000210573,0.0006754355688890124,0.08333679902744288,0.21520414220572529
65,0.11652802731992426,0.016120724575283896,0.00013292342446217086,0.00956374901469666,0.857654575665633
66,0.11491223502772639,0.09285636138024667,0.0003310658652627958,0.02903278160028935,0.7628675561264747
67,0.004515312501157925,0.002461520905787247,8.555417531969767e-05,0.0004257220494943329,0.9925118903682408
68,0.4426200768786007,0.031313460977493275,0.000259375421979452,0.026881661561150953,0.49892542516077565
69,0.4224201426376618,0.03708411060458646,0.0001120803744761976,0.022587995610484364,0.5177956707727912
70,0.4453546158491694,0.020777133370178346,0.0001246097908623676,0.012113048819585762,0.521630592170204
71,0.4957153281630656,0.11523132898677559,0.00025725636045230004,0.05970415671148113,0.3290919297782254
72,0.4482565334228363,0.31611795856496516,0.0006061023613739513,0.16593051172200565,0.06908889392881909
73,0.3910092907052595,0.3402875891761229,0.0009650346896446472,0.22384935119375113,0.04388873423522174
74,0.17508814194824737,0.057486066077765643,0.00020443032418650763,0.02773201258277595,0.7394893490670245
75,0.17196174633448658,0.7469382708868814,0.0019499042702350734,0.05606920689982177,0.023080871608575148
76,0.39046001245186573,0.44492493937098,0.0007114665665576999,0.08347543853646414,0.08042814307413237
77,0.22146008542524603,0.690065793685565,0.002017320366212157,0.06600108362558603,0.02045571689739091
78,0.13127067616735377,0.2880454107105779,0.0031766985492152986,0.006906563702523327,0.5706006508703297
79,0.0954759478938709,0.08775255618598446,0.0014240356084928689,0.0037866519065253195,0.8115608084051263
80,0.5145605771243023,0.34565356347389437,0.0035337783587367972,0.017240037116621625,0.11901204392644497
81,0.034819606307620564,0.9411780124871146,0.0040964237681346246,0.0037615783972553022,0.016144379039874864
82,0.1890004255697514,0.17546759446319235,0.0016344517633511157,0.014659347610018239,0.6192381805936868
83,0.06615221732402257,0.10786116243842617,0.00022048129898317623,0.009386564125834143,0.816379574812734
84,0.002916952206471989,0.0034061678053698185,7.413721086731856e-05,0.0002916281629660401,0.9933111146143248
85,0.09800964115077387,0.0041788601779973724,1.9039008198732734e-05,0.0002870412460056694,0.8975054184170244
86,0.1195243536282617,0.018174260843533532,2.5941954259214024e-05,0.0003988878761065455,0.861876555697839
87,0.5490480569413906,0.0066204598251586285,1.6918180205078032e-05,0.00031976355288185936,0.44399480150036374
88,0.369923087997119,0.029802751544135538,7.413308136869838e-05,0.0015984764078048152,0.598601550969572
89,0.7274131387853958,0.0896457063320247,0.00017508972261155595,0.0182275586139815,0.16453850654598642
90,0.626509381022638,0.25235994216342467,0.0003741152950299481,0.022976144301631085,0.09778041721727644
91,0.284057290134813,0.6798194334793697,0.0007176693989407981,0.020372156344626666,0.015033450642249903
92,0.06477047013948294,0.9219199594446152,0.003947466321621107,0.004640866164493437,0.004721237929787323
93,0.1615705667888841,0.816130490209777,0.001814768626587285,0.0057362554737494485,0.014747918901002187
94,0.009646168677766591,0.9827863567094842,0.0029022250478070387,0.0031890523552329606,0.001476197209709226
95,0.01750366074221911,0.9482207068712178,0.02865615872689271,0.0030294656849797225,0.002590007974690619
96,0.011871987502740673,0.9416548766202963,0.04305909615676673,0.00036845274355573956,0.0030455869766403986
97,0.07310190223016799,0.9012148488385618,0.01635504972451764,0.002858226031827177,0.006469973174925314
98,0.01256593441051089,0.9566415049395414,0.028666721390884716,0.0003909996792990119,0.0017348395797638734
99,0.007164744886162186,0.9571455880767497,0.034440286971564614,0.00017403215303182724,0.0010753479124917687
100,0.000827088806609487,0.8398185344151352,0.15867449809118103,6.284944175256151e-05,0.0006170292453215133
101,0.0018525955671032884,0.7573268664604312,0.23939825055019395,8.427058124408893e-05,0.0013380168410275029
102,0.0036199299773006914,0.7625696281005792,0.23237194350780763,0.00015289774009424116,0.0012856006742181369
103,0.0025360813868987096,0.7328551911119354,0.2631347379782736,0.0001348044615868913,0.0013391850613054207
104,0.0003540123146822572,0.29851206776546846,0.7005477319634671,2.710357874055358e-05,0.000559084377641617
105,0.002897457827112754,0.7121701391530213,0.28197015068369413,0.00019701903735263224,0.0027652332988193787
106,0.0003935640885104124,0.19794340365588847,0.8008498970131159,1.0878889794067498e-05,0.0008022563526910524
107,0.00036774175032018943,0.15017618505364136,0.849070672169431,4.916465518242686e-06,0.0003804845610893933
108,0.0006760007944882706,0.14023432539559125,0.8583728483820748,9.125476073261654e-06,0.000707699951772245
109,0.0006034315563601039,0.2467525294773645,0.75144528758274,1.542366605276779e-05,0.0011833277174825908
110,0.00010217756078872246,0.06304834802014674,0.936433894757829,3.882610324755557e-06,0.000411697050910768
111,0.00022763538208408988,0.15209209785878577,0.8470631623837183,5.084032536585776e-06,0.0006120203428752374
112,0.0002356319075359909,0.09304785382253983,0.9061712338041651,6.68426872017533e-06,0.0005385961970389612
113,0.00025187008030509456,0.07997228906313364,0.9188029431547833,2.431009433087601e-05,0.0009485876074471368
114,0.0021947448660199547,0.385195638546411,0.609253599328659,0.0005965428017881789,0.0027594744571220508
115,0.003153358814379182,0.4871472057673605,0.5058749068209375,0.0006254576332476554,0.0031990709640751878
116,0.10874713803806389,0.539109270848827,0.034389077640891774,0.010523631234974233,0.30723088223724304
117,0.002731009488410675,0.006248550038067225,0.0069885797359134205,0.0003586111237028213,0.9836732496139058
118,0.02924788385525005,0.008256670287478018,0.0001683571690124588,0.000547096559529861,0.9617799921287296
119,0.6363795775042698,0.020905707648511605,0.00030131559508493177,0.0025566151937174318,0.33985678405841624
120,0.23738709634307945,0.05562670683146696,0.00021800216821448305,0.0016729182793066156,0.7050952763779326
121,0.5677314247140665,0.11640506184699584,0.00025221723575764865,0.006471951478608048,0.30913934472457205
122,0.015421302829814177,0.004833317623837344,1.7421547899959612e-05,0.0011297870373079013,0.9785981709611405
123,0.27519962016298755,0.135191252857241,0.0005619019320448507,0.022049438813526438,0.5669977862342002
124,0.043844112675436496,0.008821170669113558,1.9533948561087347e-05,0.005900204183985895,0.941414978522903
125,0.3702447144059753,0.021856260526010664,5.3531411082685124e-05,0.01951682935875525,0.5883286642981761
126,0.5037326999022521,0.04022773870833485,8.716778856608128e-05,0.07009117631075273,0.38586121729009426
127,0.02770994217438138,0.004814315447441346,1.6957112978457323e-05,0.002811428712477746,0.9646473565527212
128,0.09865456754552739,0.058903597868383666,7.447359890283334e-05,0.07596767309896856,0.7663996878882176
129,0.006423101978671507,0.001501116648168646,3.902830543647839e-06,0.0034131662156714486,0.9886587123269447
130,0.3930682144346214,0.00541775658202524,1.1148922092077407e-05,0.00750010317563584,0.5940027768856254
131,0.4676783895928813,0.016431217067797273,1.6953959066671832e-05,0.020570385734358203,0.49530305364589655
132,0.4694790727911907,0.03487685357544291,4.8122623993068375e-05,0.018764546863845634,0.47683140414552755
133,0.043436372040471655,0.011374421577965903,4.706429494742971e-05,0.00451548843981579,0.9406266536467993
134,0.7666530555300431,0.027809156151679785,3.3962649238272225e-05,0.05344598604754239,0.1520578396214964
135,0.7433337938526444,0.048947793549085024,4.668321162693422e-05,0.10345198148311475,0.10421974790352886
136,0.42750805549454757,0.31223900528386156,0.0005498756013631601,0.2074414069621219,0.05226165665810571
137,0.1970496155961104,0.15676783784091783,0.000251948540723117,0.6087366541905377,0.03719394383171102
138,0.19264976742553733,0.06180106931212729,0.00012993743790162907,0.72933403302252,0.01608519280191379
139,0.34515004086458423,0.3014872486024445,0.0005909132835306662,0.3158874354279222,0.03688436182151822
140,0.24696942366490174,0.6642724350566147,0.0006163234553492746,0.08065906662985636,0.007482751193277788
141,0.38279023867426987,0.5296495056773199,0.0005828433523856689,0.07389255909501741,0.013084853201006942
142,0.10103690580053368,0.8741003935128148,0.0012428631863243042,0.021292110268160396,0.002327727232167058
143,0.059254093447398994,0.9222703390516713,0.0021781495035688254,0.013276511925707501,0.003020906071653626
144,0.012688248766666481,0.9796057174712318,0.00354762063275376,0.002797863317893578,0.001360549811454445
145,0.12996929053514042,0.8472552291519934,0.0015897160465094071,0.01681324932111568,0.00437251494524135
146,0.01818435789363552,0.9611443203351194,0.014305959909943888,0.00505359593781943,0.0013117659234817489
147,0.005443572440441533,0.955033224948885,0.037376458387932625,0.000659225820009972,0.001487518402731045
148,0.056380178608070354,0.9266372315079066,0.007696928642841724,0.007115619863962198,0.0021700413772193813
149,0.015214276236439006,0.9553041589941073,0.022668987709829804,0.005540582301360057,0.001271994758264108
150,0.007376480432405119,0.977724602280565,0.007439977222854463,0.006473463588528951,0.0009854764756462653
151,0.019983078192309534,0.9634443042503363,0.00874402752544448,0.004794464190613563,0.00303412584129615
152,0.015232364155298899,0.9571160690690195,0.021199638720933774,0.002355357730394724,0.004096570324353299
153,0.08953594205691018,0.8531093998313987,0.004361998056662662,0.042373685252775815,0.010618974802252712
154,0.035479067955757795,0.8090025986548859,0.04849128696572044,0.0034157150815608476,0.10361133134207502
155,0.28736652801042656,0.021231790696899986,0.0005678219394565754,0.0034895119290857856,0.6873443474241311
156,0.42344982798646935,0.12969108781842262,0.0015910272960900536,0.00404695069006784,0.44122110620895
157,0.05472075486141392,0.017187186233862332,0.0008700158137021338,0.0008896306283551616,0.9263324124626664
158,0.8585884744268855,0.026078895053646522,0.00016039227148639178,0.009757095148290191,0.10541514309969137
159,0.6427728723287248,0.06615054881165064,0.00029532694702407515,0.021027260601532663,0.26975399131106775
160,0.8123725818367208,0.07407359948920693,0.00024167785781286898,0.047220448023925686,0.06609169279233376
161,0.4702251433088392,0.3160406970721853,0.0005440093319759669,0.19124710872946138,0.02194304155753818
162,0.6453339543707848,0.1416990273550253,0.0001483124570381397,0.1204681165459831,0.09235058927116863
163,0.6803123341463806,0.16355576172961758,0.00023584205696403486,0.13981590363111385,0.01608015843592393
164,0.016351882202268322,0.9657583603745031,0.0008844379493542696,0.01597156374991763,0.0010337557239567005
165,0.011550063831362915,0.9716994802059721,0.004638032747148122,0.01081220127904102,0.0013002219364759546
166,0.18389906876379142,0.6837264321654545,0.0006939607131476436,0.1191930656579455,0.012487472699660971
167,0.02173730408451523,0.9363875926438214,0.006876891892256291,0.03207605258466286,0.00292215879474403
168,0.4074014854506624,0.34239101890070994,0.0005028409590516479,0.22652025125942918,0.023184403430146917
169,0.027757590509809717,0.9430987590011486,0.0024744967271560386,0.02439052759827436,0.0022786261636113477
170,0.09266944558288268,0.060660042937318796,0.002501532608681512,0.016732636946069593,0.8274363419250474
171,0.7597193483293443,0.09732025995453046,0.00038031108798059843,0.06584737953233671,0.0767327010958079
172,0.4361504973572064,0.4932513114076137,0.001830915733660013,0.05632668082214048,0.01244059467937931
173,0.48898113394236875,0.4490866774046074,0.0005528474487001815,0.01803805195794371,0.043341289246380074
174,0.6960297053400627,0.14667774450380286,0.00027046901177496,0.10335171344312345,0.05367036770123615
175,0.16673991539269292,0.7736793499250001,0.0010625255993149355,0.04605200999136126,0.012466199091630667
176,0.417229875164242,0.4027474504844989,0.0003528302532484896,0.07741614984681204,0.10225369425119873
177,0.08691626243735487,0.8549283499956117,0.002581842137801122,0.03360278476098614,0.021970760668246107
178,0.09045516342959839,0.5207835767014488,0.005916325033941827,0.015774404390970633,0.3670705304440403
179,0.0020069889265043736,0.0025642676860702005,2.6528933599105875e-05,0.0012804714090006632,0.9941217430448257
180,0.002051821446288383,0.0016768689963234506,2.0612281383849088e-05,0.00030365602535150775,0.9959470412506528
181,0.030466691440192397,0.0010843663074943048,1.2245073139552866e-05,0.0004756486561011089,0.9679610485230726
182,0.1629451436261716,0.00622956334859367,7.459335948123294e-05,0.0011016957945571514,0.8296490038711963
183,0.0008519637025749204,0.00048555186329231993,3.725954156420616e-05,0.0001073512087086097,0.9985178736838599
184,0.0011118539949748036,0.0002996764827423468,2.4768397190779646e-06,0.00010042655917674438,0.9984855661233871
185,0.002913712332003341,0.0005934893031058463,9.073347245678986e-06,0.00048200600596697436,0.9960017190116782
186,0.01615464146005311,0.00035816906630340193,8.778550703394505e-06,0.00044067122991375607,0.9830377396930263
187,0.34554292766420613,0.00557774815176746,3.613606052920888e-05,0.004993729344015867,0.6438494587794814
188,0.0010752769459756056,0.00019222602738794257,2.0368848332724196e-06,0.0003341606803443236,0.9983962994614588
189,0.09915812398119805,0.010935019066739809,6.716138351055276e-05,0.007813377836205108,0.8820263177323464
190,0.01934493236752493,0.0008503410230876734,3.5973877707119083e-06,0.0031541742578459087,0.9766469549637709
191,0.8219122002312925,0.013563592566696363,5.287320617886801e-05,0.02413760901811296,0.14033372497771923
192,0.11987470200646799,0.12997776963690794,0.00030872714694156743,0.018387690944736478,0.731451110264946
193,0.5473432973710974,0.09826420853924829,0.0001515840286185618,0.06980791257358952,0.28443299748744605
194,0.005687176360800606,0.009663201290937493,0.00011911002894192975,0.005638583738118726,0.9788919285812013
195,0.0017326028628061997,0.0008152742521092629,1.9145364096558893e-06,0.0017411172648526298,0.9957090910838222
196,0.02124008631674275,0.0018787488347447466,1.2114030211612327e-05,0.0013017204788625127,0.9755673303394383
197,0.17549650742588274,0.0028251670366712567,8.019199212566353e-05,0.002587206168389054,0.8190109273769314
198,0.4966912828789031,0.01273809195504638,0.00011928200562046856,0.0063468083739126645,0.4841045347865174
199,0.7637322602480635,0.03810008450829777,0.00010289563730799727,0.011452813249514367,0.18661194635681627
200,0.8174795778200276,0.09774995368091487,0.00013637220359544045,0.033546810876228225,0.051087285419234046
201,0.686765901654661,0.16665170027201284,0.0006541382218628892,0.03089932819673299,0.11502893165473027
202,0.6495547312959857,0.22152040899977263,0.0005949074145211317,0.10929909228319179,0.01903086000652888
203,0.4704642954912753,0.3973724252171457,0.0008480821168967573,0.11663764149873805,0.014677555675944184
204,0.03813265125476218,0.9283090559044699,0.0008696277644434676,0.031007565140130672,0.0016810999361936715
205,0.008567270611169416,0.9832044629763758,0.0017620427506825278,0.005812945741714522,0.00065327792005789
206,0.0036226861477281274,0.979586438861347,0.006504301816360069,0.009694916930408722,0.0005916562441558646
207,0.022790021454885918,0.8981179482893807,0.003896274007032286,0.07068010224556268,0.004515654003138292
208,0.07920749626446134,0.7293635527110459,0.0023774065104038705,0.17957200509222693,0.009479539421862172
209,0.0038672790341737046,0.958894637241231,0.006472488715540101,0.029745576649077378,0.0010200183599776626
210,0.05104014106072722,0.851914766902391,0.0010313518555181982,0.09142855490321981,0.004585185278143663
211,0.21361561266885506,0.3911058141754734,0.0009402822298487421,0.3755127724315938,0.01882551849422882
212,0.04339507200439371,0.6671621594137646,0.001029520576066604,0.28548540010619045,0.002927847899584831
213,0.25753761601496755,0.1507192656978491,0.00016782394060111593,0.5471540575920765,0.04442123675450571
214,0.35820299634717867,0.16438098444143626,0.00020466997527675472,0.45587796536694014,0.02133338386916821
215,0.07263946317836374,0.7841852425961473,0.0008246888138019818,0.13896445030418075,0.0033861551075063164
216,0.13561215979421118,0.6624871332515945,0.0006302383555940217,0.1958430555039254,0.005427413094674863
217,0.3943203556905289,0.30537318642194716,0.0004138236920278695,0.2683487809144598,0.03154385328103623
218,0.0658946200349449,0.8791124726457739,0.0020415162445877313,0.04121205020136098,0.011739340873332556
219,0.3585321129471948,0.5078880655265138,0.000792368746681225,0.11817777359111929,0.01460967918849094
220,0.03970153083095083,0.942419304255405,0.0016352810125310582,0.014973205959910125,0.001270677941203125
221,0.048533448602722594,0.8942734627134826,0.0012989118757791558,0.053059390218859886,0.0028347865891558176
222,0.03827111952793534,0.9026636659717441,0.003937096075965063,0.0505623831670858,0.004565735257269618
223,0.015339818227624995,0.9409524076800783,0.0051517876739515175,0.036905725730999185,0.0016502606873460431
224,0.0436190337738661,0.8689461348738848,0.0034612620579837117,0.08003342517521286,0.003940144119052571
225,0.039746579121817255,0.7924135287372216,0.00146592685385305,0.16431143333588646,0.0020625319512216247
226,0.27647190945879274,0.3530076669367253,0.0011972195057454954,0.20778340821779528,0.16153979588094117
227,0.23897855016477532,0.4930785433807246,0.0009668562693361778,0.2551314836043298,0.011844566580833937
228,0.19094207832757157,0.4123977051489488,0.00010291329169995756,0.38810519035489327,0.008452112876886441
229,0.5979225544145939,0.23305752373348132,0.00015532678867152827,0.1428731134901459,0.02599148157310752
230,0.24127507868698858,0.31612925164684935,0.0004565919064768251,0.43559582668358354,0.006543251076101803
231,0.04697057764856206,0.8704538434553325,0.00042554604432325937,0.0793739469242221,0.0027760859275599474
232,0.039078759064194155,0.7647002208951833,0.0010850941837391302,0.19133834744092304,0.0037975784159602725
233,0.035287840766160566,0.33615622110832455,0.0005816140336518786,0.6257357830495665,0.0022385410422966225
234,0.04019406209189807,0.33679531198149104,0.0006035601105467761,0.6167188159590044,0.005688249857059735
235,0.04357755222051939,0.29445074117149433,0.0003254198395933089,0.6567440828809399,0.00490220388745317
236,0.07598168047700964,0.04417749909992526,9.801271612309334e-05,0.7467700310491645,0.13297277665777768
237,0.11783356882428939,0.06253599581025734,8.803475251842257e-05,0.8087521814791919,0.010790219133743045
238,0.08336410796292336,0.4373788421769976,0.00025993163917712906,0.47204468623111917,0.006952431989782681
239,0.07260403221274915,0.05009499801300399,0.00013703678671646768,0.8693850227592175,0.007778910228312962
240,0.05116228141476235,0.03444010679540445,0.0001263845910724805,0.8641218643474298,0.050149362851330884
241,0.054272524927691045,0.04230180376574194,5.1054564489091764e-05,0.894195880303669,0.009178736438408835
242,0.05641346172157627,0.029197256217461817,3.829803626179895e-05,0.9000133627277921,0.014337621296907885
243,0.12578703863290155,0.04122263916189266,6.332892803906697e-05,0.8125864436864872,0.020340549590679463
244,0.10755983647442287,0.01707484921205357,3.7283176363703855e-05,0.7398906911345473,0.13543734000261262
245,0.23178662192538188,0.0377542875848837,5.439211139764181e-05,0.6199443644765321,0.11046033390180457
246,0.32764669533438867,0.030910443393688376,6.742300876968327e-05,0.45250183887531353,0.18887359938783976
247,0.10034136393455145,0.021628295711515203,3.049312959082571e-05,0.08511923040714851,0.792880616817194
248,0.01752393925868996,0.004581549355705137,2.428470384829199e-05,0.01956151520860138,0.9583087114731552
249,0.49607898417433133,0.010343762726008045,3.5773526155457546e-05,0.10323889552277435,0.39030258405073087
250,0.09221670299091876,0.00864930363493321,7.504638778943132e-05,0.03405139020609335,0.8650075567802652
251,0.012942959703366867,0.0035167008303480236,6.544266882227644e-05,0.008521663486681914,0.9749532333107809
252,0.31703112371461367,0.008823909077271812,5.618871216080213e-05,0.057477720603053874,0.6166110578928998
253,0.11697921923748814,0.01898518236530006,0.0001833451353205688,0.022456474246879923,0.8413957790150113
254,0.5236956057777647,0.012898983912620437,0.00010849092112054086,0.06453709727989429,0.3987598221085999
255,0.5757153382710611,0.06372746749026098,0.00010027550716592109,0.2468732003080483,0.11358371842346368
256,0.0886807502361778,0.024290096653475136,0.0001425720462749772,0.07531514954580443,0.8115714315182676
257,0.5491008443588838,0.07713487626895732,0.00013257192717625662,0.286778164104802,0.08685354334018061
258,0.3325925538424935,0.41512274946679917,0.0004896486778873207,0.20369011069919926,0.048104937313620685
259,0.2535074753213054,0.23599775348148247,0.0006408716822010459,0.21462806881489296,0.29522583070011815
260,0.2543596141745178,0.13058037709703946,0.00041615580731142835,0.36585301336403514,0.24879083955709608
261,0.3566460776270108,0.10127540116115291,0.00018373468467463953,0.3278133186677838,0.21408146785937793
262,0.4197900223261776,0.2638848111389609,0.0009476408484349477,0.13200803018761342,0.18336949549881304
263,0.609092653821919,0.1756379752943092,0.00019237420983723766,0.12200159312356502,0.09307540355036957
264,0.01935046637811541,0.017447342772862997,0.0019372045036616411,0.0038973797646230275,0.9573676065807369
265,0.005929313862541318,0.001988714168861821,3.518429218570196e-05,0.00212583117079456,0.9899209565056166
266,0.6979526040790434,0.02459984758282162,0.00016265676742117057,0.005338684572456726,0.271946206998257
267,0.9067550871501726,0.04048884632824382,9.804161615426623e-05,0.011234449537739423,0.04142357536768998
268,0.8555936083969292,0.05305684716015659,0.00015837184854122397,0.04690199703454675,0.044289175559826005
269,0.5471475719437038,0.2866432037080831,0.00032003868176308,0.14451725332470158,0.02137193234174832
270,0.22523836178889423,0.5656433656392453,0.0022705050031774413,0.1971746565627847,0.009673111005898216
271,0.07828740340601678,0.8521936554551702,0.0027390237348244835,0.061273943791666466,0.005505973612321983
272,0.06315840534359013,0.8278084891733325,0.0029313984990953024,0.10347004763101154,0.002631659352970257
273,0.014856988072909206,0.9694116233176465,0.0012709246599045582,0.013570842843381031,0.0008896211061588205
274,0.03085724221864441,0.9359010503391487,0.004577537965173341,0.02720167021387518,0.0014624992631582072
275,0.1375241443786002,0.825215819100662,0.0007692690128125368,0.0325523561615372,0.003938411346388172
276,0.019187062224987127,0.966493139948124,0.008956063423250513,0.0038559600491680315,0.0015077743544701962
277,0.011552676220441146,0.9828633838473017,0.001954174812717414,0.003182554067203786,0.00044721105233604754
278,0.018657287407833678,0.9688283531422323,0.00600943372904339,0.005205683902427643,0.0012992418184630736
279,0.005944959225172651,0.9856860452934036,0.004913763356293884,0.0026920033646897043,0.0007632287604401899
280,0.04128359249520885,0.927677237539891,0.00586312534113828,0.022780878431537494,0.002395166192224338
281,0.00365515749486543,0.9412770741089164,0.04631480986851882,0.007773329567691356,0.000979628960008178
282,0.018239227575945396,0.9323962780775511,0.03193836173731611,0.014583735467614684,0.002842397141572612
283,0.20583706105973046,0.7457564097748658,0.004553539528959037,0.016273243625205394,0.027579746011239255
284,0.35377798100122076,0.3516868077915072,0.0028695572915144888,0.02025237991692106,0.27141327399883647
285,0.2128021496212593,0.7641188135790382,0.004511267111038227,0.008908157179681686,0.009659612508982588
286,0.4558400967066801,0.4739585990054518,0.0006464392969004606,0.0033039742547849157,0.06625089073618287
287,0.02413905167192009,0.9649662143170469,0.006807534178614651,0.0023313017403255062,0.0017558980920930076
288,0.11240690614200344,0.2028585562476599,0.005520963753266732,0.010794091354179495,0.6684194825028903
289,0.6177160722417697,0.06117915345282806,0.00047660366240208075,0.036403673680496566,0.2842244969625035
290,0.3361639296874922,0.13739178132757973,0.0007305557114473887,0.01846114374081779,0.5072525895326628
291,0.38982274204228695,0.08850456231148844,0.00043849214877420044,0.005416335982734464,0.5158178675147159
292,0.24733494219658128,0.644568669485813,0.0021079011319787657,0.01778874792187612,0.08819973926375087
293,0.3076827109288746,0.2560112268498635,0.0017065798886348005,0.01197202427610747,0.4226274580565195
294,0.1903896434741096,0.24067233454050277,0.013635243217902993,0.006991859362619637,0.548310919404865
295,0.47141446715372237,0.11463865001115776,0.0031404045634874124,0.027790377394430864,0.38301610087720145
296,0.4181360042056019,0.273330332368126,0.008940726523896063,0.06593304461923066,0.23365989228314543
297,0.21714946092418144,0.08775328371208051,0.0006937382434565262,0.01997541738983823,0.6744280997304434
298,0.04561042724943554,0.029613574924963824,0.00191228242795219,0.0025487958777034928,0.9203149195199449
299,0.6274982061226255,0.04713408288832915,0.00016244212718615915,0.010578307631537899,0.3146269612303213
300,0.4727902977782849,0.11515004243589125,0.0003577805417237501,0.00613591275592975,0.40556596648817045
301,0.20490592800064927,0.5265243701277955,0.0021323215929585477,0.007907824011635759,0.25852955626696095
302,0.7300884110289677,0.17444274681636684,0.0005081914560880657,0.05933263537741917,0.03562801532115841
303,0.21735668663918742,0.5709405608383048,0.0052617744331409574,0.020942249585949126,0.18549872850341778
304,0.36206555965371084,0.4465912256571619,0.005315623020396815,0.08975246712540866,0.09627512454332177
305,0.008279620079655799,0.008944323811776407,0.0002446987806333333,0.0022088438385346612,0.9803225134893998
306,0.0128371641639923,0.004382778009503338,8.105110179244013e-05,0.0018648734778293728,0.9808341332468826
307,0.5045557545251997,0.01766548882968421,0.00017828281702973273,0.008955271913365138,0.4686452019147211
308,0.8524256056803071,0.07120500838149975,0.004195053233632541,0.007790971128099766,0.06438336157646113
309,0.2605525363058782,0.13490515148448673,0.006206986013764706,0.05255824631371902,0.5457770798821513
310,0.2456316012350223,0.1453739508075344,0.0048104060104508534,0.024851581560297573,0.5793324603866948
311,0.6027041705269404,0.081284943182805,0.0011127051718226439,0.08570461697669755,0.2291935641417345
312,0.4874611400088939,0.17395301629701412,0.0016041859817420017,0.020855944040679666,0.3161257136716704
313,0.3468043815511802,0.45980256079253906,0.0034180852751802314,0.018525506996609077,0.17144946538449135
314,0.4096839043379473,0.2847405720440472,0.005904884691260354,0.11549605214200767,0.18417458678473747
315,0.32509510693968957,0.1801652290210014,0.002860634117082418,0.2058055051795762,0.28607352474265024
316,0.18651104662920515,0.5542523784928206,0.0057720432064592465,0.03134257490122381,0.22212195677029123
317,0.21533410281912327,0.16557632190921157,0.0037587207097398434,0.029649702472582456,0.5856811520893428
318,0.17707643705097614,0.23079583972381956,0.0035840841511647205,0.024897889615299554,0.56364574945874
319,0.0021534248905504387,0.0031587128468303356,0.0005749313244318308,0.0006599655605871778,0.9934529653776001
320,0.0065635312283127975,0.007799596998077106,0.0019582247469934052,0.0007646072432842743,0.9829140397833325
321,0.07299066992469624,0.0146768978397847,5.337677701078837e-05,0.0025336131814088954,0.9097454422770994
322,0.00482643976704549,0.0012217713894702926,0.0021541261153114628,0.0004673838090489861,0.9913302789191237
323,0.0023921543459361773,0.0015549534193601135,2.4710640929202258e-05,0.00022094545175534123,0.9958072361420193
324,0.009385033960108154,0.0027216487860529126,0.0001661898679935882,0.0006570309838748531,0.9870700964019705
325,0.0032512384915771827,0.0011781650713250523,1.8332743323442122e-05,0.0004401605675732966,0.9951121031262009
326,0.0031281541808445023,0.0012370410482292393,1.990882199244849e-05,0.0006675950466047588,0.9949473009023291
327,0.007411514464540017,0.0010978353825101953,1.7708609862037783e-05,0.0015200787406993268,0.9899528628023885
328,0.019683610679523622,0.0024332900085194033,5.478725273995116e-05,0.0007068048232169652,0.9771215072360001
329,0.007281423433728186,0.0028735228829701656,0.0001052680239939527,0.0008590735316189337,0.9888807121276887
330,0.01026249486233727,0.004652474385875614,0.00016128712739266757,0.0011877163704517978,0.9837360272539426
331,0.0077857769506277106,0.0030229476916010405,0.00010445764972662494,0.001087443948166115,0.9879993737598786
332,0.0727374164867528,0.0071858021039948,0.0002284939681534193,0.0023994171758809,0.917448870265218
333,0.25752954762680996,0.014412714199200372,0.00045590763655307964,0.00404596065357554,0.723555869883861
334,0.6072778937707378,0.044993041653253275,0.00036509349715486126,0.020097531005411094,0.3272664400734429
335,0.5888220629143941,0.08358388690755732,0.00026446409690909745,0.08083775821541608,0.24649182786572346
336,0.4998065804700469,0.09057364593596455,0.0002116919827536036,0.2768212859129086,0.13258679569832638
337,0.20710037023792516,0.07508259625238073,0.00017663039682667397,0.541847962707705,0.17579244040516248
338,0.2298694278714897,0.08078019328132648,0.0006036358889532179,0.22917850047775903,0.4595682424804716
339,0.39573566849660125,0.0859371195762106,0.0005718231947283504,0.4669537630671064,0.05080162566535331
340,0.4472723878573898,0.09689596518716966,0.002912048967322554,0.4167114289373698,0.03620816905074802
341,0.2064004305780613,0.295357661031612,0.018046032840391288,0.4623237018749199,0.01787217367501568
342,0.06274025730035702,0.6731753294577072,0.027280460128065506,0.14864003087307676,0.08816392224079368
343,0.20696197873742667,0.23538965575029494,0.007125928058932206,0.08474354910580628,0.46577888834753994
344,0.2796452627343251,0.32626748381657483,0.0035043245395086535,0.08139752538128116,0.3091854035283103
345,0.40185209772894803,0.5125549367880164,0.007465806909624987,0.06151384018089529,0.016613318392515296
346,0.36008765668505377,0.5894537130857646,0.010004860017833439,0.024689284652537734,0.015764485558810572
347,0.03639086881680337,0.9037384386312176,0.03778761342496121,0.011560076298467968,0.010523002828549776
348,0.00247574967184524,0.00922822049371087,0.0011592575770684574,0.0010632253385698886,0.9860735469188054
349,0.6346280413662128,0.2512255848743763,0.019393857588286254,0.03275955821955691,0.061992957951567694
350,0.7262564962336144,0.18594012714686287,0.023754517274493403,0.023374522549718096,0.04067433679531124
351,0.3219076293218858,0.619174850149106,0.03073611802018915,0.006982514869632425,0.02119888763918664
352,0.021304063187016886,0.8229111747668327,0.11059724598931975,0.0007826990530432877,0.04440481700378723
353,0.3511714986397248,0.6037305973950832,0.01456051760593014,0.019436642923127953,0.011100743436133948
354,0.1852867296180035,0.5399591523593205,0.02989723071630421,0.0046294143327498885,0.24022747297362199
355,0.6830551406214848,0.2686357061278495,0.004747076171171096,0.011033928152356076,0.032528148927138456
356,0.4823657027748879,0.4961535479495156,0.001972159687146655,0.009619625694647839,0.009888963893801818
357,0.5333800004431686,0.4500653893699698,0.0008789814954555659,0.009197740659603106,0.00647788803180281
358,0.018938583976071535,0.9575522186554122,0.019883353176392678,0.002641542022443584,0.0009843021696800472
359,0.0048774950020448096,0.992140365574505,0.0013137102532857078,0.0013882821034108513,0.00028014706675371623
360,0.012957264295910705,0.9780640771537209,0.0058290364888239615,0.001827391443409543,0.001322230618134904
361,0.012146449398065615,0.9738146929674923,0.007690984593051858,0.005035206058982521,0.001312666982407575
362,0.006548382711266408,0.983492158974007,0.008311431160385057,0.0007683910792594984,0.000879636075081995
363,0.0033200593110555587,0.9746953746692479,0.020628568749175537,0.00043068669025372007,0.0009253105802672333
364,0.0012221899145292065,0.9017126538474329,0.09600544989567476,0.00023703978402835494,0.0008226665583347761
365,0.00803949789783815,0.9640221588426713,0.02668359744003685,0.00030563863973295574,0.0009491071797207681
366,0.0027988356143044397,0.8834063485780381,0.11264685282293603,0.0003285555942363196,0.0008194073904849774
367,0.0021155330400557558,0.8917727746015057,0.10466910995926863,0.00039194511027513607,0.0010506372888948608
368,0.00035841377894060215,0.20040445091037618,0.7988478806331886,5.812822709808469e-05,0.00033112645039653214
369,0.0007581275472007406,0.6672197059081805,0.33129560524277024,0.00013512186584609318,0.0005914394360025395
370,0.0008030373740925312,0.3503337319476262,0.6480345608482572,0.0001117613872129412,0.0007169084428113514
371,0.0014258829105604205,0.5846213045722132,0.41243489944313805,0.00025967465582111816,0.0012582384182672993
372,0.0002708817983971711,0.10530109528577816,0.8940298805614756,3.3883452160677634e-05,0.000364258902188382
373,0.00029167117350753735,0.22448468675913116,0.7745390754580125,7.233261752552073e-05,0.0006122339918234828
374,0.00024392047639457346,0.3199140214133275,0.6791974219624081,4.911327541138438e-05,0.0005955228724584909
