epoch,N1,N2,N3,R,W
0,0.00011600042965218044,8.031987670002409e-06,3.669665369672385e-07,5.195183691669539e-06,0.9998704054324492
1,0.00016817033168101939,6.564092447596927e-06,1.1624811054042493e-07,1.3579233150008223e-05,0.9998115700946107
2,0.0016461164928905985,1.6586183587077778e-05,5.272777503336072e-07,2.846337626683821e-05,0.9983083066695051
3,0.0002660113724851437,3.5383221514133e-05,7.354039065289089e-05,8.814292783699273e-06,0.9996162507225641
4,0.0005859882221222464,2.194231550327558e-05,3.188188619241675e-06,1.5861116277809736e-06,0.9993872951621274
5,0.0006690725711529475,3.057651848919138e-05,7.115643002286576e-07,7.219472048323768e-06,0.9992924198740093
6,0.00047276704199791943,5.233341775737526e-05,3.627191247502371e-07,1.3939584713397558e-05,0.9994605972364066
7,0.0005115279364821309,2.3116815814724884e-05,5.184803204876273e-07,2.1722965273295343e-05,0.9994431138021095
8,0.0014009199670270028,4.2482823591908896e-05,8.303311717490292e-07,1.4952181135936301e-05,0.9985408146970733
9,0.0016275284143386617,5.3488406215634806e-05,5.536047256422095e-07,1.4534140289979252e-05,0.9983038954344301
10,0.0007692029775751916,3.642529090532319e-05,3.1015670513032134e-07,3.432938047324528e-05,0.999159732194341
11,0.0009444729439999483,9.497760173734299e-05,5.009884598680279e-07,1.9881500864856868e-05,0.9989401669649379
12,0.00035854356325338,3.8706666812915484e-05,5.017777515418668e-07,2.5422446715574997e-05,0.9995768255454666
13,0.0013394776497366503,0.0001278472892753156,6.529624925270412e-07,2.7705880411837028e-05,0.9985043162180838
14,0.00026096414543107905,1.5374179670350997e-05,6.52262219234707e-07,7.1122362506424e-06,0.9997158971764287
15,0.0013742623932270232,0.0001221172224752139,6.65460656689561e-07,5.709336800866742e-05,0.9984458615556324
16,0.011951559103681016,0.00041519840225933617,1.9611693189548618e-06,9.421311174317411e-05,0.9875370682129976
17,0.10017729819079227,0.00031430509921051585,6.2530138228923565e-06,0.00017920222095419558,0.8993229414752202
18,0.3118676208628676,0.0030076266771788744,6.363736548899482e-06,0.0004383194649046632,0.6846800692584999
19,0.19739080169865378,0.006350973264051167,9.574390123009754e-06,0.0031899770595557432,0.7930586735876163
20,0.22839359638623247,0.0743779352148177,5.888912386507838e-05,0.05221482662387411,0.6449547526512107
21,0.06286258160047006,0.002936453183888683,1.2961605441704502e-05,0.010925439377928963,0.9232625642322706
22,0.27238063475909874,0.07497244741087283,0.0001356988158200594,0.06412958241473675,0.5883816365994716
23,0.053743448605483274,0.016269096964417435,2.7982655003341605e-05,0.009781808765856128,0.9201776630092399
24,0.32695575257230053,0.013047484497763493,4.195786209991067e-05,0.01183424187015006,0.6481205631976861
25,0.20016816010915758,0.14264918677134752,0.0006363675766985005,0.09019404490565976,0.5663522406371366
26,0.10016570019716657,0.023951993646247886,2.0403807233085217e-05,0.027609581929632566,0.84825232041972
27,0.09934691970501323,0.1299441428856973,0.00012378191376845278,0.1508079787365962,0.6197771767589247
28,0.04823118620171803,0.034953554411697244,4.685494998531117e-05,0.035636111801472165,0.8811322926351272
29,0.03755066512750016,0.003145188671380771,1.5250594122223733e-05,0.009805559499674621,0.9494833361073223
30,0.14776828112860987,0.022796617492447633,2.982313046001732e-05,0.028293224149656588,0.8011120540988259
31,0.23777572745107223,0.04262463991670399,4.173050024700089e-05,0.022494309688050124,0.6970635924439267
32,0.3123459954611355,0.15683778218061165,0.0001522641004297672,0.13011079510987195,0.4005531631479512
33,0.13687401363778845,0.07669184638624763,0.00015531166033039913,0.12553632902733605,0.6607424992882974
34,0.11324477837154699,0.06135238059647252,6.887089371246196e-05,0.03604055603232901,0.789293414105939
35,0.14550148746113975,0.5976640533716905,0.009439153575704042,0.058086134413286056,0.18930917117817964
36,0.10171892699097011,0.04281321460469436,0.00011375736424307779,0.06423857651701613,0.7911155245230763
37,0.05532098246635163,0.010536786757947935,1.5424013387539297e-05,0.011371515748873124,0.9227552910134398
38,0.21597298667212364,0.04972194788553922,4.9696672989598945e-05,0.0949448350749182,0.6393105336944294
39,0.28233758084325833,0.024793675483701316,1.8923375191076898e-05,0.06735566016807802,0.6254941601297713
40,0.05442316632979626,0.003980601090241567,6.539741991360004e-06,0.007600511075277911,0.933989181762693
41,0.27565550801928557,0.0262225784042181,9.831353038229e-05,0.0036687287033706066,0.6943548713427435
42,0.34750488423442794,0.07804664508889589,0.0006933030241300326,0.00820711542413988,0.5655480522284062
43,0.5443811540542999,0.14120644404032906,0.00022072771835259541,0.03647036645319875,0.27772130773382
44,0.37769005009842205,0.3011423405213257,0.0012433234771016266,0.07438690056658259,0.24553738533656788
45,0.25597464158776434,0.12756556771655214,0.0011053274817355919,0.04592654756259549,0.5694279156513524
46,0.29638483148102684,0.11198498606129424,0.0015403286244725306,0.011844151290327766,0.5782457025428785
47,0.17141754319220862,0.5823506299452208,0.007788408675638762,0.010047209751241123,0.22839620843569072
48,0.11937374509291189,0.03753130158844807,0.0005762865094446505,0.008389311808232299,0.8341293550009631
49,0.3698736680859188,0.2868123349069678,0.0008355472098662253,0.010964044247193536,0.3315144055500536
50,0.09783715960944431,0.8066345493623378,0.038495069100697867,0.0036973376759643194,0.053335884251555665
51,0.5747481327008558,0.13915610504226728,0.0021592254318768722,0.0050300688578088625,0.2789064679671913
52,0.2046336431314297,0.5802056665251414,0.01194486814303528,0.010965479080287041,0.1922503431201066
53,0.08779908131052923,0.6781890805741106,0.18637501924033487,0.00174441535287801,0.04589240352214725
54,0.14508848088085288,0.7204660703780044,0.008734501925735626,0.031066565117199824,0.09464438169820731
55,0.12983837672304885,0.39632389565721016,0.015058031631994115,0.01938562897633386,0.43939406701141315
56,0.05919541654631573,0.5779485304966636,0.025846050411088697,0.007280584265023558,0.32972941828090824
57,0.012456796418236691,0.0031761078283036384,6.190380873205114e-05,0.0004543954397504316,0.9838507965049772
58,0.3364135643289746,0.07913419755241914,0.00014007212542192551,0.008178390474316798,0.5761337755188676
59,0.42382075439190026,0.05335337850508221,0.00034690513563162323,0.10429195038744873,0.41818701157993726
60,0.20621524144676287,0.039318389857878985,0.00016089457140203278,0.014010900982483646,0.7402945731414725
61,0.00802668272957048,0.0016695668138028948,2.0749208192946218e-05,0.0057921301843041435,0.9844908710641296
62,0.03548666502340724,0.0036569631418121875,1.9683787499261328e-05,0.005648475031230765,0.9551882130160505
63,0.25092622890449195,0.009375740109601861,5.5322830174642324e-05,0.03240672270687882,0.7072359854488527
64,0.14664221495929738,0.0027628452717140635,8.139358081314899e-06,0.006427024368896044,0.8441597760420111
65,0.31130637247310705,0.010601998143959453,2.427362734590935e-05,0.03187329063559171,0.6461940651199959
66,0.19530810658674974,0.043408959392192054,0.0001530062545998834,0.08136541473351451,0.6797645130329437
67,0.22103898675901135,0.20243451369726168,0.0006283108823594084,0.07138517498165661,0.504513013679711
68,0.11964464898591058,0.015033139201018404,6.81419754343723e-05,0.10910916999626655,0.7561448998413702
69,0.051003759937694806,0.010106438087656537,3.8422311489233535e-05,0.02334754232598574,0.9155038373371738
70,0.01913575921986892,0.004603115377066754,4.3484714791434517e-05,0.002490304686240762,0.9737273360020322
71,0.7037076605932279,0.006775653518566996,4.309011867810682e-05,0.005815185335142956,0.28365841043438406
72,0.8272508587738778,0.019847410331975728,3.922514485144499e-05,0.010900159184455851,0.141962346564839
73,0.6673658050664869,0.08831996916496834,4.805131201323081e-05,0.030265273627987005,0.2140009008285443
74,0.5347285693830428,0.1405078425810617,0.00022309380528029462,0.1751651813182218,0.14937531291239334
75,0.23948367721773883,0.4415570383917731,0.0006543331215780573,0.1938663218412799,0.12443862942762991
76,0.19164924280073434,0.6117479021410721,0.0004105691102196612,0.10890493765082743,0.08728734829714652
77,0.08243435045356673,0.8482012839707008,0.0016106625080944989,0.03135138462367376,0.03640231844396428
78,0.3745585660851707,0.40689585233185116,0.0001604811960736476,0.08968694885512232,0.12869815153178196
79,0.16064784335985607,0.8069701894400209,0.003321989077799235,0.016040324922298094,0.013019653200025702
80,0.09885749601183283,0.8697445002445318,0.0031076277088610787,0.016821549636189363,0.011468826398584932
81,0.28389439510824005,0.6350940587256324,0.0006037592576178289,0.06419706998961423,0.01621071691889556
82,0.03899191691180836,0.9322395604630539,0.015882681703981265,0.0066865373579390866,0.006199303563217435
83,0.029018167705626707,0.9376061726220505,0.023205653368054243,0.00175089798510534,0.00841910831916333
84,0.022707365318229214,0.8664459610430026,0.09907425840116622,0.0022880527202123603,0.009484362517389298
85,0.12862382881261805,0.681681146630092,0.0072501695681849885,0.003228161909322682,0.17921669307978239
86,0.030223620381918382,0.9129808062306308,0.042962001628798784,0.0008078670518518282,0.013025704706800343
87,0.26558284823752787,0.6915599192488203,0.005020633311872271,0.0025237122069272635,0.03531288699485234
88,0.10305387403707963,0.8204622281860643,0.0627421153912637,0.001024289314644696,0.012717493070947675
89,0.034120951319970096,0.8475371294630052,0.11339103630063767,0.0009265465727144815,0.004024336343672661
90,0.009083843780778325,0.8591104090451386,0.12791386886994424,0.0005770137432099461,0.0033148645609290778
91,0.07214584439359936,0.8453978476700799,0.05150504727940634,0.004075341119609724,0.026875919537304678
92,0.007210330151092342,0.42348610687931515,0.5633880769489804,0.0016029761940167032,0.004312509826595334
93,0.13165446806543774,0.7872795751504261,0.01476241042011138,0.025576808610847455,0.04072673775317733
94,0.04700283625345276,0.737599039532742,0.16746662337551815,0.0018438145426080753,0.046087686295679116
95,0.029674673644754054,0.8899629588739029,0.07391295269423628,0.0013679171212423564,0.005081497665864303
96,0.16614589497649032,0.660953366273114,0.025470699418982036,0.0037303878983554867,0.14369965143305818
97,0.02975008462506225,0.4317444916688874,0.49120363889322394,0.0010240645185653325,0.046277720294261006
98,0.12824191909296662,0.810253627693639,0.03437545811896719,0.011953794375852452,0.015175200718574772
99,0.1594239004952702,0.5802798776333974,0.12594465332827381,0.0028895344620418085,0.13146203408101687
100,0.01960953594757328,0.791558982089969,0.17942164604206617,0.0013757098678747397,0.008034126052516806
101,0.2070872870274766,0.7340618535314261,0.015673083008689324,0.004234332629735256,0.03894344380267269
102,0.06318232958670278,0.7795811138110126,0.1412059474407499,0.0008428627208529766,0.015187746440681818
103,0.02026380273637898,0.9339369984017701,0.041560532999768834,0.0011214730647524423,0.0031171927973297773
104,0.027537496347386933,0.8757249875430432,0.09285711765597021,0.0006340103246152836,0.0032463881289843247
105,0.0030657421509006555,0.6627582909785941,0.33242906080501294,0.00020567179738977258,0.0015412342681025849
106,0.0012837180747823811,0.18484424567095858,0.8127328300687795,0.00012627489938141256,0.0010129312860981342
107,0.001095653898690354,0.1356182041296348,0.862455737052187,4.7489988442126514e-05,0.0007829149310459244
108,0.0033798881897556584,0.7504824261809195,0.24414279067220174,0.0003136757892114282,0.0016812191679115213
109,0.0016455460249860322,0.4858326268239325,0.5110316575504539,9.27315329122849e-05,0.001397438067715366
110,0.0016973368486598028,0.3285483623869143,0.6678671812483984,0.00012996139759128975,0.00175715811843626
111,0.0005349768908639589,0.13366093144560687,0.8650060577912239,3.271418378067736e-05,0.0007653196885246796
112,0.0008982015118957926,0.2574343765468654,0.7407069225176132,7.507097637778572e-05,0.000885428447247813
113,0.0003261299539144472,0.14350813416618768,0.8556202857113021,2.3280166595564073e-05,0.0005221700020000722
114,0.0001348038381165162,0.06036049579968022,0.9390498657647987,8.713863986992411e-06,0.00044612073341773067
115,0.00013048792446111157,0.0580593031318096,0.9413693677563278,5.6382820438872e-06,0.0004352029053575715
116,0.00035629247610355146,0.08833861702562727,0.9102749798531576,1.686253879804921e-05,0.001013248106313402
117,0.0004708025207626787,0.03367659101638636,0.9651889953990579,1.6677322623090132e-05,0.000646933741169884
118,0.0006601990444705244,0.08454726659293268,0.9137164587580267,2.2188826540226993e-05,0.0010538867780297977
119,0.00021936155249999536,0.051701317627588804,0.9475389170508101,9.516525216982507e-06,0.0005308872438842684
120,0.0002946629316663711,0.03474409299691728,0.9644796365469986,1.0640104912863227e-05,0.00047096741950489944
121,0.0003891537229606009,0.029103468229986003,0.9698245488952336,1.3811446616549577e-05,0.0006690177052032735
122,0.002419074955445818,0.09887594269443516,0.8952335953216355,0.0002635893285264797,0.003207797699957097
123,0.0018749358596957609,0.30539281515634414,0.6891222071815093,0.0005284250265721031,0.003081616775878755
124,0.01499175240639279,0.6869702023314643,0.2891868804232054,0.003799221232652442,0.005051943606285157
125,0.006466949151215318,0.13661555432100916,0.8528841891588771,0.0007955668849616107,0.0032377404839368153
126,0.21608936415139335,0.6447050778373115,0.007502027733696643,0.05619049136575427,0.0755130389118443
127,0.10745398272384125,0.8176437403984258,0.005980489287422339,0.05548938304561358,0.013432404544696984
128,0.2171553327857251,0.6004574812923676,0.005268224542897772,0.14209634664604617,0.03502261473296342
129,0.31589328817610984,0.1910149741276882,0.00040359656028199933,0.059558529603839706,0.43312961153208024
130,0.23145089059013993,0.6538686469084141,0.0038637830281037806,0.07625108949883849,0.03456558997450368
131,0.0975102731460818,0.5630542419967582,0.005354137059439174,0.31771639566933857,0.016364952128382147
132,0.04740501315220784,0.26279215354140123,0.0008962251721503866,0.6738358631598351,0.01507074497440542
133,0.034978585693751285,0.04475892142201652,0.00022972405339046273,0.7330144577959307,0.18701831103491107
134,0.05078201259829208,0.09470480773550725,0.00014926420472937153,0.8229153252317509,0.031448590229720505
135,0.10454833904010033,0.03416491209153467,3.477733422362669e-05,0.5515628334356535,0.30968913809848797
136,0.19446255009311328,0.036285122383881145,5.0914267942889875e-05,0.6538400137877709,0.1153613994672917
137,0.10515638088970354,0.03090712427774411,0.00012853328476064306,0.48589204467768105,0.37791591687011056
138,0.10690857792471793,0.018217505876109985,2.1409970555618934e-05,0.6493924416065906,0.22546006462202595
139,0.06845347949388313,0.010890769819031214,6.096490640308321e-05,0.6042174674589523,0.31637731832173027
140,0.07489614061937265,0.00874649766184297,4.455972271137208e-05,0.4622356230733108,0.4540771789227623
141,0.2547660948306017,0.007599941784000659,1.983091450485641e-05,0.550772870475679,0.18684126199521384
142,0.10693550999494454,0.01224516752587175,0.00015927771354377646,0.28469165854774964,0.5959683862178902
143,0.4486725821350292,0.024278996157305676,0.00011803865524427195,0.2880931646834421,0.23883721836897884
144,0.06300709737437113,0.015584978199279093,5.727711729808522e-05,0.689263779284234,0.23208686802481765
145,0.08797956763156838,0.008234050193801397,3.977345416432295e-05,0.8090618478612535,0.09468476085921251
146,0.06701701120926767,0.008837974154532729,7.752984064948024e-05,0.7345865823856338,0.18948090240991625
147,0.032158235432569175,0.008594450624685994,8.661888312045108e-05,0.550359814828413,0.40880088023121125
148,0.07486313852372496,0.011270803641180325,7.232157907801055e-05,0.6532869869378293,0.2605067493181875
149,0.12403519453337324,0.014075253051393075,7.1871546791753e-05,0.6465168101899944,0.21530087067844741
150,0.04951402651384865,0.018267582425556907,9.367597172096591e-05,0.38083999295264565,0.5512847221362278
151,0.04700751662784769,0.006913274192033591,8.424158389502031e-05,0.08902119635726033,0.8569737712389635
152,0.06779022397062301,0.004284094436954521,1.3052089621383236e-05,0.06452270392489878,0.8633899255779022
153,0.4537617770071349,0.005450209852679137,4.635242433889845e-05,0.10079599765729182,0.43994566305855526
154,0.7475627555531974,0.006857546019175164,5.824670148592255e-05,0.12708359774738384,0.11843785397875785
155,0.39874853755508227,0.009604577724556014,3.674360209757243e-05,0.4055449742180724,0.18606516690019154
156,0.10504287010467288,0.01779034041992252,3.46246691892925e-05,0.8020727940727639,0.07505937073345142
157,0.06277512109838873,0.017441423841770633,8.152066161213269e-05,0.8085875491758358,0.11111438522239277
158,0.12677282278865598,0.009687912550334615,0.00010606619817750957,0.6273388216884029,0.23609437677442893
159,0.206770967176278,0.007027875440966501,1.7109792881788767e-05,0.6590994325213212,0.1270846150685527
160,0.2129082492664325,0.013390944594622032,1.8886180781313034e-05,0.5543366808844294,0.21934523907373477
161,0.36104833460446156,0.01302028072017907,3.349153792238857e-05,0.4282050063081744,0.19769288682926267
162,0.24603292028683393,0.01404198491684117,8.107763899942509e-05,0.595863105761788,0.14398091139553754
163,0.20101111177783595,0.007936813345528863,5.2077069774081616e-05,0.6699656304169082,0.12103436738995292
164,0.14164350957988453,0.028168365936266607,6.219473453782504e-05,0.6789434506820886,0.15118247906722254
165,0.16807095745421358,0.02486839637667213,2.015036432261424e-05,0.6356646388553245,0.1713758569494671
166,0.208593075564357,0.022138322568881305,2.7314122037082706e-05,0.6464875957514186,0.12275369199330605
167,0.05257740901608576,0.012015267384132448,4.032860210428775e-05,0.1834425211921907,0.7519244738054869
168,0.2183866395739946,0.02333757123075991,4.4155836981347274e-05,0.512193724347065,0.24603790901119915
169,0.15066494999733207,0.023464391784497367,8.566272608032596e-05,0.549604381343412,0.27618061414867817
170,0.2546627314244688,0.009514846510540402,0.00010230391367731992,0.21960532237055322,0.5161147957807602
171,0.0447987155908012,0.0036290463461515726,7.850718531306905e-05,0.14569333256168931,0.8058003983160449
172,0.21610571886406765,0.0055490351940472955,9.543000595587719e-05,0.5857438110839356,0.1925060048519935
173,0.1734826027020764,0.0062143273646702146,5.000474199776964e-05,0.5149735061583722,0.30527955903288345
174,0.21351898894383645,0.0069393814155366785,2.168303616522566e-05,0.6629307258079136,0.11658922079654808
175,0.2023043411432159,0.010237084627094294,2.9836764697436182e-05,0.6211302145049864,0.16629852296000588
176,0.25299433379162994,0.010664076082159643,2.4994116436581946e-05,0.5328123725598194,0.20350422344995445
177,0.2900671757794025,0.014651455396790894,3.983065437003421e-05,0.47490752108002576,0.220334017089411
178,0.15005779437184474,0.025390944059741367,2.469493021860156e-05,0.7797226699413415,0.044803896696853786
179,0.13677369892442195,0.009659438835848716,2.6162888941409735e-05,0.6996579848301103,0.15388271452067762
180,0.16272685908515405,0.0202494427033364,6.051216534193855e-05,0.6934946570875018,0.1234685289586658
181,0.10910368070496634,0.014443436717791617,3.4976406279650085e-05,0.6889782184261043,0.1874396877448581
182,0.1405638391189871,0.018655453697676908,3.780560491211916e-05,0.746930921827127,0.09381197975129696
183,0.12354734408808891,0.009463877390631837,4.2542442960726306e-05,0.6528525067861644,0.21409372929215412
184,0.1371464314886628,0.009192225706287104,2.9167040289196923e-05,0.7780087424947487,0.0756234332700122
185,0.1412621309141571,0.009147778483964962,5.348685591922871e-05,0.5285081142840852,0.32102848946187346
186,0.11002985663015452,0.012963714230492161,4.142734152842853e-05,0.6761269164280215,0.20083808536980344
187,0.12909774905106028,0.009901145231072597,4.491134599241624e-05,0.6745829984295446,0.18637319594233015
188,0.24395336735895665,0.019208585453728853,4.305841323698429e-05,0.6176680819085668,0.11912690686551072
189,0.20200612549062721,0.020652142432440467,5.731847498564246e-05,0.5016530318933408,0.27563138170860585
190,0.23655527156850165,0.02531350392649512,3.430032672611607e-05,0.6229651227254603,0.11513180145281676
191,0.10071530406722967,0.04132061102493228,2.7529408232170585e-05,0.7832565135848175,0.07468004191478837
192,0.16455456636399263,0.03619563748692423,3.904524513997448e-05,0.5129826148600239,0.2862281360439192
193,0.12950481377471568,0.015260665773582522,1.417282640489319e-05,0.7303533366019549,0.12486701102334202
194,0.07538626867013794,0.025819695366616317,7.147672959350236e-05,0.31468364022514567,0.5840389190085066
195,0.1319097848176273,0.018825143476299683,2.269621616904189e-05,0.2047288445945887,0.6445135308953153
196,0.3919546169066292,0.019764920993153138,1.4783958962009861e-05,0.08839190886336806,0.4998737692778877
197,0.8159431815912784,0.025506343437662362,2.455747530828699e-05,0.11077456345840879,0.047751354037342236
198,0.2597663544379393,0.024385537319863707,7.089939040221376e-05,0.051613026791237054,0.6641641820605578
199,0.6588067814960625,0.13562121697139082,5.862575829568642e-05,0.16621255030971402,0.03930082546453688
200,0.4642021944817765,0.11700782120830486,7.561114062681852e-05,0.3974828969699449,0.02123147619934688
201,0.3515791138584558,0.29436726804428015,0.0008787829760008247,0.19018274747509606,0.16299208764616713
202,0.16023172861036425,0.3717018092935918,0.00033680912835812023,0.4602209170357146,0.007508735931971105
203,0.4043243898378846,0.31647348431965744,0.00016455154551661355,0.25615543153705805,0.022882142759883227
204,0.04355264351819656,0.9242452040096205,0.0005397507128997967,0.029024570059021468,0.0026378317002618617
205,0.24441988622543068,0.4544384875177951,0.0006922068932422624,0.2863998214761009,0.014049597887430978
206,0.028099003138878264,0.9212533066401577,0.0017799979549103966,0.046693426321856656,0.002174265944196947
207,0.06682118229058984,0.8121999822260686,0.0010479343283822488,0.11651640519806705,0.0034144959568922577
208,0.12035933554646142,0.6708018792026307,0.0012601751590426546,0.20035069122197768,0.007227918869887505
209,0.018866392651937704,0.9313698400779483,0.005522947180893859,0.04115753750477821,0.003083282584441749
210,0.07756155327453014,0.18179899955587125,0.0046195542532536755,0.04143383466018159,0.6945860582561633
211,0.1556085277629227,0.23844475280586508,0.001675564856656038,0.037955511087276225,0.5663156434872799
212,0.1559121381224358,0.0518604144620515,0.00012410380043287382,0.0689763805816786,0.7231269630334012
213,0.5767859130614782,0.10768097940403387,0.00017413293418624802,0.019878200709807774,0.2954807738904939
214,0.15766401601553326,0.584250011427217,0.00040657361180371194,0.015082790252133172,0.24259660869331284
215,0.7205502800417922,0.12506667570326396,1.825871592166665e-05,0.07526959766858661,0.07909518787043547
216,0.3818163771622443,0.4390434419422907,0.00012883034545223957,0.0469002371925961,0.1321111133574165
217,0.6193374634775498,0.23795354219253345,3.082000023380737e-05,0.08283065467185385,0.05984751965782907
218,0.4638192097145238,0.4276616280744271,0.0004887579059907542,0.014739690898721286,0.09329071340633702
219,0.16523628846059182,0.7880612662232506,0.0015945951855314408,0.004406280025467702,0.0407015701051584
220,0.4368956419401746,0.4904040254953085,0.0006023464433359662,0.007668941467288254,0.06442904465389271
221,0.1966213392549258,0.7062295185536585,0.003849564522257803,0.006538406607734269,0.0867611710614237
222,0.17322099197214588,0.7894044247672024,0.001808621137792482,0.011548293937716702,0.02401766818514271
223,0.10835521338486637,0.6722923163089187,0.007606203497835004,0.0036988529871149777,0.20804741382126485
224,0.27389919755035214,0.6989747905831794,0.004121743763280509,0.010129075103842096,0.012875192999346046
225,0.08337352370927281,0.8922109205336655,0.01026702826684994,0.0031345216164894293,0.011014005873722282
226,0.012068870431930723,0.8313746925015738,0.14981145527231346,0.000987092879626914,0.005757888914554868
227,0.0876429303087886,0.8809929441562415,0.003367263558289033,0.0022904209774453847,0.025706440999235535
228,0.019450718284308267,0.9696209817852457,0.006385029086579005,0.0018435342862762377,0.0026997365575907903
229,0.24477784554570917,0.67835282942696,0.0020917934256827063,0.009765241450851555,0.06501229015079651
230,0.01996837563464213,0.8221557678395919,0.07862031107482353,0.0014376767357243848,0.07781786871521797
231,0.22093779353068352,0.5750322632148581,0.00549765693276562,0.006253573497496837,0.192278712824196
232,0.18107592216073903,0.4931359127977188,0.025292244984015184,0.00796061597175268,0.29253530408577433
233,0.02015677352635921,0.9641415266248639,0.005738118686208216,0.0010861605311459105,0.008877420631422833
234,0.23814996425681229,0.42648845065032465,0.008929063776952526,0.008154768814530726,0.3182777525013798
235,0.09765853696561601,0.6490493514867854,0.007540351302911727,0.0062242547364222455,0.2395275055082646
236,0.044429071092136466,0.9111747597253799,0.012984255693900045,0.0036590716707691692,0.02775284181781435
237,0.1132681216683018,0.4511522118887322,0.018969686328842453,0.00526181238793596,0.41134816772618743
238,0.14806216123348767,0.196243844371473,0.009808073949369115,0.0030755218861245274,0.6428103985595457
239,0.2876089655068943,0.6300427800956312,0.0043556547626705305,0.006719098783646779,0.07127350085115695
240,0.3175493767394415,0.5409329357237798,0.006106488059965109,0.008202720008126892,0.12720847946868682
241,0.4380664878516787,0.2780068994737865,0.030023293593507114,0.00909464001351513,0.24480867906751264
242,0.0374822925098694,0.927410956847969,0.009034534155854475,0.005194632591778318,0.020877583894529105
243,0.3345019500999684,0.3547777913631103,0.01988382964142404,0.008451413074139305,0.28238501582135805
244,0.08001128940089582,0.8837554820940846,0.0059319157299483624,0.010245141063881734,0.020056171711189487
245,0.24911621182222388,0.4748319619560912,0.017341330620808153,0.004062263556517197,0.2546482320443596
246,0.040854521563797395,0.9495539876060649,0.0024071182297660935,0.0015725448405470262,0.005611827759824575
247,0.0978665511770226,0.8784532775448565,0.011936508126340875,0.00281587560724964,0.008927787544530502
248,0.02075826046600291,0.7514214138636031,0.20901577861935244,0.0008642532569601995,0.017940293794081446
249,0.08653203943241507,0.8654745051594481,0.023223916970696982,0.006530883518564563,0.018238654918875323
250,0.09085119525258259,0.6423465653458788,0.04711246770636481,0.004396805538648795,0.21529296615652524
251,0.3126980908275292,0.44139573420283795,0.0038093168687081164,0.010486199095199236,0.2316106590057256
252,0.24952313106043586,0.423510464223427,0.022365150059482048,0.012653659471032537,0.29194759518562263
253,0.07978476705507197,0.8680028898193957,0.016679304325328898,0.012176752529300948,0.02335628627090255
254,0.22570573579347672,0.2115715080139775,0.0042661847249384505,0.02145127103132066,0.5370053004362867
255,0.14992332206778952,0.11154017473891173,0.00024299530355530755,0.014062168766529189,0.7242313391232142
256,0.30091718001763024,0.40524729553267,0.0003089301951600264,0.0932383877936999,0.20028820646083978
257,0.34816116793741564,0.34404464966611337,7.613389567107356e-05,0.03306437605305941,0.27465367244774064
258,0.3833586820467228,0.24240601135120965,0.0007964315891216573,0.09856178196559642,0.27487709304734953
259,0.23340111252509835,0.06684876765969318,0.0001399274614441246,0.10395468939723554,0.5956555029565288
260,0.17779174301365736,0.6123918754763438,0.005034410738099357,0.035779878283175,0.16900209248872455
261,0.01417274585208019,0.002670440315131819,0.00028396965774165695,0.0012548886345497728,0.9816179555404966
262,0.0029240509700134126,0.00048250642525221604,1.3279703209506848e-05,0.004302858228454903,0.99227730467307
263,0.01640182521146366,0.005191785791909179,3.2934071036663395e-05,0.003951244065359779,0.9744222108602307
264,0.0007215252991518434,0.0004144868125907411,5.6132513764893656e-05,0.00023954123406040432,0.9985683141404321
265,0.005422273929251514,0.0003621547125579445,5.424049768841911e-06,8.438425438143934e-05,0.9941257630540402
266,0.0037468800077357753,0.0005279284823129471,9.175014127378584e-06,0.00022174981875791488,0.9954942666770661
267,0.06633748374236033,0.004017838924501111,8.59521669491864e-11,0.017968339039025043,0.9116763382081613
268,0.037891920536578666,0.001348626667916106,0.0010760016475777079,0.019412127511467113,0.9402713236364605
269,0.023965254525064053,0.00037568684329874206,6.299783988714413e-05,0.00985804202013447,0.9657380187716155
270,0.014327078088468947,0.0011111914216231124,0.012725414446005886,0.006325261354174965,0.965511054689727
271,0.012853542087458276,0.0003938875075208874,2.9744936277034426e-06,0.007614090606974352,0.9791355053044188
272,0.015864036264016102,0.001607452350727911,1.2352034995393574e-05,0.006647173000297802,0.9758689863499627
273,0.0037078965855501553,0.0003182799617155489,4.858299874744289e-06,0.001449483702347238,0.9945194814505123
274,0.010545709471958126,0.00046062249912738726,1.8756097787777992e-06,0.002817595893993136,0.9861741965251425
275,0.0844000518176844,0.0028505457811784456,4.5381439562699464e-06,0.01614349695713293,0.8966013673000479
276,0.6415522842074562,0.004677147638738915,2.2163160107407846e-05,0.06207661969722404,0.29167178529647325
277,0.4195449334108364,0.018557837609632897,7.113715287803335e-05,0.08091296295879324,0.4809131288678594
278,0.4112967530456508,0.04723215674743665,0.00011749776310334193,0.46260839276652727,0.07874519967728189
279,0.1810749449733345,0.14001987298175037,0.00013628280434639254,0.6388246910249502,0.039944208215618504
280,0.18138553101358187,0.09391617663760786,8.267189825839729e-05,0.7043062246547749,0.020309395795776945
281,0.2657244213410973,0.19873658479317347,0.00012414264071478496,0.48680062519698963,0.04861422602802495
282,0.15287539473961265,0.25616447160027483,0.0006825432250403645,0.5250639408611681,0.06521364957390402
283,0.1848425480993579,0.42781783607046564,0.00047490307786074025,0.3705036794733416,0.016361033278974296
284,0.20976403800240428,0.4327368100998709,0.0010740130807087276,0.3278130719054313,0.028612066911584695
285,0.19370686459617625,0.19520608850632176,0.0002070395760146164,0.591659846603293,0.019220160718194386
286,0.09803675601520814,0.7259077198173205,0.0025473616358740077,0.15906739356019947,0.014440768971397832
287,0.20887758511246318,0.4497093700332016,0.00040722906672450846,0.2972608148705079,0.04374500091710298
288,0.06811422049725667,0.7825247271533379,0.002867593203013487,0.01611083397590163,0.1303826251704905
289,0.42266611780379293,0.36344877398385184,0.00037337696658112766,0.19946389219242924,0.014047839053344944
290,0.3244901201000122,0.5092998761742192,0.0016727603759333434,0.07115247037189688,0.09338477297793825
291,0.043315249531693946,0.9227871963058797,0.020100841927800768,0.005744843386866597,0.008051868847759226
292,0.22819534272898412,0.502407136381706,0.0009770045886484952,0.2575487350044174,0.010871781296244078
293,0.03426112966965767,0.8957426827766808,0.034377230895644324,0.0020824688522422846,0.03353648780577496
294,0.07556392416228849,0.8456787773866514,0.042648616118436934,0.02692147147569657,0.009187210856926495
295,0.21999451602055364,0.6094019515506824,0.02441408696957514,0.020995562199443738,0.12519388325974504
296,0.031546939063623575,0.912900398034864,0.0457560963158331,0.0037692926689187993,0.006027273916760416
297,0.18179294388286787,0.7455912523360971,0.015861129572356025,0.02146918504005521,0.035285489168623695
298,0.024111456847441166,0.9287548254752483,0.03645403827038445,0.0013743047815427919,0.009305374625383405
299,0.06024205855040647,0.924859768613007,0.0021049236208375453,0.008097876501981361,0.004695372713767554
300,0.029766869782291778,0.9331656684875302,0.01451848281834915,0.002180309350112226,0.020368669561716308
301,0.0649870427431191,0.9229811751762244,0.0036194412048807076,0.0030087740430982846,0.005403566832677649
302,0.1272932050642545,0.8488203900658683,0.0029627239005722457,0.007656342431171938,0.013267338538132991
303,0.020284355760562454,0.9628604007692848,0.012455317567406693,0.0014884208179031962,0.0029115050848429807
304,0.2592267503575735,0.7239319881189834,0.0006883927959833083,0.005847592517901214,0.010305276209558442
305,0.031371355011055355,0.8823305821039202,0.0660952606534464,0.0006931464672143445,0.01950965576436364
306,0.053152859998411156,0.9293347296177283,0.007539707401939029,0.0018221877054522687,0.00815051527646938
307,0.04203183868071047,0.832416119254931,0.05029656837469278,0.0008457727120374456,0.07440970097762818
308,0.35822542407482316,0.32665620027932857,0.0035592807519668856,0.0056703055143244255,0.30588878937955694
309,0.029842401028144318,0.9571384721458981,0.008380284683983639,0.0008040063283023046,0.0038348358136714457
310,0.4164029650664562,0.5589645093991066,0.002153885486813581,0.005156925776261658,0.017321714271361966
311,0.019909610499149518,0.9657967324499687,0.011595980832126311,0.0008462156288546479,0.001851460589900793
312,0.007217677526298949,0.9388490301717761,0.05005897119824322,0.0017294241795597057,0.0021448969241218384
313,0.040617640737799166,0.9255353246784097,0.021849948126164094,0.005654829564670711,0.006342256892956268
314,0.0433166532572674,0.8154961189062884,0.09759366184120573,0.002967278737860949,0.04062628725737759
315,0.020021689493275194,0.9430264889124508,0.02970753636313953,0.001102430036856885,0.006141855194277931
316,0.05989196585846572,0.9094485940249062,0.025287416036106708,0.0024591219751495474,0.002912902105371898
317,0.042240422984885645,0.8562876328087213,0.09675439666526102,0.0016234939404503072,0.0030940536006817134
318,0.00766379549635499,0.8584551367019037,0.13123448367529267,0.0007540845690684364,0.0018924995573802014
319,0.001288195674883287,0.7474961662233618,0.24997407203399544,0.00037699253806810855,0.0008645735296914775
320,0.0015049863393218833,0.6407992556335532,0.35578853481840017,0.0005370978992783628,0.0013701253094462892
321,0.0016877970837947415,0.5892451033805359,0.4074425107089195,0.0003156956692840159,0.0013088931574657848
322,0.0008972833666750064,0.2772838042184515,0.7208658661484337,0.00015753591379853092,0.0007955103526412007
323,0.004120800488941998,0.8405261283592781,0.15248340495328835,0.000654034244326379,0.0022156319541652377
324,0.0003497871414618971,0.06717588106779078,0.9321068535992317,4.3532479140446736e-05,0.0003239457123751636
325,0.0019767816510981875,0.37097191744949,0.6257619230411591,0.0003402440509793187,0.0009491338072734172
326,0.0020641976259759137,0.6198335912327358,0.3764699382730868,0.00023129084638088114,0.001400982021820283
327,0.00048501330666339966,0.1493770908418595,0.8491988872842767,7.641880146767513e-05,0.0008625897657326822
328,0.0017674571528277705,0.6509631330400688,0.3452659272292736,0.00016451441162211792,0.0018389681662076534
329,0.00044117415682471225,0.11023200181511836,0.888775639706435,3.551834347096146e-05,0.0005156659781508845
330,0.001943383963888864,0.351663954049596,0.6449280046193571,0.00013581455957044553,0.0013288428075875947
331,0.0010849612416611088,0.591455973841128,0.4067740602995168,9.687612981784225e-05,0.0005881284878762228
332,0.0006766044128103534,0.2946677256477383,0.704088397132029,7.029652396023767e-05,0.0004969762834620434
333,0.00014554179217387086,0.05524378736612743,0.9443557956455405,1.5047758081673152e-05,0.00023982743807656758
334,0.0010185244008363587,0.2690858675797203,0.7290216871884899,7.579689191162849e-05,0.0007981239390417869
335,0.0010541005413220222,0.1590862154297444,0.8389103265532925,0.00010408348642042618,0.0008452739892206297
336,0.0015258290580146652,0.16846677968213683,0.8277612867249383,0.0005794923225599163,0.0016666122123504255
337,0.0030137545983605343,0.5858685761052245,0.4089403175828923,0.00070116712416589,0.001476184589356691
338,0.0032387413108622472,0.3142809919557094,0.679236033962108,0.0007525315710296114,0.002491701200290856
339,0.00850217874677676,0.4037053629396962,0.5429635016123052,0.001146644354686079,0.04368231234653582
340,0.1207205563313084,0.7616823449918214,0.06178699647098889,0.00785715234176285,0.04795294986411857
341,0.16495857530636188,0.7190292777146192,0.017007651037234315,0.017418556101098156,0.08158593984068636
342,0.2258330679337807,0.6578465501112344,0.006609634082650942,0.005023211346307949,0.1046875365260261
343,0.26674750511473555,0.6872272492492584,0.0009308347289908063,0.005663221046612206,0.03943118986040304
344,0.13997088371290542,0.46505269296717017,0.06201734398489592,0.0010643975716211017,0.33189468176340736
345,0.2919118776088014,0.6959787555016045,0.002757536150018259,0.00412766709479996,0.005224163644775907
346,0.02242787591685297,0.9698530797752245,0.004971151601698401,0.0007006344956358393,0.00204725821058833
347,0.002948933511792533,0.8438292941955505,0.15145098866483456,0.00055117510032282,0.001219608527499674
348,0.0028555937396709473,0.79616135933649,0.19820282208118337,0.0010148281554148532,0.001765396687240817
349,0.0019883706084230907,0.5869883834916257,0.4073933014162537,0.0018716056354904991,0.0017583388482069002
350,0.005443469861458163,0.6597787932418492,0.3309313234637126,0.001874920868009667,0.0019714925649703817
351,0.005958418875321358,0.935184614233174,0.056284858713102376,0.0013373745260739252,0.0012347336523283222
352,0.02341145553377009,0.8939914816601164,0.07622887468695044,0.0030306701815898743,0.0033375179375733717
353,0.005963607429178433,0.903075671718963,0.08881896719024694,0.0004973508202090773,0.001644402841402697
354,0.004001424848702958,0.6522377963804864,0.342059910294736,0.00025633740232334666,0.0014445310737514307
355,0.003472033926321221,0.7026681089450016,0.29239194807560565,0.00024420932497062144,0.0012236997281007411
356,0.003450811093848716,0.8494225176810473,0.14508657003017028,0.0004504794861481656,0.0015896217087856656
357,0.0016681425253476864,0.6214496212706526,0.3753488803856658,0.00037390693679067245,0.001159448881543258
358,0.0014781574603446466,0.4349539310398788,0.5620883965454567,0.0002659447012932145,0.0012135702530265378
359,0.0010146523271137382,0.2633478805452515,0.7338547247621817,0.0002134226726177059,0.0015693196928352451
360,0.002323872261527759,0.7779676185720783,0.21668089626546153,0.000332414526271533,0.0026951983746607362
361,0.0008677808532421185,0.18194766537705173,0.816273946002028,9.979937067282025e-05,0.0008108083970053375
362,0.0006577503353958405,0.1424229665727216,0.8563342577688928,5.2280708917273437e-05,0.0005327446140725264
363,0.0016745451469691163,0.27093137881547663,0.7260765568489512,0.00014417479166955883,0.0011733443969333718
364,0.0008083492853412705,0.40091543090627213,0.5973648165615316,9.202391163595834e-05,0.0008193793352190529
365,0.0004891849713873958,0.2550346027883805,0.7435926576008931,5.8056581645103224e-05,0.0008254980576938078
366,0.0005659697086284931,0.11337388409390782,0.8852581225652707,3.7440041436679765e-05,0.0007645835907563477
367,0.0004748337087182804,0.20525688591477564,0.793531547986879,4.2563132334249325e-05,0.0006941692572928597
368,0.0003813716555110155,0.1320939129466878,0.8670321887949506,2.6503961941326334e-05,0.0004660226409092218
369,0.0002351647056664884,0.04833697147549133,0.9506227465265282,2.9843576124017757e-05,0.000775273716189938
370,0.0006808736630651668,0.2893743234756707,0.7086589596464935,0.00010952481283035947,0.0011763184019401719
371,0.0008906949049221213,0.42034926846272386,0.5773800589057102,0.00012888693451500055,0.0012510907921289224
372,0.0005305054746680074,0.1363956444949306,0.8620623863314859,0.00010436821617573305,0.0009070954827397654
373,0.0006658982125981131,0.18149256124055,0.8171117376963496,3.9137526438804667e-05,0.0006906653240634581
374,0.00130362443038756,0.4528682914358026,0.5443800561606559,0.0001988018232030984,0.0012492261499508256
375,0.00163112382968061,0.4751811282535005,0.5217050264179032,0.00013627744818922838,0.0013464440507265298
