epoch,N1,N2,N3,R,W
0,0.028339205512986708,0.010913394595410629,0.005026021508677402,0.0010205355675693404,0.9547008428153558
1,0.02149249523010447,0.04418294208416108,0.0011718878297589206,0.0031486479025808886,0.9300040269533946
2,0.0627970233842015,0.06356956871362734,0.0008623871721148132,0.008773316826288102,0.8639977039037683
3,0.0750222276485329,0.039872510326706585,0.0048520856551030785,0.004307087868018688,0.8759460885016388
4,0.036936192907674505,0.054033998749839794,0.0022820435269149996,0.005433483098025728,0.901314281717545
5,0.09469402572512335,0.06003158723178734,0.00390733126177128,0.003431759107191769,0.8379352966741263
6,0.21994259962806811,0.15108806906225344,0.006587847165639085,0.002519653895550684,0.6198618302484887
7,0.16990103494776568,0.19785735046998004,0.004742739450952296,0.0035365754591288874,0.6239622996721731
8,0.048233541785434306,0.20908434529595957,0.0009926114530269784,0.00755256673681271,0.7341369347287664
9,0.048301783837437,0.029595155883356452,0.0029082219465448294,0.004040165561977435,0.9151546727706843
10,0.08694787374601949,0.04755207056531943,0.00037376283759186184,0.007124607621693752,0.8580016852293755
11,0.25172128961440454,0.010521355393311112,0.005579674762299026,0.0013469445241707024,0.7308307357058146
12,0.26550413233728687,0.07054119456467438,0.005166267588272439,0.002109277587485533,0.6566791279222808
13,0.5154012302286535,0.1779815239454399,0.01720213808547438,0.0009125173140893479,0.28850259042634285
14,0.2836898906162959,0.28565947626557125,0.013021794399759463,0.0018361044425075643,0.4157927342758657
15,0.2555183389209005,0.37945996275928634,0.02336206126286257,0.0065556689335804505,0.33510396812337023
16,0.4834402942344948,0.38997273197569227,0.021445033649839195,0.005888624990517,0.09925331514945672
17,0.5329376289303207,0.1847696042420535,0.018078248433499998,0.014410862431633904,0.24980365596249188
18,0.6104133872537889,0.28978363150236935,0.006919523814708625,0.007511680604568383,0.08537177682456462
19,0.6922319221126761,0.2119899913954512,0.025454788934533103,0.011028889877520938,0.05929440767981857
20,0.32824555367350494,0.6034300594300479,0.018597064220247442,0.00591425691236179,0.04381306576383788
21,0.10109356880295768,0.6205148478731599,0.010947536132097665,0.012730783558036063,0.2547132636337487
22,0.4484622245312919,0.3557162428923055,0.021085654455899046,0.008617261079662684,0.16611861704084088
23,0.05638816457741628,0.10199911219322738,0.004988552416227824,0.0073556846163828436,0.8292684861967456
24,0.05103628403342158,0.18002701999658607,0.005944418872538412,0.005027172332764493,0.7579651047646895
25,0.04891308126374301,0.16499530277940755,0.0064901448643176676,0.008007412966353065,0.7715940581261787
26,0.0955006109501693,0.0175591917313712,0.0008617080900309486,0.0012343311333895468,0.8848441580950391
27,0.20653582766525347,0.040785751673391324,0.0014933807176922764,0.0021400706033706572,0.7490449693402923
28,0.28923825891686655,0.06721815113362689,0.003533752019147675,0.007056327671230022,0.6329535102591288
29,0.1527797239805584,0.009827319146503892,0.0005260220401820722,0.0031426334239673093,0.8337243014087884
30,0.46216273911643574,0.04764656538377403,0.008676790128460527,0.007053905714557351,0.4744599996567724
31,0.4783452232032606,0.07040093668391603,0.008079562788822244,0.018345361394107522,0.42482891592989364
32,0.8010018308188511,0.07332044988334505,0.010026523404983112,0.012773144939668073,0.10287805095315276
33,0.4279131392737684,0.4464024603784777,0.05737345945043349,0.010787087163591459,0.05752385373372899
34,0.4474342371689929,0.46770713939705666,0.05271261948646622,0.00525618740989526,0.026889816537588984
35,0.1333469204522381,0.7305282582404726,0.12251067428142366,0.007992668619213206,0.0056214784066524895
36,0.07516223666726819,0.6446047336809791,0.26586311756638004,0.004190889218891711,0.010179022866480853
37,0.07592240222193458,0.5889020414221753,0.3187748890561111,0.00382419891558746,0.012576468384191653
38,0.016110328283340917,0.4871955161179376,0.49092972872906254,0.0019682162409847834,0.003796210628674299
39,0.010001541461754351,0.1462253739944589,0.841965342582948,0.000724935506100044,0.0010828064547386874
40,0.004402235845384726,0.03465225339333202,0.9602876295862887,9.306902006499932e-05,0.0005648121549297129
41,0.001478934857350788,0.02629200769071754,0.9713993960261387,0.00021966797619827648,0.0006099934495947721
42,0.0013967930321964787,0.01719752135961432,0.9801728240053883,0.0003170555592341807,0.0009158060435668682
43,0.005231992606855842,0.03142309076777186,0.9594978650157574,0.000973719383460728,0.0028733322261542487
44,0.0007722981627755463,0.02116974538381149,0.9763526337127026,0.00018877148059229406,0.0015165512601181947
45,0.005765466308210251,0.08449421757910762,0.8929943329593026,0.00020960869405796723,0.016536374459321605
46,0.018394960856498513,0.016571122102090847,0.027173877983797355,4.8801835617311e-05,0.937811237221996
47,0.026610284608483862,0.1162718491707688,0.8218292828004848,4.103305589239427e-05,0.03524755036437022
48,0.017116509585309515,0.030719948511769582,0.9355787365989615,1.895076482842061e-05,0.016565854539130773
49,0.009598303548079303,0.04560613135034631,0.9312419459558398,3.625567481917739e-05,0.013517363470915457
50,0.0033246303286755155,0.057868632799194776,0.93383860298691,0.0001633045063558439,0.004804829378863952
51,0.0009987394515797673,0.020027956853914685,0.9733470148937096,0.00010559343848936524,0.005520695362306806
52,0.0023027562425778692,0.05927519616594978,0.9328287070505299,0.00016317059767730635,0.005430169943265137
53,0.010109334406474614,0.21871095751622288,0.6543463125416143,0.0002293593954989456,0.11660403614018912
54,0.007444564075664952,0.018813499253225528,0.04939817260883694,0.00013491743348460305,0.924208846628788
55,0.08291784125265754,0.0543761674891339,0.01829244110430004,0.00016632345708838042,0.8442472266968201
56,0.07332372168752871,0.0530776530841578,0.013305386785125812,0.00018854080416799314,0.8601046976390196
57,0.06780888965412635,0.0831106606931643,0.056916580458767886,0.0001677178193171334,0.7919961513746243
58,0.028532735208511004,0.019446398645688843,0.015124699557734003,0.0002719873188636656,0.9366241792692025
59,0.10317070320313095,0.17598172088402045,0.104304412674466,0.001101097739042933,0.6154420654993397
60,0.0032026803097866966,0.01223850283121328,0.00228197580378984,0.0004872608128163287,0.9817895802423938
61,0.023737027398839726,0.029127569530477005,0.004198391860307103,0.0005450132531416051,0.9423919979572345
62,0.0066714386487365645,0.013224154345979212,0.002160327145606761,0.0006343005433876818,0.9773097793162898
63,0.006607032433922829,0.003968585511923666,0.0005424040400092218,0.00016553849235568483,0.9887164395217884
64,0.010409761310404582,0.0014687725161297927,0.00014644904044438088,8.50252758135092e-05,0.9878899918572078
65,0.016905451565684602,0.005063711156155466,0.0002117171577950059,0.000360050282207108,0.9774590698381578
66,0.006142685419500948,0.002317999515494498,0.0013719513031025523,0.0003499820814776581,0.9898173816804243
67,0.0540810944830444,0.03829161653807987,0.007772475707602564,0.0016674604344020772,0.898187352836871
68,0.029392987067043137,0.09849893192703565,0.002226952748181241,0.004031472227932045,0.865849656029808
69,0.1487475284862642,0.2066912308019059,0.009648542747281292,0.01911260531310129,0.6158000926514473
70,0.13598227832785445,0.2368090463953779,0.014365581443308233,0.02079369962818427,0.592049394205275
71,0.19606756937395028,0.06651831383929191,0.0021204314926611656,0.01574044221692004,0.7195532430771765
72,0.756255194089068,0.11071394969005549,0.0054686973974370605,0.008212062990382886,0.11935009583305672
73,0.6641382541979924,0.20537811492929964,0.013366683131291742,0.01201841380206325,0.10509853393935302
74,0.8127484389764322,0.14471342623725825,0.010136774759007296,0.0077935609847419,0.0246077990425605
75,0.5793890856820446,0.35748653277616926,0.021274035688800978,0.02031415662882141,0.02153618922416363
76,0.397658144825293,0.42744780785467545,0.05797064426319645,0.03166506689146901,0.08525833616536602
77,0.12626945679324766,0.3266643064999805,0.48968686382027243,0.012942331198634619,0.04443704168786483
78,0.03532094472679779,0.23178819077149582,0.713183942714886,0.005513011449367642,0.01419391033745263
79,0.018471947618460088,0.1078337679320845,0.8660869837599185,0.0027696077026767166,0.004837692986860164
80,0.005997157725321902,0.049282496613944744,0.9412030438691087,0.0010401425782133483,0.0024771592134111282
81,0.00245053277265253,0.06146204387188411,0.9345397165662455,0.0004609258788003722,0.0010867809104174676
82,0.0030529157747482853,0.05214360563335744,0.9437500535423724,0.0004106187539914898,0.0006428062955305585
83,0.001523708128323014,0.0342109132190345,0.9629247935984607,0.00017007835207169314,0.0011705067021100027
84,0.0006971583373756692,0.020728398307140326,0.9773627885032137,0.00011649533003791773,0.0010951595222324169
85,0.0008467914730736343,0.006311574168993559,0.9922535185556033,3.881318675166571e-05,0.0005493026155778161
86,0.09772415625938988,0.15636652013002772,0.3166193393218817,0.00040586059968250154,0.42888412368901824
87,0.0015614704711765471,0.007093185622275396,0.9905109748458267,1.1406467738721143e-05,0.000822962592982409
88,0.0012379658617252532,0.004570992588585925,0.9935054917891659,9.517793928420548e-06,0.0006760319665945987
89,0.0010029823734966135,0.003149743082256643,0.9953865609425424,4.744707214741152e-06,0.00045596889448957937
90,0.00011908635569030126,0.0018549075394524042,0.9976587542411365,1.2438554150325206e-05,0.0003548133095705546
91,0.0001078328243397617,0.002039953212212049,0.9975443324030451,1.0108500021544203e-05,0.0002977730603814533
92,8.703589314869125e-05,0.001493580007046931,0.998197958289181,7.623473066537967e-06,0.00021380233755663948
93,0.0006064276296330887,0.004683604820263222,0.9941953343714608,3.1475895890391535e-05,0.00048315728275249157
94,0.00021633888739785016,0.0022381583086368497,0.9973257752373837,1.1050294302682475e-05,0.0002086772722788783
95,0.00040380371913522234,0.0024939136682941387,0.9967032716292558,3.3892668860763217e-05,0.0003651183144542019
96,0.0005351145086893724,0.003766802163112099,0.9947583274102442,0.00014150990971791483,0.0007982460082361703
97,0.0005953309119796136,0.009029667793285338,0.9885540254623697,0.0002319860469143883,0.0015889897854509205
98,0.012069609260271244,0.03595805517778736,0.8717137229163736,0.0007458952772464602,0.07951271736832147
99,0.012602813043907654,0.04080225200715766,0.8746566503870535,0.00034599598649857986,0.07159228857538255
100,0.04533081977242109,0.10819548609795933,0.4455431447032278,0.0003720413234721914,0.40055850810291965
101,0.0022843050191016026,0.0012469278388661368,0.0002463018278901783,0.00013203700577597017,0.9960904283083661
102,0.023445253925439464,0.02132517072929996,0.0031573193912159065,0.0004628605558271869,0.9516093953982175
103,0.5618464576849556,0.09187686008768399,0.01771883260172216,0.0010970324126537414,0.3274608172129846
104,0.17736362037090317,0.1844822093166483,0.02044544062583892,0.0019031451556197163,0.61580558453099
105,0.14959045266880755,0.04090804182097684,0.0058607791642651666,0.0011612622007850406,0.8024794641451655
106,0.44609060002032763,0.3169512249298586,0.06632092392651873,0.006475531273779613,0.16416171984951533
107,0.37800783427253654,0.19107259854087355,0.17747014757998675,0.0061683125831370495,0.2472811070234661
108,0.19169326166038816,0.20786138426402337,0.505099532140672,0.0022988113329679583,0.09304701060194859
109,0.04205289239009106,0.14091508644860123,0.5488946584333603,0.004138054675381395,0.26399930805256616
110,0.02589848143400431,0.25466980199454975,0.5404354322474894,0.0027131910147723363,0.17628309330918418
111,0.04659129016260977,0.13153753257643253,0.052679939289615,0.0010478179245327543,0.7681434200468099
112,0.005422668845537498,0.006206245209601048,0.0002343241439806126,0.0008575139820306316,0.9872792478188502
113,0.0338953478022273,0.021980596348737218,0.0005925561637496536,0.002998206354558839,0.940533293330727
114,0.04260479627589428,0.024104258679539116,0.0012599023016383946,0.0016249937144585047,0.9304060490284697
115,0.497860023809949,0.1315215425747036,0.018419249506916664,0.0028691809823400013,0.3493300031260908
116,0.01938946094830494,0.003934764984763913,0.001643071778016086,0.0010324447309725216,0.9740002575579424
117,0.024233309157829293,0.007488494775883439,0.0009473015232643417,0.005923744113950157,0.9614071504290728
118,0.05147877928756324,0.03776267773278672,0.00787023222512131,0.012317533664950265,0.8905707770895785
119,0.0962159789152668,0.02663072756359315,0.004672504956465287,0.0032716130755975482,0.8692091754890773
120,0.105262927842843,0.04489486020963554,0.0045170250704647,0.006479010672128386,0.8388461762049284
121,0.4537974531566433,0.08565629292333042,0.015607800009600797,0.032915496623754426,0.412022957286671
122,0.3436789711218919,0.2931684542522631,0.039788034735802724,0.029187765129047156,0.294176774760995
123,0.033203776513196955,0.27108053504593166,0.018117498854962718,0.019915623190828697,0.6576825663950799
124,0.03243191997712235,0.02617773679414662,0.002740960288080299,0.060496801075761386,0.8781525818648893
125,0.019832590404001847,0.011932765113304116,6.23682864197313e-05,0.020899248323339902,0.9472730278729345
126,0.21369506319028692,0.03694015975694861,0.004976850068328945,0.008874483277045993,0.7355134437073896
127,0.07609144858980935,0.027153159301468565,0.010353073332529016,0.018137688711925656,0.8682646300642674
128,0.04241108079714011,0.033547257551004996,0.000373042761727364,0.02611319291807757,0.8975554259720501
129,0.11039837805610539,0.07712573752488151,0.00024005665651854322,0.026043721332901133,0.7861921064295935
130,0.3888872872928682,0.21263263745131605,0.007495143031685053,0.010126567428033386,0.3808583647960973
131,0.8990713132864057,0.07834692181671711,0.0026399180976042773,0.0019470901228851186,0.01799475667638783
132,0.7716840071603216,0.17169888477535455,0.00544061151202725,0.02130868178414451,0.029867814768152163
133,0.31925653443451485,0.5465355404944335,0.04240509458690969,0.08832933323762875,0.0034734972465131223
134,0.07700929751925141,0.4469720600050597,0.34179583925644064,0.12784865128127634,0.006374151937971965
135,0.01276316597466267,0.3173196052762511,0.5660975282851064,0.0887370004203618,0.015082700043618008
136,0.026955976236008237,0.3615410863670038,0.47961530484166237,0.12371449477091069,0.008173137784414879
137,0.015060087156147043,0.3439105889788304,0.48237998587664227,0.15072343450436834,0.007925903484011817
138,0.02423770204801413,0.31919791796427244,0.48440887330246263,0.16568722579143746,0.006468280893813419
139,0.09339088070036825,0.510400209460922,0.16428402647704515,0.21599742766548002,0.01592745569618463
140,0.057329674031914434,0.4486989912545142,0.03921883947139549,0.3700345707593976,0.08471792448277836
141,0.018467132631859777,0.04290986619515839,0.00032104422089165483,0.8998429816667661,0.038458975285324146
142,0.1107269726730276,0.06762473971617841,0.0006896221565461592,0.48153920788091464,0.3394194575733331
143,0.10867398806731264,0.16800969162227625,0.006035560590665072,0.19671215550678392,0.5205686042129621
144,0.17648608051749265,0.08894836856166587,0.0019270448755522212,0.3325086115982716,0.4001298944470177
145,0.1866205996777817,0.09016734750320339,0.0031623048020316524,0.34173502500946773,0.3783147230075155
146,0.22682741290428504,0.06617648167490825,0.0009751752440056987,0.1788228064832041,0.527198123693597
147,0.18160085926734976,0.16513727622586793,0.0005355025850217757,0.1481558111455543,0.5045705507762062
148,0.04057586886209596,0.005433791682876977,0.004553980178860715,0.023687192387111745,0.9257491668890546
149,0.06781814053890484,0.013342646954437942,0.0010340640166461136,0.17727755476279616,0.740527593727215
150,0.17369663618567915,0.07565272712239125,0.06402273580260004,0.05779863421301251,0.6288292666763171
151,0.6273700271692558,0.1977171145922177,0.06899574570877218,0.01074653668210914,0.09517057584764516
152,0.8507271983931224,0.1370509368224066,0.0074247802305360145,0.0030300686918495294,0.0017670158620857685
153,0.44390245147006124,0.46995077306657096,0.029695339949234907,0.05401758586209239,0.0024338496520403363
154,0.24619640265819326,0.3777320895645973,0.04718216316056399,0.32648451914586907,0.0024048254707763872
155,0.1589781876411909,0.44709582098836015,0.21660243199205517,0.17599857208927638,0.001324987289117251
156,0.1559840902229576,0.5441305670579768,0.16684450237212095,0.12967477564645988,0.0033660647004847347
157,0.027257824337088565,0.28173810126234045,0.6759396172879669,0.01326100856098109,0.0018034485516230804
158,0.003644899753344272,0.22218153801188895,0.770224326058367,0.001920189809212893,0.0020290463671868023
159,0.007331888132100818,0.08472127181306897,0.9060018642316765,0.0009964762671330273,0.0009484995560207508
160,0.0010317479872187295,0.021562799626944965,0.976717508292475,0.000206026235326688,0.0004819178580345447
161,0.0019515865007494792,0.033108608768213525,0.964140345182993,0.0003856038186088796,0.00041385572943505617
162,0.0005722862800493899,0.03428020838213697,0.9645494441730181,0.00035124599451667754,0.0002468151702786969
163,0.00026478497976778953,0.01742295513205,0.9821090187714403,9.626407080033398e-05,0.00010697704594150665
164,0.0001664394366918928,0.024527419690750816,0.9751336456936535,3.312189174432376e-05,0.0001393732871594895
165,0.0001467376249216743,0.010900425111337115,0.9886705977828483,4.2308498017276346e-05,0.0002399309828757585
166,7.758961027639167e-05,0.012420679432780612,0.9872226244315659,4.5169500191954324e-05,0.00023393702518511079
167,0.00011048055326360011,0.016965300466923572,0.9825829174369962,6.302311787286347e-05,0.0002782784249437113
168,5.088921365555092e-05,0.00608140337399046,0.9937383690106212,1.7604178927719672e-05,0.00011173422280504626
169,0.00011403940392002229,0.009167103194119949,0.9904856661335122,3.9785726313415925e-05,0.00019340554213431518
170,0.00011227366018711549,0.007531470048825157,0.992173897981691,4.0100636526145166e-05,0.00014225767277078932
171,0.0002697658986349951,0.00496366514041196,0.994577821835789,5.0671276928075e-05,0.0001380758482360499
172,0.0001514747033538579,0.004084468069727394,0.9954692845269962,0.00011523871761495834,0.00017953398230758895
173,0.00292960894826878,0.030944609120255633,0.9561428900736418,0.0004226020009957697,0.00956028985683814
174,0.14710609069999153,0.20069876588441715,0.4624248216391353,0.0008135980480388497,0.18895672372841715
175,0.011358570094974013,0.05148644459389745,0.9329977315163771,0.00018110201769780504,0.003976151777053531
176,0.0046600663133178856,0.033118931917726475,0.9581338735264854,4.989378277323935e-05,0.004037234459696974
177,0.0027593264507862745,0.05098582749241738,0.9455974926405275,6.513604587602345e-05,0.0005922173703928561
178,0.0010728769833277267,0.04226491586966916,0.9559173371403208,0.00015242120984503224,0.0005924487968373014
179,0.0005305432438570529,0.013049575300088712,0.9859283524500886,9.00453270016453e-05,0.000401483678964084
180,0.0001222956959698043,0.02245573819194582,0.9770857619978336,0.00011803258604696352,0.0002181715282038585
181,0.00012153212882185642,0.010559804768685217,0.9891265917006882,4.770715744830702e-05,0.00014436424435650691
182,0.0003654884008666538,0.0031085838381051337,0.9963429162291406,3.0145663213907024e-05,0.00015286586867390543
183,0.000421049515861837,0.005116614897643098,0.9941580459601773,3.298864370467533e-05,0.00027130098261305395
184,8.362241576714634e-05,0.0011599376349643357,0.998664484650111,1.681852572800344e-05,7.513677342949759e-05
185,2.2324825811234003e-05,0.0008177883436037718,0.9990651616974803,1.1515742526055557e-05,8.32093905785147e-05
186,3.123308953144527e-05,0.000735553857404955,0.999117143723773,2.8266061772289452e-05,8.780326751821385e-05
187,3.513075347511322e-05,0.0009618953713143647,0.9988954727542939,1.9890890304455566e-05,8.761023061215326e-05
188,3.73604875340334e-05,0.0009740343730003684,0.9988694111131129,1.0519417289393758e-05,0.00010867460906329731
189,4.5923089657898605e-05,0.0012226171678854862,0.9986284231716539,7.648869021203919e-06,9.53877017815047e-05
190,4.717020873115853e-05,0.0010715741811019876,0.9986882612538265,1.308985533863887e-05,0.00017990450100177277
191,7.307600219510947e-05,0.001165993228569625,0.9984932342261532,3.603151061264307e-05,0.00023166503246934732
192,0.011407052762997536,0.01770945874169514,0.9515040587756682,0.0005072358810887089,0.018872193838550294
193,0.34277696350783965,0.12390901464497768,0.22075209210075972,0.002570378664246193,0.3099915510821767
194,0.0018341694795614746,0.00309438368276228,0.9933557354962915,4.4996339403358656e-05,0.0016707150019814219
195,0.00777829872403814,0.00800061679306665,0.9818490637022451,7.935500720059452e-05,0.002292665773449783
196,0.00034721908721425335,0.0024103970832148503,0.9968896393974906,4.0694945718253316e-05,0.0003120494863620346
197,8.171736361285137e-05,0.0009646473183299221,0.9988219728802572,1.0591244167705197e-05,0.00012107119363213456
198,0.00012296728511804428,0.0015245236061910172,0.9981832821003975,1.8759217761200647e-05,0.0001504677905322299
199,3.230447290301295e-05,0.0008351715401990893,0.9990278234455213,1.0998363149660258e-05,9.370217822694417e-05
200,1.7069806321749683e-05,0.0007337626563314159,0.9991497606633992,9.994415455879813e-06,8.941245849172721e-05
201,2.010921069513369e-05,0.0011091326672220785,0.9986813239560307,1.2117205918678462e-05,0.00017731696013340283
202,1.5181244753182678e-05,0.0012080271052793616,0.9984037960343121,1.057933619993917e-05,0.00036241627945545894
203,2.3789028693277316e-05,0.001209655027970981,0.998469437990455,2.1651481441411175e-05,0.00027546647143945386
204,2.6819916191281145e-05,0.0008628733892198264,0.9989206902405093,1.4859968203583602e-05,0.00017475648587595086
205,1.8558498792487125e-05,0.0014618886550080076,0.9981122131755416,1.5844371270346724e-05,0.0003914952993877234
206,5.092990195159353e-05,0.0022692569666731026,0.9971224316064999,4.0467396712111116e-05,0.0005169141281631029
207,0.0011635741380509033,0.022342129881471034,0.9334074667374941,8.531536500449893e-05,0.04300151387797941
208,0.001522907627028247,0.008963362496149492,0.9842717386413188,1.7660407838073914e-05,0.005224330827665258
209,0.004004435340522458,0.014331599500375821,0.9585536110907371,5.2565647354606724e-05,0.02305778842100995
210,0.003313947419484819,0.008048570513555654,0.9876369244132425,3.756330587843587e-05,0.0009629943478386627
211,0.0005594086276601471,0.010085639781210064,0.9885487567041066,9.899659572772987e-05,0.0007071982912954262
212,0.001770017510250402,0.021720000579839444,0.973030364313544,0.0002805968540351076,0.0031990207423310247
213,0.019042572896409985,0.22161558191336825,0.7455730358703645,0.0005696356575632706,0.013199173662294058
214,0.0022777005833418172,0.030212094999211948,0.9669789891339992,9.68894257486921e-05,0.00043432585769847507
215,0.013065465565480414,0.1517382657527545,0.8246311354587128,0.00015196728295360228,0.010413165940098397
216,0.002749651049701895,0.040325486748052586,0.955937013345475,4.304290731979501e-05,0.0009448059494505502
217,0.0009763670803664403,0.03592469566178003,0.9624643077643973,6.316315353403888e-05,0.0005714663399224113
218,0.0013574302347647055,0.02674504455893123,0.9707644817553039,0.00012975796393158132,0.001003285487068386
219,0.00021603113063986678,0.011942501315877459,0.9869378561903165,7.826563854190275e-05,0.0008253457246244533
220,0.005881546210836591,0.02673306919908823,0.9651935242281977,0.00019521772602071582,0.001996642635856849
221,0.0009753759878499513,0.007701035123776919,0.9902140857351848,5.9480183707055386e-05,0.0010500229694811747
222,0.00026189509745853647,0.002272937126767282,0.9966573524965833,3.5182766418908016e-05,0.0007726325127722541
223,0.00028820102630843777,0.0031862088289553196,0.995872109976935,2.3576260576938122e-05,0.0006299039072242375
224,4.476223096408958e-05,0.00206119819981184,0.9974640805382239,2.777508039723147e-05,0.000402183950603115
225,0.015345818827779462,0.0523814789771691,0.19903184879093175,0.0007882042811440402,0.7324526491229757
226,0.0003954552577582221,0.0017012558407261127,0.9970324858498982,3.2301210787807105e-05,0.0008385018408296597
227,0.0007580611153311275,0.00392364585291047,0.9928354179833526,4.036127846337226e-05,0.0024425137699425757
228,0.0011689239921172671,0.005645175993025071,0.9924326762271167,3.991103392320986e-05,0.0007133127538177853
229,0.00021858244809772035,0.004335258281972425,0.9949430859324825,7.273711120254699e-05,0.0004303362262445662
230,0.0002471697701385628,0.0052949597167436906,0.9936800626133381,0.00011640846073638839,0.0006613994390433656
231,0.0051848377896991675,0.03659099365870357,0.9466807121437947,0.000569328485934204,0.01097412792186834
232,0.050240568490151134,0.19366744566389135,0.594085764856288,0.0010039058960919288,0.1610023150935777
233,0.19402494256438263,0.20148121747947098,0.24756969233724507,0.0005969971022537166,0.35632715051664754
234,0.16511222207877171,0.11704219177513722,0.6788195144651595,0.00027993624762254475,0.038746135433309056
235,0.09983903924598589,0.08270462554982976,0.8044078950011062,0.0007122775008382851,0.012336162702239887
236,0.014542578784278663,0.08074933177818576,0.9018768184292465,0.0009380121464707765,0.0018932588618182744
237,0.12766586950828315,0.45433777073111503,0.3843498096798194,0.005864589480687708,0.027781960600094628
238,0.04058261065249222,0.23008455703048222,0.7217950248271638,0.0018722402621081744,0.005665567227753655
239,0.5106916381223864,0.35224332639233974,0.03879689574306143,0.004426969346545784,0.09384117039566664
240,0.24009205769111505,0.367310493188339,0.3712056397606444,0.004053416640541436,0.01733839271936007
241,0.049685377850714606,0.2333873647067182,0.7109577283223765,0.0028806773782565492,0.00308885174193421
242,0.09206181945222823,0.25877520180679353,0.6364591374817569,0.00844588848941841,0.004257952769803048
243,0.003892815649430548,0.16350153559420483,0.8305845538386764,0.0012821557151572029,0.0007389392025311572
244,0.004269921921256359,0.19022509765001278,0.8030410657113917,0.0014331951713225939,0.0010307195460165879
245,0.0030035799098506654,0.10913498425120007,0.8859838397176969,0.000987017189021099,0.0008905789322312926
246,0.02552575937076736,0.562192623561253,0.39636490317367656,0.001703992161816593,0.014212721732486418
247,0.00516558068400206,0.15993151536148423,0.8330650739986685,0.0004844703456024202,0.0013533596102428623
248,0.0029145916647915367,0.2562926361055444,0.7393237543942708,0.0003076227265614378,0.0011613951088318396
249,0.005719788777124674,0.2781102705521879,0.714842757962496,0.0003253690772755322,0.001001813630915941
250,0.002041391999730664,0.0933553234193046,0.9029363761806011,0.0006139091998690207,0.0010529992004948369
251,0.4611921621443721,0.36942406462519006,0.1195609300781267,0.00702902919881435,0.04279381395349682
252,0.012308048072498494,0.3419644533932735,0.6382573593410236,0.0009590138093468377,0.006511125383857387
253,0.012941951896420917,0.39148754354894805,0.588212633777212,0.0011904329289893472,0.006167437848429705
254,0.03617494220369543,0.21735881291085601,0.7344438802888413,0.002920892528124971,0.009101472068482188
255,0.0037923681764356894,0.24131188483507907,0.7534272847497837,0.0002738246162755867,0.0011946376224258402
256,0.011249468311927227,0.2564722614992347,0.7294075043838881,0.0005795423171079106,0.0022912234878420196
257,0.003123735915815388,0.0874380768297316,0.9086014076751439,0.00030239771772868,0.0005343818615805874
258,0.0020420266005813613,0.13141098687501135,0.8656379460312298,0.0002874293913010874,0.0006216111018766677
259,0.00044962497899026383,0.08076906056052038,0.9180725083801689,0.00041062119202975886,0.00029818488829083813
260,0.00041498866209005203,0.04358571921116874,0.9553182293467417,0.0005077092747692634,0.0001733535052302437
261,0.0005075623114217602,0.07094411969260876,0.9273773097813928,0.0008612837511382199,0.000309724463438212
262,0.025229940365550093,0.6155397254598476,0.2581370034540018,0.0017736742554877315,0.09931965646511282
263,0.022265972441353147,0.24171582445622072,0.7294774392443338,0.0011569390383510672,0.005383824819741162
264,0.006472409670156494,0.2704534929953645,0.7181723889726731,0.001959048929130257,0.002942659432675632
265,0.039890335103952346,0.5933752317180191,0.35269061448508726,0.007512366882421613,0.006531451810519661
266,0.014646811602801627,0.5702019061902313,0.3591015793708328,0.053789200166441634,0.002260502669692635
267,0.014295493472159092,0.5896239869750928,0.1509150354792862,0.23085741229365178,0.014308071779810139
268,0.041941280166532556,0.5311761636654234,0.05921272376848026,0.3447275594508605,0.022942272948703293
269,0.0760394247886032,0.3629580666711823,0.009214495022894462,0.5037890605314314,0.04799895298588865
270,0.1737434747382457,0.21755761458004724,0.0035413811479389243,0.4338876361370534,0.17126989339671483
271,0.2310353576644049,0.28814774912742175,0.062203574519031204,0.2978942966886053,0.12071902200053679
272,0.2688772964369613,0.06653014445409981,0.00448421393137884,0.41853262264050894,0.24157572253705123
273,0.2451525705142278,0.07497886457561188,0.03584052101221334,0.377946038723967,0.2660820051739799
274,0.31604551943748177,0.033262717236225266,0.00440387632156805,0.2686713460865868,0.3776165409181382
275,0.32874366714565717,0.03918499375777119,0.0018242111983263647,0.3549871993805931,0.27525992851765224
276,0.15625484578385518,0.06323167802027131,0.0023783201203749576,0.5892703346746865,0.188864821400812
277,0.2673205326564514,0.054997909339495686,0.0005832730815122803,0.5803126540733311,0.09678563084920966
278,0.13729909708650115,0.0458566537499988,0.0012195893616152725,0.6535751009107019,0.1620495588911829
279,0.2243825938384679,0.021351405394714904,0.004318425329837479,0.40328259532101274,0.3466649801159671
280,0.17122338665248873,0.25521374877471975,0.05815132951389455,0.20784202829207837,0.30756950676681855
281,0.2677122703013584,0.331592209352705,0.028715901536401956,0.2583236533378751,0.11365596547165956
282,0.12484679111211779,0.2504213252859864,0.025059030338636698,0.3949781445156623,0.20469470874759685
283,0.16887165353580577,0.33434143859517507,0.05391905802375687,0.3800963153728203,0.06277153447244213
284,0.09629120976108162,0.30526570850989576,0.006020668233309924,0.5413073021342828,0.05111511136142985
285,0.04172658993228155,0.06348666865347469,0.0005309953253133644,0.8276294547286708,0.06662629136025973
286,0.06213133249518916,0.06895651116777476,0.001551866256662975,0.8127084784997574,0.054651811580615786
287,0.04572616102127066,0.08166166504216911,0.0018572983245293692,0.7479982948037239,0.12275658080830695
288,0.050224354062386664,0.019172185347316115,0.0004010859222024263,0.8328267392293751,0.0973756354387195
289,0.11912076992344571,0.07859996665103862,0.0008422896597707603,0.49314035816561275,0.30829661560013216
290,0.23963834490393154,0.15205802899130544,0.002274194905734763,0.44746137514240436,0.15856805605662397
291,0.10901034217955587,0.04091931330569785,0.010693434156426844,0.5260241359964261,0.3133527743618935
292,0.261107250892025,0.2706184979899645,0.04246523060227107,0.25649942912167734,0.1693095913940621
293,0.6514396113141808,0.15419667577222754,0.019167458210603606,0.169019272144347,0.006176982558641039
294,0.4996291954476698,0.3487053873606624,0.0089758656880557,0.1383424699772526,0.0043470815263594535
295,0.30084404102880363,0.32727010014334557,0.012962474713509252,0.35750050738544226,0.0014228767288992931
296,0.13578642831750304,0.4953447286447789,0.019573424562133426,0.3480290058975678,0.0012664125780167917
297,0.14019751504277658,0.47367087514823536,0.044118711482343385,0.3399062841453798,0.0021066141812649424
298,0.15001742372073174,0.23172773102284194,0.15629563449779788,0.45336885681133465,0.008590353947293725
299,0.06832342160027922,0.33842808048959544,0.07523358295156438,0.5125048047950272,0.005510110163533793
300,0.10789471618399983,0.27691440959410496,0.05726376856503948,0.5415849839742496,0.016342121682606105
301,0.05129448713753252,0.04954127745337274,0.011010920106742437,0.6118284153092097,0.2763248999931425
302,0.02886285807157605,0.0067566335682845684,0.00402975255350519,0.9308153360672524,0.02953541973938189
303,0.07711012067350466,0.022968614360640724,0.004796502821106213,0.8387440876465581,0.05638067449819037
304,0.506877283182601,0.04460304819422064,0.005863477556490208,0.3430245207404484,0.0996316703262398
305,0.3186058567389642,0.18663737919394194,0.003022297432501918,0.3446914574825592,0.14704300915203272
306,0.37576541286576565,0.049834405545865684,0.0031534263277839124,0.5104961051580322,0.06075065010255248
307,0.16911574160228315,0.05566895496160902,0.1332180158817579,0.47878789619051737,0.1632093913638325
308,0.20497453556838213,0.02970671381588679,0.04473892097545756,0.6226424949567247,0.0979373346835488
309,0.09946636750149518,0.025555817681477307,0.016392511258843064,0.5443201371013587,0.3142651664568257
310,0.06942364181269564,0.05283867607670363,0.0063300253860194946,0.6487997179741983,0.222607938750383
311,0.36913747011303116,0.025360378286808604,0.01114683702127906,0.4497780009534142,0.14457731362546694
312,0.03583869775299461,0.025907244573256705,0.015544006301613185,0.8286266923193625,0.09408335905277296
313,0.06520564326012812,0.231673859531273,0.011843217913466684,0.5485366841088315,0.14274059518630075
314,0.04167324670290119,0.1266544453552891,0.006890703810369327,0.786466855691772,0.03831474843966824
315,0.03528587154589869,0.06995791263570413,0.029143098784567133,0.8074507213385642,0.05816239569526591
316,0.10764190910940626,0.19907516521861263,0.09209877013262086,0.5142340602987115,0.08695009524064874
317,0.10151942270144615,0.10494265771689534,0.08789239780585108,0.6280836057146897,0.07756191606111777
318,0.14138088961276288,0.14706110904788908,0.0013817397124853677,0.5732043108365931,0.13697195079026944
319,0.1914133781914919,0.14893491482802643,0.0010710443811301506,0.47165033285468894,0.18693032974466256
320,0.22311401111038953,0.15055116555568904,0.0010872653063673768,0.48909061853509705,0.13615693949245702
321,0.2418062070095158,0.09416309823338032,0.004602573234116988,0.36627422836213186,0.29315389316085494
322,0.1574408830162135,0.36295247235250705,0.01930466835010754,0.37375787980994835,0.08654409647122359
323,0.0632195043542328,0.18358678628641298,0.018456416680731332,0.5360842057903797,0.19865308688824318
324,0.1802689588375086,0.22016141045646,0.013576543871462362,0.4574426576656399,0.12855042916892917
325,0.09566335377257688,0.4667307268855447,0.004785603949466694,0.32803753094106913,0.10478278445134258
326,0.39997127993579773,0.19385876212183256,0.05486098259036422,0.2545384159953865,0.09677055935661902
327,0.2537573507943928,0.0831279599345769,0.02460200126624867,0.3859717501416254,0.2525409378631561
328,0.2772621966101856,0.26806955912261393,0.05298691316468667,0.3767171826298158,0.024964148472697907
329,0.2869638476903728,0.2333112908588254,0.04642728404617092,0.35892938495392473,0.07436819245070608
330,0.23834893993705367,0.3244641964961488,0.08210400220968335,0.3132978267793999,0.04178503457771427
331,0.31427647893903593,0.2885083695436249,0.23201330927730604,0.14376960391731644,0.021432238322716648
332,0.48167179909370633,0.3290730762963017,0.070645191777214,0.07729190246258386,0.041318030370194124
333,0.546987449454938,0.36526234498625376,0.006132336055686259,0.07654439716809346,0.005073472335028548
334,0.20623129362962653,0.6567022895243542,0.008255644750198103,0.10872680263402684,0.020083969461794388
335,0.09710274424941669,0.7696707829352658,0.03315226250319878,0.09470800462812613,0.005366205683992717
336,0.06464880897634583,0.8176915109956777,0.033304196919057893,0.0814863115547931,0.002869171554125413
337,0.0767775504328672,0.863279103381571,0.022707394955627166,0.035254892859037955,0.0019810583708968136
338,0.07792356832999857,0.858855849613266,0.016372694234453956,0.03252537408698722,0.014322513735294383
339,0.05896107876752875,0.8020285148834552,0.09629379673343662,0.030336772982525406,0.012379836633054043
340,0.2153325849852078,0.21129120008736088,0.07776187722102165,0.017062729223592706,0.478551608482817
341,0.2600883607564603,0.6271496656544875,0.08132276895449186,0.007929877784272425,0.023509326850287796
342,0.36599956885106416,0.4757184819851753,0.04206076691122414,0.015424493422119179,0.10079668883041726
343,0.14536826632494557,0.08068711507673705,0.004542091422499511,0.006209708468342523,0.7631928187074754
344,0.2738984688874607,0.5326702163798634,0.05226402228256633,0.010274312320353002,0.1308929801297565
345,0.24947594348329016,0.5575775108385761,0.10924255416130385,0.009449842015104027,0.07425414950172582
346,0.1614444675405765,0.031787529499403055,0.1109007263552837,0.003971257461528344,0.6918960191432083
347,0.21482466529438365,0.6078932653810392,0.07645719844601744,0.011707080438758108,0.0891177904398016
348,0.10837188144584832,0.6992148270441759,0.18258000947457084,0.002104053892157445,0.007729228143247465
349,0.18301749904787215,0.6647540257112239,0.1350372515258775,0.0037446900504419195,0.013446533664584556
350,0.18318427953033362,0.6796373004047896,0.11349381167449293,0.003602438315695366,0.020082170074688425
351,0.0073750116216030085,0.4304428837103915,0.5590241698374444,0.000871011808150221,0.00228692302241081
352,0.009132010450259295,0.2993537350245286,0.6891859638752177,0.000776872701522205,0.0015514179484720824
353,0.01163056760056042,0.32017033895192076,0.6641363114251326,0.0019513056804421802,0.0021114763419439364
354,0.0049992509029260545,0.21748400934431963,0.776242137882873,0.0004251291847665535,0.0008494726851146589
355,0.015029102824683503,0.6269820611714925,0.3334907691211809,0.013226768462784913,0.0112712984198581
356,0.07159899863987823,0.11860147176102263,0.1307096036384498,0.0032681718812291208,0.6758217540794202
357,0.11629073922077023,0.21158550778677687,0.1154247452321205,0.0009557942155434638,0.5557432135447891
358,0.06768897824735028,0.32523538107956523,0.5882938129939945,0.0002585971511346628,0.018523230527955223
359,0.1328863204472594,0.35405803668885955,0.5058487645422779,0.00018851250151769676,0.007018365820085432
360,0.021501128717430398,0.6165479389858549,0.3583328502926639,0.0003356819703522997,0.003282400033698605
361,0.009432918000424366,0.6181226602140512,0.3657131437874983,0.0034800454959014477,0.0032512325021245743
362,0.008872953041302733,0.5150458407281671,0.4691257141415286,0.002981214977664713,0.0039742771113368104
363,0.013626487764437544,0.35644771084697524,0.6209399394293345,0.003221568890917988,0.005764293068334778
364,0.005419809873778773,0.27492535437880167,0.7149894206314132,0.0008500384859935407,0.003815376630012747
365,0.002640366631119062,0.2912413948435408,0.703869489983932,0.0008165821165283958,0.0014321664248797097
366,0.0024357887004487107,0.44132269264059837,0.5518252369052874,0.0003908878938622893,0.004025393859803316
367,0.23637678895673087,0.44787193918931306,0.12443626401990901,0.007266721217046318,0.18404828661700082
368,0.018084289642143123,0.2060160742488281,0.7713994669026923,0.0009761444868381673,0.003524024719498215
369,0.020507349075013018,0.35970918867345714,0.6166495043121625,0.000481723310125327,0.002652234629241954
370,0.0257954192554676,0.5492874571525634,0.4178264630954222,0.0015401727147986621,0.0055504877817482
371,0.004990624185449144,0.3938103958755572,0.597647446436264,0.0016311472995327212,0.0019203862031968236
372,0.006865109634144396,0.28017132799151967,0.7082260860655373,0.002393764822182886,0.0023437114866158427
373,0.001363028449626162,0.09752770474278105,0.8997957365037085,0.00018614603020955,0.001127384273674705
374,0.0002602430363145996,0.0522034560715128,0.9468049689799412,0.00011850799438766876,0.0006128239178436803
375,0.0004077216368238445,0.04962672642660024,0.9491970715604315,0.000147649632306083,0.0006208307438382901
376,0.0010468562908302838,0.07506133711340086,0.9217635321907851,0.0014623871093955541,0.0006658872955882526
