epoch,N1,N2,N3,R,W
0,0.002612930070753825,0.0016903899996981095,2.9670030154293632e-05,0.00037625611818341314,0.9952907537812103
1,0.0042483680664260025,0.001213678656919575,2.0469528924450286e-05,0.0002517972582644186,0.9942656864894656
2,0.0036241762181374554,0.0018689135597782052,2.7364807492201893e-05,8.030693321897965e-05,0.9943992384813731
3,0.0054117856005747944,0.003089997181539296,0.00015874456868965239,0.00010211361577516368,0.991237359033421
4,0.029892824581286254,0.0074399862598808235,8.133169400491843e-05,0.0004627300225978301,0.9621231274422302
5,0.0014105032140871122,0.0015544593924756494,0.00033301251522654154,1.044389294638314e-05,0.9966915809852643
6,0.011748069456720507,0.003443215645843872,2.8176540852918833e-05,0.00041381810635416754,0.9843667202502284
7,0.08844560518165862,0.04233688311239537,0.00031443996676457493,0.00455815045913534,0.864344921280046
8,0.0017327774556304089,0.0018844044276744114,0.0009990536935631763,5.728537449911895e-05,0.9953264790486328
9,0.004381099054683125,0.0057837243846438485,0.00012211151613670835,0.0004745162866270156,0.9892385487579093
10,0.15799806016947282,0.077310179609856,0.001683104464489717,0.013917921677858273,0.7490907340783233
11,0.001412928864366464,0.0007822439921667904,0.0012827374383911317,5.983903531844135e-05,0.9964622506697572
12,0.0008258244180591139,0.0006216131973765073,1.0936777565023023e-05,0.00029215940897241453,0.998249466198027
13,0.07008924265169363,0.026150227336174548,0.0003482978442053294,0.003878465516042965,0.8995337666518836
14,0.004199786913170399,0.0019527168726971094,0.00012213790570242351,6.428054194824988e-05,0.9936610777664818
15,0.0003766180826363521,0.0005060213502850775,0.00011709523391210079,2.0723538378091286e-05,0.9989795417947883
16,0.005705671452734949,0.0014018322457953233,2.1122814764636867e-05,0.0006065985339331572,0.992264774952772
17,0.0006522019964491489,0.00042514700406721126,8.779813958519648e-05,4.908900132322597e-05,0.9987857638585751
18,0.0002040190426249782,0.00030832392790028086,0.0004259717652475302,5.172678321580522e-05,0.9990099584810115
19,0.0006153462409456184,0.00027065461362780786,7.55770683540778e-05,0.00010359729928655735,0.9989348247777861
20,0.001023089433721616,0.000315345290759919,9.851662628866816e-05,1.5183168023362337e-05,0.9985478654812064
21,0.002853760981985537,0.0008703862518997256,1.5855973457089836e-05,2.6740931034095504e-05,0.9962332558616236
22,0.040550485017672215,0.011880426637194116,4.133386051294325e-05,0.0001678976799395708,0.947359856804681
23,0.017947092154303772,0.004143348508674798,0.00022466431842789063,1.715576672616683e-05,0.9776677392518675
24,0.09143039912422075,0.03145463353152198,0.00014806542377698338,0.0026437390156239847,0.8743231629048562
25,0.27094552546409634,0.4788835284227679,0.0010529268065982463,0.03843960596401493,0.21067841334252277
26,0.007154020069325351,0.012583109904685953,0.0008766994387408006,0.00021375601532004716,0.9791724145719278
27,0.015792137275737528,0.009408998086255227,0.00020569049258577308,0.0004234502983720808,0.9741697238470495
28,0.17191353155422515,0.5402363108067663,0.0024198476565189695,0.021940561798781746,0.26348974818370785
29,0.012418414664243304,0.027388137514440167,0.0016222400523869724,0.00010211800212943464,0.9584690897668001
30,0.06454074033031729,0.019453237723539792,0.0003400793263438575,0.000603390509598892,0.9150625521102002
31,0.1048863506586385,0.7585182092811262,0.005177299795592728,0.03806256422626261,0.09335557603838007
32,0.007702502409774445,0.00815375994008244,0.0031156965237482607,7.294339010778616e-05,0.980955097736287
33,0.08246217111295585,0.014186412711322894,0.0005353870705031271,0.0005793452328175858,0.9022366838724004
34,0.08062160520335293,0.05765534854833793,0.0006555056166516806,0.022854486065920096,0.8382130545657374
35,0.4803630581122178,0.1254226100885496,0.00032562498466272966,0.021341027025623963,0.3725476797889459
36,0.012219030899031525,0.01106232340573754,3.651078077806262e-05,0.0011495659505247316,0.9755325689639281
37,0.1866735222841145,0.3278444949240042,0.001368513363125556,0.1235491857460428,0.3605642836827129
38,0.16253985789047937,0.4630172513509583,0.001226145571718201,0.18202695832381552,0.19118978686302868
39,0.09229814199702076,0.11776985330838992,0.0006069465141149767,0.02946053321930378,0.7598645249611705
40,0.1264553502476892,0.14206150121696262,0.0009674966807771917,0.0585526143204174,0.6719630375341535
41,0.07530402662318775,0.6407738219961303,0.0017982039200898489,0.1811889786559718,0.10093496880462027
42,0.04625248814052518,0.29095126996371096,0.0009730209172322783,0.026775276475946384,0.6350479445025852
43,0.02442274800541047,0.0351549234296585,0.0006243158430786993,0.027003600486724122,0.9127944122351281
44,0.056931510962612744,0.4485661816522339,0.0019303583169762854,0.2540757739648782,0.2384961751032989
45,0.0435345770013103,0.7372847382956338,0.004070556160652907,0.09156435072486695,0.12354577781753581
46,0.013386543858516318,0.029862860506046522,0.0008817301240225798,0.006350652885586733,0.9495182126258279
47,0.07981251742707482,0.28369938539051276,0.003440742131671858,0.26643427032499106,0.36661308472574944
48,0.08208445502141265,0.4336838208368211,0.007890541812574597,0.31258998309112934,0.1637511992380623
49,0.05644569991527328,0.3228618373288594,0.007214061053385133,0.15398084232707168,0.45949755937541054
50,0.08099057179164984,0.06073075934170416,0.006797376540996843,0.04864452132135726,0.8028367710042918
51,0.03199116992209606,0.5769330081313252,0.10367187883445313,0.16847072918079875,0.11893321393132687
52,0.07877606100899709,0.4342364101139901,0.026495418166716946,0.21733106775804145,0.24316104295225438
53,0.026010847020380225,0.025506952934177332,0.027787930811414143,0.02242935296540218,0.8982649162686261
54,0.04610983648694287,0.3371077142278474,0.0565500371550514,0.38311130047259073,0.17712111165756766
55,0.10029528726498453,0.2899550122957171,0.05142542148106192,0.4140341953032078,0.1442900836550288
56,0.0511190116379385,0.06412930498224047,0.06384736183329567,0.10148469381879827,0.7194196277277272
57,0.04871074664152811,0.15474206693188763,0.0529283053000542,0.17110188590544786,0.5725169952210822
58,0.058840241209908495,0.4132425736885765,0.03493045744906209,0.2853182330344586,0.20766849461799428
59,0.058090954100831094,0.173196743047885,0.016190302457490424,0.018489585786760618,0.734032414607033
60,0.017508279419432945,0.019763255214518653,0.0022026016516147654,0.003657290320941874,0.9568685733934919
61,0.08539161873516064,0.34067039811485683,0.006727818034450156,0.13880244070881753,0.4284077244067149
62,0.07852702012322323,0.12307186019657357,0.001997904596699761,0.10207435704958433,0.6943288580339191
63,0.02075807632396173,0.014870258378530465,0.0007408997956913875,0.013019691159914333,0.950611074341902
64,0.031342071137308115,0.008303838188223197,5.551404037395646e-05,0.01665673310956808,0.9436418435245266
65,0.022773329418197524,0.00575310906368778,0.00010687668948564247,0.0023278642251879254,0.969038820603441
66,0.08632331045032295,0.0146502106178178,0.00019413918276299733,0.0010088877603483583,0.8978234519887478
67,0.008662266946690748,0.003358335636002501,4.5847761073258506e-06,0.0013058160791778416,0.9866689965620216
68,0.08921118441032475,0.03155181513679926,0.00010199236805483166,0.01674598508473054,0.8623890230000906
69,0.06003017511166564,0.01452429792758133,8.07229586121573e-05,0.008073361946552025,0.9172914420555889
70,0.0025323656090763336,0.00264251476387567,1.3864135824182616e-05,0.0011561371678649993,0.9936551183233588
71,0.12776457920237877,0.21922186665491739,0.0006687268712367751,0.2711271941533469,0.3812176331181201
72,0.06280680125686719,0.05938095322092009,0.0005531791429008151,0.03636244825573009,0.8408966181235817
73,0.05248659085136514,0.28818243579248953,0.0002713744112993463,0.08950933944402338,0.5695502595008225
74,0.13223331671441488,0.5008671701746319,0.01127797168351203,0.1937011796869179,0.16192036174052324
75,0.17453116351889997,0.13924862447201355,0.007111207402427634,0.13708589255832895,0.5420231120483299
76,0.13117028091896915,0.2628457768499992,0.010566656403452,0.14807697323290045,0.44734031259467905
77,0.32468404150957425,0.23872588211381107,0.010568681396610873,0.19816787670243144,0.2278535182775723
78,0.01990601644261495,0.043981378615262315,0.002791623285646169,0.012558295117990483,0.920762686538486
79,0.0027324129045046253,0.005897783030455136,0.0011916861884586493,0.00020796380874093455,0.9899701540678407
80,0.003024626833045299,0.002719653698280726,0.0005198739121996161,3.830227916545471e-05,0.9936975432773089
81,0.008642410880082137,0.0017870444828366513,5.455196133898386e-05,0.00025564445993914387,0.9892603482158031
82,0.04287542885393245,0.002361865443695091,1.6911076069996898e-05,0.0002906298931652511,0.9544551647331372
83,0.0581807600481783,0.016446740337773432,0.0001568067318413703,0.00040928852588309825,0.9248064043563238
84,0.06556052647909998,0.019219934422315604,0.00011624094502245055,0.00040561475744336215,0.9146976833961186
85,0.03911752927305348,0.021023133236130333,8.685403100799244e-05,0.00047956310126427704,0.9392929203585438
86,0.3124939619049079,0.05684277759911559,0.00010501486465554942,0.0033198302355662225,0.6272384153957546
87,0.32357654591335094,0.10555406550272857,0.0001432141053189996,0.068790467651053,0.5019357068275485
88,0.1539556292354431,0.16602596051952853,0.0003925648427013343,0.10876638519283682,0.5708594602094903
89,0.039963160766864854,0.08790833792635623,0.0010486738107635628,0.021817772287763146,0.8492620552082522
90,0.05283129878017368,0.13349582223192136,0.002504947968894238,0.05285341105166493,0.7583145199673458
91,0.03815541694797922,0.16639709616544726,0.004950289625413279,0.08767642736050442,0.7028207699006558
92,0.008900340024875377,0.014633620466433253,0.0017992274912082336,0.0006716802605194191,0.9739951317569637
93,0.022538084451890903,0.05702068126974521,0.0021485243904918777,0.004938479312946203,0.9133542305749258
94,0.01803348200752802,0.05215671469579378,0.001743712950118777,0.015564845570596893,0.9125012447759626
95,0.0012894108716199689,0.0020288240266648208,0.0004816755309734245,8.865356131211856e-05,0.9961114360094296
96,0.0007112753398417258,0.0010552939264413458,0.00019704504312014257,8.156622256978599e-05,0.997954819468027
97,0.0051363189508389934,0.00040477560321946056,0.0001355347704740282,0.00040376268949236614,0.9939196079859752
98,0.00547724706636637,0.0020614927460290964,1.1669378245164832e-05,0.00012712785922529125,0.992322462950134
99,0.0024192672652324906,0.001624478169703283,6.806589204251728e-06,0.00012004866183809142,0.9958293993140219
100,0.035481643194747496,0.006926592868699615,6.652222309108071e-05,0.0014707457275592545,0.9560544959859025
101,0.01951803312097135,0.021862840852201807,0.00017308132794780471,0.0010770713055365398,0.9573689733933426
102,0.008580605450193492,0.020929768016171992,0.00013031683313457191,0.0008246024092523976,0.9695347072912475
103,0.015330364730425197,0.023391749810457847,6.531319056988958e-05,0.003803808266337092,0.9574087640022101
104,0.04009425069215692,0.1310959901640915,0.00028938617351544093,0.011168989354458586,0.8173513836157776
105,0.010265567976145517,0.020108442408274762,0.00012412252344657653,0.0008784858917245063,0.9686233812004087
106,0.026232172488638496,0.028971756078207365,0.0002006242713528436,0.008796156801609807,0.9357992903601915
107,0.05441407473331493,0.08830798908552183,0.00042326726481529183,0.022904670923217046,0.833949997993131
108,0.00738255778167586,0.014073444327304072,0.00024294633843881022,0.0003276765330653433,0.977973375019516
109,0.002902352786607565,0.0035491981837199402,3.943848795303734e-05,9.767300420727426e-05,0.9934113375375122
110,0.0335201963985724,0.014560100230758462,6.870170746637669e-05,0.0012287161857666821,0.9506222854774361
111,0.017006774707010296,0.010441304190376444,5.636856109130266e-05,0.0004416109807303964,0.9720539415607916
112,0.019017256149366495,0.016370016370084672,0.00018256068019686516,0.0003040187406437427,0.9641261480597082
113,0.02824961761201163,0.058560441025473815,0.0003491875881457378,0.011278048624094188,0.9015627051502746
114,0.0329239393545012,0.2804504598547318,0.0010103616774386865,0.002134059880257688,0.6834811792330706
115,0.0033493613802640576,0.015771539131929167,0.004376707736066435,0.00012014278844806311,0.9763822489632923
116,0.04116790927278262,0.02601535192354476,0.004069433604647951,0.004597939202677942,0.9241493659963467
117,0.06272318186291488,0.13841256331090854,0.0026590954428328786,0.006132686048615219,0.7900724733347284
118,0.011419815758938714,0.04526513072730171,0.001934066570138694,0.00013028365748703986,0.9412507032861339
119,0.010697455415718583,0.02344337618213856,0.0022455825369410536,0.00017326348458899672,0.9634403223806128
120,0.34240430629369645,0.2174689617047144,0.0019204140260987328,0.11791909853882859,0.32028721943666183
121,0.0070356535256794845,0.01593974306989131,0.0006265535994730945,0.0008472917552988249,0.9755507580496573
122,0.005199345193880123,0.005807570508346281,0.0011157387549900275,0.0003642111885219868,0.9875131343542616
123,0.003713201214018845,0.004784173180187466,7.161561288792497e-05,0.0013961398712546817,0.9900348701216511
124,0.01257664828177399,0.009371961891876782,9.709535242753703e-05,0.0036737026341827077,0.9742805918397389
125,0.03217557574575369,0.03338474625886272,0.0008610416459965166,0.0014859116419516005,0.9320927247074355
126,0.0089251980446276,0.003909725269097559,3.354220168695869e-05,0.0024098448481866134,0.9847216896364014
127,0.008851147819727356,0.007131152744452117,7.252401117823892e-05,0.003206481282073636,0.9807386941425686
128,0.021491555715694177,0.026268211988341738,0.0019399403383201762,0.002682043019033317,0.9476182489386106
129,0.007610536815313733,0.0029998029946369177,2.692080908743092e-05,0.0035369366687577676,0.9858258027122041
130,0.09633332714912464,0.06616490512149512,0.000670809970348873,0.0818560808475963,0.7549748769114352
131,0.05341918074135573,0.07463813771917871,0.0008841092200990826,0.03179564213603311,0.8392629301833334
132,0.008099635554543815,0.01820820150016808,6.497250796446498e-05,0.07894306296246448,0.8946841274748591
133,0.1384626306977184,0.29318642055474303,0.002293881178140314,0.18204244979533193,0.38401461777406637
134,0.06646218691709418,0.13422175533571631,0.004352591907716444,0.05857302116085504,0.736390444678618
135,0.043917091181924925,0.030304973201735398,0.0009094436569959284,0.004541940428121058,0.9203265515312227
136,0.20553435619589305,0.0840649481435789,0.0010118628924544685,0.02816169028955444,0.6812271424785191
137,0.3547585361838023,0.48600975354878195,0.0007352146658481813,0.04072003503227291,0.11777646056929467
138,0.04127713657619905,0.06456419807499668,0.0014291546018921633,0.0037075596498148972,0.8890219510970971
139,0.12513319360687633,0.1812827228066753,0.0009373462632410797,0.0775623345037914,0.6150844028194158
140,0.21280583576331233,0.39293617374639134,0.0015330816459171307,0.22289350231461819,0.16983140652976084
141,0.12025783076723566,0.27843618506240375,0.0020033002027169686,0.04646984526927767,0.552832838698366
142,0.05921282336281656,0.020108562355076985,0.0005614351385814196,0.05975970688080661,0.8603574722627183
143,0.1504197150185867,0.10346861234843463,0.00042464922865467135,0.18486529826240247,0.5608217251419216
144,0.11599221037160698,0.145244801824386,0.002173208576970351,0.018522702835829994,0.7180670763912066
145,0.02248728957655796,0.015860805875947567,0.00012371352928165674,0.0022969294609106127,0.9592312615573021
146,0.23300328308746154,0.0711961918362202,0.0019754554638604705,0.06739204883430241,0.6264330207781554
147,0.29571366206250527,0.3288987037378507,0.006226173896008285,0.0782089409729595,0.2909525193306763
148,0.10042021139863554,0.037745762663742015,0.001604433104852338,0.01618617963452184,0.8440434131982484
149,0.11669510010656804,0.045587847544915044,0.00038123638163347533,0.17690551215440276,0.6604303038124806
150,0.12884947950999706,0.23812321923830782,0.0014549920859068311,0.5007099590618727,0.1308623501039156
151,0.053495402734262405,0.036649391711216284,0.0010337002649820155,0.04019223812370349,0.8686292671658358
152,0.04920527084403014,0.09643115065708285,0.001526370130634318,0.11415717730233538,0.7386800310659174
153,0.06907219762532464,0.5864619537910779,0.005886189305380196,0.10275719128017784,0.23582246799803944
154,0.023380808158639122,0.1097912616666778,0.0014796924832690408,0.011941796301432031,0.853406441389982
155,0.004445452817223038,0.015355180326017147,0.0007765730631003098,0.0013186566951704426,0.9781041370984891
156,0.0011655878223940663,0.0027258812288528072,0.000538979822023738,0.0007432499774863687,0.9948263011492431
157,0.0006428401719741776,0.0035232699309490135,0.0008906773319053867,0.0025991323256623435,0.9923440802395092
158,0.000937002158237605,0.002496369511211766,0.00021655500623859084,0.0007192852011789967,0.9956307881231331
159,0.0015460399359690767,0.002282361028788768,9.810001963701093e-05,0.00021583972229047562,0.9958576592933147
160,0.004074080324434626,0.0018144637043149426,0.0001076796838434251,0.00040034155479906695,0.993603434732608
161,0.0006011026267270812,0.001147375762162202,9.592244347530637e-05,0.0005567206905240096,0.9975988784771114
162,0.0013699328035739675,0.0019413660931774125,0.0001008422937279307,0.0009284530710094409,0.9956594057385112
163,0.012352836747781334,0.0073860423933729425,0.000510804346781133,0.0007393422324099974,0.9790109742796547
164,0.007031366186755848,0.005564945179736467,9.793111869523952e-05,0.0003970090025068987,0.9869087485123055
165,0.013503888577411735,0.0114884378529803,5.860807007985091e-05,0.0028376483945032074,0.9721114171050249
166,0.01740638636771169,0.02002923151248193,3.5354534297160078e-06,0.012756613893632538,0.9498042327727441
167,0.009643352997577032,0.0042679294446098396,3.478516536933328e-08,0.005205591365356952,0.9808830914072908
168,0.02750583417189691,0.006262997931171545,8.472417170330936e-08,0.018340121940028487,0.9478909612327314
169,0.12475768289363015,0.023490349508745775,5.3626699268411144e-05,0.07237516983142393,0.7793231710669317
170,0.01911593149087403,0.005941827962324058,4.6788893465560624e-05,0.017267268780928515,0.9576281828724079
171,0.07721154082840749,0.010923437974364366,9.843506139743077e-05,0.046605000621704765,0.865161585514126
172,0.18211478447372093,0.04597369331998447,0.00020372956882548328,0.1960824200925024,0.5756253725449667
173,0.023265657812581806,0.00782695423337043,8.619614513069937e-05,0.0070424852890287135,0.9617787065198883
174,0.21973598839291225,0.11388467179753738,0.0007554989678889195,0.0660668295757023,0.5995570112659591
175,0.13421358644561007,0.44282805714361684,0.002165309994093308,0.1730032752356802,0.24778977118099943
176,0.008497441936739382,0.016774732822883998,0.008897828593884027,0.0017080084046956357,0.9641219882417968
177,0.013276135436047115,0.007950851495899799,0.00040345189473230255,0.001579122567251189,0.9767904386060695
178,0.18065531554377304,0.12929697314282915,0.0010352623755188247,0.027818715850531424,0.6611937330873474
179,0.026570704969314983,0.012724607865476316,0.00020440859147282474,0.0009299470089033941,0.9595703315648324
180,0.00664161943076501,0.00836023256825368,0.00014885414899960356,0.0009001039184879462,0.9839491899334938
181,0.11080967022170966,0.12422161319037155,0.0008479995915650096,0.02182522327206459,0.7422954937242892
182,0.13154506133218694,0.2911208736726609,0.0013284908635538585,0.02735257457903585,0.5486529995525624
183,0.011026472607219888,0.023034989354728225,0.0006300333600523912,0.004434661165395299,0.9608738435126043
184,0.003985436887426022,0.016280563999693156,0.00217827305989538,0.0010054127972958218,0.9765503132556898
185,0.004022079745313752,0.006419316175633529,7.191325356838325e-05,0.002235308312365803,0.9872513825131185
186,0.044662273649780565,0.008152069076291728,0.00018710267909143432,0.001073273024382891,0.9459252815704534
187,0.1680318209982098,0.03636955109603703,0.0006947675474792508,0.008831109737747029,0.786072750620527
188,0.15013321679666033,0.058503919526037514,0.0008239709000786525,0.04347705025703237,0.7470618425201911
189,0.19018337208103617,0.065055446814219,0.00047056491701189435,0.025839416280743967,0.718451199906989
190,0.06404265792969584,0.6188713118884872,0.0017891563166590472,0.012709694202984028,0.3025871796621738
191,0.12125339019403866,0.43406914430878657,0.003247328303626392,0.019064409800710475,0.42236572739283784
192,0.13588678018753864,0.5299947902272275,0.0018940101419615044,0.026251670470735275,0.3059727489725369
193,0.10580062591689121,0.327871013932795,0.006858896975255276,0.034530947629954054,0.5249385155451044
194,0.24426827407147136,0.12732058822043585,0.002025403440074026,0.05634152954433294,0.5700442047236858
195,0.06684449949304279,0.6358982917466814,0.008548178589771149,0.2605533469998133,0.028155683170691264
196,0.05887231524885066,0.4580089651339574,0.013226256924806088,0.4515746536499514,0.01831780904243459
197,0.09586265674974416,0.14066394903895696,0.005024533683666942,0.4987148028960652,0.2597340576315668
198,0.03204884963669044,0.38263454177690603,0.010383244336390783,0.5452041390118124,0.029729225238200326
199,0.08064578988981448,0.14420647950025992,0.01404364923581749,0.6215205409163196,0.13958354045778845
200,0.04313314582125459,0.5197551754864005,0.03177610682106155,0.30967354830731314,0.09566202356397033
201,0.055987872711652314,0.33608476184138475,0.019525016563022215,0.30260906412166527,0.28579328476227533
202,0.08251812160523446,0.05347922606234958,0.01247150222468245,0.06669228278695806,0.7848388673207755
203,0.09155844776833712,0.10860852406952487,0.004433391913742586,0.3556717548523788,0.4397278813960166
204,0.051520976372156115,0.12212451329028544,0.011568200388092932,0.010977303775433413,0.8038090061740322
205,0.07975136030064198,0.059151024299787365,0.00215568258671465,0.09792499142806188,0.761016941384794
206,0.2028084057762866,0.32449057853275054,0.0017862631234347999,0.30769038753604006,0.16322436503148793
207,0.09939535990077074,0.07937337836297048,0.0012361227275891542,0.014283723640129031,0.8057114153685405
208,0.12771951993485703,0.08366905529513459,0.0008045020288263432,0.0530727642115567,0.7347341585296252
209,0.06930768872898045,0.09919120881977135,0.0010067428553912354,0.012180163948371023,0.818314195647486
210,0.04187998486669649,0.035783635372343574,0.0005296344988576018,0.0007930815158296405,0.9210136637462727
211,0.05295535620730474,0.04123023583425754,0.0018919849830946367,0.0005691400648878994,0.9033532829104552
212,0.40518374086790726,0.07532193146836014,0.00048140142630541795,0.008368496492685604,0.5106444297447416
213,0.098575421116587,0.45800337783532574,0.0008241409972504516,0.00814530642842074,0.43445175362241606
214,0.012897220899250236,0.029952057329817337,0.0006106859524004369,0.0030474124426465334,0.9534926233758854
215,0.004907908153706679,0.008519387962225655,0.0007806848155386978,0.0007504581175512582,0.9850415609509777
216,0.02276298433815618,0.017540613252793193,0.00036880716966823147,0.0031185334810144142,0.9562090617583681
217,0.02857307743925712,0.012016557227888467,0.0006253176121199283,0.0042338603853432225,0.9545511873353912
218,0.0028873854628760983,0.004356957165552271,0.0011722357228854522,0.0012133728877712564,0.9903700487609151
219,0.005403487643693439,0.0059514776188786,0.00018134378552289653,0.001871564470478884,0.9865921264814261
220,0.008880629883554921,0.00495779631582046,0.000903409991365156,0.0007595020995405317,0.984498661709719
221,0.011203243201767351,0.0022852424376234,3.67611956816784e-05,0.0009821831903162488,0.9854925699746113
222,0.0739477346406214,0.009376038330506455,0.0002710537290632466,0.0015262498054595098,0.9148789234943494
223,0.024740955322971346,0.009005455002984462,0.0001853684999928111,0.0008111112730096402,0.9652571099010416
224,0.009576081827660374,0.0059056192531242065,2.2796726679795405e-05,0.0034024230535964982,0.9810930791389391
225,0.013446676895410575,0.010253102400251733,2.2425060672234204e-05,0.003000854537909422,0.973276941105756
226,0.08731518734407376,0.012273061248432792,4.153052686389442e-05,0.05060750309630838,0.8497627177843211
227,0.011840159694621509,0.009131048849938726,5.325629664236417e-05,0.008564653435987828,0.9704108817228096
228,0.010498632396350994,0.012794440809468942,8.027619667960274e-05,0.02029203716491065,0.9563346134325897
229,0.0944059824358068,0.11887278230090507,0.0001720165374676706,0.04394853840799374,0.7426006803178267
230,0.09554146582167822,0.09340488016068757,0.0010938592740827497,0.022370924103367898,0.7875888706401836
231,0.021203335216158335,0.02310916442671053,0.00044497725987968726,0.0038415419582731006,0.9514009811389783
232,0.005915297622477659,0.02071067769321884,2.8196009135034694e-05,0.0009205997963975652,0.9724252288787708
233,0.16850489066387264,0.6961318476738516,0.001923823163146597,0.03422856321168674,0.09921087528744248
234,0.08911279551841167,0.0807434669773605,0.0011920829710518146,0.012877193901500847,0.8160744606316751
235,0.12519015110021742,0.36848213378623745,0.0011243399794117483,0.03807839368634386,0.4671249814477896
236,0.15014516783440918,0.7288722563095668,0.0010932585181383818,0.06124714608934566,0.05864217124854004
237,0.11282987630280966,0.1600563287449101,0.002363965481934669,0.037073390699177075,0.6876764387711685
238,0.07006099438600115,0.08750180574789795,0.0023338479484352756,0.030098457060428324,0.8100048948572373
239,0.1639619821933389,0.21948938139651283,0.00044218923786271315,0.2488367340384896,0.367269713133796
240,0.03237157896973233,0.034409431459907554,0.00044946015446766305,0.0141643811061404,0.9186051483097522
241,0.017457034551411316,0.01815384307476788,4.270306079839702e-05,0.11972102025519339,0.844625399057829
242,0.0777393972219849,0.04168523968385996,0.00014594708175434738,0.5403708606434346,0.34005855536896623
243,0.023390269508181495,0.039499813407635906,0.001125286188538536,0.07932777745633693,0.8566568534393072
244,0.012978710354803965,0.006985061798998545,3.981289526823653e-05,0.18971582975796009,0.7902805851929691
245,0.009294578974953754,0.009338144856453328,4.63604388484126e-05,0.04572725141839787,0.9355936643113467
246,0.016903114968133216,0.013487851011645556,0.000278682719668667,0.05689667907113162,0.912433672229421
247,0.015694739503390738,0.020412490186113918,0.0006378253284874788,0.04569030096259617,0.9175646440194116
248,0.012006453698415884,0.007157766789405705,8.324491463842972e-05,0.01008556646622528,0.9706669681313146
249,0.042978225326462796,0.0058869484787843615,9.975491249756298e-05,0.008448786225432466,0.9425862850568228
250,0.07365795680091335,0.0161259879594864,0.00012097738466028995,0.034417659207994805,0.8756774186469453
251,0.018969324602798855,0.006818268518620882,4.917936727156424e-05,0.026966472227435118,0.9471967552838735
252,0.018565286522662778,0.01124798020596738,3.1433616661522575e-05,0.028389501268501538,0.9417657983862067
253,0.05811933287088979,0.06242579509029152,0.010755340222212488,0.024400058303604723,0.8442994735130015
254,0.024203997530687596,0.011860440476953046,8.061385932276999e-05,0.04237912044584317,0.9214758276871935
255,0.07866626613262631,0.06640617912215913,0.0007914686906277367,0.09530954476810917,0.7588265412864776
256,0.0894192379389159,0.044720651811854736,0.017686587146475308,0.1918476017655575,0.6563259213371965
257,0.14607957938490848,0.028331715420922523,0.006575113879754677,0.031144646307150116,0.7878689450072641
258,0.004050386772358883,0.003065353685471284,2.7375251940082323e-05,0.0021557529668146573,0.990701131323415
259,0.13050394315820232,0.038323356904161075,0.003770568500412413,0.11312667092994123,0.714275460507283
260,0.019014304093662473,0.030610121922863144,0.00028114153692651887,0.036899503205933076,0.9131949292406148
261,0.05565883411009163,0.033985467196608804,0.0004352685346336829,0.09693311764550612,0.8129873125131597
262,0.19071047024762192,0.05003197217889664,0.0009334055520619885,0.3047479464212139,0.4535762056002056
263,0.14519419991105514,0.022394340191312305,0.0007640729115714592,0.0353650631536106,0.7962823238324505
264,0.41081722174617474,0.07669187259224775,0.0006003860609574899,0.16716736300179397,0.34472315659882613
265,0.6327913521587946,0.07386994887421061,0.0008647310123993263,0.18094853808689068,0.11152542986770489
266,0.042411612521416085,0.008782496368044906,0.0001587527684479386,0.010979750256646291,0.9376673880854448
267,0.030449165251423424,0.01138642118169533,0.00023264684271614115,0.0049563265601579145,0.9529754401640073
268,0.005042977910016603,0.015342832760061457,0.002535049587510903,0.00527841163025217,0.971800728112159
269,0.011523864714013468,0.003485599612650557,0.00012008530424778366,0.0007315536640268528,0.9841388967050614
270,0.0034314977712316635,0.0016926550800453934,0.00010852280737740011,0.0001487113033602159,0.9946186130379854
271,0.014005432253041144,0.0024614868076228633,4.910201340905584e-05,0.0001565880675260036,0.9833273908584009
272,0.0060521187645181124,0.0077877847240766076,0.0006946733880816457,0.000230841122689532,0.9852345820006341
273,0.0051970882254276755,0.0024480827464753254,7.744994218175759e-05,0.00021533844475791827,0.9920620406411573
274,0.04516697272431622,0.013297864584759074,0.0002501375157806134,0.0006232155521787804,0.9406618096229653
275,0.004586475215857151,0.0033046734942299358,8.619905518732068e-06,0.0006051013292392281,0.9914951300551549
276,0.016046165140605386,0.028179396581399074,0.0002523356846885947,0.014498278973668599,0.9410238236196384
277,0.007685893109648133,0.018290113301549123,8.364505827216443e-05,0.02412241694254458,0.949817931587986
278,0.037943949246091214,0.023126864819805467,0.000329408296535646,0.00798339346043013,0.9306163841771375
279,0.03585108951894896,0.029090706778017814,0.0026354567034634797,0.03146101405365564,0.900961732945914
280,0.011340403625202203,0.011266821211697982,0.00018126625594209024,0.024838679826762744,0.952372829080395
281,0.018766453073308896,0.017945402134278726,0.0008053978281438993,0.04537323338014207,0.9171095135841264
282,0.05719291625064705,0.07425941439994946,0.007716267474919413,0.10881109343110353,0.7520203084433805
283,0.017823485225731177,0.03333726942023119,0.0005663006220629629,0.044062822149934566,0.90421012258204
284,0.015155400346986704,0.00969209307613772,0.00022806592876348133,0.057175950807385995,0.9177484898407262
285,0.03659574344328534,0.03959890157171858,0.0006707570231704226,0.0607229546058855,0.8624116433559401
286,0.020481984601425238,0.014184452322126517,0.00048815416330268954,0.10909037323316151,0.855755035679984
287,0.02637906150859653,0.11664403758643427,0.023423363419539194,0.09842936713082348,0.7351241703546065
288,0.04400762033795807,0.03247753388201515,0.0005729190983615735,0.06307016359428025,0.8598717630873849
289,0.04103477731197168,0.02005239292736576,0.000413734993632455,0.00972730715685747,0.9287717876101726
290,0.014265562280874488,0.007267423235217428,7.723260536866422e-05,0.002833586277357836,0.9755561956011817
291,0.007807968167800661,0.015232263507540781,0.0005660714660017831,0.002365510605923581,0.9740281862527331
292,0.010022692268788198,0.005587224763096134,0.00022805969631038974,0.00087936917161154,0.9832826541001938
293,0.00539487349245889,0.004135847920342956,0.003002705516903893,0.0005103438976913673,0.9869562291726028
294,0.03947863989627613,0.011506549302931194,5.446433055160186e-05,0.0008534447692180823,0.9481069017010231
295,0.01853028180878823,0.004611772374399029,6.0000350006821216e-05,0.0008563522635301632,0.9759415932032757
296,0.09361404018491579,0.027050565505960137,0.00010475345490963513,0.0018024264576880088,0.8774282143965265
297,0.0877797228717659,0.05895991093379418,7.687450162750459e-05,0.0038075022740753544,0.8493759894187372
298,0.02448618757604903,0.008861707891046944,1.1681321883223763e-05,0.0027885794219673406,0.9638518437890535
299,0.0364722112699231,0.02675669839258722,3.99402953866098e-05,0.008764804921407559,0.9279663451206955
300,0.1121289529897884,0.06003432087748259,0.0002612168120423742,0.01821463328467254,0.8093608760360143
301,0.02603220892442012,0.023397563403083927,0.00039544887568784923,0.004780455768765096,0.945394323028043
302,0.41219797747566583,0.13233618812114264,0.00015373107707544848,0.07530968120685785,0.3800024221192583
303,0.22385224738146658,0.14452735751825574,0.002011242154243365,0.037810147465467056,0.5917990054805673
304,0.02619619305839133,0.0415764479101326,0.0009839628551460017,0.003667111647118386,0.9275762845292116
305,0.08851671350356098,0.04910687880937379,4.597650902316809e-05,0.028160476147912433,0.8341699550301296
306,0.05065268021818779,0.017456077692223168,0.00011648407680152772,0.00993317028878494,0.9218415877240025
307,0.06361866482437623,0.03594780418392213,0.0014423517920555903,0.003377806548504996,0.895613372651141
308,0.32540110896808777,0.47203109802074156,0.0005369510930199587,0.12431895841260705,0.07771188350554387
309,0.35749910405641605,0.2663016482540723,0.0006504433428154049,0.139217969597382,0.23633083474931435
310,0.0641177895312774,0.08972812533158002,0.0015611259169190247,0.0073784987416834185,0.8372144604785401
311,0.044871170288260896,0.0797275335616536,0.0010500375969774856,0.011467370792106683,0.8628838877610014
312,0.14328742524190577,0.0934077212638361,0.000532297255633253,0.013501965562430898,0.7492705906761941
313,0.3062822424158978,0.06147785406118881,0.0005035555644228424,0.023438504967467397,0.6082978429910232
314,0.18187842101145868,0.5207591585352718,0.0018927763877461933,0.1785887386934226,0.11688090537210075
315,0.1253889110520008,0.2361391320708699,0.006262800363335082,0.04194185812073734,0.5902672983930568
316,0.21695050910274677,0.318975179858493,0.0017308710569559674,0.31321726068950484,0.1491261792922995
317,0.04074099688870633,0.5568328044163535,0.004670257959908359,0.3877222782639189,0.010033662471112882
318,0.03801590258802938,0.267758668656751,0.007915047894485442,0.012985273915302947,0.6733251069454311
319,0.08088082484112838,0.15599702331557935,0.0035351484075939075,0.08916168690420667,0.6704253165314917
320,0.14457001464620944,0.28423506507761775,0.002394651282057238,0.07292476786451534,0.49587550112960027
321,0.04831494118865334,0.0304842985151859,0.012874134330558016,0.0010857056218729776,0.9072409203437298
322,0.26078221058610285,0.039179314361179884,0.0011506572179104545,0.002755022985361698,0.6961327948494451
323,0.31321962809889575,0.16251162338264682,0.0007725614647183108,0.007456835183241122,0.516039351870498
324,0.02887449264310213,0.016830366583820866,0.0010968144052267675,0.0012401404228411853,0.951958185945009
325,0.023391129007379656,0.019524957476387942,0.00016376400686027672,0.005291836552399298,0.9516283129569727
326,0.12312588052156606,0.1785833385468913,0.0021583199522288545,0.04046029311949548,0.6556721678598183
327,0.0018174793011263798,0.005425502697383813,0.005489556418895285,0.0007447266698742668,0.9865227349127201
328,0.0008049199471098933,0.0024570088221936128,0.00028515795541257064,0.00039610069615490074,0.9960568125791289
329,0.0017247404336549258,0.0015853371013303883,0.00022152346048085917,0.002274873805706028,0.9941935251988279
330,0.0017864026495853411,0.0005733536686241721,1.8273627174267428e-05,0.0007345296778543426,0.9968874403767618
331,0.0013360706838839562,0.00032089465368883376,4.9629288125199835e-05,0.0013730044154269035,0.996920400958875
332,0.0017713606196375765,0.0007572496824862379,0.0010400755481405298,0.002522439798634336,0.9939088743511013
333,0.000411735989916645,0.0002982017832250944,0.0003174820212966414,0.00034643024339003664,0.9986261499621716
334,0.0001969362687232718,0.00011605103619569664,8.454286756180384e-05,0.00017503462957540588,0.9994274351979439
335,0.0007763793392035644,0.00017379904738785065,1.0756946341918006e-05,0.0002653123233214201,0.9987737523437452
336,0.0012427009110611658,0.0003956931743665525,5.232509659352629e-05,0.0003436923686033511,0.9979655884493754
337,0.0029164632336972736,0.0004373394565162625,5.592826014958567e-06,0.00037768411083497,0.9962629203729364
338,0.0005059405522306488,0.000221133564559337,4.1698908482790935e-06,0.000189468448622064,0.9990792875437395
339,0.0018691563938460817,0.0009531533369106338,2.9980404480492117e-05,0.0009246950046763499,0.9962230148600866
340,0.0008135665977238108,0.0015227827029403796,0.00040222728070748217,0.0006387560656403915,0.996622667352988
341,0.007689151827038151,0.006154298289724456,0.00022563647627060805,0.00486880050650796,0.9810621129004589
342,0.00399573302231849,0.004846233142136759,0.00037403041017888226,0.0012220507059446642,0.9895619527194212
343,0.023182342523095437,0.004463661312538859,0.0002455968815482301,0.003813719589117516,0.9682946796936999
344,0.037309303944755026,0.010307602171706287,0.0002833050667838363,0.0069649091135894825,0.9451348797031655
345,0.039011885380810706,0.00550025781392056,0.0010522885968960547,0.0023008861622864627,0.9521346820460863
346,0.11962688453626077,0.018078430608671325,4.419871807266193e-05,0.0293037213211775,0.8329467648158176
347,0.06742191081791497,0.019766338611966774,5.0179737928808575e-05,0.010482711250495273,0.9022788595816941
348,0.07146756450932316,0.013967277413532365,0.0002755537228051227,0.00832980524074288,0.9059597991135965
349,0.038335003598643405,0.02405521010390758,0.00013826534435229263,0.048721958226269534,0.8887495627268271
350,0.09748255102484527,0.07025271171023063,0.0004886691107412418,0.031799090579416975,0.7999769775747659
351,0.008517604171796792,0.005904386856282348,7.413095120352061e-05,0.017468042653458703,0.9680358353672587
352,0.034855558738676476,0.025134018162032448,0.0006224046053747474,0.024846886623869736,0.9145411318700466
353,0.008277872902911591,0.004456793553555431,0.00012012652724539529,0.009076337005622853,0.9780688700106648
354,0.008283243265601934,0.004284014758028017,9.554406406563258e-05,0.004005128076542929,0.9833320698357615
355,0.025336483742074613,0.026183339521335867,0.0009351930966020311,0.022700967529610237,0.9248440161103773
356,0.08156763441293598,0.09029011145340585,0.0018267273673097588,0.019151720620722793,0.8071638061456256
357,0.03960322629335095,0.07308831493095552,0.0002732166830292507,0.006308572842135325,0.8807266692505289
358,0.06800862774720169,0.05442897470281869,0.00011404604255012591,0.023242304004485508,0.854206047502944
359,8.650063364439684e-05,5.7664885087882795e-05,4.867400636712275e-07,0.00015959625178924017,0.9996957514894148
360,0.19343316057212986,0.23800836715616658,0.009865631355085811,0.09347546024592424,0.46521738067069346
361,0.024509105785823444,0.01248645125697601,6.668477762121377e-05,0.030071334618493154,0.9328664235610863
362,0.017180391976755496,0.033903923366302435,0.00034862249430753727,0.028179519375931824,0.9203875427867028
363,0.021081780316573526,0.04362523089322891,0.000572986349845709,0.01951055275022684,0.915209449690125
364,8.467888834976647e-05,6.223183598337096e-05,1.0493708169172324e-06,9.828721323726114e-05,0.9997537526916127
365,0.0013666769198429905,0.001535706688938603,1.253377750529318e-05,0.0006084112849186384,0.9964766713287945
366,0.044588040105558044,0.05777771260784958,0.006671989176158689,0.02234343944074573,0.8686188186696879
367,0.015313805678581809,0.04064687250791769,0.0017999574392262114,0.08130052040924222,0.8609388439650321
368,0.02219551321617682,0.03541425159619506,0.0005196470911471543,0.17215230191483316,0.7697182861816477
369,0.018464778496234895,0.016433661206216137,0.0008129294321329491,0.050762440547811205,0.9135261903176048
370,0.05600592904409247,0.00874623197326697,0.0015322373177042703,0.018833845339599184,0.9148817563253371
371,0.17070853295072191,0.0734477692249665,0.0013711160266607033,0.08819766073670555,0.6662749210609453
372,0.007754662544199852,0.006290116801732737,9.328150002815071e-05,0.01060100891340072,0.9752609302406384
373,0.03628733737664722,0.017451588479133816,0.0003985767547321197,0.05686775316619365,0.8889947442232932
374,0.06396043053610148,0.11236498072723837,0.0022033685927661823,0.042230513218273154,0.7792407069256208
