epoch,N1,N2,N3,R,W
0,0.0024891921920590717,0.0002314749383399494,2.139990866394771e-05,2.145420887303391e-05,0.997236478752064
1,0.010925981074930431,0.0007040998848185422,3.7055741636338052e-06,0.00011235942750051726,0.9882538540385869
2,0.006771070107305934,0.00028493419178433974,0.0016293237019151018,7.479634674496703e-05,0.9912398756522498
3,0.0007801154580690937,6.887170020424737e-05,2.873085956521807e-05,3.7829384317424184e-05,0.9990844525978441
4,0.0008444917620403138,8.780235178095029e-05,5.229527842309858e-06,4.8434420739168505e-05,0.9990140419375972
5,0.0062804480556839445,0.00015713949212748445,1.0831610300672148e-05,7.695916956895684e-05,0.9934746216723189
6,0.0011235836730916313,6.911586287476619e-05,5.938995807612119e-07,5.543138274044522e-05,0.9987512751817125
7,0.05120221320637326,0.0006528448309629128,1.785921538666802e-06,0.00024255893582699367,0.9479005971052982
8,0.32479182304076115,0.010293992844040407,1.4017400005925044e-05,0.002899088654717342,0.6620010780604753
9,0.1816904602751461,0.0035218174796548102,9.504061386984016e-06,0.0018962667804408918,0.8128819514033713
10,0.4959878847666738,0.01551328041298736,4.6213293867548425e-05,0.008766647715332565,0.4796859738111387
11,0.23475976788391456,0.1389733000167963,0.00016244283131457488,0.07093364217560162,0.555170847092373
12,0.07163776546104428,0.04731689426905532,0.00020209182215753097,0.00914164608051827,0.8717016023672245
13,0.2996630145935142,0.12786394718893188,0.0001173008950765693,0.272828366135593,0.29952737118688444
14,0.17183302046747737,0.18361814847503002,0.0001859953461442935,0.29550502121119937,0.348857814500149
15,0.055344686367260504,0.0804217441122368,0.0015518227746621513,0.08527311109780551,0.7774086356480351
16,0.11583181201920097,0.2455301065016744,0.00018560259376518856,0.304121158487471,0.3343313203978884
17,0.08483160790121146,0.4419686561924076,0.0015042639277492327,0.045383654728597664,0.4263118172500339
18,0.06782995517950578,0.38788750689541385,0.0006559203670867073,0.0391051236657047,0.504521493892289
19,0.060956972747267434,0.3762458919344844,0.027910261086841855,0.015419647309976291,0.5194672269214301
20,0.024063984093858244,0.41240056370485,0.00760587586007428,0.008327072862750058,0.5476025034784673
21,0.1537691647328482,0.11436269017711355,0.0010995631988961463,0.02466115598455066,0.7061074259065915
22,0.050141486059812196,0.4947438735547631,0.016126431500938284,0.0029339534368281097,0.4360542554476583
23,0.12621914606740015,0.7113207330801412,0.022083249431974577,0.004730362247582478,0.13564650917290152
24,0.09438119969924408,0.4000490929826461,0.013627998899139574,0.002983306719082562,0.4889584016998876
25,0.06892874912896972,0.337642785993901,0.004533294765059834,0.004561255162811785,0.5843339149492576
26,0.07802215142196275,0.4951614482080794,0.00854031963913811,0.0024097033475972028,0.4158663773832225
27,0.021460382232061457,0.07044892709382851,0.009733163874109907,0.0009489088870556211,0.8974086179129445
28,0.10435562206861705,0.17057572783528913,0.005183777912033434,0.001434485008819131,0.7184503871752413
29,0.03970422095658724,0.14978626076116833,0.008348558213188235,0.00043623054494819894,0.801724729524108
30,0.15380145387370317,0.1080563221046273,0.001474886655735078,0.0010452099595834948,0.735622127406351
31,0.35022740179893674,0.18339392993931447,0.0003106147620333107,0.0019731251867136177,0.46409492831300186
32,0.1540282418968396,0.46582589207224884,0.009961278428156277,0.0006891069987745681,0.3694954806039808
33,0.020291825341769796,0.8349457007437966,0.0670042853562247,0.00024203313683818692,0.07751615542137064
34,0.05953485579087444,0.7105598812266581,0.12556196411276152,0.0007035275632815624,0.10363977130642422
35,0.0067380524005324965,0.39714125290914265,0.5441717335170771,0.000203755581133825,0.05174520559211386
36,0.017379058110276884,0.4984410717123652,0.424898660440467,0.0008267824314201983,0.05845442730547064
37,0.00451259409436774,0.35072495020735256,0.6074671108053064,0.0002030589121904756,0.03709228598078305
38,0.0066653043492241925,0.4843108831401011,0.4648005740035043,0.000246053211775643,0.04397718529539476
39,0.003949248839411336,0.5669557651277638,0.4040725368359129,0.00019793458569509727,0.024824514611216923
40,0.008060427926338428,0.7506798221151467,0.15859255739225028,0.0003005711793528766,0.08236662138691166
41,0.00766346583711002,0.6741838492465002,0.2712893616541279,0.00039720645486979097,0.0464661168073919
42,0.008489426407796461,0.6398356951581922,0.16745348771743512,0.0010848196016947404,0.18313657111488146
43,0.10976450837291488,0.2565720251062664,0.0048859636169290375,0.002088967977852195,0.6266885349260375
44,0.1558946126231615,0.7238797339868055,0.006581612456474041,0.006451548230522294,0.10719249270303675
45,0.11111991321034612,0.7528834528912868,0.017999554871137056,0.0023699695314119214,0.11562710949581795
46,0.3127395396473326,0.33136905103319914,0.00136453516304831,0.004967579496902135,0.3495592946595179
47,0.13095413770608444,0.773591191296486,0.024078894795056614,0.0082130242425431,0.06316275195983004
48,0.2598308870788841,0.6323468410189589,0.0023224219523771076,0.02135747356263537,0.0841423763871446
49,0.05076279604408782,0.9002213340176385,0.020483233277720232,0.003986126045395609,0.024546510615157734
50,0.05778488356104997,0.7656215573998993,0.012546235265569984,0.0033128311269742554,0.1607344926465063
51,0.1464794877745663,0.796283912002736,0.012030929476925968,0.005554841675499156,0.039650829070272654
52,0.05962630337445937,0.8675635960283841,0.018269464128853687,0.0029305780293689488,0.05161005843893405
53,0.09971838997442456,0.8108211342617565,0.01480037744463364,0.0024543134923592207,0.07220578482682617
54,0.050557572009330774,0.9075715640500126,0.021815964529685254,0.0007148856168627865,0.019340013794108633
55,0.05236923409870717,0.8713505066442184,0.04303771181668964,0.0010976333276724957,0.032144914112712586
56,0.025055469818029454,0.9100726353148807,0.04672404829933475,0.0008382663050915595,0.017309580262663733
57,0.015703008536608005,0.7608496342480874,0.18359494338409288,0.0010595288818212368,0.03879288494939045
58,0.020372146666571642,0.8607227746220593,0.08156787194747318,0.0013137261714160138,0.036023480592479735
59,0.03925114737861001,0.7432486405438582,0.08892450613650928,0.0013766519241458308,0.12719905401687653
60,0.01758646611309812,0.8315332520860241,0.11281816371131914,0.0014535595782334384,0.036608558511325155
61,0.04624841979514219,0.7205647446477358,0.19530982344587017,0.00033322643648428724,0.03754378567476755
62,0.023998302108856614,0.8424702222669662,0.09629827532809168,0.00032565143620393147,0.0369075488598815
63,0.021901917796019854,0.7044576487057422,0.23470473986386267,0.00037600670623961916,0.038559686928135495
64,0.0402098831036019,0.7864077064572714,0.105216237338323,0.0002901088103533557,0.0678760642904502
65,0.03316032182111686,0.844019136820232,0.10482074389592347,0.0002580114571258395,0.01774178600560177
66,0.003666667150312795,0.44340321604928185,0.5446960741964969,7.661355350881752e-05,0.008157429050399656
67,0.006397121184283056,0.7252512957859151,0.24582924878161125,0.00012481326667437885,0.022397520981516338
68,0.0021375042158330412,0.38291353422312696,0.6093597183723791,0.000111236525148899,0.0054780066635118745
69,0.0022294997575688764,0.37076236701647985,0.6133905942942669,0.00011845961946263296,0.013499079312221702
70,0.0014214610792642013,0.3016829085256523,0.6927292791260786,9.195926052092015e-05,0.004074392008483948
71,0.0007313707379694448,0.2873740925773795,0.7078584494658284,2.7187493308215944e-05,0.00400889972551449
72,0.0005162415909243604,0.23099331986275798,0.7659132976810769,2.6167725784979512e-05,0.0025509731394557558
73,0.0005669382753706047,0.12089626310880087,0.8753108990511427,3.0498636960339313e-05,0.003195400927725488
74,0.00031447218236860746,0.08817230226160966,0.9080678552290936,2.1553363943722217e-05,0.0034238169629842684
75,0.0006916533862725044,0.15297507623119908,0.8411500029610912,4.3456454965188406e-05,0.0051398109664720385
76,0.000585254016910141,0.10307119896068191,0.889586731389819,2.775214921721302e-05,0.006729063483371669
77,0.0006608944058031321,0.10158901322364708,0.8886383871774574,2.432101571924174e-05,0.009087384177373172
78,0.0006152899954118052,0.11309432119374249,0.874170616188744,2.2281220439103033e-05,0.012097491401662665
79,0.013832570417123593,0.16477944159591146,0.7632024868632106,9.842372253315013e-05,0.0580870774012212
80,0.001165838789087758,0.10439548445590027,0.8393203779273691,4.3904834141561635e-05,0.055074393993501315
81,0.06105071014751699,0.10906774974805261,0.1754526211910892,0.0009408690095092406,0.653488049903832
82,0.1256785059861727,0.2502740322813035,0.10408721024470678,0.0021071627751273105,0.5178530887126896
83,0.15515810273508507,0.6284632638241685,0.04283102672562874,0.0022183818139791213,0.17132922490113855
84,0.05622658420690007,0.4279780651576613,0.12861392444080877,0.0016724226844715808,0.38550900351015827
85,0.01522172658586132,0.6791644486136035,0.2823707959843595,0.0008029613147516611,0.02244006750142398
86,0.008663639115558928,0.482610469781579,0.491883229199494,0.0007364581082972217,0.016106203795070866
87,0.004374328462480998,0.3868732807063157,0.6021567734226205,0.00032038985496876427,0.006275227553613917
88,0.004466080040998416,0.47701000705258184,0.5080612126353088,0.00030958229510752596,0.010153117976003429
89,0.002273932056387184,0.18893379177496195,0.7998435756662706,8.324467923901924e-05,0.008865455823141286
90,0.003015278789186081,0.27842421792541905,0.7084275724510375,0.00017802913975561123,0.009954901694601852
91,0.025504268856320712,0.815991708283604,0.11995481151057434,0.0012618434262108432,0.03728736792328998
92,0.02054190316055973,0.41135886645814934,0.557906079697607,0.0002730246149089836,0.009920126068775006
93,0.009242468923938074,0.3965765523388416,0.5843407101599525,0.00025405317838272695,0.009586215398885075
94,0.006527304146921603,0.3329529147770829,0.6439128140939034,0.00022667907597709118,0.016380287906114996
95,0.017165893714891915,0.3935736344942893,0.4825959586991037,0.000737183353194818,0.10592732973852033
96,0.015795260801767505,0.5011355459210649,0.47448888426352237,0.0002182200511595901,0.00836208896248574
97,0.005289854547302023,0.3492886468162539,0.640023277542992,0.00014240925144592216,0.005255811842005893
98,0.0008218847569109866,0.14403800724607438,0.8475392267119037,8.581128463040988e-05,0.007515070000480467
99,0.00019129647068302834,0.05782584535519169,0.9391214317649343,3.310447047845675e-05,0.0028283219387125005
100,0.01743030201009914,0.3246966805900723,0.6269777172020463,0.0007551752316825987,0.030140124966099625
101,0.0015365956436034001,0.09237019454513475,0.8963354517678723,6.595061815883695e-05,0.009691807425230646
102,0.00033362296147915817,0.06525590250061876,0.9293774232318138,4.227856842650265e-05,0.004990772737661646
103,0.0005680016479364183,0.0942274308153067,0.8941030199225396,6.327637359964335e-05,0.011038271240617913
104,0.0024136504886080362,0.12459023039085862,0.8629776147823763,0.00010202944655817302,0.009916474891598913
105,0.0009491998704971922,0.040186005744415026,0.9520856164296179,5.786160421042881e-05,0.006721316351259612
106,0.0005478433974566015,0.07721656108443947,0.9188657942476524,3.595311971155584e-05,0.003333848150739845
107,0.0016771595994683362,0.08218673302178604,0.904515941650004,9.110784837399361e-05,0.011529057880367625
108,0.0004699695273597191,0.09959125599562171,0.8926842040345115,4.947624041303532e-05,0.007205094202094086
109,0.0017219801649144926,0.10871734827417734,0.880812383237,7.55915755803373e-05,0.008672696748327883
110,0.0008379937137313815,0.06125638096500163,0.927812140902041,7.090342450526003e-05,0.010022580994720847
111,0.002740913907407665,0.07185048992659808,0.9144905458449687,0.00033819711765327074,0.010579853203372324
112,0.0027188881090388886,0.14278925589690467,0.8264421196039974,0.0007375137365699013,0.027312222653489194
113,0.029474954246385986,0.30591654584967326,0.35068071579847404,0.0020783366997327146,0.311849447405734
114,0.03601482836405401,0.5069663428337502,0.3197680531139775,0.0016935229640656036,0.1355572527241527
115,0.030995662383096655,0.602376275883048,0.29972972160803346,0.0012536908133692925,0.06564464931245256
116,0.2421998811855598,0.6488169231214296,0.03243373156513657,0.0021796885768300025,0.07436977555104385
117,0.32771030451813155,0.24523825379075825,0.01093202122986079,0.004274048967537037,0.4118453714937125
118,0.33040505712819135,0.2965923195016749,0.0025872876562172864,0.004141338268241635,0.3662739974456747
119,0.10848289125347213,0.6208562116933607,0.009188345684148565,0.0031947660730995693,0.258277785295919
120,0.12901485541108057,0.6380876978532407,0.024683142365634406,0.007557636757568733,0.20065666761247572
121,0.02554729564593556,0.6980931656899494,0.221266913873473,0.003184605787702055,0.051908019002940134
122,0.18133353917011094,0.6837110819230212,0.03693516764151514,0.012484904863469046,0.08553530640188363
123,0.09759648217502837,0.6684050911242116,0.02058196960250716,0.023846294271314804,0.18957016282693806
124,0.1736671767105443,0.6635732773351077,0.03447479304206062,0.0523131004801766,0.0759716524321107
125,0.11998849862159211,0.6700969687523788,0.14186637501350552,0.012821470320380772,0.05522668729214288
126,0.05228893831113063,0.6991169326346156,0.17695719247991878,0.008836507700296464,0.06280042887403854
127,0.06876235662629275,0.7007139971749343,0.13454845421659994,0.019144838844799738,0.07683035313737326
128,0.3056628707394799,0.30781015988200616,0.002641369877241277,0.037044847863324556,0.3468407516379481
129,0.21350962144828545,0.6170058264956468,0.013589428250312518,0.03892642802007319,0.11696869578568199
130,0.1651056644808546,0.6669750290289218,0.01324296342825105,0.010774954518831538,0.143901388543141
131,0.21917821765693576,0.6684445974471422,0.022105900286285864,0.006078162069136932,0.08419312254049938
132,0.049532163247695146,0.6201248623339541,0.2445093386611522,0.009251684689401173,0.07658195106779726
133,0.08541206751833891,0.7941305518668653,0.023690290707565766,0.012175376105418226,0.08459171380181196
134,0.06974997727793911,0.7438164235269493,0.03673979717264831,0.01650151875177947,0.1331922832706838
135,0.38071579562652635,0.49582460995382177,0.004605653622051376,0.03569823708556762,0.08315570371203294
136,0.11955884296368788,0.8255385872449523,0.03172024996530613,0.004808211437532249,0.018374108388521573
137,0.15481747227846063,0.7249879971755059,0.0955481900311175,0.0065139815271609185,0.01813235898775499
138,0.14759812658142224,0.8024292340244419,0.030998574749711773,0.0022968074202461162,0.01667725722417794
139,0.03974403971559415,0.792869848322078,0.1408532698349259,0.004337584517955626,0.02219525760944647
140,0.021112253473776616,0.5058162777005633,0.46325407511055283,0.0025957643308056914,0.007221629384301659
141,0.06828854914507437,0.811728927423719,0.08645979592385135,0.004865281657980289,0.028657445849374817
142,0.0035679405693648976,0.1906788641159129,0.7989098909436338,0.0006684180921432188,0.006174886278945232
143,0.005499128131337796,0.3714678085307781,0.6034777498910017,0.0018404473212127624,0.017714866125669516
144,0.020224238527631385,0.7210495257877589,0.22434063641997057,0.002290398177054603,0.03209520108758476
145,0.016591748883477135,0.6502666902846063,0.3016397406101745,0.0019214280091174787,0.029580392212624637
146,0.005135446283851872,0.6547812335206109,0.30655817954156633,0.0011192478082601293,0.03240589284571065
147,0.035428381390691925,0.7627755883442255,0.10433950997970849,0.005651869179741758,0.09180465110563235
148,0.11059793153306073,0.7893029414745344,0.024097338107098208,0.009250948173138623,0.06675084071216794
149,0.01995269571140871,0.7146301319978264,0.22859435509143225,0.0016936288331450037,0.03512918836618765
150,0.01661149839694532,0.8544544392102481,0.10524117881209297,0.0030655843792093784,0.020627299201504204
151,0.052604165975569626,0.8298836788401198,0.09420189807530006,0.0035960068400992438,0.019714250268911174
152,0.01889510059136054,0.8914383045385486,0.07096613861687312,0.0021636118072596603,0.016536844445958005
153,0.03008245456280144,0.7507156162875586,0.21388579744027958,0.0007599825490288375,0.004556149160331714
154,0.024010790119138946,0.8575506029686732,0.10700680439058542,0.000747273439408556,0.010684529082193838
155,0.003742820623180479,0.5540894899591341,0.43341226393467974,0.00042931790020681076,0.008326107582798871
156,0.003653329331493053,0.4029836486992567,0.5820802715964424,0.0006261035284891688,0.010656646844318787
157,0.002386354161627049,0.3180803820458646,0.6698338411522459,0.0007503720877176536,0.008949050552544814
158,0.00998646092477446,0.5208248205151182,0.43641155273245125,0.0028130001788144554,0.029964165648841697
159,0.004478451005788636,0.31819956783450865,0.6534644930410257,0.0022619989131284508,0.02159548920554849
160,0.020020213747956407,0.33531798508909205,0.5771844724511473,0.003774899684650813,0.0637024290271534
161,0.0429560074407575,0.5680889777514366,0.2971900283845531,0.006680620212255254,0.08508436621099745
162,0.1378468810898764,0.3960010380570285,0.30826747288691847,0.006638496480014846,0.15124611148616193
163,0.07502080133935796,0.3864694851612248,0.01727222310040163,0.00796600658492644,0.5132714838140892
164,0.17311025040289613,0.5486294716296003,0.0534213892599767,0.00445378721332345,0.22038510149420346
165,0.16336339823694598,0.7113222305889112,0.03212561416428488,0.0021362187274582846,0.09105253828239965
166,0.15457268480404512,0.7518047828186453,0.049930175008089196,0.0020683839889420064,0.041623973380278394
167,0.1473894373483779,0.681038788579937,0.02367301734138899,0.01678448783226224,0.13111426889803382
168,0.12806868128943716,0.7728274306069475,0.013547748008546055,0.02503290785526781,0.06052323223980172
169,0.112376190413059,0.7467653346288216,0.0329731485768298,0.021866929965376595,0.08601839641591308
170,0.11367273985735923,0.7839972728993682,0.02287657459211268,0.022125399116847706,0.05732801353431224
171,0.03586771806078632,0.8968589058691686,0.012583762365963183,0.009220958900183276,0.04546865480389858
172,0.027639560102540865,0.8902144267301376,0.021711412452281,0.010745981670217898,0.049688619044822566
173,0.11021616093062334,0.6937540537344786,0.011320857211049317,0.03305224549566688,0.15165668262818188
174,0.02805598195873008,0.655871651829449,0.08654494083604644,0.01720840969600163,0.21231901567977293
175,0.03509503614985314,0.12459351462634317,0.010223258840580797,0.015324010162776057,0.8147641802204468
176,0.06479807173377478,0.02823155383559186,0.0005245609451202658,0.009771101132275996,0.896674712353237
177,0.36363745851721063,0.10324934964638423,0.0005253017137768943,0.018583959682308117,0.5140039304403202
178,0.39981629973677074,0.43322278084362587,0.003420101447580551,0.012442944643494226,0.1510978733285286
179,0.27315324503733196,0.3733290726953935,0.009810259646906943,0.01143619273229762,0.33227122988806995
180,0.3272286655523004,0.5365391582008681,0.002457502707614129,0.09077687198713537,0.042997801552082084
181,0.02823429015483815,0.8255608592151691,0.03164037024171729,0.030745473047842475,0.08381900734043296
182,0.03152459339303954,0.8663385026581975,0.018111540705338443,0.055235537672784524,0.028789825570640134
183,0.037416965497042,0.7305394354168039,0.07244831007997772,0.13145269585025482,0.028142593155921297
184,0.09838215957365459,0.535407631421566,0.0006458504592817842,0.29375190880909635,0.07181244973640125
185,0.06299501726079847,0.09541576609033928,9.295514228488063e-05,0.7199590409394949,0.12153722056708259
186,0.05937882375187003,0.11960596376606811,0.00016618081963247253,0.7690130105156968,0.05183602114673252
187,0.061515656536866574,0.05078064540540792,6.53705226873934e-05,0.8722625908300679,0.015375736704970224
188,0.0421527277511251,0.034991401578698726,0.0001030129758782041,0.9082895253861719,0.01446333230812619
189,0.021313319578300752,0.026272589626806408,2.9269591922240603e-05,0.9438938858227192,0.008490935380251379
190,0.034847576400489154,0.021961359928881884,3.371344054584547e-05,0.8903394859566947,0.052817864273388394
191,0.06686131621641764,0.02509790873493689,9.602458998365755e-05,0.8305211404342878,0.07742361002437416
192,0.04748352056682446,0.026141620693961715,7.250235021523663e-05,0.8720028856585842,0.054299470730414356
193,0.06128431270352781,0.04023689363607922,0.0002562087016630335,0.4365885921998284,0.46163399275890166
194,0.11437670018544142,0.07301220892253021,5.9549316701190936e-05,0.7335696429146833,0.07898189866064377
195,0.13032599572271084,0.029555084876632696,2.7951785954116497e-05,0.7587443049900578,0.08134666262464436
196,0.10697150219634509,0.06990422643174488,0.00010291471011516052,0.7065589667063308,0.11646238995546417
197,0.08232368384374984,0.03051809417200441,2.0348234292327868e-05,0.16017317866617364,0.7269646950837797
198,0.1228901305036563,0.06347746157323103,0.00018269816700891645,0.6370044443068991,0.17644526544920466
199,0.08880183973399726,0.02790544144561382,7.311092743943667e-05,0.7432562408902977,0.1399633670026517
200,0.11155747764581916,0.082601537982634,0.00010027066819707074,0.7595398958474636,0.04620081785588604
201,0.03517020490493592,0.03688443867619182,0.00012932117955002478,0.8554161984249214,0.0723998368144008
202,0.09325264717231373,0.11933910120803999,5.134513011561913e-05,0.6890047701044577,0.09835213638507304
203,0.06052462983890836,0.09569292688235938,0.0002305686415518863,0.8056984056140628,0.03785346902311766
204,0.06395644176351596,0.09068565168201,0.00012099733172131927,0.8260874024578622,0.019149506764890585
205,0.1500605432426309,0.044468651019385734,4.2987716921780886e-05,0.747815092128056,0.057612725893005715
206,0.08166922560553325,0.12412787843443782,0.00012465482964476904,0.7852580512650554,0.00882018986532873
207,0.12363064094909433,0.16734636683309795,0.0004790893644245785,0.5907268271489964,0.11781707570438683
208,0.11823301189894234,0.1819599012453436,0.00017114638229306844,0.6843229096013059,0.015313030872115097
209,0.23720293808052892,0.11812897629565455,0.0008921273555859624,0.5659195185880913,0.07785643968013921
210,0.08103688007459911,0.11477123065993056,0.0005798467675127686,0.7039861051389983,0.09962593735895928
211,0.05392891342045398,0.13551569268732755,0.0005178750578561442,0.7760824163856749,0.03395510244868748
212,0.04022687367700921,0.11125900011520831,0.00016853808189066526,0.8114024610671567,0.03694312705873505
213,0.03845719576461209,0.057146783470285616,4.392032772106336e-05,0.8974842279579787,0.006867872479402601
214,0.08457805545159673,0.0657828089829218,6.587043937050537e-05,0.8299399800929801,0.01963328503313084
215,0.05793492846025091,0.2324228058204612,0.00034196211468257134,0.6785812796208347,0.03071902398377057
216,0.05378132260230098,0.07287760107714993,9.292052792259844e-05,0.8590925739614249,0.01415558183120161
217,0.04681131451832872,0.19339337532909692,0.00041686849905285203,0.7265612249126582,0.0328172167408634
218,0.031144963826390083,0.1112306720769991,0.00010165068446712965,0.8351953211799444,0.022327392232199192
219,0.08175839209666626,0.045214307808797614,3.16315560057369e-05,0.7739666847176452,0.09902898382088526
220,0.17827662654652776,0.040511596982749996,3.9436873869652354e-05,0.6912822429861891,0.08989009661066362
221,0.19220855816498064,0.050522287448061504,7.111477771240215e-05,0.7350482266738243,0.022149812935421134
222,0.14248419754142067,0.02805847526894347,0.00010237726197063668,0.7987810117329327,0.03057393819473245
223,0.13469461654344614,0.04820717211890195,0.00014918765286204088,0.7773972426780339,0.039551781006755986
224,0.05946732406001599,0.04096615195780658,3.800859994411308e-05,0.8788781112795252,0.02065040410270807
225,0.05316617247892598,0.06514806885602537,0.00016195549307060025,0.8600808461962537,0.02144295697572427
226,0.056835630518085906,0.055319266954000516,0.00016840418849698376,0.8325713065177403,0.055105391821676245
227,0.041736502287105404,0.02829943921049964,3.9217927867753884e-05,0.9247863826424484,0.005138457932078646
228,0.02086312099882056,0.02438150645051586,4.771208095067577e-05,0.951662570676922,0.0030450897927909596
229,0.03642958518296278,0.04161166215121533,0.00014234016722034377,0.8900025589757711,0.03181385352283043
230,0.035852552706167426,0.03753484671433628,0.0001184593797141372,0.9142381655449688,0.012255975654813385
231,0.031189062574301412,0.05676788613174541,0.0002778226519650394,0.8988077375434101,0.012957491098578126
232,0.06478442723688282,0.0578771125627024,0.0018126845367668668,0.77871568931208,0.09681008635156778
233,0.04423276124571452,0.043122364853120994,0.00024158835449974024,0.6580512631225199,0.25435202242414473
234,0.06291236181232214,0.03266700206749435,4.893617029426374e-05,0.8809282350301106,0.02344346491977854
235,0.07355094628420154,0.030389773065740117,0.0007192672300448784,0.42198708671101703,0.47335292670899637
236,0.20647354046013391,0.02880357777370901,0.00034313142441602055,0.6849979961769503,0.07938175416479076
237,0.06653666667226156,0.03588867833489339,0.0004917418097011232,0.8613265823351425,0.03575633084800142
238,0.07625728580378463,0.02954465993882306,9.334232721257433e-05,0.8697987862931337,0.02430592563704598
239,0.04832358243064327,0.02658320242865565,0.00013581148970757013,0.7064740003825822,0.21848340326841142
240,0.23334339109967916,0.023448976366989345,0.000325291389922725,0.34679298287217,0.3960893582712388
241,0.1258235298537447,0.027796383817386635,0.0005045168145521483,0.40349045601345834,0.4423851135008582
242,0.08317709877518585,0.043005903677887106,0.00034251679761948355,0.7057502146191278,0.1677242661301797
243,0.07410784357861763,0.027556142808637073,9.851027413840697e-05,0.4601865149130047,0.4380509884256022
244,0.133486223927544,0.04557831456678955,4.352817213127536e-05,0.7279418526321966,0.09295008070133862
245,0.13874109158430145,0.05598455773893685,0.00011821540839547071,0.7749166880414793,0.030239447226887036
246,0.06647639000613328,0.018233092039401252,7.984508521317779e-05,0.2482725001592732,0.666938172709979
247,0.08908803142966328,0.05578670875560313,3.12554323285593e-05,0.7738920207282637,0.08120198365414126
248,0.11670743838043468,0.0535202036613905,5.847349782502643e-05,0.7317435853068694,0.0979702991534803
249,0.09293949073193802,0.045367445220419356,3.798784659859849e-05,0.8277001092319611,0.03395496696908291
250,0.18909744145651297,0.07901912168297417,7.580610133520416e-05,0.645295065084469,0.08651256567470866
251,0.1653999615153475,0.18539638690267987,0.0004450137360672401,0.6076920288160572,0.041066609029848294
252,0.0852479447042458,0.0505597968966391,0.0001006278611187214,0.8442866230578817,0.01980500748011468
253,0.10119677715977128,0.045973170203608076,7.303587487854992e-05,0.833934960321409,0.018822056440333107
254,0.17885065732979505,0.07347188973371926,0.00036838813298947765,0.6761825708309509,0.07112649397254535
255,0.09682492326643184,0.08917373829402855,0.0005248482413273082,0.7528277758610574,0.06064871433715478
256,0.03619896302100358,0.1295376632971616,0.00033938997864652493,0.8119047887717421,0.022019194931446193
257,0.032903183549857606,0.0917920909107905,0.0004300920788861595,0.8285145612441752,0.04636007221629046
258,0.022030644303908022,0.041596952937394904,7.635381400599409e-05,0.9280557650837239,0.00824028386096726
259,0.048480795563835104,0.014956825849349004,0.0008073363632425441,0.863477911106185,0.0722771311173883
260,0.025296079294963202,0.008850597540471003,6.292064388362947e-05,0.9508508391135112,0.014939563407170868
261,0.013170049800488718,0.004773721987882819,0.00019115180545279973,0.9438789363378692,0.037986140068306515
262,0.03792937346372683,0.015581123330388547,0.0005375064992660749,0.34248450486546217,0.6034674918411564
263,0.27991934655880857,0.06173077132320691,7.333106748081235e-05,0.5947451460584697,0.06353140499203382
264,0.27769636510145573,0.11987268869881088,0.0023129201883205527,0.3969994887853549,0.2031185372260578
265,0.16695002438481008,0.22439536661709114,0.0009692344324422098,0.5120153388937827,0.09567003567187386
266,0.08139266291524956,0.28424088763164274,0.003997215096394661,0.6019639429247108,0.0284052914320023
267,0.11726951972114032,0.7697014980319369,0.023375731866396257,0.053276764530440245,0.03637648585008633
268,0.04005687132008795,0.8278769721002841,0.001097220877523823,0.11898148176860215,0.011987453933502056
269,0.017983398539064673,0.9114341467869465,0.015961098943025484,0.03495887969449015,0.019662476036473548
270,0.028414274046290863,0.9228983089971455,0.011235082737449071,0.023980447645872344,0.013471886573242222
271,0.023293846746764095,0.8945688649274378,0.062023263111197206,0.00935074474358576,0.010763280471015066
272,0.05868883821057878,0.8706144609537195,0.026864540165876645,0.018688794305498656,0.025143366364326403
273,0.02855710032168486,0.8660917440992428,0.05165264880972947,0.0034310517780467087,0.05026745499129605
274,0.02624302245872665,0.8990010151378318,0.06004511822241616,0.0026138368306359862,0.012097007350389386
275,0.028735868254364208,0.9199481487618589,0.013998651454621973,0.0028050189512615134,0.03451231257789335
276,0.0212995762081878,0.9287090685038686,0.03772047092124927,0.0015624576550449353,0.010708426711649116
277,0.07631398156257363,0.8811736147272342,0.02644142209438716,0.003373095908046968,0.012697885707758011
278,0.0544116091300842,0.8784427783141896,0.0534726790689332,0.002970825684511601,0.010702107802281324
279,0.02695790314786979,0.8198152916822601,0.1378739963695651,0.003755155171654943,0.011597653628649809
280,0.05365217097854728,0.8482225940189922,0.06744899471543611,0.007154775033223664,0.02352146525380068
281,0.3195814202723197,0.4605615660311003,0.00947997277996019,0.035445730430908005,0.17493131048571178
282,0.09346777956991913,0.8768750422796091,0.01774165567664839,0.0047515496867610255,0.007163972787062336
283,0.050121006675821984,0.8971671151733888,0.042370130738455074,0.004509618809682592,0.0058321286026516116
284,0.0994662146837255,0.8516146196210779,0.0311828948460445,0.004584294520041395,0.013151976329110764
285,0.01533757876202719,0.8828272821558822,0.08827827414486009,0.0037177678349751483,0.009839097102255459
286,0.014465354861706872,0.89654437333724,0.07109324822415378,0.0030306975111929666,0.01486632606570655
287,0.020410060873111705,0.8345537306911147,0.13237562413271406,0.003579948332048253,0.009080635971011195
288,0.01093977829862801,0.8842099431152635,0.096563393238143,0.002288772592374779,0.005998112755590919
289,0.027753829305447897,0.74858159402249,0.21171548554899897,0.0038569749483552637,0.008092116174707922
290,0.00932091644661328,0.5846502843616809,0.3895844065647021,0.0031673923033417243,0.01327700032366205
291,0.013589168241911254,0.7729405363402256,0.2065996666401341,0.0011423330111283122,0.00572829576660082
292,0.008288980221539002,0.6443187429521062,0.34209837559641726,0.0007719202637728979,0.004521980966164741
293,0.0035838491831712703,0.4620527625868385,0.5292633993128963,0.0004198042578071533,0.004680184659286713
294,0.008582484134539084,0.8369513943222987,0.14791371163826464,0.0006392580320854211,0.005913151872812135
295,0.003747794603374223,0.4421561686024646,0.546950258671239,0.0007206819687230431,0.006425096154199031
296,0.0003968692507497435,0.19154241594981253,0.8064591259878804,0.00015920762377047862,0.0014423811877867499
297,0.002649479223465952,0.3815322001031159,0.6118481389025636,0.00020573585201778626,0.003764445918836775
298,0.0032934309033951356,0.2882970335922961,0.6980648725118198,0.0002126977955853393,0.010131965196903774
299,0.0011726182125821867,0.29999585695717107,0.6965113443897639,0.00021330292503110053,0.002106877515451744
300,0.0008925469287437189,0.23756726635881226,0.7587717322886204,0.00010996426303974131,0.002658490160783829
301,0.0008444159198444554,0.2608719841268373,0.7360571171661472,0.0001021381166734301,0.0021243446704976576
302,0.002857717740551801,0.26688700355786416,0.7283710145331724,0.00022103343405869004,0.0016632307343529729
303,0.002491468075917464,0.31967825513201487,0.6742128356781043,0.0002949384190072719,0.0033225026949560937
304,0.000183192937668507,0.057577061885363996,0.9416139008837165,0.00010138438223452453,0.0005244599110166257
305,0.0009667675300698542,0.13913480229016387,0.8586145389071272,0.00024119946932022701,0.0010426918033187326
306,0.00035685840025241687,0.072289951248028,0.9260192797926714,0.0001451690916136658,0.0011887414674345636
307,0.00044599927343913265,0.06033238889403727,0.9383267330320983,9.064156117142013e-05,0.0008042372392538904
308,0.0019227852407702097,0.18359202860144438,0.8132080730483471,0.00018356185037936474,0.0010935512590588231
309,0.0005869750070971275,0.07275412354356729,0.9257737250502344,0.0001219708625512476,0.0007632055365497062
310,0.00021277463129440962,0.0814741793743374,0.9172869372926789,0.00011586857048069735,0.0009102401312086157
311,0.001989879159415797,0.11675628174858292,0.8796415075045367,0.0003716061903088057,0.0012407253971556636
312,0.0006014544558071666,0.12866755703404167,0.8690808759379306,0.00018361599847086012,0.0014664965737497138
313,0.0005608197107637782,0.04994196056965201,0.9480049341469605,0.00013221072363815722,0.001360074848985582
314,0.0017099150901264766,0.19492649424886618,0.8008193184253891,0.0002163389708910751,0.0023279332647269282
315,0.000751710785405143,0.08507064276406179,0.9128635473448063,0.00013534227814038574,0.0011787568275863744
316,0.0004284548419875631,0.10693725522043566,0.8913899024933606,0.00013581702050597893,0.0011085704237102062
317,0.0007847519941193131,0.23446506043486695,0.7613199562469438,0.00020405191972267358,0.0032261794043470723
318,0.0013485552365371468,0.10001691100669781,0.8969395242775453,0.0001467924741196421,0.0015482170051000289
319,0.0010602038323659943,0.18880311789982795,0.8089962691591849,0.0001463635859676009,0.0009940455226535938
320,0.00025641156704381724,0.08997818163630701,0.9087820778908114,0.00014165617790183908,0.0008416727279358354
321,0.002478064828132926,0.1783836170075182,0.8176170193074097,0.00020667797611968565,0.0013146208808194353
322,0.0009741031169874872,0.13240402321401995,0.8628165250643578,0.00030610414900440503,0.003499244455630267
323,0.004364520876243257,0.2583755510519692,0.7349210351487083,0.00031470628328732133,0.0020241866397920313
324,0.0010314711269682926,0.1824978629764129,0.8145462214016016,0.0002980611317669231,0.0016263833632501386
325,0.001348516716712245,0.08494279741373996,0.912198661237944,0.0002825368167213543,0.0012274878148824395
326,0.0010234534505019763,0.147644332521249,0.8491034003704419,0.0004120395267306366,0.001816774131076604
327,0.005953304387679032,0.3579354548277077,0.6313413043787075,0.0008365800004613329,0.003933356405444287
328,0.003011192494089064,0.20995441564635978,0.7847253981675635,0.0007377320792883794,0.0015712616126992345
329,0.0017092193214667706,0.14718150413150388,0.8496400026104991,0.00032203565595583146,0.001147238280574521
330,0.0002717356560657581,0.11657717473042377,0.8816158962739682,0.00027741554426502155,0.0012577777952771114
331,0.002388431828095228,0.29065455776769034,0.7049908487304147,0.00043130939966938943,0.0015348522741303783
332,0.005028340814152197,0.30340513204167224,0.6885775014851493,0.0006593595873891778,0.0023296660716373443
333,0.0014431164932115275,0.08694760695459038,0.9097089123435409,0.0006195553537484908,0.0012808088549086068
334,0.0006576938000707372,0.13338314056659625,0.8644361994927542,0.0002649606743235242,0.0012580054662551683
335,0.004749203728884613,0.24763959267478552,0.745173216534047,0.0008006859874546159,0.0016373010748283402
336,0.0009058903710220434,0.06893987218771709,0.927482172903938,0.0005785671365614504,0.0020934974007616
337,0.001546738248607654,0.11966216950751832,0.8771372325092853,0.000344655122027273,0.001309204612561275
338,0.0006166070173405655,0.17748605569436385,0.8195112082437943,0.00042882302565615455,0.0019573060188452307
339,0.0007841368711244225,0.1830829102441415,0.8144017463504417,0.00039131655003269897,0.0013398899842597316
340,0.0026894139927862966,0.22708148937772663,0.7680746696335854,0.0006880569849545801,0.001466370010947078
341,0.000879875830838334,0.2665148697884464,0.7306389893248376,0.0003737527926646626,0.0015925122632130036
342,0.00512590627994612,0.30176018340818533,0.6897480884576062,0.0012730844697841606,0.0020927373844782443
343,0.009438237082766263,0.6018304253305969,0.37798754807484847,0.0019526806865768317,0.008791108825211556
344,0.0019651631808508788,0.18654382827626487,0.8093875395820692,0.0005450388409989656,0.001558430119816157
345,0.0021136013365610218,0.32704241939457546,0.6678131830414256,0.0007217190473872638,0.002309077180050778
346,0.010536263419879874,0.29814022734329104,0.6858886795692786,0.002677820676323886,0.0027570089912265453
347,0.001391310365736061,0.20310247388940292,0.791887908420291,0.0007702113633933901,0.002848095961176591
348,0.001504359339198145,0.16243693769901557,0.8332541677055442,0.000504159646346811,0.0023003756098954127
349,0.009684549740618255,0.314669226538966,0.6664799400161227,0.0037950733778192875,0.005371210326473826
350,0.0020654368125261344,0.08110755180166936,0.9107293602074977,0.0027352093997660997,0.0033624417785406363
351,0.0054103743694799145,0.21513134018442465,0.7562322281474009,0.006904781117394696,0.01632127618129989
352,0.015590998488734645,0.19811088201177718,0.742518818389378,0.01699880858598749,0.026780492524122523
353,0.014370766809003748,0.5079626493660614,0.4385387777643549,0.008321522638248795,0.03080628342233127
354,0.032035817480231814,0.2092962685672142,0.04385309865394947,0.011600889992161531,0.703213925306443
355,0.3099975063890681,0.5638474450532063,0.006249110288571346,0.007967919395459216,0.11193801887369481
356,0.14978539996858758,0.7392355817624017,0.030655919733315603,0.004596447292983175,0.07572665124271193
357,0.11649306825108183,0.6733543104141955,0.1917585431271026,0.0016082807566969142,0.016785797450923245
358,0.18970338661520325,0.7578162894392406,0.03530259018982388,0.009521018260192101,0.007656715495540098
359,0.01866264445086217,0.6930762865637915,0.23893985476855245,0.02366763851521979,0.02565357570157412
360,0.026849062340984255,0.8043371860375875,0.14632916336813714,0.014337748711023274,0.008146839542267623
361,0.008635782609546191,0.8027310650726901,0.17186978558309354,0.011271532647342762,0.005491834087327514
362,0.024707982410896577,0.8154172601084624,0.14946604103520142,0.006373843673667363,0.0040348727717724004
363,0.014985756673647634,0.5132877674413828,0.44804683404493395,0.007600129638867394,0.016079512201168277
364,0.013621508144350328,0.8342188807594386,0.12902815607899676,0.008566852436837082,0.014564602580377214
365,0.039864164045700395,0.8413596333870392,0.1057507917713171,0.0068537863169895385,0.006171624478953685
366,0.012731174206201224,0.7302100469922679,0.2523662550607994,0.0019442234806156479,0.0027483002601157145
367,0.015648876255125316,0.6930503489252755,0.28393374611210964,0.0022355092918629523,0.005131519415626596
368,0.009767509200315007,0.6532203726253114,0.3295625467173479,0.0019032236176193475,0.00554634783940621
369,0.012320071389982411,0.8108456321118354,0.1705970661589772,0.0011642243829724623,0.0050730059562325925
370,0.007069608813472837,0.6960612883916522,0.2898489682185,0.0018990134451487856,0.0051211211312261595
371,0.0030983527013943054,0.533900131234216,0.45913779179397696,0.0006726479084479559,0.003191076361964967
372,0.0037948526132901774,0.4509965141435713,0.5410753041728272,0.0007927159207426255,0.0033406131495687143
373,0.0005356741971572818,0.16163741706230297,0.8364232017474659,0.00018953921062615764,0.0012141677824477842
374,0.009562825510962839,0.6187936012563746,0.36173912215705695,0.0012861608184874399,0.00861829025711806
375,0.005691837019835178,0.5114695003157419,0.4793218868281671,0.0013387461719309474,0.0021780296643248978
376,0.0033235607430136,0.2872391522768568,0.702252015709758,0.0017043952868350816,0.005480875983536419
377,0.004541756761101488,0.5515500367918098,0.43581261301695207,0.003281316923531809,0.004814276506604843
