epoch,N1,N2,N3,R,W
0,0.0005794811002260466,6.215307856856776e-05,2.2371805420980405e-05,0.0016981393990375749,0.9976378546167468
1,0.002706368072819948,0.00010736644191750793,6.867555430348675e-06,5.5843576852947334e-05,0.9971235543529792
2,0.0024688237042588606,0.00027404644303740284,1.300019163847457e-05,2.765937404683685e-05,0.9972164702870185
3,0.00030037725848502017,9.135902091094764e-06,2.706013451388416e-07,5.136436821132059e-06,0.9996850798012576
4,0.019103885877049875,8.534939326518711e-05,9.66929230329899e-07,1.5293670971872644e-05,0.9807945041294827
5,0.05773265546566869,0.001378299318963071,2.250679309036638e-05,5.797875456648044e-05,0.9408085596677114
6,0.028732406687585574,0.0008531707696020806,1.3364000337155172e-05,0.00010827679277282046,0.9702927817497023
7,0.03242382434211528,0.0006706190936388839,3.9863239515068024e-05,0.0001285903191577774,0.966737103005573
8,0.03973292677268045,0.0007231277636977398,2.1653333516626233e-05,0.00017939022507253497,0.9593429019050326
9,0.5405170864105606,0.015721894162318114,0.0005754386860185193,0.0008322726478416358,0.44235330809326107
10,0.09088463019117284,0.029087657651888862,0.003300443764430214,0.0016328305149969852,0.8750944378775111
11,0.1165893722634263,0.015579395191992895,0.00011304290034777197,0.0014630497708339413,0.8662551398733991
12,0.12916186274218347,0.08792264481386808,0.00371846328108206,0.003373260714677299,0.775823768448189
13,0.17085120105422788,0.03051395649738181,0.0001648416152477094,0.0021774368238017114,0.7962925640093408
14,0.229983121584144,0.034829217725940075,0.0012240635033681445,0.01794649876998846,0.7160170984165594
15,0.46038524432373285,0.1476426393501987,0.003829096454412462,0.002439623191583622,0.3857033966800723
16,0.22770139206963308,0.10621168087468248,0.0025027965037846813,0.0018661429840541124,0.6617179875678456
17,0.08825755414420904,0.22068677953924334,0.01808214061400825,0.001995589720083744,0.6709779359824557
18,0.2207089337303606,0.4398724711127478,0.014906127182379655,0.004293993833752683,0.3202184741407592
19,0.6404000440034331,0.11478205237803515,0.0013211808361448941,0.002373094424112616,0.24112362835827425
20,0.09877058051871763,0.37571644581201863,0.013401617731804233,0.0009828507183282144,0.5111285052191312
21,0.04317801639635975,0.567689861166747,0.04772063337621068,0.0008346094801100594,0.34057687958057253
22,0.1983196441390269,0.6093382973138206,0.02103987814649782,0.0013331786102762132,0.1699690017903783
23,0.06681351448407273,0.2280527408703739,0.1597005458747417,0.0016424703003266904,0.5437907284704849
24,0.17649630224902127,0.3554696384394721,0.03454155899194626,0.000896360749007306,0.43259613957055304
25,0.12904198403624081,0.44057164196597287,0.1202626184104369,0.00038203059993135064,0.309741724987418
26,0.23675378394503988,0.48877990798879484,0.041230101641782986,0.0012000636036952057,0.23203614282068716
27,0.04143296505399053,0.3530612683105085,0.16323461364431205,0.00022258887055704054,0.4420485641206318
28,0.2373066342749345,0.2653102054350895,0.03654854121239145,0.0006537118096802567,0.4601809072679043
29,0.15206839536092207,0.5343082637853513,0.10874427571077144,0.0004962864714369917,0.20438277867151816
30,0.21302282233767936,0.4743172938055233,0.013481922605951055,0.0006720211391058907,0.29850594011174036
31,0.08815901587162013,0.4786713153754075,0.06569078927868018,0.0003639492797604641,0.3671149301945317
32,0.03829234439854991,0.5521872053505017,0.3203963045083453,0.00020136159136693112,0.08892278415123603
33,0.10177948231194364,0.399574271921157,0.2085219434710931,0.0007560575840192235,0.28936824471178696
34,0.024492801985391655,0.5376566549340972,0.26775116450855346,0.0002882849116772106,0.16981109366028044
35,0.15054911625975126,0.5052182215394497,0.025806729656493863,0.001093531956545112,0.31733240058776
36,0.035532837824328825,0.5368640232181583,0.14677271326750435,0.00044302091578263773,0.2803874047742258
37,0.19835965960112625,0.5462134019651422,0.06502055740062712,0.0005322595868227663,0.1898741214462816
38,0.15656176122635213,0.551010462372168,0.04729325888146835,0.00036584921673665153,0.24476866830327496
39,0.08298068459878215,0.8096910392889651,0.03505736572966516,0.001055093208424719,0.071215817174163
40,0.1623151047086496,0.5947842444146265,0.009478772314411603,0.0008206927383006887,0.23260118582401146
41,0.06578192622368807,0.8586315904452407,0.036681706345031366,0.0004509313855325487,0.03845384560050741
42,0.06421600768040227,0.6497986954867921,0.26651919115615064,0.0003327990691057861,0.019133306607549187
43,0.034219515181649604,0.666359356364468,0.26753571426548284,0.00032199230207892465,0.03156342188632071
44,0.002691615356304813,0.22195624845540435,0.770964432656451,7.790056896860999e-05,0.004309802962871266
45,0.03937057691773683,0.4800759766551787,0.45197714277287904,0.00041328070880733566,0.028163022945397957
46,0.009453880945173118,0.25274301709663627,0.7285515206888326,0.00014369231507935405,0.009107888954278779
47,0.0056390352861775605,0.4130960019107994,0.5613456780755092,0.0002588587752580522,0.01966042595225575
48,0.003822460166763217,0.45225844383229363,0.5336630854980275,0.00018290560047321978,0.01007310490244241
49,0.13106466981854872,0.6712321345036331,0.06098986723543983,0.0019456913189841202,0.13476763712339435
50,0.004510124406509274,0.359632130622828,0.6167352388835153,9.993280897235192e-05,0.019022573278175116
51,0.18009619694426496,0.4219879984340993,0.28132771372580745,0.0013817301924953479,0.11520636070333286
52,0.4094222952972744,0.37137192163567195,0.11807162950546898,0.0006388812566257124,0.10049527230495901
53,0.32820388462284134,0.45107070900355284,0.08233588499351287,0.001397806486434325,0.13699171489365858
54,0.05254440415102494,0.3897174925518218,0.4974009293143029,0.0006097192812861725,0.059727454701564105
55,0.030912060616574845,0.6764503189432348,0.25119307886040615,0.0004049156835920596,0.04103962589619215
56,0.02537800183867774,0.49262705341261265,0.43302194655714504,0.00039806922050573116,0.048574928971058855
57,0.006767999559588054,0.49419579128058794,0.4801432550097154,0.00019491666448117546,0.018698037485627584
58,0.007900303059392884,0.27800477811634394,0.682474801614676,0.00022513073265354662,0.03139498647693354
59,0.0021497972107843155,0.25801101799654247,0.7146328024970681,6.208444107829532e-05,0.02514429785452679
60,0.014999984377637514,0.7010806050588843,0.26517304407717296,0.000372745708397571,0.018373620777907766
61,0.007405626420112456,0.15645686756815014,0.8264064143558462,0.00011706701834692323,0.009614024637544285
62,0.03480832542961821,0.613985071629332,0.2620075975150237,0.0006388675875916395,0.08856013783843446
63,0.14976719211594933,0.5492677645220797,0.26512008896711703,0.0003666723672495018,0.03547828202760439
64,0.0734109800702072,0.4724833747383868,0.42556030751290763,0.0004413706426500595,0.028103967035848512
65,0.01194141547151986,0.3987843703440268,0.5721000183468605,0.00022369506696479573,0.016950500770627947
66,0.013461617665302551,0.3497182514695087,0.6266608765223307,0.0004860255890351761,0.009673228753822899
67,0.019888739938423498,0.5647473700941709,0.40185695846669894,0.00045528901522410805,0.013051642485482568
68,0.008108335786363352,0.3180092928393757,0.6660194100727636,0.00018501054137631584,0.007677950760121207
69,0.0076426215524781965,0.5231723272633723,0.460660565035818,0.00032748187548530385,0.008197004272846248
70,0.010453045485036911,0.38444340473320465,0.58823057235614,0.00022416370888875782,0.01664881371672965
71,0.012469969951437511,0.5934998712903081,0.38217643104334365,0.0003999067469740265,0.011453820967936748
72,0.02612342164024727,0.3606172802399334,0.601718106687211,0.00033184177673954474,0.01120934965586859
73,0.010171781914718715,0.3951194085154052,0.5890130134034991,0.0003090779785004367,0.005386718187876471
74,0.4406719864204881,0.3482689208450339,0.06356257410550381,0.0010335641650833626,0.14646295446389093
75,0.047896531408078806,0.6566879679448133,0.2723167211211022,0.0009790726202560968,0.022119706905749655
76,0.2905290207809399,0.5148321031267605,0.1286012214228212,0.0015713153411734914,0.06446633932830488
77,0.07612646325847747,0.7356841601423868,0.15397794091751682,0.001650525918100958,0.03256090976351798
78,0.015285935482128579,0.6689417779504879,0.30004038636002134,0.0007414242462298325,0.014990475961132486
79,0.013117652186703556,0.5427632945687062,0.4333658166692651,0.0009968964896785995,0.009756340085646579
80,0.006411847220387679,0.2562212813181916,0.7333157209812334,0.00038424732025820347,0.003666903159929071
81,0.00884586203544885,0.4528199328481051,0.5300336454091152,0.001224386481292665,0.0070761732260382244
82,0.04761140268898689,0.7732737188550693,0.062462723052591915,0.008738456898352825,0.107913698504999
83,0.021618933136754084,0.8749986137982045,0.0907146577927945,0.0014335968110196662,0.011234198461227128
84,0.03559441055980875,0.754018750263245,0.16637303307829657,0.0029875912072103447,0.04102621489143921
85,0.02191730141423369,0.5788654568124638,0.391817062376635,0.001259888217799528,0.0061402911788680115
86,0.03817056560425835,0.8143983414594989,0.11851961678066185,0.0020747066447509657,0.026836769510829996
87,0.009030871838756149,0.856818570294396,0.12522860757939583,0.0014990957083348153,0.007422854579117282
88,0.0061045472876185706,0.4379513411720817,0.5470470103272128,0.001108003999453537,0.007789097213633397
89,0.031432914336890515,0.7181554993715902,0.2092712654959669,0.0014910324361610044,0.03964928835939125
90,0.019297619074532795,0.71311213445254,0.25441750569278415,0.0032157305666266935,0.00995701021351641
91,0.005697572039852687,0.2473402753323052,0.7413387917148666,0.0002696680311256186,0.005353692881849884
92,0.050468230842012095,0.600608113945658,0.32175717367223683,0.003339485268570656,0.023826996271522242
93,0.007092574331610911,0.4082050026115198,0.5734997922055548,0.001743642676636066,0.009458988174678409
94,0.004135015367953629,0.15108154387136358,0.8411680874957628,0.0007275159978202986,0.002887837267099734
95,0.009292798620735624,0.4300445332362465,0.5478792071168476,0.0020430085053875055,0.010740452520782845
96,0.15028589062778572,0.5696077294710946,0.025866066359652835,0.020333008300765246,0.23390730524070166
97,0.1194992572801476,0.8269764801396179,0.022568655326811092,0.010004650313861985,0.020950956939561435
98,0.3313306553754343,0.5888734403000959,0.02990041935339557,0.004771131075295061,0.04512435389577907
99,0.16719804958542203,0.6896762547487065,0.13620795066097266,0.000685867556228795,0.0062318774486699174
100,0.171061851931465,0.7426640955863999,0.013088641979829996,0.0070614795407943475,0.0661239309615106
101,0.018833251468013353,0.7036954024219367,0.2683642044819849,0.002333943573905876,0.006773198054159054
102,0.036196729942354115,0.7970105246459478,0.12819689537736764,0.004670208280252405,0.03392564175407791
103,0.022835906353802286,0.9316680577184298,0.03797825842706071,0.002972153442787278,0.004545624057919742
104,0.006676132270059504,0.5639422275316209,0.4255400666525063,0.0012003947128142339,0.0026411788329988206
105,0.15832116514877081,0.7642085039908877,0.04133225404572683,0.006973378509759212,0.029164698304855456
106,0.0125357097656665,0.8079694338443979,0.16935461901950064,0.002191390199659548,0.007948847170775358
107,0.10708378268440641,0.7910101845317439,0.08394385796442953,0.0028792159704335856,0.015082958848986455
108,0.018773782575701278,0.42037727185115736,0.5577195247937019,0.0004732184948164511,0.0026562022846230264
109,0.038253859069829,0.811367757010632,0.13903080428027215,0.0026980954255534577,0.008649484213713532
110,0.0053217112015469,0.5183348422361209,0.4712929295448302,0.000519262182700936,0.004531254834801042
111,0.03373651712117061,0.8771708799788013,0.07750274844501098,0.004713908220486705,0.006875946234530441
112,0.011522114406034371,0.48614662981148143,0.49910601264524507,0.00059716535507244,0.0026280777821666647
113,0.029463336708536757,0.687835033521109,0.27534770431403843,0.000524844310138883,0.006829081146176895
114,0.006850976690794635,0.47496485840779545,0.5139353057928923,0.00030111926206691453,0.003947739846450746
115,0.018294501501444484,0.6158758258065842,0.3575646512583251,0.0009186204953452525,0.007346400938300957
116,0.017956756789897922,0.43815206674976603,0.5371695075277096,0.0006073102534424194,0.006114358679183976
117,0.03465552723094125,0.8014247488279629,0.1512996451691278,0.0036357815829600477,0.00898429718900814
118,0.0015594411862791808,0.12160131398373684,0.8750542821038763,0.00019867099082555042,0.0015862917352820883
119,0.011870404563820599,0.6283808026362316,0.35172982783982853,0.0017443534726278554,0.006274611487491365
120,0.0059202967750161175,0.5394748159058137,0.4511136513911616,0.00033939894264923426,0.0031518369853594033
121,0.0010013373034525187,0.22149056909195286,0.7759492799967319,0.00022579464656583055,0.0013330189612967777
122,0.0006508999450868121,0.27312445287779763,0.7251285896064265,0.0001604208861771214,0.0009356366845120126
123,0.0015319860344675516,0.2938563440795937,0.7017028242169661,0.0004805837182071699,0.002428261950765568
124,0.04545476913082294,0.8678261170972846,0.05448170736820329,0.013600887922087836,0.01863651848160125
125,0.012670558563285955,0.6676792468503421,0.3116742569212115,0.003357102056226631,0.004618835608933811
126,0.04456857365385612,0.7878950564950762,0.151456114256919,0.002384268316056327,0.013695987278092328
127,0.11213596347920615,0.8644237728189287,0.01072030555247191,0.005722878191240039,0.006997079958153256
128,0.009439744196213217,0.47987883423870603,0.5080738675953277,0.001226229858480226,0.0013813241112728884
129,0.039346896799617545,0.8840040244638537,0.04538432886293415,0.002790664532509525,0.028474085341085118
130,0.0059045583066417735,0.7316078918820504,0.2571355824506624,0.00109703988428363,0.004254927476361911
131,0.11827153271156687,0.6434442060095893,0.012083187839739367,0.0072706169900918554,0.21893045644901266
132,0.2577144821498656,0.6852710143703612,0.0035621435317060154,0.010528526180106154,0.042923833767961016
133,0.07663361131915343,0.8081629760975949,0.02977082332994439,0.005589168459151132,0.07984342079415631
134,0.2150952530059026,0.6938565026743692,0.005718773018740184,0.019807722896596592,0.06552174840439158
135,0.0762516556864326,0.8548036690751235,0.016991353223087848,0.008266602966780253,0.04368671904857577
136,0.09833459303495565,0.7902318425851232,0.05914926390021977,0.024112141387111864,0.0281721590925896
137,0.006082787849129078,0.00979669781180299,0.00042137996316557187,0.0009514960281442721,0.9827476383477581
138,0.1713710968091492,0.02244752326112055,5.766788299636256e-05,0.012169571324877913,0.7939541407218559
139,0.502268398265526,0.33711729292578746,0.0009206556096070192,0.008493194466429923,0.15120045873264948
140,0.4845949280117009,0.1835167302153967,0.000529154713824949,0.004986998729202543,0.3263721883298749
141,0.10458071822815253,0.833885447210796,0.0035337485433877985,0.02103588477399247,0.03696420124367115
142,0.11957982845208874,0.40770201461515654,0.0032477588404755658,0.05007700233126773,0.4193933957610115
143,0.2147419159916601,0.5574571908552312,0.0014884009042050307,0.1300525469720664,0.09625994527683726
144,0.08817318310474213,0.5687734416105517,0.005128456165956843,0.02207901825995716,0.31584590085879233
145,0.11322371192907617,0.8437577038179699,0.00421030362738961,0.017617755737633765,0.02119052488793074
146,0.09789101457927701,0.7861091682925919,0.001782797010513274,0.06644884757512426,0.0477681725424937
147,0.05628402937889249,0.9015177934279024,0.009061274840689276,0.019602145798310218,0.013534756554205628
148,0.14731187296734574,0.7250233142583484,0.001511317482919149,0.09666152568031859,0.029491969611068095
149,0.06597656629962463,0.8895910808135024,0.038428230552684246,0.001576544175670538,0.0044275781585180266
150,0.22419205894008648,0.6508607544909227,0.003516102965452368,0.0749322032089375,0.04649888039460083
151,0.1163325504750273,0.8095639883001596,0.005590359303373465,0.005394656111967749,0.06311844580947193
152,0.4267756829418868,0.530087325936219,0.0030033418298025475,0.0236699729271806,0.016463676364911112
153,0.14621536233014404,0.8149788352486512,0.027038630481784155,0.0026184425489063296,0.00914872939051401
154,0.09786675948253966,0.8722918436409837,0.01934148002120086,0.007242061663250875,0.003257855192024896
155,0.022263305449231795,0.9013851586596199,0.069674296287306,0.0021405862043987135,0.004536653399443698
156,0.036109651899999,0.6105154240402919,0.34716900955357327,0.003697803601954993,0.0025081109041808604
157,0.05576747494942916,0.9208722640846916,0.010821126845142203,0.00696075449920117,0.005578379621536026
158,0.040767780967575516,0.9439667183834831,0.008403310462012838,0.0040279372990847575,0.0028342528878436456
159,0.016881852612962246,0.5816748613783066,0.39720151923927927,0.0015923250381041382,0.0026494417313477872
160,0.035744230201621804,0.9204108294253137,0.03887849980783675,0.0027654128121028,0.0022010277531251043
161,0.015003892717830935,0.6400901641109434,0.3338443469265635,0.00153693448561972,0.009524661759042442
162,0.024448498890550494,0.9374828993509767,0.02874220087864378,0.0043983721958053635,0.004928028684023447
163,0.04609520805826629,0.8196919203990773,0.11466948104394885,0.0013400554390855782,0.018203335059621826
164,0.003880321421545008,0.30258735076926485,0.6917001294109673,0.0004240650777058273,0.0014081333205171302
165,0.022488267400835045,0.9160771102208346,0.04980510977388699,0.0010002534399677187,0.010629259164475918
166,0.010813818388313945,0.7050901118553986,0.27868994455292,0.000549549301775003,0.004856575901592624
167,0.013255270478583324,0.8461439404075971,0.134041869519974,0.001568661800959968,0.004990257792885581
168,0.014431730876170605,0.7743630100342167,0.18828063053394087,0.0005543012088090602,0.022370327346862756
169,0.017776888393679992,0.8115607239038023,0.16524200820062238,0.0014865647504965316,0.0039338147513987886
170,0.00723710870889217,0.34005113297226147,0.6478213910351519,0.0005306880009557661,0.004359679282738744
171,0.008219204572402133,0.6576170674870777,0.3305190755215904,0.0015793836650486656,0.002065268753881272
172,0.02080749296092698,0.8435829187878712,0.1255969885881294,0.002446914154782381,0.007565685508290136
173,0.0023662401356782776,0.45923251268925436,0.5359525328224133,0.0008109923529768795,0.0016377219996771867
174,0.007636262408963569,0.5596434697094573,0.42937538842403944,0.0008301137236278423,0.002514765733911776
175,0.005414681209574375,0.3963416170475759,0.5957502626605309,0.0004858518195999013,0.0020075872627188674
176,0.0018015149443668453,0.5019628709118292,0.49411955770505933,0.0008081728635453261,0.0013078835751992462
177,0.008936821662073345,0.4014376165297933,0.5855430071003752,0.0008021041032349074,0.0032804506045232347
178,0.01105858185240323,0.15924902948600314,0.824788351276241,0.0005735195726515267,0.004330517812701356
179,0.006886133575179136,0.12219986757094621,0.8644296772160559,0.00042849868766590385,0.006055822950152839
180,0.007577833482316917,0.42367294109150117,0.5652831568999641,0.0005201941924526645,0.0029458743337652644
181,0.006879114713442882,0.21901894782219677,0.7680584714679751,0.00048530455108363634,0.005558161445301685
182,0.013619224426832992,0.3607789674531756,0.618391329978892,0.0005961598565935072,0.006614318284505881
183,0.005819249847677628,0.5418514738556897,0.44283657903105844,0.0028711321591850967,0.0066215651063893455
184,0.03958769702940763,0.20952372722252832,0.6994668922611919,0.0022237558643616066,0.04919792762251073
185,0.014564409622721363,0.8550752519471351,0.11439292869457894,0.004146107664610871,0.01182130207095381
186,0.010263144986614698,0.3627185325036864,0.6087218730224401,0.0015496644234679806,0.016746785063790688
187,0.009804123266448375,0.6218126521387792,0.3573263454214788,0.0036877418497183487,0.007369137323575446
188,0.007339915993527646,0.37270262912334834,0.6023017693895483,0.000880855930442362,0.016774829563133423
189,0.019771276578589115,0.7670418918137923,0.20060224177389677,0.0030794076118284496,0.009505182221893305
190,0.010687565495270163,0.7379644670126613,0.24223736836718124,0.0011734366472337028,0.007937162477653562
191,0.013194569227036155,0.2525055634464818,0.7284249576737933,0.0007529936052134163,0.00512191604747523
192,0.03011019588120492,0.8971029934742052,0.05960961282426669,0.0023052024431037418,0.01087199537721965
193,0.008230273758720453,0.754590785633933,0.22628588612740388,0.0010051603302660135,0.009887894149676658
194,0.039014843434395916,0.9348426852845788,0.019701851019331012,0.00166548113840164,0.0047751391232927765
195,0.0060119604960621725,0.29900283323245475,0.6915662718022589,0.0007148089604379897,0.002704125508786084
196,0.012834291659029815,0.7796088580945728,0.20240022305015556,0.0010902257076974922,0.004066401488544267
197,0.013978122018855618,0.6587226431945111,0.32067117802759904,0.0009897026928911887,0.005638354066143216
198,0.003917539277413431,0.5972249050722984,0.3960640056337185,0.000849158520882063,0.0019443914956875819
199,0.019611563207977186,0.796273883535373,0.1763245942341654,0.0007767056532082346,0.007013253369276009
200,0.004864954250614964,0.6039300007894385,0.3882438414732797,0.000815861891584434,0.0021453415950824966
201,0.02735929284967354,0.8264817941822394,0.1306134561730358,0.005059816073244905,0.010485640721806284
202,0.002962574890685562,0.22721351463960263,0.767170303376549,0.0015065850457892974,0.0011470220473736611
203,0.014075821675358662,0.8180943411348227,0.1544522301100779,0.006519602949820619,0.006858004129920082
204,0.016599558317811635,0.7432787206915619,0.22302671860130857,0.009700933759322595,0.0073940686299951
205,0.04112521937694977,0.921303363349647,0.005862548317325572,0.024423846185722367,0.007285022770355095
206,0.2521665246374573,0.30291873436065375,0.00941859666247004,0.06806377136852061,0.36743237297089837
207,0.1359008937398789,0.5308617392654754,0.0023103712902772786,0.2808058320123598,0.0501211636920087
208,0.47899572944841345,0.12118234956327137,0.000524120899421093,0.3650517721918153,0.034246027897078826
209,0.6677496795793915,0.11120475159803392,0.0002763809871096267,0.19649528199138974,0.024273905844075308
210,0.16512963104551737,0.3193937394607281,0.0017401799835375551,0.45481657044298124,0.05891987906723562
211,0.08657009662074044,0.20993407593570287,0.0010993210159407263,0.6455501173819501,0.05684638904566595
212,0.1083149632379916,0.4283425885140689,0.0007687324111735565,0.43242616367010805,0.030147552166658025
213,0.10248102263924186,0.20621408971212588,0.0013310367303794326,0.6592212003835293,0.03075265053472354
214,0.14185995993462197,0.0685800286467398,0.0004957944867996322,0.7687530288721705,0.020311188059668167
215,0.04903291814842248,0.07461644363575855,0.0005599804617763861,0.8584189038651404,0.017371753888902327
216,0.07422304211905223,0.02500034067152795,0.00012341781643189227,0.8463778437026175,0.05427535569037049
217,0.16609348345500408,0.02703557794118531,0.00010469078610336688,0.7965836777303096,0.010182570087397633
218,0.19523198383598295,0.07365170283728613,0.0005674251512644012,0.7047845478625853,0.025764340312881304
219,0.10192096200235923,0.007526922450430049,4.2794115288911654e-05,0.8554247662746794,0.03508455515724246
220,0.08932331368784073,0.028233631495083553,0.00010440413716643407,0.8741928816141599,0.008145769065749467
221,0.09471936796474312,0.10046737682459178,0.0004985807689185407,0.7741181649753144,0.030196509466432132
222,0.1831487379470446,0.023305632038852647,2.2291465916049242e-05,0.7711079506313815,0.022415387916805196
223,0.11043461866723225,0.06998766819143815,0.00012322234082807852,0.8111089877327398,0.008345503067761667
224,0.17034631804724054,0.03859836533157575,0.0007429005016048098,0.3957955636092925,0.3945168525102863
225,0.1593818460510041,0.06218334572666974,0.00010219385965734004,0.7460414966956954,0.03229111766697339
226,0.1254000399725132,0.06009119497692316,0.00030691599706449775,0.7999164030039735,0.014285446049525693
227,0.1437045259623648,0.024181210142752395,0.0001482498012735344,0.8204791030000881,0.011486911093521223
228,0.05235123672209556,0.03023170678559695,5.643303063362398e-05,0.9115470420456171,0.005813581416056717
229,0.09473026138692558,0.04546222504954994,0.00011678764080718556,0.8284517024127629,0.031239023509954427
230,0.0524198521217399,0.072283839289395,0.0003578498523505605,0.8545016712715202,0.020436787464994312
231,0.13248076778736032,0.08177816898513633,8.023456340437096e-05,0.7575488188494689,0.02811200981462992
232,0.28376690128508797,0.06334187724978313,0.0001008840992593803,0.6203273696046846,0.03246296776118481
233,0.10097103193674803,0.12478029727928655,0.0003051844552738505,0.7547657790820747,0.019177707246617104
234,0.13847803584811502,0.08415144749940512,0.00014011026472138813,0.7395279060981146,0.037702500289643934
235,0.0683997883467146,0.05003301765750766,9.589569422600329e-05,0.8745449765521148,0.006926321749436847
236,0.04636866280662462,0.02338354509302738,1.2788504622660183e-05,0.9249809148657508,0.005254088729974606
237,0.05062143069526159,0.043940446629013835,5.727672814012346e-05,0.9016839738965141,0.0036968720510702612
238,0.03658582341835565,0.010846886468530834,1.8269115802843816e-05,0.9487545625232306,0.003794458474080096
239,0.04498200528147115,0.03510908529831968,9.382512173899289e-05,0.9117623447182396,0.008052739580230539
240,0.022788087951760683,0.007126830869590708,3.659482126646308e-05,0.96720474807373,0.0028437382836521098
241,0.04100429384409802,0.006863068278985905,2.495356700084396e-05,0.9500305331876462,0.00207715112226882
242,0.04199479556590021,0.0075802151670850085,5.648886562845433e-05,0.9459730043604475,0.0043954960409388075
243,0.06271953132709322,0.049526224424405234,0.00012396061153865966,0.875107920773591,0.012522362863371932
244,0.06169544520308957,0.05100670559812328,0.0009085363374096163,0.6862406649287563,0.2001486479326212
245,0.09085905155526829,0.02677507749623426,7.990681131379419e-05,0.8697702326389068,0.012515731498276879
246,0.16528424145048287,0.2318046256041973,0.002666111454554714,0.5592407848631847,0.04100423662758044
247,0.0696716642776391,0.0820916896467003,0.0002462870654449121,0.8239213388976401,0.024069020112575622
248,0.15286478070642998,0.1178577600531884,0.00010647371235038436,0.6892498110267292,0.039921174501302
249,0.18221373900203625,0.41417928378564123,0.0038995493878843657,0.3420974728863207,0.057609954938117484
250,0.2954066306591708,0.0910877281912486,0.0003563225636901831,0.4782840028880779,0.13486531569781246
251,0.3518363401337079,0.11248533115794056,0.00021353337479544722,0.5184687224412031,0.01699607289235304
252,0.20217037991453657,0.5852014138523038,0.0021314658621012176,0.1648372118920496,0.04565952847900877
253,0.3784228842827819,0.505996484267147,0.0016763975397267668,0.08277829405463914,0.031125939855705144
254,0.03531826396510542,0.9394530984512469,0.009726175500398197,0.011063540307540903,0.004438921775708432
255,0.2527566655717826,0.5854513544087574,0.0012959309237112072,0.1506609807139074,0.00983506838184131
256,0.03378975797814581,0.9468472979130378,0.013487219018607194,0.003668792397017983,0.0022069326931912886
257,0.1013392224864851,0.8541783466079456,0.026826889529319668,0.014777342212128407,0.0028781991641211356
258,0.19626883358678296,0.7846352651698196,0.008162827974255557,0.005812831773749048,0.0051202414953928355
259,0.01862722647241146,0.8875282714656059,0.08915504474848454,0.0014259382325129343,0.0032635190809849786
260,0.018301645322279864,0.7946306822047313,0.18209508784322126,0.0028220417652249736,0.002150542864542669
261,0.00915132258498885,0.9025334747011846,0.08545623907300423,0.0015444564499438557,0.0013145071908784588
262,0.006118663300317098,0.8885107445083991,0.10230655629863007,0.0011950497144382654,0.0018689861782156172
263,0.01595599961518845,0.8902929050340799,0.08450536099691017,0.005133154727765975,0.004112579626055534
264,0.00797013487581626,0.5619978817438228,0.4270089915830192,0.0016212865291544342,0.0014017052681871724
265,0.005411490044581417,0.7507793844385591,0.24003992625139065,0.0014654385063337311,0.0023037607591352375
266,0.008200905498425589,0.6675903227602992,0.31887463910350733,0.0020384384857432933,0.0032956941520245362
267,0.00195763240599972,0.4657959984719391,0.5307312133367545,0.0004110249540455306,0.0011041308312612983
268,0.0031420275328470624,0.5158644491457034,0.4774836488303573,0.0006259206369630622,0.002883953854129063
269,0.001735692731440609,0.2605913397402786,0.7359402392946255,0.00028044267561832094,0.0014522855580369643
270,0.002729363333566318,0.36778366464610684,0.6268990130594847,0.00033611977885385496,0.002251839181988289
271,0.0027112544872069455,0.4416340885341008,0.5525448468455624,0.0004514543474134488,0.0026583557857164856
272,0.002573972354308804,0.2420171498585866,0.7534544748805643,0.00017004273750202182,0.0017843601690383563
273,0.002831582783278785,0.40754343979959906,0.5868528572995548,0.00035768614236733387,0.0024144339751999574
274,0.001887610063515157,0.1732256820375487,0.8229171786012619,0.0002813372325009414,0.0016881920651732466
275,0.0024517151029590394,0.18732741871430303,0.8083141387107994,0.00023206535989222938,0.0016746621120462238
276,0.0009034347868285963,0.1335634615924122,0.8644994498427827,7.783469320138056e-05,0.0009558190847751664
277,0.0009789987722646455,0.12052541825600126,0.8766465889696632,7.662119723473623e-05,0.0017723728048360764
278,0.0008703385970353763,0.07602345768185899,0.9215705310149005,8.745205504552546e-05,0.0014482206511598184
279,0.0005146429387556709,0.053349623942301194,0.9446936972441061,0.00013706018857259492,0.001304975686264395
280,0.0016958329464215884,0.13765568309823836,0.8585265177224933,0.00013251736977987292,0.0019894488630669877
281,0.0006625156455521153,0.0914477244536311,0.9061417636415517,7.289481445136259e-05,0.0016751014448136245
282,0.0001525308144151975,0.03981745450416832,0.9592868942445582,2.7502656452327547e-05,0.0007156177804059607
283,0.000254803353404909,0.04793692188913266,0.9508914767508239,8.112765518165117e-05,0.0008356703514566442
284,0.0004281486021930598,0.05492233724388445,0.9419786755721682,0.00016104394001549332,0.002509794641738646
285,0.0008518642067358749,0.21195093350640828,0.784483430220483,0.00022338085313076465,0.0024903912132420293
286,0.0002498504439568169,0.04414934356950021,0.9546467776099671,3.0365362642863125e-05,0.0009236630139331606
287,0.0006163950014326123,0.17447236099453103,0.8226373099252176,0.00010024028921966783,0.0021736937895992466
288,0.00015235620154313407,0.03148236188990167,0.9676890765545112,2.0400185712160373e-05,0.0006558051683319212
289,6.351005414167544e-05,0.014782404854068771,0.9847591782530286,1.20675961547516e-05,0.00038283924260595225
290,0.00015625751664258102,0.02610481003359315,0.97258674552097,3.831208326232059e-05,0.0011138748455319398
291,0.0001343482836276613,0.014569174322825743,0.9846548910621375,1.89726320396723e-05,0.0006226136993691556
292,0.00015328214006407625,0.023487382090507204,0.9755915455876297,2.453599477866985e-05,0.0007432541870203762
293,0.00018662530203104186,0.02442619452910316,0.9744762711137045,5.8434619498152954e-05,0.0008524744356630392
294,0.00047854026611056334,0.055179026865980293,0.9428866921113273,5.0975047033281064e-05,0.001404765709548646
295,0.0006372480891321025,0.0676020637464079,0.9297441178684192,5.292767342459603e-05,0.0019636426226163376
296,0.0006351193876211389,0.05587500521608995,0.9416482217216374,8.60265198639892e-05,0.0017556271547874323
297,0.00025184435256493556,0.036603693837833094,0.9618199385823892,4.7882410479575264e-05,0.001276640816733107
298,0.000447050925390777,0.06863947918245863,0.9296166445135616,6.112327734001847e-05,0.001235702101248962
299,0.0007570268191096724,0.07701774852384312,0.920521924554525,5.478896566945832e-05,0.0016485111368526775
300,0.0005507979625981874,0.01302650762699728,0.9844945047221868,2.4720628930029032e-05,0.0019034690592879579
301,0.0006354888864147084,0.02461731822234301,0.9731184187659075,3.4526702440423e-05,0.001594247422894275
302,0.00017601431245267005,0.016707232329949303,0.9822220355427836,1.976965961960443e-05,0.0008749481551947152
303,0.00018713644636630052,0.02327552882576518,0.9756480786456062,1.6111146606413274e-05,0.0008731449356559762
304,0.00014220437083766314,0.01276896067754903,0.9865002135044847,1.0834019480613654e-05,0.0005777874276479821
305,0.0002525061682412467,0.020115969101347067,0.9788296372727576,3.7383762264885006e-05,0.0007645036953891262
306,0.00035998864863588664,0.03555782179841096,0.9632682338036729,5.4712477069899265e-05,0.0007592432722104627
307,0.00018112143561573062,0.016625546433106257,0.9826772777772482,2.953058398957211e-05,0.0004865237700401262
308,0.00025831489751513794,0.03485635656963388,0.9639890223635195,3.932860896696917e-05,0.0008569775603646246
309,0.0004901643721793964,0.08358344746105915,0.9148009475363271,7.319975352341538e-05,0.0010522408769108463
310,0.0002453629772782524,0.026866995389845733,0.972254936430229,6.588783111874334e-05,0.0005668173715283698
311,0.0015446690285608766,0.09160889200233047,0.9040543179736046,0.00022696611372612186,0.002565154881777782
312,0.00034472647621534874,0.05395778932355534,0.9446794743525039,0.00010214843878622621,0.0009158614089390422
313,0.00019120153958636143,0.02988225575038502,0.9679062158496476,0.0003901778688379548,0.0016301489915428976
314,0.003527335275617718,0.2722789531421752,0.7141010557659673,0.0016349526179640721,0.008457703198275754
315,0.004201288757223855,0.5454074612957565,0.4428490299137871,0.0032118638978540465,0.004330356135378632
316,0.02602702599037385,0.6346795594227237,0.3194219253815552,0.0035693332157912317,0.016302155989555804
317,0.026813897381964238,0.8930274274194249,0.07743939814656677,0.0009027069218631816,0.0018165701301808854
318,0.020806352538801236,0.5189672762215221,0.45502729479433135,0.0011526659770390894,0.004046410468306213
319,0.05518493989738967,0.7720251261101732,0.1678941127551037,0.0013995354507079277,0.0034962857866253447
320,0.01894442213301541,0.5097900704929295,0.46471892020154804,0.0038462824334186013,0.002700304739088413
321,0.009582105410044776,0.758535263723973,0.22493708788348382,0.004576569562801963,0.0023689734196962425
322,0.029705385563817854,0.5022586945088415,0.46018746080587253,0.004855141176351694,0.002993317945116248
323,0.007907630257765828,0.3310482657436093,0.6579083999184114,0.0014952696666060135,0.001640434413607492
324,0.004978001145517578,0.36376665985348083,0.6284654134387215,0.0011629424509384326,0.0016269831113418442
325,0.01113450476892636,0.32126162603267167,0.6610053420923963,0.001779701179461223,0.004818825926544545
326,0.019063209031445393,0.8284573233581367,0.14122897687612068,0.0047412448066935535,0.006509245927603571
327,0.25992378182868886,0.4564892856736736,0.225174774171968,0.011491914801499891,0.04692024352416977
328,0.05275763539100603,0.7885743544674313,0.1324989619895153,0.008389807727394906,0.017779240424652606
329,0.01981639682539925,0.7103322714772462,0.2593220394336581,0.00246336185230872,0.008065930411387683
330,0.36972898790546505,0.4436108970641267,0.04354405852051082,0.011354892962783273,0.1317611635471142
331,0.029977824144845452,0.8806101193869139,0.08104452338701455,0.0015495812822024918,0.006817951799023387
332,0.017957567544186294,0.7940112146215078,0.18097966036382535,0.0012063142023508886,0.005845243268129739
333,0.10460016332237614,0.8636604276397035,0.02353799323648336,0.0012883753838605439,0.006913040417576693
334,0.011257956563775958,0.8103940004939834,0.17505575559062167,0.0012075173162175463,0.002084770035401244
335,0.007496789802381627,0.7427966061586289,0.24664800214483812,0.0006498738873641558,0.0024087280067872406
336,0.00964238136008598,0.7182129337656261,0.2689499204369667,0.001285840850483745,0.0019089235868375667
337,0.004355246592529238,0.8181621433791798,0.17047614102088599,0.004702171888109113,0.002304297119295516
338,0.002753410641119398,0.34394730672757073,0.6447287061650985,0.007118198249646068,0.001452378216565343
339,0.02702625973929764,0.517799464716886,0.4192114488339413,0.024539845051532817,0.011422981658342397
340,0.019095845167254863,0.8784893645880227,0.08695644812116557,0.011359644291083581,0.004098697832473278
341,0.036414371253820306,0.459745561323491,0.4838593272542894,0.011238703263140228,0.008742036905258923
342,0.04606121431408615,0.9135786057510903,0.030709653674864657,0.006434756130176635,0.0032157701297824475
343,0.01167859357941927,0.54468796893733,0.438869386483364,0.002810001838342646,0.0019540491615442613
344,0.007992022289539826,0.8748657494169676,0.11192939018039447,0.0033314474320692068,0.0018813906810287821
345,0.007405945902056553,0.3624058938150637,0.6185813353287631,0.007903178483812548,0.003703646470303918
346,0.00624897139113586,0.753714864777444,0.22717105814582833,0.010306661675251698,0.002558444010340417
347,0.002387185244876807,0.7153324652742858,0.2763767538172396,0.0044758940431870375,0.001427701620410818
348,0.022810353446210224,0.591637914115333,0.3771803683549418,0.004474121033483092,0.0038972430500318588
349,0.01331112821046892,0.7228773458777192,0.2580288754921064,0.003377384694345439,0.002405265725360094
350,0.01099477518040003,0.9515765461838074,0.02997099795316702,0.0047909031114956,0.0026667775711299918
351,0.0183765808043275,0.5963582482151759,0.37271809559918273,0.009587158292451908,0.0029599170888620066
352,0.02633513543037326,0.7686553323475644,0.1869582671211204,0.006862126871099209,0.01118913822984275
353,0.03450874493355639,0.9016045185369848,0.05440116252643209,0.0022248650866803876,0.007260708916346354
354,0.026591051092009755,0.7514501554170614,0.21675129713949193,0.0015784970009140088,0.0036289993505229275
355,0.026721740748567348,0.9190511655319293,0.04997990833591795,0.0016039958456435536,0.0026431895379418883
356,0.031158539508422203,0.8458189514031303,0.112771616311858,0.00479473772157724,0.005456155055012063
357,0.01541191886146698,0.7432936206998972,0.22842400143109326,0.009561984561645065,0.0033084744458974505
358,0.018184623949640672,0.9671502051834592,0.008474895124027798,0.0024549583356741084,0.003735317407198111
359,0.012049426262230703,0.496338355358514,0.4745355227063401,0.013857735229439474,0.0032189604434759273
360,0.020795188276457634,0.9443685651137526,0.024600021445274685,0.005076847007843836,0.005159378156671088
361,0.015514667461713436,0.7637499728426569,0.21060258687324304,0.005896315059362573,0.004236457763023978
362,0.02026308054081114,0.8132971464226961,0.1390596135073224,0.022162678120240704,0.005217481408929755
363,0.011007196334773345,0.6346724884199708,0.3441059365436174,0.007143669172871093,0.0030707095287672253
364,0.033172306853972544,0.9406275378557372,0.008286240765449128,0.014760735321286567,0.003153179203554729
365,0.015800560377691505,0.9569241667480496,0.022258877299630053,0.0022857300748167267,0.0027306654998121983
366,0.03039006862813012,0.9570204232042532,0.004447374602368679,0.005819893534488725,0.0023222400307595656
367,0.020960761388645544,0.9547789013370485,0.018333938009378156,0.004896616459142791,0.0010297828057850764
368,0.012391913097443657,0.8427321643057294,0.13930559918880422,0.0029039974491360658,0.002666325958886836
369,0.017138876221800613,0.8919245076226792,0.08068469742303265,0.004329931332362509,0.0059219874001249844
370,0.028595100430530332,0.9426038487639484,0.0206524179723051,0.0016220851474534643,0.006526547685762706
371,0.0221496082195516,0.6618118082783547,0.3124715134172658,0.002068922742383598,0.0014981473424441844
372,0.12119628186759636,0.8477386374189512,0.017089731260577057,0.0017415420848533399,0.012233807368021956
373,0.02459190597165031,0.7759581305298209,0.1957718672354056,0.0010747344596979869,0.002603361803425225
374,0.01583125088385214,0.8140995948976295,0.16580035439205884,0.0016578703212434369,0.002610929505216068
375,0.011030287721979724,0.7890190285961499,0.19737863001853792,0.0009414808807329203,0.0016305727825994462
376,0.030580701343376843,0.8922942657998992,0.06782085807003045,0.005239646131100733,0.004064528655592491
