epoch,N1,N2,N3,R,W
0,0.030669775623992125,0.00016993210680066307,4.9010290760096684e-05,1.276555441488943e-05,0.9690985164240323
1,0.030565143653957665,0.0008806391306576338,4.523982669647409e-06,0.00026778274344210626,0.9682819104892729
2,0.015781541573039216,0.00525807097329595,9.897346003260879e-06,0.0009065408426102641,0.9780439492650514
3,0.08415439574604724,0.004383295956595092,1.063478276915115e-05,0.0018333136659640207,0.9096183598486244
4,0.042152365942816364,0.008372299997576967,2.879304422779906e-06,0.004131805352167793,0.9453406494030161
5,0.015695497168776478,0.0011973731213935379,2.9762534555579732e-06,0.0016983415694630157,0.9814058118869116
6,0.09935293133603189,0.003755247783175097,4.884276300912289e-06,0.00472289449908456,0.8921640421054076
7,0.22530895928112926,0.02243217730714359,5.847630274710208e-05,0.003682828353146782,0.7485175587558334
8,0.047113568872276586,0.026203440175261685,0.0003516177765774138,0.01858654543384659,0.9077448277420377
9,0.026195343705320537,0.008742801156664603,4.365358471900879e-05,0.022965507952264194,0.9420526936010316
10,0.17261548174969935,0.013546067527354424,0.0001254674544494898,0.003973369200879608,0.8097396140676172
11,0.01575808365502126,0.009938605275850828,7.600443109954973e-05,0.000840678867328561,0.9733866277706998
12,0.020199625611754778,0.07321922261940657,0.008530644381767389,0.00039226583949453686,0.8976582415475767
13,0.015659735930075604,0.0028150906165672874,1.4903617196238244e-05,0.0030598202020934023,0.9784504496340675
14,0.0022082901425219134,0.0006193541015695651,1.0250696186137063e-05,0.001100996216750242,0.9960611088429722
15,0.002767557553361111,6.823251437921799e-05,9.15100471255193e-06,0.0010730236208913427,0.9960820353066557
16,0.08340107798014118,0.0011648430461747698,6.023751419435685e-06,0.0010555331497825273,0.9143725220724822
17,0.0947443040826192,0.0017936605512040675,1.0421508375028491e-05,0.0030887794067784705,0.9003628344510233
18,0.03429286955550918,0.00632881301264698,2.3161799113551786e-05,0.0005551427116041496,0.9588000129211263
19,0.0056890921681108965,0.0013399381315596405,2.6027489709563007e-06,0.00025791520157551875,0.9927104517497831
20,0.006860510151753061,0.0008887078148975086,2.4951852346951e-06,0.00046343693173320064,0.9917848499163815
21,0.013477183178622332,0.000798685185425564,2.621477347410827e-06,0.0010291958013379308,0.9846923143572667
22,0.02920914570495314,0.001554259260472758,3.002339652087743e-06,0.0012258848264317865,0.9680077078684902
23,0.05796432482025929,0.00048045581541136687,2.6475489705631774e-06,0.0002843144926130526,0.9412682573227457
24,0.030799586353646744,0.001253520967948659,5.347910457090098e-06,0.0007836232614859867,0.9671579215064615
25,0.03457056455584078,0.006978697346897719,2.6296292142443812e-05,0.0009524361212672551,0.9574720056838518
26,0.03998053198457879,0.0073585489151465336,1.369767827497533e-05,0.0016427001026907762,0.9510045213193089
27,0.01985634793043672,0.0035260643857324683,3.230354783897457e-05,0.002161487756990743,0.9744237963790011
28,0.020203495189145132,0.002468311434389274,4.7197131275859196e-06,0.0012057092962460306,0.9761177643670921
29,0.014583847075616883,0.001777437926615548,4.3931886781198665e-06,0.001187788100887092,0.9824465337082023
30,0.09981479466451632,0.0019143852623956902,2.623558941424085e-06,0.013240830898509722,0.8850273656156369
31,0.2054041013267088,0.005006798090926798,9.650727556812428e-06,0.005152800006496054,0.7844266498483115
32,0.1201895177061733,0.011311511301206492,2.0504261399175602e-05,0.017215405446329636,0.8512630612848913
33,0.24665559599982553,0.02293389216028663,3.730265033753003e-05,0.08092316542876403,0.6494500437607864
34,0.09932847918817433,0.021656373431319254,8.072162827035832e-05,0.0938857413587639,0.7850486843934721
35,0.1885022584458834,0.011366576322691783,5.8957065392175614e-05,0.02624712901578624,0.7738250791502463
36,0.021388462382543952,0.022931368189031073,5.309394265134614e-05,0.012676042958348278,0.9429510325274253
37,0.11546658729103214,0.006932174195988237,4.843562219031308e-05,0.02733190816606832,0.850220894724721
38,0.16209887112481025,0.018017727703142535,0.0003208132911020733,0.020065357538943552,0.7994972303420017
39,0.17952638639214985,0.03756377066761479,0.0002759590310552171,0.095608372610539,0.6870255112986412
40,0.03677902074168688,0.016450012956337454,0.00019430145803550245,0.010512604287404397,0.9360640605565359
41,0.07447629544845898,0.12635613462890918,0.005262882466998393,0.005188256317107005,0.7887164311385265
42,0.026462117880033706,0.1443571961307333,0.0006188033231733834,0.004447360071195128,0.8241145225948645
43,0.023721612044730906,0.013554607060732199,2.724348603106195e-05,0.007837578424199179,0.9548589589843066
44,0.032057077939383324,0.01370487658841912,3.2811800448599975e-05,0.007378693463143918,0.946826540208605
45,0.02450430525052813,0.010635686675293144,7.063277919061472e-06,0.004042985893986562,0.9608099589022732
46,0.024878779020582914,0.011618342430161528,8.718337916679506e-05,0.0007083701511359181,0.9627073250189528
47,0.03857087979286598,0.010864307512789386,0.0002170612490033951,0.0007635412439422387,0.9495842102013989
48,0.05562370747394305,0.009271819704910967,2.4837632200138935e-05,0.002204378083085116,0.9328752571058608
49,0.1708555519463657,0.2294586458712304,0.006778904524722205,0.005244391750634804,0.5876625059070468
50,0.02145142822951885,0.013682183097730567,0.000119653052155552,0.00532387556487293,0.9594228600557222
51,0.045194099176571606,0.06370327419821822,0.0013112685061614424,0.0004629268281436478,0.889328431290905
52,0.00876756568151882,0.008785568318345937,0.00017415209995342716,0.0003468258862583354,0.9819258880139234
53,0.004392170041265866,0.00045338614471163575,5.361145526210063e-06,0.0002899963334884887,0.9948590863350079
54,0.009047770792812658,0.0009885468208542581,3.125967168065734e-05,8.980937485811466e-05,0.9898426133397944
55,0.013979663178603925,0.0009437951445773645,2.926160355902267e-05,0.0004087302537296782,0.9846385498195299
56,0.012649586269409941,0.0026478993001730743,7.472953020706083e-05,0.0004198982333502474,0.9842078866668595
57,0.008882013048977603,0.0011213082657506397,0.000258043007393628,0.00020803054653292582,0.9895306051313452
58,0.009189138450247753,0.0008796426666956747,3.684670775274824e-05,0.00025916749860112266,0.9896352046767026
59,0.08550246021552563,0.007488050530689018,0.0003942160980661266,0.0008647564735937098,0.9057505166821255
60,0.010831386870273506,0.0020760308098930957,0.00010685650808282857,0.00017899795163880584,0.9868067278601117
61,0.005555319962846834,0.0004298760274235618,0.0006791262749839266,0.00011659095179967601,0.993219086782946
62,0.011381499275716404,0.005536333376758921,0.0010178507857459928,0.0014463265566948633,0.9806179900050839
63,0.025919305392129385,0.006803594792962608,0.0016568318645657789,0.0013124506885352524,0.964307817261807
64,0.004143770598410051,0.002394304015446833,0.0005585000573358408,0.003080886885883099,0.9898225384429241
65,0.01124321795867663,0.001189838644335083,0.0003944450513437036,0.0010055993274726259,0.986166899018172
66,0.054257981240959534,0.0035851866512136453,0.0001618797703748214,0.0017699313533981235,0.9402250209840539
67,0.11003816909610604,0.004784126783476125,0.0004334220232022696,0.0035430940046682546,0.8812011880925474
68,0.15469728751549908,0.01448642324725767,0.0009084043380806932,0.0027987558455559373,0.8271091290536066
69,0.1686277503051648,0.016727136333510122,0.000999952284275499,0.01022649234293813,0.8034186687341115
70,0.19246580148678336,0.02596474898665503,0.0005096051588016681,0.011875030859895747,0.7691848135078642
71,0.04222421129894933,0.02061596497951777,0.0002783601761350133,0.0037868249595136784,0.9330946385858842
72,0.22017527622406566,0.05063795851252324,0.0001817029618155041,0.030180827487579606,0.698824234814016
73,0.2683783307875738,0.0371374620888951,0.0004910144132240056,0.02204790071861122,0.671945291991696
74,0.48043186936402416,0.07453128757628348,0.0003040401632341814,0.011652097394370555,0.43308070550208766
75,0.5381632022368722,0.09419763515627423,0.0012088252745328933,0.0264424229951684,0.3399879143371523
76,0.4450789581320475,0.17482959182422658,0.0011918168107899892,0.04254422324093402,0.3363554099920019
77,0.4433082380953995,0.42543725185062253,0.002811416122911012,0.050797679368372914,0.07764541456269394
78,0.2578909030631318,0.6716441774298569,0.006611372492829921,0.02179966777101232,0.042053879243168925
79,0.14463646094508795,0.14012268328683844,0.0010145685183388512,0.014932575495956514,0.6992937117537783
80,0.166757706906346,0.6936893201993393,0.0012223642383876038,0.06645062890718798,0.07187997974873916
81,0.13114174918851246,0.704350067308082,0.001098804109738624,0.012893899313758854,0.150515480079908
82,0.34754837978953657,0.49230695457658213,0.002459594526976559,0.03264358886246799,0.12504148224443662
83,0.25758338011573745,0.5590911249070751,0.001992851612032547,0.07521940806506125,0.10611323530009348
84,0.2970527737461529,0.29948040230488965,0.007704161522054402,0.034684503737249274,0.36107815868965387
85,0.1938330018733386,0.32040924486169503,0.0017907409353143096,0.049429198189139135,0.4345378141405131
86,0.2838963706992584,0.4391462163718757,0.002053994595795447,0.08115626211764429,0.19374715621542615
87,0.2875132531798962,0.08999356694199247,0.0009902721887520153,0.007387130079550221,0.6141157776098092
88,0.12536590958530067,0.10756434134121753,0.001455141650179628,0.002099961520773395,0.7635146459025288
89,0.2709074001442887,0.06399164854371493,0.0010318827010682282,0.0027181592203178954,0.6613509093906103
90,0.0844159284701274,0.11255638954110916,0.0009467664949339668,0.0026550493428596045,0.7994258661509698
91,0.15380257324156116,0.05626126505443848,0.0008726778384289753,0.004398420087020388,0.784665063778551
92,0.22155476641375194,0.13192722042821522,0.0009266046629617949,0.007382842054342841,0.6382085664407283
93,0.27378061932951847,0.04255122010207534,0.0007828273373269932,0.004469913532291472,0.6784154196987878
94,0.04673186765325857,0.03668844653022797,0.00040967691692511227,0.0052544811777030945,0.9109155277218852
95,0.1133086090043344,0.02788708203440863,0.0002548636833505294,0.005143499995742933,0.8534059452821634
96,0.035908860141071544,0.043925988988409395,0.00029085873054054186,0.004891612864737212,0.9149826792752414
97,0.397541639410999,0.24057292124497615,0.0030174484651027222,0.10534666358484611,0.253521327294076
98,0.0301812875294763,0.01575506886777104,0.00022162001021869265,0.001257824224823239,0.9525841993677107
99,0.1485292397960956,0.21222784743638295,0.0013339274004985856,0.007614355545465898,0.6302946298215569
100,0.08235458599836798,0.6974526371738395,0.0014396611702536383,0.009093955484039216,0.20965916017349973
101,0.0194506104282272,0.01806556643936746,0.0003599020540699097,0.0035497495930715546,0.9585741714852639
102,0.15754066233278421,0.692430476484895,0.00921897061840135,0.028581983078728793,0.11222790748519058
103,0.012003940647887245,0.024625663407934286,0.0013113399536487983,0.0026656785297348375,0.9593933774607949
104,0.5096721985239899,0.07109153805680636,0.0012520755646499358,0.02561542887528325,0.3923687589792706
105,0.30241574839040825,0.15635219094417857,0.0022807519103872115,0.04400059936884464,0.4949507093861812
106,0.39081870835813703,0.20132953978598866,0.002067259139538973,0.005685256836734328,0.4000992358796009
107,0.14411884889367643,0.5806561942416024,0.01251716360188062,0.007581757858146667,0.25512603540469403
108,0.3044079473146163,0.6133580490002646,0.014404214306795471,0.0027625661351168484,0.06506722324320682
109,0.14259851101128193,0.7074180670067761,0.009326546244426321,0.0032534801301626775,0.13740339560735282
110,0.2365029152247112,0.48658496531578904,0.03931397652780186,0.0024643549766151943,0.23513378795508277
111,0.07146873967554436,0.8403539527854945,0.03610330929111019,0.0007770837810564436,0.05129691446679453
112,0.0344548816558186,0.9507780196422762,0.009069309469868642,0.0006134482617395228,0.0050843409702969805
113,0.08842319740099423,0.4795866067688711,0.04411284605145591,0.0004948335170989362,0.3873825162615797
114,0.08671726756284386,0.7339298162522969,0.05642828755709582,0.000991036787927293,0.12193359183983599
115,0.1105676891985644,0.8245304471108935,0.018983017956779324,0.0006087350991258165,0.045310110634636844
116,0.08708566301453745,0.7482944577641653,0.045500476838376845,0.0007069761462833996,0.118412426236637
117,0.1363470392843924,0.7764932401590197,0.03194068032462605,0.0022487146991788183,0.052970325532783136
118,0.1300736120298212,0.7802681689114092,0.0746081448234277,0.0020005603564550653,0.013049513878886781
119,0.21131384295500816,0.5599610699078044,0.035145675876330905,0.004883385488026822,0.18869602577282968
120,0.10462216495781504,0.8161858692089123,0.026109060082307737,0.00502604790860783,0.04805685784235702
121,0.10922234052706023,0.7942370636348578,0.06004821891169254,0.0024200562351682033,0.034072320691221354
122,0.09370269591476593,0.7384342033772873,0.15762885833042992,0.0018163430190449,0.008417899358472156
123,0.025824324239119553,0.8247073264810418,0.14277336911556193,0.0011626124742894512,0.005532367689987221
124,0.020876235271925277,0.8979654296488049,0.06795003305450084,0.0022852544213151937,0.010923047603453698
125,0.0052164367129986676,0.6561174387153118,0.3349571766583984,0.0006417680897397635,0.0030671798235514737
126,0.023537801101768795,0.7559813604505087,0.21064795924595237,0.0010382599166109776,0.008794619285159216
127,0.11079191854139386,0.6787173232019483,0.14075345389026533,0.005214366741493607,0.06452293762489873
128,0.02940406331093188,0.6596373955123545,0.28791123880725605,0.0013510028716367866,0.021696299497820697
129,0.03840498112061648,0.46355582987016986,0.46836645414900074,0.0011931354066912123,0.028479599453521635
130,0.0034436086305164324,0.3310564225091421,0.6611804524959936,0.00022712280089264085,0.004092393563455282
131,0.010601746418912017,0.3132127710488441,0.6481399087334228,0.0010057650218074712,0.02703980877701363
132,0.007765071554538151,0.2613212524290175,0.7235277997410541,0.0004281729345009683,0.006957703340889357
133,0.0053072214535495234,0.3490936628596882,0.6430827014540539,0.0001608124309355631,0.002355601801772881
134,0.006234774959470325,0.3194505299496547,0.6710922321508824,0.00042831461637495174,0.0027941483236177092
135,0.004365945269085324,0.3037116745244044,0.6884735268361762,0.0002077127092445522,0.0032411406610895577
136,0.0039339534922816135,0.18683630534157178,0.8071012024217787,0.00017565650006008695,0.0019528822443077207
137,0.0010260678776950042,0.16752288588581013,0.8301523563822956,0.00013716958668249553,0.0011615202675169748
138,0.00489211467619707,0.15182788815254483,0.8395279109603101,0.00036254473273687526,0.003389541478211063
139,0.002261819314605497,0.11833753523692876,0.8776844309118815,0.00010478100460422847,0.001611433531979867
140,0.0035127650591733218,0.13477429989431972,0.8577690137178887,0.00027325569970607853,0.003670665628912242
141,0.00034094267845521925,0.08188675133751776,0.916823179494848,6.690442289125288e-05,0.0008822220662877983
142,0.00119162173535547,0.058776483597961955,0.9390057290865753,0.00014827497800248368,0.0008778906021048613
143,0.001787671236386359,0.10494478054785923,0.8916888412066641,0.0002563049915678206,0.0013224020175224588
144,0.0004624292782780742,0.07680260377059721,0.9220538775647357,0.00011169134484676503,0.0005693980415420778
145,0.005868348537406282,0.13939485281717648,0.8518195517765832,0.0005201239232885529,0.0023971229455454278
146,0.0023996386446232714,0.1117934579268828,0.8844911033007945,0.00020273447823185674,0.0011130656494676018
147,0.004909731531582553,0.17573806099906586,0.8171489387251789,0.000430138987373962,0.0017731297567987532
148,0.0035278417610216397,0.10985010009347028,0.8844393299115444,0.000542815447781175,0.0016399127861823997
149,0.0019601216405850854,0.08725002944507583,0.9092959281920284,0.0003200707513916858,0.001173849970919193
150,0.010130656219092428,0.2056289264138411,0.7785046076726284,0.0009512183103719059,0.004784591384066116
151,0.003717234176494706,0.10934606909420894,0.8844426737257356,0.0003140602526473235,0.0021799627509134696
152,0.0029889392949956585,0.08510544562708357,0.9100001976217555,0.00027259113414124063,0.0016328263220241155
153,0.002935710156972104,0.12926041065800803,0.8659928464570628,0.000300345474660053,0.0015106872532971642
154,0.0008888734456319057,0.060020528897909084,0.9380778325432929,0.0001280809788425581,0.0008846841343234782
155,0.0007555037543834188,0.07800396743009412,0.9197092092069982,0.00014420258057382126,0.0013871170279505473
156,0.001712577493674608,0.07723584493359498,0.9201036259037156,7.435659851633863e-05,0.0008735950704983091
157,0.0008146646721836293,0.06534028639440698,0.9331237319564595,8.578381334753668e-05,0.0006355331636022595
158,0.0007550661959223077,0.07079073959813141,0.9278262337774343,9.423411548289077e-05,0.0005337263130291661
159,0.0011673368578023525,0.095913210923419,0.9019763728743185,0.0002142404268167755,0.0007288389176433245
160,0.0009463083279587853,0.0595683151773219,0.9382304550911612,0.0003087584145287995,0.0009461629890292594
161,0.0012902661503010142,0.06132765171605189,0.936361555570813,0.00016420964924246742,0.0008563169135914838
162,0.0018516177477076498,0.1336629066586151,0.8629355567385081,0.000265621067777165,0.0012842977873919804
163,0.0012844183656752143,0.0459140657361315,0.9516591053236148,0.00014973736339682635,0.0009926732111817443
164,0.00318997321584879,0.18797508440082938,0.8068807048083958,0.00023273135010112723,0.0017215062248249124
165,0.0010221684703190814,0.12271921448110894,0.8750798813330691,8.114377220856588e-05,0.001097591943294222
166,0.0027152281374552834,0.14567745997967832,0.8485749982347395,0.0003472049564717172,0.0026851086916549996
167,0.002135714049015347,0.11591125343661293,0.8791685441633583,0.0004141010351972514,0.0023703873158160953
168,0.005492050613392367,0.11697480269168836,0.8735087784150853,0.0008227239641868399,0.003201644315647085
169,0.010110037739854345,0.1794959918189935,0.802614654327307,0.0015263953544227275,0.006252920759422399
170,0.0026926643438661534,0.10159686130703308,0.8937717936906726,0.00034705995004658175,0.0015916207083815817
171,0.0026174671654759234,0.086700670452065,0.9091398447152917,0.00034706165449307884,0.0011949560126741797
172,0.001972119473488712,0.08497810031381521,0.9117701377143662,0.0003462426491751792,0.0009333998491546926
173,0.002573831056776187,0.10316002136055623,0.893069607664981,0.00021401922436055918,0.0009825206933259411
174,0.0021830301792991266,0.08281693189897052,0.9132844947388119,0.0004489750601708238,0.0012665681227477413
175,0.0026458875689266774,0.11057827061946403,0.8844462507306337,0.0005398961442143526,0.0017896949367612399
176,0.0016509835085183615,0.07653599950635914,0.9205437650443001,0.00016680318076204803,0.001102448760060425
177,0.0018926644448594564,0.04502624224233802,0.9515122202955918,0.00014806790859007795,0.0014208051086207383
178,0.001781223385108034,0.04542703491299367,0.951710512270413,0.0001809025488101463,0.0009003268826751423
179,0.004306445147792038,0.07642918153489076,0.9172136792147584,0.0003384537225847356,0.001712240379973943
180,0.004567618892576629,0.09108750101426089,0.9007741829853301,0.000390095304093707,0.003180601803738772
181,0.0020937258360544946,0.11104739129925217,0.8848949959577269,0.00028597374559144147,0.0016779131613750048
182,0.001890868309558278,0.07050782809270548,0.9258786512696396,0.00024762184106265133,0.0014750304870341695
183,0.0015261768635325339,0.08430938974997684,0.9131430298308363,0.00019648485431455258,0.0008249187013397849
184,0.002622428234698263,0.09588292011639468,0.9002045298776431,0.00039007250923461144,0.000900049262029237
185,0.0010268783900356175,0.054618627962726124,0.9436554107704502,0.0002469216294909054,0.00045216124729729486
186,0.0029171118964975854,0.11018068251098052,0.8849081811542286,0.0007794701672766303,0.0012145542710166313
187,0.0030456430190379724,0.13208104331314605,0.8630580965915269,0.0004897123688611972,0.00132550470742792
188,0.0024137403282113484,0.10337840076299618,0.8925392407579601,0.00042421274091643295,0.0012444054099158529
189,0.00124124571034708,0.07315146719217017,0.9236709146975816,0.0007706747079238393,0.0011656976919772555
190,0.001953747588536813,0.13821092912287533,0.8583115330439545,0.000452085724251955,0.0010717045203812727
191,0.0019447723546080664,0.097783863448888,0.8990598995143402,0.00027117132043685555,0.0009402933617269026
192,0.0027002063039337945,0.11469176282379134,0.8778097726313404,0.002049622656161557,0.002748635584772895
193,0.003285538149633247,0.08142396143113681,0.9127197222584945,0.0008101033056930911,0.0017606748550423774
194,0.005793595313419484,0.14177525119891954,0.8476623839689605,0.0010267425240235448,0.0037420269946768637
195,0.0030062407797323554,0.10325575099243871,0.8907204589288313,0.0012448640205461714,0.00177268527845144
196,0.004238250146716267,0.15049043614351246,0.8434853178616438,0.0006235634000348765,0.0011624324480926302
197,0.009888795898170648,0.22632673762686595,0.7580225332619296,0.001749143493046771,0.004012789719987162
198,0.004156590612026765,0.13067758364458276,0.8632144637824786,0.000626358968268146,0.0013250029926438309
199,0.005228177008628609,0.16281746023572147,0.8287827756133722,0.0009940838775843249,0.002177503264693354
200,0.009050028149430015,0.23217181298391476,0.7531384449295493,0.0024386341068154305,0.0032010798302906113
201,0.02742252904519123,0.46643992376667687,0.48592575590730647,0.009361987890854582,0.0108498033899708
202,0.011620820634023497,0.3453895349367541,0.6323045166078483,0.0038183206959815025,0.006866807125392716
203,0.016184362532971345,0.5184343875739896,0.453832231511581,0.004505818307507702,0.007043200073950356
204,0.028150490172125103,0.44844393707761915,0.49818808836710066,0.018971089427150225,0.00624639495600465
205,0.07363475072506444,0.7632304964117428,0.09875655695618224,0.028851059896847032,0.03552713601016353
206,0.015681342520685034,0.8465438227884113,0.12311377944450858,0.009580626289474387,0.005080428956920693
207,0.21998464442679455,0.661163446842528,0.0487743300042319,0.02499379101756577,0.045083787708879754
208,0.03954025051074108,0.873574778221386,0.024769481435419773,0.006308745927161849,0.05580674390529144
209,0.04909315669671303,0.9051907143521183,0.010781275572699537,0.010968220447281324,0.02396663293118784
210,0.08100640033312617,0.8724083623465078,0.019514745404797723,0.007231843734723298,0.01983864818084477
211,0.08363852098919812,0.8438880275363637,0.031689289953131326,0.01673174030641771,0.024052421214888885
212,0.13243230023360159,0.7194636566840258,0.01827387481760791,0.024738977987475538,0.10509119027728933
213,0.0515382235124726,0.8329685948977816,0.02188381763228395,0.010195483044284706,0.08341388091317736
214,0.13890029577107685,0.7349532190938939,0.02171371214555882,0.04357649617625429,0.060856276813216176
215,0.22308907850930199,0.3911367128314326,0.005747800782631606,0.010931491880748297,0.3690949159958856
216,0.07199396151049595,0.9024702951621565,0.0019619072616432415,0.016919006232257696,0.006654829833446745
217,0.28199939930697737,0.6030651718234237,0.002471089844739396,0.023586501559270008,0.08887783746558954
218,0.3694883591514877,0.5667843255816072,0.00385053382019074,0.02891576935333108,0.030961012093383318
219,0.15973399357637075,0.7588627518677081,0.0030018823495066883,0.06558396797179716,0.012817404234617158
220,0.3565067001616188,0.41614449325684755,0.006236957776796494,0.14135112583908627,0.07976072296565084
221,0.09119717212565384,0.8426022836419362,0.0026257128646296327,0.03818553407690469,0.025389297290875364
222,0.2662516921848956,0.4451938489783314,0.010322858061275022,0.1555315893969194,0.12270001137857856
223,0.11472664516133772,0.49276067949388475,0.017338095352445293,0.2816571650846079,0.09351741490772433
224,0.19833598668268768,0.49501103818998354,0.00734790394850346,0.16672127476303436,0.13258379641579088
225,0.2599157782807058,0.40820395263501197,0.011702728658843602,0.15185012075644705,0.1683274196689916
226,0.1755223549411407,0.25232501108459265,0.0009578869796930392,0.5483247573730973,0.022869989621476263
227,0.26598788868036954,0.2613917665690336,0.004824633676194097,0.13604107834012347,0.3317546327342792
228,0.22069397114933667,0.1425705138847853,0.003645507661074683,0.26718526326155145,0.36590474404325185
229,0.1271953843853059,0.17725563113119608,0.0004490014023107009,0.6730841086246303,0.022015874456556908
230,0.09422600239291405,0.288567486370736,0.00272676114226469,0.5872968536216844,0.027182896472400898
231,0.2750665987778084,0.06652650024159244,0.0008778670159093745,0.607992863220637,0.049536170744052754
232,0.09319154414676861,0.20651251093084763,0.0006992228532137104,0.6788105197272477,0.020786202341922428
233,0.18918750381303462,0.21413859551862371,0.0009854037330832004,0.5730573766173584,0.02263112031789996
234,0.2675108664014969,0.23455786515892216,0.0020913053664789634,0.47765280622354994,0.01818715684955215
235,0.09083527794894392,0.3574963158598169,0.0007910330821763122,0.4878243102761983,0.06305306283286445
236,0.20841893533178849,0.10244568814533654,0.0006194795801006352,0.6153419509932112,0.07317394594956317
237,0.31696898407524365,0.10756626823738091,0.0006318241398472825,0.49129626688064015,0.083536656666888
238,0.16441694523629027,0.19811467280941872,0.0006789548736708896,0.5777118257794394,0.05907760130118075
239,0.25155971876736155,0.15776511953545916,0.00042630152862616554,0.5540173827757152,0.03623147739283786
240,0.27864005716030404,0.11250080683196677,0.0004993709489776582,0.551868178579588,0.05649158647916357
241,0.31579264213461833,0.03607213444055168,0.0012209942879492029,0.427210566964692,0.21970366217218879
242,0.10555852764202614,0.01798768467206976,0.0005023528897804194,0.7545276294134451,0.12142380538267854
243,0.11799982621942771,0.03167323638051124,0.0017579736875872475,0.7602230986213023,0.08834586509117147
244,0.026757277352154316,0.045618110663369765,0.0008423796908229762,0.8752988294194308,0.051483402874222185
245,0.12870627693138498,0.09151213416498864,0.0024898305084264283,0.5509506565351806,0.22634110186001935
246,0.05832839819933512,0.03243160540871217,0.00018462125048553194,0.8930341179151787,0.01602125722628838
247,0.13231308826887683,0.04982034190636436,0.001179096031622199,0.3716856560558714,0.4450018177372652
248,0.2138195963029194,0.053769933146300276,0.0006737767126296383,0.7034375708272487,0.028299123010902066
249,0.17912373760287545,0.36564234819183666,0.0009158066628523354,0.39363217923574845,0.06068592830668707
250,0.14897591776749078,0.2109279106116977,0.0003834495089980622,0.615492082763041,0.024220639348772423
251,0.19803900349114537,0.24190465002351808,0.0007615199864676469,0.49737966455638144,0.06191516194248729
252,0.1438684116637269,0.28172560847390005,0.0005689214504620845,0.4931528160918699,0.08068424232004097
253,0.23096166617057987,0.39771878041522624,0.0012334117074563227,0.26705800145817693,0.10302814024856063
254,0.11420210939316411,0.24721809815178739,0.00032285029303816867,0.06899477020187054,0.5692621719601397
255,0.26220090508313476,0.11867643427643089,0.00037073294529295483,0.19121428519359285,0.4275376425015484
256,0.038936234570608734,0.014333360444566167,0.0009145990238809223,0.005418776044710383,0.9403970299162338
257,0.2945240552728367,0.10185057039214021,0.0005244944689453673,0.11542619620306178,0.4876746836630158
258,0.3485403921698916,0.12669746005494362,0.0007853808290179223,0.24506057367116155,0.2789161932749853
259,0.18826103909647962,0.5743966732743966,0.0028444889702078243,0.1889262883768015,0.04557151028211448
260,0.09193083655225137,0.23265875925536644,0.00011669318375681802,0.6461697439602847,0.029123967048340783
261,0.05053254577874358,0.07642477518605727,1.041897597569834e-05,0.7351272424710407,0.13790501758818274
262,0.056722202498767506,0.06738717404425391,0.00016029258608666727,0.8080742187890378,0.06765611208185397
263,0.10232187286794936,0.07310851063051023,8.362332227338334e-05,0.7652216207698156,0.059264372409451406
264,0.09548444298122698,0.08815197245389245,0.0001459722731615616,0.7463694625615578,0.06984814973016124
265,0.06954328370230793,0.05048996797893371,8.008959378340584e-05,0.849197646503823,0.030689012221152123
266,0.10311006676926496,0.04954911194052847,0.0001716600279638676,0.759191423770186,0.08797773749205683
267,0.09150314305875236,0.3810463057213256,0.00025153741997144816,0.3751186463505107,0.15208036744943992
268,0.11491915311559038,0.12741755093761173,0.000509293479937477,0.6747699277802021,0.08238407468665837
269,0.21123921883302157,0.14896087506869415,0.00022143724495947252,0.5073445962892935,0.13223387256403135
270,0.25134101118993446,0.2136315055124981,0.0008451273686801535,0.23769786633107023,0.29648448959781704
271,0.5719351389868307,0.07888544246431461,0.0004200841077377603,0.09568471221698617,0.25307462222413085
272,0.4622695371549427,0.1271641984635424,0.0004017167046758723,0.3665525509571344,0.043611996719704685
273,0.514915251165481,0.1019142245055836,0.0016729397231067236,0.2652721451834335,0.11622543942239516
274,0.3993516770434239,0.14601823173770526,0.0033439001793752017,0.26530453617845645,0.1859816548610392
275,0.3281110843709075,0.3390291490576449,0.005149556117837665,0.1412185331980666,0.1864916772555433
276,0.21119659499344604,0.5081251845221648,0.006419550752985704,0.09170146175088062,0.18255720798052283
277,0.22583347834351175,0.4231471794574196,0.004306269880774499,0.1380152628592835,0.20869780945901079
278,0.3807657214866808,0.37246104094358157,0.019090534264969407,0.026364714356380162,0.20131798894838798
279,0.05039766280163587,0.05752377209843655,0.0010262712071327723,0.004728609422149178,0.8863236844706457
280,0.44701383803792377,0.2093156835739942,0.0013262406508209902,0.03378917456898174,0.3085550631682792
281,0.25681645748122683,0.2900805862161196,0.005881715900400338,0.005397831178664563,0.4418234092235887
282,0.4220713181625127,0.5227804847190834,0.0032518634590560157,0.003778368875228661,0.04811796478411924
283,0.20536478123613583,0.7110230306307169,0.007054685714439135,0.01161543568465828,0.0649420667340497
284,0.1756866127400351,0.6565050384786151,0.001900368263892536,0.014118995509860156,0.15178898500759727
285,0.2845636645875488,0.34794792569359007,0.0005679239417227409,0.024806338497603744,0.3421141472795346
286,0.23293518409658845,0.5763845105618445,0.00413851523521254,0.00718393336711026,0.17935785673924431
287,0.2654601596035033,0.7198754088065666,0.0020194495534655156,0.005198627098986489,0.007446354937478062
288,0.10222909863787946,0.8778779105433557,0.006155009612129737,0.0010015739878322426,0.012736407218802823
289,0.023834489781318607,0.9531536860737477,0.0080675323010422,0.0020844514823320386,0.012859840361559356
290,0.03363190099163635,0.9076156696073843,0.013786133885696163,0.0011700612298531086,0.04379623428543
291,0.13629146811314927,0.5360464797256712,0.003789254574156658,0.004335382734064991,0.319537414852958
292,0.06483012041960551,0.880472471932522,0.010708451154783838,0.0022663804370204326,0.04172257605606843
293,0.13151621066200528,0.7923989552198882,0.0038112555834406135,0.005639804406217589,0.06663377412844809
294,0.1320914425910143,0.8043927503152424,0.020220483772946954,0.0038269130364116215,0.039468410284384706
295,0.06838688269612704,0.8944508684541165,0.007209441658176494,0.004189711600421324,0.025763095591158823
296,0.22857548990288637,0.7172664412640805,0.02120982330479488,0.004930934743497864,0.028017310784740262
297,0.28934101318859434,0.35116900724599764,0.009345362075131253,0.003985774336888157,0.3461588431533886
298,0.043611841947540794,0.9310514326942791,0.014103724860353706,0.0010108464608528378,0.010222154036973656
299,0.02669109553687485,0.9463279506383249,0.019239879142310724,0.0007905751575575009,0.006950499524932122
300,0.04572126898057956,0.8728677046593825,0.05654441947536263,0.0037526037342266077,0.021114003150448844
301,0.08465889154665435,0.8579868621741668,0.02798757452441162,0.003642821995282528,0.025723849759484916
302,0.04087089565998701,0.904248906603552,0.04555789975620082,0.0024991267287163676,0.006823171251543962
303,0.044547822330871865,0.8980582398677913,0.029939283424860984,0.004839261258860915,0.022615393117614693
304,0.11950287740589396,0.8252074158205018,0.038190936975693056,0.0027338229054351794,0.014364946892476096
305,0.029345339851144295,0.8615686865304748,0.08801158166277198,0.005831708257046583,0.015242683698562458
306,0.04103999203717482,0.912607307196008,0.032156544142319596,0.00381962889536937,0.010376527729128265
307,0.06408043314708461,0.8561346762616704,0.07203441692111572,0.00255933372138436,0.00519113994874507
308,0.04886582085587253,0.8421028730185974,0.09712825469854616,0.002654914110458783,0.009248137316525103
309,0.08019512815452881,0.7976628086911114,0.10513662688688283,0.005421653685325699,0.011583782582151387
310,0.028587802356915226,0.8806119655596686,0.08158416614619522,0.0023946322738496416,0.006821433663371313
311,0.01835741410068934,0.8611158162811654,0.10714944234681344,0.002462309781636605,0.01091501748969512
312,0.025443800005018207,0.9244529314600733,0.03091939500214179,0.004820829897840038,0.014363043634926588
313,0.026033616523635006,0.8949898017218654,0.06254387913399008,0.0030227998535830355,0.013409902766926359
314,0.022326351530085123,0.834686143873909,0.13136226225479122,0.0022226198354625857,0.009402622505752006
315,0.006544380090577496,0.7768815782475805,0.21187824409604558,0.0011283217984850054,0.0035674757673113855
316,0.004639458708834631,0.8862535930161336,0.10564897038822217,0.0010972916473018718,0.002360686239507628
317,0.007917548158385065,0.8425135008460671,0.1451332235608768,0.0020427892414787356,0.00239293819319231
318,0.0014595603094127991,0.9277361450060133,0.0667956777964475,0.0009209656379611441,0.0030876512501655027
319,0.015293547063553984,0.9174281639189609,0.05972510233612317,0.0018633701057867887,0.005689816575575148
320,0.010408825940570413,0.9252941230979762,0.06089715590304055,0.0011679599282071538,0.002231935130205581
321,0.01152338784431003,0.8737884447450714,0.10892246203818143,0.0018949205740867684,0.0038707847983499868
322,0.02718922717119492,0.9015562018646692,0.06673160107012421,0.0012422285527166617,0.003280741341294844
323,0.013233385217947681,0.8914820934276854,0.08018239081787804,0.003243273959012672,0.011858856577476307
324,0.010903193764001052,0.9095803708945414,0.07488585062804484,0.001347221819359955,0.003283362894052705
325,0.021403569997904305,0.8571828509781626,0.11385312037348212,0.002047528687434409,0.0055129299630164545
326,0.007154677931150301,0.8950112475437147,0.0944099981775708,0.0008798807653502719,0.0025441955822137134
327,0.010633481696607022,0.6721971023575428,0.31251759545812224,0.0016044262562851773,0.00304739423144273
328,0.019617747464795627,0.7836607965772463,0.1903114077743726,0.0024548126495092205,0.003955235534076282
329,0.0038637687005587547,0.8754631659893005,0.11792250118301119,0.0008662428553809352,0.0018843212717487405
330,0.010369755597181984,0.8691580354657609,0.11359808976651903,0.0016005864064240329,0.005273532764114062
331,0.01430573193106669,0.8400559259451942,0.14153736763292935,0.0009543068651717545,0.003146667625638071
332,0.012067987229376504,0.8274745864534067,0.15367023172109834,0.0017013545441190378,0.005085840051999391
333,0.0088110741039999,0.751750519597463,0.23651994840081839,0.0010210500382247913,0.0018974078594939919
334,0.009236871826081267,0.7873412684874099,0.19904422251637377,0.0015996379802931985,0.002777999189841839
335,0.006166554195765181,0.7355595311381896,0.2547911823400534,0.0013410564637640961,0.0021416758622276547
336,0.003452172312163891,0.695934291906357,0.29788041730386244,0.0010466344928396149,0.0016864839847768656
337,0.032390012492917675,0.8350420747964232,0.11579613731707396,0.006508206339984095,0.010263569053601027
338,0.002753724800319005,0.6888995327927848,0.30568817724583414,0.0010193358515838621,0.0016392293094781968
339,0.00942620931261267,0.6340466413040103,0.35127844140904824,0.002000546829811307,0.0032481611445174027
340,0.00940887845190571,0.6982986749396192,0.286613336726564,0.0022740152535685202,0.003405094628342541
341,0.00944159616422873,0.633989608133062,0.34928893442684184,0.0035683457852093542,0.003711515490658067
342,0.009108502751174806,0.7132725523844032,0.2668119111942807,0.006397581874441028,0.004409451795700113
343,0.004479411499469942,0.6095013245031525,0.3815454296021031,0.0016414600206750805,0.002832374374599233
344,0.010960711161478672,0.7489962706782555,0.23173692640421692,0.0030703922589856623,0.005235699497063066
345,0.0036153599356645136,0.7416978353245773,0.25014350372389116,0.0015527533911128917,0.002990547624754117
346,0.013347270648158466,0.08820831430149773,0.013776316325403609,0.002798212859700991,0.8818698858652392
347,0.2382846072803837,0.4236419623232229,0.005294795206988026,0.004022374961105287,0.3287562602283001
348,0.3326243307230918,0.5764892758987,0.024201466249803023,0.0033530168016373918,0.06333191032676794
349,0.10113331712173668,0.29356033001894233,0.007859958882188595,0.0020922927264830395,0.5953541012506492
350,0.08586990237691786,0.7917345643003808,0.010994276419156238,0.006150710437196456,0.1052505464663484
351,0.013129154553740432,0.024977428168773387,0.002224493924272853,0.0009576690014880122,0.9587112543517253
352,0.19907462364528805,0.2879743783498992,0.004749243431076378,0.002451432360496236,0.5057503222132401
353,0.11611739717654707,0.6988559175465855,0.007540743016380966,0.005156980642588467,0.1723289616178981
354,0.3177423381285405,0.45444503605572284,0.01898796546797765,0.006449003808819466,0.20237565653893952
355,0.1213695988942248,0.762337919384112,0.005803713395585482,0.009916566851560935,0.1005722014745167
356,0.1369349288116913,0.6790384907958019,0.017406639738328067,0.010906205655229635,0.1557137349989492
357,0.23174492078434453,0.6314418641101709,0.02169355360491758,0.034245962822116345,0.08087369867845082
358,0.054269601932335904,0.8869605350153137,0.007125237397795198,0.012648717450938445,0.03899590820361704
359,0.024659921550092907,0.918527373370352,0.02505309201038468,0.008231080275456102,0.023528532793714398
360,0.1309739993740689,0.21680721496270924,0.006250770634581478,0.04107110897659339,0.604896906052047
361,0.04497844297272926,0.9071966274272926,0.00608302629752978,0.00858161150964618,0.03316029179280245
362,0.1991638565907419,0.5533518406608693,0.0784531852870226,0.008501622935216998,0.16052949452614923
363,0.43762884379447875,0.3693775100631173,0.04408810239531855,0.024739469522121377,0.1241660742249638
364,0.16154847894369762,0.6780305616764685,0.058227398216979566,0.022539671314318322,0.07965388984853586
365,0.09999708404423353,0.08241516673185965,0.0038450358366046203,0.007074755963938955,0.8066679574233632
366,0.3635842230173794,0.10458012082737801,0.0020379730375642917,0.013575417586659736,0.5162222655310186
367,0.22770077598046728,0.7439549005891976,0.0006481898721979817,0.019385173522255727,0.008310960035881545
368,0.031226212587780276,0.9335384697335529,0.01304246331819869,0.01710730733569691,0.00508554702477118
369,0.12486915037798789,0.7184697053613122,0.0035449485037353716,0.1424973448141741,0.010618850942790378
370,0.019181961633920712,0.8585161916730748,0.0034975913325746397,0.11539222927565593,0.0034120260847738085
371,0.06473957669093558,0.6074601193920868,0.0009661052409707376,0.30060473769115076,0.026229460984856068
372,0.054678502448732964,0.3099166031003615,0.0003727193704934973,0.6238440592450863,0.011188115835325817
373,0.028269335365305338,0.16819774676701155,0.00018650480717599964,0.7938068393363595,0.009539573724147404
374,0.024541082860560826,0.15907808140934904,0.0001381177069214025,0.8103885610761382,0.005854156947030396
375,0.023725209081652116,0.05000877213344041,3.7459290011101405e-05,0.9186624957209493,0.007566063773947287
376,0.022057115187571256,0.042194303512713166,0.0002222153301131961,0.9274418981958038,0.008084467773798442
