epoch,N1,N2,N3,R,W
0,2.1349269795667773e-05,7.707829003211509e-06,9.370002948637223e-99,8.186602869746091e-06,0.9999627562983314
1,2.585853639627727e-05,1.3129612803019428e-05,3.451789093096457e-07,6.8409999328917355e-06,0.9999538256719586
2,5.886589764672379e-05,1.5117890409066584e-05,2.495079357515726e-07,6.830914064382056e-06,0.999918935789944
3,5.719845186995055e-05,2.3380677875237696e-05,1.5037863870636752e-06,6.571748165201324e-06,0.9999113453357025
4,9.25727433207284e-05,1.559856262538708e-05,6.522821551335267e-07,9.51539610058651e-06,0.9998816610157982
5,5.3915222106348444e-05,5.769882275675705e-06,4.266073512200262e-07,6.594635451468607e-06,0.9999332936528152
6,0.00010186568462603238,2.073413377983231e-05,8.34028360725664e-07,1.1152389217059582e-05,0.9998654137640165
7,0.00013982860310357217,1.7157058508045595e-05,0.002599706241771909,1.127132499307192e-05,0.9972320367716234
8,0.0009030241634981319,8.160071768032742e-05,1.098601880738069e-06,0.00014542331446188017,0.9988688532024789
9,0.0002767540881053609,2.631418624317705e-05,1.0164277871814239e-06,2.1535118806238627e-05,0.9996743801790581
10,0.00022040887200661945,2.6525233262095326e-05,6.956269336704e-07,2.0422597269077375e-05,0.9997319476705285
11,0.0018074342653334927,0.00011011851017207531,1.426577395493375e-06,4.232394489906171e-05,0.9980386967021999
12,0.002119858082253495,0.00044503724305060386,1.8593615272103593e-05,6.496637907866168e-05,0.997351544680345
13,0.001524181557327347,4.866910230068002e-05,2.099041965176445e-06,2.4405934130697213e-05,0.998400644364276
14,0.009662785613412104,0.0004290924840235229,4.144192902500803e-06,0.00010517813994221448,0.9897987995697195
15,0.0036227242220818042,0.000243121234748764,1.5503387277277472e-06,8.2236833466443e-05,0.9960503673709752
16,0.046406846025139496,0.001200259002011956,7.497996005999395e-06,0.00021994550170908734,0.9521654514751335
17,0.224700244716968,0.0056990814542639216,1.3900292851909439e-05,0.0009587786910896209,0.7686279948448266
18,0.2673882645945774,0.031144690611634437,2.749416358155492e-05,0.0028053365180026623,0.6986342141122038
19,0.10382595585616165,0.05993395825012641,0.0001909668435151882,0.022947916956120213,0.8131012020940765
20,0.05166186616051793,0.08036460313623146,0.0005477252131331953,0.013753110997777826,0.8536726944923396
21,0.01404656947744807,0.004758077090590885,7.405935018865283e-05,0.0030816592805605557,0.9780396348012118
22,0.10051224820342973,0.048670728228368834,0.000128092385028624,0.024988801350507198,0.8257001298326657
23,0.005649362735666973,0.006741120452995939,3.4054699914491425e-05,0.001998310860687866,0.9855771512507348
24,2.528102008541142e-05,2.1878111681222948e-05,4.486868354393429e-05,2.2345101717666454e-06,0.9999057376745176
25,7.553591347566488e-06,3.0891716438337025e-06,1.9024185312931937e-06,1.3156552202403343e-06,0.999986139163257
26,0.0015441919736800566,0.00021600686346895194,7.155204054075681e-07,6.169748626661225e-05,0.9981773881561788
27,0.0018849363701697517,0.00011919743541119498,9.376541227827038e-06,8.78439804771675e-05,0.997898645672714
28,0.00146493845831317,0.00019136944981254457,4.1468075475768585e-06,3.960861554427913e-05,0.9982999366687824
29,0.40564603101166796,0.011506944873912576,3.247421767225349e-05,0.0005998361550328268,0.5822147137417144
30,0.26845031953475984,0.04323185564857249,0.00016188975341648124,0.0013346323259371,0.6868213027373141
31,0.38499791309965253,0.04494774495287661,5.6684968622870824e-05,0.003390442907194051,0.566607214071654
32,0.03407836595256241,0.08873343757592501,0.0005009173824778332,0.0026260229901319708,0.8740612560989027
33,0.08244042722886259,0.018591564819992634,5.396528377417683e-05,0.0023390445421022734,0.8965749981252684
34,0.023998667697676387,0.02829600730992654,0.00016688255444313908,0.0010916094807301075,0.9464468329572239
35,0.29925646900492847,0.30969207025046813,0.00034169962743022496,0.008848112603539092,0.38186164851363397
36,0.08526550234070077,0.03261603293491822,0.00016586744149194407,0.0034096038403274944,0.8785429934425616
37,0.029517874474545444,0.04173959938934182,0.00020895928769272564,0.0022352700642586897,0.9262982967841613
38,0.003025837638778947,0.00503847362284905,0.00022635048013491357,0.0006149852340324708,0.9910943530242046
39,0.00010806583155691965,0.00011828291996198297,3.724957657695592e-05,1.3721480794197267e-05,0.99972268019111
40,7.755941632827194e-05,7.439828368955889e-05,1.616390290337633e-05,1.4446766034603389e-05,0.9998174316310443
41,0.00024613783261583257,4.312137936725253e-05,9.39086644178928e-06,1.3782417404273459e-05,0.9996875675041708
42,0.0005613576939704422,0.00031066961594040915,2.0037999185602213e-05,2.7236366341069928e-05,0.9990806983245624
43,0.0003321000321001245,9.29390142735964e-05,1.910278872457072e-06,2.415025676559905e-05,0.9995489004179883
44,0.00044979051387238013,0.00010346239832530164,5.769131010982734e-06,4.491251461699099e-05,0.9993960654421742
45,0.0007647328663245852,0.00021861859974934913,7.610580702620428e-06,2.4001681970417772e-05,0.9989850362712529
46,0.002415172046059369,0.0003211797330057624,7.589882429202286e-06,6.0923397803549256e-05,0.9971951349407021
47,0.003059296394630552,0.000263328291817423,1.1733202064424826e-05,7.862196172860203e-05,0.9965870201497591
48,0.0043357528909796226,0.0003790135815413815,3.8794529208847735e-06,9.463658045050203e-05,0.9951867174941077
49,0.0019177960624854145,0.00031555179784002155,4.617560009231125e-06,0.00010036700513985712,0.9976616675745253
50,0.028669736595717855,0.0015289257810717526,2.5520872077184903e-05,0.0003151948930744981,0.9694606218580587
51,0.013789028873296116,0.001180544742989127,2.312770832863448e-05,0.00037541462818904133,0.9846318840471971
52,0.1306936567928588,0.017377765678206317,5.2728880537028675e-05,0.0010859803551501587,0.8507898682932478
53,0.25287681313730337,0.07975642779622286,0.00024906400085285323,0.005842487770435536,0.6612752072951854
54,0.20270154154529832,0.24441195723241585,0.0004104468550573924,0.04967465617502262,0.5028013981922058
55,0.02367295187698649,0.016263493922409396,0.00018403053575211936,0.008091794922723092,0.9517877287421289
56,0.4233315316928964,0.1696674472124729,8.645294862338008e-05,0.035443823355504035,0.3714707447905033
57,0.20828034639311413,0.21588586115871394,0.00034989904033500935,0.018493531410685087,0.5569903619971517
58,0.5679103804529831,0.23321292003002833,0.0002787031808633456,0.013754542145251174,0.18484345419087403
59,0.5467994054194198,0.3484040076885332,0.0006621368316261498,0.02472144027785004,0.0794130097825707
60,0.28277916491343386,0.646022541843936,0.0010491488646300357,0.009432816869334386,0.0607163275086657
61,0.15374028980348994,0.8094902706087547,0.0007441650779584321,0.00781542480485837,0.02820984970493854
62,0.0609312808313117,0.8937886891728758,0.005406498802074709,0.0034969462603305405,0.03637658493340726
63,0.06830779768327375,0.8612053927192357,0.0388720437179388,0.003451257813446792,0.028163508066105136
64,0.18898639901559436,0.6277224880057852,0.0008070642019764223,0.004956786727625475,0.1775272620490185
65,0.16034005719567976,0.8103498358236203,0.0030967384121612413,0.004942336232674316,0.021271032335864325
66,0.06882304541978689,0.8554171151090652,0.06159367610016771,0.0005299157239758672,0.013636247647004458
67,0.027074089237213658,0.9410435146236978,0.024898402203157005,0.0004331038015225928,0.006550890134408699
68,0.1077143367093744,0.8526403325453233,0.01601950569148474,0.001177658315050124,0.022448166738767688
69,0.040713483561553646,0.8626742052683258,0.08608381191931774,0.0008449669764804555,0.00968353227432225
70,0.05682475272285007,0.8845511202521231,0.04228000288049951,0.001723139367614634,0.014620984776912555
71,0.018656168577766464,0.8651334817224497,0.10872251210835555,0.0006994445562245884,0.006788393035203365
72,0.016114111953894863,0.8541230090245024,0.11928440942761037,0.0012958681365704142,0.009182601457421759
73,0.045423860940795,0.8622068269855908,0.07159826887428841,0.002245865136331167,0.018525178062994595
74,0.05400507249373422,0.7269249525822201,0.19272641987528702,0.007218626879592674,0.019124928169165938
75,0.0377793080231008,0.8178677892101317,0.12456554128780922,0.0022537601536768534,0.01753360132528135
76,0.03631555002319371,0.7172712063594485,0.22259711029951906,0.0022776643777890756,0.02153846894004956
77,0.0339395666101941,0.7404681356585763,0.21086287184259755,0.001961914481986765,0.012767511406645409
78,0.032115212020938436,0.7770349677074694,0.1807966979789837,0.0007147246376095639,0.009338397654998895
79,0.03391573305950377,0.6459718483461608,0.3027980968640958,0.00044709299524575257,0.01686722873499399
80,0.026536352803523535,0.7040779732491724,0.25548777418552115,0.0007120730480938969,0.01318582671368913
81,0.015688405554590213,0.43162550848210307,0.5444372305288138,0.0002928546936469179,0.00795600074084618
82,0.015523466321153962,0.3179087932912781,0.6597593291538609,0.0004848028497953778,0.006323608383911484
83,0.016269451783503815,0.31104614455957563,0.6615100747682467,0.0006489325225433126,0.010525396366130327
84,0.010102371251674342,0.28164081314862016,0.7003110268321555,0.0006248737512040038,0.007320915016346078
85,0.042435924733926884,0.6153672204006336,0.3154443452890528,0.0034487018847351213,0.023303807691651496
86,0.008157003720315704,0.28341387037333277,0.6988605370068013,0.0008931131745769086,0.008675475724973306
87,0.014284098239942838,0.4548460704469164,0.5230282419264439,0.0009833009672343014,0.006858288419462636
88,0.022200537185435996,0.5014890968920342,0.4688167408535695,0.0009501984582200052,0.0065434266107401995
89,0.0145337143859199,0.366042618426038,0.6092519517460158,0.0006527309863937024,0.009518984455632571
90,0.009727085798167775,0.2900529625209686,0.6895948580379947,0.0006360017582000072,0.00998909188466893
91,0.004757241553935043,0.21322104300814676,0.7776456836587017,0.0001843343720968834,0.00419169740711963
92,0.007359123240822838,0.19944451599406882,0.7885720121121158,0.00018196565148878214,0.004442383001503835
93,0.004852771532732443,0.17143255674778132,0.817595818609055,0.0002361318438250395,0.00588272126660644
94,0.019177714660080034,0.34684512519100413,0.62590021544985,0.0004165157403837709,0.007660428958682107
95,0.008710581880942914,0.30674302434572753,0.6783107093366146,0.00030530889618674825,0.0059303755405281
96,0.007629688208262018,0.20513098709992172,0.779129223755057,0.00020048829449587012,0.00790961264226347
97,0.007319433150647951,0.1375368940879678,0.8489500712544317,0.00019859404590742203,0.005995007461045001
98,0.0024675001800597515,0.20018197630825416,0.7932914973349525,0.00015333611321901607,0.003905690063514529
99,0.002777928082338075,0.14214408895796188,0.8525618595557549,0.00013187721002066142,0.002384246193924421
100,0.003444857231735889,0.10371483203363333,0.889922442157472,0.00016458014059623165,0.0027532884365625188
101,0.0029723528711336792,0.16373394393078683,0.8274743628336849,0.00019204781911370093,0.005627292545280837
102,0.0019533420177994887,0.09006073564939697,0.9061927467808781,8.42539485704868e-05,0.00170892160335485
103,0.0017442738194178267,0.08828218300380433,0.9083497044918056,0.00011247533144012836,0.0015113633535321356
104,0.004007084956294442,0.11506639039060258,0.8776228755455696,0.000208124453970218,0.003095524653563191
105,0.006731904168811355,0.13027310811276308,0.8588861069580384,0.00039300530835290764,0.003715875452034397
106,0.0032667093123783164,0.11236433349343498,0.8809796556785311,0.0004886496474609858,0.0029006518681946973
107,0.0029909056009559923,0.10177114586025239,0.893084288562457,0.0002682482509391479,0.0018854117253956108
108,0.0035111852805803814,0.0977603977937077,0.8954769590742674,0.0003334410675308483,0.0029180167839137003
109,0.0016974218123789993,0.05733809053975714,0.9394520603918661,0.00020762359946446127,0.0013048036565330777
110,0.0016023874850465978,0.07629800304607795,0.9204993845919204,0.00016646528745217293,0.0014337595895030344
111,0.004002290664362745,0.10276896425294842,0.8908118359201183,0.00029853677262142757,0.002118372389948962
112,0.0024173333498053204,0.0775985841556944,0.9179164685986058,0.0003676916285452551,0.0016999222673493074
113,0.004609215168808754,0.07580448524127098,0.9163466436444909,0.00023802419904329284,0.003001631746386063
114,0.003211027913963616,0.11909070008907993,0.8742936593992118,0.0003895921433836002,0.0030150204543610555
115,0.0029043791423797776,0.10292001198225806,0.8915958754433858,0.0002722574999414504,0.002307475932034839
116,0.00557672978295942,0.10657677602844183,0.884780902518645,0.0002309168790637525,0.0028346747908898156
117,0.0026436520643016077,0.11050985576433006,0.8838888682077624,0.00018848016518844619,0.0027691437984173795
118,0.002696266851626919,0.08933520817195388,0.9056601603524004,0.0001942566613086305,0.0021141079627101885
119,0.005408611567575302,0.1547072654487554,0.8352369750758328,0.0005509622740573392,0.004096185633778881
120,0.0036714093177237146,0.10721563079647707,0.8861921596048892,0.00029274341887947124,0.002628056862030514
121,0.0015711106763674665,0.07064839871223227,0.925648853782188,0.00016337783761610625,0.0019682589915961677
122,0.0034410381253500515,0.10150886843040509,0.8927625608700351,0.00033635884465802124,0.0019511737295516366
123,0.002365686272445718,0.0791231540615092,0.9165569602625785,0.00021598643122993356,0.0017382129722364826
124,0.0019638710869769246,0.072216888615908,0.9238757986737645,0.00019689999368165438,0.0017465416296688317
125,0.0017801594749549583,0.06487218694417012,0.9317801995347885,0.00014026838392667223,0.0014271856621596284
126,0.0012750875836082913,0.05026741924804713,0.9472207347045509,9.767225007078611e-05,0.0011390862137228167
127,0.002750403462127845,0.07064130819239729,0.9242285550509993,0.00025960737386724133,0.002120125920608421
128,0.001659091301091707,0.0703973795610726,0.9264214940532904,0.00011667050594243621,0.0014053645786028305
129,0.0018089075729093259,0.11199342565899548,0.8842568529643343,9.46798062631087e-05,0.0018461339974977366
130,0.0028105139643118133,0.09197174701038892,0.9033111983268891,0.00023472227511296592,0.0016718184232973894
131,0.0019285770774131402,0.07104498675933739,0.9247026859474177,0.00018963262998037176,0.0021341175858515405
132,0.0011193243641863288,0.03606167786051395,0.9590174745707869,0.00010355140380376709,0.003697971800709088
133,0.008751042221979893,0.07747860444193498,0.9102854702273903,0.0003781808741045216,0.0031067022345905248
134,0.007827870443053827,0.07916282125191268,0.9078502422608463,0.00025955170042742505,0.004899514343759872
135,0.004946415225582733,0.09549314415857915,0.8952970070625086,0.000269844827198494,0.003993588726131073
136,0.006757049013431403,0.11214664370415717,0.8711112431821224,0.00033590939071891394,0.00964915470957018
137,0.010477858856600693,0.24639547976294973,0.7367288163679141,0.00046171180609220445,0.005936133206443156
138,0.009891121175322943,0.2180328136212428,0.7669629328756662,0.0004134445995295404,0.004699687728238438
139,0.010698487290371083,0.24581346273308455,0.7362383364275006,0.0006260859160624804,0.006623627632981157
140,0.007706609246388263,0.25724982411790875,0.7285343054179261,0.0006140013080075377,0.005895259909769265
141,0.007700731338344358,0.22849138144053996,0.7537914501452359,0.0006938883446808913,0.009322548731198864
142,0.021738040101964385,0.5361716334835019,0.432390933130533,0.0022636010554699577,0.007435792228530577
143,0.006008052786837571,0.2325246003104114,0.7552524962469311,0.0012986923532924577,0.0049161583025275
144,0.024560399484322246,0.3990345878021228,0.5564214978129142,0.010838543156762068,0.009144971743878554
145,0.01250723694217526,0.2711847691061712,0.6934250488710605,0.012322459188451663,0.01056048589214147
146,0.07027976174359625,0.6741847297211192,0.03689526145486538,0.19892941067394648,0.019710836406472775
147,0.12355818144261474,0.6020945665665893,0.014470694057927024,0.13733268115736977,0.12254387677549919
148,0.20547454815133573,0.5446241979380994,0.02622403832346906,0.1820273780133966,0.04164983757369921
149,0.10380488227577662,0.7339499297455633,0.0021632181593709407,0.12901514340808376,0.031066826411205322
150,0.16544913500773648,0.5432575607109014,0.0008611285359647191,0.19814324115662504,0.09228893458877244
151,0.2384427016236501,0.5563980728468887,0.0005562745835937357,0.18183243377678035,0.02277051716908714
152,0.07725422657507541,0.6258864770653744,0.000511467611627175,0.28482291822423716,0.011524910523685922
153,0.07022215650914831,0.4975912260042793,0.0004708290063750497,0.40647475275044465,0.025241035729752788
154,0.07178781558792878,0.27225389314056647,0.00021221006439600757,0.63927178113558,0.016474300071528825
155,0.05109533506132811,0.558308239740463,0.0023643875816081843,0.368646638432652,0.019585399183948696
156,0.06377552897887648,0.3266564254398439,0.0002744712294397262,0.585019606294658,0.024273968057181853
157,0.0950773236037987,0.26512487514779604,0.0002852022816386664,0.5830411285515746,0.056471470415192036
158,0.13740408351065903,0.13947941593705582,0.00025767632416960563,0.6892024442076606,0.033656380020454846
159,0.15055881810803684,0.23110756380081057,0.0004462085437624033,0.5834937343321988,0.03439367521519133
160,0.07032390304667799,0.24617276434228033,0.0005322881278363198,0.5808071775546177,0.10216386692858764
161,0.06994056783360651,0.13695793258139877,0.00031425562747857934,0.7560002486984636,0.03678699525905249
162,0.055701143534065335,0.16386563113932381,0.00028654079604190845,0.7502877467638934,0.029858937766675413
163,0.05911912663704349,0.21940889407863196,0.00029306865947114523,0.6747206170047394,0.046458293620113965
164,0.05841510983339905,0.2753816313144739,0.0002943943820582069,0.6466050179136819,0.019303846556387005
165,0.06463080596346966,0.1677606300489063,0.0002494061362797542,0.7491821269543195,0.018177030897024632
166,0.050648218573044926,0.43649758606559347,0.0007843404239552787,0.4854638397744638,0.026606015162942462
167,0.06957217013534803,0.16829236691790653,0.0002827494386282963,0.7456113395820537,0.016241373926063382
168,0.06863743702623626,0.1489588026875393,0.00022474894057759572,0.7091120208419569,0.07306699050369003
169,0.05757942236569682,0.20318317060757318,0.00028386981060023344,0.6817554623214191,0.05719807489471053
170,0.08682835068556277,0.35905952629465615,0.0006117654045690707,0.5212409060829475,0.03225945153226446
171,0.10481994280836732,0.28873246785818474,0.0005449016601112997,0.5639401525830563,0.04196253509028035
172,0.0882349523385026,0.11862021596485196,0.00020227073935500097,0.7665482378576791,0.026394323099611317
173,0.07720289584889282,0.36318872441312394,0.0005531425822872085,0.5272066046154197,0.03184863254027633
174,0.09476903469351496,0.42639569216716156,0.0007882014874454978,0.4346511620329053,0.04339590961897253
175,0.15955655531548418,0.2743601865594166,0.0004853922562111987,0.5185476939060655,0.047050171962822566
176,0.08279503339285789,0.49450126386361937,0.0006077220665288591,0.3570632132966064,0.06503276738038752
177,0.06952055969401154,0.5956351707224193,0.0004458536457533249,0.305535091088984,0.02886332484883189
178,0.1322137726630682,0.6018117884332365,0.0007300515438567164,0.20349409162008025,0.06175029573975825
179,0.2491933528977812,0.32836114217266543,0.00047056347192952325,0.38413628520034643,0.03783865625727742
180,0.13704740280923033,0.5986695162522271,0.0005142109804929779,0.2026931243063497,0.061075745651700035
181,0.1549603269228183,0.4147516858251885,0.002027168983662619,0.13732023189760087,0.29094058637072984
182,0.0633889189292226,0.026659249539378416,0.00019991448796017662,0.01504063854206956,0.8947112785013693
183,0.20550962045848997,0.5191300671674955,0.0005166815841059976,0.034686833124717355,0.2401567976651912
184,0.342726219019433,0.46103894432954046,0.0006469275204018534,0.03278443189209915,0.1628034772385256
185,0.18130597046164898,0.5852325300173221,0.003012583828713169,0.017810138158714264,0.21263877753360153
186,0.02672316263656418,0.02050613780802723,0.00043588962450623087,0.0023365545509542764,0.9499982553799481
187,0.6055706596326039,0.3296471012718251,0.00031145087938832427,0.010845883516483168,0.053624904699699376
188,0.16948391262530518,0.544984320032471,0.0038930930188573226,0.006782878184273057,0.27485579613909344
189,0.6526568218464963,0.2963734778889115,0.0002188508930758773,0.00666220740150794,0.04408864197000836
190,0.1496075708591425,0.7795524441310223,0.015137835635123912,0.009434550328912888,0.04626759904579863
191,0.13197208145933623,0.7446169629022065,0.006258462163340912,0.011427318062830961,0.10572517541228534
192,0.1788060111166013,0.7722141223827514,0.0021014845510203806,0.01663312342068248,0.03024525852894441
193,0.14485252544892413,0.6912747720814002,0.016677207116271343,0.010259152530487776,0.13693634282291672
194,0.15031382752274225,0.610051612121583,0.014605009659212518,0.010011545586920545,0.2150180051095416
195,0.08967831050000827,0.49980501386723686,0.0012591391478931765,0.009350759557639554,0.3999067769272221
196,0.0438217397116779,0.05505679001944085,0.0008003438662618646,0.0032463193976710256,0.8970748070049485
197,0.02832265698596998,0.05780149922839651,0.0006617191592027898,0.003035280221301026,0.9101788444051296
198,0.02502506418870159,0.032850109118578205,0.00017008198983353912,0.006134716891340265,0.9358200278115465
199,0.02663991003797907,0.0828155621548204,0.0005764236302973032,0.004697407769338787,0.8852706964075645
200,0.0015790408553079142,0.006751345499373754,6.974963441755062e-05,0.001092350873139321,0.9905075131377615
201,0.00037206517632032096,0.0008895916811565717,7.100736903385502e-05,0.0004969001113668705,0.9981704356621225
202,0.0005111602551383322,0.00022472926196963526,1.6907441302385706e-05,0.00024327960734682217,0.9990039234342427
203,0.0018438645584825575,0.0002552919892898645,4.350501808554417e-06,0.00025103341984575973,0.9976454595305733
204,0.01295972418116583,0.0018396440559473517,1.8175663517760675e-05,0.0020446007411275544,0.9831378553582414
205,0.002885271066239028,0.002713367993105478,6.819459462512322e-05,0.001318150559902465,0.9930150157861278
206,0.005236968125930211,0.0012931475102310591,6.2667740115182755e-06,0.0013871141629296973,0.9920765034268975
207,0.00449181898523921,0.0020965735281295093,0.00015471516327030498,0.002444202263253093,0.9908126900601079
208,0.004522991444348357,0.002239770840570305,2.3678568284055006e-05,0.0011967952077071532,0.99201676393909
209,0.005921535167039296,0.001985835898957725,4.120999170640332e-05,0.0013600608464879695,0.9906913580958087
210,0.17737705725559316,0.008117422341948134,2.075619401112256e-05,0.0031971637049788,0.8112876005034688
211,0.6907228033240809,0.0486041373956654,0.00012845140329802922,0.016669583970210233,0.24387502390674543
212,0.1809695336566261,0.25677878179119246,0.0025882780116438,0.03163427741033206,0.5280291291302056
213,0.12323971736719486,0.07989911619636651,0.008657622206428857,0.05114932492153491,0.7370542193084748
214,0.06317566687724402,0.0948814802082767,0.0028749373900688233,0.030311280397048685,0.8087566351273617
215,0.038488169859931,0.010533784440919153,1.505788893051295e-08,0.0013468463000102916,0.9496311843412506
216,0.0010141222804782306,0.0006822741548250268,1.3721862813525423e-08,0.00017623146016136377,0.9981273583826725
217,0.0037087621369093584,0.0006287449448817707,1.112684193205012e-08,5.631619397577153e-05,0.9956061655973912
218,0.0032158875910525964,0.0006659268555256683,3.118933177429478e-08,0.00015845360267386708,0.9959597007614162
219,0.001446256409254112,0.0008034247618778446,1.5215604860836001e-05,0.00013478993974394421,0.9976003132842634
220,0.002864388668736589,0.002567783753863327,0.00028009221186101025,0.00027652541464246187,0.9940112099508966
221,0.007539781582957785,0.0006864808148805469,0.00020642080365534558,0.0005689175080217923,0.9909983992904845
222,0.0015454523945811255,0.0003872124195258906,0.00014589553470377624,7.199898102305493e-05,0.9978494406701661
223,0.0004475239097826363,0.00037083950043555864,5.371399097688064e-06,0.0002544384899396621,0.9989218267007444
224,0.0006279341821556383,9.544183496128831e-05,4.434948427185522e-06,0.00014367890886864848,0.9991285101255873
225,0.0007455633913607856,7.017420256319144e-05,3.843763656918019e-06,0.00011311473468630084,0.9990673039077327
226,0.001739040360911025,9.630770771783834e-05,1.0296981442625813e-05,0.0002984123653798108,0.9978559425845487
227,0.006706108570756858,0.00028281667932287364,1.8722989468357e-05,0.0007914856337012332,0.9922008661267506
228,0.0012407630836461815,0.00021051302156017523,4.939440526324037e-06,0.0005195052411944834,0.9980242792130729
229,0.005808795034203622,0.0006366298815531441,3.066612468265579e-05,0.0011358659961231887,0.9923880429634374
230,0.0064690181093233655,0.0005010921964150123,8.683495810317424e-06,0.0016967812331935722,0.9913244249652577
231,0.0019584694119406235,0.0003768566120703225,1.7644147571572284e-06,0.0011518669224135952,0.9965110426388183
232,0.005650913746731721,0.0009639376638446703,3.4056570620972715e-05,0.0008496910823087117,0.9925014009364939
233,0.4675164614214098,0.011083793088754018,2.8768149495392458e-05,0.00712891599533452,0.5142420613450063
234,0.009155939167726772,0.002135614430860191,7.242046866354745e-06,0.002665482125234866,0.9860357222293118
235,0.026231900069515278,0.005055576886094726,3.793929482130372e-05,0.00574412550261641,0.9629304582469522
236,0.7040871320598617,0.052645366859377284,0.00013810698887238893,0.0463380654925705,0.19679132859931814
237,0.6269711047589047,0.15731152562268327,0.001611439769091212,0.04191182919549773,0.1721941006538231
238,0.2414438683137309,0.4240776697199819,0.010390872615406613,0.17179819438632898,0.15228939496455152
239,0.10149060623852442,0.6352446249267792,0.05047112241508813,0.08435413510481998,0.12843951131478815
240,0.25666967658311984,0.45557524769719104,0.001445184067347609,0.20646004885119615,0.0798498428011455
241,0.1880268669945362,0.6821922273817028,0.006597144440202975,0.0792497721848268,0.043933988998731285
242,0.12322132038127867,0.824965813349179,0.005139595873570257,0.03407710233548554,0.012596168060486536
243,0.0712983902313432,0.8397456601032389,0.05888977692735458,0.015339164924375781,0.014727007813687543
244,0.06832704513753683,0.8714512787249232,0.021464231019080758,0.029181129904204843,0.009576315214254285
245,0.020421179210845467,0.8650097878118053,0.07115271480276436,0.027086866462566462,0.01632945171201839
246,0.11112319953560486,0.26467914012120725,0.003111518333490244,0.019402173016540715,0.6016839689931569
247,0.26306860610989324,0.6881471464174019,0.002585405186519605,0.019840069022484842,0.026358773263700314
248,0.20176040537806939,0.7784613051859756,0.003199043848983668,0.006281523940022345,0.010297721646949178
249,0.11381635683843135,0.7765904791183604,0.09354887247213581,0.0027809576981431983,0.01326333387292927
250,0.043643205900555995,0.9334264817996134,0.014775788317106051,0.0048280772895888035,0.003326446693135791
251,0.039442139152627634,0.8815981014910228,0.06578203309481068,0.007639898653973059,0.005537827607565926
252,0.06414864153284966,0.8673032287075885,0.03219408388154324,0.02713720637307813,0.009216839504940604
253,0.11131316428971987,0.8141689637787544,0.04033925872454964,0.02177568733231707,0.012402925874659191
254,0.021213694527823762,0.9133252660507583,0.04844442682688812,0.010558361085239583,0.006458251509290183
255,0.06503483475867537,0.8654161998147353,0.030142209096020337,0.02467252141298253,0.014734234917586528
256,0.10056732172321013,0.8437606943793148,0.006121853257879683,0.02145592933621116,0.02809420130338402
257,0.07253640129065422,0.8954644412521411,0.005657390136475554,0.015775699180338294,0.01056606814039083
258,0.02929456200542809,0.9217414985937081,0.038518546226935464,0.005440475788124506,0.005004917385803744
259,0.058384760319168505,0.8694127260510611,0.044269950942300296,0.007501954427645235,0.0204306082598247
260,0.02410728235571319,0.9610678030118469,0.00314297655353301,0.007368093887836173,0.004313844191070557
261,0.03406565647307955,0.8528802381684288,0.09448833364787229,0.01018036519706725,0.008385406513551966
262,0.0584924100572437,0.8962684200717792,0.02506863731057533,0.01250217822336856,0.007668354337033066
263,0.03735325053815143,0.7349475367552644,0.18268285059911152,0.005766499765839483,0.03924986234163322
264,0.15107358203407392,0.7684869236457629,0.02357105397146717,0.0088889325141063,0.04797950783458969
265,0.01716906512885964,0.9330416374170205,0.03607336466871158,0.0037465271578953343,0.009969405627512773
266,0.021168386415512913,0.8981937652313943,0.06996960343482564,0.00468933308424795,0.005978911834019428
267,0.04234297054563023,0.8960685737299772,0.05048172845680095,0.005593708877255875,0.005513018390335769
268,0.023511157756164983,0.8529062745142504,0.1033219689501639,0.009488378485480661,0.010772220293940302
269,0.0276442395823005,0.8714613510705707,0.08448674383430325,0.005944372860744411,0.01046329265208124
270,0.048811841826227526,0.8590182603082404,0.06353678830277776,0.018626913176472627,0.010006196386281745
271,0.1162637500040523,0.7574502985999126,0.059786454276324626,0.020869431200410498,0.04563006591930001
272,0.11054790961434448,0.8524550571233023,0.009672209966081001,0.014012886838267541,0.013311936458004811
273,0.016328672111998236,0.7368066218278804,0.23602209894591228,0.003968345983280262,0.006874261130928943
274,0.08077640915432795,0.8309486627266397,0.06512623906234824,0.012878248429631993,0.010270440627052162
275,0.02999466445416719,0.9040068615552693,0.04962819515408415,0.010961921019415179,0.005408357817064136
276,0.040687409053949346,0.7931892274841023,0.13043473992025048,0.024387787528568797,0.011300836013129109
277,0.04876055150506056,0.7767413121056451,0.14225101906873877,0.016614096392970543,0.015633020927585138
278,0.05259369801475248,0.7676797865411634,0.1526256661031673,0.01411110354705103,0.012989745793865757
279,0.027136581091173458,0.7477608464531018,0.21163465499100179,0.005605866114944455,0.007862051349778404
280,0.02692903831902826,0.8226238011679117,0.13582650878103536,0.006040745475216961,0.008579906256807922
281,0.024502824288556744,0.6523996071371814,0.31221359646187874,0.0050365613037193285,0.005847410808663929
282,0.0442304828047898,0.804293296418205,0.13718818684259074,0.006859748082038564,0.007428285852375851
283,0.02137971300141848,0.5287056898909375,0.43484482350435366,0.0028871232784460914,0.012182650324844327
284,0.01491809438088062,0.4569197868971881,0.5149291064265478,0.0033251432353942866,0.00990786905998916
285,0.019399519356723453,0.4124267107599447,0.5534551190297435,0.0037772981297389398,0.010941352723849372
286,0.12857173933458205,0.6234071991448404,0.21936494852229751,0.009684984269630855,0.01897112872864916
287,0.07667101143661355,0.33663720145389103,0.5098809513565625,0.02359375209949195,0.05321708365344093
288,0.04596926588330574,0.3878632513237277,0.4990599593111907,0.020831352975478275,0.04627617050629756
289,0.10175624191016756,0.6987838521074672,0.07728677061187803,0.02436638883142348,0.09780674653906381
290,0.04409017082646479,0.85223748689619,0.031293871541994034,0.014101059380409679,0.05827741135494158
291,0.03491378200678665,0.3739777554563999,0.010146510676368514,0.02171427855107328,0.5592476733093718
292,0.015935054178782996,0.02449412636969365,0.0003018729185810954,0.00375384593363251,0.9555151005993098
293,0.0041237252925655455,0.00787528272920578,0.00042157819954244976,0.001962212416434228,0.9856172013622518
294,0.01091778228063557,0.0063530401368531485,0.004961262575913991,0.006879160852343981,0.9708887541542534
295,0.007926683996979276,0.004172039207987675,0.00517286134308586,0.011259618823062019,0.9714687966288853
296,0.0047955731171068485,0.012342515740657273,0.0010298544461850147,0.01295612704960151,0.9688759296464493
297,0.003941002188485614,0.007361956111714276,0.0009945555875907005,0.008015721182035277,0.9796867649301743
298,0.004766261329539732,0.012216459984448978,0.0009580107729854054,0.008031685793512218,0.9740275821195137
299,0.006498394301318146,0.01516301507521337,0.0004927038559644024,0.0060208754757231754,0.971825011291781
300,0.008205622812536683,0.013946004734422427,0.0007678506007346398,0.008072763877633305,0.969007757974673
301,0.0056107685028381595,0.017977589943719327,0.0011479739441902985,0.00840494189525196,0.9668587257140002
302,0.003944042636304456,0.0033747492329645676,5.2836565184258275e-05,0.0016752235870006954,0.990953147978546
303,0.009029781129527658,0.0029075196460479967,2.3187082079006206e-05,0.0016596637757442698,0.9863798483666011
304,0.0191707370065624,0.001669725382725267,5.663451748236622e-06,0.0015390004369118507,0.9776148737220524
305,0.0117277065471743,0.0023513219817492413,4.7350839730559236e-05,0.005311174009382051,0.9805624466219638
306,0.010016093086804099,0.00413934374576002,0.00020397559957231133,0.0036186533664238655,0.9820219342014398
307,0.12675974216980626,0.013393204616736465,9.030458431721749e-05,0.0038178867997987593,0.8559388618293413
308,0.21861402893588586,0.028769317621603164,0.00017131672416638313,0.009755265726620437,0.7426900709917241
309,0.155787547404172,0.2180559629902705,0.0006701929254589816,0.0643978670659723,0.5610884296141263
310,0.010302521602977443,0.02232806079818027,0.0008144186707676547,0.012866744810035762,0.9536882541180389
311,0.007704350702366715,0.0077209099024289985,0.000507854688745193,0.008522845078341619,0.9755440396281174
312,0.005098770109787253,0.0027709059408787427,3.13158748743175e-05,0.005280602783910573,0.9868184052905491
313,0.004051414868453703,0.0017380330427734505,4.627089084438154e-05,0.0037245613511176574,0.9904397198468108
314,0.04752987547035653,0.006653254838691977,0.00032959727391880896,0.007542187209392664,0.93794508520764
315,0.04304431216988952,0.004214452261019864,9.375986498163694e-05,0.00606581064512097,0.946581665058988
316,0.011707058132084823,0.0013715661286194157,8.707341782484326e-06,0.0020702270631179085,0.9848424413343955
317,0.28795450667775135,0.007682271399267096,6.618197532892909e-05,0.01510778548287479,0.689189254464778
318,0.08313526127084472,0.00884535146007012,4.5074621973565895e-05,0.008309912684077398,0.8996643999630342
319,0.32937045398456544,0.03968311569450161,0.00017683920617564723,0.03617052715573787,0.5945990639590194
320,0.02937154358372417,0.014596535772311672,0.002841922691599976,0.012263504381825116,0.940926493570539
321,0.22478657232792,0.10600714191703363,0.008755604431895115,0.09059119848826276,0.5698594828348886
322,0.45256899814457735,0.07136485646670628,0.00037005699219171096,0.2021538453338554,0.27354224306266933
323,0.08831162307219695,0.02319168231389508,6.464971412881519e-05,0.06348047658155007,0.8249515683182291
324,0.6326881093794903,0.11647160745276994,0.00022608907600897037,0.12326439968716107,0.12734979440456978
325,0.42964614350426616,0.47992446390030774,0.000988881887624893,0.05926556170830429,0.030174948999496885
326,0.26597647120352363,0.567475410080679,0.0006730916726183978,0.08338026521470177,0.08249476182847706
327,0.10954430071945452,0.8181799566720154,0.012556680505281633,0.03819890045323136,0.021520161650016936
328,0.2617270290566371,0.5145761856180824,0.001718511199935388,0.14685065167828534,0.07512762244705967
329,0.15063116512852356,0.7280549860022228,0.002778588514539736,0.10522587202470259,0.013309388330011357
330,0.08500609813262539,0.8333929503931538,0.003671197936076069,0.056890753776651974,0.02103899976149303
331,0.16485000272153444,0.6520431902667112,0.00041237598634450806,0.1506925946179768,0.03200183640743293
332,0.12155797977446452,0.6901518054087309,0.0030114461962854324,0.1619680126983703,0.023310755922149005
333,0.3512815680482364,0.43294235423844923,0.0007709317382249735,0.1631329355846939,0.05187221039039544
334,0.0671511147891862,0.8526221137731951,0.010904251389233347,0.02231383349856342,0.047008686549821925
335,0.22213756255493508,0.37219302051904923,0.00046249539850026517,0.08350362433171042,0.32170329719580504
336,0.6381018005721857,0.1631236357295889,0.0003287704618546397,0.059703366126697105,0.13874242710967358
337,0.3567376782772614,0.4409148812074813,0.006548957064973231,0.0706909870059001,0.125107496444384
338,0.3767392308132599,0.4914088488590213,0.0018902259647851306,0.05622075204567555,0.07374094231725802
339,0.37627818976424715,0.4705227540490544,0.0037988213138789723,0.10429017358961133,0.04511006128320796
340,0.09426792618693168,0.08390605463864298,0.006457233317974061,0.008188312906901711,0.8071804729495496
341,0.5447945356321476,0.2394612617555947,0.0008127726701239781,0.024333576174666742,0.19059785376746682
342,0.24678365424724644,0.60047996755715,0.0021302662253779663,0.009425667102075652,0.14118044486814993
343,0.5448020315243226,0.22742144033123735,0.0016958691840640808,0.008652730292601742,0.21742792866777422
344,0.15177814470350592,0.6939412121394919,0.00398655686345866,0.013942059141367218,0.13635202715217626
345,0.1158410185865648,0.8181901380019538,0.016908147487527732,0.009421570615946357,0.03963912530800711
346,0.1253077875553892,0.8125231886538372,0.006795383073637397,0.009854281718675525,0.045519358998460595
347,0.05278470086731553,0.8904517756026538,0.024279237670555134,0.006704590808329831,0.02577969505114585
348,0.04650288225971873,0.8516066190767136,0.06630980723285428,0.009179268653332844,0.026401422777380442
349,0.1374353652991355,0.8189505350704579,0.004507562698727034,0.016375879638781524,0.02273065729289795
350,0.027198585804017718,0.8776793875520419,0.06529545629079932,0.004287925882288821,0.025538644470852294
351,0.0651277128619621,0.8216385187569373,0.06264495678723561,0.008170075824455036,0.04241873576941007
352,0.03619886391958696,0.7554600988567222,0.14174956722185916,0.012848695510718553,0.05374277449111306
353,0.03389931287310727,0.9029155338462048,0.011435576164648676,0.03213646781441964,0.019613109301619785
354,0.05467695787316231,0.8536111735967647,0.005921716134778167,0.06494670382838426,0.0208434485669104
355,0.00857396898296104,0.7931945960551918,0.1559373389837234,0.032865012831905696,0.009429083146218032
356,0.02840987468392375,0.8654641975992063,0.013084894360491829,0.04124654892037771,0.05179448443600036
357,0.2478973971187973,0.5437784136215158,0.0005170711223075771,0.09817648193922045,0.10963063619815888
358,0.13203294665462648,0.7703121223359689,0.000855045266429094,0.03662781954710715,0.060172066195868436
359,0.06252275198931927,0.8998286362062496,0.00036379895837229946,0.027465657135355596,0.009819155710703164
360,0.2206774179999949,0.5771668278197771,0.0010676696688410258,0.09831979733553865,0.10276828717584832
361,0.19443693496784556,0.5612705385033923,0.0028829718844130183,0.1287130649799153,0.11269648966443398
362,0.05588766830105442,0.7546877396736561,0.0010076904985790748,0.08615193282343778,0.10226496870327269
363,0.22137622887077127,0.32866327272661294,0.0003104817183030668,0.4185464409632368,0.03110357572107583
364,0.13826903978951377,0.11421294938676343,0.00012002167386700847,0.7129820387880476,0.0344159503618082
365,0.10749980508026284,0.09779843725624067,0.00012814060822372023,0.7717604230837385,0.022813193971534237
366,0.07999522714324116,0.08962085421185878,5.258636907784933e-05,0.812467462794668,0.017863869481154204
367,0.040739492493332176,0.05454733555116388,4.134479526640807e-05,0.891475440015067,0.013196387145170544
368,0.02408699767265249,0.03578423813991766,2.6808826554685412e-05,0.9284314501339563,0.01167050522691892
369,0.03354305553448708,0.04906202022715504,7.705552505472058e-05,0.9000024805777997,0.01731538813550336
370,0.03926352979175956,0.02236802908506756,5.581779723815795e-05,0.9073152532787768,0.03099737004715797
371,0.035965478315758484,0.015494990067638425,5.0405920652663104e-05,0.9194515171948612,0.029037608501089333
372,0.027720263327996878,0.009640816408471904,0.00011439176846033219,0.9383627406042302,0.024161787890840707
373,0.028886835431300984,0.01060439197859,2.3139944775184176e-05,0.9445693198706484,0.0159163127746853
374,0.02968647016144874,0.043166073649857015,0.00014502503240808862,0.9001540102932585,0.026848420863027488
