epoch,N1,N2,N3,R,W
0,0.015620242990504681,0.002696874443399314,3.7630490113821366e-06,0.0003798332868393177,0.9812992862302454
1,0.004221760794682047,0.0003831072834581708,1.0457087937539864e-06,9.392292092016276e-05,0.9953001632921458
2,0.025204505387513336,0.0007848860087267542,4.587175083767822e-06,9.243248642225393e-05,0.9739135889422538
3,0.09341882710572964,0.0017655420642808057,3.3682272171473695e-06,0.00012628862163999096,0.9046859739811324
4,0.8223007170460336,0.010065405972815855,1.682194232670759e-05,0.0006073860463625499,0.1670096689924613
5,0.7219830345642307,0.1484641994957901,0.0005470898308943834,0.0058989416057857865,0.12310673450329898
6,0.5626254267295844,0.2998488460680172,0.0003784940573175965,0.022235013345312287,0.11491221979976861
7,0.23349024086215517,0.6983356028894366,0.0019152180563036401,0.02965839584347915,0.03660054234862534
8,0.1282535853076109,0.7090483883176888,0.0019198981257627732,0.13195138600043282,0.028826742248504643
9,0.08272700979563534,0.8264210461276671,0.0014531959043344372,0.04364216595823116,0.04575658221413203
10,0.05967858718202974,0.8645325634197556,0.010437178949671532,0.0070428704037489385,0.058308800044793906
11,0.12358189034091402,0.8052555478598586,0.0038782987500492884,0.025239900453006496,0.04204436259617147
12,0.08130070892231614,0.8204687166588481,0.000958309886917353,0.020560150310794535,0.07671211422112391
13,0.15141239829846015,0.7213291767265989,0.0016349473976167708,0.03686730574381999,0.08875617183350404
14,0.16933679884014496,0.7028258098149424,0.0008369359695188801,0.04088154077533188,0.08611891460006206
15,0.416051806276617,0.2631029901648625,0.0006666377784580091,0.0915488275504274,0.22862973822963517
16,0.13769930234194883,0.720076066332393,0.002642152271820819,0.04340014423469676,0.09618233481914079
17,0.010617270219089696,0.0037685296321271415,2.206616947700281e-05,0.0009638735730623349,0.9846282604062438
18,0.11760774433408926,0.012960544345441985,1.4994246434551453e-05,0.0036160756114575463,0.8658006414625766
19,0.4770087724083418,0.3119509903686116,0.00037692681047526977,0.0230979411792922,0.18756536923327913
20,0.22934989849036488,0.041212157153988314,0.00017677644943236043,0.0037902896160578584,0.7254708782901566
21,0.3835118191472001,0.033129695782154286,2.9478969988260376e-05,0.0025147501599860696,0.5808142559406713
22,0.3884530983960064,0.2763440207074904,0.0005603374681551105,0.01440265452937099,0.320239888898977
23,0.35653134402993825,0.47403421655023575,0.004496582752275926,0.002505981870629803,0.1624318747969201
24,0.1543139956373566,0.6792973011447241,0.008465482031277135,0.004739664778211663,0.1531835564084305
25,0.2821759835195579,0.32442599993867444,0.003951048809309515,0.013940170198210295,0.3755067975342479
26,0.07305993393377049,0.016593839290915346,0.0010384971669475025,0.0014852367758562202,0.9078224928325105
27,0.23733671621245123,0.6758122193713667,0.004963650215945345,0.003992259203360959,0.07789515499687584
28,0.16997010905186535,0.7372790766958918,0.0070607638909520294,0.0018631747994152668,0.08382687556187546
29,0.08249067295903786,0.020082295824481705,0.00026104028020580727,0.0013346419283695862,0.895831349007905
30,0.5448249053594665,0.12438333472046968,0.0007964450376457859,0.00400957351381376,0.32598574136860436
31,0.21937719669580535,0.7038676960031993,0.0040413770719120515,0.0022651473925816503,0.07044858283650161
32,0.5141774108180284,0.06877167550070368,0.0005746107851343436,0.0030087649700415455,0.4134675379260921
33,0.3573865694004283,0.5712647694099379,0.0014810175514451684,0.013836428347245447,0.05603121529094311
34,0.2824242077464426,0.25560791328409527,0.0009035891192486242,0.002449172304464256,0.45861511754574935
35,0.711118635886001,0.1830535312841773,0.0003087181495571607,0.001194992711712507,0.10432412196855204
36,0.10937855187706126,0.8349526503044933,0.0025497465539519467,0.0013836967794732577,0.051735354485020466
37,0.26425436989620793,0.6617522097681648,0.0191894383930993,0.001625079773180792,0.05317890216934731
38,0.038316363245148914,0.8053164952785022,0.1457023231560598,0.0009027447141336968,0.009762073606155433
39,0.05369185189781258,0.8786468160128761,0.04419786757710678,0.0016191379333274048,0.021844326578877152
40,0.008147481507022738,0.7892104929403025,0.19376249758386216,0.0005566566344903547,0.008322871334322125
41,0.07012299862603788,0.7872994185873554,0.1143865764014764,0.0013019835171780665,0.02688902286795226
42,0.009358557652394024,0.7161078198567289,0.2639249526968974,0.0005709812548710585,0.010037688539108493
43,0.004091433217017067,0.7509741347630448,0.2297069101149039,0.0005541599579737128,0.014673361947060584
44,0.0044484410564006914,0.44506172823710505,0.5357558266335501,0.0007024235531917095,0.0140315805197523
45,0.009487686934784485,0.5313837616205995,0.4433291832308222,0.0008273045456638011,0.014972063668129903
46,0.0037479907214464756,0.2784447195567775,0.7095377893657534,0.00036922172438783274,0.007900278631634776
47,0.01803914899936453,0.48754147419321814,0.46459615226648876,0.0012914243367088303,0.028531800204219804
48,0.015996563482804274,0.39631692618066416,0.5462999591460276,0.002972041214536402,0.03841450997596765
49,0.03711485813533792,0.5338767535722685,0.321696475941031,0.005253095583174615,0.10205881676818801
50,0.11443086518058167,0.04297359739768235,0.00482865052677591,0.0033904473369521853,0.8343764395580079
51,0.12612569847229163,0.014310864681335956,0.00023903835656051143,0.0010582773336488527,0.858266121156163
52,0.5167181195885184,0.2637962699426927,0.002525712716530274,0.005941060676615551,0.21101883707564315
53,0.5542929943997278,0.25689260315554147,0.0062000170278523345,0.0033203571534442386,0.17929402826343416
54,0.24152209957440385,0.6168328674588138,0.08684487536685055,0.006098538797699084,0.048701618802232546
55,0.0630223033992466,0.7185485861893,0.18725511726698524,0.00473016075773933,0.026443832386729035
56,0.045529843535055965,0.6578345016260266,0.2692277072257983,0.004485157027689382,0.02292279058542972
57,0.03203821374166567,0.7384383108159455,0.21595899504437824,0.0017582313673596137,0.011806249030651018
58,0.031079274095296216,0.6846335656597519,0.26624634487169957,0.0013289589449883474,0.01671185642826404
59,0.0023619629503661495,0.22062815739857938,0.7692302521661496,0.0002369544054210941,0.0075426730794838
60,0.009150555174744895,0.45419741627145477,0.5273492421684649,0.0004703765690829143,0.008832409816252666
61,0.0047630996773736075,0.5030062773581737,0.4832516651345646,0.0003215329273616382,0.008657424902526448
62,0.0021530027705975335,0.2386099791717064,0.7532042511437327,0.00014953371379307625,0.005883233200170195
63,0.005230724266649826,0.35174835543720184,0.6328337441014583,0.000262536296366261,0.009924639898323786
64,0.0007077619325773788,0.1314285188281644,0.8646183533593083,5.338898589816018e-05,0.0031919768940519267
65,0.0009095793028130553,0.14660922895534698,0.8486597262798479,9.901281260874159e-05,0.003722452649383323
66,0.0035853595353979467,0.29872996143088637,0.6906891198057717,0.00020562089569185185,0.006789938332252012
67,0.0007590690220689892,0.14055784920179468,0.8526707886352478,0.00018096819391741055,0.005831324946971196
68,0.0022449720737208355,0.19582969826829083,0.796097438369616,0.00029758624603004873,0.005530305042342079
69,0.0019783377961785234,0.3093298368094865,0.682022265957036,0.0003235198932662575,0.00634603954403252
70,0.00216842141236879,0.2073585369732254,0.7836078910435013,0.00034390938467983046,0.006521241186224704
71,0.03708948719910016,0.08464504706124529,0.011747560121079718,0.0017483570332046307,0.8647695485853701
72,0.4674751918311226,0.36314198567684475,0.039055659159733754,0.012041393348766173,0.11828576998353274
73,0.13630122845123055,0.6954659703530988,0.13420739956370123,0.001932969251400311,0.03209243238056916
74,0.18410962621404706,0.6760392219636618,0.08856109704404301,0.0030906258557615402,0.04819942892248648
75,0.07897536137840093,0.5479845415043327,0.34865168044262546,0.003820118183662358,0.02056829849097852
76,0.008082648570015366,0.6102735284307633,0.3623013124752933,0.002837288304697681,0.016505222219230342
77,0.007201157420600086,0.34293178344938285,0.6379678299944836,0.00210428657275126,0.009794942562782169
78,0.004749775462531833,0.3936285911785055,0.5915372946734084,0.001977347348447596,0.008106991337106642
79,0.03519765713891928,0.6254367426946175,0.28309149308398085,0.016072288393618878,0.04020181868886371
80,0.0029838738340830047,0.17210118375944794,0.8169294402407516,0.0012815149359334038,0.006703987229783991
81,0.3114309452350861,0.5330439107915195,0.057204271014379145,0.016557599008643092,0.0817632739503723
82,0.02201623725289535,0.43984444807266404,0.5210393864031662,0.0038418552441864986,0.013258073027087794
83,0.16454967592807937,0.7281362639841538,0.051365999334831894,0.019622763793228123,0.036325296959706856
84,0.12525030197512604,0.526476300786672,0.31213748601261787,0.010636028935667587,0.025499882289916523
85,0.030516474212111927,0.510543494041708,0.43444186229359705,0.007698505563711982,0.01679966388887125
86,0.11022490717974268,0.7036959917110887,0.1532420431448762,0.010237545192374749,0.022599512771917615
87,0.02499940061657261,0.5586338080282139,0.3957323800817118,0.005983399598193134,0.014651011675308467
88,0.014770617915157309,0.38095936132164465,0.5916579536743849,0.001939124702513171,0.010672942386299953
89,0.03236276931632588,0.7829105366873703,0.17507663765966536,0.0014360497490123355,0.008214006587626147
90,0.011286709287795283,0.23123146260919142,0.7432801595993114,0.0013738631135987987,0.012827805390103187
91,0.29973003634134615,0.4732904333932163,0.1343943374023553,0.012540626864250398,0.08004456599883178
92,0.123985521514235,0.5554944268420278,0.29509539229779347,0.003993814507917433,0.02143084483802636
93,0.015531840966904558,0.7469863981411845,0.22955352890527714,0.0016729326058811619,0.006255299380752775
94,0.09722639349666394,0.8051539680406675,0.07145115180479399,0.004394701792320833,0.02177378486555373
95,0.07554648705774836,0.8451659700683198,0.04089015766271638,0.0069848498930143565,0.03141253531820114
96,0.044377384647032496,0.7499518503660328,0.16174572860171552,0.010041509957627853,0.03388352642759144
97,0.33684906299735146,0.48290117476245226,0.06817633532156461,0.007666754362558942,0.10440667255607267
98,0.16293006387718006,0.6494609424137284,0.07876735354208629,0.010314761026233743,0.09852687914077145
99,0.08097759412947189,0.6573433087482415,0.22351722225762483,0.008984206899144545,0.029177667965517212
100,0.07003028407411861,0.6912067461205412,0.14119706594416587,0.017262918447690692,0.08030298541348353
101,0.06911555607053572,0.4324656014218739,0.030027717557315894,0.00903644473684647,0.459354680213428
102,0.2309888903985458,0.06396119771260765,0.0019324636170975251,0.004353305331034432,0.6987641429407145
103,0.3040699925422473,0.1121083306371676,0.002971817860259919,0.005374387779773177,0.575475471180552
104,0.5802968027444264,0.13241330122107228,0.0009459120186026832,0.0088475820546823,0.2774964019612162
105,0.12297015015095211,0.062093300046019366,0.0009851803348922055,0.0030670707091519692,0.8108842987589843
106,0.0966399538111861,0.010573575043239195,5.2348648952683245e-05,0.0010642554475212642,0.8916698670491007
107,0.20223831706154405,0.021258278580609156,0.0003375395046798535,0.001980438379817111,0.7741854264733498
108,0.58754547031964,0.2376383159059627,0.0006418804515673006,0.004414986043729351,0.16975934727910058
109,0.3896106926952667,0.45805656372668396,0.008539258668088473,0.008225787670455885,0.1355676972395049
110,0.3984027161490162,0.4082592757116983,0.008855236238164246,0.023052995325908574,0.16142977657521262
111,0.03834804615732901,0.839704714524873,0.01299136933910715,0.037945629635771756,0.07101024034291926
112,0.1780203070608435,0.52687661081974,0.006545408910050819,0.15935073857990548,0.12920693462946017
113,0.17426000847610013,0.286374857017509,0.0007373283094926588,0.20874550727109223,0.3298822989258061
114,0.2189237258992679,0.3118933485667824,0.0006603318304315818,0.209767973285524,0.25875462041799413
115,0.1296979096534714,0.09454651406861105,0.00022047227364845485,0.4378813249871646,0.33765377901710447
116,0.16545299839643615,0.05311067038644938,0.00016068800100303512,0.2657331645168793,0.5155424786992321
117,0.08934588655824927,0.0282063435782015,8.653507047504732e-05,0.30048454246645695,0.5818766923266172
118,0.1092305722131716,0.03437270476995165,6.11005216282962e-05,0.32380240234258933,0.5325332201526591
119,0.13286984450194017,0.04541727121912711,5.281556522625506e-05,0.29613097372284164,0.5255290949908649
120,0.07417882560616584,0.030534739396335997,6.882603290103348e-05,0.2748926421118367,0.6203249668527605
121,0.11582556139651298,0.025578919897525705,8.995316742296832e-05,0.4788363658559827,0.3796691996825557
122,0.08904964450839772,0.010659569264225071,2.8607139854590503e-05,0.7247401090257924,0.17552207006173007
123,0.07284352815551859,0.015259252902463228,3.8660847896098153e-05,0.6087121481004678,0.3031464099936544
124,0.054351188631111935,0.01403221087318267,3.974747485420132e-05,0.41451014091618604,0.5170667121046651
125,0.059383980169154735,0.02296079248805257,4.581909386046912e-05,0.48484289314666346,0.4327665151022688
126,0.08100452275740756,0.022341316843227026,9.558321869468307e-05,0.2297592596139017,0.666799317566769
127,0.1143997121974745,0.029259908860838322,6.805685013282243e-05,0.18336847898634467,0.6729038431052097
128,0.004500085571882726,0.005466817219311311,8.645285859848309e-05,0.011764751443544535,0.9781818929066629
129,0.07253838158163632,0.015899785539090407,8.420509778817058e-05,0.0738410823041618,0.8376365454773232
130,0.18888048776865435,0.028385429987233816,8.53195575566785e-05,0.05014677163669796,0.7325019910498572
131,0.0014788720372417934,0.0007172976801192503,2.43719223304478e-05,0.0017577202416029305,0.9960217381187055
132,0.015124591471353484,0.0012694137479410306,7.218960007773653e-06,0.007928173517965877,0.975670602302732
133,0.16951643219205154,0.013027314126896722,2.182679481119731e-05,0.02160089954366269,0.7958335273425777
134,0.10043536992417727,0.010690763224623685,1.492514295232823e-05,0.008787304848878654,0.8800716368593681
135,0.5127327673495009,0.05558845376679448,6.077173556502852e-05,0.06855215949471347,0.36306584765342614
136,0.18121849816550104,0.07229674893043246,8.717425827217507e-05,0.13941562427249327,0.606981954373301
137,0.03447200633007722,0.012208798001492396,2.7542690752513854e-05,0.04545292615151994,0.907838726826158
138,0.1971659807468774,0.06650803837091045,3.716785588834652e-05,0.17416680134606338,0.5621220116802603
139,0.06075229095287147,0.02432807292653959,4.175468192835044e-05,0.07369000617925402,0.8411878752594065
140,0.006681244570316061,0.001769791270079056,2.449409937799125e-06,0.004126651427358564,0.9874198633223086
141,0.3373205637723158,0.00975389452584491,1.738611154124737e-05,0.04909357041631631,0.6038145851739817
142,0.1514456873037391,0.01910613485884061,2.5015219525807604e-05,0.026338012792094776,0.8030851498257997
143,0.6284843084223452,0.020556528598972515,4.903764138211667e-05,0.04097726735678589,0.3099328579805142
144,0.144725921698591,0.029043563316219937,0.00013706404507035958,0.3089371731109862,0.5171562778291325
145,0.2493863471435376,0.06835605834923118,0.0001399140023659284,0.44438479583106627,0.23773288467379908
146,0.11450428362421212,0.05150296704112625,0.0002352052985964072,0.47571993166882054,0.3580376123672446
147,0.10773748038645367,0.019769001931720293,0.0002221300335469416,0.179296578457897,0.692974809190382
148,0.16413243666525276,0.017334348644134384,0.0005189533020636978,0.20596744426194144,0.6120468171266077
149,0.2571224558555216,0.018225188658114705,0.0005610316369731653,0.20483777476386042,0.5192535490855301
150,0.14194923585756195,0.010918706841046563,0.0003589799407475485,0.05836379515693315,0.7884092822037109
151,0.08612673680721364,0.006014383035987978,0.00033168915363262835,0.09967493550546619,0.8078522554976997
152,0.178637308689424,0.009749439046109816,0.0004629736027511912,0.21682843702878388,0.5943218416329311
153,0.12773929490984176,0.015869269817575627,0.00019487265693227785,0.18395929934876992,0.6722372632668803
154,0.2264470587787738,0.026977335808611475,0.00011179001488847977,0.09984359775268638,0.6466202176450399
155,0.08123610582833349,0.008273273169746307,3.5739254523536956e-05,0.16502738790017174,0.7454274938472251
156,0.010858888046049411,0.0018448933568759253,2.420440422144102e-05,0.04678137530069401,0.9404906388921593
157,0.010668876848986755,0.001254662376099194,1.4101021685109474e-05,0.005920173178814208,0.9821421865744148
158,0.018244470342569548,0.001542896736334584,1.1368899282049064e-05,0.0014946157420680467,0.9787066482797458
159,0.022959325063349707,0.0034072381989824732,0.2726797528913734,0.001810106980135307,0.699143576866159
160,0.007032752138321172,0.0022728113406221256,3.940502514533289e-05,0.0006878061646295939,0.9899672253312818
161,0.008487660226190848,0.0032773390180542697,1.2170526138884563e-05,0.0022913126042146677,0.9859315176254014
162,0.001904368209080904,0.00036519464168631514,5.644735099247409e-06,9.610274048883138e-05,0.9976286896736447
163,0.0007116828698994579,0.00027102578838055413,1.816101614541095e-06,7.976574779021405e-05,0.9989357094923151
164,0.0006717898706455223,0.0005472197749057823,1.3023208427049026e-05,0.00012246317305944152,0.9986455039729621
165,0.0006244241813336929,0.0007040648530885709,9.837187482106118e-06,0.00013385106995011402,0.9985278227081454
166,0.016561496116940144,0.010241913268094975,0.00018861526466550882,0.003058640804028214,0.9699493345462712
167,0.0032961519544999667,0.001007313436552732,0.003392206586230893,0.0010104393918518,0.9912938886308647
168,0.002827595102870268,0.0006123508132835808,1.8358871450501095e-05,0.00032043940147447357,0.9962212558109211
169,0.0015898561986337411,0.0008256230938010737,3.5390466888942244e-06,0.0007416421593563137,0.9968393395015199
170,0.0007103099122357786,0.00025972376711496384,1.717337868877863e-06,0.00043328006541826355,0.9985949689173622
171,0.0005486822488396127,0.00022887654232874383,1.8546008459307052e-06,8.985990637973359e-05,0.999130726701606
172,0.00220645230764707,0.0001480422513968179,7.250323554009312e-05,8.265031240863309e-05,0.9974903518930073
173,0.0005397713978157174,7.042857312549312e-05,1.204705197748291e-06,5.291572608701518e-05,0.999335679597774
174,0.010338607097901005,0.0005623325084451948,2.053925769436028e-06,0.00044956449935139775,0.988647441968533
175,0.0459531364913634,0.0008588770853119831,3.460888173915334e-06,0.0006013205299556965,0.9525832050051951
176,0.1827298421924893,0.009332063908721117,1.4530950416872901e-05,0.0013642123386140217,0.8065593506097586
177,0.4720083242944332,0.028362315388427106,2.3235047106041985e-05,0.004801466951200289,0.4948046583188334
178,0.5505072258948684,0.028939790976041484,2.9307500651992312e-05,0.01603920901162983,0.40448446661680837
179,0.19707765342729816,0.3242744490705684,0.0003071009109471935,0.07486333004489347,0.40347746654629274
180,0.06829542275769021,0.005736473679801767,1.7162611671210264e-05,0.030481251119800202,0.8954696898310367
181,0.33666018305200984,0.061361322528629136,0.00035079668964196306,0.19515936307523724,0.4064683346544819
182,0.2626704681020047,0.04601931040380739,0.00011629301490932996,0.1451671669758843,0.5460267615033944
183,0.6060633437104923,0.06080401685921669,0.00011372798734761493,0.13333420338662652,0.1996847080563168
184,0.2680922235786735,0.09016140798901222,0.00017732466907301945,0.13844438561339067,0.5031246581498506
185,0.5757932241757546,0.11330322109545754,0.00019719312439779712,0.17544223911582416,0.13526412248856576
186,0.4288376951537347,0.12487414516399734,0.00014529675565722673,0.09909529040199479,0.347047572524616
187,0.5370942584677106,0.2070782341475325,0.0006193746192928101,0.1901096098995569,0.06509852286590716
188,0.1381258949517308,0.5892062287618207,0.001344666181323781,0.2413502289578416,0.029972981147283247
189,0.05746322938765328,0.7930806432004888,0.0015313660214284794,0.12894298263555284,0.018981778754876735
190,0.024667412587890146,0.01901024240239088,7.561630920128593e-05,0.0334529485612305,0.9227937801392873
191,0.4787234306300167,0.11726515020844162,0.0005628630803953012,0.06401244187007579,0.3394361142110705
192,0.6224149437686514,0.20877804676158818,0.0005903567644686453,0.07235625336209518,0.09586039934319668
193,0.5735245103590818,0.1038559773580145,0.0001229344028552628,0.01364868620729998,0.3088478916727484
194,0.5313659624459371,0.32393877894438283,0.00041528693628206767,0.10695561392254789,0.037324357750850155
195,0.23377045033957122,0.5534595413049462,0.0010302129933208656,0.16741125480558663,0.0443285405565749
196,0.07842012861386788,0.861357547725163,0.0018153753061517254,0.051844380594787826,0.006562567760029602
197,0.31181841453037584,0.2399438890499958,0.0003975951522330342,0.1856308115657183,0.262209289701677
198,0.07107067606779448,0.8901558128587354,0.0036428936588378817,0.027944412564598484,0.007186204850033837
199,0.5158516465200458,0.3235512383260826,0.000480584349332563,0.06775718512293748,0.09235934568160159
200,0.238585888939857,0.7429787304699806,0.0007938803179485604,0.012327653726785476,0.005313846545428234
201,0.08932528368584851,0.8997529374669743,0.000983327892341081,0.008251243129669591,0.001687207825166692
202,0.021288123926033086,0.9754817267299788,0.0007856502873987191,0.0016732186125517651,0.0007712804440377949
203,0.006599803471214192,0.985283355393667,0.005921797257995761,0.0014837898362754713,0.0007112540408477248
204,0.005443533406746709,0.9768157090795815,0.015743446896660986,0.0013222522059334418,0.0006750584110772966
205,0.002547232739012812,0.9576792529564597,0.037742498831105455,0.001059246594678975,0.0009717688787429554
206,0.003337031998495783,0.9440861757126033,0.049494743924994165,0.0020832880701260902,0.0009987602937806205
207,0.0016305443370074686,0.9244482976173211,0.07097039685634578,0.00211450767559786,0.000836253513727748
208,0.008613530432276332,0.9164247483486647,0.06774127890980985,0.005096599208472844,0.0021238431007764595
209,0.02794762383131618,0.9322714087572509,0.02906897593003631,0.005981246426253963,0.0047307450551426055
210,0.003292628204994047,0.818264324350191,0.1762854316217577,0.0011044263532348961,0.0010531894698224019
211,0.0017383732724329398,0.6892841155342593,0.30746041190249296,0.000659990781414036,0.0008571085094007588
212,0.0019672654654348913,0.8113943097231593,0.18429843633950987,0.0010555944256937335,0.0012843940462021642
213,0.001355908393605608,0.4145322882972647,0.582111892180872,0.0008154264386427692,0.0011844846896149129
214,0.0017862955393200505,0.6950502617298433,0.30035838236424706,0.0012550951046399544,0.001549965261949695
215,0.0009196511103091407,0.5267734059615616,0.46992865316375654,0.0006682693590464188,0.0017100204053261975
216,0.0023286703221392724,0.5058818792723538,0.4885788952935541,0.0009071882973747216,0.0023033668145778954
217,0.0015645028751474046,0.8114461954865508,0.18428849645939205,0.0006056549127740221,0.0020951502661357767
218,0.0008167351823692941,0.39853307697130747,0.5992620354576564,0.00034338376585492256,0.0010447686228119827
219,0.0014055412129631503,0.3993577285697901,0.596995904122079,0.00041949730607468644,0.0018213287890929105
220,0.0010671458669788817,0.19428149701515712,0.803306628931453,0.00022759196216007676,0.001117136224250964
221,0.002376707014894415,0.29594440695761776,0.6995880881987127,0.0003232682360287399,0.0017675295927465562
222,0.0010522751936649466,0.2522879667774524,0.7452846054139818,0.000230607327976396,0.0011445452869244513
223,0.00020972322545816409,0.07465197375431293,0.9245373724713375,5.392440822597698e-05,0.000547006140665578
224,0.000476225094754161,0.18568023406172796,0.8127584304301575,0.000148840330404267,0.0009362700829561902
225,0.00016957486321446245,0.10557035403164522,0.8936351895748361,6.256833053190091e-05,0.0005623131997723316
226,0.00024328268149296085,0.0827759219969834,0.9162383122645444,9.84036329693892e-05,0.0006440794240097087
227,0.00038883735784005176,0.0696986033178918,0.9288577361912553,8.673158295018233e-05,0.0009680915500624311
228,0.0002492691633726085,0.0553006931334337,0.9438971179703908,7.763536444764898e-05,0.00047528436835526954
229,0.0008924541702977374,0.1205105820901532,0.8776125933470859,0.00017869647614276839,0.0008056739163203064
230,0.0003558009852548568,0.10985989463245607,0.8887915253393194,9.851641704285136e-05,0.0008942626259268535
231,0.00010273868530653711,0.043227831447882795,0.9564053719198597,2.7172881512759194e-05,0.00023688506543811355
232,0.00035909649678792795,0.08762877020537364,0.9110734866676893,0.00010212700475952741,0.000836519625389578
233,8.246523730109344e-05,0.05060422318610588,0.9489141935340256,3.173270246850503e-05,0.0003673853400988402
234,0.00014653210675515598,0.05287871446625495,0.9464497938029174,5.1365036666077916e-05,0.0004735945874064124
235,0.0007536892531219449,0.145947821205818,0.8518855555099728,0.0001937563688361005,0.0012191776622512355
236,0.00021991001861772314,0.08832308804743394,0.9106546058361502,7.140072613277494e-05,0.0007309953716653005
237,0.0001480920274363556,0.07311687621378714,0.9262457359633129,4.747660764969356e-05,0.000441819187813584
238,0.00034423568456121357,0.07499146164696623,0.9239588820761097,6.636134334457499e-05,0.0006390592490181812
239,0.0005376897921032617,0.14790664155248948,0.8507627011337842,0.00014023545913801754,0.000652732062485191
240,0.0004885568302033244,0.056038653637436917,0.9427257030179481,6.9310007850339e-05,0.0006777765065613733
241,0.0003005575740621632,0.07745645672603194,0.9214720733332292,8.14011207011936e-05,0.0006895112459755913
242,0.0005869632458415566,0.07522099912660202,0.9234451038961536,0.0001075899671600379,0.0006393437642427204
243,0.00038516952622143083,0.06268915804042838,0.93607367256359,0.00010646642963570897,0.0007455334401243663
244,0.0005072884267920732,0.07592534804488921,0.9226160737999018,0.0001316760163099595,0.0008196137121070165
245,0.00019178159943933668,0.0735924500812545,0.9254012284906876,8.113576275137172e-05,0.0007334040658670313
246,0.00039050089212883224,0.09550169917719241,0.9031691749145054,9.737823136562958e-05,0.0008412467848076419
247,0.0003263997097357331,0.10274598231968096,0.8961503047841004,7.755639030430595e-05,0.0006997567961784396
248,0.00043721497785304886,0.11439965331354843,0.8841298961169228,0.0001517173969371269,0.0008815181947385692
249,0.0001423629951996213,0.06457410007840517,0.9346774754041826,5.9039410520318025e-05,0.0005470221116921107
250,0.0004063816699389859,0.11546595366735211,0.883224777675623,9.981484754044378e-05,0.000803072139545449
251,0.0007057773368861435,0.26067544621415306,0.7373226037625431,0.0002467992246067615,0.0010493734618108967
252,0.00012280005353590282,0.056261855099350826,0.9431716038350908,5.03395867360215e-05,0.0003934014252865001
253,0.0003878130392927606,0.1351984912402427,0.8634680914144811,0.0001096160790700725,0.0008359882269134425
254,0.0006106993716553603,0.14540706382299115,0.8529020937894928,0.00016149719075368916,0.0009186458251071572
255,0.00031846310698742673,0.08776053636171473,0.9111738216386203,0.0001091617677129333,0.0006380171249646323
256,0.0006397545849120959,0.27198877022545553,0.7260996063647692,0.000314781012363532,0.0009570878124995308
257,0.00046683010077251506,0.13952654259940414,0.8590290252349385,0.000156376322262585,0.0008212257426220603
258,0.0004373181949817593,0.06965902718593388,0.9285285438105847,0.00014998075999159087,0.0012251300485079716
259,0.0006556848432295961,0.08915904803445948,0.9082062609764991,0.00019972212066274482,0.0017792840251492717
260,0.0007393259631184154,0.3830924352944119,0.6136874152877506,0.0005459570874223924,0.001934866367296893
261,0.0007715725732731354,0.17680940148178909,0.8208479291083268,0.00030229977147171026,0.0012687970651390843
262,0.0005131195808877797,0.2629712983686177,0.7352808393198508,0.0001981547411206266,0.001036587989523205
263,0.0005362462915938463,0.41473026807544433,0.5830847430781115,0.00017286115493684592,0.0014758813999133833
264,0.0005536497763283855,0.18219851642965984,0.8159935370905668,0.00012615860725315265,0.0011281380961919037
265,0.0004790931305925162,0.15610565093208909,0.8423280531203465,9.367745964124277e-05,0.0009935253573306185
266,0.0005821134432469476,0.0916488246147276,0.9071622047302446,7.005338898863399e-05,0.0005368038227924488
267,0.002285008778170667,0.2944094268288024,0.7006601835737486,0.00044935104646147585,0.0021960297728168335
268,0.0002794508046786495,0.10088548086189288,0.8981940210555093,7.317337840162588e-05,0.0005678738995176867
269,0.0005221102945532202,0.08936574802894152,0.9090555787929389,0.00010576237547119615,0.0009508005080953016
270,0.00023143334977637048,0.06803574510885341,0.9310697973710097,7.235120120049642e-05,0.0005906729691599628
271,0.0007881872363091597,0.1333922393314872,0.8646729309882956,0.00013172161525604236,0.001014920828652009
272,0.00022204858838025494,0.06808008823622559,0.9312059327688399,5.4864378923828975e-05,0.0004370660276303921
273,0.00034617292772586266,0.12564897682617399,0.8728406924874742,0.00011237530122014191,0.0010517824574059903
274,0.0004391540445170346,0.16652457793959002,0.8317443345479032,0.00011099480480514515,0.0011809386631846188
275,0.00041445920780076016,0.11243342403061674,0.8862001795537462,0.00010423099054873014,0.0008477062172875762
276,0.0016885511487280314,0.580979212878251,0.4146299312841877,0.0004900621414360393,0.002212242547397039
277,0.0004723604030033051,0.13191929813454867,0.8666065120760577,0.00015139384090888402,0.0008504355454814561
278,0.001966530620638237,0.15148734639469483,0.845378824493218,0.0003088220175504681,0.0008584764738986281
279,0.0005736812319484024,0.15088196691335543,0.8474726278208219,0.0001785925926283647,0.0008931314412461085
280,0.0011408448255235991,0.24968100023468687,0.7477636054455682,0.00021533263356735883,0.0011992168606539619
281,0.002274019242872075,0.230853018395172,0.7643591143113273,0.0004393752414609156,0.002074472809167796
282,0.0021601041908256412,0.35975906335588476,0.636293573479364,0.0003998911031827255,0.001387367870743058
283,0.002350248382022181,0.12194673951857259,0.874091046218015,0.0004407289256724027,0.0011712369557177749
284,0.0024144973180219493,0.5475141071067836,0.44761552692177525,0.0006242808483980764,0.0018315878050210706
285,0.004388554136627583,0.2675436700053424,0.7259750307615661,0.0006921467229103864,0.001400598373553449
286,0.004538423482343439,0.6422815680527987,0.3480008056201962,0.0019092677294303493,0.0032699351152315486
287,0.001163408859573756,0.21239072342577664,0.7838689981322184,0.0011138917894513481,0.001462977792979718
288,0.003052485417403327,0.1681453413263701,0.8243965618719189,0.003004455083730553,0.0014011563005772798
289,0.008448058450168225,0.4552940612109249,0.5220639162637379,0.011422751953945081,0.002771212121223911
290,0.015398355343120899,0.3010034842121975,0.6618761252062001,0.016895736485527703,0.004826298752953802
291,0.01697652107808619,0.5517450439016702,0.36212266260290304,0.03614135883020957,0.03301441358713101
292,0.141933973963054,0.5155444284819909,0.006724241732031295,0.034873164332450385,0.30092419149047345
293,0.17701998035819827,0.2013984778699121,0.002274107377475363,0.3222731090271185,0.29703432536729585
294,0.06258078189681902,0.08805662365505883,0.0011205299533059761,0.7890098237485592,0.05923224074625699
295,0.12051220554609646,0.07830214612092593,0.00015970612313653072,0.6998813270680497,0.10114461514179131
296,0.07523743729463706,0.038826499022396356,0.00014046281759065292,0.6343993535420677,0.25139624732330834
297,0.056660166083748034,0.03365803811325587,7.168778378628827e-05,0.7438835395232697,0.16572656849594014
298,0.06521740837831631,0.04960796135662675,5.5148871241423123e-05,0.7408189113927616,0.14430057000105398
299,0.04892591049957369,0.031040491076427354,3.778836759222944e-05,0.8474476848481095,0.07254812520829722
300,0.024091052573233768,0.03519989719306223,4.321324551196672e-05,0.8900122361403304,0.05065360084786173
301,0.015367885177631935,0.014938665507833621,9.470274036373016e-06,0.9577816463231577,0.011902332717340416
302,0.022685741226297983,0.014809441331348844,3.507311219772767e-05,0.9245811692690636,0.03788857506109189
303,0.03089027051691767,0.0482872365323077,6.165300815451756e-05,0.8827436000127649,0.038017239929855194
304,0.019970887201339497,0.016024474421186184,3.946961446990288e-05,0.9356718676818185,0.028293301081185936
305,0.03320122125153648,0.014798495527580733,2.5790883857199007e-05,0.9134765549117149,0.0384979374253107
306,0.029317895411131945,0.017665006137227473,4.2794872060862064e-05,0.921963650755493,0.031010652824086594
307,0.028017496388729277,0.02122374301693642,4.699205549020286e-05,0.9089619565338795,0.0417498120049645
308,0.020629904894776153,0.020272553591417632,7.099222235769419e-05,0.9291446659610929,0.02988188333035548
309,0.023212062237359048,0.012580150113938258,3.288401171445878e-05,0.9163675494725432,0.0478073541644451
310,0.015345458553730483,0.009619434063292237,4.634360141740302e-05,0.9634688106049111,0.01151995317664888
311,0.01886753898782988,0.007195894427110915,6.700091612974297e-05,0.9559241915093176,0.017945374159611976
312,0.023770908789700656,0.013280760904718131,9.031298982440244e-05,0.9155057619757736,0.047352255339983364
313,0.04653490225979971,0.027512914333617165,0.00015696883350496747,0.8805815047506701,0.04521370982240814
314,0.028799226915017066,0.022488654633077927,3.2213157361125546e-05,0.9173971258898648,0.031282779404679106
315,0.03375018471663934,0.03859240745068018,4.072125826103488e-05,0.8885561734664452,0.03906051310797419
316,0.011142991225261864,0.010427008271827496,2.0183795424687247e-05,0.9618751234647281,0.016534693242757643
317,0.07845591302678982,0.04297008212536239,4.3898353879935615e-05,0.6859118047677245,0.19261830172624334
318,0.040140126677632414,0.024439627614792025,2.8262340114317235e-05,0.9206693980498062,0.014722585317654939
319,0.02895262848300892,0.022428905572921855,2.1772284890575263e-05,0.9408381224603486,0.007758571198830006
320,0.010608486602582127,0.015561876070833721,3.62106143153931e-05,0.9651726674421426,0.00862075927012619
321,0.011338616730624617,0.006220083766847968,3.480003511909733e-05,0.9595880256910965,0.02281847377631185
322,0.01315379099670354,0.007592842662666976,1.247676929455139e-05,0.9725100053000089,0.006730884271325958
323,0.03907188170778099,0.015808176305858367,1.9484094092359025e-05,0.9362099605029066,0.008890497389361646
324,0.035450776275643976,0.043129886627082795,3.121332509295875e-05,0.9089071772533259,0.012480946518854261
325,0.026609020576891695,0.021284134877259706,5.2119418823769686e-05,0.9361452288651038,0.01590949626192105
326,0.05869829755768112,0.02388024291750222,5.963671437171045e-05,0.8858955618033039,0.03146626100714113
327,0.043610942486979276,0.04146654010829017,3.268865826786685e-05,0.9069172488541661,0.007972579892296631
328,0.07987053467663711,0.07897676638379975,6.703521121661718e-05,0.8142047803313032,0.026880883397043365
329,0.13030392163204096,0.06297989851921013,3.8681971460870634e-05,0.7656536519029967,0.041023845974291415
330,0.1239802910080883,0.25938245403943505,0.0003745240035181431,0.5657023441550737,0.05056038679388474
331,0.18752024972831738,0.20316781202675738,0.00011800013861115503,0.5547084798609301,0.05448545824538406
332,0.30078058356761916,0.11849519330561956,4.106686989554569e-05,0.5257029110850043,0.054980245171861446
333,0.24198266305222646,0.33388344827879135,0.00023160130666796143,0.3541864024752758,0.06971588488703848
334,0.1903553126029891,0.24321983067617475,0.00035040574445295054,0.30274521237214314,0.2633292386042401
335,0.09322503890113337,0.019328259224062696,6.32452674428202e-05,0.01228936936506868,0.8750940872422924
336,0.7106500668528971,0.10071993095805823,4.79102899613382e-05,0.08089844707627847,0.10768364482280494
337,0.7785211245188298,0.08674895262675096,6.547543698872546e-05,0.09077975272390598,0.0438846946935245
338,0.4121885236921339,0.5459126772835684,0.0002042617592869798,0.030827201203462974,0.010867336061547817
339,0.06044906848966613,0.9020386436740276,0.00039730512761780893,0.03141290185238543,0.005702080856302835
340,0.07517889669994794,0.8453452332086383,0.0005091867315116087,0.062186040431805,0.016780642928097226
341,0.015056432072926267,0.9564702038395665,0.00025991903105930015,0.02659788393386025,0.0016155611225874618
342,0.0988923378373764,0.801847710744814,0.0007026080491654423,0.09399427583392558,0.004563067534718664
343,0.06189872512937085,0.9088671117916931,0.0010260021016690276,0.02454153965406232,0.003666621323204512
344,0.12662640893464827,0.7391979840320474,0.0006738398405092519,0.12936673534961862,0.004135031843176368
345,0.04354537549783557,0.9237380238911613,0.0007754168692054161,0.030711478185356612,0.0012297055564410918
346,0.034257339798029786,0.9516060476454036,0.000605307683750293,0.01256049536135696,0.0009708095114595037
347,0.012109185928539193,0.974496040436017,0.009186782922537698,0.003396780550854655,0.0008112101620515748
348,0.036528136543427854,0.9397158477539678,0.0006136267676330491,0.02196704504128406,0.0011753438936872947
349,0.007743860032267922,0.9783047832347701,0.010904336495140998,0.001963604586187814,0.0010834156516331466
350,0.043379009658267256,0.9397046417934911,0.0015131242863211413,0.013657717327484204,0.0017455069344361233
351,0.0071572339771954945,0.9881101139058176,0.00035150185959166737,0.003468297064583276,0.0009128531928119831
352,0.010028244709694465,0.9814303463971807,0.004536254481221285,0.003126783744862734,0.0008783706670408133
353,0.017732073766495965,0.9765221922037669,0.000759934444358957,0.003806460123893722,0.0011793394614846063
354,0.017211827361682565,0.97214048011726,0.004088591785096653,0.005320213270663273,0.0012388874652976467
355,0.0627129015531066,0.916985473640804,0.002213980379459745,0.015410261762928878,0.0026773826637009174
356,0.05026994853569757,0.9342892163694637,0.0043433873392623975,0.008612247600336539,0.002485200155239792
357,0.013549362869856214,0.9579162661873235,0.017383897875394166,0.009172217929086813,0.001978255138339131
358,0.012206347367536034,0.9747599407565801,0.003796981878583657,0.007841478778648298,0.001395251218651759
359,0.07801034471333256,0.8841071368373109,0.0017355458697660183,0.03295616952641217,0.0031908030531783782
360,0.027578740362525965,0.9444228924112948,0.01345100000345725,0.011010317421774577,0.0035370498009472434
361,0.02491930519176299,0.955427310261531,0.011515560348562538,0.005164719716309816,0.002973104481833683
362,0.03487733428456963,0.6181078580130758,0.3045744189177248,0.00954431218752666,0.03289607659710326
363,0.05154875130779524,0.9252751079517032,0.01019847059695136,0.005526976711192734,0.007450693432357593
364,0.15650544929535143,0.8075128612038288,0.0059892428124437005,0.009293866572041592,0.02069858011633458
365,0.05475174854094833,0.8464228516133252,0.06732876629836498,0.006317098444465637,0.02517953510289571
366,0.049823862866997526,0.9412992201849048,0.0023788551825508516,0.0029583747543700267,0.0035396870111768335
367,0.033059370182375356,0.8319923559384182,0.09146623465902619,0.002422005969739485,0.04106003325044067
368,0.03360662777378546,0.9541567781424067,0.004102186617746759,0.0032487314400856467,0.004885676025975409
369,0.031802535665843894,0.9606186980912245,0.0015395956294853943,0.003115731468067169,0.0029234391453791028
370,0.008648225146356641,0.9884598533297706,0.0007338470494849031,0.0014227937694121825,0.0007352807049759069
371,0.008987647916757022,0.9855645278279793,0.0026440874455501925,0.001776844719394348,0.0010268920903189695
372,0.07079174255481246,0.8874418417690902,0.02342177570541798,0.007621039971680132,0.010723599998999155
373,0.011450189357205653,0.9479305964814162,0.03319046474495569,0.0031248814794365485,0.004303867936986096
374,0.023813936760148834,0.964660700567435,0.0012507779977945354,0.006506764363573336,0.0037678203110483094
