epoch,N1,N2,N3,R,W
0,0.04285628265646136,0.07789136511536673,0.00046366359404379913,0.0013359256847724223,0.8774527629493558
1,0.019243080584849668,0.04896413926067945,0.0007215701737951018,0.0008297191959763324,0.9302414907846994
2,0.006581624690584629,0.01367754460817487,0.0012353768820747525,0.00010762762567664219,0.9783978261934891
3,0.008895435333188529,0.02645153726670767,0.0025122183789920475,0.0005489179738844085,0.9615918910472273
4,0.008942100575201745,0.0070519526936645115,0.0007221634051098621,0.0007714648164014023,0.9825123185096225
5,0.011312530835916821,0.009133365186226866,0.0006336765406652745,0.0005310189101591817,0.9783894085270319
6,0.004370415985188527,0.0034230845270142593,0.0012646475314186173,0.00028854151911895774,0.9906533104372597
7,0.07955276599497076,0.03537419828037267,0.0004367599387017113,0.0005159783747760049,0.8841202974111788
8,0.08407007752689992,0.05920281225867486,0.0005218585083949409,0.0012715809525412841,0.8549336707534889
9,0.011733481033459824,0.024511110260633847,0.002051003222247325,0.0004781448897112614,0.9612262605939478
10,0.09520056459945145,0.16594962948919512,0.0007859276428241023,0.001329123068142503,0.7367347552003868
11,0.09251743520782713,0.5194944658550406,0.00320203906806599,0.003010062395257288,0.38177599747380897
12,0.06257542494688144,0.22197435577371813,0.0017759375651204285,0.003968993303320812,0.709705288410959
13,0.109144021649214,0.5602500153112103,0.0006926106975799883,0.011580069129147073,0.31833328321284865
14,0.17392941388892236,0.5987820660750233,0.0004177332782219795,0.020986549861179184,0.2058842368966531
15,0.002052817400954013,0.004984972920455219,0.0007210527960386576,0.00023008344659000915,0.9920110734359621
16,0.0022141321116942664,0.0002571700276926219,1.7853487969358615e-05,0.00010492836150771634,0.997405916011136
17,0.0017668290809471343,0.0005577057552292855,2.6968856348998033e-05,0.00011178400316398761,0.9975367123043105
18,0.00806745462228036,0.0008858564486164328,6.175331159308097e-06,0.0003426866496241352,0.9906978269483198
19,0.004329304491811496,0.00038049132872217356,0.0019219379365546867,8.637240781144952e-05,0.9932818938351002
20,0.000750946448835472,0.0002647816626365924,1.1726781956475727e-05,4.287864575513794e-05,0.9989296664608163
21,0.0013322623436894678,0.0004298406760152208,2.3088734910822776e-05,9.183885773948553e-05,0.9981229693876449
22,0.0002802493657821971,0.00020966898657760985,9.28942028628441e-05,2.5372860398370948e-05,0.999391814584379
23,0.0016816215832629474,0.001965939966564962,0.0005911442010015336,0.00019222217370039473,0.9955690720754703
24,0.0009364200450523132,0.00019644402634412175,4.321407461645213e-05,0.0001063217038017084,0.9987176001501855
25,0.0006511032939185105,0.00031344705137903233,6.6977949234795375e-06,7.244994245542173e-05,0.9989563019173234
26,0.0008063669474529153,0.00023189431555944312,1.4512437095316824e-05,9.562567854620473e-05,0.998851600621346
27,0.001473142212553,0.00030046428176018025,2.1084068558062293e-05,7.027556749586897e-05,0.9981350338696329
28,0.0006934849440087098,0.00038274657707201555,2.651724666163069e-05,8.334470395713897e-05,0.9988139065283006
29,0.0035559201353181982,0.003085132755456667,0.0017369460191480651,0.00021035407001188103,0.9914116470200652
30,0.004391510140407298,0.0007034663792707576,4.083217933749512e-05,0.00022456256474871216,0.9946396287362357
31,0.0013643576609476966,0.0011695862517821182,0.00032650120671642526,0.00015849186275928984,0.9969810630177945
32,0.002727677998590794,0.002082209748630625,7.61021728854497e-05,0.0003189698401873006,0.9947950402397059
33,0.0014668676061035835,0.0007347430445175452,8.782498493653e-06,0.000164395570405301,0.99762521128048
34,0.003187981682262668,0.0018934978837580687,2.1197986336230695e-05,0.00013817546143189178,0.9947591469862113
35,0.005396838710939502,0.004303962658444672,3.946396140232215e-05,0.0004344051860246774,0.9898253294831889
36,0.0029701007131501403,0.0033603966971419556,0.0002328328227161638,0.0001818188724300383,0.9932548508945616
37,0.00024384140133180477,0.0002021492381945046,0.00022103947272296713,4.491198163796514e-05,0.9992880579061129
38,0.000569461151430817,0.0002513145467173648,0.00022369538376593108,6.741451230292097e-05,0.998888114405783
39,0.0005008938326126312,0.0006925046221667513,0.0001170900938025369,8.6691170800619e-05,0.9986028202806175
40,0.00029260489240398265,0.00025603015056539736,1.5840758678782162e-05,0.00015966288097732815,0.9992758613173744
41,0.002318934746219875,0.0007209335323458067,3.34581524578063e-05,0.0006905548174680089,0.9962361187515085
42,0.0014833038678167066,0.0006000860261658428,1.6998808006564017e-05,0.00010281497803577998,0.9977967963199751
43,0.0015114278813585043,0.0004418375276790522,1.6198778870880436e-05,6.703454073838722e-05,0.9979635012713531
44,0.004284507069608306,0.0010341835006609824,0.00043456251642730743,7.630088889641291e-05,0.9941704460244069
45,0.00968936944656004,0.001309506098515768,0.00028918758478694114,0.00018426013050718546,0.98852767673963
46,0.12662819667976885,0.02938028604003849,0.0007446285769615951,0.0008777748953237166,0.8423691138079075
47,0.030352677843978312,0.010541203190858913,0.0004963174399383618,0.0007418455794254282,0.9578679559457991
48,0.23207924375418132,0.3044208478812853,0.0022959990199455803,0.019624459753246594,0.44157944959134127
49,0.04819918817367063,0.0622132873449706,0.0025178538689390063,0.004711489706293936,0.8823581809061257
50,0.07089654437129782,0.05313236587246104,0.0002661267900387095,0.009056199435696622,0.8666487635305058
51,0.3734171460535427,0.2914361056584128,0.0013216148746961693,0.05121413585951984,0.28261099755382835
52,0.2241226173865703,0.7014723380551015,0.0013423948419059137,0.011274040166264722,0.061788609550157705
53,0.13069200182822638,0.7794872648784017,0.0012781038135237384,0.0074907597571444145,0.08105186972270369
54,0.05354640529562979,0.917359236686338,0.0012942699682526135,0.002999982003287753,0.024800106046491664
55,0.05034974297099383,0.917473113366414,0.003722884224066439,0.0026124889293359433,0.025841770509189902
56,0.025990896707385087,0.95355820123626,0.0035933165946813055,0.0018126566470516392,0.015044928814622117
57,0.05884926604385645,0.9054689411208412,0.0011013014562810733,0.01090813438513337,0.02367235699388816
58,0.03446446807131816,0.9256084294646345,0.01209749081200457,0.0019673338605314334,0.025862277791511467
59,0.04912718146466365,0.7934595800825361,0.0022164251353245378,0.0012796890044378226,0.15391712431303772
60,0.028746002493910974,0.9418119046915372,0.003989569253374984,0.001297890797997706,0.024154632763179106
61,0.011035389872860842,0.1491289534260333,0.0055840245205117595,0.00038648491706559776,0.8338651472635285
62,0.0067859209097607944,0.013899785903562764,0.016425187859513447,0.00015887237902662555,0.9627302329481363
63,0.0007547596851425372,0.0008380603645773162,0.002675760537116838,1.5356656174778396e-05,0.9957160627569885
64,0.003034823615178058,0.0037370202469593087,0.00078893315149634,2.1668333869877145e-05,0.9924175546524965
65,0.0027140201757492274,0.001735928279999153,0.000481924764666169,9.605928417162609e-05,0.9949720674954138
66,0.0009047832283722243,0.0018120722672695516,0.0007240208066407077,1.0261545282282366e-05,0.9965488621524353
67,0.008872903151328236,0.020241259669634606,0.010363026311689599,0.00018043941446836535,0.9603423714528793
68,0.0031334020287452093,0.0035326301737031267,0.00027640850393795046,0.00033429941105104133,0.9927232598825626
69,0.0002903022570142407,0.00041854805002102517,7.487546423900602e-05,2.6134015922559052e-05,0.9991901402128032
70,0.005615109311914508,0.0016041717047810674,0.00021095518821208302,0.00019250846064490637,0.9923772553344474
71,0.004970926121782228,0.0015131843983267309,0.000120373867413535,7.211570798928852e-05,0.9933233999044881
72,0.000506311464993013,0.00021966404418600834,3.926401434495082e-06,8.25200519658669e-05,0.9991875780374205
73,0.0007064281120300096,0.0002777316185676725,2.297335120977646e-06,6.225395177124756e-05,0.9989512889825102
74,0.0003846031232266452,0.000156880663923184,1.006463243536269e-06,5.710512246833233e-05,0.9994004046271383
75,0.0014024721883908549,0.000686622658089916,1.0986200795514406e-05,0.00013404327993663518,0.9977658756727871
76,0.0009580057801946369,0.0005023026757257896,1.499291083534594e-05,0.0001199948454053229,0.998404703787839
77,0.006589720342147282,0.0022944028320100256,0.000162495418881275,0.0002863081128976912,0.9906670732940637
78,0.0014763058604162938,0.001530217948730546,0.00011986555413613705,0.00026202157619277923,0.9966115890605244
79,0.0015459018646147924,0.0006604795827047843,7.213317595249717e-06,0.00034882926612662984,0.9974375759689587
80,0.002178554307164292,0.0017648343448801458,4.788904214416174e-05,0.0003492297171879391,0.9956594925886234
81,0.09455075618365859,0.00755236291898954,0.00015551537341743297,0.001645970012991982,0.8960953955109425
82,0.29113851360885545,0.038400726388885566,0.00016907730753976512,0.003774117750180708,0.6665175649445385
83,0.08643434368895234,0.061167833788184814,0.00017074283720931523,0.016045181848156925,0.8361818978374966
84,0.39960444496102204,0.12498895291227037,0.00030694523478360687,0.019721100589507434,0.45537855630241664
85,0.37158167522816665,0.28196904660683625,0.0004938074166887822,0.13809556092824996,0.20785990982005834
86,0.14514466229434714,0.4027701701774702,0.001519483039612714,0.010541624765586574,0.44002405972298336
87,0.02345610177701073,0.027438600851286736,0.00036509786700721905,0.006407685858535454,0.9423325136461598
88,0.027636906922822523,0.032536890625731986,0.00022905336293077013,0.01800616642541994,0.9215909826630948
89,0.11810901496164837,0.12334841519541007,0.0002098660125261579,0.022610038836562516,0.7357226649938529
90,0.2783271857217175,0.5616218712469649,0.0005275791780322775,0.04116794591619175,0.11835541793709374
91,0.07464161451964976,0.22789133450187063,0.0014207510707884882,0.01150305864746282,0.6845432412602283
92,0.03944457560344785,0.13983382574279316,0.0007399376283397811,0.01133879793985934,0.8086428630855599
93,0.05524781108564055,0.07149507476178152,0.0003205770948770637,0.03277392158655389,0.840162615471147
94,0.02211034373272725,0.06274136082763378,0.0008701595560550784,0.00867477137457668,0.9056033645090071
95,0.019170366599588647,0.021224647735178164,0.002593514149966368,0.0033450790715527762,0.9536663924437141
96,0.01255672007279454,0.015582234142217004,0.0006946485206259093,0.0013813476415293988,0.9697850496228332
97,0.01955608505792922,0.017207576555297463,6.657532001479639e-05,0.0018618264894684812,0.9613079365772901
98,0.00926013484237066,0.009718234141913407,0.00016647666535985972,0.00101289893709379,0.9798422554132622
99,0.004328502191190059,0.010304006102701869,0.0018267005956820546,0.0015567299512377615,0.9819840611591883
100,0.005015947618192622,0.0022059650825173734,3.469979204706384e-05,0.0007844170983806747,0.9919589704088622
101,0.002520930525174305,0.00234511784398037,5.661910962375385e-05,0.0003869568208749506,0.9946903757003466
102,0.00991768578262949,0.0031485169237680313,5.9175175437549486e-05,0.0008550617039517265,0.9860195604142132
103,0.0768304188773231,0.01097640347593786,0.0003283775153995505,0.003166398572588025,0.9086984015587514
104,0.10289438797781043,0.053950490715739596,0.00042186273124917423,0.004546373580171861,0.8381868849950289
105,0.08470024532049651,0.019410596130133462,0.0007422990190194515,0.0021533738866521173,0.8929934856436985
106,0.31763459942629946,0.06010856317040518,0.00043869535620694487,0.0034610710999871523,0.6183570709471014
107,0.28522181346663594,0.4359657561121836,0.002775038558984423,0.016222112968015585,0.25981527889418043
108,0.13516741193326767,0.5969528820038882,0.0048087108275286835,0.008769471924344276,0.2543015233109711
109,0.07870091421995729,0.8860463341820356,0.002131500458409649,0.004710128606106486,0.028411122533491193
110,0.03796817239589593,0.9396028906853139,0.0008456387296216071,0.0050614093976001535,0.016521888791568195
111,0.02264284105445971,0.9598729088808631,0.005211467272122933,0.0005081109782121071,0.011764671814342292
112,0.01702399451228384,0.9670811004305196,0.007228756896370287,0.000498289446392932,0.00816785871443337
113,0.011357242190733623,0.9410130089957539,0.038155286764297455,0.0005778249842782151,0.008896637064936935
114,0.014884551854536458,0.9418943483806806,0.020970989426281797,0.0008770009207357754,0.02137310941776524
115,0.011585503425943458,0.969598495767873,0.007200837169310067,0.0007275767871608976,0.010887586849712716
116,0.03695785352225874,0.21838876854176087,0.040664556744428614,0.004574163489185236,0.6994146577023665
117,0.01206771659400286,0.02181055128518935,0.0036741635325627515,0.002615127370330227,0.9598324412179149
118,0.06760903866773386,0.02334816418410831,0.005144607936856249,0.0032379854933440007,0.9006602037179575
119,0.009612555490680505,0.009483073104458685,0.001325167427366873,0.0011307270198495538,0.9784484769576443
120,0.03272572305236804,0.007061263172207366,4.291967809905876e-05,0.0029572758740883977,0.9572128182232372
121,0.046603198260039426,0.023722534986387468,0.0005043224934845453,0.003820993402605751,0.9253489508574828
122,0.02761783231225895,0.04591475680692626,0.001400715226666482,0.002863812229757806,0.9222028834243904
123,0.009709578650480024,0.030846976450054665,0.0022101426780173194,0.002451831162911793,0.9547814710585361
124,0.010462987424150848,0.025509224571914405,0.004011079226329485,0.002393472173026501,0.9576232366045788
125,0.011675900611962319,0.004210734220449607,0.00010938698862180452,0.0016399615812416769,0.9823640165977245
126,0.006429151685841809,0.012365767222857633,0.0008379304816740692,0.00031247761138861527,0.9800546729982379
127,0.006615053829373034,0.013227584052693373,0.0009517614701851295,0.000952090619656299,0.9782535100280921
128,0.0028631201147025294,0.004003623882364618,0.00041469302415749593,0.0005209498065271197,0.9921976131722482
129,0.0025223233036835812,0.001986101147736927,0.00021475592021463308,0.0002384376198891754,0.9950383820084757
130,0.0014293556378060705,0.004288880696744439,0.0006087779620390183,0.00011525865997596938,0.9935577270434345
131,0.002183359593386085,0.007055830188255313,0.004952162094727767,0.0004474415901982416,0.9853612065334326
132,0.0032530382778775736,0.005881451163403074,0.007652477263103858,0.0007159079644049443,0.9824971253312105
133,0.010681177833607829,0.010195698509910004,0.0030862407950606485,0.0004111855434402718,0.9756256973179812
134,0.003146206160697995,0.013745511513490898,0.0027388577408084527,0.00011355720215013173,0.9802558673828525
135,0.003381415290222202,0.006338670785227763,0.0011843129750132401,6.717847264157324e-05,0.9890284224768954
136,0.006059475360671816,0.017579142513891418,0.008068603036330398,0.00024786263796510913,0.9680449164511412
137,0.011603505808839232,0.043953796331357174,0.006548574882097778,0.0004573603853699901,0.9374367625923358
138,0.00564392271420306,0.025629364800804657,0.005943744070994906,0.0004887327659191798,0.9622942356480781
139,0.004845452430477079,0.02462570560823322,0.012588149942062882,0.00028622497859617584,0.9576544670406306
140,0.00845884544125827,0.019676750471373034,0.0032782231112643903,0.0002166640708854152,0.968369516905219
141,0.0050334209208767085,0.009828361567797593,0.006579423757507838,4.767906785647918e-05,0.9785111146859613
142,0.007453148713828672,0.012636019637518389,0.007600545470567414,0.00012807082406458522,0.9721822153540209
143,0.008797937292430752,0.007960573020596112,0.004431235398246673,9.340571460824688e-05,0.9787168485741182
144,0.008790164689817316,0.005179865271445243,0.001062229820911522,0.00012204882618017543,0.9848456913916457
145,0.007041881840915979,0.018108041443426526,0.00671188383722105,0.00023575450106303917,0.9679024383773733
146,0.002487935195165557,0.004927146454488223,0.0016303286373903559,0.00010322842313119929,0.9908513612898247
147,0.0017422170570817077,0.006357486396528274,0.00018813958278028002,0.0003582351631960938,0.9913539218004136
148,0.0006864749883250042,0.0021114357164532314,9.686988194956161e-05,0.0005170584114656548,0.9965881610018065
149,0.0009463720278462313,0.001947760054503218,1.80929827127946e-05,0.000795174832381112,0.9962926001025566
150,0.0005272221497050393,0.0005919306706630385,3.182799734170644e-05,0.00011625517198630606,0.9987327640103039
151,0.01342891091487307,0.013918902253759637,0.0029385577536645735,0.0005647427095579806,0.9691488863681448
152,0.007089634808137767,0.004057208237586123,7.471217309972364e-05,0.00012991214836478697,0.9886485326328116
153,0.0017014818955173035,0.0018752160299729894,1.1118608646644573e-05,0.000122089426360271,0.9962900940395026
154,0.00687331600565571,0.004858355867059309,0.0001000554629744653,0.004679713014744235,0.9834885596495663
155,0.006125251507376305,0.0032104929671843527,2.114350243051094e-05,0.002344887253722886,0.9882982247692861
156,0.1318686349990356,0.016956389768976895,0.0003024985918986373,0.007913805632328845,0.84295867100776
157,0.060113058867302754,0.01725670207526293,0.00015306380092094173,0.010645479355426063,0.9118316959010873
158,0.004926956643333056,0.002952019417068027,0.0003723906414105321,0.002356003286754047,0.9893926300114343
159,0.0014418984181681987,0.0014955307401526717,3.9000532297562195e-05,0.0014638509482070028,0.9955597193611745
160,0.20142413126326275,0.02097663466557062,0.00018303034718305348,0.028844085399931288,0.7485721183240522
161,0.11119640755494309,0.02116701009021713,0.00010441230810222078,0.03271585615231976,0.8348163138944177
162,0.01888872918987894,0.006731393184488066,0.0005357284490970021,0.012453312109980526,0.9613908370665555
163,0.13259237636426374,0.022866263483561817,8.863704666147729e-05,0.03845186701700839,0.8060008560885046
164,0.21971293674441167,0.12943842408957695,0.00041602834618756205,0.06496519180802775,0.5854674190117961
165,0.4473679317737678,0.08534021200114084,0.0002955184577465872,0.13013571909301144,0.3368606186743332
166,0.23140176700174525,0.17658554615723696,0.0014074602234326267,0.14438145281250858,0.4462237738050766
167,0.05568063386091393,0.015714060854903227,0.00018139749581729648,0.02546400335138119,0.9029599044369845
168,0.008346524229914169,0.006119332983355923,7.820313977654606e-05,0.004388187370491433,0.981067752276462
169,0.0032526271105895116,0.0027295672274460264,4.856615757512638e-05,0.005396427279037454,0.9885728122253519
170,0.007694599254597785,0.004084592034360007,0.00011010800293457939,0.006583894003648436,0.9815268067044591
171,0.01745769827199574,0.0050522300246191,0.00016749796885392768,0.0034806969647297866,0.9738418767698015
172,0.03761890130225984,0.00582255521272351,5.110654936445829e-05,0.005510325540424056,0.950997111395228
173,0.012287190643160468,0.003765183261545996,2.323576251289206e-05,0.0053892451230049005,0.9785351452097758
174,0.003937893288091829,0.0017666514632891743,8.948578962317414e-06,0.001057715717408537,0.9932287909522481
175,0.07003364086056772,0.01732573436978077,0.00014710993904573131,0.013884261811749983,0.8986092530188557
176,0.0352135069166247,0.015298593785323163,0.0001544594672094191,0.008211629197939026,0.9411218106329036
177,0.14602110340863592,0.054422057980862915,0.00011705092050785973,0.01755197985318611,0.7818878078368073
178,0.03310031217528054,0.017267647615048346,5.036207734162391e-05,0.010029668825091872,0.9395520093072376
179,0.013431936667232693,0.008336393066261662,8.083422567632662e-05,0.004576448583227251,0.9735743874576019
180,0.0041248394261240735,0.0058066240110713156,0.0001536985430279752,0.0019410113116902414,0.9879738267080865
181,0.019208048088741658,0.026552062149419936,0.0017345395134542765,0.013382990779942127,0.9391223594684419
182,0.04920518484605729,0.028398445621615028,5.507938798707824e-05,0.020069239214283194,0.9022720509300575
183,0.04173105846349711,0.04660376541831036,0.000126186159233911,0.011998006404785417,0.8995409835541731
184,0.0019886889133675246,0.005783262470880973,1.6674696764745784e-05,0.003434596626702287,0.9887767772922845
185,0.002969586749928207,0.002335483093053207,1.2084589700952543e-05,0.002897691220639368,0.9917851543466782
186,0.013272304502274694,0.0035385492315116065,3.949652907328573e-05,0.006120404438573385,0.9770292452985669
187,0.005322353267642215,0.002166203804538051,1.3382193566027513e-05,0.004266807265022218,0.9882312534692315
188,0.021659219459317,0.00454643483341998,0.00016821282923300588,0.008359229739635408,0.9652669031383946
189,0.24204237934482326,0.1525841480605996,0.0001202442047363069,0.07222776886299183,0.533025459526849
190,0.029185561259264255,0.018459666349225964,0.00013573015093761248,0.025282599033814312,0.9269364432067577
191,0.029651619757287067,0.012973863219143794,0.0001393094783471301,0.02029409974775249,0.9369411077974694
192,0.026365605377732502,0.012191232654478208,6.83627066290465e-05,0.008845262356721596,0.9525295369044386
193,0.23682179614418966,0.0716202412242792,0.00022902799918820258,0.04426724149145224,0.6470616931408907
194,0.07286548002172,0.08655613924619578,0.00014700634765678542,0.018598167899323174,0.8218332064851044
195,0.037771918182331825,0.024184594157954,0.00022301920088352469,0.008279320099826511,0.9295411483590041
196,0.013175786161628308,0.01499137949738913,0.0010788390726042508,0.004897178809014434,0.9658568164593638
197,0.014950816043087133,0.028699763454921378,0.004165932104296494,0.005072183704005336,0.9471113046936896
198,0.004451510659865755,0.004674497463240449,0.0022176088831458224,0.0027178446846570317,0.985938538309091
199,0.013339654724061355,0.006388448757691445,4.465457684405735e-05,0.0025280376103177095,0.9776992043310855
200,0.0032384579747579555,0.002996673853012187,0.0003437420317248848,0.001589445557412065,0.9918316805830928
201,0.006760786162622994,0.004538902567474338,3.21367777916269e-05,0.0023756473096106195,0.9862925271825005
202,0.00475695838116373,0.011174372287020593,0.0014593688945782385,0.0005153347661991662,0.9820939656710382
203,0.008271144378239226,0.010426529166907937,9.030798075316622e-05,0.002460922323399216,0.9787510961507004
204,0.004135196335961343,0.004540342935886424,8.07850026573495e-05,0.001210601627397238,0.9900330740980977
205,0.005742492709264597,0.0067784042186453276,0.00034139913090229024,0.001241450838480213,0.9858962531027076
206,0.002720705366210422,0.0035662319968893645,0.0015372069172614575,0.00036718792011719315,0.9918086677995217
207,0.006735764651332605,0.011881347097824192,0.0005542508891728799,0.0017270525157847554,0.9791015848458856
208,0.0016416157984086245,0.005240973431349155,1.8831087425272767e-05,0.002042207827688908,0.9910563718551282
209,0.0020925276016788086,0.005909538295914845,0.0004519437380305123,0.000327976772116153,0.9912180135922597
210,0.005865324379724544,0.016199483288807444,0.022726587644420884,0.0008183353065682325,0.9543902693804789
211,0.006143875365736502,0.011017872230160215,0.010722796133676127,0.00037019258443722234,0.9717452636859899
212,0.006353256754376888,0.07501492117007723,0.014607434235682873,0.0010546360948944335,0.9029697517449686
213,0.011455278987176156,0.0545179476635191,0.02682468439908218,0.0024137452173343303,0.9047883437328883
214,0.006704920371846541,0.03363725472654186,0.009142143887964343,0.0007934451228299435,0.9497222358908173
215,0.003918082241056575,0.039197772367326966,0.0159438114193698,0.0008151746092551112,0.9401251593629916
216,0.016473723135002505,0.13979268746254922,0.0014616507890565877,0.0016280605965957719,0.8406438780167959
217,0.009563915547995247,0.020643542129039107,0.0004068508243215787,0.0004683846089677878,0.9689173068896764
218,0.003906699171080262,0.008364189880492836,0.004802674706987039,0.0001247756034233212,0.9828016606380165
219,0.003453765996608021,0.01901975342841494,0.0032916770743313256,0.00028500170496752566,0.9739498017956782
220,0.005451117362538049,0.026731397846134944,0.0056109076637952185,0.0005555276249600645,0.9616510495025716
221,0.012955534436709203,0.03084033633174575,0.0008241038675351472,0.002373724288454657,0.9530063010755552
222,0.003365860055617809,0.005374845417826148,0.0012537822904249167,0.00023789000106493244,0.9897676222350662
223,0.0012452803853428564,0.0021090904246713225,0.0004821879176729519,0.00011827704607090445,0.9960451642262419
224,0.0004459427120463628,0.004188102869646832,0.00040114606246072644,4.161973380533198e-05,0.9949231886220407
225,0.01149646967373397,0.05724747848707488,0.0009479669200213741,0.0005882267744394669,0.9297198581447302
226,0.004984887064835623,0.015206670198950138,0.005793664841641736,0.0004899695722664607,0.9735248083223059
227,0.00757982713825919,0.014280271238795156,0.001646259843946475,0.0006192676407464613,0.9758743741382526
228,0.005492892496967886,0.03414614005044499,0.020780767837278117,0.0006626054516599789,0.9389175941636492
229,0.012230991530733362,0.01573050238291378,0.007175766802867671,0.0014592678892375002,0.9634034713942478
230,0.004608349153107055,0.012402606247671519,0.00408677693589247,0.0007584911107468714,0.978143776552582
231,0.003451041035566511,0.02162170478627526,0.006711810286077566,0.0007054750252501298,0.9675099688668305
232,0.032659292159936945,0.18613305804491234,0.007247505638071169,0.009392105217795538,0.7645680389392839
233,0.009070769438168329,0.015719565441952126,0.00392489308055923,0.0014244775941070398,0.9698602944452134
234,0.006053580535730917,0.02952483020119475,0.033214121276283835,0.0013011446989344532,0.929906323287856
235,0.006999975724876696,0.0643421856558074,0.022552687835803806,0.0008611178329842665,0.9052440329505278
236,0.021682139087323832,0.23188949773723408,0.040004924771667505,0.002934524943232018,0.7034889134605424
237,0.01884258481703577,0.04706284731030978,0.030141234919177383,0.0033780750708497244,0.9005752578826273
238,0.010405358487072008,0.028946494308968552,0.013446353588794653,0.0019747056357271703,0.9452270879794376
239,0.012928849196984778,0.013582818568162057,0.0007802045332696193,0.00201180160526115,0.9706963260963223
240,0.01627578361563515,0.010719414458539061,4.951646026001614e-05,0.001955719049236085,0.9709995664163297
241,0.011670163743210057,0.011961613819388034,0.0008045828338195844,0.0011914248722774288,0.9743722147313049
242,0.006646513035987581,0.005790008023417002,0.0004750753122567603,0.0012215399026003137,0.9858668637257383
243,0.0033949168616549136,0.0014629955940275723,6.057724276644122e-05,0.0004949450552031773,0.9945865652463479
244,0.013704709850395756,0.02473221583720501,0.00021491553335598843,0.0016756357842919948,0.9596725229947513
245,0.14140738840045408,0.03160358742553521,0.003712729201843152,0.0015286874597190373,0.8217476075124486
246,0.007363016859148,0.003533744798165353,3.791858437058763e-05,0.0003764084495808225,0.9886889113087353
247,0.003935479708291022,0.0021644740503757795,3.629208483002797e-05,0.0007674404656709248,0.9930963136908322
248,0.014663618617206156,0.009424049235374375,6.010287959291703e-05,0.007760795615388337,0.9680914336524381
249,0.22605946388381346,0.0330444151665185,0.00036487912300245525,0.020680611005267285,0.7198506308213982
250,0.21117133405355576,0.0725085679936385,0.0007814502995113679,0.02765774833253386,0.6878808993207605
251,0.18767709792792908,0.15281533757100904,0.0012963492546368268,0.03511645213423489,0.6230947631121903
252,0.33725396976307176,0.1100174840052975,0.00088261177155646,0.050104594377304676,0.5017413400827696
253,0.04715331304014446,0.038218201471012424,0.0010271260439339532,0.10081976932159799,0.8127815901233112
254,0.1790891175153382,0.07435073404919329,0.0003882523039924782,0.1214239368426655,0.6247479592888104
255,0.2828738286622211,0.16151036979824715,0.0006393278911476917,0.3923941792456825,0.16258229440270142
256,0.006534562652197627,0.02738828673399472,6.899156032716522e-05,0.019091069620548164,0.9469170894329323
257,0.27662028854189724,0.07474317355985177,0.0007586618700402406,0.021016973051627447,0.6268609029765834
258,0.3536720668802549,0.12887201858236697,0.001009894486578181,0.023444143814906893,0.4930018762358931
259,0.34736852965455906,0.5993248452073382,0.0010183034608021552,0.007220652808121609,0.045067668869179
260,0.21775165286483267,0.6981667055687,0.0016036249279661806,0.02699305929865225,0.055484957339848866
261,0.06090993968333896,0.9049619833152976,0.0003279413348554659,0.02281684975877369,0.010983285907734324
262,0.06201978933211751,0.8954206159139864,0.00023231285798568918,0.029750823322727372,0.012576458573183057
263,0.044794567975378695,0.9327539649285133,0.00043324097558729063,0.015007026508705527,0.007011199611815278
264,0.057434226840097996,0.8949734900469964,0.0011533558033443947,0.03783217911196317,0.00860674819759787
265,0.07779345707959433,0.8981485234349378,0.0030153513817062455,0.014517811155845778,0.006524856947915792
266,0.01766154003271237,0.9662884704124993,0.0026163022877080224,0.009479676875445642,0.003954010391634554
267,0.029800685462532225,0.9491037368780181,0.001854562598655758,0.015137706143719856,0.004103308917074127
268,0.01196649667374643,0.9734759108909845,0.005226803344381294,0.004320604396219022,0.005010184694668699
269,0.034496518980953766,0.9399682004583902,0.010944462355123452,0.008784753844252365,0.005806064361280186
270,0.008903546179507033,0.9620003434030063,0.022952365963250766,0.002200193864232077,0.003943550590003731
271,0.00949188016109612,0.9634310591931695,0.02048561455036891,0.003295345411588856,0.0032961006837766587
272,0.018542221790356136,0.9388233606179822,0.028003717821139244,0.002926540619878127,0.011704159150644336
273,0.003720766508518684,0.9541121121630609,0.03779474405756073,0.0009261142738466786,0.0034462629970129625
274,0.004500675253507676,0.8923281083934077,0.09818757660647062,0.0009540075742893253,0.0040296321723247465
275,0.0063851565996182955,0.9469802823821504,0.04206661150139105,0.0015431294772055735,0.0030248200396346134
276,0.01018937842067338,0.8828376700796672,0.10065766723448677,0.0008770664876735448,0.005438217777499126
277,0.0044679222175878965,0.8776263330862231,0.11445534998334751,0.0008442968809415528,0.002606097831899926
278,0.0014477697599861042,0.7338209581000403,0.26252426507302207,0.00042895398780520177,0.0017780530791463786
279,0.002440405115638172,0.723303984519852,0.2705108081811885,0.0012591328916995788,0.002485669291621685
280,0.002056747677354137,0.7012156292439241,0.29520310308505676,0.0006349603071068422,0.0008895596865580055
281,0.002730664459598773,0.7351048107365521,0.2587293172519341,0.0009541409121773412,0.0024810666397377863
282,0.0031372920444692667,0.7164337422477306,0.27702517143490324,0.0010635203091468447,0.0023402739637500727
283,0.004527096794711139,0.8315910860114861,0.16081284244271138,0.0013284306439299435,0.0017405441071613017
284,0.0021400920006145194,0.7136318120479964,0.28240944896210024,0.0006806106599935729,0.0011380363292951823
285,0.0011295500060467367,0.5114857750244516,0.48522116759247963,0.0006453893171315611,0.001518118059890513
286,0.0020748188930249725,0.7399120859579686,0.25606679053095843,0.0007181320663374182,0.00122817255171061
287,0.0018446030958851583,0.7139707343947138,0.28084885850661806,0.00105983539071591,0.002275968612066917
288,0.0025258851684355067,0.5830042309583859,0.4095869232312762,0.0016091289857711425,0.00327383165613116
289,0.0032983932662516424,0.6823407370169794,0.30958320683630125,0.0013470321882896007,0.0034306306921781287
290,0.006806194935674554,0.9161856077951113,0.07494166482957378,0.0010313613324098184,0.0010351711072305067
291,0.0013480597186723649,0.5953507445422571,0.40060437135644944,0.0009284513172607634,0.001768373065360174
292,0.0013366163760193932,0.6877378538241335,0.30861737117710936,0.0008149147367875443,0.001493243885950234
293,0.001132011487373033,0.5509496661654145,0.4459074254798437,0.0007356971181372602,0.0012751997492314565
294,0.0008738955662330248,0.4121875639268735,0.5850950678749597,0.0006641636584943549,0.0011793089734394508
295,0.005967066520508473,0.7758128784634363,0.21339317683073325,0.0011380023209615641,0.003688875864360353
296,0.001119104927880053,0.7104527124050308,0.286501921100475,0.0005049080739102487,0.0014213534927039297
297,0.0018264254402225,0.6683717927135193,0.32773312391841486,0.0007232474205299738,0.0013454105073134343
298,0.001333686367529158,0.5757677326970623,0.4203493975088732,0.0006656973170662784,0.0018834861094692268
299,0.0015251572505583795,0.5584536768452817,0.4372917923856897,0.0007701820238812967,0.001959191494589017
300,0.0022711274633831326,0.7132649512878005,0.2822925647324613,0.0006600638685679693,0.0015112926477870955
301,0.0013188017785876467,0.6975101114866645,0.2997315624987046,0.0005100074182921734,0.0009295168177510696
302,0.0011544176309769949,0.47468427667763635,0.522041387163265,0.0007345906999397968,0.0013853278281819067
303,0.0016213942941116506,0.7629053797667005,0.23346380262438068,0.00044163199268952525,0.0015677913221173918
304,0.002832419784649418,0.7418579899819228,0.25325374993604466,0.0004983545881568342,0.0015574857092262582
305,0.0012207095490569917,0.5732870976979715,0.42356138630709056,0.0007086498271105782,0.0012221566187704323
306,0.0010400124261488008,0.4681860303888651,0.5295984702200609,0.0004016458600624237,0.0007738411048627877
307,0.003597956503232999,0.8038883621997415,0.18972896407749346,0.0005010703596545131,0.002283646859877629
308,0.0006497199157648174,0.5215227084359585,0.4765875001669576,0.00039977299568617566,0.0008402984856329792
309,0.0012045490001307056,0.5562677683238926,0.4402457846479389,0.0008715524398584713,0.001410345588179351
310,0.0026606335847069833,0.8471752347843702,0.1474485672772304,0.0005301766537098377,0.0021853876999825147
311,0.000837797791046151,0.4057491058596968,0.5912236287394976,0.0007692405658360164,0.001420227043923425
312,0.0015635291396157481,0.6425590627756081,0.35331482701442934,0.0009226241559105322,0.0016399569144363675
313,0.0016233625198927336,0.4760489862382584,0.5191425016954678,0.0011736391343703087,0.002011510412010742
314,0.0012718556171521422,0.4690564456389561,0.527276057907421,0.0010485054095330905,0.0013471354269376545
315,0.003214075569293473,0.7707669921446525,0.22341076581111222,0.0007593709955383795,0.00184879547940336
316,0.007494851277509705,0.6650605263864082,0.32329057828349794,0.0013849268773117223,0.002769117175272331
317,0.0010047090384789487,0.5997339467632394,0.39776159511666054,0.0008060515835974464,0.0006936974980236524
318,0.001302847390121798,0.4244711516945121,0.5712711238823206,0.0012085267798003763,0.0017463502532450745
319,0.002680274201046405,0.6793157497987697,0.31406040305141236,0.0014439044659410524,0.0024996684828304445
320,0.0034076987236627177,0.8132346242308891,0.176664153498425,0.002800033551381171,0.0038934899956421104
321,0.0035402622262649254,0.5466111764136441,0.4396096813795002,0.004276907876064358,0.005961972104526426
322,0.018326116539567984,0.8512560750606083,0.06824463903518818,0.012573114891578498,0.04960005447305712
323,0.2520880125750249,0.582273936116471,0.017274809593870705,0.02702983614846573,0.12133340556616756
324,0.04124490804409417,0.783104731675796,0.07450076974217167,0.0037045711811159922,0.0974450193568222
325,0.2527516092031408,0.6304546277105363,0.006018800306617572,0.02207651545103475,0.08869844732867062
326,0.37562498714887943,0.5352385332089002,0.004736958484419629,0.024974840078641813,0.05942468107915886
327,0.14342917817194967,0.7487482034732514,0.002106694984068345,0.0273045955701059,0.07841132780062474
328,0.1170496898666086,0.2265597580254142,0.01891358182566335,0.0121620956290233,0.6253148746532905
329,0.041899533779540664,0.052229377763648555,0.009356515601028917,0.019109503881502142,0.8774050689742797
330,0.02762740832717662,0.07940368970839812,0.00201121927495345,0.006013274001272094,0.8849444086881997
331,0.019111177013191982,0.0672541197421426,0.004996918305013027,0.01877526390290765,0.8898625210367447
332,0.09390394978964886,0.06442259813131883,0.0010192068881365282,0.020431901307866134,0.8202223438830297
333,0.016075280783572468,0.0726490192603179,0.021004501392831592,0.016505189683087337,0.8737660088801906
334,0.021394168544856214,0.03639062667183208,0.008288765733802786,0.018845514207154173,0.9150809248423547
335,0.019471017808556024,0.06589267404050042,0.009171564777658202,0.007864481398891421,0.8976002619743939
336,0.02590665137193983,0.013857901824875856,0.00019751358737714797,0.008025294518850916,0.9520126386969563
337,0.013053414045568434,0.00588477797901342,0.0006260825340336655,0.0061340132892567295,0.9743017121521278
338,0.015905956105112695,0.017339242933699515,0.0013494352690970974,0.0032755664836507125,0.9621297992084401
339,0.023375557432774,0.032803747865528705,0.016328651321437647,0.00268629400769532,0.9248057493725643
340,0.017745320519289745,0.020439719191851596,0.03136252655019053,0.003647387661060119,0.9268050460776079
341,0.033066865812765814,0.0057185835407604375,0.00014256650501552867,0.003728903860491928,0.9573430802809662
342,0.004499356564006319,0.0016704502547813074,0.001595192432811374,0.0014396205942159579,0.990795380154185
343,0.0026057418002654155,0.0028384148750727725,0.00019791841015202709,0.002176366188251853,0.992181558726258
344,0.002088992398259229,0.0021796748881775705,0.00010580465763701424,0.0008509204738731257,0.994774607582053
345,0.01120259645174263,0.08036372394205137,0.004853499908789184,0.0015066498923894573,0.9020735298050274
346,0.009207644526256482,0.008578008916819055,0.020575558179214824,0.0009776864557298006,0.96066110192198
347,0.0024259493607593037,0.0013557822471515673,9.498734736454774e-06,0.0008037054354301764,0.9954050642219224
348,0.0017617031363684368,0.0011828356513081731,4.65712504501808e-06,0.0004306512809054372,0.9966201528063731
349,0.009207198411299591,0.009572012314190949,0.0012790817400264445,0.004231286744380344,0.9757104207901027
350,0.0053795990875950064,0.010886476938859115,0.00043521117809417636,0.0029746273946400824,0.9803240854008115
351,0.010720453220630045,0.004075998718880481,2.366791973012925e-05,0.0048363742638726,0.9803435058768868
352,0.014531178609443881,0.0071610723817533166,0.0012846741684492764,0.007150866527523009,0.9698722083128304
353,0.054066893829313886,0.014023151336889236,0.0001195205249369501,0.013091565199542304,0.9186988691093176
354,0.10705746205149404,0.047240793505313815,0.0003032928785043517,0.016726455729341144,0.8286719958353467
355,0.5662469839708646,0.1184823305886711,0.0007335176753756047,0.09655956043597212,0.2179776073291167
356,0.01879389366964873,0.015718306653428812,0.0001567226861553429,0.013415270192641845,0.9519158067981253
357,0.10503520069265194,0.10295240397740188,0.002925033723012538,0.04792762267007895,0.7411597389368548
358,0.01609444863533428,0.027983423880786132,0.0011823587399428495,0.015271542211249945,0.9394682265326868
359,0.12156017976127459,0.11701510218883047,0.0005431055171364152,0.03178558230071614,0.7290960302320424
360,0.004181564755376275,0.013277259950617326,0.00021913317569656436,0.0017360644021062438,0.9805859777162036
361,0.005631157561851686,0.003129327333746552,0.00011459650630424423,0.0030954185566881894,0.9880295000414094
362,0.01101564962116688,0.00318946704354844,2.342235462414259e-05,0.005504449815968813,0.9802670111646917
363,0.007829115166912948,0.0027076897525455446,0.000144900210321359,0.0019831456189533703,0.9873351492512668
364,0.020118877493980624,0.006236949917983074,9.508281663246981e-05,0.008263347831150361,0.9652857419402535
365,0.007525478588039695,0.009102636768670253,0.000546586324130981,0.008476302778944985,0.974348995540214
366,0.07616215085665613,0.03564080662479343,0.0002297365121193286,0.04167656316136571,0.8462907428450654
367,0.08208904736804393,0.04452510760271684,0.00021337375879157885,0.11312116197604755,0.7600513092944001
368,0.21779219192932517,0.10797456746193397,0.00036041100295027586,0.14030961866737074,0.5335632109384197
369,0.01702045281085683,0.01601428996704088,6.0558362474790016e-05,0.05383931664983015,0.9130653822097974
370,0.1605736760573854,0.046014830984249175,0.00027613007795353526,0.1054314939850908,0.6877038688953211
371,0.08597805676426423,0.0257610566637221,8.31070150660753e-05,0.0936341999791294,0.7945435795778182
