epoch,N1,N2,N3,R,W
0,0.001460786173617298,0.0011222605534973694,2.4049290605802033e-05,3.342422825662543e-05,0.9973594797540231
1,0.009715660229461914,0.0022148784505630226,5.5890647492835656e-05,9.432765674429384e-05,0.9879192430157379
2,0.004861574485224291,0.002054293088407771,4.653967191915188e-05,6.954010799837794e-05,0.9929680526464505
3,0.005070726539035684,0.0022543498127409784,2.465946559517847e-05,8.494321837968538e-05,0.9925653209642485
4,0.08009365358147427,0.005772474319762105,7.992558057636246e-05,0.0004203474845194371,0.9136335990336678
5,0.07619638028598945,0.00931448901373171,9.814547698590222e-05,0.0004038207049884424,0.9139871645183044
6,0.0419831302731775,0.0035270543858919494,4.6800161104530194e-05,0.007080284313765285,0.9473627308660607
7,0.053956650761163655,0.0070845996862380555,4.619115806967127e-05,0.009234123186407496,0.929678435208121
8,0.5286786235789278,0.39328355536994947,0.0009077815006647153,0.0057728717002442555,0.07135716785021375
9,0.4422029233349785,0.25503761438225014,0.0005981308958714181,0.028983538290691856,0.27317779309620815
10,0.15071231324809878,0.4223076051385946,0.001200105942365186,0.051306865355813414,0.3744731103151279
11,0.08631107862984551,0.4768469999779819,0.016688624771254764,0.01984074652121825,0.4003125500996994
12,0.005496105733633034,0.003286996877648734,3.4684532648192096e-05,0.0006345266847590644,0.9905476861713111
13,0.34742420164137316,0.34099370326333717,0.004565972758019093,0.08531672030593615,0.22169940203133442
14,0.6193471844199623,0.16692900794930424,0.000818688274518175,0.08018444975128221,0.13272066960493303
15,0.24166731708975062,0.15483413463418416,0.0010884925854064312,0.00822508706982579,0.5941849686208329
16,0.4216483841296568,0.461531262184752,0.000700002477295905,0.07108352753065253,0.04503682367764273
17,0.28522928484947374,0.21702870914343095,0.001670548733388156,0.009037290196492806,0.4870341670772145
18,0.08037832785184701,0.8818054594910543,0.003469975963319911,0.016845246908997216,0.017500989784781634
19,0.07337718695811937,0.8828753565195874,0.009868373794014349,0.01642069293788727,0.017458389790391615
20,0.3850464607972981,0.406755918195042,0.0003829542642827609,0.04357484415121897,0.164239822592158
21,0.026069665809993148,0.9384951014461914,0.01582653963778796,0.006862244981937136,0.012746448124090284
22,0.013318494922159878,0.9556591902114908,0.01394118233293907,0.006858307669099143,0.010222824864311064
23,0.06695791081700228,0.8862007834864037,0.004517531123122155,0.02570361935950499,0.016620155213966953
24,0.05236407131568676,0.8980822619971258,0.005064802790875869,0.027575833539113363,0.0169130303571984
25,0.07166993958409877,0.7993753473540877,0.01226714571985528,0.007125289270848091,0.10956227807111016
26,0.13410683954712024,0.041079912187092504,6.333471387560795e-05,0.0024293431276842187,0.8223205704242275
27,0.45849746130484104,0.47764895885168956,0.0008288866079654144,0.019058236418005577,0.043966456817498216
28,0.11116139833593701,0.8674397878906168,0.002175065854255443,0.003505257260242589,0.01571849065894848
29,0.14678520306244597,0.825460394007556,0.0030966791213928413,0.00505823541627374,0.019599488392331468
30,0.02536937982601539,0.9581803736829475,0.0020369577323977057,0.007142617837207619,0.007270670921431731
31,0.17771235864590124,0.28757163074614095,0.0010234478219688953,0.017951029012750943,0.515741533773238
32,0.05176563985995052,0.9262389397660119,0.002171597662148881,0.01368111810208275,0.006142704609805856
33,0.10880360702103213,0.8648079545454777,0.00028608258699004316,0.00917782244993134,0.016924533396568835
34,0.0250029459576706,0.9621864482143675,0.00442026546763272,0.003012105532367254,0.0053782348279619654
35,0.02177296058505778,0.9631091931547663,0.0015534937171715756,0.008270963446890817,0.005293389096113239
36,0.1830104748425975,0.12054005611684943,0.0010510314939235588,0.010437573298527432,0.684960864248102
37,0.022530782810548614,0.9687979608613846,0.0023474909807576143,0.0016835709545450883,0.004640194392764294
38,0.04273976705411506,0.942253427157731,0.004496971614579638,0.0021973268918878573,0.008312507281686397
39,0.016915233767822144,0.9707139760222474,0.005785711853773518,0.0018484602859319829,0.004736618070224816
40,0.034866730422330454,0.9380424931065319,0.012534628310358181,0.008754959881522832,0.005801188279256672
41,0.004546619928656595,0.9533488644419865,0.03892763529951233,0.0007274303750405956,0.00244944995480401
42,0.0031785529207862184,0.9103897802892322,0.08126699305356876,0.0009838117828768224,0.0041808619535358485
43,0.021310938140917984,0.9458209187199887,0.024832437970919354,0.0029788226491208876,0.005056882519053043
44,0.006605656190694101,0.8235737506414244,0.16339460750869148,0.000904836667640297,0.005521148991549561
45,0.010335207161437512,0.9024427353867492,0.08187928369207464,0.0008146446615334433,0.004528129098205291
46,0.02284931013954153,0.917721756701927,0.05355301876217177,0.0008755231526379678,0.0050003912437217475
47,0.009599026692441509,0.8863698710360078,0.09654642155805587,0.00042112340775062225,0.007063557305744333
48,0.010542440165264927,0.8372142705185871,0.14433666001383147,0.00037078279057856106,0.007535846511738007
49,0.011692335537887715,0.8231352496969389,0.15760956435150744,0.00033794317333707776,0.007224907240329066
50,0.009375332374511538,0.7358989016162619,0.24878334654316925,0.00041482134647028487,0.005527598119587062
51,0.005848502511680696,0.8719139948849568,0.11689510000824685,0.0004368962780225486,0.0049055063170930545
52,0.00943608731417924,0.7042381109912438,0.2794735507929253,0.0004851999989379964,0.006367050902713552
53,0.0042030581756589405,0.5533557464540515,0.43694956446687205,0.00048352549424375226,0.005008105409173655
54,0.041404488188012095,0.8886585565450943,0.0603027082748208,0.0014308913955340817,0.008203355596538538
55,0.16915941080305122,0.39952022617627514,0.018019948770763634,0.0030047060196709088,0.41029570823023914
56,0.01126438257924292,0.8524084533815939,0.131143810216554,0.00029572404339823713,0.0048876297792109485
57,0.009634258042361957,0.7226243267728433,0.26243286508334424,0.00034260464866943857,0.0049659454527811635
58,0.01588921013530456,0.7901647022361684,0.18615242273182714,0.0004429142331593327,0.007350750663540492
59,0.0214851238332058,0.8119852563488753,0.1556651458496204,0.0008476981196756373,0.010016775848622926
60,0.04271958592043717,0.052684948572564276,0.0009959319843601908,0.00033067334289752176,0.9032688601797408
61,0.06140822654940412,0.8779970223499346,0.04612952488600041,0.00019303243299793676,0.014272193781663032
62,0.0978972068344244,0.8575804301794876,0.03505701961400961,0.00032828910133961145,0.009137054270738937
63,0.018420656328293202,0.6895224529520537,0.2858307360562271,8.783695693798028e-05,0.006138317706487897
64,0.019171259803468215,0.9336485261104549,0.04216516758399901,0.0005755834833674413,0.0044394630187104545
65,0.006965979999100206,0.9137226811081558,0.07479378071864201,0.000295148644362353,0.004222409529739737
66,0.004378960087824042,0.5667217752831953,0.4242151519851865,0.0003739231832680546,0.004310189460526101
67,0.007097462149699566,0.8264653680891747,0.16213130556963765,0.00034810314388515287,0.003957761047603007
68,0.004173088019338955,0.7526263091887797,0.23715640817358596,0.00033530825821148104,0.005708886360084012
69,0.020700767660308712,0.8082302548613073,0.15811244547952666,0.001514560388044552,0.011441971610812576
70,0.002909334240194047,0.35017765864950556,0.6403807686939883,0.0002747973537436751,0.0062574410625682655
71,0.004454798123571852,0.48335267237795787,0.5055430117206929,0.0003417083341579988,0.006307809443619197
72,0.002148652432018732,0.2055577130114536,0.786456802395852,0.00021526172980217094,0.005621570430873462
73,0.006755620703877349,0.7208046516222917,0.2638746605447158,0.0006831028057749627,0.007881964323340188
74,0.002343000741329059,0.42465011820895127,0.5693449969389527,0.00019466249063937333,0.003467221620127517
75,0.0016163307164742916,0.369576380325198,0.6251450215238779,0.0002337444802964663,0.003428522954153404
76,0.009722150140805177,0.8635765896196824,0.12057840124760846,0.0005778335919497559,0.005545025399954214
77,0.0031106143476023864,0.4422108511505426,0.5510109963021953,0.00025204351003799646,0.0034154946896217063
78,0.003067284087967705,0.4595328112250754,0.5328726279099227,0.00025511068284029577,0.004272166094193877
79,0.006066846999058511,0.5676306025127759,0.4214300954618989,0.0004015767767732975,0.004470878249493401
80,0.0027472825337497924,0.21237400098882608,0.7780804847908014,0.0002612941988723947,0.006536937487750257
81,0.002948064836838642,0.2964940957255447,0.6964925255807746,0.00023121317299374725,0.0038341006838483725
82,0.0028755523146165637,0.33547963479235515,0.6552586211635997,0.00031131432738614216,0.006074877402042512
83,0.007564666438458671,0.537521926288397,0.44774106330113855,0.0007709249049119265,0.006401419067093793
84,0.003968614536299883,0.4358032490356672,0.5563345067094573,0.0002800244610717731,0.0036136052575039
85,0.005308875567345799,0.6517361884930831,0.33568176143043377,0.00033316444355310825,0.006940010065584104
86,0.003321867042200794,0.49626149807919456,0.4963843905416773,0.00031464205080396565,0.003717602286123292
87,0.007157895983513182,0.7863740286258945,0.20280121815573932,0.0003223266372824511,0.003344530597570605
88,0.0041783604009821475,0.5323437942312937,0.4588984980285979,0.00046259963634181757,0.004116747702784462
89,0.020424943291365395,0.8823556326776114,0.09017413216534424,0.0005017135245899155,0.006543578341088927
90,0.002851899056777952,0.5151549265591132,0.47943251906818235,0.00024031852549573089,0.0023203367904308047
91,0.003550023913862361,0.3169677196081192,0.6760137666299662,0.0004951054915607959,0.0029733843564914136
92,0.004487751747449924,0.3747184257381671,0.6149834657418408,0.0006343108218065769,0.005176045950735432
93,0.022252161849636614,0.6148730390129424,0.30891357743759884,0.0010004329113291414,0.05296078878849281
94,0.044861895499104854,0.881283914443104,0.060103098650274626,0.0038928363402431373,0.009858255067273338
95,0.038708734569943164,0.8832419176095754,0.07012626450182217,0.002024634147240405,0.005898449171418803
96,0.019200346905272815,0.9145688037714286,0.06059678052171351,0.0010775230327575223,0.004556545768827559
97,0.007013390747053496,0.8434588918996786,0.14670187296733067,0.000589406417147995,0.0022364379687893846
98,0.0039599729994449755,0.8383278715461212,0.15458611609585615,0.001095739748683816,0.0020302996098940044
99,0.0432333510828905,0.8916084220538723,0.05219189843348817,0.0024258845678843213,0.01054044386186463
100,0.01473812685121894,0.9156639406217436,0.06380189566902958,0.003275286660198998,0.0025207501978088283
101,0.004836842143155734,0.8985622694098444,0.0935561975446557,0.0007319302925453628,0.0023127606097988044
102,0.008282906331727237,0.8821742589451991,0.1049945321545402,0.0007875646442580047,0.0037607379242755863
103,0.008979953900578949,0.8537571537579233,0.13239828421546002,0.0010707334901475375,0.0037938746358900173
104,0.013866014300717665,0.9535721199391203,0.028301223193831666,0.0022392988171725478,0.0020213437491578205
105,0.009655763202055828,0.865960344987998,0.12144461725884481,0.00106395471341281,0.0018753198376885332
106,0.004361097125013837,0.7735686217408526,0.2194619423889635,0.0004909428464306943,0.002117395898739417
107,0.009124566602231661,0.9010214863190846,0.08669091988051832,0.0007859049922251239,0.0023771222059402576
108,0.004901354656206292,0.774897601578313,0.21774286004565319,0.00035748124108334723,0.0021007024787441987
109,0.004005830133603706,0.5520627719196269,0.4417910250883918,0.0002505249350789289,0.0018898479232984618
110,0.008930278770745407,0.6888219693418531,0.29789629520648386,0.0008842053623052776,0.003467251318612452
111,0.0028015000049115084,0.37873361183467397,0.6154790083120298,0.00038755660557473283,0.002598323242809936
112,0.003346094853957511,0.2519635152837552,0.7405599548501364,0.00029534743590139446,0.003835087576249343
113,0.003130960484781478,0.5969917187944933,0.395370432270733,0.0004460397465299403,0.004060848703462355
114,0.0017113536220165495,0.13793873737810286,0.8574955008710295,0.00029503924430859997,0.0025593688845425913
115,0.0024228813728034565,0.5393468851384566,0.4543509369249664,0.0005378209262974819,0.0033414756374760156
116,0.004692286682610658,0.4921669292122661,0.4987050617064604,0.0006769693505597691,0.0037587530481028855
117,0.0016767736093275683,0.17313703460222546,0.8227287069335949,0.0003806646782656343,0.002076820176586324
118,0.0019373860117744286,0.1945430794771805,0.8009101559172449,0.000248256188317077,0.00236112240548298
119,0.004098337489341775,0.4551501547253112,0.5365660005149164,0.00046374842625666857,0.0037217588441739403
120,0.02085275191096556,0.6666197875799955,0.30125834961454934,0.003050772087382269,0.008218338807107498
121,0.0023360148172731497,0.18804641632130006,0.806616032186363,0.0003100062213664738,0.0026915304536972396
122,0.009128134637210773,0.48426283753158117,0.4984367015954744,0.0007876921729566925,0.007384634062777166
123,0.003562834685072213,0.26293984977445445,0.7288087194160775,0.0009262676925247931,0.0037623284318710464
124,0.01328275212912724,0.2745403939623988,0.6974307069862054,0.0029245156373164413,0.01182163128495208
125,0.005254787940755939,0.1535231410124137,0.8339987124972934,0.002018536915989752,0.005204821633547225
126,0.09058004217377132,0.46392870053488494,0.3713334222568171,0.01652607023507005,0.05763176479945659
127,0.006560230580878981,0.13509243695855577,0.8393726521166629,0.0005897384554522761,0.018384941888450274
128,0.01771956297308914,0.02517029817235673,0.08099631850451375,0.00036928963701136935,0.875744530713029
129,0.01183021456469908,0.012509920748555496,0.005399433117931647,0.0004290107956093848,0.9698314207732045
130,0.06844465549146715,0.0032351575109570404,7.501603144559507e-05,0.0015939618613282343,0.926651209104802
131,0.0026010440538994485,0.0009000768516886081,0.00013493862526069983,0.00015950682835727986,0.9962044336407939
132,0.0006383973764005787,0.00032537445446768697,0.0001200838080784987,9.606790176881815e-05,0.9988200764592845
133,0.0007516079209372189,0.0002864677859987058,5.916494689507008e-05,0.00011879355017230534,0.9987839657959967
134,0.0016791161325810302,0.005308210518327212,0.00027467628374941384,0.000195563446479724,0.9925424336188626
135,0.013768537512089861,0.023319139106242545,1.0867956876949856e-05,0.0006376459428339873,0.9622638094819567
136,0.010544369959896095,0.0023714236993341298,0.018795276142402225,0.0003587751187115126,0.967930155079656
137,0.007197128456015521,0.0003558309893903175,4.4197531863490265e-05,8.64814668446151e-05,0.992316361555886
138,0.023615053411919502,0.00036511860379106386,1.4372034624096842e-05,0.0002460421262299511,0.9757594138234353
139,0.04171851216857092,0.0015811478300369636,3.0580532614871093e-05,0.0048435280324820905,0.9518262314362953
140,0.08957715715048942,0.0017189017955828812,2.397671214797667e-05,0.0033777682980073646,0.9053021960437724
141,0.3325578907157187,0.006540470968048434,4.7664731976068214e-05,0.03477508208131945,0.6260788915029374
142,0.2971451504968569,0.03115510204955994,5.069928074720443e-05,0.46738524496445627,0.20426380320837978
143,0.09386247666797315,0.009880481011478233,3.769686266543065e-05,0.561965990530396,0.33425335492748726
144,0.06689138507695962,0.010168329381967009,1.824698813232725e-05,0.8905595546280355,0.032362483924905566
145,0.018870989380330983,0.0024839669297608263,3.815445403755798e-05,0.5852089688414273,0.39339792039444343
146,0.0773835041246516,0.014059033244325787,1.2920993138595359e-05,0.8081395544737862,0.10040498716409789
147,0.03012010673328857,0.01058331847630316,1.1967605686506965e-05,0.9495937368978348,0.009690870286887069
148,0.031429278184223156,0.006790928280557589,8.074222927443884e-06,0.9310158800365088,0.03075583927578291
149,0.04017079551222646,0.023633491453908976,8.751756794250307e-05,0.9233313447408621,0.01277685072505998
150,0.03476069084745422,0.024385636603064493,4.264094670647778e-05,0.7656952239430849,0.17511580765969
151,0.09614100162862851,0.02435942646261729,5.463969171533008e-05,0.7299260996398921,0.1495188325771468
152,0.2979885381155538,0.0658754719499764,0.0006895750008633847,0.2290592068522364,0.40638720808136997
153,0.17644011029427617,0.1931567774919284,0.0008268158550370349,0.5913867435603251,0.03818955279843336
154,0.07374182091853465,0.012463176144337644,0.0003288618581004921,0.17341846833436853,0.7400476727446588
155,0.3168097936029371,0.032733422506833275,0.00013501157493716375,0.4852867494713778,0.1650350228439147
156,0.19026103193819788,0.03271921882181831,8.24699613153174e-05,0.6554569680930663,0.12148031118560218
157,0.37624634882144425,0.05409558999789212,8.466645968048222e-05,0.4357576177014851,0.13381577701949807
158,0.11178957510522376,0.05394744329109895,9.655695158776937e-05,0.8191526515929567,0.015013773059132934
159,0.07232254958906317,0.08135365437688263,0.006561212499591763,0.07781314569608822,0.7619494378383742
160,0.05684062511297854,0.012047933066281954,9.593253345675487e-05,0.3901680464550349,0.5408474628322479
161,0.191284177784535,0.029654792946548332,8.886308253450311e-05,0.620958569355989,0.15801359683039318
162,0.25098574906433263,0.03310419783873525,0.00012853294245963745,0.2858680394459732,0.4299134807084992
163,0.1926531106937213,0.019949888033833744,0.00025164966894184116,0.1525942023645867,0.6345511492389163
164,0.36366016495758235,0.04381353377858944,0.00019986184956820421,0.33162180100918204,0.2607046384050781
165,0.2871681902547874,0.06071652370691927,0.0002899273808139143,0.5833727702630177,0.06845258839446178
166,0.16253992339459344,0.17539320117123597,0.0004621617000508665,0.6341319127598786,0.02747280097424126
167,0.0993536457039573,0.06597103333848703,0.00019147105002499274,0.6643533029881762,0.17013054691935445
168,0.05772956898299633,0.10116084436778736,0.00017054145680063667,0.8329127733021483,0.008026271890267276
169,0.0890526101304755,0.06676704788221084,0.0003368550872843007,0.564871471767576,0.2789720151324533
170,0.21957125025219362,0.037620492134387194,0.00011189743107619982,0.5434110826399442,0.1992852775423989
171,0.07836910351435693,0.03336216673071163,3.480974729153431e-05,0.869422646347488,0.018811273660151822
172,0.17992513605783103,0.07328177865635824,5.408261039209022e-05,0.7168207577305158,0.029918244944902986
173,0.07307819141345619,0.05268148227860474,5.364419329928229e-05,0.855468884395679,0.018717797718960573
174,0.041399031979206316,0.05040128615142959,2.8629480981450072e-05,0.899818888908632,0.00835216347975053
175,0.045330418669013044,0.0946104823322223,0.00016621829149293877,0.8546733541318564,0.005219526575415242
176,0.06158090382464039,0.06581324777489174,0.00028829618136954634,0.8330549356300817,0.039262616589016766
177,0.06304012953321839,0.02199707771191762,0.00010132121126963429,0.839132285795021,0.07572918574857343
178,0.04674339391241323,0.0422192401548901,0.00014737582998850787,0.9022179173466469,0.008672072756061206
179,0.053598474031459314,0.016478660862129513,9.790064822570382e-05,0.9161550372860632,0.013669927172122457
180,0.06562395690527124,0.007044364199663461,0.00017629006978019574,0.415053922265162,0.5121014665601231
181,0.06123662024896948,0.015861846900574857,6.552127385337972e-05,0.9066370360939315,0.01619897548267069
182,0.10729133283354629,0.030117277420825803,0.00019197322763300507,0.8239387493397707,0.03846066717822413
183,0.1253710559829602,0.13344578864414963,0.00013598025176352686,0.7278923219692214,0.013154853151905293
184,0.06227976447486893,0.05388053527879397,0.00019315828522668976,0.8690688768709331,0.014577665090177433
185,0.06766084924006671,0.04284082787460027,0.00019818578213716027,0.7656513639853417,0.12364877311785401
186,0.0916202484146713,0.024764069668380274,5.78716515739248e-05,0.7916018248605676,0.09195598540480691
187,0.047882339144302365,0.18153146669377704,9.251908314074276e-05,0.7644171354376492,0.0060765396411305945
188,0.07227895562373009,0.09182177848315197,6.560180914690502e-05,0.8266732651527966,0.009160398931174457
189,0.05248476718101798,0.0897434430235916,6.823713370368937e-05,0.8499533807834039,0.0077501718782829795
190,0.06790554310509025,0.07166718645072956,0.0003229420548202403,0.7456946621081594,0.11440966628120043
191,0.14321051374360827,0.0321147736507406,3.104822060122176e-05,0.7469589146754092,0.07768474970964065
192,0.19976730205558468,0.028440740503275403,3.899853010217217e-05,0.7332035454603844,0.0385494134506534
193,0.25754147956881035,0.06213797844981215,7.747301103190286e-05,0.6272513547812761,0.0529917141890694
194,0.09233486308499614,0.27976079189881264,0.00044545033833135725,0.6091878132957252,0.018271081382134544
195,0.15512047681667923,0.0625538649256044,0.00012289226453192104,0.6880779254174958,0.09412484057568865
196,0.03792276130919202,0.6417200825598801,0.0006932478420112929,0.31281745607804445,0.006846452210872124
197,0.061720314114733464,0.019245306497418863,0.00023887272268549665,0.17225007415335405,0.746545432511808
198,0.1846335802380458,0.08091144758685502,0.00011140977857551426,0.6467424868391318,0.08760107555739192
199,0.226597414002744,0.13080717623020185,0.00015812830257157627,0.592765644216455,0.0496716372480276
200,0.5568600882949971,0.14113402845351491,0.00022118296480217676,0.26903673873407985,0.03274796155260583
201,0.2043626420266651,0.46661811571900713,0.0003133903188052195,0.2773310403450494,0.05137481159047304
202,0.28583606516734944,0.23654236611718948,0.0005753301099237335,0.427068587570657,0.04997765103488038
203,0.4067729509023344,0.14506589380215804,0.00038856342538222063,0.39763842018780965,0.050134171682315855
204,0.23610950402039893,0.48322984666730645,0.0002675605760881015,0.25967639479709964,0.020716693939106978
205,0.05671475725300265,0.8457091818553956,0.0012892708535696736,0.09126751347846179,0.005019276559570334
206,0.028107629553392174,0.9336276495989523,0.0007752945369694082,0.03482626043020826,0.0026631658804777943
207,0.014691333008765614,0.9530649386303467,0.0036207065555018624,0.024405786157531993,0.0042172356478537105
208,0.02518766434980134,0.8590698622498757,0.0023556044639437236,0.10957825114573619,0.003808617790643184
209,0.0047121319688872695,0.9718433613651203,0.004367232169129666,0.01680892545371408,0.002268349043148579
210,0.024005820676639648,0.9255302177650863,0.014986272179798978,0.016022972258015546,0.019454717120459496
211,0.21099518818278576,0.6729046224202047,0.001953541861451336,0.06400543998433393,0.050141207551224275
212,0.04270686371248299,0.9345158055808844,0.0015960300123229027,0.017170032602409492,0.004011268091900161
213,0.01591710104241237,0.9686305480580206,0.0024513506368058283,0.011416837664708367,0.001584162598052847
214,0.012864142349709418,0.9724526819470392,0.0044548982444425735,0.0076860211605622175,0.0025422562982467378
215,0.007144439689888147,0.9816893046185916,0.0035196096969847103,0.0052788234406985855,0.0023678225538369007
216,0.002387689710545762,0.971750367007892,0.021740019724030113,0.0020038219973390493,0.0021181015601930034
217,0.012467857619785458,0.9767337395042414,0.0031910150689545636,0.004963161734171725,0.0026442260728468704
218,0.008493358342867663,0.9755262112881073,0.009723665912598458,0.004021792648599859,0.0022349718078268094
219,0.012050984929882118,0.9484787107172933,0.034420107680839154,0.0018570432003780857,0.003193153471607393
220,0.0048802538847599174,0.985099727714702,0.006677633862140658,0.0021907356801189326,0.0011516488582784246
221,0.004077267662508175,0.9069198481353865,0.08163183768570088,0.005446263504352467,0.0019247830120517448
222,0.012345549295559321,0.9344317332081284,0.037261887012961466,0.013402937027277413,0.0025578934560732767
223,0.008850725064928535,0.9593799294554257,0.018536205526308375,0.010813231693969215,0.0024199082593679886
224,0.008366491715055593,0.9603758490151448,0.024728621425001294,0.004812353587636366,0.001716684257161874
225,0.0038904783393647105,0.9122945947512271,0.07665304909573759,0.0010208820352916824,0.006140995778378873
226,0.009180763904042707,0.940908356357861,0.045945717676523404,0.0019104378904742823,0.0020547241710985992
227,0.006006904824492522,0.9426776633286044,0.04658643705232385,0.0027100679173651583,0.0020189268772138487
228,0.02537693308069701,0.9341830848350345,0.03297681637336472,0.004862389674174755,0.0026007760367291037
229,0.006467095028145769,0.8999283773994875,0.08856967152679433,0.0032264074852508544,0.001808448560321603
230,0.004325528371216397,0.7945027247436147,0.19563336872186426,0.0032604095200758987,0.002277968643228686
231,0.03710085688606881,0.9238657945822107,0.024285393492665886,0.011096122947083854,0.0036518320919707533
232,0.010875945507946815,0.9105276671575152,0.07110205109067026,0.0047208433542522904,0.0027734928896154206
233,0.003872589847986311,0.9198975726415319,0.07172138752470913,0.00220855938280344,0.0022998906029690473
234,0.006058040589289252,0.9312520850112136,0.05823453518923713,0.0021131114381606995,0.0023422277720995563
235,0.0027417836193772576,0.8284221836329918,0.1642803892579095,0.0026325985783068684,0.0019230449114144483
236,0.007759160831015198,0.8639728747585159,0.12217792408017306,0.003874886973929973,0.00221515335636587
237,0.0106622366323159,0.8679246776647667,0.11316252417923851,0.00514386208125773,0.0031066994424212694
238,0.012910496255783081,0.8756117115915979,0.10374360065241668,0.0045919005111250905,0.0031422909890773554
239,0.02265958364388656,0.9391489753822941,0.030421561698883017,0.0031755393069269923,0.004594339968009169
240,0.01300356747144046,0.914964967161868,0.06551889178690531,0.0033895837871644368,0.0031229897926218666
241,0.01202665570607817,0.9389384067669292,0.04549774523367165,0.001312327033185809,0.0022248652601350428
242,0.008258593651298069,0.9475071356127233,0.040652050399549694,0.0014655838991226818,0.0021166364373062354
243,0.004264256402788107,0.9250348583806153,0.06817090093933893,0.0011420614897769388,0.0013879227874808615
244,0.0018248286161794513,0.8904229501317962,0.10507343865793832,0.0010423763080344864,0.0016364062860516374
245,0.007900620748345888,0.9084661479466686,0.07942988918161795,0.0020658718824852493,0.00213747024088229
246,0.0011694044031857617,0.860206951387089,0.13674207449815803,0.0005446788612032659,0.0013368908503637107
247,0.003094264163547224,0.7651228638753647,0.2289231707940621,0.001191439189630071,0.0016682619773958109
248,0.0014818829890171506,0.38812507531673535,0.6068197971888145,0.00132703885387341,0.0022462056515595197
249,0.0031512985447966664,0.6313299381685297,0.35915157965001765,0.0026847713011881776,0.0036824123354678166
250,0.002078726746214567,0.6066057771508072,0.38787210457842497,0.0013010526217600861,0.002142338902793391
251,0.002854743762445692,0.7716056827999983,0.22133086717305275,0.0017347892501934508,0.0024739170143098853
252,0.0007353419037647386,0.3842774841307465,0.6126674841335634,0.0008981232320643502,0.0014215665998608895
253,0.003003479518006985,0.8006406156497089,0.1925378842584285,0.001303399575841881,0.0025146209980137333
254,0.0022291645204948643,0.5371729870033768,0.4575097170900391,0.0010936068174433606,0.001994524568645809
255,0.0014344330068459298,0.7516176161713095,0.2439397011411198,0.0011139584326604476,0.0018942912480641879
256,0.0026573476345583026,0.7163362337978858,0.2780214451520143,0.0009242193516244074,0.002060754063917151
257,0.003907181938985281,0.6931027686045037,0.29732394065891304,0.002590341905221295,0.0030757668923765713
258,0.003411084341267314,0.7650942799443086,0.2272435409166483,0.0018100229171997544,0.002441071880576079
259,0.004952905710335738,0.549301629037806,0.4384030144476408,0.00278720156829878,0.0045552492359187515
260,0.0017994030792110394,0.3976663934412635,0.5972013052355754,0.0011523179575761479,0.0021805802863740097
261,0.0037874669186358143,0.6488997008258098,0.3427763622685415,0.0015568422585314642,0.002979627728481446
262,0.00293538585563108,0.5374362664895269,0.4558284877933831,0.0012284380919773345,0.0025714217694816897
263,0.0071151391725936914,0.37491190402820523,0.609544127611172,0.002900415864921495,0.005528413323107494
264,0.003142864574009615,0.2664727680778309,0.7255951283915033,0.002010535821496765,0.002778703135159246
265,0.007664926474752472,0.3834943202569396,0.5957105522821651,0.004818583079017716,0.008311617907125092
266,0.0024832743324623803,0.203764190041821,0.786798390753147,0.003002913954639249,0.003951230917930445
267,0.005912619739084058,0.3090530692447692,0.6725210537449656,0.007239007033412799,0.005274250237768288
268,0.012362758493917487,0.4571212467032016,0.5053411213568832,0.01737173754404995,0.00780313590194783
269,0.04793008084911297,0.29262318632612866,0.31796559174817224,0.04238997726200233,0.2990911638145838
270,0.1683143557350879,0.13039831315250144,0.002893344298483147,0.1943977765245997,0.5039962102893278
271,0.5674978244402497,0.05997549315609276,0.0007816264733254423,0.14849538479969124,0.22324967113064087
272,0.6564126747450645,0.13262330119740498,0.0003942127145091585,0.04443632936653277,0.16613348197648875
273,0.5919708039506931,0.1730528265071354,0.00040220918288510924,0.1510873316121255,0.08348682874716092
274,0.3438250817512365,0.36848345544366606,0.0006442242996291712,0.26069291453932747,0.026354323966140708
275,0.2068693040171028,0.37383566850170735,0.00030672912942167704,0.39321372944447486,0.02577456890729321
276,0.10178948055008444,0.41020976904985884,0.00019750612338671013,0.4811145017839188,0.006688742492750952
277,0.21186264706510752,0.235482607328725,0.0012634354022277243,0.5186964611548365,0.0326948490491033
278,0.12311171648745024,0.19912566931376008,0.0003304233685482985,0.66732371559196,0.010108475238281301
279,0.18965130286934406,0.38886383074073066,0.0004902657858521377,0.40924980263774413,0.011744797966329126
280,0.04517839483577937,0.7543913128738928,0.001565365062982188,0.18605145718190585,0.012813470045439847
281,0.025748970416285395,0.8227925899158984,0.002513710400650958,0.1463382692455433,0.002606460021621751
282,0.08767676500717414,0.48018118989159275,0.0014075950896070336,0.4237178732442043,0.007016576767421725
283,0.10424293935582941,0.4437633234365474,0.0005672099998594741,0.438154484803079,0.013272042404684823
284,0.13152655862695237,0.2859438852741117,0.0003315566401530383,0.5621962968914096,0.02000170256737333
285,0.185627878353485,0.14800378326417832,0.00303988232909266,0.2815525799691056,0.38177587608413854
286,0.25526841696461977,0.022397916967125047,9.756375425369074e-05,0.16948010116111686,0.5527560011528847
287,0.49399811064427385,0.029477888709344386,0.00010401610045873131,0.12070587166489291,0.35571411288103016
288,0.4577050808301337,0.03214728342330085,5.817018542324647e-05,0.08663809217432644,0.4234513733868157
289,0.27804695534071994,0.04335013011777439,0.00016801234278727195,0.18228941077929728,0.4961454914194212
290,0.024172417352137807,0.004476843535031388,7.372900978460203e-05,0.01789768600086456,0.9533793241021815
291,0.45855119902602914,0.0020741789611553713,0.0006882723966498977,0.0007814756558527399,0.5379048739603128
292,0.7047715283903314,0.01801740498907655,0.003922129049284544,0.0008434065578862847,0.272445531013421
293,0.0016725924066804446,0.0008307581031659357,0.0001230443788069402,0.00024016260380801987,0.9971334425075388
294,0.0009156190779669346,0.001365970437946234,7.897708126944694e-09,0.0003691602595823696,0.9973492423267963
295,0.001592383707262852,0.0048343374509813766,9.288662944874987e-05,0.0007432753718222261,0.9927371168404848
296,0.0009914097340835318,0.0022210018966376394,0.0031597593052263236,0.00014304383130787272,0.9934847852327447
297,0.017616444455369213,0.006670697495220178,0.0001700413568963538,0.0009909211270361857,0.9745518955654782
298,0.002599393684373386,0.0017653856163378167,0.002835464151938892,0.00021921457284721307,0.9925805419745027
299,0.039341438711510544,0.0036272632475027227,0.0005842427724795534,0.0008102925468910511,0.9556367627216161
300,0.011935988075296125,0.0020297832626941944,0.00016436275593949582,0.0008530892307723988,0.9850167766752977
301,0.009001597912628494,0.0010158574895619157,0.00022688949410501724,0.00256094172412691,0.9871947133795775
302,0.018950018823924247,0.001860324423171654,0.0001848888547257642,0.0014766189598163079,0.9775281489383619
303,0.02101583267284097,0.0015710344086813659,5.140795305998818e-05,0.0036967854767465487,0.9736649394886712
304,0.03260408006522754,0.0028741971767695103,3.0887958961745865e-05,0.004593936164844168,0.959896898634197
305,0.05609269071259719,0.00318430421118087,2.911685860093457e-05,0.010427482121779349,0.9302664060958418
306,0.2976558063818459,0.012930883183841977,0.00017687987970976853,0.2895373771158035,0.39969905343879886
307,0.041820379721191174,0.00751892696526195,7.901999768420006e-05,0.11192622097800588,0.8386554523378568
308,0.02117682638170554,0.0023882960898598884,2.0338513203593247e-05,0.05123532664045599,0.9251792123747751
309,0.11036195909987746,0.0034265297088334197,1.699776085132348e-05,0.21017029738762857,0.6760242160428093
310,0.22508074996870756,0.00724348747449641,3.505590537135462e-05,0.22861344366857744,0.5390272629828472
311,0.15459657752551104,0.028870669537861163,0.000284246737376029,0.133253437508366,0.6829950686908858
312,0.050897580543919,0.01744004078257462,0.00013303322907988276,0.10511920175271858,0.826410143691708
313,0.12512898928502275,0.01568359316306559,0.00029306906238083213,0.08993019922620367,0.7689641492633271
314,0.04090302977774202,0.007955259459228571,0.0002371052889594291,0.03293317936343636,0.9179714261106335
315,0.01421638428738826,0.0035831425976990015,0.00016952357572908911,0.01001127128056685,0.9720196782586169
316,0.014832686142162219,0.0029141075560482933,9.484796482981865e-05,0.024887205987745634,0.9572711523492141
317,0.027374545608680002,0.0029947267629299363,0.00019398261004882083,0.020463465871780093,0.9489732791465612
318,0.009834089116257308,0.005678148986426587,0.0002748201583704696,0.012730716306845013,0.9714822254321006
319,0.0701709324380962,0.00595427380987556,5.657634600584855e-05,0.046908831945466294,0.876909385460556
320,0.06782298512608213,0.003351053484514289,4.082866939004716e-05,0.057881642793450726,0.8709034899265629
321,0.0626957794553427,0.006447630941646073,0.00010029889106254091,0.081526598848618,0.8492296918633307
322,0.08614056823369372,0.0036713040789481273,5.2501548544787255e-05,0.06697636329705745,0.843159262841756
323,0.20625939858344136,0.017531680708486746,0.00010648710522290317,0.44928499249001413,0.32681744111283484
324,0.23036745216697754,0.017606709743804797,9.808276565856193e-05,0.359207037354802,0.3927207179687571
325,0.16174565678485517,0.018902873988178526,0.00012608649469475835,0.2928742500038729,0.5263511327283986
326,0.15000195485150622,0.01150179141014093,7.221318564398239e-05,0.2693804792630049,0.569043561289704
327,0.037817356757307484,0.009428662338672624,0.00034283804319680685,0.06778535210605434,0.8846257907547688
328,0.14228293198117026,0.004382758053612362,2.578704355837062e-05,0.21047239643479113,0.6428361264868679
329,0.21056917486328147,0.00694584363400254,4.248727614822086e-05,0.35144938456199476,0.430993109664573
330,0.2334723271419082,0.013414532968839403,3.577507251452075e-05,0.5396435311161254,0.21343383370061247
331,0.18438972136897608,0.03009373783922984,2.4575302938541248e-05,0.6604876251189266,0.125004340369929
332,0.07564946638776161,0.014288179509293892,2.7393694531282035e-05,0.7975321705335446,0.11250278987486845
333,0.062327138928939194,0.012788239745161216,2.7566276040092863e-05,0.8677033988648555,0.057153656185003954
334,0.05595792242152548,0.007628166379540279,7.086448078187883e-05,0.619205535124551,0.3171375115936013
335,0.11670073904315995,0.01477724632951539,9.307098403850305e-05,0.5951430988820287,0.2732858447612575
336,0.07506231776084966,0.005826885839889838,3.932648775084813e-05,0.32638077941764787,0.5926906904938618
337,0.21253697249169648,0.022787271333850095,0.00010531573099770493,0.6340417873776422,0.13052865306581346
338,0.12015699870331382,0.018542273702765906,5.5790829061984225e-05,0.7629620367560621,0.09828290000879601
339,0.05755700320811647,0.006557880373461763,0.00014373581179463122,0.639948762145953,0.29579261846067423
340,0.08699462009853734,0.007873029037550385,1.0231786214603054e-05,0.7291251115375783,0.1759970075401193
341,0.03242672921558062,0.001966914529682157,1.8697597320541513e-05,0.4758459354454659,0.4897417232119507
342,0.07939764898891356,0.006189658256433624,1.0643548570788974e-05,0.869522479748724,0.04487956945735792
343,0.06620537120244714,0.007105217256514955,1.3854925764696014e-05,0.7394432241769962,0.1872323324382771
344,0.08122384122516584,0.036193918698383544,3.6904751655560206e-05,0.7637650684703001,0.11878026685449476
345,0.10489446559288086,0.028203679125229347,7.615181844044044e-05,0.6258746771573337,0.24095102630611565
346,0.16320051311696707,0.02087497827308043,6.308713325196778e-05,0.7407614931331971,0.07509992834350362
347,0.051947702065801155,0.03109908381646302,6.959969094288905e-05,0.8924735252999859,0.024410089126806894
348,0.13361847512170927,0.0332152850980301,8.672175621194464e-05,0.7781401605647156,0.05493935745933316
349,0.17043169604542524,0.0284380280695523,2.832836436918016e-05,0.48052449713241047,0.32057745038824276
350,0.06141300299777962,0.008731443784503514,5.0162167040471555e-05,0.08329329649137802,0.8465120945592983
351,0.20942417798269417,0.023592630300556923,0.00029606441279172286,0.12269756131013553,0.6439895659938216
352,0.02004060967302531,0.006082423519576873,0.00034332199652775355,0.006794304369182033,0.9667393404416881
353,0.009761652372392177,0.001203536486815972,0.0001501323721238089,0.0015708250647714348,0.9873138537038966
354,0.03149976899323119,0.033708896689526216,0.0004893638345594769,0.003441543746671792,0.9308604267360114
355,0.04511440805860187,0.07123768849917854,0.0029954551773443048,0.006919542706100561,0.8737329055587747
356,0.06294201063967819,0.1148997733570705,0.004076466728893268,0.009250138573062176,0.8088316107012958
357,0.010252756143907391,0.004905064344648904,0.0008942303133507096,0.0009974678831817184,0.9829504813149113
358,0.0578228886569467,0.03578223460753664,0.000917319108517561,0.006664996600477226,0.8988125610265219
359,0.07371116089789172,0.05700219687499266,0.00850992000287552,0.009668107532666155,0.8511086146915741
360,0.02060435689748676,0.014512567789106156,0.00646442964326087,0.004108424456160542,0.9543102212139857
361,0.0558207087089848,0.01692794285591643,0.005710494434953011,0.020884632411402176,0.9006562215887435
362,0.04007538259340762,0.005852331769703395,0.001745488499969972,0.0074045015152443,0.9449222956216747
363,0.002939159264206014,0.002084836546965241,0.00838177474784148,0.0014430359908107725,0.9851511934501764
364,0.08710234151155098,0.053450007565081246,0.04051056778834688,0.029432325266238023,0.7895047578687828
365,0.20689483207785309,0.05338767348077729,0.0013333490060300317,0.022661061025620242,0.7157230844097194
366,0.07800320028239237,0.04592276121600937,0.0009048458732066598,0.028667254395475225,0.8465019382329164
367,0.0391180007200678,0.04105518906559817,0.002361910276104266,0.025592121615240764,0.891872778322989
368,0.049990533811846115,0.04706702757767593,0.0030899749614605623,0.022418867219327357,0.8774335964296901
369,0.0906769182470036,0.033774229849933786,0.001162352632245526,0.023284655837232722,0.8511018434335843
370,0.03669941740502788,0.030097824925505726,0.0019316018984039036,0.020952148858928276,0.9103190069121342
371,0.0456034088060623,0.08539331970398795,0.007361385424254303,0.02703064279724877,0.8346112432684466
372,0.004093295137649771,0.0036799951859818533,0.00040636412156740874,0.00126669313927229,0.9905536524155286
373,0.018094640735787235,0.004197913110478584,0.0002981724008095212,0.0022998311595516558,0.9751094425933731
374,0.06663062511603855,0.010997597260974802,0.0001968642700291004,0.01200914110608218,0.9101657722468753
375,0.08057198583494429,0.007890611388273544,0.00014055713090157918,0.019221747158410147,0.8921750984874705
