epoch,N1,N2,N3,R,W
0,0.006212412538545418,0.002831500531045395,5.92408765671324e-06,0.0007284041692024775,0.9902217586735499
1,0.011912507992046573,0.004239922045101992,2.8229817535717858e-05,0.0005975105890811026,0.9832218295562346
2,0.0018235463105514547,0.0007015393103000303,3.3134652924043528e-06,0.00038161756262841586,0.9970899833512277
3,0.01566940937804991,0.009241938726103361,4.83864542439941e-05,0.0010595601419382161,0.9739807052996645
4,0.060173113880568105,0.014011462732045413,3.5065179240211456e-05,0.009073260784122222,0.916707097424024
5,0.010945049560144018,0.0013215630666177877,1.334721244586896e-05,0.0009865243153815732,0.9867335158454108
6,0.23472459771621135,0.05122424479525283,0.00011579151098272125,0.016593148082456665,0.6973422178950965
7,0.3308586415405449,0.019124952423764913,4.772980771582187e-05,0.014454874916226334,0.6355138013117481
8,0.5454677681038562,0.10163059892710141,0.00020766129628983678,0.04783112266915366,0.30486284900359883
9,0.46173732510112653,0.04935635853692678,0.0001954479567609255,0.04429333235423209,0.4444175360509537
10,0.44196983382080934,0.13308001601318495,0.0006973559884513444,0.037939897110557834,0.38631289706699645
11,0.239699023882958,0.3931249010420306,0.0010864536302092774,0.04256152641670892,0.3235280950280932
12,0.1550473202732175,0.48010498310933414,0.0012081247432489638,0.027604630910496107,0.3360349409637033
13,0.10111942749123616,0.1808724804473316,0.00048741242175007025,0.017619249088545064,0.6999014305511371
14,0.010186097762512555,0.03157010332733578,0.0002307563608064732,0.0009325734961044261,0.9570804690532408
15,0.0007756166820856885,0.0006247750918757435,3.3886951471364066e-05,7.585460727582629e-05,0.9984898666672913
16,0.0032412866180435993,0.0005900992812049473,2.2994718381513287e-06,0.00016282625162384188,0.9960034883772896
17,0.0025663736008963386,0.00030254008484061973,1.4277595644116677e-06,5.9046423239583195e-05,0.9970706121314591
18,0.0038983386575882086,0.0007103954400813939,1.994916914077244e-06,5.11806443574318e-05,0.9953380903410588
19,0.0005590439070195778,0.0010266211386474966,3.1095445763703706e-05,4.002430194006524e-05,0.9983432152066292
20,0.0015155215521319967,0.0006298860946682394,5.33019805760169e-06,8.762063531670017e-05,0.9977616415198255
21,0.001054498154885833,0.00038918164377384624,2.886415154830602e-06,0.0001420832645355711,0.99841135052165
22,0.0011941511821011521,0.0004251536461597443,1.880892872782919e-06,9.43363555961401e-05,0.9982844779232702
23,0.0020362512238769723,0.0010620655106014453,2.535084679506965e-06,0.00010376959075977357,0.9967953785900823
24,0.002282821820172059,0.0005119270562607234,1.1970597031508383e-06,6.340809161944967e-05,0.9971406459722447
25,0.0022084032647858303,0.0007454792310699992,2.9436442761468744e-06,0.00016460401092602107,0.996878569848942
26,0.0011463239549105936,0.0010366191060891129,3.4217619948811065e-05,7.092712996281069e-05,0.9977119121890887
27,0.0012101547096495366,0.0006927674774692013,2.3850579700921797e-06,4.5258915707355746e-05,0.9980494338392037
28,0.0010485460617924683,0.0006003664169689895,2.639559134348762e-06,0.00014362382735718868,0.998204824134747
29,0.001378448194753471,0.0006014343231026176,2.947159063004536e-06,0.00013967950124461933,0.9978774908218362
30,0.0020389000422474856,0.00046589445744933493,4.039902572146632e-06,0.00010585134139847728,0.9973853142563325
31,0.0006862634176682515,0.0007729284343489283,0.00014647738086233448,2.63418095441679e-05,0.9983679889575763
32,0.0031973484463782265,0.000817425784782515,1.136775020648804e-05,3.862094712486852e-05,0.9959352370715079
33,0.0006941472778156393,0.0009037609218315995,2.4090709233171183e-05,3.8851830289802174e-05,0.9983391492608297
34,0.0008932627421233929,0.0020338214464596213,0.0006402482340257675,0.00010245493733499062,0.9963302126400563
35,0.001995748734805741,0.0013479105665290612,0.0002993029302719081,0.000164848067895461,0.9961921897004978
36,0.001883979245450493,0.0006458166071683487,4.160271427276938e-06,0.00019783503564985996,0.997268208840304
37,0.003659323358174353,0.0006503280166474266,4.6219433484120475e-06,0.00016329999126369217,0.9955224266905661
38,0.004014533355683682,0.0007201363708934893,7.460361227350276e-06,8.19908232041065e-05,0.9951758790889913
39,0.004220771461300946,0.001604128728042085,7.0242960399532385e-06,0.0002329073590512682,0.9939351681555657
40,0.004152632778928063,0.0017671477253877643,7.717347939482989e-06,0.00011027331847238558,0.9939622288292722
41,0.009324361990334224,0.006961777225380223,0.00010610969612511066,0.0001850935766619469,0.9834226575114984
42,0.005928631992984304,0.0039271180549199395,1.2439893108905096e-05,7.88166847690624e-05,0.9900529933742178
43,0.005163790345892572,0.006043511482186268,9.76009327807524e-06,0.00017544100998215375,0.988607497068661
44,0.003921459526061663,0.011894398165113482,6.586511933901937e-06,0.00023835280988793766,0.983939202987003
45,0.006057831621068241,0.0049923400112529106,1.0426757011937944e-05,0.00025696575255974407,0.9886824358581071
46,0.006249572455606724,0.006163111927155474,7.172200156699328e-06,0.0004341268065830025,0.9871460166104981
47,0.004806398976342886,0.0028982701173075444,6.735198570937504e-06,0.00022196374761051686,0.9920666319601681
48,0.004422870633568947,0.0022080028176806247,1.3758340931500073e-05,0.00027711218495785186,0.993078256022861
49,0.013182278642028613,0.0007717899770504112,8.35547420118872e-06,8.750814285752242e-05,0.9859500677638622
50,0.0037372233328406106,0.0005411911082039402,2.0711939136229944e-06,0.0002403046281657826,0.995479209736876
51,0.0057519264880169785,0.0010308412609624487,4.037433130593148e-06,0.0004360868319247206,0.9927771079859653
52,0.12062856792815556,0.026656535237258094,0.00012054660244396655,0.004887394506019869,0.8477069557261225
53,0.01417234058739677,0.0031544217351653202,1.3502726893558392e-05,0.0010909026344685293,0.9815688323160758
54,0.005129761577645622,0.0025955370161328136,8.818626160859619e-06,0.0005215000874313586,0.9917443826926292
55,0.004106899348105704,0.0032609285902216634,7.196579243770585e-05,0.0002701578104188575,0.992290048458816
56,0.00047641328083789533,0.0004974128235150811,0.00017691201097541683,2.3546271973175637e-05,0.9988257156126984
57,0.004487118634843491,0.0008954669966210633,6.98226828241285e-06,0.0006669071804726598,0.9939435249197803
58,0.02193159050935358,0.012161140234615482,4.034944202934143e-05,0.002215496475509848,0.9636514233384919
59,0.003666619132964393,0.001503356656952426,1.4042994413258784e-05,0.00010393778340310398,0.9947120434322668
60,0.038175891861310235,0.005939521537270986,4.975280350638164e-05,0.00123848125947985,0.9545963525384324
61,0.22104149370157042,0.013705514598464686,8.561517392085683e-05,0.003868185757239913,0.7612991907688041
62,0.008341113206078232,0.011271800655429579,0.0008938475012640332,0.0001346128310973152,0.979358625806131
63,0.012968304582889946,0.005272487778500049,0.00019200882548143732,0.00020788538391974668,0.9813593134292088
64,0.059647950528037806,0.01956480593583102,0.00022380976696360073,0.0005192846165532211,0.9200441491526145
65,0.5313339822656673,0.023070861547952157,0.00010791556575644514,0.0021014433818021144,0.4433857972388218
66,0.569213726482772,0.12010833126022398,0.00016471084203723146,0.01915656506396853,0.2913566663509983
67,0.39970321150030713,0.20230695187711945,0.0007338959619073047,0.06372985482302451,0.33352608583764176
68,0.23569246603579017,0.5626796628570117,0.002629686906151847,0.08280953875503767,0.11618864544600868
69,0.07720593086653522,0.8262122905615842,0.006382185668194733,0.052258122564853314,0.03794147033883243
70,0.008008097298304264,0.025090949356771815,0.001490049568732455,0.0023821460116786835,0.9630287577645128
71,0.4344989386580964,0.15953848275481464,0.0007644003303970198,0.06921480510667491,0.3359833731500171
72,0.06029617281956591,0.07339038506308736,0.0033825645637428343,0.0009917954794130817,0.8619390820741909
73,0.8275202877210103,0.10951023706617988,0.0002144370770127587,0.009832225109380555,0.05292281302641649
74,0.3191764892918606,0.5792006001213575,0.00425537038685899,0.006854598689844616,0.09051294151007823
75,0.09408434667633367,0.8493609692099798,0.002862254401101673,0.0047021958868851315,0.04899023382569983
76,0.14410619121781146,0.8141098530010492,0.0018635877806171843,0.02642954683757466,0.013490821162947423
77,0.009687256147746305,0.981015488550286,0.00467677957278859,0.0019413723090734884,0.002679103420105587
78,0.03306858415095526,0.9385834588563989,0.002243919518772174,0.02207172444780361,0.004032313026069947
79,0.011822264993089379,0.9736411742149543,0.007340291314883799,0.004606781379468322,0.0025894880976043053
80,0.008426809532743688,0.9770379696778048,0.008052678986083106,0.003317819901117015,0.0031647219022510986
81,0.00993312243542683,0.9115334030065645,0.0746281772842799,0.001741380535947868,0.0021639167377806396
82,0.012967568960985026,0.9603895168741625,0.018550140136512235,0.005552668928883363,0.00254010509945677
83,0.011831377513734668,0.9291219493920663,0.052676180518902306,0.002507073575878794,0.0038634189994180552
84,0.007492981258650766,0.7326839333870292,0.25541629926513454,0.0011813167946631644,0.00322546929452229
85,0.005403618893136544,0.7540427667621047,0.2378957266018031,0.0004347995463004446,0.002223088196655178
86,0.0038048763851137183,0.6644254075105537,0.32963165123896837,0.00017198172924557325,0.001966083136118552
87,0.006012525955799073,0.6781913535348938,0.3133958072033496,0.0002127228322668406,0.00218759047369061
88,0.0032149224116895248,0.6174266224755142,0.3777779148068804,8.593758073617595e-05,0.0014946027251796909
89,0.001831160467737088,0.4163581484163102,0.5805525054560686,5.181583626140027e-05,0.001206369823622668
90,0.0020388498749367833,0.252033894315598,0.7427264382060176,6.210301512570608e-05,0.0031387145883220204
91,0.00044103056201087406,0.13078216200491274,0.8678202997756531,2.8090679594409607e-05,0.0009284169778287832
92,0.00044688275327604154,0.11123410136092883,0.8872893024479859,4.928902187045653e-05,0.0009804244159388673
93,0.0003535120388752121,0.08255933209889989,0.9164644897492156,2.055839773507682e-05,0.0006021077152744641
94,0.00029358378790817695,0.0791943699071595,0.9188400186756784,4.5742988011105706e-05,0.0016262846412428119
95,0.0001997353920435343,0.04475489761621714,0.9543294550259818,2.0054299628853126e-05,0.0006958576661287419
96,0.0002326839192467316,0.07699972589072178,0.9217198840146911,2.3631119128131084e-05,0.001024075056212241
97,0.0008650168069599197,0.1695516537422135,0.8284398932120108,5.838821489400815e-05,0.0010850480239217603
98,0.0005353999047383589,0.07829504314696341,0.9198588886649738,3.669638312324361e-05,0.001273971900201221
99,0.00043929020736829604,0.06027646865765191,0.9384438723312458,3.7512235244873185e-05,0.0008028565684888632
100,0.00017765276917330788,0.02638799124367795,0.9730795803857983,1.6090965091156273e-05,0.00033868463625927304
101,0.00047772843106400395,0.08877874773246323,0.9096052190012913,8.265829749033141e-05,0.0010556465376910051
102,0.00014980344655974632,0.03954841356076461,0.9598755055448313,3.447860425038015e-05,0.00039179884359403773
103,0.00023467726422811446,0.045862871833470764,0.9530757156535137,4.970109954097747e-05,0.0007770341492464203
104,0.00042156432339546,0.03476179532389384,0.9641866999089808,4.4319074333405635e-05,0.0005856213693965666
105,0.0004558332384023727,0.0505446819488665,0.948179877716222,6.1004854062220835e-05,0.0007586022424467514
106,0.0006992884823472357,0.057706330987831296,0.9391683412945893,0.00010903140463789525,0.0023170078305945222
107,0.00022879124670608614,0.03678677425041216,0.9623519477000123,2.253649136884631e-05,0.000609950311500579
108,0.00029045346358387846,0.032274747256901645,0.9663483873772746,4.353832062893626e-05,0.0010428735816109306
109,0.0005221296204455066,0.053157480936078055,0.9453441786171822,7.383891373428135e-05,0.0009023719125599943
110,0.00019608803003852144,0.023805399914131276,0.9750194423411782,2.2568149448392214e-05,0.0009565015652036338
111,0.0003463767492141597,0.05212972277130221,0.9467923598438159,5.355626931896806e-05,0.0006779843663487578
112,0.0001369162831948093,0.01390478059030088,0.9855204011457807,1.9110275730437853e-05,0.000418791704993191
113,0.00013865732688873013,0.017772428930239212,0.9817279381327471,2.0643833723553898e-05,0.0003403317764014857
114,0.00014383059024984494,0.01807904739090177,0.9814146614030977,1.6600617403391758e-05,0.0003458599983471402
115,0.00011752631429732142,0.017074854737736105,0.9822227089969287,3.3278337352734786e-05,0.0005516316136852259
116,0.000188541523641839,0.02088140820210397,0.9783468647603327,4.086346057714503e-05,0.0005423220533444473
117,0.00018999405515624318,0.019249538056460454,0.9799747808516385,2.9881113315864014e-05,0.0005558059234291065
118,0.00011903886806037389,0.013715020765739635,0.9856127792817114,2.1831058979427863e-05,0.0005313300255092943
119,0.00018078099621927148,0.016418900338081778,0.9828829908198204,2.3712120972265617e-05,0.0004936157249062854
120,0.0002215782133772855,0.021253596106988598,0.9776207122251283,3.262373535570016e-05,0.0008714897191501045
121,0.00048519346843713487,0.024105700919597628,0.9742738789375889,5.706535741180642e-05,0.001078161316964629
122,0.0002664450902398483,0.026780740277151247,0.9724762341477238,2.456102646512161e-05,0.0004520194584201753
123,0.00018792901337194776,0.018314746827061485,0.980858902857305,2.4286019357926592e-05,0.0006141352829036218
124,0.00032548915286589446,0.03140327579586552,0.9658644642811585,4.212136472364578e-05,0.0023646494053863555
125,0.00014585205797548232,0.017533398848543526,0.9817849834592438,1.3577522307990577e-05,0.0005221881119293445
126,0.00028167108575926443,0.020484341202440807,0.97834082554232,1.706564491100345e-05,0.0008760965245689213
127,0.00017302474980907117,0.01655049494501883,0.9826472137016008,1.5659596774226915e-05,0.0006136070067969689
128,0.0001457517700203414,0.011062226356380331,0.9880587648809036,1.573280167599249e-05,0.0007175241910197821
129,0.000691590988080472,0.022562315841813552,0.975062336712784,3.44262294350935e-05,0.001649330227886796
130,0.0002416616271252312,0.01842956249517259,0.9803312401207939,1.941696533442696e-05,0.0009781187915738948
131,0.00032688048296534224,0.021361280037853377,0.9772429768631237,2.88710012260991e-05,0.0010399916148315965
132,0.00026432402243800417,0.01575154091524217,0.9823465371834291,2.46066701441977e-05,0.0016129912087464817
133,0.00026173083394317423,0.016248052355202568,0.9826538808644165,2.5297528723370338e-05,0.0008110384177143937
134,9.837015132228837e-05,0.009925526278857236,0.9894692259311227,1.4639051793571978e-05,0.0004922385869041176
135,0.0007304167772130194,0.021677503987307802,0.9752472050093873,6.34609080348874e-05,0.0022814133180568056
136,0.00014940652678514799,0.014238743229162841,0.9851287080948233,2.1089679306370995e-05,0.0004620524699220668
137,0.00036593285871754013,0.061173687470666406,0.9376607606585701,4.4969989039203403e-05,0.0007546490230066985
138,0.00010523315792775346,0.01128604943998098,0.9882013127080479,1.4262159716666476e-05,0.00039314253432672856
139,0.00019301559659195931,0.014897230838011848,0.9839410877676369,2.315743063953308e-05,0.0009455083671198065
140,0.00011990463200418867,0.008624424326498948,0.9905343240595871,1.87305702021133e-05,0.0007026164117076792
141,0.00026617830165839943,0.0203106013397686,0.9785306671391009,6.268833723235097e-05,0.0008298648822397744
142,0.00011634093226654414,0.00829597886032181,0.9911601646850805,2.0431442122587606e-05,0.00040708408020858163
143,0.00029383660358512563,0.027871076110487468,0.970776893764035,5.556725352087607e-05,0.0010026262683715157
144,9.565716246754973e-05,0.007585065057781791,0.9917892462785372,1.0882045345535136e-05,0.0005191494558680403
145,0.00027123724178982115,0.018694639743360296,0.9801516988382876,4.595682797995358e-05,0.0008364673485826055
146,0.00010703035196850906,0.009760716604150465,0.9896616815668396,1.6709856734639187e-05,0.00045386162030676397
147,0.00016913821871157413,0.010605126372199881,0.9884962003844189,1.6099099832804864e-05,0.0007134359248369011
148,0.0001462446611002581,0.015149705926064549,0.9841848246103142,2.9348922031149098e-05,0.000489875880489981
149,0.0005762342379544988,0.020587822266956397,0.9769712362831408,6.95887433828895e-05,0.0017951184685655558
150,0.00017155048928945552,0.016164595021481494,0.9829170906563494,2.0236150944330444e-05,0.0007265276819353308
151,0.00014599826040615177,0.010457345682044036,0.9884505448315586,1.9524260462667637e-05,0.0009265869655285037
152,0.00018674784778964317,0.015805874268535,0.983203934949461,2.5617513296437837e-05,0.0007778254209177733
153,0.0009940916402536592,0.02277386043564325,0.9745254436717965,4.95917942752124e-05,0.0016570124580314119
154,0.00019397736653108903,0.01386137813299887,0.9851890601028275,2.2333839644652293e-05,0.000733250557998113
155,0.0003035538534881867,0.008215873043093366,0.9906231990948685,3.070673106819699e-05,0.0008266672774816106
156,0.00022576866058681444,0.006715844974428012,0.9921569663982638,2.544808599492259e-05,0.0008759718807264632
157,0.00016044537282801434,0.008319052968420865,0.9909710477085499,1.129815163199124e-05,0.0005381557985692766
158,0.000434276506911267,0.014294524792041104,0.9826314051041962,0.00013348713207972414,0.0025063064647716147
159,0.0011941265587565543,0.030521804450489177,0.9631665967781564,0.0001739132284989159,0.0049435589840990625
160,0.0010755767696786522,0.035901544271166555,0.9538252490164121,0.0004325243097105487,0.00876510563303222
161,0.0014958705742060398,0.03742665012778732,0.9480657298643161,0.0009608685026044093,0.01205088093108587
162,0.0032022073713613222,0.09549138581058612,0.8356764321046083,0.003768893792168011,0.06186108092127646
163,0.007648686510080117,0.011252808131127313,0.01596281391661349,0.0028054287514889817,0.9623302626906902
164,0.0017090360540884149,0.0010789427590186778,0.00017516983022494397,0.0004841846421369118,0.996552666714531
165,0.0026944400142304026,0.0010562414886505036,6.620254093805631e-05,0.00020442704252386507,0.995978688913657
166,0.0006382246331267587,0.0005435594654332981,2.0571561460326318e-05,0.00011552909338247367,0.9986821152465972
167,0.0009512030162438443,0.000370383009877268,0.00011015134888900714,0.00019248118441998624,0.9983757814405698
168,0.0008527036884065254,0.0006112599048159855,0.0004954482679814836,8.06691433663651e-05,0.9979599189954296
169,0.0032967503032180216,0.0014465281101757972,7.973451801896153e-05,0.00015479156508516477,0.995022195503502
170,0.0738358514297868,0.03673863198068134,0.00048458945860550725,0.002672626921165157,0.8862683002097612
171,0.5373910860001585,0.3148866833337576,0.004574043701388498,0.02857007088794522,0.11457811607675011
172,0.31320410067545157,0.5012217215817981,0.005785339142662806,0.0324380285061013,0.14735081009398623
173,0.376300377109955,0.4097007096398351,0.0024501861747891146,0.06601608606531968,0.145532641010101
174,0.19163702390283813,0.43774987916030084,0.0026478288074045534,0.31221729589744057,0.0557479722320159
175,0.06988995867205057,0.8181665760985737,0.005201940934459562,0.0873646594712378,0.0193768648236781
176,0.06234889800645259,0.8516854248041267,0.011277681790656307,0.06212649592460603,0.012561499474158458
177,0.08552680966399409,0.7996786997427674,0.006350591201765903,0.06898190383069118,0.03946199556078134
178,0.10814017127277468,0.8009405380809348,0.0010760513388523058,0.04166414696359486,0.04817909234384339
179,0.12712589349059653,0.7357931522362567,0.002099632036343536,0.11449701715805469,0.020484305078748422
180,0.34488037862964604,0.37774667009865104,0.0023679013907207027,0.04030452687413368,0.23470052300684865
181,0.08515299555179537,0.879471321346569,0.0028744699056373834,0.009774070174173142,0.02272714302182507
182,0.11702679138531201,0.4876279252188733,0.005906705177023735,0.025417267694103775,0.3640213105246873
183,0.20071550212500083,0.5478362877317076,0.0020699465932409126,0.0974131607166812,0.1519651028333695
184,0.041955618805764705,0.8701475827068711,0.0043177682691610385,0.010460119534511262,0.07311891068369195
185,0.165492867598915,0.4772711331172883,0.0014554993034603678,0.09903829407521436,0.2567422059051219
186,0.013538757771683002,0.016441577918633685,0.0009068036632369108,0.007646534185619814,0.9614663264608266
187,0.07056663206615657,0.12402353113049959,0.000275162454332124,0.11643252114044673,0.688702153208565
188,0.015567600241105588,0.03780780133983158,0.00932744793168969,0.003573559987368222,0.933723590500005
189,0.008143751837594648,0.004936776862463547,8.742339266842651e-05,0.0006204280304645058,0.9862116198768088
190,0.0151832098862721,0.004656209583307602,7.436352312652001e-05,0.0016054108827869597,0.9784808061245068
191,0.3175071468891661,0.03656683464990991,0.0004972661796223054,0.0024099572409494565,0.6430187950403523
192,0.5295709354381468,0.05545130969552933,0.00020769258896517005,0.03455312161360465,0.38021694066375405
193,0.15770616662313144,0.06689261509475312,0.0005867567552077672,0.01921289143974232,0.7556015700871654
194,0.1477417407861348,0.7480698311680578,0.002219129798089998,0.0589808292637515,0.04298846898396577
195,0.09186124835407768,0.8121010067602413,0.001140041893672606,0.03438957902035955,0.06050812397164869
196,0.02006432038881242,0.035613836754989775,0.0002790358033845001,0.015158175180003992,0.9288846318728092
197,0.0664214992332171,0.7734268030792707,0.00337708270938464,0.016424981063249307,0.14034963391487834
198,0.2657864338190174,0.25331877248556195,0.00016450180822981392,0.2149010159460349,0.2658292759411559
199,0.16017309737287014,0.13057609799898784,0.0018154297786903274,0.014115406752614558,0.6933199680968373
200,0.17240417888191784,0.046995393556505984,7.927690942746167e-05,0.0603977180457945,0.7201234326063543
201,0.6201491249063741,0.04933661483298118,5.667341088413361e-05,0.09839182818653451,0.23206575866322599
202,0.4318176981693057,0.3407484693493818,0.0008802730963850504,0.06904316274353745,0.1575103966413901
203,0.35352574607871257,0.043050400616840734,0.00028629091375887854,0.07559332582236478,0.527544236568323
204,0.14660434990478244,0.10114672117259076,0.0006745314272707948,0.03134808927149533,0.7202263082238608
205,0.577097492824955,0.1337755234630385,0.0004629261976667998,0.14786928669813437,0.14079477081620534
206,0.38358199573536317,0.24713361669325432,0.0010414895800867855,0.047706960624989886,0.3205359373663058
207,0.30088183244108485,0.5342690238210289,0.0011363371937973554,0.09973798696609978,0.06397481957798902
208,0.21169715829909003,0.5092863252743263,0.0007382441825233438,0.10057184838218439,0.17770642386187602
209,0.10456106555500266,0.09005338566701468,0.000974761392554979,0.020007915486700407,0.7844028718987271
210,0.39402825183964874,0.33338989210395975,0.002581739316812827,0.06634939285349109,0.20365072388608754
211,0.009592436433609389,0.038331079996855644,0.018129022347309662,0.0038935921342250542,0.9300538690880001
212,0.03067246645911887,0.015598421113513032,0.00020993032687533582,0.0014711558723120835,0.9520480262281806
213,0.04871745741100678,0.025316227680907757,0.00034961468199416735,0.0013414762346738113,0.9242752239914175
214,0.13698402532572446,0.267206063718857,0.007164874023175933,0.003914432114464223,0.5847306048177784
215,0.1126682055046176,0.07568318911837962,0.005424393449283574,0.002476007383740015,0.8037482045439792
216,0.11878911720687278,0.18981235457468404,0.0044859621764842105,0.009939306200528675,0.6769732598414302
217,0.1356318373082963,0.09733584581868245,0.0006297743957021699,0.00839089980852472,0.7580116426687944
218,0.4250463582076558,0.3613210701719754,0.0020263910160536773,0.031054173540535062,0.18055200706377994
219,0.34699958209287357,0.4443512041651639,0.001816554350324671,0.030113639088391275,0.17671902030324657
220,0.1940179563513637,0.7001208398506402,0.004917517395119398,0.018548228267532454,0.08239545813534425
221,0.04798454719533275,0.812466756943273,0.03163272199652181,0.09543400929098644,0.012481964573886051
222,0.012811498894748795,0.9318223426133682,0.022529274608209,0.027794499170547774,0.005042384713126255
223,0.028525414001982406,0.5944440921753011,0.008608846694516269,0.35350291392337024,0.014918733204829865
224,0.04479498291747255,0.7743548765351861,0.012782621516072247,0.1434222757377618,0.024645243293507202
225,0.06951172535913677,0.678230433872444,0.00316365258468982,0.23781208842296403,0.011282099760765388
226,0.03460103627517421,0.8654204697388865,0.003333189933702718,0.08649503389049115,0.010150270161745358
227,0.09128070907278801,0.8106896149814817,0.0037710511963607732,0.08156557590828002,0.012693048841089467
228,0.12031559383578444,0.15744651507518093,0.0013998516361438185,0.01875296051955607,0.7020850789333348
229,0.33032563178561075,0.5485064132623675,0.0011115229576621267,0.09113209021728609,0.028924341777073634
230,0.31249558135013067,0.5245451358379444,0.001514239677949428,0.07418144113481952,0.0872636019991561
231,0.11394977335586713,0.7588876079444282,0.007483464544725184,0.007000092423703437,0.11267906173127615
232,0.16522893841201355,0.12408902644955029,0.0006188264290081346,0.12735792548398076,0.5827052832254472
233,0.5245986803695143,0.20397479772762678,0.0011052236741106367,0.06995285550969052,0.20036844271905763
234,0.37276064816214893,0.4452096485114302,0.0013746586052955157,0.08281706984321091,0.09783797487791439
235,0.09086986180729312,0.2594105065691048,0.006500729423804274,0.015219965833404433,0.6279989363663935
236,0.24660722944437996,0.2858632455153599,0.0004306997643665663,0.13337078076590633,0.3337280445099873
237,0.3811398479661988,0.1679828702382052,0.00038930768433969427,0.20867399663607392,0.2418139774751824
238,0.30672376862231737,0.45595802293208415,0.0025322236395462286,0.09420197973382229,0.1405840050722299
239,0.0732653454247929,0.13680477306918204,0.0005171031199555456,0.04747822960425452,0.7419345487818151
240,0.2229265636243433,0.49325805718672894,0.002173823403262621,0.15938969656343585,0.12225185922222931
241,0.010622785867913829,0.014857372798424638,0.0004017493084764799,0.007384682938596353,0.9667334090865888
242,0.2225698370113363,0.1966689752215602,0.0006399414983516481,0.06758647211080436,0.5125347741579473
243,0.015375703933470741,0.018252092392810566,0.0008068472807712252,0.0027906516511847,0.9627747047417629
244,0.0455658732348593,0.012052155780784942,6.926081276051678e-05,0.003211351264664817,0.9391013589069305
245,0.01162666315353331,0.007721400106188711,0.00017078707996329826,0.0011921681127731814,0.9792889815475414
246,0.17432819798108887,0.015868651422596736,0.00022986514604054516,0.0027071186829816167,0.8068661667672922
247,0.4408933124501924,0.06805285667563268,0.0011179254678039294,0.010980247935225056,0.4789556574711459
248,0.2854707541282978,0.5487903427333043,0.008314164175537545,0.03530937294343935,0.12211536601942098
249,0.04333214899110542,0.890012759667577,0.038342358404762196,0.005322033006850009,0.022990699929705254
250,0.11918617623664934,0.8083154499211226,0.028070976985034884,0.023757377784365142,0.020670019072827898
251,0.03558120283414088,0.9006460489802356,0.02143384949572122,0.03803922931997081,0.004299669369931526
252,0.030686488541842402,0.9370321181136957,0.010704900978758642,0.01703333901682973,0.0045431533488736395
253,0.014289344304303842,0.9682983810001525,0.007002667883315238,0.007086588610259595,0.003323018201968626
254,0.07331898175361773,0.8735389355798062,0.018451891861903366,0.02507140693092379,0.009618783873748963
255,0.023672669302583663,0.9408826429928712,0.010028522594184219,0.023215032842254575,0.0022011322681063637
256,0.0408167032867951,0.8657087266436421,0.020034185258416347,0.008677951295331223,0.06476243351581519
257,0.4910587415078169,0.3890071071795781,0.0016447294347150287,0.022758416618377242,0.09553100525951264
258,0.1764435756643647,0.7829912941335625,0.005914562447615537,0.015334789393715968,0.01931577836074133
259,0.22572436480479655,0.6644617209935648,0.004208345432367965,0.02622554903788176,0.07938001973138896
260,0.25030959021450955,0.6342237827371404,0.0010354073152665482,0.0549879141501725,0.0594433055829111
261,0.06913341276985671,0.8847611061196753,0.009128838592992204,0.029016752892449968,0.007959889625025692
262,0.028184295856195814,0.9422954038474755,0.002436360148208393,0.02464068089617016,0.0024432592519501232
263,0.029295949868198248,0.9020347206601006,0.011481564151982036,0.04524693490227181,0.011940830417447498
264,0.042219652604176185,0.5008169568875293,0.02079064526248628,0.017746494588851414,0.41842625065695693
265,0.027367352582492732,0.019361076250558846,0.00010052884967456258,0.04343458002633154,0.9097364622909423
266,0.028140767162741647,0.015938693162507817,0.0008231949913939606,0.0025014378459484237,0.9525959068374082
267,0.482314550247408,0.050194710547596375,0.000402945517331803,0.018947870032844063,0.44813992365481986
268,0.31051577646074224,0.0599175965274075,0.00026879791299964077,0.09560218445609177,0.5336956446427589
269,0.37721570666183196,0.1398693530616253,0.0005922152319553191,0.13622991092604433,0.34609281411854304
270,0.430125825017402,0.13233692738221162,0.0008227750821037255,0.1696194152027992,0.2670950573154834
271,0.12754069681329672,0.6531174124826744,0.0015199574784914944,0.17399149293709068,0.04383044028844663
272,0.036052360450698547,0.06877624267619452,0.007016636373951183,0.007612480182914964,0.8805422803162408
273,0.24880089099770442,0.23240793447856592,0.0016220469927746698,0.1026955900263199,0.41447353750463506
274,0.009221474273098038,0.004552850661004953,9.221000384464755e-05,0.004088795312523694,0.9820446697495286
275,0.1131783225162313,0.021948217030673373,7.477270651828785e-05,0.010619714172952594,0.8541789735736245
276,0.19143602933757156,0.05756149582710654,0.0003366847618498653,0.009863417296525102,0.7408023727769469
277,0.2581128002846673,0.04511283003015145,3.911543755971632e-05,0.00977864228697698,0.6869566119606445
278,0.5251062348101968,0.3334219771159907,0.0011064707097374312,0.04065235312458939,0.09971296423948564
279,0.17269596701804377,0.7063657960747667,0.004499396167747567,0.04509245182160532,0.0713463889178367
280,0.24734547575572052,0.5403386893441865,0.002667474552589949,0.1467670497342847,0.06288131061321833
281,0.13846301514891354,0.5452064288349281,0.004075478197817253,0.07753891647092835,0.2347161613474129
282,0.09047893608051585,0.625169255463569,0.002132477172885014,0.24613785913329017,0.03608147214973995
283,0.23963751810323072,0.34061952170200716,0.002233881644909645,0.16386181820591644,0.25364726034393603
284,0.15660565842485877,0.7168442288116956,0.0013686805809123544,0.06780869189770942,0.0573727402848239
285,0.22790341043764115,0.4340074352789985,0.0011678281519360762,0.27950390080352444,0.057417425327899695
286,0.02499601379725245,0.06972160032505746,0.018297357387394526,0.02311970038261078,0.8638653281076847
287,0.46302876687914846,0.22641413673131328,0.0007073618504929383,0.1816481157394519,0.12820161879959355
288,0.4496402368446139,0.32953013522791447,0.004751910301553986,0.13834837867151423,0.07772933895440332
289,0.5438429154148643,0.20457111405388356,0.0020244331092425646,0.14750643321852475,0.10205510420348493
290,0.16712651090916358,0.22827571764413912,0.00039085735391169464,0.5892387221856336,0.014968191907151993
291,0.12583936307890542,0.2638094972615355,0.0051855527023803895,0.02938474692880897,0.5757808400283697
292,0.215110549671189,0.07499438103813032,0.0009556490200090676,0.04015815413043079,0.6687812661402407
293,0.4044772974363378,0.47831254082025265,0.006885706538655396,0.052136983980911975,0.05818747122384217
294,0.2450278825058297,0.5350637063003943,0.010330414374465172,0.01519849399915359,0.19437950282015706
295,0.09698553063130855,0.7836114706571838,0.010063484847796195,0.02521109648846889,0.08412841737524258
296,0.04811828337441048,0.8995306445771585,0.017876899558941256,0.02167030013754603,0.012803872351943586
297,0.009736207113053758,0.9544889763426179,0.030816424109041163,0.0027417952769797126,0.0022165971583076663
298,0.067171170605218,0.910238985063541,0.0027687233100345196,0.015421989867824575,0.004399131153381634
299,0.016000169045599734,0.9751000489458187,0.002810756131151669,0.004733032462795072,0.0013559934146348744
300,0.0038750370842798,0.9639475639381185,0.029217237150962874,0.0010884934232498968,0.0018716684033885634
301,0.009134502722803778,0.9785783444289483,0.009179273125243111,0.00195851532091194,0.001149364402092846
302,0.009197586177526718,0.8922535293242414,0.09382974624992661,0.0031786976273885004,0.001540440620916777
303,0.0068943616714141325,0.9143827961881666,0.07501878824341379,0.0023380932054860725,0.001365960691519201
304,0.0025893690939526944,0.8353007315220605,0.1591261218408594,0.002253085861830084,0.0007306916812973844
305,0.006457653785659034,0.7556917687312238,0.2294961904122717,0.0031361305629218033,0.005218256507923628
306,0.1580542032674586,0.7437905578570495,0.012853478967167405,0.016975232638796033,0.06832652726952841
307,0.01931313197403029,0.8862007193009986,0.0716689283257182,0.019295304139836617,0.0035219162594164097
308,0.00522678580680187,0.8099591065632445,0.1757589806348515,0.0069525889396080745,0.0021025380554938267
309,0.01650271415600868,0.9212037480744029,0.016393296591586615,0.04179650391228317,0.004103737265718945
310,0.01961808945737986,0.8598196612074733,0.010418650024462902,0.10497015183070676,0.005173447479977157
311,0.016304119695980834,0.8618566880559019,0.008289712484195034,0.0981360654362911,0.01541341432763122
312,0.032533539704623075,0.6243015460699816,0.0006946486655245368,0.32748242155388935,0.014987844005981488
313,0.06400931786115813,0.5285458164683295,0.0006285334160745098,0.3783705389324219,0.02844579332201588
314,0.04873050951282703,0.19646569351059354,0.00021718243777046399,0.7301151052554778,0.024471509283331187
315,0.04560831057751274,0.46553418691203746,0.0029267200156213712,0.30226310814205615,0.18366767435277234
316,0.052908732920431974,0.3175552012916788,0.0007868791326676924,0.5762500012863523,0.05249918536886926
317,0.043965007292021775,0.13841198205324268,0.0002583361418600894,0.8010744893602327,0.01629018515264274
318,0.052263589977354086,0.11214185177791203,0.00024086796788463572,0.8162089541550779,0.01914473612177127
319,0.045043214248083836,0.08103412076921739,0.00018078514500345302,0.8668938463965116,0.006848033441183685
320,0.14036216316766906,0.30814887083251097,0.00013293219066339292,0.5039629552398437,0.04739307856931298
321,0.2504973022662362,0.12492433217390544,0.001092054972908536,0.3547515209955301,0.2687347895914198
322,0.12028154361904826,0.12406252808577088,0.0028140237682200376,0.05543249693644234,0.6974094075905185
323,0.6107779099999054,0.248607923867303,0.0026243136462925864,0.05767610249928739,0.08031374998721168
324,0.35876042462843916,0.5438626361798378,0.009207321273404585,0.007400170037959867,0.08076944788035861
325,0.6429510561749644,0.3075463784143478,0.003745017801631847,0.018504535960075567,0.027253011648980443
326,0.019620876559963942,0.8613918058443869,0.08138045077517268,0.03340894857228552,0.00419791824819095
327,0.021457083676508174,0.9165741515264202,0.013326799913743916,0.045643759072497805,0.0029982058108298376
328,0.007146923552090811,0.9667407059391818,0.012609477374697553,0.01182213203407829,0.0016807610999515189
329,0.012194385424231945,0.915217099967972,0.04232883359819235,0.027730711255655804,0.0025289697539480093
330,0.01228936015562057,0.9639350597829885,0.009114800041894376,0.012216157502479272,0.002444622517017047
331,0.011508477688399762,0.9771667042609543,0.0020693298501123546,0.008128172818710129,0.0011273153818234759
332,0.07694227247844312,0.8871649904504689,0.007766642509446328,0.024319204110870265,0.00380689045077133
333,0.028729840133534815,0.900110657795484,0.05531961295660253,0.010548419553513579,0.005291469560864879
334,0.005949540429180188,0.9292470710611794,0.06039959479170887,0.0021147283312804178,0.002289065386651071
335,0.0043429318090163335,0.9012740648822106,0.09197669098864789,0.001053436327006274,0.0013528759931189377
336,0.020019563987521454,0.9136348512496776,0.05617411804674836,0.0032732389716370897,0.0068982277444157815
337,0.008026207038781513,0.9291450300820601,0.058156936628053525,0.002222140074921204,0.0024496861761836527
338,0.004298567249816717,0.6994285819077845,0.2921993128932373,0.0017169125683613466,0.0023566253808001846
339,0.012182719707410326,0.9001769794857724,0.08289841087584988,0.001596843707925443,0.0031450462230420153
340,0.015856580420725627,0.8493127698845723,0.12764754547680732,0.002701335648387654,0.004481768569507024
341,0.0036857578494498625,0.7949898057928004,0.19771423491157578,0.0005075574394060796,0.0031026440067678618
342,0.016765881105248875,0.8669870228271226,0.11213070520482407,0.0009360291952428038,0.003180361667561562
343,0.013482102141452767,0.9299323660619513,0.052996807668992375,0.0010026027184751468,0.002586121409128417
344,0.0019302152644825987,0.8048496165462551,0.19063964899264038,0.0004673059467945826,0.002113213249827534
345,0.00809051897772498,0.8298035470691975,0.15828354829688135,0.0006788167499250944,0.003143568906271223
346,0.002895736663544726,0.8611820015222773,0.131878790012828,0.0003734578891127096,0.003670013912237214
347,0.005268425357804163,0.7547429920896788,0.2370713100581096,0.0004007932984151189,0.0025164791959921074
348,0.002317347630039593,0.6141773762118647,0.3817175553574218,0.0003252907892346,0.001462430011439298
349,0.004349840812383405,0.627368372096289,0.3648232223562017,0.0008409817347586606,0.0026175830003673656
350,0.00442376248772475,0.6263308553149468,0.3675857853306026,0.0003172621464096153,0.001342334720316246
351,0.0017862648577910277,0.40549610798375224,0.5904241053501176,0.0005330143004345117,0.0017605075079046766
352,0.001393575303333604,0.4009543438365945,0.5956675923388464,0.00039582297200306527,0.0015886655492224511
353,0.0037250026401693124,0.3404728797201172,0.6521828556052605,0.001518355490930779,0.002100906543522374
354,0.00515392719533923,0.41826438047709263,0.5742193711898983,0.0006823997821788866,0.0016799213554910355
355,0.011155757338556279,0.4653328424210804,0.5154098611527708,0.003201851105324026,0.004899687982268334
356,0.002600166641947516,0.43534207857180973,0.5581329904964147,0.0014805232272105365,0.0024442410626173503
357,0.00235833409961915,0.3547209500668218,0.6412059169002635,0.0007713563838279985,0.0009434425494675636
358,0.005804888571621221,0.32592628249404326,0.6649667652176002,0.0020327824515785206,0.001269281265156628
359,0.0023833910332035236,0.1480091283426784,0.8473040076107349,0.0011375649572159768,0.0011659080561672943
360,0.0028210112399644906,0.23463569003257057,0.7601996448656965,0.0013289242021621123,0.0010147296596064103
361,0.0011997739537888395,0.1609610013677464,0.8356290476085082,0.0011490667886954443,0.0010611102812609252
362,0.0009630634235294931,0.07106978788660205,0.9261039315116056,0.0011084048759958927,0.0007548123022668106
363,0.0015548847123228805,0.2312695539215055,0.7650318936990299,0.0008898669704636914,0.0012538006966780098
364,0.0005376250153198324,0.14654816468890097,0.851528805927725,0.0006000715488211068,0.0007853328192332248
365,0.002123010121055892,0.09893876658129065,0.891195092574739,0.003404562491042155,0.004338568231872195
366,0.00047563320614572,0.16379333526122603,0.8343703919697097,0.0004931227818557539,0.000867516781062797
367,0.005397552537089581,0.3276335076655989,0.6639494198984919,0.0016031023510890245,0.0014164175477307977
368,0.0012243751174935238,0.11934628302182522,0.8776974558591507,0.000638919500163213,0.0010929665013673312
369,0.001305442319835037,0.1237203815659657,0.873559617282017,0.0005592928295075297,0.0008552660026746484
370,0.000596401668559577,0.09937600745545516,0.8986902049101743,0.0005710718003156432,0.0007663141654952721
371,0.00045584520932260886,0.051398127329805164,0.9470961808654954,0.000336681440459367,0.000713165154917338
372,0.0004915119447639479,0.04889731754201872,0.9498072722945564,0.00032098937854468744,0.0004829088401163969
