epoch,N1,N2,N3,R,W
0,0.0015090401686693984,0.0008494212398123355,4.979724307517424e-29,9.988807919727777e-05,0.9975416505123209
1,0.0020982028760318035,0.0016250389596786099,0.0001186521589392758,0.00011156613997761928,0.9960465398653727
2,0.009027421978009842,0.005725037480434138,0.00033370083666237565,0.0004428828992859024,0.9844709568056077
3,0.002348326459173605,0.0010884768386642792,0.0002641025227164942,0.0002602330541765895,0.9960388611252691
4,0.004114904132130608,0.003649706305604669,0.000387308370482262,0.00018994169020240397,0.9916581395015801
5,0.0046746940500113025,0.003196095612665218,0.0012276019554790347,0.00010490118918667614,0.9907967071926578
6,0.0023173074419446556,0.001280650268923284,0.00038409494968206435,0.00026280443101265395,0.9957551429084373
7,0.0006288486648737075,0.000568575171169786,0.0003505777449083036,4.613560614115836e-05,0.9984058628129069
8,0.003208787911199761,0.0024299557567313778,0.0001845575679999183,0.00036603114412020547,0.9938106676199486
9,0.0021632886851783097,0.0013043214403123684,0.00013621525802853736,0.00011380523825711111,0.9962823693782237
10,0.0023570342432881254,0.002437759124538201,0.0011676641509545643,9.765953619636664e-05,0.9939398829450229
11,0.0007599174053032273,0.0009904692463406075,0.0006640693340579559,8.477558997774317e-05,0.9975007684243206
12,0.004372516257021786,0.001011034375317798,0.00037832092457888223,0.00016582045524873976,0.9940723079878329
13,0.010312730473419716,0.005002527250207684,0.0006799056064213292,0.0013816153704034428,0.9826232212995479
14,0.054474330442185324,0.035153446726284315,0.0030233110213926523,0.003177405455174451,0.9041715063549632
15,0.03871864328133492,0.03569339972187386,0.0033233974587456028,0.0019014307334300608,0.9203631288046155
16,0.055304209002061136,0.21875147821013316,0.004115057388528858,0.005558637018053875,0.7162706183812229
17,0.05706015136177329,0.5180299011961979,0.05067153062555879,0.011025687650122783,0.3632127291663471
18,0.030860157303509186,0.25731994296849414,0.007809945693900727,0.005338616140244372,0.6986713378938515
19,0.08419273392859222,0.29670059088650347,0.02269866288941801,0.00552253746640761,0.5908854748290787
20,0.05422708002562888,0.17929391022943084,0.0022591742396691383,0.007141887658529547,0.7570779478467415
21,0.01302543981825375,0.07448547818311953,0.002069177199450655,0.0008413086525645543,0.9095785961466115
22,0.022542973258168463,0.0721078540176025,0.011445227912880456,0.0019131931661059327,0.8919907516452426
23,0.0041086933249897825,0.00201137330108211,0.0037043506268122197,0.001683613956745373,0.9884919687903706
24,0.0026026803121414694,0.0028946643371280945,0.0011530904679785971,0.000460989269299563,0.9928885756134523
25,0.00414851122140333,0.0017767184551735545,0.0010017613423775225,5.007048489937611e-05,0.9930229384961461
26,0.004423677807307071,0.0015542901756562218,0.0007772266145786674,2.7521446464782363e-05,0.9932172839559933
27,0.002324339790059648,0.0005854158910132676,0.0008305677790281138,1.298132048320963e-05,0.9962466952194158
28,0.004785022797172617,0.0037701773349285974,0.0020591120858282847,2.8102155952741294e-05,0.9893575856261178
29,0.011851961286690096,0.0043736649334303705,0.0008551582541991936,9.107645435871667e-05,0.9828281390713216
30,0.0004008140378171027,0.0010213382436685306,0.0009964932989966148,5.846656184676603e-06,0.997575507763333
31,0.002062346238464054,0.003436909018961905,0.0009259333795811625,3.5375744858353415e-05,0.9935394356181345
32,0.0006307422719496558,0.0006829275239128622,0.0005379767612271593,3.480567195121653e-05,0.998113547770959
33,0.0006414626974081173,0.000728446399792377,0.0016664592002865394,4.491884359081381e-05,0.9969187128589221
34,0.002544597555597482,0.0025862089230370556,0.0012251601411918866,3.999033466994701e-05,0.9936040430455035
35,0.00631558949292833,0.008391009535115517,0.0029741493106872512,5.734180390842843e-05,0.9822619098573605
36,0.0653833093949416,0.0892188519485268,0.01775160624256824,0.0011847511480533681,0.8264614812659099
37,0.22099973254189942,0.12855574978603376,0.007213265002583874,0.0017800751308731258,0.6414511775386098
38,0.37260263961619794,0.17414732681268105,0.02083353475304842,0.0035043601914963173,0.4289121386265764
39,0.16965728036103023,0.30131728756140275,0.013769522297237016,0.004414669812755335,0.5108412399675747
40,0.09867801117403188,0.3575459254045661,0.00988766091335287,0.008511447601367437,0.5253769549066817
41,0.20839852922574373,0.28089443012660215,0.029752966732646872,0.004270860157801344,0.47668321375720596
42,0.051150280402282526,0.13525038792228708,0.008570804591085371,0.0028868776143214357,0.8021416494700235
43,0.061674432836912464,0.03311456249409284,0.0004547790932193662,0.00205462073197761,0.9027016048437977
44,0.06692358276105358,0.12703998192183763,0.004873595270305779,0.0020390686969427797,0.7991237713498603
45,0.03543843864000242,0.01855570366338865,0.0008317687149840506,0.00042033416036706193,0.9447537548212579
46,0.006958018108692761,0.006123268780973807,0.0005528001843553434,0.0002640411356280219,0.9861018717903501
47,0.0006635863800201045,0.0005852209216774472,0.000140289105011954,1.742629432385528e-05,0.9985934772989666
48,0.007735146870325154,0.002843331950386459,0.0002494396863319367,2.7008316862738043e-05,0.9891450731760937
49,0.0007615892014626377,0.0006034201135935535,8.750620057991269e-05,6.5309433349688315e-06,0.9985409535410288
50,0.00218784789656226,0.002236251978533631,0.0012023356504506034,2.1832684059114732e-05,0.9943517317903944
51,0.010431856376047705,0.005733274100844333,0.00113296001403152,6.672554294416846e-05,0.9826351839661323
52,0.0022092066670705815,0.002768591343361103,0.0002254914191516193,3.306898625432233e-05,0.9947636415841623
53,0.002987195818357878,0.0029724520101604554,0.0002943404194122388,5.5349029322601416e-05,0.9936906627227469
54,0.0007260150408986042,0.0018668968864059621,0.0006676374170058492,1.5703281947664423e-05,0.9967237473737418
55,0.0025349189002131256,0.0032223670664972637,0.0004663241036008402,5.657927242849124e-05,0.9937198106572602
56,0.0020914459282087685,0.0047388180670977584,0.0010174469089181384,3.7817246423193165e-05,0.9921144718493521
57,0.010684252554425696,0.00658790592228176,0.001397266120344864,0.00013932012492204248,0.9811912552780256
58,0.007720479017944243,0.009119538682520823,0.002290735859295257,7.178419603259501e-05,0.980797462244207
59,0.057870707949265375,0.18904811054229737,0.008542771606001425,0.00040355368371279896,0.744134856218723
60,0.0731109809867106,0.04389622236526976,0.0063478695612284915,0.0012301349830830222,0.8754147921037082
61,0.11529259262143751,0.42636476453572975,0.026719763012747002,0.005760555365609112,0.4258623244644766
62,0.17309037567991575,0.381578026971574,0.012801077274531919,0.010249642212412398,0.42228087786156604
63,0.02663339694911537,0.05082896238922676,0.003537428078657639,0.002316263911055922,0.9166839486719442
64,0.018683594379640896,0.0576563713052687,0.002321790541668923,0.0006328899610275067,0.920705353812394
65,0.01913875702679034,0.0820495340793612,0.00316217161143294,0.0007047248985804322,0.894944812383835
66,0.013340118140389321,0.059609617473984376,0.0047546895252317456,0.0003645898857723842,0.9219309849746222
67,0.023852589933416737,0.02357118163479655,0.00041884069056600745,0.0006352604379384776,0.9515221273032822
68,0.0022059707590804303,0.0019133675276894679,0.0023717861955668967,0.00010408268474075395,0.9934047928329225
69,0.0013295423954708294,0.0005447118849855853,0.00038496633769223397,1.5284539188580155e-05,0.9977254948426628
70,0.003239797222449108,0.00030755522406052235,0.0007206618825663792,2.451756050179107e-05,0.9957074681104222
71,0.005158824869844581,0.0016241464257425267,0.0011490778965976202,7.88836058714958e-05,0.9919890672019439
72,0.008627772794918984,0.0018455446580894594,0.0004272796041423238,0.00015979500545091965,0.9889396079373983
73,0.005322268809974899,0.0025350748263856067,0.0010032507986248974,0.00016315675789807977,0.9909762488071165
74,0.0051738083195053755,0.0019452139028920512,0.00017396929523513061,3.599569039230711e-05,0.992671012791975
75,0.11709201184320675,0.12098395077057739,0.012925423418293018,0.0010618166634053586,0.7479367973045176
76,0.11984609054060226,0.1303126404339477,0.008491910165026133,0.0010376016727259836,0.7403117571876979
77,0.14935556000794276,0.2560091806892059,0.047608623059297084,0.0015356522868878399,0.5454909839566665
78,0.19868975939752762,0.42168094430852265,0.059462726027301106,0.012876336371922563,0.307290233894726
79,0.08021751626442392,0.5193654375926772,0.05964943330402502,0.0042212665522685594,0.33654634628660535
80,0.14371628687593477,0.3759783015077922,0.07861929215329672,0.008274572692090254,0.39341154677088613
81,0.042614486803490094,0.47922870963764985,0.03880078173616915,0.007858351959422211,0.43149766986326854
82,0.19251169485822023,0.4694285833122431,0.03352461754284787,0.015320533187220986,0.289214571099468
83,0.13872975576837113,0.4464802018842247,0.02077750826376511,0.012948785536524085,0.38106374854711494
84,0.12168888681620661,0.2845439723025042,0.025923905739123388,0.023960067568022318,0.5438831675741435
85,0.04806452983130923,0.21504657132375407,0.009374693614105058,0.005316201170886496,0.722198004059945
86,0.12246528363616765,0.036037237915355784,0.0005522499710068051,0.01451985806395949,0.8264253704135103
87,0.0013006706206289559,0.0006067472928216959,0.0006276783365701278,0.0001466788807034951,0.9973182248692758
88,0.006162527766160577,0.009426545135158865,0.0011346661121676913,0.0004642151239129034,0.9828120458626
89,0.003736527968198417,0.0062833757585055855,0.00253050050210861,0.00022214326533466969,0.9872274525058526
90,0.014093348731400598,0.03393216716879108,0.003382152238661246,0.0003052262712411056,0.948287105589906
91,0.052421082090428506,0.0917286163218222,0.0013374264762963462,0.0018301222361608298,0.852682752875292
92,0.05117938929431224,0.0529112102509678,0.0020171243003903605,0.0012075483199790573,0.8926847278343506
93,0.21391851285667543,0.3606984004666593,0.035211668579920585,0.0028695035597066164,0.3873019145370381
94,0.14012196688541578,0.2238192838827674,0.01031718677936901,0.0018648365187019199,0.6238767259337459
95,0.2097858934629059,0.5338283857934139,0.042403635671112265,0.006893494100370073,0.2070885909721978
96,0.11795340692628933,0.47864897121406996,0.036977470992898054,0.010807274276293083,0.35561287659044954
97,0.15721295632907203,0.686223017247349,0.09045590086887123,0.023555031436857544,0.04255309411785006
98,0.13834479908856614,0.5720194929694864,0.04213269571599201,0.04113447039580713,0.2063685418301483
99,0.10883239379007398,0.749121420486987,0.007943551204181236,0.020280234298617746,0.11382240022013995
100,0.14199079171486556,0.5239117017884971,0.011380021766738848,0.0074607989868139355,0.31525668574308446
101,0.25664916661050197,0.5819011860243234,0.05880115930584653,0.009013101916707419,0.09363538614262067
102,0.2109084249744079,0.6755509781231959,0.039721568703774544,0.010822060295521196,0.06299696790310055
103,0.104099529965416,0.7636778097298754,0.013013957430142529,0.011222401442950397,0.10798630143161554
104,0.2944141076317105,0.4667692151373911,0.038553593604116365,0.018486520184167837,0.18177656344261423
105,0.1529894356338639,0.7297342550199495,0.041559309738054336,0.007193364928928545,0.06852363467920372
106,0.22506254026092967,0.64160481628931,0.03535179556442826,0.020519637024126944,0.07746121086120517
107,0.10703410014191593,0.6786996503232077,0.05711740986431725,0.009041844053594598,0.14810699561696458
108,0.13248170082336522,0.7341911390944089,0.07609578834234185,0.00832257236920416,0.04890879937067982
109,0.1668314195869877,0.699061607887312,0.07234423933494642,0.009761634278886303,0.05200109891186755
110,0.04974030710430016,0.7962443821063208,0.07707431173805776,0.006955014228380881,0.06998598482294044
111,0.14442443115049927,0.6761116531803937,0.09845296723603496,0.004416501536548219,0.076594446896524
112,0.05577102808772723,0.7899852445435548,0.10196130681789592,0.003437241801351578,0.04884517874947036
113,0.08665121021218608,0.7686069598211087,0.06663680163252295,0.0039766371780646115,0.07412839115611777
114,0.12598491666568362,0.7260902011618194,0.08709949313784911,0.005948723930745151,0.05487666510390286
115,0.08190514721021266,0.7882835067154486,0.08418620716462079,0.006836134227784875,0.03878900468193319
116,0.11655476038493065,0.7016557652423041,0.1567201380607787,0.005389723169102052,0.019679613142884404
117,0.08651793821959797,0.39947029613648594,0.033516339651820964,0.007217026334617596,0.4732783996574773
118,0.18403993388012196,0.7001722660047888,0.044038713627507546,0.013659505370868671,0.05808958111671308
119,0.03110350866945623,0.7404545024339241,0.15968193964889119,0.0032321891201399795,0.0655278601275884
120,0.17901386081626236,0.7123196964454399,0.03391572113109675,0.006444701694542032,0.0683060199126589
121,0.10283041517375441,0.7556679749330154,0.07035343431998736,0.0036278601856441625,0.06752031538759859
122,0.11577732431128883,0.737791953207531,0.08058238496651454,0.004911683904245606,0.06093665361041991
123,0.059890509994733776,0.8148620674921091,0.055145857817899234,0.0034211258969435074,0.06668043879831417
124,0.05440521026574658,0.7761074100267276,0.1370180903788666,0.0047856030915469,0.027683686237112266
125,0.1020060552604397,0.7638214375011355,0.09699933451842409,0.004113929077734503,0.033059243642266194
126,0.12080887117495921,0.7137745119210809,0.14143021215442408,0.0029674272750716503,0.021018977474464066
127,0.08306299018206298,0.6733531254566402,0.20698622092243674,0.005705966759834821,0.030891696679025273
128,0.07010105264028772,0.670838048395858,0.23403464608795885,0.0026794218719732627,0.02234683100392199
129,0.10274226834850707,0.6490842142593801,0.21294026631083351,0.0060475661369642645,0.029185684944315
130,0.049923739187695895,0.49425678320059935,0.4186180017536507,0.003340152071231943,0.03386132378682198
131,0.06828625772972058,0.43042446579177407,0.46450492889504646,0.0026150339192986933,0.034169313664160046
132,0.14317563855077794,0.5868502634619072,0.20042295430248905,0.005417012314406273,0.06413413137041958
133,0.11524173231266051,0.44265524688133107,0.38346876662609203,0.014114734801940825,0.044519519377975644
134,0.08600385779931824,0.3201056475693966,0.5799362617773847,0.0009315331941522397,0.013022699659748341
135,0.08117283441049289,0.3494005805864074,0.5369577176035316,0.016170434468984175,0.016298432930583903
136,0.026578444258009263,0.2909797321552605,0.6685996321845961,0.004762793173588689,0.009079398228545378
137,0.01278431863789747,0.19868062533926314,0.7789454605214761,0.00201502598731531,0.007574569514048118
138,0.01535203825191371,0.2050177345318195,0.7596777288834929,0.006493163092612552,0.01345933524016134
139,0.008538811985927307,0.10888617578822417,0.8739558350677511,0.001270604127066151,0.007348573031031262
140,0.007668736786542252,0.07768161750526907,0.9058266187124263,0.0015793821358262264,0.0072436448599361315
141,0.020286326344771705,0.09995641769785425,0.8667742669933538,0.0005934617297086909,0.012389527234311696
142,0.009167080277733147,0.13581321764862853,0.8501814798837609,0.002072258912304801,0.0027659632775725983
143,0.010007658102258683,0.1351836641538044,0.8440716330872652,0.003683683847686943,0.007053360808984629
144,0.0074389189781582975,0.06866122918272455,0.913831387241631,0.001773352544899962,0.008295112052586168
145,0.02670945407907964,0.15690396055215,0.7931311393463981,0.003383815628721529,0.019871630393650752
146,0.025022474118174598,0.24027540837085234,0.7036937139893872,0.011178351811530802,0.019830051710054968
147,0.05629144425494068,0.2819373770906931,0.6151818792787221,0.003906319021901798,0.04268298035374211
148,0.03492509297382093,0.12904157610085895,0.8061632312290414,0.0063794909365582205,0.023490608759720494
149,0.01609611606581721,0.22075429224231094,0.746670388463605,0.004973506826122125,0.011505696402144624
150,0.014518458824095568,0.1074950846466029,0.8634803606128595,0.004936056325995524,0.0095700395904466
151,0.01721942043740864,0.14460701962158706,0.8173466599302172,0.0012604171623311932,0.019566482848456093
152,0.020205038582773685,0.10853241731894306,0.8592060236836475,0.005031216507879438,0.0070253039067562995
153,0.012444866194553983,0.1236006543167633,0.8493160199386693,0.002178138348813666,0.012460321201199684
154,0.017470964899245333,0.12010932300862753,0.8537431580023715,0.0022195897643703254,0.006456964325385319
155,0.013937043406860835,0.14202812011241914,0.8301282517897598,0.0029939858474798413,0.01091259884348051
156,0.02306352005075708,0.13496530599372183,0.8287647862534264,0.0015305536587422132,0.011675834043352408
157,0.011099679743502245,0.11801437801762515,0.8482339190318464,0.001968715498134218,0.020683307708891895
158,0.004964259732080132,0.09299681884459278,0.8932826108357225,0.0010878215209388477,0.007668489066665969
159,0.010028833093593184,0.1628172165813427,0.8210665408206579,0.0016074604142010736,0.004479949090205103
160,0.002600352575902028,0.043938797292826876,0.9502651965478238,0.0007724532869118406,0.0024232002965354025
161,0.007075971960481873,0.07574496227203596,0.9123707078931947,0.0013508043579203229,0.003457553516367073
162,0.005969007795131216,0.07769310883738213,0.9106452740779164,0.0019288300392597446,0.0037637792503106967
163,0.007932368672984195,0.09349246629732025,0.8876095438020181,0.0019136507622335092,0.009051970465444212
164,0.005516675120708726,0.06322834310275217,0.9267374989604467,0.0010204005523729342,0.0034970822637193804
165,0.002174916185963029,0.05610197917680654,0.9388883157956257,0.0003980972806447947,0.0024366915609598267
166,0.0034690415094591523,0.0654864411856255,0.9284435220726631,0.00031534959542127476,0.002285645636830848
167,0.004085698807591127,0.11739891940629438,0.8737453014152939,0.0012965008614456374,0.0034735795093750097
168,0.0007744614010852387,0.03601108213704443,0.9611144632730708,0.0003349340033581242,0.0017650591854411891
169,0.002975496851718675,0.058823464920605986,0.9345517217268229,0.0009063675399764196,0.0027429489608760396
170,0.005296982611176256,0.10392235692969323,0.8826464744662941,0.0023303600256833314,0.005803825967153132
171,0.007082904926334329,0.09888408056888982,0.8865766378748612,0.0017664926732789592,0.005689883956635499
172,0.011350747343348254,0.14004260157313295,0.8170148309199513,0.0030013116444152347,0.028590508519152246
173,0.008894482817097657,0.12373813500458447,0.8568452472819182,0.004487913615162643,0.006034221281236972
174,0.007958596278424766,0.1096808096466085,0.8735208003578395,0.004693279936724785,0.004146513780402589
175,0.008823357991636869,0.14227085055321625,0.8403868308414526,0.0024659891765422986,0.006052971437151815
176,0.04017755076229823,0.25758413047381695,0.6677972215986006,0.006258367369117706,0.028182729796166622
177,0.025223788642689666,0.31680148415031995,0.6428707669735546,0.004465196698560005,0.010638763534875974
178,0.011736695207771363,0.20364590689088263,0.7728037666808393,0.007401983802518097,0.004411647417988533
179,0.005583224352808558,0.1686427913313218,0.8172204950132586,0.004146822618176733,0.004406666684434359
180,0.00404889906813746,0.12397817179424274,0.8654097446766618,0.00249598100371973,0.004067203457238489
181,0.00518012762183641,0.09720450112941355,0.8907325166625188,0.0016098545750927002,0.005273000011138459
182,0.03306841265521373,0.31820019975577496,0.6282833863448585,0.005195984261067976,0.015252016983084768
183,0.0023099027739400856,0.10013448277299059,0.8917655466355319,0.004126338307284871,0.0016637295102525731
184,0.010426864345896441,0.27333507385509753,0.7029365746833717,0.004756993187390249,0.008544493928243975
185,0.008765800661793069,0.19758873213195513,0.7784416334924333,0.010155145071075448,0.005048688642743062
186,0.010585628366508606,0.17101849838275787,0.8059918909867371,0.006676104761008926,0.005727877502987357
187,0.006781103525441083,0.16028689410949956,0.8208449728040832,0.008396962388400764,0.0036900671725754227
188,0.007650095883743312,0.1690813030414928,0.813281699346985,0.006456294237861171,0.0035306074899177525
189,0.008964885648093664,0.32610137136426176,0.6482929824698784,0.004307378955270118,0.012333381562496113
190,0.01181451534048176,0.25981290861657,0.7182192711291651,0.005208097488178124,0.004945207425604999
191,0.0037241098503226476,0.15783545936582363,0.8301367871533496,0.004724138753745301,0.003579504876758586
192,0.007821811870771926,0.23097968418102371,0.7478136550432765,0.008200997116822643,0.005183851788105386
193,0.003844529006254887,0.18406692091756263,0.8037486305187089,0.004296274083219159,0.004043645474254321
194,0.0067052081708457644,0.1564295209589981,0.8264297999858617,0.004193110150722414,0.006242360733571912
195,0.002417123538418822,0.1390936415159502,0.8540681404432601,0.001807982266283804,0.0026131122360871163
196,0.008136743163327353,0.16438839989435194,0.8165281353263439,0.0059921463829491475,0.004954575233027546
197,0.010217302095404042,0.3431732448311925,0.6272121770578132,0.005433830105920734,0.013963445909669503
198,0.012935974086047318,0.2533202008118151,0.7227595227952843,0.004335293071872775,0.00664900923498049
199,0.03315978900885532,0.3836191639103263,0.5552502186768744,0.006096270029700601,0.021874558374243337
200,0.017995660083026752,0.31800384448442803,0.6440925685560686,0.012057987147269977,0.007849939729206749
201,0.00762354449557977,0.2976248402979097,0.6828767907974067,0.007248904565848797,0.004625919843254893
202,0.012555392070035244,0.17402563369093801,0.7915314380571693,0.011067607281007578,0.010819928900849997
203,0.02764302981644453,0.3023279386813837,0.5296999614851825,0.12622679037300388,0.014102279643985366
204,0.014604806095472458,0.2798078003196355,0.6357172365880683,0.05559228135226828,0.014277875644555335
205,0.04079836648394361,0.25530989850382235,0.3207699003539254,0.35815013414250385,0.024971700515804954
206,0.024996534738168284,0.11750891575845508,0.6406556631399778,0.1643994551890968,0.05243943117430199
207,0.024856202895921803,0.41184471810663087,0.10438866380365658,0.384109235853457,0.07480117934033384
208,0.047884208020649494,0.04608175212014028,0.007323982103062033,0.3225711699480047,0.5761388878081435
209,0.2632314791524512,0.3728763379346624,0.006104109789439027,0.17225441228817742,0.18553366083526984
210,0.3133296863247776,0.23704174213026763,0.005847493120698303,0.10211970940869801,0.34166136901555844
211,0.20184105013146045,0.6881240213156403,0.008449969887232303,0.08684160910379018,0.014743349561876874
212,0.17102181227013638,0.5448093800440689,0.018308214572717446,0.23233478202268734,0.03352581109039001
213,0.05616962402868112,0.7176030795635671,0.02910387215178391,0.15936465640668804,0.03775876784927987
214,0.16494450124044197,0.45731497522252973,0.04311206142769819,0.2244593920771129,0.11016907003221729
215,0.06733243430502138,0.5578659938919414,0.017729279878971056,0.15336455748912758,0.2037077344349386
216,0.03482715832072112,0.7577090643562358,0.011397343723793838,0.13656416563797458,0.059502267961274904
217,0.04686423311992438,0.7239192736515893,0.009341045789069564,0.18950133043791723,0.030374117001499584
218,0.03232308949266674,0.7937691719285077,0.005717558135386977,0.13464411565303067,0.033546064790407934
219,0.04672681401183546,0.2565711209546444,0.0009465885986768395,0.35082237272976624,0.344933103705077
220,0.053571366509431756,0.43111863298405523,0.0004186671794775712,0.2617943776703202,0.2530969556567152
221,0.03916799525174727,0.6848251616051627,0.00019768584338404125,0.14433924971204448,0.13146990758766144
222,0.027222296405738856,0.8198993397177545,8.039685829821415e-05,0.1187801979532852,0.034017769064923147
223,0.0636725563391794,0.3982619347040946,0.0003393444666445844,0.2043363893736538,0.3333897751164275
224,0.05416012679581109,0.7173748430806226,0.0002559472854052425,0.1438142061504325,0.0843948766877287
225,0.15365297165788722,0.3652204731818708,0.0002364027078451771,0.29497664504262155,0.18591350740977527
226,0.08904794166381501,0.6378716276169734,0.0008096396106640179,0.21900960197643712,0.053261189132110406
227,0.08387638993825228,0.34173250413488193,0.00033821963845467114,0.29055839409886725,0.2834944921895438
228,0.07970104245259302,0.5822157743716265,9.784378441236348e-05,0.29407611823538155,0.04390922115598654
229,0.07765445335328315,0.5730140290311477,0.00010297459324646112,0.28846984906527734,0.0607586939570453
230,0.053769493716999024,0.3538690828617802,0.0001769186698343616,0.24398970615072357,0.3481947986006629
231,0.08407531276232558,0.36964410077069443,0.00010709374975151929,0.4677524036799863,0.07842108903724217
232,0.08153012013592909,0.6678698084318274,0.0003039785886670013,0.21767265598432786,0.03262343685924865
233,0.0521276083435823,0.7474421524825239,0.0009220036465668081,0.13620322594248874,0.06330500958483838
234,0.06629183407918579,0.6610026634673839,0.001913534296592017,0.18560446537475586,0.08518750278208237
235,0.04775419400615291,0.6661827890145333,0.004030576953680631,0.17797263724183976,0.10405980278379344
236,0.05917018778254777,0.5019142312263395,0.0015708200207945782,0.3610988362638433,0.0762459247064748
237,0.05964510512596528,0.530035107686742,0.0005718520147040296,0.30465276135688135,0.10509517381570725
238,0.04897530916188805,0.3145374080784789,0.0009738840821899165,0.49134374423308746,0.14416965444435564
239,0.06541743879054343,0.5955465020760776,0.0011823661024003486,0.2210520211246418,0.1168016719063368
240,0.06450079928393566,0.6447134245605993,0.0003847561490181243,0.2512570390137841,0.03914398099266279
241,0.05663393329534416,0.578714222208397,4.236355708204007e-05,0.3084352187556321,0.05617426218354472
242,0.13593422447295528,0.350724935445289,6.801248238553688e-05,0.3637062205294294,0.14956660706994074
243,0.11835853419515696,0.6166301152235844,0.0001260362652798423,0.19819067714335248,0.06669463717262661
244,0.2088244646274348,0.4571029091854224,0.0004683804114405702,0.26043019535760886,0.07317405041809327
245,0.26367726424210625,0.2938713098957226,0.00037330804310253124,0.3553696706971269,0.08670844712194187
246,0.22253396906454798,0.2725111538409646,0.0002093188420166076,0.4053990837036244,0.09934647454884658
247,0.21807507163756307,0.18427402462382475,0.00010696819149091874,0.4699300624533341,0.12761387309378733
248,0.16589048114602548,0.46950914592238463,0.00042507120564638773,0.2939835089675347,0.07019179275840888
249,0.2379018611590554,0.3683233119132385,0.00023723267128636155,0.33016343576277474,0.06337415849364489
250,0.18756270670614245,0.3202318624665292,0.00044768162174486725,0.4281491300308718,0.06360861917471175
251,0.19346057822929277,0.3252436202008615,0.0004829040724279467,0.41628705205884886,0.06452584543856892
252,0.1551774742184902,0.27435444939801723,0.0005064427394827892,0.41489869698725473,0.15506293665675497
253,0.13067461274980335,0.22637135501242286,0.0002844041496760276,0.3432072515158992,0.29946237657219865
254,0.03234748171765519,0.7625573411139159,0.0006352963304283306,0.16465526253080284,0.039804618307197885
255,0.13932896709817166,0.3818370539696674,0.0002610348226723979,0.3977420183042337,0.08083092580525486
256,0.11580322123295073,0.36165466611152636,0.0005224625716622459,0.43574890267565064,0.08627074740820996
257,0.3184136276709183,0.2719091657083653,0.00020367615890251934,0.2792255091939492,0.1302480212678646
258,0.1174943148217217,0.2474532650699152,0.0004911567769788415,0.5865442720497925,0.04801699128159174
259,0.14495007695982998,0.25200366021896786,0.0001295662573162943,0.4931333212283613,0.1097833753355245
260,0.21249851617437324,0.24275732167760755,0.00027288032885720387,0.4503163686179939,0.0941549132011681
261,0.21729309457519855,0.32628973058238486,0.0004236575415536699,0.38884160156399455,0.0671519157368684
262,0.217190958775591,0.2911940868992799,0.000221026006419546,0.41943599318814995,0.07195793513055955
263,0.25249807922051576,0.35806990044780823,0.0005998411028686237,0.32813047420661284,0.06070170502219436
264,0.16558943433548057,0.49115209906905555,0.00037436939890294664,0.27897893449575006,0.06390516270081091
265,0.23119517023934522,0.4018046009194757,0.00026658103362003807,0.2949956744284045,0.0717379733791545
266,0.256890096686539,0.3525268787660106,0.00019732396321669971,0.3161236491932987,0.07426205139093511
267,0.24750489684917365,0.29434606095521976,0.00040562204137695,0.3954690244372541,0.06227439571697548
268,0.25488069541288044,0.2641755505730426,0.0003000553902437833,0.41301124372084613,0.06763245490298697
269,0.20126460085185788,0.3327253947462957,0.00015796997970137113,0.4167939365884427,0.0490580978337023
270,0.18107508387589047,0.19749792179118736,0.00025827552745133627,0.5388569081784945,0.0823118106269763
271,0.2037478430234003,0.3373776171139141,0.00034524315160342026,0.38990028591476006,0.06862901079632204
272,0.2959103760987216,0.2573641952492767,0.00026570191477571733,0.3629051207245049,0.08355460601272112
273,0.2975792768181942,0.30518672796899327,0.0003962093832195324,0.33528757722614605,0.06155020860344689
274,0.23250517105611732,0.2177905573538425,0.00035978109408506243,0.4631979267366934,0.0861465637592616
275,0.22971748493379401,0.2310654831921374,0.00010279558529826716,0.4443858843442158,0.09472835194455442
276,0.17641205584361497,0.3736623123014167,0.0003851899616301515,0.36681671381334435,0.08272372807999373
277,0.1518348766302661,0.4087997890278052,0.0006993218842226511,0.3843168533555954,0.05434915910211075
278,0.12755136555384605,0.330687808910179,0.00010661734821713629,0.5039956263203571,0.037658581867400634
279,0.06982920245825561,0.5983252603810372,0.0012669997348599814,0.2897539360679981,0.04082460135784912
280,0.09524385155197858,0.34796327075544303,7.522146349188457e-05,0.5322003707932005,0.024517285435885963
281,0.06387431242655994,0.6047349701511116,5.968418386570886e-05,0.30813678787559223,0.023194245362870566
282,0.15644840846205157,0.574036238509,0.00010745115712421164,0.22435259068923058,0.04505531118259353
283,0.1313007244038454,0.6180440449339449,0.0005504996798907438,0.2232210078011047,0.02688372318121412
284,0.12806338345731613,0.44231732944129565,0.0005424429743124166,0.3841859226885631,0.044890921438512504
285,0.06396421265238789,0.6199223508960767,0.0012485757798799783,0.20272261075368747,0.11214224991796808
286,0.0667780810030833,0.5243136513931623,0.00039293469899092276,0.36911174302467376,0.039403589880089754
287,0.13293803127043083,0.4625824340269645,3.102452035695294e-05,0.3553955088292362,0.0490530013530117
288,0.08358320638867398,0.46618254317253016,0.0009200712883517858,0.3998528647584088,0.04946131439203542
289,0.10322639069911274,0.4034899023540182,6.641006931243063e-05,0.4578627921705202,0.03535450470703623
290,0.14043167762825057,0.5703677062452696,9.987572456405242e-05,0.26765666929130527,0.021444071110610623
291,0.138721647519411,0.5376080890604702,0.0001717844005351574,0.293227895073158,0.030270583946425695
292,0.10051207640694636,0.49943339004804005,0.00020261874459405626,0.37089592433658103,0.028955990463838514
293,0.11948847788347357,0.38595353559439266,0.00011887041657417924,0.46969268520717694,0.024746430898382698
294,0.08956118745867116,0.381019972894487,0.0007353981850100595,0.4981271443781162,0.030556297083715527
295,0.07127466040150016,0.4365308399107146,0.0004986523481096663,0.46939639273189226,0.022299454607783226
296,0.07997635645476159,0.434213126880932,0.0008895059684443902,0.45639884986480744,0.028522160831054386
297,0.06026483492296688,0.6355476818030454,0.0003271953740153425,0.27634404890164804,0.02751623899832428
298,0.109646657948449,0.43839006661252783,3.242102764501835e-05,0.3721074393825884,0.07982341502878973
299,0.13638445162631296,0.45931920999575326,0.0010435093292542141,0.360667214962452,0.04258561408622755
300,0.08009242596330471,0.6400222276953633,0.0034869154400517326,0.2545666957347765,0.02183173516650375
301,0.1368345406495634,0.37190739370154025,0.0015187937265883455,0.46039674090277327,0.029342531019534594
302,0.08430398266855516,0.3170119989572956,0.0003878036960323523,0.5814645881724864,0.016831626505630484
303,0.06446049703227465,0.27716253614397773,0.003350149419569074,0.6333335089778924,0.021693308426286206
304,0.042589549126045984,0.42322146000424804,0.003096249872131428,0.5113731802498913,0.0197195607476832
305,0.05719237833308833,0.542143671813639,0.0013554162203317287,0.3833933616811028,0.01591517195183808
306,0.09609392402944222,0.41164526429732556,0.0012948097800254792,0.4674254898364506,0.023540512056756266
307,0.08814826434755604,0.6229205330675452,0.0007356162996764632,0.23237335571456194,0.05582223057066044
308,0.07546551688166092,0.6986130061126038,0.001288413966771918,0.20021263148615978,0.02442043155280355
309,0.09113674336397415,0.432250862529449,0.0029464926068780827,0.4279036357168189,0.045762265782879896
310,0.01594629708806816,0.875141857333718,0.0033135227256159,0.08180790508951369,0.0237904177630841
311,0.11183156737405212,0.4267123362586539,0.0041799832031866515,0.36715815371200994,0.09011795945209737
312,0.03172213512735751,0.7512818305585057,0.031526749112413106,0.15557210288070483,0.0298971823210187
313,0.03954833278366054,0.811983640777524,0.007964789344180925,0.11816103028839205,0.022342206806242406
314,0.06996696467280798,0.5844913415559183,0.03171811330453488,0.2625409615778752,0.051282618888863665
315,0.06873929672116837,0.6867728182404651,0.02301982153748809,0.12092918980187649,0.10053887369900188
316,0.029509025765713306,0.9138301902305194,0.01556110152757928,0.021529694352844034,0.01956998812334414
317,0.03985701249780066,0.8398338894907534,0.017476492413043585,0.021266263339318685,0.08156634225908363
318,0.08129997460016511,0.6910553101156883,0.030295763349466633,0.04189515107955391,0.15545380085512597
319,0.16887313648127877,0.5021309025648588,0.12136503887365684,0.045788731172308146,0.16184219090789742
320,0.00684930912054373,0.0076562017381389905,0.00039888140488633585,0.00428405931021888,0.9808115484262121
321,0.013337996264595411,0.005084893647616182,0.00028186069532223966,0.0025954888437965994,0.9786997605486696
322,0.09718253915889805,0.03377956496595635,0.0025973039313706746,0.007811286277141693,0.8586293056666333
323,0.21291695627990362,0.11746190266001964,0.005942262576084211,0.023834551897738993,0.6398443265862537
324,0.06569051241974848,0.22328401374615156,0.05522799676866584,0.06939324631327876,0.5864042307521553
325,0.12453841163131533,0.4254282662842012,0.1810481316255112,0.16011088169813958,0.10887430876083258
326,0.1013476739627886,0.5914556824199101,0.14558929234280465,0.09252830048079713,0.06907905079369954
327,0.1165231979796047,0.4872698563891789,0.2609663354420451,0.05659543433943949,0.07864517584973173
328,0.08598272771673628,0.6876057240195599,0.18867256443172764,0.011475510122831902,0.026263473709144267
329,0.11392143481286222,0.6330282930152128,0.16264484489233938,0.016043696506189715,0.07436173077339588
330,0.07153308359153472,0.7474574571208905,0.1562881426630496,0.013191490098085618,0.011529826526439491
331,0.06750807359653822,0.7891841288817099,0.11601226674214683,0.016053332611334004,0.011242198168271095
332,0.06717954841732711,0.6803305610784981,0.2259440233016379,0.00422829865993876,0.02231756854259802
333,0.061726955643547646,0.7699427401235253,0.06971908875884666,0.03631048551804159,0.062300729956038726
334,0.03483937600819525,0.6635061881876355,0.27196051450586606,0.008159167462842584,0.021534753835460677
335,0.06443429831014585,0.6073414515883679,0.2531027942566788,0.008825825917439321,0.06629562992736819
336,0.029594336985871342,0.6219194282842054,0.3257365788300237,0.008987596594795665,0.01376205930510389
337,0.035538631968554724,0.8321123714546,0.10734628412219785,0.010595781697933524,0.014406930756713888
338,0.03988195061922391,0.6331601068415376,0.24639492820794556,0.0445187631998707,0.036044251131422095
339,0.01824676073660148,0.5322834058236773,0.43172557949723034,0.004076646589664729,0.013667607352826173
340,0.012253130359753445,0.6271253737152694,0.337145907882595,0.008193318583836921,0.015282269458545217
341,0.011684941976382823,0.43260986980370236,0.5157787306744485,0.01700135475590837,0.02292510278955796
342,0.021279719291611897,0.4792134222042979,0.4723712131407413,0.012901139981503303,0.014234505381845387
343,0.033032400808212445,0.764095319089421,0.17173718450612907,0.014350326573961984,0.016784769022275357
344,0.02758072064171624,0.5179482615109688,0.4260875111916818,0.014007080253901743,0.014376426401731542
345,0.03849707357030844,0.6572579704883823,0.2362190055432975,0.035196177320723984,0.03282977307728768
346,0.02987258791353306,0.45459499209927695,0.48975446412606666,0.008859762542901429,0.01691819331822191
347,0.03698108271707197,0.7111106064965198,0.22859897767964482,0.0034861853935742003,0.01982314771318915
348,0.018635235535177052,0.6154459671533462,0.3488323368363803,0.0033513971538521032,0.01373506332124431
349,0.03413343293742761,0.6736191068584462,0.26610728556686003,0.016993817570623404,0.00914635706664275
350,0.03528969130382328,0.6431610416719403,0.3053318724134806,0.004918334765212229,0.01129905984554362
351,0.02401311414908541,0.4884678864155297,0.4621203453449732,0.0050953217038602686,0.020303332386551392
352,0.031056498191219327,0.6593561859734869,0.28222721307449367,0.016865213450721072,0.010494889310079152
353,0.024900790627991724,0.3108556441338766,0.6532655462901508,0.003950078702617762,0.007027940245363219
354,0.026044159054423036,0.40089305281020376,0.5620309254135752,0.0027073138064872297,0.008324548915310861
355,0.030932662126429984,0.4676583169240575,0.4751213784845226,0.01723178706653738,0.00905585539845229
356,0.025155257878551076,0.496910965916847,0.46778259261286603,0.004272857641635373,0.0058783259501004265
357,0.020037527379214853,0.2918114566873278,0.6791087762095604,0.004506176663435833,0.004536063060461157
358,0.025780974656959325,0.5047196026000302,0.45105968623625514,0.005642721210387696,0.012797015296367465
359,0.015839253073424712,0.46474680266548035,0.48968030246711675,0.023356354677952756,0.006377287116025494
360,0.0076908378358754815,0.43601965529067815,0.5489277950610443,0.0016201809426439982,0.005741530869758196
361,0.012156253878407897,0.28911537961947187,0.6873379199124563,0.004369462384796748,0.007020984204867231
362,0.008658424058169394,0.25110911999745683,0.7256699309705594,0.009739373499376765,0.004823151474437518
363,0.016103189062670553,0.3302562678357815,0.6351914025298279,0.012756886523559203,0.005692254048160822
364,0.026082979567631597,0.4122923753089785,0.49484288929378256,0.05456367537475891,0.01221808045484835
365,0.01902102048839041,0.20739203129817044,0.7578493727633714,0.005019217447561708,0.010718358002506109
366,0.05907341885680114,0.34356746425821644,0.5598427764702394,0.0114989672470432,0.0260173731676999
367,0.011095610508322584,0.22635739803437396,0.7497855460972996,0.007790208968400805,0.004971236391603128
368,0.02203900793366111,0.41613416812292026,0.5433195151188656,0.008493201985282089,0.010014106839270925
369,0.009250746932172519,0.2678085875562414,0.7129137119795935,0.006013605579000677,0.004013347952991881
370,0.012514177309312056,0.38699443715488946,0.5853440461037336,0.010638673196601858,0.004508666235462929
371,0.010729659604214799,0.22999539371163094,0.7521492307475794,0.003614164467142134,0.003511551469432588
372,0.010682953004239456,0.1238164369835228,0.8506899193323901,0.009118019923155318,0.005692670756692319
373,0.018530243672710122,0.19547135539874297,0.7681901402947944,0.01262852496584044,0.005179735667912138
374,0.022586106946319462,0.21001684361316617,0.743534393644152,0.015777688394948464,0.008084967401413819
375,0.015022161850537286,0.1510075150881217,0.8152729676779821,0.0033996413797287668,0.015297714003630189
376,0.023083358165884485,0.20043459151911966,0.7557436668309038,0.011294088886503307,0.009444294597588746
377,0.027377576532695288,0.1637139874752932,0.7959443950318614,0.002799909906045843,0.010164131054104245
378,0.017357290079233038,0.12558013384480732,0.8433492610380813,0.008038274769401011,0.0056750402684773585
