epoch,N1,N2,N3,R,W
0,0.019050379618356147,0.001981090609991984,2.0207675201095368e-11,0.007039209530295891,0.9719293202211483
1,0.00725420109497269,0.00041108729877205964,4.129809129280703e-06,8.275926053527953e-05,0.9922478225365908
2,0.001921034908362106,0.008239886509449484,1.8024091760689352e-07,0.00010064444628326628,0.9897382538949876
3,0.01630448162044839,0.013138769286577855,7.04646865950622e-07,0.0005963504933634099,0.9699596939527443
4,0.05349634489707206,0.031886986940040093,3.133713952260316e-06,0.0008839507762353904,0.9137295836727002
5,0.03179453899182427,0.07827252717672688,1.86548328859233e-06,0.002568628942330005,0.8873624394058302
6,0.046483651512289906,0.09713170796816699,2.979280190895175e-06,0.005434608945329761,0.8509470522940223
7,0.06843135087604219,0.0020122979540131134,9.970417726175671e-07,0.003821393965017947,0.9257339601631542
8,0.25270170117903173,0.005840881536267641,5.150568717195708e-06,0.01793072828753682,0.7235215384284467
9,0.5150911148823837,0.017779077720875548,5.678376734496512e-05,0.02279289820234804,0.44428012542704776
10,0.6107464852194237,0.038187437532043844,6.559260516348399e-05,0.07760665067770905,0.27339383396565986
11,0.5207261731467452,0.06635605591028469,0.00016015511643625356,0.17498918744843012,0.23776842837810375
12,0.23174955327634464,0.05184160515093813,0.00011835839058414555,0.0778326714831979,0.6384578116989352
13,0.4159261368998845,0.06185898777332683,0.00024482555700133015,0.35145765707317006,0.1705123926966173
14,0.32223802329866247,0.1648722603151102,0.00034850647987265306,0.2823920742749676,0.23014913563138706
15,0.5157355612950572,0.09953159883399482,7.191902104431255e-05,0.09089212970212518,0.29376879114777843
16,0.5809517860665875,0.10483079710324407,0.0001008900287098762,0.08902619402041455,0.22509033278104393
17,0.1913682049195147,0.040558288762966424,0.00011186448969086998,0.0023615991626225086,0.7656000426652055
18,0.6847439902054322,0.14318248466939,0.0004578532675411331,0.014482923805740308,0.15713274805189648
19,0.30015789332575754,0.5956409636872403,0.00076582557140516,0.0170763793252726,0.08635893809032437
20,0.45247777174031795,0.31953955560064845,0.0001441939195969425,0.038213533856872345,0.18962494488256432
21,0.2413090822554876,0.567775978376409,0.0003511048823367791,0.020721403058398265,0.16984243142736824
22,0.3098182026416466,0.6119437884191361,0.0006965786482977685,0.03284849502643207,0.04469293526448734
23,0.40204353106443924,0.534653488678985,0.0005299289375383669,0.024252813362509375,0.0385202379565281
24,0.32898487767316903,0.6216112043831681,0.0012183875934765106,0.020190128194099325,0.027995402156086986
25,0.37437605407825103,0.5241007195288342,0.001150697109664475,0.06008141987929499,0.04029110940395539
26,0.05973473909991257,0.9176913094295438,0.002289323533373015,0.008740655225188538,0.01154397271198224
27,0.060593856237247445,0.9237125163696184,0.0012750370930756862,0.005178270881943714,0.009240319418114889
28,0.07206529920249298,0.8877734199612354,0.007521846020083398,0.004899702493506484,0.02773973232268184
29,0.02345160632865159,0.9424350787986191,0.01879125595298754,0.0028395620564274945,0.01248249686331424
30,0.03218305181608563,0.9304497109247987,0.01461863969997588,0.00406402565474953,0.0186845719043901
31,0.07211134755075697,0.8701518847437633,0.01680034716744466,0.007904866310116075,0.03303155422791881
32,0.01916877784904738,0.9436109449231815,0.02520527724623099,0.004400251821895652,0.007614748159644523
33,0.017076577511268752,0.9251723204680544,0.04070316725612384,0.003471121590340081,0.013576813174212925
34,0.05356080006831103,0.8900028862658846,0.02322185392619745,0.005936140915026325,0.027278318824580632
35,0.3486480812550123,0.16876136726131563,0.0010057520794499667,0.011187226288767867,0.4703975731154542
36,0.38086441990353725,0.5495929584664091,0.006399563057529736,0.0036600227959374012,0.05948303577658646
37,0.17143770192242494,0.7803363813353513,0.007596972270505197,0.0037722351064283233,0.03685670936529029
38,0.2713753984501296,0.698683760523968,0.006738671631591917,0.0032979007386243733,0.01990426865568608
39,0.022247278427026625,0.9478183769896297,0.016939204520979627,0.001898122647473165,0.011097017414890845
40,0.021366083358692806,0.9455105176829645,0.022106009905840277,0.001539732573733365,0.009477656478769237
41,0.054940159064698006,0.9180070891792231,0.01360621577313472,0.0038229828317209854,0.00962355315122317
42,0.024022128375898254,0.911778707837721,0.045921783944249166,0.0027661393451911135,0.015511240496940557
43,0.05139113666321355,0.900144362892297,0.03236767885236937,0.004321423000677824,0.01177539859144218
44,0.02266318120932637,0.9204132072966225,0.04542595985386464,0.0017498850551660348,0.009747766585020422
45,0.028873909641657276,0.9235970825794484,0.03616520495498301,0.0033697299690150944,0.00799407285489606
46,0.04906614685480657,0.909145508261234,0.02704951202741391,0.0037668803672164016,0.010971952489329057
47,0.014168257126779587,0.8225153203686624,0.15027047071134783,0.001106474832711957,0.01193947696049808
48,0.012044050747115415,0.9023334733093534,0.07859293894484479,0.0013329747714064275,0.00569656222727974
49,0.012053756925289327,0.8791074562249068,0.09852275216255452,0.001278740512844459,0.00903729417440485
50,0.01705328730429418,0.851062504982892,0.12174820868704317,0.002297432031659056,0.007838566994111616
51,0.018568160679958312,0.8646693018404451,0.10355949347463457,0.0016095362937083627,0.011593507711253705
52,0.013140681598914666,0.8585565611436015,0.11854548093035017,0.0016378618077744617,0.00811941451935916
53,0.012750639728975808,0.7822606848623583,0.19879711029793104,0.0014329314998699106,0.0047586336108646045
54,0.015903598274217563,0.8417986498228969,0.13329331013800108,0.0023678037234795887,0.006636638041405052
55,0.016286134485673294,0.8817604075688358,0.09060116458643691,0.0019505264248326462,0.009401766934221343
56,0.025910737066835644,0.8429220987098843,0.11834784326528999,0.0021276750222342373,0.01069164593575564
57,0.007614357430364653,0.672662223870621,0.31277604222106914,0.0004965762831705975,0.00645080019477443
58,0.020223358578726636,0.8694381924988684,0.09745432416261278,0.002769283584608652,0.01011484117518344
59,0.012985988309301739,0.7913443807645765,0.1716022693178303,0.001232148262051155,0.022835213346240342
60,0.013751166805564206,0.7267734180987395,0.2367135010246617,0.001265457305380158,0.021496456765654565
61,0.03243202808813741,0.8068109534063961,0.12261575327534302,0.0031626647682142716,0.03497860046190927
62,0.019990596708159447,0.7805258490443044,0.17599875318263528,0.0015515085449230505,0.021933292519977807
63,0.02671542288803592,0.8239679973785599,0.1182646873717732,0.002097247632877043,0.028954644728753993
64,0.11738423175791106,0.2519076339728764,0.011332420995830213,0.0005590436677265307,0.6188166696056558
65,0.28131047996975106,0.6711866692531256,0.019942334560622364,0.0034115776775560545,0.02414893853894496
66,0.09622214560780475,0.7963156616957316,0.08232306197057941,0.002317759839615181,0.02282137088626906
67,0.09115000334909186,0.7458509507364521,0.13566165992207266,0.0014032173693928572,0.02593416862299051
68,0.018041034444528384,0.8919860710207349,0.0826058651897039,0.002233557552508997,0.005133471792523825
69,0.012667741367325357,0.7435139523103863,0.21655396491688267,0.0010181626193630211,0.026246178786042698
70,0.0051015758464810984,0.6252667906227298,0.3525533076768838,0.0008840476334300054,0.0161942782204752
71,0.011049125023630918,0.7834173877574299,0.19208245038628896,0.0021927532061104087,0.01125828362653968
72,0.015579482540332016,0.8329430303230072,0.11890222761207564,0.0034458762786734537,0.02912938324591165
73,0.005109783803930947,0.7512123567397393,0.23238510271267193,0.001429716435466057,0.009863040308191677
74,0.003141455006948171,0.33670438568032507,0.6551093847108328,0.0002617304534210038,0.004783044148473007
75,0.005637546936086326,0.4446575384045923,0.5403215316517841,0.00036012279935606023,0.009023260208181167
76,0.0033273005541043345,0.16311883150053288,0.8276560101097741,0.00010467235528253256,0.0057931854803061665
77,0.006340265706644117,0.5008035893264463,0.4808196606942379,0.0006237060423674941,0.011412778230304236
78,0.009969048233746232,0.6635350457109589,0.3050142711573984,0.0014649770521393346,0.02001665784575727
79,0.005168456310417615,0.6223155784715625,0.3583289676045306,0.0009633502223078718,0.013223647391181455
80,0.006454504538396192,0.4559089697191031,0.5263910454614019,0.00034055644798916844,0.01090492383310951
81,0.017339219395684356,0.7120917896561152,0.2469575162342241,0.007572679303865931,0.01603879541011047
82,0.006134064945175946,0.7701869971454921,0.20268083119105643,0.0012895758578303942,0.019708530860445026
83,0.0029444942598674177,0.2923200200250912,0.7013624147560976,0.00034290202268258483,0.0030301689362610975
84,0.011532658372989536,0.7608822684369474,0.21192461712121002,0.0045663452816074425,0.011094110787245535
85,0.005676341530287654,0.5503237076811404,0.42976637913102383,0.0011755535030443499,0.013058018154503833
86,0.003808103038250792,0.4212744496067728,0.5663644213629913,0.0007326714719327862,0.007820354520052388
87,0.0022323418116956435,0.5356970173854563,0.4572848950177422,0.0005393612024618171,0.00424638458264404
88,0.009215305609885923,0.6448399151713109,0.3379422074357487,0.0011284897192665648,0.006874082063787932
89,0.008434704769757,0.7306438812476402,0.24844627564068103,0.0035012495280944598,0.008973888813827172
90,0.012219353294222489,0.770666302828259,0.19904496653320108,0.0029619097170639755,0.015107467627253431
91,0.002985608225660094,0.6327128563088015,0.3603295446560316,0.00045023155106181195,0.0035217592584449683
92,0.004196797410870454,0.7082268777385676,0.27505863860067603,0.00137178270869675,0.011145903541189044
93,0.003018254992812317,0.5623758114127757,0.4298621466152033,0.000682238428334181,0.004061548550874514
94,0.00439825955500765,0.5046525926085556,0.48216645162417976,0.0011327500859551801,0.007649946126302052
95,0.0025018776083409375,0.766641486180348,0.2197412469191085,0.0014965164958637717,0.009618872796338673
96,0.012772645807394544,0.7671669027420595,0.18366868236036182,0.003990452880224082,0.03240131620996018
97,0.009235911312271493,0.6007343077319969,0.37496289512041864,0.0015270754010239553,0.01353981043428906
98,0.012975914032430504,0.7119419115850613,0.26322103280314013,0.0031110678195672144,0.008750073759800785
99,0.01731622748284146,0.7161565221558047,0.2418078072894673,0.007730064406070822,0.016989378665815732
100,0.029595330698622885,0.7777987215915456,0.15994728276433262,0.014479494711968027,0.01817917023353092
101,0.02251222939551926,0.7576586563211838,0.12715038455913358,0.002340272580129958,0.0903384571440334
102,0.2237432325676461,0.04273315515194097,0.0001403668634004327,0.01430869828245428,0.7190745471345582
103,0.7401765269683248,0.18474682187265293,0.0005157967458796921,0.011437449674790691,0.06312340473835189
104,0.30077134374501485,0.6316257767306352,0.010266473758131965,0.004783377420399321,0.052553028345818806
105,0.21616730724126115,0.7328638341635162,0.004272843388998836,0.013548255775604982,0.03314775943061894
106,0.025505425086187094,0.9276789832431577,0.021756028826218597,0.016067365312743116,0.00899219753169365
107,0.01727122481378477,0.8686607890752173,0.09279794479667672,0.012790740347143992,0.008479300967177422
108,0.0657969228565137,0.8206282493266301,0.05163046910236864,0.030940438047105265,0.03100392066738245
109,0.05407211945715977,0.8390627514437329,0.06019732313606181,0.037439441955338076,0.009228364007707483
110,0.047634735685914385,0.8308244603512907,0.07344346045413015,0.025093317056003768,0.02300402645266097
111,0.424008012017273,0.2021084142819807,0.0013506967540484912,0.030582983022117247,0.3419498939245805
112,0.20867522528800456,0.7430514412256845,0.021050003167381502,0.013019135238468982,0.014204195080460483
113,0.04510314151097062,0.7562626745894129,0.1740433272921972,0.0036705018910798,0.02092035471633948
114,0.05635691089581213,0.8068398067096121,0.1266377452659012,0.0023482157903375253,0.007817321338336946
115,0.014783869899300181,0.7760905968398638,0.1989733697184347,0.0019987314172549234,0.008153432125146196
116,0.010096488015987353,0.608915763870794,0.37497802937091146,0.002110403462884672,0.003899315279422487
117,0.02554556331741539,0.7763619472341481,0.17078353193025658,0.015439390084176418,0.01186956743400352
118,0.012013741030908826,0.7606129863299232,0.2123664860845153,0.00531325996465119,0.009693526590001481
119,0.004147295604282148,0.7494209596022648,0.2409096027393687,0.0017359084987452885,0.0037862335553390603
120,0.0034268985591736044,0.7134898320187656,0.2796868303283587,0.0010340189351052181,0.002362420158596721
121,0.009155884943941555,0.67736778444145,0.30118751552622053,0.0016231411250734792,0.01066567396331448
122,0.004143683116398786,0.7507244018457232,0.24075250415253988,0.0010626383171106865,0.003316772568227404
123,0.004098578430429525,0.6741814667140542,0.3156607017616422,0.0016303286933465517,0.004428924400527563
124,0.002669172489037868,0.4830460820362756,0.510238835300715,0.0007629973182247826,0.00328291285574684
125,0.003959357337605215,0.6074324513798499,0.38084582453018706,0.0012880378780846108,0.0064743288742732325
126,0.004354874122619063,0.479493651150942,0.50682996463197,0.001733166228670523,0.007588343865798464
127,0.0020391875016205164,0.5184745738525509,0.4696635602247566,0.0016498009810147708,0.00817287744005714
128,0.0062191274853980695,0.7874852404684226,0.1824533312847487,0.012255447947259695,0.011586852814170951
129,0.0032387860203248776,0.6287538883705113,0.35980009068610846,0.0018489680188339263,0.0063582669042215245
130,0.0031861463821874787,0.668159156714049,0.3185345586628349,0.003483006824460117,0.006637131416468465
131,0.003494198360669867,0.6684514903364283,0.3183180036903057,0.0023240875069893904,0.007412220105606794
132,0.005011489563111371,0.6627106358540219,0.3231197808025531,0.0021739091716168066,0.0069841846086968196
133,0.003181075466965997,0.580656874515406,0.40740157086077666,0.0018670580178928053,0.006893421138958622
134,0.006083453765273891,0.7179811851458896,0.2654565389281135,0.004077964653015546,0.006400857507707618
135,0.008732335007285989,0.630920546350475,0.35257913534247254,0.0024132372946807546,0.005354746005085803
136,0.004547271329502961,0.5928275464453824,0.3933653924460284,0.003516694426740417,0.005743095352345919
137,0.004325305068296149,0.6244429285140299,0.3638757657611068,0.0033774098941484368,0.003978590762418744
138,0.006843647910649184,0.7182840317269064,0.2643267210904175,0.003992241756779589,0.006553357515247341
139,0.0028815155520922177,0.5903041780324234,0.3982293906851935,0.0018132989114233826,0.006771616818867463
140,0.0039556279945652684,0.607062557840427,0.38384954811151234,0.0014442265237280506,0.003688039529767503
141,0.002068299520270148,0.5172828111028194,0.4779358737035573,0.0006155676765515318,0.00209744799680159
142,0.00475114730029173,0.6139806597842924,0.372409311931492,0.001958123329390404,0.006900757654533301
143,0.006065456184149393,0.6368284258540047,0.34920955895477673,0.00169732762248388,0.006199231384585309
144,0.00374269661221953,0.49984767783323725,0.48810171273245884,0.0009913763189974322,0.007316536503086882
145,0.003799065191996297,0.4425955334549553,0.5476523883923071,0.0011999350267693726,0.004753077933971836
146,0.005366073970631771,0.4770837411743208,0.5067831657094928,0.002676187701055361,0.0080908314444993
147,0.004645872933110102,0.5833703218583154,0.39935552739092395,0.004855149057827673,0.007773128759822914
148,0.0033960488043490293,0.3295760012070967,0.6606419410912551,0.0019766056185774824,0.004409403278721766
149,0.007191183909196965,0.49116093305624975,0.481323403118007,0.01000374818807855,0.010320731728467857
150,0.13147014512105137,0.7014223117758787,0.04781127027002665,0.032196372783837246,0.08709990004920615
151,0.06886717930529379,0.5298867738314952,0.30568320830431395,0.04568793745143014,0.04987490110746687
152,0.0594590329400554,0.4854028200762145,0.3134430075164532,0.0638262752580661,0.07786886420921087
153,0.09977181771808007,0.5290567010926299,0.1767359535230273,0.10228339136450917,0.09215213630175355
154,0.04352834335887711,0.45736397003020857,0.42864199915670426,0.02236575152237467,0.04809993593183518
155,0.06599825038751155,0.505754650126713,0.2598119622202528,0.10476914114843877,0.06366599611708385
156,0.03771920138501816,0.5028752458838933,0.37827145361685355,0.043638291302041256,0.03749580781219375
157,0.05994831241924319,0.655699236630248,0.1712405081000856,0.08293163636904276,0.03018030648138044
158,0.021029316295256048,0.45683308433299263,0.4791226540694615,0.011383856236019911,0.031631089066269824
159,0.02798939001928159,0.42717131605162156,0.45044396378498613,0.041194921041639555,0.053200409102471126
160,0.028491428918631607,0.3466913481724126,0.5770731384758097,0.019289096136844236,0.028454988296301862
161,0.039462906751981046,0.39463416517914685,0.4785509805325412,0.03642557793472429,0.05092636960160665
162,0.04875866653422152,0.5781033861295101,0.2988101094437864,0.040281139434799045,0.0340466984576829
163,0.04828207607615706,0.6105696545848192,0.26053239067844813,0.0563864945693586,0.024229384091217148
164,0.056273052054054105,0.7016464410513097,0.14982760977930748,0.05291932660723887,0.03933357050808995
165,0.01888046314505923,0.8874666078492979,0.05095318666866429,0.029776560604828403,0.012923181732149996
166,0.13109622075628144,0.7588078147826006,0.02271174007090536,0.06932563910990781,0.018058585280304934
167,0.05005039912348435,0.8584854794765939,0.06364096310565127,0.01857871280835605,0.009244445485914349
168,0.03119644126281535,0.9182638440514702,0.028671330784203055,0.0151597148349728,0.006708669066538834
169,0.014666262897465953,0.9147498827869869,0.055466356231170785,0.013061625467525099,0.0020558726168512257
170,0.010382206370276075,0.8088638169616689,0.15727382148298388,0.020062272018104343,0.0034178831669667694
171,0.04267459417473358,0.7770654987296298,0.04238417898225856,0.12926325027761992,0.008612477835758274
172,0.0860735029124281,0.7347486545166051,0.03457597355404176,0.1238966597418861,0.020705209275038945
173,0.2838865572314925,0.3423614138403091,0.005779354019511511,0.06128376729792521,0.3066889076107618
174,0.3643479195353051,0.4834677054778442,0.0018728007830509598,0.10040503910502542,0.049906535098774484
175,0.3317088383733304,0.43472445913758184,0.001257381877860367,0.20962152999839606,0.02268779061283148
176,0.10934598029521761,0.8174792824443637,0.0029775684323060624,0.059433112843664246,0.01076405598444838
177,0.05464523505106506,0.8227379324718221,0.006476893105717445,0.09072433805783425,0.02541560131356102
178,0.021530449457417375,0.8321636826275289,0.012865965130301018,0.1271482802302869,0.006291622554465879
179,0.12494946350885419,0.5869875919562114,0.0036412952291802075,0.260204209816499,0.024217439489255112
180,0.031444895520842175,0.8108395369765068,0.017518731727177394,0.13395746084913018,0.006239374926343399
181,0.03612104655770376,0.7815130173294816,0.10766833333631819,0.05956516873555603,0.01513243404094035
182,0.012553104259247952,0.8998649312603209,0.05225018616873778,0.032608264659139456,0.0027235136525539765
183,0.022698711904765204,0.8987152640772986,0.025051672732891227,0.05039003570399167,0.003144315581053051
184,0.015938815218811193,0.9026549622118593,0.04771676647269812,0.030734805759942262,0.002954650336689065
185,0.028013896750540144,0.9127108818830155,0.02322241221041336,0.03130450079232915,0.004748308363701726
186,0.01648568038111872,0.9397697767604098,0.02392449849592572,0.015728550453109686,0.004091493909435899
187,0.008704065600901891,0.8621432800878821,0.11759318393953286,0.009398313690528383,0.0021611566811548717
188,0.03037414317211944,0.8113471510389022,0.12785172683535165,0.02367329502813871,0.006753683925487924
189,0.020266424190318048,0.852249114819115,0.09273480707795663,0.02972582446420928,0.005023829448400818
190,0.013332369235043325,0.8338619050621747,0.12285050412414882,0.025906026355469316,0.0040491952231636675
191,0.014924732417496285,0.8604604296280226,0.08486978990937659,0.03529809443740128,0.004446953607703312
192,0.006702648755232272,0.8255716073787325,0.14770627955392313,0.015554448644109086,0.004465015668002914
193,0.027115648526036987,0.8616364806026574,0.04491799082706581,0.059886019752890485,0.006443860291349553
194,0.027515084135634155,0.8877486229444208,0.03603578345818013,0.039943959061526216,0.008756550400238651
195,0.0114407306229714,0.8311208071367532,0.12455650822258729,0.028921150676473602,0.003960803341214627
196,0.022861396510187818,0.8140899306201282,0.1132689439877043,0.040060043777080764,0.009719685104898946
197,0.07408438223890508,0.6202542544513571,0.03737575636072812,0.22845646208177045,0.039829144867239215
198,0.019852112077585027,0.8211693014190652,0.04742313891887941,0.10768379266909946,0.003871654915370922
199,0.026422660856772168,0.8125756599109545,0.040800795748950756,0.11595940314550662,0.004241480337815991
200,0.03783296905864766,0.7392531194254325,0.04422475064084116,0.16595441923131676,0.012734741643761876
201,0.06163543966630316,0.6086183859817839,0.0707444996007023,0.21643519857723673,0.04256647617397401
202,0.30731964203341533,0.4624359640798842,0.0019346065672866323,0.16223097021683527,0.06607881710257862
203,0.20580297440259612,0.5960348778690278,0.00707871232045849,0.1685809924255163,0.022502442982401394
204,0.26229750745213837,0.5658951277694653,0.009266980828715996,0.11414240338359315,0.04839798056608728
205,0.1158800751903571,0.7484130559195206,0.00275831818876342,0.11961285502337314,0.013335695677985655
206,0.0334140145148125,0.8116545466588072,0.0069596597009576764,0.1378978878010303,0.010073891324392275
207,0.04019107170812278,0.789970701310621,0.006141455165869631,0.1515535894511788,0.012143182364207847
208,0.13750949744751123,0.30747295149915355,0.0018438079518710022,0.08476871554459513,0.4684050275568692
209,0.1969457848236364,0.10374258567312873,0.00013552474286743585,0.03884666479719696,0.6603294399631705
210,0.5664249386255409,0.35666574049236616,0.0006130466742304621,0.03806158143858129,0.03823469276928114
211,0.6492206107604944,0.3000585040890849,0.0009893200886267725,0.02282309027391497,0.026908474787878972
212,0.4608568000679518,0.31872012100422886,0.00043592290700674206,0.19993622432217484,0.02005093169863759
213,0.019153156731333876,0.8716585728576312,0.011959583263465103,0.0677278757135514,0.029500811434018427
214,0.038467564202869245,0.7806221744781068,0.0036772929259319903,0.12065354918046312,0.05657941921262877
215,0.0281496779245198,0.7785354387402879,0.002189764452448947,0.12565570015307673,0.06546941872966676
216,0.056465467034548356,0.4574443116777284,0.0022176260697018006,0.08001556124580902,0.4038570339722125
217,0.02975691858631281,0.009487304048602263,4.932915993451471e-05,0.03794030049446098,0.9227661477106894
218,0.05894605525277514,0.009699267528981467,3.4221459218886316e-05,0.008005774419008503,0.9233146813400159
219,0.03353884235500965,0.0068452809960881916,0.00011334484751894996,0.0027099970674615385,0.9567925347339218
220,0.0026265081301365227,0.0009153402528253926,3.94249760554288e-05,0.00016906755001952793,0.9962496590909631
221,0.0019891907682908524,0.0015995361822096557,7.252073237982633e-05,0.00017795459668687086,0.9961607977204329
222,0.0028037001821044866,0.0017093430511183956,0.0007615959670039914,0.00037578539639454285,0.9943495754033785
223,0.004302153434889843,0.001369751328052745,0.0005361885609623763,0.0003946479364760357,0.993397258739619
224,0.046343494925719125,0.0138793249124184,0.000182324045627658,0.008295834954631268,0.9312990211616036
225,0.05667876717561174,0.0016901320774134455,9.574531369998412e-06,0.011568653058919822,0.9300528731566851
226,0.059478453946112314,0.006343890137783406,0.00019537924291191503,0.016664372844853892,0.9173179038283384
227,0.10730772206524178,0.013020253276916586,3.3170771167237017e-09,0.07347202880457096,0.8061999925361936
228,0.10765204678224231,0.005649800894946258,1.0009058942662141e-05,0.0075649502111948515,0.8791231930526738
229,0.11626369756651046,0.005908159979321753,1.6403448322714976e-05,0.004559030572990263,0.8732527084328549
230,0.14149897134543732,0.0722578715259213,0.00022824541670226644,0.036729365558535246,0.7492855461534039
231,0.4707128877581284,0.05550150184082756,0.00012738913860966413,0.23545939569630747,0.23819882556612693
232,0.3921778561415319,0.05497477088833924,0.00016441040598105865,0.08395219786477874,0.46873076469936914
233,0.5210976692172975,0.06196172076201902,0.0002861140790522109,0.2943556024830842,0.12229889345854704
234,0.5629364236019021,0.06614205925345201,0.0004790146969059484,0.29063742016412597,0.07980508228361399
235,0.35913455479653844,0.3531669373799291,0.0006968854668713687,0.2272095904812415,0.059792031875419586
236,0.3029044446792587,0.2025813004254008,0.001258188100389359,0.47009448441541635,0.02316158237953496
237,0.19496897404377117,0.47469660812030456,0.0038357797998083707,0.2609810216925537,0.06551761634356208
238,0.10490850753115773,0.6861623790306909,0.0032858899500050396,0.09546100078791607,0.1101822227002305
239,0.2136860334676102,0.5024972075079961,0.0005838769531750586,0.20182957701273763,0.08140330505848101
240,0.003593214735698466,0.002822354488387464,0.0036072633860198514,0.0017213531993521395,0.9882558141905421
241,0.003050417411422634,0.0003355750062984656,2.024415001858194e-06,0.002524950561308168,0.9940870326059688
242,0.007362043135414377,0.0005461605260460564,1.0147195464596331e-05,0.0014902856263401079,0.9905913635167349
243,0.011660832472114663,0.0012873236066568102,0.0001402669263642303,0.0010293190287107617,0.9858822579661535
244,0.011710218908868955,0.00033995722857687666,3.3500416008950053e-06,0.0002969661016479553,0.9876495077193053
245,0.18737056865214444,0.00396495464619675,3.7489826637305556e-05,0.002001443811986434,0.806625543063035
246,0.09177335977749385,0.003480909656087737,2.5866458727573382e-05,0.0012234648148954398,0.9034963992927955
247,0.2666291326221658,0.07865407325970253,0.00012609097328468487,0.03276528859490067,0.6218254145499463
248,0.21071977873067724,0.04645104871967872,5.314783213813543e-05,0.016235986963409246,0.7265400377540967
249,0.06485058650223352,0.026005225833038187,3.091388593314096e-05,0.015033792780454882,0.8940794809983402
250,0.01426052398736714,0.00738405445994162,2.4280556300412553e-05,0.001293318580748657,0.9770378224156421
251,0.02129816288795412,0.006097038180423211,2.018399700650144e-05,0.0010665086415667716,0.9715181062930494
252,0.016587951750193168,0.005273312644231446,2.315254747202846e-05,0.0006931247867855699,0.9774224582713178
253,0.012700040985859699,0.004773567302446822,2.325221592958947e-05,0.0010159939442934995,0.9814871455514703
254,0.021803900959879396,0.027713531760003254,7.192252143662671e-05,0.004054414937030277,0.9463562298216505
255,0.005958817191590754,0.002240913713746611,0.0002784894025865197,0.0008904660300879774,0.9906313136619881
256,0.0846080559288869,0.004477408805434965,5.913418494450622e-05,0.0020517322403133674,0.9088036688404203
257,0.026478515540180086,0.0038636637646790196,1.4370958868169057e-05,0.002074800422387147,0.9675686493138856
258,0.02639669502795635,0.01074846308091889,5.002272835422887e-05,0.003908341792698351,0.9588964773700722
259,0.03187705316073483,0.0032666290397831907,7.335849989771423e-05,0.005991011299103976,0.9587919480004804
260,0.05332774831700723,0.0038942882079707752,8.599812828128605e-05,0.008255531718117371,0.9344364336286234
261,0.009063497091474948,0.0006153394781085103,1.5722359530996073e-05,0.003026341263556991,0.9872790998073285
262,0.15052880812147992,0.024922288127620023,0.00012943058380753835,0.03114617383079352,0.7932732993362991
263,0.2237325655116729,0.07946986081234868,0.00023198571728509757,0.11699053800244281,0.5795750499562505
264,0.27235416312978045,0.19910130551145827,0.0003139187343748348,0.4585550059749546,0.06967560664943197
265,0.12335829862987605,0.12053061816210928,0.0004468907058550366,0.5884390577289653,0.16722513477319428
266,0.12128980659524728,0.0487040401750052,0.00018285781583433458,0.8005741927729692,0.029249102640944224
267,0.09786823282649505,0.1282270679761252,0.00027140332502882637,0.7548609768631618,0.018772319009189097
268,0.09243370212652222,0.18419440966752182,0.00032402312235969285,0.7114255595058031,0.011622305577793065
269,0.05897261595001701,0.043144263409414386,0.00012937433387084148,0.8875175907454398,0.010236155561257867
270,0.0857366860788532,0.1013452593188876,0.00016208538572470713,0.8006133319559647,0.012142637260569725
271,0.1332562348593991,0.1667872831329466,0.00030141338050609695,0.6928712335834983,0.006783835043649923
272,0.11480152745564404,0.04195045184970334,9.595008551415527e-05,0.8359538297819997,0.0071982408271386925
273,0.18133111712656336,0.13069127164720928,0.00011669441058062141,0.670968987608612,0.016891929207034823
274,0.10985119795341745,0.3581813991400712,0.00039200906341563664,0.5270141107360238,0.0045612831070719825
275,0.16879953208766274,0.21706499630483517,0.0006065447690188683,0.6011004313381993,0.012428495500283718
276,0.2454461607285359,0.36181065346914076,0.0005118867086585729,0.3452341709109303,0.046997128182734355
277,0.4482189968805274,0.046954408303009204,0.0001381289143141284,0.4716375416186559,0.03305092428349344
278,0.3943031566031332,0.26619073519869785,0.0006217602690824482,0.33029028587488296,0.008594062054203556
279,0.33555120303758684,0.4546659348796855,0.0009445010156644533,0.2022990493537919,0.006539311713271291
280,0.14983695570906827,0.4392539913924136,0.0009006636553678274,0.3997606134174445,0.010247775825705588
281,0.04400360284701612,0.7971978145389235,0.0008676694634718156,0.15137574545380492,0.006555167696783684
282,0.077864364016006,0.5289071058955562,0.0007214822403413209,0.3825591979864614,0.009947849861635043
283,0.15614004952367663,0.33697955528342566,0.00047463303121263726,0.49553909648691646,0.010866665674768574
284,0.3050742758237011,0.3445360783587635,0.0010799819336925322,0.25547334296481367,0.09383632091902928
285,0.41110214691910113,0.447131380881324,0.00040556020574694976,0.13392987784663032,0.007431034147197694
286,0.34047256104518914,0.5119207190599369,0.0006339084687647325,0.13920294085255527,0.007769870573554033
287,0.46782511808897753,0.30686423825762404,0.0004774717880154871,0.21434598863400872,0.01048718323137435
288,0.0531126771163802,0.7683049030719441,0.0018738244479796968,0.17318831939250942,0.0035202759711865576
289,0.021447523644774143,0.725964654856614,0.004258502458467287,0.24520631306293864,0.0031230059772061284
290,0.022714587830981257,0.6663859868248536,0.005728371515683062,0.30101633805324357,0.004154715775238466
291,0.02470348451335085,0.8711610256173524,0.0031112421086131555,0.09829507747230143,0.002729170288382217
292,0.03384974327029458,0.6939738245743738,0.0031645958421068765,0.26205522109209073,0.006956615221133971
293,0.0254540409916836,0.7143698026561393,0.003966416120080253,0.25202079590011073,0.004188944331986241
294,0.03547738910465814,0.4720827023636142,0.0027985383700004926,0.4850512202263622,0.004590149935365122
295,0.03904108814860011,0.5335779595199746,0.0027607765600634686,0.42031099164672386,0.004309184124637954
296,0.021336687433422378,0.5113240774749637,0.007372813176675446,0.45431464240850017,0.005651779506438326
297,0.03928760406943113,0.3647470997321246,0.001965937916813382,0.5882834827777982,0.00571587550383278
298,0.16855903641720557,0.41224440245252364,0.003634706965866692,0.32710672506973665,0.08845512909466748
299,0.13474815523030828,0.4517175977738397,0.0010475056369941124,0.40423908335579817,0.008247658003059594
300,0.09112499295871411,0.6704531848073526,0.00268050373310693,0.23122428712971257,0.0045170313711136965
301,0.5126947778755938,0.24007531771361204,0.00017859222811647828,0.17731922194325625,0.06973209023942141
302,0.1931892971324676,0.5020112109221699,0.0013945336614742075,0.29260124922434255,0.010803709059545717
303,0.22661186226220414,0.4891005214735046,0.0012566724640089943,0.26869734467554646,0.0143335991247358
304,0.2602988737563963,0.3606337927314817,0.0020085583547606346,0.35311905578579084,0.023939719371570505
305,0.11328909723602283,0.5258347749786942,0.0029901459329060615,0.263049138135186,0.09483684371719085
306,0.3548892558926604,0.16590839016919146,0.0004256568465262318,0.23200569979728,0.2467709972943418
307,0.3956956403258823,0.45568926476927446,0.005986552531028189,0.13374020250223354,0.008888339871581571
308,0.4886091322187851,0.4102528548225235,0.006393751639869914,0.08198947790084832,0.012754783417973127
309,0.04105940796938454,0.9147097166708169,0.006805177853292562,0.0350180332671256,0.0024076642393803874
310,0.05882094871664918,0.8846449446640514,0.007559919918499723,0.02736762086117759,0.021606565839622227
311,0.1806159356742536,0.7076172820535672,0.0026302113522190477,0.0941344042439119,0.015002166676048232
312,0.029281667912523283,0.9467257272862487,0.009520525447622816,0.012141937569256056,0.0023301417843491
313,0.02187456063254991,0.9184836782110474,0.04713061559450442,0.0075998738982516025,0.0049112716636469005
314,0.023461731704738066,0.9243702786552505,0.02082047072599068,0.027434388554091717,0.003913130359928948
315,0.01006606626018247,0.8934239406266024,0.05499175940899984,0.03727695758074316,0.004241276123472054
316,0.0177353684981262,0.8901813473718931,0.01652137241681521,0.07147134285743913,0.0040905688557263085
317,0.026883320235567575,0.8436050887229524,0.04426408732899758,0.0672884080404103,0.0179590956720721
318,0.018765230254878848,0.832115668549975,0.1024490809261248,0.03986376094223525,0.006806259326786335
319,0.0371855801944997,0.6293857827465866,0.010563862927547739,0.3114009725102506,0.011463801621115403
320,0.0471695855628192,0.704809894572078,0.023729850127049864,0.21672290924786142,0.0075677604901912615
321,0.055909323221073566,0.5782802083715641,0.013727381864880196,0.34299213020189645,0.009090956340585777
322,0.15752197947227645,0.3134499619772791,0.012633244500631005,0.3695787726699264,0.14681604137988694
323,0.3782939888998464,0.3942938404262157,0.030209494970798716,0.1528466236477413,0.04435605205539798
324,0.33257274130222186,0.20297240402137995,0.00571774445716036,0.0253308426455685,0.4334062675736693
325,0.7520391126584324,0.14869611729414042,0.003354284899133037,0.021565334429248385,0.07434515071904578
326,0.43299387106858983,0.3736884691312586,0.013062833831936484,0.019323441289678632,0.16093138467853643
327,0.377007523179832,0.48091169475651324,0.016838279877239404,0.0064780026545439425,0.11876449953187133
328,0.2445528386950026,0.5707211768314134,0.009736060100558231,0.1522004023321505,0.022789522040875303
329,0.11134947907243334,0.7597716215961255,0.03949518587532758,0.03682093800754865,0.05256277544856492
330,0.26986111528160117,0.5796569835371032,0.007803263591440678,0.08988185399614011,0.05279678359371501
331,0.4081647780825005,0.3696088938758225,0.003893106648804785,0.20464514958613395,0.013688071806738393
332,0.1397535114818385,0.7903838102467474,0.004253584228299064,0.052854523757814645,0.012754570285300535
333,0.18168390080806476,0.6781024840298969,0.004311372174394452,0.12257690822954077,0.013325334758103066
334,0.05032020518382534,0.7453740812167206,0.005550487897123807,0.18680372014557156,0.011951505556758824
335,0.35067883505383407,0.4751286411698904,0.0005754924698247171,0.0734759139101128,0.10014111739633791
336,0.20781495203323488,0.7137044162778663,0.0015010412982404677,0.05830663371863837,0.01867295667201992
337,0.10396107188820085,0.8593241215591755,0.009696130976657032,0.02209543948771821,0.0049232360882483246
338,0.09690951399619566,0.858307604605372,0.016305359374815014,0.021931743139724173,0.006545778883893116
339,0.03802336898432436,0.903357560963022,0.01871106483471948,0.03342510447528975,0.006482900742644404
340,0.008436604049991461,0.9069351706857371,0.05316530094250923,0.028412430025650973,0.003050494296111109
341,0.019780652348359736,0.9190265651975618,0.023259235595926422,0.03534497206185867,0.00258857479629334
342,0.03165404765758737,0.9198924997544786,0.010187226611546652,0.034280880606522825,0.003985345369864565
343,0.009144243374715161,0.8915416015631477,0.0826658062426644,0.014559142992946304,0.0020892058265266156
344,0.028194001840774894,0.9133645903359087,0.022901147825635425,0.031278809346855396,0.004261450650825582
345,0.013674200718032188,0.8900691370054261,0.07642093175810989,0.016707244339686546,0.003128486178745167
346,0.010138330741141828,0.8498219473883561,0.10822092430502173,0.0289984296856026,0.0028203678798778965
347,0.025565150021231702,0.7819864621146358,0.10361643807120972,0.07455003674146561,0.014281913051457039
348,0.2724908448808071,0.4187716378265795,0.005625879612891331,0.21223381100466268,0.09087782667505945
349,0.2567327370028876,0.583720692230356,0.007294800599289546,0.09638785572535156,0.055863914442115206
350,0.3245669016636393,0.62019062154534,0.0019657192576886793,0.03594154635639262,0.017335211176939487
351,0.3123343189773441,0.6358552254913495,0.006221568128782647,0.03773232372063842,0.00785656368188536
352,0.030990191411839035,0.8939526648288737,0.06210958869310102,0.011007058315713632,0.0019404967504724217
353,0.02659816788159072,0.9135772066288708,0.02982952523238815,0.02499115329304374,0.005003946964106451
354,0.01777201009148297,0.9392643140302647,0.0187492853861268,0.021181163137875835,0.0030332273542496508
355,0.008425162560427704,0.8753638106374364,0.09548890057654064,0.017356455280076392,0.003365670945518884
356,0.015807513739788316,0.93346828253622,0.02758750818146715,0.019063608526765485,0.004073087015758837
357,0.010642926882841602,0.9443155391918459,0.027319869330849546,0.015057785378814323,0.002663879215648713
358,0.0027665602730263597,0.6838877016707499,0.307881947299824,0.003022749057912714,0.0024410416984869255
359,0.006846819903696638,0.8520920727025781,0.12482436175191007,0.01230548935151104,0.003931256290304091
360,0.01875099368093922,0.8277623256139488,0.11774248958415458,0.02674691754720551,0.008997273573751912
361,0.02231836915202062,0.8412330078640814,0.10213042452490496,0.026348604538790295,0.007969593920202843
362,0.014430254946753988,0.8712094281185703,0.07079956883069494,0.03569053463097902,0.007870213473001798
363,0.024007021559674813,0.9013248487198068,0.024294187168353958,0.046148164273511864,0.004225778278652591
364,0.02213983592542756,0.9018132231006278,0.04397734998155726,0.028201007038986287,0.003868583953401027
365,0.01074267744357527,0.8263884080199032,0.13278480763236478,0.025157920089933086,0.004926186814223666
366,0.028461519816616695,0.9032622267697694,0.04074552582109366,0.01636243593726733,0.011168291655253026
367,0.29590741129498344,0.44161477095237306,0.004860797377516695,0.04248224622082559,0.2151347741543013
368,0.11457376210063147,0.7714702761654828,0.02045842276227478,0.03228427736803801,0.061213261603572926
369,0.6028710643621806,0.32156841512426665,0.0021092983893569324,0.045286623712085514,0.02816459841211023
370,0.38111474864084327,0.5681149759895687,0.0011341714236613668,0.04026799657237622,0.009368107373550401
371,0.2585247155426356,0.5505699429445436,0.0006278460990740347,0.13683812707780577,0.053439368335940964
372,0.25881718861651903,0.5441986839609121,0.0015524228789255445,0.18060893761321956,0.014822766930423769
373,0.2494512096850134,0.5632920537556899,0.002399424237425542,0.1726405768690262,0.012216735452844952
374,0.2019931433027309,0.5840484192417037,0.002417771863266108,0.18620601193795813,0.025334653654341146
375,0.1090029268538775,0.5940925187575956,0.0004526897582161822,0.2750137685237897,0.021438096106520855
376,0.12731843271065021,0.29886942397575017,0.00019883907926939085,0.5633294968240616,0.010283807410268417
377,0.05768315452726747,0.34820920709852077,0.0003290179822705301,0.5881958553944632,0.00558276499747799
378,0.24110201007446472,0.10721491318618859,9.439180098377853e-05,0.5192485315706622,0.1323401533677007
379,0.1175720664268151,0.14055416133142828,0.0002560077061143609,0.7339579852755117,0.007659779260130757
