epoch,N1,N2,N3,R,W
0,0.013363106281723252,0.00031489046545109636,4.8011377246952825e-06,0.0004778760024142155,0.9858393261126869
1,0.019069693398950892,0.0006854491234049674,6.276316799785684e-06,0.0008902720058530007,0.9793483091549914
2,0.0075840284814446095,0.000246018759803812,2.3553854961049858e-06,0.0002518689417824685,0.9919157284314731
3,0.012305740656972658,0.0004908123808592738,6.0027292582671705e-06,0.001283523353843999,0.9859139208790658
4,0.00594579045800421,0.0005821008779221719,3.673221695696176e-06,0.0006520135728752657,0.9928164218695027
5,0.0038693780862739374,0.00019502505955635405,2.6459729328328378e-06,0.00017613634399841802,0.9957568145372384
6,0.012215043059778519,0.0003246023315276585,2.903509559296134e-06,0.0005510025943161378,0.9869064485048183
7,0.014760856454055313,0.00031325198417529157,3.902384110911696e-06,0.00048404712708068786,0.9844379420505778
8,0.019478340655688587,0.00039772239361671554,5.10099875112866e-06,0.0005951237930489914,0.9795237121588947
9,0.00462098937375138,0.0006507827611932728,4.318055170005857e-06,0.0002548449825652419,0.99446906482732
10,0.08252774571648429,0.002818184799582896,1.9265235212260574e-05,0.005254276170023693,0.9093805280786968
11,0.011894399511231618,0.0005729813181088719,5.991664023542132e-06,0.0014716916335549746,0.986054935873081
12,0.014064358469394403,0.0005670726163999297,3.1587155840273652e-06,0.0017274314054778978,0.9836379787931436
13,0.026718330879815705,0.001042124979936798,6.367505792486763e-06,0.0031742213413002377,0.9690589552931548
14,0.013773553154054558,0.00042159024650881456,5.691716018866615e-06,0.0018389090980975014,0.9839602557853203
15,0.04315003121290546,0.001529756362209492,7.17252352106947e-06,0.003547458768528091,0.9517655811328359
16,0.007594537996711809,0.00030684526685003836,2.866762499804292e-06,0.00107860484141143,0.9910171451325269
17,0.02169951848712529,0.0007114053074656756,4.1850199921298496e-06,0.0018937794583439116,0.975691111727073
18,0.014037850638521913,0.0006044448058119598,4.058091057277638e-06,0.001833540055619879,0.983520106408989
19,0.006393154383461826,0.0002646925749647806,3.4556179188153344e-06,0.0008776013408887678,0.9924610960827658
20,0.04139966228459832,0.0008136414992467472,6.950958277915846e-06,0.0037801843911819204,0.9539995608666951
21,0.11829059585947797,0.0012065672169427168,7.3504902498770415e-06,0.004264619870876949,0.8762308665624525
22,0.1469405105085102,0.005050390312220075,3.0421106205937273e-05,0.011425431501339194,0.8365532465717247
23,0.2165929831325703,0.01105712314923437,2.1667796872345333e-05,0.02695011077762105,0.7453781151437019
24,0.2859038792006969,0.009754745683780217,2.5133320414969268e-05,0.10389347653632863,0.6004227652587794
25,0.30050835362111755,0.060376378937337175,0.00021049320069809016,0.20466294674649896,0.43424182749434814
26,0.30260799602593863,0.0888182150377803,0.0001585597359467523,0.20697994893438532,0.40143528026594905
27,0.3879949576057038,0.11825771085260448,0.00014841574172902818,0.3637637388648574,0.12983517693510538
28,0.24303087504614682,0.029592491921066704,0.00010683291062247544,0.3010128955039387,0.4262569046182252
29,0.19782843102589348,0.1988738260783505,0.0004022233490982957,0.4856953079412632,0.11720021160539455
30,0.10315688160144788,0.5706745919364223,0.001375959202293209,0.08941104257124796,0.2353815246885886
31,0.13774882142852538,0.10542503903508751,0.0004221890761049805,0.30299576216585683,0.45340818829442536
32,0.13787781344976163,0.16995833944607622,0.00027128950851811404,0.25062592493249913,0.441266632663145
33,0.04743667484671271,0.005757681603820611,3.894240884160512e-05,0.08132887507138836,0.8654378260692367
34,0.05514728905299474,0.08576929315091655,0.0004475084895628358,0.03255425217737798,0.8260816571291478
35,0.0077698256970068795,0.001458559740817055,9.625173847464976e-06,0.005493259710204321,0.9852687296781243
36,0.01224535958182636,0.000695698614546127,6.310720673576255e-06,0.0013673415609209035,0.9856852895220329
37,0.0153956690562286,0.0006998563760471884,9.101166006697583e-06,0.0009376802662694853,0.9829576931354481
38,0.07780967034912427,0.0010368309453109065,1.310422011431368e-05,0.001087879668082022,0.9200525148173685
39,0.0782738953326557,0.0016648614940121924,1.4947172871257788e-05,0.0012970496287365836,0.9187492463717242
40,0.029717667014849673,0.0019249132630733143,1.2048473151597232e-05,0.0018152326120242797,0.9665301386369012
41,0.014187740282125326,0.0007695301227648028,1.0640986230601642e-05,0.0015775827856078074,0.9834545058232714
42,0.00046937726417414246,0.00018967384233118553,8.367571810963414e-05,6.880569612011658e-05,0.9991884674792649
43,0.007937994207435036,0.0004667158445976511,8.742691200737089e-06,0.0007537330709618076,0.9908328141858048
44,0.016586366165502093,0.0006536672258708999,9.413650963880332e-06,0.0006650657481956713,0.9820854872094674
45,0.0031552089942352844,0.0010220643728803393,2.7498769464861226e-05,0.0002828676544047574,0.9955123602090148
46,0.0026332740317918787,0.0004826315760268738,6.055603645267799e-05,0.00010491123321963039,0.9967186271225088
47,0.002960606617280766,0.0006082678102384976,0.00033607444541546526,5.00610349963998e-05,0.9960449900920689
48,0.005052187600255654,0.0007815089460984345,4.326620053786603e-05,3.756025901556918e-05,0.9940854769940926
49,0.006014941119011694,0.000350327721007797,3.365407550635193e-05,0.0001503667026416205,0.9934507103818326
50,0.03978780691177627,0.0019392665254684162,1.2897671679730558e-05,0.0006384184600740098,0.9576216104310016
51,0.014144183088238005,0.003192605044906073,3.675919864207876e-05,0.00021733273524834738,0.9824091199329654
52,0.021298199737672944,0.003013171586594819,6.02233439210733e-06,0.000523881342421282,0.9751587249989189
53,0.024602110157875494,0.0010450011511526607,6.9367743355795365e-06,0.0006062465491275868,0.9737397053675088
54,0.15940277878125078,0.0031358686347304093,1.202627383218639e-05,0.004815602205694368,0.8326337241044922
55,0.27888610464864577,0.007749422572208668,2.3046794105432926e-05,0.012871812756712606,0.7004696132283276
56,0.4783976093362301,0.010507121768554582,2.7806282969207268e-05,0.015243077942016403,0.49582438467022977
57,0.6039554990526226,0.013363195137501624,3.0205009639731223e-05,0.04661730977115919,0.3360337910290768
58,0.6129644493349641,0.032111215927310074,5.3855746688044605e-05,0.03751883459765657,0.31735164439338115
59,0.6085906735023815,0.03518342646809848,7.077734863250507e-05,0.16861401014222505,0.18754111253866243
60,0.7099306833652806,0.07072836886650237,0.00011397010074907286,0.09478991348946311,0.12443706417800475
61,0.25871821928243544,0.6232675910906439,0.0008620811733797996,0.04808785168320598,0.06906425677033486
62,0.16906894057479402,0.7756050712507792,0.0013359159436130818,0.018162587283715025,0.03582748494709856
63,0.0418317835414899,0.9307839566025532,0.005813740965554248,0.009555526365739683,0.012014992524662944
64,0.036374760245445135,0.9349638508083223,0.0052870091571906135,0.009007352678672611,0.014367027110369225
65,0.10161136976961206,0.8403921973059814,0.00121396237038652,0.028231665622387957,0.028550804931632135
66,0.033104857701622345,0.9548460861175337,0.0021003747643382423,0.006672976400018787,0.0032757050164868478
67,0.051989790253691985,0.9328219041025427,0.0024963704041871203,0.008738679164363723,0.003953256075214421
68,0.012040924219441454,0.9829985550318738,0.0020383221297002687,0.001300831879299588,0.0016213667396846464
69,0.02478165971646453,0.9645010711390541,0.004832117433597191,0.0032777800375661022,0.0026073716733180474
70,0.01650979978709822,0.9706746812308754,0.009151526612933785,0.001981138657867905,0.0016828537112246627
71,0.008138117922724704,0.9859809616092563,0.0014152328643086225,0.0030007707025191824,0.0014649169011912366
72,0.009594402226625998,0.9725926472490785,0.013903408049462029,0.0013064703855796347,0.002603072089254068
73,0.009721334159472874,0.9833252079908996,0.00211445470096655,0.003215403336163709,0.0016235998124970983
74,0.005002359040065063,0.9612711529573001,0.030945176804633403,0.0010002903277189523,0.0017810208702825265
75,0.0070869985378291065,0.815775719459819,0.1736555498653633,0.00052412336258435,0.0029576087744042734
76,0.006109108792140448,0.8559108057585915,0.13461335185270065,0.0006236961644462856,0.0027430374321212024
77,0.008791119667580862,0.8100839123610842,0.17701744429684835,0.0005859603700287456,0.0035215633044577135
78,0.007334346761915658,0.8681340166174606,0.12063512802615142,0.0002708014495679858,0.003625707144904298
79,0.009599795765521375,0.7572572940696279,0.2293631222338718,0.0003546394657617508,0.0034251484652168965
80,0.009641733488810637,0.9122073293694571,0.07328921604956945,0.0007213407903479917,0.004140380301814821
81,0.006312694479867701,0.5480674863689515,0.44342716187890313,0.0004746115839891527,0.0017180456882884484
82,0.005624942935658111,0.6828437855806551,0.3092266424239236,0.00034809662081235833,0.001956532438950959
83,0.005500397812803829,0.695501497259257,0.2964266190682197,0.00040927252095430386,0.0021622133387652126
84,0.0019898118632158705,0.2993273867629135,0.6970730808604164,0.00017958616135929084,0.0014301343520948867
85,0.0023408672851723124,0.3879138962290718,0.6080647547327386,0.00017678596325630715,0.0015036957897609905
86,0.0053127456802831066,0.46113745156555314,0.5301391516380631,0.00041338319185392426,0.0029972679242468584
87,0.0019452061626310442,0.2686025777642142,0.7279203479330045,0.00017859509617462442,0.0013532730439754829
88,0.002329818338924366,0.32888534745090886,0.6669543553412075,0.00015624108812469558,0.001674237780834636
89,0.0025377901839493955,0.22832903445139716,0.7678855946973379,0.00019098882295652905,0.0010565918443590542
90,0.0012926942709831938,0.3072708196636252,0.6900873064232638,0.0002175809878863329,0.0011315986542415669
91,0.0021550188619251904,0.26901665786596135,0.7277527483859697,0.00013379721575008,0.0009417776703936277
92,0.0013431875177230873,0.26451327838637495,0.7328099557288252,0.0001145713316797827,0.0012190070353970386
93,0.001304556050647636,0.26709822837946073,0.7299160072138985,0.00016680617604409453,0.001514402179949024
94,0.0010188233329308592,0.15464802281544265,0.843330298393536,0.00010891358294610783,0.0008939418751444639
95,0.0005809118182316945,0.14605326492788198,0.8529061820555068,6.590414650517657e-05,0.0003937370518743082
96,0.0027543568902322676,0.33584792224913385,0.6586000237025693,0.00033263701787467347,0.0024650601401898517
97,0.002200338309797858,0.2774546784931091,0.7181915870032898,0.00028079528873173375,0.0018726009050716128
98,0.0008083420653499466,0.24129093074973773,0.756843126047697,0.00011497061670865393,0.0009426305205066403
99,0.0008418031339779676,0.1708577578114534,0.8277889936987756,7.882110347846588e-05,0.0004326242523145806
100,0.0014409440067063857,0.1978959468707356,0.7994076747504673,0.00014409852640518312,0.0011113358456855018
101,0.0008480695100714636,0.16404990843071118,0.834398141022248,7.629761935276152e-05,0.0006275834176166328
102,0.0006546911174657078,0.1299533227516557,0.868792848543885,0.0001337767819961385,0.00046536080499748583
103,0.0011470324568629848,0.19762566415261779,0.7995988810945499,0.00013603446976092587,0.0014923878262083914
104,0.0006843508416994662,0.14580307297757872,0.8530782903300825,7.89793420965282e-05,0.0003553065085426481
105,0.00015184273369765598,0.0799766271145066,0.9197150484758836,4.374997143666909e-05,0.00011273170447557225
106,0.0004894933967475514,0.15007517534275955,0.8488502082831243,9.891580239593886e-05,0.0004862071749724879
107,0.0006961364796366497,0.08056033234694379,0.9181311756094049,7.582146629568835e-05,0.0005365340977189263
108,0.00028360177670988117,0.1381130165876566,0.8610290431126512,6.696894209213209e-05,0.0005073695808902492
109,0.00018294038459250404,0.0956879404291715,0.9037499825034362,4.565424852100254e-05,0.0003334824342787896
110,0.0007592150204047923,0.22055534282719036,0.7771806171839548,0.00027666328334213623,0.001228161685107856
111,0.0003440751403971875,0.11605689304427158,0.8833828465196543,5.779306279823612e-05,0.0001583922328787339
112,0.00023206010447611623,0.1170251378775497,0.8824773106390107,4.700741192362207e-05,0.00021848396703963433
113,0.0004709077360628302,0.14387626830887323,0.854523012044559,3.5277442768044865e-05,0.0010945344677366923
114,0.00033714270113541163,0.09311758086563418,0.9062148019454878,5.702676242217483e-05,0.0002734477253206266
115,0.0005922256195859893,0.1951632343547851,0.8035940479738266,3.0406643319556385e-05,0.000620085408482891
116,0.0003675085382933504,0.14176216185225915,0.8575150210142372,1.6267873876003107e-05,0.00033904072133443574
117,0.00017594984661962055,0.11706056836360595,0.8821074901398042,9.965242480894718e-06,0.0006460264074894344
118,0.0009402699682418202,0.22396071926745106,0.7738369550874824,2.0945167464842785e-05,0.0012411105093598118
119,0.00030338802355790425,0.07138991255793332,0.9277071638791097,1.1456997929090117e-05,0.0005880785414697799
120,0.00035954401739611054,0.10680944545999284,0.8918877539432827,1.225413142523894e-05,0.0009310024479031315
121,0.0002727862160923384,0.05750254320451677,0.9416037615573051,1.2694157347727208e-05,0.0006082148647380669
122,0.0011734090383756991,0.05333043740647273,0.9452162134746467,1.3834692869898498e-05,0.0002661053876349681
123,0.00010819316077297104,0.018380118324519554,0.9813062535057921,5.765193827461423e-06,0.00019966981508787732
124,0.00018272518862485628,0.023820895564284034,0.9756774575822402,9.646904586586496e-06,0.00030927476026427564
125,0.0004536541122762301,0.026481362694372824,0.9726855220311708,2.629900248771429e-05,0.00035316215969235387
126,0.00010146629060296608,0.0261234463460252,0.9734860039682743,7.455391481764966e-06,0.0002816280036155551
127,0.002507730363293889,0.08275636076042174,0.9140409618601432,5.5250671976194816e-05,0.0006396963441647894
128,0.00014433461906924105,0.018764128958446414,0.9807817933872779,7.36157962802407e-06,0.0003023814555782884
129,9.438947718426078e-05,0.02770440670332372,0.9716019205796247,8.592278013269382e-06,0.0005906909618540735
130,0.00022671692952732383,0.022795892050343786,0.9766304004264745,7.260092884031606e-06,0.00033973050077023095
131,0.00021554022138094137,0.03078184500528533,0.9686744991476005,1.4276115754822931e-05,0.0003138395099784826
132,0.00013807744850614833,0.018412846078922022,0.9811158678928361,2.8265220012601546e-05,0.00030494335972328985
133,0.0015815675892677905,0.055545583760267934,0.9423419851798055,7.948149896806064e-05,0.0004513819716907859
134,0.00029592908641234327,0.03281574709487885,0.9665319575251721,1.8538201482825108e-05,0.0003378280920538957
135,0.004712871602180455,0.10954863445598192,0.8846699477112078,0.00011875309023796213,0.000949793140391869
136,0.00037747758906387676,0.03861885630653922,0.9602917139049689,4.797008943042595e-05,0.0006639821099974193
137,0.0014994585585613662,0.035678582372247164,0.9624029773130705,5.142160674453633e-05,0.00036756014937661634
138,0.00017522940897305033,0.019580194998198738,0.9798626593900137,9.640626570163759e-06,0.0003722755762443054
139,0.002214003416585943,0.0618335343437625,0.9352294066551705,7.81076372847487e-05,0.0006449479471963049
140,0.00046838113024442633,0.03822266761609639,0.9607396036617954,4.0360214595296224e-05,0.0005289873772684933
141,0.00029910042941586604,0.03416746984882382,0.9650059612281716,3.590863534910069e-05,0.0004915598582395863
142,0.0008250371341002365,0.06434460586485198,0.9340804444306805,6.48249608911999e-05,0.0006850876094758922
143,0.0007870785430333259,0.043182431429503426,0.9554029443561732,2.78160260208728e-05,0.0005997296452692585
144,0.0010224122376632082,0.052652917403293385,0.9456772900622595,6.784348670022692e-05,0.0005795368100837586
145,0.00039963063273135434,0.03347224859450838,0.9658105502921704,4.476286828370891e-05,0.00027280761230598263
146,0.0010364103982215842,0.053932524069532105,0.9440565682639808,8.39658208450575e-05,0.0008905314474205397
147,0.007081063727454137,0.10538504573843556,0.8843347460684551,0.0014718267052300019,0.0017273177604253715
148,0.014157415789721189,0.19934986595876478,0.78173092332776,0.0015203427421201234,0.003241452181634155
149,0.19336673488580625,0.5735026438092247,0.160319391805227,0.011873941790171514,0.06093728770957049
150,0.5123431064011039,0.355074629732587,0.00864176132205443,0.03332171618203444,0.09061878636222012
151,0.537201137947744,0.3511358250002727,0.005543320754177357,0.0292216394850393,0.07689807681276671
152,0.10310748071519858,0.8475900531174422,0.025508964761290557,0.0063494864791915516,0.0174440149268772
153,0.2744714517336402,0.674679372815025,0.020213572085103288,0.014266713762556622,0.01636888960367498
154,0.24099339092388344,0.6243923485868803,0.0096768460024158,0.03012022028600975,0.09481719420081085
155,0.41568326665394456,0.10391501872555196,0.0014235161491262997,0.15637747136929045,0.3226007271020866
156,0.47560697084463555,0.33353048255083273,0.005153339752900379,0.09451050153756897,0.09119870531406243
157,0.6505935093431857,0.2843880316292413,0.004428643582669738,0.02657536433121886,0.0340144511136844
158,0.2256308279098917,0.7183343110875132,0.01033729061927465,0.0203976514916284,0.025299918891692245
159,0.23639270277210733,0.6153656516407486,0.02448956389496657,0.030730951878181645,0.09302112981399581
160,0.30050566104342824,0.6163077225692407,0.02399604209035763,0.022452915801516298,0.03673765849545716
161,0.10772301768876984,0.8347282698852317,0.013485112012870072,0.019506632364596866,0.024556968048531587
162,0.0781679135352197,0.8829600934675769,0.029147787337124434,0.0019303886981797745,0.007793816961899023
163,0.16603258801649856,0.750089449184346,0.04028820218520939,0.022398005910067163,0.02119175470387905
164,0.02467905746510283,0.9281737625896106,0.04091442604361075,0.0029405205613822595,0.003292233340293627
165,0.17894751711458667,0.6887320206092534,0.04649780717985189,0.021855461341474553,0.06396719375483356
166,0.01274871765318801,0.8353308380054264,0.139810839695355,0.002718877720585683,0.009390726925445082
167,0.02972292850899458,0.7277368468176412,0.23617660610770744,0.0031899598853275704,0.0031736586803292077
168,0.04180272301689331,0.13107051167258013,0.012891266450034976,0.006448009733392575,0.8077874891270991
169,0.3165784320441392,0.4144145693590441,0.020744261950613588,0.03698379543505913,0.21127894121114393
170,0.32342218485747976,0.5683742018170148,0.05309868440961547,0.006311770014068808,0.04879315890182123
171,0.06292755345436496,0.8879395702466601,0.024199063361257832,0.002814924134229125,0.02211888880348793
172,0.3062972353977542,0.6228346988403679,0.015303205207768698,0.013806408462007168,0.041758452092101994
173,0.016193415277795678,0.9523442774084713,0.023412595689142467,0.0030853808746855635,0.004964330749905314
174,0.06736996926421221,0.8395921045702751,0.06387164559901176,0.012439928562942938,0.016726352003558063
175,0.08652564009075016,0.7821928759256008,0.07186699390251511,0.03859137892776463,0.02082311115336903
176,0.015399886171219377,0.8329296436557186,0.1266603920725026,0.005691867062630698,0.019318211037928797
177,0.12515252435885374,0.7968060380232322,0.014487774867166245,0.021531150839673652,0.04202251191107423
178,0.21871894596791175,0.2025114695346892,0.002147571372197058,0.02759980890735425,0.5490222042178476
179,0.43616560526221304,0.4698791606477724,0.0036111739382433225,0.02914872580214429,0.06119533434962696
180,0.49870278311824734,0.286496400595896,0.0031838044762612823,0.016322744664640915,0.19529426714495457
181,0.47860920282667707,0.46480750562348366,0.012628625447447262,0.004420314123278198,0.039534351979113674
182,0.11698779485783499,0.7041788099929973,0.1393344669210773,0.016507650513894682,0.022991277714195686
183,0.03556019559769118,0.7027369881264319,0.2156600467410037,0.019333722871274887,0.026709046663598288
184,0.14401964259102723,0.3570379291920444,0.029689662378541228,0.07387333840221885,0.3953794274361684
185,0.12055001433864215,0.08329450070500259,0.013169876251074481,0.04685886353504058,0.7361267451702402
186,0.23591524780396286,0.3681540045321396,0.016333008771462043,0.07514602885150039,0.3044517100409352
187,0.3560501277486335,0.340388253047346,0.013898538907298115,0.0376017313993733,0.25206134889734905
188,0.3584583160521134,0.4060838526714527,0.022777679768481437,0.03011366218863181,0.18256648931932062
189,0.26051937734794683,0.6560170922011691,0.009274039506396874,0.04293316184014085,0.031256329104346225
190,0.03381686188715306,0.7115857828953853,0.1973670861091804,0.03736563058124294,0.019864638527038365
191,0.10730691005487654,0.7129036448934658,0.014479875985426993,0.11100136420011555,0.05430820486611498
192,0.05337299605777814,0.7095848419293284,0.18465972565489058,0.0349384765593654,0.017443959798637602
193,0.1188394200482933,0.08153689312614251,0.0021057770090419296,0.03739322870683557,0.7601246811096867
194,0.03767321474575727,0.011079116892335514,0.0008358495171187897,0.010586588415956496,0.9398252304288319
195,0.045618008169250636,0.006903059381598917,0.0024677013835035107,0.007916563668773838,0.9370946673968731
196,0.04197718977310977,0.005414122203012866,0.002271301779530791,0.004081197909863744,0.9462561883344829
197,0.07054209719876316,0.02422452029286651,0.003367819081390698,0.07494346762625055,0.8269220958007292
198,0.04776867436666741,0.017380099443560875,0.0019869473838331577,0.0262437138749213,0.9066205649310173
199,0.05627654493273797,0.046437177408934806,0.00645730934564888,0.04961876278378606,0.8412102055288923
200,0.02683476427819586,0.02830729111351512,0.003225777243548491,0.01938128865166148,0.9222508787130791
201,0.03538623861820241,0.048857892548940164,0.001976696373624519,0.013468855926866688,0.9003103165323663
202,0.054356635034373095,0.03715821818625895,0.002807263217268677,0.011083475568296718,0.8945944079938024
203,0.05800385523937803,0.0482892783069825,0.004741410005502638,0.013239882461845345,0.8757255739862914
204,0.1123973430727379,0.04261813044141168,0.0014201392848824633,0.020706657371247824,0.8228577298297202
205,0.034678374719339614,0.043283999059297404,0.0023990597992809707,0.016355838526270403,0.9032827278958117
206,0.040095950133828905,0.037810995736910914,0.002812456004083675,0.018118823296907147,0.9011617748282693
207,0.017841324720684896,0.006007039488272807,0.0016840145872667489,0.006626525635594762,0.9678410955681808
208,0.008355228982352466,0.004132211101142631,0.003079435323678521,0.005530283693449862,0.9789028408993764
209,0.048688350607378965,0.07129028048460484,0.003830288995208736,0.024872975893614428,0.8513181040191931
210,0.027907103456500455,0.04054843492592728,0.0028740750524899293,0.012476872156954982,0.9161935144081274
211,0.01009113670148957,0.0028955004113763827,0.001901082198995166,0.005551359051703935,0.9795609216364349
212,0.004830262504650164,0.0016102020925343298,0.0014891537857896096,0.002961186956001865,0.9891091946610241
213,0.0138889151321609,0.003212564052518638,0.09818468820664512,0.009047686845046083,0.8756661457636292
214,0.011994493773891274,0.004167978513421548,0.2010079697475216,0.007403819783079352,0.7754257381820863
215,0.006650955643936086,0.003726134222835504,0.07810409971911104,0.005805516931063714,0.9057132934830536
216,0.007646343372883571,0.005012404267766694,0.0416839125335611,0.00872074131473525,0.9369365985110534
217,0.010102767171889264,0.0037715495899437674,0.004311878463004697,0.006107637244878809,0.9757061675302834
218,0.010972276597101385,0.002214767095725581,0.05082043170129841,0.0066190614437905415,0.9293734631620841
219,0.01683550622963147,0.0029121425540666983,0.07573905479374142,0.004464341066295387,0.9000489553562651
220,0.03711666292392755,0.011023273268795663,0.10369252529819063,0.017402043283906453,0.8307654952251797
221,0.025832561025260697,0.01032385367496039,0.005021561340262918,0.026323457358162383,0.9324985666013537
222,0.01616857589057028,0.0035792364169361115,0.05820331745366403,0.01977028774717559,0.9022785824916539
223,0.049085438752190305,0.012692809125533293,0.00246747400492132,0.020039090462546108,0.9157151876548089
224,0.11068536586191761,0.026258465122100758,0.0035182854780994605,0.03563271542749965,0.8239051681103825
225,0.09981200090726569,0.014991259290977417,0.0030991684038864393,0.02103184500651397,0.8610657263913565
226,0.15017393059759315,0.03560688266039913,0.007431004013083361,0.05976056504227947,0.7470276176866449
227,0.1455581562275457,0.019184859349340357,0.0013539565201666035,0.03982190870961808,0.7940811191933292
228,0.12975066831380705,0.033041733582559844,0.003656847661730554,0.047967687781512676,0.7855830626603899
229,0.17683275049257868,0.07104740339905871,0.003806544494380998,0.1436518990083604,0.6046614026056213
230,0.08404093243828137,0.05385531997258123,0.0025552554246525403,0.1704245475049013,0.6891239446595836
231,0.09685639525688769,0.0468327086754252,0.003849172606943815,0.30119372784625725,0.551267995614486
232,0.10823575667831754,0.07559683725843826,0.00547821370688442,0.3169908916038116,0.4936983007525481
233,0.09090292981131502,0.15300996676119477,0.011343376512391742,0.5381805089302505,0.20656321798484803
234,0.09977380552714339,0.08003995001018337,0.00491749741009823,0.13242420629001056,0.6828445407625644
235,0.12228622959339291,0.0747798939007465,0.000800867499205594,0.5406608801251702,0.2614721288814847
236,0.3870969317067497,0.19440677399520348,0.0020999977910252667,0.1637587043756401,0.25263759213138154
237,0.5492553355618136,0.12730949285983767,0.0006193703584117795,0.08666180168593524,0.2361539995340018
238,0.38413875784481755,0.3463131369828903,0.004701714830991536,0.13746439778537023,0.12738199255593044
239,0.10071457461574577,0.10407248475738602,0.003269981646160263,0.037268484664433006,0.754674474316275
240,0.02418050777652548,0.030179168556488865,0.001180530417492792,0.00672356461560029,0.9377362286338926
241,0.10663088015362651,0.01503466743551744,0.00015210224588503378,0.018081660205320614,0.8601006899596505
242,0.5986845905780405,0.06189162949636068,0.0003568393861777738,0.06152359887610128,0.2775433416633199
243,0.5394118059436068,0.07960028860757999,0.0026312766908478565,0.07250976957972598,0.30584685917823945
244,0.26520040695730146,0.14997399116421642,0.0023265584833990333,0.235318992179098,0.3471800512159851
245,0.03844892217659151,0.03559920975594878,0.0031165502508272193,0.023699551647012002,0.8991357661696204
246,0.05775698213648194,0.01566323345694096,0.00027095794984021885,0.02277997087294712,0.9035288555837898
247,0.39687527458671845,0.1076105338634434,0.0014956443840747496,0.08352041596849369,0.41049813119726974
248,0.5620172077930696,0.12828566591138707,0.0010040251334792888,0.14009057245558032,0.1686025287064837
249,0.2643047454140458,0.036872777896187425,0.00017942930596962292,0.1052643216018318,0.5933787257819654
250,0.2981926232036783,0.08666579399363354,0.0008939361496679784,0.129986277418741,0.48426136923427915
251,0.2724258325212716,0.24798573899552415,0.0010013171590616333,0.3890719034467059,0.08951520787743686
252,0.3647815084671226,0.311659314705283,0.006909643616761722,0.04618367859467167,0.27046585461616107
253,0.20190409348334407,0.47130231908236214,0.008469626666075465,0.2284453793029006,0.08987858146531785
254,0.10773601642123594,0.2573795919344014,0.0034974062638839505,0.5244600132615114,0.1069269721189673
255,0.39163553412337865,0.20432982221848103,0.0021945333204036145,0.2314531509320384,0.1703869594056983
256,0.050528397686993,0.6483043765707553,0.00830548443299969,0.2696229339208698,0.02323880738838221
257,0.08655225879157906,0.12044400069723078,0.0012469555839990725,0.711715526204608,0.08004125872258316
258,0.13569796137634715,0.0809970898624436,0.00032231170735163016,0.7614758077953335,0.02150682925852411
259,0.056507818576169364,0.8275231912899288,0.007648530049477715,0.10298199948706127,0.005338460597362905
260,0.09774711762539305,0.08749033499566279,0.001046259204422547,0.7378805959484539,0.07583569222606763
261,0.09277158502469383,0.39114650333554013,0.005186788350720219,0.4237199774446376,0.08717514584440818
262,0.13076849014226694,0.05049301221634683,0.0003277574869101092,0.5303029460998075,0.2881077940546686
263,0.36193500863878186,0.4589187596822004,0.0011800830484410788,0.13316950710134023,0.04479664152923626
264,0.17545221489785537,0.6678059497839777,0.0003229824542858928,0.14206402288973674,0.014354829974144261
265,0.20181161176866816,0.6693062355791933,0.0014850910744124786,0.09677106662493364,0.030625994952792533
266,0.032498143862811336,0.898490935811034,0.0011064781911717485,0.062309092535739984,0.005595349599242895
267,0.02853027531441728,0.892034057820748,0.0007289054632376935,0.07567552168890346,0.0030312397126936994
268,0.020762161371189202,0.9280142633402195,0.038421595516286336,0.009431679602084665,0.0033703001702203032
269,0.17167926697257777,0.4718236560099071,0.003396374199897629,0.09714880737520828,0.25595189544240926
270,0.455835840495899,0.0660881275622874,0.0004435082531893676,0.3088987620339646,0.16873376165465973
271,0.25200207463018703,0.4168446855721021,0.0012064741037832508,0.20606952803807876,0.12387723765584877
272,0.2752951257142304,0.4716897981168707,0.0007038883298322485,0.14832207930406982,0.10398910853499681
273,0.18649373960446272,0.3119732724846333,0.0010924030668769621,0.11612597578938283,0.38431460905464415
274,0.025919394001236922,0.026689341252678335,0.00029045461095368,0.009719597876475836,0.9373812122586551
275,0.01626735614036005,0.016197063926968697,0.009022451274131116,0.0030738606900236353,0.9554392679685165
276,0.02014828055184005,0.0036612501253243004,0.001519714576589018,0.0041919329958173615,0.9704788217504292
277,0.015344540917727719,0.0031267691015724806,0.0007359762783318275,0.002414957358877635,0.9783777563434903
278,0.011278085332622933,0.0022511795431240495,0.0009649120060087451,0.006380245531967002,0.9791255775862773
279,0.09078738257097486,0.011955544715979408,0.0030111420093285875,0.03199464089309413,0.8622512898106229
280,0.21151062819358105,0.03861341992918628,0.0013041909561895635,0.03119714923717089,0.7173746116838723
281,0.3690598374761289,0.1990575256374664,0.001235072494241578,0.07776734050482578,0.35288022388733736
282,0.27838179761746257,0.2913894171872072,0.002814231282532929,0.09342824263081466,0.33398631128198275
283,0.1291162023941114,0.7207845907826411,0.020718945023140357,0.049050959775871164,0.08032930202423606
284,0.06044479733876742,0.9072737255136945,0.001494991499041909,0.02196219843509606,0.008824287213400252
285,0.09396695809607579,0.8340046614598702,0.0006386288877730523,0.05935188505858711,0.012037866497693896
286,0.04963966522343508,0.8978250621558137,0.001296784664431814,0.0471890358682957,0.004049452088023373
287,0.026656946586801882,0.9575412279761631,0.00343034845748055,0.00920813919811658,0.0031633377814376863
288,0.10413240902729323,0.8417899342932077,0.012150863577646413,0.03531070325140934,0.0066160898504432145
289,0.029081851107431115,0.9451567795754762,0.01815792410357379,0.006130925239333626,0.001472519974185276
290,0.02262026945426698,0.9627856084358404,0.0074301832803040715,0.005624287447604161,0.0015396513819843833
291,0.00937181056681775,0.9731369780579894,0.007720510528065838,0.008518888893489847,0.001251811953637286
292,0.010304141150902679,0.8938645490500046,0.08324135527732529,0.01108900435164507,0.0015009501701223732
293,0.010506783871926825,0.9649199546992785,0.014494357125965963,0.00896395552725643,0.0011149487755722888
294,0.021288632719652895,0.9693332389651363,0.0008726943807272311,0.007721497059660371,0.0007839368748230352
295,0.006719410480002997,0.9748301838673892,0.014234589644110453,0.0036966978405417734,0.0005191181679556905
296,0.00976839149721342,0.9767150313869862,0.007900861682033302,0.004613412212780254,0.0010023032209864472
297,0.062576343134595,0.9030536447053489,0.01323655980281528,0.007707364792371527,0.013426087564869384
298,0.025993123490052446,0.9595259674268455,0.008428913753313722,0.003905955794222505,0.0021460395355657955
299,0.008598134840602298,0.9837762418433484,0.0053559168448931,0.0012938344554962742,0.0009758720156599741
300,0.020369601654020186,0.9708896349207107,0.005407980385982752,0.0016827240298549458,0.0016500590094314681
301,0.0027944901505902583,0.9862382816989645,0.009093137578921672,0.0010099901611615027,0.0008641004103619595
302,0.004286963370728594,0.9525067862727825,0.04159303616671121,0.0010021896757693833,0.0006110245140081923
303,0.01177187098258191,0.9567593198874732,0.027045248061695094,0.002861997815860951,0.001561563252389059
304,0.0028808536540625073,0.8958802836805934,0.09930863710713567,0.001209507532271051,0.0007207180259373945
305,0.003944076118326327,0.9313238538411848,0.06208622010553724,0.0018000517739517404,0.0008457981609999376
306,0.0025356179789533906,0.9598490962366583,0.03593959548029539,0.0010100030347870133,0.0006656872693061686
307,0.0023203181352844863,0.7050735255653878,0.28931308760908264,0.0012258820265713662,0.002067186663673706
308,0.002803111825224729,0.6613566961587927,0.3328997888252721,0.0011046636253485168,0.0018357395653619006
309,0.03151956512565513,0.8307303734253032,0.12537523328087657,0.003995746259203706,0.008379081908961541
310,0.0022680363676854188,0.9648781512653841,0.03171377473201961,0.000441013259623747,0.0006990243752870468
311,0.003118305955692008,0.5899574746465824,0.4055798448716453,0.0005175239092574468,0.0008268506168228691
312,0.009134921785701524,0.7829642745528881,0.20275027109367616,0.0014648912584023883,0.0036856413093318678
313,0.004816151354737815,0.5110751486697844,0.4825920881575697,0.0005511166980593627,0.0009654951198486408
314,0.0009878553481026085,0.39674192843104233,0.6007852552736319,0.00041287687433354855,0.0010720840728896761
315,0.004058434343151973,0.5160976519980275,0.4757950770181633,0.0017581363794267615,0.0022907002612304315
316,0.0035103372771108092,0.47591646365226187,0.5153056266981684,0.001432822075140952,0.0038347502973179333
317,0.0022198858372508242,0.4339050888284711,0.5610438973115378,0.0009352287356236068,0.0018958992871165564
318,0.003104243140209758,0.7050878159451895,0.2853677976653866,0.0008504652278106672,0.00558967802140352
319,0.0031286127050630477,0.5801288349115277,0.4133510929562814,0.0006223982853781939,0.0027690611417496218
320,0.0006646905784389464,0.20793517360796474,0.7907839739339042,0.00013585925930571495,0.00048030262038634955
321,0.001868438894991394,0.39615764880545945,0.5988440727616612,0.0004649851082417121,0.002664854429646151
322,0.0015146046020974185,0.20655989839614458,0.7907301723645136,0.00041484947469557767,0.0007804751625489889
323,0.0021576848089925075,0.46272261311474294,0.531341351243202,0.0017303976765164653,0.0020479531565460785
324,0.0015578333889546905,0.32032207676366187,0.6752257660353134,0.0011175160171238068,0.001776807794946313
325,0.011419278095514218,0.5863446573916999,0.38324656103210974,0.01152832180620956,0.00746118167446652
326,0.17359169896298418,0.6021937692103678,0.017970588431583234,0.18054535240658784,0.02569859098847697
327,0.1882764083824392,0.39026922897292726,0.004476441283969583,0.3665986630913698,0.050379258269294326
328,0.2990260888117245,0.22424725141195234,0.0009661745332296953,0.45706786761130214,0.018692617631791513
329,0.04262894935259819,0.03529159455662165,8.195694933549411e-05,0.9169303769353097,0.005067122206134896
330,0.03284434876666077,0.02913999779180816,0.00011122426262165193,0.9340528416116137,0.0038515875672956077
331,0.02118550632295931,0.03107338813209112,9.230086080146786e-05,0.9437291332657084,0.003919671418439809
332,0.015259565291035278,0.033432367666031734,0.00015268925560306523,0.9467385260707436,0.0044168517165863305
333,0.0089556967567414,0.016290002511641467,6.771840261469567e-05,0.971946362057399,0.0027402202716033048
334,0.010198494014077837,0.022947203723127196,0.00018395712920591062,0.9607872366635315,0.005883108470057447
335,0.011936843390463256,0.02805169229800532,9.528356064927634e-05,0.9536772981885063,0.00623888256237579
336,0.010558342707254111,0.010241028572764089,4.654265774341847e-05,0.9751809205834547,0.003973165478783488
337,0.009903585352057724,0.012398149019554393,6.0834983315254655e-05,0.9730416775628985,0.0045957530821741244
338,0.007764570348093142,0.007585016112807915,2.7374698238465113e-05,0.9821185047820213,0.0025045340588392482
339,0.015405501113402826,0.010726145070972847,3.57793691883688e-05,0.9712903761198523,0.0025421983265836038
340,0.012589593336448018,0.008519362964381667,4.560646810224322e-05,0.9720922982107828,0.006753139020285231
341,0.015277271895788393,0.006457562974385148,2.775425215831278e-05,0.9751219185656367,0.0031154923120314416
342,0.02094545517669866,0.012052497481520643,6.868029696141458e-05,0.9622134125762064,0.004719954468612962
343,0.020236979845100648,0.014795745246480323,8.135790621430202e-05,0.9586670804441142,0.006218836558090295
344,0.013257452814658791,0.008394618941314096,7.199419194546393e-05,0.9739374940096747,0.004338440042407151
345,0.0066345680813495005,0.005070796583989642,1.7132351531381052e-05,0.9859875093199607,0.0022899936631687774
346,0.01131957663029517,0.009058437349922644,4.1682618287497526e-05,0.9728055011859691,0.0067748022155255175
347,0.011085998006636974,0.009068623062418747,3.4694542159309794e-05,0.9752109024599782,0.004599781928806828
348,0.010883255849350185,0.006233149865004837,2.149627074456389e-05,0.9806763036622345,0.0021857943526660574
349,0.01904489991240478,0.011510815945505034,2.0308816590330642e-05,0.9562116074881704,0.013212367837329566
350,0.0374599261229574,0.014512468286226286,5.0322960161010856e-05,0.9429550946617402,0.005022187968915071
351,0.029290460239101788,0.008902279670030135,4.887382515922331e-05,0.9565465047554064,0.005211881510302598
352,0.015493189780499392,0.007202332764361409,3.165061058859937e-05,0.9740636675368038,0.003209159307746873
353,0.01363058204377662,0.011483359926263972,4.3194326938644756e-05,0.9684868616786759,0.0063560020243447965
354,0.013846362169749061,0.011051710618962651,7.012147767637166e-05,0.9640467989208087,0.010985006812803427
355,0.011483889806186361,0.01091656328151,3.452570229454808e-05,0.9651445766693696,0.012420444540639546
356,0.030281581764964014,0.006871586368252585,1.644164556896291e-05,0.8884436222948274,0.07438676792638702
357,0.09125376344071609,0.012286392843554261,3.2050626986898774e-05,0.8575378809030021,0.038889912185740616
358,0.11519700168160862,0.013184534162771554,2.9850885604744805e-05,0.8425795003255363,0.02900911294447877
359,0.09112773195102943,0.019631683772469145,9.976706916934816e-05,0.7428810918199983,0.1462597253873338
360,0.017322894247931726,0.006536208135908136,4.344423985813149e-05,0.9628691407551523,0.013228312621149577
361,0.015725519464509143,0.006072559831807673,3.3028229754106605e-05,0.9673777398960148,0.010791152577914265
362,0.024541212270077734,0.006352477753407086,4.183061161552372e-05,0.9481935645073254,0.020870914857574304
363,0.01832362230225572,0.009697591619532223,2.0467649395031665e-05,0.9645654807382199,0.007392837690597139
364,0.03293872925852895,0.013202441498675868,5.009717286875309e-05,0.9470644009490145,0.006744331120912123
365,0.13631384687667028,0.029802871999055697,6.644595572807973e-05,0.7769926114564898,0.05682422371205613
366,0.3925115402111424,0.08449059399187948,0.00010688861153542947,0.4637434343245126,0.05914754286093005
367,0.3479381076525381,0.0662047301477094,0.0011008089149456104,0.5059259902907638,0.07883036299404309
368,0.3025292977830737,0.18734642670529614,0.0013360892138203693,0.35606672467073075,0.15272146162707914
369,0.036934151237669396,0.07539751430516836,0.007665205529697154,0.04081226127417483,0.8391908676532903
370,0.03902907666969252,0.022014147637275407,0.0007698216268335937,0.007647545261694703,0.9305394088045037
371,0.01961968232739743,0.006497841932726779,0.0009144906139565769,0.003111633186295648,0.9698563519396235
372,0.07041237907305144,0.031048524717414594,0.0018975293013624938,0.021575603072434446,0.875065963835737
373,0.06855208346519236,0.016180123816934854,0.001218755665236581,0.008122334799129764,0.9059267022535065
