epoch,N1,N2,N3,R,W
0,0.027071244599003282,0.0005741428464873413,2.7323489377244144e-06,0.0004101396442643899,0.9719417405613073
1,0.06654436869112869,0.002730191907460921,4.2484471740364504e-06,0.0009072147317676116,0.9298139762224688
2,0.17350723309615343,0.010427448728105847,7.516826229358437e-06,0.0019507467263177377,0.8141070546231935
3,0.08613233826694876,0.003204901744416233,2.4287387119804856e-06,0.001215445615273296,0.9094448856346498
4,0.0016039959014222387,0.0006404380088659773,3.4597587506408105e-06,0.00015365527422173304,0.9975984510567395
5,0.0015149512342101496,0.0004669601847481471,1.429769249646807e-06,0.00011989942746413253,0.9978967593843279
6,0.018143667483992564,0.0021689531505020778,1.9148836666124085e-06,0.0004130885290745791,0.9792723759527642
7,0.013321536350038852,0.0028544952292761856,1.3032671102872394e-05,0.0003114228667819958,0.9834995128828001
8,0.013084730615059445,0.0014793367908300867,4.940247731570205e-06,0.00035204026126848577,0.9850789520851104
9,0.01443612191969804,0.0022140639954477057,1.630010029636658e-05,0.0007259468011265344,0.9826075671834312
10,0.01003062527869919,0.0005821502459264217,1.8757584234521818e-05,0.00033625387437548863,0.9890322130167644
11,0.08500540482107803,0.004569299028829959,1.096679941229715e-05,0.002228172425694137,0.9081861569249855
12,0.013320059216003476,0.001931560236027902,2.172461853178413e-05,0.0016033152943271101,0.9831233406351096
13,0.026310890716720076,0.008546435136394283,0.00014810357990187697,0.0026233934352552207,0.9623711771317286
14,0.049674786556631614,0.040699317782691584,0.00011198011388782385,0.008678935559778769,0.9008349799870102
15,0.014658476013058691,0.05270350732987277,4.092588793214599e-05,0.013357471669158431,0.9192396190999779
16,0.022666053477233154,0.0393301475364344,9.40171409140671e-05,0.01830337933473196,0.9196064025106865
17,0.010894470179605101,0.01759872465552476,8.671946650750955e-05,0.004165418894951785,0.9672546668034108
18,0.07101080445941488,0.3113166757826535,0.0002176460553618552,0.0661529365660403,0.5513019371365295
19,0.08593227216271107,0.387078061980901,0.0001362956994743066,0.08664201689174277,0.44021135326517086
20,0.011086588497340235,0.005946431729019727,8.759890449551226e-05,0.005849431063932746,0.9770299498052119
21,0.013725147272663834,0.0020864028528782322,1.2659042018201935e-05,0.00433212221005167,0.9798436686223881
22,0.30973189083368263,0.06407547921384882,6.825483900747996e-05,0.054608909549373134,0.5715154655640879
23,0.31699789143289275,0.18971236533568267,0.00013749429569485255,0.027967161054048287,0.4651850878816814
24,0.3153635421995715,0.11165702301907643,6.342107399675785e-05,0.03482771285167224,0.538088300855683
25,0.13120996069691152,0.18579742071032698,0.0007331135069188166,0.04988076571685582,0.6323787393689868
26,0.06945424786434369,0.13746913359622756,0.0004405426364868785,0.025457563115036153,0.7671785127879058
27,0.00518187223865805,0.00794671992917326,0.00023635935287499374,0.0023385349332143727,0.9842965135460794
28,0.20370394413448945,0.055662855463477566,2.0238164958872786e-05,0.06446080875817366,0.6761521534789005
29,0.03479103245132324,0.017108807892848795,0.0002970155949076517,0.0242252895336505,0.9235778545272699
30,0.002284729134540412,0.0016471897728911875,8.895557955717416e-05,0.00024565637774292377,0.9957334691352683
31,0.008287987532496507,0.0029925611931026913,3.424328978993384e-05,0.0022638744587037732,0.9864213335259071
32,0.003281335000761772,0.001382031079726384,1.8872680743146784e-05,0.0008251355695536465,0.9944926256692151
33,0.191795181901868,0.014471418184917565,2.650979555646521e-05,0.00526297372974341,0.7884439163879146
34,0.22602408307694372,0.005502588239872283,6.343430994964829e-06,0.013268817496584468,0.7551981677556044
35,0.2711248736386566,0.029243015625932043,2.4011126237070206e-05,0.024488133257461582,0.6751199663517126
36,0.13139665939944553,0.06873960450827768,3.996282144422703e-05,0.024429770109923615,0.7753940031609089
37,0.18983928481117282,0.12308460693521665,4.9347359796197495e-05,0.07850216061207024,0.6085246002817439
38,0.11624823967626884,0.2875748012411264,0.0001756501127135468,0.04061440241221641,0.5553869065576748
39,0.08304464023044573,0.21587029950549802,6.0241309327844665e-05,0.053988084079744966,0.6470367348749834
40,0.09487933363602642,0.27783236886195506,7.914471193295652e-05,0.0408905404337294,0.5863186123563562
41,0.03561342808031977,0.3418548801151008,0.0002279955380754943,0.0073648503642124415,0.6149388459022915
42,0.004233010563145849,0.0070666326625570776,0.002955310968992087,0.0013679156450227819,0.9843771301602822
43,0.019933363547958223,0.007067726560413145,1.6526870445629255e-05,0.005792256500476948,0.967190126520706
44,0.0066269667191579205,0.0012199867676211792,4.2851578277275044e-05,0.001129942691154309,0.9909802522437894
45,0.0024877549285510707,0.0007397785876522375,0.0012178698863716676,0.0004493116891652022,0.9951052849082599
46,0.058332720092065325,0.0014110781503387712,1.6558545314118319e-06,0.0015148904394972817,0.9387396554635673
47,0.012632577573518962,0.002857978148652088,1.0004990954443155e-05,0.0003595991104710916,0.9841398401764033
48,0.29398674294726435,0.015812749362576248,9.090601853636308e-06,0.0053927498867200035,0.6847986672015858
49,0.23559149150891803,0.09673129283163913,6.278215239981351e-05,0.015383704022715073,0.6522307294843279
50,0.18767695576798127,0.22273765226906483,0.0001276025776501275,0.038672603696210874,0.550785185689093
51,0.06438591366358719,0.6963395189704616,0.0003560585155637674,0.018215090089024066,0.2207034187613633
52,0.07765127703076183,0.3389180684018161,0.000427945281405232,0.026625027964369805,0.556377681321647
53,0.17473564540970443,0.4301432690205902,0.00018592829661511265,0.05006798682676754,0.3448671704463228
54,0.3713850130802013,0.28323367980083547,0.00031515431356299843,0.0997988576841254,0.2452672951212749
55,0.126443284046131,0.7020478085169742,0.0014867794565324285,0.0035549717195643717,0.16646715626079814
56,0.09745751372766116,0.3792476948535258,0.006714424715619384,0.013606200659529928,0.5029741660436637
57,0.07982229130012887,0.7019628444993681,0.005090520747977917,0.008160889164335529,0.20496345428818957
58,0.06539508072975057,0.2267704129957011,0.0026142085148477337,0.007503928706115789,0.6977163690535848
59,0.03563233228809905,0.02011545649735702,0.00011585138872041923,0.006658830428647065,0.9374775293971764
60,0.04367970669426131,0.048681598463022405,0.0002585072980645944,0.0023568265614658337,0.9050233609831858
61,0.08629488894247547,0.09474551113951003,0.00020590786843162717,0.006317135516675903,0.812436556532907
62,0.01935825906148642,0.08545111430633816,0.00025790065432234493,0.0038197420319326463,0.8911129839459204
63,0.003689847196025831,0.0022381007047517824,7.410010573940706e-05,0.0003425124644899566,0.993655439528993
64,0.0013059000715095206,0.0008390507865011837,2.601809280513171e-05,0.00011983053713409729,0.9977092005120501
65,0.0013462478635224596,0.0009115051811731616,6.483083043961653e-05,0.00010787746445630341,0.9975695386604085
66,0.0024361119470619965,0.0012461610520828669,7.514930511771679e-05,0.00018036441037926285,0.996062213285358
67,0.003897141928222465,0.0010728302002829648,0.0001563031179964732,0.00010614569331940897,0.9947675790601785
68,0.001023809543573306,0.0002921986786574704,1.3169661090118719e-05,4.986010984317256e-05,0.9986209620068358
69,0.0009390175298868876,0.0007406444958738701,3.734366435018264e-05,6.297334979822567e-05,0.9982200209600909
70,0.001685993800941391,0.00029518477834488245,2.6124841488680016e-05,5.209254448887161e-05,0.9979406040347363
71,0.0017349893702332442,0.00031314187928202194,4.3879998453293776e-05,0.00011167061938114221,0.9977963181326504
72,0.005139816893120559,0.0006737342207406847,6.70119319890832e-06,0.00015764841714166638,0.9940220992757982
73,0.0012701926486367863,0.0006106906065229795,3.397953619306486e-06,0.00012374446897600903,0.997991974322245
74,0.07547878735377837,0.005567039323253139,4.372270922781062e-06,0.0009689131665145008,0.9179808878855312
75,0.12032472018191594,0.006424945710622718,1.1723454912589136e-05,0.0016547794213745393,0.8715838312311742
76,0.027688822224420907,0.010556939158539433,1.5666004034202723e-05,0.002432621594669119,0.9593059510183363
77,0.09521284209656929,0.023740892825535674,1.1838633265209623e-05,0.022769841412457484,0.8582645850321723
78,0.06492567269277247,0.01565765792897073,1.5112018383338167e-05,0.07719618747739931,0.8422053698824742
79,0.015358465857064164,0.005414606614995595,1.3410471642489038e-05,0.008763832562482074,0.9704496844938156
80,0.08554785759456662,0.007044396862357794,5.032193496426047e-06,0.029870237520313234,0.8775324758292659
81,0.31826265978386803,0.10739195228235209,0.00010209976550119547,0.1764502435736636,0.3977930445946152
82,0.3654967313182738,0.15535936322780763,0.00040722870467465585,0.1137620427827696,0.3649746339664742
83,0.26849845403137107,0.36573553682692483,0.0002525264888064312,0.08830864000435923,0.27720484264853834
84,0.11367419293125072,0.4010171746513346,0.0028791739542282212,0.05216624582245914,0.43026321264072726
85,0.053183662499270964,0.7257412150292659,0.0023188172879115765,0.04768755719221749,0.17106874799133412
86,0.016298236993265762,0.011531839469599918,0.00047184933499682904,0.00381581863713114,0.9678822555650064
87,0.06707119314303044,0.042704602017629656,4.72073135758568e-05,0.07217764736055504,0.817999350165209
88,0.16080589442659807,0.3966431430429096,0.0005040381453406621,0.17863086718457205,0.2634160572005796
89,0.11642573223864673,0.4824281013238393,0.0006015402563808241,0.09525998636921826,0.3052846398119151
90,0.3011898311436591,0.22084466992237334,0.00013692514512848338,0.21057551637564131,0.2672530574131978
91,0.018713622465100232,0.01888843048717059,9.376124610182774e-05,0.004728791570956648,0.9575753942306707
92,0.18023846379243,0.08156913730830558,0.00019460041926219475,0.06992881969735168,0.6680689787826505
93,0.2555647486510434,0.39198017381837674,0.00012415585718480657,0.12084624713234442,0.2314846745410507
94,0.3665524841414096,0.2817039885836423,0.00040818991284161343,0.15742956656974283,0.19390577079236349
95,0.0663629804825205,0.04060628254759284,0.0007752775456524405,0.009498425410710864,0.8827570340135233
96,0.14446457717366692,0.537063046403907,0.00028736004813066895,0.06269406789814942,0.2554909484761459
97,0.1549879386237991,0.7013931640076007,0.00042059620498195195,0.01207965703639993,0.1311186441272185
98,0.11847082148209734,0.8011390046948346,0.00012392852855404245,0.010702521124778376,0.06956372416973564
99,0.12411793401362971,0.8059464548505625,0.0009887479944929124,0.0174327519669423,0.051514111174372684
100,0.021109595568707763,0.9674656684639528,0.001237019089274201,0.0022399249101101087,0.007947791967955191
101,0.011066048633048534,0.9674905366174662,0.00481239718009117,0.002578666846083672,0.014052350723310231
102,0.009005592951240171,0.955465643279968,0.02845788147829853,0.0007755004707781258,0.006295381819715262
103,0.008630603448262863,0.9555514724133151,0.016696064327212476,0.0007666174604994626,0.018355242350710257
104,0.004287329906165653,0.738765695036005,0.23696485769311132,0.000370344767307855,0.01961177259741012
105,0.0024248432828150204,0.3971457513265969,0.597804495167098,0.00011159968037997061,0.0025133105431101874
106,0.004544222613662506,0.39326017526017787,0.596167605730611,0.0004350964200943903,0.0055928999754543945
107,0.008400418104632986,0.6469801168836095,0.33630381340836324,0.0003382185775258042,0.00797743302586848
108,0.0018689593753830227,0.2770312821436439,0.7165182520442345,0.000249906220746429,0.004331600215992165
109,0.007197496480136803,0.5221886842125681,0.4637901624987775,0.0006729766406906723,0.006150680167826875
110,0.004036095215439935,0.41661449562286296,0.5768031148716558,0.0004533761849515518,0.002092918105089786
111,0.0032143058884500394,0.320925143850455,0.6621485348392708,0.0007290349292217611,0.012982980492602499
112,0.07156371896578236,0.7863636859185389,0.07724491095009424,0.013787120582326803,0.05104056358325762
113,0.1470360059534518,0.3121507960205903,0.01092581855143614,0.00413996349038718,0.5257474159841345
114,0.10934628947270755,0.8555977731773589,0.0037359952024248132,0.001473790602356239,0.02984615154515241
115,0.07388409420428042,0.816429047328235,0.0903195090231662,0.000355424705265315,0.01901192473905297
116,0.09448028298218948,0.8746755074631168,0.00899194397002611,0.0007024222530524574,0.021149843331615042
117,0.020184613168968586,0.7983553302589205,0.17179102224578646,0.0006299301319889788,0.009039104194335493
118,0.0018267755716911476,0.18813658632396188,0.8081707680832932,0.00010427299087911745,0.0017615970301745677
119,0.0020782543152015826,0.379340143729424,0.6159311420390637,0.00018487238112113735,0.002465587535189521
120,0.0010697796498963892,0.24939743341295145,0.748519284679268,0.00017659820796149436,0.0008369040499228474
121,0.000636296118266237,0.1752081872385276,0.8231183063198478,9.143717134909558e-05,0.0009457731520093127
122,0.0010013622232363697,0.15318196633145587,0.844501135391025,7.595819763223407e-05,0.001239577856650673
123,0.00047675921118513036,0.09072058343511304,0.9082586912168646,2.2239860555940216e-05,0.000521726276281471
124,0.0004904950565863841,0.08598852930848713,0.9127410729889605,4.2165666426090995e-05,0.0007377369795399518
125,0.0009262692299054053,0.1346316471710832,0.8632865543230165,0.00018439022966349638,0.0009711390463313269
126,0.0003135552140763367,0.09643262693555896,0.9024560765058816,0.0001651562640791342,0.0006325850804038768
127,0.00023566097028767465,0.07627427059852217,0.9227825682166584,0.0002803068980592655,0.00042719331647264537
128,0.0003724603430556589,0.07653736236849507,0.9212720525556198,0.00036477933398288125,0.0014533453988467425
129,0.0014313485084578126,0.09131855283287285,0.9044096500301306,0.000959153234943927,0.0018812953935946224
130,0.024899212242866557,0.45594754201261667,0.4380775517023233,0.004626841271704252,0.07644885277048906
131,0.016852407146466988,0.1182212271963565,0.03846344453694211,0.0005988186727291709,0.8258641024475052
132,0.2665780564907985,0.6539189846294197,0.0032129611353947022,0.01251968646578315,0.06377031127860394
133,0.19549890032603082,0.7533324339130347,0.009130079981750283,0.003967530544910116,0.038071055234274
134,0.12195842677815903,0.767378999469857,0.020182078798169512,0.012211489352182267,0.0782690056016322
135,0.06075069562960093,0.8535095202455801,0.009805928530729735,0.03763147261957491,0.038302382974514305
136,0.12982653211154874,0.7209706363391823,0.005601186312999104,0.05753393474256065,0.08606771049370912
137,0.04646933300113218,0.1993566020183227,0.00566278147517866,0.026976606510530646,0.7215346769948358
138,0.16876404025595293,0.5616794873810509,0.0028046986108659668,0.09909303664246139,0.1676587371096688
139,0.17524577055743792,0.5529353405499844,0.0017350326593468196,0.13797739018326932,0.13210646604996149
140,0.20433594722298143,0.5184914788714212,0.0018058449444580548,0.20500989911428108,0.07035682984685818
141,0.048936825460127564,0.7972567774131848,0.0009351310363299068,0.08640064371903752,0.06647062237132009
142,0.048236767637075836,0.13017142768955003,0.0032738576822136122,0.08290872398267607,0.7354092230084844
143,0.051162198271754535,0.02894434879404198,0.000247479416940855,0.05098782892039769,0.8686581445968651
144,0.24728217808499975,0.35364399915744577,0.0009817402848014672,0.20159979611517162,0.19649228635758148
145,0.12055583622459173,0.38901795624590535,0.0011139852065591648,0.07148942813250857,0.41782279419043516
146,0.14816607541637392,0.06684770532683858,0.0001717813538691311,0.07258350080302217,0.7122309370998963
147,0.16927962328675394,0.5989345184637044,0.0007327678311903708,0.11892804716601638,0.11212504325233506
148,0.14540701778458312,0.7254238767758073,0.00037154855762740673,0.054349547685116045,0.07444800919686621
149,0.16478068954629999,0.7139848873636364,0.0010217373901253745,0.06927111879346068,0.05094156690647757
150,0.04196895005661947,0.8639955234717274,0.007277249791496618,0.030380770082273835,0.05637750659788266
151,0.029968138541214526,0.9083462452109959,0.0018801099214683981,0.041598653862184205,0.01820685246413685
152,0.017832079474191315,0.9653323208612705,0.0034545174402136974,0.0057307499570731,0.007650332267251257
153,0.03144091012070329,0.945899667889559,0.0037852802038428157,0.009593861930905988,0.009280279854989066
154,0.029577818876214513,0.920167577894832,0.031170190270422712,0.00254914439827068,0.01653526856025993
155,0.013656662408153726,0.8841214110456593,0.09119108852406362,0.001180372992203107,0.009850465029920034
156,0.007222918084361652,0.8445954745926509,0.1410806106490927,0.0010924257123500838,0.00600857096154472
157,0.005659654009297558,0.6943760809216947,0.29329613365648277,0.0006588860395360716,0.006009245372988899
158,0.00783718098456194,0.351322152248646,0.6284678388804711,0.0010581486011004928,0.011314679285220414
159,0.016324017468658917,0.8156128732691238,0.1587411407673786,0.000904825319393884,0.008417143175444586
160,0.0091508656094884,0.9745380735874632,0.008599338654523461,0.0007383445842081599,0.006973377564317025
161,0.01218539152213346,0.770856262191222,0.20586444723444206,0.0008190396724936682,0.010274859379708866
162,0.009989748776880915,0.5898660521918403,0.39430673300997604,0.0005360110225752704,0.0053014549987273315
163,0.004891415909336017,0.5788369712725562,0.39954774055708997,0.0006052842105991729,0.01611858805041867
164,0.003828681792017339,0.419436984789127,0.5614312420565991,0.001290570341705912,0.014012521020550726
165,0.007417664216983485,0.23821074304274048,0.7147088859353579,0.003104050688960716,0.03655865611595742
166,0.05262978733912736,0.6048002423960599,0.23085599381408736,0.016528408784893617,0.09518556766583183
167,0.058729165646408094,0.6173093215065614,0.08119824785111585,0.012887563579748244,0.2298757014161666
168,0.006404906044308141,0.003906245009409328,0.0011447697631358676,0.000631940294378714,0.9879121388887679
169,0.10130495765156572,0.03167779518997427,0.00028637584930770436,0.00392021227613538,0.8628106590330168
170,0.31698709930312435,0.13884977428327838,0.0032274760869244676,0.011485450574611953,0.529450199752061
171,0.10248186951671275,0.48758507600941525,0.004594822670694766,0.004956542425801397,0.4003816893773759
172,0.11605559664566077,0.7789300820115158,0.005119261815045148,0.008609807331697203,0.09128525219608104
173,0.1294703545181654,0.8264043230696646,0.0013554606643812347,0.017273820097721212,0.025496041650067497
174,0.16790027293688248,0.7809893061685464,0.0020376769920764817,0.012900406038252467,0.03617233786424223
175,0.1469978756813409,0.814989324372973,0.0014704778598730415,0.021075897247769412,0.01546642483804373
176,0.015071851689044236,0.9653830701945232,0.012984147207887079,0.0016665740714397223,0.004894356837105756
177,0.013542819501773403,0.9538292463109408,0.02873968021915685,0.0015314999929321924,0.0023567539751968114
178,0.005135734302114261,0.7959093600957821,0.1943461849543359,0.0005019039822606113,0.004106816665507296
179,0.005544396277685615,0.6932456808839137,0.2978951395090229,0.0003983139215929174,0.0029164694077846946
180,0.002395152090607176,0.4865253042552057,0.5090104536138299,0.00038288384097183095,0.001686206199385332
181,0.000937224165311619,0.2143555323221204,0.7839379875039473,0.0001585998593619322,0.000610656149258768
182,0.0006986760027471944,0.17176367125796949,0.8266382412898678,0.00010755139587980828,0.0007918600535357276
183,0.0005442679557850125,0.170887152617961,0.8278482575843114,0.00014959495376012656,0.0005707268881825474
184,0.00044149626064953845,0.10248811646930092,0.8964758455927296,0.00012097102724843484,0.00047357065007138266
185,0.0005073794184820347,0.12118688530186532,0.8779159292336438,8.944064096356546e-05,0.0003003654050453666
186,0.0002341217445552511,0.08185204619422427,0.9174959546492254,5.6405625002178083e-05,0.00036147178699295337
187,0.00034169994719425873,0.1455247868563318,0.8536646467222785,9.002370883513583e-05,0.0003788427653604677
188,0.00010308515578962838,0.04381823401613412,0.9557355628639788,1.6278067702836676e-05,0.0003268398963945494
189,6.09872749019286e-05,0.03155084080322821,0.9682031010246137,1.7013798852317112e-05,0.0001680570984038958
190,9.756881454585218e-05,0.051300824358566546,0.948344594579937,2.8575776990319527e-05,0.0002284364699602378
191,7.631223092633827e-05,0.025597299943670514,0.9740589833624619,1.7390594620756958e-05,0.00025001386832065187
192,0.00020478950637935068,0.0449765289793687,0.9545618482410658,2.9333690532652203e-05,0.00022749958265341733
193,7.246015832183617e-05,0.03888634359237952,0.9607603040593198,1.700664297398311e-05,0.00026388554700488393
194,5.2722000741239245e-05,0.028551197878361412,0.9712481090807805,1.2748045735837539e-05,0.00013522299438121512
195,3.6549820352358586e-05,0.023048464290103227,0.9766377834725352,1.710480118748359e-05,0.00026009761582180006
196,6.823490125835131e-05,0.051232673544055786,0.9484347860394617,2.1411309391655835e-05,0.00024289420583242723
197,7.426180604516818e-05,0.02019513461819421,0.9794181981599943,2.1319822482788304e-05,0.00029108559328362894
198,0.00018393436239975744,0.047571492647741756,0.9518816954914644,4.650328538257065e-05,0.0003163742130114093
199,0.00012675582583641432,0.04523765423803379,0.954412028994327,2.851362000585834e-05,0.00019504732179702078
200,0.00017528440772426274,0.0727580118245737,0.9266628920712788,5.07321526265255e-05,0.00035307954379674484
201,0.00028963547658549877,0.09047411484305992,0.9088369018425203,5.1445015066888336e-05,0.00034790282276743066
202,0.00014016447422734207,0.0678148963135926,0.9318097108398545,2.8821881196089327e-05,0.00020640649112939962
203,9.148608309404533e-05,0.052348542415402786,0.9473179614498471,2.197382534104132e-05,0.00022003622631483417
204,0.0001296368544438671,0.05354641344272206,0.9460563741277652,2.334335771972805e-05,0.00024423221734927436
205,6.259821218424653e-05,0.036715245915540845,0.9630603162881612,2.050220793935488e-05,0.00014133737617426072
206,6.816234284306025e-05,0.029905135835468537,0.969845129019421,1.8135720573315942e-05,0.000163437081694056
207,7.305219835130617e-05,0.03411882727790496,0.9656042851856654,1.5181905181202941e-05,0.00018865343289718465
208,3.096856188886872e-05,0.012906485182440518,0.986953616023469,9.29342127213753e-06,9.963681092956897e-05
209,5.490891977455662e-05,0.02489666493044237,0.9748050117676541,1.9792485494652906e-05,0.00022362189663453327
210,0.00012418706451506204,0.0402165734005985,0.9592635148832916,4.125579052951116e-05,0.0003544688610652501
211,0.00015454654913221055,0.03152256444813128,0.9677263905274106,9.377089090774751e-05,0.0005027275844182251
212,0.0005815594416956897,0.06578966625722811,0.9324441533944323,0.00027229428124456775,0.0009123266253992666
213,0.000264423143382362,0.04342077215952772,0.954899523766709,0.0003795850054055406,0.001035695924975305
214,0.0010568252088709288,0.09450219314884176,0.8959970673612326,0.002471489433648455,0.005972424847406257
215,0.05339981104938218,0.1884969329217235,0.22788781009331902,0.01724817735019778,0.5129672685853776
216,0.05734538868343004,0.1994089760896314,0.010825145407291679,0.013537538150065417,0.7188829516695815
217,0.17643653715290944,0.37590825502232367,0.0028718034788597583,0.013118866826283413,0.4316645375196237
218,0.21727688734179862,0.4022160357790975,0.0016414439422267676,0.007889974322056318,0.37097565861482074
219,0.3135846939016243,0.5563647598039027,0.004557107404302302,0.017975792811366253,0.10751764607880451
220,0.11071284285360111,0.7799159202148175,0.024205679810810725,0.019955728975575186,0.06520982814519537
221,0.05094769427179804,0.8325896176505158,0.004033039583286276,0.09323494997009173,0.019194698524308277
222,0.03247640359965182,0.8241226490516124,0.0016936547934140159,0.10374617272539187,0.037961119829929856
223,0.022665778543716507,0.9170448479301542,0.0015465051057518366,0.04621867168538381,0.012524196734993802
224,0.06076732533212588,0.8300304010938043,0.0025275988710204327,0.07964994782524243,0.027024726877806948
225,0.028702677243353462,0.9160563534002528,0.013842124802734347,0.029927075501583664,0.01147176905207552
226,0.02305640629925284,0.9275500064357939,0.003459158504529313,0.0378133429347156,0.008121085825708602
227,0.017302683759811793,0.9483238300319033,0.000326969970197784,0.0296409086389503,0.004405607599136638
228,0.0183992206824934,0.949157859052237,0.0014297874922977463,0.024478786770235992,0.0065343460027359615
229,0.03733623480581508,0.906214718998422,0.0010358988635699184,0.035388569423216464,0.020024577908976583
230,0.016382561555394023,0.9524736655785779,0.00046423747182690913,0.0273169047710211,0.0033626306231800507
231,0.015514193667468474,0.953759267769217,0.003468256227389293,0.02061766577858226,0.006640616557342789
232,0.03212334072614545,0.8872986961203774,0.006131838597158602,0.05964384064856587,0.014802283907752619
233,0.04000262640012605,0.8632651116971204,0.003830319145474451,0.07858786970846786,0.014314073048811255
234,0.010938540736534514,0.9224310691119162,0.02702877297198447,0.03055538467079596,0.00904623250876883
235,0.01754644315573571,0.8866487032793753,0.01730864055745266,0.052254615272615816,0.02624159773482065
236,0.03666617896057909,0.6216759297175135,0.0032449877037748257,0.3072791560037164,0.03113374761441608
237,0.01582341911818809,0.0258963025249115,6.263368927107366e-05,0.9518063014644352,0.006411343203194064
238,0.023214758017426226,0.05825600889072048,0.0001285281142301123,0.9122974986743833,0.0061032063032398585
239,0.015512576386548875,0.02984694979720659,3.859278200225265e-05,0.9507298331019871,0.003872047932255097
240,0.01313248545535504,0.03148890883253683,5.7475068332969885e-05,0.9521916859316206,0.0031294447121545197
241,0.009773125238129215,0.016662128764847794,3.7489256598638326e-05,0.9707329701080557,0.0027942866323686063
242,0.00907650767752749,0.0234976891226383,3.285740239465928e-05,0.9642450320813392,0.0031479137161004216
243,0.007056453670979673,0.010941863059420541,2.5020559082551272e-05,0.9799425416635227,0.002034121046994571
244,0.007839490699139553,0.01392719235420674,5.4780807421411564e-05,0.9751626562146808,0.0030158799245513846
245,0.008097079837503587,0.012822598204865695,2.150058603825617e-05,0.9765788818025003,0.002479939569092032
246,0.010756486517734462,0.015984970282633324,4.8226301161229996e-05,0.9694715235090076,0.003738793389463445
247,0.007246366263186671,0.009342647681545692,3.402224786458886e-05,0.981285840690379,0.0020911231170240483
248,0.006313690923885933,0.00779364875525309,3.245503496412659e-05,0.9842691067545555,0.0015910985313414144
249,0.006173665136504072,0.006803598879503195,1.673187931494654e-05,0.985303541109393,0.0017024629952847995
250,0.006481228454048532,0.004770999611966892,1.0236437752721431e-05,0.9860294648048973,0.0027080706913344453
251,0.010947367765833865,0.006729538467084983,1.4162305904219186e-05,0.9787884133726675,0.0035205180885092657
252,0.025195993487588362,0.013921483872052307,2.122272244711375e-05,0.951353140789186,0.009508159128726443
253,0.05867411277128344,0.08825667477267175,0.0003281331224951174,0.7814879873420382,0.07125309199151156
254,0.015540596949379443,0.008484628266921914,1.9071919634786296e-05,0.9716243584575923,0.004331344406471506
255,0.022596086584464253,0.010573556885395827,2.180544717704216e-05,0.9569523156846577,0.009856235398305203
256,0.017070043219483973,0.009305346576613497,1.599969539368447e-05,0.9666776455166228,0.006930964991885899
257,0.010881200171511266,0.010547629964139563,2.0237917905510558e-05,0.9748947760924948,0.0036561558539490746
258,0.012166303721232211,0.006219096720384888,1.5908828820929844e-05,0.9786221782746899,0.0029765124548721137
259,0.011671817547683433,0.00640227906540682,1.142395635618096e-05,0.9760034767461072,0.005911002684446309
260,0.007532851996608941,0.009071831263034097,2.14162539720668e-05,0.9816953573991897,0.0016785430871951116
261,0.011435683943985024,0.0036722043559963536,2.2590430393205788e-05,0.9810077787426758,0.003861742526949832
262,0.012362870318935784,0.009104133704305578,2.690100288164057e-05,0.9750265851985868,0.003479509775290261
263,0.006417629087813889,0.003795105908649847,9.093976303983234e-06,0.9877178808657261,0.0020602901615061468
264,0.0050572757937908655,0.005486087967793456,2.350987067044378e-05,0.987206826910404,0.0022262994573412813
265,0.007844937507968828,0.0030011599088739203,1.2493593003625883e-05,0.9855913181631945,0.0035500908269592555
266,0.00795623631452418,0.009049153471929786,1.4355407907950607e-05,0.9794873344282524,0.0034929203773855118
267,0.008940445064310605,0.005528269225279004,1.9750910928816728e-05,0.9830350997899949,0.0024764350094866215
268,0.01892393690571786,0.011650983647875672,3.043165889389168e-05,0.9624616396906627,0.0069330080968498815
269,0.0234909703584324,0.021103387335240056,4.092029574308071e-05,0.9483861221984818,0.006978599812102606
270,0.02611139403270597,0.008886112719584768,2.166351285173612e-05,0.9555171440329405,0.009463685701917026
271,0.036294126189693784,0.048467018427551405,5.92658915575672e-05,0.9070678833002523,0.008111706190944942
272,0.017604620822810283,0.01619076079185156,1.858468280004108e-05,0.9631129207086551,0.0030731129938829076
273,0.01906260876923275,0.014401700831781154,1.6359105275226945e-05,0.9629682749967251,0.0035510562969857614
274,0.029337139902732637,0.04585148270269663,5.537750901929986e-05,0.8983174918752983,0.02643850801025302
275,0.048659215164433466,0.06201976681924739,4.8892847599980415e-05,0.8787511532131858,0.010520971955533245
276,0.05364525978893059,0.3907915397561496,0.0011264340590192116,0.5242188987972249,0.030217867598675646
277,0.040285086826592625,0.25556770321975464,8.591076090103209e-05,0.6951914351995844,0.008869863993167422
278,0.03319960303080241,0.11768357871274919,6.714156419119226e-05,0.8401358176498677,0.008913859042389612
279,0.042650973953293744,0.41012152050262446,0.00022938235846677293,0.5244361636979731,0.022561959487641982
280,0.10087878221116801,0.3708866317368789,0.00028930794558766144,0.4854571855888379,0.042488092517527616
281,0.0695035334419313,0.5245536190089296,0.0016409077019758666,0.340722580040803,0.0635793598063603
282,0.03885615346398804,0.8154565184471342,0.000274512775199047,0.12125223547261048,0.024160579841068088
283,0.043246415089374456,0.6908355798051987,0.001015938348496008,0.2282188993156589,0.03668316744127199
284,0.07623123445909856,0.2722241336280104,0.00020346376220626252,0.6034059256541482,0.04793524249653662
285,0.061711867667436804,0.5645413221981902,0.0004037015589253555,0.3577638647070869,0.01557924386836083
286,0.029060942798296123,0.7815425017721809,0.00036940767825995003,0.1795721559256377,0.009454991825625437
287,0.0946731424885896,0.4237955124692335,0.0002088115447210203,0.46316627140255734,0.01815626209489846
288,0.04728734900292212,0.6801327892979426,0.0004586988196994462,0.26200447326389026,0.010116689615545564
289,0.04042589925723982,0.8155539839910939,0.0008776798034219991,0.1316133174270161,0.011529119521228405
290,0.04942203067401861,0.6597505571863228,0.00014746712402661106,0.28211925097477925,0.008560694040852511
291,0.02455601332962195,0.9286292320228043,0.0015915024476476616,0.03179027273279137,0.013432979467134537
292,0.012064166241846136,0.9651863647954133,0.0008950793397740045,0.01675564374845614,0.0050987458745104805
293,0.02962410248007521,0.9331218974021016,0.0032857176323290906,0.01919429421390831,0.01477398827158574
294,0.02690413393378911,0.948502471357299,0.0007043021306658608,0.012432470415329862,0.011456622162915965
295,0.016598220319780376,0.9603861223091178,0.005007469641852351,0.005107993264958627,0.012900194464290794
296,0.007310776254226258,0.9800442816609293,0.00045142173950842436,0.006801271275614779,0.005392249069721321
297,0.005984042931913993,0.9853283420931789,0.0016554778107186502,0.0024085659514586698,0.00462357121272981
298,0.029038535781935236,0.9298155198891132,0.003506166896198,0.011691491515929218,0.025948285916824413
299,0.005854825347782874,0.9211861893123388,0.02047462315337228,0.0039337268654897105,0.0485506353210163
300,0.013778751379312055,0.9097713829256926,0.05771475930537589,0.003650510001628054,0.01508459638799136
301,0.04339171577241289,0.9179758789201222,0.0021483907871268837,0.026768357955825772,0.009715656564512053
302,0.012571532362998735,0.972050762472706,0.0016237718417982262,0.006245906337917121,0.007508026984579546
303,0.026023148405513785,0.9486345747445861,0.001324963948466518,0.015254218389985039,0.008763094511448643
304,0.0159368305474874,0.9681416030708151,0.005427523592124947,0.004786578730737455,0.005707464058835288
305,0.01598641480656224,0.9673918122335979,0.006172737711865392,0.004306500803186439,0.006142534444787943
306,0.013835801054151385,0.9519743736100128,0.011117997553373393,0.0026006317867233405,0.0204711959957389
307,0.0076748562454777725,0.9387223692052288,0.044319381161824836,0.000863617256324639,0.008419776131144224
308,0.018390106162749005,0.9605329613073049,0.0015758729602450025,0.006148565153887628,0.013352494415813427
309,0.009108972928701805,0.8756783548307363,0.10296333359951791,0.0009657627342669601,0.011283575906776958
310,0.008309615030141113,0.9509709366675502,0.033729514190044274,0.0009430538875262023,0.006046880224738011
311,0.006770420062993214,0.8406730573618721,0.1347274204190005,0.00039983968518316214,0.017429262470951074
312,0.0026179802100850026,0.8175371687178452,0.1716394733973645,0.0003481898557275348,0.007857187818977667
313,0.004190241969142068,0.6627655823234371,0.32774091423612844,0.0005179985154410767,0.0047852629558515275
314,0.007012475092932156,0.9392411070648743,0.04106135898061892,0.0010982212824861548,0.011586837579088283
315,0.010075222773688552,0.800283638722393,0.16598533934172902,0.0010209539918510507,0.022634845170338258
316,0.008122742858203486,0.8283769836800453,0.14294806534665255,0.0009269938418804874,0.01962521427321808
317,0.004766766646014159,0.5559955879827733,0.42951596029211353,0.0006627286892265629,0.009058956389872476
318,0.009253269338930675,0.7336278009045077,0.2388090462271546,0.000708091095679087,0.017601792433727906
319,0.0012275659342750411,0.35491035251338554,0.64103959082583,0.00021054868617684236,0.0026119420403325185
320,0.004873535411656012,0.8160216485701746,0.16944357672606783,0.0005833206610196218,0.009077918631082076
321,0.002507620314780047,0.4882177835530958,0.501149148049111,0.000425291383645102,0.007700156699368069
322,0.003991644056218076,0.5703369737856034,0.4185884564096783,0.0008158750482379514,0.00626705070026221
323,0.0026521286900831227,0.4797158911959946,0.5113333917862158,0.0004922992059331179,0.005806289121773364
324,0.0027120947977654413,0.525727163600697,0.46612672367695085,0.0005314963158089899,0.004902521608777765
325,0.006594276194596431,0.7781281593657585,0.20378592910819449,0.0005633956125076775,0.010928239718942707
326,0.010593212591327035,0.5853911050625423,0.38902808600507877,0.0007758471719597776,0.014211749169092123
327,0.0038746400912637287,0.532633733036234,0.45599863564084014,0.0004395388368021824,0.007053452394860132
328,0.004531817776832032,0.4616584531929243,0.5302597385719595,0.00034750582402088876,0.0032024846342632264
329,0.0037073538118404807,0.41183154539419053,0.5786204392517941,0.0005165778813210105,0.005324083660854028
330,0.001136905535513578,0.34542584969191037,0.6515264712378934,0.0003511701677008604,0.0015596033669819356
331,0.0015745992214520885,0.3177030709348761,0.6787102427867499,0.0002698564300718629,0.0017422306268500929
332,0.0019877423012100662,0.37617657087682216,0.6195075891392131,0.00033983434094179244,0.0019882633418130294
333,0.000581083653728985,0.17179690903158723,0.8267592314703944,0.00015484513652110326,0.0007079307077682201
334,0.0006674070575988135,0.16924838498312758,0.8290370612521561,0.00020187675630986698,0.0008452699508075549
335,0.0003914075389697353,0.09512005471291524,0.9034340748658239,0.0002798663701868833,0.0007745965121044148
336,0.00060334946594225,0.1291324886417682,0.8685947879604381,0.0007761322310778973,0.0008932417007735844
337,0.0010298805784108402,0.15295030346126656,0.8436414496399852,0.0008716739162335144,0.0015066924041037947
338,0.009589234753334515,0.49924462789667473,0.4622793661825128,0.0078036788557373235,0.021083092311740693
339,0.06531469504087664,0.5070403701328743,0.18679397871393408,0.006871504015776017,0.23397945209653892
340,0.029716931546542102,0.8157197914551013,0.1406988107932263,0.0029824299088816336,0.010882036296248754
341,0.01890348623630935,0.9725081172358583,0.003714487422905121,0.0016997191346186232,0.0031741899703086373
342,0.009166996021500534,0.984340371186205,0.004207922333631592,0.0006890105865666321,0.0015956998720964254
343,0.022905073322067537,0.9597786512349693,0.0025807879066829928,0.009043390081356382,0.005692097454923736
344,0.008332874093132752,0.8548713512148199,0.12904413169848253,0.00304461539375446,0.004707027599810212
345,0.023205801852617235,0.9277409831396998,0.031896709778466294,0.00989652545379975,0.007259979775416871
346,0.018671001986126597,0.9351814284040791,0.02979781964238661,0.009509632737975837,0.006840117229431623
347,0.014084426545649011,0.9452048621354898,0.02411251788474908,0.010442842021926685,0.0061553514121853205
348,0.05355941981253999,0.35174251424324743,0.03329907470310602,0.01628724096432792,0.5451117502767786
349,0.08220642608019477,0.8360438429648084,0.012566197991550442,0.007466473179955631,0.06171705978349073
350,0.05531364928472746,0.8756804046818557,0.04521197266506561,0.00866906859252547,0.015124904775825787
351,0.2116129623217624,0.743830961658652,0.01839840821968558,0.011147375350392442,0.015010292449507592
352,0.047607288307564416,0.9108166191701083,0.013949111241877006,0.017751448987428333,0.009875532293021752
353,0.020875304488589163,0.9477366259284675,0.02257313064364409,0.00479098813481045,0.004023950804488694
354,0.01603630987713804,0.9503541827928386,0.020239685064894115,0.003809412824828289,0.00956040944030097
355,0.011548406083710938,0.9324531007447847,0.0505579863679666,0.002479812792456744,0.0029606940110811536
356,0.015403659588165348,0.8575848877688037,0.12121010924205702,0.0027579161015917892,0.003043427299382125
357,0.004635506904219657,0.8402922666231353,0.15190513217406382,0.0012803141569227552,0.0018867801416582754
358,0.005809036369047183,0.754866632640444,0.233176891586513,0.0022180980416609056,0.003929341362335043
359,0.0029250042857949816,0.8536923713540221,0.13883137521817343,0.001001645180783958,0.0035496039612256777
360,0.0025836187908473327,0.8029056109803476,0.18933854551791165,0.0013229814250781703,0.003849243285815164
361,0.0019104132318593103,0.5292857583723443,0.4655441278780162,0.000793394400866805,0.0024663061169135515
362,0.0008922375877994747,0.37699511385583917,0.6198776645385556,0.0003065552384964398,0.0019284287793092194
363,0.0024245699872622183,0.6451932644819891,0.3486002774667453,0.0008362308631954568,0.002945657200807779
364,0.001345371711517768,0.5410740389775481,0.45314696440784796,0.00033328531765198507,0.004100339585434159
365,0.00137748335591227,0.3552146980305115,0.6416480301791245,0.0001809769479202416,0.001578811486531591
366,0.00031112945894005533,0.13042817650578842,0.8684324500905086,5.064449732638357e-05,0.0007775994474366616
367,0.0005242583791205274,0.25258460581709835,0.7449657134910167,0.00016227214472899288,0.0017631501680353324
368,0.0004599752752469776,0.15855919037525668,0.8398282090340586,0.00014329886045566067,0.0010093264549821022
369,0.00025381610808983707,0.19993384409778617,0.7988743667154856,0.0001637934486603886,0.0007741796299779306
370,0.0002272572787260093,0.13608762587233825,0.8628290642823736,6.691035959184023e-05,0.000789142206970048
371,9.724516761162232e-05,0.07316183932566324,0.9263918374374414,4.496710253091967e-05,0.0003041109667527074
372,9.513963584195636e-05,0.07364333788294021,0.9258051153797104,3.9910362772140746e-05,0.00041649673873532403
373,0.00010604259791228298,0.07164906935177666,0.9277061344067418,4.2513960384991976e-05,0.0004962396831843501
