epoch,N1,N2,N3,R,W
0,0.03454298400988009,0.001424060213320846,3.332227114692439e-05,0.0014820348576088157,0.9625175986480433
1,0.020787685037797793,0.003858594209640203,1.2809174877369915e-08,0.0005145000704647293,0.9748392078729223
2,0.0926926451626819,0.007040071244035187,5.1717802437395674e-08,0.0033612093824904685,0.89690602249299
3,0.01939938642276116,0.0014831700426198716,1.0549163602967025e-05,0.0008382639920742347,0.9782686303789419
4,0.1538137828523727,0.007848119480990174,4.2693431553671866e-05,0.003963296452992194,0.8343321077820912
5,0.20186382196925404,0.04217882327582624,0.003301632547877385,0.009784852845484901,0.7428708693615574
6,0.24095108559348857,0.03209916706020604,0.00011229332127934482,0.008253099298338626,0.7185843547266875
7,0.3046259679756805,0.052476152388395314,0.00010292822227749391,0.014694551702267746,0.628100399711379
8,0.3332044436411408,0.1454451220416422,5.02608759438335e-05,0.03207478989034518,0.4892253835509278
9,0.3035608790231172,0.05387849831437665,5.202429522888262e-05,0.019131009743632396,0.6233775886236449
10,0.18907560497210488,0.3127452508246937,0.0005272568296263773,0.012157249256126792,0.4854946381174483
11,0.18460590480233702,0.18588720832146707,0.001186867198879119,0.00560496313405306,0.6227150565432638
12,0.09838641694707782,0.3670111539164774,0.0011818113690180384,0.00961389250547574,0.523806725261951
13,0.02773834012012546,0.3999436393523373,0.0031361720464504763,0.0037385051431040013,0.5654433433379827
14,0.0139681151287811,0.17240334299848614,0.00622866200359131,0.002417701800901603,0.8049821780682398
15,0.0301305399670963,0.02951797404510229,2.805426253136198e-05,0.007269159332431445,0.9330542723928386
16,0.05221007984535299,0.15763054175054175,0.0003358851688319626,0.006973446808213659,0.7828500464270597
17,0.01596564951013842,0.27701405683989583,0.007171413549758657,0.001652955314871175,0.698195924785336
18,0.004771641377728489,0.06788662547498937,0.004409285635230487,0.0004376975704345699,0.9224947499416171
19,0.021099732468910403,0.12677209843231463,0.0020945926328069116,0.0027266310413488026,0.8473069454246193
20,0.0036660404223180115,0.05201178591436997,0.0004243518197929691,0.0005410347879894431,0.9433567870555296
21,0.004516447480978274,0.0011850024628743585,5.749810329313936e-06,0.0008794511790421774,0.9934133490667758
22,0.03458087384788836,0.0019667745610946865,1.2865723809596575e-05,0.003769297517348685,0.9596701883498587
23,0.027440558818850987,0.001241093477377944,8.666758724839773e-06,0.001429663436447697,0.9698800175085985
24,0.06677314580095396,0.0061045052690658205,1.6339334433566988e-05,0.0015145220330459654,0.9255914875625008
25,0.09543083756268324,0.02435256795270762,4.650887783578817e-05,0.001540844268630883,0.8786292413381425
26,0.18209019909661436,0.03684864208062345,4.88825532732966e-05,0.00593533206237886,0.77507694420711
27,0.1287204526866148,0.3226681008447522,0.0007100391968301394,0.0064072954169417905,0.541494111854861
28,0.26615275160138435,0.19717048844874005,0.0002801981277215089,0.017745951209739697,0.5186506106124144
29,0.22326278043757664,0.4801064044414538,0.0017756997796509247,0.014247508975393407,0.2806076063659251
30,0.11340430799197483,0.6619415082802956,0.015491748736097584,0.002117014285444831,0.20704542070618723
31,0.062379804111957766,0.8624384692399664,0.009358882273776882,0.001207127383741782,0.06461571699055724
32,0.17457465249780335,0.7360319750002262,0.017773285203234266,0.005161764712707945,0.06645832258602834
33,0.13445834389775319,0.7831973767199052,0.02787909779088552,0.0036821090162085556,0.050783072575247404
34,0.07380063513907416,0.8547451247938167,0.03377922856762396,0.0029179263553784137,0.034757085144106935
35,0.06655408333159715,0.8140535917996682,0.10157507819041305,0.0026248675521390137,0.015192379126182612
36,0.045286268575258894,0.8370566038805687,0.09135798926523866,0.0009462173833729398,0.025352920895560908
37,0.1446561329220388,0.7081879728345756,0.13590664085885024,0.0018913199482660376,0.009357933436269344
38,0.030580318383728818,0.7599376230568202,0.19914505989111908,0.0022330208713626423,0.008103977796969277
39,0.05666035608316265,0.5923561321323197,0.34468576036544224,0.001930951906747018,0.004366799512328234
40,0.02384607379017501,0.4322546499042705,0.5399850893949092,0.0012721471598613095,0.0026420397507839546
41,0.007014420847431499,0.46756685354973976,0.5223992457386817,0.0004374025732008313,0.0025820772909462258
42,0.008340278859906491,0.4192515801744823,0.5699013075886842,0.00035170909979891367,0.0021551242771281724
43,0.0027963390069066655,0.26488033553500395,0.7306125931280983,0.0001835321309620942,0.001527200199029105
44,0.005235010586242786,0.21408429771206824,0.7793160037923009,0.000127347843782425,0.0012373400656056231
45,0.002325004165248948,0.17808346955785373,0.81799532458193,0.00018950150813793764,0.0014067001868294001
46,0.0008774823202072135,0.13777032300565387,0.8604834240973822,8.467481246603162e-05,0.0007840957642906852
47,0.002019606503380349,0.1671673393765219,0.829370310682346,0.00010264885222151526,0.0013400945855302517
48,0.0009537351063504942,0.11336887936871265,0.8844804562655292,4.1132338641314465e-05,0.001155796920766423
49,0.0006608659571264218,0.075308283770909,0.9231052080006932,5.235849049084281e-05,0.0008732837807806509
50,0.0009773491744566325,0.1076746158050656,0.8896079803739797,5.6369924159175566e-05,0.001683684722338919
51,0.0006882421414848892,0.08483798196955426,0.9131627682695117,8.058776754931106e-05,0.0012304198518997762
52,0.0013280976852198367,0.10744829186648203,0.8895698437636196,7.238002719226243e-05,0.0015813866574862507
53,0.0023712195101397893,0.0970588640004121,0.8984170923856352,0.00011389576441168127,0.0020389283394011467
54,0.0006778127718074695,0.0760272250451051,0.9224894690771783,5.318074987518065e-05,0.000752312356034181
55,0.001146332616786906,0.08509855249353625,0.9123495980322746,9.504128148546697e-05,0.0013104755759169946
56,0.0008024858626740651,0.0737671587827621,0.9243988588204907,0.00012036572091335205,0.0009111308131598679
57,0.0005439134741035045,0.06563147583324888,0.9331874777809057,5.098430494465858e-05,0.0005861486067971132
58,0.0004894178678356394,0.03763188550483916,0.9608585040605627,9.496583506961908e-05,0.00092522673169272
59,0.0003519139954730419,0.033632216597360265,0.9653921205694896,2.635190119617811e-05,0.0005973969364808655
60,0.0005119771067447806,0.03893572049973236,0.9589397049115093,0.0001659934939987811,0.0014466039880147435
61,0.0010976183975384922,0.034197878892719816,0.9629840930968265,4.229104290087665e-05,0.0016781185700141944
62,0.0006159486252894618,0.044297751123717546,0.953838356449597,2.5823808456954587e-05,0.001222119992939095
63,0.000634109434692939,0.05524419615165334,0.9423610300875881,5.6134735353537944e-05,0.0017045295907120535
64,0.0009283153409188512,0.05719750048220772,0.9404638053012221,0.00011572197174082906,0.0012946569039103833
65,0.0012365440113601745,0.049370066844832285,0.9474811108329311,0.00012131066351881777,0.0017909676473576277
66,0.001392429924590999,0.045154178272139134,0.9514740688939071,0.00014058863187590683,0.0018387342774868972
67,0.001359644839434905,0.05973892535907086,0.9374849489796027,6.458105648015889e-05,0.001351899765411403
68,0.001683153990660143,0.07318859574643742,0.9235159363130364,9.993657433766082e-05,0.0015123773755283333
69,0.000669102747292253,0.03267188535570558,0.9660338893551285,2.992017025809641e-05,0.0005952023716155222
70,0.0008701384381452261,0.049747415122930294,0.9486273697280456,2.4500693422723263e-05,0.0007305760174561378
71,0.00028592237427140356,0.023085689058340724,0.9758604725837153,2.5237217230319008e-05,0.0007426787664420313
72,0.0003262216741156206,0.02581207884809543,0.97313538891513,4.9707596426202036e-05,0.0006766029662325958
73,0.0005362714197825223,0.03868567159735168,0.9601033572260412,3.049612584311764e-05,0.0006442036309812411
74,0.00045857934932179114,0.03147908736811398,0.9668424302304073,6.195400915294073e-05,0.0011579490430039684
75,0.0005328471770850863,0.04356253058518567,0.9545886044836763,6.911211009409489e-05,0.0012469056439587533
76,0.0004931246551500981,0.02631085211606681,0.9720307175267928,4.7769030022473036e-05,0.0011175366719680258
77,0.00031792514123412936,0.016537239254409107,0.9818237575867407,5.809505409645162e-05,0.0012629829635196702
78,0.0006792596468684139,0.024618832955034316,0.9737486242811721,5.4297154636641734e-05,0.0008989859622885099
79,0.0013355910960075258,0.05351010200949951,0.9427997695972394,0.00015567315399324957,0.0021988641432601915
80,0.0004428999655645102,0.029750036320922837,0.968580433309132,5.472055011390779e-05,0.0011719098542667219
81,0.00035876917845385997,0.01873312793342912,0.9800796346819125,1.7470072240994146e-05,0.0008109981339635128
82,0.0008164474374887914,0.0410896835180748,0.9568806356519168,5.686439100488371e-05,0.001156369001514533
83,0.0008709807887400309,0.052883449776434964,0.9450284405740329,0.0001338095703285252,0.001083319290463671
84,0.0005564832002520329,0.04432841807869909,0.9538062937339502,7.666134080631645e-05,0.0012321436462923929
85,0.0007310576701855256,0.04414789190408211,0.9537735321948019,0.00011836887340967789,0.0012291493575211007
86,0.001173700465765724,0.08805928487067187,0.9077027201740878,0.0003576638891250043,0.0027066306003494783
87,0.003748777035169772,0.11385092284085797,0.8776526088821996,0.0015002821616322793,0.003247409080140249
88,0.005154789520219688,0.14625185714823982,0.8416774571409624,0.002049954157500271,0.004865942033078014
89,0.004185024759232717,0.16402242863110128,0.8225028406645442,0.0036999564981932097,0.005589749446928659
90,0.00918381023130535,0.25260275520398673,0.72746463859198,0.0034066354479664568,0.0073421605247615835
91,0.017556475652430285,0.25224899911737814,0.7144531373258184,0.0028766600554834595,0.01286472784888965
92,0.025424488418255307,0.47437025699419966,0.14992334260377949,0.00789579017175675,0.3423861218120087
93,0.10111468982649363,0.708735989584806,0.04998454552358781,0.016255650810084978,0.12390912425502759
94,0.1070687400984689,0.7053228937462603,0.024988552340281512,0.01195148937341923,0.15066832444157005
95,0.202884337527765,0.6061214818167457,0.0034887098946121894,0.00941215553220354,0.17809331522867353
96,0.40029505565851736,0.230506576916063,0.0025669942361625647,0.00438474044533143,0.36224663274392577
97,0.44849679156021266,0.31342594145969327,0.022697343783554612,0.005470067530874186,0.20990985566566536
98,0.4838929379289937,0.29923550854128145,0.025507917682576226,0.004395003564804354,0.18696863228234428
99,0.4770824508767331,0.2549813964144551,0.027102050146459746,0.011719558651668455,0.22911454391068362
100,0.22601765656679074,0.3638444739995843,0.04170318935900814,0.005923737426632851,0.362510942647984
101,0.4272509214854679,0.2598889800711192,0.014510274207579726,0.007256456364647103,0.29109336787118606
102,0.08563744359677423,0.6252653579420501,0.1652656776269069,0.0035474874797019745,0.12028403335456692
103,0.09272329999671915,0.773169644095089,0.06234897333560404,0.0036687325860279268,0.06808934998655974
104,0.06548909644994609,0.7458010672579162,0.03214508496317404,0.011727278167978916,0.14483747316098466
105,0.04990101794778778,0.8299145746875657,0.009073147664627206,0.0062854534923654365,0.10482580620765387
106,0.12366684983668158,0.23331438853979333,0.002470417777816397,0.02512051486793868,0.61542782897777
107,0.06127076964984069,0.8244061017093706,0.010004915668255638,0.02937750068404329,0.07494071228848981
108,0.27370407787739437,0.4231515985826383,0.0024199604713129514,0.20774724731589858,0.0929771157527559
109,0.2483960989360839,0.510269826401405,0.0010807098662269329,0.09556312482495817,0.14469023997132607
110,0.19321237948404582,0.3464428143633273,0.0004389766584759245,0.38205071022554854,0.07785511926860242
111,0.2104337277455574,0.4709427940172112,0.002113638203241213,0.18741488171087473,0.1290949583231156
112,0.23902503749892898,0.22046129283206573,0.00034057689474944303,0.4849053500436998,0.0552677427305561
113,0.34547461567731225,0.20916527018042239,0.0010367393088269897,0.34428082733473675,0.1000425474987016
114,0.22083095017412868,0.15905891868698935,0.00029833201099568315,0.5701461311958816,0.04966566793200452
115,0.19730235013490313,0.06678278745648246,0.0001676425719425965,0.6919973172574125,0.04374990257925915
116,0.20825425397167874,0.07685352063215783,0.00017682344348768226,0.6875922829417473,0.02712311901092828
117,0.2247617476797878,0.09950943701300426,0.00018654319484362906,0.633070330218763,0.042471941893601296
118,0.11353275233398748,0.11360624489064751,0.00027585986557820627,0.7481944138869245,0.024390729022862268
119,0.21988004803804218,0.12513040638288922,0.0002753939111428331,0.5824596643787946,0.0722544872891311
120,0.08915865104477362,0.06401433380327107,0.00022274123264008982,0.8132256449125853,0.03337862900673
121,0.10009107129047472,0.06347493362648081,0.0003084113164233916,0.7964347300698993,0.039690853696721845
122,0.08342897643655259,0.07164591566123066,0.0001367128190857008,0.8239132511791248,0.02087514390400613
123,0.08713080538802995,0.050718583724803465,0.00019234189746214302,0.826024482650916,0.03593378633878844
124,0.18123446088794795,0.06667344239793331,0.00014679901284970557,0.690838008754392,0.061107288946877086
125,0.10545340486927232,0.049352096521759814,0.00013680110395601465,0.7969601528867453,0.048097544618266506
126,0.13018803880483118,0.0783826142309246,0.00015533613322658035,0.7547854848051134,0.0364885260259042
127,0.14327711778707813,0.09438397373570893,0.0002467818373842252,0.6711333385254816,0.0909587881143472
128,0.07172637777897008,0.0564509768324944,0.0001708556847865882,0.7724462504536966,0.09920553925005235
129,0.06546701343375431,0.03227290919102782,4.9267589707083954e-05,0.8710031245644161,0.03120768522109488
130,0.1475921354555641,0.10536748092824222,0.00037110598844698826,0.6593307130069983,0.08733856462074834
131,0.0954128311737206,0.057630738246976,0.0002339583553931354,0.7714631995054553,0.0752592727184549
132,0.06504146451672065,0.03830663858948881,5.4769705939156344e-05,0.8791179518256065,0.017479175362245
133,0.07495233680024069,0.12319805326378888,0.00017915205993589996,0.7698114800023489,0.03185897787368549
134,0.15427162417951068,0.05850698611277411,0.00023118321866328625,0.728961930955733,0.058028275533318956
135,0.1098059237559417,0.0741555809653581,0.00012072160503605468,0.7899848348643682,0.025932938809296
136,0.10842322182671058,0.03096070229683337,3.726079025166159e-05,0.8419289365616652,0.018649878524539112
137,0.13821521217125213,0.0786787489499114,0.0001434473039772959,0.7453490937039179,0.037613497870941294
138,0.06106027555580857,0.05179056713000971,7.389436557844864e-05,0.8719556863169721,0.015119576631631194
139,0.07266190598109301,0.031121747789807083,7.317934722709667e-05,0.8784895512841466,0.017653615597726064
140,0.0543997498013403,0.09080409468692043,0.0001337346054750174,0.8401320916477323,0.014530329258531958
141,0.05926546513416199,0.03539544263227818,6.469649727166371e-05,0.8875073601093657,0.017767035626922455
142,0.06278167108825537,0.025178097196806214,3.765552650581146e-05,0.8990743236288122,0.012928252559620206
143,0.10075286731772495,0.037175424447683056,5.473622657993977e-05,0.834383017649849,0.02763395435816307
144,0.20368546186011352,0.05494613910505778,9.264705589847679e-05,0.6853883895533303,0.055887362425599926
145,0.2108524508841154,0.06366665597323064,0.00014989062686872787,0.6756402770896591,0.0496907254261262
146,0.09643056493522449,0.15199597796331188,0.0001339957365094681,0.7031310648622111,0.048308396502743
147,0.10153523490253127,0.09134014418933946,6.112337709394001e-05,0.7654962363920089,0.041567261139026423
148,0.14750071201602918,0.10110534997048645,0.00010765914417458732,0.6598945525811167,0.09139172628819318
149,0.13052975158611807,0.24120481737246377,0.0009780424029120858,0.19695538538488075,0.4303320032536255
150,0.22409018428217428,0.14934018787558906,0.000220116410069025,0.4001424389302589,0.2262070725019088
151,0.07631650252849437,0.37210500259046164,0.0015439434220430523,0.040293444290290976,0.50974110716871
152,0.19209215977717706,0.43192997739632344,0.0022426576565532756,0.06260427202072485,0.31113093314922124
153,0.15364298795357137,0.5835943327094093,0.00444372968459432,0.027641943900534854,0.23067700575189018
154,0.17078275097502282,0.6292413889857813,0.007879577722113347,0.021148331129068824,0.1709479511880137
155,0.13201733461141393,0.5559926698061415,0.014274054389923256,0.01412709686293815,0.28358884432958315
156,0.11378267613595229,0.6881738114885587,0.005959460989338687,0.020128543646613244,0.17195550773953702
157,0.026128033672866535,0.9028654555995387,0.030451318539640605,0.0035923567444225276,0.03696283544353163
158,0.03431560289506578,0.8768066191208153,0.06683838139874379,0.004489340309402281,0.017550056275973
159,0.04047390483822402,0.8174026768851431,0.10564717245122472,0.0017919643520633707,0.03468428147334463
160,0.03751081083620726,0.8537000734713496,0.09751744086588025,0.0029411794434461955,0.008330495383116714
161,0.03845837492172822,0.7946546165710004,0.15835169221075726,0.0022047193349330686,0.006330596961580707
162,0.017592712657481233,0.7287057519072181,0.2472267790367641,0.001914159222701393,0.004560597175834968
163,0.012214051217249562,0.5217943046776725,0.46268712548582325,0.0009794265740936793,0.0023250920451609873
164,0.01674179031615759,0.6379616767455693,0.3393252836602708,0.0016018061389081997,0.00436944313909412
165,0.023220899034077012,0.5708909446742205,0.4019695046213085,0.0018008277239319427,0.0021178239464621344
166,0.004966445824238691,0.31097465836822324,0.6819886639803482,0.0005024156520505314,0.0015678161751394428
167,0.006717074088725162,0.38537933172406086,0.6056023330750457,0.0009346268956185643,0.0013666342165496597
168,0.002743859062752594,0.2973637982771003,0.6953897054185036,0.0013188162580128034,0.0031838209836307896
169,0.008290592483655936,0.3285840493280897,0.6599482230863957,0.0005701457672793453,0.002606989334579248
170,0.0011767670184140917,0.2330294603294992,0.7646880376829914,0.00025728174405712884,0.0008484532250381651
171,0.003662930890945712,0.23011251927489537,0.765273180992574,0.00024073570836383575,0.0007106331332210122
172,0.0020414605975282536,0.29461886899262807,0.7026261645116246,0.00025725982043467937,0.00045624607778452507
173,0.004962620449388501,0.35724907485964025,0.6363293476671285,0.00041525905241436865,0.0010436979714285928
174,0.001677558467888686,0.2420832861952512,0.7549339619386904,0.00027863776127478717,0.0010265556368949194
175,0.0007989935808816731,0.1373685173593124,0.8601246386293023,0.000625257832386878,0.0010825925981167246
176,0.002503774190648186,0.1993649950678354,0.7963651705182339,0.0004179849597820506,0.0013480752635004077
177,0.0021400146965197555,0.171979364625411,0.8240515026542753,0.0006429018606411973,0.0011862161631527404
178,0.0016349081484282315,0.14923425727705086,0.847634258383085,0.00028515237056793376,0.001211423820867867
179,0.0014187010428197426,0.13322089902914813,0.8638130475222406,0.0003522322119608649,0.0011951201938306467
180,0.000715781896648486,0.09107753750203428,0.9073330507791212,0.0001499640142906476,0.0007236658079055469
181,0.001202970456130703,0.10119186862516373,0.8956813223273383,0.0006118699754124598,0.0013119686159549049
182,0.0008283292958970548,0.08129474760402103,0.9169297851539461,0.0003277801112408298,0.0006193578348948756
183,0.000901331804098388,0.07335829500312825,0.9246576107560156,0.0003168410097038431,0.0007659214270538444
184,0.0010762894958603784,0.11268331961769326,0.8839263763092705,0.0008743074836904362,0.0014397070934855077
185,0.0009218317778136613,0.09488794282546538,0.90269436482815,0.0004990585237022631,0.000996802044868529
186,0.0028918596521397256,0.16434771570261955,0.8311520497806821,0.0002367669418456473,0.0013716079227130275
187,0.0010667534814364989,0.08028588859525827,0.917461813529863,0.000359540348295588,0.0008260040451466799
188,0.0010612425828301546,0.07487909985813151,0.9231340485913635,0.00011414481553283892,0.0008114641521420664
189,0.0020786560504428685,0.10235088550013306,0.893166162480739,0.00040173102897005585,0.0020025649397149565
190,0.0015744739705818296,0.09663375382627325,0.9003606627499497,0.00021710787195206046,0.0012140015812430816
191,0.001619202748972833,0.09443749156431265,0.9022198324791446,0.000504078769817476,0.0012193944377524408
192,0.0011558958768935674,0.08766384170516724,0.9099219393087268,0.00013012942215052652,0.001128193687061942
193,0.0013682907149736195,0.071452399567357,0.9256960007728599,0.0005176117715752472,0.000965697173234349
194,0.0010235692043692947,0.05979870268621064,0.9380050161062561,0.000303364354072324,0.0008693476490916386
195,0.0010593446690879776,0.06545327227024521,0.9324254071520837,0.00018564499162988321,0.0008763309169533632
196,0.0013768355127481192,0.08723251148993967,0.9096857654806262,0.0002987995219566858,0.0014060879947295716
197,0.00098010735082101,0.06541585589500941,0.9324560441891934,0.0001304410281125959,0.0010175515368636874
198,0.0015647767474229854,0.07828738022326841,0.918294430961053,0.000488505151828063,0.001364906916427547
199,0.0006473704586210182,0.034043465331540276,0.9646018260104966,0.00010186341043627893,0.0006054747889058029
200,0.00035905389260488916,0.029774237220991765,0.9693859241058275,8.960712423342753e-05,0.0003911776563425641
201,0.00032425613191966766,0.032709023857897215,0.9663809937309903,0.00010216680222428396,0.00048355947696846515
202,0.0005543134821845307,0.04237139134092307,0.9558279370287563,0.00016867225120762385,0.0010776858969285975
203,0.000506514235969486,0.040830142969893055,0.9571697853230784,0.0003601002101362509,0.0011334572609228927
204,0.00031601706694428256,0.036469940757163796,0.9625334882332407,5.9696490025217234e-05,0.0006208574526260196
205,0.0005060471990738487,0.05279125516731396,0.9456231138471066,0.00012367053803075728,0.0009559132484748896
206,0.0005152843309546033,0.03688896964998775,0.9618735130480545,0.00015080937886569786,0.000571423592137625
207,0.00045102001167462584,0.03274991469104223,0.966032054559023,0.00015088109233174672,0.0006161296459284474
208,0.00048589397128974486,0.027540938915303896,0.9706286998936138,0.0002812698631304142,0.0010631973566621196
209,0.001066594314454957,0.05089433145569911,0.9462989697226393,0.0004014689325299777,0.0013386355746766525
210,0.00109524013713513,0.05968823449448531,0.937765973049455,0.00029088874517889374,0.001159663573745817
211,0.0010276073320555756,0.0707367037672083,0.9267587345586077,0.0002723710112183275,0.0012045833309101608
212,0.0006319943377616996,0.04103399374005358,0.9573360493738782,0.0002121171165827988,0.0007858454317237826
213,0.0010615282369134914,0.04254727606316506,0.9548192815740082,0.0003644306895736999,0.001207483436339647
214,0.000641250454499887,0.063027309615212,0.9352145409521859,0.000176276121883723,0.0009406228562185326
215,0.0008475735589522212,0.059427925823281456,0.9378586137059342,0.0003502352164445024,0.0015156516953875787
216,0.0005800547134322056,0.03890146303851969,0.9591335125466676,0.00025191704873380507,0.0011330526526467035
217,0.000737840205591566,0.059199534887855815,0.9389748858060487,0.00021158594824306534,0.0008761531522609202
218,0.0009519937813301017,0.04609690543428954,0.9512393450500793,0.000325975934898733,0.0013857797994022863
219,0.0005534926378169632,0.039243080469600254,0.9595092567168817,0.00013292509856304707,0.000561245077137939
220,0.0007770637676407496,0.04787377317101774,0.9502476665111341,0.00017058515275842755,0.0009309113974487788
221,0.0012294516423158911,0.04141826729344412,0.9550903992593158,0.0002704646023650392,0.0019914172025590694
222,0.0026551852823467185,0.06535897995790026,0.9277354445329334,0.0007510710943447078,0.003499319132474925
223,0.0016018096934132516,0.045541911904337144,0.9496925906778314,0.000388491076923519,0.002775196647494675
224,0.0012862874748575566,0.04430151487621449,0.9491804653024718,0.0027360533391936124,0.0024956790072625866
225,0.001985797764351729,0.0410248498243789,0.950480092405496,0.002794947063093538,0.00371431294267974
226,0.00621344709892934,0.10606283322096956,0.873658652446714,0.005747557714464317,0.008317509518922796
227,0.00854643096544401,0.06577752874389438,0.908629142754077,0.008520453852601969,0.008526443683982454
228,0.08002173735024762,0.3722995794665182,0.20479473139430562,0.029394195840458985,0.31348975594846956
229,0.162739547667274,0.3855724806557099,0.047438678451768655,0.028224218681779937,0.37602507454346745
230,0.30974048461174236,0.157766172166404,0.019951824403196126,0.04184648108305071,0.4706950377356068
231,0.31751418564855,0.19165611111649675,0.020467897167352946,0.016686566914247743,0.45367523915335256
232,0.3755926637644991,0.22154308940473555,0.020193030789819086,0.09732393627244638,0.28534727976849983
233,0.2316272175691603,0.20613153187792235,0.03434721559730124,0.04747638465909682,0.48041765029651934
234,0.13948095678852773,0.24075697704076748,0.044834048662012675,0.06626871862898931,0.5086592988797028
235,0.13843809148355593,0.40706928421266086,0.045052309433380455,0.09898514295645378,0.31045517191394906
236,0.09671965731686172,0.5646160266516995,0.12401146411020388,0.05772835967558445,0.1569244922456504
237,0.07911866909663699,0.5328469355265522,0.19894261488234793,0.08406723393652912,0.10502454655793383
238,0.07304542173438117,0.6886663636691982,0.19788148027203498,0.012529870258611834,0.027876864065773804
239,0.05596099082267715,0.6231375289661087,0.2856564112687364,0.013917329605654633,0.02132773933682293
240,0.032788183624369006,0.5545324727599162,0.37784623031983866,0.01196139862159118,0.022871714674284966
241,0.013124011438035798,0.6764442985079461,0.2905223749737766,0.005077554134567061,0.014831760945674538
242,0.026236303872364707,0.622639651155065,0.3362332193631689,0.005287869847135794,0.009602955762265407
243,0.0172394932636163,0.4798113740728457,0.48563658768510615,0.009569226694614123,0.007743318283817946
244,0.03656804991903755,0.817615704770992,0.12333646168466456,0.013490171091999664,0.008989612533306301
245,0.03238360235042514,0.8116279971294154,0.12695345648101528,0.018112468442024004,0.010922475597120335
246,0.016706836799848523,0.7551617815584736,0.214192605153859,0.009349414752872301,0.004589361734946693
247,0.04737652258336783,0.6729903418934309,0.25728243422446917,0.015638080936744344,0.0067126203619878155
248,0.13660853771201437,0.38053747997215853,0.011469634522533176,0.02635791102162756,0.4450264367716664
249,0.27546666840697187,0.6778513389156607,0.02045470007501743,0.009823274497269621,0.016404018105080236
250,0.15957332934286264,0.7867586604669023,0.016987022852218286,0.006375514988289995,0.03030547234972677
251,0.07143380508511989,0.824446395831403,0.09087809721633518,0.0009299934044574048,0.012311708462684564
252,0.04838707542194621,0.8801363751752483,0.0575730079488257,0.005094638590728227,0.008808902863251401
253,0.038276546432593594,0.7278433108393634,0.22766530573296914,0.0029748234792810516,0.003240013515792869
254,0.023538724455489556,0.6787663035434154,0.2922838712207465,0.0029411920010789607,0.002469908779269501
255,0.017350844183010212,0.5631553116477962,0.41432198643735524,0.0024430680039560742,0.0027287897278823097
256,0.0276495188280637,0.6624929967680275,0.30372202207103066,0.0028863884734282004,0.003249073859449842
257,0.01900366628000335,0.5877937394732755,0.3749794207391038,0.008715242277429884,0.009507931230187528
258,0.0191853605196398,0.41634745383151717,0.5552979923845002,0.00547018169962331,0.003699011564719533
259,0.021029861183084086,0.2763283662003222,0.6935451508374014,0.0057408935466227665,0.0033557282325695817
260,0.004855109968189788,0.2618889633711798,0.7285716808078837,0.0018575109269868264,0.002826734925759802
261,0.003830903810224178,0.23574216797462672,0.7581160458251257,0.000714003147421301,0.0015968792426020969
262,0.004537525024109957,0.3124309142830236,0.6810527542986514,0.0006297299808199561,0.0013490764133950353
263,0.0018542661417717426,0.23757967837029104,0.7592504674093092,0.0002817295869260928,0.0010338584917017823
264,0.0015773600909632175,0.2068179887984321,0.7897430758053446,0.0006806889450845196,0.0011808863601755187
265,0.0014980625713008038,0.18232278829657256,0.8143065781709292,0.0006471352561512008,0.001225435705046182
266,0.0015136836967146949,0.17186945776681847,0.8254901054832905,0.0001916506664458613,0.0009351023867305297
267,0.0027609243466787687,0.20029766436293395,0.7918819740135167,0.002791754387135812,0.0022676828897349173
268,0.007841792571170441,0.12477728520638481,0.8519314192204952,0.009845719222761519,0.005603783779188168
269,0.003828511282637532,0.10643466003629015,0.8858231245087437,0.0021419142919970264,0.0017717898803315904
270,0.0060792759197329784,0.18727907300390556,0.7923209491105079,0.002955401568300793,0.011365300397552762
271,0.0053545819971773925,0.19197545903494087,0.7959038714559671,0.0012381507013674875,0.005527936810547141
272,0.0027782546443832477,0.3123038376362539,0.6831576113022951,0.0005998607863154598,0.0011604356307522445
273,0.006842849628038676,0.39461203420079055,0.5967521606808052,0.0005678589376842848,0.0012250965526813219
274,0.00660504618454727,0.4693400831507076,0.5216969996608303,0.0008868647069622402,0.0014710062969527085
275,0.008977797376022074,0.4375561329935456,0.5511615083881864,0.0009690920440904051,0.0013354691981553504
276,0.014277413364738274,0.6582099809718446,0.30283230764468966,0.009363863449010712,0.015316434569716772
277,0.015891339130377213,0.6363713247816459,0.34390264357619077,0.0019321709117259467,0.001902521600060163
278,0.005728424623450763,0.43454791544919985,0.5572921599044067,0.0010934298146656563,0.0013380702082770315
279,0.013765602920650393,0.559925617238623,0.42218358457826854,0.0016508054432772068,0.002474389819180648
280,0.0058508043530730285,0.539443345219019,0.45272646985959836,0.000977772527947153,0.0010016080403624286
281,0.004239146264693937,0.4109660649386392,0.582158385156225,0.0013144844904305901,0.0013219191500113098
282,0.005047871300072309,0.30702350130286504,0.6859468945274838,0.0008339444722562161,0.0011477883973227147
283,0.004382136894341146,0.22769155232293584,0.766716540923472,0.0005601628717681315,0.0006496069874827787
284,0.0025003079502243343,0.15189995534935138,0.844285732728765,0.0007576414612916069,0.0005563625103676606
285,0.0008010757962388558,0.10894347548384761,0.8891162013835469,0.0007400679050207299,0.00039917943134612055
286,0.001235204827213346,0.11197921108363514,0.884000752657139,0.0013576726402288694,0.0014271587917834981
287,0.0019594566575717558,0.16823938049986414,0.8286710146785875,0.0003466270119566992,0.0007835211520198545
288,0.0011213267668117013,0.11828268800021206,0.8780955777682569,0.0013503324229375935,0.0011500750417818572
289,0.009237880394198953,0.297798866981209,0.6887237123590793,0.0015904275604272738,0.0026491127050855684
290,0.007742407742175437,0.2584933086743667,0.7276178785456546,0.0037440969576395815,0.0024023080801637052
291,0.011952425849885413,0.3365976614126721,0.6421503368222323,0.006420106267707192,0.0028794696475031105
292,0.012673522512335188,0.38253705395342724,0.5921646593958898,0.005613480587934845,0.007011283550412962
293,0.012113493253443347,0.3470178996440311,0.6207827003161435,0.003550953058798209,0.01653495372758387
294,0.026879128699282214,0.759409050979493,0.19204213271974974,0.009390362795213122,0.012279324806261932
295,0.014771889779683764,0.8031623362011631,0.1711706552916214,0.0044480113416385915,0.006447107385893178
296,0.0303726782784542,0.8431142788036761,0.10785096891422172,0.0025653418819928647,0.016096732121655077
297,0.03030116367062501,0.8602837740136028,0.10429867389651562,0.002263027430817075,0.002853360988439409
298,0.023561497914783874,0.8453318013409338,0.11864152823889806,0.0008637292096878979,0.011601443295696331
299,0.02658908588682945,0.8660930349560287,0.09617752231619452,0.001928029123909783,0.009212327717037432
300,0.022518377598055236,0.843504596250246,0.12659013245239845,0.004844388361864259,0.0025425053374361745
301,0.021145519970846918,0.8403266877184733,0.13440867684636884,0.002085821180528106,0.0020332942837828893
302,0.026111293558559703,0.8961825539320216,0.07250039927078675,0.002021759824720316,0.003183993413911581
303,0.01488475820027708,0.8380396838535253,0.14158629443975498,0.002329761568851564,0.003159501937590999
304,0.011759791688692775,0.7627456881702842,0.22164864102549522,0.0025646789341990934,0.0012812001813286085
305,0.014571439217216162,0.7786782222331929,0.19860622223769298,0.006182914993171035,0.001961201318726777
306,0.03183032812497693,0.7627752751984137,0.1617200314755287,0.033842871810199904,0.009831493390880802
307,0.03220782136648054,0.653415704215636,0.17939744628074475,0.1153446402137998,0.019634387923338856
308,0.04959163379102623,0.775436733484649,0.08062316434969118,0.08275615349255817,0.011592314882075513
309,0.04647471995003798,0.7654228374946341,0.06367648949545279,0.10857068737156413,0.015855265688310777
310,0.1115724676558758,0.6585305784507388,0.012641932527348862,0.19457040669063086,0.022684614675405564
311,0.10300739946706851,0.5871000027942027,0.008139611945493562,0.28510323843062035,0.016649747362614774
312,0.06221301052267301,0.2802131357770195,0.001348450209174241,0.6454586443702917,0.010766759120841523
313,0.07353581617008274,0.4059534742234715,0.002208481284190304,0.4750785606497859,0.04322366767246958
314,0.0814561493486005,0.09298924441588637,0.0002940766691388572,0.7873648900092752,0.037895639557099015
315,0.14344045398172525,0.1215462226711198,0.0006189554767948549,0.7137958201010975,0.020598547769262426
316,0.13750545334648842,0.13770508136439313,0.0014181137684561376,0.6790885918149685,0.04428275970569385
317,0.09792110301860253,0.08282593514980345,0.0004813657846145515,0.7879236588007987,0.03084793724618052
318,0.05130598728905534,0.11623482919387675,0.0004649750017089483,0.8238984396904664,0.008095768824892558
319,0.10403366200963993,0.09745975093179658,0.0005988161894771837,0.7595373344953321,0.038370436373754126
320,0.029184718276768218,0.13707880022915886,0.000688480549386667,0.7898447766326914,0.04320322431199493
321,0.03025788973294848,0.08000047856445806,0.00044246055184540736,0.869745901969635,0.019553269181113102
322,0.10391401275280779,0.09765356570400814,0.0009399011600206046,0.7661887550602811,0.031303765322882336
323,0.03858615986135123,0.024090975880832137,9.569401911201681e-05,0.9267762673774724,0.010450902861232264
324,0.04919693326014035,0.031974813938901434,0.0001602320323894564,0.9037132239406042,0.014954796827964746
325,0.058283504327808565,0.03515348725512042,7.008223821162038e-05,0.8998493768488779,0.006643549329981551
326,0.0645965074920005,0.03481353541603724,0.00013707018161003638,0.8888337248275706,0.011619162082781485
327,0.05344409104438937,0.061354941969076184,0.00034310785569032046,0.8698606687736913,0.014997190357152754
328,0.12582964479010167,0.0749888364315674,0.0005086739500625267,0.7369305834582249,0.061742261370043454
329,0.0244092170333657,0.053772372291277216,0.00034479781558419413,0.7891377099652241,0.1323359028945487
330,0.027351603906535855,0.04872412943898885,0.0003345631151798741,0.8651507722084345,0.05843893133086083
331,0.055736241321979074,0.05124123803346012,0.00025400531414147815,0.851775870477043,0.0409926448533765
332,0.08607717743720354,0.042590291035515454,0.0001596487976516928,0.8153823747311136,0.05579050799851556
333,0.07827188219618657,0.07586127939633543,0.0002960522252473147,0.8189889834876626,0.026581802694568123
334,0.0924712240895818,0.05467174311985303,0.0009559160490606623,0.5995395741089757,0.25236154263252886
335,0.08663238798021733,0.057996164867667205,0.0005276313200752358,0.8119454361407621,0.04289837969127817
336,0.14979938943573928,0.05988256432604063,0.0008797687199184438,0.692085121842124,0.0973531556761777
337,0.18627132700672255,0.06837020265853519,0.00022502011556179902,0.7138482101084999,0.031285240110680734
338,0.09797478314179053,0.0924658946996978,0.00017026682847393244,0.7986417318775231,0.010747323452514682
339,0.10303926908769467,0.09397141573298816,0.0003380043873718753,0.7847316443396117,0.01791966645233358
340,0.16345102867807632,0.1487528877597525,0.0007481198661009194,0.6649254356178573,0.022122528078212904
341,0.06321394319737107,0.042203084813432344,8.693785834616812e-05,0.8844936967161224,0.010002337414727997
342,0.052425597726678985,0.04451265226942709,0.00023237405665004103,0.8926221037089236,0.010207272238320252
343,0.026581441003666887,0.030392007832838974,0.0001475023984895677,0.9390396802371596,0.003839368527844877
344,0.03248064880706465,0.029476038845825815,0.0002379379323927065,0.9206459509682382,0.017159423446478667
345,0.05637873956924535,0.04623020325149096,0.0003950539655687746,0.8822845073987722,0.0147114958149226
346,0.08211920393196834,0.03267797422652042,0.0005607187206935489,0.8708229316850213,0.013819171435796303
347,0.02413144460532529,0.06300646882000169,0.0009917045360814034,0.898851124527403,0.01301925751118872
348,0.024850871247358026,0.029040609296890615,0.00017167403149488526,0.935103355549549,0.010833489874707326
349,0.033492259415270995,0.05855987736527227,0.00028981956340483876,0.8936529741643222,0.014005069491729801
350,0.03956410316221504,0.043941713352967066,0.0002309101992981135,0.905347903810184,0.010915369475335794
351,0.07179659653561289,0.05703541614890031,0.00016009680918539966,0.8578135623153633,0.013194328190938217
352,0.07150981815835196,0.060593316812436744,0.00038845730328631586,0.855065793129844,0.012442614596081035
353,0.02423935392158947,0.07859330867006617,0.00029740260938417967,0.8794401345810241,0.017429800217936265
354,0.041852372503435535,0.25898566834169956,0.001598013229921079,0.6551421178721581,0.042421828052785646
355,0.14715019046835323,0.18683181376938301,0.002906449244179064,0.6371141102476185,0.025997436270466093
356,0.11665530044595653,0.19434234300910208,0.000999564100397375,0.6520845351637035,0.03591825728084065
357,0.06986761655530462,0.10556335165402664,0.0005452093777439644,0.81035996899828,0.013663853414644704
358,0.03611524688214083,0.21898062694846684,0.0006986191416760076,0.7379441113458473,0.006261395681869072
359,0.14691182873988448,0.28142832957216346,0.0019476003590979416,0.5532777991975801,0.01643444213127392
360,0.16658284384601954,0.1404648972085531,0.0018043514986068802,0.6677524198212117,0.023395487625608613
361,0.2074480285511863,0.16247861322777388,0.001603745940660753,0.484365090547988,0.14410452173239105
362,0.22488430625433056,0.29364891154185796,0.0007968895606525798,0.27257022318496765,0.20809966945819133
363,0.08183116657425195,0.8226570891867604,0.002719482199962489,0.043753385555405165,0.04903887648362009
364,0.4856754503730616,0.2794060080809655,0.0010573160987905235,0.16675839021627709,0.06710283523090531
365,0.16271832604077138,0.6941256387334168,0.003817544345973933,0.0895170035094215,0.04982148737041628
366,0.04895106157546789,0.8471025736766081,0.009391992091904092,0.012096513932077457,0.08245785872394215
367,0.07016665203597129,0.833700860728936,0.004841486640119847,0.0069723944935585255,0.0843186061014142
368,0.0956891667326832,0.8171743072675715,0.003095581558671224,0.011138414179628676,0.07290253026144548
369,0.03275400453903422,0.9236438045974891,0.012262095414822571,0.0036944596739358552,0.027645635774718222
370,0.04907738261089478,0.9294916785461217,0.006300261342208168,0.003937562796998566,0.011193114703776852
371,0.039357103470659224,0.9412972516103045,0.002080013462107887,0.004852310845323886,0.012413320611604535
372,0.05096817140480962,0.9048770493716217,0.003008556395798748,0.007299402191436232,0.033846820636333624
373,0.012530554150855487,0.9130125932537037,0.019423682612833143,0.004473869830983447,0.050559300151624215
374,0.07036716800888028,0.9033457448527458,0.006765921254403815,0.0045347132938099305,0.014986452590160354
375,0.1077003214209567,0.8471087259200554,0.016810194896294484,0.006302306858191018,0.022078450904502316
