epoch,N1,N2,N3,R,W
0,0.01315271205234682,0.0009692421874701798,0.008711384979260654,0.00018792615017170367,0.9769787346307507
1,0.057373752953410746,0.0022940250796025735,1.0682785756510463e-05,0.0005978418781809401,0.9397236973030492
2,0.20719361434737965,0.0027859296050963657,1.445335668444536e-05,0.0007210091394248866,0.7892849935514147
3,0.07529844331211384,0.0023235335463851876,1.1298891510718598e-05,0.0009560159636217675,0.9214107082863684
4,0.1748607363620996,0.003381870907669601,7.3332858892373044e-06,0.000928098478587568,0.820821960965754
5,0.5070033038652023,0.007256662062109717,2.38904439124786e-05,0.0028039750676830287,0.48291216856109237
6,0.942292998202389,0.011208636730907696,1.9627895393895767e-05,0.003248104184361897,0.04323063298694761
7,0.8513982305202564,0.06753942830563542,4.147937960119426e-05,0.02386990060313704,0.05715096119136971
8,0.4850139903040922,0.2617693605760658,0.000696112937417048,0.17520682203286925,0.07731371414955573
9,0.1061518146664835,0.7679186001238713,0.0004004620341836524,0.09593330581753852,0.0295958173579231
10,0.10976574473929512,0.8163750278345477,0.0007277348747171706,0.04205758268263806,0.031073909868801756
11,0.02553447550078543,0.9286476837782943,0.003196807417503528,0.01866531862428983,0.02395571467912677
12,0.07656651850705257,0.8613888847353776,0.002408848632740038,0.01589427097086915,0.04374147715396078
13,0.025302989016940235,0.9514450549019928,0.001586383234604074,0.013483457248482567,0.00818211559798027
14,0.08881694791896824,0.8591790759500422,0.0029507416744445386,0.03638992165381529,0.012663312802730068
15,0.01846821781424363,0.9712264114501425,0.0013330179168884746,0.003566070524079025,0.005406282294646656
16,0.008945960787942457,0.981114337995583,0.0015526675560545023,0.003820466008379438,0.004566567652040453
17,0.08856299807785302,0.8862487699678351,0.0033276164740614666,0.010153695623563858,0.011706919856686796
18,0.014789821527278696,0.9670295695644167,0.0027357422697717533,0.0038191962779237413,0.011625670360609046
19,0.010685662068869914,0.9825450795038309,0.0019716598312288056,0.002283816743142609,0.002513781852927537
20,0.010841437794981814,0.9813103581536575,0.0014729947542389925,0.0014436776937161613,0.004931531603405493
21,0.015344964834088832,0.9568170206064374,0.014489482679011368,0.006995703460474195,0.00635282841998827
22,0.0787820939924949,0.8876924216490465,0.007905673402226266,0.011317791770852936,0.014302019185379466
23,0.044445295363209875,0.9406251285913932,0.0026429590842217037,0.003752539255600915,0.00853407770557421
24,0.010223796920063947,0.9764704774082014,0.008142686252411593,0.001289208308047159,0.0038738311112759844
25,0.037959248968178205,0.9378406868726651,0.015367468296159124,0.002635372533207557,0.006197223329790122
26,0.11432487478378807,0.8659402778074142,0.0038388005578778375,0.00529647280369782,0.010599574047222046
27,0.07098131969214418,0.9084528707653311,0.0006918545113916358,0.004972181335641957,0.014901773695491399
28,0.008901785267227317,0.982160363268235,0.0034255767036224364,0.0007089496546625339,0.004803325106252713
29,0.01008786094085498,0.9502188222855186,0.0329776944010441,0.0010069531544906626,0.005708669218091791
30,0.01116270041852496,0.9641756720971467,0.013942453028551894,0.0022305132223953404,0.00848866123338091
31,0.032592064018699046,0.9038068731800629,0.02984249631246157,0.016549134493169065,0.017209431995607483
32,0.14182603643996758,0.7958234452616454,0.008037507354484486,0.041992874578674184,0.012320136365228544
33,0.21096943412414176,0.7598128923560089,0.003882589312257098,0.00783429403417728,0.017500790173415045
34,0.12360926102707732,0.859700322257992,0.005182860486437557,0.003979404719804248,0.007528151508688851
35,0.007949681553621924,0.9792781560657003,0.00977104242061541,0.0005199783459549414,0.002481141614107501
36,0.015876765882302687,0.9738321339574776,0.005059872055302457,0.0012800931644246821,0.003951134940492573
37,0.03353253241157431,0.9430070971707408,0.015318151522353782,0.003477254901627152,0.004664963993704029
38,0.006081614947878814,0.8824713053533793,0.0972132726390235,0.0029278948115134575,0.011305912248204887
39,0.0038371136402401977,0.9554973464996057,0.03490392865131658,0.0010450872456394097,0.004716523963197977
40,0.005071163893953009,0.8961813223442546,0.09255410606566196,0.0015402912693028687,0.004653116426827437
41,0.004063206945059557,0.9131557908107526,0.07636179930249969,0.0022880187191590975,0.004131184222529069
42,0.005069527423587567,0.912897965146101,0.07431905265242549,0.0030122041598579035,0.004701250618027987
43,0.038331593980703085,0.9116397215719412,0.0381913388081505,0.003175403549297034,0.008661942089908458
44,0.31768489639907715,0.6356498698039492,0.007827790801522403,0.011973609119593833,0.026863833875857442
45,0.041257189419128926,0.9239901147138656,0.027689392001247027,0.00045868704123815747,0.006604616824520143
46,0.016675884638922733,0.9572217873329386,0.02093976924252016,0.0003276499958552082,0.004834908789763298
47,0.003296642244424211,0.8836822377968625,0.10973171080764005,0.00020458775380142603,0.0030848213972718254
48,0.0020229443700162026,0.7866340738109144,0.20580369321873843,0.0002008343809037329,0.005338454219427126
49,0.005436865112023793,0.7845370132226709,0.19713952309322957,0.0009580096255763173,0.011928588946499353
50,0.005466721855105564,0.7075645253191502,0.27829226599697143,0.00025515060427427124,0.00842133622449872
51,0.0032957704314872005,0.7321038954203798,0.2593933270877376,0.00020975913348040117,0.004997247926914954
52,0.0073668738636897,0.7402337936654567,0.24427369451013276,0.00034199700083349416,0.007783640959887381
53,0.0009546856027249593,0.6370292021401491,0.3587246379136228,9.033988507718779e-05,0.0032011344584258607
54,0.0016645594148729478,0.7515859924042513,0.24198288781033614,0.00040335410456905933,0.004363206265970478
55,0.0015175544731629313,0.5705727118092457,0.42190966762510984,0.00011871633456833086,0.005881349757913136
56,0.0008524954694820522,0.5006131337053487,0.492999554766448,6.664299148557505e-05,0.005468173067235668
57,0.001344138838939827,0.5478474614111918,0.44545883754217763,0.00018241911348158387,0.005167143094209131
58,0.0008442240361755233,0.5928198374707311,0.4028198708271624,0.0001712401465869888,0.0033448275193439783
59,0.001642559342945477,0.5175666834841228,0.47535520282226373,0.0004895611853392207,0.004945993165328763
60,0.001017778831200382,0.40512522897428316,0.5901576823606618,0.0001805192965895237,0.0035187905372651555
61,0.0005731630606486436,0.2690879945034857,0.7272034194840129,0.00012794578971446317,0.0030074771621382275
62,0.0007190936535648998,0.3580950201599378,0.6379026651276263,0.0002362205080538646,0.003047000550817133
63,0.001282702203220431,0.4643002823903927,0.5310312704636592,0.00014640010948331554,0.0032393448332441867
64,0.0008418960004040906,0.4089576086007369,0.5879755051404169,0.00014600837859053014,0.00207898187985163
65,0.0015848856927594863,0.45218787515340103,0.542363208068902,0.0004004887901696223,0.003463542294767737
66,0.0014623040764412982,0.43752452471607234,0.5573632213181561,0.0003174772743716214,0.003332472614958623
67,0.0008638613572448585,0.34890427808836644,0.6465651040320741,0.0002504627239140509,0.003416293798400646
68,0.002945560533261512,0.6100777866399807,0.3788333833261757,0.0006441315842507004,0.007499137916331407
69,0.001053975024684109,0.5036227396802242,0.4899248869554151,0.00027693133238673886,0.005121467007289845
70,0.0019929632765786458,0.6442280081079438,0.3475440118786507,0.0006360971264844358,0.005598919610342458
71,0.0022948104647810223,0.6900212322856637,0.3005285378670872,0.0006751091393943462,0.006480310243073666
72,0.0030748705296096217,0.6494570622796313,0.3393370612975078,0.001122864248413887,0.0070081416448372034
73,0.0020152483246883013,0.6038993010348598,0.38312530254465094,0.0006642808273664951,0.010295867268434539
74,0.007738970499719669,0.775334599784289,0.19807051919215163,0.0036640334250316355,0.01519187709880814
75,0.20935784995112955,0.15412171763395902,0.0018641022317192899,0.015173072102367369,0.6194832580808248
76,0.668639650790478,0.19811851824695945,0.0037885091662288334,0.029057924408270278,0.10039539738806326
77,0.30331051915985013,0.6673910822410953,0.0021388775683371993,0.009727664220292547,0.017431856810424695
78,0.1607990343050168,0.8067486971942834,0.007961719663902004,0.009135799450779882,0.015354749386017903
79,0.38086421579739227,0.5056772201432106,0.001095725231238076,0.09636296171000662,0.015999877118152518
80,0.01553137865438509,0.9466576087041759,0.000977192581218355,0.034090462362604296,0.0027433576976160687
81,0.0700804894195709,0.828137809730238,0.001727908673238121,0.08873633010117073,0.011317462075782153
82,0.020663496126912137,0.956531479361563,0.0007740303312894942,0.020006093920955224,0.0020249002592802033
83,0.03981360487817517,0.9258297404422502,0.004687422407085203,0.024677239048707195,0.004991993223782121
84,0.19920554978122124,0.7297458543515338,0.0011845007899423652,0.0600766363409668,0.009787458736335668
85,0.05513804908220277,0.9127159389941442,0.0007109517437203123,0.0275888201120686,0.003846240067864016
86,0.009825403105960235,0.9490659041420915,0.02825995858325363,0.009736804929615383,0.00311192923907913
87,0.08181568149803645,0.8902946677564411,0.004169246516446477,0.01819045697452227,0.005529947254553621
88,0.01715800850113745,0.9214767586167132,0.04524686650765103,0.011475634680173388,0.004642731694324893
89,0.4402607384148717,0.4488538424826601,0.004801946235839439,0.07934157633338555,0.026741896533243277
90,0.047686023853050895,0.9407164797583486,0.005581194867649922,0.0031130302969794256,0.0029032712239711288
91,0.016444722643452196,0.9687632004973941,0.011475038316419295,0.0008370553478141583,0.002479983194920473
92,0.031132582245301875,0.9535535671044478,0.008536086925684553,0.004017195048396246,0.002760568676169522
93,0.0017409617615294056,0.8877988454273382,0.10773589099857948,0.0004653861923411547,0.002258915620211792
94,0.0029052525141261246,0.8572334075585791,0.13623931024566105,0.0006366555147529026,0.0029853741668808757
95,0.0013082528250375855,0.5665840530010627,0.4293659297349051,0.0002995570473747138,0.00244220739161981
96,0.010968770130312794,0.7742010773314417,0.2038291692690294,0.0017565717886891083,0.009244411480527017
97,0.0019073746432241706,0.36543059024605395,0.6273722913038464,0.00017137987828187083,0.005118363928593439
98,0.007792659660924651,0.7444693702611923,0.240959365977281,0.0013845380945722125,0.005394066006029914
99,0.0011724036581718124,0.568030312489764,0.42827876121164365,0.0002743662156618909,0.0022441564247587097
100,0.000968226750970322,0.3945664987460149,0.6013100076619554,0.00030014066958603577,0.002855126171473496
101,0.003831137526907537,0.7023569687089076,0.28672016503294195,0.0025429024626967187,0.004548826268546009
102,0.00498477763676309,0.6356054765549252,0.3519753026068316,0.0013102159764142632,0.006124227225065885
103,0.01629488226902743,0.7897213758825785,0.17623259323644533,0.007561239196976014,0.010189909414972772
104,0.09697414464326085,0.7278960324552696,0.04304473240046692,0.10375961523998242,0.028325475261020253
105,0.12412695258228802,0.6731750624272174,0.02266280183565784,0.09363872588013981,0.08639645727469691
106,0.262709988721414,0.5506827566755821,0.007134203110725301,0.09501319739479903,0.08445985409747939
107,0.17818093257440648,0.4639457072753017,0.002604956970522149,0.16514224565648908,0.19012615752328055
108,0.03878659598059196,0.04461873534795598,0.0004728249249633623,0.011608885029185143,0.9045129587173035
109,0.04205461291957234,0.013117691950164753,0.0001070196729595149,0.002989455632709724,0.9417312198245936
110,0.15985126846951897,0.0075141007141408785,7.904345883580779e-05,0.00235808905149142,0.830197498306013
111,0.02504524387879924,0.0032775496825589653,4.757379707458611e-05,0.0003481625047993253,0.9712814701367678
112,0.000999735078095848,0.0007195183757040093,4.460769261031997e-06,1.3834537040285088e-05,0.9982624512398989
113,0.0006912500423309381,0.000528466072711345,4.011024896038543e-06,1.1462383531343226e-05,0.9987648104765304
114,0.0005485700759206641,0.0006462472290007449,3.0752384874132273e-06,8.163101001546939e-06,0.9987939443555898
115,0.0003229137975063294,0.0007014110039658082,6.818647483325592e-06,1.8101113222917656e-05,0.9989507554378217
116,0.001140426728958543,0.0005237725530223152,1.4374887999705703e-05,2.0643210466800613e-05,0.9983007826195527
117,0.0009356460692571943,0.0005017514553764596,1.0389261960435196e-05,1.8791960427201395e-05,0.9985334212529787
118,0.009119265365068015,0.0006327177508232561,9.609238015981429e-05,0.00014655443364973618,0.9900053700702992
119,0.013120305918790728,0.00037403615382313366,1.4391140131279995e-10,5.7813902216232784e-05,0.9864478438812586
120,0.032550088230476996,0.0010207072964321482,5.003176244750246e-06,0.00015416940139883212,0.9662700318954474
121,0.1984483935699444,0.008445682933656329,1.3758821168802264e-05,0.005050409448537483,0.788041755226693
122,0.05273874840503935,0.00483843896679762,3.76266160468129e-05,0.000412936083432808,0.9419722499286834
123,0.5282467594812665,0.10386884989265753,0.0007302649540465704,0.007624674254586333,0.359529451417443
124,0.2878534116574855,0.4771635665975096,0.001074429657900746,0.038094565058763394,0.1958140270283407
125,0.14865947662761267,0.07207946284817159,0.0002644676686151135,0.037092951909213204,0.7419036409463874
126,0.36197621012189823,0.264703655662653,0.0005532334562596185,0.34374223673112386,0.029024664028065313
127,0.11396049344775597,0.5866319358088758,0.0003039789669248632,0.28492780288401376,0.014175788892429672
128,0.09858043361992616,0.5352084304989875,0.0009715025458307346,0.3576827346858739,0.007556898649381696
129,0.1219603923088074,0.16031839054482913,0.0003755255774797141,0.5479053282419788,0.16944036332690487
130,0.08783046711223548,0.08931767697881283,0.00016642453923660264,0.8160254032766926,0.0066600280930224935
131,0.05274422002650705,0.4691297786211744,0.0003213093194117657,0.4663007255030883,0.011503966529818556
132,0.10163528169256629,0.26630675093565376,0.00010658845489092535,0.6258465400342578,0.006104838882631396
133,0.04221108185951539,0.42630313669317565,0.0003325383437714695,0.5232624112608124,0.007890831842725111
134,0.0628684640202369,0.08620313682641706,3.5078528438681483e-05,0.8406176241318715,0.01027569649303588
135,0.03461964598258396,0.4625926865380485,0.00020199562134926892,0.49928300568880096,0.0033026661692173802
136,0.16582418260896356,0.23938426929496,5.603618425789606e-05,0.5667532703087228,0.027982241603095728
137,0.135079486879121,0.5608338244243365,8.161595635942049e-05,0.29384898978867097,0.010156082951512178
138,0.02695408341161757,0.8805406684037682,0.0013170240511595742,0.08832501883345494,0.002863205299999575
139,0.12940662426708924,0.5457502297503884,0.00039903176376707557,0.31238825139987003,0.012055862818885118
140,0.047420373513145625,0.7816515219633042,0.00026078967407459187,0.163047839867707,0.007619474981768606
141,0.023189881362420246,0.8776712472257976,0.0002839347659429855,0.09532264866058077,0.003532287985258557
142,0.029336325804263895,0.9174335756128549,0.000614121751285859,0.05045553449892253,0.002160442332672949
143,0.03993035162125391,0.8025260302536655,0.001974394569601289,0.15228603239084576,0.0032831911646334275
144,0.032022218154421696,0.7807559193914375,0.0009977704135747726,0.18200688752693614,0.004217204513629959
145,0.021566758895718647,0.7762201504574092,0.000332415683317806,0.19837553073248393,0.0035051442310702697
146,0.022585061162771675,0.7515207827677529,0.0014393032884209372,0.21862087158737745,0.005833981193676986
147,0.013711816842886006,0.8692482695711348,0.0008957107038453845,0.11440873777329304,0.0017354651088409751
148,0.10490370898573546,0.10021159348149192,0.00012223527467222856,0.5362073166170718,0.25855514564102855
149,0.09131780527686673,0.3357619710202066,0.0005553441629405646,0.5611164959509698,0.011248383589016375
150,0.2832497189733493,0.20657398820829267,0.00012458019224310314,0.4843687541935346,0.02568295843258061
151,0.301715595985222,0.4515005258194363,0.0004347660152524078,0.23565574653793162,0.010693365642157759
152,0.14691020902888433,0.6930669543781058,0.0003775145198411827,0.1534945602555575,0.006150761817611169
153,0.10280601149107796,0.7566443109739595,0.0011469900255503664,0.13201867086679808,0.007384016642614017
154,0.07137541246327865,0.8214698723055892,0.0008594702848888275,0.09808538167640996,0.00820986326983328
155,0.030683835817133534,0.9502865358460078,0.0010723776557961396,0.015397144160620633,0.002560106520441859
156,0.038570235625680335,0.9486866438790483,0.0010082461924126734,0.00786283287267984,0.0038720414301787894
157,0.02616277228374235,0.9639006167853774,0.0024920824704563324,0.004933767762572558,0.0025107606978511626
158,0.007782467341645416,0.9848272768281797,0.0052325884114324695,0.0013102906274709532,0.0008473767912713199
159,0.02782826204606796,0.939259526347789,0.019740747516134867,0.01057538428227945,0.002596079807728711
160,0.016058438668220296,0.9333507134129254,0.0405105620007755,0.00569464298588534,0.004385642932193568
161,0.05984076580040626,0.8914829116618617,0.028852053609361564,0.008988961877702891,0.010835307050667679
162,0.08457347926588009,0.8723479765696547,0.026033662353697747,0.008645645466403406,0.008399236344364205
163,0.08223778020613068,0.8811737384093704,0.023761102588376697,0.006694821243317749,0.006132557552804213
164,0.02968430986593396,0.9442877942636789,0.018246219117985376,0.004197847205928749,0.0035838295464731347
165,0.0067408183283022135,0.8965991354528098,0.08783628419679726,0.005429931777239877,0.0033938302448509876
166,0.020233466735759827,0.9028980353148994,0.04831783045685187,0.022477462533501212,0.00607320495898753
167,0.05501637434725756,0.8344196200932668,0.03317644687478724,0.06508625293823045,0.012301305746457995
168,0.4472787328116907,0.2212763330580815,0.0007070026387570772,0.05063771825403192,0.2801002132374389
169,0.37734921417328193,0.5840955928362775,0.0025099002890680523,0.021883939321759527,0.014161353379612914
170,0.12271779559626293,0.867470506168861,0.0004890160979389956,0.004753223762228864,0.004569458374708386
171,0.10316998547874756,0.8897167302512639,0.002434202764520038,0.002652931561598954,0.0020261499438697784
172,0.03719362251120416,0.9460351518030048,0.008495991492671908,0.006190449596466776,0.00208478459665234
173,0.00984055811497594,0.9760524892368259,0.008928514850548653,0.0037490498941835783,0.0014293879034661383
174,0.0011851027897335342,0.8407236297406523,0.1548035644243764,0.001015718944674897,0.0022719841005629455
175,0.0026458204490594816,0.8277536445829704,0.1646883126957349,0.001736882267793629,0.003175340004441616
176,0.012751351037652727,0.9377420976682544,0.043571506078918756,0.0018221779691550484,0.004112867246019145
177,0.00203407520634132,0.7498624965287267,0.24424451858298388,0.0006063233552715063,0.003252586326676601
178,0.0010590807328396835,0.8497415501032118,0.14680839539044602,0.0005898697818271906,0.0018011039916752182
179,0.0026137914229622887,0.5418226856103506,0.4522277333888122,0.00044763999770786836,0.0028881495801669553
180,0.0019219580545575168,0.44900001172888554,0.5460679851080448,0.00048712540993460436,0.002522919698577645
181,0.000990851633478812,0.5155687655559944,0.48009415371084885,0.0005705388752433962,0.00277569022443461
182,0.0013800609807538844,0.41458748046568167,0.580768833433306,0.0006203248346389929,0.0026433002856193575
183,0.0014005164459367644,0.41472501398489126,0.5797988360907884,0.00047388100125008413,0.0036017524771335906
184,0.008490702695703536,0.7943205700625084,0.1816857106999689,0.008236597091610462,0.007266419450208677
185,0.003235911552152672,0.5628439958336114,0.42514882815438887,0.0028737748272671336,0.005897489632579926
186,0.13027993719235376,0.23676350012784883,0.010837253530051678,0.018350087746774848,0.6037692214029708
187,0.3666278337748432,0.4986886031159392,0.0013014511795048675,0.017876741409434172,0.11550537052027876
188,0.5537642858015959,0.38530379096983386,0.003184600092188066,0.0369282754312069,0.020819047705175335
189,0.2156423589595174,0.7706575618366593,0.0019750995372732508,0.0020339378736272534,0.009691041792922628
190,0.16108589876707097,0.8119649067102828,0.0012467522115683504,0.01703839401675645,0.008664048294321413
191,0.26733223649883453,0.6536047077132122,0.003221120076644986,0.05530837658061208,0.02053355913069617
192,0.08066357575521696,0.8998900537182941,0.0013416781822840518,0.013300561837388949,0.0048041305068159245
193,0.008530668544276946,0.9785709531234699,0.008537501744368074,0.002667560019160701,0.0016933165687242108
194,0.03682367924065216,0.9465891088230522,0.009581869290430811,0.004486403169095693,0.002518939476769304
195,0.019164324938165285,0.9460324349929751,0.02847033884649077,0.004056689186042529,0.0022762120363264975
196,0.01728098338594805,0.929483091996177,0.04030015685959792,0.0076401253933657395,0.005295642364911318
197,0.003617903175399284,0.8132685958735213,0.17400578765918132,0.003777872510589635,0.005329840781308443
198,0.004280081430054538,0.6483899671768378,0.33574984942559,0.0014089875200465124,0.010171114447471144
199,0.008822023507592062,0.7569768897464453,0.22179983787438634,0.006038472989429608,0.00636277588214679
200,0.008625588684195261,0.74461893847854,0.2396848229442494,0.0023884991382035685,0.004682150754811898
201,0.004212650986559823,0.7918708958518443,0.1983201947891534,0.002278208387784548,0.0033180499846578995
202,0.002078824375287638,0.7510963401546958,0.24062149163564506,0.0020977483432785596,0.00410559549109298
203,0.003956612634045068,0.6799654750557161,0.30336038480139754,0.007387683672430946,0.0053298438364103775
204,0.0015936533548169117,0.4229136671809049,0.5697122832485959,0.0019153696645140942,0.003865026551168239
205,0.007379476016681292,0.49939573975406204,0.4776366447422878,0.006978159205545218,0.008609980281423546
206,0.2998333195550539,0.5145272819731948,0.01698397680815378,0.07610610620172505,0.09254931546187257
207,0.39047707645857493,0.29976957271379345,0.016188170763862156,0.26098477225793265,0.03258040780583688
208,0.4628990134659649,0.43028865658339227,0.008064124722555887,0.06619131262181607,0.03255689260627092
209,0.7168670445597614,0.2284270139336139,0.0009233159673044724,0.03337828247583073,0.020404343063489577
210,0.059469224454832874,0.9137912021183402,0.00030295247575888964,0.02264074517688141,0.003795875774186412
211,0.037397876660146046,0.9437427796175359,0.005398851987006056,0.00852480075710197,0.0049356909782098035
212,0.05870063577445621,0.9141634044339042,0.008970924579937176,0.012798163918524525,0.005366871293177705
213,0.01154626669600461,0.9344145013935043,0.04305926998257535,0.007266501631897291,0.003713460296018318
214,0.006049431836097611,0.9272968019842391,0.05912239841585841,0.004195811639388888,0.0033355561244160334
215,0.0039076115384284,0.9179246459196568,0.07121069594394937,0.0035828954173290125,0.0033741511806364764
216,0.0028415310859093053,0.7331685696410147,0.25656152523678094,0.0025356160482162783,0.004892757988078652
217,0.00873576090830409,0.6068314128877315,0.3666594798043493,0.006228163268747137,0.011545183130867987
218,0.003784187899903192,0.5069602343813608,0.48262084501501046,0.002048504437343466,0.004586228266382052
219,0.04722454648028922,0.7662664778588667,0.1531629172906009,0.022261549203395858,0.011084509166847376
220,0.26657560969906774,0.6369187027476705,0.03561248281784381,0.04008022666346583,0.020812978071952117
221,0.13449479616829066,0.8181848726202567,0.03143032789767131,0.00966719129305033,0.006222812020730994
222,0.13527772049914247,0.8360798373276774,0.01015234547658232,0.014186020653856206,0.004304076042741524
223,0.006414426528872705,0.9218326853991762,0.0666091260008361,0.001966008609153279,0.0031777534619616865
224,0.0030759176234960105,0.9164885356522561,0.074379452101445,0.00382328090948146,0.0022328137133213154
225,0.0078105503054283565,0.8773692524706298,0.102930911175113,0.008170825338294826,0.0037184607105341188
226,0.004036874078277918,0.6750307226860807,0.3113551409130135,0.0025552206824478786,0.007022041640180042
227,0.006456158004327644,0.6793228504385117,0.30449680604013063,0.004923415074412041,0.004800770442617938
228,0.0045389310303158995,0.7297885177220594,0.2600357626707088,0.0014153319548705075,0.004221456622045272
229,0.004053890142059729,0.5822772960923603,0.4063072385048846,0.0020932972665844494,0.005268277994110956
230,0.004781089016845133,0.6955563055102272,0.29448283315304935,0.0018864208963505784,0.0032933514235280155
231,0.0033876527541821487,0.6576422433104351,0.3316146018070386,0.004770078579280882,0.0025854235490633984
232,0.0015457382181529,0.6100570550673188,0.38241683522403175,0.0032899429861051985,0.0026904285043913676
233,0.001593919053633328,0.4050917651794472,0.5900137853997035,0.00086072458881738,0.0024398057783985554
234,0.0003025735916245245,0.15898046647502143,0.8398960785230818,0.00018192600988490177,0.0006389554003875196
235,0.0018617186439536634,0.45958484905370206,0.5339723160167534,0.0013987190812490829,0.003182397204341808
236,0.0008301428406123644,0.37956564903481427,0.6166092438908162,0.0005473387631778345,0.0024476254705793022
237,0.0006378191292339166,0.40777482364538914,0.5892903760652946,0.0006823776453624162,0.0016146035147199106
238,0.0008978626783106186,0.32427289815654914,0.6723514106904066,0.0005861253301136044,0.0018917031446199699
239,0.0012306369426444452,0.3366546831536475,0.6586641328263284,0.0010984554712687882,0.0023520916061107408
240,0.0006174752581708192,0.26635577666672433,0.7293749706189516,0.0010896856834077902,0.0025620917727455137
241,0.0010881737607654747,0.29345953164980376,0.7033288449758827,0.0006386756731109343,0.0014847739404371663
242,0.001776783038183264,0.29340184984636647,0.7016239144841148,0.001423179548023257,0.0017742730833122567
243,0.0005914777408680129,0.2606570610008374,0.7371429987067873,0.00038461974315426626,0.0012238428083528945
244,0.002497689693372908,0.3079453246516518,0.6851094595394315,0.0008493519853719577,0.0035981741301717002
245,0.001262708701924803,0.4356412813422535,0.5603178653873784,0.0006808369270086048,0.002097307641434676
246,0.0005811682909805651,0.4381165327746768,0.5570937818429098,0.0011341463761226091,0.0030743707153101487
247,0.0010853960765622628,0.2347032417328398,0.7588385360777146,0.000655213086968402,0.004717613025915063
248,0.0037178802126034568,0.6051314122811114,0.37866267488573646,0.00825994006707128,0.004228092553477343
249,0.0022343134835297153,0.1707328141833499,0.8175519800146454,0.002029013725887109,0.007451878592587811
250,0.07284456191217435,0.020708177789333985,0.0018898766398157524,0.01933011042278302,0.8852272732358929
251,0.39794847088914104,0.15125475794438767,0.0008974250825522554,0.0304807879624552,0.4194185581214639
252,0.6754533638589663,0.22333283198781048,0.003111936662093561,0.047066066264578495,0.05103580122655132
253,0.4120147820480041,0.5348292515492543,0.007734837245414389,0.019459087060382383,0.02596204209694499
254,0.28995633975235463,0.3323621456688063,0.004847309804072904,0.2556516131619598,0.1171825916128064
255,0.41311037109327686,0.33679879603909646,0.0013660150308254348,0.05503394571192814,0.19369087212487296
256,0.3784430340542263,0.5290897730957944,0.003310039538365025,0.06856410769532284,0.020593045616291394
257,0.3049464181739849,0.5101438586977087,0.0011300214511293992,0.1781802755102371,0.005599426166939783
258,0.07430735895675825,0.8644211019298543,0.0010806755886779058,0.0575259219614384,0.0026649415632712613
259,0.0493177491618352,0.7248606223488356,0.0004718567172842107,0.21995118455350798,0.005398587218537017
260,0.07136674247217437,0.7569270027302603,0.001271846473542939,0.16661164774137432,0.0038227605826482033
261,0.06011990291353427,0.7990594251147973,0.0013456646286146643,0.12346461986623666,0.016010387476817083
262,0.03477498813775335,0.9044408040465892,0.002926164900992796,0.055029510764465,0.0028285321501995905
263,0.14303283988651586,0.4876956489844367,0.0008062710812171838,0.35965750486068654,0.008807735187143772
264,0.028811719228157593,0.9337498710294642,0.0006041632842420515,0.03450092292780961,0.002333323530326692
265,0.04213988492424339,0.90077421289406,0.0026554509463438784,0.05153139884676628,0.002899052388586188
266,0.07380369261493008,0.8376080833377256,0.004168217047660926,0.08125935429747723,0.0031606527022062306
267,0.010581139434810625,0.9103210662210077,0.03913971569804608,0.036746032277371894,0.003212046368763641
268,0.010701291473154708,0.8977989220290036,0.040852622186787854,0.046732783070911305,0.003914381240142723
269,0.09116584008039413,0.8197228647585146,0.0071927976493920765,0.07033508218253222,0.011583415329166983
270,0.09803330047539552,0.8520262072027516,0.002599583796793914,0.037583952840368286,0.009756955684690661
271,0.33132677909296454,0.6370181098607632,0.0013431014504962982,0.017776737414177606,0.012535272181598337
272,0.06257553234825695,0.931600224502862,0.00042280355624811476,0.0027382182487590756,0.0026632213438739193
273,0.10422747011693204,0.8884527316984852,0.0009336463181667462,0.004558981817076856,0.0018271700493392663
274,0.009711826709262936,0.9841353234282586,0.003601928965902446,0.0020276292652553402,0.0005232916313207036
275,0.012373329053705674,0.9779686819604013,0.0010635777235036663,0.007675745563089281,0.0009186656992997608
276,0.023041271254417357,0.9536321039179383,0.0004922118196415892,0.02112475168617682,0.0017096613218260126
277,0.0091155714351862,0.962569782614609,0.014525344539767795,0.011398709737216694,0.002390591673220401
278,0.36425355924887126,0.509094447570521,0.0005956999585149492,0.09624903490664785,0.02980725831544495
279,0.10587718793516507,0.8358249857364155,0.0013592793452954462,0.05068863325065054,0.006249913732473719
280,0.25745077240089675,0.5465999103396999,0.008756322987187221,0.028521497503026936,0.15867149676918912
281,0.5732355965853796,0.3325241241795624,0.0008473562470436246,0.029812529367125508,0.06358039362088888
282,0.10036749451504338,0.8249397876823346,0.006318383162291358,0.027817666180308464,0.040556668460022094
283,0.06878926791750829,0.856224878335661,0.015156330879825066,0.02439757104833948,0.0354319518186662
284,0.12319492057761522,0.684648727626171,0.014311312654471043,0.11700757895989473,0.060837460181848116
285,0.19160416208153297,0.5060299785422838,0.0018411665428122287,0.25481392341559655,0.04571076941777431
286,0.26071941916891433,0.19807416521934315,0.0007570752987097548,0.36017704769607267,0.18027229261696007
287,0.09286757439823887,0.14929315662756698,0.0006751927825709168,0.11053316493327295,0.6466309112583504
288,0.11624159676552458,0.06798809824997913,0.00019043030230845808,0.014428934252231611,0.8011509404299563
289,0.7383981555789675,0.07164905309675025,0.00022525421751941313,0.03922733186689635,0.15050020523986654
290,0.734244246921525,0.12838945539320504,0.0005528028052326388,0.0933118324109724,0.04350166246906498
291,0.31887083219116014,0.10555916595656872,0.0008185947144888639,0.5340155005617372,0.04073590657604517
292,0.00947373803802792,0.05332491189434683,0.00016349715121180577,0.933112294887282,0.003925558029131411
293,0.05108887340599807,0.027933909690125613,4.073681375153437e-05,0.7370636761260606,0.18387280396406414
294,0.021533079922485203,0.007292862608173015,1.2279443513435312e-05,0.9222593020576235,0.04890247596820492
295,0.09414662869292104,0.03491548490059636,7.927958004119339e-05,0.7890559559461028,0.08180265088033874
296,0.10168483780725694,0.02959434635049599,2.574570607111547e-05,0.7857908149245366,0.08290425521163931
297,0.093767472266004,0.012661575825379393,2.29051826964004e-05,0.8206234087020399,0.07292463802388045
298,0.036039338372263655,0.009906386589054487,1.1001284242006394e-05,0.9412797200774813,0.01276355367695853
299,0.031066491811247335,0.005037299575453074,1.2123980383314685e-05,0.9597017993377533,0.0041822852951629436
300,0.06716715013651395,0.020368821917494666,1.3375383011811467e-05,0.8231651524253766,0.08928550013760302
301,0.1400150697558887,0.05731391478650132,3.0063779704960922e-05,0.41317028326062377,0.3894706684172812
302,0.21334873837167034,0.03837023733704018,4.5433529822922314e-05,0.6356902725344092,0.11254531822705735
303,0.13526130170049092,0.02455609798462731,2.5920198569850256e-05,0.25607717873087504,0.5840795013854369
304,0.12263980729941641,0.030923884080855002,4.956267548792688e-05,0.17465922621893185,0.6717275197253089
305,0.28206593245270245,0.037780095563535065,8.060591492846341e-05,0.5380781810269805,0.14199518504185352
306,0.4401332803333769,0.10603918385158496,0.0004182139159952267,0.20684559425408047,0.24656372764496232
307,0.14370901475927816,0.01707320685392536,5.778766563367336e-05,0.1294200860454157,0.7097399046757472
308,0.08073838355605235,0.009063524347670427,2.5895248886122234e-05,0.8190083076141369,0.09116388923325415
309,0.16708089803622717,0.00871458334181063,3.7034649530438324e-05,0.5346281065391456,0.28953937743328606
310,0.10084565227812241,0.00727363279773943,1.4583219284803287e-05,0.26844046542283445,0.6234256662820188
311,0.11089789683313094,0.011678411241153059,5.262389858752527e-05,0.6520446043608707,0.2253264636662578
312,0.16635755292103596,0.04169695888471095,3.970559031185678e-05,0.6139123482040573,0.17799343439988397
313,0.08433717014800066,0.027409318494484705,5.612195838697775e-05,0.8562641933796885,0.031933196019439204
314,0.06226135897744848,0.007903693246729432,1.1959727389247268e-05,0.8903282843932632,0.03949470365516967
315,0.07995908579637873,0.009816341833841672,1.665264595611099e-05,0.6028986753925715,0.30730924433125206
316,0.06357187963487046,0.005143213130740647,1.4870836966353154e-05,0.7189733685750281,0.21229666782239448
317,0.12969674032749284,0.013063165865048304,1.7270389531358665e-05,0.6981792994999855,0.15904352391794196
318,0.17946562610800346,0.021150444575246806,3.370029560291489e-05,0.43792191345911174,0.36142831556203514
319,0.08497733911708197,0.0076814288496348995,1.5252574545801937e-05,0.8439638523461511,0.06336212711258637
320,0.0493481208115395,0.0015415883295980578,6.439302331072107e-06,0.8802110604419735,0.06889279111455786
321,0.047720361070051974,0.004644433976436513,1.0175619713821006e-05,0.6195694129701044,0.3280556163636934
322,0.13426347082698598,0.005582096943904459,4.814499975554199e-06,0.8142465558379639,0.04590306189117003
323,0.109142207340871,0.003173144762988663,2.347570260284294e-06,0.8078343070489594,0.07984799327692076
324,0.10004486804754244,0.013922348816793332,2.5974498191552687e-05,0.5133993378655017,0.37260747077197093
325,0.2073617416720401,0.014469196557121802,8.557457001534522e-06,0.7210007375132829,0.05715976680055363
326,0.081004197055307,0.005111801911491679,3.864432205899042e-05,0.5230636790298462,0.3907816776812961
327,0.23987430257468736,0.014113386751605301,6.41388078134185e-05,0.31372818823962956,0.4322199836262643
328,0.13608451950768768,0.010538874712639403,2.3811063870096247e-05,0.7498880904534487,0.103464704262354
329,0.07323400314200182,0.010862704835804501,7.923814295567983e-05,0.7258482306234556,0.1899758232557823
330,0.11729621383963242,0.011135861187821214,2.171429244732617e-05,0.8299138989899087,0.041632311690190375
331,0.06735484495390683,0.006279898201074879,7.595976386506423e-06,0.902528989431465,0.023828671437166764
332,0.09500567567297942,0.0027143307822914994,8.85931620603679e-06,0.7077508436643218,0.19452029056420111
333,0.08945669998557673,0.003464212813465568,9.453011738390866e-06,0.860454897660357,0.04661473652886228
334,0.053731525820880116,0.0020455657969897173,3.5634749954760633e-06,0.7650451002995863,0.1791742446075485
335,0.14727713893204422,0.007218577213596923,2.7395734215196834e-05,0.7373713271495447,0.108105560970599
336,0.18019532031268184,0.008033215176532972,3.0027803188205245e-05,0.7797172504096583,0.03202418629793876
337,0.0943905003089899,0.006017234836082806,1.6583336107374944e-05,0.6634209049331918,0.2361547765856281
338,0.15089614107560662,0.006626877814601011,2.061544357647038e-05,0.4540583136292971,0.3883980520369187
339,0.032459974811174075,0.0018482934429408875,2.392543908331321e-06,0.045213745058870686,0.9204755941431061
340,0.06239636062283568,0.007004997307953938,0.00019126834149367177,0.021026000301543904,0.9093813734261729
341,0.06485328272159094,0.01442333216490865,0.00036942512914444063,0.00885631854064963,0.9114976414437063
342,0.018849100225994966,0.0014390920268921358,0.00024188417782494028,0.0016708945699332527,0.9777990289993547
343,0.017441886016638302,0.0009796546579018761,0.0013286854776905436,0.0009407633490901179,0.9793090104986791
344,0.02137562294585644,0.0017627746345090858,0.0006071958040913642,0.0014125649213508498,0.9748418416941922
345,0.02242007384801282,0.0015871608348054771,6.316839245129968e-05,0.0011393392028482868,0.9747902577218821
346,0.03183281906867213,0.0018038387882460046,4.548517468311808e-05,0.001171902293309653,0.9651459546750891
347,0.014793280327086048,0.0032406941608975693,5.3721289889303794e-05,0.0012625103595254887,0.9806497938626016
348,0.005701378073673715,0.0011001486447853655,1.80742752721085e-05,0.0004131549447544973,0.9927672440615143
349,0.007648479845041388,0.001142913666698304,1.48279923088611e-05,0.0012539666942471522,0.9899398118017043
350,0.08807914828537512,0.006248636066067878,0.0004732396688699376,0.02792129038052818,0.8772776855991589
351,0.0046189718103780185,0.0005280016243980556,0.00020762741829023114,0.0003838855313130952,0.9942615136156207
352,0.028762548652340444,0.0007495319853090485,0.0003907841605280829,0.00048356288986195755,0.9696135723119605
353,0.32329804731173567,0.0021313647970816773,0.0007260665489023883,0.0005115469190179515,0.6733329744232622
354,0.05897343155060012,0.0013498008628630815,0.00014984943596526413,0.0004952772863210542,0.9390316408642505
355,0.005595898589526379,0.0003194118687791495,7.187004914826583e-08,0.00014054072455033824,0.993944076947095
356,0.002434105558952812,0.00016883022641471103,7.485480734505926e-08,0.00025792255456641417,0.9971390668052588
357,0.0027687365683259804,0.00022260016556530438,7.76089057512009e-05,0.00012938494707890894,0.9968016694132785
358,0.0018691762946589038,0.00031735719277900895,0.0005289449447573291,0.00010938888542482026,0.9971751326823799
359,0.38482513891087555,0.0022762159438104246,0.005677684765545777,0.000734581908420824,0.6064863784713475
360,0.00716468443076818,0.00023696630030727137,0.0004205660667194098,0.0008781739940824009,0.9912996092081227
361,0.003467422390586089,0.00031562508524646574,0.0001231192956015684,0.0004408785762054253,0.9956529546523604
362,0.014501267710530145,0.00027254064319441807,1.6842284828897087e-05,0.0008342663000814039,0.9843750830613652
363,0.04303673880123973,0.0011264162706317556,0.0001308575447292649,0.001337830720153534,0.9543681566632458
364,0.05848359554804164,0.0017054782083397416,3.82046400718739e-05,0.0010093710883153331,0.9387633505152315
365,0.003408154716872432,0.00046859349356822064,4.424069405568481e-06,0.00036353590185803894,0.9957552918182957
366,0.011305585904604785,0.002082396199266011,1.9807080211060526e-05,0.0011546712706697378,0.9854375395452484
367,0.01558436141632923,0.0013672464229810594,2.5852041839012217e-05,0.0012791607528774272,0.9817433793659732
368,0.004977133499630028,0.0010601286982216665,1.5622532198278255e-05,0.001584873305103699,0.9923622419648462
369,0.004606122323403987,0.0005121871625422865,8.267018614405599e-06,0.0007311091270711198,0.9941423143683682
370,0.030814407165252578,0.005080127138572697,0.000112822181165577,0.0017068511521110585,0.962285792362898
371,0.06506867868140033,0.01780090839021534,2.545388366741865e-05,0.0013580314373296634,0.9157469276073872
372,0.00256083400089795,0.00040239005016592727,3.4551163781201517e-06,0.0003474721016208619,0.9966858487309371
373,0.015584286912846948,0.0014258457178398917,6.92294986989272e-06,0.0004191915310597684,0.9825637528883836
374,0.0327702427048224,0.0009446106793867882,0.00021073242647844863,0.0014276028177761858,0.9646468113715361
