epoch,N1,N2,N3,R,W
0,0.012789408770727269,0.0010571948329761174,0.000550867611285286,2.2066761766278588e-05,0.985580462023245
1,0.013207535351497933,0.0018693530331387858,2.2327804594412775e-05,3.1306671834748175e-05,0.9848694771389341
2,0.009783936104751464,0.0013731230510942302,2.8732739137464696e-05,3.5294209365041544e-05,0.9887789138956518
3,0.013185617803013985,0.0010061632742928987,0.0008800657635297436,2.4718760641591135e-05,0.9849034343985218
4,0.02468126347995298,0.0017165087907750473,4.4969192600254914e-05,4.095383538729898e-05,0.9735163047012845
5,0.035886842619881565,0.0017769741770861456,0.001771227915882112,4.279366847220452e-05,0.960522161618678
6,0.06796670326680174,0.0013469451979404015,4.83374288791839e-05,5.2197473648529586e-05,0.9305858166327302
7,0.08283293774249138,0.0014055924571956847,3.434205526355582e-05,8.816106856197057e-05,0.9156389666764874
8,0.16114489281018832,0.008393519907919705,6.901486219562918e-05,0.0008402570222337522,0.8295523153974627
9,0.05762880896266358,0.005631417436912247,2.8400651827536814e-05,0.0012968038049274255,0.9354145691436693
10,0.08325972016406488,0.005330319093089601,1.676427495586323e-05,0.002928624915297039,0.9084645715525925
11,0.09839540178639283,0.01941272328591836,5.7662795196234196e-05,0.01960008866563295,0.8625341234668596
12,0.14001879614330673,0.04072910771676205,5.563206103988739e-05,0.04437087927257922,0.7748255848063121
13,0.1283800246319776,0.09696592392384001,0.00011598763236053965,0.02473108692529792,0.749806976886524
14,0.026699544671323943,0.04919792557331226,4.619433212373136e-05,0.006056678503026117,0.917999656920214
15,0.062249160383013764,0.18483659366598407,0.00023641913132833766,0.019081565192393696,0.7335962616272801
16,0.0456060988974051,0.49171630290409407,0.0012060618312894704,0.016817844416071568,0.4446536919511399
17,0.04458537294626029,0.39841770348493244,0.0006692923232181152,0.016635709503939475,0.5396919217416497
18,0.08208132986551588,0.5400096992634257,0.0006520816833443751,0.10143648694675421,0.2758204022409599
19,0.06656581049214699,0.842541386397344,0.0034987321424492135,0.022134980724400156,0.06525909024365963
20,0.07356544782321292,0.8532955399075772,0.0012916205589202725,0.012463733814075924,0.05938365789621361
21,0.09293572763531191,0.8297400894015144,0.0036698291964220977,0.014072367089015233,0.059581986677736266
22,0.02541817783635573,0.9413237001557087,0.02283606263149965,0.00226261517185349,0.008159444204582337
23,0.06601702186330326,0.9143679879197384,0.0019274770370657788,0.006752245063958044,0.010935268115934503
24,0.030549108819459256,0.9121534879001277,0.04492692827126544,0.0029689245395037164,0.009401550469644014
25,0.03856907811397531,0.9149048568681843,0.0328868766584389,0.000870858935808965,0.012768329423592671
26,0.02363599402308352,0.8340465201214593,0.1319114696167896,0.0008277272588502555,0.009578288979817384
27,0.011942291733221607,0.9045498145529874,0.0739552095124947,0.001261967621824121,0.008290716579472154
28,0.020886655556660538,0.83562306056461,0.13225846386073056,0.0006656227647740941,0.010566197253224992
29,0.014295984471628146,0.9130798490493586,0.05556669325072379,0.0007455101309617823,0.016311963097327683
30,0.010282166698993435,0.528184684506721,0.4543890553612419,0.00040267092664790006,0.006741422506395877
31,0.027310618532371805,0.6279843125686517,0.32494498186995324,0.0005156522582494918,0.019244434770773745
32,0.006676449230668195,0.5133019797892806,0.47583502475144895,0.0003443705249610551,0.0038421757036412006
33,0.0169487318323879,0.6067746510138575,0.36266345662041316,0.0005111934610362487,0.013101967072305161
34,0.005125376126704628,0.5109709651556462,0.47772463203589677,0.00025771145293752764,0.005921315228814864
35,0.0028467415472458934,0.2702830217163073,0.7246277341787671,0.00016276886867740598,0.00207973368900227
36,0.009727434106793683,0.3342818448437521,0.6528826612767952,0.00018882939340869988,0.002919230379250547
37,0.001161057120412554,0.22088871671896024,0.7765676904488502,4.9026921872600834e-05,0.0013335087899042895
38,0.0035380536926018164,0.3759145212040507,0.6160650854393455,9.035386427370858e-05,0.004391985799728222
39,0.004010959256155314,0.23809717089631874,0.754808064838479,6.015736282776772e-05,0.003023647646219317
40,0.000895798138102061,0.09043071944260726,0.9077385233986103,1.3847154758662538e-05,0.0009211118659218061
41,0.001768902678105536,0.1553467653144689,0.8400161720349502,3.489775065318839e-05,0.002833262221822225
42,0.005603996385249675,0.12541122846864472,0.8631911833998817,4.545724656534157e-05,0.005748134499658724
43,0.0007166668930865644,0.0571414993261995,0.9411963524709404,1.150211789425951e-05,0.0009339791918794634
44,0.0008323386383468533,0.06369537439580727,0.9333668716426431,1.5033564082043782e-05,0.0020903817591206913
45,0.0007251176338243203,0.06287373976241317,0.9339347504893474,2.2794870662531247e-05,0.0024435972437526453
46,0.001250918341228219,0.04061272455880595,0.9568250358347479,2.487955775479402e-05,0.0012864417074631223
47,0.0006013496491881266,0.034061764864604854,0.9637752198498227,4.067888000348734e-05,0.0015209867563806755
48,0.0010864695795337596,0.06822108353077676,0.9286340917431519,6.177634521669101e-05,0.001996578801320772
49,0.00012524451163059078,0.023017591893914814,0.9760633066877077,8.180715891973094e-06,0.0007856761908549442
50,0.0006534662301888319,0.01919302280243271,0.9790978300116989,1.4229147659878765e-05,0.001041451808019749
51,8.444396084873584e-05,0.009027256321431842,0.9903733222167637,7.493300885324928e-06,0.0005074842000704392
52,0.00023048297001374143,0.024861593609706092,0.9735832055791929,1.3783876263830695e-05,0.001310933964823676
53,0.00016510993063111238,0.014553477607674455,0.9844920547676477,5.813599061786836e-06,0.0007835440949847265
54,0.00028866198611677586,0.01642929072465704,0.9819176666522375,1.0858719043402394e-05,0.0013535219179454643
55,0.0003814770165051755,0.015280443889617369,0.9834352885505652,3.5315891392707734e-06,0.0008992589541730611
56,0.0002525204637506657,0.010175758300106722,0.9886408281183503,6.09953228547868e-06,0.0009247935855066766
57,0.0003238942014578947,0.006794568405208938,0.9912505857558734,9.053261620134886e-06,0.0016218983758396102
58,0.00011469847168357278,0.006696989539437154,0.9924071041357236,5.10205640896158e-06,0.0007761057967465661
59,0.00041819317249443776,0.010222460424280776,0.9875948667439283,1.3387492024451261e-05,0.0017510921672719115
60,0.00060277104020701,0.018267895157233774,0.977477681099161,6.850562002204458e-05,0.0035831470833762266
61,0.0006663388006990192,0.006206356434540982,0.9898549065672633,0.00010405635000332394,0.003168341847493296
62,0.0012310976064067887,0.02194009738408857,0.9699413997895466,0.00023360354489219303,0.006653801675065871
63,0.0021619890533708572,0.028239708519329845,0.9578269693300728,0.00023926401982568064,0.011532069077400852
64,0.004598052963740112,0.011263542096118488,0.002488430395518196,0.00010142239065135322,0.9815485521539719
65,0.29426630819068805,0.06756313067728632,0.0009162903618784467,0.00035745971528621055,0.6368968110548608
66,0.2408507697313518,0.5671898628699434,0.09570905002884592,0.00017333370987353798,0.09607698365998527
67,0.13396420678465737,0.4599271798240843,0.3462193376550023,0.0001580931898623582,0.0597311825463937
68,0.10819012560076241,0.3899918326286012,0.4794583559292301,0.0005561506829951624,0.021803535158410988
69,0.01722238278070953,0.40181480776592926,0.5592004212895954,0.0012088096461359628,0.020553578517630032
70,0.005671331031928733,0.3039059300773142,0.6801587538042455,0.0007032306856545742,0.009560754400856913
71,0.00482266810361543,0.4481108782106798,0.5384686776689152,0.0006112098070308213,0.007986566209758818
72,0.007537563581694189,0.2818306936440338,0.7033440713604966,0.0007711135759892004,0.0065165578377864375
73,0.00956374393779798,0.17927333063109055,0.8003332342893947,0.0006120784947251782,0.010217612646991451
74,0.03570878101226313,0.5769072997772956,0.2692299749961209,0.0009335657055875878,0.11722037850873278
75,0.011128030460494641,0.01468609266466879,0.0009042619731703333,0.00016393824985995388,0.9731176766518063
76,0.2663476061589089,0.31465167797280535,0.0020539888581442897,0.0005663927409850234,0.4163803342691563
77,0.3293738231626961,0.37196694106810296,0.004124902236284412,0.00046322397927957466,0.29407110955363697
78,0.2065143618915131,0.6937577660822078,0.07483064229185508,0.00015467115158257413,0.024742558582841433
79,0.027675534770984,0.7725568047378798,0.18322788186019998,0.0005174974674107729,0.016022281163525484
80,0.0173895346672539,0.7665778717253177,0.20301706672189143,0.000984740574857508,0.012030786310679468
81,0.03140965780457278,0.8144869072278842,0.11178895889210884,0.001974273881513779,0.0403402021939203
82,0.005474099404455347,0.5896721338591107,0.3890696171302465,0.000953411432730015,0.014830738173457475
83,0.056857978800241175,0.7200632549368896,0.09326774801558714,0.0012577124905449007,0.12855330575673732
84,0.09464537335129285,0.6673776337389865,0.21242068201791844,0.0007868821284955985,0.024769428763306733
85,0.018771880114242377,0.65797661461137,0.3120359587850251,0.0003045321181796924,0.010911014371182857
86,0.03750796658519597,0.5335376937976003,0.4108474386958871,0.00022492054597156836,0.01788198037534509
87,0.014787235954890548,0.7514269112695093,0.21649482256198835,0.0005999974904602252,0.016691032723151523
88,0.003644232608026732,0.3459652417318045,0.6422273968352792,0.00019456264547770358,0.007968566179411685
89,0.012965056258907268,0.2690399728525597,0.7093962386049528,0.0002889341280326203,0.008309798155547653
90,0.002042223644629167,0.15475699463648288,0.8402629518713673,9.517201245703598e-05,0.002842657835063533
91,0.0022123030252812004,0.06019320768953643,0.9347876921460224,0.00016655219163672034,0.0026402449475231527
92,0.001020182342553107,0.040893847390730646,0.9560330178594013,0.00013110862368032522,0.0019218437836345363
93,0.011566760754804842,0.22590411420273512,0.7537334056433908,0.0006450053703790327,0.00815071402869028
94,0.0012746788982853227,0.0675414360201457,0.9288744428812122,7.760680626538e-05,0.002231835394091087
95,0.00020839776596545486,0.023274375891308395,0.975715727975073,4.208550377984419e-05,0.0007594128638731368
96,0.0017999302761629802,0.06214582096652818,0.9325649730484195,0.0002245716029661655,0.00326470410592325
97,0.00044693628025001915,0.011428556585000008,0.9848250823609872,0.0003234624265497751,0.002975962347212927
98,0.001253365141303886,0.02513529367060428,0.970323470697944,0.00017413611123650067,0.0031137343789111793
99,0.004437585310246585,0.05927450821929935,0.9315499575773966,0.00022716263778592113,0.004510786255271676
100,0.003056894203653629,0.08947482110153825,0.9032861882686338,0.00016321596891556004,0.004018880457258733
101,0.004241411054610053,0.025786975399609845,0.9671261612189288,0.0005765993294703706,0.002268852997381069
102,0.000943665492415541,0.020607208899478098,0.9772024989737027,8.445171238608809e-05,0.0011621749220176937
103,0.04095942226791563,0.2403935413137036,0.3236928411923677,0.0029538912847317336,0.3920003039412815
104,0.00639602287893866,0.24246386110280885,0.7306781122001955,0.0005598658263761437,0.019902137991680866
105,0.006733672664952794,0.09104799573114526,0.8987084970628556,0.00026556302360076443,0.0032442715174456726
106,0.001003603054570262,0.05436193198619283,0.9431839362902196,0.00010457712358650545,0.0013459515454306609
107,0.00023012600053339753,0.023887050697749466,0.974958603099092,7.119967381993783e-05,0.0008530205288052492
108,0.00014333303375418986,0.007408839172389435,0.9920416847085655,1.6402328145170016e-05,0.00038974075714565175
109,7.901653623827774e-05,0.0042022783817681885,0.9952710357913723,1.7953484248204526e-05,0.0004297158063730402
110,8.963162616683267e-05,0.008516230970582985,0.9910358020256088,8.242997170609953e-06,0.0003500923804707666
111,9.923968362105219e-05,0.00848609319850417,0.991110727447819,8.574248814454686e-06,0.0002953654212412729
112,6.997922527661014e-05,0.008048590577582908,0.9912172477123871,1.829196299718678e-05,0.0006458905217561244
113,3.698775133675172e-05,0.004187629772087388,0.995390440715434,5.626758488963044e-06,0.0003793150026529054
114,0.00013380081182941817,0.005938401341427446,0.9914675224583331,1.6975984904983022e-05,0.0024432994035050314
115,0.0001237862471589699,0.009096507210038015,0.9897894888722887,1.583902716982749e-05,0.0009743786433444188
116,0.0001004186483826974,0.0064479746774258355,0.9930906945478717,5.257391560075547e-06,0.0003556547347597992
117,2.3641840177451363e-05,0.002268874352262236,0.9972778923402453,3.5597408187221473e-06,0.0004260317264961524
118,3.022063362177181e-05,0.0025891195712027257,0.9965421268073554,3.8077446576239877e-06,0.0008347252431623052
119,2.2964906705239172e-05,0.0024465120348296557,0.9972343996765594,1.8482992912186997e-06,0.0002942750826146206
120,2.917712244231565e-05,0.0012834619983905723,0.9982502770535987,3.7818214986618557e-06,0.00043330200406969726
121,4.909045575467569e-05,0.003293222551058511,0.9963164704112386,4.769282460191953e-06,0.00033644729948785945
122,7.099923219186516e-05,0.004042412267646067,0.9952665595716925,1.0066845255367982e-05,0.0006099620832141457
123,0.0002992434223147593,0.009974522244842373,0.9874867902559814,1.7705139298599213e-05,0.0022217389375630324
124,0.00011187537923363777,0.010197693481450045,0.9891862518494844,1.825937105872521e-05,0.0004859199187731365
125,0.0001799667240384826,0.010198659563659458,0.9888382066349468,5.5322272168549515e-05,0.0007278448051866949
126,0.00015214853843063144,0.009756964793924655,0.989546540417803,2.9152652560467086e-05,0.0005151935972810777
127,0.0008147428890744909,0.03373912195137937,0.9642349960709129,0.00021151888807723358,0.0009996202005559693
128,0.0009925822585730658,0.04284867400730918,0.9538793872387813,0.00047656466849169084,0.0018027918268446281
129,0.0378216054392093,0.36177100378952753,0.44208276039965827,0.019237203853953992,0.13908742651765085
130,0.0844706908859304,0.1660495604222601,0.03147233591027375,0.011271413594329543,0.7067359991872062
131,0.13019658648072738,0.7060406032301918,0.09360372914574185,0.0077470262189757305,0.062412054924363226
132,0.15402085551997594,0.7177188094385579,0.08830511388990228,0.0032222648656331974,0.03673295628593044
133,0.04608744051952656,0.8923224125986218,0.03905934755126778,0.0030268585484006685,0.019503940782183333
134,0.02072774285346139,0.6592604726430263,0.30013892396311076,0.006863739779630733,0.013009120760770723
135,0.08590151255766383,0.7244636508026536,0.1476072651937183,0.013708333860856285,0.0283192375851081
136,0.018052022901786417,0.6508477878527247,0.31606317411835055,0.006548374002927841,0.008488641124210479
137,0.07421343031757782,0.8226790537353516,0.050116858546290666,0.014258440192437674,0.03873221720834234
138,0.12255127706915514,0.7516820368517622,0.10578056794225923,0.0051254690839107825,0.014860649052912534
139,0.2139169529728764,0.6551809319801487,0.058892826189151405,0.01798293963811524,0.05402634921970834
140,0.13897069461944717,0.75736259696149,0.040945124044142266,0.019809099364149204,0.0429124850107713
141,0.033406118158134594,0.8701203065112246,0.044800808304016615,0.012578911932863281,0.03909385509376104
142,0.09123781749796965,0.7439027132247829,0.042046579607140616,0.03684407408413808,0.08596881558596874
143,0.08015119687868,0.8169202838935054,0.008817955550669993,0.03131893182210781,0.06279163185503685
144,0.23291220949568697,0.6626675755769574,0.04922391594710671,0.021866741842503604,0.0333295571377452
145,0.12417316041995259,0.6035690466726602,0.008628076150862345,0.166211235840859,0.09741848091566598
146,0.31449911871976427,0.29395633341096555,0.003762214098357723,0.14435475385048274,0.2434275799204297
147,0.17342766467584,0.11840854388636601,0.0006356986001081989,0.4967849936634001,0.2107430991742856
148,0.29544958536262006,0.16461941167772212,0.0022634876844158285,0.09490109102178053,0.4427664242534615
149,0.45747910382201096,0.055937359207052936,0.00042797554919982747,0.18423351176151662,0.3019220496602198
150,0.7369335585907187,0.05411364158775529,0.000211770970023963,0.10787304628794413,0.10086798256355786
151,0.2913372628626633,0.05590902491175453,0.0010102299221792462,0.24175484863907037,0.40998863366433247
152,0.07061474489801683,0.02719059269918839,0.0007766950718932124,0.046055420210847325,0.8553625471200542
153,0.5936069806890402,0.029392555961495478,0.00017375395150649408,0.11575127917604476,0.26107543022191326
154,0.20131956137389292,0.019605864617672532,0.00018272941171874085,0.08098992074138958,0.6979019238553261
155,0.6349488960819099,0.04956316744540265,0.0005143488385119007,0.11018705076392558,0.2047865368702499
156,0.07235466161046099,0.024025375454298625,0.001021365927432054,0.08685394660946312,0.8157446503983451
157,0.023776247132651737,0.003516734651383442,0.00018309671282374577,0.0028974825432624527,0.9696264389598788
158,0.01053321494400155,0.0003799263140127637,0.0002604358996719894,0.0004346426222254786,0.9883917802200881
159,0.16910265626858484,0.0031160460001352407,1.6097064168211575e-05,0.003379809488316023,0.8243853911787956
160,0.20971097936856464,0.03135469267857083,0.0006169967907915784,0.007728326919150645,0.7505890042429223
161,0.8427130519496764,0.05410104619413147,0.00014865615933493424,0.022394850344107285,0.08064239535275015
162,0.39933325338677844,0.055698778731016516,0.0002389283835403187,0.13808159830688616,0.4066474411917785
163,0.23141334482933595,0.4446940232278564,0.0005851737448346751,0.21609850916757364,0.10720894903039938
164,0.005189304212794105,0.0066353592439333375,0.004617164980657141,0.0023598198042897676,0.9811983517583257
165,0.07319722655430992,0.03009567440341285,0.0008334393575899149,0.005914793160722703,0.8899588665239646
166,0.29358646414566575,0.09076589014195036,0.0019972775281327645,0.010984203918265444,0.6026661642659856
167,0.48094517101997697,0.104124372095003,0.0004857633989687004,0.003845143260649415,0.41059955022540184
168,0.6463904026999127,0.08367634206863502,0.0005256735476047907,0.011515391073606508,0.2578921906102411
169,0.3673022633909179,0.5086791402477322,0.0016731679718755487,0.022041797533250716,0.10030363085622374
170,0.42750393621341803,0.4342655649151023,0.00116127737838773,0.01814064200471109,0.11892857948838076
171,0.15310817976539026,0.6755509264785465,0.001944685143563198,0.1435759486675687,0.025820259944931378
172,0.18747746245994382,0.5596430833623847,0.00196469272250425,0.17175776466247722,0.07915699679269009
173,0.5153812335153483,0.2651884309526958,0.0005233612010343608,0.10862035313201793,0.11028662119890359
174,0.08529321696332655,0.8674394779157916,0.003736739365015182,0.03460995769831547,0.008920608057551184
175,0.18422874917921467,0.7065906081384932,0.0020030274248523327,0.047016772527392676,0.06016084273004727
176,0.1447902486854067,0.7613689284302337,0.0021291916875582125,0.02761650486907906,0.06409512632772224
177,0.18864830279282752,0.7313525293521221,0.0030091672219526248,0.02898801237866274,0.04800198825443489
178,0.21098128788479503,0.7211800954512839,0.002497220879517024,0.0369614534968647,0.02837994228753935
179,0.17358695758401507,0.7849659551074896,0.01102674867176338,0.022469059396920014,0.007951279239812028
180,0.13025002601595412,0.8097878051534576,0.009663057489799433,0.010495178898980207,0.03980393244180855
181,0.0759442517152401,0.8898907062898722,0.009027642744468494,0.013025434963697041,0.01211196428672204
182,0.12112952425800975,0.8354497174827716,0.011788684893879258,0.007170204664527877,0.024461868700811535
183,0.1923746133628383,0.7512356608921034,0.026025843659476848,0.0039417032663906625,0.026422178819190838
184,0.12737650512230175,0.8446111946268946,0.011902138829054734,0.005462169821112506,0.010647991600636302
185,0.10316150250508006,0.8444900426055206,0.02167674772401708,0.005187202057416323,0.02548450510796581
186,0.14851957373576452,0.7961773695528478,0.01187029055984528,0.005896473201403228,0.03753629295013916
187,0.09261639923215645,0.8632053338789417,0.033068205125390826,0.003977728407486198,0.007132333356024691
188,0.012084618760911506,0.7698951067227093,0.21264274619376952,0.0017404786148956218,0.003637049707714257
189,0.024883122778460238,0.939378263464158,0.02325505010873383,0.004543342040459925,0.007940221608187865
190,0.013186719167412469,0.9407050065642082,0.03870691320168999,0.0019954354137241984,0.00540592565296502
191,0.01155291858106018,0.8750642497803367,0.10672687352788232,0.001704220208795677,0.0049517379019252
192,0.03396983171163509,0.8422215398666684,0.11206667134050159,0.0018426337727968376,0.009899323308398275
193,0.01807106978087992,0.905722778506332,0.05719418495402732,0.0033243686528628778,0.01568759810589773
194,0.057219506181657456,0.8157543218249621,0.09951041136167757,0.01116964987470511,0.016346110756997642
195,0.054390295804685004,0.8042202371842656,0.12104846016509654,0.00549086044941954,0.014850146396533342
196,0.020051383673058698,0.7276720406146286,0.23937325242376398,0.004717439776041983,0.008185883512506612
197,0.02818265922034951,0.7670779444305146,0.19325774518585412,0.0033594555748727335,0.008122195588409003
198,0.014880235610024184,0.7964148254788349,0.17663455641926143,0.004151088674172014,0.007919293817707493
199,0.002909054020293226,0.72810851589699,0.2605290961767037,0.0024852910117693426,0.005968042894243895
200,0.018262818144783508,0.752248432806848,0.2201216193042614,0.0022634468877550475,0.007103682856352
201,0.006159919553130737,0.3509208689515408,0.6367833104276247,0.0017683993596185746,0.004367501708085279
202,0.012840247611036724,0.7353802657773583,0.24150315591352006,0.002362040648166466,0.007914290049918515
203,0.006898991511564589,0.38719210662633946,0.5984757102460501,0.001566529732187885,0.005866661883858012
204,0.012068389345643445,0.406179643692233,0.5703393403974795,0.004034330338102806,0.007378296226541178
205,0.005561008063698973,0.43901606878297866,0.5509768949981998,0.0005826583507827565,0.0038633698043398145
206,0.016534932935061426,0.3927445897172575,0.5857180022061685,0.0007196185932708958,0.004282856548241617
207,0.004447944467451188,0.4494237443030202,0.538805205748786,0.0006879252365899121,0.006635180244152858
208,0.012018486920974807,0.5396718180993908,0.4362775811522687,0.0010340169190684043,0.010998096908297285
209,0.14464858441894138,0.6021132212874308,0.23726923902292107,0.002570481166332245,0.013398474104374496
210,0.01713586066554819,0.5659403655103499,0.4069362882839854,0.0011241276271988774,0.008863357912917558
211,0.13669367276401467,0.490248455086724,0.3573042238038253,0.002724404675804001,0.013029243669631938
212,0.04120885990501586,0.5637712540739447,0.3803099957703916,0.0010816478902392402,0.013628242360408759
213,0.011753749992339396,0.5459645087387109,0.4369522090756985,0.000879524120754432,0.004450008072496741
214,0.009834929081780986,0.6160475362938422,0.3603257144882389,0.0013254708074854208,0.012466349328652392
215,0.03171658078551814,0.4357038932826247,0.5152580699209824,0.0055616038656681735,0.011759852145206709
216,0.00988047722762987,0.5224600423833748,0.4572121953359044,0.0028773446690307973,0.007569940384060166
217,0.022483601482571988,0.25913897400894115,0.7090844528786987,0.0066634057925672825,0.0026295658372209357
218,0.009643883260699928,0.08658204156685524,0.8985636636088938,0.002444151735765046,0.0027662598277859002
219,0.0017437745974665608,0.09492251475678266,0.9007629347651825,0.0014953993603046428,0.0010753765202635253
220,0.0031233961334306303,0.09458247782489088,0.8991453805242541,0.0015031300890742917,0.001645615428350193
221,0.005324788290737405,0.12904357251398332,0.858595482896132,0.0031508603152121855,0.0038852959839351144
222,0.1417223223064665,0.5195486277929378,0.12668919584701918,0.03606241662798476,0.17597743742559183
223,0.23361705698692575,0.12655626469353032,0.005405723442597073,0.008019727458624185,0.6264012274183227
224,0.19310654920320097,0.5913814550500799,0.18982280479373234,0.005977672106794136,0.01971151884619263
225,0.13381725151796844,0.7116061622321009,0.08922350188672204,0.011488678881902121,0.05386440548130637
226,0.009849914184294642,0.7100303650948024,0.27133205997408744,0.0021927077996073243,0.006594952947208253
227,0.030098186504451258,0.557581488604437,0.39558630503174946,0.009275178567451631,0.007458841291910495
228,0.015556048010805398,0.44883825725264265,0.5162932554748679,0.0033011622066077234,0.016011277055076302
229,0.005921711831124486,0.13878224407315562,0.8492680673426384,0.0024339605595898473,0.0035940161934917493
230,0.003025962294354709,0.22647714904383634,0.7577497693291017,0.0037234607112669386,0.009023658621440295
231,0.012159084394755684,0.19652374572547768,0.783223473188548,0.0027539065889957536,0.0053397901022229095
232,0.01626999313120184,0.24991096211069483,0.7211326688839604,0.00610193717618849,0.006584438697954353
233,0.057223747132165985,0.3182293032566383,0.5595468611926823,0.044534977135352045,0.02046511128316135
234,0.022946731875836263,0.48491107588182536,0.44394737574080334,0.024046186705718967,0.02414862979581602
235,0.04314023869630552,0.6275614223365965,0.23971627508378363,0.036749013645053605,0.05283305023826069
236,0.007356156158437305,0.35949521648131916,0.6054401138242661,0.0052775831623518114,0.022430930373625608
237,0.051950008322842876,0.30869491877046457,0.03111447238670748,0.00985577886261783,0.5983848216573673
238,0.08701902773839268,0.13018616486090492,0.003255609439956915,0.0030412920267581453,0.7764979059339874
239,0.31943635688610067,0.4236833774544907,0.0038073794150156534,0.015189354693075148,0.23788353155131778
240,0.44896112352305056,0.3070332265214216,0.0010491414956666524,0.009266313063572442,0.2336901953962886
241,0.07027807480796697,0.8602048441226449,0.010332233823668623,0.0034628561873306036,0.055721991058388806
242,0.34777223910112726,0.4605320246645659,0.0015112858920581312,0.04653975376951798,0.14364469657273074
243,0.23684917177646117,0.7034305118176967,0.0006565306296828867,0.042357567615708025,0.016706218160451085
244,0.027549235679542577,0.9526277816170402,0.0015065653471076576,0.011976093076939887,0.006340324279369501
245,0.03223909631555769,0.9365195443959122,0.002788012652597227,0.005230661397035176,0.023222685238897728
246,0.02752390883546985,0.9486686732379696,0.0008647370255922206,0.016564515975414487,0.006378164925554012
247,0.0025460823690451415,0.9928811625130679,0.002020677257469133,0.001219973270212398,0.0013321045902053336
248,0.037495219632071565,0.9377672541396118,0.001426138572995902,0.016590552069655446,0.00672083558566545
249,0.008921061529051384,0.9822896124849669,0.00435327460960793,0.0022920777881917124,0.002143973588182204
250,0.005578396511156957,0.9772143786106444,0.015205499815943479,0.0010877700421209663,0.0009139550201344607
251,0.0042063006692571354,0.9842533158655757,0.0085686752886577,0.001541983388081746,0.0014297247884275186
252,0.00459624330638871,0.9872800510474101,0.004275310091615053,0.002933254933990312,0.0009151406205956448
253,0.001619218331760489,0.9877635456049733,0.009068465879671058,0.0008645665659365509,0.0006842036176586293
254,0.0021943896261792345,0.9389078407167194,0.05612146907876417,0.0015743040975930375,0.0012019964807439855
255,0.0037018458517251935,0.925699916290804,0.06730953785184521,0.0014211597172753227,0.0018675402883501484
256,0.0042455918747865235,0.8027534238716665,0.18795846811656697,0.001622266870559773,0.003420249266420139
257,0.11823423149764117,0.415154170959378,0.0046174359729103664,0.007885667197407154,0.4541084943726632
258,0.034143121615208286,0.07457079156884476,0.012019313909609992,0.0008284181054867642,0.8784383548008502
259,0.23755068797225296,0.7006266224050134,0.00370750735970161,0.0007898943982533949,0.057325287864778585
260,0.18888484125163535,0.7805466850272466,0.006282505934212663,0.0006939232689003529,0.0235920445180049
261,0.14021064888070534,0.8525721756014965,0.003154520765954091,0.000635378234034325,0.0034272765178098973
262,0.008015376195823824,0.9718393824470545,0.017711418476396835,0.0014001494919014727,0.001033673388823468
263,0.07502421964243047,0.8774519750322486,0.033488066284309684,0.004878191383581369,0.00915754765742972
264,0.014110069432622488,0.9759354591778101,0.006558505962790704,0.001755410743867628,0.0016405546829090275
265,0.030754232221374873,0.9201450174802192,0.03581075486166675,0.006051606705414574,0.007238388731324879
266,0.010749547071964622,0.9150569322374931,0.07006753640240504,0.002124847957119935,0.002001136331017467
267,0.009276692334819285,0.9195080716230472,0.0632604920363732,0.006401807526134988,0.0015529364796251631
268,0.0414308382315419,0.7823043704608864,0.09167347182677907,0.003269266152144929,0.0813220533286475
269,0.10166200764988043,0.8516216325680616,0.0031409354776539594,0.0349064338722371,0.008668990432167139
270,0.0322044100775451,0.950198864762186,0.007952030476056771,0.0038715263592333624,0.005773168324978906
271,0.027674195340545084,0.9572640943347146,0.012723654574190585,0.0007832296332531523,0.0015548261172967327
272,0.02120020394125989,0.9310858898706049,0.03765040522395966,0.0026691570696596558,0.007394343894515883
273,0.03541007137422899,0.8692710338976335,0.0825765929626809,0.003087564888187023,0.009654736877269539
274,0.13778779350641016,0.8159055596733815,0.004268523417929587,0.013187290128240577,0.028850833274038232
275,0.05928267188826543,0.9286912756397658,0.003524725432125083,0.0033045945216458343,0.0051967325181977685
276,0.010459860081527727,0.9621716279737018,0.024734493291659346,0.00128464304278126,0.0013493756103298985
277,0.009394443193222078,0.9794221558209131,0.009298312965838744,0.0010955142820770632,0.0007895737379489814
278,0.005917567024487776,0.8255741368366435,0.1636001316146093,0.0031799128091957625,0.001728251715063708
279,0.01891328156612175,0.9664791427909386,0.0023162670369150846,0.00978274760372879,0.0025085610022956887
280,0.004999780328167082,0.9833856321062873,0.008241393100943954,0.0022644500448003742,0.001108744419801263
281,0.006703806032874631,0.9397965615069512,0.05006048971720082,0.0020863955255291935,0.0013527472174440869
282,0.011695593743541718,0.8799004805706356,0.10416578841371506,0.002265765393352868,0.001972371878754734
283,0.007233657673369152,0.9674573633903262,0.020253958271537392,0.0035226129167555457,0.001532407748011976
284,0.010954848715614683,0.7383689929336008,0.24153326720135404,0.006385456080085648,0.0027574350693448275
285,0.003183931607674909,0.885849878711066,0.10853731164021495,0.001650725050624565,0.0007781529904196771
286,0.003084760189647788,0.4884641519294634,0.5052572410589022,0.0021919470055723625,0.0010018998164140604
287,0.023907991504747306,0.9520625432332716,0.01005287898686948,0.010559831237145451,0.003416755037966184
288,0.002204113668838547,0.9202811875854116,0.07419802691715427,0.0019171445259924158,0.0013995273026033534
289,0.006828788944378852,0.8489307718690166,0.13645734468418966,0.004814632176512566,0.0029684623259023882
290,0.0024923274480301632,0.5961504634399679,0.39971399999476126,0.0010271689932500494,0.0006160401239907172
291,0.0056348754498452705,0.662837698198898,0.3244053243117908,0.00520903149409943,0.001913070545366467
292,0.0036904544244233664,0.5853519084049121,0.40733927397090525,0.0025145501443758745,0.0011038130553832372
293,0.00230616601788308,0.6148295027239772,0.3780656791677343,0.0034682329957122005,0.0013304190946931938
294,0.04578394246456536,0.7543594365588439,0.15367435408717633,0.0026365053321062057,0.04354576155730808
295,0.0034724329011236524,0.736122485383631,0.2582797772334004,0.0008353289829779985,0.0012899754988669164
296,0.00310420454797224,0.8202139459119212,0.17488091462703098,0.0007969080402510787,0.0010040268728244786
297,0.002532001216497745,0.7338096273754008,0.26162326751840953,0.0006583713597325568,0.0013767325299595399
298,0.01404649985174044,0.6946016943222253,0.28346466378109236,0.0013807724033543462,0.006506369641587452
299,0.0025169920806630895,0.5144457582950539,0.4812211059895156,0.0006346322545630609,0.0011815113802043436
300,0.00661171340353989,0.337354103186685,0.6541997922520465,0.0005755050417790011,0.0012588861159496345
301,0.001626408519163675,0.4183193370756516,0.5785880120737965,0.00038593942633444726,0.0010803029050537253
302,0.0011970331535474802,0.2533394705256269,0.744269891111678,0.00026339520749948454,0.0009302100016480624
303,0.0004397867505621548,0.18403498130595555,0.8147375535998869,0.00017251935363118406,0.0006151589899644181
304,0.0001574817074095126,0.22146847062591885,0.777846348503806,7.932600891963609e-05,0.00044837315394586594
305,0.0030049100958575046,0.29127341815824015,0.7041646393933846,0.0002619573681240218,0.0012950749843936968
306,0.00030538924020112753,0.10044553712367635,0.8988313570093095,5.659754896332267e-05,0.0003611190778497696
307,0.0007697626618711207,0.13051885488654033,0.8679359086450952,0.00012383786245981116,0.0006516359440336167
308,0.000998098675712092,0.14112805923612234,0.8571080602959397,0.00011061097806217946,0.0006551708141636285
309,0.0036544100216929385,0.18354513974808465,0.810699555417073,0.00031365844860077076,0.0017872363645487334
310,0.0015490714659083232,0.12312546341838432,0.8735316424667302,0.0004501352346232855,0.0013436874143537892
311,0.0011744258920238114,0.07893155196448387,0.9185040833797755,0.00018875853192333217,0.0012011802317932509
312,0.0032879969170922984,0.16967376466634657,0.8246583774146847,0.0004794671649300039,0.001900393836946484
313,0.0007924534345744886,0.048027521741910814,0.9503966965495537,0.00020634332165070775,0.0005769849523101984
314,0.0004263951924373176,0.04101808554752635,0.957975845536668,0.00018253423412867834,0.0003971394892395668
315,0.00019175896937239652,0.038345951222771256,0.9610065232188514,8.500718710687384e-05,0.0003707594018982664
316,0.00017008088828731753,0.019082505235017776,0.9801784130963489,0.00023676943615211373,0.00033223134419379846
317,8.750911396993438e-05,0.014587733533872152,0.985126932041661,4.9393848596304364e-05,0.00014843146190066862
318,0.0004815569897064051,0.02084841275908142,0.9781350928360443,0.00012141384212727729,0.00041352357304066066
319,0.00012427656942418197,0.025692492560739175,0.9738442128770842,4.306495139416365e-05,0.00029595304135808894
320,5.632358465560235e-05,0.011886776669261448,0.9878327163651522,4.512524707113686e-05,0.00017905813385958607
321,0.00017481421123015592,0.016595145399945787,0.9827821705362254,0.00012397464399332696,0.00032389520860524017
322,0.00013192403061628003,0.014225031610731905,0.9854489117685628,3.6310183356642975e-05,0.00015782240673253698
323,6.9750554533493e-05,0.008811770713402285,0.9909124333380099,3.110727770031097e-05,0.00017493811635389483
324,9.683101447537891e-05,0.011560397004202388,0.9881731069003521,1.6413140127190847e-05,0.00015325194084285152
325,0.00010990119519282924,0.008286095583257118,0.9913003955266766,3.460397478797106e-05,0.0002690037200853183
326,8.663839464553529e-05,0.00885388846034888,0.9908313529200946,2.082517620797942e-05,0.0002072950487028474
327,0.00011788020463633307,0.016322200429326424,0.9831862470258813,2.492903861260301e-05,0.0003487433015433811
328,9.987959613690747e-05,0.007724388234985683,0.9919083889182982,1.7477548419227127e-05,0.00024986570216004825
329,0.00020874195694808997,0.010631740070849572,0.9886987019918996,5.752148438801481e-05,0.0004032944959147513
330,0.00012169032351422941,0.0062291273463134615,0.9929763871594286,4.419368191055145e-05,0.0006286014888330185
331,6.104815675979867e-05,0.008140557235195465,0.9915411798905287,1.677334592024204e-05,0.0002404413715958154
332,3.8879523714317754e-05,0.003385854812433238,0.9962553520210239,1.5748615641637965e-05,0.0003041650271869181
333,3.7888728258148956e-05,0.004710806272954134,0.9951156436585047,1.0387077880298348e-05,0.00012527426240291345
334,0.00014241297965875656,0.006497413845672564,0.9928210569215835,3.542271679387621e-05,0.0005036935362913202
335,4.621471379953844e-05,0.0034598800715314403,0.9961706093243256,1.1658489290852817e-05,0.0003116374010526375
336,0.00011206135287899604,0.006991452788053402,0.992465196646585,2.6327123016978406e-05,0.0004049620894656358
337,3.264958451924331e-05,0.0037555640231838328,0.9959933291102395,1.4055838899903491e-05,0.00020440144315750792
338,6.344877029345335e-05,0.0055367554590583625,0.9939865174178769,3.5195764660337996e-05,0.0003780825881109665
339,7.136033411231471e-05,0.007779913666186767,0.9919567937511613,3.3633126536818365e-05,0.00015829912200271632
340,6.564813289253483e-05,0.006631015682887568,0.9930517609352427,6.268289989759476e-05,0.00018889234907950276
341,7.514507334428002e-05,0.004756980162567312,0.9948230317651822,6.98281945016909e-05,0.0002750148044045815
342,0.00021794680762088882,0.03336933415712338,0.96363614779156,0.00043352228278361395,0.0023430489609123158
343,0.0006950561438753462,0.046473061738017796,0.9497366503983415,0.00037453105447698065,0.0027207006652881444
344,7.05392995932507e-05,0.019244866544513642,0.9803539656539579,6.404415167344626e-05,0.0002665843502615826
345,9.75538229142687e-05,0.04418615046198399,0.9552277270956749,9.165932511943185e-05,0.00039690929430737955
346,0.00032305023446365283,0.0382388619142554,0.9594914500350417,0.0007331097285100667,0.0012135280877290705
347,0.000314791642595531,0.08051840349117993,0.9178200086763376,0.00012156109433389288,0.0012252350955531308
348,0.00014741324528546777,0.025020219835438794,0.9740873753041943,0.00010120877447627017,0.0006437828406050928
349,0.0003774166987088665,0.09168648687434791,0.9061867191317101,0.00030072769263548297,0.0014486496025976126
350,0.00019120333960817422,0.06741206896539607,0.9316749432466882,0.0001409224973121229,0.0005808619509953341
351,7.67485874697742e-05,0.04057980817932432,0.9586913437263148,0.00016418540046291594,0.0004879141064280907
352,0.001023570212279164,0.10371268070222155,0.8922053733661944,0.0009117555998197275,0.0021466201194852456
353,0.00020099113543446424,0.07136639142765178,0.9279973777507743,5.476790924551042e-05,0.0003804717768939371
354,9.040321709001279e-05,0.03877918179415205,0.9607419775027667,7.585910347874886e-05,0.00031257838251244635
355,0.00010169358292020377,0.047371994872837386,0.9521781036271405,0.00011072115567400492,0.0002374867614280442
356,0.00014540442675541718,0.025687668899478926,0.9738240630151341,9.424269187985112e-05,0.000248620966751745
357,0.00024760449519063444,0.026439729529732402,0.9727002643740776,0.0002393543454158232,0.0003730472555833543
358,0.004019163154873173,0.12728514562637405,0.808545261839107,0.0010831797792700657,0.05906724960037579
359,0.016836130572952274,0.5458812068068735,0.4271741324105326,0.002734329608097902,0.007374200601543942
360,0.007604751942972586,0.437791858785344,0.5508834374131564,0.0007271068883425316,0.0029928449701844785
361,0.007157737882533806,0.20110608780879363,0.7908758735008063,0.00012881115540163413,0.0007314896524647411
362,0.005429543017406013,0.2621873649697366,0.7291812744356945,0.0008666732930280205,0.0023351442841347656
363,0.0010205213250209235,0.17652633762914513,0.8215394035151924,0.00011141007329176138,0.0008023274573498199
364,0.00049880522077985,0.14060556846336272,0.8583142227774312,0.00010510898334896168,0.0004762945550772164
365,0.0004929242548195405,0.13086033382536905,0.8676907396404828,0.0002791181953014557,0.000676884084027115
366,0.000590634711484324,0.09099988595061073,0.9074664561139066,0.00031132071243048523,0.0006317025115679631
367,0.00028832011217454987,0.07800039777428093,0.9209744693976565,9.023900246149646e-05,0.0006465737134265072
368,0.0007668825639341767,0.11134214798933825,0.8854950447054285,0.0006516425179709695,0.0017442822233280587
369,0.004619892458873823,0.13434907255029163,0.8566904287728785,0.0010660241534968622,0.0032745820644592837
370,0.0007997241859976696,0.11077207511819946,0.8870013524160311,0.00044138552435145096,0.0009854627554204225
371,0.0005581069336852708,0.10357633585391293,0.8949941468457738,0.00013501518713889262,0.0007363951794888948
372,0.0003312867722790076,0.07158457107196547,0.9272532621546153,0.00015238977446508173,0.0006784902266750762
