epoch,N1,N2,N3,R,W
0,0.09363899579131384,0.04959107283220632,0.00014419968755920436,0.013936438180898137,0.8426892935080225
1,0.01362993357266705,0.006238245479262632,0.00020685999074474137,0.000984891324155572,0.9789400696331699
2,0.08415188056417246,0.04937672232512726,0.00022080085502182323,0.03757749837414409,0.8286730978815344
3,0.12052116955906188,0.07528243205613319,0.00021398970595837752,0.04546650092831922,0.7585159077505274
4,0.13479556952853564,0.04466904246646366,0.00012180537129723001,0.03974045517692505,0.7806731274567785
5,0.04379445391726796,0.01292109153417733,5.4264586058282715e-05,0.01606291757415918,0.9271672723883372
6,0.17785200137760312,0.08258748885635987,0.00011828239155785231,0.024990379383466543,0.7144518479910126
7,0.07196559992409075,0.012393766913267684,3.1450367064713245e-05,0.02283009084013849,0.8927790919554383
8,0.1319769894416776,0.02129586965999561,6.687278223256986e-05,0.028590741008648776,0.8180695271074454
9,0.25131789213237093,0.047494677593040005,0.00012960302235224928,0.059990212127531334,0.6410676151247056
10,0.10720361075610023,0.031122889119988,0.0003198286357839927,0.017337957451504807,0.844015714036623
11,0.2639575808585474,0.08417997733436162,0.0003795213292640722,0.15606417763539393,0.4954187428424329
12,0.28875710423436585,0.1718995185223551,0.00036470920880347734,0.19312452669400623,0.3458541413404693
13,0.1487120175280629,0.0596468807335435,0.0003101011502892595,0.04852192768781461,0.7428090729002896
14,0.10190678957958105,0.03032507111622173,9.712825774828126e-05,0.06681831561946158,0.8008526954269873
15,0.29414741992032434,0.10368763939674185,0.00022413126961471472,0.07170851412909315,0.530232295284226
16,0.1649331143597285,0.027539052950561436,0.0001879463311149549,0.023699833379462115,0.7836400529791331
17,0.16585437272077533,0.021596241807599264,0.00012333753215505375,0.028743574296749504,0.7836824736427207
18,0.07056734245248016,0.04048128590134662,0.000582742910021709,0.0059253899183021866,0.8824432388178494
19,0.10735618297499859,0.027724266620905855,0.00046989262114565625,0.019397810344749793,0.8450518474382
20,0.18766813683541106,0.037789284432417004,9.270695156920329e-05,0.036689159397329946,0.7377607123832727
21,0.04192056116829694,0.0131517603003351,4.242358109492487e-05,0.006588841928851547,0.9382964130214215
22,0.025410423833684387,0.009794623536465801,7.255467953193406e-05,0.002145828575881642,0.9625765693744361
23,0.06283140318766633,0.018632762051695,7.42033752545852e-05,0.008084766923317025,0.910376864462067
24,0.03701600185983506,0.007236960611163059,0.00012950459334872525,0.002913865492696805,0.9527036674429564
25,0.03246467246263869,0.011637708755027442,0.0006328335262764418,0.0014944370425997932,0.9537703482134577
26,0.04688032488467689,0.009212334462012117,0.00016289322659882564,0.00477032537670798,0.9389741220500042
27,0.03167436422547596,0.027979937028375847,0.00020619380146511497,0.0033850950393616718,0.9367544099053214
28,0.12384542738322306,0.055228632659650605,0.0004547887280517982,0.00963663974311501,0.8108345114859595
29,0.18234177690093872,0.08714093099174818,0.0005235016370425048,0.012075907330170391,0.7179178831401002
30,0.2800718640169627,0.23331267697078384,0.0005067924168765558,0.04122757558846425,0.44488109100691264
31,0.1675026591082768,0.31653437549808017,0.0006413229881272642,0.013776641536043735,0.5015450008694721
32,0.09014681161924373,0.2893000696925643,0.0013969260581177911,0.006845212033898305,0.612310980596176
33,0.34242579697079056,0.2789111556188191,0.000305814476696607,0.11650226619475734,0.2618549667389363
34,0.299282948809123,0.23535107073065317,0.00032865705339304465,0.06039355989088849,0.4046437635159423
35,0.4310292780278655,0.18143134352409623,0.00020857216159263917,0.053377349805237916,0.3339534564812077
36,0.2915891122252042,0.3078865795636338,0.00023904907188998333,0.016127908614465752,0.38415735052480643
37,0.16471644016212542,0.5793782541051118,0.00026646747675288825,0.02361908877875205,0.23201974947725784
38,0.16643474987028406,0.1454139642935176,0.00012914923802201267,0.030796087037490358,0.6572260495606859
39,0.3156569799188804,0.22402072727334318,0.00017157084459664177,0.05247521302404483,0.4076755089391349
40,0.37913228826688905,0.29062992481219563,0.00017525622941507067,0.023656638512528406,0.30640589217897185
41,0.2670109776098483,0.08012401905908306,6.30512008380638e-05,0.03847251653695905,0.6143294355932715
42,0.2791101931042565,0.09236407887601769,7.679659558876024e-05,0.039261611329519004,0.589187320094618
43,0.193579002668979,0.09233879046390842,0.00010919045731340771,0.03020768235807352,0.6837653340517256
44,0.37617870781904317,0.12580497996534692,0.00017905566575693023,0.05936186106002726,0.4384753954898257
45,0.2218809760151414,0.33164605206126396,0.0005768164556860066,0.04716068742549151,0.39873546804241705
46,0.21441403658191147,0.44815419990767513,0.001030576779053865,0.052388162574928045,0.2840130241564314
47,0.11396731917104337,0.22491299567843326,8.786112099550087e-05,0.07673577598059489,0.584296048048933
48,0.13926640801168932,0.08529306321376641,5.0920816526008984e-05,0.0695934244733609,0.7057961834846572
49,0.2679084627868201,0.11925880187263385,0.0001299376039633415,0.0661154355452809,0.5465873621913018
50,0.4708295827509827,0.3178036265410245,0.00016865185396706714,0.0229265960904283,0.1882715427635976
51,0.2407532263253738,0.1600390615090473,0.0002599967728386949,0.05193588015345479,0.5470118352392854
52,0.413798325665597,0.21100003535620862,0.0002588192788346245,0.07733082551103006,0.29761199418832973
53,0.19085490269644986,0.07855656446995372,0.00021058909861128617,0.022691298794780185,0.707686644940205
54,0.13890390163802915,0.09519902538646129,0.0011066133010085724,0.002656353052403712,0.7621341066220974
55,0.3485216777117435,0.2802042645172636,0.0007065605896147416,0.012474017458630289,0.3580934797227479
56,0.2073453319788946,0.4838159164175185,0.001075065166593881,0.013059188332176336,0.29470449810481664
57,0.013737914042095229,0.03690677216056437,0.004312213324683233,0.0017822651061926858,0.9432608353664644
58,0.08082656053340878,0.12196122936431603,0.0019198632074366884,0.010600648175497733,0.7846916987193407
59,0.1499636103709316,0.3222063555630283,0.0005798427390841341,0.047298935815589006,0.47995125551136686
60,0.02603224240516773,0.09841188329366614,0.004697927639508462,0.002541052753090214,0.8683168939085675
61,0.1645806481501081,0.4239664411662409,0.0003445926322271217,0.08691765301302463,0.3241906650383993
62,0.0039617941689622125,0.027546690444228337,0.00345303945421892,0.00022623504442992489,0.9648122408881606
63,0.09558467767965884,0.039561223905728915,0.00018715860288855767,0.01293149793061906,0.8517354418811046
64,0.13313721357917463,0.022221560099847177,7.541872846403436e-05,0.006075025016269293,0.8384907825762448
65,0.17725732902223207,0.025193981342204935,5.126695913831345e-05,0.006332072050799026,0.7911653506256257
66,0.10166264029152564,0.02990893571402007,0.00025528304422677353,0.002973202439940354,0.8651999385102872
67,0.40413899633036143,0.04561885167772722,4.988379074352719e-05,0.014171547056636412,0.5360207211445314
68,0.431265645319958,0.0499393520763692,5.210867164983088e-05,0.021292710568883086,0.4974501833631399
69,0.07912183155694723,0.0796569629904999,0.0008446896657911035,0.004053797482479572,0.8363227183042822
70,0.19708147426494038,0.2592814605032985,0.0010026561673951695,0.009099686842885845,0.5335347222214801
71,0.05842657556951188,0.183823188087037,0.005452676517334959,0.0026845484991505535,0.7496130113269657
72,0.2585917606830327,0.2983233883822319,0.00026867483412060337,0.20908911078791956,0.23372706531269527
73,0.2717502203160163,0.2595348790999697,0.0002491985422354563,0.2786673343854701,0.1897983676563085
74,0.32296576694962476,0.17812096413181042,0.00028958463718255293,0.2659025346380649,0.23272114964331728
75,0.4047133618187715,0.22593879716158283,0.00017897398724998597,0.23362373175855394,0.13554513527384163
76,0.28029918295182993,0.38256930252050547,0.0004044231741502303,0.1942690159569635,0.14245807539655087
77,0.3689598240938647,0.19313890355781418,0.0003894703853782324,0.2880165360119982,0.14949526595094473
78,0.3290880509101004,0.3119634785004581,0.00046953447147987795,0.23610461157842422,0.12237432453953745
79,0.13759594897064914,0.7659908658801519,0.0007057357776550483,0.04421867894620298,0.051488770425340814
80,0.1953102461131301,0.40781480159068806,0.00035935739004094045,0.12682691658136397,0.269688678324777
81,0.2039768166048478,0.5266848514075961,0.0005096880599693461,0.10840313906982445,0.16042550485776214
82,0.28445489300841825,0.5201845819979639,0.0006164072200523206,0.07453973257974605,0.12020438519381951
83,0.474681128639237,0.30162148407358713,0.0007154090145459486,0.042651689384720394,0.1803302888879094
84,0.3209406126825754,0.48507376187621815,0.00026872157042239923,0.020673959535611564,0.17304294433517237
85,0.26177183722929537,0.6584126674543344,0.0008392221643046456,0.023373769598224063,0.05560250355384144
86,0.21822101289926504,0.6805439504606011,0.0009571861236465358,0.00844738547863465,0.09183046503785268
87,0.20499019058352844,0.7197178214492369,0.0006530187143243539,0.012009168859259891,0.06262980039365039
88,0.06773599568578269,0.80761914114488,0.06123727972955149,0.005618991017182349,0.057788592422603584
89,0.13144490859556082,0.5221911784130124,0.006898355819461079,0.015378500609788823,0.32408705656217685
90,0.010345530114273492,0.042984401902974076,0.0008411177811178567,0.007005533585974817,0.9388234166156597
91,0.04135821125006293,0.0186651219124459,0.00019090710742717206,0.024769824351305307,0.9150159353787587
92,0.03799694920647607,0.0081372606647009,7.170428252455092e-05,0.006521928070247238,0.9472721577760511
93,0.012634736611455725,0.00529962771430754,0.00020465772682451644,0.00040536385433142413,0.9814556140930807
94,0.020008042038845483,0.009869197116589424,0.00043409104084223986,0.0003736527140887273,0.9693150170896342
95,0.003354002704252392,0.0015611134396731937,0.00037814165248192274,7.842958459603253e-05,0.9946283126189965
96,0.018861766758505212,0.003294980691467243,3.403023355887676e-05,0.000616750704179657,0.977192471612289
97,0.05109042593552295,0.006844990595496919,0.00011123537857450206,0.00327870601433479,0.9386746420760709
98,0.02285198723370141,0.0036182114811847436,0.00011294040466573202,0.002265268352794632,0.9711515925276535
99,0.00829723311834588,0.0024065922842844505,7.29780177325112e-05,0.0004667669077090475,0.9887564296719281
100,0.006104936492292903,0.001705723382604405,5.6329660949954316e-05,0.002662127907033831,0.989470882557119
101,0.024951936158613613,0.002769750108154141,8.424922968207536e-05,0.006029849084594991,0.9661642154189553
102,0.022665307022513355,0.0028090613653488903,2.8129023109486483e-05,0.003912325552452559,0.9705851770365758
103,0.03073471794433727,0.003936470053153279,0.00021817409866431775,0.00037606135956291933,0.9647345765442822
104,0.13723722948055567,0.012753660792403965,0.0005867845639116497,0.007772875917219237,0.8416494492459096
105,0.32927794702678986,0.017864049645177692,0.00021969708631888876,0.052766156371856644,0.599872149869857
106,0.3395529672875583,0.10259775604479161,0.0002748014501212265,0.22108340178980146,0.3364910734277274
107,0.25281820058272464,0.1359131658374793,0.00035528171088774964,0.26724659503319437,0.34366675683571396
108,0.25861626170829205,0.14870725472678262,0.0003761321293059244,0.20085035377353294,0.3914499976620865
109,0.05470991583695526,0.02158361334408695,1.8761985531816846e-05,0.05441281033264797,0.869274898500778
110,0.17703353057955942,0.04757058263871607,5.335721500060524e-05,0.060379741854694455,0.7149627877120295
111,0.34085640052058275,0.042276152887843164,5.6647546560693244e-05,0.11397827699291191,0.5028325220521015
112,0.20546280455016175,0.02607185736458728,6.466833258556167e-05,0.055989220838476794,0.7124114489141886
113,0.2444864689164774,0.1680128237804907,0.00021389251681999547,0.13567357750014164,0.45161323728607033
114,0.17054852440518425,0.09028657627431158,0.00010130111604932194,0.3168992347483207,0.42216436345613423
115,0.1437960473258648,0.05915099287039694,8.125987685781372e-05,0.1381650383094767,0.6588066616174038
116,0.40933740105682564,0.11841733087289495,0.00018341985923955512,0.20910852903180357,0.2629533191792362
117,0.38439343950194704,0.20155331266735865,0.00023403081400026097,0.14131898388034272,0.2725002331363514
118,0.28171331005800154,0.09597422909555386,8.984446980099254e-05,0.3545265332007352,0.26769608317590843
119,0.28702259507214145,0.23286053653151756,0.0003321998968310376,0.3340961042450553,0.14568856425445476
120,0.17635150297644234,0.35427868255264594,0.0007124487333362824,0.18822595200256337,0.28043141373501196
121,0.18214251732815623,0.30613279485495387,0.0003206896433696701,0.3820925927626735,0.12931140541084676
122,0.13718350290540657,0.18793916165051494,0.00026933605346593536,0.5547251888749375,0.11988281051567509
123,0.11740229016394262,0.332827677993599,0.0002422575673693499,0.4942878243305591,0.05523994994452979
124,0.1136389573412878,0.5252597823225249,0.00027234821254566504,0.27363975378412986,0.08718915833951185
125,0.12363796082005538,0.31516670468586944,0.00035374532145238336,0.50398736739598,0.05685422177664276
126,0.12690313452239504,0.282472104047436,0.0002763528592944824,0.44551959179180917,0.14482881677906528
127,0.18929337327464021,0.3406977949849323,0.0006572296182673082,0.21029606671933576,0.2590555354028243
128,0.21137930069022481,0.38209679811863817,0.0003747378090773096,0.27588016766124207,0.1302689957208176
129,0.040364916186725344,0.02857691794147195,0.00024155984549907036,0.022785578011567567,0.908031028014736
130,0.3573573843510405,0.07757688803637497,0.0001686589012307674,0.14080088834634763,0.4240961803650062
131,0.40780033948838557,0.08578889886318578,0.00021422026837332323,0.19518358085558166,0.31101296052447364
132,0.4126295706236131,0.09216558424627475,0.00019630349699581348,0.14901552009953578,0.34599302153358064
133,0.4085693717473658,0.2723234213718162,0.0002121008716862393,0.1753193031926389,0.143575802816493
134,0.2575395191435778,0.249495757727582,0.0001534841801124159,0.34875802367862285,0.14405321527010495
135,0.1739823839381945,0.49146697411496354,0.00017029886420311886,0.28557524220306596,0.04880510087957272
136,0.1621947532966164,0.2026209635136059,0.00022401920744687744,0.45662420026105804,0.1783360637212729
137,0.17022993061541358,0.42098900835229186,0.0003277321500922779,0.3018196324865178,0.1066336963956846
138,0.17179850753637385,0.30798602036166856,0.00014735093594058816,0.4497603673595471,0.07030775380646997
139,0.12360343729828838,0.5875818575684563,0.0003408192600564807,0.1537074581659211,0.1347664277072777
140,0.08628987917062275,0.5639870929663868,0.00041438514015270213,0.04010297131417127,0.3092056714086665
141,0.1709880079529573,0.3057248062951445,0.0009168971878940055,0.23915724782755496,0.2832130407364493
142,0.20105036396776954,0.2263379033325895,0.00010276997382649003,0.1649487191667625,0.40756024355905207
143,0.05023287037333757,0.06898109526511313,0.00040074730675108256,0.028778070088758562,0.8516072169660396
144,0.006396558790546867,0.0026218045465891,5.2570550536534404e-05,0.010724029976330388,0.9802050361359972
145,0.025754331405199844,0.005387897671237932,4.120912145221411e-05,0.016865646491122606,0.9519509153109874
146,0.05557948974486091,0.013332386068754226,3.7618237712440814e-05,0.06892171485907221,0.8621287910896003
147,0.028220105335724558,0.00462896194235823,2.0996808211001017e-05,0.042215523535065816,0.9249144123786405
148,0.01951758255843247,0.00564295843651631,4.273299842770459e-05,0.02605896721481765,0.9487377587918059
149,0.025780750997677553,0.006859903481739781,6.351814842915118e-05,0.025134222391932096,0.9421616049802214
150,0.0683303942805878,0.01663537356368369,0.00010907448543211676,0.029475868304695417,0.8854492893656011
151,0.12026116386879628,0.021819666638264353,0.00013631379183111152,0.03273458668630734,0.825048269014801
152,0.1846141994427341,0.03310908682101303,0.0001774633786215299,0.04276442229882632,0.739334828058805
153,0.15982276942776213,0.1904090213610811,0.0006651051779386771,0.056874865751414386,0.5922282382818038
154,0.09393238339157524,0.22425717995256741,0.00022468107357067078,0.05922169897205595,0.6223640566102308
155,0.11955479628380414,0.13023035688877074,0.00019790343397359516,0.11561737651588272,0.6343995668775688
156,0.08667343843512824,0.10583734943626331,0.00012313219739692847,0.14617725333314827,0.6611888265980632
157,0.10704025268921086,0.10674807728319577,0.00011858797720777067,0.2273009642827166,0.5587921177676691
158,0.12430945616423336,0.04120847595160471,4.4920788835267306e-05,0.23030330469080892,0.6041338424045177
159,0.05313806048075445,0.013943190915045584,5.9087345279265105e-05,0.09661078164361118,0.8362488796153096
160,0.06476572332254026,0.011796131291369957,4.093414270680607e-05,0.04009449145492302,0.8833027197884599
161,0.17062516087777366,0.050578029872801245,0.00045746488521843424,0.06320267702707676,0.7151366673371299
162,0.2445690662544965,0.047387944122974306,0.0003922757114598211,0.20767664262434182,0.4999740712867275
163,0.23862094845068785,0.18938105433692268,0.00033193962102578197,0.3061636959489734,0.2655023616423903
164,0.2871468486070338,0.1799540188395586,0.00027057292402517794,0.29844649560313746,0.23418206402624483
165,0.06590200502266308,0.11908101428531073,0.0013993690041041102,0.01035283702643579,0.8032647746614863
166,0.15101755298806446,0.23879683331500728,0.0005041924378024808,0.11972529342508326,0.4899561278340426
167,0.04802211414790806,0.13733393900924373,0.00019258633224423155,0.021776155217379974,0.792675205293224
168,0.01030466885351514,0.017503698219402983,6.294222871712093e-05,0.004028703750193726,0.968099986948171
169,0.008339318379625947,0.008233521000751545,2.2391870711650986e-05,0.0019932177275586802,0.9814115510213521
170,0.002621894191562237,0.00476792604719823,0.0017713858701323085,0.0005464415663112414,0.990292352324796
171,0.007018618710615107,0.004292752437490096,8.331852103295294e-05,0.0010364950393500045,0.9875688152915119
172,0.006378817234389903,0.0017722606284929705,1.6567266526501162e-05,0.0004951570239129058,0.9913371978466776
173,0.007255536790425846,0.001351899095162543,1.6714088068441072e-05,0.0026753252430221338,0.9887005247833209
174,0.00894916384398005,0.012380447976335997,0.00011682022327973381,0.001272372690159647,0.9772811952662446
175,0.12051468129123423,0.02798592606944256,0.00012002081818915492,0.008290695860180013,0.843088675960954
176,0.0911552219016249,0.03212890007793184,0.0001298749725443361,0.006005155805053697,0.8705808472428451
177,0.12376869820712216,0.07537522895734236,0.00015322421343390587,0.04053684503441131,0.7601660035876903
178,0.1083292792690897,0.08618440918853888,0.0001264197311771847,0.1519178459358636,0.6534420458753306
179,0.05495457127365102,0.13356180594784525,0.0007841627771469941,0.043440119441500225,0.7672593405598566
180,0.07828578680919887,0.13369337253007038,0.00022467236694652875,0.07236389095713525,0.7154322773366489
181,0.045031702996895434,0.19376333190939085,0.00028756256130207724,0.029630267531273013,0.7312871350011386
182,0.16415428610115596,0.12751576951364244,0.00033709102745378087,0.13838257838178092,0.569610274975967
183,0.21850859476092704,0.14515385701135605,0.0003489913613124046,0.16484943300937033,0.4711391238570342
184,0.2616682877251911,0.20600015275667075,0.00046952255377083664,0.14965236488331202,0.38220967208105533
185,0.08854199818581046,0.14334698273607424,0.0006476201546472819,0.03330114680352508,0.7341622521199428
186,0.1967854291433244,0.07149014706937812,0.00024063391990656599,0.11193186314345446,0.6195519267239364
187,0.1406347846602609,0.11286857898920098,0.0002776878113122969,0.12876677004579584,0.61745217849343
188,0.05762404189082629,0.03908925047678369,0.0002813839222757738,0.030332337922326345,0.8726729857877878
189,0.08713451065663386,0.23958530547554727,0.0006461970086645781,0.028035386793403644,0.6445986000657506
190,0.15562904369073938,0.2994040267062318,0.0006507681498544688,0.28602482829863374,0.2582913331545407
191,0.058737758209820155,0.26536627232167526,0.005322963272148918,0.11519689999441281,0.5553761062019429
192,0.035754390735590405,0.07246562477114085,0.0006321517525531379,0.05756529498751398,0.8335825377532016
193,0.17674689178768982,0.18352588035012893,0.0007955392261842206,0.3436784764580761,0.2952532121779209
194,0.056152490508855624,0.18830131547786094,0.0016628822651090487,0.0730850032159702,0.6807983085322042
195,0.08786277841884785,0.08019628536347093,0.00024074148423763636,0.108516961995007,0.7231832327384365
196,0.0623094431500555,0.04820613126095936,0.00015537209205662453,0.040577179720579476,0.8487518737763491
197,0.2578366833316648,0.08057502860630984,0.00021966100159111457,0.05143287792478387,0.6099357491356504
198,0.4361648134196803,0.10917982856251081,0.00045547285005184034,0.05831231394164964,0.39588757122610746
199,0.14759851924134687,0.09852667346134612,0.0007685347008192753,0.0332792815879306,0.7198269910085571
200,0.22838155301064925,0.13439348501438753,0.0006038401327661473,0.2538738746697323,0.3827472471724648
201,0.09465707191987889,0.038082920340063116,7.27837535055834e-05,0.0950987148690364,0.772088509117516
202,0.3351243758897142,0.19682002920708647,0.00039805753383286626,0.19758838697244924,0.27006915039691726
203,0.1650646938485294,0.09307374194097871,0.0006332497183828439,0.09631881182986186,0.6449095026622472
204,0.1550649983643372,0.17701151557327127,0.0014416818033139538,0.0773086383734921,0.5891731658855854
205,0.10570136052447282,0.2634973021672415,0.0013579808010974403,0.08207046053420393,0.5473728959729843
206,0.03685959287748766,0.073200081700005,0.002432781255258613,0.03996476372579877,0.84754278044145
207,0.28511073974156304,0.1414985547250795,0.0008857641791867192,0.3205315356928013,0.25197340566136955
208,0.2169267421949688,0.13018089811308936,0.0010343889920750614,0.2712218486989447,0.38063612200092206
209,0.02950055538279841,0.039871228650175346,0.0008095840794479084,0.03312440332922571,0.8966942285583526
210,0.1279370120497877,0.059615890020374845,0.0009147703111320515,0.108296441293015,0.7032358863256905
211,0.06190681049563412,0.03316263641326625,0.00047591947341328475,0.05906744242641746,0.8453871911912689
212,0.21919865999033947,0.07265461883989252,0.0003583061976023979,0.2759614623883085,0.43182695258385706
213,0.279737230409549,0.0682096642788938,0.00036035797141682887,0.3491336237576164,0.30255912358252407
214,0.28416505648751134,0.13049337853944556,0.0004628225996628226,0.4153636134851046,0.16951512888827583
215,0.15621523843617646,0.26194551815335976,0.0003646439984048112,0.4160908340413645,0.16538376537069435
216,0.1828193854676255,0.18994402710918493,0.0003501104259945949,0.4568893606987561,0.16999711629843892
217,0.21774067637124542,0.22518122760142834,0.00017253876786542345,0.4358438641601859,0.12106169309927495
218,0.20369975776055654,0.3900455788324635,0.0003189096404784224,0.24427157723591472,0.1616641765305869
219,0.24041238378246535,0.3439187973053783,0.0003154819264285785,0.1996305738402155,0.21572276314551223
220,0.1600806132796255,0.2675536207569305,0.0004479373418342916,0.36167325948755435,0.2102445691340553
221,0.0974055209693904,0.5584342870893917,0.0008735188650123415,0.13226623616243205,0.21102043691377365
222,0.1488626055708399,0.26659700291880445,0.0004964688012339185,0.29587406864426297,0.2881698540648588
223,0.011535137282823285,0.041037977788087,0.0011984030631762648,0.01662846554594836,0.9296000163199651
224,0.03259790046403207,0.1035770626245127,0.0007257698909102538,0.04412468836796795,0.8189745786525771
225,0.05737924512528999,0.05078370449274157,0.00038015033054934066,0.06158572654706979,0.8298711735043492
226,0.09209861954180659,0.03449054435422341,0.0003651698355846675,0.03990841337730899,0.8331372528910764
227,0.03847619125417383,0.021956884482875715,0.0008028805838759234,0.014787075186435874,0.9239769684926388
228,0.09066161733122953,0.04202268142239742,0.001229687794243651,0.038552533577122794,0.8275334798750066
229,0.1001450592855689,0.032633029072356504,0.0004015690095355741,0.038418125826046465,0.8284022168064926
230,0.12994606787065352,0.08624947547797482,0.0005943875730720328,0.09473464369147691,0.6884754253868227
231,0.20512878054092218,0.1297086245119407,0.0016141875448743206,0.06655710240007316,0.5969913050021896
232,0.20750543338584623,0.2168194387277783,0.005079058967474172,0.12339663136211333,0.44719943755678804
233,0.12834006872033232,0.19078030389320252,0.0029427539820704924,0.16816780201506154,0.5097690713893333
234,0.04659712327068151,0.14734008932104897,0.005704754680903418,0.026658005458729612,0.7737000272686365
235,0.00382724688356338,0.002648742347949198,0.0021607758133070283,0.003911250791504932,0.9874519841636754
236,0.04845582790444735,0.014741730511546087,0.00022197174357613944,0.016148676103697066,0.9204317937367333
237,0.11674757461529177,0.01795334149881919,0.0001534745213909452,0.01935939628372659,0.8457862130807715
238,0.44042081846356207,0.03570887637351437,0.00011994987419023794,0.026610721179657428,0.4971396341090759
239,0.3361587404256464,0.20722608223809003,0.0004633053944729533,0.027243546681214675,0.42890832526057593
240,0.39139444849210814,0.13090841886036228,0.0001638264746037274,0.17702782320522809,0.3005054829676978
241,0.18947670816854975,0.09463753733283774,0.0002940677889092758,0.362969721939883,0.35262196476982016
242,0.07394136515168469,0.10311818900019828,0.00013563586543337362,0.44759500007011804,0.37520980991256553
243,0.11458477729849952,0.17239180958413977,0.000217307564105996,0.4840553837792199,0.22875072177403477
244,0.14206896907348654,0.3398336777599129,0.0004001734985201018,0.3340416036613049,0.1836555760067755
245,0.20652905180463463,0.3785572538931448,0.0007693749184405742,0.14211081294093816,0.2720335064428417
246,0.23461192527911007,0.2718926356042741,0.0002833837795675092,0.1051883339993454,0.3880237213377028
247,0.1298081052579478,0.683609427207985,0.0007173272790245064,0.10437512289803183,0.08149001735701063
248,0.280311958498222,0.4761325523959648,0.0006764812904759064,0.17042783664224612,0.0724511711730911
249,0.052351993496148545,0.8794228726800691,0.016231967721234836,0.024652077522472317,0.027341088580075206
250,0.13350345977954195,0.775632745897025,0.0028038725727630004,0.06012865271330611,0.02793126903736374
251,0.14979703722634874,0.7256832565803705,0.03279851106736952,0.06314700512147486,0.0285741900044365
252,0.08310527727744488,0.8409306493395797,0.018968498706672755,0.03866737650969812,0.018328198166604515
253,0.07800832396857044,0.8630783014077449,0.004318590167937566,0.02654603491890234,0.02804874953684494
254,0.05088790008338585,0.7801465234621611,0.0313337013569326,0.027875395130150644,0.10975647996736977
255,0.08148589562463104,0.7997365002951015,0.0130307195053916,0.03417300413523922,0.07157388043963661
256,0.05189106644268429,0.8385384126211194,0.030858072140506232,0.023445893171270216,0.05526655562441999
257,0.31063002727232725,0.4421885730666565,0.0012023291745896002,0.13804570605284264,0.10793336443358406
258,0.1203597119206953,0.6102435546515631,0.03657217783812412,0.06532393325761764,0.16750062233199986
259,0.11651725759555341,0.3657051343192044,0.007554038322745984,0.017295128546383425,0.49292844121611296
260,0.09551282085256278,0.12226478467721041,0.001981919757865067,0.01919487756810503,0.7610455971442567
261,0.21416081176138352,0.15606888374921304,0.007225975540889479,0.0351890706411996,0.5873552583073143
262,0.13630751054311285,0.1533393397246445,0.0015540051529399385,0.03076015197901176,0.6780389926002911
263,0.21997273778653495,0.1811410393228419,0.0017267660827163108,0.05909924389891292,0.538060212908994
264,0.08388666200080952,0.1313574790706708,0.007273561361635221,0.03726369694539913,0.7402186006214853
265,0.03933604933327714,0.13239398807779568,0.0013118479626614504,0.03017281901930342,0.7967852956069622
266,0.04505691357024967,0.12381964727954209,0.002280360126246678,0.022496777609680767,0.8063463014142808
267,0.014029295533651584,0.023526517585938954,0.0016595656828889834,0.008333772791141635,0.9524508484063788
268,0.006060649928657183,0.0158401793500348,0.0017371279881325439,0.00439171224781668,0.9719703304853587
269,0.00746288333114811,0.004859644265757754,0.00022579931530775993,0.0024954784072554184,0.9849561946805311
270,0.015779293173607975,0.005109067788982907,0.00015769887693535545,0.003509588292697002,0.9754443518677768
271,0.0275118887695156,0.00800130389987917,8.17862304090155e-05,0.004526573782124395,0.9598784473180717
272,0.1118628466693685,0.021630753823519398,0.0004277197576308959,0.008950759268562942,0.8571279204809183
273,0.1640235692126402,0.06427772818664379,0.0004412305851726504,0.01566556679634694,0.7555919052191965
274,0.09261827638433054,0.06757912877773134,0.0006673114871845723,0.02213534802375261,0.816999935327001
275,0.09216315104853011,0.0983820402958827,0.0007795198408998867,0.030072364222316367,0.7786029245923709
276,0.10184144238724051,0.09183961247547735,0.0005473261192328251,0.07603850957923142,0.7297331094388179
277,0.11672627540916403,0.08741100507909036,0.0009986081203623926,0.17636713199714202,0.6184969793942412
278,0.15075703985907352,0.19190406625460768,0.0016565221051824518,0.28860177811027793,0.3670805936708585
279,0.09304084150781537,0.18786932635182754,0.0006963391803113765,0.16781541877989958,0.5505780741801461
280,0.0608749274770503,0.2872853453158837,0.004830237951822416,0.05091004900998382,0.5960994402452598
281,0.1503682909381553,0.2885743400457255,0.0019796682433928636,0.12857728904098045,0.43050041173174586
282,0.17362693712000246,0.4213927701007255,0.003857224251443709,0.09250412845897975,0.30861894006884855
283,0.1278365610351338,0.6543712078329903,0.018608517160473865,0.03594257311245578,0.16324114085894628
284,0.33369683429970065,0.3054950442557949,0.004812600696445067,0.0332084673447034,0.3227870534033561
285,0.2441864942441454,0.4408619187410583,0.01415511624274548,0.045573110469557754,0.255223360302493
286,0.12312537633944984,0.5542946959081153,0.032139979277978,0.02454568649799412,0.2658942619764628
287,0.29985715970817683,0.4268099549114165,0.007717422773468581,0.014831238080883125,0.250784224526055
288,0.10978524743966252,0.7354187174065842,0.019626998057772505,0.047393623882410876,0.08777541321356985
289,0.0781577448050661,0.48855130170540745,0.02644078905269254,0.02566939272966597,0.38118077170716796
290,0.24383503717362523,0.5507714882808739,0.020796362202747366,0.060894499109208314,0.12370261323354516
291,0.2596845319958963,0.5838717514767111,0.02402346595502863,0.045996826748053075,0.0864234238243109
292,0.1184044697494308,0.2707633420421332,0.016044774937426995,0.009391366248424583,0.5853960470225845
293,0.3959957817421215,0.38022772143240663,0.0028893291525131926,0.040709937186230845,0.18017723048672785
294,0.3666230491524571,0.31855244821383827,0.003218936293260635,0.008288744789508527,0.3033168215509354
295,0.3251076138480001,0.47118614548983623,0.026299842325175703,0.017099368040893972,0.16030703029609394
296,0.23266152659206868,0.6475498262681403,0.033180543127029,0.018199961854895596,0.0684081421578665
297,0.08727226911687706,0.7411305541531465,0.06271922128416121,0.017392962342630824,0.09148499310318439
298,0.3253719200148512,0.5185221571906502,0.019008238653065217,0.019226970231644564,0.11787071390978883
299,0.06746035784465478,0.7974368893058287,0.06939522531710586,0.01778577205136863,0.04792175548104216
300,0.12163678980800881,0.7529045609162393,0.04901238211607578,0.005267939551322588,0.07117832760835341
301,0.0901843852093338,0.7931641648549458,0.04555480844032917,0.001865626146301797,0.06923101534908942
302,0.0970364444403479,0.799275642462089,0.06166884986080859,0.0014105100878017628,0.04060855314895282
303,0.07578761296282818,0.8462264812945607,0.012884411362502188,0.0017160253847072358,0.06338546899540193
304,0.08616567236380124,0.8395023485648256,0.023140368582809462,0.0021580108074898087,0.049033599681073875
305,0.09154801415046844,0.7919637947553176,0.038876392421901954,0.0035872997977361913,0.07402449887457581
306,0.08695026934916275,0.8218909571454622,0.013060977347968716,0.005785325869963164,0.07231247028744316
307,0.21981419053613774,0.4188882055370263,0.05225548864438996,0.007843343821534074,0.3011987714609118
308,0.21600747060232614,0.25580871318078613,0.00508905486814181,0.01267071193913048,0.5104240494096155
309,0.40490649107496024,0.24981195016903626,0.015564367768010283,0.011068249871084275,0.31864894111690883
310,0.46372127983059747,0.32372541653051473,0.014501454910435146,0.00724686090535221,0.1908049878231004
311,0.1203088022630692,0.3642263152821254,0.011062224754303627,0.003202285021053073,0.5012003726794487
312,0.1325629108642027,0.44704700838597444,0.06987761512303914,0.005340879669114215,0.3451715859576696
313,0.13422254895616065,0.4990119915320461,0.04738813125142543,0.008229639974111485,0.31114768828625633
314,0.13000053487168933,0.57179310828228,0.056424441708914135,0.006606322896703368,0.23517559224041312
315,0.1294837085918494,0.593740664653567,0.12571319578143222,0.006653836918702751,0.14440859405444845
316,0.10949171940535812,0.6648440319226159,0.13366570156295593,0.01653413902232087,0.07546440808674917
317,0.16468343993476553,0.6523385792695099,0.06798886744361092,0.01008042177020809,0.10490869158190577
318,0.11306668752254129,0.6335313598587714,0.10972558118980921,0.01291024949022909,0.13076612193864898
319,0.10429399811087402,0.7047934064401637,0.118211808305276,0.011565123929605629,0.061135663214080545
320,0.10277312261303026,0.7494583635284445,0.06491775561108552,0.02195900751552332,0.06089175073191641
321,0.043825289406641335,0.079900268407108,0.01642458924504827,0.002325637888596119,0.8575242150526063
322,0.13284960237487628,0.48776992388481294,0.035041418452161376,0.010175666467999504,0.33416338882014984
323,0.13913535068006935,0.37956678380145015,0.027054153602460385,0.009963339761083144,0.44428037215493693
324,0.19463236393447425,0.3122442769777274,0.017313993592061774,0.005775870286160281,0.47003349520957627
325,0.17126085354281986,0.32553414953965565,0.02367439867535576,0.011297601838393264,0.4682329964037754
326,0.1443395451653424,0.3415456602709084,0.03948423304121894,0.03413717843758876,0.44049338308494174
327,0.08350152734256926,0.26798399771010656,0.02303011572429138,0.02252130240226804,0.6029630568207648
328,0.18434064627441896,0.4578433290964134,0.03256350077317545,0.02554638055086379,0.29970614330512835
329,0.1997711163383177,0.4052731657054767,0.03211767882086536,0.048987666836979034,0.31385037229836127
330,0.0835066302381582,0.3445172097086747,0.11786372712100297,0.023295763210835808,0.43081666972132837
331,0.2344697866327523,0.3656158144019941,0.03244638268897829,0.017685670085215904,0.3497823461910595
332,0.18380615859213592,0.46774047575179134,0.13162093706284245,0.013682981113089163,0.2031494474801412
333,0.26626316673119493,0.5255435796820057,0.07829012410310897,0.01108932727160465,0.11881380221208576
334,0.1952176054225501,0.5664132255776525,0.056212054755258756,0.008899854732798411,0.17325725951174037
335,0.13509635397068812,0.6273712533439244,0.15794768937872333,0.00805634857748458,0.07152835472917954
336,0.13699055190874282,0.6620787280442595,0.1329105885898786,0.006490592439343333,0.06152953901777579
337,0.10308195432264645,0.6318091353286601,0.18001407355232785,0.008595981337028142,0.0764988554593375
338,0.06898907818631267,0.20491581667244022,0.017524801979675833,0.0039152303893476665,0.7046550727722237
339,0.08336239182137216,0.23097370589375768,0.030269259392606614,0.0022352701174718167,0.6531593727747919
340,0.1489482817258618,0.6017281989255667,0.04258642105346252,0.006923097726698043,0.19981400056841092
341,0.19521915102022533,0.6274688312460116,0.051357763649477986,0.004921990672560455,0.12103226341172461
342,0.20889784143017096,0.5496239191609648,0.08209161708194972,0.006737311916521471,0.152649310410393
343,0.26099829026460847,0.5675240021864955,0.03177449708271268,0.006702254831420451,0.13300095563476297
344,0.10463714436218347,0.5351460894718515,0.2420599966355625,0.008456782249167407,0.10969998728123499
345,0.21943739140188978,0.6114319766046468,0.10478951716150149,0.012105729023495264,0.052235385808466754
346,0.10110922276612168,0.6813922676520076,0.18403219063016893,0.0027998131286887263,0.030666505823013144
347,0.08929936409930318,0.6393923627276196,0.22390084937361526,0.010008351160296794,0.037399072639165316
348,0.07735335178818453,0.7184280520177447,0.13676502270397298,0.02506041196268487,0.04239316152741303
349,0.13626626103170025,0.6181452055139373,0.06710308347784606,0.04145725034924523,0.13702819962727106
350,0.24407329346691198,0.4212895566572623,0.04888895279888251,0.02938767775631911,0.2563605193206241
351,0.10027684082597092,0.23666693029083807,0.020727784338542426,0.02797618220637107,0.6143522623382776
352,0.033173055412051754,0.06488057160955506,0.002903137163747364,0.005903427584586543,0.8931398082300592
353,0.035430217715096655,0.06970247495142809,0.0025119768993847693,0.027423688869942908,0.8649316415641475
354,0.07753258297205463,0.2571790410091711,0.0276767930208977,0.02372398341309963,0.6138875995847769
355,0.07119942450469546,0.21772605292303918,0.02706107418195083,0.024680143054570718,0.6593333053357437
356,0.038140385827039124,0.27081634292855483,0.021397576399497596,0.029924845749640168,0.6397208490952684
357,0.1691804923107322,0.1972905439059736,0.03895015805164355,0.028558540151244816,0.5660202655804059
358,0.06427296383092133,0.08850051973297587,0.022026760107368024,0.016725176961468687,0.8084745793672661
359,0.17455991525560413,0.24634367270995536,0.055831419105804345,0.04824651269411959,0.47501848023451654
360,0.10915666887909052,0.44031233181753304,0.04492641386565598,0.024793711903995864,0.38081087353372456
361,0.16224944381953402,0.4689430986005874,0.03538174979469386,0.03803951780669586,0.2953861899784888
362,0.16861572049600967,0.5492912084507354,0.049754811126930434,0.03345313694678205,0.19888512297954247
363,0.1436654916139337,0.5717252899137134,0.10393854626476347,0.029785633577346614,0.15088503863024275
364,0.12844428362628446,0.4491312688526432,0.0574188311526245,0.02625877023880958,0.33874684612963835
365,0.04194779161097656,0.21528519339453894,0.049018560151873176,0.005315220261515103,0.6884332345810963
366,0.041108677537775244,0.10564459028848239,0.009627782486689513,0.0030599439716143552,0.8405590057154385
367,0.1270899527161899,0.2628045889285664,0.029225148519739053,0.008480921660386774,0.572399388175118
368,0.21339593722506472,0.29407497275782796,0.04163477798333864,0.008771950474280851,0.44212236155948775
369,0.19156747755825645,0.4657553548572025,0.04458751811739093,0.02117659751917276,0.27691305194797733
370,0.13864231725387802,0.3757953267308246,0.08378488203200905,0.05667314206993209,0.3451043319133563
371,0.1551335311068272,0.4274565664995903,0.11643726854928979,0.05614000962795605,0.2448326242163367
372,0.12844155372401808,0.32981723082982484,0.06632113221651458,0.048220896970698736,0.4271991862589437
373,0.144540093487348,0.17867492944566254,0.031814777439086256,0.07729800528818745,0.5676721943397158
374,0.062334112160517235,0.3634889527736647,0.03963782182831809,0.032357448783649545,0.5021816644538505
375,0.14859193574731971,0.22112949437571658,0.09250948834552833,0.029734615297341727,0.5080344662340937
376,0.2615215293621335,0.3479150521376523,0.06712224287674409,0.03179357095752627,0.2916476046659438
377,0.07075712454579632,0.315998214330779,0.06678079849253228,0.04584750705271808,0.5006163555781743
378,0.01410322767412161,0.0729242219412363,0.01833973284226987,0.005077364179044765,0.8895554533633275
379,0.0112339802360956,0.01833995862362351,0.001865355496908747,0.0022769114807694693,0.9662837941626027
380,0.0574751300175618,0.07759029183529592,0.004187950799732076,0.006489791708539347,0.8542568356388709
381,0.1388206492831233,0.1278161875925861,0.008318664976359077,0.01120414114724351,0.713840357000688
