epoch,N1,N2,N3,R,W
0,0.014968530755128247,0.0007306340924994408,2.7333022305419204e-05,8.607904183647824e-05,0.9841874230882304
1,0.009477067244564924,0.0010005396397982083,2.8284053379310773e-05,0.00010908461355818264,0.9893850244486995
2,0.020525602707905155,0.001035398612248797,5.1046267418906245e-05,0.000180700763475899,0.9782072516489513
3,0.0159522423056641,0.0014460417878032568,9.704158705402423e-05,0.0001624900005804503,0.9823421843188981
4,0.01930593310755755,0.0038913568315129066,0.00017509150869682365,0.0005155320198309535,0.9761120865324018
5,0.03479263042121992,0.0028365627821175937,5.826649225766777e-05,0.00032870806507918313,0.9619838322393256
6,0.013262123632574386,0.0005212480711046133,3.167000096373677e-05,0.00022505380893986278,0.9859599044864175
7,0.014326270959869237,0.0021283057546666235,2.971894241673517e-05,0.0004814405858830222,0.9830342637571643
8,0.031577341782524214,0.003089843834890658,2.2133702803529264e-05,0.0008542826114554076,0.9644563980683263
9,0.045306508016568464,0.001025904883824689,3.781710427794809e-05,0.0017711423077546378,0.9518586276875743
10,0.04185702217010617,0.001002399193599205,6.66579330259359e-05,0.004510867844155548,0.9525630528591131
11,0.04937309678615229,0.0005812991858568337,3.8808710595589706e-05,0.007389923574813398,0.9426168717425819
12,0.02142831717967983,0.0012105137633172335,6.0100614476820606e-05,0.010526189626775649,0.9667748788157504
13,0.03574704742653357,0.0006604643553873429,5.291283597971173e-05,0.059786648102167925,0.9037529272799314
14,0.0118161154341175,0.0013625421010632435,3.887220260784958e-05,0.05725031988260425,0.9295321503796071
15,0.012684058544302549,0.0012561273880236973,1.8736850361020624e-05,0.024552866795556554,0.9614882104217563
16,0.00703279374158064,0.0006404677662486792,1.2324011504681965e-05,0.07386281360528187,0.918451600875384
17,0.0049325802578402056,0.00072897102735876,2.0946259245496997e-05,0.02380645731042165,0.9705110451451339
18,0.010117122235146473,0.0006291419296188431,2.5703100821836785e-05,0.02470682568699614,0.9645212070474167
19,0.004926497285741778,0.00045763558456753215,3.712310956107342e-05,0.021573538286634147,0.9730052057334955
20,0.00772478240799674,0.0006839966624582023,4.987411093215384e-05,0.01915560158729789,0.972385745231315
21,0.006376638055060784,0.0014322657864150991,2.345686018115023e-05,0.01788981615806472,0.9742778231402783
22,0.01002754989567223,0.0018720219879017226,9.285189779295238e-05,0.029830710831229942,0.9581768653874032
23,0.007600451954759467,0.0017976252460303861,4.013751208227378e-05,0.023424197148300914,0.9671375881388271
24,0.01315606955706494,0.00277095753813053,4.283784735951573e-05,0.017821507060974066,0.966208627996471
25,0.008740618394696633,0.0023238738400859,3.0800246463548995e-05,0.012958700134907852,0.9759460073838462
26,0.019443469345054115,0.005277794979246143,4.164934258789091e-05,0.053430799029887024,0.9218062873032249
27,0.009628450785949703,0.0027353275629130713,4.223788316219125e-05,0.01793876006133841,0.9696552237066367
28,0.006858391548401295,0.0010946686826201208,2.9138069466114326e-05,0.0021234385329563467,0.9898943631665561
29,0.05174933004570337,0.0054780090149328525,4.304135918097823e-05,0.00601643036379183,0.936713189216391
30,0.0725479399892747,0.007059954206583748,3.161261300623768e-05,0.013858073967964997,0.9065024192231704
31,0.04715839531573796,0.003192237022334692,2.034383105138353e-05,0.005634134049714354,0.9439948897811615
32,0.02527719845359299,0.0026047225399235176,4.0009342291849564e-05,0.062249189987396036,0.9098288796767956
33,0.023642013767132847,0.0034478371415272275,3.189149110781722e-05,0.0592512069014328,0.9136270506987993
34,0.035145871143898715,0.006534771682364289,9.854823684086366e-05,0.07726987812839622,0.8809509308085
35,0.04276934437934952,0.02450652746425219,0.00019002770368117675,0.3824592470717198,0.5500748533809974
36,0.03325766620024721,0.021275454926264755,0.0001368459338659125,0.3356338786791573,0.6096961542604649
37,0.044670611115782154,0.02327741971790446,0.00020907604134854694,0.31448510379841377,0.617357789326551
38,0.053037587873536005,0.022419429929297702,0.00019707527479960376,0.23180931767540766,0.6925365892469589
39,0.07374165425859211,0.06232143515974426,0.0001405943398825607,0.3205289051985969,0.5432674110431842
40,0.06980912839467876,0.04635540260889969,8.933572026338593e-05,0.08220477543096416,0.801541357845194
41,0.055957885797883446,0.007247305963194807,0.0001022733940634456,0.02128847976521518,0.9154040550796432
42,0.30956794802368276,0.08263395713178268,7.566607814074902e-05,0.0254137318188639,0.58230869694753
43,0.49995934058359603,0.03129808889020468,2.507871227408529e-05,0.02115737081260821,0.4475601210013169
44,0.597464479979878,0.12408424258808831,3.0039254605046615e-05,0.021022655392285088,0.25739858278514366
45,0.1544655922110171,0.30517545786796346,0.00011819062782580334,0.1639071325915969,0.3763336267015968
46,0.15004981106150939,0.2698303953566903,0.00010226720488605004,0.0799616066271391,0.5000559197497751
47,0.06942502867533652,0.441042322430674,0.00013599564776202832,0.11223186767719276,0.3771647855690346
48,0.059585016638343584,0.5201529116866911,0.00014253761564025723,0.25994560498668035,0.16017392907264463
49,0.09508599213809134,0.4142835652566075,0.00010359426939476634,0.10624736938494142,0.38427947895096504
50,0.0312623341517799,0.29210172286681974,0.0002498393220861509,0.03125356527957895,0.6451325383797353
51,0.05022461029254993,0.3503831332256429,0.0002523941988152792,0.02079189641564275,0.5783479658673492
52,0.12324485592426514,0.2521818433384989,0.00036249370315288523,0.04699989701352685,0.5772109100205561
53,0.07673799842602728,0.09721522164206864,0.00045353729648830505,0.006383680938259807,0.8192095616971561
54,0.0999995641891487,0.35240553682772285,0.00044696727123638794,0.011224341160884076,0.5359235905510081
55,0.10395641738691792,0.7308959705580348,0.00034176623653275483,0.020496401404743958,0.14430944441377053
56,0.011618160169931101,0.018788589431959674,0.00020779057855321745,0.000768591428379625,0.9686168683911763
57,0.07320312480412725,0.09724047344062127,0.0006306961810181137,0.0021804190878387743,0.8267452864863947
58,0.08156407834327241,0.13467280758574876,0.00024562764684310203,0.0027279858719156205,0.7807895005522201
59,0.21488169697097348,0.1390707888431784,0.0003149004916071555,0.0025636461590111096,0.6431689675352299
60,0.07863007083560095,0.36712319402128846,0.00038272565511883206,0.005287539081084325,0.5485764704069075
61,0.1293409753002239,0.4556129749750181,0.0006349456373226295,0.029707156751018215,0.38470394733641705
62,0.022637949234389006,0.05531619862699344,0.0002059210580482309,0.0012573772317934974,0.920582553848776
63,0.0027190526822986933,0.0018553546787485966,2.600862008701174e-05,0.00035369073501464207,0.995045893283851
64,0.033206931795491564,0.01289148340232308,6.619330118946656e-05,0.0006834992321647843,0.9531518922688311
65,0.018133889515378334,0.006883609057858508,0.00011632173460900243,0.00021852299611610184,0.974647656696038
66,0.0010177415877947148,0.0004620274025924515,2.242011548151597e-05,2.3298748242210917e-05,0.9984745121458891
67,0.018314155238514977,0.0006938417211034416,9.911576079269051e-06,8.170215053484786e-05,0.9809003893137676
68,0.058462117213295625,0.0020591582656589173,1.821339203296058e-05,0.00018937484569414004,0.9392711362833183
69,0.04416925717375352,0.0038036400807342423,1.700706505552534e-05,0.0003776925148633631,0.9516324031655933
70,0.014646998141243836,0.003413474166454661,9.067858000066606e-06,0.0015423094363965087,0.980388150397905
71,0.020484224023936237,0.00694430920080116,3.3334737762537764e-05,0.002608470171912771,0.9699296618655873
72,0.012500499384602555,0.001773173662165743,1.485788490860822e-05,0.0016769382036199044,0.9840345308647033
73,0.007387166021017859,0.00283061746927624,3.250612358306275e-05,0.0005741495130671827,0.9891755608730556
74,0.0007443414803604313,0.00023617052264533547,5.1729831040247266e-06,4.564506382386948e-05,0.9989686699500663
75,0.008177543530921372,0.0004614957273525863,1.1344456027281284e-05,0.000373997952069904,0.9909756183336289
76,0.006845560173642411,0.0003053557402230686,1.7085698452892172e-05,0.00022453547732067386,0.992607462910361
77,0.07170726132005122,0.0007007595602024403,3.300470373311507e-05,0.0006474278815500681,0.9269115465344632
78,0.016278156613761995,0.0009570399298658004,1.6487262110300227e-05,0.002763564372715786,0.9799847518215462
79,0.018911042430520664,0.0013075752069088512,1.9454344127948882e-05,0.005408370295394799,0.9743535577230478
80,0.07094164748286154,0.009369383024597501,8.250325471991773e-05,0.05083586912546892,0.8687705971123522
81,0.10568145607707906,0.011588259164432966,0.00011412076414718585,0.10518880204034355,0.7774273619539973
82,0.057616986096416085,0.011782775887619064,4.8819883794272976e-05,0.15586709875116306,0.7746843193810075
83,0.05409435643820491,0.011637240277067407,4.2217888922340636e-05,0.08618552056278087,0.8480406648330244
84,0.019443852686492857,0.002204262407879847,1.9149548873102167e-05,0.009450260960749721,0.9688824743960045
85,0.1215186802934664,0.011351414483449711,5.891103435249859e-05,0.01458589855355384,0.8524850956351775
86,0.26092239274459067,0.012379629538157983,2.852085358816481e-05,0.026929804465519763,0.6997396523981434
87,0.0380091349758865,0.008035156487168979,1.1940130339056968e-05,0.012332997641710277,0.9416107707648951
88,0.06436762798864977,0.011236983451296015,2.917672346888163e-05,0.027479492207943094,0.8968867196286423
89,0.09623229760612662,0.08322826311681912,6.334230453246575e-05,0.08873935459578465,0.7317367423767372
90,0.09340096602762434,0.1273981039781662,0.0001700014848873101,0.2827429217981868,0.4962880067111353
91,0.05451351047872554,0.09745189872288065,0.00013737625607003479,0.11349577006623353,0.7344014444760902
92,0.14249201601359596,0.12263277479145157,0.00018478994251095503,0.16033706298255518,0.5743533562698863
93,0.1540154730668492,0.49077520206512676,0.00015979591045858408,0.18704505143841246,0.16800447751915293
94,0.06662896350844305,0.7988082787641453,0.00022643259547654873,0.11272131322785987,0.0216150119040753
95,0.1727290110846453,0.18496959783010034,0.00035205544016103825,0.15327822837268731,0.488671107272406
96,0.13769348877507273,0.5181537430560634,0.0003133649015249239,0.08148946023442503,0.262349943032914
97,0.0980790634693245,0.6408058191346522,0.0002823794648082333,0.05960057485949591,0.20123216307171912
98,0.05646001903582831,0.47988220269430754,0.0007869338844226415,0.007784876075001729,0.45508596831043985
99,0.12378723053991544,0.2712489266758187,0.0006263495051245174,0.02665624012559512,0.5776812531535462
100,0.10613439603295177,0.3459519523933446,0.00048376925703193984,0.023370156019467445,0.5240597262972042
101,0.004938104640687128,0.0050732062646069685,6.482695595832965e-05,0.00036050129906472724,0.9895633608396828
102,0.061958372616658694,0.009778776393226198,5.0461236937031684e-05,0.0012286607640546255,0.9269837289891234
103,0.3002331579988841,0.013775764102331715,6.18322622812381e-05,0.003552502919931442,0.6823767427165714
104,0.35255055723019874,0.00977594168862066,2.896095687177502e-05,0.0025268625465192174,0.6351176775777896
105,0.2068094242963611,0.02328527545922821,7.103017499909444e-05,0.09834431331836853,0.6714899567510431
106,0.1430640111588949,0.1410669863438064,0.0001810030131714518,0.20084455457757244,0.5148434449065548
107,0.09523886541149686,0.29685132370983025,0.00016025331290919447,0.1628839465370809,0.4448656110286828
108,0.07709479853117185,0.5459646526231421,0.00017595942744372787,0.31948705675351596,0.05727753266472639
109,0.042957536196261796,0.39154468764348127,0.00022322404145803636,0.5131806699689124,0.05209388214988647
110,0.05625115229544873,0.07134429002972233,0.00041579245859880764,0.05845111582102131,0.8135376493952088
111,0.11330166869727772,0.06771396014828282,0.0002926293100547755,0.20041682016652407,0.6182749216778606
112,0.2553235367238878,0.1477022679039031,0.00011689521224115889,0.1605583119600378,0.4362989881999302
113,0.5830993151757384,0.1474131132902223,0.00014995275392826651,0.008897071953693646,0.2604405468264174
114,0.155236140334595,0.7625731499298312,0.00015003370856905284,0.04241274670901142,0.03962792931799315
115,0.16707501405754552,0.5640453636875437,0.0006420296796182158,0.012514175847255242,0.2557234167280375
116,0.1699378631930685,0.7285884858142949,0.0006829435614320071,0.006802559626001292,0.09398814780520322
117,0.14386295539958419,0.8123809943410076,0.0007927807334913746,0.0037183863580474248,0.03924488316786919
118,0.1231735570491502,0.8583703634635504,0.001058711439541846,0.004253603485661092,0.013143764562096394
119,0.13466386442274975,0.8136801785145324,0.0012552314002537148,0.012845989439888935,0.03755473622257515
120,0.09054781922892927,0.8887922444434061,0.0026082754129161598,0.00881894743174412,0.009232713483004255
121,0.12199027334833726,0.8351761594081487,0.004886549040328892,0.006577703494474539,0.03136931470871068
122,0.03466583287852748,0.9190000656035767,0.003039450364482417,0.002210245135206538,0.04108440601820687
123,0.024079837676107416,0.8798081432717485,0.004770878714215423,0.0013416872799698618,0.08999945305795874
124,0.1574149920019653,0.2946680053426387,0.0015315124002139846,0.002242683945557187,0.5441428063096249
125,0.015144747944970232,0.02774393995570748,0.0007225096773279356,8.761477702194839e-05,0.9563011876449724
126,0.22681055753674928,0.2585034219029033,0.0018342821678760924,0.0016428805214964517,0.5112088578709748
127,0.04567558537849556,0.6971637316007707,0.012551016898847205,0.0008108441366281654,0.24379882198525837
128,0.006694654033859496,0.031065757909600575,0.0006660872974852017,0.0001856692256410141,0.9613878315334137
129,0.017357773415084363,0.0159705906271467,0.00027758099967028767,9.316422019829924e-05,0.9663008907379004
130,0.06871916208678261,0.03769249846187153,0.0003401290555682873,0.0003950399931108797,0.8928531704026668
131,0.2133437262805018,0.03910363916915973,0.0005492903005515599,0.0005090392483794326,0.7464943050014075
132,0.3497324485111482,0.1946756475028197,0.0012408280177443288,0.0014875911469646823,0.452863484821323
133,0.12691430819354033,0.5422474676399573,0.0009799540479485144,0.0004230580382922601,0.3294352120802615
134,0.09877254836279598,0.3482248889065981,0.0015306080231382027,0.0007881935240001849,0.5506837611834675
135,0.2919589688414948,0.5912234437637548,0.00479824996532002,0.009033953925970362,0.10298538350345994
136,0.10428914962398446,0.4171788209448356,0.0030820182896466367,0.004282153290815935,0.4711678578507173
137,0.3282506705457686,0.07339860053585247,0.0008343358536696671,0.004131942791531077,0.5933844502731782
138,0.47348585378054764,0.2835928457428592,0.0012153169043824024,0.007434806900956538,0.2342711766712543
139,0.5701854026149283,0.2190271223756552,0.0013730665974977443,0.006509650602042849,0.2029047578098759
140,0.4564989918150838,0.45632273498658016,0.002492459458020823,0.011896968843349277,0.07278884489696587
141,0.05422465592335253,0.9351787236031238,0.0011824356339436514,0.004086288614038649,0.005327896225541452
142,0.021644860920454135,0.9653836460513349,0.002464687068912501,0.0021687845121244977,0.008338021447173936
143,0.06764130946240564,0.890892868643335,0.006185204111098907,0.016333763948554472,0.018946853834605936
144,0.05252493621963591,0.9103474791249618,0.005794371631161371,0.01191706893678495,0.019416144087455994
145,0.024865024806877987,0.9262370854111264,0.02922798220839577,0.0023217323976597202,0.01734817517594021
146,0.32362542919567694,0.5471310699666164,0.011903349078291844,0.07083933952635504,0.04650081223305974
147,0.10123495014053412,0.8596924473671421,0.008800000137957939,0.01761008585196557,0.0126625165024002
148,0.026651070570994504,0.03353675303338323,0.003579316132846733,0.0014114728843178325,0.9348213873784577
149,0.16759699210583762,0.13172262450776903,0.0018455181223163742,0.0004263456710673154,0.6984085195930096
150,0.16523427077252426,0.7332504580991345,0.0029982660258889232,0.0004406238722162116,0.09807638123023617
151,0.3533301016987312,0.5506654892250353,0.005249483422200084,0.00043243734285709637,0.09032248831117644
152,0.04555230523135177,0.927842641821738,0.011716932494281917,0.0004914833409353327,0.014396637111692761
153,0.005080150145916341,0.9262782846415126,0.0629382485517429,0.0008330794679628508,0.0048702371928653395
154,0.16745240855466118,0.7595156289014589,0.03100598295231368,0.010103132112935282,0.03192284747863105
155,0.02124166363639501,0.8656124885610235,0.10391073150375997,0.0031749528133068667,0.006060163485514618
156,0.3267966678795699,0.5176725710668039,0.020931552765003046,0.01905029000692057,0.1155489182817026
157,0.16481135371983316,0.7989067416961578,0.014740123959941589,0.006933544791369589,0.014608235832697688
158,0.01837801603461223,0.8249580309592557,0.14523145871852794,0.0011193947720432684,0.010313099515560767
159,0.029951386301641278,0.904393257836468,0.05052352275143571,0.0007569699825325777,0.014374863127922483
160,0.32902658188089334,0.08758801447595972,0.011409774180640344,0.007740984840211805,0.5642346446222948
161,0.018557922076854937,0.849813317631474,0.12333986035401623,0.0006223528452060826,0.007666547092448671
162,0.07314634696422288,0.8735749283359542,0.044707978249061975,0.0015347303553315062,0.007036016095429695
163,0.04405026716678303,0.8764615360641492,0.07256098492962725,0.0012122138943929895,0.005714997945047691
164,0.03648379108543706,0.8670835458211149,0.08605096033775804,0.004629956855477631,0.005751745900212375
165,0.014776509428865126,0.8896251965112417,0.08321802753456435,0.0044996565029476075,0.007880610022381176
166,0.059828618981686406,0.8615033087957262,0.0449938022249076,0.01979885795709627,0.0138754120405836
167,0.002353474256438222,0.005136995392406931,0.0020714639181383665,0.0007126278574550686,0.9897254385755615
168,0.009644699575143627,0.0024268885985469176,5.5886858532290067e-05,0.0005613785147816033,0.9873111464529957
169,0.365124460819139,0.007536090768680619,9.817543652042339e-05,0.0019551631517063456,0.6252861098239536
170,0.47123851068608247,0.006871452663334174,8.116290046319308e-05,0.0010681427709869,0.5207407309791333
171,0.6964699947813016,0.017391427116902638,6.052837090723835e-05,0.0034093471393225423,0.28266870259156607
172,0.2832252445653065,0.08315565869252668,0.00012958431594309438,0.21508898608685528,0.4184005263393684
173,0.1722153491770687,0.04909542912967077,8.769246213705184e-05,0.5197644668788528,0.2588370623522707
174,0.051862637322733024,0.06570883121208172,5.443281044574511e-05,0.8495995495497504,0.03277454910498909
175,0.054793358256773346,0.02967598796839631,7.06167355122789e-05,0.8489170232668832,0.0665430137724349
176,0.09136867986640176,0.10269846197458772,9.80797880611937e-05,0.7521729951603442,0.05366178321060522
177,0.10316653183073422,0.33307130741392554,0.0001391620807067324,0.5363178000274403,0.02730519864719318
178,0.17365128183422263,0.2242956376701948,0.0002116674644697309,0.4907970197277764,0.11104439330333636
179,0.16642238058787248,0.4631467506550379,0.00023954476322170248,0.2500340409412834,0.12015728305258454
180,0.180334245652676,0.49767425265522985,0.0003816564280142414,0.2554917079019032,0.06611813736217666
181,0.14350441339009234,0.6362691930807217,0.00022494450934519024,0.17179237340612408,0.04820907561371664
182,0.18589372230471363,0.24639300956390506,0.0006675524883198845,0.03379106406759787,0.5332546515754636
183,0.22056316496579856,0.18875002745239028,0.0006722008022605565,0.008594288454405439,0.5814203183251452
184,0.10603220810144981,0.07171136381519032,0.00021893166025436071,0.0019584734208342564,0.8200790230022712
185,0.2700522938447768,0.12897079786315613,0.00020252237313463816,0.002438203213180826,0.5983361827057516
186,0.10370812624023112,0.7496992261436618,0.0003821936376632429,0.00088445352339299,0.14532600045505076
187,0.35265889511713455,0.21806566394106472,0.0004900782130270942,0.0031889234512201127,0.4255964392775536
188,0.1203765951946205,0.7451194131793092,0.00045217270106042454,0.00419894833599264,0.1298528705890172
189,0.24222651283728455,0.2730695873197026,0.0006181580548007458,0.02457577277848426,0.45950996900972774
190,0.0678711442674594,0.8769901626171889,0.0008313162871295842,0.012236031497820363,0.04207134533040178
191,0.11456249562310956,0.032805623079412295,0.0002556921771913005,0.028454062670572745,0.8239221264497141
192,0.2476956701907821,0.19156134251957882,0.00039533924756958254,0.04772089101595446,0.512626757026115
193,0.2426139873359222,0.09986357084845883,0.00041554973945837233,0.06652048696002759,0.590586405116133
194,0.0066645115696575856,0.0031957181058564427,7.518173538487106e-05,0.0004222321113581697,0.9896423564777429
195,0.33898153223179367,0.015890971948416988,9.00639279299402e-05,0.005878270523864711,0.6391591613679946
196,0.6250048237630835,0.07363978914490041,0.000210403063337166,0.012338026929265639,0.28880695709941334
197,0.760471353926246,0.033218477230798134,0.00016983135756258868,0.035958966446430055,0.17018137103896339
198,0.06672796049784317,0.18025961333072898,0.00032937251880385093,0.7068390635817724,0.045843990070851534
199,0.03445389575166136,0.2847984023625606,0.00035044578456955587,0.6551321171002427,0.025265139000965754
200,0.05002460700410711,0.33126842154630265,0.00034748342453867244,0.5907479886980602,0.027611499326991244
201,0.06371240490361087,0.1933939150704613,0.00036048560193331506,0.6612983421302233,0.08123485229377121
202,0.03325770809849327,0.0629541342201161,0.00019538831864995306,0.5299784099639204,0.3736143593988202
203,0.07797589103000405,0.0666834661367777,0.00036703817239689356,0.38249814104380175,0.47247546361701964
204,0.14809896928030375,0.029563559083178606,0.000660269536858999,0.20148326316569257,0.620193938933966
205,0.4593487577867842,0.045920860384753806,0.0002880525292379778,0.15303499161613804,0.34140733768308607
206,0.35629875310988607,0.08372830322474305,0.00028365566849347917,0.27328260644452124,0.28640668155235616
207,0.28175668042849106,0.06499845201434791,0.00011278732283046318,0.5713393796282661,0.08179270060606438
208,0.04029371940519777,0.04946846497949162,0.00013012143389396608,0.8044072746737401,0.10570041950767659
209,0.06161487671253641,0.06556346586344498,0.0001336368831804703,0.7782174961023848,0.0944705244384533
210,0.0936869625078609,0.0846736645568578,0.00034117459150497854,0.27032439427631333,0.550973804067463
211,0.15844143921658171,0.0505162377329962,0.0010618369756065806,0.3944120930487146,0.395568393026101
212,0.3861053989824106,0.1077943979378456,0.0003370072392261492,0.15673442132735632,0.3490287745131612
213,0.40907803308988305,0.10428232022852862,6.829174073920141e-05,0.1657374905341794,0.3208338644066697
214,0.6612567862834393,0.0920153104311336,8.196632567793473e-05,0.1042025379101873,0.14244339904956194
215,0.17267965707422436,0.48531120702442276,0.0001183003503881241,0.3179511575310549,0.023939678019909642
216,0.08531271644101181,0.27859956727632634,0.00016314027914129215,0.5216435534846628,0.11428102251885762
217,0.030070035281816856,0.6442105154926914,0.0004095210400212652,0.2987364127235142,0.02657351546195628
218,0.04270807279760063,0.7339231562679204,0.0002955282011085379,0.14066016085595637,0.08241308187741421
219,0.0809458214161006,0.6421401667922138,0.0005014184953458086,0.1977830146513451,0.07862957864499465
220,0.0949402734368715,0.5756513889647482,0.0003853140524624884,0.262466400245997,0.0665566232999208
221,0.13685792411776815,0.485099525040282,0.0003931169966212294,0.1590820751961158,0.21856735864921287
222,0.1267485322389681,0.48484403736087456,0.000350084154887573,0.13996563129999984,0.24809171494527013
223,0.16812693848925464,0.5880506061209364,0.00042916458069455147,0.14264335097023184,0.10074993983888242
224,0.23013238134537198,0.6407977271955797,0.00032940001719759137,0.036697974456397525,0.09204251698545314
225,0.0348340198305488,0.9194830360094498,0.00022723509855995553,0.03001533887910324,0.015440370182338162
226,0.027666944547365686,0.8927501165549202,0.00020673450780486218,0.049585650283110794,0.02979055410679857
227,0.14053299560055355,0.4936552683601667,0.00039897875682330983,0.1406255395438638,0.22478721773859278
228,0.06931990414994121,0.8255378816655125,0.0005275866591102913,0.06221611314184363,0.04239851438359251
229,0.10761743686191212,0.7065780656565773,0.000527996869679016,0.14404795877296772,0.04122854183886396
230,0.014051564115092188,0.9683283679108259,0.0010135794365513332,0.0020537691894875827,0.014552719348042902
231,0.017523720044282286,0.06750555468847576,0.0006155663814226754,0.0010141895522012897,0.913340969333618
232,0.1751881671081012,0.20412036950915605,0.0009585685020421178,0.004023919964821316,0.6157089749158794
233,0.13847350966882266,0.07033555068179774,0.0005748952820021642,0.001029277323649802,0.7895867670437277
234,0.5087980570551638,0.12002366283947855,0.0004911994022811794,0.0018073004838661398,0.36887978021921025
235,0.3239551910617466,0.5223306175401232,0.0005216411690810771,0.002124919212719058,0.15106763101633003
236,0.13447989543154706,0.7594447496469479,0.0002820977006993529,0.015515106752399345,0.09027815046840658
237,0.0798133448305806,0.7598174363942586,0.0003470827989474157,0.1131818375535266,0.04684029842268678
238,0.14519293020693042,0.29158037345499166,0.00035705385534576375,0.2787414397070539,0.28412820277567824
239,0.08727616191867144,0.5505922357734254,0.0008679342188613557,0.257770656075984,0.10349301201305773
240,0.05721050218365644,0.05426279916177345,0.0004440168784395188,0.23408802203649134,0.6539946597396392
241,0.32836892002023627,0.12251540426103757,0.0008671646486891917,0.2114704252090031,0.33677808586103386
242,0.10483782674776224,0.13600637840153731,0.00032535356063104334,0.04177436010136616,0.7170560811887032
243,0.5389352068669782,0.1906163169383466,0.0005658281380697008,0.04645691047861396,0.22342573757799156
244,0.34197959693063307,0.3191996301772759,0.0005277211075303669,0.04976205715952927,0.2885309946250314
245,0.14736432240248196,0.7750356768302749,0.00038011091731215133,0.022733073092395122,0.054486816757535694
246,0.24043084723137148,0.5960379481793017,0.0006604529923703346,0.019713481670678618,0.14315726992627797
247,0.013776430620042005,0.9661927160582232,0.00042864575560805693,0.010989875119723207,0.008612332446403543
248,0.04209091202526999,0.9233427517274806,0.0006106465313539215,0.008625764778857315,0.02532992493703852
249,0.011282448733909111,0.9532769333157417,0.0024141036047480146,0.011449704626679184,0.021576809718922032
250,0.13342225260857243,0.6386612289870097,0.0032888537653936755,0.046191132871302165,0.1784365317677219
251,0.0730846821154222,0.8593039089192472,0.0014803506803574183,0.01429003220485803,0.051841026080115135
252,0.02237620782649312,0.9624081333191229,0.0013328563014727488,0.004768917062955988,0.009113885489955181
253,0.038995513575811935,0.9468058333002239,0.00024326066498021182,0.002670516944579635,0.011284875514404089
254,0.039738703531392625,0.9190189876840966,0.000775249885831621,0.014632992279732686,0.025834066618946185
255,0.07438994999004139,0.8551803215336542,0.0006357266509958987,0.04043053583645356,0.029363465988855055
256,0.29330633115055116,0.6048318587052067,0.0013159017087654718,0.05288211074148279,0.047663797693993884
257,0.19361062562154255,0.6960753195409252,0.000661332947316797,0.028650626504044555,0.08100209538617105
258,0.2514628415434035,0.6677611008129096,0.0008621482634341175,0.03020657345351852,0.04970733592673423
259,0.05987872759068878,0.9195532443071842,0.0005747286727026382,0.006209709533983008,0.013783589895441506
260,0.06289654792058853,0.9230248459910128,0.0005242641470108693,0.004067035825479819,0.009487306115908001
261,0.2956613686760473,0.6159828423431661,0.0016558512381372086,0.009721356534241297,0.07697858120840795
262,0.14340749639237993,0.8342429373514694,0.0022950109205517985,0.007532679593347339,0.012521875742251444
263,0.01569016196040446,0.9790977628969665,0.0007671113349064129,0.002803145237744261,0.0016418185699785296
264,0.03326050010181966,0.9485099479040545,0.002945770447294572,0.010100211681213469,0.005183569865617469
265,0.016617131092373737,0.9412202320235189,0.029680349347583672,0.007981543013056338,0.004500744523467381
266,0.19387158459424483,0.5731587270882897,0.007572574114841956,0.15594042617090026,0.06945668803172302
267,0.11255977858136623,0.7114064708290149,0.003846946655044619,0.07030732739084063,0.10187947654373365
268,0.15169563207736236,0.642729967216194,0.0018128643390074152,0.07465017135196914,0.12911136501546705
269,0.11994538141759784,0.6972367463240515,0.0018548872056018003,0.028770974275550823,0.1521920107771978
270,0.10325229513462182,0.8259441618858908,0.0016174243739763877,0.03285928457407622,0.03632683403143466
271,0.004073264616993446,0.021248160491594153,0.003866079556565019,0.002673148467270758,0.9681393468675765
272,0.00937204969267642,0.0019477775671969577,7.735937803205373e-05,0.0024953822387947864,0.9861074311232997
273,0.01258621550353219,0.002286065199544313,9.784867488278485e-05,0.0026111937730440775,0.9824186768489965
274,0.002711656158491512,0.00022845099826391535,3.869112831374941e-05,0.00027617685301013285,0.9967450248619206
275,0.0010907962023642293,0.0002227991475650077,2.824066734527908e-05,0.000287084860011594,0.9983710791227138
276,0.0035602130061572032,0.0001880691430024057,0.00013167166456474788,0.00029734945693609966,0.9958226967293395
277,0.006843686510553736,0.0004542165299703662,0.0008719185005688792,0.00026706389281259203,0.9915631145660944
278,0.01818253803792162,0.0005944278860147155,0.0012125744177902678,0.0009402404895968283,0.9790702191686764
279,0.01698142085983652,0.0010113368400099109,0.0008598151497645647,0.0008344324222334725,0.9803129947281555
280,0.0020704258736661692,0.0003496737118178357,0.0008473699621033827,0.0003310119070771752,0.9964015185453354
281,0.0563540559930022,0.0016641107675240525,0.00036095207424937265,0.0012981179683608486,0.9403227631968636
282,0.023792643266575937,0.0023778585146671718,0.00013259931326849704,0.0007835136011422096,0.9729133853043462
283,0.07774352427014582,0.007007947241083139,0.00033409267700557776,0.0025767252458068417,0.9123377105659587
284,0.013978635855249241,0.0046275742190507625,0.00017571423029798532,0.0018283552502773063,0.9793897204451246
285,0.09579298762947865,0.047806414669494104,0.0002908398406492074,0.01716897506533719,0.8389407827950409
286,0.15252658011521836,0.42029875241537024,0.00036991149525962753,0.024218534275497604,0.40258622169865416
287,0.02754107036067087,0.023088391642233978,0.0001606664677338112,0.050236165802834,0.8989737057265274
288,0.07475994127522105,0.17776031136312226,0.0003843984274064482,0.11633566636337561,0.6307596825708746
289,0.0019076895927903148,0.007635915584317458,0.0015701518782244026,0.0035827133015220256,0.9853035296431458
290,0.015480633774436906,0.0032431645022642144,8.503363025461928e-05,0.0011834912301683176,0.9800076768628758
291,0.19135656068752083,0.010359847310853166,0.00010530218370615141,0.003980211728205807,0.7941980780897141
292,0.49982942139039704,0.026451426342227805,0.00014654897313164404,0.004374980700259527,0.4691976225939839
293,0.07469021973137972,0.0205602322279829,0.00011625649752293655,0.0621387288262824,0.842494562716832
294,0.2018180194683208,0.05321741470793969,0.00023569063774635092,0.6755707395185017,0.06915813566749143
295,0.12245980271140587,0.05740938971955559,0.00025597290405317833,0.37807205191927684,0.4418027827457086
296,0.1461628961453361,0.1728519561069091,0.00028643324782803983,0.6469164509484819,0.033782263551444834
297,0.0649332352778385,0.4803515449303796,0.00042961918438387195,0.4329188395439479,0.02136676106345018
298,0.08071583889548342,0.533436088984662,0.0008409123134133117,0.3320103503995447,0.05299680940689658
299,0.08229940933632174,0.3637051208455896,0.0009460040380107214,0.39369620764468577,0.15935325813539228
300,0.09817871932207597,0.46614694600968587,0.0009824126862998498,0.3587272230311994,0.07596469895073901
301,0.12388619147132515,0.6024995999451781,0.0012928850323134092,0.20909846849912353,0.0632228550520598
302,0.06536973034345472,0.7134164904409545,0.0008053658694321167,0.16801829945651503,0.05239011388964374
303,0.20745978593027206,0.27589162367752157,0.0015144078601486539,0.018808918839586467,0.4963252636924713
304,0.12327399425922216,0.7386580399378532,0.0007269462358745198,0.0021101117279824673,0.13523090783906752
305,0.10628797167249807,0.7886847922660967,0.0006201684748973347,0.0015860432270453663,0.10282102435946268
306,0.3683833809094612,0.4624121461670904,0.0006322749928672466,0.00249188616601847,0.1660803117645627
307,0.09643476221206007,0.8810204708612446,0.00038800779278375683,0.004832435056972134,0.01732432407693928
308,0.12023494135154945,0.7490336128313623,0.002100331427965411,0.0034084521603652317,0.12522266222875753
309,0.2298233057674128,0.6925944165679425,0.0015356629073309282,0.008309292125469563,0.06773732263184412
310,0.09726171657570094,0.8735844433386487,0.00044729146328217185,0.011080105093132068,0.017626443529235886
311,0.04745769331552057,0.936386931903813,0.0013952271114822696,0.003197766629552965,0.011562381039631316
312,0.045981797857293616,0.9275487425734211,0.0014698409190534913,0.003378230183451933,0.021621388466779568
313,0.057029804470436166,0.9225154493723843,0.0011203121571451181,0.010629553982646712,0.008704880017387819
314,0.12441636484243909,0.5155876153402986,0.006233895144005309,0.01118348089989851,0.3425786437733584
315,0.21418072621664008,0.6638546606461019,0.003250916050188742,0.006517824407207803,0.11219587267986149
316,0.03579942784691603,0.8591611062375933,0.00219206703318704,0.0008294924110735357,0.10201790647123021
317,0.5142672477334531,0.3603368597045585,0.0031078588900189975,0.0026045985968388315,0.11968343507513067
318,0.1344071962576828,0.850691510862269,0.0055419526755572535,0.0015767413478639616,0.0077825988566271554
319,0.058454695850391925,0.76325159388544,0.06182326111003723,0.0030394150182378485,0.11343103413589296
320,0.48004957479737526,0.29553673991441315,0.004498313631726385,0.009861431968500544,0.21005393968798453
321,0.07395259895716341,0.909794083268885,0.0019223332634449152,0.0028992752302639873,0.011431709280242626
322,0.05286098380850115,0.9285803719616212,0.007830309069564174,0.0012313016284653054,0.009497033531848218
323,0.06353172848470776,0.910345980292185,0.016295524281438104,0.003388594037392365,0.006438172904276607
324,0.00419763864171406,0.9633681826060613,0.02639576622537644,0.0025792602962038916,0.003459152230644435
325,0.023986238372566897,0.9007021675729316,0.055670915300777335,0.006583764339595857,0.013056914414128236
326,0.07571132393020781,0.8280431450927775,0.06057268300048948,0.02506920249270816,0.010603645483817108
327,0.09339238652635791,0.8351742149670393,0.013021923930461383,0.04490607719365761,0.013505397382483943
328,0.13439045215631848,0.7109867768454792,0.024135853421157972,0.09106528657982634,0.03942163099721803
329,0.2867647972267414,0.5847524280326851,0.0027380270695872076,0.08084005108347864,0.04490469658750781
330,0.17833945278988847,0.5486639370815627,0.0019660077656019335,0.17454485852744112,0.09648574383550586
331,0.16986507401316092,0.3673093902100208,0.000753392628668226,0.11836101750275564,0.34371112564539447
332,0.09305701327183136,0.7625079124292347,0.0007096574341922738,0.09029393582812868,0.05343148103661292
333,0.10072697084895675,0.05483763805415393,0.00023376819752096568,0.00424192734718761,0.8399596955521808
334,0.02999392152734182,0.008372172509430937,0.0001075255237203318,0.0037193475881534153,0.9578070328513535
335,0.037367119933978864,0.004056707044825922,4.158246021619027e-05,0.005709188488407857,0.9528254020725712
336,0.026345824571033655,0.0024905339847635,1.6650936982307262e-05,0.002375582965050661,0.96877140754217
337,0.6166468137676836,0.02343399062220127,2.857522468748938e-05,0.01291632343076199,0.34697429695466575
338,0.09369506804926077,0.011990778777161154,6.824304979976576e-05,0.01724797873564538,0.8769979313881331
339,0.29533860690953395,0.018280574158160368,0.0001125329817549232,0.02969712960937403,0.6565711563411768
340,0.40320887990219606,0.4377411129180048,0.00035728467824532083,0.07639085748717855,0.0823018650143753
341,0.288626113982395,0.4681158008252793,0.0004880467177772663,0.05832029319076122,0.18444974528378724
342,0.19711913750839036,0.7627246067339535,0.000390322177936034,0.015585534303310406,0.02418039927640978
343,0.11643573515446942,0.8320190524183345,0.0010896461764826385,0.01983587837749529,0.030619687873218324
344,0.2587228812791753,0.5462910927446326,0.0010780517408747105,0.024202728392227667,0.1697052458430897
345,0.07502253503910548,0.9036745790969625,0.0012137443806306805,0.004398429513898078,0.0156907119694034
346,0.18134267046007782,0.3979176715167868,0.0008879445021927109,0.0036203890702568393,0.41623132445068584
347,0.11729504646351806,0.8409789683485495,0.0004393405642064251,0.0017675441086195238,0.039519100515106396
348,0.017996554508688093,0.9760872323126204,0.00021140881555871898,0.00043003180471595705,0.005274772558417052
349,0.05110447039353747,0.9122706214466986,0.0004453534055493529,0.0008815342304205658,0.03529802052379397
350,0.08668917746824521,0.8400799339297952,0.0007265330215285913,0.007507213728010041,0.06499714185242096
351,0.1336944704626249,0.7986730424595904,0.0006509378895404592,0.008079173397467736,0.05890237579077646
352,0.04650977845260868,0.9441369641413846,0.00031359698187676487,0.0013810999723847274,0.007658560451745133
353,0.01871350757750617,0.9745842740881676,0.0004966320674267516,0.0018297236414731013,0.00437586262542662
354,0.008065325445950539,0.9803206996710198,0.00492674675440251,0.003082447122847837,0.00360478100577927
355,0.11721024267439262,0.2753911456296328,0.0005983325952026233,0.021064803746630417,0.5857354753541415
356,0.19157227991351333,0.23544895555146145,0.0007077227584758465,0.030443357912497464,0.541827683864052
357,0.21286933011809858,0.15457840598333208,0.0007916233227943985,0.05429141441499051,0.5774692261607844
358,0.12647169301812775,0.04639928681224773,0.00033836416776358163,0.0027871006603229927,0.8240035553415379
359,0.032487543382515284,0.006834679971142722,0.00016011487979355078,0.0010245610173049164,0.9594931007492435
360,0.3211026955702344,0.007116282811794945,6.48260649604326e-05,0.005644484357455863,0.6660717111955543
361,0.593633632934378,0.03337767426436179,0.00011877602925013479,0.006130919123804055,0.366738997648206
362,0.6658485490569881,0.10999747188445175,0.00016104889354213677,0.053302277586271415,0.1706906525787467
363,0.22223010542202948,0.20072142498862577,0.0002886801476953366,0.5132655853668798,0.06349420407476954
364,0.35483022374317236,0.08913441422494633,0.0003453170896915568,0.06312269986112538,0.4925673450810643
365,0.21606802782873624,0.7189242802447038,0.00047685090751249665,0.009652977204973271,0.05487786381407423
366,0.41129745908975573,0.37056374858750163,0.0007387172788698767,0.00479807165586532,0.21260200338800742
367,0.05132869444712422,0.9233346640919917,0.00044892949624661296,0.0021691037557308433,0.022718608208906723
368,0.012610445260055904,0.9756184185982865,0.0003988965429059384,0.00281494275174412,0.008557296847007598
369,0.11026296247173889,0.8091304798934655,0.0016153503648578223,0.007402638086067403,0.07158856918387035
370,0.062093998898982664,0.8880917176863105,0.0009067084273379608,0.025610392467642306,0.023297182519726803
371,0.050346504623999755,0.9210750135213324,0.0041239859638531025,0.004643711902195326,0.019810783988619508
372,0.058176466968077545,0.7305236311049264,0.0041524217758453445,0.004749537346518248,0.20239794280463252
373,0.3084526366166186,0.5735168611427843,0.0033662847446931927,0.024856501873137735,0.08980771562276632
374,0.08356416328151599,0.8720669319111674,0.003209197248420642,0.006864793685423636,0.0342949138734723
375,0.17621153240999501,0.6826174318818531,0.0062463898944896835,0.007087235108212556,0.12783741070544968
376,0.0335770953197146,0.9454431889821728,0.004611816328505007,0.0030069552150507233,0.013360944154556733
