epoch,N1,N2,N3,R,W
0,0.001406946083950774,0.0005696837940987053,0.0003116978289906048,5.240832701334329e-05,0.9976592639659466
1,0.0036000597013487717,0.0008196229855525156,0.0004360500968561648,3.709434694693001e-05,0.9951071728692955
2,0.007244704235305444,0.0008266489774171181,6.990896201506166e-05,5.1084141557166373e-05,0.9918076536837053
3,0.0009164810166580852,0.00022993462892682904,0.0001976683922734931,1.7469264068368068e-05,0.9986384466980732
4,0.0037926817968611058,0.0013592188372698467,9.639599693432618e-05,4.729644647080699e-05,0.994704406922464
5,0.0024223081425182257,0.0007084442040839097,0.00011217530822660265,5.529381443397718e-05,0.9967017785307372
6,0.011341337701327014,0.0022062547334519575,8.938634244739023e-05,0.00011810782699985614,0.9862449133957738
7,0.001655113332068757,0.0007816748170865715,2.173713121152373e-05,3.0491679364710744e-05,0.9975109830402683
8,0.0070564601555248175,0.0008097889941544205,3.677090817537088e-05,2.8624591607422023e-05,0.992068355350538
9,0.004315925933608842,0.0008822472020693788,5.034023756927828e-05,5.9133785793246855e-05,0.9946923528409591
10,0.00079371549085752,0.0005559138142424898,6.52109860525495e-05,2.129953765663506e-05,0.9985638601711909
11,0.006006821157592196,0.0011595050017182418,0.0007126274684677849,0.0001752371004221268,0.9919458092717997
12,0.001094036143966502,0.0006879524367878657,8.370590107631816e-05,0.00013824971995332177,0.9979960557982159
13,0.036547271660112686,0.0033564680112845124,0.0014921240758610263,0.00028106585297502546,0.9583230703997668
14,0.013108307247769511,0.014964951339430318,0.0022840996682217947,0.0006258200696620589,0.9690168216749162
15,0.015726812605063055,0.01970568424527535,0.0006514193240658015,0.00044841152152505677,0.9634676723040706
16,0.028006142800044733,0.023647169604970947,0.00030132931687626104,0.00032157597437171536,0.9477237823037363
17,0.04272720724262486,0.03930474232852388,0.0019105082598933898,0.00015558480650430223,0.9159019573624535
18,0.08502468907610228,0.1089996817299107,0.0031856960908563615,0.0001219738150246958,0.8026679592881059
19,0.024657580020064563,0.03893552176617199,0.0035607169751873374,7.818324927043527e-05,0.9327679979893058
20,0.028642432760169277,0.11469042918269534,0.004761830771125921,0.00028093204429635994,0.8516243752417131
21,0.04452915419322933,0.0657788174564505,0.0019972605638922353,0.00011759764303876994,0.8875771701433891
22,0.029719326517700456,0.13019431180240087,0.008293079340759553,0.0005272825421096134,0.8312659997970295
23,0.027352523718600266,0.09353288986626615,0.014969420584160733,0.00023129776865157608,0.8639138680623213
24,0.019081456386715913,0.06863383869582645,0.011716245549039599,0.0004238011735472823,0.9001446581948708
25,0.02035970673770318,0.044877710913243746,0.00533540843626853,0.0003175846120724133,0.9291095893007122
26,0.009733995638229272,0.02842548276111635,0.004038234127103904,0.0002165015580267098,0.9575857859155237
27,0.010372285359202035,0.04647686303492533,0.006110015965301879,0.0005675134374868863,0.9364733222030839
28,0.019266308224380562,0.005916724449156885,3.943400901930596e-05,0.00024574747430156974,0.9745317858431416
29,0.03708269812536846,0.01971428417486462,0.0018542904041864965,0.00016657127976691616,0.9411821560158135
30,0.09528103868056631,0.053100108357142774,0.0017011150944432859,0.0003537548617404601,0.8495639830061072
31,0.1386045515702874,0.1448955950024564,0.0021577083853336954,0.0002689908999767144,0.7140731541419457
32,0.07020891742964261,0.05748094769842953,0.00464598878105294,0.0001596400150981099,0.8675045060757768
33,0.05772491793379928,0.297419276824892,0.011107707701113254,0.0009481514349496809,0.6327999461052457
34,0.051205003690612434,0.33606723587971526,0.018446002066621264,0.0006035676555913766,0.5936781907074598
35,0.041968566028225344,0.4353584903090494,0.022925331578579015,0.0011499467588354838,0.49859766532531097
36,0.031116098946685156,0.24832773422554535,0.03389183656605178,0.0012202687018861038,0.6854440615598315
37,0.052445385070050476,0.38651480989146886,0.04353217324056527,0.0004331418433788468,0.5170744899545365
38,0.017792158980944342,0.43734484362431114,0.0343772573728523,0.0006549889829847766,0.5098307510389074
39,0.019604422543556297,0.0656749671439101,0.013737816118620605,0.0003702792930731115,0.9006125149008399
40,0.051326374565903096,0.2180358789431325,0.018478034316136028,0.0011535040403037775,0.7110062081345245
41,0.12971627143607636,0.16719079121064268,0.011444023089951487,0.0007234683375182865,0.6909254459258111
42,0.09821268727803417,0.2007550843666812,0.011068682222695421,0.00015254790025454027,0.6898109982323346
43,0.07615941972348711,0.13842762430320196,0.006234336547201469,0.0001388980373478934,0.7790397213887615
44,0.21072909502034937,0.4062195190160032,0.030252779586513977,0.0003273892338194117,0.3524712171433139
45,0.11064865051806583,0.4292518702285389,0.023636341472317524,0.0003647741948183839,0.4360983635862593
46,0.1429925805603009,0.394241439386757,0.010107056468067909,0.0005850477809731632,0.4520738758039011
47,0.04892098044920535,0.18378008073634058,0.005259912255307806,0.000351349871532594,0.7616876766876136
48,0.2508409332226849,0.5144492193940149,0.005665941084150672,0.0004526863628115811,0.22859121993633794
49,0.19943583895116046,0.31969429726390297,0.00781435124953024,0.00032916137673446677,0.47272635115867206
50,0.2830348874756042,0.25993367921295824,0.012862307850205753,0.0003804534416740819,0.44378867201955774
51,0.18487807332657172,0.3099656720371447,0.017887888516455976,0.00028491801616268203,0.4869834481036649
52,0.16091698298041412,0.2812904966783858,0.00498251151255857,0.00035860896472739466,0.552451399863914
53,0.10501524923319759,0.4928019235973665,0.011237753859734703,0.0004612268774896671,0.39048384643221157
54,0.08346011713536051,0.208409962740719,0.009505145124227688,0.000907872696251641,0.6977169023034412
55,0.07710645236294787,0.3371353227265148,0.016350472761646147,0.00021516588821216088,0.569192586260679
56,0.08794110482475447,0.1369944298491644,0.016158968628556706,0.0009052468641159484,0.7580002498334084
57,0.06676370369263356,0.4744512285530176,0.031066281106502176,0.0018368066015488262,0.42588198004629796
58,0.1268339405884716,0.21114604034149767,0.02596381188507477,0.001114363688101714,0.6349418434968542
59,0.057629821098053244,0.18752724619298886,0.010566480271482832,0.0005735057599928318,0.7437029466774822
60,0.08830852558503367,0.048673959674793044,0.0003438980719752627,0.0006197208259405797,0.8620538958422574
61,0.21034251459848963,0.2959722360128704,0.013054927480957275,0.0031316937530237923,0.477498628154659
62,0.05650736984499742,0.05815177608291619,0.0024789463703099304,0.0003487959768395719,0.8825131117249368
63,0.13298450201463313,0.5405187801573703,0.027742179536669524,0.0019456765706866983,0.29680886172064036
64,0.24597559783495998,0.1760102624612093,0.0056518678785215,0.00208696530549853,0.5702753065198107
65,0.31178987062236957,0.2561018665794484,0.0069939986926230565,0.0015132385369889879,0.42360102556856993
66,0.20190167214948365,0.3226403770765048,0.004509114316483285,0.0008460668183826301,0.4701027696391456
67,0.19919246479430414,0.6015294184577265,0.04975831220051266,0.00035784932627014267,0.1491619552211866
68,0.12911146186122624,0.19220861608597678,0.002746761905181202,0.0005713974635217575,0.675361762684094
69,0.2272119514858614,0.45332259379322737,0.04154504602877979,0.0007101360646441215,0.2772102726274874
70,0.3468615761178502,0.3513003904863832,0.05328671124666512,0.00023847354563391742,0.24831284860346767
71,0.3047543261493203,0.6043242060019005,0.015160299749628419,0.0004114244571015579,0.0753497436420492
72,0.03872845338186747,0.7890456865933391,0.13186732954053332,0.0004161866353787907,0.03994234384888135
73,0.03793621665114105,0.8000756713445927,0.09248970961488888,0.00014127669221705266,0.06935712569716014
74,0.0286568726441213,0.6340957202265924,0.13640284271992612,0.00035909247939167944,0.2004854719299684
75,0.046644040272768576,0.43113983413727586,0.16185682847973465,0.0005189964223500279,0.359840300687871
76,0.06000600047539037,0.6653090820008081,0.09830820446783405,0.00036862498448690065,0.17600808807148058
77,0.0401593633324671,0.6494998123815594,0.14883645812156487,0.0004108302399227667,0.16109353592448586
78,0.02312606230980708,0.47199949734326824,0.25394752885383465,0.0003904192698487413,0.25053649222324115
79,0.050194197654367556,0.5151836498971024,0.1857190189980055,0.0009447212504261164,0.2479584122000984
80,0.019559818624121223,0.6614705886397095,0.2221617659037169,0.0007113317201700478,0.09609649511228228
81,0.20911365788305786,0.49496004350278006,0.03140766947463678,0.0039162067443950415,0.26060242239513015
82,0.16853687324597905,0.6964043916299211,0.08398223638315416,0.0016004348058822062,0.04947606393506347
83,0.17103168356424409,0.7108334223174517,0.039852760802721016,0.001089727996281577,0.0771924053193015
84,0.1159735087658045,0.7526501150086846,0.09114839898772396,0.0006535885701563611,0.03957438866763073
85,0.08282588902808352,0.7966207807504994,0.07526793557331406,0.0010760454954395874,0.04420934915266357
86,0.1657846506938595,0.29132206120519466,0.0026524685637948266,0.004199455047501091,0.5360413644896499
87,0.3288214190957642,0.4555416569695428,0.008402858950197715,0.0018138674382300864,0.20542019754626514
88,0.3565976228718233,0.5742319457426112,0.015755172923002315,0.0009729918837799287,0.052442266578783404
89,0.32210876144888523,0.3781380537900418,0.03890041624775993,0.0015085113873121332,0.25934425712600084
90,0.1427373986452597,0.7391706668831528,0.08845080915693852,0.000525424274667506,0.029115701039981533
91,0.09217033008591065,0.7684765091073638,0.0795314322002423,0.0007538389066278309,0.059067889699855394
92,0.029640298226984604,0.8166192963703518,0.1193997099067027,0.0017265380914411664,0.03261415740451977
93,0.13170925787683457,0.7169948944028398,0.06536554581870971,0.0015839588288179918,0.08434634307279795
94,0.15356061954948608,0.7039425662545437,0.09552357141933142,0.0028483856965605117,0.04412485708007834
95,0.215518149384632,0.46265214686796763,0.06104382480800066,0.0021500123198307476,0.258635866619569
96,0.07543341306730487,0.755615008294426,0.05360127170928712,0.0004025516403533198,0.11494775528862865
97,0.09519753924288747,0.7300727677655086,0.09435692809936268,0.0007976949932203194,0.07957506989902102
98,0.06101570030814044,0.8676814198062982,0.03780380764846738,0.0004590128798803698,0.03304005935721356
99,0.09141416717567888,0.7152603148800567,0.07029455915889012,0.0008906335980096016,0.12214032518736481
100,0.043433612406180176,0.8151157326021949,0.10525955889304739,0.00042926020987934653,0.03576183588869802
101,0.047549359974854585,0.8617068732151947,0.04102126351871186,0.000994255090223367,0.048728248201015525
102,0.10146168098128082,0.710297357338675,0.055044322819618,0.00111583447007083,0.13208080439035536
103,0.13834302033393475,0.7767364181470074,0.04209822268215135,0.0007425173818026068,0.04207982145510394
104,0.16123572521092586,0.7256399888029077,0.05287749400782211,0.004793592828655733,0.05545319914968866
105,0.1988058533366578,0.1800936249463129,0.0023104127945817884,0.005931209470752643,0.6128588994516948
106,0.16178413366591102,0.4744014365984206,0.02413958332183484,0.002446170272859234,0.3372286761409742
107,0.20740883842628569,0.4839888037751807,0.01642977050789729,0.005135003311356706,0.28703758397927964
108,0.18145697191165783,0.3214782930741824,0.00646961775553741,0.00804486749117157,0.4825502497674508
109,0.14032671840265495,0.1919312039803306,0.006957231461006919,0.014748137743705318,0.6460367084123022
110,0.10384977896491215,0.14278584318986967,0.01151505554719179,0.04041207909134138,0.701437243206685
111,0.004005527613457476,0.00262571939414454,9.50593175566801e-05,0.002234425609776843,0.9910392680650645
112,0.004282567166179819,0.0017493569355514422,9.679880024178692e-05,0.001103073099377573,0.9927682039986494
113,0.012879138350162769,0.002044871525664733,2.186217625394521e-05,0.002098992464464966,0.9829551354834536
114,0.007669162811640294,0.001512772466028186,1.2767859907908946e-05,0.0005289240038682542,0.9902763728585553
115,0.05725865205001308,0.00859163350765614,3.918299946090582e-05,0.0018982404211542506,0.9322122910217155
116,0.17243980330009306,0.04870870583536415,6.416966372333111e-05,0.014259056771582389,0.764528264429237
117,0.014178542539241529,0.0054804103214963155,0.00012174518206685696,0.009559459289816151,0.9706598426673791
118,0.005351457859436928,0.0032621105888991217,3.461767417313529e-06,0.003455426928340332,0.9879275428559064
119,0.019437670319749443,0.0030312357237713677,1.5015523322294727e-05,0.00954647968680222,0.9679695987463548
120,0.11562401556708665,0.05484228340909398,3.91966355528122e-05,0.07916429040945885,0.7503302139788077
121,0.06354014341837377,0.011321651405069582,1.6943315957434207e-05,0.06270851938793669,0.8624127424726626
122,0.11391593693012775,0.025707750783075425,4.162323632740609e-05,0.0718360310804674,0.7884986579700021
123,0.1247872400145168,0.05422764739078203,7.044055810624142e-05,0.10424411857860366,0.7166705534579914
124,0.10223812897849657,0.04148551324872978,0.0002635980615856885,0.128941559766476,0.727071199944712
125,0.14070573399668704,0.21381691206415993,9.846008444388202e-05,0.324691146652673,0.32068774720203624
126,0.05245643273907558,0.02120129072049641,2.6090826825087955e-05,0.07379988880414613,0.8525162969094568
127,0.03976224762658764,0.01050660413726621,4.1251251520369726e-05,0.05205233490068673,0.8976375620839392
128,0.09473847428385711,0.021701275355119877,5.439099233231581e-05,0.022284637299829723,0.861221222068861
129,0.05645381095862102,0.031969906588961525,0.00012617655127535225,0.03251993894876782,0.8789301669523744
130,0.25470791993821984,0.14355237550888478,0.00038039410076429355,0.1809117543575146,0.4204475560946165
131,0.23792696055448714,0.2151920857449155,0.0015431669143411424,0.07128158819554752,0.4740561985907087
132,0.14664225526009717,0.12553770452391075,0.0009226931779892456,0.5570016948199998,0.16989565221800296
133,0.1960603268667175,0.12257594206898163,0.00026618441308834954,0.28592028102863115,0.39517726562258126
134,0.20372847422799997,0.11211909354519485,0.0004950951752754379,0.17626159354476473,0.5073957435067651
135,0.4479808859547348,0.310628397061565,0.0004601859765103982,0.08753634318018468,0.15339418782700534
136,0.19187112311840326,0.6197247723328749,0.001636197851373751,0.06945568485440018,0.11731222184294773
137,0.23962037154278495,0.33875963021431876,0.0012698958748164563,0.04346218210412903,0.37688792026395074
138,0.22752241645740592,0.4751217576064814,0.0007099380671614553,0.1806477313532831,0.11599815651566799
139,0.17992228525214637,0.5680512445263959,0.009242334873193116,0.05882238919125061,0.18396174615701397
140,0.20598324025644948,0.5689910048709141,0.0043272727519515575,0.09116447917200926,0.1295340029486756
141,0.3713479977833986,0.5255387900699193,0.0004491219463846737,0.048532825317714225,0.054131264882583255
142,0.3444181302597322,0.5195820376708398,0.00552110693495457,0.060080163661047147,0.07039856147342623
143,0.13007551495827685,0.8062869418851197,0.0028806593326246854,0.02523523591861679,0.03552164790536219
144,0.1212587669203252,0.6279899584410427,0.024797098192878803,0.009687614476795054,0.21626656196895827
145,0.2196783877687647,0.4912497539410229,0.006464214681269903,0.024086165777186815,0.2585214778317558
146,0.18175051138208245,0.6691106974240043,0.014053159224101856,0.023123881551645128,0.11196175041816613
147,0.14161872720082777,0.7525120238950784,0.012325989769293765,0.03391028766197463,0.05963297147282559
148,0.18513585411075636,0.1369773054132599,0.001041011457012879,0.030197890354374247,0.6466479386645966
149,0.4480466674678091,0.3439480410877974,0.005109350804979826,0.026250786513754468,0.17664515412565912
150,0.29871586797588645,0.5345201542567602,0.012136226219519805,0.009288322682837042,0.14533942886499648
151,0.11663517329972993,0.8150307337912294,0.048494228072045203,0.0049737737796947245,0.014866091057300718
152,0.11109902503895133,0.8023218763008907,0.01656274585880843,0.014429770214363799,0.05558658258698576
153,0.10551141709728278,0.8112417813774703,0.008597024026902518,0.02111491882278909,0.053534858675555415
154,0.04095528114918217,0.9024851816445958,0.03730459377365919,0.007730685524032953,0.01152425790852971
155,0.3572633679232249,0.5690041633308797,0.004193347566041103,0.01576914897038216,0.053769972209472335
156,0.11916047149353602,0.8453805577441954,0.014512323136845017,0.00260985949180895,0.018336788133614768
157,0.13217723240067017,0.8427078324726863,0.012184229992061953,0.002219408471258809,0.010711296663322841
158,0.042642722544586266,0.8702577700581807,0.06433661260028314,0.0009559240129919862,0.021806970783958053
159,0.044508295349578224,0.8947669825109001,0.03132988516466654,0.0007245664953430479,0.028670270479511865
160,0.016352139419741292,0.820915123003132,0.13332378884554683,0.0005548905596566157,0.028854058171923252
161,0.036114805185780516,0.8126331872342714,0.13232605201429506,0.0011542757570897587,0.017771679808563548
162,0.01620466175154202,0.9012273644670081,0.051003067041219714,0.00042236768215096065,0.03114253905807895
163,0.03541929217963649,0.9119901640113842,0.01633551118627139,0.0005567918963849132,0.035698240726323056
164,0.08701636951037646,0.7581523459722185,0.13332977619482583,0.00064080219649107,0.020860706126088136
165,0.3444842400646809,0.6181643338835102,0.012827331266230469,0.0009020601320625276,0.02362203465351583
166,0.14771829214012905,0.7951783641421184,0.04256781616969473,0.0011945244839311239,0.013341003064126552
167,0.018853725841632557,0.7699118633283774,0.2034166959360685,0.00032885577161488225,0.007488859122306734
168,0.11954548946042022,0.8020377739008683,0.04443662959118657,0.0008449731621216698,0.03313513388540333
169,0.029598564279872897,0.7047925496871967,0.25354603369133566,0.0003419803390959458,0.011720872002498783
170,0.0609144431218635,0.6832604864838658,0.21797572082886005,0.0003585041478708904,0.037490845417539644
171,0.0380081062370872,0.606766203558665,0.3494399750172479,0.00019921191774015793,0.005586503269259919
172,0.07775737166379143,0.8298245434809017,0.07772172381816292,0.0003065494383312227,0.01438981159881256
173,0.23795255170169968,0.6581567593421254,0.05719756369653581,0.0005425918208061531,0.04615053343883288
174,0.21562600824657757,0.7130964244066145,0.033274206331626435,0.0007328408665184793,0.037270520148663104
175,0.10931443417927321,0.7649157638417833,0.09603780543885479,0.0008910238476884226,0.028840972692400314
176,0.21393519043124046,0.7213100933160647,0.029600229146733367,0.0032871732447135593,0.03186731386124801
177,0.05715772933039434,0.8108847286550379,0.11428941721500385,0.0028551508853064114,0.014812973914257515
178,0.28935813734315075,0.6417691506700622,0.023423657261563865,0.009365821220909109,0.03608323350431406
179,0.08106586524616023,0.8476413817779426,0.04763274185040916,0.00254891430725,0.02111109681823813
180,0.048363931558703874,0.8305087648708178,0.09754799525674261,0.005225379263422743,0.018353929050312894
181,0.19163231766219413,0.6273120320118767,0.013813609133451556,0.0740103600645442,0.09323168112793338
182,0.03937292430118904,0.72164595704687,0.13269889542872534,0.04996626992117977,0.05631595330203599
183,0.07575196975814834,0.1014162872671109,0.007834567675867186,0.021159122570450863,0.7938380527284228
184,0.05354386345613039,0.01837335743814707,5.874543338167764e-05,0.012600996093838352,0.9154230375785026
185,0.02739037320901028,0.01825275177267669,0.0002776285585508219,0.004102428609903242,0.949976817849859
186,0.146466890665401,0.08591288950880752,0.000341732621269818,0.008760228773420009,0.7585182584311017
187,0.15808538027336144,0.07224367863152188,0.0020977343796653772,0.006217555834381476,0.7613556508810698
188,0.1372550208951131,0.20594737372041458,0.0023321495088620774,0.018444857327399703,0.6360205985482107
189,0.13207133387795741,0.11977337039345491,0.0005705768147315595,0.03492077263014858,0.7126639462837076
190,0.08116696108898194,0.21381085360677754,0.0017538054806227675,0.03778232896593084,0.6654860508576869
191,0.10000416062948914,0.13609731510002232,0.0019311603399514805,0.033322924308294324,0.7286444396222428
192,0.14662480258293564,0.14664483875604173,0.0004382477977851461,0.11564117259989685,0.5906509382633407
193,0.2085313558898733,0.13733731798247187,0.0031918645700789237,0.11983900288901653,0.5311004586685594
194,0.14074237821590985,0.1446536671789799,0.0007554713023859367,0.16335985465755187,0.5504886286451725
195,0.20217744060348664,0.09142128542797119,0.0006568948290758953,0.06249680021961051,0.6432475789198557
196,0.033474396049874726,0.14970856552910783,0.0037796012577401453,0.08083304743599803,0.7322043897272793
197,0.012518133844456492,0.011641159936781918,4.710087684118054e-05,0.013317617438745436,0.9624759879031749
198,0.1073196693329275,0.04177547429942248,0.0005068590361400508,0.08113819518732361,0.7692598021441864
199,0.19655830802162658,0.20457325746127236,0.0028804855520054603,0.07634209714321823,0.5196458518218774
200,0.26307715311791724,0.14388689059652726,0.0009892761010494092,0.07245318220827354,0.5195934979762326
201,0.16737438903973795,0.10613663208621621,0.00020794526351217404,0.03876790162170294,0.6875131319888307
202,0.11572857599565614,0.14393162792357206,0.0034431691219549317,0.02497164178780996,0.7119249851710069
203,0.1870160723265539,0.10603053277755844,0.0006027732071348288,0.02095446508896926,0.6853961565997836
204,0.10343063779014179,0.21298396338360884,0.0015321851457049188,0.01001601478481375,0.6720371988957307
205,0.16362515985683343,0.08164475522149685,0.0005572436547104376,0.04057303950294501,0.7135998017640143
206,0.395075793957508,0.29395402591007425,0.0037264744458835675,0.028604294811303877,0.2786394108752304
207,0.14748768440464127,0.11050552578084152,0.0006104199042682646,0.016205835926893338,0.7251905339833556
208,0.27550207996829595,0.4529507457264265,0.006170296112656754,0.012332333985031701,0.2530445442075891
209,0.2907880994766087,0.5286091324211422,0.014624769620106729,0.035203721646805304,0.13077427683533713
210,0.4891200627941971,0.29998794182359323,0.0009003120627300592,0.012467234293900953,0.19752444902557859
211,0.23951734036997793,0.08014801440779315,0.0017130234331365075,0.03952981849988152,0.639091803289211
212,0.29380226652688185,0.22266250245889238,0.0012412291565824893,0.03890979866362622,0.4433842031940169
213,0.264991132184201,0.3115919397917773,0.007369834235563783,0.009211355316011674,0.4068357384724463
214,0.26168979044295654,0.44438039309741423,0.0032470350694115005,0.012308073150548474,0.2783747082396692
215,0.12303591028244926,0.5604248133673061,0.005918550696856447,0.01915242421762858,0.2914683014357596
216,0.14583253850885763,0.11242935721028201,0.004356221716570082,0.042979521918863665,0.6944023606454265
217,0.36852330592895854,0.2203496685067757,0.002671741579340011,0.09076777241233991,0.31768751157258596
218,0.04132030468024566,0.25677899493256173,0.01119993237672386,0.025441659060805498,0.6652591089496632
219,0.06092783599726809,0.09051930556671915,0.0015678601594867618,0.020430629254779547,0.8265543690217464
220,0.1456384491682949,0.501804965359954,0.0077982288708783,0.00883944899659175,0.33591890760428095
221,0.07469551784666942,0.23558328416612576,0.011010889410736689,0.008303165115859126,0.670407143460609
222,0.39982863021748977,0.20732202247729323,0.0025394574825904907,0.00696291014818464,0.38334697967444176
223,0.13956655619958597,0.2843091702510842,0.0015163149899906877,0.00995148723468596,0.5646564713246531
224,0.2929267154868824,0.5245928315793109,0.00869405092591501,0.011879895367769434,0.16190650664012218
225,0.37874175510434077,0.4789012509639322,0.004054838321946623,0.024692726341091587,0.11360942926868889
226,0.32461649195847875,0.543374383930017,0.008753174833931624,0.023097360933808285,0.10015858834376425
227,0.14079020735631176,0.7537868804625277,0.009941073110385083,0.03813198047472085,0.05734985859605447
228,0.02067755896109697,0.7310727897323176,0.09328208023792137,0.049943319437143974,0.10502425163152002
229,0.1660205898650403,0.4156984563603303,0.062362023530498335,0.10359307030788356,0.2523258599362474
230,0.11041771812496294,0.12940696109281183,0.001697631081942697,0.06925122833195148,0.689226461368331
231,0.1720441463778162,0.28038945643448504,0.009999307278320017,0.09315532465047376,0.44441176525890486
232,0.23742422874000865,0.4895687054829475,0.007265732050111438,0.029714090603987962,0.23602724312294432
233,0.15185954386067319,0.5584627905712725,0.0142465007894696,0.006881086691068653,0.2685500780875162
234,0.21799023295184708,0.46018548250394087,0.006098859965519015,0.027495306911094374,0.28823011766759865
235,0.13312518839450746,0.47838148737015734,0.008868655743748977,0.016627295508799152,0.362997372982787
236,0.30544071232978803,0.31295100485280153,0.0019556223427176548,0.036451819200840424,0.3432008412738524
237,0.33222139224940206,0.34298753549700756,0.003482645926287301,0.01378235087632736,0.3075260754509757
238,0.21375055431734316,0.6489009300186608,0.012008796122067738,0.01780613251632178,0.10753358702560639
239,0.2463050833569819,0.5222351615680586,0.009570795483882056,0.016742352985472487,0.205146606605605
240,0.3023701448333058,0.5272475917583727,0.012696789784365536,0.0525839467792575,0.10510152684469846
241,0.21287578334428542,0.5909451302115021,0.005651809688041418,0.05410342076469786,0.13642385599147316
242,0.2504134213835196,0.33473923164911945,0.006018877347104934,0.028251258924877787,0.3805772106953781
243,0.314751308738421,0.559180973713317,0.0016198582794888054,0.05375827076104601,0.0706895885077273
244,0.19518784454557467,0.6626911241604848,0.002559698366898963,0.0269673119436494,0.11259402098339218
245,0.07395587587299154,0.39501616904689435,0.0036225221413128663,0.008441684827692727,0.5189637481111085
246,0.0887914355631457,0.21192588327497724,0.004141077998837176,0.009454422216867072,0.6856871809461729
247,0.2325806458021319,0.5149593984884098,0.013623023858513083,0.019046732833843533,0.2197901990171018
248,0.24778286059370294,0.4551822076737743,0.004838141775929356,0.011707763451678278,0.28048902650491514
249,0.3135425352161246,0.15416845188469153,0.002304494065177763,0.020214408116045683,0.5097701107179604
250,0.1531057309113025,0.4355609112357847,0.0034770103424119118,0.007121680398846288,0.4007346671116548
251,0.24346689049227743,0.5428517115310674,0.014554004848118803,0.02848553220650788,0.17064186092202852
252,0.23139604706149605,0.35160217284834155,0.007479407912926215,0.030272579651359124,0.37924979252587704
253,0.24016155893356517,0.6245158474557769,0.005156097128302385,0.01602283661641919,0.11414365986593625
254,0.09616226189994935,0.7099237115368143,0.007991870362023753,0.014576499059154271,0.17134565714205832
255,0.15658773089114064,0.11405209631507297,0.0018639603786337782,0.027966855833722343,0.6995293565814302
256,0.08992835009473933,0.5419965293247508,0.003291913715338007,0.02105339868181087,0.34372980818336096
257,0.2218274264947611,0.10987534972317771,0.003919037296442646,0.07399986607259201,0.5903783204130266
258,0.10884003810188156,0.2119187611735109,0.008789413292325016,0.022957336077148012,0.6474944513551344
259,0.41032881748091743,0.09314178045075919,0.000835345781081485,0.11109627684715752,0.3845977794400845
260,0.2761763269422559,0.1979363991994321,0.007383384296608433,0.03834175786028448,0.4801621317014192
261,0.12414320143819164,0.23866440023442811,0.0028433672096033,0.019072954430314735,0.6152760766874622
262,0.1760002107327491,0.22879094130249622,0.0024589719973266825,0.07894783230950309,0.5138020436579249
263,0.06719224630625815,0.4497508972373656,0.020838573080001806,0.020276152052954736,0.44194213132341964
264,0.1397506435352148,0.2828623960348101,0.0028936936171562394,0.05693801131902486,0.517555255493794
265,0.06495368961609564,0.09316793752018349,0.009942616146792222,0.007624886728881758,0.8243108699880468
266,0.37714963518133987,0.3575633195617915,0.0037751790342044275,0.00846972009374522,0.253042146128919
267,0.27912132557583225,0.6096168480735132,0.008909221932547201,0.002839334859489069,0.09951326955861835
268,0.47170650841409206,0.4097832965184021,0.0024931014604540284,0.002254312692751799,0.11376278091429995
269,0.1047340863303382,0.8224337077115389,0.010401405874027509,0.006731246866325205,0.05569955321777019
270,0.1307590987079122,0.7222046934916297,0.024951811943899973,0.027671254130614453,0.09441314172594366
271,0.0739327223960703,0.8675823810702689,0.008728182380781496,0.01611170118355542,0.03364501296932379
272,0.11015470903722648,0.6731232415091728,0.016123869085142822,0.033643517971613225,0.16695466239684464
273,0.055403434506827005,0.890184963309776,0.014575112822904922,0.013253595191157517,0.026582894169334563
274,0.06265419151051563,0.8954121419060512,0.00535299938675533,0.020087544917044273,0.016493122279633485
275,0.09217662996631511,0.6559797926551085,0.021003344139337396,0.013649148436474917,0.21719108480276417
276,0.16284542916248976,0.4591233705972838,0.01334120756897085,0.018892164715550743,0.34579782795570485
277,0.2524898062947122,0.42248882243132346,0.017543899119243464,0.01105960455361775,0.2964178676011031
278,0.17834403481477498,0.7680387139260618,0.00813512619884656,0.004151302573201546,0.04133082248711517
279,0.15009705674764123,0.7510938822074156,0.006936462599519862,0.005387929173276111,0.08648466927214742
280,0.0635901446204331,0.8903514066918041,0.015759730635157756,0.006437547512988376,0.023861170539616696
281,0.08387312565848738,0.7953843638840743,0.017770242831200263,0.022969510203697557,0.08000275742254058
282,0.15378756682279665,0.7621045362319991,0.013513250736832348,0.006876758896693608,0.06371788731167814
283,0.09123907230066257,0.8204142735584234,0.019110137315171905,0.004533152603848819,0.06470336422189316
284,0.06392332827918813,0.8937170624075174,0.021554996178892588,0.0027672532133460686,0.018037359921055925
285,0.04941546263797901,0.9156990362335572,0.02220663796426199,0.0027447731850260104,0.00993408997917554
286,0.025033751992908942,0.8940902045313843,0.057448963328365826,0.0037051663194416925,0.019721913827899295
287,0.026449037513327688,0.8720366351591821,0.0804652070874015,0.0072840682957669494,0.013765051944321732
288,0.02357391565073633,0.8160633505692503,0.13881447883558456,0.006277947762612522,0.015270307181816253
289,0.025868363081604707,0.9009112923833141,0.028353331294342626,0.02331644174146012,0.02155057149927853
290,0.04007856146750961,0.8406289829821759,0.032375688819048155,0.03171070916940915,0.05520605756185721
291,0.0874552653957578,0.18682920073113482,0.0046747385252582695,0.04198780307481575,0.6790529922730333
292,0.3257655690462887,0.27863509040012385,0.0009874089806308618,0.05429318034978435,0.3403187512231722
293,0.19992682658472832,0.49005341864591595,0.007379002218780801,0.005150006754198683,0.2974907457963763
294,0.32932404656815417,0.25664619031324165,0.00197052326395856,0.003140836919442684,0.408918402935203
295,0.1893491885106761,0.6816052477762434,0.006698706968690618,0.01200341800195639,0.11034343874243344
296,0.1779475742281659,0.36947532632977015,0.0033798646036493378,0.007973044771602909,0.44122419006681146
297,0.2412649206091579,0.6751023604908722,0.003377140815358811,0.006915670208022689,0.07333990787658831
298,0.13469914411380118,0.7547075379500476,0.01771012211491699,0.00723812242423138,0.085645073397003
299,0.11782121731029292,0.8044359506459665,0.028317166707622195,0.003915068198477443,0.045510597137640864
300,0.10606715060449343,0.46806171728716245,0.02157126946835224,0.006697395517269367,0.3976024671227226
301,0.426306690399008,0.41618597093482684,0.0048704153026063075,0.006101022652129862,0.14653590071142897
302,0.11312549734122003,0.8438345251181396,0.016877582750915273,0.004574668117628971,0.021587726672096342
303,0.23827729225492655,0.7187743089402187,0.01582083393837361,0.00529628993384443,0.02183127493263668
304,0.05592795523484807,0.8881808942109929,0.032260038701590124,0.005333433792946724,0.018297678059622215
305,0.027496639456563214,0.8469520977782301,0.0638789160013339,0.040027330804682903,0.021645015959189936
306,0.049170027548072766,0.8103892651884008,0.043189736300291555,0.06987642414167795,0.027374546821556964
307,0.057704293039498054,0.7031453030687919,0.04933483276141926,0.12840332479944716,0.06141224633084366
308,0.04424102825237845,0.6469586357042926,0.04294989480489619,0.17007737752175223,0.09577306371668055
309,0.0471081781392557,0.17796808877091366,0.02624577667636691,0.2167091995226692,0.5319687568907946
310,0.08773498554208395,0.03305063185886159,7.359332094815686e-05,0.11609861915463336,0.763042170123473
311,0.14633953033613392,0.0967493969395111,0.0003625930686283852,0.027355248474384784,0.7291932311813418
312,0.5957832900859615,0.1673183915463184,0.0003575570480839571,0.02939055474985272,0.20715020656978342
313,0.5612300163319887,0.29857932206594984,0.0007723611049621877,0.01719023598178737,0.12222806451531194
314,0.5657098153924129,0.15548168200341972,0.0002725572070777828,0.034670728796113263,0.24386521660097638
315,0.1717036458395429,0.7088315552067015,0.009288806381408443,0.051700467424159444,0.058475525148187706
316,0.20974383770625382,0.5110131602552245,0.00350378266791211,0.21290397589027849,0.06283524348033108
317,0.09532449457456646,0.5574995740206989,0.010149194537174062,0.3001562420587587,0.036870494808801925
318,0.09893167798485045,0.48357261786471933,0.004702184736976612,0.3246288817895394,0.08816463762391427
319,0.060922393258702016,0.7117038376781792,0.02229920996972028,0.1690262660053619,0.036048293088036476
320,0.15536935625317436,0.5433285604398496,0.017988493277619283,0.212271368428352,0.07104222160100485
321,0.13162101794071146,0.1792059365182241,0.006795006345561846,0.13890042816111525,0.5434776110343874
322,0.5117728404042664,0.32583511587493963,0.0011339925818558598,0.020128739416503335,0.14112931172243465
323,0.28657993391187786,0.666452843788637,0.010177963646986527,0.003767935183595836,0.03302132346890282
324,0.3500100953167335,0.5438227407133726,0.014426125603173027,0.006538777971335917,0.08520226039538492
325,0.08519988814669957,0.846463084586653,0.037797819144623795,0.004932711009000102,0.02560649711302338
326,0.037177259993387855,0.8978935976946724,0.03890920210144195,0.006235911383577057,0.01978402882692075
327,0.09236171324123724,0.8350502643083028,0.040934093047541226,0.006429760447470185,0.025224168955448528
328,0.05299741589592306,0.8585527467857383,0.07221650470960439,0.003648956126997724,0.01258437648173652
329,0.008928832263211844,0.8195432004925529,0.1589610441168875,0.001961185817522925,0.010605737309824888
330,0.03988902506546193,0.8102676508248474,0.1260919698314075,0.0017587675830693873,0.021992586695213624
331,0.012167630301513462,0.817288617537936,0.1605721249365084,0.0014544465438913092,0.008517180680150825
332,0.010928781475827156,0.7173447635071551,0.2641578011825765,0.0007340871461287025,0.006834566688312669
333,0.0028878938543674586,0.7864035112040187,0.20351026127389604,0.0006229906069039013,0.006575343060813871
334,0.0053712765979305795,0.723307377083434,0.25826265311699464,0.0013079072478101952,0.011750785953830566
335,0.020761378355955734,0.7857364705435776,0.17827261016764132,0.001142559232610912,0.014086981700214295
336,0.008621447492076906,0.7274435931983209,0.2559435641400274,0.0010335919706275034,0.006957803198947361
337,0.008720046757116774,0.7362893908644985,0.2345381352493461,0.0009237072682320335,0.01952871986080661
338,0.00508385047258428,0.6614335183721918,0.3202009448612422,0.0022717294178193717,0.011009956876162508
339,0.013290471117814178,0.7181512004104079,0.2508841012355379,0.0013403623635158558,0.016333864872724188
340,0.010184900578884892,0.7041837233486797,0.27737258961130673,0.0006017627131763586,0.0076570237479522485
341,0.027055140705938827,0.8395275955273332,0.11574827025907322,0.0015790292297546656,0.016089964277900038
342,0.004820598925432882,0.6549412478078626,0.3284427044440457,0.000893650576583765,0.01090179824607508
343,0.001057324811131334,0.44702269458386495,0.5429790359923661,0.00037914514165967965,0.008561799470977953
344,0.03881321071447989,0.7391294141121892,0.19098615561119336,0.0051115733510169155,0.02595964621112058
345,0.006951277984342628,0.7172941028559093,0.2629054677243528,0.0016709568526055674,0.011178194582789703
346,0.023562997110948468,0.7354280658356497,0.21533715424496574,0.001179415854308502,0.024492366954127737
347,0.009774086438530413,0.6936814056418148,0.2840952741654161,0.0005745101242536868,0.011874723629984998
348,0.029767762832032328,0.776313413812957,0.1777443634873094,0.0026410718180656582,0.013533388049635501
349,0.009885234464587235,0.6057853208320002,0.37605296438891134,0.0010769579136385363,0.007199522400862845
350,0.005232570741539533,0.6728032623424286,0.30561393558826355,0.002035326192069913,0.01431490513569831
351,0.016188470807811824,0.6974552232420194,0.25356309866982185,0.004104821910209633,0.028688385370137143
352,0.012980977531116804,0.5768221519910274,0.39044076706518277,0.002330437734968508,0.017425665677704406
353,0.01677952680295205,0.7875308474514195,0.1746639014306132,0.002226708783536205,0.018799015531478863
354,0.006501226310161325,0.7863395644642133,0.1946689757351517,0.0014618808736646196,0.01102835261680917
355,0.010893645248772729,0.803284447560471,0.1648283817121556,0.0035413748159263546,0.017452150662674346
356,0.015107100723801599,0.8299462656674357,0.11698241679531057,0.005431605806456911,0.03253261100699536
357,0.008936815026528268,0.8028300469519841,0.17239559895655732,0.003509175873521744,0.012328363191408464
358,0.00452454590178282,0.6610958978909522,0.32688129892304013,0.001264035105945708,0.006234222178279158
359,0.012715793098420247,0.8188042750484131,0.1557194894353542,0.0025877323648700883,0.01017271005294232
360,0.013213198553541075,0.7536903688483286,0.21834791954578253,0.0032949549242684132,0.011453558128079503
361,0.020406152402039805,0.7977941239742556,0.15882274387631293,0.004222611727171426,0.01875436802022029
362,0.04332162741876863,0.7136904907539152,0.22079566013088625,0.004141596844633073,0.01805062485179691
363,0.013035542735291908,0.6902597559550835,0.2778723216755212,0.004633844229950111,0.014198535404153164
364,0.019962946634581452,0.7752712842579957,0.18004939404413747,0.004513860207831776,0.020202514855453442
365,0.016702123524421006,0.8558175534478283,0.10239311923292224,0.007382332763664472,0.017704871031164127
366,0.011788111507564711,0.8956496081553256,0.06599263289317692,0.011713864544329024,0.014855782899603601
367,0.02230909416233972,0.8815597975454218,0.058939344388846404,0.015979882964894616,0.021211880938497442
368,0.012094532381827656,0.8088688875239941,0.1598467600896187,0.00525162729625538,0.013938192708304122
369,0.026929592285154787,0.8063672511724185,0.13629471068305085,0.011596558282724304,0.018811887576651552
370,0.01446966587213194,0.6758029823955901,0.28443571828719527,0.007361955887917154,0.017929677557165628
371,0.017802889233670786,0.7587601380062257,0.19439589886341604,0.009933179118636688,0.019107894778050798
372,0.00787382754110354,0.7465426348387856,0.2315437920076633,0.004284648968824093,0.009755096643623439
373,0.009513493732086141,0.576386437008503,0.3931581543523156,0.004960258401971305,0.01598165650512389
374,0.02106994897978683,0.629657819516979,0.2843657594172535,0.017101641160481233,0.04780483092549959
375,0.015033336485081046,0.7829338227168037,0.18160721834411178,0.009560189310752571,0.010865433143250822
376,0.025353112865913824,0.6534275600633824,0.2731419304632283,0.025765317390292353,0.02231207921718315
377,0.025047156155408937,0.8445550307008254,0.09772150660143249,0.012818308748097662,0.019857997794235492
378,0.012146898251746752,0.896787381242081,0.06464533591172493,0.013150705908008263,0.013269678686438927
379,0.01146792965033085,0.807695461599397,0.14606325170503023,0.010176765100553882,0.02459659194468795
380,0.005816970974442824,0.8689585444771989,0.10598257262880316,0.012229706670696021,0.007012205248859242
