epoch,N1,N2,N3,R,W
0,0.00044448158822598495,0.0002829245300225539,1.2033059106642295e-05,1.501719138662932e-05,0.9992455436312582
1,0.00011131355251490454,2.203080061964296e-05,7.735923899206785e-05,3.6396316258024567e-06,0.9997856567762475
2,0.00012175697431592001,1.335333376677311e-05,3.6808822856293296e-06,2.0776370851062132e-06,0.9998591311725465
3,0.00468613657638855,0.00037852826634720817,6.2534859555869594e-06,6.594885618458971e-05,0.9948631328151241
4,0.5381601043001712,0.0011714705944951631,8.146697868711076e-06,8.688223692211136e-05,0.4605733961705429
5,0.43299581538551685,0.017069509887206298,3.491163027983261e-05,0.00033663227133851954,0.5495631308256584
6,0.06605633345178122,0.009509149994180939,9.81675289720151e-05,0.00030737307976813253,0.9240289759452976
7,0.1263113392863437,0.09404488135246315,0.0002636662820804784,0.002472318455927954,0.7769077946231848
8,0.0641834026457492,0.31030540749512275,0.0009610809793304043,0.005251270716401711,0.619298838163396
9,0.08746275644526313,0.38607632816175314,0.0004015970663657254,0.04926540794177179,0.4767939103848461
10,0.061143431102371956,0.435948534732011,0.002726573279407599,0.025249653600689544,0.4749318072855198
11,0.04159391869582935,0.45636069223747006,0.016261495597307937,0.016305872544431835,0.46947802092496094
12,0.027549121205584365,0.8119201721975412,0.007272054139909447,0.03037490632061041,0.12288374613635457
13,0.03165563749325169,0.8003767385171022,0.02609505589481774,0.05723649989828532,0.08463606819654318
14,0.009713190696727911,0.9536563930073239,0.01953638282125899,0.0042269891054272455,0.012867044369262184
15,0.015674598073867944,0.959972418753057,0.0060545669369324925,0.008700342621599334,0.0095980736145431
16,0.011713434880509653,0.9490541426653467,0.017751792702329804,0.011160972406044982,0.010319657345768852
17,0.016115154090736515,0.9672162034719117,0.0014288205276765807,0.005932281458037726,0.009307540451637553
18,0.00974007409985385,0.9799467507758861,0.004887180507992748,0.001136196871703488,0.00428979774456394
19,0.04121539599933913,0.9352596991284031,0.005395280770887302,0.0049608885326605226,0.013168735568709749
20,0.010821462540514921,0.9792542233570559,0.003976067109036336,0.0022779301911696023,0.0036703168022233406
21,0.010031120547273096,0.9835401317508649,0.0027812494872813875,0.001449607897074367,0.002197890317506218
22,0.006656407141422508,0.9799712554036734,0.011028540347110967,0.0003069253425098282,0.0020368717652833723
23,0.006547796207621911,0.9471262015711001,0.042711183753769,0.00047095538013679645,0.0031438630873718994
24,0.010157023234915446,0.9612784356452871,0.023018094064781655,0.0012720773822720323,0.004274369672743641
25,0.004073931319791326,0.9274291795886576,0.06526741632418939,0.0009353402118516968,0.0022941325555101196
26,0.0039984016724265905,0.7449435794000016,0.24745351197628526,0.0009218557895724822,0.0026826511617139195
27,0.002036982627081161,0.9336015345187365,0.06238342475392489,0.0002456346782680578,0.001732423421989265
28,0.0010219618910046985,0.5317547965041438,0.4647697996564633,0.00038338709719360295,0.0020700548511945593
29,0.003193250605811545,0.8384402737449173,0.15297530284419528,0.00040704345311746163,0.004984129351958274
30,0.0011558047704929254,0.7526450703497101,0.24363655774049806,0.00023149505546899985,0.00233107208382991
31,0.0008071663566839541,0.5347219607402884,0.46267901025582264,0.00017123283451989964,0.0016206298126851448
32,0.0009739206761904377,0.28810473970373035,0.7099759169720137,9.542142901480162e-05,0.0008500012190505895
33,0.0007640280063260461,0.3928844119840751,0.6046014819199892,0.00010724935363425006,0.0016428287359754746
34,0.000551532004990914,0.3186260781709755,0.6786286948256576,0.00018339259195106712,0.0020103024064249326
35,0.0008270696068999248,0.34406404379329514,0.6529583926460658,9.437585816737e-05,0.0020561180955717103
36,0.0003426917470220289,0.2124223347500443,0.7866429811074431,2.4140243837454764e-05,0.0005678521516528964
37,0.00014385002472071368,0.15043001387158575,0.8489013504419057,1.2896495964991949e-05,0.0005118891658226667
38,0.00016349518033470522,0.15263795969601618,0.8465456066204182,1.510470013475129e-05,0.0006378338030962034
39,0.00012977632690224297,0.12817428450400628,0.8709617625835091,8.523148892828405e-06,0.0007256534366896673
40,0.00024315293021098734,0.08049016444498575,0.9178111242651369,6.6310301683028845e-06,0.0014489273294980738
41,0.0006043638564931759,0.20721021071382265,0.7882891312699589,3.265491423459632e-05,0.003863639245490642
42,0.00023776464751004312,0.09286180267458037,0.9051569608618993,7.5051014800010366e-06,0.0017359667145302323
43,0.00014071462834885473,0.07390850540789197,0.9248268139865081,6.036647073805843e-06,0.0011179293301773745
44,0.00011494131653428602,0.07335262627757588,0.9253677017945565,4.8417214254140296e-06,0.001159888889907899
45,0.00015050774095830199,0.07608780731569578,0.9225306560656309,5.978689936240764e-06,0.0012250501877786916
46,0.00022029389131899513,0.0675973735124845,0.9303181124234472,1.0980803066833093e-05,0.0018532393696824726
47,0.00021490543342228942,0.05598695540340174,0.941196057770476,7.555066667633084e-06,0.0025945263260323394
48,0.00013926808923515473,0.04009430619564022,0.9583867875312103,9.564326813800947e-06,0.0013700738571005501
49,9.278942542481396e-05,0.029484570354175704,0.967867672003593,7.35457761942904e-06,0.002547613639186807
50,6.155339895239664e-05,0.02118504008186238,0.9775930478682291,8.375011839315898e-06,0.001151983639116892
51,8.318424665843988e-05,0.029886503591338785,0.9685227745425938,1.0577135302349102e-05,0.00149696048410678
52,0.00011557089031254673,0.028071807859580692,0.970416416655062,1.0154292151838665e-05,0.0013860503028930772
53,0.00018520820959697345,0.03201196409257322,0.9640990778813567,1.1892751561189678e-05,0.0036918570649118005
54,8.251173001560436e-05,0.028184093383292814,0.9701448412253019,8.515095889268787e-06,0.001580038565500703
55,1.801437140221425e-05,0.008051561582334851,0.9915835391858694,2.2026246741134904e-06,0.0003446822357195455
56,2.0144830957085918e-05,0.007696964647592139,0.9918582209266337,3.0054101162414157e-06,0.0004216641847008145
57,2.3458342333830084e-05,0.005854608802247334,0.9935739973416983,2.004759151874059e-06,0.000545930754568693
58,5.667379239042463e-05,0.014851374977634637,0.9844706531148221,5.744822705660139e-06,0.0006155532924470526
59,3.505146796944833e-05,0.015598060932872214,0.9834532892167583,5.00411053450849e-06,0.0009085942718655546
60,8.421398133910382e-05,0.008066068269709754,0.9907967973329331,6.1088335545612925e-06,0.0010468115824632796
61,0.00011298465127710026,0.02524550578484468,0.9727809910578958,7.385469231980412e-06,0.0018531330367503273
62,7.028501942033026e-05,0.009073956215275233,0.9898610500553808,5.095187429899535e-06,0.0009896135224937979
63,8.39323012498532e-05,0.017191434346864702,0.9816721674997009,5.530316897589597e-06,0.0010469355352868545
64,9.477414674393094e-05,0.01457031099493788,0.9842808781888784,5.17069721433908e-06,0.0010488659722254349
65,0.0002556725935603826,0.026419726188914323,0.9708457991383739,8.656880189086054e-06,0.0024701451989622564
66,0.00010860587234011302,0.01772194789539337,0.980909404211953,1.0464091220828963e-05,0.001249577929092812
67,3.7273784743579526e-05,0.005605287356976971,0.9937851408656683,3.473999608225451e-06,0.000568823993002997
68,7.14535239399641e-05,0.014942499521399047,0.9841452613002335,5.509260493449167e-06,0.0008352763939340868
69,0.00010090407311209577,0.0158587778145411,0.9829922977857918,5.2564448826115e-06,0.0010427638816724839
70,0.00010813078516834382,0.009911400920847227,0.9887615101019513,5.567883754994181e-06,0.0012133903082778882
71,3.314095104372767e-05,0.008026668631513587,0.9911120065425588,5.477481408580158e-06,0.0008227063934752971
72,0.00013366939112492094,0.020397265174347937,0.977796766329079,1.0410216450623003e-05,0.0016618888889977155
73,7.226507499908225e-05,0.014910364256489415,0.9839892581021187,5.900437231374016e-06,0.0010222121291614443
74,0.00010986527449397409,0.013715532425114025,0.9849799605805022,6.0318441097850405e-06,0.0011886098757800264
75,0.00015118738239992883,0.012627175405021,0.9864669532172639,5.898043040946472e-06,0.000748785952274313
76,8.324753966194481e-05,0.018781758546740437,0.9796363352212312,8.603703580931433e-06,0.0014900549887856237
77,0.00012927965067145738,0.014149931347017353,0.9836062205750054,9.359410810019779e-06,0.002105209016495942
78,5.5179080878775345e-05,0.013829893133397676,0.9855228630152205,5.404858821226259e-06,0.0005866599116818128
79,7.573240760003387e-05,0.016254819848911552,0.9823555401109771,6.979235016081046e-06,0.0013069283974950553
80,9.854221844362566e-05,0.017826957281901264,0.9810609494415509,1.1710419442608275e-05,0.001001840638661722
81,0.0007271314356063432,0.09124551505148926,0.905559105687381,3.8467208599289666e-05,0.0024297806169242928
82,0.00029503287878551054,0.02006701571702171,0.9785531085035077,2.1912835651991838e-05,0.001062930065032867
83,0.0006427991390571449,0.02544848619391474,0.9723851700427815,3.1904747994125783e-05,0.0014916398762525077
84,0.000272225225147038,0.01931182109062844,0.9789711641253392,1.7100104039836956e-05,0.0014276894548454356
85,0.00016916235605674988,0.010237005411099856,0.9876605205549563,1.4991613049796414e-05,0.001918320064837271
86,0.00012542601205811358,0.027287425569435732,0.9712277822842875,1.361286753735766e-05,0.0013457532666813743
87,8.894166033890446e-05,0.02200124095061558,0.9767278559669637,1.2288861782865926e-05,0.0011696725602990236
88,0.00030544151912317564,0.04071823214191298,0.956485650513416,1.5167114067103066e-05,0.002475508711480745
89,0.00018237526349612864,0.025100140877278895,0.9730750071465109,7.786316330942063e-06,0.0016346903963829422
90,0.0002783793163724222,0.02539848082827987,0.9722102539048075,1.0332739106149703e-05,0.0021025532114340357
91,0.0003777767715931639,0.01999546072034452,0.9773723235238817,1.1946630348157579e-05,0.0022424923538324447
92,0.00025498925067595776,0.0362100834213083,0.9609643082054518,1.0210114600073972e-05,0.002560409007964079
93,0.00027644948524446826,0.040425257802485834,0.9562903989390411,1.1748308105213033e-05,0.0029961454651233187
94,0.00022441366140331872,0.04401290829072531,0.9532394741462613,1.1221002772782199e-05,0.002511982898837327
95,0.00015469411077912413,0.01893950425039964,0.9797082192034914,6.395459677091638e-06,0.001191186975652736
96,0.00015197656394349592,0.012157010395660162,0.9862217846795651,9.154526775485394e-06,0.0014600738340558926
97,0.00010124361897942623,0.027818991822455584,0.9697068125460996,9.410882710407211e-06,0.002363541129754885
98,9.694013156679933e-05,0.02139639366728865,0.976593807005291,8.713606645602263e-06,0.0019041455892080967
99,0.00018152941778775786,0.014162458483634436,0.9833188965620003,1.201049402094719e-05,0.002325105042556647
100,0.00011782490814174396,0.02767650400374979,0.9701522005760617,9.632577281636109e-06,0.002043837934765261
101,0.0001938367066223069,0.03293996169121163,0.9647023002227972,1.0265845445849697e-05,0.002153635533923045
102,0.0002931570306295894,0.024751833963510553,0.9734310621844092,1.2502495285260143e-05,0.0015114443261653636
103,0.00015673829844222828,0.005900792223436076,0.9926923695858967,9.011805877764728e-06,0.0012410880863471482
104,0.00017315873755147174,0.011643850823786918,0.9867802996689933,6.1514293727246e-06,0.0013965393402958007
105,0.00017781651350153496,0.011637060273659624,0.9867912192974777,1.0967164513239313e-05,0.0013829367508478062
106,0.000158078712545217,0.009179965411473178,0.9893499045053766,1.0416770213825337e-05,0.0013016346003913884
107,0.00020330847288192025,0.013339317893067906,0.9849770684572356,1.526510749642784e-05,0.0014650400693182676
108,0.00013317832940557074,0.008413206141975238,0.9895722410688578,1.4042594074387167e-05,0.00186733186568721
109,0.00015203728990250158,0.008604913404581256,0.9895010406290503,2.9531227773345963e-05,0.0017124774486926737
110,9.98753829566213e-05,0.01635237569493418,0.9822765401771205,1.0117488974337613e-05,0.0012610912560143805
111,0.0001582015534027227,0.014568602547707461,0.983808436944408,1.3210025647654726e-05,0.0014515489288341088
112,8.768189985996546e-05,0.023527382960585024,0.9754495136432186,1.1636326240039668e-05,0.0009237851700963198
113,5.682657700694814e-05,0.00996406471608231,0.9893332235699069,8.713169829241032e-06,0.0006371719671746795
114,8.951152044659652e-05,0.017595550905095462,0.9814571261298733,9.126409348399314e-06,0.000848685035236132
115,0.0001105243307767673,0.008882530784198723,0.9902207518882702,1.0794883082259871e-05,0.0007753981136719709
116,0.0001580752550898339,0.019269414987789307,0.9793465156770738,1.899327442922018e-05,0.00120700080561797
117,4.731938547792935e-05,0.011042193587589903,0.9881525583495768,1.1026824420867583e-05,0.000746901852934641
118,7.089183432291506e-05,0.02277039570550582,0.9762276988554803,1.1331434462488786e-05,0.000919682170228367
119,0.00010101410406672872,0.010547092459681412,0.988695846159085,1.1532824878618316e-05,0.0006445144522880747
120,5.446945524047723e-05,0.007356571611299415,0.9920648533450724,5.403946512093196e-06,0.0005187016418755481
121,4.118783815469334e-05,0.004366762158101504,0.9950479363940642,5.368826785143423e-06,0.0005387447828945132
122,5.3751234010044734e-05,0.0038938550012497645,0.9954999618589976,6.318962411823941e-06,0.0005461129433307857
123,6.734535792691831e-05,0.013871189566762952,0.9853226886494675,9.367551447924007e-06,0.0007294088743948085
124,3.5027348044222466e-05,0.005280368317429836,0.9942415771958552,5.196106232158345e-06,0.0004378310324386744
125,3.873305474533192e-05,0.008590857520171835,0.9909557360664354,7.490920282444073e-06,0.00040718243836491784
126,3.431448874166834e-05,0.007585310844383484,0.9918381870338401,9.228155236870586e-06,0.0005329594777979405
127,0.00012869857477997373,0.015916640900683503,0.9831574474989351,2.143868691217399e-05,0.000775774338689276
128,8.724075736458404e-05,0.007397003389654263,0.9916672419253337,1.2352926017161305e-05,0.0008361610016304296
129,0.0001443244421467861,0.017807042127124865,0.9810476220241425,2.0450483825707114e-05,0.000980560922760224
130,0.0006429938063993927,0.02656764901558157,0.9692333893074712,9.673684391290793e-05,0.003459231026634874
131,0.0006855187668757669,0.01852505643194483,0.9753510645583615,0.00021334881156590164,0.005225011431252187
132,0.02019082047778658,0.023354995765933598,0.005077093269754664,0.0034032957474284978,0.9479737947390967
133,0.13728069993211361,0.11996345617510687,0.024662169996709563,0.002859749547734783,0.7152339243483351
134,0.04298936366093145,0.179431707472757,0.07342795038706453,0.002327366552558071,0.701823611926689
135,0.07851614730409026,0.3431622972407368,0.17487171195415427,0.0018594740163872911,0.4015903694846314
136,0.032578928212382,0.756414833038973,0.10137612298593954,0.006622190043939261,0.10300792571876627
137,0.08004646010119139,0.5262380579411228,0.018650600178574492,0.0337087746653494,0.34135610711376213
138,0.057472986382232964,0.5111011673795383,0.10297871706474084,0.03759806679218479,0.2908490623813032
139,0.12123581434585426,0.29459224277710805,0.006086731087136747,0.32184238361000483,0.2562428281798961
140,0.06872929941247206,0.19407380755966297,0.0008897772543555126,0.44422657486381567,0.29208054090969376
141,0.05810453223253436,0.1372858669827623,0.0013673534984182986,0.6635964010221758,0.1396458462641093
142,0.036254950576897774,0.11139086029587245,0.0005590829784413528,0.8100675107793086,0.04172759536947981
143,0.06908654139505713,0.27334967938036986,0.0022637135923337945,0.5029837913343106,0.15231627429792866
144,0.04633994513730569,0.06493907834140887,0.00028853109125750277,0.7097819339711564,0.17865051145887154
145,0.0758192849500853,0.19859770761146617,0.000852276161753699,0.5347950460766998,0.18993568519999504
146,0.11032473112010477,0.08738460916510495,0.0002370319556769381,0.5954726651272692,0.2065809626318442
147,0.22781265378937415,0.10084062152765735,0.00040572153821022725,0.42102776136963393,0.24991324177512425
148,0.1626459949782641,0.16644782797808974,0.0011596065209931185,0.31002259560013473,0.3597239749225183
149,0.10870325031754832,0.15855847417863503,0.000545672045092984,0.3661405268828823,0.36605207657584127
150,0.05963680165364661,0.04668515614916525,0.00010574548755184846,0.762468922820513,0.1311033738891233
151,0.057375846896829945,0.11854001639276693,0.0005792541471992503,0.5984684405870633,0.22503644197614067
152,0.04511596641667631,0.05717622639452673,0.00034503573941749456,0.7734648784349551,0.1238978930144245
153,0.0553423140335089,0.08024238294988359,0.0004950992447311316,0.44859239106903964,0.4153278127028367
154,0.03793440498664253,0.045320855858667755,0.0003914854276516095,0.6126847613687344,0.3036684923583036
155,0.03131740298044791,0.060174915240225425,0.00033849315148281044,0.6523396601351781,0.25582952849266577
156,0.018372324575675846,0.027877228283118675,0.0005472989467415223,0.6587579516241336,0.29444519657033036
157,0.03761297075281937,0.0685847584888759,0.00020162888955830422,0.7345016739999506,0.15909896786879585
158,0.046148363444785144,0.05641765376932166,0.00017251901022921132,0.6146968537461971,0.2825646100294669
159,0.06195466790895829,0.0653100992885632,0.0005033932290824487,0.4718779942715464,0.40035384530184975
160,0.0603413607158931,0.03948304206607904,0.0001761910851606425,0.5265801676189813,0.3734192385138859
161,0.08215722206215516,0.04833128670995377,6.059620971645179e-05,0.7383377648187192,0.13111313019945534
162,0.1308422949336574,0.04836893934642339,0.0002685723896109571,0.5280474198877958,0.29247277344251243
163,0.2596024621789411,0.04124543902565633,0.00018183188249048515,0.490597596414838,0.20837267049807398
164,0.21353834122428889,0.032045370298187784,0.0001191585559035438,0.6643324480505655,0.08996468187105423
165,0.3510240794567062,0.044831714558061266,0.0003078451014142335,0.27505562575438536,0.328780735129433
166,0.3819757695546801,0.13019881644356748,0.00123852901163065,0.17874319940754302,0.30784368558257874
167,0.4028838569924711,0.16468174496685525,0.0005834020934351067,0.13071956689590097,0.30113142905133766
168,0.4129737229063635,0.400840915497292,0.002080128981597828,0.10453030879626815,0.07957492381847867
169,0.1980558097928732,0.3923000629334858,0.0017086161256491368,0.2839354777838591,0.12400003336413269
170,0.011099119131281525,0.01192082196654417,0.0018578593566435503,0.001993017400807738,0.9731291821447231
171,0.5470421868335563,0.20298664760392898,0.0008479714902756216,0.04772936145207599,0.201393832620163
172,0.19542246686797948,0.20558012908403206,0.01690133105281947,0.012024951391839149,0.5700711216033298
173,0.2967831383637187,0.4595723883651164,0.006113697354306769,0.040367022365413736,0.19716375355144433
174,0.05103715792590169,0.7634620880402817,0.004323652380428497,0.12884056262079877,0.05233653903258953
175,0.07382634231108758,0.41393525348756893,0.00031138691566860054,0.4655200975530714,0.04640691973260365
176,0.06241959840969811,0.13312030934730573,9.65814534203772e-05,0.7638806393625602,0.040482871427015676
177,0.11702184222242018,0.4024874614655056,0.0005678751802972101,0.3761392396425373,0.10378358148923966
178,0.12692039755035758,0.299735494154475,0.001822697675317086,0.3509632267894953,0.22055818383035503
179,0.11915740363773884,0.263640152269138,0.0014788847072948312,0.49216620326816246,0.12355735611766577
180,0.131809407038507,0.26037378354436397,0.0002673376373651169,0.48315439759427775,0.1243950741854862
181,0.16730140947682692,0.5097132687731007,0.0005765271683355021,0.23674943579349686,0.08565935878823985
182,0.10787724554256725,0.3337031243905072,0.002181046235190288,0.08621244861234552,0.4700261352193897
183,0.3191421714980304,0.1095366049879894,0.00036181222467881135,0.0882451514276263,0.48271425986167504
184,0.23746596837400294,0.5527786954273445,0.0019194976681150306,0.09410974554181109,0.11372609298872634
185,0.29720011232326593,0.5632726742254319,0.0016494408812345927,0.07596755665884487,0.06191021591122277
186,0.2732709353240924,0.5803673225082683,0.006046242613359603,0.03382081302792562,0.10649468652635409
187,0.06617918281583526,0.7668482553285745,0.0021890599215392834,0.14504846115581194,0.01973504077823895
188,0.10460096854672542,0.637346324373305,0.0023528934565368444,0.19901833677585834,0.056681476847574484
189,0.12291602241698961,0.3411998103925056,0.0007564728628208621,0.4710573312869742,0.06407036304070983
190,0.07030811052890683,0.5020136530600819,0.0006477149262210205,0.39152839944993534,0.03550212203485489
191,0.0940658156055198,0.6010195003050289,0.0009696611347870812,0.21025115466358027,0.09369386829108402
192,0.02573393933506555,0.8824043583444751,0.002410619148880151,0.05328386463452297,0.03616721853705618
193,0.05890037178085094,0.8459143606129921,0.0029649989073304386,0.05337397386298629,0.03884629483584042
194,0.061962446607965224,0.7858764963271843,0.0004158990333838087,0.1237210499501089,0.028024108081357746
195,0.046046760454850295,0.7399199445942191,0.0057349752033985756,0.021118087541784424,0.18718023220574762
196,0.08432690850587192,0.8604417542178703,0.0007529839555712214,0.03265615506378891,0.02182219825689768
197,0.06341676054240462,0.9172297311240821,0.0012912526896639287,0.00948055342536397,0.008581702218485207
198,0.032420614143906665,0.9551345926264514,0.003065403989514271,0.003379473948889389,0.0059999152912383205
199,0.021226206010902225,0.9733685171061287,0.0003059934104547608,0.0024348672338645456,0.0026644162386496853
200,0.006363952549119876,0.9884079277450639,0.0032377830040044657,0.000425704136688722,0.0015646325651227542
201,0.001636805309184861,0.9871030422040201,0.010342293657856333,0.00034054880882110203,0.0005773100201176152
202,0.004335823902994813,0.9856518404174173,0.008644160725465417,0.00025535684291522453,0.0011128181112071102
203,0.0005309339836329608,0.9199883194285048,0.07874501471131286,0.00021871905168695095,0.0005170128248623522
204,0.0031742071482363725,0.9574155527680005,0.037547226551495644,0.000677437933766131,0.0011855755985012062
205,0.0011189118500238731,0.9044256435318827,0.09305061204338377,0.00046467997165235977,0.0009401526030571484
206,0.001385015893436227,0.8148770911310765,0.18255443182878564,0.000687663720140748,0.0004957974265610082
207,0.001708036875905787,0.8645432066783473,0.13204045433163003,0.0009520794610428364,0.0007562226530740292
208,0.031208088397946563,0.09028910764792561,0.003973017519882958,0.0014763987200941294,0.8730533877141509
209,0.6976125108902278,0.2281683563044777,0.000523191814345172,0.001573745178542252,0.07212219581240713
210,0.14105179936829196,0.8527092242996585,0.0005473753339026427,0.0002674088877263038,0.005424192110420466
211,0.0630414444987876,0.8846955442785756,0.048673121169384416,0.00010406361641522845,0.0034858264368372656
212,0.008870793767535478,0.9836285185580925,0.006290246446176992,0.00010411136680733301,0.001106329861387793
213,0.0013192051490605442,0.911000274081324,0.08685857096323828,0.000135534606649371,0.0006864151997275948
214,0.0007104156038813462,0.8420525884424134,0.15611915507997978,0.00021690522682821326,0.0009009356468973004
215,0.001017667577462264,0.8193782903199256,0.17846328777718834,0.00038395441896510083,0.0007567999064585938
216,0.0009557770723487435,0.7471025392769132,0.25070206558823016,0.00036593787795464533,0.0008736801845530848
217,0.00039330232798714216,0.6290275212271308,0.3697845186920839,0.00012478716127373545,0.0006698705915244368
218,0.00044305584773367523,0.5678189814016775,0.43074796116188696,0.00027318136915115593,0.0007168202195506273
219,0.0003379801340817602,0.5110901161367732,0.4876653960478774,7.575491769749351e-05,0.0008307527635702414
220,0.0005717222961001116,0.62507253857692,0.37352023534274503,0.0001233594800882961,0.000712144304146605
221,0.00020829843411083706,0.32669562831576143,0.672483292563877,5.2483113237144595e-05,0.0005602975730136491
222,0.00039032495970963153,0.4363999235659179,0.5623878158954353,0.00010478310976390757,0.0007171524691732086
223,0.0004302194824449691,0.2789120960616533,0.7196675505961082,6.71180175595854e-05,0.0009230158422338591
224,0.0005936085335048859,0.3248030187724216,0.673161674622987,0.00012959225323567593,0.001312105817850832
225,0.0003046541434540034,0.2883677748132013,0.7104149368836571,4.980555634097688e-05,0.0008628286033464579
226,0.00026911593109132427,0.25140492633512995,0.7477239491910165,3.995148401797073e-05,0.0005620570587444158
227,0.0004858386947248519,0.2227806782758551,0.7759764194547416,6.201525741592044e-05,0.0006950483172626262
228,0.0003437976010095163,0.17880083273567726,0.8198590566983973,5.1895454270296113e-05,0.000944417510645675
229,0.0002475694749095959,0.14213059414804355,0.8569129180471651,4.993434893028733e-05,0.0006589839809514752
230,0.0002629975016081332,0.1984769174509712,0.8002985688721621,7.308643434612398e-05,0.0008884297409123313
231,0.0004853906802264083,0.0897265401388413,0.9078025119947566,0.00013432052189221125,0.0018512366642833684
232,0.00017833431640793454,0.07919354540055475,0.919629782546364,0.00013152030382094026,0.0008668174328523142
233,0.00036127184444200415,0.09479080399169579,0.9033085725293694,0.0002490203876349634,0.0012903312468579833
234,0.00022944607456273905,0.05561016110009391,0.9428101377066287,0.000214187771651725,0.0011360673470630553
235,0.000125198207790722,0.0584732852766212,0.940960075667674,9.131329608658942e-05,0.00035012755182741833
236,0.00015191347175230846,0.03027237125076649,0.9688160118485951,0.0001428402885592895,0.0006168631403269518
237,8.056467552005875e-05,0.02774270276847995,0.9715773507760888,0.00012547729538307684,0.00047390448452824433
238,8.133022658613615e-05,0.02484739395499986,0.9745741499436559,9.689155254928414e-05,0.0004002343222088131
239,7.383177838645239e-05,0.028868417363530862,0.9705113644616731,0.0001503399597944514,0.0003960464366153178
240,5.423642143494765e-05,0.019647553988356783,0.9799760919017004,0.00010543323583927772,0.0002166844526685055
241,8.953642793592535e-05,0.01930451574289188,0.9801941898609327,6.725055900977203e-05,0.00034450740923001833
242,4.502607965517636e-05,0.031013098108981486,0.9686542832933739,6.523018013782002e-05,0.00022236233785171615
243,0.00011233260515007401,0.02000773116047609,0.9791986260313966,0.00024113944424040412,0.0004401707587366263
244,0.00014983953221946408,0.07103103738568567,0.9279538848978666,0.00025585039656598747,0.000609387787662262
245,0.00025826852445126635,0.04310938750743196,0.9554373260932734,0.00032315562915305267,0.000871862245690323
246,0.00011620508452204598,0.05145284798343879,0.9477687753747347,0.00016980383282146435,0.0004923677244830658
247,0.0001823613165903759,0.036072315830336876,0.9633319901519797,0.00011921848971857159,0.00029411421137436863
248,6.045556231760553e-05,0.028890955756857774,0.9706653837360225,0.0001289886963474132,0.00025421624845462485
249,8.568224536725186e-05,0.02017595263635333,0.979363136212341,0.00012867418737600881,0.0002465547185624884
250,0.00011851504345592405,0.030199088800724187,0.969093866958735,0.00021740762428785346,0.0003711215727970194
251,0.0001161889184879273,0.038540618067072575,0.9603891752460283,0.00026157744336044187,0.0006924403250506743
252,0.00017730700116872183,0.03433499746189637,0.964834135220752,5.0553029716579155e-05,0.0006030072864665361
253,0.0002431558120437153,0.021609475174475198,0.9775006688525875,0.00010649882444129447,0.0005402013364523013
254,0.00016696617222251042,0.022770065675281965,0.9765346454026445,0.00010640396832049478,0.0004219187815303779
255,0.000268408397174749,0.023832498753330017,0.9749555147180826,0.00012056320146219326,0.0008230149299504753
256,0.0001407675888449225,0.035022042837829115,0.963856138387194,7.163543874430281e-05,0.0009094157473876316
257,6.966709487381952e-05,0.02479263390214723,0.9746125751760466,5.900878550776484e-05,0.0004661150414243967
258,0.00031914019810392105,0.03216329339137376,0.9663524962544691,0.00013356445222939843,0.0010315057038240256
259,0.00012029166955636523,0.020352179238046778,0.9789575248194726,3.818099945852009e-05,0.0005318232734656046
260,3.945638327477459e-05,0.012494122163452944,0.9869453306264138,2.235244766533731e-05,0.0004987383791929831
261,4.030154160988843e-05,0.009861345140542236,0.9896547648563322,1.5560629342573525e-05,0.00042802783217317465
262,6.000865684877249e-05,0.006928292608611325,0.9922641789722307,3.850230107684511e-05,0.0007090174612321427
263,3.653371521025581e-05,0.012664825207020974,0.9867829624946312,2.661787254891049e-05,0.0004890607105888922
264,3.593778438783912e-05,0.016733858513192618,0.9826383191817574,1.4995057554355517e-05,0.000576889463107921
265,2.4159790057273662e-05,0.015835361726668773,0.983856392698588,1.2225774321505514e-05,0.0002718600103644556
266,4.020432049184424e-05,0.020876676596097352,0.9786286700208857,1.4684284126894252e-05,0.0004397647783982678
267,4.2111711597520265e-05,0.005525921243041155,0.9941220300604987,1.3700035581733465e-05,0.0002962369492809078
268,3.603621502187164e-05,0.007500175390939811,0.9922387785368514,1.3049820203417147e-05,0.00021196003698368667
269,7.281722657980515e-05,0.010861071637377123,0.9884839802749087,3.035503687831632e-05,0.0005517758242561009
270,2.909934354937228e-05,0.011754734349155365,0.9877620158291933,1.7094082105954e-05,0.0004370563959957945
271,4.374276308275018e-05,0.01094067087335848,0.988609332094713,1.4484237609323685e-05,0.00039177003123622996
272,2.4900851104184283e-05,0.011733666194842859,0.9878711920566356,1.0843006680194329e-05,0.000359397890737217
273,2.948369807380342e-05,0.011275240878002284,0.9881208220031049,1.751679569443067e-05,0.000556936625124524
274,2.914987058832143e-05,0.014125155354037357,0.9854875554930599,1.6944734791211308e-05,0.0003411945475231271
275,2.0544741158020155e-05,0.012086444835076308,0.9875232239938181,1.4755691097684568e-05,0.00035503073884987727
276,3.492014811728012e-05,0.006557931244703586,0.9929978422815886,1.397372341569968e-05,0.00039533260217490426
277,4.408610516598012e-05,0.01016495948708159,0.9892580868842521,1.6083585631350168e-05,0.0005167839378688369
278,2.262109333057256e-05,0.01161439013654965,0.9878819919198479,1.7571499653521047e-05,0.0004634253506183383
279,5.608434553623285e-05,0.009326075631052262,0.9901374809133644,2.555874968077548e-05,0.0004548003603665718
280,4.713037576376559e-05,0.005925101604859629,0.9936695222309695,2.220010338644287e-05,0.00033604568502060755
281,1.99189555667134e-05,0.014017451938602519,0.9856527688627111,1.71164352793674e-05,0.00029274380784019696
282,3.147516612453216e-05,0.0070933208986986036,0.9925794843695841,2.2150272115897435e-05,0.0002735692934770016
283,6.469322438510185e-05,0.02095223275878499,0.978504967393083,3.5515567313984176e-05,0.0004425910564327944
284,5.1897471058605074e-05,0.00848837178329484,0.9912569187813738,2.4331266515301356e-05,0.0001784806977575202
285,2.5078484204379123e-05,0.013710739096255814,0.9860284016913105,1.2668411994743676e-05,0.00022311231623453398
286,7.979348484720783e-05,0.009236455285033316,0.9902336127059508,3.478022539028383e-05,0.00041535829877827366
287,3.530119471024049e-05,0.005925905506412492,0.9938001742810394,1.5295459958753954e-05,0.0002233235578791688
288,5.959153273942429e-05,0.009939134199187832,0.9896106892079563,2.032142302487369e-05,0.00037026363709171745
289,5.962348366845399e-05,0.012261171209188133,0.9873242906032141,2.2721548685523348e-05,0.0003321931552437132
290,4.4857031750832365e-05,0.0083014588537501,0.9912733579824228,2.363872867513888e-05,0.00035668740340117364
291,3.8087989461232976e-05,0.006432220804993439,0.9931369596770292,2.3791429553749978e-05,0.0003689400989622953
292,7.265909032480605e-05,0.02948858375458115,0.9697926126700882,2.771115738546346e-05,0.0006184333276203463
293,3.696673730342419e-05,0.007816430661787397,0.9918832229862502,2.0257558030721894e-05,0.0002431220566281723
294,3.951534935190883e-05,0.015944480609428668,0.9835150210062891,1.874271233364221e-05,0.00048224032259669517
295,4.854970125322342e-05,0.015391383619003569,0.983946735304035,5.008282750408238e-05,0.0005632485482040748
296,6.170949752682939e-05,0.03485954925606866,0.9645677177815326,4.597729346647524e-05,0.00046504617140539237
297,0.0001972468798654618,0.03411344065657053,0.9649536440824603,8.259786067756868e-05,0.0006530705204262883
298,0.00018138551192848794,0.041987947989866645,0.9567908648562172,0.00010359209354800556,0.0009362095484397607
299,0.00013018642626916817,0.0451876393756229,0.9535715822840238,0.0001227254579574721,0.0009878664561266644
300,0.00024136524303158705,0.04009593853826182,0.9583647854077221,0.00024078350906533012,0.0010571273019193033
301,0.00029430491531552043,0.0672869223342827,0.9303800094632979,0.00035722934843380837,0.001681533938670155
302,0.007981884698635634,0.4243099831437576,0.41077347095843725,0.00438266470185493,0.15255199649731455
303,0.06156589521588223,0.21025240636923254,0.11726239928831575,0.01458336741044273,0.5963359317161268
304,0.029790075411879512,0.48247399417847187,0.07053813499711134,0.0035787465750014213,0.41361904883753603
305,0.08462408110105334,0.5871419553508924,0.11787212406935979,0.00597818225041495,0.20438365722827948
306,0.0720400675855769,0.7854875332377526,0.0824480549085274,0.014303118609144655,0.04572122565899853
307,0.046998036952262054,0.7564749494553742,0.07326027233654342,0.020916327613387804,0.10235041364243253
308,0.11355773311239836,0.6464393957888,0.014511798716918779,0.0763087323256855,0.14918234005619735
309,0.044671672701924174,0.8044954447704604,0.01875548203787386,0.10132651677680983,0.030750883712931693
310,0.04048530144937922,0.7062167288220446,0.03036411788753013,0.17381626227620475,0.049117589564841385
311,0.13085055723887867,0.3359764650770356,0.012979853543321148,0.46003913770683025,0.060153986433934284
312,0.047908692910168645,0.11999037982922671,0.009047946790238213,0.617543738788753,0.2055092416816134
313,0.04658017623486677,0.22092976850317148,0.003913310299858886,0.6531767071269882,0.07540003783511465
314,0.09315101837840367,0.1626174807825679,0.0015404440914115111,0.6584545796488872,0.08423647709872978
315,0.1584702783868408,0.2757621021519895,0.016829234297704738,0.36792379974119827,0.1810145854222668
316,0.10447508277235472,0.16088040124882586,0.0020368365084754746,0.574867723679624,0.15773995579071992
317,0.036647835414727194,0.0748627613074268,0.00022849082320218714,0.8406373206743686,0.047623591780275164
318,0.007807207382401781,0.014523272680976154,0.009073240424968135,0.04102653388871629,0.9275697456229376
319,0.3043474474649495,0.027501909025734964,0.0006057902117568005,0.5253649658473907,0.142179887450168
320,0.5796230763512421,0.05525165001959827,0.00041470078309755414,0.2687833515803132,0.0959272212657488
321,0.4099515491697288,0.062094156408338104,0.0005209010678816613,0.4213036469458482,0.10612974640820322
322,0.04858805348547313,0.024138744559472874,6.286820209897356e-05,0.8801669066297191,0.047043427123236004
323,0.03470192366291961,0.01657651347304003,5.401100145471622e-05,0.8960447250756357,0.05262282678694995
324,0.03103441250552351,0.021219407015974454,6.475786069852365e-05,0.9189676577498369,0.02871376486796641
325,0.0319794173996008,0.03005893529966779,9.853321354321627e-05,0.8385352694998867,0.09932784458730158
326,0.12622381985012954,0.01887826528215545,4.728147818698818e-05,0.8086047225182794,0.046245910871248706
327,0.24733257686390192,0.07510756480500878,6.195977863341964e-05,0.6123960130855729,0.06510188546688299
328,0.0315912211638777,0.01905428670664831,0.001298063669649013,0.0627829801739603,0.8852734482858646
329,0.5480091295835096,0.07450332047306941,7.648053856536411e-05,0.3266392467684792,0.05077182263637647
330,0.17678222356417073,0.04923692799591136,0.000250440378221269,0.6501643777580988,0.1235660303035977
331,0.19777673380872873,0.053349605292332195,4.474683794857848e-05,0.7128608558107246,0.03596805825026595
332,0.03139230732664987,0.04078660615006236,0.00021894930930833564,0.9095964550800042,0.018005682133975267
333,0.029333917886448794,0.03416283741098427,0.0002501834943502908,0.9224034150911533,0.013849646117063278
334,0.04064991685213238,0.03228983278086548,0.0005582416036144448,0.7634334365672085,0.16306857219617915
335,0.05333547346032039,0.04132628861291474,0.0008077382084955765,0.7765352752729686,0.12799522444530068
336,0.0701556473313462,0.019519473684013234,0.00021215834832996158,0.778325351846195,0.13178736879011563
337,0.11112961739750689,0.03710671237967202,0.0005195995901579677,0.8197843944587316,0.03145967617393134
338,0.04517244423889397,0.020834931554002224,0.0009365398433628877,0.8856928709141104,0.047363213449630494
339,0.04147054392006921,0.025731346163733557,0.0008503712722899076,0.8933950720929,0.038552666551007295
340,0.0359002994779809,0.019968886439884335,0.00037798498211934634,0.4365628696133052,0.5071899594867102
341,0.11454744614655367,0.021722849329108264,4.206869051495178e-05,0.8251478338796987,0.038539801954124445
342,0.15414526490013203,0.05256525329267923,7.342361506786863e-05,0.7558199664840346,0.03739609170808642
343,0.13007035112409931,0.02633481040387467,4.1156131429171234e-05,0.823752697628587,0.019800984712009785
344,0.05163369463245334,0.022117739213636,2.03401086628926e-05,0.9094069773113868,0.0168212487338609
345,0.018858425127744258,0.005458406106625127,3.2772675641680337e-05,0.9128934938739385,0.06275690221605033
346,0.026751795168309556,0.015103298666860656,2.1054691765204397e-05,0.9507419261057873,0.0073819253672773345
347,0.017943975480833953,0.0062496246554710035,5.490340562186618e-05,0.9519087082929426,0.023842788165130642
348,0.032392460790139924,0.008990950615083013,0.0002595309083802176,0.9405471009211024,0.01780995676529447
349,0.014477042485990353,0.010956605334672001,3.891582764080315e-05,0.9597508716751102,0.014776564676586819
350,0.05538192475846398,0.01598448644108059,6.560513863351307e-05,0.9085042084312319,0.020063775230589984
351,0.02596489389219484,0.02174528360450581,0.00013220911635809324,0.9297925004848279,0.022365112902113227
352,0.05478572155664766,0.016986932759453746,5.9267750663383965e-05,0.914582982474508,0.01358509545872738
353,0.1615501088810197,0.014381205883180976,6.31475103870504e-05,0.7731531247733491,0.050852412952063164
354,0.16741040983305577,0.06795402134265809,0.0001246051180075772,0.6450728531842306,0.11943811052204802
355,0.10561861022979235,0.07237574203524579,0.0001564032738756315,0.7507339290597509,0.07111531540133527
356,0.08888304697583335,0.042141150989090125,0.0003860711613609287,0.6684797878870843,0.20010994298663123
357,0.05905210812372301,0.047591628560995455,0.0004381094154819425,0.8030680805418192,0.08985007335798044
358,0.07389824960089075,0.04308113650760741,0.00012642793430670798,0.8592317777789541,0.023662408178240953
359,0.04504299214165838,0.06683623364610412,7.817523109266585e-05,0.8686568607914606,0.01938573818968436
360,0.07025331066927987,0.06511324592315804,6.840183458292275e-05,0.8438938914335656,0.02067115013941355
361,0.14907761868029407,0.09317051124304203,0.0002867347888480014,0.7084140944133248,0.049051040874491074
362,0.14269433336469203,0.12273313254814747,0.00012072073193485308,0.6874452670527207,0.04700654630250499
363,0.2652300166564214,0.13383931861260415,0.00041175874968186473,0.536537594009146,0.06398131197214667
364,0.19004023251413713,0.19378085083615001,0.00041156568254519443,0.5709531865538752,0.04481416441329252
365,0.016670567051353155,0.024651194630487733,0.0009560659236419214,0.022816572040713794,0.9349056003538034
366,0.1760309029746235,0.06314412522891417,0.0002261088743653167,0.16829849837336902,0.5923003645487279
367,0.5227259724776006,0.11371327396452412,0.00018759369042349318,0.09978475357616495,0.2635884062912867
368,0.6706089853103961,0.07054598711003061,0.00011201206380327099,0.04700311410114451,0.2117299014146254
369,0.2601094634177766,0.5015364838424744,0.001613388442327693,0.10103030700609816,0.13571035729132314
370,0.09056373978454728,0.8623250925886932,0.00027409700948589157,0.025783975392183977,0.02105309522508958
