epoch,N1,N2,N3,R,W
0,0.17125793892838978,0.053034855445401936,1.4064035595482832e-08,0.012293287116218559,0.7634139044459541
1,0.14318493748519406,0.09310987564381001,2.6782851801923253e-08,0.008291421256995396,0.7554137388311487
2,0.1360656302825964,0.03667814880492406,2.4837188636966673e-05,0.009545621453887834,0.8176857622699548
3,0.17233302742925508,0.08359174846216746,3.440139202127997e-05,0.007760795966642866,0.7362800267499133
4,0.21168043352024182,0.10437188586305841,8.878301136383425e-05,0.0021624509336542965,0.6816964466716816
5,0.1805695944869372,0.16960500874280424,4.319297142749864e-05,0.006703852407834401,0.6430783513909967
6,0.03792222410976154,0.036584042655116555,0.0008995206164282512,0.00048284314104925696,0.9241113694776444
7,0.16674220233130338,0.08520775082087044,0.00012728964487068798,0.01165721434445073,0.7362655428585048
8,0.18456344170706193,0.05748290438381575,0.00027146849726957694,0.021040319666056927,0.7366418657457957
9,0.11550548322428299,0.05743073361107814,0.0001323766402618428,0.014958308724301506,0.8119730978000755
10,0.2736735708915071,0.08091902762161955,6.818981167483252e-05,0.024366389659989184,0.6209728220152093
11,0.3397197607282501,0.10126900805544084,3.957849793242192e-05,0.012723138513022685,0.5462485142053538
12,0.3112964924376153,0.09704500425436663,7.88083794435939e-05,0.009917664055129357,0.581662030873445
13,0.37134071925953344,0.07629121406166807,0.0018559733572919637,0.010894587150163107,0.5396175061713434
14,0.3429670791605696,0.2597503588316592,0.0003926439949743408,0.02390962982196887,0.37298028819082796
15,0.2673907423470825,0.21655051899569608,0.00012131436418014279,0.029478110422877072,0.4864593138701642
16,0.38531269053476297,0.17149550834760754,5.507774098227957e-05,0.042402779497138395,0.4007339438795088
17,0.21618979406946912,0.2165970713118098,4.5274408187315336e-05,0.0037042696560158745,0.5634635905545179
18,0.3360035194991332,0.30571400379458347,6.658138774109531e-05,0.03684075456771366,0.3213751407508286
19,0.4133910008680882,0.18020273446394236,0.0002564608069394903,0.0052129687550247165,0.4009368351060052
20,0.30477839212318014,0.3765244538965395,0.0006187678870110269,0.008729242395069885,0.30934914369819955
21,0.28211125729224046,0.42819901033806185,0.005939478345058325,0.0016684661586029773,0.28208178786603627
22,0.45927018021883415,0.40428522901682357,0.010991045635592193,0.0007515740456490376,0.12470197108310094
23,0.11375827746399783,0.7648515437717208,0.08274027653762725,0.0007116079554440838,0.03793829427121012
24,0.11794996134472364,0.4880762141573333,0.36451849587460505,0.0011910208720934188,0.02826430775124453
25,0.2282260795814303,0.5875287011331294,0.05715391585819708,0.0017533984928272853,0.12533790493441596
26,0.06347641377749716,0.49089283765266406,0.4091697020338804,0.00043138177650473643,0.036029664759453475
27,0.06145082483495002,0.39141524989909415,0.26182316318281923,0.0019180517628420404,0.2833927103202946
28,0.02420200424213345,0.04850862669140639,0.24295840878268107,0.015465118153978158,0.6688658421298009
29,0.011737981851620003,0.013900930206059184,0.09277917257305397,0.009080644025504115,0.8725012713437627
30,0.11044547663134446,0.45248388738492934,0.02336721174108346,0.014478127139309918,0.3992252971033329
31,0.12711335086192665,0.41154158461448853,0.042257570319340465,0.008535880097609303,0.41055161410663504
32,0.17157054732716295,0.5576982711674184,0.1045948867379354,0.0028356183297969253,0.1633006764376862
33,0.07575717686628534,0.7833180013422465,0.10060040669452269,0.0012427672675405415,0.03908164782940517
34,0.10302346435058986,0.7961131472481384,0.06121431486856145,0.004008908094588919,0.03564016543812132
35,0.08354750246045523,0.8086631272723629,0.057243069813745974,0.006847329376783757,0.0436989710766521
36,0.09428354753583262,0.831791979929308,0.015406379392917804,0.0019318797664036559,0.056586213375537986
37,0.10909987321395406,0.8255439921345801,0.04968897109543603,0.0023234072508976564,0.013343756305132211
38,0.03519446814554383,0.9045086639354961,0.04789875195522954,0.001839532754882236,0.010558583208848213
39,0.022939534524084943,0.8636549608479777,0.10667208543183065,0.0006805047089153646,0.006052914487191389
40,0.007061980535271356,0.7206878192128783,0.26848979770061854,0.00021078594737684506,0.003549616603854997
41,0.02173765507301376,0.5475617899086547,0.4141362645784461,0.0008757561074232216,0.015688534332462277
42,0.1297751710402357,0.45539014581326404,0.1723686792551704,0.006046285359500431,0.23641971853182953
43,0.03375906450559724,0.8362671603516351,0.08568954204654707,0.007981319344631678,0.03630291375158899
44,0.03426813099923627,0.8000003320267248,0.10167558604390882,0.022171458507851127,0.04188449242227897
45,0.03743176647157335,0.3890270994597712,0.5129360736914225,0.01699903572779188,0.043606024649441244
46,0.024365637293871305,0.6836704056729437,0.2540750017334901,0.0032886552657633533,0.03460030003393132
47,0.05134387396853173,0.7080435921524592,0.19493513962736572,0.005146047787706731,0.0405313464639367
48,0.05197172951716716,0.8487901401247754,0.026301182892458128,0.0059271595732756956,0.0670097878923237
49,0.17261303389572133,0.7138789325332942,0.0007315062001613952,0.029849474688851175,0.0829270526819719
50,0.2939076343456092,0.3856200276851699,0.0023938416075122764,0.040187283297659256,0.2778912130640494
51,0.0013355472957442274,0.0007582513157678555,0.0003861352446213482,0.0001152816205194217,0.9974047845233471
52,0.00542030019728764,0.001156415433255395,2.2021111438040143e-05,6.117452803554645e-05,0.9933400887299835
53,0.014077583881135263,0.0012261885363107617,2.2877684016743293e-05,0.00025225813875094796,0.9844210917597864
54,0.1560294683939197,0.0038759832489710685,9.974797253551342e-05,0.007340989350996087,0.8326538110335776
55,0.24451728335918912,0.03969411812233382,0.0002614323859212992,0.005458642010878267,0.7100685241216775
56,0.30563437622066714,0.105043292839045,0.0004263798352813166,0.0036249722554951938,0.5852709788495115
57,0.15063573165174393,0.198720410961036,0.001324485007290265,0.013862420910158274,0.6354569514697715
58,0.2927295003286384,0.27025963635562167,0.0017822432577323693,0.015251361970080196,0.41997725808792746
59,0.3255114631005872,0.35258059920498586,0.0005254164608227724,0.15149767864631522,0.16988484258728898
60,0.2630661375886882,0.3681136530260144,0.0007759592633903228,0.06844188448767648,0.29960236563423065
61,0.4017454332034169,0.2603020280252694,0.0005133899797969319,0.1607020896496644,0.17673705914185245
62,0.4440636907506215,0.35000513257822924,0.0007186187350692945,0.019878783980502898,0.18533377395557718
63,0.60676090055558,0.12519091769733373,0.00019232224947669614,0.03082557571651559,0.23703028378109411
64,0.5101709656470966,0.28789548285563576,0.000738780989385,0.003290844000915556,0.19790392650696717
65,0.23618248047068388,0.7114223069837048,0.003441640964688964,0.007037925956915121,0.041915645624007285
66,0.21115024241011052,0.7528276701562165,0.0022215800856607566,0.00775368060562961,0.026046826742382498
67,0.11086607286189379,0.8659936854285215,0.005919670965989782,0.003506745811068621,0.013713824932526366
68,0.05754372736827094,0.9131230705119093,0.015267057125595654,0.0009761826430177939,0.013089962351206175
69,0.09039314522545226,0.8830864272094372,0.014391020472305394,0.000598956111470194,0.0115304509813351
70,0.02815030410141512,0.935509815781251,0.01658354867178026,0.00114299206291189,0.01861333938264163
71,0.02842756468601151,0.9024075856952074,0.05134778476092534,0.0006831875943162322,0.017133877263539373
72,0.021143903501882843,0.7098923319547326,0.2576405039038727,0.0010937221569689492,0.010229538482542912
73,0.013717261926113835,0.6683610000649324,0.3049713125748656,0.0015566792929022756,0.011393746141185919
74,0.030442927536825846,0.7956996957901186,0.1634689720689617,0.002045893217299104,0.008342511386794847
75,0.05092508747695268,0.9104751083337967,0.019281340181331128,0.0013108522794550808,0.01800761172846418
76,0.03138510900011244,0.8470760962785004,0.08882183350674917,0.001608894154517784,0.031108067060120217
77,0.04230318425388037,0.7716881578732101,0.1597601296387853,0.0032471417922997265,0.02300138644182447
78,0.040537624083164456,0.8027081740845108,0.10887680860675955,0.006166143941440923,0.04171124928412436
79,0.06718186541117409,0.7290244937471655,0.1225563491205654,0.010364007885857495,0.07087328383523749
80,0.02325096870619365,0.7288931583217381,0.16501732441089298,0.005278280038109266,0.07756026852306626
81,0.05045359963318941,0.23570933804065897,0.03559039696368613,0.006053531198014693,0.6721931341644508
82,0.04299300460679229,0.033712208893033044,0.0014311141626351166,0.0013291754779112314,0.9205344968596283
83,0.1165687511663682,0.058079640869043006,0.0001480274289304796,0.015921099131793084,0.8092824814038653
84,0.354650198970386,0.09383622389954654,0.000397009690062988,0.013320497904918382,0.5377960695350862
85,0.20117724736928688,0.05649536671575717,0.0006323961856850508,0.00237527481103693,0.7393197149182339
86,0.3747400131742864,0.06896513939722,9.56537620731769e-05,0.03275885347361502,0.5234403401928054
87,0.39782114305824895,0.3982892091870301,0.0006530888423048863,0.028440182627648667,0.17479637628476752
88,0.15112153314686327,0.7437561573562378,0.0007412730558180613,0.006919073087923153,0.09746196335315783
89,0.12672297937889393,0.8321344069412863,0.0030256362824160445,0.022829518075184924,0.015287459322218885
90,0.07291107535223498,0.8863165388971326,0.004849851945993877,0.021741728213058482,0.014180805591580149
91,0.16807448806696623,0.7735485171039407,0.0043127278780008315,0.030944642625781504,0.023119624325310836
92,0.12340962331911241,0.7447551361921572,0.017143484353200966,0.0050106912095886184,0.10968106492594082
93,0.25668000913945804,0.6136441579138109,0.01075520750436131,0.01204719477505414,0.10687343066731578
94,0.062383718243239426,0.8069211497979868,0.0392279740112851,0.006371966783224029,0.08509519116426462
95,0.05741452654027221,0.8389714011920467,0.013848556751014145,0.016431129973672555,0.07333438554299422
96,0.021769345817807945,0.9098375513053469,0.020470398397533455,0.009160204373069322,0.03876250010624228
97,0.0038232258301535713,0.02242173519918843,0.009567958636324498,0.001186519453956223,0.9630005608803773
98,0.07367932919400857,0.04978513717902961,0.0005753980164618409,0.007821687917913262,0.8681384476925867
99,0.12073382206747967,0.04577904680840016,0.0027304662183743173,0.004950509166137258,0.8258061557396087
100,0.22535589656272653,0.06079140042668254,0.0005056467527185222,0.006606469549449759,0.7067405867084225
101,0.34663049767718834,0.14782331429234827,0.0007226813623188302,0.01677051037227059,0.48805299629587406
102,0.1322279946791691,0.3317227405391428,0.0051382673480640335,0.01292370315392269,0.5179872942797012
103,0.14671901535921855,0.23032615058557498,0.006382640813481799,0.006066042867966206,0.6105061503737584
104,0.1042296771308402,0.19496863721318608,0.006546515088943154,0.0023647064129052333,0.6918904641541253
105,0.03846119632467395,0.062460288414791135,0.0013891539547578656,0.003302332975259676,0.8943870283305173
106,0.04105676526151364,0.03691304252505052,0.0025825932040792715,0.0008489174575421103,0.9185986815518145
107,0.26481701626032894,0.1668437831719994,0.00507904683528543,0.0015232962853663145,0.56173685744702
108,0.5858427559186715,0.1400553884346284,0.000851865520206828,0.0033875447095361613,0.2698624454169571
109,0.41666199440258816,0.20381968860471433,0.0038817654289046745,0.0016401648784631745,0.37399638668532964
110,0.39784579768769457,0.4272940821704277,0.0038408484974674123,0.0026962274665815805,0.16832304417782887
111,0.30540949462859135,0.5503463180223351,0.01806387194450522,0.0035661600135389053,0.12261415539102949
112,0.17778519348870928,0.7069480945444993,0.025496486944468568,0.006523631404534564,0.08324659361778848
113,0.1813273370389095,0.7174823854571248,0.020022991416179074,0.014142129043414334,0.06702515704437237
114,0.15802725501849263,0.702329149002507,0.05811997674213243,0.009546676185392561,0.07197694305147542
115,0.11548585972335748,0.7218066377491504,0.0246117752469543,0.009474152622825964,0.1286215746577119
116,0.13685939323441323,0.5924460519154813,0.08076953220601638,0.01088112806731215,0.179043894576777
117,0.18122509245693763,0.5849602633577164,0.0508519705784941,0.0029244782633297364,0.18003819534352222
118,0.01832767471057025,0.014989981075167016,0.0019371997205565362,0.000867172425189996,0.9638779720685163
119,0.015448972511473556,0.01002812624390121,0.0009296826469175699,0.00040912889985402,0.9731840896978537
120,0.09313068672863248,0.03542736998318299,0.005676275813668575,0.0016745733759346963,0.8640910940985813
121,0.03382366894255833,0.007594480701041768,0.039795451697753004,0.0005909193171213641,0.9181954793415255
122,0.0867792963137256,0.005133393732617173,0.00020142113517994636,0.0008390257162515086,0.9070468631022257
123,0.016085651759581706,0.0027056701464942606,0.0012610172046972452,0.0002270152361726361,0.9797206456530542
124,0.020980466012388805,0.0054042922711818,0.0009877612627955277,0.0005547909213529724,0.9720726895322809
125,0.027947688796288898,0.0041559104830855755,0.00019011143796159534,0.0006015538839084975,0.9671047353987555
126,0.0482892317480721,0.012417400610917952,0.0004374244620232439,0.0008961167252438157,0.937959826453743
127,0.004613667234638944,0.006596336534446453,0.005833435735148184,0.0008673099601523024,0.982089250535614
128,0.00110125094516871,0.001119362351839576,0.0004959875508275862,0.00033886872972023344,0.9969445304224439
129,0.1342818296161428,0.010125765836631013,9.504964486646656e-05,0.01578361918597938,0.8397137357163803
130,0.007454765802081962,0.0032176911731117155,0.0013904677542499796,0.0008491507545080862,0.9870879245160483
131,0.005476993571180557,0.0013878198846882853,2.5462959276753136e-05,0.0008683974351308499,0.9922413261497235
132,0.024263747715982966,0.003499126754833789,3.6646370867903914e-05,0.0026392986908772786,0.9695611804674381
133,0.3126775583400774,0.02979375187459111,0.00021759119101281047,0.013985509837288421,0.6433255887570303
134,0.096586253610035,0.03766998548587422,0.0002849155663653424,0.004385164869283858,0.8610736804684417
135,0.03203283854632184,0.01347772850639552,0.00014983885086761244,0.003928621534474307,0.9504109725619407
136,0.33511174489829154,0.1161635237625442,0.0013077886506561737,0.01925452411196352,0.5281624185765447
137,0.17499970142871593,0.2459386035815209,0.01108186597836534,0.04548234443814324,0.5224974845732545
138,0.2635848640855758,0.42768148295788894,0.00529869383667707,0.18948489097650237,0.11395006814335595
139,0.12924127055898557,0.586375165385723,0.0030277450117304036,0.11758457670637176,0.16377124233718948
140,0.09080472952330321,0.4231258852893232,0.006624090759837414,0.04570023901646018,0.433745055411076
141,0.12524738875633723,0.7262185499570463,0.0035860992893162968,0.049672425060109104,0.09527553693719108
142,0.07005608408679868,0.20463839569764739,0.005125317591859627,0.010466703107464195,0.7097134995162301
143,0.11638957358080937,0.22969145076416192,0.006166865238656331,0.018290110528713585,0.6294619998876588
144,0.09612228266034453,0.07856971855434267,0.0033873295128289504,0.006440078612990228,0.8154805906594936
145,0.024916472682669766,0.036239387636319634,0.00640851696193651,0.00035141334137026714,0.9320842093777038
146,0.09580166357432357,0.13534295602254412,0.003686023546597601,0.002558172296376858,0.762611184560158
147,0.09761851641206046,0.16233322781186174,0.005697829585063826,0.004227460451172278,0.7301229657398418
148,0.07432777785356486,0.05090788675685455,0.0031558937350792664,0.004231662680662791,0.8673767789738385
149,0.014178601337486685,0.013899991154109987,0.0010843238850892511,0.002111176054411834,0.9687259075689023
150,0.033496442983703675,0.024800749430723117,0.0007008528698760643,0.005208149293091995,0.9357938054226052
151,0.016614336253166998,0.005416586099305984,0.0005792773940837306,0.003063122892195195,0.974326677361248
152,0.022772396035036974,0.003568751551140315,0.00020162039390557196,0.0015199968558446766,0.9719372351640724
153,0.007571302812510903,0.0014271977149447736,2.1111402461646066e-05,0.000518306789567599,0.9904620812805149
154,0.11091092027291423,0.010766871393505592,8.77490719991918e-05,0.0019636432152268794,0.8762708160463542
155,0.012912991959125614,0.0026187164908828184,7.997985664108568e-06,0.007417879689037861,0.9770424138752897
156,0.004155768143641792,0.0021457445775405954,7.193483652158007e-05,0.0012504285275308344,0.9923761239147653
157,0.1961663160577922,0.02006983376698458,0.0003053966821840572,0.007434631995338445,0.7760238214977008
158,0.15367295623020305,0.031852687804870584,0.0003706889698961606,0.03133523368146071,0.7827684333135695
159,0.0400631036161402,0.02082504708545549,0.0006912288361167046,0.024464668159291936,0.9139559523029958
160,0.0035386164124939054,0.0050836703026113,0.0013990938998853929,0.0028058101556042094,0.9871728092294052
161,0.00243585719590092,0.002079358175487296,0.0005396039336802647,0.0010118873257775923,0.9939332933691539
162,0.010448912611153938,0.0019815689659524603,5.436791468084387e-05,0.0023176571105678052,0.985197493397645
163,0.07597232086206145,0.03218922757286623,0.000724227855671453,0.02547024767848108,0.8656439760309197
164,0.020498119298664425,0.005282657407651133,5.9579522289897095e-05,0.007908088603089695,0.966251555168305
165,0.08871469255193863,0.025160566464265014,0.0002541828369244984,0.06010011729808521,0.8257704408487867
166,0.08902953905928278,0.03590444756051032,0.00026675524502579634,0.14716326929858498,0.7276359888365962
167,0.01519443844937116,0.004442172698914899,5.684293411072854e-05,0.009350040186412112,0.9709565057311912
168,0.07470083123601379,0.0307795336549348,0.0002080125382883663,0.05727468364490975,0.8370369389258533
169,0.03717676604146899,0.05396108163534133,0.0005561577892901199,0.018136909627639343,0.8901690849062601
170,0.10095495375451818,0.01991753872337592,0.0003006359515067685,0.018633116363175408,0.8601937552074237
171,0.12298108792758895,0.08652415044970893,0.0016205377182620308,0.02895752417519709,0.759916699729243
172,0.14756254693541754,0.20650271448628854,0.008750885517232944,0.06795767974388439,0.5692261733171766
173,0.15659836032273244,0.27520255765199253,0.0027344903499029716,0.23908446882465023,0.3263801228507218
174,0.2077377557966105,0.4495599194398677,0.0020786765101031782,0.17556330056399094,0.16506034768942768
175,0.1413759048116201,0.6939265956191313,0.004404279070543843,0.09053403011369549,0.0697591903850091
176,0.05122063664214734,0.06256961378542725,0.001387800104132309,0.018685935915627734,0.8661360135526653
177,0.16149460402962526,0.4781918713404098,0.0023766740384847415,0.1563377081786423,0.20159914241283788
178,0.1337919190173832,0.7039387027871515,0.0035879468621455675,0.08536913013766181,0.07331230119565764
179,0.20367998551716188,0.43581507286340304,0.0028545632655201016,0.009311992779201706,0.3483383855747133
180,0.4052846554618185,0.1276493456795984,0.0005681239703190527,0.02198078835836855,0.4445170865298955
181,0.22064901401655884,0.4272349893232715,0.016469859971994818,0.008550638862960664,0.3270954978252142
182,0.29819262659259094,0.644587513850135,0.0033859157754442264,0.007767701422633589,0.046066242359196305
183,0.12146981167314509,0.8150814242518971,0.026149895913791067,0.004687541269146573,0.03261132689202026
184,0.09154541567615457,0.7406808035538225,0.03893728556458955,0.018582331600198624,0.11025416360523493
185,0.08215100907728187,0.8165241107338909,0.050071810923849776,0.005122684976347426,0.04613038428863003
186,0.04363442163422816,0.8387283286088872,0.08892050020812951,0.00310732396190885,0.025609425586846396
187,0.07200779316110646,0.8301486166962743,0.056683967228040456,0.00529048765782529,0.0358691352567535
188,0.03485342519264229,0.7458030088731665,0.20170286120331388,0.0012646627949598791,0.01637604193591734
189,0.08437502245134726,0.8374820915673268,0.057683538534916166,0.0015528583099241526,0.018906489136485443
190,0.05479266107083489,0.6736106877002705,0.25687213441408074,0.004731116825849077,0.00999339998896478
191,0.03267853227676851,0.5771894144223296,0.37373919532878674,0.0010805264419298474,0.015312331530185191
192,0.023780807245118333,0.5378457237197347,0.4204208087423346,0.0012212856423153874,0.01673137465049691
193,0.028495687062593103,0.6730101686905897,0.25656345870734154,0.002452077250779522,0.039478608288695954
194,0.04529555598216324,0.626569613887835,0.3192886374400702,0.0006979145839001773,0.008148278106031363
195,0.009337548369227568,0.1997894996679644,0.7831679708695541,0.0032746224857433835,0.0044303586075104045
196,0.03618441053918809,0.3591749353524782,0.5725588259893152,0.0019564172010572596,0.030125410917961278
197,0.016008708370161842,0.26748449907706606,0.702973536718782,0.0020990194694154468,0.011434236364574643
198,0.011220572975626814,0.16313944024406762,0.8210045028690814,0.0003221194068730303,0.004313364504351042
199,0.010631116806691083,0.1996322831135986,0.7859844654590922,0.0009471826426184782,0.0028049519779998087
200,0.005339047037875599,0.11731621061212327,0.8714250628823001,0.0010875153628286409,0.004832164104872275
201,0.006013629853913214,0.08480562155104028,0.9068972473249873,0.00023394051453453634,0.0020495607555245814
202,0.005345616505857426,0.11253682502012553,0.8794656577966153,0.00022098076942754887,0.002430919907974248
203,0.008124820499237346,0.156625955918765,0.8308688107740659,0.00039073174922528756,0.003989681058706385
204,0.011196023548262754,0.3276996944706587,0.6437156496367858,0.0009136379637246701,0.01647499438056815
205,0.006602774526891366,0.2816031085205154,0.6988465684459993,0.0007623820623928217,0.012185166444201154
206,0.03379442303864551,0.5446893923546847,0.400077802752002,0.002448556148700523,0.018989825705967234
207,0.021301364276293137,0.5551873202204123,0.3987313821875955,0.0024220649155945553,0.022357868400104463
208,0.028427167735098666,0.5924440205044834,0.3321323743602989,0.014116488577191902,0.03287994882292695
209,0.1649345807656745,0.22457280188348333,0.015390600063393671,0.020758996715407697,0.5743430205720408
210,0.14423520176248947,0.5927454778534336,0.0021668503649918945,0.06777116451741594,0.19308130550166916
211,0.12567620262833865,0.27293557291810683,0.010609353020788442,0.0031057995028536873,0.5876730719299125
212,0.468083851435186,0.3616934919319125,0.002005129310236893,0.003714936943435899,0.1645025903792287
213,0.3592108389743355,0.5959589762564913,0.0017334711099148868,0.01818065803843029,0.024916055620827934
214,0.047090567261696456,0.9256840131612598,0.004079946995708073,0.005456576275288632,0.01768889630604724
215,0.051611081686701546,0.876639125106384,0.023552379616169447,0.009582715837630209,0.038614697753114824
216,0.07998792851701186,0.8157465335906996,0.004685707976414805,0.014263171532398878,0.08531665838347478
217,0.18447962037911153,0.6680790603514445,0.03523924985216218,0.009938425864381253,0.10226364355290066
218,0.09396259738293133,0.7960686773139399,0.05859243879653262,0.00468375130736708,0.046692535199229154
219,0.06761561728493036,0.812460111908996,0.05779465058315021,0.004164598036421903,0.057965022186501486
220,0.06731261501601593,0.8241659216333188,0.07384354559054605,0.00348371805526395,0.031194199704855166
221,0.052428326579489024,0.8392196214443641,0.07986708656395002,0.0026438062904801654,0.02584115912171658
222,0.0449370825083295,0.7807346030206417,0.16006251433564067,0.0010498803233138748,0.013215919812074296
223,0.08417377751153723,0.6432287619128921,0.25988894089708703,0.00222484669274439,0.010483672985739137
224,0.04632139532399902,0.8136085401208732,0.11271278808526979,0.0029376043415692576,0.024419672128288546
225,0.2975043085174846,0.4689546819636117,0.019848047033419584,0.007940754942910492,0.20575220754257367
226,0.3543662520698423,0.48367406687390146,0.0341789293488859,0.007084439166313487,0.12069631254105695
227,0.09829695988171125,0.8292565931759734,0.05043867745520295,0.0009161901591953393,0.021091579327916887
228,0.06938279655052676,0.8435021856478545,0.07161098941177531,0.0022057633522132507,0.013298265037630059
229,0.21978900393025488,0.6734437292912093,0.03439882270192301,0.01710048985958474,0.05526795421702807
230,0.12985799408314183,0.7494040551160818,0.027109230848243845,0.032257973724521535,0.06137074622801107
231,0.062374372508316234,0.758004846807346,0.08824450222988421,0.060822835146709525,0.030553443307744094
232,0.17502561233945357,0.7091479850971643,0.009108616788247637,0.056376472121950974,0.05034131365318353
233,0.15198251374257143,0.5929771881710068,0.012814080510993451,0.0880297851045989,0.15419643247082934
234,0.3651296218135282,0.23464975621454692,0.00033114617998413224,0.3817955518561483,0.018093923935792438
235,0.27173653050055796,0.16096746207978577,0.0009702260036970001,0.2191073127496204,0.3472184686663389
236,0.39530278839417476,0.24079706683910382,0.0013188317681116595,0.10321041728902519,0.2593708957095845
237,0.11718674571936467,0.06473260671109676,0.0008751101644783009,0.05127417089382316,0.7659313665112372
238,0.014106691209915456,0.006814226736919617,0.0007869035521871905,0.004929082671730518,0.9733630958292473
239,0.01023853233302127,0.006926871043389215,0.0013087075163161087,0.0022281826818844916,0.9792977064253889
240,0.002442370003580357,0.0014216485928946491,0.0007644300745840629,0.0006873416571146966,0.9946842096718262
241,0.023479833689099592,0.0034204378931252076,7.027602051381317e-05,0.0009324458979520529,0.9720970064993094
242,0.02889731590990985,0.007447698027231723,0.00018128872668526116,0.001506919525321254,0.9619667778108518
243,0.03540741931447306,0.005439806208932481,0.00012132388905846811,0.004058272877593933,0.954973177709942
244,0.0226004055241628,0.007704893924420033,4.155000983266358e-05,0.008821523855083085,0.9608316266865015
245,0.420558357282061,0.033650024110156836,0.00015246785435218236,0.06447773587644658,0.48116141487698344
246,0.018092905802082133,0.027040361864229256,0.0013781404066625993,0.009683211257317952,0.943805380669708
247,0.044135454111483174,0.012714051528927591,0.0004099078691599243,0.02359706561562475,0.9191435208748046
248,0.2824345091202711,0.07711623562956123,0.00041434429958066564,0.5121359967393492,0.1278989142112378
249,0.25298544287008873,0.07057521347797317,0.0005758395235930267,0.45922296947641267,0.21664053465193234
250,0.2186119132195192,0.22030061577137686,0.0007978251176392622,0.18865825413649412,0.3716313917549706
251,0.31305775580273926,0.3215035931426402,0.002610599184363423,0.06399691080643363,0.2988311410638236
252,0.21876240001274205,0.5732447831513655,0.0015354299211827662,0.11661692327298853,0.08984046364172107
253,0.257006552659777,0.601787120054252,0.0013317623059180526,0.07440683046231909,0.06546773451773381
254,0.2564741850409867,0.512185397080806,0.008646925944431312,0.03455638134279391,0.18813711059098193
255,0.15027206153777958,0.6000481269480037,0.007188641990685893,0.052615191456011956,0.18987597806751882
256,0.1177436316015136,0.7238370817237539,0.012834799587772634,0.04433184072294574,0.10125264636401396
257,0.1295458049102166,0.40067364633508784,0.006947757519202475,0.03918853823442652,0.4236442530010666
258,0.09695942318391972,0.09618420265398653,0.004190011831702896,0.02088856743319191,0.7817777948971989
259,0.06537171443905324,0.08429650698020125,0.002325484970040058,0.01082931857387368,0.8371769750368319
260,0.21016686178010457,0.1299383213480568,0.009976519671760019,0.037197247875025166,0.6127210493250534
261,0.14034655915451313,0.05958481018859236,0.0032190791154078106,0.01494691459232995,0.7819026369491567
262,0.33926655131650074,0.2659272332784951,0.005144113620492368,0.024175046019198638,0.3654870557653132
263,0.09819503681129779,0.06319894254199301,0.0030286814848715605,0.005209040104077937,0.8303682990577598
264,0.4590317920564239,0.2630013069557192,0.008870797096455555,0.009295516469066917,0.2598005874223345
265,0.37627327387719256,0.42648331225390296,0.009225563926511757,0.012042645094379646,0.17597520484801307
266,0.2959262350349556,0.6048399755565688,0.015608645340342201,0.013612774785258918,0.07001236928287459
267,0.1343033778394092,0.737987343879375,0.03333953140484089,0.02807115258424339,0.06629859429213163
268,0.0697040370631127,0.8735494974753727,0.03231680237171654,0.010144825507486993,0.014284837582310876
269,0.12401006656807428,0.7673806256586552,0.03788125778640154,0.01577026107465606,0.05495778891221282
270,0.14833596511658798,0.7244443244145817,0.016049382070982533,0.029847417365463397,0.08132291103238436
271,0.05456396354816506,0.8855289182512003,0.021214726776015262,0.02929114522794917,0.009401246196670068
272,0.029425674421881525,0.9047591317402013,0.035553490855935094,0.021404668633137086,0.008857034348845124
273,0.05741632543236404,0.8748430373588917,0.011272049824447287,0.040607844355800754,0.015860743028496254
274,0.08758573747928194,0.837299441314053,0.006298856962979658,0.041996223780239574,0.02681974046344586
275,0.07182945296787559,0.7680466508119692,0.11784088413385992,0.026839501923614287,0.015443510162680958
276,0.05288081260025744,0.8214517466140698,0.047402200508486377,0.027792558991138076,0.05047268128604827
277,0.1632895281032775,0.4576177684271041,0.030454757101297462,0.017589861477821586,0.33104808489049936
278,0.4923158986460456,0.38752190303670425,0.00397061476442925,0.04430320175609999,0.0718883817967209
279,0.19316241719319543,0.7254091970770571,0.02809041372089893,0.009045899552664455,0.044292072456184196
280,0.0781138170111186,0.8540365433063891,0.050813484743434854,0.003115893793309574,0.013920261145748066
281,0.04091430764490053,0.8163637192765194,0.11275895929610623,0.002404308443518048,0.02755870533895593
282,0.044440114780534036,0.7957306830776468,0.1103224576496527,0.010734058978994756,0.03877268551317182
283,0.03630379761603878,0.796671078332978,0.1512884175109845,0.0032030431249427727,0.012533663415055815
284,0.05605451063648593,0.7161631639415723,0.20217020733095661,0.005156798425210888,0.02045531966577432
285,0.034365647938650615,0.6856608316064733,0.25691734778883113,0.0025331408180062904,0.020523031848038813
286,0.1590861389921791,0.6492148871566465,0.058983624423543254,0.00811594979186237,0.12459939963576858
287,0.2442642262135248,0.7059375032131476,0.01881838392664108,0.004919570734047543,0.026060315912638937
288,0.05383082167109579,0.8324642731589318,0.09356205062310909,0.003081550276734267,0.017061304270129096
289,0.04947059427754417,0.8476755879827716,0.09297749435274641,0.000861467450210703,0.009014855936727035
290,0.04039465144386393,0.7961135079095634,0.15490156581377584,0.0020774365393600356,0.0065128382934368486
291,0.01971925588643742,0.6845398701651203,0.2530955323637361,0.003259067326597313,0.039386274258108776
292,0.03916649963297934,0.5172866877068607,0.42404244491006193,0.003880153892220813,0.015624213857877298
293,0.19349214906860251,0.6197508470433697,0.07852984132286095,0.02707253383752928,0.08115462872763753
294,0.2327879341195117,0.6260867748645969,0.03411332626485661,0.017425379721387906,0.0895865850296469
295,0.06734709889417742,0.7921579766944771,0.11601123694812365,0.004581323366726489,0.019902364096495265
296,0.041837570020171154,0.7263376588882815,0.22034754478612253,0.0030823368527169714,0.008394889452707817
297,0.2041363059403852,0.5640834169138071,0.07638738431427176,0.01008387215720733,0.14530902067432863
298,0.049351867849390954,0.15162929032520842,0.00787999807370323,0.0034271907824946837,0.7877116529692028
299,0.2943251561177101,0.4121103351922091,0.04403925428182368,0.018830897896204315,0.23069435651205278
300,0.2535637823100048,0.4962683477836199,0.013105938029964579,0.004164317271983312,0.23289761460442726
301,0.25010533536523505,0.6178330146107903,0.047308301681181816,0.003007491754950104,0.08174585658784261
302,0.1421869307688001,0.756946698075717,0.03560486226591232,0.003946957281617637,0.06131455160795289
303,0.12670155915587097,0.7551820337345156,0.047314565231140186,0.009540502368632417,0.061261339509840966
304,0.11247251219106064,0.7698297620221278,0.038745375203401704,0.008644273077179453,0.07030807750623046
305,0.1610377552846529,0.7670678833991201,0.028957092572231703,0.004885392344884377,0.038051876399111076
306,0.14510870083957236,0.7713048308229102,0.056122086634252416,0.005991560494148817,0.02147282120911622
307,0.04020061153092989,0.8386379548983833,0.09725186146477878,0.006741069271312671,0.017168502834595187
308,0.0315207963536434,0.7079953761674598,0.24374783824256543,0.0022392004975819104,0.014496788738749584
309,0.0374126204888806,0.8029137759814194,0.14308244033875983,0.0029113146105003867,0.013679848580439821
310,0.055790396105185575,0.7856631157029206,0.1413977650881241,0.0026054559165353593,0.014543267187234369
311,0.039708910313962974,0.8646321380554954,0.0852089720196678,0.002988591684275716,0.007461387926598054
312,0.019341188022643674,0.7504902744337334,0.21717681325314625,0.0017788929097276493,0.011212831380749091
313,0.08612580424292797,0.6480047287134634,0.2269768432633639,0.006658802095993709,0.03223382168425116
314,0.03631804475523544,0.5952118500135948,0.35252031167787257,0.005090230384275388,0.010859563169021872
315,0.03284953349912295,0.6524127948900231,0.30285671191436925,0.004372174701571626,0.00750878499491317
316,0.020349618019779442,0.5383083992884249,0.42324024277992567,0.006863413486550288,0.011238326425319582
317,0.030187871679470922,0.6506814101506873,0.2993019021654987,0.007223294700579153,0.012605521303764106
318,0.019407147337826013,0.5930361897916117,0.3497201506767787,0.022661558867971252,0.015174953325812285
319,0.011919019361900663,0.6912356442716358,0.24237668181548155,0.044154641822117195,0.010314012728864912
320,0.03065882284795993,0.6570386272787924,0.22756598262058156,0.07098148618910663,0.013755081063559441
321,0.026754726542888733,0.7464807545988187,0.051396545817844044,0.15695966344451542,0.018408309595933054
322,0.050483028155235816,0.3196837893529607,0.04268690385360378,0.05784434222241936,0.5293019364157804
323,0.16178185839485676,0.5329902475005939,0.0031008980878326794,0.20907601872978504,0.09305097728693178
324,0.21378361542699417,0.601568127273578,0.0022415738169910522,0.14095971835928395,0.04144696512315287
325,0.38732556067307267,0.5391495475508983,0.0010688137220909767,0.04439617113587172,0.028059906918066462
326,0.3168194977020639,0.6213150466655626,0.0042520172585993835,0.026693306962186233,0.030920131411588024
327,0.04330610322499499,0.913134323145204,0.02043231608234803,0.010772495409752506,0.012354762137700412
328,0.03641245337435433,0.8850598564932314,0.03690124897306824,0.010096574016101374,0.031529867143244905
329,0.03442074258771519,0.9017043384486374,0.023802910660591668,0.028822540357487603,0.011249467945568137
330,0.014974096648305301,0.9241921535936496,0.03190938105536938,0.01178670511723441,0.017137663585441304
331,0.022213996299625827,0.8487976598470457,0.10381432376510169,0.005482409740371529,0.019691610347855257
332,0.02728687371071373,0.85808304324413,0.09798338268970179,0.0038461006669695845,0.01280059968848492
333,0.014811611558852415,0.899018060861489,0.06532780471107537,0.009895531958170346,0.010946990910412848
334,0.0396577256518436,0.8372430312540373,0.09768974351109547,0.011002902315990716,0.014406597267032929
335,0.09172321754092118,0.7858736705808287,0.07335268339346893,0.013897102166036669,0.035153326318744446
336,0.29326538161640314,0.5382260024444823,0.007667174349813904,0.020876701147808752,0.13996474044149185
337,0.16456172150414874,0.7702470471097288,0.01941244887374654,0.010786544295646874,0.0349922382167291
338,0.15150023509931773,0.7983917426997489,0.021971061648925982,0.00507355653134697,0.02306340402066032
339,0.15461777393415543,0.8027173112218581,0.01591547685827111,0.005217208052708598,0.021532229933006856
340,0.07273488474235816,0.864772070307982,0.03913083624223222,0.008498830019468334,0.01486337868795924
341,0.19796400816228793,0.719089688255083,0.03000167855039083,0.014308077326730268,0.03863654770550787
342,0.05615330962076824,0.8997071312134574,0.02470206361393857,0.005323239165591692,0.014114256386243952
343,0.040656876192132076,0.8638424143415454,0.08778957547336554,0.0019852623154871327,0.0057258716774697595
344,0.05446290001950759,0.7512524685834223,0.17839842128061825,0.006308713394630494,0.009577496721821526
345,0.34945490816059527,0.38935027166288644,0.03060482435591468,0.019245332509949253,0.2113446633106544
346,0.20128630934854744,0.6812689679993376,0.03859587748070237,0.019786766388505572,0.05906207878290691
347,0.10730564838312519,0.8298941416429584,0.048235606316179395,0.0033937479161458327,0.011170855741591242
348,0.1713253691128809,0.7779124387643002,0.024532150248273106,0.0046722691051397595,0.021557772769406205
349,0.07013749289019615,0.8745554769481273,0.02031272181448871,0.012091247658259597,0.022903060688928223
350,0.06679045594501608,0.8217207291832219,0.0643965140105641,0.012839975945477625,0.03425232491572022
351,0.06845880351835017,0.8529799847937188,0.017795302888876707,0.04197476479547279,0.0187911440035816
352,0.058058198816352054,0.8261008400930107,0.08427355250112967,0.024934514738405474,0.006632893851102032
353,0.07910993126416001,0.8149928069544559,0.061357115872900485,0.019089778107786497,0.02545036780069699
354,0.22394775811066808,0.5263856207490487,0.013070618939359386,0.030796832667380848,0.20579916953354305
355,0.16335462639686063,0.744045035068792,0.013347775357794835,0.02191358358384795,0.05733897959270449
356,0.17894875709241456,0.744083048229656,0.005934051924624435,0.022534961281551795,0.04849918147175329
357,0.0737922191867192,0.8603305371471883,0.026610656613458277,0.007435142763614896,0.031831444289018976
358,0.10072530896588935,0.8415084062006118,0.044757982851096556,0.0034951634731690624,0.009513138509232993
359,0.04195555506383257,0.7938757533418829,0.1489084951653337,0.0018724306480482897,0.01338776578090249
360,0.03805767931323244,0.7474996638677232,0.203819453436587,0.0015827580250807511,0.009040445357376574
361,0.12076364675935294,0.6829091224753983,0.09404923058647083,0.013826907734730162,0.08845109244404764
362,0.07778128850277044,0.8203438114305074,0.07193321128573041,0.011094043953854582,0.01884764482713707
363,0.027800726852119425,0.6434276611591904,0.29061300736834245,0.02388479999847957,0.014273804621868256
364,0.05854744222913292,0.6695537874670826,0.11817688218463884,0.11016525697151444,0.04355663114763133
365,0.009235421053914273,0.3349215800928941,0.604363073783624,0.045694233602446954,0.005785691467120903
366,0.009917903841868306,0.7546610944629109,0.042475242674263745,0.18874532212793654,0.004200436893020633
367,0.06750530051899135,0.393559075716933,0.026970611170073957,0.3950734439377867,0.11689156865621492
368,0.0714781076707902,0.1915444166652694,0.0002771655069538378,0.716782376247005,0.0199179339099814
369,0.07653686736819805,0.21741955799036317,0.0005578402187429996,0.5673375225149722,0.13814821190772372
370,0.08095032139985815,0.140921476603679,0.00011037805983186253,0.7309261969147092,0.04709162702192179
371,0.12360399981537266,0.12354306980857183,0.0002395679193534962,0.7231278031914169,0.02948555926528512
372,0.08773262551085241,0.10597614665402849,8.770011043251116e-05,0.7859849222462961,0.020218605478390494
373,0.10891754507225607,0.09311537744046462,2.028285949805042e-05,0.758017200974025,0.03992959365375625
374,0.1457488771877677,0.1307549118914393,0.00011646416547079068,0.6421016545350523,0.08127809222026985
375,0.1402569376924608,0.10421476703081817,5.7957407076533676e-05,0.6871424921449659,0.06832784572467865
376,0.0839872253114289,0.14987762266928348,0.00039762287259644555,0.253850157519507,0.5118873716271841
377,0.11987991747934112,0.08959081502710088,0.0003279626112248012,0.08789602312468978,0.7023052817576434
378,0.10123220375030072,0.1320122782155915,0.00035416542241441885,0.3044704263578933,0.46193092625380017
379,0.05985440006862093,0.08565576680948345,0.0004543488204242076,0.05795494725095728,0.7960805370505141
380,0.19679159632355506,0.0528380873322664,0.00024375388609595194,0.3168070512287552,0.4333195112293273
