epoch,N1,N2,N3,R,W
0,0.0017876025511640596,0.0006036407350215481,1.469345420167451e-05,3.8852852515894596e-05,0.9975552104070967
1,0.07477547647828568,0.01779232524589806,2.3509932140839527e-05,0.001333275195125476,0.9060754131485499
2,0.019445394155030903,0.008215166836366606,1.1125805558542333e-05,0.0010925448233039406,0.97123576837974
3,0.008397747454903614,0.014390187664626181,0.00029498995453444785,8.429449540014703e-05,0.9768327804305357
4,0.0036723946169303027,0.003309705609638366,1.7456763354653038e-05,0.00020337775102523988,0.9927970652590514
5,0.03117896106655838,0.011582994207871627,3.083269243991638e-05,0.0035694270344841387,0.9536377849986459
6,0.005118656523279308,0.002155566473931445,1.4873421021155466e-05,0.000932431020416961,0.9917784725613511
7,0.007927040415339192,0.008800463011199739,8.787200095549243e-05,0.0002449840668945053,0.9829396405056111
8,0.0033014805274851106,0.0011276504714018965,9.216033650784265e-06,0.000150416295944528,0.9954112366715177
9,0.000966340433978359,0.00045772600250095315,7.417595587454546e-05,4.173824034474133e-05,0.9984600193673014
10,0.00028820554546850655,0.00029397245936667885,0.0002637945260729908,1.4094116426004247e-05,0.9991399333526659
11,0.021290168098157383,0.0013484324633299544,1.8776072615296298e-05,0.001826090400215654,0.9755165329656817
12,0.024632825427062636,0.0011896806584760211,2.8078136261902367e-05,0.0013869706115632605,0.9727624451666362
13,0.004392467391113662,0.0029088410042814408,3.922659555664821e-05,0.0007730405095671768,0.9918864244994811
14,0.00503934215823185,0.0015804499617876205,2.427309901567538e-05,0.0007345774092826033,0.9926213573716822
15,0.01616371534718866,0.0020599496617637572,2.3589081707799784e-05,0.0038515407975236397,0.9779012051118162
16,0.038505893219902894,0.0014234857216653134,5.274416761868183e-06,0.0025923977515699024,0.9574729488901002
17,0.06332586345339407,0.0011355519918554936,1.220516147819043e-05,0.0006469399877237613,0.9348794394055485
18,0.18486681516350162,0.0048962681140813395,9.773286827746832e-06,0.001475807762861751,0.8087513356727275
19,0.5585643961057791,0.0484354316498185,4.340959225066646e-05,0.005267716132139573,0.3876890465200121
20,0.604788645690998,0.34370348998258715,0.0003092050904489764,0.005290404948831545,0.04590825428713428
21,0.1373253922499428,0.8313967949612453,0.001239663984061636,0.002143923234014496,0.027894225570735762
22,0.30242634250654965,0.5905223079919631,0.00039985990357356153,0.02125218271688181,0.08539930688103176
23,0.09728309851563986,0.8731276360866848,0.0039532430477722934,0.010941875462475204,0.014694146887427937
24,0.03781800601647825,0.9424897657360887,0.01004150663565233,0.0038947532594825795,0.005755968352298261
25,0.007430738923523712,0.9220540941368073,0.0666433206997063,0.0006837246882868263,0.003188121551676068
26,0.03347857631685126,0.9398530631759436,0.0059667352616990495,0.0070942374279070325,0.013607387817599027
27,0.017916238959938352,0.9382723778029615,0.035495868438953714,0.002224475389524146,0.006091039408622266
28,0.01590344455753385,0.9649891000830583,0.011052010562510314,0.0021558497313236414,0.005899595065573889
29,0.010234299526072872,0.960738489534754,0.023194673243457465,0.0006135680610401292,0.005218969634675625
30,0.0020385518085313664,0.7792337587755469,0.21643745414380197,0.0003246812831037083,0.0019655539890161117
31,0.00904789415124081,0.9778160337986813,0.005568131351007158,0.0006324633446991155,0.006935477354371512
32,0.01659090825082454,0.9642501205408852,0.010121527960972326,0.0013401602453624207,0.007697283001955651
33,0.002178517017816665,0.9620350401905741,0.033796471569205726,0.00046595215769306444,0.0015240190647103577
34,0.005407494605276027,0.9400054737827687,0.05174770594118492,0.0010659011397203112,0.001773424531050235
35,0.00324538355050237,0.9254700985079141,0.06947084511453805,0.0006576012782140148,0.0011560715488314935
36,0.0042185532701565776,0.9646460172063502,0.025825358659509693,0.0011195974210342146,0.0041904734429491185
37,0.004508470778851286,0.8044455450657907,0.18611837287427097,0.0016715531737834185,0.003256058107303725
38,0.021683216026238718,0.050523766835771845,0.00010249375844001927,0.0025204712943923866,0.9251700520851571
39,0.0680957476476094,0.17131928902448465,0.0017065606623513354,0.0021722075528667895,0.7567061951126879
40,0.19788929684506826,0.7013252398577677,0.00047546982803153755,0.03899381291442045,0.06131618055471205
41,0.23138377755155354,0.7284517410847727,0.00019826010143201832,0.00578584436759042,0.03418037689465114
42,0.09345978980269697,0.8569845391140085,0.0013881951484081695,0.02789879971210287,0.020268676222783263
43,0.08793974163273037,0.8243719727848248,0.00015912672914359538,0.008057995354740645,0.07947116349856079
44,0.13452859343983506,0.7936339542791603,0.0010346980581501738,0.018030045562574815,0.05277270866027973
45,0.045871899275373836,0.908646356743862,0.001094949655341318,0.018204053670929615,0.026182740654493292
46,0.04057919270553819,0.9361262316633244,0.001159944717497576,0.007538730773567615,0.014595900140072079
47,0.024601132612779415,0.9486937894330583,0.0009936280031819027,0.014150716052009918,0.011560733898970575
48,0.01107404085505775,0.9649511284153682,0.007736450658983554,0.0076775211865253426,0.008560858884065001
49,0.00667232486012902,0.9765517998714246,0.0037541165802877485,0.008246338359916379,0.00477542032824215
50,0.01702366463671992,0.9475463157999842,0.028541854135866712,0.0020375747050068583,0.004850590722422261
51,0.25992206648803673,0.4212211441899335,0.0020597712873537573,0.012658663405935494,0.30413835462874045
52,0.40179501334437173,0.29264160210796963,0.0017214711899864094,0.00077488623222231,0.3030670271254498
53,0.15583449234651267,0.8272450641517245,0.006303092165384129,5.5936591850858695e-05,0.01056141474452792
54,0.1113049632619549,0.8616099170395191,0.017278744677514144,2.53478064959653e-05,0.00978102721451588
55,0.036871488408478495,0.9241155637841627,0.03519285101546556,0.0001770440992282407,0.0036430526926650793
56,0.013240341799753518,0.9373708224030777,0.04343477765482834,0.0005301024343181179,0.005423955708022549
57,0.13644520139912644,0.29012459600845303,0.17520469185849513,0.0013292001033994093,0.39689631063052594
58,0.03215631480051121,0.9036315048638414,0.051563487182618696,0.0008513995009115279,0.011797293652117328
59,0.04043419933957209,0.8986886752364787,0.043329399355179224,0.0006914542572572156,0.016856271811512776
60,0.01817457665733972,0.8571001162105059,0.11327911845598519,0.0004704452669571939,0.010975743409211853
61,0.007346833701223767,0.8995736712910707,0.08905246200731759,0.00015883324406250435,0.0038681997563253683
62,0.002870770074284332,0.7655660434017787,0.22961855804008904,6.385791379023498e-05,0.0018807705700575913
63,0.003144564166763058,0.8377861979614718,0.15707754628866744,8.039440824742061e-05,0.001911297174850106
64,0.0021298262973099744,0.8733106908298024,0.12236930994590547,0.00013377780595802058,0.0020563951210242648
65,0.0009736802214882683,0.6821000686544969,0.31563058741250194,0.00010560603148649968,0.0011900576800262363
66,0.00396368888539095,0.8071595436795632,0.18625545864376356,0.0006209312738398444,0.0020003775174422247
67,0.002440166530608047,0.7973359013521097,0.1976963271968972,0.0006234127616668375,0.001904192158718235
68,0.0036365627433869786,0.8961906925205048,0.08606286021636594,0.011339709228904316,0.002770175290838041
69,0.013204420720813397,0.07271207255375609,0.12120905883785038,0.003472404094150862,0.7894020437934294
70,0.016229795837556984,0.016047540411709197,0.00037559282248403835,0.001464353786614811,0.9658827171416351
71,0.031248823716518076,0.01711581951250979,0.00012079214100754115,0.004509279069043178,0.9470052855609215
72,0.14865307693876856,0.012665226389308386,8.635057840743376e-05,0.024300764039381733,0.814294582054134
73,0.086132801638581,0.01077078205032381,2.7842875474659983e-05,0.003485727103176689,0.8995828463324438
74,0.6684126670688296,0.022696631676444503,7.125745478688598e-05,0.026541447034500065,0.2822779967654389
75,0.7259327541274667,0.02027795687980584,5.752540770936092e-05,0.006902213229493926,0.24682955035552429
76,0.5981178001193748,0.14583530628321634,7.766934672610039e-05,0.07922612395010435,0.1767431003005784
77,0.38993014565445305,0.34150922331107647,0.00043564453665066955,0.21147247523004736,0.05665251126777252
78,0.4306578865905809,0.21990682328808686,0.0003690204641877739,0.21785057417424342,0.13121569548290088
79,0.2684342243668237,0.4426480653026466,0.0012254483167436683,0.24515939784362223,0.042532864170163755
80,0.3635271019259475,0.359171422796163,0.0007739153423103808,0.23828090401110247,0.03824665592447661
81,0.18707975782843456,0.7472139742073715,0.0010021474062373765,0.05145707380569068,0.013247046752265923
82,0.12471031018494659,0.8381374426391962,0.0013063171306892775,0.02735204054472969,0.008493889500438171
83,0.10364166686170839,0.880967253357472,0.002356071693408838,0.006489140902355652,0.006545867185055304
84,0.019462535018727897,0.9667300208829512,0.010193721006053865,0.001006526736979416,0.0026071963552877363
85,0.01232442301798111,0.9700609994376165,0.015122309550229935,0.0010196518091298609,0.0014726161850425917
86,0.0060764862835474475,0.9474325127704983,0.043957832872603374,0.000899050840713059,0.0016341172326376225
87,0.006229466940275948,0.9492975414122623,0.041759882901931916,0.0007851644830956136,0.00192794426243393
88,0.0048561656994892555,0.9736997141363891,0.019186200750789285,0.0005351725077773508,0.0017227469055552092
89,0.004137714098556529,0.9131239814705798,0.07964558238137899,0.0006601331029382859,0.002432588946546291
90,0.008889345091340992,0.9644742339153641,0.023266442686201406,0.0009004710925569875,0.002469507214536436
91,0.009787648774710434,0.9312797189062834,0.0540234811133241,0.0012296978539331038,0.003679453351748916
92,0.008248692741541629,0.8780915489951852,0.11014161831148761,0.0007653506218703774,0.0027527893299151987
93,0.007081701559222354,0.9317032719638056,0.057375921726490656,0.0010346731220559483,0.0028044316284251873
94,0.00348010911779665,0.7104034535613841,0.2823550871508494,0.0008797936092383089,0.0028815565607315605
95,0.010712875022876562,0.8473210126450804,0.13316917197497413,0.0009148598136735389,0.007882080543395398
96,0.05480388538322587,0.7653921203679993,0.07967555423989571,0.0010207529985872695,0.09910768701029178
97,0.16252151194705983,0.644665504580507,0.0666066983233728,0.0007618931406186112,0.12544439200844182
98,0.01027457872601186,0.8752645091948291,0.11077978033511268,0.00021869463456830368,0.0034624371094781345
99,0.020665977001630025,0.7800184194555775,0.1964368873133805,0.00034028919601076374,0.0025384270334012815
100,0.0046198036736318955,0.7881879321804889,0.2050951501258049,0.0002742188533990616,0.0018228951666754195
101,0.0015275250479356221,0.596828478000273,0.4003352827010073,0.00030632012855796284,0.001002394122226009
102,0.002801405324611872,0.7525994255839756,0.2423088304376733,0.0005446528978357032,0.0017456857559035176
103,0.0010005730881753438,0.5549372278577028,0.442993338785254,0.000183141158687572,0.0008857191101802144
104,0.0011702878567319023,0.6565357990423303,0.34135066867674685,0.0001235662367339289,0.000819678187456951
105,0.0009993353318566765,0.5432586039972953,0.4546287664382973,0.00015123495929518125,0.0009620592732556152
106,0.0005607977666531249,0.5474730535317713,0.4506446316952479,0.00017329627411210983,0.00114822073221547
107,0.0009339556514153688,0.4879336349464624,0.5098520317230182,0.00021380489448370442,0.0010665727846203691
108,0.005272720219916375,0.7409820034470753,0.2516398200759062,0.0003719830284367205,0.001733473228665554
109,0.001615982204491134,0.4047460149353327,0.5911641681242382,0.000184727171260268,0.0022891075646777476
110,0.00578793363542947,0.8053044985527348,0.18510514320535493,0.000796326211730832,0.003006098394749857
111,0.003445873543754627,0.8076932823223865,0.18606268764514028,0.0007371350213150528,0.0020610214674035934
112,0.006002067723242768,0.7142279695234864,0.27527177629668587,0.001168235175691396,0.003329951280893465
113,0.004721799241386203,0.8108547971671473,0.17971269555703567,0.0019490842954404722,0.0027616237389904816
114,0.004190215628869578,0.3684807340195383,0.62467857005131,0.00134682565437833,0.001303654645903657
115,0.053914692981747434,0.8734580545500746,0.035242873953727445,0.02546026180051586,0.011924116713934696
116,0.11319193465891873,0.78515111418177,0.00477264850664456,0.05727565525749987,0.03960864739516685
117,0.06300405682825705,0.8963742834202068,0.0022257837586074644,0.025536642406031325,0.012859233586897192
118,0.0974106563507333,0.8651907090564763,0.0020488215634660873,0.00579640590414079,0.029553407125183506
119,0.49569206193671006,0.30240588654838124,0.0003350651767803477,0.030651340729607037,0.17091564560852138
120,0.030384914256658888,0.9509896968736865,0.0020620377884058385,0.0141521116092603,0.0024112394719885224
121,0.14903350552055952,0.7386043184822713,0.0010715335958662905,0.08930534942345005,0.021985292977853007
122,0.03642907099576508,0.925963600314251,0.0010700642885174293,0.03348576375902964,0.003051500642437038
123,0.0780863473298883,0.7347211639282375,0.0014295616075169434,0.17430463640001964,0.011458290734337625
124,0.08071359832020499,0.8199583851394214,0.001095432588014931,0.09357915961330149,0.004653424339057269
125,0.10336906735041307,0.8564550654940547,0.0017662353058338302,0.027245201349098587,0.011164430500599816
126,0.11488996153551025,0.8533462621804652,0.001326579964543228,0.013763529720556052,0.016673666598925198
127,0.0404222352820441,0.9451891351134318,0.0029434971459346474,0.007957863162127357,0.0034872692964620306
128,0.024900986541786758,0.9655318150569395,0.0025843497735246828,0.004730636446718745,0.0022522121810303213
129,0.023636005161957855,0.9689366529524905,0.0023060293880105285,0.003641215942771717,0.0014800965547695953
130,0.008805921748600778,0.9757911966876757,0.011207757255822754,0.0032427916592590055,0.0009523326486417453
131,0.008311052759382855,0.9476278220197476,0.03729179737920318,0.00489078941979584,0.0018785384218704669
132,0.013771299158858899,0.9654427938989244,0.012689604657860804,0.006394200374849883,0.0017021019095060544
133,0.004113977549161062,0.97168377134171,0.018879016440211224,0.004175085648089705,0.0011481490208279804
134,0.017155552946474917,0.9609840652083401,0.014191715737133357,0.00394663374650962,0.0037220323615418708
135,0.03375699173019569,0.9360692989814304,0.009160406075303317,0.015600096380428223,0.005413206832642483
136,0.003316581780457718,0.946298206963323,0.042977776702798176,0.0063302339038572115,0.001077200649563844
137,0.04352555766622895,0.8671176322952662,0.012236798406079252,0.07064860555815461,0.0064714060742712045
138,0.1608167955550866,0.330926187479808,0.0007003356169361037,0.48537240343945254,0.022184277908716805
139,0.036147276581751674,0.47562777743501605,0.0025420823261145505,0.48217889288892934,0.003503970768188196
140,0.2464037764558703,0.4077306102144896,0.0007421275771891024,0.27559757398488294,0.06952591176756807
141,0.1437546373297413,0.5888526779732052,0.00044513850249626685,0.25554447703122823,0.011403069163329093
142,0.2192049250569888,0.29098635385699806,0.0002327374531981786,0.46249612551789043,0.027079858114924544
143,0.09334535992724696,0.7807380199527081,0.0005291336362799949,0.11893012270181542,0.006457363781949481
144,0.1733350207341879,0.35356692305185783,0.00012148749428995449,0.41090632187050463,0.062070246849159516
145,0.16093674244871103,0.5226065610972461,0.0002943528593443865,0.30137442610771165,0.014787917486986732
146,0.09574713056105535,0.5219899957584947,0.0003759261295038656,0.37576859221097136,0.006118355339974669
147,0.16157040309009899,0.40278882937602156,0.00019733565476826793,0.4179964686503186,0.01744696322879261
148,0.16754574677628437,0.39762106916968964,0.0002679264012766334,0.4178120900181359,0.016753167634613573
149,0.13833397661447444,0.2839660004286024,0.00020060348028987462,0.5605474958647583,0.016951923611875124
150,0.18294732533599636,0.48418142057713576,0.0005440240086406769,0.31886427238464876,0.01346295769357845
151,0.05362109821328781,0.5322673100733396,0.0009108284422167613,0.4081454933196042,0.005055269951551577
152,0.09668220887092376,0.23614614538756998,0.00015922986406588497,0.6529907292071792,0.014021686670261175
153,0.18041693853196414,0.36062923597282365,0.00022628301892776176,0.3904809877123632,0.0682465547639211
154,0.20178313692039127,0.2635864807631866,0.00022334826888507412,0.4972714951565516,0.03713553889098543
155,0.15977184888827808,0.09833360666439644,9.590726036087812e-05,0.7015321722440794,0.04026646494288519
156,0.192787778491667,0.11376842715437921,6.949100081601058e-05,0.6428572928240278,0.05051701052910993
157,0.15221489189249615,0.0701463025129923,5.5921070631224396e-05,0.7333495275707724,0.044233356953108
158,0.27915809983489215,0.07581087741977685,6.244402908765336e-05,0.3454338054999589,0.29953477321628447
159,0.11597229628091442,0.13844284167424462,0.00016759181609323414,0.2524303326934645,0.49298693753528333
160,0.21509714949675315,0.09085606218494864,5.8353649384803657e-05,0.5663767129112192,0.1276117217576941
161,0.1612696256633605,0.158902032939098,7.299430224819712e-05,0.5799057491381333,0.09984959795716
162,0.14481272476769638,0.11829078328099692,0.0001013996535934041,0.6220918697080435,0.11470322258966978
163,0.16649522236544242,0.1119142047117997,8.486886272175015e-05,0.6808454778585977,0.04066022620143842
164,0.25483275491158575,0.14283043849750232,0.00010886235292291485,0.5174339494268979,0.08479399481109098
165,0.13261197185524481,0.15381362483043265,9.615066088245355e-05,0.6661265143334258,0.04735173832001422
166,0.2299191643105791,0.1096331620819157,0.00022268623529876077,0.5553437227294359,0.10488126464277048
167,0.20652214259975848,0.08208838914869114,9.947449356762295e-05,0.6476235226201336,0.06366647113784932
168,0.10050055867911678,0.0784838757264973,0.00022353009465786433,0.8014388003353309,0.0193532351643971
169,0.12304455954126746,0.10279433232360458,0.0002113385930120396,0.6793271238734907,0.09462264566862523
170,0.11595867819980275,0.07692107988243913,0.00013237999357947872,0.7740571711766272,0.032930690747551436
171,0.12449633628242297,0.06260409028352422,0.00018417777735654239,0.706689422629124,0.10602597302757222
172,0.24304802705366688,0.0935871746061066,0.0002493166295461861,0.5457088154864145,0.11740666622426581
173,0.14125196135036988,0.30972150792985703,0.0004186117581605186,0.5245267227615859,0.024081196200026855
174,0.2786626477919843,0.191650375299516,0.00016936822326521795,0.49828230500283416,0.031235303682400274
175,0.14235993270781833,0.1584236608278891,0.00010342812336674333,0.6770186077141591,0.02209437062676674
176,0.11085892397477914,0.21902443225296822,0.0001415163415110084,0.6039096308118762,0.0660654966188654
177,0.08123617412768774,0.49438392366318407,0.00033272593867471686,0.41174122516151035,0.01230595110894312
178,0.22850796806556326,0.15038047085769107,0.00026016244785536454,0.529976038359011,0.09087536026987929
179,0.07755613492209622,0.03112476802665565,7.169075056001953e-05,0.20125767650753926,0.6899897297931489
180,0.22796739417933418,0.06541435134521005,9.951277887303849e-05,0.532325734099236,0.17419300759734663
181,0.13893212450161746,0.07304781528841267,0.00018267762275864482,0.0690932449576214,0.7187441376295899
182,0.01017827150091054,0.003721582900293083,3.514715828443146e-05,0.0030769469294094653,0.9829880515111025
183,0.07330832979256735,0.006370091974389979,0.0001564267014289505,0.017588654013117884,0.9025764975184959
184,0.07288624892984831,0.003966974294290143,0.0002765756842702723,0.012033957607237538,0.9108362434843537
185,0.12927589512343532,0.005996682737380051,0.00037738587014055433,0.010768083962346993,0.8535819523066971
186,0.4181809157704387,0.013104599910702699,0.0006697807587614724,0.024978812448453677,0.5430658911116435
187,0.017766479956573964,0.006786681788605448,0.001892388398857188,0.0008233868289588042,0.9727310630270047
188,0.09207169611775785,0.025441590662392266,0.0028416409924892413,0.006809774954094244,0.8728352972732664
189,0.009059634777022771,0.0027914359901123334,0.00038757784266598116,0.0014874544067156605,0.9862738969834832
190,0.012255204998553768,0.10523756345545743,2.7071357539750347e-09,0.00506777481244454,0.8774394540264084
191,0.003187334218648252,0.010906194145422229,0.00017461745069039536,0.0002900358301748358,0.9854418183550643
192,0.0025862659910001686,0.003986892897399486,0.0009421757104516715,0.0012837136496239119,0.9912009517515248
193,0.004803527252260317,0.014983541355139372,0.0002701639561320606,0.0005770793053685801,0.9793656881310997
194,0.035640159307134156,0.058328156545095794,0.0036565367588314228,0.002010817472019581,0.900364329916919
195,0.0038429359528018062,0.0022002891486600207,0.0008531214279540678,0.0004936201686339431,0.9926100333019503
196,0.017345872088803685,0.001286913576349146,0.0008139246837407464,0.00035301375418458084,0.9802002758969217
197,0.020048391026552658,0.0010305592711157398,1.6953350749107135e-05,0.0009537607923168696,0.9779503355592656
198,0.0909086355651689,0.004564794882008532,2.8848899392388655e-05,0.0010995590593216504,0.9033981615941085
199,0.06376697482057685,0.0025890969742258328,1.1158982728612702e-05,0.0009248181644616693,0.9327079510580071
200,0.025622189549370816,0.0024073782333784437,1.773588132683138e-05,0.001048071950572225,0.9709046243853517
201,0.024217056933267204,0.003103834207629455,1.1212295707857628e-05,0.005791975278315737,0.9668759212850797
202,0.02586847424560296,0.0016051874608199901,2.1861517484493356e-05,0.0037215945493033315,0.9687828822267892
203,0.014701715100886113,0.0007447522743504989,1.5713039130334573e-05,0.003082703647459884,0.9814551159381731
204,0.011093135093870887,0.0021176517246029275,2.385609522384486e-05,0.008981442174268819,0.9777839149120335
205,0.19646229249950314,0.00833556618184944,3.9655760503939404e-05,0.115354473146661,0.6798080124114825
206,0.07823436875201549,0.008884436249468646,2.8809332649000394e-05,0.05055408715474106,0.8622982985111258
207,0.11442590053751624,0.020965454986815017,6.806377323909308e-05,0.07498732162375993,0.7895532590786697
208,0.01209116151381821,0.0035898720218635947,1.1082966418198697e-05,0.015992355441047445,0.9683155280568526
209,0.054852295055410144,0.014432783699118702,5.862786225867451e-05,0.06611518197403025,0.8645411114091821
210,0.0213827593910342,0.004157161802466661,2.083131939659944e-05,0.056754461273786784,0.9176847862133158
211,0.18671424576106838,0.012629116697175136,4.099763871747447e-05,0.20390903713371988,0.5967066027693192
212,0.030399382740345936,0.005655592908461876,4.341087269305947e-05,0.07866361210796861,0.8852380013705305
213,0.02947234575696043,0.007283323265444547,0.00011789205618038657,0.08089568442059222,0.8822307545008224
214,0.10906818643320956,0.002111260158052242,1.4157836601484112e-05,0.129169699588609,0.7596366959835277
215,0.2115185575277565,0.008016507382875694,5.657428120947078e-05,0.18180224557890864,0.5986061152292498
216,0.4424750636100178,0.011849268823329918,7.836828064297084e-05,0.18719376480394156,0.3584035344820677
217,0.4009910620386657,0.02158901132284393,0.0001326894149433092,0.0803165685488034,0.4969706686747437
218,0.5235435820491582,0.033625581768986626,0.00016774085436940965,0.05511319419619587,0.38754990113128973
219,0.6159831619974263,0.07364398576203775,0.00014410532439313294,0.14175878904694608,0.16846995786919677
220,0.5994684098248515,0.09414018355075779,0.0003639637253892146,0.12044690796012962,0.1855805349388718
221,0.5104790942736003,0.24710673243168307,0.0013030095759471296,0.13500232118159383,0.10610884253717556
222,0.2701970285064458,0.22777024794493037,0.002250172560579214,0.24587190650839508,0.2539106444796495
223,0.004833796129659814,0.023505746928341224,0.0061208539489987085,0.004176580411706673,0.9613630225812935
224,0.03083667814431519,0.018918846606396325,0.000826568004077121,0.01264986508203808,0.9367680421631732
225,0.027521742623915362,0.0037762415693441127,0.0021928107337676334,0.0037899546615168716,0.962719250411456
226,0.05646879312310622,0.0022148808940282852,0.00024591975519672784,0.00204526092504426,0.9390251453026244
227,0.001642290462452898,0.00037174903223429677,0.0003597254086949531,0.00010800181115093175,0.997518233285467
228,0.013765441904345877,0.0005743538911639366,5.3277173604010316e-05,0.0006896175292148182,0.9849173095016713
229,0.006456439889891976,0.00040053737887832917,3.635706913055549e-05,0.000578408937040525,0.9925282567250585
230,0.041283136235659074,0.0014140803793228833,4.0327085683003914e-05,0.0009728140727222469,0.9562896422266128
231,0.15275025979394535,0.0053801605831896296,0.00010367856756803637,0.002467825681971519,0.8392980753733255
232,0.13616546780348054,0.02367074378068406,0.0006185285334862307,0.007499235715457817,0.8320460241668913
233,0.2724341119655353,0.14661179604426086,0.002279601909244371,0.04752276462006924,0.5311517254608902
234,0.28464977536581765,0.527998422956659,0.002897642134724178,0.12184751795866897,0.06260664158413036
235,0.20890139137194294,0.47355551134061313,0.0009260716450019852,0.24284574916759738,0.07377127647484459
236,0.14679597286357077,0.7051369679877235,0.002991485909273968,0.11472200421668338,0.030353569022748352
237,0.13446230541243387,0.6877029475117262,0.0018965591524869611,0.16794031024534403,0.007997877678008945
238,0.0619282927903682,0.8902065326774941,0.00872372791497388,0.032075249359510526,0.007066197257653246
239,0.011280578655178716,0.9699580337633019,0.0054211012750845404,0.01113858783163279,0.0022016984748019514
240,0.047854086403882126,0.8983677406780195,0.020532140081721335,0.024410927410099478,0.008835105426277383
241,0.014876725177031088,0.9286037383566241,0.011451578627130626,0.033101984242500736,0.011965973596713456
242,0.10019062809530593,0.33434703013239,0.01274366477965185,0.0342885280107242,0.518430148981928
243,0.1467250640266716,0.2612458272106345,0.007169856383819601,0.06866155255005742,0.5161976998288168
244,0.40919821634012166,0.1847641016113725,0.0030662409577473324,0.054938354617519496,0.3480330864732392
245,0.3082872675548094,0.2021058731637073,0.004313180186881374,0.014350440739643464,0.4709432383549585
246,0.2564745708090343,0.3351023864931406,0.0018132664247324723,0.058321093081356495,0.348288683191736
247,0.015306284290044206,0.05989761314059551,0.007292330876126131,0.002347702390954314,0.9151560693022798
248,0.2674077776495429,0.13032997919868672,0.0010456079974150718,0.014146632627168101,0.5870700025271872
249,0.5253725373665635,0.2639073125270627,0.0017879011673771123,0.022938024407567568,0.18599422453142916
250,0.4500694089062851,0.22501551724977353,0.003844149274389795,0.012201721077952834,0.3088692034915988
251,0.6720974467075497,0.2046029565090065,0.004916289212394542,0.005481367712748583,0.11290193985830073
252,0.23933477497353006,0.5448872175086666,0.008074730343233664,0.020288281178672547,0.1874149959958971
253,0.44096936161803624,0.3907256816375271,0.006666712332263378,0.10155818142067208,0.06008006299150113
254,0.15438155969157646,0.6911941169341356,0.016816688286053882,0.12028211686387665,0.01732551822435751
255,0.04164760733717779,0.7863649111917552,0.01605359867498208,0.14939215116882174,0.006541731627263302
256,0.10604589629669926,0.68203491688795,0.012095355550721876,0.16709444511183352,0.032729386152795296
257,0.06095959887308131,0.8882611055716522,0.013869860242771502,0.030969802517355087,0.005939632795139882
258,0.05221035658800338,0.8916241866580366,0.01901704595604952,0.020334263111381402,0.016814147686529064
259,0.1896470792227975,0.5970352370859794,0.03490679689248477,0.0602072169962314,0.1182036698025069
260,0.05396082727128648,0.7853698962008905,0.07458020340615226,0.04227649916814107,0.0438125739535297
261,0.021038308757470932,0.04729288497448239,0.011505779639965923,0.004581398473818499,0.9155816281542623
262,0.40651038439758297,0.14176513526112483,0.004893420520208087,0.026750809337872713,0.42008025048321135
263,0.6017276875069283,0.23749475645933113,0.005217168394417691,0.0057594642741145,0.14980092336520842
264,0.3189617943905837,0.644663758634883,0.010030199733553145,0.007526885484352902,0.018817361756627165
265,0.6333633702061193,0.2367758256586714,0.009193584100654538,0.007479509493488898,0.11318771054106587
266,0.20710121130201173,0.6045118971419644,0.02484718387889252,0.11529932716899019,0.0482403805081412
267,0.1904115147954566,0.5350381657939274,0.052620850175493776,0.08480327643240348,0.1371261928027188
268,0.09573346371329523,0.8151399536960086,0.02846368494545423,0.041814441276894744,0.018848456368347165
269,0.2018044880543375,0.3068345400388765,0.007711267393461701,0.1474435131724714,0.33620619134085294
270,0.1995504966547476,0.5802030084320884,0.005836366302333025,0.11636942253574419,0.09804070607508666
271,0.12201839913417303,0.694210793345383,0.007392109480331182,0.09901550178442667,0.07736319625568612
272,0.03958995618783035,0.8659112231912925,0.04153534810793957,0.023424264045816552,0.02953920846712121
273,0.22996213771926718,0.5374563296446073,0.009393918060408398,0.20310180240563425,0.020085812170082876
274,0.10248740449629051,0.7530294660150705,0.0397587895276768,0.08867990954861715,0.01604443041234506
275,0.2782070496780798,0.434122558936322,0.00431622558602561,0.19434526490029094,0.08900890089928179
276,0.13745866622611772,0.7399808533957546,0.026738945549604168,0.07566399199817041,0.020157542830353294
277,0.49458676754106795,0.19051101151055924,0.0007843128007956233,0.08363389605672873,0.2304840120908484
278,0.4758059802405605,0.26283980451827,0.001395272114409843,0.07683409556722104,0.1831248475595388
279,0.2833865094626433,0.5412917977378648,0.0029953490883757655,0.09854528670573041,0.0737810570053857
280,0.38929281275326266,0.4664895656087653,0.006502763736517284,0.10198347220677749,0.035731385694677424
281,0.18700254668139957,0.582783794117806,0.004860417869073256,0.16411214806470012,0.06124109326702103
282,0.11776165734261453,0.6048328764585776,0.01886899738325428,0.23407328357377818,0.024463185241775272
283,0.25723199118465795,0.4917903277502259,0.003977590081797105,0.2185564476951525,0.028443643288166665
284,0.1779520484446757,0.5585245926027402,0.005125500250419596,0.21460672524645774,0.043791133455706684
285,0.29121160935581003,0.5313996483140344,0.007899571590305013,0.10306681498463485,0.06642235575521575
286,0.20250619794922925,0.6140986969925686,0.005013158451155975,0.1455761174843807,0.0328058291226655
287,0.08749676507231391,0.7592568837645348,0.016364784688466416,0.054210956469195236,0.0826706100054898
288,0.29537723417960055,0.5021258315214343,0.00495124670000737,0.10594733424678089,0.09159835335217689
289,0.2692082065156568,0.5113255171892062,0.0015628142858362263,0.1642146967660398,0.053688765243260994
290,0.19937078693735183,0.5148432870219555,0.003686688558576148,0.22613747255879643,0.05596176492332012
291,0.1503780400278162,0.6409478283955178,0.006886363712597002,0.14461665197370274,0.05717111589036629
292,0.2814574948015626,0.4888481201440461,0.0013194991635522377,0.1905513443215238,0.03782354156931531
293,0.0737804825039766,0.6869436530493511,0.003787316644231251,0.17313609314024275,0.062352454662198395
294,0.15622947074080173,0.39697650571095133,0.01885072055984731,0.19578086231547503,0.23216244067292463
295,0.317411362830546,0.2760721823000847,0.013996747006440989,0.125297355944651,0.26722235191827726
296,0.3532892212931073,0.16235804888848587,0.010294893669117114,0.035556443368508,0.43850139278078165
297,0.2724640570144475,0.056219403307185216,0.007463096560655385,0.02079077884510494,0.6430626642726069
298,0.5023231745859463,0.154889213961984,0.006376340878592429,0.054964072741147806,0.28144719783232947
299,0.2117138349488947,0.07382464073341632,0.016965901958095726,0.039463503290268605,0.6580321190693246
300,0.08017606074512591,0.05671646821942447,0.0014837809487147674,0.025236131162158688,0.8363875589245761
301,0.02358316499396188,0.006156364217582958,5.8086022587306346e-05,0.0076564173842112926,0.9625459673816565
302,0.09165436683970603,0.014668390274474287,0.00048768932673315965,0.01355217902878925,0.8796373745302972
303,0.010564872573223704,0.006761605653841202,0.0016189450267888742,0.0022212041848034504,0.9788333725613426
304,0.03636912689150093,0.0036884506825940163,9.736019679712816e-05,0.002472938006760704,0.9573721242223472
305,0.11328896970214529,0.0029780897167910486,0.00012530435183398986,0.002746153027774415,0.8808614832014553
306,0.2503065937330645,0.0058294595150102995,0.0004062596332155239,0.0054279071735273314,0.7380297799451823
307,0.43580523309811287,0.09071807478462658,0.000381900509901276,0.0337969325698856,0.4392978590374737
308,0.26724518338661574,0.08727964388579175,0.0007884350794028894,0.059436923031632956,0.5852498146165566
309,0.28982952645306076,0.15246378769682958,0.002396552950515672,0.17595344483191439,0.3793566880676796
310,0.15641758463989622,0.11973016985059966,0.005527000685481942,0.12365077463125917,0.5946744701927629
311,0.17709817731247401,0.4370895598601763,0.011316058184243024,0.25776984078286097,0.11672636386024568
312,0.013091732382191443,0.02462622748139906,0.018425606055043477,0.012285700849571519,0.9315707332317944
313,0.03559245044581908,0.015385116748903005,0.00040770476781079454,0.011828362802245997,0.9367863652352212
314,0.09630877076313375,0.01724542007276262,0.0008851790570708581,0.02291114988857801,0.8626494802184547
315,0.23775033739678825,0.03775011119729116,0.0003170450471750408,0.00814118104039301,0.7160413253183526
316,0.4029742088132939,0.12600557802089765,0.0003710220254999295,0.09887814941854842,0.37177104172176006
317,0.25890485608850616,0.26242576816232843,0.0014156042479303939,0.07316034136652844,0.4040934301347067
318,0.3436149065224285,0.3544563480354404,0.0030077819712224984,0.07105077700665544,0.22787018646425303
319,0.4609312744141733,0.2941910449152947,0.012161159692407258,0.10832988047213403,0.12438664050599066
320,0.22167627637965714,0.486855378331687,0.018621477527962144,0.11451815760475863,0.15832871015593505
321,0.4096323869540809,0.47385430006323115,0.03750717573877638,0.016508051750796244,0.062498085493115314
322,0.07745406592922253,0.7647138323339083,0.13458352697550535,0.010384985775569507,0.012863588985794264
323,0.04257744692948384,0.7897256708417448,0.13052088189550093,0.006172790067382938,0.03100321026588757
324,0.12916736376576937,0.735204504079744,0.09507942414466806,0.0062747558063870855,0.034273952203431296
325,0.06183208959420419,0.8329408820017072,0.06585411537644095,0.00733121715131821,0.03204169587632935
326,0.03060910634082393,0.8555742685911905,0.10378253405020091,0.002891054706541458,0.007143036311243244
327,0.1662855463785377,0.5576785933155763,0.19975658559798723,0.005876737271992536,0.07040253743590606
328,0.07635947231416979,0.6551649307573177,0.24507849237547044,0.0037552413980203553,0.019641863155021574
329,0.17737851708850197,0.6604602038858514,0.06695351982988443,0.016969520563188355,0.07823823863257381
330,0.1470001774864305,0.6650972846917,0.11494879174037305,0.05107522229656729,0.021878523784929094
331,0.0130545081902175,0.7262834206279916,0.2282607509527852,0.023134007611150892,0.009267312617854878
332,0.04672411249628265,0.4979335214988672,0.16721393141307908,0.2651007960147405,0.023027638577030617
333,0.13646368257731317,0.1440803485373345,0.0006851173236199489,0.6805576697151978,0.03821318184653464
334,0.079067407709424,0.11317776821725548,0.000387995934545066,0.7783547341028292,0.029012094035946172
335,0.06881769555913515,0.02602148793970936,0.0001263809797453033,0.8840982010634774,0.020936234457932922
336,0.16159997667620016,0.0653883670724587,0.0008998946433210347,0.7078243349908202,0.06428742661719979
337,0.162476810092404,0.08705678608154009,0.0011538537608178903,0.6449181179010954,0.10439443216414257
338,0.19251169765478973,0.057989012741900624,0.0007686951279794522,0.664844727684595,0.08388586679073513
339,0.053567802058245344,0.02016759908067086,0.00033335813095869047,0.8820493496754145,0.043881891054710576
340,0.11628187872063386,0.0199382863163751,0.00018754304855758455,0.8042391335081599,0.059353158406273594
341,0.253913482530673,0.04735463278283473,0.0005821892707363289,0.5754852994312839,0.12266439598447204
342,0.23630789390278645,0.10247943268513494,0.00118155830908131,0.5308883799778022,0.12914273512519503
343,0.19029262711445946,0.025172906741030177,0.00030672027592591424,0.7099892908750918,0.07423845499349266
344,0.18011349422671957,0.0358869598996425,0.0006268132213480607,0.7044652087905451,0.07890752386174484
345,0.20135911025658026,0.04022839719406282,0.0006869202714561101,0.688001708935012,0.06972386334288887
346,0.20997882770852813,0.09029585298316936,0.0009538474717373799,0.594805323541483,0.10396614829508208
347,0.10173308508616602,0.05482587190855562,0.0008206676063352671,0.7730624872361679,0.06955788816277511
348,0.12553535424994608,0.036686657459947224,0.00045236506415309775,0.7828118672165238,0.05451375600942976
349,0.0918317650049459,0.039404911714342176,0.0004639133924992533,0.8214994817621316,0.046799928126081115
350,0.04073611980931027,0.01950013152052934,8.608426752036405e-05,0.9024875406163047,0.03719012378633553
351,0.04162450934743162,0.013745125603359986,6.45132533846013e-05,0.9042391941709514,0.04032665762487238
352,0.1657163125097228,0.03823072931360031,6.770911017065051e-05,0.747394870230473,0.04859037883603309
353,0.12799384354295693,0.027407211439960014,6.713613290850585e-05,0.7950193553103765,0.049512453573798104
354,0.1123317713667016,0.03304619000173574,0.0001068106302017697,0.7812639703991439,0.07325125760221696
355,0.1582077264219079,0.042737845475578955,0.00013473356048403787,0.7232799490226896,0.07563974551933964
356,0.297396253473949,0.06705761771278544,0.00024044631792765491,0.5310412499368651,0.1042644325584728
357,0.3110357965498301,0.05044995570069135,0.00014925043878829438,0.5142036921102936,0.12416130520039671
358,0.14912837827237208,0.05675262934918421,0.0001819256242296666,0.6814773396803843,0.11245972707382981
359,0.16523873884119727,0.03259657465224593,9.464664721806664e-05,0.6752833372626708,0.126786702596668
360,0.28428564282674895,0.048621393561706965,0.00013976386953534802,0.5372910172199379,0.12966218252207085
361,0.17791680327141565,0.09869080200826257,0.00016571134390762978,0.5739681985492837,0.14925848482713047
362,0.21147063563617854,0.07365641613703176,6.197882515275298e-05,0.6408855678211297,0.07392540158050721
363,0.13944179644491184,0.05836547480642505,8.023200351786033e-05,0.7147676240545334,0.0873448726906118
364,0.12624832907358283,0.05247580167151259,5.650340887775541e-05,0.7668852750580859,0.05433409078794084
365,0.13692212380004506,0.06136769938203504,0.00011779272088863828,0.7221082293789843,0.07948415471804686
366,0.1405350804739405,0.0868112474276649,0.00012037765467370646,0.6863165501179735,0.08621674432574737
367,0.1411007698357247,0.08042368426870963,9.948186237559696e-05,0.703080507736344,0.07529555629684616
368,0.1646390111066245,0.1604934065148275,0.00021497876660698736,0.5478139028457361,0.12683870076620507
369,0.10139406856277301,0.05495418135825768,0.000283042828092003,0.6788897481255373,0.16447895912534008
370,0.10576924102858708,0.048650254563565414,0.00013111236341585978,0.7709154729247883,0.07453391911964335
371,0.14640643551870924,0.04853932940689595,0.000200381079622627,0.7466499266812262,0.058203927313545914
372,0.10697401629744518,0.04284881375758558,7.694732326010966e-05,0.8101131829156055,0.039987039706103567
373,0.18521562249093124,0.08657958447092805,0.00018868738466694897,0.6312525347670404,0.09676357088643335
374,0.2092886371951657,0.03577895299019172,0.0001136362637859449,0.6726239519280798,0.08219482162277683
375,0.03112080562724985,0.019329641082272638,0.002173177602540293,0.09864567577985596,0.8487306999080811
376,0.1483294738158319,0.04541244658463292,0.000768678506804976,0.42738103466036836,0.3781083664323618
377,0.19343009609100173,0.04467111672758791,0.0007485628038094791,0.3757304818556937,0.38541974252190714
