epoch,N1,N2,N3,R,W
0,0.005087326184739153,4.78008922869738e-05,2.6785646561123748e-06,0.0005149617643240365,0.9943472325939937
1,0.0006153304903545812,1.6243133906252257e-05,8.700073178219573e-07,9.250676376637591e-06,0.9993583056920448
2,0.009184416750333716,2.2603267261297806e-05,1.137334425721579e-06,3.9857378586819203e-05,0.9907519852693925
3,0.002406083664321861,2.2924628256089753e-05,6.472276144026465e-07,4.570624593712353e-06,0.9975657738552139
4,0.010966355004815426,5.944841206086702e-05,5.047149600769069e-07,3.583666580804102e-05,0.9889378552023556
5,0.053112988800278815,0.00013124459970189235,1.487181869107052e-06,0.00013762811742819167,0.946616651300722
6,0.09268506394115224,0.0002923045348822846,2.870520006363046e-06,0.00024169138955029134,0.9067780696144089
7,0.5194694810764092,0.004609865952873495,2.7408478115977066e-05,0.0007994044628588157,0.4750938400297426
8,0.6944808650628123,0.018180516060293708,8.709524794892206e-05,0.001848935923029997,0.28540258770591503
9,0.0019719751320640324,0.0008669149539929227,0.00015338927129850637,2.047992664300875e-05,0.9969872407160016
10,0.11380361083040172,0.014004772952599085,2.165144735428063e-05,0.0002388803239785384,0.8719310844456662
11,0.7186026932363473,0.10422550645503213,0.0005858582613872204,0.002132188976867895,0.17445375307036545
12,0.39388922106265284,0.032593041720130854,2.9287453699759334e-05,0.00021783705198874455,0.5732706127115278
13,0.194474717635692,0.7639617253512979,0.0030053747087657023,0.0013545836305511095,0.03720359867369327
14,0.11025316499072944,0.8287371550856042,0.0019901340640276176,0.005176616838628902,0.053842929021009865
15,0.0915239115787148,0.8849452435263906,0.0034807853995837855,0.00759152378193987,0.012458535713370836
16,0.026358939765011767,0.9402689031937284,0.006568793558928535,0.009860821639430008,0.016942541842901265
17,0.01571172698957257,0.951724452404931,0.009960533352501714,0.006426421035138552,0.016176866217856283
18,0.07204447093517766,0.8882444589942671,0.0018328609572581653,0.020682485659694955,0.017195723453602207
19,0.024268742524400876,0.9523382883309387,0.008030257833415582,0.005709956349540018,0.00965275496170471
20,0.03671851190564115,0.9445532389355183,0.004400388855127791,0.005084081552124609,0.00924377875158818
21,0.02177936217399962,0.9551542600304708,0.008064884665754269,0.002016730590682273,0.012984762539093002
22,0.014034739254890677,0.9578799990250385,0.011920056740026167,0.007087076638559669,0.009078128341484904
23,0.0074983608472355395,0.9648099761647934,0.017382545803057727,0.003185475838995844,0.007123641345917451
24,0.00514693924722629,0.9505576252402415,0.03628676167067354,0.0013356623059388535,0.006673011535919652
25,0.005674538094436602,0.9240901093223988,0.06612135797182705,0.0008368540186563961,0.0032771405926809902
26,0.006576095768336226,0.863250322154766,0.12038499257760746,0.0006907874612325763,0.009097802038057606
27,0.005571764881725858,0.9236771862638512,0.06453518494694976,0.000581824182436424,0.005634039725036793
28,0.007961817914922498,0.9257301183416757,0.06014535625849778,0.000295719474732831,0.005866988010171111
29,0.003167738811783899,0.8835160833552218,0.10861655809030772,0.000171030125738567,0.004528589616948063
30,0.0027273753237326346,0.8101619215785485,0.18399824637783907,0.00020779828083923222,0.0029046584390408072
31,0.002770284388700058,0.8090315421528125,0.18548750961870306,9.983428632853869e-05,0.0026108295534558647
32,0.001504059372459873,0.5483451020623353,0.447269403967126,0.00014661221392522802,0.0027348223841535306
33,0.0021624317854724755,0.5690143915222925,0.42332947545054067,0.00017947094999298045,0.005314230291701313
34,0.005681351457746743,0.5509440477855326,0.43799408894324493,0.0002180026861660323,0.005162509127309688
35,0.0009103257007651293,0.22696327469479308,0.7704571206582526,2.3195702351180156e-05,0.0016460832438380997
36,0.004558423667321914,0.7962769874540763,0.1931480235455752,0.000240996940476732,0.005775568392549932
37,0.0011901397485395396,0.4378300592417483,0.5582809561261667,4.5788915598277476e-05,0.00265305596794717
38,0.0005190159143082935,0.13079692862675324,0.8666030976949919,1.3520444949438257e-05,0.002067437318997044
39,0.0006351033488454086,0.21789659313389034,0.7801103212626348,9.525696020528384e-06,0.0013484565586089408
40,0.0005887886452883634,0.11613613410628335,0.8819752297896867,4.599040006057053e-06,0.001295248418735509
41,0.001017433592978391,0.5376947225873252,0.45845916625770206,1.8954140008733182e-05,0.002809723421985661
42,0.0005443908331208702,0.20644774392360307,0.7904361068640573,8.799437978368195e-06,0.002562958941240398
43,0.0004920234102940369,0.13132800908027883,0.8661474833354555,5.481067081846847e-06,0.0020270031068896337
44,0.0007160186710952427,0.2957701623807538,0.7012207990566719,1.4499569368405026e-05,0.002278520322110761
45,0.0003906937081986286,0.06371953202419788,0.93412091646616,1.2468515646050965e-05,0.001756389285797567
46,0.0015215390136823154,0.30393060339943667,0.6895069887196631,4.230620918534701e-05,0.004998562658032591
47,0.0011279665853250892,0.23457346797732112,0.7612114246960607,1.8517152143195184e-05,0.0030686235891497684
48,0.0014532658727260134,0.1299974351431823,0.8658137799982135,1.450278842794706e-05,0.0027210161974502867
49,0.0008401452468201414,0.07758428002478891,0.9198574304144433,1.5764766707378833e-05,0.0017023795472402151
50,0.0006883829322996038,0.23362956990900574,0.7627661191313682,1.4596439211415957e-05,0.0029013315881150437
51,0.00043196708454489507,0.09063309351654981,0.9073684418658519,4.461070032602581e-06,0.0015620364630207766
52,0.0004073646839088528,0.14031793105821685,0.8566963024720857,9.303077502793317e-06,0.002569098708285606
53,0.000558695867652127,0.19363059596186516,0.8035920865342057,1.3591886236813898e-05,0.0022050297500403426
54,4.579662583958165e-05,0.02220092526755784,0.9773950186023931,1.761221041360586e-06,0.0003564982831682342
55,0.00016228566606613307,0.040027404816485264,0.9577190884097762,4.095319051780689e-06,0.0020871257886207312
56,0.0001813883147741046,0.03441280225679292,0.9637465726912012,3.1762430704697894e-06,0.0016560604941613084
57,0.00013548291987966406,0.04095111741840113,0.9567006951299921,3.010190210826798e-06,0.002209694341516237
58,0.00023979101035652374,0.0693122972457929,0.9283138821688086,4.430309766285774e-06,0.0021295992652756793
59,3.0476255286988195e-05,0.017632888539065,0.981786698581385,1.6648047751512337e-06,0.0005482718194878634
60,8.5395432912593e-05,0.016575620532203107,0.9825300252134488,1.728542140587868e-06,0.0008072302792950406
61,0.00010313111747182196,0.039806473111525326,0.9588842939238347,2.2659181893954907e-06,0.0012038359289787731
62,0.0001752864135033568,0.008263718123267223,0.9750497916306846,0.015261285568490705,0.0012499182640539647
63,0.00017810186920949703,0.018588881520552353,0.980238154429481,2.2475240627853934e-06,0.0009926146566944228
64,0.00015491866943721262,0.016540850177151664,0.9664659022751692,0.01612158315272961,0.0007167457255123825
65,0.000917485115606702,0.09722570536613252,0.8983425781101817,1.7827732560120285e-05,0.0034964036755189263
66,0.0004565431563196406,0.042482379012661546,0.9555222698997348,6.501502650717934e-06,0.0015323064286333682
67,0.0002944090329294212,0.04055105673511995,0.9577660713741831,8.600176236258784e-06,0.0013798626815311374
68,0.0003646652833824286,0.03633428384582558,0.9624111642855478,4.182963173879926e-06,0.0008857036220701126
69,0.0006379471979168133,0.03435288950146338,0.9638599663864684,1.2590444350671402e-05,0.0011366064698008157
70,0.000275541270147974,0.04148470060565032,0.9569110016661546,8.665925991710613e-06,0.001320090532055337
71,0.00042903021379234337,0.08887977730053304,0.908568859120024,1.7164414441317308e-05,0.0021051689512090925
72,0.00014612674096389132,0.012066346342301503,0.9869953332822701,5.659065439360848e-06,0.0007865345690251675
73,0.0001306753276762769,0.030263104381808174,0.96854220214014,4.61340251259083e-06,0.001059404747863008
74,0.00030593244754623073,0.023103010960813936,0.9758200182720003,5.259526105933131e-06,0.0007657787935335777
75,0.00013871619471242058,0.027048215457040694,0.9718948663222304,4.04571391725147e-06,0.0009141563120991841
76,0.00014421677559200622,0.024020386450584238,0.9749549742598401,7.879693931596186e-06,0.0008725428200518966
77,0.00010302077234846636,0.014957607383177732,0.9840429520244235,4.136344680994836e-06,0.0008922834753694333
78,7.8899558206326e-05,0.013491428204119384,0.9626536125307639,0.02300181127046614,0.0007742484364444206
79,5.2547249039096105e-05,0.02057665779907449,0.9788303678954464,3.159953740426172e-06,0.0005372671026994747
80,7.169651376026636e-05,0.0354087222479622,0.9636394306302488,4.469016996410119e-06,0.0008756815910323071
81,7.306670961230604e-05,0.017496394229160078,0.9512380337311707,0.03036588675890507,0.0008266185711518117
82,3.750804351282002e-05,0.011085180098791437,0.9884530276238221,2.283257445280033e-06,0.000422000976428395
83,0.00012341429510103575,0.021348347996808063,0.9763028939993351,8.947321411718339e-06,0.0022163963873442073
84,0.0001353442808630049,0.018823112745703682,0.978199066247388,6.281808609728388e-06,0.002836194917435817
85,6.52088596626217e-05,0.008397075779150063,0.9910583291913884,1.8185278367149128e-06,0.00047756764196233933
86,0.0002828158853516669,0.08064244891874621,0.9175159887298899,8.37487334618511e-06,0.0015503715926658826
87,8.797673171870264e-05,0.00854041343471162,0.9908824995879018,2.26951498819512e-06,0.00048684073067977883
88,0.00024461276236358644,0.02514912227725801,0.9432664381358726,0.02977259411416292,0.0015672327103429416
89,7.754889939429192e-05,0.012277494865091323,0.971212951767007,0.01560627854725625,0.00082572592125117
90,0.00011044997510448468,0.006159119629697388,0.9926735289330426,3.174691964943759e-06,0.0010537267701905947
91,0.00023630296205546985,0.017257060058204522,0.9814985437750186,7.46185437906826e-06,0.0010006313503421972
92,9.442848598457055e-05,0.00981118623780009,0.9897106030250841,2.1362860650150687e-06,0.0003816459650663805
93,0.00013072060114693483,0.016965706882095005,0.9821514808121503,3.931021313113229e-06,0.0007481606832945002
94,0.00012398204464561963,0.01861679267110731,0.9805080543827391,4.394653976574176e-06,0.000746776247531307
95,0.00013308400136980239,0.014725358754019714,0.984487011609639,5.48540200002136e-06,0.0006490602329714493
96,0.00046380393266778555,0.048557354500689445,0.9497178661758592,1.6955441860548353e-05,0.0012440199489228891
97,0.00056340074455498,0.0387854971632776,0.9587982523893616,4.280812470232691e-05,0.0018100415781036302
98,0.010369277288305997,0.6040927737512363,0.3732661594224209,0.0024150289054210967,0.009856760632615768
99,0.006509252523603751,0.41717166594272526,0.5662915036647216,0.002104227348210576,0.007923350520738738
100,0.024353272085177798,0.7421131749173208,0.20872941098443143,0.014013405663491529,0.010790736349578365
101,0.005520322714494502,0.7208140387680356,0.25689622858421957,0.004619620083726852,0.012149789849523465
102,0.01533939025417904,0.6975996833197847,0.23569673881089298,0.0012988888797563906,0.050065298735386836
103,0.008187815294521457,0.009308361330858418,0.00045653109610491513,0.00011908364774300372,0.9819282086307722
104,0.22670303272602862,0.08479186610325708,0.0004868007789800011,0.000877275781663465,0.6871410246100709
105,0.032550298549665097,0.025304710408932153,0.00028632607307791573,0.00013329343841516746,0.9417253715299096
106,0.09011608800125769,0.0318441283198661,0.0002235772082261607,0.0004431299057624586,0.8773730765648876
107,0.14980649604599303,0.03526327459869903,0.0001513368730134202,0.00029951386858466074,0.8144793786137099
108,0.24408499160707975,0.25331178348410194,0.010017816546049572,0.0005616211718394492,0.4920237871909293
109,0.4751927696669149,0.4741294365474711,0.006239730779098415,0.004210426132585714,0.04022763687392983
110,0.2209211379009476,0.28395711659914635,0.004650367079871689,0.0008641078799977731,0.48960727054003644
111,0.2388408647873261,0.5510774573126653,0.001760157939269073,0.005792316792489248,0.2025292031682503
112,0.16089770585919988,0.7956085340011827,0.005586160263293394,0.006254088916094812,0.031653510960229315
113,0.35037137351907904,0.6009352779271353,0.0038108623291819074,0.02174355251868725,0.023138933705916537
114,0.17982988794992913,0.7494563141486941,0.0035983032804369304,0.05048322200874656,0.016632272612193445
115,0.2686413627800632,0.5414796383345514,0.002389079409020709,0.11291773362524772,0.07457218585111705
116,0.06820269588457396,0.840560990118295,0.0030260432009099098,0.08347201426914955,0.004738256527071722
117,0.22869274140431728,0.3453711778901648,0.0010848013046205794,0.4108686656044545,0.013982613796442774
118,0.1770261848019722,0.7241289363878813,0.012059801294703658,0.039921135858139695,0.046863941657303
119,0.29033950897385036,0.35830665544080387,0.001129991902103958,0.026361735208872767,0.32386210847436914
120,0.4403667888981198,0.5176100980764137,0.002248712211616236,0.013783673156265603,0.025990727657584534
121,0.2132333919978865,0.7378405356590397,0.0034056816316401267,0.028257322394010194,0.017263068317423396
122,0.24274598258860872,0.6954175422048805,0.002578463371674461,0.043844167974304626,0.015413843860531663
123,0.061463792023104626,0.9034236916210886,0.009737632711500702,0.016899483987559454,0.008475399656746587
124,0.2697740565226041,0.4936953570105852,0.00749922650958251,0.029229495259805168,0.199801864697423
125,0.1706124478507116,0.7757137837905729,0.006700274412845964,0.009215497280296284,0.03775799666557333
126,0.4346272588758199,0.3422556329396761,0.0005943951470786229,0.008680227286550376,0.21384248575087497
127,0.5205685619251459,0.43578729800179283,0.001548839331161008,0.0055577316920763006,0.03653756904982401
128,0.17740137930689703,0.7964532802736833,0.002756277809170864,0.010176459977279811,0.013212602632969033
129,0.4818181858012315,0.2428692788189433,0.0009234302226565717,0.0037246302275826307,0.270664474929586
130,0.07423483892015156,0.7380731148678258,0.041536823620279266,0.00030441634721750107,0.14585080624452595
131,0.26855912504950114,0.12813081935688814,0.0006191763940378204,0.002184196790000982,0.6005066824095718
132,0.6364142864885505,0.31162215981506136,0.0014826340043031592,0.003753229109363545,0.04672769058272146
133,0.10233729288175127,0.8733758669422351,0.004723062154726704,0.0013183903581761467,0.018245387663110853
134,0.42023426257348584,0.5198749061267469,0.0008804563964065404,0.006255879014461704,0.05275449588889899
135,0.19717574090090767,0.7549502558918952,0.0028350787239047417,0.017767607040428474,0.027271317442863978
136,0.10966663579857819,0.860270262512077,0.003222339658946893,0.01510863414191877,0.011732127888479124
137,0.5730292569474866,0.25543343823804787,0.0010548551340589785,0.00821781603818944,0.1622646336422171
138,0.20157561303517085,0.7361704930053248,0.016093346171288422,0.0027106023516343175,0.043449945436581705
139,0.17487431228104922,0.7902333957144834,0.003943957311848626,0.010933449616122677,0.020014885076496187
140,0.547636982268736,0.3699879926066137,0.0014814805354096297,0.013630583208534382,0.06726296138070627
141,0.2512809525662269,0.665235172712137,0.0009381062361202228,0.009052530918448884,0.07349323756706695
142,0.4357209674538189,0.5298202468070627,0.002111283209391265,0.015821385139858167,0.016526117389868915
143,0.5004126750872929,0.3658824892250148,0.0010521641315464519,0.019275420496925755,0.11337725105922006
144,0.11150888470406661,0.8227632376781855,0.011241131264451929,0.0010260766986244301,0.053460669654671576
145,0.5032365992476835,0.3231622972080469,0.0004351338661125212,0.014620990078563557,0.15854497959959352
146,0.5602512831426866,0.20952501898123352,0.000581649044896138,0.008310477285798888,0.22133157154538494
147,0.44495104398933955,0.24131352355091262,0.0009019387476805845,0.005079582091255621,0.3077539116208115
148,0.5254783471578826,0.42578987168350363,0.0033129861042554883,0.005386176626104154,0.0400326184282541
149,0.45195865446897626,0.48203663538866354,0.003581440199533662,0.006556859717584437,0.055866410225242163
150,0.2021074760114481,0.7652636224825294,0.0024209480008068737,0.009196054748354218,0.021011898756861568
151,0.47072694444772106,0.4520303001878939,0.003516560655542191,0.05817271404088239,0.01555348066796052
152,0.043846755248654924,0.9264873091567327,0.015108248525490182,0.0077755921635476585,0.006782094905574524
153,0.06437791080743609,0.8996460713833793,0.008477558240286247,0.022905070596235828,0.004593388972662413
154,0.2890890582032421,0.5531846309401153,0.003594686280291174,0.054488826641886055,0.09964279793446552
155,0.1152401756001475,0.8522348615021234,0.004717392137062835,0.0069012409370517525,0.020906329823614584
156,0.3195716069296818,0.5430246150886864,0.002196925018908753,0.03239539301491368,0.10281145994780945
157,0.3808608202055303,0.5337389165755404,0.0045169642180986555,0.0035426345874435892,0.07734066441338705
158,0.08151071973079191,0.869831760565933,0.02475095471707488,0.004973700019661594,0.018932864966538444
159,0.2963683337797288,0.5756662441102481,0.00698132223756458,0.029392338441052643,0.0915917614314058
160,0.12379391608276592,0.7457592475145886,0.0027921208331207334,0.008156991342504392,0.1194977242270203
161,0.07395218306843024,0.8988659053279576,0.008140477370562924,0.012401401031765982,0.00664003320128308
162,0.17830227584363698,0.6834741659697806,0.003917107776514348,0.0040144491704575125,0.1302920012396106
163,0.12540059092061198,0.8369507130712068,0.003177879828639989,0.009393176505211652,0.025077639674329612
164,0.25282820237284964,0.6846358198391997,0.005389748712587761,0.041173486662806284,0.015972742412556508
165,0.055943820307603816,0.923973817175684,0.004440804259877648,0.003841883717511695,0.011799674539322747
166,0.13688239546157316,0.7755496283139944,0.0018640120716793083,0.05630350514800117,0.029400459004751887
167,0.12870111099326711,0.5100750484437877,0.006163835516552667,0.014623326336252573,0.3404366787101399
168,0.4090699344317709,0.5220452033364106,0.0025606164018680618,0.04032151770620304,0.02600272812374725
169,0.2442359953576979,0.6866821443156497,0.002905420723941992,0.0511626769810856,0.015013762621624765
170,0.11006384281383441,0.8606551118652978,0.0031870244998949814,0.016464146304068828,0.00962987451690397
171,0.09456257566084827,0.411669581662453,0.0002578171719002304,0.45166760902273845,0.04184241648206018
172,0.035882423229120504,0.9087696851555788,0.0017958696537509096,0.03999698269901948,0.013555039262530303
173,0.06502103321677938,0.6720429005044972,0.0009502443139468294,0.24477298590060179,0.017212836064174872
174,0.15549877182470084,0.6670112335713452,0.0006337115539473865,0.14203694376587458,0.03481933928413209
175,0.014783231779304648,0.9302982799601356,0.0019456288325598676,0.04930604687035645,0.0036668125576431276
176,0.2269458547004101,0.2681727480446956,0.00026374637970306373,0.13451802338142968,0.37009962749376163
177,0.0841497068243261,0.723353962576538,0.002275585291611393,0.1813512725428131,0.008869472764711428
178,0.24631760430532815,0.21572826777584492,0.0002233151509683025,0.4750475749832644,0.06268323778459431
179,0.12853201519969717,0.39101820255966163,0.0014826937461950125,0.47298113771867917,0.005985950775766983
180,0.06161969140799438,0.13959853992769666,0.00018178739452383522,0.7792157591659129,0.019384222103872153
181,0.12008904633726386,0.26892021650139253,0.00016883537715893564,0.599890010784553,0.010931890999631665
182,0.1347292712416693,0.4136773884530921,0.00039455419831006935,0.4167852394007298,0.0344135467061989
183,0.04420099344446315,0.9036142894211754,0.0009189905926824779,0.045320888411656594,0.005944838130022524
184,0.14930641612107287,0.22620338703154078,0.000181171702489018,0.6028015786629866,0.021507446481910747
185,0.09403724871466541,0.4727502444158566,0.0004640229764479623,0.421417080963619,0.011331402929411106
186,0.14680738544197589,0.3018235455688134,0.0001806035513336582,0.49288140973034883,0.058307055707528255
187,0.28865382337719436,0.40115713088981925,0.0002352713613915982,0.28198654291389846,0.02796723145769615
188,0.09112408750778074,0.618176813824841,0.00044834506987017584,0.2806284354565458,0.00962231814096237
189,0.1350363840937199,0.6223396200095076,0.0002705958124402653,0.22217180976619813,0.02018159031813388
190,0.06662729386924564,0.276388127779248,0.0003148540095887456,0.6443440790380216,0.012325645303896083
191,0.12972613532139832,0.103910001054625,0.00011848094035807964,0.7231376586076167,0.04310772407600197
192,0.1276155526429174,0.19882485549778842,0.0001890110527443936,0.6603633680120194,0.013007212794530331
193,0.19046768444226814,0.11464543442072823,0.00011381033260362405,0.679300365952458,0.015472704851941963
194,0.43392813227354876,0.09554264109004795,0.000165899177181502,0.4526813184901949,0.017682008969026945
195,0.11056196061369705,0.20025415060364998,0.00016169578610474394,0.6779629310285106,0.011059261968037571
196,0.10164832094996273,0.5464122600362556,0.00021643755886177122,0.3427279286923188,0.008995052762600897
197,0.10617433428449766,0.07670161837106879,6.77222213461957e-05,0.8003763985647693,0.016679926558318167
198,0.2071879478074487,0.17243850547180792,0.00023817445764627695,0.5429342537283748,0.07720111853472222
199,0.37374316832254795,0.14131995084645366,0.00013955433837106035,0.4682641247494903,0.01653320174313697
200,0.39879916205803184,0.3447551697246471,0.00011821848169804774,0.16054455238560458,0.0957828973500184
201,0.643131486083094,0.09764420256907942,0.0001728906478615969,0.22439671967221472,0.03465470102775024
202,0.32587218443582106,0.23024933376299464,0.00031673474712261334,0.13757371272079968,0.305988034333262
203,0.17724305210451596,0.6052634728344101,0.0015980758050391903,0.19768210879237677,0.018213290463657987
204,0.4482119864068168,0.07933058370261888,0.00014114968039145558,0.07697140450794525,0.3953448757022276
205,0.4757559800314385,0.3990398434085759,0.0005703439226785386,0.0701080815382667,0.05452575109904042
206,0.5470462892597363,0.281583073096877,0.000575368850070601,0.14223254581378053,0.02856272297953575
207,0.31032643390372433,0.6059672010856377,0.0013773685546477083,0.06701469159169735,0.015314304864292994
208,0.17034249582235766,0.21584608789312645,0.0005977695809975279,0.05735331451765184,0.5558603321858665
209,0.29501774399983266,0.5710359968333715,0.0005480436514087591,0.11286198342399682,0.020536232091390275
210,0.44084027015627003,0.3499315394129886,0.00047685204957079966,0.1740614318796035,0.03468990650156704
211,0.43777622743366185,0.5086406956230441,0.0007870583758555548,0.034163325883475155,0.018632692683963337
212,0.06254300660832751,0.8650513625600983,0.001154058316228352,0.04776873710042294,0.02348283541492289
213,0.3389093061228597,0.4609216282493465,0.0008577196218240989,0.17984867325486173,0.019462672751107975
214,0.14670307194765694,0.7523503758652867,0.001112556791515139,0.07032379442364055,0.0295102009719006
215,0.16100488911590538,0.7594371866107493,0.001225943215652559,0.06780604565895823,0.010525935398734443
216,0.013770335870493484,0.010150293786769734,0.0008438670680537069,0.0008142132389422014,0.9744212900357409
217,0.7205269543607548,0.14826581022267304,0.0011770699312108677,0.0074269031630088325,0.12260326232235269
218,0.3842013989988985,0.5946425563652148,0.002725898895748203,0.003065455407393281,0.015364690332745266
219,0.7372832187777271,0.24271109488677478,0.0028722330524564173,0.0031021709331762954,0.014031282349865297
220,0.02585366964042742,0.9479509269943313,0.02002892594851152,0.002630613239896638,0.003535864176833064
221,0.02094993734317146,0.9449564903572534,0.0282450249320415,0.003208468036182623,0.002640079331350868
222,0.013736128251624097,0.9559829836621118,0.02391158176096791,0.004699679257446875,0.0016696270678492576
223,0.03661141980949165,0.8419036669723972,0.07186629744601275,0.0018794697596780073,0.04773914601242047
224,0.04681781298613834,0.9251425533673029,0.02162456642452113,0.004072646691697022,0.0023424205303404027
225,0.02892360452304461,0.8703739939820494,0.08864715832874222,0.005631997779502611,0.006423245386661077
226,0.27988574157194573,0.6587031722259583,0.013801077728812455,0.010103752767748277,0.03750625570553522
227,0.008456749353990135,0.9684513566930543,0.018500313800068356,0.0030742742752760113,0.0015173058776108603
228,0.05575024454733698,0.8897816976722512,0.021616438117117297,0.015259606094505222,0.017592013568789217
229,0.031053722957925384,0.9111881481900608,0.04471874671120625,0.0066531852804740345,0.006386196860333626
230,0.05188780533761947,0.8981843500506232,0.02542994186413628,0.007746592637919061,0.016751310109702183
231,0.06036475611919074,0.892100556891159,0.03530552694039122,0.005714308655012858,0.006514851394246086
232,0.07528195949674335,0.8933585369804744,0.018579306896528903,0.00723562282511936,0.0055445738011339896
233,0.03220099556711591,0.9276996920216315,0.03458185058845384,0.002527177746103598,0.0029902840766950285
234,0.01672745728162324,0.9568178667876879,0.01922493042518177,0.005581882346446604,0.0016478631590608017
235,0.014896701638893861,0.952358282724036,0.02683212346639877,0.003628503023134561,0.002284389147537018
236,0.0061562623317293974,0.9441285490431657,0.044736974115106576,0.003951863428388557,0.0010263510816098922
237,0.020951675071291885,0.9403414784800047,0.028344028563643053,0.006535882492005431,0.0038269353930548513
238,0.018307998338131248,0.9513464615236056,0.02416229807678594,0.00430831211790701,0.0018749299435701463
239,0.027926201101841908,0.9163647919344052,0.03798474469670716,0.015575971375010048,0.0021482908920359323
240,0.008400217559625847,0.9307599336752226,0.05146596792910286,0.006920604139732363,0.0024532766963165104
241,0.01090077159634152,0.9103605676738333,0.07084430005371542,0.005062540492223814,0.0028318201838859816
242,0.020171745759682485,0.899099497600421,0.06767459344622163,0.008386671518661062,0.00466749167501378
243,0.01136558660323647,0.8905897717521681,0.0849791025175169,0.007767761166120793,0.005297777960957596
244,0.014164695366347792,0.829213272318619,0.14445646978298168,0.007938480723047231,0.004227081809004521
245,0.0101799246555418,0.8340832293487871,0.14948814425755882,0.003118975075355415,0.0031297266627567646
246,0.038389642773562174,0.8335859266559716,0.11339722078276779,0.007223531032905106,0.00740367875479312
247,0.006940394410566034,0.9334182537393255,0.056576090269685644,0.001743486697589227,0.0013217748828337787
248,0.019032992179128738,0.7978633505696565,0.1762470530700701,0.0017040858265632535,0.005152518354581294
249,0.000780399069666588,0.4901639932192143,0.5075490106262088,0.0003629026837372713,0.001143694401173013
250,0.06357611848486437,0.8435844061384117,0.08113132549113368,0.005434664631519732,0.006273485254070401
251,0.0266136713333524,0.9362339388900435,0.032832690096171735,0.0006434706776270134,0.0036762290028054226
252,0.007228552040828403,0.7541568440720144,0.23562998808338362,0.0012469901812999136,0.0017376256224736447
253,0.0037758668420056008,0.8867380753213084,0.10760535950597862,0.0009327194284315084,0.000947978902275929
254,0.14909162146346897,0.8240707373558751,0.010772878056052258,0.010112613799222002,0.005952149325381748
255,0.002613396328032381,0.9329347813688706,0.06182396036442264,0.001294059620588525,0.0013338023180856286
256,0.09395256520800484,0.8744115625507374,0.011614794190674281,0.014332088039073765,0.0056889900115096835
257,0.0016066898824592907,0.7737598627169249,0.22312812717621924,0.0006847432462780625,0.0008205769781184395
258,0.09478526337018098,0.8808961670096552,0.013756834746726556,0.0040918776334520615,0.006469857239984837
259,0.004368988546980549,0.9698894124295598,0.023353873535056257,0.001417942771262026,0.0009697827171413759
260,0.015553565840852197,0.9283808157636558,0.048953241833198775,0.0038721409102352136,0.0032402356520579633
261,0.01063043019628732,0.9140724991462358,0.06904272981196649,0.0028116137078877277,0.0034427271376228246
262,0.002246862042647209,0.7313133393532337,0.26310648817939275,0.002034681213195113,0.0012986292115312037
263,0.05590222303294728,0.9016907970769307,0.0319487936962814,0.004730539821751138,0.005727646372089492
264,0.013365056524828509,0.9717853541518986,0.010766510764047568,0.0024535458864789754,0.0016295326727463332
265,0.004110933222244421,0.9107682640941728,0.07899018797190716,0.0038863932347641757,0.0022442214769113665
266,0.008749125750107447,0.9319928201567389,0.05105248108829773,0.005728090693126743,0.0024774823117291542
267,0.14106251383393212,0.737099531278442,0.011142470842392867,0.0992012067611441,0.01149427728408886
268,0.041960152727501546,0.8636460875601932,0.010817138241754972,0.08010974287391609,0.0034668785966339797
269,0.12007047287113866,0.7148461798381043,0.005965013228857301,0.15062481862808752,0.008493515433812252
270,0.04024955062245253,0.811001091087725,0.009563955719369346,0.13579113546508267,0.003394267105370523
271,0.016869614284912324,0.3519136922993827,0.0030866403085875655,0.6256272395639794,0.0025028135431378715
272,0.03394195936976619,0.10634914197470971,0.0011354152798190916,0.8392631038744619,0.019310379501243133
273,0.012196079717865613,0.1940091011883033,0.0016826355556739867,0.7897949744426163,0.002317209095540904
274,0.012918965578458673,0.0474829616719603,0.000587604231603556,0.9331253695592125,0.005885098958765034
275,0.012186619208262755,0.07023914492435816,0.0015227417916767964,0.9134000437150662,0.0026514503606362145
276,0.010773048116619756,0.03834558137989811,0.0004125187917871217,0.9449021710802765,0.005566680631418474
277,0.012753404479092048,0.07169027093505227,0.0004809867871242081,0.9119316891254511,0.0031436486732803796
278,0.010082649074449928,0.039427987152934676,0.0002382890281024795,0.945043090584409,0.005207984160103909
279,0.008320272699216499,0.008849569419742112,6.199308955312273e-05,0.9789554842606684,0.0038126805308198626
280,0.0075379885293860045,0.018089152331233056,8.580886434354222e-05,0.9699309089647596,0.004356141310277764
281,0.01727673544735587,0.0028771028674274704,4.464199874647179e-05,0.9654913753304487,0.014310144356021577
282,0.01596049147139536,0.010062740209061422,3.609476318618563e-05,0.964134509442575,0.009806164113782049
283,0.01619544884262557,0.009162583271349174,2.7755247728097212e-05,0.9649742347172737,0.009639977921023496
284,0.12682716865000954,0.008493456239089914,3.804079772889528e-05,0.8100095808969849,0.05463175341618658
285,0.020861242258859887,0.017911671046459132,3.2643832584282156e-05,0.9526393873167123,0.008555055545384297
286,0.031093817689225638,0.016640835750586624,7.201569582920406e-05,0.8300449340869805,0.12214839677737796
287,0.1644687039779093,0.03828933918698176,5.640901024262412e-05,0.7190678840322061,0.07811766379266027
288,0.05241715467005829,0.01667267471483614,5.206700868504539e-05,0.914525320027478,0.016332783578942585
289,0.13933364515333316,0.017304396260150286,8.381141242042552e-05,0.6663304298685877,0.17694771730550832
290,0.13060130953525617,0.01636878957193705,5.627899525721511e-05,0.7737000794843163,0.07927354241323323
291,0.04481987203078834,0.009895734521904842,4.3240397534915786e-05,0.9086358562564871,0.03660529679328486
292,0.043002164770031534,0.007605890341225306,4.7436827247864304e-05,0.30874765030014334,0.640596857761352
293,0.1435654148778284,0.011199536296786038,6.641722268043019e-05,0.6244051364532227,0.22076349514948235
294,0.1848028124087245,0.005344309369228702,7.542965900245112e-05,0.43884390919911653,0.37093353936392776
295,0.4051133261252734,0.019634732161154904,9.060950221735882e-05,0.44344571529062843,0.13171561692072603
296,0.07558283215622273,0.011119897833445387,7.177023803780346e-05,0.8605686134881171,0.05265688628417708
297,0.12636906228483183,0.016541842227843002,0.00018188246918678677,0.6048598093969653,0.2520474036211731
298,0.08338140672752141,0.011619624289647006,6.334986945496815e-05,0.8497307406911174,0.05520487842225922
299,0.09548678164666216,0.008520404538013612,0.00019825285355683475,0.7492676376580112,0.14652692330375625
300,0.1456313703152724,0.004209593151296741,0.00013740675510213256,0.6540381570970528,0.19598347268127592
301,0.11455899568965312,0.006899837540862276,0.0001228752539559838,0.7642641745926871,0.11415411692284134
302,0.1553115790359651,0.007444524218712969,7.324744648315128e-05,0.7737089461459387,0.0634617031529001
303,0.35917689831694943,0.005755215980560754,0.0001308909850544795,0.562755575437799,0.07218141927963649
304,0.11385671463555506,0.014313298887413931,0.00016050491382247245,0.8297895616780309,0.04187991988517761
305,0.046578360343519476,0.006406931244904809,0.00013810188728389012,0.8927753823736299,0.054101224150661965
306,0.030473794967568732,0.002873783970594666,6.571290466147501e-05,0.9050595960858947,0.061527112071280365
307,0.03652975351659236,0.009235391684720162,9.044599402410079e-05,0.9177326794744137,0.03641172933024969
308,0.04574807619706891,0.008279727551321057,8.050778467578765e-05,0.9085905546352059,0.037301133831728374
309,0.23969578428834074,0.009288154255245415,0.0001741877536634217,0.6640809828707691,0.08676089083198116
310,0.12747245845026123,0.011264083891639269,7.868385481897594e-05,0.7979914731614004,0.06319330064188006
311,0.1348718448880863,0.010489817446829247,0.0001682118800167872,0.7765262200161224,0.07794390576894542
312,0.13790101656760506,0.012042097952412931,8.136892467290526e-05,0.8036479753691929,0.046327541186116275
313,0.03869825287936822,0.010439899722783506,0.00012162322182196714,0.8750889242184173,0.07565129995760901
314,0.046212498397232536,0.009807587987497193,0.00017043659927218365,0.8741488977595004,0.0696605792564976
315,0.013983071652381569,0.006680989756084995,8.939050172841716e-05,0.9519669825604697,0.027279565529335362
316,0.01187944729827982,0.011665316620269336,0.00019772828599628182,0.9500109134723554,0.026246594323099073
317,0.044314653842351136,0.01716565750539985,0.00023882939469235993,0.47471218815684074,0.4635686711007159
318,0.06918672787132346,0.0043066734783990595,2.839341345104722e-05,0.06477901525552046,0.861699189981306
319,0.566330490163117,0.008812298898995164,6.886011695860802e-05,0.12206688670532766,0.30272146411560164
320,0.46901323563539415,0.022263607539149768,3.7753218329901226e-05,0.1454524769620377,0.3632329266450884
321,0.5820817135507159,0.014303374312558171,2.593909120493814e-05,0.11649246943747528,0.28709650360804584
322,0.5144745792820504,0.05786608394676515,0.00029628777234765215,0.2718725945893065,0.15549045440953022
323,0.21442698557484735,0.010383810500070059,4.6424372423159906e-05,0.22588583358187983,0.5492569459707797
324,0.18526487388943472,0.038315429895227446,9.7827074077157e-05,0.3949618354750754,0.3813600336661852
325,0.31096002059473526,0.044386232318820044,0.0001135165392217516,0.6063892508515535,0.03815097969566948
326,0.39719238721890726,0.08002941267688063,8.456671599938973e-05,0.3653013381574291,0.15739229523078357
327,0.07081942546381313,0.4657089499019576,0.00035310798371426675,0.43166497676824855,0.03145353988226646
328,0.07102107739658818,0.53526384846897,0.0004644006871314069,0.37997079428491864,0.013279879162391746
329,0.025996013124076324,0.8255995811806024,0.00034334220481809565,0.1260905207896767,0.02197054270082637
330,0.05927502510505549,0.5995189457982703,0.00022009991494653777,0.3275630334399123,0.013422895741815427
331,0.11020342746881887,0.4125819226986087,0.0004095977371232576,0.43487804928730417,0.04192700280814509
332,0.04506646193776799,0.8242171504589886,0.00046987424518259787,0.12173547836350143,0.008511034994559403
333,0.1196505773380703,0.1145837978543959,0.00044131565907434025,0.2232594276479021,0.5420648815005574
334,0.2100506072530021,0.41640681324650963,0.0004451786150186102,0.34794582571732185,0.025151575168147932
335,0.2341688037943562,0.2520948589315987,0.0001937404896800579,0.38891270437662867,0.12462989240773628
336,0.49719940369451604,0.376344392470258,0.00033302674471891907,0.10271918265847732,0.02340399443202971
337,0.19016041408916465,0.6998134996340679,0.00022380213049648514,0.09477881631497069,0.015023467831300307
338,0.3024299796302318,0.5397869265972297,0.00021736624700450545,0.13353749491376443,0.024028232611769597
339,0.08233975778879975,0.8014604020417608,0.0005025046943048147,0.1109130166558263,0.004784318819308372
340,0.18416956714476462,0.484941457961832,0.0003483934282809433,0.31798190728394576,0.012558674181176519
341,0.11403854073075749,0.8179316622978843,0.0005191685255858491,0.0579580759641411,0.009552552481631216
342,0.03861617358444157,0.9345389247652054,0.0004727030747071972,0.02376669925974232,0.00260549931590356
343,0.09823310661718057,0.7746850631192138,0.004759393562576824,0.010186534313972175,0.1121359023870567
344,0.1862281004388478,0.7362473388272164,0.0024129850783362414,0.05601880970285622,0.019092765952743403
345,0.33719861876011803,0.5027482212487072,0.002159339132070733,0.1053523701692687,0.052541450689835435
346,0.16039349281677526,0.8012173316071081,0.0014750603381779245,0.021970309992716975,0.0149438052452216
347,0.33869693430069164,0.5102796245849451,0.0005767800487742706,0.13291793760556056,0.01752872346002845
348,0.017251054665191782,0.9764600305992334,0.0008295662090192492,0.0035008739960592813,0.0019584745304964055
349,0.16309956109606868,0.7274824733446767,0.0006693852605278176,0.09645451363770859,0.012294066661018212
350,0.06965230938702374,0.9084845158155543,0.0003616954046102103,0.01245141937742882,0.00905006001538306
351,0.050635200988998444,0.9263137017267976,0.0012893899857118727,0.018729236156669656,0.003032471141822345
352,0.07552454585840379,0.9027272824133274,0.0005438294897234593,0.011643415392926489,0.009560926845618833
353,0.08175299925527034,0.8804776493426195,0.0007311530727574574,0.03290471682256508,0.004133481506787625
354,0.27162798870646543,0.6026774748365403,0.0014484445836071868,0.013255274554429475,0.11099081731895756
355,0.17135913932939117,0.8039862168621345,0.0030154650178016787,0.017632634103799838,0.004006544686872832
356,0.2613296970848101,0.7100288408866533,0.0010023249943541407,0.01187846073048403,0.01576067630369832
357,0.017860629364740838,0.9722822388303852,0.004918906951038435,0.002394034106724966,0.002544190747110685
358,0.14971780312057412,0.7611828041434469,0.0013837385168618318,0.07897166962508169,0.008743984594035395
359,0.023680757678861897,0.9461049264254106,0.010392893413101172,0.0020095449955328175,0.017811877487093643
360,0.14134495824745794,0.8076326627858841,0.004339137042371513,0.040166679198770074,0.0065165627255163285
361,0.14907082470866928,0.7882339059624768,0.004869992631213945,0.04341412264564822,0.014411154051991865
362,0.18786535796666678,0.7752393549941886,0.003272820206697667,0.02721396872301015,0.006408498109436755
363,0.2945840616389448,0.6533060850887832,0.0008243661098039682,0.019706501322746647,0.03157898583972133
364,0.050811892657725545,0.9355598412175884,0.0002849567895381979,0.009857163805115567,0.003486145530032273
365,0.1335963489597141,0.7819451756624642,0.0011800591665488407,0.07803144567736083,0.005246970533911893
366,0.028172932685889798,0.9578300236955845,0.002415076709058799,0.007187370716573886,0.0043945961928931335
367,0.06666120834146115,0.8721936708405257,0.005009383904170205,0.05343575080723478,0.002699986106608256
368,0.05545443764192562,0.9057090995255306,0.006614078620515284,0.02570335262796816,0.006519031584060077
369,0.07062655746254795,0.9025626109524634,0.001432355532311963,0.0215080182487254,0.003870457803951411
370,0.0833396589664375,0.8366704202084773,0.002160589328167932,0.06281515981888773,0.015014171678029615
371,0.027075637213289695,0.9515670098051823,0.007413102534512127,0.0076534213288185935,0.0062908291181971885
372,0.11046781241767134,0.7773058794500827,0.003870459754415566,0.10148022334485124,0.006875625032979249
373,0.05801489976891064,0.5871907527475023,0.011824045420330873,0.0013909704698467815,0.34157933159340953
374,0.39353424876032156,0.5545431710397365,0.003242388183580825,0.027817265948206105,0.02086292606815507
375,0.21144224362872005,0.7635480977728496,0.002665490867019025,0.007571210667756969,0.014772957063654323
