epoch,N1,N2,N3,R,W
0,0.00019326916998572833,6.0477461192375255e-05,0.0002806443931994278,5.3337986346806946e-05,0.9994122709892755
1,0.0002610186113589196,0.00022324079395904942,4.023739278571084e-06,0.00016589076171960457,0.9993458260936839
2,0.0025431272235247565,0.0005353256844126701,0.0013866680712638197,0.00036945315461613717,0.9951654258661825
3,0.0009212939305148207,0.0009747188445470192,0.0006067245220238994,0.0006260156732636687,0.9968712470296506
4,0.001213700758528523,0.002826620857021434,0.00014782265531027673,0.0003494512808944713,0.9954624044482452
5,0.0066369450075551084,0.003649268971809368,9.804279668273463e-05,0.00029309782254053067,0.9893226454014122
6,0.011581149724288052,0.0058454356249845576,0.00377172030787926,0.0007166876144830783,0.978085006728365
7,0.0054095458722219466,0.007054247857022755,0.00012106499707425236,0.0006032811372364844,0.9868118601364445
8,0.006571920050808461,0.0058155389365687,0.0004937186992749389,0.0004431499267999591,0.9866756723865479
9,0.01540954374098403,0.006011102902504422,0.00030623769127869407,0.0006427452604629483,0.9776303704047699
10,0.013708239701497291,0.006265267775036403,0.00355519686173754,0.0008774353474796003,0.9755938603142491
11,0.007211924382675573,0.0033563697346104225,0.008225072721779834,0.0005117162021241362,0.9806949169588101
12,0.039030902390235524,0.021436323568974337,0.008351012227059043,0.0032280533488188924,0.9279537084649123
13,0.01618692642231532,0.004472776218058023,0.00021193766763433032,0.001570119010672088,0.9775582406813204
14,0.03929853336787334,0.03233186953826034,0.0005265324864616721,0.004334554841282548,0.9235085097661221
15,0.027698188052360587,0.10852044916490163,0.00039064414386211216,0.0033313712050776884,0.8600593474337981
16,0.1087815841005786,0.07812863317554782,0.0002479794317309751,0.005855537829300379,0.8069862654628422
17,0.04733506791839505,0.08882028975504146,5.8406644479872914e-05,0.002103693834830513,0.8616825418472532
18,0.060818060212432766,0.050729349948237606,4.053987357304467e-05,0.0045690281559469526,0.8838430218098097
19,0.059465106871038904,0.4123925659030487,0.00019413016396745706,0.0009655389364790668,0.5269826581254659
20,0.09657438248871217,0.2257335686442164,0.0001313440498380497,0.0033030738643729774,0.6742576309528603
21,0.0679609425737504,0.09710617031203748,4.37025935567962e-05,0.004115983128618914,0.8307732013920365
22,0.06695355813179826,0.27291698585072816,8.849289719981891e-05,0.0024924479958993327,0.6575485151243743
23,0.14042635483305516,0.2860053700860303,0.00010673968224522346,0.0058123097899234226,0.5676492256087459
24,0.20380390427113795,0.24844897360734758,0.00028801257849939615,0.0036366663683134242,0.5438224431747016
25,0.07071691581993178,0.4101233007109541,0.00017383692669225694,0.0034664619070843648,0.5155194846353375
26,0.11934395643400737,0.15523255446830475,0.00019864718579653396,0.006129250486925287,0.719095591424966
27,0.23331983789903313,0.33833380484567777,0.0009269289781214781,0.0051848341255686286,0.42223459415159903
28,0.14608347490518409,0.39878973989623173,0.0005334574983978032,0.008373084698339925,0.44622024300184665
29,0.10930060771765768,0.26314191795842307,0.0004911591615372966,0.006600197902298458,0.6204661172600835
30,0.18857341307223532,0.16931126693632356,0.0006044634658296887,0.01290640562352407,0.6286044509020874
31,0.14222050869673225,0.19620949420134742,0.0007396960797727365,0.002991945537665515,0.657838355484482
32,0.1595564583126057,0.06428979361749487,0.00045142701635596016,0.008172248463271303,0.7675300725902721
33,0.1798216856433006,0.16526559432779264,0.0005554120778635846,0.014810896561201178,0.639546411389842
34,0.1813377666760797,0.2606265726877252,0.0012892053789517255,0.016278659409584843,0.5404677958476586
35,0.23400105362049645,0.456477153426433,0.0007587152004801903,0.01054624554198364,0.2982168322106068
36,0.2016954205230578,0.3826653025867588,0.0005740477958890591,0.01309996598941448,0.40196526310487973
37,0.19348543743114158,0.384973331515104,0.0008026492929472103,0.01687843048791798,0.40386015127288943
38,0.1599786897745379,0.5065336564094368,0.0011171746594361642,0.007272761905549437,0.32509771725103986
39,0.25615104997320437,0.3572598569877272,0.001123483256852659,0.006947457010221858,0.3785181527719939
40,0.1845767129097647,0.3782536967381551,0.0017541816577555463,0.006080373290666427,0.42933503540365836
41,0.2719153392707082,0.46245305363311556,0.0012115942618043042,0.021510838716482097,0.24290917411788987
42,0.18923984366453447,0.6474530031691023,0.0021092351154971115,0.010473510342069085,0.1507244077087971
43,0.14248323638244983,0.7055805514959547,0.0032218167823794296,0.002546927294105757,0.14616746804511038
44,0.17070513748388888,0.4554483558263711,0.0015712623368844705,0.00828566651155274,0.3639895778413027
45,0.21778097403993832,0.5576761394076002,0.00039376857637368805,0.006393746845872802,0.217755371130215
46,0.16591440038447505,0.6753492288973355,0.0006836676550845486,0.00966141810301048,0.14839128496009452
47,0.19453109318721765,0.49194427531034235,0.0003669711879725088,0.003654722772977947,0.30950293754148966
48,0.18798556772193098,0.6305743507977386,0.0006757890607723401,0.0124401186499081,0.16832417376965003
49,0.20544874778433703,0.5002006195510393,0.00042241158181889306,0.009450040594507887,0.2844781804882968
50,0.1019403791857831,0.827343271943234,0.0016944888808413652,0.00678216363540011,0.06223969635474159
51,0.12122513252609053,0.769257361919438,0.00024125661273811025,0.010794076169611139,0.09848217277212232
52,0.1501312211698303,0.7285501884681511,0.0005028761101618647,0.011456715764493508,0.10935899848736316
53,0.10660076997675459,0.7646146627447513,0.00026315424738072244,0.030652658732715395,0.09786875429839777
54,0.10942883111688095,0.7255339999643977,0.00039994084578469347,0.008095338937379503,0.15654188913555708
55,0.11327346425921762,0.8215016098561965,0.000595098120532291,0.006473786285368078,0.05815604147868542
56,0.20172416839684992,0.6050641206447579,0.0005433593603022459,0.009693928382515045,0.18297442321557486
57,0.13480846591611703,0.7764008267557279,0.00036102177632311706,0.020899694480692198,0.06752999107113969
58,0.1471433224143452,0.6963716707601569,0.0009623810657655784,0.010642099199844006,0.14488052655988823
59,0.12139451312434395,0.7936319639685359,0.0009565503050155739,0.009512482617684786,0.07450448998442011
60,0.08418579324931835,0.8307047777349498,0.0007784759470788425,0.0056776948783686405,0.0786532581902844
61,0.0883984530462726,0.8335034121437115,0.0005693637782396597,0.012038631543085408,0.06549013948869092
62,0.03223185056918417,0.679753896625503,0.0018544136814999067,0.0037127556933539457,0.28244708343045893
63,0.17392428467375828,0.3199680090250146,0.00040700171417693405,0.016968728761996163,0.4887319758250539
64,0.22482317769475152,0.511652877561969,0.0007164911526345343,0.023584614505950365,0.23922283908469472
65,0.1234086575810204,0.5723283616750168,0.0006590953005613457,0.00681632611186105,0.29678755933154033
66,0.12177175222424237,0.6654538648418714,0.0008983013300809552,0.01178748158391155,0.20008860001989365
67,0.1394907579174656,0.5885611519841256,0.0005938684498978303,0.008852071320716139,0.26250215032779484
68,0.11582376959628783,0.5291259922670233,0.0006948452215420226,0.012062200455204543,0.3422931924599424
69,0.13797393871522445,0.4220041033914182,0.0005948198631580069,0.009317942227653775,0.4301091958025457
70,0.17127174047472146,0.27919615490318844,0.0005113372133715864,0.0086753896963099,0.5403453777124086
71,0.20712770133121136,0.5789698031132556,0.000410122510112519,0.017457398130424094,0.19603497491499638
72,0.1502199320915557,0.5930987233510455,0.000690754228036843,0.020295891987461026,0.235694698341901
73,0.15531728519220075,0.4296531622360671,0.001093779519728471,0.01810873644793476,0.3958270366040689
74,0.22039090075900544,0.574756016123116,0.0010536146282337164,0.01437419619323442,0.1894252722964105
75,0.18575466280526404,0.3539080367448995,0.0016394147631386615,0.01483037424473593,0.4438675114419617
76,0.148389833393621,0.6401293893007297,0.0010337888807748009,0.031920135188737986,0.17852685323613635
77,0.1863248732275641,0.5627196431454037,0.0008767181115478198,0.08158524871357271,0.16849351680191166
78,0.16164483370266572,0.6224868658835345,0.000646620713679747,0.03828962680601747,0.1769320528941024
79,0.1326350903179798,0.6134955028016921,0.0006795854542223399,0.04944891545193134,0.2037409059741742
80,0.17490580929569147,0.5107450912383137,0.0003382975817972386,0.040489583263467965,0.27352121862072976
81,0.1224921770789829,0.5625766387377585,0.000770845553517039,0.06573572154536543,0.2484246170843761
82,0.14726147077079066,0.6529156319475476,0.0008273729345667292,0.03985380784289233,0.15914171650420272
83,0.08792996163102598,0.8057411179408965,0.0007444493301945619,0.02827228271591158,0.07731218838197133
84,0.09404481102761544,0.7660507631104232,0.0010525486553245673,0.01166110258878269,0.12719077461785402
85,0.23191142872732567,0.2884361097558983,0.0004478560745363763,0.0322573459226472,0.4469472595195924
86,0.2569629117644726,0.5121065595914047,0.0005254867720882803,0.04704382327210459,0.18336121859992968
87,0.17258932407141056,0.5923214918398825,0.0007194071982477327,0.07196713922612873,0.16240263766433044
88,0.13908302498234884,0.6484404890656983,0.0009223316602373134,0.06135082968239334,0.15020332460932226
89,0.1808889668496917,0.3673598804465987,0.0012182511141013372,0.04256245808242281,0.40797044350718564
90,0.29201159626893236,0.46066392600940204,0.0007296857812144458,0.050078399586356,0.19651639235409527
91,0.2767387875353773,0.19465901714647252,0.0004016380827548508,0.04584593656412061,0.4823546206712748
92,0.27978120150737695,0.5009896366310366,0.0007704394767296101,0.04195115700701147,0.17650756537784534
93,0.23156557624090135,0.5008494722918683,0.0005918339568386703,0.1138244518614108,0.1531686656489808
94,0.23568687386776305,0.5457690742347997,0.0006814427359423293,0.05134420563326488,0.16651840352823014
95,0.09685910670878632,0.8218586593289321,0.0005124639384611133,0.008532747392074432,0.07223702263174628
96,0.29698125545435033,0.4839996755958963,0.0004818612359586676,0.07254667228012512,0.14599053543366944
97,0.19613749617681456,0.6472409188039826,0.0006202428256860242,0.054386546662462815,0.10161479553105399
98,0.30481661487841344,0.42225102797849245,0.0011317574195704254,0.03637748173682244,0.23542311798670118
99,0.273272118128668,0.26899761301329994,0.000681657769437288,0.043127060766527676,0.413921550322067
100,0.21008856871991988,0.6149597863201963,0.0005472458972655199,0.08342193804607233,0.09098246101654603
101,0.29111184837975823,0.5759804647657372,0.0004402060791776551,0.03637068745636372,0.09609679331896331
102,0.14024899983971326,0.7563894385157514,0.0034617011905988394,0.0443262709649236,0.05557358948901297
103,0.3144922003138394,0.4077984367948916,0.0005021880474381293,0.08675086778362427,0.19045630706020658
104,0.19293859163802404,0.6611920903658949,0.0011988249315896943,0.04338218285144225,0.10128831021304928
105,0.3117784245678164,0.453697770583305,0.0016414535124195243,0.020830780710072973,0.21205157062638608
106,0.27934468589630695,0.4389431116679556,0.0009053539232890619,0.02933621029450405,0.2514706382179443
107,0.1711469475810731,0.7197306260661679,0.001286880298677917,0.049283584419604926,0.05855196163447619
108,0.1693304808859,0.6826000994466227,0.0007643449425264105,0.0449346609983943,0.10237041372655653
109,0.19294265419113119,0.4520502322763388,0.00048755511115918177,0.036636358822495683,0.3178831995988751
110,0.1562161507327588,0.4430076080863192,0.0019870250684749014,0.03738815946750956,0.3614010566449375
111,0.1477667451286132,0.2379931752331645,0.0005426662592632496,0.06165462884431461,0.5520427845346445
112,0.17934331538482667,0.6216769613772116,0.000754104224484782,0.04773610741505407,0.1504895115984228
113,0.163763169104065,0.509042416388836,0.0008513402169180968,0.15692668781052677,0.16941638647965415
114,0.23978215593112606,0.34687435457397225,0.00033017829091333995,0.20943916043391209,0.2035741507700764
115,0.19522141361374928,0.5793696388575791,0.0006650942301595501,0.1442145189828046,0.08052933431570743
116,0.22235392811371102,0.40232793587305904,0.0010408393079012416,0.2267839691687037,0.14749332753662497
117,0.2046681676521476,0.295363023602282,0.0010140061125824763,0.17803530140960191,0.32091950122338603
118,0.2327221859544691,0.40126214497872653,0.000994240313153002,0.23230681304290554,0.13271461571074594
119,0.3246650021253602,0.35269513796031426,0.0006143080410039515,0.1568671567095636,0.16515839516375802
120,0.3569604483212802,0.3273871432194994,0.0008621091439483381,0.13393384461007932,0.1808564547051927
121,0.1273636095788946,0.21502687246595914,0.0027638163865537934,0.10748967701498686,0.5473560245536055
122,0.19695553410435937,0.23274949162231354,0.0005427555507295067,0.15000976035705482,0.41974245836554286
123,0.27225203829525113,0.2971647080377025,0.0008393992649674871,0.17584244522477804,0.2539014091773008
124,0.20175671316948768,0.4705969237486806,0.0017800104867674354,0.11145924387778049,0.21440710871728372
125,0.25781997895211545,0.24162502616302697,0.0006607532968849778,0.2953881852600168,0.20450605632795585
126,0.2710734083132648,0.35019756215567144,0.0007727007235076822,0.21646904500116254,0.1614872838063935
127,0.3009756591232735,0.2578396341766698,0.0007592094133205204,0.25800675843011595,0.1824187388566202
128,0.3261129705433153,0.16486162556852924,0.0011115320922393224,0.10931172310964986,0.39860214868626637
129,0.28572867385464323,0.27806256875292823,0.0008870690839005559,0.1844961198362641,0.25082556847226395
130,0.20906999709881574,0.18791959413833859,0.000504719393575298,0.3198078581014355,0.2826978312678349
131,0.17893360122676083,0.3791128525592176,0.0012513653798680079,0.26537758951339646,0.17532459132075692
132,0.16769811992600583,0.07631933317793493,0.0005395564316881374,0.170225184278734,0.585217806185637
133,0.126133023973763,0.6533350252983414,0.001609421138700341,0.14447360461468908,0.07444892497450609
134,0.19458067845891694,0.1665691079119503,0.0008253395402835178,0.20957288797410023,0.428451986114749
135,0.27329747427026474,0.18625802003526062,0.000623500775899615,0.3002486131454115,0.23957239177316358
136,0.24645629194570648,0.2538555604240878,0.0006154143958047999,0.3561223131189217,0.14295042011547918
137,0.257355752200598,0.31042572077970465,0.0009911586314113074,0.32904651988614225,0.10218084850214397
138,0.1875328695852471,0.4446580071194926,0.0007246941635244015,0.2906409767051454,0.07644345242659038
139,0.30177375161722825,0.22116761044113264,0.00081839442367562,0.14852402308069507,0.3277162204372685
140,0.2455146295343805,0.2635481458748107,0.000555566790046474,0.33379245472698366,0.1565892030737786
141,0.19283281142561637,0.42661747930831345,0.0005423958740706774,0.24906622280815513,0.13094109058384448
142,0.22945786298311388,0.15891407641410477,0.0003508550196393046,0.32757874674607995,0.28369845883706213
143,0.20786096991468206,0.12041486538173138,0.0008917430361606656,0.12078708651500139,0.5500453351524246
144,0.2804648419395647,0.18767854461324904,0.0005972292958734288,0.3956328572203876,0.13562652693092528
145,0.25502282294319506,0.4018523907581869,0.000666299171609303,0.2293690552469746,0.11308943188003395
146,0.1520927257365631,0.3194331608219726,0.0006706137958231327,0.46753414084067785,0.060269358804963195
147,0.1806897273943952,0.36581785488101787,0.0003263412611533035,0.31547617817400386,0.1376898982894297
148,0.19680566181003034,0.304810378329425,0.00032202516858924877,0.2919880225505265,0.20607391214142898
149,0.2146664821218613,0.38329538874058494,0.0004728411638765049,0.22553672245921752,0.1760285655144599
150,0.365951679553609,0.1852953541941812,0.00034707471251279297,0.2633658735065798,0.18504001803311723
151,0.3735408531084318,0.23062336239874606,0.0003287932184349778,0.18424490726787882,0.21126208400650826
152,0.18313425819083445,0.21227179609194563,0.0003254782813840511,0.4521639095131843,0.15210455792265162
153,0.04002854212068778,0.1471887840376706,0.0005070714989349049,0.040520835979378785,0.771754766363328
154,0.11159566633764108,0.25344664790963417,0.00022446030677028724,0.11511579258180055,0.519617432864154
155,0.19351500579786973,0.3919487551759115,0.00045490553308382504,0.11401455115779024,0.3000667823353446
156,0.19700991462243805,0.2695300043368764,0.0004701759951250209,0.15130684777798759,0.381683057267573
157,0.09259865556099113,0.3548354042831039,0.00027582559313922604,0.1924985850067791,0.35979152955598664
158,0.15615376391704472,0.3595133755392455,0.0006076348653423991,0.1384696282340988,0.3452555974442686
159,0.11217133389753554,0.3012219328212551,0.00039501520276890944,0.16671120276898047,0.41950051530946
160,0.15031079448284984,0.1547388972451556,0.000894971423045039,0.35022306071473724,0.34383227613421224
161,0.12597572385860312,0.13831815685992044,0.0004803025596784375,0.17447179935412185,0.5607540173676762
162,0.17140574978500123,0.09983775916778652,0.0008513064701835508,0.2815692407152578,0.44633594386177083
163,0.08144993737255804,0.0861938121755458,0.0006264650049406854,0.25581287839384015,0.5759169070531154
164,0.07217692602319271,0.07668500786989191,0.0005450110663988093,0.5159400719943614,0.3346529830461552
165,0.23613352756203373,0.14178243569247986,0.0013239382374199242,0.35813439369520417,0.26262570481286224
166,0.1198623251256538,0.08059863528882102,0.0004903039272561877,0.21388731810835027,0.5851614175499188
167,0.1350712307173653,0.05874830378018443,0.0004264383238874982,0.36324938661331463,0.4425046405652482
168,0.19399081517036104,0.07936789751110836,0.0007570345483296662,0.31276730638456207,0.41311694638563884
169,0.12027005005790659,0.09450709637549112,0.0009355176196690078,0.39180200233603274,0.3924853336109006
170,0.13189738104947138,0.06023771809182793,0.0005481981368903807,0.3067181680082312,0.5005985347135791
171,0.09586695831573101,0.09620802929131472,0.0007579835631558086,0.5113318667437627,0.2958351620860357
172,0.1722339446677674,0.1334149280452195,0.0006643509865216229,0.4693225276661036,0.22436424863438784
173,0.13726935536912505,0.15083933989964196,0.001040944777718994,0.4801054468735547,0.23074491307995915
174,0.10939826718039168,0.07123981877100329,0.0004541323008405548,0.32637597401106144,0.4925318077367031
175,0.10274119643382151,0.07357096419160215,0.0004367959036796013,0.5262389071138523,0.2970121363570444
176,0.07402369990238533,0.08066731276619248,0.0004131980778981731,0.3401608259167322,0.5047349633367918
177,0.12316259294572203,0.07862969077404158,0.0004828320849712174,0.37186282795797077,0.42586205623729434
178,0.13505410660568792,0.2310417015635339,0.0008039918635490073,0.4908842289769724,0.1422159709902569
179,0.11360998638781983,0.13406454300338164,0.0005783491223952418,0.6064909030170191,0.14525621846938425
180,0.11097337698808599,0.19851846787505037,0.0005030679018790056,0.48039939315044633,0.2096056940845382
181,0.024393226801037646,0.046686031870991775,0.00018984012663861047,0.2006273174329146,0.7281035837684173
182,0.08635162630092316,0.13422919341338188,0.0007417637531407765,0.36536749696443843,0.4133099195681158
183,0.06202485703413209,0.15469093385369856,0.0017441809759231048,0.4054320573224398,0.37610797081380637
184,0.05131294844241546,0.22238862617312907,0.0008120807791010979,0.5698043353379763,0.1556820092673781
185,0.021475366714491555,0.13204063478207026,0.00045191942902852197,0.7239007683706522,0.1221313107037575
186,0.017671375240593257,0.12557897981260654,0.00026726900734169875,0.5936207481569555,0.26286162778250316
187,0.016177822629556544,0.1055094144078115,0.0003537624745046486,0.7855914676425754,0.09236753284555192
188,0.023738458622153773,0.1156029746663894,0.000620309523108533,0.6635901485929113,0.19644810859543693
189,0.017825425418242138,0.07225999222237928,0.000591866281108337,0.669831004101652,0.23949171197661837
190,0.032729967368466006,0.08291687398255597,0.0006486441608437945,0.7237386442180972,0.15996587027003698
191,0.04689463246729943,0.30992372671752877,0.0016002239684225583,0.53510000180652,0.10648141504022919
192,0.030255472506534046,0.07622890080068806,0.00038395021435190735,0.5626426489524172,0.33048902752600867
193,0.03330650548192915,0.09770695192530818,0.0012254615775835283,0.5175645851124108,0.35019649590276847
194,0.04248090204975484,0.09455055345246394,0.0006939552478896796,0.592611484655926,0.26966310459396553
195,0.03494320404751313,0.05459402528104836,0.0008799151246663974,0.5452575239615927,0.36432533158517955
196,0.03274445678238482,0.045751651258649,0.0007571790862265546,0.811241975108341,0.10950473776439867
197,0.1107586040728225,0.10887700026904983,0.0019649268879451216,0.5815052783171027,0.19689419045307968
198,0.18259429548240197,0.06718093902287296,0.0016082387729700305,0.4959572913953141,0.2526592353264411
199,0.09744032901571843,0.046217358009548806,0.0009587977232143153,0.7376220036470794,0.11776151160443894
200,0.0834270772865927,0.025022369404277198,0.0006712672388622088,0.512400807395312,0.37847847867495593
201,0.06496899553448594,0.025399901684441593,0.0007826845104687931,0.7343696006776831,0.17447881759292064
202,0.04434426310297865,0.03098674720145212,0.0007935878822832559,0.3707967089600547,0.5530786928532313
203,0.12214279930013204,0.045390465635371,0.00011091686028230203,0.5707741721603952,0.26158164604381945
204,0.1922464037294504,0.06341405047868677,0.0007581636109909971,0.5158281948156563,0.22775318736521555
205,0.14721017188761254,0.03061906672936479,0.0001048766500158025,0.3607756391132658,0.46129024561974097
206,0.12667063422632077,0.08752653869036076,0.0010530765797347585,0.595478726896451,0.18927102360713272
207,0.1606454249523174,0.08140356631411907,0.0008518305453572581,0.5605079087474927,0.1965912694407137
208,0.13953990608191716,0.0526398421456475,0.0012891019794840479,0.4797663078061756,0.32676484198677586
209,0.02198516441545766,0.027437760776357734,0.00022969696923739376,0.3787145437344259,0.5716328341045213
210,0.06515169058863805,0.02332162042517189,0.0010188111807487926,0.5725817806678598,0.3379260971375814
211,0.09455939316875189,0.03266776045102961,0.0005188346413927353,0.749936059566619,0.1223179521722068
212,0.12485840484679814,0.04552367416232543,0.0012809040813619229,0.5032995456245755,0.3250374712849391
213,0.09740158890613303,0.05401142658995873,0.0009797192955648968,0.633488302491331,0.21411896271701222
214,0.07997466748840348,0.03965839015507826,0.0011557823180019717,0.678914687211362,0.20029647282715424
215,0.04117093133944415,0.04021214496746056,0.0009221737065357139,0.6709471606777132,0.2467475893088464
216,0.047893894110962384,0.03263331885616521,0.00045086541277475014,0.839117959288231,0.07990396233186665
217,0.056617334280449474,0.024895256918438132,0.0003530664170196871,0.8536133551284751,0.06452098725561753
218,0.04756355648231556,0.027752086223697663,0.00029119821683859076,0.8310005846637756,0.09339257441337265
219,0.04773571199004162,0.03527512259442639,0.0004989975237297401,0.7462024740261374,0.17028769386566486
220,0.06960028144766499,0.054303918869474554,0.0011937838923550153,0.73629361095199,0.13860840483851553
221,0.07253770459263363,0.03992524690304709,0.00043809132072449854,0.7834127780482207,0.10368617913537403
222,0.045522242508113125,0.027231642141643978,0.001070841691611698,0.64090232619694,0.28527294746169113
223,0.03324169530587092,0.02380087618558906,0.000428576665263534,0.8498339913973859,0.09269486044589048
224,0.04649560735936247,0.02938708520439234,0.00039820532527799264,0.8044139552249618,0.1193051468860055
225,0.05953854643231549,0.026846831475510615,0.0004322994593361112,0.7929191917863966,0.12026313084644107
226,0.09371250787144099,0.039760777588414266,0.00041084477755946863,0.6861241439035245,0.17999172585906087
227,0.057319627212967114,0.027834075070515617,0.00032849355296772257,0.44837240113997223,0.4661454030235773
228,0.13294748118277352,0.04756154607404441,0.0007400833385917337,0.4590477470737663,0.35970314233082407
229,0.0975663953866959,0.05603700314771928,0.00011474706093040501,0.4390459611896801,0.40723589321497444
230,0.14829441075226288,0.06203077295722724,0.00018555578302665912,0.5886166657840355,0.2008725947234477
231,0.10701554316894513,0.04907813901819618,0.00010752359233187998,0.41720317212786845,0.42659562209265844
232,0.09242722186536928,0.08246753190643034,0.00013183293467168672,0.6129219807619694,0.21205143253155925
233,0.07335790663601656,0.03737474478348788,6.443742023262246e-05,0.5125371208587781,0.3766657903014849
234,0.115837084615137,0.14332739896024507,0.0003369532184922384,0.524108440509681,0.21639012269644473
235,0.15664978000311977,0.11955795124369119,0.0010932657100018689,0.5282223803215682,0.19447662272161903
236,0.21790285467037035,0.24591460717007524,0.001584960901309479,0.2834337744067548,0.2511638028514901
237,0.10721370831356654,0.10065274535396945,0.0013141767865778985,0.17466280072522963,0.6161565688206566
238,0.24496664354874068,0.11341023618050568,0.00042916989138753775,0.28610267888528684,0.35509127149407926
239,0.0770086680248108,0.09544880337150974,0.0002690324644188303,0.06673923858922179,0.7605342575500389
240,0.05440847498527551,0.03561321120989446,0.000217763775101073,0.04287715172209996,0.866883398307629
241,0.11134958749995828,0.08948869729149751,0.0002936642075426871,0.1026265041089644,0.6962415468920371
242,0.09587123907778261,0.07468611505115545,0.00027418155862490216,0.07079500404320653,0.7583734602692305
243,0.0924979992832776,0.11871766656230553,0.00037662808647934826,0.05273092804416308,0.7356767780237744
244,0.23358579299411777,0.33434716793051494,0.0006015274730367933,0.10979359586960453,0.3216719157327261
245,0.10599231237489318,0.22099668673519618,0.00041464167409269826,0.1043648071679533,0.5682315520478648
246,0.08384570632164196,0.2145950332810039,0.0008601568432906384,0.09012645204550122,0.6105726515085623
247,0.1614722588014486,0.19034508912885276,0.0008226110540076231,0.2744336479611455,0.37292639305454556
248,0.2949230852759575,0.17363818358849453,0.0005705840514487952,0.23943331398206288,0.2914348331020362
249,0.2540022401715365,0.16059302876505516,0.00068640792961384,0.4720160160076208,0.11270230712617377
250,0.14503844747933245,0.1986154173666001,0.000837281193719075,0.5405997753365641,0.1149090786237842
251,0.18504338762191713,0.18135290438634047,0.0010889447410176402,0.4794611962038588,0.153053567046866
252,0.14549225963293755,0.1317939318961312,0.0008194013389524599,0.5286055835405409,0.19328882359143804
253,0.1842509153393346,0.2164001066832039,0.000930534031858184,0.45536136462367405,0.14305707932192924
254,0.24163739328595274,0.176889590247647,0.0008669836071873399,0.4099836295467058,0.1706224033125072
255,0.15437134826316373,0.47357309293606736,0.002047662223893745,0.30270250776583213,0.06730538881104306
256,0.174226537764591,0.2686049891003042,0.0018946262043170279,0.3730944912693173,0.18217935566147042
257,0.18098446321577646,0.37064748307606055,0.0017620825750802112,0.30135414521140363,0.14525182592167932
258,0.16441384572690318,0.4022795468111302,0.0002747506348580456,0.2285113899435002,0.20452046688360842
259,0.1559579476129044,0.33810422733852347,0.0003878759226048261,0.42163560859825633,0.08391434052771093
260,0.08507286724301617,0.6789677201881945,0.0004117392737783857,0.16751058861111798,0.06803708468389298
261,0.14865806736478726,0.5401701604119156,0.0009332069867909007,0.09692677858678199,0.2133117866497242
262,0.21655568051809448,0.33063304248545555,0.0005440836484855449,0.2469817614106939,0.20528543193727045
263,0.32589133166839457,0.2552824925222697,0.0006217197079878649,0.21585622331346319,0.20234823278788464
264,0.14929039610180625,0.6057585176043186,0.0013982239857727502,0.13784950724927636,0.10570335505882592
265,0.15176879800519003,0.46822584413572216,0.007058700054060804,0.1302881964782143,0.2426584613268126
266,0.1703205213050364,0.41270416499935736,0.023446390960938198,0.1168270954212803,0.27670182731338777
267,0.14580901705289548,0.4704642156946242,0.013962184904290841,0.04901769639740054,0.32074688595078893
268,0.23690504848928437,0.5469654530275044,0.012673106558519913,0.061290768306946124,0.14216562361774507
269,0.09902067938383272,0.6374241735027142,0.005578208358061389,0.1167462512907653,0.14123068746462647
270,0.1314801579455811,0.7158653219845712,0.005146871074421367,0.07108026040976996,0.07642738858565631
271,0.16689524110727036,0.6120583671838534,0.004172163709023735,0.06833664691781023,0.14853758108204237
272,0.1463798498767651,0.7100168634615097,0.004597150476805684,0.06252632694996736,0.07647980923495218
273,0.14969178311767764,0.7319664946823055,0.004452399928741296,0.02735330647186541,0.08653601579941016
274,0.09986826768712877,0.8177282118256112,0.009243289568094646,0.014899791138385705,0.058260439780779674
275,0.261046691278535,0.639925042145785,0.011728356999338108,0.04082616323729805,0.04647374633904369
276,0.10278468559865508,0.8181570392259649,0.022585509088929485,0.01640275010764035,0.040070015978810075
277,0.12378285250209599,0.7307993628350311,0.03959010992515262,0.04569439205873918,0.06013328267898098
278,0.20822886944554844,0.6015933653986854,0.016380533950922406,0.02984077726023469,0.14395645394460924
279,0.2352016336273006,0.6214265880471446,0.003951282846452008,0.027155144727069983,0.11226535075203284
280,0.15926094998146714,0.6816915638827348,0.021844397356446648,0.032218937280297316,0.10498415149905413
281,0.2224620556852959,0.6465937082402367,0.0147381880752098,0.03653893284412833,0.07966711515512939
282,0.11119925941609769,0.7783935190389303,0.027227981454181076,0.0181725058144469,0.06500673427634401
283,0.08234369808132931,0.8041903644856738,0.004822175082125761,0.01970455584030146,0.0889392065105696
284,0.05802926181405501,0.8628017686856815,0.010641322318790458,0.00968752062955217,0.05884012655192105
285,0.10335102941511136,0.7211030110603792,0.01396256936649195,0.016261441487716095,0.14532194867030135
286,0.06879375847228698,0.7821435875261044,0.031113195533397562,0.015280485441485935,0.10266897302672501
287,0.025747590237156247,0.047897682662183826,0.0020690850304998223,0.002037612073003749,0.9222480299971563
288,0.2204624303742317,0.1740975493631494,0.0011224487083561416,0.0033009825498860577,0.6010165890043766
289,0.12339081647660535,0.8028884589735944,0.008100854265768336,0.0009857182536554695,0.06463415203037648
290,0.20623098911330168,0.630481894054461,0.005540726003614092,0.0026572557861077,0.15508913504251554
291,0.1488901376548634,0.7476203400006215,0.006083537780136228,0.007754291570257639,0.08965169299412139
292,0.08720165621395527,0.8633862617701057,0.011883331868978901,0.00830525961074709,0.02922349053621305
293,0.10112107094584306,0.8563207151977407,0.01135320751099457,0.008592070949369821,0.022612935396051945
294,0.06837735453664738,0.8679256678606687,0.012363570790229816,0.014019042190355657,0.03731436462209866
295,0.07582024887597588,0.8694443379676434,0.011475239059277692,0.016990179385080215,0.026269994712022834
296,0.09232891069580097,0.8527278008725013,0.017749600335255612,0.015317720333759504,0.021875967762682517
297,0.14163717348220287,0.6672349592829246,0.00567994160616759,0.047463442539081566,0.1379844830896232
298,0.08791451776832908,0.822049720238474,0.012913346149858852,0.018355004828900554,0.058767411014437436
299,0.040671040119714334,0.08792488092511774,0.006000121523715596,0.006522960871619776,0.8588809965598326
300,0.3267692231955814,0.28454325706242095,0.0035338447076239043,0.005637586234207566,0.37951608880016624
301,0.29270978525247376,0.2975000111270386,0.002056748017117261,0.005164746942146865,0.4025687086612235
302,0.11391168675259769,0.6013036678193969,0.004325837211052934,0.001069103688718019,0.27938970452823453
303,0.13489722956059325,0.7094828932360557,0.0036930753937192075,0.004460264254370941,0.14746653755526087
304,0.0666393751130427,0.8982918812483023,0.010796666640140017,0.0026960883018877627,0.02157598869662756
305,0.1096451140342128,0.806355600978034,0.012668907301888402,0.010796202380891635,0.0605341753049731
306,0.0659449668523727,0.8989806283843554,0.009247136642659389,0.007378462028496862,0.018448806092115487
307,0.09161578396674319,0.8462678832076327,0.01543355520861106,0.022264191421678264,0.024418586195334907
308,0.062200730235773175,0.8555915592339255,0.023224340247377562,0.03150217028540126,0.027481199997522545
309,0.0844049917976307,0.7733892174648751,0.023948570849649038,0.060082297184887314,0.05817492270295793
310,0.17065629303936197,0.5305327743333799,0.014727066280428185,0.12554587339966974,0.15853799294716023
311,0.056754117113490536,0.7857898409392715,0.013174051105952139,0.04223940359046953,0.10204258725081611
312,0.12017427361868034,0.7001379760746873,0.02215832539696289,0.03431507336484798,0.1232143515448216
313,0.11824177057279202,0.7510408976535846,0.017604671051399016,0.04520104227077477,0.06791161845144957
314,0.13359241978956443,0.7253746199942944,0.0165425937832336,0.0682862408861951,0.05620412554671239
315,0.13198323581067076,0.7490345580862312,0.021233308210323133,0.0435394925351786,0.054209405357596274
316,0.0808863723737381,0.699988319837388,0.01769605821955263,0.019169280872374544,0.18225996869694677
317,0.05152250987330905,0.8786109443299758,0.020400407298512113,0.01094177209493114,0.038524366403271955
318,0.027579538512410903,0.7082842342195582,0.04274709669914459,0.015672151460702367,0.2057169791081841
319,0.035245707873953966,0.8744442143716934,0.030569488082136206,0.006398383027647374,0.05334220664456913
320,0.07948457767749352,0.6886953227311733,0.024710706640909564,0.02567655643693884,0.18143283651348488
321,0.11189719075802099,0.7643778544168568,0.01574334260022179,0.015671341404372974,0.09231027082052742
322,0.09222834647165047,0.8262811899361684,0.030019998647869174,0.021719879499237392,0.029750585445074636
323,0.08756157772704598,0.7401927424964785,0.029755235271526414,0.006672508105693735,0.13581793639925524
324,0.1183622249824019,0.7148256139334042,0.027461652925239048,0.027626232246974785,0.11172427591198013
325,0.12018071673092998,0.6876397060445355,0.024032608761321565,0.032780884584677254,0.13536608387853574
326,0.10522531932570765,0.6932836757851195,0.015289873423566455,0.018025687649874597,0.16817544381573193
327,0.06093715300188609,0.6789339521896179,0.053824220164278444,0.014643416826071835,0.19166125781814564
328,0.11244964925610405,0.7306271432379068,0.021298695394805618,0.01737532963171572,0.11824918247946793
329,0.13762451897337763,0.5586724788535978,0.013346924262114696,0.01910500272534103,0.2712510751855689
330,0.07106446953240558,0.8234618846022949,0.039350326972159386,0.00827570058699041,0.057847618306149776
331,0.10714884370166632,0.7117227116971213,0.015775027552666427,0.011753983249393191,0.1535994337991528
332,0.0827561907975235,0.5760653302996303,0.04624396381646627,0.017883242398894213,0.2770512726874858
333,0.09511485832360311,0.706471582623212,0.026350268900422327,0.01753332921288941,0.15452996093987303
334,0.14637571924655296,0.6073482671829036,0.04684298498327207,0.027695979806684472,0.171737048780587
335,0.13840805391674085,0.6484974632053803,0.0206109678159017,0.05116970095792344,0.14131381410405372
336,0.17247382695173966,0.5076106476790836,0.038621614781329625,0.05333298954474606,0.227960921043101
337,0.2217700078997286,0.2722024472132723,0.015650351553221316,0.05727143046175555,0.4331057628720222
338,0.20670556604761828,0.47959384721804127,0.02877098894438658,0.04789270838886574,0.23703688940108816
339,0.16871121187866261,0.5200098434657003,0.0428332746088542,0.058131185917567885,0.21031448412921502
340,0.10946988867863112,0.5659798520757738,0.02863786084045845,0.01938154151556066,0.2765308568895759
341,0.09497465836851661,0.2799127032717408,0.016353147741205224,0.02272895331815718,0.5860305373003802
342,0.11981806885322342,0.46384208578589925,0.01579357026534766,0.014782071962527671,0.3857642031330019
343,0.1426125788945937,0.6765875909373597,0.033653327050068384,0.01984495488500041,0.12730154823297773
344,0.19928501378867083,0.5385954366048865,0.04616700414382225,0.039945612667212305,0.17600693279540802
345,0.16921884251847596,0.6056696264740445,0.011932505515861258,0.028630190608745373,0.18454883488287277
346,0.10451699501424892,0.5573350562681937,0.02310047459494954,0.024345749927812507,0.29070172419479534
347,0.0986592232357003,0.6749758849708251,0.036397312671611705,0.0175478590832418,0.17241972003862105
348,0.09515237895085873,0.45353622700676394,0.025574518022900825,0.03235109763971838,0.3933857783797581
349,0.11101255807258277,0.4899914445085993,0.040787426673697544,0.014215409080828648,0.3439931616642918
350,0.08821873192574059,0.22333032720609755,0.021057088108439627,0.0358661543720572,0.631527698387665
351,0.11646744374559241,0.3969697752381332,0.024241796190478497,0.03538098335221698,0.4269400014735789
352,0.050621794030971085,0.4004795545232762,0.052072760019349865,0.019350226261970593,0.4774756651644323
353,0.07500155165713329,0.19657182620672956,0.01992307851302352,0.06200043694209032,0.6465031066810234
354,0.010811869900936806,0.04608010100046887,0.0028811540754789216,0.005036858397688668,0.9351900166254267
355,0.2678938220345896,0.19360041297299374,0.0005968713790237528,0.024284385037205182,0.5136245085761878
356,0.183879085108036,0.2690597993123898,0.005923554052658364,0.010373291259602749,0.530764270267313
357,0.31773413410236034,0.24804139191418934,0.01620429635098283,0.021094279093790032,0.3969258985386776
358,0.31167066887600714,0.4022321863369415,0.03258287604118745,0.04681752689079321,0.2066967418550708
359,0.059524070990077345,0.6324877555459326,0.0237049555138965,0.035239196767950814,0.24904402118214275
360,0.07191002564604912,0.44281349702375916,0.006888567156153192,0.04633807661402607,0.4320498335600125
361,0.07659302921565916,0.6396632188805891,0.012578753800623609,0.03440561743506483,0.23675938066806332
362,0.0918122317706143,0.7645278212981479,0.004907580148467525,0.017309139147605353,0.12144322763516506
363,0.07398737211243359,0.7112641266086347,0.02160485594742469,0.02599400261280239,0.1671496427187045
364,0.10771871319161304,0.6369268312619275,0.0199880976865645,0.09313189982014627,0.1422344580397487
365,0.11800390896423094,0.6728325602876057,0.01587545126842978,0.05393563832857213,0.1393524411511612
366,0.12464781496074567,0.5206669702613316,0.012065829640689594,0.028808434344488768,0.3138109507927444
367,0.0825353715493969,0.7006670295704287,0.034868446720960525,0.03569257347367032,0.1462365786855436
368,0.09229191851382489,0.6911599893913085,0.007787903537091094,0.018939488474008986,0.18982070008376664
369,0.12897418994064203,0.5971777725903338,0.025538574100319917,0.029892467236022967,0.21841699613268145
370,0.15499576131676912,0.5360146512529852,0.021727184036627795,0.056965720061446234,0.23029668333217165
371,0.11594153535608531,0.709978476320213,0.016047641572003273,0.023942629530581416,0.13408971722111707
372,0.1455026865117785,0.6794923815239127,0.028316335008258663,0.04065062860636189,0.10603796834968826
373,0.20512683223324343,0.6514624760950132,0.01370904332266008,0.043650064589231374,0.08605158375985197
374,0.11585548754601989,0.6240168708125271,0.025394213231055802,0.0408209242290973,0.19391250418129993
375,0.10168192543117102,0.40839227951109147,0.025204541689092367,0.04881387357850879,0.4159073797901364
376,0.09710779079705524,0.6072939134030229,0.005595679715071294,0.019321788768122142,0.27068082731672843
377,0.13049997742565073,0.7021733878069744,0.012272537873410346,0.019435389761325486,0.1356187071326392
378,0.14649183553241193,0.6872717474907464,0.026285228296301415,0.05116526735375781,0.08878592132678251
379,0.07823775693599193,0.7158716907233711,0.03280638516982234,0.018179376952882485,0.1549047902179321
380,0.09675339183352961,0.6820832522377268,0.029923918433680315,0.053746606129314,0.13749283136574933
381,0.13345967317145413,0.6428297145639291,0.019604806432508608,0.06748748529539864,0.1366183205367093
382,0.10770595084795317,0.6927148459906746,0.013261264665022355,0.044064578199521705,0.14225336029682814
